TRBV7-9,TRBJ2-1,ASSLVIVQNSYNEQF,1
TRBV7-9,TRBJ2-1,ASSLVIWASGANNEQF,1
TRBV7-9,TRBJ2-1,ASSLVIWASYNEQF,1
TRBV7-9,TRBJ2-1,ASSLVIWGNEQF,8
TRBV7-9,TRBJ2-1,ASSLVIWTGNNEQF,4
TRBV7-9,TRBJ2-1,ASSLVIYEQF,3
TRBV7-9,TRBJ2-1,ASSLVIYNEQF,6
TRBV7-9,TRBJ2-1,ASSLVKAADNEQF,1
TRBV7-9,TRBJ2-1,ASSLVKAAYNEQF,1
TRBV7-9,TRBJ2-1,ASSLVKADSRNEQF,1
TRBV7-9,TRBJ2-1,ASSLVKADYNEQF,1
TRBV7-9,TRBJ2-1,ASSLVKAFYNKQF,1
TRBV7-9,TRBJ2-1,ASSLVKAGADEQF,5
TRBV7-9,TRBJ2-1,ASSLVKAGDYNEQF,1
TRBV7-9,TRBJ2-1,ASSLVKAGGGEQF,1
TRBV7-9,TRBJ2-1,ASSLVKAGGINEQF,1
TRBV7-9,TRBJ2-1,ASSLVKAGTGANEQF,1
TRBV7-9,TRBJ2-1,ASSLVKAGVGNEQF,1
TRBV7-9,TRBJ2-1,ASSLVKAGWNNEQF,1
TRBV7-9,TRBJ2-1,ASSLVKANEQF,1
TRBV7-9,TRBJ2-1,ASSLVKAPLNNEQF,1
TRBV7-9,TRBJ2-1,ASSLVKASGAQLNEQF,1
TRBV7-9,TRBJ2-1,ASSLVKASKYNEQF,1
TRBV7-9,TRBJ2-1,ASSLVKAYEQF,1
TRBV7-9,TRBJ2-1,ASSLVKAYNEQF,2
TRBV7-9,TRBJ2-1,ASSLVKDAYNAQF,2
TRBV7-9,TRBJ2-1,ASSLVKDAYNDNF,1
TRBV7-9,TRBJ2-1,ASSLVKDAYNDQF,2
TRBV7-9,TRBJ2-1,ASSLVKDAYNDQS,1
TRBV7-9,TRBJ2-1,ASSLVKDAYNEHF,1
TRBV7-9,TRBJ2-1,ASSLVKDAYNEHV,2
TRBV7-9,TRBJ2-1,ASSLVKDAYNEQF,6
TRBV7-9,TRBJ2-1,ASSLVKDAYNEQV,2
TRBV7-9,TRBJ2-1,ASSLVKDAYNKKF,1
TRBV7-9,TRBJ2-1,ASSLVKDAYNKQF,2
TRBV7-9,TRBJ2-1,ASSLVKDAYNVQF,1
TRBV7-9,TRBJ2-1,ASSLVKDDYHEQS,1
TRBV7-9,TRBJ2-1,ASSLVKDEQF,1
TRBV7-9,TRBJ2-1,ASSLVKDGHNEQF,1
TRBV7-9,TRBJ2-1,ASSLVKDRDNEQF,1
TRBV7-9,TRBJ2-1,ASSLVKDRFPNEQF,1
TRBV7-9,TRBJ2-1,ASSLVKDSYNEHF,1
TRBV7-9,TRBJ2-1,ASSLVKDVYNEQF,1
TRBV7-9,TRBJ2-1,ASSLVKDYYNEQF,1
TRBV7-9,TRBJ2-1,ASSLVKEADNEQF,1
TRBV7-9,TRBJ2-1,ASSLVKEAENEQF,1
TRBV7-9,TRBJ2-1,ASSLVKEAHNDQV,1
TRBV7-9,TRBJ2-1,ASSLVKEAHNEQF,1
TRBV7-9,TRBJ2-1,ASSLVKEAKNEHF,1
TRBV7-9,TRBJ2-1,ASSLVKEAQNEQF,1
TRBV7-9,TRBJ2-1,ASSLVKEASNAQF,1
TRBV7-9,TRBJ2-1,ASSLVKEASNEQF,1
TRBV7-9,TRBJ2-1,ASSLVKEAYDDQF,1
TRBV7-9,TRBJ2-1,ASSLVKEAYDEQF,1
TRBV7-9,TRBJ2-1,ASSLVKEAYHAQF,1
TRBV7-9,TRBJ2-1,ASSLVKEAYHEKF,1
TRBV7-9,TRBJ2-1,ASSLVKEAYHEPA,1
TRBV7-9,TRBJ2-1,ASSLVKEAYHEQF,2
TRBV7-9,TRBJ2-1,ASSLVKEAYHEQV,2
TRBV7-9,TRBJ2-1,ASSLVKEAYIEQF,1
TRBV7-9,TRBJ2-1,ASSLVKEAYIEQV,1
TRBV7-9,TRBJ2-1,ASSLVKEAYKEQF,1
TRBV7-9,TRBJ2-1,ASSLVKEAYNAQF,8
TRBV7-9,TRBJ2-1,ASSLVKEAYNDQF,6
TRBV7-9,TRBJ2-1,ASSLVKEAYNDQV,1
TRBV7-9,TRBJ2-1,ASSLVKEAYNEHF,5
TRBV7-9,TRBJ2-1,ASSLVKEAYNEHV,1
TRBV7-9,TRBJ2-1,ASSLVKEAYNEKF,9
TRBV7-9,TRBJ2-1,ASSLVKEAYNEKL,1
TRBV7-9,TRBJ2-1,ASSLVKEAYNELF,1
TRBV7-9,TRBJ2-1,ASSLVKEAYNENF,1
TRBV7-9,TRBJ2-1,ASSLVKEAYNENV,1
TRBV7-9,TRBJ2-1,ASSLVKEAYNEPF,3
TRBV7-9,TRBJ2-1,ASSLVKEAYNEQC,1
TRBV7-9,TRBJ2-1,ASSLVKEAYNEQF,124
TRBV7-9,TRBJ2-1,ASSLVKEAYNEQL,1
TRBV7-9,TRBJ2-1,ASSLVKEAYNEQS,1
TRBV7-9,TRBJ2-1,ASSLVKEAYNEQV,7
TRBV7-9,TRBJ2-1,ASSLVKEAYNEQY,1
TRBV7-9,TRBJ2-1,ASSLVKEAYNGQY,1
TRBV7-9,TRBJ2-1,ASSLVKEAYNKHF,1
TRBV7-9,TRBJ2-1,ASSLVKEAYNKLF,1
TRBV7-9,TRBJ2-1,ASSLVKEAYNKPF,1
TRBV7-9,TRBJ2-1,ASSLVKEAYNKQF,5
TRBV7-9,TRBJ2-1,ASSLVKEAYNMQF,1
TRBV7-9,TRBJ2-1,ASSLVKEAYNQQF,2
TRBV7-9,TRBJ2-1,ASSLVKEAYNVKV,1
TRBV7-9,TRBJ2-1,ASSLVKEAYNVQF,2
TRBV7-9,TRBJ2-1,ASSLVKEAYTEQF,1
TRBV7-9,TRBJ2-1,ASSLVKEAYYDPV,1
TRBV7-9,TRBJ2-1,ASSLVKEAYYEQF,2
TRBV7-9,TRBJ2-1,ASSLVKEDYNAQF,1
TRBV7-9,TRBJ2-1,ASSLVKEDYNEQF,5
TRBV7-9,TRBJ2-1,ASSLVKEDYNEQL,1
TRBV7-9,TRBJ2-1,ASSLVKEDYTAPF,1
TRBV7-9,TRBJ2-1,ASSLVKEFYNVQV,1
TRBV7-9,TRBJ2-1,ASSLVKEGNEQF,3
TRBV7-9,TRBJ2-1,ASSLVKEGYNEQF,1
TRBV7-9,TRBJ2-1,ASSLVKEGYNVQF,1
TRBV7-9,TRBJ2-1,ASSLVKESHNEHF,1
TRBV7-9,TRBJ2-1,ASSLVKESYHEQF,1
TRBV7-9,TRBJ2-1,ASSLVKESYNDQF,1
TRBV7-9,TRBJ2-1,ASSLVKESYNEHF,2
TRBV7-9,TRBJ2-1,ASSLVKESYNEKF,1
TRBV7-9,TRBJ2-1,ASSLVKESYNEQF,12
TRBV7-9,TRBJ2-1,ASSLVKESYNEQV,1
TRBV7-9,TRBJ2-1,ASSLVKESYNEQY,1
TRBV7-9,TRBJ2-1,ASSLVKESYNKQF,1
TRBV7-9,TRBJ2-1,ASSLVKESYNVHF,1
TRBV7-9,TRBJ2-1,ASSLVKESYNVQF,1
TRBV7-9,TRBJ2-1,ASSLVKESYTAQF,1
TRBV7-9,TRBJ2-1,ASSLVKETSAENEQF,1
TRBV7-9,TRBJ2-1,ASSLVKETYNEQF,1
TRBV7-9,TRBJ2-1,ASSLVKEVYNAQF,1
TRBV7-9,TRBJ2-1,ASSLVKEVYNEQF,1
TRBV7-9,TRBJ2-1,ASSLVKGAFNEQF,14
TRBV7-9,TRBJ2-1,ASSLVKGANNEQF,1
TRBV7-9,TRBJ2-1,ASSLVKGASSYNEQF,1
TRBV7-9,TRBJ2-1,ASSLVKGATYNEQF,1
TRBV7-9,TRBJ2-1,ASSLVKGAYNEQF,4
TRBV7-9,TRBJ2-1,ASSLVKGDEQF,1
TRBV7-9,TRBJ2-1,ASSLVKGDHYNEQF,2
TRBV7-9,TRBJ2-1,ASSLVKGEDEQF,4
TRBV7-9,TRBJ2-1,ASSLVKGEGYNEQF,1
TRBV7-9,TRBJ2-1,ASSLVKGEQF,12
TRBV7-9,TRBJ2-1,ASSLVKGESSYNEQF,18
TRBV7-9,TRBJ2-1,ASSLVKGEYYGQS,1
TRBV7-9,TRBJ2-1,ASSLVKGFSYNEQF,1
TRBV7-9,TRBJ2-1,ASSLVKGGDSYNEQF,1
TRBV7-9,TRBJ2-1,ASSLVKGGEVHEQF,1
TRBV7-9,TRBJ2-1,ASSLVKGGHYNAQF,1
TRBV7-9,TRBJ2-1,ASSLVKGGHYNEQF,28
TRBV7-9,TRBJ2-1,ASSLVKGGHYNVQF,1
TRBV7-9,TRBJ2-1,ASSLVKGGPNEDF,1
TRBV7-9,TRBJ2-1,ASSLVKGGPNEQF,1
TRBV7-9,TRBJ2-1,ASSLVKGGRNIPNEQF,1
TRBV7-9,TRBJ2-1,ASSLVKGGYNEQF,1
TRBV7-9,TRBJ2-1,ASSLVKGIYNEQF,1
TRBV7-9,TRBJ2-1,ASSLVKGLAHNEQF,1
TRBV7-9,TRBJ2-1,ASSLVKGLDEQF,1
TRBV7-9,TRBJ2-1,ASSLVKGLDNEQF,7
TRBV7-9,TRBJ2-1,ASSLVKGLGYNEQF,1
TRBV7-9,TRBJ2-1,ASSLVKGLRTTGNEQF,1
TRBV7-9,TRBJ2-1,ASSLVKGNKNNEQF,1
TRBV7-9,TRBJ2-1,ASSLVKGNNEQF,1
TRBV7-9,TRBJ2-1,ASSLVKGNNNEQF,1
TRBV7-9,TRBJ2-1,ASSLVKGPEQF,13
TRBV7-9,TRBJ2-1,ASSLVKGPYNEQF,2
TRBV7-9,TRBJ2-1,ASSLVKGQGIHNEQF,1
TRBV7-9,TRBJ2-1,ASSLVKGQGYNEQF,1
TRBV7-9,TRBJ2-1,ASSLVKGQNEQF,1
TRBV7-9,TRBJ2-1,ASSLVKGQVNEQF,2
TRBV7-9,TRBJ2-1,ASSLVKGRDEQF,2
TRBV7-9,TRBJ2-1,ASSLVKGRDNEQF,1
TRBV7-9,TRBJ2-1,ASSLVKGRQGLNEQF,1
TRBV7-9,TRBJ2-1,ASSLVKGRSYNEQF,1
TRBV7-9,TRBJ2-1,ASSLVKGSGRDNEQF,1
TRBV7-9,TRBJ2-1,ASSLVKGSHEQF,1
TRBV7-9,TRBJ2-1,ASSLVKGSHYNEQF,1
TRBV7-9,TRBJ2-1,ASSLVKGSSSSYNEQF,1
TRBV7-9,TRBJ2-1,ASSLVKGSWDEQF,1
TRBV7-9,TRBJ2-1,ASSLVKGSYNEQF,2
TRBV7-9,TRBJ2-1,ASSLVKGTANNEQF,1
TRBV7-9,TRBJ2-1,ASSLVKGTRYNEQF,1
TRBV7-9,TRBJ2-1,ASSLVKGTYNEQF,1
TRBV7-9,TRBJ2-1,ASSLVKGVGSYNEQF,1
TRBV7-9,TRBJ2-1,ASSLVKGVGYNEQF,1
TRBV7-9,TRBJ2-1,ASSLVKGVLYNEQF,1
TRBV7-9,TRBJ2-1,ASSLVKGVNEQF,1
TRBV7-9,TRBJ2-1,ASSLVKGVRYNDQF,1
TRBV7-9,TRBJ2-1,ASSLVKGVRYNEQF,10
TRBV7-9,TRBJ2-1,ASSLVKGVSSYNEQF,1
TRBV7-9,TRBJ2-1,ASSLVKGYNEQF,5
TRBV7-9,TRBJ2-1,ASSLVKHYNEQF,1
TRBV7-9,TRBJ2-1,ASSLVKIAGRAYNEQF,1
TRBV7-9,TRBJ2-1,ASSLVKIGVDEQF,1
TRBV7-9,TRBJ2-1,ASSLVKKAYNEQF,2
TRBV7-9,TRBJ2-1,ASSLVKKISGGPDNEQF,4
TRBV7-9,TRBJ2-1,ASSLVKLADNEQF,1
TRBV7-9,TRBJ2-1,ASSLVKLAGGPSYNEQF,1
TRBV7-9,TRBJ2-1,ASSLVKLAGPSSYNEQF,2
TRBV7-9,TRBJ2-1,ASSLVKLAGVDNEQF,1
TRBV7-9,TRBJ2-1,ASSLVKLDDNEQF,2
TRBV7-9,TRBJ2-1,ASSLVKLDNEQF,1
TRBV7-9,TRBJ2-1,ASSLVKLGLDEQF,6
TRBV7-9,TRBJ2-1,ASSLVKLLGSYNEQF,1
TRBV7-9,TRBJ2-1,ASSLVKLNRLRDEQF,1
TRBV7-9,TRBJ2-1,ASSLVKLTGGSYNEQF,1
TRBV7-9,TRBJ2-1,ASSLVKMGNEQF,1
TRBV7-9,TRBJ2-1,ASSLVKMLWGNEQF,1
TRBV7-9,TRBJ2-1,ASSLVKNEQF,19
TRBV7-9,TRBJ2-1,ASSLVKNNEQF,11
TRBV7-9,TRBJ2-1,ASSLVKNTSNEQF,1
TRBV7-9,TRBJ2-1,ASSLVKPAESYNEQF,1
TRBV7-9,TRBJ2-1,ASSLVKPGGGGEQF,3
TRBV7-9,TRBJ2-1,ASSLVKPSGSYEQF,1
TRBV7-9,TRBJ2-1,ASSLVKPYNEQF,1
TRBV7-9,TRBJ2-1,ASSLVKQGNEQF,12
TRBV7-9,TRBJ2-1,ASSLVKQLTSSYNEQF,1
TRBV7-9,TRBJ2-1,ASSLVKQNNEQF,2
TRBV7-9,TRBJ2-1,ASSLVKRAYPGSYNEQF,1
TRBV7-9,TRBJ2-1,ASSLVKRDEQF,1
TRBV7-9,TRBJ2-1,ASSLVKRDRGNEQF,7
TRBV7-9,TRBJ2-1,ASSLVKREINEQF,6
TRBV7-9,TRBJ2-1,ASSLVKRGNEQF,6
TRBV7-9,TRBJ2-1,ASSLVKRGRSNEQF,13
TRBV7-9,TRBJ2-1,ASSLVKRGRSYNEQF,1
TRBV7-9,TRBJ2-1,ASSLVKRLARSNEQF,1
TRBV7-9,TRBJ2-1,ASSLVKRRAYEQF,4
TRBV7-9,TRBJ2-1,ASSLVKRRDAVDNEQF,1
TRBV7-9,TRBJ2-1,ASSLVKRSYNEQF,1
TRBV7-9,TRBJ2-1,ASSLVKRTVLDEQF,1
TRBV7-9,TRBJ2-1,ASSLVKSGGNEQF,1
TRBV7-9,TRBJ2-1,ASSLVKSGSTSGDEQF,1
TRBV7-9,TRBJ2-1,ASSLVKSPSYNEQF,3
TRBV7-9,TRBJ2-1,ASSLVKSRYNEQF,1
TRBV7-9,TRBJ2-1,ASSLVKSSYNEQF,7
TRBV7-9,TRBJ2-1,ASSLVKSVNYNEQF,1
TRBV7-9,TRBJ2-1,ASSLVKTLYNEQF,1
TRBV7-9,TRBJ2-1,ASSLVKTRTGAYNEQF,1
TRBV7-9,TRBJ2-1,ASSLVKTSGSFDNEQF,1
TRBV7-9,TRBJ2-1,ASSLVKTSGTDNEQF,1
TRBV7-9,TRBJ2-1,ASSLVKVAYIEQF,1
TRBV7-9,TRBJ2-1,ASSLVKVAYNEKF,1
TRBV7-9,TRBJ2-1,ASSLVKVAYNEQF,3
TRBV7-9,TRBJ2-1,ASSLVKVAYNVQF,1
TRBV7-9,TRBJ2-1,ASSLVKVDEQF,1
TRBV7-9,TRBJ2-1,ASSLVKVGGVNEQF,1
TRBV7-9,TRBJ2-1,ASSLVKVGRAGYNEQF,1
TRBV7-9,TRBJ2-1,ASSLVKVGYNEQF,1
TRBV7-9,TRBJ2-1,ASSLVKVHSYNEQF,1
TRBV7-9,TRBJ2-1,ASSLVKVIQRSSYNEQF,1
TRBV7-9,TRBJ2-1,ASSLVKVNEQF,7
TRBV7-9,TRBJ2-1,ASSLVKVPYNEQF,1
TRBV7-9,TRBJ2-1,ASSLVKVRGSVRNEQF,1
TRBV7-9,TRBJ2-1,ASSLVKVSHNEQF,1
TRBV7-9,TRBJ2-1,ASSLVKVSYNEQF,3
TRBV7-9,TRBJ2-1,ASSLVKVWKGGSYNEQF,1
TRBV7-9,TRBJ2-1,ASSLVKVYVDEQF,1
TRBV7-9,TRBJ2-1,ASSLVKWGAGNEQF,1
TRBV7-9,TRBJ2-1,ASSLVKWTNNEQF,1
TRBV7-9,TRBJ2-1,ASSLVKWTSGFDDEQF,1
TRBV7-9,TRBJ2-1,ASSLVKYGTPNEQF,1
TRBV7-9,TRBJ2-1,ASSLVKYNEQF,23
TRBV7-9,TRBJ2-1,ASSLVLAAAFNEQF,1
TRBV7-9,TRBJ2-1,ASSLVLAAANEQF,1
TRBV7-9,TRBJ2-1,ASSLVLAAAVEQF,5
TRBV7-9,TRBJ2-1,ASSLVLAADEQF,1
TRBV7-9,TRBJ2-1,ASSLVLAADKEQF,1
TRBV7-9,TRBJ2-1,ASSLVLAADNEQF,2
TRBV7-9,TRBJ2-1,ASSLVLAADYEQF,1
TRBV7-9,TRBJ2-1,ASSLVLAAEYNEQF,9
TRBV7-9,TRBJ2-1,ASSLVLAAFNEQF,1
TRBV7-9,TRBJ2-1,ASSLVLAAFSYNEQF,1
TRBV7-9,TRBJ2-1,ASSLVLAAGAKNEQF,1
TRBV7-9,TRBJ2-1,ASSLVLAAGNEQF,1
TRBV7-9,TRBJ2-1,ASSLVLAAHNEQF,1
TRBV7-9,TRBJ2-1,ASSLVLAANEQF,3
TRBV7-9,TRBJ2-1,ASSLVLAANTNEQF,13
TRBV7-9,TRBJ2-1,ASSLVLAASNAQV,1
TRBV7-9,TRBJ2-1,ASSLVLAASNEQF,1
TRBV7-9,TRBJ2-1,ASSLVLAASYNEQF,2
TRBV7-9,TRBJ2-1,ASSLVLAAVVNEQF,1
TRBV7-9,TRBJ2-1,ASSLVLAAWDEQF,1
TRBV7-9,TRBJ2-1,ASSLVLAAYDEQF,1
TRBV7-9,TRBJ2-1,ASSLVLAAYHEHS,1
TRBV7-9,TRBJ2-1,ASSLVLAAYIAPF,1
TRBV7-9,TRBJ2-1,ASSLVLAAYKAQF,1
TRBV7-9,TRBJ2-1,ASSLVLAAYKEQF,1
TRBV7-9,TRBJ2-1,ASSLVLAAYNDQF,2
TRBV7-9,TRBJ2-1,ASSLVLAAYNEEF,1
TRBV7-9,TRBJ2-1,ASSLVLAAYNEHF,1
TRBV7-9,TRBJ2-1,ASSLVLAAYNEQF,71
TRBV7-9,TRBJ2-1,ASSLVLAAYNEQV,1
TRBV7-9,TRBJ2-1,ASSLVLAAYNKQF,2
TRBV7-9,TRBJ2-1,ASSLVLAAYNQQF,2
TRBV7-9,TRBJ2-1,ASSLVLAAYNVLF,1
TRBV7-9,TRBJ2-1,ASSLVLAAYTNEQF,1
TRBV7-9,TRBJ2-1,ASSLVLADDRVNEQF,9
TRBV7-9,TRBJ2-1,ASSLVLADEQF,27
TRBV7-9,TRBJ2-1,ASSLVLADFNEKF,1
TRBV7-9,TRBJ2-1,ASSLVLADFNEQF,3
TRBV7-9,TRBJ2-1,ASSLVLADHNEQF,17
TRBV7-9,TRBJ2-1,ASSLVLADKDEQF,1
TRBV7-9,TRBJ2-1,ASSLVLADLYNEQF,1
TRBV7-9,TRBJ2-1,ASSLVLADNEQF,18
TRBV7-9,TRBJ2-1,ASSLVLADNNEQF,1
TRBV7-9,TRBJ2-1,ASSLVLADSGNEQF,1
TRBV7-9,TRBJ2-1,ASSLVLADSNEQF,1
TRBV7-9,TRBJ2-1,ASSLVLADSSYNEQF,1
TRBV7-9,TRBJ2-1,ASSLVLADSYNEQF,7
TRBV7-9,TRBJ2-1,ASSLVLADVYEQF,1
TRBV7-9,TRBJ2-1,ASSLVLADYKEQF,1
TRBV7-9,TRBJ2-1,ASSLVLADYNEHF,1
TRBV7-9,TRBJ2-1,ASSLVLADYNEQF,43
TRBV7-9,TRBJ2-1,ASSLVLADYNEQY,1
TRBV7-9,TRBJ2-1,ASSLVLAEASGDEQF,1
TRBV7-9,TRBJ2-1,ASSLVLAEAYNEQF,5
TRBV7-9,TRBJ2-1,ASSLVLAEDEQF,1
TRBV7-9,TRBJ2-1,ASSLVLAEDNEQF,3
TRBV7-9,TRBJ2-1,ASSLVLAEEQF,11
TRBV7-9,TRBJ2-1,ASSLVLAEGNEQF,2
TRBV7-9,TRBJ2-1,ASSLVLAEGYEQF,1
TRBV7-9,TRBJ2-1,ASSLVLAEHNEQF,1
TRBV7-9,TRBJ2-1,ASSLVLAEIYNEQF,2
TRBV7-9,TRBJ2-1,ASSLVLAENNEQF,2
TRBV7-9,TRBJ2-1,ASSLVLAENSYNEQF,2
TRBV7-9,TRBJ2-1,ASSLVLAENYNEQF,1
TRBV7-9,TRBJ2-1,ASSLVLAEQF,3
TRBV7-9,TRBJ2-1,ASSLVLAEWNEQF,1
TRBV7-9,TRBJ2-1,ASSLVLAEYNEQF,20
TRBV7-9,TRBJ2-1,ASSLVLAFPYNEQF,1
TRBV7-9,TRBJ2-1,ASSLVLAFRDEQF,11
TRBV7-9,TRBJ2-1,ASSLVLAGAADDQF,1
TRBV7-9,TRBJ2-1,ASSLVLAGAANEQF,1
TRBV7-9,TRBJ2-1,ASSLVLAGADEQF,4
TRBV7-9,TRBJ2-1,ASSLVLAGADGEQF,5
TRBV7-9,TRBJ2-1,ASSLVLAGADVKF,3
TRBV7-9,TRBJ2-1,ASSLVLAGAGDEQF,2
TRBV7-9,TRBJ2-1,ASSLVLAGAGEQF,10
TRBV7-9,TRBJ2-1,ASSLVLAGAGNEQF,14
TRBV7-9,TRBJ2-1,ASSLVLAGAHEQF,11
TRBV7-9,TRBJ2-1,ASSLVLAGAHNEQF,7
TRBV7-9,TRBJ2-1,ASSLVLAGAIEQF,9
TRBV7-9,TRBJ2-1,ASSLVLAGAIGYNEQF,1
TRBV7-9,TRBJ2-1,ASSLVLAGALLNEQF,1
TRBV7-9,TRBJ2-1,ASSLVLAGALPANEQF,1
TRBV7-9,TRBJ2-1,ASSLVLAGALSYNEQF,1
TRBV7-9,TRBJ2-1,ASSLVLAGANEQF,22
TRBV7-9,TRBJ2-1,ASSLVLAGAPNEQF,3
TRBV7-9,TRBJ2-1,ASSLVLAGARFENEQF,1
TRBV7-9,TRBJ2-1,ASSLVLAGARNEQF,1
TRBV7-9,TRBJ2-1,ASSLVLAGASDEQF,1
TRBV7-9,TRBJ2-1,ASSLVLAGASNEQF,1
TRBV7-9,TRBJ2-1,ASSLVLAGASSYNEQF,1
TRBV7-9,TRBJ2-1,ASSLVLAGASYNEQF,20
TRBV7-9,TRBJ2-1,ASSLVLAGATNEQF,7
TRBV7-9,TRBJ2-1,ASSLVLAGAVEQF,4
TRBV7-9,TRBJ2-1,ASSLVLAGAVNEQF,11
TRBV7-9,TRBJ2-1,ASSLVLAGAWNEQF,1
TRBV7-9,TRBJ2-1,ASSLVLAGAYEQF,1
TRBV7-9,TRBJ2-1,ASSLVLAGAYNEQF,19
TRBV7-9,TRBJ2-1,ASSLVLAGDDEQF,6
TRBV7-9,TRBJ2-1,ASSLVLAGDEQF,13
TRBV7-9,TRBJ2-1,ASSLVLAGDGNEQF,1
TRBV7-9,TRBJ2-1,ASSLVLAGDHNEQF,1
TRBV7-9,TRBJ2-1,ASSLVLAGDIEQC,1
TRBV7-9,TRBJ2-1,ASSLVLAGDIEQF,24
TRBV7-9,TRBJ2-1,ASSLVLAGDLDEQF,1
TRBV7-9,TRBJ2-1,ASSLVLAGDLEQF,1
TRBV7-9,TRBJ2-1,ASSLVLAGDLNEQF,6
TRBV7-9,TRBJ2-1,ASSLVLAGDLVYEQF,1
TRBV7-9,TRBJ2-1,ASSLVLAGDNEQF,34
TRBV7-9,TRBJ2-1,ASSLVLAGDNNEQF,12
TRBV7-9,TRBJ2-1,ASSLVLAGDRRGNEQF,8
TRBV7-9,TRBJ2-1,ASSLVLAGDSTYNEQF,1
TRBV7-9,TRBJ2-1,ASSLVLAGDSYNEQF,1
TRBV7-9,TRBJ2-1,ASSLVLAGDTEQF,1
TRBV7-9,TRBJ2-1,ASSLVLAGDTNEQF,1
TRBV7-9,TRBJ2-1,ASSLVLAGDYNEQF,22
TRBV7-9,TRBJ2-1,ASSLVLAGEANEQF,15
TRBV7-9,TRBJ2-1,ASSLVLAGEANEQV,1
TRBV7-9,TRBJ2-1,ASSLVLAGEDEQF,2
TRBV7-9,TRBJ2-1,ASSLVLAGEGDEQF,1
TRBV7-9,TRBJ2-1,ASSLVLAGEGNEQF,2
TRBV7-9,TRBJ2-1,ASSLVLAGEHEQF,3
TRBV7-9,TRBJ2-1,ASSLVLAGEHNEQF,1
TRBV7-9,TRBJ2-1,ASSLVLAGEMVDEQF,1
TRBV7-9,TRBJ2-1,ASSLVLAGENEQF,8
TRBV7-9,TRBJ2-1,ASSLVLAGENKEQF,1
TRBV7-9,TRBJ2-1,ASSLVLAGENNEQF,7
TRBV7-9,TRBJ2-1,ASSLVLAGEPHNEQF,1
TRBV7-9,TRBJ2-1,ASSLVLAGEQF,14
TRBV7-9,TRBJ2-1,ASSLVLAGEQNEQF,1
TRBV7-9,TRBJ2-1,ASSLVLAGESDNEQF,1
TRBV7-9,TRBJ2-1,ASSLVLAGEVGYNEQF,1
TRBV7-9,TRBJ2-1,ASSLVLAGEVQF,5
TRBV7-9,TRBJ2-1,ASSLVLAGEWDNEQF,1
TRBV7-9,TRBJ2-1,ASSLVLAGEYMNEQF,1
TRBV7-9,TRBJ2-1,ASSLVLAGEYNEQF,13
TRBV7-9,TRBJ2-1,ASSLVLAGFHEQF,1
TRBV7-9,TRBJ2-1,ASSLVLAGFINEQF,3
TRBV7-9,TRBJ2-1,ASSLVLAGFLNEQF,1
TRBV7-9,TRBJ2-1,ASSLVLAGFNEQF,1
TRBV7-9,TRBJ2-1,ASSLVLAGFPNEQF,1
TRBV7-9,TRBJ2-1,ASSLVLAGFSYNEQF,1
TRBV7-9,TRBJ2-1,ASSLVLAGFTYNEQF,1
TRBV7-9,TRBJ2-1,ASSLVLAGFYEQF,1
TRBV7-9,TRBJ2-1,ASSLVLAGFYNEQF,1
TRBV7-9,TRBJ2-1,ASSLVLAGGAEQF,3
TRBV7-9,TRBJ2-1,ASSLVLAGGAF,7
TRBV7-9,TRBJ2-1,ASSLVLAGGDEQF,11
TRBV7-9,TRBJ2-1,ASSLVLAGGDNEQF,1
TRBV7-9,TRBJ2-1,ASSLVLAGGEGANEQF,1
TRBV7-9,TRBJ2-1,ASSLVLAGGENEQF,1
TRBV7-9,TRBJ2-1,ASSLVLAGGEQF,29
TRBV7-9,TRBJ2-1,ASSLVLAGGFSDEQF,1
TRBV7-9,TRBJ2-1,ASSLVLAGGFYNEQF,1
TRBV7-9,TRBJ2-1,ASSLVLAGGGNEQF,1
TRBV7-9,TRBJ2-1,ASSLVLAGGGYNEQF,1
TRBV7-9,TRBJ2-1,ASSLVLAGGHEQF,9
TRBV7-9,TRBJ2-1,ASSLVLAGGHGNEQF,1
TRBV7-9,TRBJ2-1,ASSLVLAGGHHEQF,1
TRBV7-9,TRBJ2-1,ASSLVLAGGHNEQF,2
TRBV7-9,TRBJ2-1,ASSLVLAGGHVNEQF,1
TRBV7-9,TRBJ2-1,ASSLVLAGGI,7
TRBV7-9,TRBJ2-1,ASSLVLAGGISYNEQF,1
TRBV7-9,TRBJ2-1,ASSLVLAGGKDEQF,1
TRBV7-9,TRBJ2-1,ASSLVLAGGKSSYNEQF,1
TRBV7-9,TRBJ2-1,ASSLVLAGGLDEQF,2
TRBV7-9,TRBJ2-1,ASSLVLAGGLHYEQF,1
TRBV7-9,TRBJ2-1,ASSLVLAGGLIDEQF,1
TRBV7-9,TRBJ2-1,ASSLVLAGGLNEQF,1
TRBV7-9,TRBJ2-1,ASSLVLAGGLSSYNEQF,1
TRBV7-9,TRBJ2-1,ASSLVLAGGNEQF,32
TRBV7-9,TRBJ2-1,ASSLVLAGGNNEQF,2
TRBV7-9,TRBJ2-1,ASSLVLAGGNYNEQF,10
TRBV7-9,TRBJ2-1,ASSLVLAGGPDEQF,3
TRBV7-9,TRBJ2-1,ASSLVLAGGPDNEQF,2
TRBV7-9,TRBJ2-1,ASSLVLAGGPEDLNEQF,1
TRBV7-9,TRBJ2-1,ASSLVLAGGPGNEQF,21
TRBV7-9,TRBJ2-1,ASSLVLAGGPGYNEQF,1
TRBV7-9,TRBJ2-1,ASSLVLAGGPHEQF,9
TRBV7-9,TRBJ2-1,ASSLVLAGGPLFNEQF,1
TRBV7-9,TRBJ2-1,ASSLVLAGGPNEQF,4
TRBV7-9,TRBJ2-1,ASSLVLAGGPREQC,1
TRBV7-9,TRBJ2-1,ASSLVLAGGPREQF,22
TRBV7-9,TRBJ2-1,ASSLVLAGGPSF,11
TRBV7-9,TRBJ2-1,ASSLVLAGGPSNEQF,1
TRBV7-9,TRBJ2-1,ASSLVLAGGPSSRSEQF,10
TRBV7-9,TRBJ2-1,ASSLVLAGGPSSYNEQF,2
TRBV7-9,TRBJ2-1,ASSLVLAGGPTSNEQF,1
TRBV7-9,TRBJ2-1,ASSLVLAGGPVDEQF,1
TRBV7-9,TRBJ2-1,ASSLVLAGGPYEQF,2
TRBV7-9,TRBJ2-1,ASSLVLAGGPYNEQF,6
TRBV7-9,TRBJ2-1,ASSLVLAGGQEQF,7
TRBV7-9,TRBJ2-1,ASSLVLAGGQFNEQF,1
TRBV7-9,TRBJ2-1,ASSLVLAGGQYNEQF,1
TRBV7-9,TRBJ2-1,ASSLVLAGGRDEQF,9
TRBV7-9,TRBJ2-1,ASSLVLAGGRFNEQF,1
TRBV7-9,TRBJ2-1,ASSLVLAGGRNSYNEQF,1
TRBV7-9,TRBJ2-1,ASSLVLAGGRPNEQF,1
TRBV7-9,TRBJ2-1,ASSLVLAGGRVNEQF,6
TRBV7-9,TRBJ2-1,ASSLVLAGGRYNEQF,1
TRBV7-9,TRBJ2-1,ASSLVLAGGSGDEQF,10
TRBV7-9,TRBJ2-1,ASSLVLAGGSSSYNEQF,9
TRBV7-9,TRBJ2-1,ASSLVLAGGSSYNEQF,11
TRBV7-9,TRBJ2-1,ASSLVLAGGSYNEQF,5
TRBV7-9,TRBJ2-1,ASSLVLAGGTEQF,8
TRBV7-9,TRBJ2-1,ASSLVLAGGTRNEQF,1
TRBV7-9,TRBJ2-1,ASSLVLAGGTYNEQF,8
TRBV7-9,TRBJ2-1,ASSLVLAGGVANEQF,1
TRBV7-9,TRBJ2-1,ASSLVLAGGVDEQF,1
TRBV7-9,TRBJ2-1,ASSLVLAGGVEQF,8
TRBV7-9,TRBJ2-1,ASSLVLAGGVHNEQF,1
TRBV7-9,TRBJ2-1,ASSLVLAGGVNEQF,2
TRBV7-9,TRBJ2-1,ASSLVLAGGWNEQF,2
TRBV7-9,TRBJ2-1,ASSLVLAGGYEQF,6
TRBV7-9,TRBJ2-1,ASSLVLAGGYNEQF,17
TRBV7-9,TRBJ2-1,ASSLVLAGHNEQF,22
TRBV7-9,TRBJ2-1,ASSLVLAGHPGNNEQF,1
TRBV7-9,TRBJ2-1,ASSLVLAGIGEQF,7
TRBV7-9,TRBJ2-1,ASSLVLAGIHEQF,2
TRBV7-9,TRBJ2-1,ASSLVLAGILNEQF,17
TRBV7-9,TRBJ2-1,ASSLVLAGINEQF,1
TRBV7-9,TRBJ2-1,ASSLVLAGIPRDEQF,5
TRBV7-9,TRBJ2-1,ASSLVLAGIRNEQF,1
TRBV7-9,TRBJ2-1,ASSLVLAGISYNEQF,7
TRBV7-9,TRBJ2-1,ASSLVLAGIYEQF,15
TRBV7-9,TRBJ2-1,ASSLVLAGIYNEQF,1
TRBV7-9,TRBJ2-1,ASSLVLAGKDEQF,4
TRBV7-9,TRBJ2-1,ASSLVLAGKNEQF,15
TRBV7-9,TRBJ2-1,ASSLVLAGLDEQF,25
TRBV7-9,TRBJ2-1,ASSLVLAGLFEQF,2
TRBV7-9,TRBJ2-1,ASSLVLAGLGYNEQF,4
TRBV7-9,TRBJ2-1,ASSLVLAGLLEQF,1
TRBV7-9,TRBJ2-1,ASSLVLAGLNEQF,20
TRBV7-9,TRBJ2-1,ASSLVLAGLSSYNEQF,7
TRBV7-9,TRBJ2-1,ASSLVLAGLWNEQF,1
TRBV7-9,TRBJ2-1,ASSLVLAGLYEQF,1
TRBV7-9,TRBJ2-1,ASSLVLAGLYNEQF,3
TRBV7-9,TRBJ2-1,ASSLVLAGMDEQF,2
TRBV7-9,TRBJ2-1,ASSLVLAGMDNEQF,1
TRBV7-9,TRBJ2-1,ASSLVLAGMLRNEQF,1
TRBV7-9,TRBJ2-1,ASSLVLAGMYEQF,1
TRBV7-9,TRBJ2-1,ASSLVLAGNEQF,36
TRBV7-9,TRBJ2-1,ASSLVLAGNGNEQF,1
TRBV7-9,TRBJ2-1,ASSLVLAGNNEQF,14
TRBV7-9,TRBJ2-1,ASSLVLAGNYNEQF,1
TRBV7-9,TRBJ2-1,ASSLVLAGPDEQF,1
TRBV7-9,TRBJ2-1,ASSLVLAGPNEQF,18
TRBV7-9,TRBJ2-1,ASSLVLAGPNPVNEQF,1
TRBV7-9,TRBJ2-1,ASSLVLAGPYNEQF,5
TRBV7-9,TRBJ2-1,ASSLVLAGPYTEQF,1
TRBV7-9,TRBJ2-1,ASSLVLAGQNEQF,1
TRBV7-9,TRBJ2-1,ASSLVLAGQVSNEQF,1
TRBV7-9,TRBJ2-1,ASSLVLAGRDEQF,3
TRBV7-9,TRBJ2-1,ASSLVLAGRDNEQF,16
TRBV7-9,TRBJ2-1,ASSLVLAGRGNEQF,1
TRBV7-9,TRBJ2-1,ASSLVLAGRNAHF,1
TRBV7-9,TRBJ2-1,ASSLVLAGRNEQF,20
TRBV7-9,TRBJ2-1,ASSLVLAGRRLYNEQF,1
TRBV7-9,TRBJ2-1,ASSLVLAGRYDEQF,3
TRBV7-9,TRBJ2-1,ASSLVLAGRYEQF,1
TRBV7-9,TRBJ2-1,ASSLVLAGRYNEQF,1
TRBV7-9,TRBJ2-1,ASSLVLAGSHEQF,1
TRBV7-9,TRBJ2-1,ASSLVLAGSLGDEQF,5
TRBV7-9,TRBJ2-1,ASSLVLAGSNEQF,24
TRBV7-9,TRBJ2-1,ASSLVLAGSSDEQF,3
TRBV7-9,TRBJ2-1,ASSLVLAGSSNEQF,1
TRBV7-9,TRBJ2-1,ASSLVLAGSSYNEQF,9
TRBV7-9,TRBJ2-1,ASSLVLAGSYNEQF,33
TRBV7-9,TRBJ2-1,ASSLVLAGTDEKF,1
TRBV7-9,TRBJ2-1,ASSLVLAGTDEQF,4
TRBV7-9,TRBJ2-1,ASSLVLAGTFVSYNEQF,1
TRBV7-9,TRBJ2-1,ASSLVLAGTNEQF,14
TRBV7-9,TRBJ2-1,ASSLVLAGTNERF,1
TRBV7-9,TRBJ2-1,ASSLVLAGTRFTYNEQF,1
TRBV7-9,TRBJ2-1,ASSLVLAGTSSYNEQF,1
TRBV7-9,TRBJ2-1,ASSLVLAGTYNEQF,9
TRBV7-9,TRBJ2-1,ASSLVLAGVDEQF,29
TRBV7-9,TRBJ2-1,ASSLVLAGVDNEQF,1
TRBV7-9,TRBJ2-1,ASSLVLAGVFGSYNEQF,1
TRBV7-9,TRBJ2-1,ASSLVLAGVFNEQF,1
TRBV7-9,TRBJ2-1,ASSLVLAGVGEQF,5
TRBV7-9,TRBJ2-1,ASSLVLAGVGNEQF,1
TRBV7-9,TRBJ2-1,ASSLVLAGVGYNEQF,7
TRBV7-9,TRBJ2-1,ASSLVLAGVHEQF,1
TRBV7-9,TRBJ2-1,ASSLVLAGVHNEQF,2
TRBV7-9,TRBJ2-1,ASSLVLAGVIDEQF,1
TRBV7-9,TRBJ2-1,ASSLVLAGVINEQF,12
TRBV7-9,TRBJ2-1,ASSLVLAGVIYNEQF,12
TRBV7-9,TRBJ2-1,ASSLVLAGVLVQF,1
TRBV7-9,TRBJ2-1,ASSLVLAGVNELF,1
TRBV7-9,TRBJ2-1,ASSLVLAGVNEQF,58
TRBV7-9,TRBJ2-1,ASSLVLAGVPNEQF,1
TRBV7-9,TRBJ2-1,ASSLVLAGVQDEQF,6
TRBV7-9,TRBJ2-1,ASSLVLAGVRDEQF,1
TRBV7-9,TRBJ2-1,ASSLVLAGVRDNEQF,7
TRBV7-9,TRBJ2-1,ASSLVLAGVREQF,16
TRBV7-9,TRBJ2-1,ASSLVLAGVRHNEQF,1
TRBV7-9,TRBJ2-1,ASSLVLAGVRNEQF,1
TRBV7-9,TRBJ2-1,ASSLVLAGVSNEQF,1
TRBV7-9,TRBJ2-1,ASSLVLAGVSQF,2
TRBV7-9,TRBJ2-1,ASSLVLAGVSSYNEQF,2
TRBV7-9,TRBJ2-1,ASSLVLAGVTNEQF,6
TRBV7-9,TRBJ2-1,ASSLVLAGVWYNEQF,1
TRBV7-9,TRBJ2-1,ASSLVLAGVYEQF,1
TRBV7-9,TRBJ2-1,ASSLVLAGVYNEQF,1
TRBV7-9,TRBJ2-1,ASSLVLAGWRNEQF,10
TRBV7-9,TRBJ2-1,ASSLVLAGWYEQF,7
TRBV7-9,TRBJ2-1,ASSLVLAGYDEQF,1
TRBV7-9,TRBJ2-1,ASSLVLAGYEQF,3
TRBV7-9,TRBJ2-1,ASSLVLAGYIEQF,1
TRBV7-9,TRBJ2-1,ASSLVLAGYNAQF,1
TRBV7-9,TRBJ2-1,ASSLVLAGYNDQF,1
TRBV7-9,TRBJ2-1,ASSLVLAGYNEQF,117
TRBV7-9,TRBJ2-1,ASSLVLAGYYNEQF,1
TRBV7-9,TRBJ2-1,ASSLVLAHHNEQF,1
TRBV7-9,TRBJ2-1,ASSLVLAHNEQF,5
TRBV7-9,TRBJ2-1,ASSLVLAHTYNEQF,1
TRBV7-9,TRBJ2-1,ASSLVLAINEQF,1
TRBV7-9,TRBJ2-1,ASSLVLAISSYNEQF,1
TRBV7-9,TRBJ2-1,ASSLVLAIYNEQF,2
TRBV7-9,TRBJ2-1,ASSLVLAKSSYNEQF,1
TRBV7-9,TRBJ2-1,ASSLVLALGYEQF,5
TRBV7-9,TRBJ2-1,ASSLVLALLNEQF,5
TRBV7-9,TRBJ2-1,ASSLVLALRDEQF,1
TRBV7-9,TRBJ2-1,ASSLVLALSSYNEQF,1
TRBV7-9,TRBJ2-1,ASSLVLALSYEQF,1
TRBV7-9,TRBJ2-1,ASSLVLALTYNEQF,1
TRBV7-9,TRBJ2-1,ASSLVLALVYNEQF,1
TRBV7-9,TRBJ2-1,ASSLVLALYNEQF,1
TRBV7-9,TRBJ2-1,ASSLVLAMSYNEQF,1
TRBV7-9,TRBJ2-1,ASSLVLANEQF,17
TRBV7-9,TRBJ2-1,ASSLVLANFNEQF,1
TRBV7-9,TRBJ2-1,ASSLVLANGDEQF,5
TRBV7-9,TRBJ2-1,ASSLVLANNEQF,5
TRBV7-9,TRBJ2-1,ASSLVLANRNEQF,1
TRBV7-9,TRBJ2-1,ASSLVLANYNEQF,12
TRBV7-9,TRBJ2-1,ASSLVLAPANEQF,6
TRBV7-9,TRBJ2-1,ASSLVLAPDEQF,8
TRBV7-9,TRBJ2-1,ASSLVLAPDNEQF,2
TRBV7-9,TRBJ2-1,ASSLVLAPDYEQY,1
TRBV7-9,TRBJ2-1,ASSLVLAPDYNEQF,1
TRBV7-9,TRBJ2-1,ASSLVLAPGGNEQF,1
TRBV7-9,TRBJ2-1,ASSLVLAPGNEQF,4
TRBV7-9,TRBJ2-1,ASSLVLAPHNEQF,1
TRBV7-9,TRBJ2-1,ASSLVLAPLNEQF,1
TRBV7-9,TRBJ2-1,ASSLVLAPLYNEQF,1
TRBV7-9,TRBJ2-1,ASSLVLAPNEQF,11
TRBV7-9,TRBJ2-1,ASSLVLAPNNEQF,3
TRBV7-9,TRBJ2-1,ASSLVLAPSDEQF,16
TRBV7-9,TRBJ2-1,ASSLVLAPSDQQF,1
TRBV7-9,TRBJ2-1,ASSLVLAPSSYNEQF,1
TRBV7-9,TRBJ2-1,ASSLVLAPSYEQF,1
TRBV7-9,TRBJ2-1,ASSLVLAPSYNEQF,1
TRBV7-9,TRBJ2-1,ASSLVLAPTYNEQF,1
TRBV7-9,TRBJ2-1,ASSLVLAPYHQQF,1
TRBV7-9,TRBJ2-1,ASSLVLAPYNEQF,18
TRBV7-9,TRBJ2-1,ASSLVLAPYSEQF,1
TRBV7-9,TRBJ2-1,ASSLVLAQDSYNEQF,3
TRBV7-9,TRBJ2-1,ASSLVLAQYNEQF,2
TRBV7-9,TRBJ2-1,ASSLVLARDEQF,1
TRBV7-9,TRBJ2-1,ASSLVLARDNEQF,1
TRBV7-9,TRBJ2-1,ASSLVLARDSVYNEQF,7
TRBV7-9,TRBJ2-1,ASSLVLAREGQNEQF,1
TRBV7-9,TRBJ2-1,ASSLVLARGNEQF,2
TRBV7-9,TRBJ2-1,ASSLVLARHNEQF,1
TRBV7-9,TRBJ2-1,ASSLVLARNEQF,14
TRBV7-9,TRBJ2-1,ASSLVLARVSDNEQF,1
TRBV7-9,TRBJ2-1,ASSLVLARWENEQF,1
TRBV7-9,TRBJ2-1,ASSLVLARYEQF,1
TRBV7-9,TRBJ2-1,ASSLVLARYNEQF,1
TRBV7-9,TRBJ2-1,ASSLVLASAGAYNEQF,1
TRBV7-9,TRBJ2-1,ASSLVLASANEQF,1
TRBV7-9,TRBJ2-1,ASSLVLASASGNEQF,1
TRBV7-9,TRBJ2-1,ASSLVLASDEQF,1
TRBV7-9,TRBJ2-1,ASSLVLASEFYNEQF,1
TRBV7-9,TRBJ2-1,ASSLVLASEQC,1
TRBV7-9,TRBJ2-1,ASSLVLASEQF,11
TRBV7-9,TRBJ2-1,ASSLVLASGDNEQF,1
TRBV7-9,TRBJ2-1,ASSLVLASGGATNELF,1
TRBV7-9,TRBJ2-1,ASSLVLASGGATNEQF,3
TRBV7-9,TRBJ2-1,ASSLVLASGGNEQF,1
TRBV7-9,TRBJ2-1,ASSLVLASGKLNEQF,1
TRBV7-9,TRBJ2-1,ASSLVLASGRANEQF,1
TRBV7-9,TRBJ2-1,ASSLVLASGSFSYNEQF,1
TRBV7-9,TRBJ2-1,ASSLVLASGSGNEQF,1
TRBV7-9,TRBJ2-1,ASSLVLASGTRSV,14
TRBV7-9,TRBJ2-1,ASSLVLASGTYNEQF,1
TRBV7-9,TRBJ2-1,ASSLVLASGWSSYNEQF,1
TRBV7-9,TRBJ2-1,ASSLVLASINEQF,1
TRBV7-9,TRBJ2-1,ASSLVLASIRNEQF,1
TRBV7-9,TRBJ2-1,ASSLVLASLYNEQF,1
TRBV7-9,TRBJ2-1,ASSLVLASMDEQF,1
TRBV7-9,TRBJ2-1,ASSLVLASNEQF,9
TRBV7-9,TRBJ2-1,ASSLVLASPNEQF,1
TRBV7-9,TRBJ2-1,ASSLVLASPSYNEQF,1
TRBV7-9,TRBJ2-1,ASSLVLASRPSYNEQF,3
TRBV7-9,TRBJ2-1,ASSLVLASSNEQF,1
TRBV7-9,TRBJ2-1,ASSLVLASSYNEQF,2
TRBV7-9,TRBJ2-1,ASSLVLASTFYNEQF,1
TRBV7-9,TRBJ2-1,ASSLVLASTYNEQF,1
TRBV7-9,TRBJ2-1,ASSLVLASVNNEQF,2
TRBV7-9,TRBJ2-1,ASSLVLASYNEQF,13
TRBV7-9,TRBJ2-1,ASSLVLATGGNEQF,1
TRBV7-9,TRBJ2-1,ASSLVLATGYNEQF,5
TRBV7-9,TRBJ2-1,ASSLVLATHNEQF,2
TRBV7-9,TRBJ2-1,ASSLVLATSKNEQF,1
TRBV7-9,TRBJ2-1,ASSLVLATYNEQF,15
TRBV7-9,TRBJ2-1,ASSLVLAVGDQF,1
TRBV7-9,TRBJ2-1,ASSLVLAVHNEQF,1
TRBV7-9,TRBJ2-1,ASSLVLAVIYEQF,1
TRBV7-9,TRBJ2-1,ASSLVLAVLNEQF,1
TRBV7-9,TRBJ2-1,ASSLVLAVLYNEQF,1
TRBV7-9,TRBJ2-1,ASSLVLAVNEQF,4
TRBV7-9,TRBJ2-1,ASSLVLAVNNEQF,7
TRBV7-9,TRBJ2-1,ASSLVLAVNYNEQF,2
TRBV7-9,TRBJ2-1,ASSLVLAVPNEQF,1
TRBV7-9,TRBJ2-1,ASSLVLAVPYNEQF,1
TRBV7-9,TRBJ2-1,ASSLVLAVSYNEQF,11
TRBV7-9,TRBJ2-1,ASSLVLAVTHEQF,1
TRBV7-9,TRBJ2-1,ASSLVLAVVYNEQF,1
TRBV7-9,TRBJ2-1,ASSLVLAVYKEQF,1
TRBV7-9,TRBJ2-1,ASSLVLAVYNEQF,13
TRBV7-9,TRBJ2-1,ASSLVLAVYYNEQF,1
TRBV7-9,TRBJ2-1,ASSLVLAWAVSSYNEQF,1
TRBV7-9,TRBJ2-1,ASSLVLAWGNEQF,2
TRBV7-9,TRBJ2-1,ASSLVLAWGSYNEQF,1
TRBV7-9,TRBJ2-1,ASSLVLAYGDNEQC,1
TRBV7-9,TRBJ2-1,ASSLVLAYGDNEQF,2
TRBV7-9,TRBJ2-1,ASSLVLAYNEHF,1
TRBV7-9,TRBJ2-1,ASSLVLAYNEQF,25
TRBV7-9,TRBJ2-1,ASSLVLCLASEQF,1
TRBV7-9,TRBJ2-1,ASSLVLDAANEQF,1
TRBV7-9,TRBJ2-1,ASSLVLDACHGQL,1
TRBV7-9,TRBJ2-1,ASSLVLDADEQF,1
TRBV7-9,TRBJ2-1,ASSLVLDADNAQG,1
TRBV7-9,TRBJ2-1,ASSLVLDADNEQF,2
TRBV7-9,TRBJ2-1,ASSLVLDAKKKQF,1
TRBV7-9,TRBJ2-1,ASSLVLDANNEKF,1
TRBV7-9,TRBJ2-1,ASSLVLDASNEQF,1
TRBV7-9,TRBJ2-1,ASSLVLDAYAEQF,1
TRBV7-9,TRBJ2-1,ASSLVLDAYDEQF,1
TRBV7-9,TRBJ2-1,ASSLVLDAYHEQC,1
TRBV7-9,TRBJ2-1,ASSLVLDAYHEQF,2
TRBV7-9,TRBJ2-1,ASSLVLDAYHKQF,1
TRBV7-9,TRBJ2-1,ASSLVLDAYIELF,1
TRBV7-9,TRBJ2-1,ASSLVLDAYKEEF,1
TRBV7-9,TRBJ2-1,ASSLVLDAYKEQF,3
TRBV7-9,TRBJ2-1,ASSLVLDAYKKQF,1
TRBV7-9,TRBJ2-1,ASSLVLDAYMEQF,1
TRBV7-9,TRBJ2-1,ASSLVLDAYNAQF,2
TRBV7-9,TRBJ2-1,ASSLVLDAYNEEF,1
TRBV7-9,TRBJ2-1,ASSLVLDAYNEHF,1
TRBV7-9,TRBJ2-1,ASSLVLDAYNEKF,4
TRBV7-9,TRBJ2-1,ASSLVLDAYNEKL,1
TRBV7-9,TRBJ2-1,ASSLVLDAYNEQC,1
TRBV7-9,TRBJ2-1,ASSLVLDAYNEQF,46
TRBV7-9,TRBJ2-1,ASSLVLDAYNEQI,1
TRBV7-9,TRBJ2-1,ASSLVLDAYNEQL,1
TRBV7-9,TRBJ2-1,ASSLVLDAYNEQS,1
TRBV7-9,TRBJ2-1,ASSLVLDAYNEQV,1
TRBV7-9,TRBJ2-1,ASSLVLDAYNGQF,1
TRBV7-9,TRBJ2-1,ASSLVLDAYNQQF,1
TRBV7-9,TRBJ2-1,ASSLVLDAYNRQF,1
TRBV7-9,TRBJ2-1,ASSLVLDAYNTKF,1
TRBV7-9,TRBJ2-1,ASSLVLDAYNVQF,1
TRBV7-9,TRBJ2-1,ASSLVLDAYQEQF,1
TRBV7-9,TRBJ2-1,ASSLVLDCYIEQF,1
TRBV7-9,TRBJ2-1,ASSLVLDDYKEQF,1
TRBV7-9,TRBJ2-1,ASSLVLDDYNAQF,1
TRBV7-9,TRBJ2-1,ASSLVLDDYNEQF,4
TRBV7-9,TRBJ2-1,ASSLVLDDYNEQV,1
TRBV7-9,TRBJ2-1,ASSLVLDDYNKQF,1
TRBV7-9,TRBJ2-1,ASSLVLDDYTEQV,1
TRBV7-9,TRBJ2-1,ASSLVLDEQF,57
TRBV7-9,TRBJ2-1,ASSLVLDGDNEQF,1
TRBV7-9,TRBJ2-1,ASSLVLDGDNEQL,1
TRBV7-9,TRBJ2-1,ASSLVLDGESQF,1
TRBV7-9,TRBJ2-1,ASSLVLDGYNEQF,2
TRBV7-9,TRBJ2-1,ASSLVLDLPYNEQF,1
TRBV7-9,TRBJ2-1,ASSLVLDNDQF,1
TRBV7-9,TRBJ2-1,ASSLVLDNEKF,1
TRBV7-9,TRBJ2-1,ASSLVLDNEQF,69
TRBV7-9,TRBJ2-1,ASSLVLDPHNEQF,2
TRBV7-9,TRBJ2-1,ASSLVLDPKYNEQF,1
TRBV7-9,TRBJ2-1,ASSLVLDPYNEQF,1
TRBV7-9,TRBJ2-1,ASSLVLDQNEQF,10
TRBV7-9,TRBJ2-1,ASSLVLDRSLLSYNEQF,1
TRBV7-9,TRBJ2-1,ASSLVLDRVPYIEQF,1
TRBV7-9,TRBJ2-1,ASSLVLDRVPYNEQF,10
TRBV7-9,TRBJ2-1,ASSLVLDSCKGQF,1
TRBV7-9,TRBJ2-1,ASSLVLDSFFEQF,1
TRBV7-9,TRBJ2-1,ASSLVLDSQDTQF,1
TRBV7-9,TRBJ2-1,ASSLVLDSSNEQF,2
TRBV7-9,TRBJ2-1,ASSLVLDSSYNEQF,1
TRBV7-9,TRBJ2-1,ASSLVLDSYKEQF,1
TRBV7-9,TRBJ2-1,ASSLVLDSYNEHF,1
TRBV7-9,TRBJ2-1,ASSLVLDSYNEQF,10
TRBV7-9,TRBJ2-1,ASSLVLDSYNVQF,1
TRBV7-9,TRBJ2-1,ASSLVLDSYTEQF,1
TRBV7-9,TRBJ2-1,ASSLVLDVFNEQF,1
TRBV7-9,TRBJ2-1,ASSLVLDVWDNEQF,1
TRBV7-9,TRBJ2-1,ASSLVLDVYNEQF,1
TRBV7-9,TRBJ2-1,ASSLVLDYEQF,5
TRBV7-9,TRBJ2-1,ASSLVLDYLNEQF,1
TRBV7-9,TRBJ2-1,ASSLVLDYNEQF,8
TRBV7-9,TRBJ2-1,ASSLVLDYSSYNEQF,1
TRBV7-9,TRBJ2-1,ASSLVLEAANEQY,1
TRBV7-9,TRBJ2-1,ASSLVLEACIEQC,1
TRBV7-9,TRBJ2-1,ASSLVLEACKEQF,1
TRBV7-9,TRBJ2-1,ASSLVLEACNDQF,1
TRBV7-9,TRBJ2-1,ASSLVLEACNEKF,1
TRBV7-9,TRBJ2-1,ASSLVLEACNEQF,8
TRBV7-9,TRBJ2-1,ASSLVLEADDEPF,1
TRBV7-9,TRBJ2-1,ASSLVLEADDEQF,1
TRBV7-9,TRBJ2-1,ASSLVLEADHGLC,1
TRBV7-9,TRBJ2-1,ASSLVLEADIELF,1
TRBV7-9,TRBJ2-1,ASSLVLEADKEQF,1
TRBV7-9,TRBJ2-1,ASSLVLEADNEHF,1
TRBV7-9,TRBJ2-1,ASSLVLEADNEKF,2
TRBV7-9,TRBJ2-1,ASSLVLEADNEQC,1
TRBV7-9,TRBJ2-1,ASSLVLEADNEQF,16
TRBV7-9,TRBJ2-1,ASSLVLEADNEQL,1
TRBV7-9,TRBJ2-1,ASSLVLEADNEQS,1
TRBV7-9,TRBJ2-1,ASSLVLEADNVQF,1
TRBV7-9,TRBJ2-1,ASSLVLEADNWQF,1
TRBV7-9,TRBJ2-1,ASSLVLEADTEQF,1
TRBV7-9,TRBJ2-1,ASSLVLEAENEQF,1
TRBV7-9,TRBJ2-1,ASSLVLEAEQEQF,1
TRBV7-9,TRBJ2-1,ASSLVLEAFIEQF,1
TRBV7-9,TRBJ2-1,ASSLVLEAFKEQF,1
TRBV7-9,TRBJ2-1,ASSLVLEAFNEEF,1
TRBV7-9,TRBJ2-1,ASSLVLEAFNEQF,4
TRBV7-9,TRBJ2-1,ASSLVLEAFNEQV,1
TRBV7-9,TRBJ2-1,ASSLVLEAFNGQF,2
TRBV7-9,TRBJ2-1,ASSLVLEAGNGNEQF,2
TRBV7-9,TRBJ2-1,ASSLVLEAHNAQF,2
TRBV7-9,TRBJ2-1,ASSLVLEAHNEQF,11
TRBV7-9,TRBJ2-1,ASSLVLEAHNEQS,1
TRBV7-9,TRBJ2-1,ASSLVLEAHNQQV,1
TRBV7-9,TRBJ2-1,ASSLVLEAHYEQF,1
TRBV7-9,TRBJ2-1,ASSLVLEAKKEQF,1
TRBV7-9,TRBJ2-1,ASSLVLEAKNEQC,1
TRBV7-9,TRBJ2-1,ASSLVLEAKNEQF,1
TRBV7-9,TRBJ2-1,ASSLVLEAKNGQF,1
TRBV7-9,TRBJ2-1,ASSLVLEALNEQY,1
TRBV7-9,TRBJ2-1,ASSLVLEANDAQF,1
TRBV7-9,TRBJ2-1,ASSLVLEANKENV,1
TRBV7-9,TRBJ2-1,ASSLVLEANKEPF,1
TRBV7-9,TRBJ2-1,ASSLVLEANKEQF,1
TRBV7-9,TRBJ2-1,ASSLVLEANKGQF,1
TRBV7-9,TRBJ2-1,ASSLVLEANNEHC,1
TRBV7-9,TRBJ2-1,ASSLVLEANNEQF,4
TRBV7-9,TRBJ2-1,ASSLVLEAPNEQF,1
TRBV7-9,TRBJ2-1,ASSLVLEAQIDHS,1
TRBV7-9,TRBJ2-1,ASSLVLEAQNDQC,1
TRBV7-9,TRBJ2-1,ASSLVLEASHEQF,1
TRBV7-9,TRBJ2-1,ASSLVLEASNEQC,1
TRBV7-9,TRBJ2-1,ASSLVLEASNEQF,7
TRBV7-9,TRBJ2-1,ASSLVLEASNEQY,1
TRBV7-9,TRBJ2-1,ASSLVLEASQEQF,1
TRBV7-9,TRBJ2-1,ASSLVLEASQQF,12
TRBV7-9,TRBJ2-1,ASSLVLEASTEQF,1
TRBV7-9,TRBJ2-1,ASSLVLEASYNEQF,1
TRBV7-9,TRBJ2-1,ASSLVLEAYDDQF,1
TRBV7-9,TRBJ2-1,ASSLVLEAYDEEF,2
TRBV7-9,TRBJ2-1,ASSLVLEAYDEEL,1
TRBV7-9,TRBJ2-1,ASSLVLEAYDEQC,1
TRBV7-9,TRBJ2-1,ASSLVLEAYDEQF,14
TRBV7-9,TRBJ2-1,ASSLVLEAYGEQF,1
TRBV7-9,TRBJ2-1,ASSLVLEAYHAQF,1
TRBV7-9,TRBJ2-1,ASSLVLEAYHDTF,1
TRBV7-9,TRBJ2-1,ASSLVLEAYHEKC,1
TRBV7-9,TRBJ2-1,ASSLVLEAYHEKF,1
TRBV7-9,TRBJ2-1,ASSLVLEAYHELF,1
TRBV7-9,TRBJ2-1,ASSLVLEAYHEMF,1
TRBV7-9,TRBJ2-1,ASSLVLEAYHEPF,1
TRBV7-9,TRBJ2-1,ASSLVLEAYHEQC,1
TRBV7-9,TRBJ2-1,ASSLVLEAYHEQF,17
TRBV7-9,TRBJ2-1,ASSLVLEAYHEQV,1
TRBV7-9,TRBJ2-1,ASSLVLEAYHETF,1
TRBV7-9,TRBJ2-1,ASSLVLEAYHGQF,1
TRBV7-9,TRBJ2-1,ASSLVLEAYHNQF,1
TRBV7-9,TRBJ2-1,ASSLVLEAYHQQF,1
TRBV7-9,TRBJ2-1,ASSLVLEAYHRQR,1
TRBV7-9,TRBJ2-1,ASSLVLEAYHVQF,1
TRBV7-9,TRBJ2-1,ASSLVLEAYIEKL,1
TRBV7-9,TRBJ2-1,ASSLVLEAYIEQC,4
TRBV7-9,TRBJ2-1,ASSLVLEAYIEQF,13
TRBV7-9,TRBJ2-1,ASSLVLEAYIEQS,1
TRBV7-9,TRBJ2-1,ASSLVLEAYIETF,1
TRBV7-9,TRBJ2-1,ASSLVLEAYIGQF,1
TRBV7-9,TRBJ2-1,ASSLVLEAYIKQF,1
TRBV7-9,TRBJ2-1,ASSLVLEAYIRQF,1
TRBV7-9,TRBJ2-1,ASSLVLEAYKAQF,2
TRBV7-9,TRBJ2-1,ASSLVLEAYKEEF,1
TRBV7-9,TRBJ2-1,ASSLVLEAYKEHF,2
TRBV7-9,TRBJ2-1,ASSLVLEAYKEKC,1
TRBV7-9,TRBJ2-1,ASSLVLEAYKEKF,4
TRBV7-9,TRBJ2-1,ASSLVLEAYKELF,2
TRBV7-9,TRBJ2-1,ASSLVLEAYKEMF,1
TRBV7-9,TRBJ2-1,ASSLVLEAYKEQC,3
TRBV7-9,TRBJ2-1,ASSLVLEAYKEQF,50
TRBV7-9,TRBJ2-1,ASSLVLEAYKEQL,1
TRBV7-9,TRBJ2-1,ASSLVLEAYKEQR,1
TRBV7-9,TRBJ2-1,ASSLVLEAYKEQS,2
TRBV7-9,TRBJ2-1,ASSLVLEAYKEQY,1
TRBV7-9,TRBJ2-1,ASSLVLEAYKGEF,1
TRBV7-9,TRBJ2-1,ASSLVLEAYKGKF,1
TRBV7-9,TRBJ2-1,ASSLVLEAYKGLF,1
TRBV7-9,TRBJ2-1,ASSLVLEAYKGQF,2
TRBV7-9,TRBJ2-1,ASSLVLEAYKGQL,1
TRBV7-9,TRBJ2-1,ASSLVLEAYKGQM,1
TRBV7-9,TRBJ2-1,ASSLVLEAYKKLF,1
TRBV7-9,TRBJ2-1,ASSLVLEAYKKQC,1
TRBV7-9,TRBJ2-1,ASSLVLEAYKKQF,2
TRBV7-9,TRBJ2-1,ASSLVLEAYKNQF,1
TRBV7-9,TRBJ2-1,ASSLVLEAYKQQF,1
TRBV7-9,TRBJ2-1,ASSLVLEAYKTQF,1
TRBV7-9,TRBJ2-1,ASSLVLEAYKVQL,1
TRBV7-9,TRBJ2-1,ASSLVLEAYKWQF,1
TRBV7-9,TRBJ2-1,ASSLVLEAYMEQC,1
TRBV7-9,TRBJ2-1,ASSLVLEAYNAEF,1
TRBV7-9,TRBJ2-1,ASSLVLEAYNAKF,2
TRBV7-9,TRBJ2-1,ASSLVLEAYNALF,1
TRBV7-9,TRBJ2-1,ASSLVLEAYNAPF,2
TRBV7-9,TRBJ2-1,ASSLVLEAYNAQC,3
TRBV7-9,TRBJ2-1,ASSLVLEAYNAQF,28
TRBV7-9,TRBJ2-1,ASSLVLEAYNAQI,1
TRBV7-9,TRBJ2-1,ASSLVLEAYNAQY,1
TRBV7-9,TRBJ2-1,ASSLVLEAYNDKF,1
TRBV7-9,TRBJ2-1,ASSLVLEAYNDPF,1
TRBV7-9,TRBJ2-1,ASSLVLEAYNDQF,24
TRBV7-9,TRBJ2-1,ASSLVLEAYNEEC,2
TRBV7-9,TRBJ2-1,ASSLVLEAYNEEF,14
TRBV7-9,TRBJ2-1,ASSLVLEAYNEEI,2
TRBV7-9,TRBJ2-1,ASSLVLEAYNEHC,3
TRBV7-9,TRBJ2-1,ASSLVLEAYNEHF,21
TRBV7-9,TRBJ2-1,ASSLVLEAYNEKC,5
TRBV7-9,TRBJ2-1,ASSLVLEAYNEKF,35
TRBV7-9,TRBJ2-1,ASSLVLEAYNEKI,1
TRBV7-9,TRBJ2-1,ASSLVLEAYNEKV,1
TRBV7-9,TRBJ2-1,ASSLVLEAYNELC,1
TRBV7-9,TRBJ2-1,ASSLVLEAYNELF,10
TRBV7-9,TRBJ2-1,ASSLVLEAYNEMF,3
TRBV7-9,TRBJ2-1,ASSLVLEAYNENF,3
TRBV7-9,TRBJ2-1,ASSLVLEAYNEPF,10
TRBV7-9,TRBJ2-1,ASSLVLEAYNEPI,1
TRBV7-9,TRBJ2-1,ASSLVLEAYNEPL,1
TRBV7-9,TRBJ2-1,ASSLVLEAYNEPS,1
TRBV7-9,TRBJ2-1,ASSLVLEAYNEQC,52
TRBV7-9,TRBJ2-1,ASSLVLEAYNEQF,1819
TRBV7-9,TRBJ2-1,ASSLVLEAYNEQI,7
TRBV7-9,TRBJ2-1,ASSLVLEAYNEQL,20
TRBV7-9,TRBJ2-1,ASSLVLEAYNEQS,8
TRBV7-9,TRBJ2-1,ASSLVLEAYNEQV,19
TRBV7-9,TRBJ2-1,ASSLVLEAYNEQY,15
TRBV7-9,TRBJ2-1,ASSLVLEAYNERF,4
TRBV7-9,TRBJ2-1,ASSLVLEAYNGHL,1
TRBV7-9,TRBJ2-1,ASSLVLEAYNGKC,1
TRBV7-9,TRBJ2-1,ASSLVLEAYNGKF,1
TRBV7-9,TRBJ2-1,ASSLVLEAYNGQC,1
TRBV7-9,TRBJ2-1,ASSLVLEAYNGQF,23
TRBV7-9,TRBJ2-1,ASSLVLEAYNGQL,1
TRBV7-9,TRBJ2-1,ASSLVLEAYNGRF,1
TRBV7-9,TRBJ2-1,ASSLVLEAYNHQF,1
TRBV7-9,TRBJ2-1,ASSLVLEAYNKEF,1
TRBV7-9,TRBJ2-1,ASSLVLEAYNKHF,1
TRBV7-9,TRBJ2-1,ASSLVLEAYNKKF,2
TRBV7-9,TRBJ2-1,ASSLVLEAYNKLF,1
TRBV7-9,TRBJ2-1,ASSLVLEAYNKQC,2
TRBV7-9,TRBJ2-1,ASSLVLEAYNKQF,26
TRBV7-9,TRBJ2-1,ASSLVLEAYNKQL,1
TRBV7-9,TRBJ2-1,ASSLVLEAYNKQY,2
TRBV7-9,TRBJ2-1,ASSLVLEAYNLQF,1
TRBV7-9,TRBJ2-1,ASSLVLEAYNNQF,1
TRBV7-9,TRBJ2-1,ASSLVLEAYNQQC,1
TRBV7-9,TRBJ2-1,ASSLVLEAYNQQF,7
TRBV7-9,TRBJ2-1,ASSLVLEAYNRQF,1
TRBV7-9,TRBJ2-1,ASSLVLEAYNRQW,1
TRBV7-9,TRBJ2-1,ASSLVLEAYNTQF,2
TRBV7-9,TRBJ2-1,ASSLVLEAYNVHF,1
TRBV7-9,TRBJ2-1,ASSLVLEAYNVLV,1
TRBV7-9,TRBJ2-1,ASSLVLEAYNVQC,1
TRBV7-9,TRBJ2-1,ASSLVLEAYNVQF,21
TRBV7-9,TRBJ2-1,ASSLVLEAYNVQV,1
TRBV7-9,TRBJ2-1,ASSLVLEAYNWQF,1
TRBV7-9,TRBJ2-1,ASSLVLEAYNWQL,1
TRBV7-9,TRBJ2-1,ASSLVLEAYQEKC,1
TRBV7-9,TRBJ2-1,ASSLVLEAYQEKF,1
TRBV7-9,TRBJ2-1,ASSLVLEAYQKQF,1
TRBV7-9,TRBJ2-1,ASSLVLEAYSDQF,1
TRBV7-9,TRBJ2-1,ASSLVLEAYSEQC,1
TRBV7-9,TRBJ2-1,ASSLVLEAYSEQF,3
TRBV7-9,TRBJ2-1,ASSLVLEAYSEQV,1
TRBV7-9,TRBJ2-1,ASSLVLEAYSERF,1
TRBV7-9,TRBJ2-1,ASSLVLEAYTAQF,1
TRBV7-9,TRBJ2-1,ASSLVLEAYTEMF,1
TRBV7-9,TRBJ2-1,ASSLVLEAYTEQF,13
TRBV7-9,TRBJ2-1,ASSLVLEAYTQQF,1
TRBV7-9,TRBJ2-1,ASSLVLEAYTRQI,1
TRBV7-9,TRBJ2-1,ASSLVLEAYTVQF,1
TRBV7-9,TRBJ2-1,ASSLVLEAYYEQC,1
TRBV7-9,TRBJ2-1,ASSLVLEAYYEQF,5
TRBV7-9,TRBJ2-1,ASSLVLEAYYGHF,1
TRBV7-9,TRBJ2-1,ASSLVLEDEQF,6
TRBV7-9,TRBJ2-1,ASSLVLEDYHELF,1
TRBV7-9,TRBJ2-1,ASSLVLEDYHEQF,1
TRBV7-9,TRBJ2-1,ASSLVLEDYKGHF,1
TRBV7-9,TRBJ2-1,ASSLVLEDYNAQC,1
TRBV7-9,TRBJ2-1,ASSLVLEDYNDQF,1
TRBV7-9,TRBJ2-1,ASSLVLEDYNEDF,1
TRBV7-9,TRBJ2-1,ASSLVLEDYNEEF,1
TRBV7-9,TRBJ2-1,ASSLVLEDYNEHF,2
TRBV7-9,TRBJ2-1,ASSLVLEDYNELF,1
TRBV7-9,TRBJ2-1,ASSLVLEDYNEQC,1
TRBV7-9,TRBJ2-1,ASSLVLEDYNEQF,39
TRBV7-9,TRBJ2-1,ASSLVLEDYNEQI,2
TRBV7-9,TRBJ2-1,ASSLVLEDYNEQL,1
TRBV7-9,TRBJ2-1,ASSLVLEDYNEVC,1
TRBV7-9,TRBJ2-1,ASSLVLEDYNGQF,1
TRBV7-9,TRBJ2-1,ASSLVLEDYNHKV,1
TRBV7-9,TRBJ2-1,ASSLVLEDYNKQF,1
TRBV7-9,TRBJ2-1,ASSLVLEDYNSQF,1
TRBV7-9,TRBJ2-1,ASSLVLEDYTEQF,1
TRBV7-9,TRBJ2-1,ASSLVLEDYYEQF,1
TRBV7-9,TRBJ2-1,ASSLVLEEDNEKF,1
TRBV7-9,TRBJ2-1,ASSLVLEEKQF,1
TRBV7-9,TRBJ2-1,ASSLVLEENEQF,8
TRBV7-9,TRBJ2-1,ASSLVLEENEQL,1
TRBV7-9,TRBJ2-1,ASSLVLEEYNEQF,1
TRBV7-9,TRBJ2-1,ASSLVLEEYNKQF,1
TRBV7-9,TRBJ2-1,ASSLVLEFYHEQF,1
TRBV7-9,TRBJ2-1,ASSLVLEFYNEQF,1
TRBV7-9,TRBJ2-1,ASSLVLEGARIPAYNEQF,2
TRBV7-9,TRBJ2-1,ASSLVLEGDNEQF,2
TRBV7-9,TRBJ2-1,ASSLVLEGGRDEQF,1
TRBV7-9,TRBJ2-1,ASSLVLEGHKEQC,1
TRBV7-9,TRBJ2-1,ASSLVLEGLNEQF,1
TRBV7-9,TRBJ2-1,ASSLVLEGNEQF,3
TRBV7-9,TRBJ2-1,ASSLVLEGPYNEQF,4
TRBV7-9,TRBJ2-1,ASSLVLEGRHEQF,2
TRBV7-9,TRBJ2-1,ASSLVLEGSNEEF,1
TRBV7-9,TRBJ2-1,ASSLVLEGVNEQF,1
TRBV7-9,TRBJ2-1,ASSLVLEGWDEQF,1
TRBV7-9,TRBJ2-1,ASSLVLEGYHEQF,1
TRBV7-9,TRBJ2-1,ASSLVLEGYNDQF,2
TRBV7-9,TRBJ2-1,ASSLVLEGYNEKF,1
TRBV7-9,TRBJ2-1,ASSLVLEGYNEQC,1
TRBV7-9,TRBJ2-1,ASSLVLEGYNEQF,8
TRBV7-9,TRBJ2-1,ASSLVLEGYNEQV,1
TRBV7-9,TRBJ2-1,ASSLVLEGYNVQF,1
TRBV7-9,TRBJ2-1,ASSLVLEHNEQF,4
TRBV7-9,TRBJ2-1,ASSLVLEHYIKQF,1
TRBV7-9,TRBJ2-1,ASSLVLEITYNEQF,1
TRBV7-9,TRBJ2-1,ASSLVLEIYNEKF,1
TRBV7-9,TRBJ2-1,ASSLVLEKYNEQF,1
TRBV7-9,TRBJ2-1,ASSLVLELRSYNEQF,9
TRBV7-9,TRBJ2-1,ASSLVLENEQF,3
TRBV7-9,TRBJ2-1,ASSLVLENNEQF,2
TRBV7-9,TRBJ2-1,ASSLVLENPYNEQF,12
TRBV7-9,TRBJ2-1,ASSLVLENPYNEQL,2
TRBV7-9,TRBJ2-1,ASSLVLEPGHNEQF,1
TRBV7-9,TRBJ2-1,ASSLVLEPNNEQF,1
TRBV7-9,TRBJ2-1,ASSLVLEPSNEQF,1
TRBV7-9,TRBJ2-1,ASSLVLEPYKEQF,1
TRBV7-9,TRBJ2-1,ASSLVLEPYNDQF,1
TRBV7-9,TRBJ2-1,ASSLVLEPYNEHF,1
TRBV7-9,TRBJ2-1,ASSLVLEPYNEKF,1
TRBV7-9,TRBJ2-1,ASSLVLEPYNEQC,1
TRBV7-9,TRBJ2-1,ASSLVLEPYNEQF,3
TRBV7-9,TRBJ2-1,ASSLVLEPYNEQL,2
TRBV7-9,TRBJ2-1,ASSLVLEPYNEQS,1
TRBV7-9,TRBJ2-1,ASSLVLEPYNQQF,1
TRBV7-9,TRBJ2-1,ASSLVLEPYNTEC,1
TRBV7-9,TRBJ2-1,ASSLVLEQF,10
TRBV7-9,TRBJ2-1,ASSLVLEREQF,6
TRBV7-9,TRBJ2-1,ASSLVLERHEQF,1
TRBV7-9,TRBJ2-1,ASSLVLESCIELC,1
TRBV7-9,TRBJ2-1,ASSLVLESDNKQF,1
TRBV7-9,TRBJ2-1,ASSLVLESDNTQF,1
TRBV7-9,TRBJ2-1,ASSLVLESLYNEQF,1
TRBV7-9,TRBJ2-1,ASSLVLESNEQF,8
TRBV7-9,TRBJ2-1,ASSLVLESSNEQF,2
TRBV7-9,TRBJ2-1,ASSLVLESYDEQF,1
TRBV7-9,TRBJ2-1,ASSLVLESYDGHF,1
TRBV7-9,TRBJ2-1,ASSLVLESYHEQF,1
TRBV7-9,TRBJ2-1,ASSLVLESYHGQF,1
TRBV7-9,TRBJ2-1,ASSLVLESYIEKC,1
TRBV7-9,TRBJ2-1,ASSLVLESYIEKF,1
TRBV7-9,TRBJ2-1,ASSLVLESYKEQC,1
TRBV7-9,TRBJ2-1,ASSLVLESYKEQF,3
TRBV7-9,TRBJ2-1,ASSLVLESYKEQL,1
TRBV7-9,TRBJ2-1,ASSLVLESYNDQF,2
TRBV7-9,TRBJ2-1,ASSLVLESYNEKC,1
TRBV7-9,TRBJ2-1,ASSLVLESYNEKF,4
TRBV7-9,TRBJ2-1,ASSLVLESYNEKL,1
TRBV7-9,TRBJ2-1,ASSLVLESYNEQC,1
TRBV7-9,TRBJ2-1,ASSLVLESYNEQF,48
TRBV7-9,TRBJ2-1,ASSLVLESYNEQI,1
TRBV7-9,TRBJ2-1,ASSLVLESYNEQS,1
TRBV7-9,TRBJ2-1,ASSLVLESYNEQV,1
TRBV7-9,TRBJ2-1,ASSLVLESYNGKF,1
TRBV7-9,TRBJ2-1,ASSLVLESYNGLF,1
TRBV7-9,TRBJ2-1,ASSLVLESYNKQF,3
TRBV7-9,TRBJ2-1,ASSLVLESYNQQF,1
TRBV7-9,TRBJ2-1,ASSLVLESYNVPF,1
TRBV7-9,TRBJ2-1,ASSLVLESYPEQF,1
TRBV7-9,TRBJ2-1,ASSLVLETNNEQF,1
TRBV7-9,TRBJ2-1,ASSLVLETSKEQF,1
TRBV7-9,TRBJ2-1,ASSLVLETYHEQF,1
TRBV7-9,TRBJ2-1,ASSLVLETYNEHF,1
TRBV7-9,TRBJ2-1,ASSLVLETYNELS,1
TRBV7-9,TRBJ2-1,ASSLVLETYNEQF,5
TRBV7-9,TRBJ2-1,ASSLVLETYNVLF,1
TRBV7-9,TRBJ2-1,ASSLVLEVNEQF,1
TRBV7-9,TRBJ2-1,ASSLVLEVQF,1
TRBV7-9,TRBJ2-1,ASSLVLEVVHEQF,1
TRBV7-9,TRBJ2-1,ASSLVLEVYDEEF,1
TRBV7-9,TRBJ2-1,ASSLVLEVYKEQF,1
TRBV7-9,TRBJ2-1,ASSLVLEVYNDQF,1
TRBV7-9,TRBJ2-1,ASSLVLEVYNEKF,1
TRBV7-9,TRBJ2-1,ASSLVLEVYNEPF,1
TRBV7-9,TRBJ2-1,ASSLVLEVYNEQF,14
TRBV7-9,TRBJ2-1,ASSLVLEVYNEQG,1
TRBV7-9,TRBJ2-1,ASSLVLEVYNEQI,1
TRBV7-9,TRBJ2-1,ASSLVLEVYNEQL,1
TRBV7-9,TRBJ2-1,ASSLVLEVYNERF,1
TRBV7-9,TRBJ2-1,ASSLVLEVYNGQF,2
TRBV7-9,TRBJ2-1,ASSLVLEVYSEQI,1
TRBV7-9,TRBJ2-1,ASSLVLEVYTERV,1
TRBV7-9,TRBJ2-1,ASSLVLEVYTVQF,1
TRBV7-9,TRBJ2-1,ASSLVLEYNEQF,3
TRBV7-9,TRBJ2-1,ASSLVLEYYKEQF,1
TRBV7-9,TRBJ2-1,ASSLVLEYYNEQF,2
TRBV7-9,TRBJ2-1,ASSLVLEYYTEQF,1
TRBV7-9,TRBJ2-1,ASSLVLFAGTDNEQF,1
TRBV7-9,TRBJ2-1,ASSLVLFDNEQF,1
TRBV7-9,TRBJ2-1,ASSLVLFGLSYNEQF,1
TRBV7-9,TRBJ2-1,ASSLVLFGQGHYNEQF,1
TRBV7-9,TRBJ2-1,ASSLVLFGRTVNEQF,1
TRBV7-9,TRBJ2-1,ASSLVLFLADNEQF,1
TRBV7-9,TRBJ2-1,ASSLVLFNEQF,11
TRBV7-9,TRBJ2-1,ASSLVLFRAGDKNEQF,1
TRBV7-9,TRBJ2-1,ASSLVLFSAEAYNEQF,1
TRBV7-9,TRBJ2-1,ASSLVLFSSVHNEQF,1
TRBV7-9,TRBJ2-1,ASSLVLFYNEQF,8
TRBV7-9,TRBJ2-1,ASSLVLGACHEKF,1
TRBV7-9,TRBJ2-1,ASSLVLGACHEQF,1
TRBV7-9,TRBJ2-1,ASSLVLGADHEQC,1
TRBV7-9,TRBJ2-1,ASSLVLGADKEQF,1
TRBV7-9,TRBJ2-1,ASSLVLGADNEQF,2
TRBV7-9,TRBJ2-1,ASSLVLGAEQF,59
TRBV7-9,TRBJ2-1,ASSLVLGAGASYNEQF,1
TRBV7-9,TRBJ2-1,ASSLVLGAGDYNEQF,1
TRBV7-9,TRBJ2-1,ASSLVLGAGEDEQF,7
TRBV7-9,TRBJ2-1,ASSLVLGAGNEQF,1
TRBV7-9,TRBJ2-1,ASSLVLGAGNGNEQF,10
TRBV7-9,TRBJ2-1,ASSLVLGAGYNEQF,1
TRBV7-9,TRBJ2-1,ASSLVLGAHNEQF,1
TRBV7-9,TRBJ2-1,ASSLVLGAINEQF,1
TRBV7-9,TRBJ2-1,ASSLVLGALYHEQF,1
TRBV7-9,TRBJ2-1,ASSLVLGANEQF,15
TRBV7-9,TRBJ2-1,ASSLVLGANNEQF,1
TRBV7-9,TRBJ2-1,ASSLVLGAQRDPNEQF,1
TRBV7-9,TRBJ2-1,ASSLVLGARHNEQF,1
TRBV7-9,TRBJ2-1,ASSLVLGARQNEQF,1
TRBV7-9,TRBJ2-1,ASSLVLGARYNEQF,1
TRBV7-9,TRBJ2-1,ASSLVLGASERSYNEQF,1
TRBV7-9,TRBJ2-1,ASSLVLGASGNEQF,1
TRBV7-9,TRBJ2-1,ASSLVLGATNEQF,2
TRBV7-9,TRBJ2-1,ASSLVLGATSNEQF,1
TRBV7-9,TRBJ2-1,ASSLVLGAWNEKL,1
TRBV7-9,TRBJ2-1,ASSLVLGAYAYNEQF,1
TRBV7-9,TRBJ2-1,ASSLVLGAYHEKF,1
TRBV7-9,TRBJ2-1,ASSLVLGAYHEQC,1
TRBV7-9,TRBJ2-1,ASSLVLGAYIELF,1
TRBV7-9,TRBJ2-1,ASSLVLGAYKELC,1
TRBV7-9,TRBJ2-1,ASSLVLGAYKEQF,5
TRBV7-9,TRBJ2-1,ASSLVLGAYKGKF,1
TRBV7-9,TRBJ2-1,ASSLVLGAYLGQF,1
TRBV7-9,TRBJ2-1,ASSLVLGAYNAQF,4
TRBV7-9,TRBJ2-1,ASSLVLGAYNDQF,1
TRBV7-9,TRBJ2-1,ASSLVLGAYNEEF,2
TRBV7-9,TRBJ2-1,ASSLVLGAYNEKF,1
TRBV7-9,TRBJ2-1,ASSLVLGAYNELF,2
TRBV7-9,TRBJ2-1,ASSLVLGAYNEQC,1
TRBV7-9,TRBJ2-1,ASSLVLGAYNEQF,44
TRBV7-9,TRBJ2-1,ASSLVLGAYNEQG,1
TRBV7-9,TRBJ2-1,ASSLVLGAYNEQI,1
TRBV7-9,TRBJ2-1,ASSLVLGAYNEQL,1
TRBV7-9,TRBJ2-1,ASSLVLGAYNEQV,1
TRBV7-9,TRBJ2-1,ASSLVLGAYNGQF,1
TRBV7-9,TRBJ2-1,ASSLVLGAYNKQF,2
TRBV7-9,TRBJ2-1,ASSLVLGAYNRQF,1
TRBV7-9,TRBJ2-1,ASSLVLGAYNVQL,1
TRBV7-9,TRBJ2-1,ASSLVLGAYQEQC,1
TRBV7-9,TRBJ2-1,ASSLVLGDDNEQF,1
TRBV7-9,TRBJ2-1,ASSLVLGDEQF,47
TRBV7-9,TRBJ2-1,ASSLVLGDHEQF,1
TRBV7-9,TRBJ2-1,ASSLVLGDNEQF,12
TRBV7-9,TRBJ2-1,ASSLVLGDRAYNEQF,1
TRBV7-9,TRBJ2-1,ASSLVLGDRNEQF,1
TRBV7-9,TRBJ2-1,ASSLVLGDSYNEQF,1
TRBV7-9,TRBJ2-1,ASSLVLGDTEQF,1
TRBV7-9,TRBJ2-1,ASSLVLGDYEQF,1
TRBV7-9,TRBJ2-1,ASSLVLGDYNEQF,9
TRBV7-9,TRBJ2-1,ASSLVLGDYNEQV,1
TRBV7-9,TRBJ2-1,ASSLVLGEANEQF,1
TRBV7-9,TRBJ2-1,ASSLVLGEDPYPSYNEQF,4
TRBV7-9,TRBJ2-1,ASSLVLGEEYNEQF,1
TRBV7-9,TRBJ2-1,ASSLVLGEFYNEQF,15
TRBV7-9,TRBJ2-1,ASSLVLGEFYTEQF,1
TRBV7-9,TRBJ2-1,ASSLVLGEGGDEQF,1
TRBV7-9,TRBJ2-1,ASSLVLGEGHNEQF,3
TRBV7-9,TRBJ2-1,ASSLVLGEGNEQF,1
TRBV7-9,TRBJ2-1,ASSLVLGEGPFYNEQF,1
TRBV7-9,TRBJ2-1,ASSLVLGELYIEQF,1
TRBV7-9,TRBJ2-1,ASSLVLGELYNEQF,14
TRBV7-9,TRBJ2-1,ASSLVLGELYNEQL,1
TRBV7-9,TRBJ2-1,ASSLVLGEQF,12
TRBV7-9,TRBJ2-1,ASSLVLGEQY,1
TRBV7-9,TRBJ2-1,ASSLVLGESAYNEQF,1
TRBV7-9,TRBJ2-1,ASSLVLGESSYNEQF,1
TRBV7-9,TRBJ2-1,ASSLVLGESYNEQF,1
TRBV7-9,TRBJ2-1,ASSLVLGETEQF,14
TRBV7-9,TRBJ2-1,ASSLVLGEVGHEQF,1
TRBV7-9,TRBJ2-1,ASSLVLGFNNEQF,1
TRBV7-9,TRBJ2-1,ASSLVLGFNSYNEQF,1
TRBV7-9,TRBJ2-1,ASSLVLGFYNEQF,9
TRBV7-9,TRBJ2-1,ASSLVLGGADEQF,2
TRBV7-9,TRBJ2-1,ASSLVLGGAGDEQF,1
TRBV7-9,TRBJ2-1,ASSLVLGGAIYNEQF,1
TRBV7-9,TRBJ2-1,ASSLVLGGANNEQF,13
TRBV7-9,TRBJ2-1,ASSLVLGGDEQF,2
TRBV7-9,TRBJ2-1,ASSLVLGGDNAQF,1
TRBV7-9,TRBJ2-1,ASSLVLGGDNEQF,15
TRBV7-9,TRBJ2-1,ASSLVLGGDRYPADNEQF,1
TRBV7-9,TRBJ2-1,ASSLVLGGDYPYNEQF,4
TRBV7-9,TRBJ2-1,ASSLVLGGEEQF,3
TRBV7-9,TRBJ2-1,ASSLVLGGEGQNEQF,1
TRBV7-9,TRBJ2-1,ASSLVLGGEQF,16
TRBV7-9,TRBJ2-1,ASSLVLGGESFPYNEQF,2
TRBV7-9,TRBJ2-1,ASSLVLGGFHEQF,1
TRBV7-9,TRBJ2-1,ASSLVLGGGDEQF,1
TRBV7-9,TRBJ2-1,ASSLVLGGGGDNEQF,1
TRBV7-9,TRBJ2-1,ASSLVLGGGKYEQF,1
TRBV7-9,TRBJ2-1,ASSLVLGGGNNEQF,1
TRBV7-9,TRBJ2-1,ASSLVLGGHEQF,1
TRBV7-9,TRBJ2-1,ASSLVLGGHNEQF,1
TRBV7-9,TRBJ2-1,ASSLVLGGIYNEQF,1
TRBV7-9,TRBJ2-1,ASSLVLGGKEQF,1
TRBV7-9,TRBJ2-1,ASSLVLGGLGGEQF,22
TRBV7-9,TRBJ2-1,ASSLVLGGNEQF,28
TRBV7-9,TRBJ2-1,ASSLVLGGNNEQF,1
TRBV7-9,TRBJ2-1,ASSLVLGGNNNEQF,1
TRBV7-9,TRBJ2-1,ASSLVLGGPNEQF,17
TRBV7-9,TRBJ2-1,ASSLVLGGPNERF,1
TRBV7-9,TRBJ2-1,ASSLVLGGPRDNEQF,1
TRBV7-9,TRBJ2-1,ASSLVLGGPSNEQF,1
TRBV7-9,TRBJ2-1,ASSLVLGGPVNEQF,1
TRBV7-9,TRBJ2-1,ASSLVLGGPYNEQF,1
TRBV7-9,TRBJ2-1,ASSLVLGGQNNEQF,8
TRBV7-9,TRBJ2-1,ASSLVLGGRAGDEQF,1
TRBV7-9,TRBJ2-1,ASSLVLGGRANEQF,15
TRBV7-9,TRBJ2-1,ASSLVLGGRDYNEQF,1
TRBV7-9,TRBJ2-1,ASSLVLGGRMGNEQF,8
TRBV7-9,TRBJ2-1,ASSLVLGGRPSSYNEQF,1
TRBV7-9,TRBJ2-1,ASSLVLGGRQNNEQF,4
TRBV7-9,TRBJ2-1,ASSLVLGGRVDEQF,7
TRBV7-9,TRBJ2-1,ASSLVLGGSRLNEQF,1
TRBV7-9,TRBJ2-1,ASSLVLGGSRRKEQF,1
TRBV7-9,TRBJ2-1,ASSLVLGGSRRNDQF,1
TRBV7-9,TRBJ2-1,ASSLVLGGSRRNEHL,1
TRBV7-9,TRBJ2-1,ASSLVLGGSRRNEQF,76
TRBV7-9,TRBJ2-1,ASSLVLGGSRRNQQF,1
TRBV7-9,TRBJ2-1,ASSLVLGGSSHEQF,1
TRBV7-9,TRBJ2-1,ASSLVLGGSTRNEQF,2
TRBV7-9,TRBJ2-1,ASSLVLGGSYNEQF,10
TRBV7-9,TRBJ2-1,ASSLVLGGTGYNEQF,1
TRBV7-9,TRBJ2-1,ASSLVLGGTSGQF,4
TRBV7-9,TRBJ2-1,ASSLVLGGVQDNEQF,1
TRBV7-9,TRBJ2-1,ASSLVLGGWDEQF,1
TRBV7-9,TRBJ2-1,ASSLVLGGWGGEQF,1
TRBV7-9,TRBJ2-1,ASSLVLGGYEQF,1
TRBV7-9,TRBJ2-1,ASSLVLGGYNEQF,19
TRBV7-9,TRBJ2-1,ASSLVLGGYYNEQF,1
TRBV7-9,TRBJ2-1,ASSLVLGHEQF,2
TRBV7-9,TRBJ2-1,ASSLVLGHLYNEQF,1
TRBV7-9,TRBJ2-1,ASSLVLGHNEQF,3
TRBV7-9,TRBJ2-1,ASSLVLGHNNEQF,1
TRBV7-9,TRBJ2-1,ASSLVLGHQIYNEQF,1
TRBV7-9,TRBJ2-1,ASSLVLGHRSYNEQF,1
TRBV7-9,TRBJ2-1,ASSLVLGHSSYNEQF,1
TRBV7-9,TRBJ2-1,ASSLVLGIDEQF,2
TRBV7-9,TRBJ2-1,ASSLVLGIDSEQF,1
TRBV7-9,TRBJ2-1,ASSLVLGIESGNEQF,1
TRBV7-9,TRBJ2-1,ASSLVLGIGNEQF,1
TRBV7-9,TRBJ2-1,ASSLVLGINSYNEQF,1
TRBV7-9,TRBJ2-1,ASSLVLGIPNNEQF,1
TRBV7-9,TRBJ2-1,ASSLVLGISGGRYHNEQF,9
TRBV7-9,TRBJ2-1,ASSLVLGIYNEQF,4
TRBV7-9,TRBJ2-1,ASSLVLGKF,7
TRBV7-9,TRBJ2-1,ASSLVLGKKTRESRYNEQF,4
TRBV7-9,TRBJ2-1,ASSLVLGLADNEQF,1
TRBV7-9,TRBJ2-1,ASSLVLGLADNNEQF,1
TRBV7-9,TRBJ2-1,ASSLVLGLAGADNEQF,1
TRBV7-9,TRBJ2-1,ASSLVLGLAGNEQF,1
TRBV7-9,TRBJ2-1,ASSLVLGLAGNNEQF,1
TRBV7-9,TRBJ2-1,ASSLVLGLAGRKDEQF,1
TRBV7-9,TRBJ2-1,ASSLVLGLALNEQF,1
TRBV7-9,TRBJ2-1,ASSLVLGLALYNEQF,1
TRBV7-9,TRBJ2-1,ASSLVLGLANEQF,5
TRBV7-9,TRBJ2-1,ASSLVLGLAPVAGGMGEQF,10
TRBV7-9,TRBJ2-1,ASSLVLGLARNEQF,1
TRBV7-9,TRBJ2-1,ASSLVLGLASPNEQF,1
TRBV7-9,TRBJ2-1,ASSLVLGLDIEQF,2
TRBV7-9,TRBJ2-1,ASSLVLGLDIEQL,1
TRBV7-9,TRBJ2-1,ASSLVLGLDNEQF,5
TRBV7-9,TRBJ2-1,ASSLVLGLDSEQF,13
TRBV7-9,TRBJ2-1,ASSLVLGLEAGKEQF,1
TRBV7-9,TRBJ2-1,ASSLVLGLEAGNEQF,19
TRBV7-9,TRBJ2-1,ASSLVLGLEFDEQF,1
TRBV7-9,TRBJ2-1,ASSLVLGLENEQF,1
TRBV7-9,TRBJ2-1,ASSLVLGLFNEQF,1
TRBV7-9,TRBJ2-1,ASSLVLGLGGPSYNEQF,1
TRBV7-9,TRBJ2-1,ASSLVLGLGKHNNEQF,1
TRBV7-9,TRBJ2-1,ASSLVLGLGNEQF,8
TRBV7-9,TRBJ2-1,ASSLVLGLGSGQF,1
TRBV7-9,TRBJ2-1,ASSLVLGLGTSGSYEQF,1
TRBV7-9,TRBJ2-1,ASSLVLGLGVAEQF,10
TRBV7-9,TRBJ2-1,ASSLVLGLLRNEQF,1
TRBV7-9,TRBJ2-1,ASSLVLGLLSYNEQF,1
TRBV7-9,TRBJ2-1,ASSLVLGLNNEQF,5
TRBV7-9,TRBJ2-1,ASSLVLGLPNEQF,1
TRBV7-9,TRBJ2-1,ASSLVLGLPYYNEQF,1
TRBV7-9,TRBJ2-1,ASSLVLGLRDDNEQF,1
TRBV7-9,TRBJ2-1,ASSLVLGLRDEQF,1
TRBV7-9,TRBJ2-1,ASSLVLGLRMGNEQF,1
TRBV7-9,TRBJ2-1,ASSLVLGLRSYNEQF,1
TRBV7-9,TRBJ2-1,ASSLVLGLSSANEQF,9
TRBV7-9,TRBJ2-1,ASSLVLGLVDEQF,1
TRBV7-9,TRBJ2-1,ASSLVLGLYNEQF,1
TRBV7-9,TRBJ2-1,ASSLVLGLYSEQF,1
TRBV7-9,TRBJ2-1,ASSLVLGMNNEQF,1
TRBV7-9,TRBJ2-1,ASSLVLGNDEQF,1
TRBV7-9,TRBJ2-1,ASSLVLGNEQF,37
TRBV7-9,TRBJ2-1,ASSLVLGNGEQF,1
TRBV7-9,TRBJ2-1,ASSLVLGNGNEQF,1
TRBV7-9,TRBJ2-1,ASSLVLGNHEQF,1
TRBV7-9,TRBJ2-1,ASSLVLGNNEQF,17
TRBV7-9,TRBJ2-1,ASSLVLGNYNEQF,3
TRBV7-9,TRBJ2-1,ASSLVLGPAFNEQF,1
TRBV7-9,TRBJ2-1,ASSLVLGPEHEQF,4
TRBV7-9,TRBJ2-1,ASSLVLGPERSYNEQF,1
TRBV7-9,TRBJ2-1,ASSLVLGPKNEQF,1
TRBV7-9,TRBJ2-1,ASSLVLGPKVNEQF,1
TRBV7-9,TRBJ2-1,ASSLVLGPNEQF,5
TRBV7-9,TRBJ2-1,ASSLVLGPPDEQF,7
TRBV7-9,TRBJ2-1,ASSLVLGPQYNEQF,1
TRBV7-9,TRBJ2-1,ASSLVLGPRISGNWWQYNEQF,1
TRBV7-9,TRBJ2-1,ASSLVLGPRPSGNWWQYNEQF,1
TRBV7-9,TRBJ2-1,ASSLVLGPRTSGKWWQYNEQF,1
TRBV7-9,TRBJ2-1,ASSLVLGPRTSGNWWQDDEQF,1
TRBV7-9,TRBJ2-1,ASSLVLGPRTSGNWWQYNEKF,1
TRBV7-9,TRBJ2-1,ASSLVLGPRTSGNWWQYNEQF,19
TRBV7-9,TRBJ2-1,ASSLVLGPRTSGNWWQYNEQV,1
TRBV7-9,TRBJ2-1,ASSLVLGPSMTQF,1
TRBV7-9,TRBJ2-1,ASSLVLGPSYNEQF,1
TRBV7-9,TRBJ2-1,ASSLVLGPYNEPF,1
TRBV7-9,TRBJ2-1,ASSLVLGPYNEQF,5
TRBV7-9,TRBJ2-1,ASSLVLGPYNGLF,1
TRBV7-9,TRBJ2-1,ASSLVLGPYSYNEQF,3
TRBV7-9,TRBJ2-1,ASSLVLGQDNEQF,1
TRBV7-9,TRBJ2-1,ASSLVLGQF,6
TRBV7-9,TRBJ2-1,ASSLVLGQGANEQF,1
TRBV7-9,TRBJ2-1,ASSLVLGQGARNEQF,1
TRBV7-9,TRBJ2-1,ASSLVLGQGDNEQF,1
TRBV7-9,TRBJ2-1,ASSLVLGQGHNEQF,6
TRBV7-9,TRBJ2-1,ASSLVLGQGIIEQF,1
TRBV7-9,TRBJ2-1,ASSLVLGQGSSYNEQF,1
TRBV7-9,TRBJ2-1,ASSLVLGQGTDNEQF,1
TRBV7-9,TRBJ2-1,ASSLVLGQGYEQF,1
TRBV7-9,TRBJ2-1,ASSLVLGQIFYNEQF,1
TRBV7-9,TRBJ2-1,ASSLVLGQLYHEQF,1
TRBV7-9,TRBJ2-1,ASSLVLGQNNEQF,1
TRBV7-9,TRBJ2-1,ASSLVLGQRGDNEQF,1
TRBV7-9,TRBJ2-1,ASSLVLGQRGLGYNEQF,1
TRBV7-9,TRBJ2-1,ASSLVLGQSSYNEQF,1
TRBV7-9,TRBJ2-1,ASSLVLGQVYNEQF,1
TRBV7-9,TRBJ2-1,ASSLVLGQYNEQF,4
TRBV7-9,TRBJ2-1,ASSLVLGRAHEQF,1
TRBV7-9,TRBJ2-1,ASSLVLGRAPEQF,9
TRBV7-9,TRBJ2-1,ASSLVLGRGNEQF,1
TRBV7-9,TRBJ2-1,ASSLVLGRGSSYNEQF,1
TRBV7-9,TRBJ2-1,ASSLVLGRGVRGNEQF,1
TRBV7-9,TRBJ2-1,ASSLVLGRKYNEQF,1
TRBV7-9,TRBJ2-1,ASSLVLGRNEQF,1
TRBV7-9,TRBJ2-1,ASSLVLGRPNEQF,1
TRBV7-9,TRBJ2-1,ASSLVLGRRYNEQF,5
TRBV7-9,TRBJ2-1,ASSLVLGRSRRNEQF,1
TRBV7-9,TRBJ2-1,ASSLVLGRTVLAGNEQF,14
TRBV7-9,TRBJ2-1,ASSLVLGRTYNEQF,1
TRBV7-9,TRBJ2-1,ASSLVLGRVAYNEQF,19
TRBV7-9,TRBJ2-1,ASSLVLGRYNEQF,2
TRBV7-9,TRBJ2-1,ASSLVLGSAHEQF,1
TRBV7-9,TRBJ2-1,ASSLVLGSDLITTSGEHNEQF,1
TRBV7-9,TRBJ2-1,ASSLVLGSENEQF,1
TRBV7-9,TRBJ2-1,ASSLVLGSFYNEQF,1
TRBV7-9,TRBJ2-1,ASSLVLGSGASYNEQF,1
TRBV7-9,TRBJ2-1,ASSLVLGSGDDEQF,1
TRBV7-9,TRBJ2-1,ASSLVLGSGGSYNEQF,2
TRBV7-9,TRBJ2-1,ASSLVLGSGQYNEQF,1
TRBV7-9,TRBJ2-1,ASSLVLGSGSYNEQF,3
TRBV7-9,TRBJ2-1,ASSLVLGSHNEQF,2
TRBV7-9,TRBJ2-1,ASSLVLGSLADSYNEQF,1
TRBV7-9,TRBJ2-1,ASSLVLGSLPHNEQF,1
TRBV7-9,TRBJ2-1,ASSLVLGSMGLDLNEQF,1
TRBV7-9,TRBJ2-1,ASSLVLGSNEQF,2
TRBV7-9,TRBJ2-1,ASSLVLGSNNEQF,2
TRBV7-9,TRBJ2-1,ASSLVLGSPF,8
TRBV7-9,TRBJ2-1,ASSLVLGSPLIAGADLYNEQF,3
TRBV7-9,TRBJ2-1,ASSLVLGSPNNEQF,1
TRBV7-9,TRBJ2-1,ASSLVLGSSYNEQF,20
TRBV7-9,TRBJ2-1,ASSLVLGSTLIAGADLYNDQF,1
TRBV7-9,TRBJ2-1,ASSLVLGSVEQF,3
TRBV7-9,TRBJ2-1,ASSLVLGSVWNEQF,18
TRBV7-9,TRBJ2-1,ASSLVLGSYIEPF,1
TRBV7-9,TRBJ2-1,ASSLVLGSYNEKF,2
TRBV7-9,TRBJ2-1,ASSLVLGSYNEQC,1
TRBV7-9,TRBJ2-1,ASSLVLGSYNEQF,39
TRBV7-9,TRBJ2-1,ASSLVLGSYNGQI,1
TRBV7-9,TRBJ2-1,ASSLVLGSYQEQF,1
TRBV7-9,TRBJ2-1,ASSLVLGTDEQF,1
TRBV7-9,TRBJ2-1,ASSLVLGTDLITTSGEHNEQF,6
TRBV7-9,TRBJ2-1,ASSLVLGTDYNEQF,1
TRBV7-9,TRBJ2-1,ASSLVLGTEDEQF,1
TRBV7-9,TRBJ2-1,ASSLVLGTEVNEQF,1
TRBV7-9,TRBJ2-1,ASSLVLGTGDEPF,1
TRBV7-9,TRBJ2-1,ASSLVLGTGDEQF,13
TRBV7-9,TRBJ2-1,ASSLVLGTGDVQF,1
TRBV7-9,TRBJ2-1,ASSLVLGTGDYNEQF,4
TRBV7-9,TRBJ2-1,ASSLVLGTGENYNEQF,1
TRBV7-9,TRBJ2-1,ASSLVLGTGGNEQF,2
TRBV7-9,TRBJ2-1,ASSLVLGTGGYNEQF,1
TRBV7-9,TRBJ2-1,ASSLVLGTGHTRSGGQSYNEQF,7
TRBV7-9,TRBJ2-1,ASSLVLGTGTSSYNEQF,1
TRBV7-9,TRBJ2-1,ASSLVLGTGVVYNEQF,2
TRBV7-9,TRBJ2-1,ASSLVLGTNEQF,1
TRBV7-9,TRBJ2-1,ASSLVLGTPDNEQF,2
TRBV7-9,TRBJ2-1,ASSLVLGTPSHEQF,12
TRBV7-9,TRBJ2-1,ASSLVLGTRGYEQF,1
TRBV7-9,TRBJ2-1,ASSLVLGTRINNEQF,1
TRBV7-9,TRBJ2-1,ASSLVLGTRNNEQF,1
TRBV7-9,TRBJ2-1,ASSLVLGTSAEQF,11
TRBV7-9,TRBJ2-1,ASSLVLGTSDEQF,1
TRBV7-9,TRBJ2-1,ASSLVLGTSGGSYNEQF,7
TRBV7-9,TRBJ2-1,ASSLVLGTSGINEQF,1
TRBV7-9,TRBJ2-1,ASSLVLGTSGNYNEQF,4
TRBV7-9,TRBJ2-1,ASSLVLGTSGRIYNEQF,1
TRBV7-9,TRBJ2-1,ASSLVLGTSGRKDNEQF,1
TRBV7-9,TRBJ2-1,ASSLVLGTSIHEQF,1
TRBV7-9,TRBJ2-1,ASSLVLGTSYNEQF,7
TRBV7-9,TRBJ2-1,ASSLVLGTTLGPQDEQF,1
TRBV7-9,TRBJ2-1,ASSLVLGTYNEQF,3
TRBV7-9,TRBJ2-1,ASSLVLGVDRDEQF,1
TRBV7-9,TRBJ2-1,ASSLVLGVFNEQF,1
TRBV7-9,TRBJ2-1,ASSLVLGVGARNEQF,1
TRBV7-9,TRBJ2-1,ASSLVLGVGYNEQF,1
TRBV7-9,TRBJ2-1,ASSLVLGVHNEQF,4
TRBV7-9,TRBJ2-1,ASSLVLGVNEQF,2
TRBV7-9,TRBJ2-1,ASSLVLGVRGDEQF,4
TRBV7-9,TRBJ2-1,ASSLVLGVRKNEQF,1
TRBV7-9,TRBJ2-1,ASSLVLGVSGNEQF,1
TRBV7-9,TRBJ2-1,ASSLVLGVYNEQF,4
TRBV7-9,TRBJ2-1,ASSLVLGWDDAQF,2
TRBV7-9,TRBJ2-1,ASSLVLGWDDEQF,4
TRBV7-9,TRBJ2-1,ASSLVLGWDHEQF,1
TRBV7-9,TRBJ2-1,ASSLVLGWEDEQF,1
TRBV7-9,TRBJ2-1,ASSLVLGWTSDEQF,1
TRBV7-9,TRBJ2-1,ASSLVLGWYNEQF,1
TRBV7-9,TRBJ2-1,ASSLVLGYEQF,20
TRBV7-9,TRBJ2-1,ASSLVLGYNEQF,43
TRBV7-9,TRBJ2-1,ASSLVLGYNQQF,1
TRBV7-9,TRBJ2-1,ASSLVLGYNRVGNEQF,1
TRBV7-9,TRBJ2-1,ASSLVLGYPNEQF,1
TRBV7-9,TRBJ2-1,ASSLVLHEQF,4
TRBV7-9,TRBJ2-1,ASSLVLHHEQF,1
TRBV7-9,TRBJ2-1,ASSLVLHKEQF,1
TRBV7-9,TRBJ2-1,ASSLVLHNEQF,22
TRBV7-9,TRBJ2-1,ASSLVLIDEQF,1
TRBV7-9,TRBJ2-1,ASSLVLIFGDSRDNEQF,1
TRBV7-9,TRBJ2-1,ASSLVLIFGQGNNEQF,1
TRBV7-9,TRBJ2-1,ASSLVLILAGGQSNEQF,1
TRBV7-9,TRBJ2-1,ASSLVLINEQF,14
TRBV7-9,TRBJ2-1,ASSLVLISYNDQF,1
TRBV7-9,TRBJ2-1,ASSLVLISYNEQF,1
TRBV7-9,TRBJ2-1,ASSLVLKAGAVNEQF,1
TRBV7-9,TRBJ2-1,ASSLVLKAQNAQF,1
TRBV7-9,TRBJ2-1,ASSLVLKASNEQF,1
TRBV7-9,TRBJ2-1,ASSLVLKAYNEKF,1
TRBV7-9,TRBJ2-1,ASSLVLKAYNEQF,3
TRBV7-9,TRBJ2-1,ASSLVLKAYNKQF,1
TRBV7-9,TRBJ2-1,ASSLVLKEQF,1
TRBV7-9,TRBJ2-1,ASSLVLKGSNEQF,1
TRBV7-9,TRBJ2-1,ASSLVLKGYNEKF,1
TRBV7-9,TRBJ2-1,ASSLVLKNEQF,1
TRBV7-9,TRBJ2-1,ASSLVLKQGLANEQF,1
TRBV7-9,TRBJ2-1,ASSLVLKRQGYEQF,1
TRBV7-9,TRBJ2-1,ASSLVLKTYIEQV,1
TRBV7-9,TRBJ2-1,ASSLVLLADEQF,1
TRBV7-9,TRBJ2-1,ASSLVLLADNEQF,1
TRBV7-9,TRBJ2-1,ASSLVLLADYNEQF,1
TRBV7-9,TRBJ2-1,ASSLVLLAGASYNEQF,1
TRBV7-9,TRBJ2-1,ASSLVLLAGDDEQF,1
TRBV7-9,TRBJ2-1,ASSLVLLAGDYNEQF,1
TRBV7-9,TRBJ2-1,ASSLVLLAGEMNEQF,14
TRBV7-9,TRBJ2-1,ASSLVLLAGEYNEQF,1
TRBV7-9,TRBJ2-1,ASSLVLLAGGGNEQF,1
TRBV7-9,TRBJ2-1,ASSLVLLAGGGYNEQF,1
TRBV7-9,TRBJ2-1,ASSLVLLAGISGNEQF,1
TRBV7-9,TRBJ2-1,ASSLVLLAGKKDEQF,1
TRBV7-9,TRBJ2-1,ASSLVLLAGNEQF,2
TRBV7-9,TRBJ2-1,ASSLVLLAGQLYNEQF,1
TRBV7-9,TRBJ2-1,ASSLVLLAGVDEQF,3
TRBV7-9,TRBJ2-1,ASSLVLLAGVDGQF,1
TRBV7-9,TRBJ2-1,ASSLVLLAGYNEQF,4
TRBV7-9,TRBJ2-1,ASSLVLLAINEQF,1
TRBV7-9,TRBJ2-1,ASSLVLLARDNEQF,1
TRBV7-9,TRBJ2-1,ASSLVLLARVNEQF,1
TRBV7-9,TRBJ2-1,ASSLVLLATYNEQF,1
TRBV7-9,TRBJ2-1,ASSLVLLAVSSYNEQF,1
TRBV7-9,TRBJ2-1,ASSLVLLAYEQF,1
TRBV7-9,TRBJ2-1,ASSLVLLAYNEQY,1
TRBV7-9,TRBJ2-1,ASSLVLLAYNNHF,1
TRBV7-9,TRBJ2-1,ASSLVLLDEQF,1
TRBV7-9,TRBJ2-1,ASSLVLLDYNEQF,1
TRBV7-9,TRBJ2-1,ASSLVLLEYEQF,8
TRBV7-9,TRBJ2-1,ASSLVLLGARNEQF,9
TRBV7-9,TRBJ2-1,ASSLVLLGGTGLSNEQF,1
TRBV7-9,TRBJ2-1,ASSLVLLGRAVNEQF,1
TRBV7-9,TRBJ2-1,ASSLVLLGRTVHEQF,1
TRBV7-9,TRBJ2-1,ASSLVLLGRTVNEQF,59
TRBV7-9,TRBJ2-1,ASSLVLLGVSSYNEQF,1
TRBV7-9,TRBJ2-1,ASSLVLLHRS,1
TRBV7-9,TRBJ2-1,ASSLVLLINEQF,1
TRBV7-9,TRBJ2-1,ASSLVLLLAGSSYNELF,1
TRBV7-9,TRBJ2-1,ASSLVLLLAGSSYNEQF,4
TRBV7-9,TRBJ2-1,ASSLVLLLNEQF,1
TRBV7-9,TRBJ2-1,ASSLVLLNEQF,1
TRBV7-9,TRBJ2-1,ASSLVLLPENEQF,1
TRBV7-9,TRBJ2-1,ASSLVLLPGATDNEQF,1
TRBV7-9,TRBJ2-1,ASSLVLLPRGWNEQF,1
TRBV7-9,TRBJ2-1,ASSLVLLPYNEQF,1
TRBV7-9,TRBJ2-1,ASSLVLLRGNEQF,1
TRBV7-9,TRBJ2-1,ASSLVLLRRTVNEQF,1
TRBV7-9,TRBJ2-1,ASSLVLLSGNSYNEQF,1
TRBV7-9,TRBJ2-1,ASSLVLLSYNEQF,3
TRBV7-9,TRBJ2-1,ASSLVLLTYNEQF,1
TRBV7-9,TRBJ2-1,ASSLVLLVDEQF,1
TRBV7-9,TRBJ2-1,ASSLVLLVLPIT,6
TRBV7-9,TRBJ2-1,ASSLVLLYNEQF,1
TRBV7-9,TRBJ2-1,ASSLVLMANNEQF,1
TRBV7-9,TRBJ2-1,ASSLVLMFGPGGYNEQF,1
TRBV7-9,TRBJ2-1,ASSLVLMGDEQF,1
TRBV7-9,TRBJ2-1,ASSLVLMGEGLHNEQF,1
TRBV7-9,TRBJ2-1,ASSLVLMIGQF,1
TRBV7-9,TRBJ2-1,ASSLVLMNEQF,2
TRBV7-9,TRBJ2-1,ASSLVLMYNEQF,1
TRBV7-9,TRBJ2-1,ASSLVLNAGNNEQF,1
TRBV7-9,TRBJ2-1,ASSLVLNEGRRYNEQF,1
TRBV7-9,TRBJ2-1,ASSLVLNEQC,1
TRBV7-9,TRBJ2-1,ASSLVLNEQF,45
TRBV7-9,TRBJ2-1,ASSLVLNEQS,1
TRBV7-9,TRBJ2-1,ASSLVLNGESEQF,1
TRBV7-9,TRBJ2-1,ASSLVLNHEQF,4
TRBV7-9,TRBJ2-1,ASSLVLNHNEQF,1
TRBV7-9,TRBJ2-1,ASSLVLNKEQF,1
TRBV7-9,TRBJ2-1,ASSLVLNKNNEQF,1
TRBV7-9,TRBJ2-1,ASSLVLNNEQF,20
TRBV7-9,TRBJ2-1,ASSLVLNPHKEQF,1
TRBV7-9,TRBJ2-1,ASSLVLNPTGYNEQF,1
TRBV7-9,TRBJ2-1,ASSLVLNPYNEQF,4
TRBV7-9,TRBJ2-1,ASSLVLNRGTGNEQF,1
TRBV7-9,TRBJ2-1,ASSLVLNSGLYNEQF,1
TRBV7-9,TRBJ2-1,ASSLVLNSYNEQF,8
TRBV7-9,TRBJ2-1,ASSLVLNYNEQF,1
TRBV7-9,TRBJ2-1,ASSLVLNYYRNNEQF,1
TRBV7-9,TRBJ2-1,ASSLVLPANEQF,1
TRBV7-9,TRBJ2-1,ASSLVLPAQQF,8
TRBV7-9,TRBJ2-1,ASSLVLPAYNEQF,2
TRBV7-9,TRBJ2-1,ASSLVLPDEQF,1
TRBV7-9,TRBJ2-1,ASSLVLPDNEQF,1
TRBV7-9,TRBJ2-1,ASSLVLPEQF,7
TRBV7-9,TRBJ2-1,ASSLVLPFYNEQF,1
TRBV7-9,TRBJ2-1,ASSLVLPGDEQF,1
TRBV7-9,TRBJ2-1,ASSLVLPGHEQF,1
TRBV7-9,TRBJ2-1,ASSLVLPGNEQF,15
TRBV7-9,TRBJ2-1,ASSLVLPGPNEQF,1
TRBV7-9,TRBJ2-1,ASSLVLPGSYNEQF,1
TRBV7-9,TRBJ2-1,ASSLVLPGYNEQF,2
TRBV7-9,TRBJ2-1,ASSLVLPIDEQF,1
TRBV7-9,TRBJ2-1,ASSLVLPLGGSKHEQF,1
TRBV7-9,TRBJ2-1,ASSLVLPLYNEQF,2
TRBV7-9,TRBJ2-1,ASSLVLPNEQF,1
TRBV7-9,TRBJ2-1,ASSLVLPNNEQF,6
TRBV7-9,TRBJ2-1,ASSLVLPQEDEQF,1
TRBV7-9,TRBJ2-1,ASSLVLPQYRGPYNEQF,1
TRBV7-9,TRBJ2-1,ASSLVLPRPTGEQF,5
TRBV7-9,TRBJ2-1,ASSLVLPSGVLPHEQF,1
TRBV7-9,TRBJ2-1,ASSLVLPSLNEQF,1
TRBV7-9,TRBJ2-1,ASSLVLPSMNEQF,5
TRBV7-9,TRBJ2-1,ASSLVLPSNEQF,1
TRBV7-9,TRBJ2-1,ASSLVLPSPGNEHF,1
TRBV7-9,TRBJ2-1,ASSLVLPSPGNEQF,11
TRBV7-9,TRBJ2-1,ASSLVLPSRNEQF,6
TRBV7-9,TRBJ2-1,ASSLVLPSYNEQF,5
TRBV7-9,TRBJ2-1,ASSLVLPVGVNEQF,1
TRBV7-9,TRBJ2-1,ASSLVLPVIHEQF,1
TRBV7-9,TRBJ2-1,ASSLVLPVSYNEQF,1
TRBV7-9,TRBJ2-1,ASSLVLPYNEQF,4
TRBV7-9,TRBJ2-1,ASSLVLQAYNAQF,1
TRBV7-9,TRBJ2-1,ASSLVLQAYNEQF,1
TRBV7-9,TRBJ2-1,ASSLVLQAYNKYF,1
TRBV7-9,TRBJ2-1,ASSLVLQAYQVQF,1
TRBV7-9,TRBJ2-1,ASSLVLQAYTEQF,1
TRBV7-9,TRBJ2-1,ASSLVLQDNEQF,1
TRBV7-9,TRBJ2-1,ASSLVLQFDNEQF,1
TRBV7-9,TRBJ2-1,ASSLVLQFNEQF,1
TRBV7-9,TRBJ2-1,ASSLVLQGANEQF,14
TRBV7-9,TRBJ2-1,ASSLVLQGATYNEQF,6
TRBV7-9,TRBJ2-1,ASSLVLQGATYNEQI,2
TRBV7-9,TRBJ2-1,ASSLVLQGAYEQF,1
TRBV7-9,TRBJ2-1,ASSLVLQGDDEQF,1
TRBV7-9,TRBJ2-1,ASSLVLQGGNEQF,1
TRBV7-9,TRBJ2-1,ASSLVLQGNEQF,1
TRBV7-9,TRBJ2-1,ASSLVLQGPYNEQF,1
TRBV7-9,TRBJ2-1,ASSLVLQGREQF,1
TRBV7-9,TRBJ2-1,ASSLVLQGWYNEQF,1
TRBV7-9,TRBJ2-1,ASSLVLQITANEQF,1
TRBV7-9,TRBJ2-1,ASSLVLQKDNEQF,4
TRBV7-9,TRBJ2-1,ASSLVLQNNEQF,1
TRBV7-9,TRBJ2-1,ASSLVLQNYNEQF,1
TRBV7-9,TRBJ2-1,ASSLVLQPYNEQF,9
TRBV7-9,TRBJ2-1,ASSLVLQREGSYNEQF,1
TRBV7-9,TRBJ2-1,ASSLVLQRNEQF,1
TRBV7-9,TRBJ2-1,ASSLVLQSSYNEQF,1
TRBV7-9,TRBJ2-1,ASSLVLQTSNNEQF,1
TRBV7-9,TRBJ2-1,ASSLVLQVYEQF,1
TRBV7-9,TRBJ2-1,ASSLVLQVYNEQF,1
TRBV7-9,TRBJ2-1,ASSLVLRADQF,1
TRBV7-9,TRBJ2-1,ASSLVLRAEQF,28
TRBV7-9,TRBJ2-1,ASSLVLRAGANEQF,1
TRBV7-9,TRBJ2-1,ASSLVLRAHEQF,1
TRBV7-9,TRBJ2-1,ASSLVLRAHNEQF,1
TRBV7-9,TRBJ2-1,ASSLVLRAYNEQF,2
TRBV7-9,TRBJ2-1,ASSLVLRDEQF,27
TRBV7-9,TRBJ2-1,ASSLVLRDEYNEQF,1
TRBV7-9,TRBJ2-1,ASSLVLRDGYNEQF,1
TRBV7-9,TRBJ2-1,ASSLVLRDNEQF,1
TRBV7-9,TRBJ2-1,ASSLVLRDRDEQF,1
TRBV7-9,TRBJ2-1,ASSLVLRDRGYNEQF,4
TRBV7-9,TRBJ2-1,ASSLVLRDRNFVDEQF,1
TRBV7-9,TRBJ2-1,ASSLVLRDRYNEQF,2
TRBV7-9,TRBJ2-1,ASSLVLREGLDEQF,1
TRBV7-9,TRBJ2-1,ASSLVLREGLNEQF,1
TRBV7-9,TRBJ2-1,ASSLVLREGPYNEQF,1
TRBV7-9,TRBJ2-1,ASSLVLRELRNEQF,1
TRBV7-9,TRBJ2-1,ASSLVLRERNEQF,1
TRBV7-9,TRBJ2-1,ASSLVLRESSYNEQF,3
TRBV7-9,TRBJ2-1,ASSLVLRETNEQF,1
TRBV7-9,TRBJ2-1,ASSLVLREVYNEQF,1
TRBV7-9,TRBJ2-1,ASSLVLRGADEQF,1
TRBV7-9,TRBJ2-1,ASSLVLRGDNEQF,1
TRBV7-9,TRBJ2-1,ASSLVLRGDQYNEQF,1
TRBV7-9,TRBJ2-1,ASSLVLRGGGDEQF,1
TRBV7-9,TRBJ2-1,ASSLVLRGHNEQF,1
TRBV7-9,TRBJ2-1,ASSLVLRGINEQF,1
TRBV7-9,TRBJ2-1,ASSLVLRGLADEQF,1
TRBV7-9,TRBJ2-1,ASSLVLRGLGDEQF,1
TRBV7-9,TRBJ2-1,ASSLVLRGLNEQF,12
TRBV7-9,TRBJ2-1,ASSLVLRGNEQF,3
TRBV7-9,TRBJ2-1,ASSLVLRGNNEQF,1
TRBV7-9,TRBJ2-1,ASSLVLRGPASSYNEQF,1
TRBV7-9,TRBJ2-1,ASSLVLRGPGYNEQF,1
TRBV7-9,TRBJ2-1,ASSLVLRGQTGSYNEQF,1
TRBV7-9,TRBJ2-1,ASSLVLRGRNEQF,1
TRBV7-9,TRBJ2-1,ASSLVLRGRRSYNEQF,1
TRBV7-9,TRBJ2-1,ASSLVLRGSGNEQF,1
TRBV7-9,TRBJ2-1,ASSLVLRGSNEQF,2
TRBV7-9,TRBJ2-1,ASSLVLRGVNEQF,1
TRBV7-9,TRBJ2-1,ASSLVLRISPYNEQF,1
TRBV7-9,TRBJ2-1,ASSLVLRKGSYNEQF,1
TRBV7-9,TRBJ2-1,ASSLVLRLAGDGDEQF,1
TRBV7-9,TRBJ2-1,ASSLVLRLDYNEQF,1
TRBV7-9,TRBJ2-1,ASSLVLRLEADNEQF,1
TRBV7-9,TRBJ2-1,ASSLVLRLEQF,6
TRBV7-9,TRBJ2-1,ASSLVLRLEQY,1
TRBV7-9,TRBJ2-1,ASSLVLRLHNEQF,1
TRBV7-9,TRBJ2-1,ASSLVLRLPSSYNEQF,1
TRBV7-9,TRBJ2-1,ASSLVLRNDQC,1
TRBV7-9,TRBJ2-1,ASSLVLRNEQF,33
TRBV7-9,TRBJ2-1,ASSLVLRNNEQF,1
TRBV7-9,TRBJ2-1,ASSLVLRNYNEQF,1
TRBV7-9,TRBJ2-1,ASSLVLRPDEQF,2
TRBV7-9,TRBJ2-1,ASSLVLRPNNEQF,1
TRBV7-9,TRBJ2-1,ASSLVLRPYNEQF,1
TRBV7-9,TRBJ2-1,ASSLVLRQGHNEQF,1
TRBV7-9,TRBJ2-1,ASSLVLRQGPYNEQF,5
TRBV7-9,TRBJ2-1,ASSLVLRQGYYNEQF,1
TRBV7-9,TRBJ2-1,ASSLVLRRRNEQF,1
TRBV7-9,TRBJ2-1,ASSLVLRSHNEQF,2
TRBV7-9,TRBJ2-1,ASSLVLRSYNEQF,13
TRBV7-9,TRBJ2-1,ASSLVLRTEQF,1
TRBV7-9,TRBJ2-1,ASSLVLRTGHYNEQF,1
TRBV7-9,TRBJ2-1,ASSLVLRTNNEQF,1
TRBV7-9,TRBJ2-1,ASSLVLRTNSYNEQF,1
TRBV7-9,TRBJ2-1,ASSLVLRTRGGYNEQF,1
TRBV7-9,TRBJ2-1,ASSLVLRTSGSYEQF,1
TRBV7-9,TRBJ2-1,ASSLVLRTSGYNEQF,1
TRBV7-9,TRBJ2-1,ASSLVLRVAYNEQF,10
TRBV7-9,TRBJ2-1,ASSLVLRVAYNEQS,2
TRBV7-9,TRBJ2-1,ASSLVLRVDEQF,11
TRBV7-9,TRBJ2-1,ASSLVLRVNEQF,1
TRBV7-9,TRBJ2-1,ASSLVLRYNEQF,2
TRBV7-9,TRBJ2-1,ASSLVLSAGAYNEQF,6
TRBV7-9,TRBJ2-1,ASSLVLSAGDWNEQF,9
TRBV7-9,TRBJ2-1,ASSLVLSAGGPHEQF,1
TRBV7-9,TRBJ2-1,ASSLVLSAGVPNEQF,1
TRBV7-9,TRBJ2-1,ASSLVLSANEQF,1
TRBV7-9,TRBJ2-1,ASSLVLSANNEQF,1
TRBV7-9,TRBJ2-1,ASSLVLSAYNEQF,9
TRBV7-9,TRBJ2-1,ASSLVLSDSYNEQF,10
TRBV7-9,TRBJ2-1,ASSLVLSGAVSYNEQF,1
TRBV7-9,TRBJ2-1,ASSLVLSGDNEQF,9
TRBV7-9,TRBJ2-1,ASSLVLSGDPRIDEQF,1
TRBV7-9,TRBJ2-1,ASSLVLSGEQF,7
TRBV7-9,TRBJ2-1,ASSLVLSGFNEQF,1
TRBV7-9,TRBJ2-1,ASSLVLSGGNEQF,1
TRBV7-9,TRBJ2-1,ASSLVLSGGYNEQF,1
TRBV7-9,TRBJ2-1,ASSLVLSGILYEQF,1
TRBV7-9,TRBJ2-1,ASSLVLSGISSYNEQF,1
TRBV7-9,TRBJ2-1,ASSLVLSGLAYNEQF,1
TRBV7-9,TRBJ2-1,ASSLVLSGLPNEQF,1
TRBV7-9,TRBJ2-1,ASSLVLSGMDEQF,8
TRBV7-9,TRBJ2-1,ASSLVLSGNEQF,5
TRBV7-9,TRBJ2-1,ASSLVLSGRASYNEQF,1
TRBV7-9,TRBJ2-1,ASSLVLSGRAYSYNEQF,1
TRBV7-9,TRBJ2-1,ASSLVLSGRNEQF,4
TRBV7-9,TRBJ2-1,ASSLVLSGSMDEQF,1
TRBV7-9,TRBJ2-1,ASSLVLSGSNNEQF,14
TRBV7-9,TRBJ2-1,ASSLVLSGSSYNEQF,1
TRBV7-9,TRBJ2-1,ASSLVLSGSWDEQF,1
TRBV7-9,TRBJ2-1,ASSLVLSGSYEQF,1
TRBV7-9,TRBJ2-1,ASSLVLSGSYNEQF,7
TRBV7-9,TRBJ2-1,ASSLVLSGTRNEQF,1
TRBV7-9,TRBJ2-1,ASSLVLSGVSDEQF,1
TRBV7-9,TRBJ2-1,ASSLVLSGYNDQF,1
TRBV7-9,TRBJ2-1,ASSLVLSGYNEQF,11
TRBV7-9,TRBJ2-1,ASSLVLSHEQF,1
TRBV7-9,TRBJ2-1,ASSLVLSHNEQF,5
TRBV7-9,TRBJ2-1,ASSLVLSLAASGYNEQF,1
TRBV7-9,TRBJ2-1,ASSLVLSLAGVNEQF,1
TRBV7-9,TRBJ2-1,ASSLVLSLGSYNEQF,1
TRBV7-9,TRBJ2-1,ASSLVLSNEHF,1
TRBV7-9,TRBJ2-1,ASSLVLSNEQF,20
TRBV7-9,TRBJ2-1,ASSLVLSPKSHNEQF,1
TRBV7-9,TRBJ2-1,ASSLVLSPNEQF,4
TRBV7-9,TRBJ2-1,ASSLVLSPSYNEQF,1
TRBV7-9,TRBJ2-1,ASSLVLSPYNEQF,2
TRBV7-9,TRBJ2-1,ASSLVLSRDNEQF,1
TRBV7-9,TRBJ2-1,ASSLVLSRDRVDNEQF,1
TRBV7-9,TRBJ2-1,ASSLVLSRGAVSSYNEQF,7
TRBV7-9,TRBJ2-1,ASSLVLSRYNEQF,1
TRBV7-9,TRBJ2-1,ASSLVLSSEHYNEQF,1
TRBV7-9,TRBJ2-1,ASSLVLSSEQQRNNEQF,1
TRBV7-9,TRBJ2-1,ASSLVLSSFNEQF,6
TRBV7-9,TRBJ2-1,ASSLVLSSGNEQF,1
TRBV7-9,TRBJ2-1,ASSLVLSSGRVKGNEQF,1
TRBV7-9,TRBJ2-1,ASSLVLSSGSHEQF,1
TRBV7-9,TRBJ2-1,ASSLVLSSGSLYEQF,7
TRBV7-9,TRBJ2-1,ASSLVLSSPDEQF,1
TRBV7-9,TRBJ2-1,ASSLVLSSSPDEQF,1
TRBV7-9,TRBJ2-1,ASSLVLSSTSRKRNEQF,1
TRBV7-9,TRBJ2-1,ASSLVLSSYEQF,1
TRBV7-9,TRBJ2-1,ASSLVLSSYNEQF,13
TRBV7-9,TRBJ2-1,ASSLVLSTAGIYEQF,1
TRBV7-9,TRBJ2-1,ASSLVLSTTYNEQF,1
TRBV7-9,TRBJ2-1,ASSLVLSVDEQF,1
TRBV7-9,TRBJ2-1,ASSLVLSVEQF,1
TRBV7-9,TRBJ2-1,ASSLVLSVGTNEQF,3
TRBV7-9,TRBJ2-1,ASSLVLSVSNEQF,1
TRBV7-9,TRBJ2-1,ASSLVLSVSYNEQF,1
TRBV7-9,TRBJ2-1,ASSLVLSVYNEQF,14
TRBV7-9,TRBJ2-1,ASSLVLSWDGNNEQF,1
TRBV7-9,TRBJ2-1,ASSLVLSYNEQF,21
TRBV7-9,TRBJ2-1,ASSLVLTAAVSSYNEQF,1
TRBV7-9,TRBJ2-1,ASSLVLTAGGGEQF,8
TRBV7-9,TRBJ2-1,ASSLVLTAGGPWDEQF,5
TRBV7-9,TRBJ2-1,ASSLVLTASGAGNEQF,1
TRBV7-9,TRBJ2-1,ASSLVLTAYNEQF,1
TRBV7-9,TRBJ2-1,ASSLVLTDEQF,5
TRBV7-9,TRBJ2-1,ASSLVLTDNEQF,1
TRBV7-9,TRBJ2-1,ASSLVLTGAIGGQF,7
TRBV7-9,TRBJ2-1,ASSLVLTGCRSYNEQF,1
TRBV7-9,TRBJ2-1,ASSLVLTGDNEQF,1
TRBV7-9,TRBJ2-1,ASSLVLTGGASNEQF,7
TRBV7-9,TRBJ2-1,ASSLVLTGGNLLPTAEQF,11
TRBV7-9,TRBJ2-1,ASSLVLTGGPTYNEQF,1
TRBV7-9,TRBJ2-1,ASSLVLTGGRGSYNEQF,2
TRBV7-9,TRBJ2-1,ASSLVLTGGRSDNEQF,1
TRBV7-9,TRBJ2-1,ASSLVLTGGRSYNEHF,1
TRBV7-9,TRBJ2-1,ASSLVLTGGRSYNEQF,31
TRBV7-9,TRBJ2-1,ASSLVLTGGSHNEQF,1
TRBV7-9,TRBJ2-1,ASSLVLTGGVSNEQF,1
TRBV7-9,TRBJ2-1,ASSLVLTGHEQF,1
TRBV7-9,TRBJ2-1,ASSLVLTGIHEQF,1
TRBV7-9,TRBJ2-1,ASSLVLTGNNEQF,1
TRBV7-9,TRBJ2-1,ASSLVLTGSPHEQF,2
TRBV7-9,TRBJ2-1,ASSLVLTGSYNEQF,1
TRBV7-9,TRBJ2-1,ASSLVLTGYGYNEQF,1
TRBV7-9,TRBJ2-1,ASSLVLTGYNEQF,1
TRBV7-9,TRBJ2-1,ASSLVLTGYYNAQF,1
TRBV7-9,TRBJ2-1,ASSLVLTGYYNEQF,2
TRBV7-9,TRBJ2-1,ASSLVLTIGQF,11
TRBV7-9,TRBJ2-1,ASSLVLTNEQC,1
TRBV7-9,TRBJ2-1,ASSLVLTNEQF,12
TRBV7-9,TRBJ2-1,ASSLVLTNLNEQF,1
TRBV7-9,TRBJ2-1,ASSLVLTNLYNEQF,1
TRBV7-9,TRBJ2-1,ASSLVLTNYNEQF,1
TRBV7-9,TRBJ2-1,ASSLVLTPRVNEQF,1
TRBV7-9,TRBJ2-1,ASSLVLTREDEQF,1
TRBV7-9,TRBJ2-1,ASSLVLTRPNEQF,1
TRBV7-9,TRBJ2-1,ASSLVLTSDVLQDEQF,1
TRBV7-9,TRBJ2-1,ASSLVLTSEQF,9
TRBV7-9,TRBJ2-1,ASSLVLTSGGTSYEQF,1
TRBV7-9,TRBJ2-1,ASSLVLTSGISSYNEQF,1
TRBV7-9,TRBJ2-1,ASSLVLTSGLDNEQF,1
TRBV7-9,TRBJ2-1,ASSLVLTSGMGNEQF,1
TRBV7-9,TRBJ2-1,ASSLVLTSGMRNEQF,1
TRBV7-9,TRBJ2-1,ASSLVLTSGRAAHEQF,1
TRBV7-9,TRBJ2-1,ASSLVLTSGRDEQF,1
TRBV7-9,TRBJ2-1,ASSLVLTSGSGSYNEQF,1
TRBV7-9,TRBJ2-1,ASSLVLTSGSSYNEQF,1
TRBV7-9,TRBJ2-1,ASSLVLTSGVYNEQF,1
TRBV7-9,TRBJ2-1,ASSLVLTSNEQF,1
TRBV7-9,TRBJ2-1,ASSLVLTSNSYNEQF,1
TRBV7-9,TRBJ2-1,ASSLVLTSSNEQF,13
TRBV7-9,TRBJ2-1,ASSLVLTSSTHEQF,1
TRBV7-9,TRBJ2-1,ASSLVLTSSYNEQF,3
TRBV7-9,TRBJ2-1,ASSLVLTSYNEQF,4
TRBV7-9,TRBJ2-1,ASSLVLTTSEHNGQF,1
TRBV7-9,TRBJ2-1,ASSLVLTVFNEQF,1
TRBV7-9,TRBJ2-1,ASSLVLTVYNEQF,3
TRBV7-9,TRBJ2-1,ASSLVLTYAGTEANEQF,1
TRBV7-9,TRBJ2-1,ASSLVLTYEQF,5
TRBV7-9,TRBJ2-1,ASSLVLTYNEQF,23
TRBV7-9,TRBJ2-1,ASSLVLVADEQF,1
TRBV7-9,TRBJ2-1,ASSLVLVADNAHF,1
TRBV7-9,TRBJ2-1,ASSLVLVAENEQF,1
TRBV7-9,TRBJ2-1,ASSLVLVAGLFEQF,1
TRBV7-9,TRBJ2-1,ASSLVLVAGNEQF,1
TRBV7-9,TRBJ2-1,ASSLVLVAGSNEQF,5
TRBV7-9,TRBJ2-1,ASSLVLVAGVFEQF,10
TRBV7-9,TRBJ2-1,ASSLVLVANTNEQF,1
TRBV7-9,TRBJ2-1,ASSLVLVARNEQF,1
TRBV7-9,TRBJ2-1,ASSLVLVASSYNEQF,1
TRBV7-9,TRBJ2-1,ASSLVLVAWVNEQF,1
TRBV7-9,TRBJ2-1,ASSLVLVAYHEQF,1
TRBV7-9,TRBJ2-1,ASSLVLVAYHVQF,1
TRBV7-9,TRBJ2-1,ASSLVLVAYIELF,1
TRBV7-9,TRBJ2-1,ASSLVLVAYIEQF,1
TRBV7-9,TRBJ2-1,ASSLVLVAYKAQF,1
TRBV7-9,TRBJ2-1,ASSLVLVAYKEQC,1
TRBV7-9,TRBJ2-1,ASSLVLVAYMGQC,1
TRBV7-9,TRBJ2-1,ASSLVLVAYNAQF,1
TRBV7-9,TRBJ2-1,ASSLVLVAYNEHF,1
TRBV7-9,TRBJ2-1,ASSLVLVAYNEPF,1
TRBV7-9,TRBJ2-1,ASSLVLVAYNEQC,1
TRBV7-9,TRBJ2-1,ASSLVLVAYNEQF,20
TRBV7-9,TRBJ2-1,ASSLVLVAYNEQI,1
TRBV7-9,TRBJ2-1,ASSLVLVAYNEQV,1
TRBV7-9,TRBJ2-1,ASSLVLVAYNEVF,1
TRBV7-9,TRBJ2-1,ASSLVLVAYNGHF,1
TRBV7-9,TRBJ2-1,ASSLVLVAYNKQF,2
TRBV7-9,TRBJ2-1,ASSLVLVAYNNKF,1
TRBV7-9,TRBJ2-1,ASSLVLVAYNVQF,1
TRBV7-9,TRBJ2-1,ASSLVLVAYYEQF,1
TRBV7-9,TRBJ2-1,ASSLVLVDEQF,15
TRBV7-9,TRBJ2-1,ASSLVLVDHNEQF,14
TRBV7-9,TRBJ2-1,ASSLVLVDYNEQF,1
TRBV7-9,TRBJ2-1,ASSLVLVDYNETF,1
TRBV7-9,TRBJ2-1,ASSLVLVEFYNEQF,1
TRBV7-9,TRBJ2-1,ASSLVLVEGDEQF,1
TRBV7-9,TRBJ2-1,ASSLVLVELYNEQF,1
TRBV7-9,TRBJ2-1,ASSLVLVGATNEQF,1
TRBV7-9,TRBJ2-1,ASSLVLVGAVNEQF,1
TRBV7-9,TRBJ2-1,ASSLVLVGDEQF,1
TRBV7-9,TRBJ2-1,ASSLVLVGDNEQF,1
TRBV7-9,TRBJ2-1,ASSLVLVGENEHF,1
TRBV7-9,TRBJ2-1,ASSLVLVGGRYNEQF,1
TRBV7-9,TRBJ2-1,ASSLVLVGLAGGNEQF,1
TRBV7-9,TRBJ2-1,ASSLVLVGNEQF,4
TRBV7-9,TRBJ2-1,ASSLVLVGRGWGNEQF,1
TRBV7-9,TRBJ2-1,ASSLVLVGSNEQF,1
TRBV7-9,TRBJ2-1,ASSLVLVGSRRNEQF,1
TRBV7-9,TRBJ2-1,ASSLVLVGSSYNEQF,13
TRBV7-9,TRBJ2-1,ASSLVLVGSYNEQF,8
TRBV7-9,TRBJ2-1,ASSLVLVHEQF,4
TRBV7-9,TRBJ2-1,ASSLVLVIAGGDNEQF,1
TRBV7-9,TRBJ2-1,ASSLVLVKGMF,16
TRBV7-9,TRBJ2-1,ASSLVLVLAGNEQF,3
TRBV7-9,TRBJ2-1,ASSLVLVLAGPPVMF,14
TRBV7-9,TRBJ2-1,ASSLVLVLEGDEQF,1
TRBV7-9,TRBJ2-1,ASSLVLVLNEQF,1
TRBV7-9,TRBJ2-1,ASSLVLVLNGHYNEQF,16
TRBV7-9,TRBJ2-1,ASSLVLVNAAQF,1
TRBV7-9,TRBJ2-1,ASSLVLVNAEHF,1
TRBV7-9,TRBJ2-1,ASSLVLVNAEHV,1
TRBV7-9,TRBJ2-1,ASSLVLVNAEQC,1
TRBV7-9,TRBJ2-1,ASSLVLVNAEQF,79
TRBV7-9,TRBJ2-1,ASSLVLVNEQF,18
TRBV7-9,TRBJ2-1,ASSLVLVNNEQF,2
TRBV7-9,TRBJ2-1,ASSLVLVPDEQF,2
TRBV7-9,TRBJ2-1,ASSLVLVPDGKDEQF,4
TRBV7-9,TRBJ2-1,ASSLVLVPGRERNEQF,1
TRBV7-9,TRBJ2-1,ASSLVLVPGTGYNEQF,1
TRBV7-9,TRBJ2-1,ASSLVLVPNEQF,1
TRBV7-9,TRBJ2-1,ASSLVLVPSPYNEQF,1
TRBV7-9,TRBJ2-1,ASSLVLVPTPYNEQF,5
TRBV7-9,TRBJ2-1,ASSLVLVPYNEHI,1
TRBV7-9,TRBJ2-1,ASSLVLVPYPNEQF,1
TRBV7-9,TRBJ2-1,ASSLVLVQRGRAYNEQF,15
TRBV7-9,TRBJ2-1,ASSLVLVQRGRAYNEQV,1
TRBV7-9,TRBJ2-1,ASSLVLVRGNEQF,9
TRBV7-9,TRBJ2-1,ASSLVLVRNEQF,1
TRBV7-9,TRBJ2-1,ASSLVLVRYEQF,5
TRBV7-9,TRBJ2-1,ASSLVLVSGTRNEQF,1
TRBV7-9,TRBJ2-1,ASSLVLVSHEQF,1
TRBV7-9,TRBJ2-1,ASSLVLVSLAGLYNEQF,1
TRBV7-9,TRBJ2-1,ASSLVLVSNEQF,2
TRBV7-9,TRBJ2-1,ASSLVLVSTNEQF,17
TRBV7-9,TRBJ2-1,ASSLVLVSYNEQF,2
TRBV7-9,TRBJ2-1,ASSLVLVTGPLDEQF,1
TRBV7-9,TRBJ2-1,ASSLVLVTNNEQF,1
TRBV7-9,TRBJ2-1,ASSLVLVTSANEQF,1
TRBV7-9,TRBJ2-1,ASSLVLVVAQGFYNEQF,3
TRBV7-9,TRBJ2-1,ASSLVLVVNEQF,1
TRBV7-9,TRBJ2-1,ASSLVLVVYHEQF,1
TRBV7-9,TRBJ2-1,ASSLVLVVYNEYF,1
TRBV7-9,TRBJ2-1,ASSLVLVYEQF,2
TRBV7-9,TRBJ2-1,ASSLVLVYNEQF,3
TRBV7-9,TRBJ2-1,ASSLVLWDEQF,4
TRBV7-9,TRBJ2-1,ASSLVLWDRADHEQF,3
TRBV7-9,TRBJ2-1,ASSLVLWERGDEQF,6
TRBV7-9,TRBJ2-1,ASSLVLWEWGDEQF,1
TRBV7-9,TRBJ2-1,ASSLVLWGARSYNEQF,1
TRBV7-9,TRBJ2-1,ASSLVLWGITYNEQF,1
TRBV7-9,TRBJ2-1,ASSLVLWGLAGNNEQF,1
TRBV7-9,TRBJ2-1,ASSLVLWGNEQF,1
TRBV7-9,TRBJ2-1,ASSLVLWNEQF,1
TRBV7-9,TRBJ2-1,ASSLVLWQGDNEQF,15
TRBV7-9,TRBJ2-1,ASSLVLWTAAWV,7
TRBV7-9,TRBJ2-1,ASSLVLYAYLEQC,1
TRBV7-9,TRBJ2-1,ASSLVLYDRGFR,1
TRBV7-9,TRBJ2-1,ASSLVLYEQF,10
TRBV7-9,TRBJ2-1,ASSLVLYGANEQF,1
TRBV7-9,TRBJ2-1,ASSLVLYNELF,1
TRBV7-9,TRBJ2-1,ASSLVLYNEQF,87
TRBV7-9,TRBJ2-1,ASSLVLYPGLALDDEQF,3
TRBV7-9,TRBJ2-1,ASSLVLYPGLALDEEQF,1
TRBV7-9,TRBJ2-1,ASSLVLYPPSYNEQF,1
TRBV7-9,TRBJ2-1,ASSLVLYQGLALDDEQF,1
TRBV7-9,TRBJ2-1,ASSLVLYTGDWELYSNEQF,4
TRBV7-9,TRBJ2-1,ASSLVLYTGTGDNEQF,1
TRBV7-9,TRBJ2-1,ASSLVMADEQF,1
TRBV7-9,TRBJ2-1,ASSLVMADNEQF,7
TRBV7-9,TRBJ2-1,ASSLVMAEAHEQF,1
TRBV7-9,TRBJ2-1,ASSLVMAGAPNEQF,1
TRBV7-9,TRBJ2-1,ASSLVMAGDNEQF,1
TRBV7-9,TRBJ2-1,ASSLVMAGGPYNEQF,1
TRBV7-9,TRBJ2-1,ASSLVMAGLADYNEQF,10
TRBV7-9,TRBJ2-1,ASSLVMAGLYNEQF,1
TRBV7-9,TRBJ2-1,ASSLVMAGPNEQF,4
TRBV7-9,TRBJ2-1,ASSLVMANEQF,2
TRBV7-9,TRBJ2-1,ASSLVMASGVPWNEQF,1
TRBV7-9,TRBJ2-1,ASSLVMASYNEQF,3
TRBV7-9,TRBJ2-1,ASSLVMAYNEQF,2
TRBV7-9,TRBJ2-1,ASSLVMDEQF,5
TRBV7-9,TRBJ2-1,ASSLVMDNEQF,1
TRBV7-9,TRBJ2-1,ASSLVMDRGNEQF,1
TRBV7-9,TRBJ2-1,ASSLVMDVYNVQF,1
TRBV7-9,TRBJ2-1,ASSLVMEEAPF,1
TRBV7-9,TRBJ2-1,ASSLVMETSSYNEQF,1
TRBV7-9,TRBJ2-1,ASSLVMEVYNMQF,1
TRBV7-9,TRBJ2-1,ASSLVMGAIGDNEQF,5
TRBV7-9,TRBJ2-1,ASSLVMGALSYNEQF,1
TRBV7-9,TRBJ2-1,ASSLVMGDEQF,1
TRBV7-9,TRBJ2-1,ASSLVMGDYNEQF,1
TRBV7-9,TRBJ2-1,ASSLVMGEIEQGNNEQF,1
TRBV7-9,TRBJ2-1,ASSLVMGEPYNEQF,1
TRBV7-9,TRBJ2-1,ASSLVMGERNEQF,1
TRBV7-9,TRBJ2-1,ASSLVMGEVQF,2
TRBV7-9,TRBJ2-1,ASSLVMGFDNEQF,4
TRBV7-9,TRBJ2-1,ASSLVMGGAVNEQF,1
TRBV7-9,TRBJ2-1,ASSLVMGGHNEQF,2
TRBV7-9,TRBJ2-1,ASSLVMGGNEQF,1
TRBV7-9,TRBJ2-1,ASSLVMGGPDNEQF,1
TRBV7-9,TRBJ2-1,ASSLVMGGPKYNEQF,1
TRBV7-9,TRBJ2-1,ASSLVMGGYNEQF,1
TRBV7-9,TRBJ2-1,ASSLVMGHEQF,1
TRBV7-9,TRBJ2-1,ASSLVMGIAGGEDEQF,1
TRBV7-9,TRBJ2-1,ASSLVMGKANEQF,1
TRBV7-9,TRBJ2-1,ASSLVMGKPSYNEQF,1
TRBV7-9,TRBJ2-1,ASSLVMGLADNEQF,1
TRBV7-9,TRBJ2-1,ASSLVMGLAGNEQF,1
TRBV7-9,TRBJ2-1,ASSLVMGLAGPYNEQF,1
TRBV7-9,TRBJ2-1,ASSLVMGLGPQNEQF,1
TRBV7-9,TRBJ2-1,ASSLVMGLGYNEQF,1
TRBV7-9,TRBJ2-1,ASSLVMGLSHEQF,1
TRBV7-9,TRBJ2-1,ASSLVMGMGGNEQF,1
TRBV7-9,TRBJ2-1,ASSLVMGNEQF,3
TRBV7-9,TRBJ2-1,ASSLVMGNPYNEQF,10
TRBV7-9,TRBJ2-1,ASSLVMGQGVSYNEQF,1
TRBV7-9,TRBJ2-1,ASSLVMGQHNEQF,3
TRBV7-9,TRBJ2-1,ASSLVMGQTNEQF,1
TRBV7-9,TRBJ2-1,ASSLVMGRGYNEQF,1
TRBV7-9,TRBJ2-1,ASSLVMGSGHNEQF,2
TRBV7-9,TRBJ2-1,ASSLVMGSNEQF,1
TRBV7-9,TRBJ2-1,ASSLVMGSSYNEQF,1
TRBV7-9,TRBJ2-1,ASSLVMGSWNEQF,1
TRBV7-9,TRBJ2-1,ASSLVMGSYNEQF,6
TRBV7-9,TRBJ2-1,ASSLVMGTNEQF,1
TRBV7-9,TRBJ2-1,ASSLVMGTSGRAYNEQF,1
TRBV7-9,TRBJ2-1,ASSLVMGTYNEQF,1
TRBV7-9,TRBJ2-1,ASSLVMGVGGSYNEQF,1
TRBV7-9,TRBJ2-1,ASSLVMGVPYNEQF,1
TRBV7-9,TRBJ2-1,ASSLVMGVSEQF,1
TRBV7-9,TRBJ2-1,ASSLVMGVSYNEQF,7
TRBV7-9,TRBJ2-1,ASSLVMGYEQC,2
TRBV7-9,TRBJ2-1,ASSLVMGYEQF,9
TRBV7-9,TRBJ2-1,ASSLVMKWSGEPYNEQF,1
TRBV7-9,TRBJ2-1,ASSLVMLAGASDYNEQF,4
TRBV7-9,TRBJ2-1,ASSLVMLAGGSYNEQF,1
TRBV7-9,TRBJ2-1,ASSLVMLGDNEQF,1
TRBV7-9,TRBJ2-1,ASSLVMMRLGDSDEQF,1
TRBV7-9,TRBJ2-1,ASSLVMNEQF,1
TRBV7-9,TRBJ2-1,ASSLVMNNEQF,1
TRBV7-9,TRBJ2-1,ASSLVMPDNEQF,1
TRBV7-9,TRBJ2-1,ASSLVMPEQF,1
TRBV7-9,TRBJ2-1,ASSLVMPFHNEQF,1
TRBV7-9,TRBJ2-1,ASSLVMPLAGEDEQF,4
TRBV7-9,TRBJ2-1,ASSLVMPTRQGSYNEQF,1
TRBV7-9,TRBJ2-1,ASSLVMQAAGVNEQF,1
TRBV7-9,TRBJ2-1,ASSLVMQGGGDEQF,5
TRBV7-9,TRBJ2-1,ASSLVMQRDNEQF,3
TRBV7-9,TRBJ2-1,ASSLVMRASYNEQF,1
TRBV7-9,TRBJ2-1,ASSLVMREDEQF,1
TRBV7-9,TRBJ2-1,ASSLVMREGRNEQF,1
TRBV7-9,TRBJ2-1,ASSLVMRENEQF,3
TRBV7-9,TRBJ2-1,ASSLVMRGDNEQF,1
TRBV7-9,TRBJ2-1,ASSLVMRGSYNEQF,1
TRBV7-9,TRBJ2-1,ASSLVMRPGSYNEQF,13
TRBV7-9,TRBJ2-1,ASSLVMRTYNEQF,8
TRBV7-9,TRBJ2-1,ASSLVMSDEQF,1
TRBV7-9,TRBJ2-1,ASSLVMSEQF,3
TRBV7-9,TRBJ2-1,ASSLVMSGGSSYNEQF,1
TRBV7-9,TRBJ2-1,ASSLVMSGGSYNEQF,1
TRBV7-9,TRBJ2-1,ASSLVMSGNSYNEQF,1
TRBV7-9,TRBJ2-1,ASSLVMSGRGSSYNEQF,1
TRBV7-9,TRBJ2-1,ASSLVMSGSDEQF,1
TRBV7-9,TRBJ2-1,ASSLVMSLTAYEQF,1
TRBV7-9,TRBJ2-1,ASSLVMSYNEQF,8
TRBV7-9,TRBJ2-1,ASSLVMTDNEQF,1
TRBV7-9,TRBJ2-1,ASSLVMTDRYNEQF,1
TRBV7-9,TRBJ2-1,ASSLVMTGELGEQF,12
TRBV7-9,TRBJ2-1,ASSLVMTGELGERF,1
TRBV7-9,TRBJ2-1,ASSLVMTGGPQDEQF,1
TRBV7-9,TRBJ2-1,ASSLVMTGLGEQF,10
TRBV7-9,TRBJ2-1,ASSLVMTGNEQF,1
TRBV7-9,TRBJ2-1,ASSLVMTGNNEQF,1
TRBV7-9,TRBJ2-1,ASSLVMTLNSYNEQF,1
TRBV7-9,TRBJ2-1,ASSLVMTNNNEQF,4
TRBV7-9,TRBJ2-1,ASSLVMTPNEQF,6
TRBV7-9,TRBJ2-1,ASSLVMTRYTYNEQF,1
TRBV7-9,TRBJ2-1,ASSLVMTSEVNEQF,1
TRBV7-9,TRBJ2-1,ASSLVMTSGGDNEQF,1
TRBV7-9,TRBJ2-1,ASSLVMTSGSGNEQF,2
TRBV7-9,TRBJ2-1,ASSLVMTSGSLINEQF,1
TRBV7-9,TRBJ2-1,ASSLVMTSGSVNEQF,1
TRBV7-9,TRBJ2-1,ASSLVMTSSYNEQF,1
TRBV7-9,TRBJ2-1,ASSLVMTTSGTYNEQF,3
TRBV7-9,TRBJ2-1,ASSLVMTWLGEQF,1
TRBV7-9,TRBJ2-1,ASSLVMVAEQF,5
TRBV7-9,TRBJ2-1,ASSLVMVDLLSTYNEQF,1
TRBV7-9,TRBJ2-1,ASSLVMVEDNEQF,1
TRBV7-9,TRBJ2-1,ASSLVMVGRGSSYNEQF,1
TRBV7-9,TRBJ2-1,ASSLVMVLSYNEQF,1
TRBV7-9,TRBJ2-1,ASSLVMVMSSYNEQF,1
TRBV7-9,TRBJ2-1,ASSLVMVRSEQF,10
TRBV7-9,TRBJ2-1,ASSLVMVTSGRDEQF,1
TRBV7-9,TRBJ2-1,ASSLVMWASYNEQF,1
TRBV7-9,TRBJ2-1,ASSLVMWNEQF,15
TRBV7-9,TRBJ2-1,ASSLVMYNEQF,2
TRBV7-9,TRBJ2-1,ASSLVNAGGNEQF,1
TRBV7-9,TRBJ2-1,ASSLVNAGGPNEQF,15
TRBV7-9,TRBJ2-1,ASSLVNAGVQNEQF,1
TRBV7-9,TRBJ2-1,ASSLVNAQF,2
TRBV7-9,TRBJ2-1,ASSLVNAVAQF,7
TRBV7-9,TRBJ2-1,ASSLVNDDQF,1
TRBV7-9,TRBJ2-1,ASSLVNDEQF,11
TRBV7-9,TRBJ2-1,ASSLVNDERNEQF,1
TRBV7-9,TRBJ2-1,ASSLVNDNEQF,9
TRBV7-9,TRBJ2-1,ASSLVNDPGISDEQF,1
TRBV7-9,TRBJ2-1,ASSLVNEAYNDKF,1
TRBV7-9,TRBJ2-1,ASSLVNEDNEQF,1
TRBV7-9,TRBJ2-1,ASSLVNEDYSEHL,1
TRBV7-9,TRBJ2-1,ASSLVNEGLVINEQF,1
TRBV7-9,TRBJ2-1,ASSLVNEHF,1
TRBV7-9,TRBJ2-1,ASSLVNEKF,1
TRBV7-9,TRBJ2-1,ASSLVNELF,2
TRBV7-9,TRBJ2-1,ASSLVNEQF,271
TRBV7-9,TRBJ2-1,ASSLVNGAYKEQF,1
TRBV7-9,TRBJ2-1,ASSLVNGAYNEQF,4
TRBV7-9,TRBJ2-1,ASSLVNGDEQF,1
TRBV7-9,TRBJ2-1,ASSLVNGEDEQF,1
TRBV7-9,TRBJ2-1,ASSLVNGEQF,11
TRBV7-9,TRBJ2-1,ASSLVNGEQY,1
TRBV7-9,TRBJ2-1,ASSLVNGGGGQF,11
TRBV7-9,TRBJ2-1,ASSLVNGGGWQF,1
TRBV7-9,TRBJ2-1,ASSLVNGGRAYEQF,1
TRBV7-9,TRBJ2-1,ASSLVNGLAVHNEQF,1
TRBV7-9,TRBJ2-1,ASSLVNGLDEQF,5
TRBV7-9,TRBJ2-1,ASSLVNGLNEQF,1
TRBV7-9,TRBJ2-1,ASSLVNGMDEQF,1
TRBV7-9,TRBJ2-1,ASSLVNGNEQF,5
TRBV7-9,TRBJ2-1,ASSLVNGNNEQF,2
TRBV7-9,TRBJ2-1,ASSLVNGQF,3
TRBV7-9,TRBJ2-1,ASSLVNGQINEQF,13
TRBV7-9,TRBJ2-1,ASSLVNGRNEQF,1
TRBV7-9,TRBJ2-1,ASSLVNGSYEQF,1
TRBV7-9,TRBJ2-1,ASSLVNGSYNEQF,6
TRBV7-9,TRBJ2-1,ASSLVNGVQF,1
TRBV7-9,TRBJ2-1,ASSLVNGVYEQF,3
TRBV7-9,TRBJ2-1,ASSLVNGWSYNEQF,16
TRBV7-9,TRBJ2-1,ASSLVNGWSYNEQL,1
TRBV7-9,TRBJ2-1,ASSLVNHEQF,8
TRBV7-9,TRBJ2-1,ASSLVNHREQF,1
TRBV7-9,TRBJ2-1,ASSLVNIEQF,1
TRBV7-9,TRBJ2-1,ASSLVNKGDEQF,1
TRBV7-9,TRBJ2-1,ASSLVNLADKRDDEQF,1
TRBV7-9,TRBJ2-1,ASSLVNLADTYNEQF,2
TRBV7-9,TRBJ2-1,ASSLVNLAEQF,1
TRBV7-9,TRBJ2-1,ASSLVNLGVNEQF,1
TRBV7-9,TRBJ2-1,ASSLVNLHNEQF,9
TRBV7-9,TRBJ2-1,ASSLVNLLGYNEQF,3
TRBV7-9,TRBJ2-1,ASSLVNLRGNEQF,1
TRBV7-9,TRBJ2-1,ASSLVNLYNEQF,1
TRBV7-9,TRBJ2-1,ASSLVNNEPF,1
TRBV7-9,TRBJ2-1,ASSLVNNEQF,69
TRBV7-9,TRBJ2-1,ASSLVNNGQF,1
TRBV7-9,TRBJ2-1,ASSLVNPDEQF,1
TRBV7-9,TRBJ2-1,ASSLVNPGTRLGYNEQF,1
TRBV7-9,TRBJ2-1,ASSLVNPINEQF,19
TRBV7-9,TRBJ2-1,ASSLVNPNEQF,5
TRBV7-9,TRBJ2-1,ASSLVNPQSNEQF,1
TRBV7-9,TRBJ2-1,ASSLVNPTSYNEQF,1
TRBV7-9,TRBJ2-1,ASSLVNPTYNEQF,1
TRBV7-9,TRBJ2-1,ASSLVNQDYNEQF,1
TRBV7-9,TRBJ2-1,ASSLVNQLNNEQF,1
TRBV7-9,TRBJ2-1,ASSLVNQPYNEQF,1
TRBV7-9,TRBJ2-1,ASSLVNRAGRDNEQF,1
TRBV7-9,TRBJ2-1,ASSLVNRAWDEQF,1
TRBV7-9,TRBJ2-1,ASSLVNRDGEQF,1
TRBV7-9,TRBJ2-1,ASSLVNRDREQF,1
TRBV7-9,TRBJ2-1,ASSLVNRDYNEQF,1
TRBV7-9,TRBJ2-1,ASSLVNREATNEQF,12
TRBV7-9,TRBJ2-1,ASSLVNRENEQF,1
TRBV7-9,TRBJ2-1,ASSLVNRGNEQF,1
TRBV7-9,TRBJ2-1,ASSLVNRHEQF,1
TRBV7-9,TRBJ2-1,ASSLVNRNEQF,15
TRBV7-9,TRBJ2-1,ASSLVNRRDNEQF,1
TRBV7-9,TRBJ2-1,ASSLVNRRNEQF,1
TRBV7-9,TRBJ2-1,ASSLVNRSVMNEQF,1
TRBV7-9,TRBJ2-1,ASSLVNRVDEQF,7
TRBV7-9,TRBJ2-1,ASSLVNRVGNEQF,1
TRBV7-9,TRBJ2-1,ASSLVNRVYNEQF,1
TRBV7-9,TRBJ2-1,ASSLVNSANEQF,2
TRBV7-9,TRBJ2-1,ASSLVNSDEQF,1
TRBV7-9,TRBJ2-1,ASSLVNSEQF,7
TRBV7-9,TRBJ2-1,ASSLVNSGEQF,1
TRBV7-9,TRBJ2-1,ASSLVNSGGQF,1
TRBV7-9,TRBJ2-1,ASSLVNSGGYNEQF,2
TRBV7-9,TRBJ2-1,ASSLVNSGNEQF,7
TRBV7-9,TRBJ2-1,ASSLVNSGNEQS,2
TRBV7-9,TRBJ2-1,ASSLVNSGPPHNEQF,1
TRBV7-9,TRBJ2-1,ASSLVNSGVYNEQF,1
TRBV7-9,TRBJ2-1,ASSLVNSHTEQF,6
TRBV7-9,TRBJ2-1,ASSLVNSNEQF,1
TRBV7-9,TRBJ2-1,ASSLVNSPNEQF,1
TRBV7-9,TRBJ2-1,ASSLVNSPYNEQF,1
TRBV7-9,TRBJ2-1,ASSLVNSREQF,6
TRBV7-9,TRBJ2-1,ASSLVNSRNEQF,1
TRBV7-9,TRBJ2-1,ASSLVNSRSVRPYNEQF,1
TRBV7-9,TRBJ2-1,ASSLVNSVNEQF,1
TRBV7-9,TRBJ2-1,ASSLVNSWNYNEQF,1
TRBV7-9,TRBJ2-1,ASSLVNSYNEQF,16
TRBV7-9,TRBJ2-1,ASSLVNTDNEQF,1
TRBV7-9,TRBJ2-1,ASSLVNTEQF,7
TRBV7-9,TRBJ2-1,ASSLVNTGDEQF,1
TRBV7-9,TRBJ2-1,ASSLVNTGGEQF,2
TRBV7-9,TRBJ2-1,ASSLVNTGIFDEQF,1
TRBV7-9,TRBJ2-1,ASSLVNTIAGGSYNEQF,3
TRBV7-9,TRBJ2-1,ASSLVNTVYNEQF,1
TRBV7-9,TRBJ2-1,ASSLVNTYNEQF,1
TRBV7-9,TRBJ2-1,ASSLVNVANQF,14
TRBV7-9,TRBJ2-1,ASSLVNVEQF,1
TRBV7-9,TRBJ2-1,ASSLVNVGTGYDNEQF,1
TRBV7-9,TRBJ2-1,ASSLVNVLGDEQF,1
TRBV7-9,TRBJ2-1,ASSLVNYEQF,1
TRBV7-9,TRBJ2-1,ASSLVNYNEQF,25
TRBV7-9,TRBJ2-1,ASSLVNYYNEQF,1
TRBV7-9,TRBJ2-1,ASSLVPAAANEQF,3
TRBV7-9,TRBJ2-1,ASSLVPAACHEQF,1
TRBV7-9,TRBJ2-1,ASSLVPAACKEQF,1
TRBV7-9,TRBJ2-1,ASSLVPAACNEEC,1
TRBV7-9,TRBJ2-1,ASSLVPAACNEQF,13
TRBV7-9,TRBJ2-1,ASSLVPAACNKQF,1
TRBV7-9,TRBJ2-1,ASSLVPAACQEPF,1
TRBV7-9,TRBJ2-1,ASSLVPAADDEEF,1
TRBV7-9,TRBJ2-1,ASSLVPAADDEQF,1
TRBV7-9,TRBJ2-1,ASSLVPAADEEQF,1
TRBV7-9,TRBJ2-1,ASSLVPAADHEQF,2
TRBV7-9,TRBJ2-1,ASSLVPAADHEQS,1
TRBV7-9,TRBJ2-1,ASSLVPAADIEQF,3
TRBV7-9,TRBJ2-1,ASSLVPAADKEHF,1
TRBV7-9,TRBJ2-1,ASSLVPAADKEQF,9
TRBV7-9,TRBJ2-1,ASSLVPAADKEQS,1
TRBV7-9,TRBJ2-1,ASSLVPAADKKQI,1
TRBV7-9,TRBJ2-1,ASSLVPAADLAQC,1
TRBV7-9,TRBJ2-1,ASSLVPAADNAHF,1
TRBV7-9,TRBJ2-1,ASSLVPAADNAPF,1
TRBV7-9,TRBJ2-1,ASSLVPAADNAQF,3
TRBV7-9,TRBJ2-1,ASSLVPAADNAQV,1
TRBV7-9,TRBJ2-1,ASSLVPAADNDQF,1
TRBV7-9,TRBJ2-1,ASSLVPAADNEAF,1
TRBV7-9,TRBJ2-1,ASSLVPAADNEEF,2
TRBV7-9,TRBJ2-1,ASSLVPAADNEEV,1
TRBV7-9,TRBJ2-1,ASSLVPAADNEEY,1
TRBV7-9,TRBJ2-1,ASSLVPAADNEHF,1
TRBV7-9,TRBJ2-1,ASSLVPAADNEKF,1
TRBV7-9,TRBJ2-1,ASSLVPAADNEKL,1
TRBV7-9,TRBJ2-1,ASSLVPAADNELF,1
TRBV7-9,TRBJ2-1,ASSLVPAADNEPF,2
TRBV7-9,TRBJ2-1,ASSLVPAADNEQA,1
TRBV7-9,TRBJ2-1,ASSLVPAADNEQC,6
TRBV7-9,TRBJ2-1,ASSLVPAADNEQF,136
TRBV7-9,TRBJ2-1,ASSLVPAADNEQL,5
TRBV7-9,TRBJ2-1,ASSLVPAADNEQS,3
TRBV7-9,TRBJ2-1,ASSLVPAADNEQV,6
TRBV7-9,TRBJ2-1,ASSLVPAADNEQY,4
TRBV7-9,TRBJ2-1,ASSLVPAADNEWF,1
TRBV7-9,TRBJ2-1,ASSLVPAADNGQF,2
TRBV7-9,TRBJ2-1,ASSLVPAADNGRF,1
TRBV7-9,TRBJ2-1,ASSLVPAADNKHF,1
TRBV7-9,TRBJ2-1,ASSLVPAADNKQF,1
TRBV7-9,TRBJ2-1,ASSLVPAADNKQY,1
TRBV7-9,TRBJ2-1,ASSLVPAADSEQF,1
TRBV7-9,TRBJ2-1,ASSLVPAADTAQF,2
TRBV7-9,TRBJ2-1,ASSLVPAADTEPF,1
TRBV7-9,TRBJ2-1,ASSLVPAADTEQC,1
TRBV7-9,TRBJ2-1,ASSLVPAADTEQF,5
TRBV7-9,TRBJ2-1,ASSLVPAADYEQF,2
TRBV7-9,TRBJ2-1,ASSLVPAAEHEQV,2
TRBV7-9,TRBJ2-1,ASSLVPAAEKEQF,1
TRBV7-9,TRBJ2-1,ASSLVPAAENEHF,1
TRBV7-9,TRBJ2-1,ASSLVPAAENEQF,6
TRBV7-9,TRBJ2-1,ASSLVPAAENGQY,1
TRBV7-9,TRBJ2-1,ASSLVPAAFKEQF,2
TRBV7-9,TRBJ2-1,ASSLVPAAFNEQF,4
TRBV7-9,TRBJ2-1,ASSLVPAAFREQL,1
TRBV7-9,TRBJ2-1,ASSLVPAAGNEQF,1
TRBV7-9,TRBJ2-1,ASSLVPAAGVSYNEQF,1
TRBV7-9,TRBJ2-1,ASSLVPAAHKDQF,1
TRBV7-9,TRBJ2-1,ASSLVPAAHKEQF,2
TRBV7-9,TRBJ2-1,ASSLVPAAHNAQF,1
TRBV7-9,TRBJ2-1,ASSLVPAAHNDQF,1
TRBV7-9,TRBJ2-1,ASSLVPAAHNEED,1
TRBV7-9,TRBJ2-1,ASSLVPAAHNEEV,1
TRBV7-9,TRBJ2-1,ASSLVPAAHNEKF,2
TRBV7-9,TRBJ2-1,ASSLVPAAHNEQC,1
TRBV7-9,TRBJ2-1,ASSLVPAAHNEQF,16
TRBV7-9,TRBJ2-1,ASSLVPAAHNEQS,1
TRBV7-9,TRBJ2-1,ASSLVPAAHNGQF,1
TRBV7-9,TRBJ2-1,ASSLVPAAHNKKF,1
TRBV7-9,TRBJ2-1,ASSLVPAAHNKQF,1
TRBV7-9,TRBJ2-1,ASSLVPAAHNVQF,1
TRBV7-9,TRBJ2-1,ASSLVPAAHTEQF,2
TRBV7-9,TRBJ2-1,ASSLVPAAINEQV,1
TRBV7-9,TRBJ2-1,ASSLVPAAKKAQF,1
TRBV7-9,TRBJ2-1,ASSLVPAAKNEQF,2
TRBV7-9,TRBJ2-1,ASSLVPAALNEQF,1
TRBV7-9,TRBJ2-1,ASSLVPAANKALF,1
TRBV7-9,TRBJ2-1,ASSLVPAANKEEF,1
TRBV7-9,TRBJ2-1,ASSLVPAANKEPF,1
TRBV7-9,TRBJ2-1,ASSLVPAANNAHF,1
TRBV7-9,TRBJ2-1,ASSLVPAANNAQF,1
TRBV7-9,TRBJ2-1,ASSLVPAANNEKF,1
TRBV7-9,TRBJ2-1,ASSLVPAANNEPF,1
TRBV7-9,TRBJ2-1,ASSLVPAANNEQF,17
TRBV7-9,TRBJ2-1,ASSLVPAANNEQY,1
TRBV7-9,TRBJ2-1,ASSLVPAANNGQF,1
TRBV7-9,TRBJ2-1,ASSLVPAANNVQF,1
TRBV7-9,TRBJ2-1,ASSLVPAANSEQF,1
TRBV7-9,TRBJ2-1,ASSLVPAANTEQF,1
TRBV7-9,TRBJ2-1,ASSLVPAAQFGQF,1
TRBV7-9,TRBJ2-1,ASSLVPAAQNEQF,2
TRBV7-9,TRBJ2-1,ASSLVPAAQNEQL,1
TRBV7-9,TRBJ2-1,ASSLVPAAQNMKF,1
TRBV7-9,TRBJ2-1,ASSLVPAAQNTQF,1
TRBV7-9,TRBJ2-1,ASSLVPAASKEQF,2
TRBV7-9,TRBJ2-1,ASSLVPAASNAAF,1
TRBV7-9,TRBJ2-1,ASSLVPAASNAQF,2
TRBV7-9,TRBJ2-1,ASSLVPAASNEEF,1
TRBV7-9,TRBJ2-1,ASSLVPAASNEHF,3
TRBV7-9,TRBJ2-1,ASSLVPAASNEKF,1
TRBV7-9,TRBJ2-1,ASSLVPAASNEPF,2
TRBV7-9,TRBJ2-1,ASSLVPAASNEQF,44
TRBV7-9,TRBJ2-1,ASSLVPAASNEQI,1
TRBV7-9,TRBJ2-1,ASSLVPAASNGQC,1
TRBV7-9,TRBJ2-1,ASSLVPAASNGQL,1
TRBV7-9,TRBJ2-1,ASSLVPAASNKQF,1
TRBV7-9,TRBJ2-1,ASSLVPAASNVQF,1
TRBV7-9,TRBJ2-1,ASSLVPAASREQF,1
TRBV7-9,TRBJ2-1,ASSLVPAASRQQS,1
TRBV7-9,TRBJ2-1,ASSLVPAASSEQS,1
TRBV7-9,TRBJ2-1,ASSLVPAASTEQF,4
TRBV7-9,TRBJ2-1,ASSLVPAASTEQS,1
TRBV7-9,TRBJ2-1,ASSLVPAASTEQY,1
TRBV7-9,TRBJ2-1,ASSLVPAASTYQF,1
TRBV7-9,TRBJ2-1,ASSLVPAATHEPF,1
TRBV7-9,TRBJ2-1,ASSLVPAATNEQF,1
TRBV7-9,TRBJ2-1,ASSLVPAAYAEQF,1
TRBV7-9,TRBJ2-1,ASSLVPAAYAERL,1
TRBV7-9,TRBJ2-1,ASSLVPAAYDEQF,24
TRBV7-9,TRBJ2-1,ASSLVPAAYDEQL,1
TRBV7-9,TRBJ2-1,ASSLVPAAYDKQF,1
TRBV7-9,TRBJ2-1,ASSLVPAAYDVQC,1
TRBV7-9,TRBJ2-1,ASSLVPAAYEEQC,1
TRBV7-9,TRBJ2-1,ASSLVPAAYEEQF,1
TRBV7-9,TRBJ2-1,ASSLVPAAYHAPC,1
TRBV7-9,TRBJ2-1,ASSLVPAAYHAPF,1
TRBV7-9,TRBJ2-1,ASSLVPAAYHAQF,1
TRBV7-9,TRBJ2-1,ASSLVPAAYHDQF,4
TRBV7-9,TRBJ2-1,ASSLVPAAYHEKF,2
TRBV7-9,TRBJ2-1,ASSLVPAAYHEPC,1
TRBV7-9,TRBJ2-1,ASSLVPAAYHEQC,2
TRBV7-9,TRBJ2-1,ASSLVPAAYHEQF,86
TRBV7-9,TRBJ2-1,ASSLVPAAYHEQI,3
TRBV7-9,TRBJ2-1,ASSLVPAAYHEQL,2
TRBV7-9,TRBJ2-1,ASSLVPAAYHEQY,2
TRBV7-9,TRBJ2-1,ASSLVPAAYHGQL,1
TRBV7-9,TRBJ2-1,ASSLVPAAYHGQY,1
TRBV7-9,TRBJ2-1,ASSLVPAAYHGRF,1
TRBV7-9,TRBJ2-1,ASSLVPAAYHKQF,1
TRBV7-9,TRBJ2-1,ASSLVPAAYHQQF,2
TRBV7-9,TRBJ2-1,ASSLVPAAYHRQF,2
TRBV7-9,TRBJ2-1,ASSLVPAAYIDQF,1
TRBV7-9,TRBJ2-1,ASSLVPAAYIEEC,1
TRBV7-9,TRBJ2-1,ASSLVPAAYIEPF,1
TRBV7-9,TRBJ2-1,ASSLVPAAYIEQF,12
TRBV7-9,TRBJ2-1,ASSLVPAAYIEQL,1
TRBV7-9,TRBJ2-1,ASSLVPAAYIGQF,2
TRBV7-9,TRBJ2-1,ASSLVPAAYIKQF,1
TRBV7-9,TRBJ2-1,ASSLVPAAYKAEF,2
TRBV7-9,TRBJ2-1,ASSLVPAAYKAQF,9
TRBV7-9,TRBJ2-1,ASSLVPAAYKDQF,6
TRBV7-9,TRBJ2-1,ASSLVPAAYKEEF,2
TRBV7-9,TRBJ2-1,ASSLVPAAYKEHF,1
TRBV7-9,TRBJ2-1,ASSLVPAAYKEKC,1
TRBV7-9,TRBJ2-1,ASSLVPAAYKEKF,1
TRBV7-9,TRBJ2-1,ASSLVPAAYKEQC,5
TRBV7-9,TRBJ2-1,ASSLVPAAYKEQF,192
TRBV7-9,TRBJ2-1,ASSLVPAAYKEQI,1
TRBV7-9,TRBJ2-1,ASSLVPAAYKEQL,2
TRBV7-9,TRBJ2-1,ASSLVPAAYKEQS,1
TRBV7-9,TRBJ2-1,ASSLVPAAYKEQV,3
TRBV7-9,TRBJ2-1,ASSLVPAAYKEQY,3
TRBV7-9,TRBJ2-1,ASSLVPAAYKERF,1
TRBV7-9,TRBJ2-1,ASSLVPAAYKGQC,1
TRBV7-9,TRBJ2-1,ASSLVPAAYKGQF,4
TRBV7-9,TRBJ2-1,ASSLVPAAYKGQV,1
TRBV7-9,TRBJ2-1,ASSLVPAAYKKQF,3
TRBV7-9,TRBJ2-1,ASSLVPAAYKKVF,1
TRBV7-9,TRBJ2-1,ASSLVPAAYKMQF,1
TRBV7-9,TRBJ2-1,ASSLVPAAYKQQF,1
TRBV7-9,TRBJ2-1,ASSLVPAAYKQQL,1
TRBV7-9,TRBJ2-1,ASSLVPAAYKRPF,1
TRBV7-9,TRBJ2-1,ASSLVPAAYKRQF,1
TRBV7-9,TRBJ2-1,ASSLVPAAYKVHG,1
TRBV7-9,TRBJ2-1,ASSLVPAAYKVKF,1
TRBV7-9,TRBJ2-1,ASSLVPAAYKVQF,2
TRBV7-9,TRBJ2-1,ASSLVPAAYMEQF,1
TRBV7-9,TRBJ2-1,ASSLVPAAYNAEF,1
TRBV7-9,TRBJ2-1,ASSLVPAAYNAHF,5
TRBV7-9,TRBJ2-1,ASSLVPAAYNAKF,3
TRBV7-9,TRBJ2-1,ASSLVPAAYNAPF,1
TRBV7-9,TRBJ2-1,ASSLVPAAYNAQC,6
TRBV7-9,TRBJ2-1,ASSLVPAAYNAQF,159
TRBV7-9,TRBJ2-1,ASSLVPAAYNAQL,2
TRBV7-9,TRBJ2-1,ASSLVPAAYNAQS,2
TRBV7-9,TRBJ2-1,ASSLVPAAYNAQV,4
TRBV7-9,TRBJ2-1,ASSLVPAAYNAQY,3
TRBV7-9,TRBJ2-1,ASSLVPAAYNDEF,3
TRBV7-9,TRBJ2-1,ASSLVPAAYNDHF,4
TRBV7-9,TRBJ2-1,ASSLVPAAYNDKC,1
TRBV7-9,TRBJ2-1,ASSLVPAAYNDKF,1
TRBV7-9,TRBJ2-1,ASSLVPAAYNDLF,1
TRBV7-9,TRBJ2-1,ASSLVPAAYNDNF,1
TRBV7-9,TRBJ2-1,ASSLVPAAYNDPF,2
TRBV7-9,TRBJ2-1,ASSLVPAAYNDQC,7
TRBV7-9,TRBJ2-1,ASSLVPAAYNDQF,90
TRBV7-9,TRBJ2-1,ASSLVPAAYNDQI,3
TRBV7-9,TRBJ2-1,ASSLVPAAYNDQL,1
TRBV7-9,TRBJ2-1,ASSLVPAAYNDQM,1
TRBV7-9,TRBJ2-1,ASSLVPAAYNDQT,1
TRBV7-9,TRBJ2-1,ASSLVPAAYNDQV,4
TRBV7-9,TRBJ2-1,ASSLVPAAYNDQY,2
TRBV7-9,TRBJ2-1,ASSLVPAAYNEEF,23
TRBV7-9,TRBJ2-1,ASSLVPAAYNEEI,1
TRBV7-9,TRBJ2-1,ASSLVPAAYNEEV,4
TRBV7-9,TRBJ2-1,ASSLVPAAYNEEY,1
TRBV7-9,TRBJ2-1,ASSLVPAAYNEHC,1
TRBV7-9,TRBJ2-1,ASSLVPAAYNEHF,96
TRBV7-9,TRBJ2-1,ASSLVPAAYNEHI,1
TRBV7-9,TRBJ2-1,ASSLVPAAYNEHL,1
TRBV7-9,TRBJ2-1,ASSLVPAAYNEHS,3
TRBV7-9,TRBJ2-1,ASSLVPAAYNEHV,2
TRBV7-9,TRBJ2-1,ASSLVPAAYNEHY,1
TRBV7-9,TRBJ2-1,ASSLVPAAYNEKC,2
TRBV7-9,TRBJ2-1,ASSLVPAAYNEKF,105
TRBV7-9,TRBJ2-1,ASSLVPAAYNEKV,3
TRBV7-9,TRBJ2-1,ASSLVPAAYNEKY,1
TRBV7-9,TRBJ2-1,ASSLVPAAYNELC,1
TRBV7-9,TRBJ2-1,ASSLVPAAYNELF,17
TRBV7-9,TRBJ2-1,ASSLVPAAYNENF,3
TRBV7-9,TRBJ2-1,ASSLVPAAYNEPC,1
TRBV7-9,TRBJ2-1,ASSLVPAAYNEPF,52
TRBV7-9,TRBJ2-1,ASSLVPAAYNEPL,3
TRBV7-9,TRBJ2-1,ASSLVPAAYNEPV,4
TRBV7-9,TRBJ2-1,ASSLVPAAYNEQC,110
TRBV7-9,TRBJ2-1,ASSLVPAAYNEQD,1
TRBV7-9,TRBJ2-1,ASSLVPAAYNEQF,7295
TRBV7-9,TRBJ2-1,ASSLVPAAYNEQG,3
TRBV7-9,TRBJ2-1,ASSLVPAAYNEQI,16
TRBV7-9,TRBJ2-1,ASSLVPAAYNEQL,61
TRBV7-9,TRBJ2-1,ASSLVPAAYNEQS,20
TRBV7-9,TRBJ2-1,ASSLVPAAYNEQV,119
TRBV7-9,TRBJ2-1,ASSLVPAAYNEQY,35
TRBV7-9,TRBJ2-1,ASSLVPAAYNERC,1
TRBV7-9,TRBJ2-1,ASSLVPAAYNERF,20
TRBV7-9,TRBJ2-1,ASSLVPAAYNERL,1
TRBV7-9,TRBJ2-1,ASSLVPAAYNERS,1
TRBV7-9,TRBJ2-1,ASSLVPAAYNERV,3
TRBV7-9,TRBJ2-1,ASSLVPAAYNETF,1
TRBV7-9,TRBJ2-1,ASSLVPAAYNETS,1
TRBV7-9,TRBJ2-1,ASSLVPAAYNEVF,1
TRBV7-9,TRBJ2-1,ASSLVPAAYNGEF,1
TRBV7-9,TRBJ2-1,ASSLVPAAYNGHF,1
TRBV7-9,TRBJ2-1,ASSLVPAAYNGKF,1
TRBV7-9,TRBJ2-1,ASSLVPAAYNGLC,1
TRBV7-9,TRBJ2-1,ASSLVPAAYNGPF,1
TRBV7-9,TRBJ2-1,ASSLVPAAYNGQC,6
TRBV7-9,TRBJ2-1,ASSLVPAAYNGQF,95
TRBV7-9,TRBJ2-1,ASSLVPAAYNGQI,2
TRBV7-9,TRBJ2-1,ASSLVPAAYNGQL,3
TRBV7-9,TRBJ2-1,ASSLVPAAYNGQS,1
TRBV7-9,TRBJ2-1,ASSLVPAAYNGQV,1
TRBV7-9,TRBJ2-1,ASSLVPAAYNGQY,2
TRBV7-9,TRBJ2-1,ASSLVPAAYNKHF,1
TRBV7-9,TRBJ2-1,ASSLVPAAYNKKL,1
TRBV7-9,TRBJ2-1,ASSLVPAAYNKPF,1
TRBV7-9,TRBJ2-1,ASSLVPAAYNKQC,2
TRBV7-9,TRBJ2-1,ASSLVPAAYNKQF,52
TRBV7-9,TRBJ2-1,ASSLVPAAYNKQS,2
TRBV7-9,TRBJ2-1,ASSLVPAAYNKQV,2
TRBV7-9,TRBJ2-1,ASSLVPAAYNKQY,1
TRBV7-9,TRBJ2-1,ASSLVPAAYNKWF,1
TRBV7-9,TRBJ2-1,ASSLVPAAYNLQF,1
TRBV7-9,TRBJ2-1,ASSLVPAAYNMQF,3
TRBV7-9,TRBJ2-1,ASSLVPAAYNNNF,1
TRBV7-9,TRBJ2-1,ASSLVPAAYNNQF,1
TRBV7-9,TRBJ2-1,ASSLVPAAYNPQF,1
TRBV7-9,TRBJ2-1,ASSLVPAAYNQQF,22
TRBV7-9,TRBJ2-1,ASSLVPAAYNREF,1
TRBV7-9,TRBJ2-1,ASSLVPAAYNRQF,4
TRBV7-9,TRBJ2-1,ASSLVPAAYNRQS,1
TRBV7-9,TRBJ2-1,ASSLVPAAYNSKF,1
TRBV7-9,TRBJ2-1,ASSLVPAAYNSQF,2
TRBV7-9,TRBJ2-1,ASSLVPAAYNVEF,1
TRBV7-9,TRBJ2-1,ASSLVPAAYNVHF,2
TRBV7-9,TRBJ2-1,ASSLVPAAYNVKF,2
TRBV7-9,TRBJ2-1,ASSLVPAAYNVPF,3
TRBV7-9,TRBJ2-1,ASSLVPAAYNVQC,1
TRBV7-9,TRBJ2-1,ASSLVPAAYNVQF,53
TRBV7-9,TRBJ2-1,ASSLVPAAYNVQL,2
TRBV7-9,TRBJ2-1,ASSLVPAAYNVQS,1
TRBV7-9,TRBJ2-1,ASSLVPAAYNYQF,1
TRBV7-9,TRBJ2-1,ASSLVPAAYPEQF,1
TRBV7-9,TRBJ2-1,ASSLVPAAYQEQC,1
TRBV7-9,TRBJ2-1,ASSLVPAAYQEQF,3
TRBV7-9,TRBJ2-1,ASSLVPAAYQRQF,1
TRBV7-9,TRBJ2-1,ASSLVPAAYREQF,2
TRBV7-9,TRBJ2-1,ASSLVPAAYSEKF,1
TRBV7-9,TRBJ2-1,ASSLVPAAYSEKL,1
TRBV7-9,TRBJ2-1,ASSLVPAAYSELF,1
TRBV7-9,TRBJ2-1,ASSLVPAAYSEQC,3
TRBV7-9,TRBJ2-1,ASSLVPAAYSEQF,28
TRBV7-9,TRBJ2-1,ASSLVPAAYSEQV,1
TRBV7-9,TRBJ2-1,ASSLVPAAYSERF,1
TRBV7-9,TRBJ2-1,ASSLVPAAYSGQF,1
TRBV7-9,TRBJ2-1,ASSLVPAAYSLQF,1
TRBV7-9,TRBJ2-1,ASSLVPAAYSVQF,2
TRBV7-9,TRBJ2-1,ASSLVPAAYTAQC,1
TRBV7-9,TRBJ2-1,ASSLVPAAYTAQF,2
TRBV7-9,TRBJ2-1,ASSLVPAAYTDQF,3
TRBV7-9,TRBJ2-1,ASSLVPAAYTEHF,1
TRBV7-9,TRBJ2-1,ASSLVPAAYTEKF,5
TRBV7-9,TRBJ2-1,ASSLVPAAYTELF,2
TRBV7-9,TRBJ2-1,ASSLVPAAYTEQC,5
TRBV7-9,TRBJ2-1,ASSLVPAAYTEQF,118
TRBV7-9,TRBJ2-1,ASSLVPAAYTEQL,2
TRBV7-9,TRBJ2-1,ASSLVPAAYTEQR,1
TRBV7-9,TRBJ2-1,ASSLVPAAYTEQS,1
TRBV7-9,TRBJ2-1,ASSLVPAAYTEQV,3
TRBV7-9,TRBJ2-1,ASSLVPAAYTEQY,1
TRBV7-9,TRBJ2-1,ASSLVPAAYTETI,1
TRBV7-9,TRBJ2-1,ASSLVPAAYTGKC,1
TRBV7-9,TRBJ2-1,ASSLVPAAYTGQF,3
TRBV7-9,TRBJ2-1,ASSLVPAAYTKHF,1
TRBV7-9,TRBJ2-1,ASSLVPAAYTKQF,4
TRBV7-9,TRBJ2-1,ASSLVPAAYTLRF,1
TRBV7-9,TRBJ2-1,ASSLVPAAYYDQF,2
TRBV7-9,TRBJ2-1,ASSLVPAAYYEHF,1
TRBV7-9,TRBJ2-1,ASSLVPAAYYEPF,1
TRBV7-9,TRBJ2-1,ASSLVPAAYYEQF,22
TRBV7-9,TRBJ2-1,ASSLVPAAYYEQL,1
TRBV7-9,TRBJ2-1,ASSLVPAAYYEQV,1
TRBV7-9,TRBJ2-1,ASSLVPAAYYEQW,1
TRBV7-9,TRBJ2-1,ASSLVPAAYYGQF,1
TRBV7-9,TRBJ2-1,ASSLVPAAYYGQI,1
TRBV7-9,TRBJ2-1,ASSLVPAAYYVHF,1
TRBV7-9,TRBJ2-1,ASSLVPACYHEKF,1
TRBV7-9,TRBJ2-1,ASSLVPADANAQF,1
TRBV7-9,TRBJ2-1,ASSLVPADDNEQF,3
TRBV7-9,TRBJ2-1,ASSLVPADELF,1
TRBV7-9,TRBJ2-1,ASSLVPADEQF,7
TRBV7-9,TRBJ2-1,ASSLVPADINEQF,1
TRBV7-9,TRBJ2-1,ASSLVPADSKEQF,1
TRBV7-9,TRBJ2-1,ASSLVPADSNEQF,2
TRBV7-9,TRBJ2-1,ASSLVPADYDAQL,1
TRBV7-9,TRBJ2-1,ASSLVPADYDEQF,1
TRBV7-9,TRBJ2-1,ASSLVPADYHEQF,1
TRBV7-9,TRBJ2-1,ASSLVPADYKDQV,1
TRBV7-9,TRBJ2-1,ASSLVPADYKEKF,1
TRBV7-9,TRBJ2-1,ASSLVPADYKEQF,5
TRBV7-9,TRBJ2-1,ASSLVPADYKQKF,1
TRBV7-9,TRBJ2-1,ASSLVPADYNAQF,6
TRBV7-9,TRBJ2-1,ASSLVPADYNDQF,1
TRBV7-9,TRBJ2-1,ASSLVPADYNDQV,1
TRBV7-9,TRBJ2-1,ASSLVPADYNEEF,3
TRBV7-9,TRBJ2-1,ASSLVPADYNEHF,6
TRBV7-9,TRBJ2-1,ASSLVPADYNEHV,1
TRBV7-9,TRBJ2-1,ASSLVPADYNEKF,2
TRBV7-9,TRBJ2-1,ASSLVPADYNEPF,1
TRBV7-9,TRBJ2-1,ASSLVPADYNEQC,2
TRBV7-9,TRBJ2-1,ASSLVPADYNEQF,132
TRBV7-9,TRBJ2-1,ASSLVPADYNEQI,1
TRBV7-9,TRBJ2-1,ASSLVPADYNEQV,1
TRBV7-9,TRBJ2-1,ASSLVPADYNGQC,1
TRBV7-9,TRBJ2-1,ASSLVPADYNKQF,2
TRBV7-9,TRBJ2-1,ASSLVPADYNKQV,1
TRBV7-9,TRBJ2-1,ASSLVPADYNVQF,2
TRBV7-9,TRBJ2-1,ASSLVPADYQEQF,1
TRBV7-9,TRBJ2-1,ASSLVPADYRVQC,1
TRBV7-9,TRBJ2-1,ASSLVPADYSEQF,1
TRBV7-9,TRBJ2-1,ASSLVPADYTEQF,2
TRBV7-9,TRBJ2-1,ASSLVPADYTEQV,1
TRBV7-9,TRBJ2-1,ASSLVPAEANEQF,1
TRBV7-9,TRBJ2-1,ASSLVPAEPHNEQF,10
TRBV7-9,TRBJ2-1,ASSLVPAEQF,4
TRBV7-9,TRBJ2-1,ASSLVPAEQNEQF,1
TRBV7-9,TRBJ2-1,ASSLVPAESSYNEQF,10
TRBV7-9,TRBJ2-1,ASSLVPAEYNEQF,4
TRBV7-9,TRBJ2-1,ASSLVPAFDRGTEQF,4
TRBV7-9,TRBJ2-1,ASSLVPAFYNEQF,2
TRBV7-9,TRBJ2-1,ASSLVPAFYYAKF,1
TRBV7-9,TRBJ2-1,ASSLVPAGAGNEPF,1
TRBV7-9,TRBJ2-1,ASSLVPAGAGNEQF,12
TRBV7-9,TRBJ2-1,ASSLVPAGAGNVQF,1
TRBV7-9,TRBJ2-1,ASSLVPAGAPLDEQF,2
TRBV7-9,TRBJ2-1,ASSLVPAGAPSNEQF,1
TRBV7-9,TRBJ2-1,ASSLVPAGAPYHEQF,1
TRBV7-9,TRBJ2-1,ASSLVPAGAPYNEQF,14
TRBV7-9,TRBJ2-1,ASSLVPAGASYNEQF,1
TRBV7-9,TRBJ2-1,ASSLVPAGAYEQF,13
TRBV7-9,TRBJ2-1,ASSLVPAGAYNEQF,2
TRBV7-9,TRBJ2-1,ASSLVPAGDEQF,1
TRBV7-9,TRBJ2-1,ASSLVPAGDNAQF,1
TRBV7-9,TRBJ2-1,ASSLVPAGDNEQF,4
TRBV7-9,TRBJ2-1,ASSLVPAGEPF,1
TRBV7-9,TRBJ2-1,ASSLVPAGEQF,4
TRBV7-9,TRBJ2-1,ASSLVPAGFDEQF,1
TRBV7-9,TRBJ2-1,ASSLVPAGGAYNEQF,1
TRBV7-9,TRBJ2-1,ASSLVPAGGCNEQF,1
TRBV7-9,TRBJ2-1,ASSLVPAGGNEQF,12
TRBV7-9,TRBJ2-1,ASSLVPAGGYEQF,2
TRBV7-9,TRBJ2-1,ASSLVPAGGYNEQF,1
TRBV7-9,TRBJ2-1,ASSLVPAGHNEQL,1
TRBV7-9,TRBJ2-1,ASSLVPAGLAKDEQF,1
TRBV7-9,TRBJ2-1,ASSLVPAGLGNEQF,1
TRBV7-9,TRBJ2-1,ASSLVPAGLWNEQF,1
TRBV7-9,TRBJ2-1,ASSLVPAGNNEQF,2
TRBV7-9,TRBJ2-1,ASSLVPAGNYNEQF,1
TRBV7-9,TRBJ2-1,ASSLVPAGPLNEQF,1
TRBV7-9,TRBJ2-1,ASSLVPAGRLEQF,4
TRBV7-9,TRBJ2-1,ASSLVPAGRNEQF,1
TRBV7-9,TRBJ2-1,ASSLVPAGRVHNEQF,1
TRBV7-9,TRBJ2-1,ASSLVPAGSNAQF,1
TRBV7-9,TRBJ2-1,ASSLVPAGSNELF,1
TRBV7-9,TRBJ2-1,ASSLVPAGSNEQF,1
TRBV7-9,TRBJ2-1,ASSLVPAGSNEQS,1
TRBV7-9,TRBJ2-1,ASSLVPAGSSYNEQF,4
TRBV7-9,TRBJ2-1,ASSLVPAGSYNEQF,2
TRBV7-9,TRBJ2-1,ASSLVPAGTRYNEQF,1
TRBV7-9,TRBJ2-1,ASSLVPAGTSDAYNEQF,1
TRBV7-9,TRBJ2-1,ASSLVPAGYDKQF,1
TRBV7-9,TRBJ2-1,ASSLVPAGYKDHV,1
TRBV7-9,TRBJ2-1,ASSLVPAGYKEQC,1
TRBV7-9,TRBJ2-1,ASSLVPAGYKEQF,2
TRBV7-9,TRBJ2-1,ASSLVPAGYNAEF,1
TRBV7-9,TRBJ2-1,ASSLVPAGYNAKF,1
TRBV7-9,TRBJ2-1,ASSLVPAGYNAQF,3
TRBV7-9,TRBJ2-1,ASSLVPAGYNEEL,1
TRBV7-9,TRBJ2-1,ASSLVPAGYNEHF,1
TRBV7-9,TRBJ2-1,ASSLVPAGYNEKF,1
TRBV7-9,TRBJ2-1,ASSLVPAGYNELF,1
TRBV7-9,TRBJ2-1,ASSLVPAGYNEPF,1
TRBV7-9,TRBJ2-1,ASSLVPAGYNEPS,1
TRBV7-9,TRBJ2-1,ASSLVPAGYNEQF,29
TRBV7-9,TRBJ2-1,ASSLVPAGYNEQG,1
TRBV7-9,TRBJ2-1,ASSLVPAGYNEQL,1
TRBV7-9,TRBJ2-1,ASSLVPAGYNEQV,3
TRBV7-9,TRBJ2-1,ASSLVPAGYNEQY,1
TRBV7-9,TRBJ2-1,ASSLVPAGYNGQF,3
TRBV7-9,TRBJ2-1,ASSLVPAGYTEQF,1
TRBV7-9,TRBJ2-1,ASSLVPAGYYNEQF,1
TRBV7-9,TRBJ2-1,ASSLVPAHEQF,7
TRBV7-9,TRBJ2-1,ASSLVPAHSYNEQF,4
TRBV7-9,TRBJ2-1,ASSLVPAHYTEQF,1
TRBV7-9,TRBJ2-1,ASSLVPAIGTYNEQF,1
TRBV7-9,TRBJ2-1,ASSLVPAIYYEQF,1
TRBV7-9,TRBJ2-1,ASSLVPALGLYNEQF,1
TRBV7-9,TRBJ2-1,ASSLVPALILVNEQF,2
TRBV7-9,TRBJ2-1,ASSLVPALQNNEQF,1
TRBV7-9,TRBJ2-1,ASSLVPANEQF,11
TRBV7-9,TRBJ2-1,ASSLVPANPYNEQF,1
TRBV7-9,TRBJ2-1,ASSLVPANYNAQF,1
TRBV7-9,TRBJ2-1,ASSLVPANYNEQF,1
TRBV7-9,TRBJ2-1,ASSLVPAPDNEQC,1
TRBV7-9,TRBJ2-1,ASSLVPAPDNEQF,1
TRBV7-9,TRBJ2-1,ASSLVPAPDNEQS,1
TRBV7-9,TRBJ2-1,ASSLVPAPFNEQF,1
TRBV7-9,TRBJ2-1,ASSLVPAPHNEQF,2
TRBV7-9,TRBJ2-1,ASSLVPAPNEQF,1
TRBV7-9,TRBJ2-1,ASSLVPAPPNGQF,1
TRBV7-9,TRBJ2-1,ASSLVPAPSNGHF,1
TRBV7-9,TRBJ2-1,ASSLVPAPSTEKF,1
TRBV7-9,TRBJ2-1,ASSLVPAPYHEQF,1
TRBV7-9,TRBJ2-1,ASSLVPAPYIEQV,1
TRBV7-9,TRBJ2-1,ASSLVPAPYKEQF,1
TRBV7-9,TRBJ2-1,ASSLVPAPYKEQL,1
TRBV7-9,TRBJ2-1,ASSLVPAPYNAQF,1
TRBV7-9,TRBJ2-1,ASSLVPAPYNDQF,1
TRBV7-9,TRBJ2-1,ASSLVPAPYNEEF,1
TRBV7-9,TRBJ2-1,ASSLVPAPYNEHF,1
TRBV7-9,TRBJ2-1,ASSLVPAPYNEKF,1
TRBV7-9,TRBJ2-1,ASSLVPAPYNEPI,1
TRBV7-9,TRBJ2-1,ASSLVPAPYNEQC,1
TRBV7-9,TRBJ2-1,ASSLVPAPYNEQF,26
TRBV7-9,TRBJ2-1,ASSLVPAPYNEQI,1
TRBV7-9,TRBJ2-1,ASSLVPAPYNEQV,1
TRBV7-9,TRBJ2-1,ASSLVPAPYNGQF,2
TRBV7-9,TRBJ2-1,ASSLVPAPYNKQF,1
TRBV7-9,TRBJ2-1,ASSLVPAPYNKQS,1
TRBV7-9,TRBJ2-1,ASSLVPAPYNMKC,1
TRBV7-9,TRBJ2-1,ASSLVPAPYNQQF,1
TRBV7-9,TRBJ2-1,ASSLVPAPYNRQF,1
TRBV7-9,TRBJ2-1,ASSLVPAPYTDQF,1
TRBV7-9,TRBJ2-1,ASSLVPAPYTEQC,1
TRBV7-9,TRBJ2-1,ASSLVPAPYYEQF,1
TRBV7-9,TRBJ2-1,ASSLVPAPYYRQI,1
TRBV7-9,TRBJ2-1,ASSLVPAQAS,1
TRBV7-9,TRBJ2-1,ASSLVPAQEQF,9
TRBV7-9,TRBJ2-1,ASSLVPARLNVQF,1
TRBV7-9,TRBJ2-1,ASSLVPARPYNEQF,5
TRBV7-9,TRBJ2-1,ASSLVPARSSYNEQF,1
TRBV7-9,TRBJ2-1,ASSLVPARYNEQF,3
TRBV7-9,TRBJ2-1,ASSLVPASANEQF,1
TRBV7-9,TRBJ2-1,ASSLVPASENEQF,1
TRBV7-9,TRBJ2-1,ASSLVPASGDEQF,1
TRBV7-9,TRBJ2-1,ASSLVPASGDNEQF,1
TRBV7-9,TRBJ2-1,ASSLVPASGGYNEQF,18
TRBV7-9,TRBJ2-1,ASSLVPASGRDNEQF,1
TRBV7-9,TRBJ2-1,ASSLVPASGRYNEQF,1
TRBV7-9,TRBJ2-1,ASSLVPASGSYNEQF,1
TRBV7-9,TRBJ2-1,ASSLVPASNNVHF,1
TRBV7-9,TRBJ2-1,ASSLVPASQNEPF,1
TRBV7-9,TRBJ2-1,ASSLVPASSYNEQF,6
TRBV7-9,TRBJ2-1,ASSLVPASYDEQF,1
TRBV7-9,TRBJ2-1,ASSLVPASYKEQF,1
TRBV7-9,TRBJ2-1,ASSLVPASYNAPF,1
TRBV7-9,TRBJ2-1,ASSLVPASYNAQF,2
TRBV7-9,TRBJ2-1,ASSLVPASYNDHF,1
TRBV7-9,TRBJ2-1,ASSLVPASYNDQF,3
TRBV7-9,TRBJ2-1,ASSLVPASYNEEF,1
TRBV7-9,TRBJ2-1,ASSLVPASYNEKF,2
TRBV7-9,TRBJ2-1,ASSLVPASYNELV,1
TRBV7-9,TRBJ2-1,ASSLVPASYNEPF,1
TRBV7-9,TRBJ2-1,ASSLVPASYNEQC,2
TRBV7-9,TRBJ2-1,ASSLVPASYNEQF,53
TRBV7-9,TRBJ2-1,ASSLVPASYNEQS,1
TRBV7-9,TRBJ2-1,ASSLVPASYNEQV,2
TRBV7-9,TRBJ2-1,ASSLVPASYNGQF,2
TRBV7-9,TRBJ2-1,ASSLVPASYNKQF,1
TRBV7-9,TRBJ2-1,ASSLVPASYNLQF,1
TRBV7-9,TRBJ2-1,ASSLVPASYNMQV,1
TRBV7-9,TRBJ2-1,ASSLVPASYSERV,1
TRBV7-9,TRBJ2-1,ASSLVPASYTEQF,2
TRBV7-9,TRBJ2-1,ASSLVPASYYEQF,1
TRBV7-9,TRBJ2-1,ASSLVPATDNGQF,1
TRBV7-9,TRBJ2-1,ASSLVPATSSNEQF,1
TRBV7-9,TRBJ2-1,ASSLVPATSYNEQF,8
TRBV7-9,TRBJ2-1,ASSLVPATYKEQL,1
TRBV7-9,TRBJ2-1,ASSLVPATYNAQF,1
TRBV7-9,TRBJ2-1,ASSLVPATYNAQY,1
TRBV7-9,TRBJ2-1,ASSLVPATYNDQF,1
TRBV7-9,TRBJ2-1,ASSLVPATYNELF,1
TRBV7-9,TRBJ2-1,ASSLVPATYNEQF,27
TRBV7-9,TRBJ2-1,ASSLVPATYNGQL,1
TRBV7-9,TRBJ2-1,ASSLVPATYNVQF,2
TRBV7-9,TRBJ2-1,ASSLVPATYNYQF,1
TRBV7-9,TRBJ2-1,ASSLVPATYTEKC,1
TRBV7-9,TRBJ2-1,ASSLVPAVAGVKYNEQF,1
TRBV7-9,TRBJ2-1,ASSLVPAVDKEQF,1
TRBV7-9,TRBJ2-1,ASSLVPAVDNEQF,1
TRBV7-9,TRBJ2-1,ASSLVPAVDNGQF,1
TRBV7-9,TRBJ2-1,ASSLVPAVGNEQF,1
TRBV7-9,TRBJ2-1,ASSLVPAVSKEQF,1
TRBV7-9,TRBJ2-1,ASSLVPAVSNDQF,1
TRBV7-9,TRBJ2-1,ASSLVPAVYHDQF,1
TRBV7-9,TRBJ2-1,ASSLVPAVYIEPF,1
TRBV7-9,TRBJ2-1,ASSLVPAVYNAQF,2
TRBV7-9,TRBJ2-1,ASSLVPAVYNDQF,2
TRBV7-9,TRBJ2-1,ASSLVPAVYNEKF,2
TRBV7-9,TRBJ2-1,ASSLVPAVYNEQC,1
TRBV7-9,TRBJ2-1,ASSLVPAVYNEQF,39
TRBV7-9,TRBJ2-1,ASSLVPAVYNEQY,1
TRBV7-9,TRBJ2-1,ASSLVPAVYNGEF,1
TRBV7-9,TRBJ2-1,ASSLVPAVYNGQF,1
TRBV7-9,TRBJ2-1,ASSLVPAVYNKQF,1
TRBV7-9,TRBJ2-1,ASSLVPAVYNKQV,1
TRBV7-9,TRBJ2-1,ASSLVPAVYNNKF,1
TRBV7-9,TRBJ2-1,ASSLVPAVYNVQF,1
TRBV7-9,TRBJ2-1,ASSLVPAVYSEQF,1
TRBV7-9,TRBJ2-1,ASSLVPAVYTEQF,1
TRBV7-9,TRBJ2-1,ASSLVPAWGTGNEQF,6
TRBV7-9,TRBJ2-1,ASSLVPAWYKVLR,1
TRBV7-9,TRBJ2-1,ASSLVPAYNEQF,15
TRBV7-9,TRBJ2-1,ASSLVPAYYNEQF,2
TRBV7-9,TRBJ2-1,ASSLVPAYYTPQF,1
TRBV7-9,TRBJ2-1,ASSLVPCACNGQC,1
TRBV7-9,TRBJ2-1,ASSLVPCAYNEQF,2
TRBV7-9,TRBJ2-1,ASSLVPCAYSEQF,1
TRBV7-9,TRBJ2-1,ASSLVPCTYKEQF,1
TRBV7-9,TRBJ2-1,ASSLVPDAADEQF,1
TRBV7-9,TRBJ2-1,ASSLVPDAANEKF,1
TRBV7-9,TRBJ2-1,ASSLVPDAANEQF,8
TRBV7-9,TRBJ2-1,ASSLVPDACIEQF,1
TRBV7-9,TRBJ2-1,ASSLVPDACKAQF,1
TRBV7-9,TRBJ2-1,ASSLVPDACKEQF,3
TRBV7-9,TRBJ2-1,ASSLVPDACNAQF,2
TRBV7-9,TRBJ2-1,ASSLVPDACNAQL,1
TRBV7-9,TRBJ2-1,ASSLVPDACNDQF,1
TRBV7-9,TRBJ2-1,ASSLVPDACNEEF,1
TRBV7-9,TRBJ2-1,ASSLVPDACNEHF,1
TRBV7-9,TRBJ2-1,ASSLVPDACNEPF,2
TRBV7-9,TRBJ2-1,ASSLVPDACNEQF,10
TRBV7-9,TRBJ2-1,ASSLVPDACNEQL,1
TRBV7-9,TRBJ2-1,ASSLVPDACNVQV,1
TRBV7-9,TRBJ2-1,ASSLVPDADDEQF,2
TRBV7-9,TRBJ2-1,ASSLVPDADDYNEQF,1
TRBV7-9,TRBJ2-1,ASSLVPDADEEQF,1
TRBV7-9,TRBJ2-1,ASSLVPDADHEQF,5
TRBV7-9,TRBJ2-1,ASSLVPDADIEQA,1
TRBV7-9,TRBJ2-1,ASSLVPDADKEKC,1
TRBV7-9,TRBJ2-1,ASSLVPDADKEKF,1
TRBV7-9,TRBJ2-1,ASSLVPDADKEQF,21
TRBV7-9,TRBJ2-1,ASSLVPDADKGQF,1
TRBV7-9,TRBJ2-1,ASSLVPDADNAQF,3
TRBV7-9,TRBJ2-1,ASSLVPDADNDHF,1
TRBV7-9,TRBJ2-1,ASSLVPDADNDQD,1
TRBV7-9,TRBJ2-1,ASSLVPDADNDQF,9
TRBV7-9,TRBJ2-1,ASSLVPDADNEAL,1
TRBV7-9,TRBJ2-1,ASSLVPDADNEEF,3
TRBV7-9,TRBJ2-1,ASSLVPDADNEHF,4
TRBV7-9,TRBJ2-1,ASSLVPDADNEKF,6
TRBV7-9,TRBJ2-1,ASSLVPDADNEKL,1
TRBV7-9,TRBJ2-1,ASSLVPDADNEKV,2
TRBV7-9,TRBJ2-1,ASSLVPDADNELS,1
TRBV7-9,TRBJ2-1,ASSLVPDADNENF,1
TRBV7-9,TRBJ2-1,ASSLVPDADNENI,1
TRBV7-9,TRBJ2-1,ASSLVPDADNEPF,2
TRBV7-9,TRBJ2-1,ASSLVPDADNEQC,9
TRBV7-9,TRBJ2-1,ASSLVPDADNEQF,247
TRBV7-9,TRBJ2-1,ASSLVPDADNEQL,2
TRBV7-9,TRBJ2-1,ASSLVPDADNEQS,1
TRBV7-9,TRBJ2-1,ASSLVPDADNEQV,1
TRBV7-9,TRBJ2-1,ASSLVPDADNEQY,5
TRBV7-9,TRBJ2-1,ASSLVPDADNERF,4
TRBV7-9,TRBJ2-1,ASSLVPDADNETF,1
TRBV7-9,TRBJ2-1,ASSLVPDADNGQF,5
TRBV7-9,TRBJ2-1,ASSLVPDADNKQF,3
TRBV7-9,TRBJ2-1,ASSLVPDADNKQY,1
TRBV7-9,TRBJ2-1,ASSLVPDADNQQF,1
TRBV7-9,TRBJ2-1,ASSLVPDADNVQF,3
TRBV7-9,TRBJ2-1,ASSLVPDADNYQF,1
TRBV7-9,TRBJ2-1,ASSLVPDADSEQC,1
TRBV7-9,TRBJ2-1,ASSLVPDADSEQF,2
TRBV7-9,TRBJ2-1,ASSLVPDADSEQY,1
TRBV7-9,TRBJ2-1,ASSLVPDADTEHF,1
TRBV7-9,TRBJ2-1,ASSLVPDADTEQF,2
TRBV7-9,TRBJ2-1,ASSLVPDADYEQF,1
TRBV7-9,TRBJ2-1,ASSLVPDAEHEQF,3
TRBV7-9,TRBJ2-1,ASSLVPDAENDQF,1
TRBV7-9,TRBJ2-1,ASSLVPDAENEHF,1
TRBV7-9,TRBJ2-1,ASSLVPDAENEQC,3
TRBV7-9,TRBJ2-1,ASSLVPDAENEQF,11
TRBV7-9,TRBJ2-1,ASSLVPDAENKQF,1
TRBV7-9,TRBJ2-1,ASSLVPDAETAQF,1
TRBV7-9,TRBJ2-1,ASSLVPDAFKGQF,1
TRBV7-9,TRBJ2-1,ASSLVPDAFNDQF,3
TRBV7-9,TRBJ2-1,ASSLVPDAFNEQF,9
TRBV7-9,TRBJ2-1,ASSLVPDAFNEQV,1
TRBV7-9,TRBJ2-1,ASSLVPDAHHEQF,1
TRBV7-9,TRBJ2-1,ASSLVPDAHIEQF,1
TRBV7-9,TRBJ2-1,ASSLVPDAHKEEF,1
TRBV7-9,TRBJ2-1,ASSLVPDAHKEQF,2
TRBV7-9,TRBJ2-1,ASSLVPDAHKKQF,1
TRBV7-9,TRBJ2-1,ASSLVPDAHNAHF,1
TRBV7-9,TRBJ2-1,ASSLVPDAHNAQA,1
TRBV7-9,TRBJ2-1,ASSLVPDAHNAQY,1
TRBV7-9,TRBJ2-1,ASSLVPDAHNDHF,1
TRBV7-9,TRBJ2-1,ASSLVPDAHNDHY,1
TRBV7-9,TRBJ2-1,ASSLVPDAHNDQF,1
TRBV7-9,TRBJ2-1,ASSLVPDAHNEEF,1
TRBV7-9,TRBJ2-1,ASSLVPDAHNEHF,1
TRBV7-9,TRBJ2-1,ASSLVPDAHNEKF,2
TRBV7-9,TRBJ2-1,ASSLVPDAHNELV,1
TRBV7-9,TRBJ2-1,ASSLVPDAHNEQC,3
TRBV7-9,TRBJ2-1,ASSLVPDAHNEQF,79
TRBV7-9,TRBJ2-1,ASSLVPDAHNEQL,1
TRBV7-9,TRBJ2-1,ASSLVPDAHNEQS,1
TRBV7-9,TRBJ2-1,ASSLVPDAHNEQV,2
TRBV7-9,TRBJ2-1,ASSLVPDAHNEQY,8
TRBV7-9,TRBJ2-1,ASSLVPDAHNERF,1
TRBV7-9,TRBJ2-1,ASSLVPDAHNGQF,1
TRBV7-9,TRBJ2-1,ASSLVPDAHNKPF,1
TRBV7-9,TRBJ2-1,ASSLVPDAHNKQF,1
TRBV7-9,TRBJ2-1,ASSLVPDAHNQQF,1
TRBV7-9,TRBJ2-1,ASSLVPDAHNQQS,1
TRBV7-9,TRBJ2-1,ASSLVPDAHSEQV,1
TRBV7-9,TRBJ2-1,ASSLVPDAHTEQF,2
TRBV7-9,TRBJ2-1,ASSLVPDAHYEHF,1
TRBV7-9,TRBJ2-1,ASSLVPDAHYEQF,3
TRBV7-9,TRBJ2-1,ASSLVPDAHYEQY,2
TRBV7-9,TRBJ2-1,ASSLVPDAINEQF,1
TRBV7-9,TRBJ2-1,ASSLVPDAKIKKF,1
TRBV7-9,TRBJ2-1,ASSLVPDAKKEQY,1
TRBV7-9,TRBJ2-1,ASSLVPDAKNEQF,4
TRBV7-9,TRBJ2-1,ASSLVPDAKNKQF,1
TRBV7-9,TRBJ2-1,ASSLVPDAKNYQF,1
TRBV7-9,TRBJ2-1,ASSLVPDALNEKV,1
TRBV7-9,TRBJ2-1,ASSLVPDALNEQF,1
TRBV7-9,TRBJ2-1,ASSLVPDALNNQF,1
TRBV7-9,TRBJ2-1,ASSLVPDANHEQC,1
TRBV7-9,TRBJ2-1,ASSLVPDANKEQF,3
TRBV7-9,TRBJ2-1,ASSLVPDANKEQL,1
TRBV7-9,TRBJ2-1,ASSLVPDANKTMF,1
TRBV7-9,TRBJ2-1,ASSLVPDANNDQF,1
TRBV7-9,TRBJ2-1,ASSLVPDANNEHF,2
TRBV7-9,TRBJ2-1,ASSLVPDANNEKC,1
TRBV7-9,TRBJ2-1,ASSLVPDANNEKF,1
TRBV7-9,TRBJ2-1,ASSLVPDANNEQC,3
TRBV7-9,TRBJ2-1,ASSLVPDANNEQF,33
TRBV7-9,TRBJ2-1,ASSLVPDANNEQI,1
TRBV7-9,TRBJ2-1,ASSLVPDANNEQV,1
TRBV7-9,TRBJ2-1,ASSLVPDANNEQY,1
TRBV7-9,TRBJ2-1,ASSLVPDANNGQF,1
TRBV7-9,TRBJ2-1,ASSLVPDANNKQF,1
TRBV7-9,TRBJ2-1,ASSLVPDANNNQF,1
TRBV7-9,TRBJ2-1,ASSLVPDANNVQF,1
TRBV7-9,TRBJ2-1,ASSLVPDAPNEQF,9
TRBV7-9,TRBJ2-1,ASSLVPDAPNEQY,1
TRBV7-9,TRBJ2-1,ASSLVPDAPYEQF,1
TRBV7-9,TRBJ2-1,ASSLVPDAQHEQF,1
TRBV7-9,TRBJ2-1,ASSLVPDAQNEQF,2
TRBV7-9,TRBJ2-1,ASSLVPDAQNVHF,1
TRBV7-9,TRBJ2-1,ASSLVPDASDEEF,1
TRBV7-9,TRBJ2-1,ASSLVPDASDEQF,2
TRBV7-9,TRBJ2-1,ASSLVPDASHGQC,1
TRBV7-9,TRBJ2-1,ASSLVPDASIEQF,1
TRBV7-9,TRBJ2-1,ASSLVPDASKEQF,5
TRBV7-9,TRBJ2-1,ASSLVPDASNAQF,3
TRBV7-9,TRBJ2-1,ASSLVPDASNDQF,2
TRBV7-9,TRBJ2-1,ASSLVPDASNEHF,1
TRBV7-9,TRBJ2-1,ASSLVPDASNEHY,1
TRBV7-9,TRBJ2-1,ASSLVPDASNEQC,3
TRBV7-9,TRBJ2-1,ASSLVPDASNEQF,114
TRBV7-9,TRBJ2-1,ASSLVPDASNEQS,1
TRBV7-9,TRBJ2-1,ASSLVPDASNEQV,1
TRBV7-9,TRBJ2-1,ASSLVPDASNEQY,10
TRBV7-9,TRBJ2-1,ASSLVPDASNERC,1
TRBV7-9,TRBJ2-1,ASSLVPDASNGQC,1
TRBV7-9,TRBJ2-1,ASSLVPDASNKKF,1
TRBV7-9,TRBJ2-1,ASSLVPDASNKQF,1
TRBV7-9,TRBJ2-1,ASSLVPDASNQQF,1
TRBV7-9,TRBJ2-1,ASSLVPDASNVQF,2
TRBV7-9,TRBJ2-1,ASSLVPDASYEQY,1
TRBV7-9,TRBJ2-1,ASSLVPDATNEQF,1
TRBV7-9,TRBJ2-1,ASSLVPDAVKDQC,1
TRBV7-9,TRBJ2-1,ASSLVPDAVNEQF,1
TRBV7-9,TRBJ2-1,ASSLVPDAYAEQF,1
TRBV7-9,TRBJ2-1,ASSLVPDAYCEKF,1
TRBV7-9,TRBJ2-1,ASSLVPDAYDEEF,1
TRBV7-9,TRBJ2-1,ASSLVPDAYDEHF,2
TRBV7-9,TRBJ2-1,ASSLVPDAYDELF,1
TRBV7-9,TRBJ2-1,ASSLVPDAYDEPF,1
TRBV7-9,TRBJ2-1,ASSLVPDAYDEPV,1
TRBV7-9,TRBJ2-1,ASSLVPDAYDEQF,40
TRBV7-9,TRBJ2-1,ASSLVPDAYDEQL,2
TRBV7-9,TRBJ2-1,ASSLVPDAYDEQS,1
TRBV7-9,TRBJ2-1,ASSLVPDAYDEQY,2
TRBV7-9,TRBJ2-1,ASSLVPDAYDGQF,1
TRBV7-9,TRBJ2-1,ASSLVPDAYDVEF,1
TRBV7-9,TRBJ2-1,ASSLVPDAYDYQC,1
TRBV7-9,TRBJ2-1,ASSLVPDAYEDQF,1
TRBV7-9,TRBJ2-1,ASSLVPDAYEEQF,4
TRBV7-9,TRBJ2-1,ASSLVPDAYEKQF,1
TRBV7-9,TRBJ2-1,ASSLVPDAYGEQF,1
TRBV7-9,TRBJ2-1,ASSLVPDAYHAQC,1
TRBV7-9,TRBJ2-1,ASSLVPDAYHAQF,2
TRBV7-9,TRBJ2-1,ASSLVPDAYHDHF,1
TRBV7-9,TRBJ2-1,ASSLVPDAYHDKV,1
TRBV7-9,TRBJ2-1,ASSLVPDAYHDQF,5
TRBV7-9,TRBJ2-1,ASSLVPDAYHEHF,3
TRBV7-9,TRBJ2-1,ASSLVPDAYHEKC,1
TRBV7-9,TRBJ2-1,ASSLVPDAYHEKF,5
TRBV7-9,TRBJ2-1,ASSLVPDAYHEKV,1
TRBV7-9,TRBJ2-1,ASSLVPDAYHEPF,2
TRBV7-9,TRBJ2-1,ASSLVPDAYHEQC,2
TRBV7-9,TRBJ2-1,ASSLVPDAYHEQF,136
TRBV7-9,TRBJ2-1,ASSLVPDAYHEQI,1
TRBV7-9,TRBJ2-1,ASSLVPDAYHEQL,2
TRBV7-9,TRBJ2-1,ASSLVPDAYHEQV,3
TRBV7-9,TRBJ2-1,ASSLVPDAYHEQY,4
TRBV7-9,TRBJ2-1,ASSLVPDAYHERF,1
TRBV7-9,TRBJ2-1,ASSLVPDAYHGKF,1
TRBV7-9,TRBJ2-1,ASSLVPDAYHGQF,3
TRBV7-9,TRBJ2-1,ASSLVPDAYHKQF,2
TRBV7-9,TRBJ2-1,ASSLVPDAYHQQC,1
TRBV7-9,TRBJ2-1,ASSLVPDAYHRTF,2
TRBV7-9,TRBJ2-1,ASSLVPDAYHVQF,2
TRBV7-9,TRBJ2-1,ASSLVPDAYIAQF,1
TRBV7-9,TRBJ2-1,ASSLVPDAYIDEF,1
TRBV7-9,TRBJ2-1,ASSLVPDAYIDQF,1
TRBV7-9,TRBJ2-1,ASSLVPDAYIEHF,1
TRBV7-9,TRBJ2-1,ASSLVPDAYIEHI,1
TRBV7-9,TRBJ2-1,ASSLVPDAYIEKF,2
TRBV7-9,TRBJ2-1,ASSLVPDAYIELC,1
TRBV7-9,TRBJ2-1,ASSLVPDAYIEQC,1
TRBV7-9,TRBJ2-1,ASSLVPDAYIEQF,30
TRBV7-9,TRBJ2-1,ASSLVPDAYIEQS,1
TRBV7-9,TRBJ2-1,ASSLVPDAYIEQV,4
TRBV7-9,TRBJ2-1,ASSLVPDAYIEYF,1
TRBV7-9,TRBJ2-1,ASSLVPDAYIGKC,1
TRBV7-9,TRBJ2-1,ASSLVPDAYIGKL,1
TRBV7-9,TRBJ2-1,ASSLVPDAYIGQF,4
TRBV7-9,TRBJ2-1,ASSLVPDAYIKQF,1
TRBV7-9,TRBJ2-1,ASSLVPDAYIKQV,1
TRBV7-9,TRBJ2-1,ASSLVPDAYILQF,1
TRBV7-9,TRBJ2-1,ASSLVPDAYIVAF,1
TRBV7-9,TRBJ2-1,ASSLVPDAYIVQF,2
TRBV7-9,TRBJ2-1,ASSLVPDAYKAEV,1
TRBV7-9,TRBJ2-1,ASSLVPDAYKALF,1
TRBV7-9,TRBJ2-1,ASSLVPDAYKAQC,1
TRBV7-9,TRBJ2-1,ASSLVPDAYKAQF,12
TRBV7-9,TRBJ2-1,ASSLVPDAYKAQV,2
TRBV7-9,TRBJ2-1,ASSLVPDAYKDQC,1
TRBV7-9,TRBJ2-1,ASSLVPDAYKDQF,8
TRBV7-9,TRBJ2-1,ASSLVPDAYKDQY,1
TRBV7-9,TRBJ2-1,ASSLVPDAYKEEF,5
TRBV7-9,TRBJ2-1,ASSLVPDAYKEHF,6
TRBV7-9,TRBJ2-1,ASSLVPDAYKEKF,7
TRBV7-9,TRBJ2-1,ASSLVPDAYKEKL,1
TRBV7-9,TRBJ2-1,ASSLVPDAYKEKV,2
TRBV7-9,TRBJ2-1,ASSLVPDAYKELF,1
TRBV7-9,TRBJ2-1,ASSLVPDAYKEPF,3
TRBV7-9,TRBJ2-1,ASSLVPDAYKEQC,12
TRBV7-9,TRBJ2-1,ASSLVPDAYKEQF,356
TRBV7-9,TRBJ2-1,ASSLVPDAYKEQI,2
TRBV7-9,TRBJ2-1,ASSLVPDAYKEQL,12
TRBV7-9,TRBJ2-1,ASSLVPDAYKEQR,1
TRBV7-9,TRBJ2-1,ASSLVPDAYKEQS,4
TRBV7-9,TRBJ2-1,ASSLVPDAYKEQV,9
TRBV7-9,TRBJ2-1,ASSLVPDAYKEQY,1
TRBV7-9,TRBJ2-1,ASSLVPDAYKERF,1
TRBV7-9,TRBJ2-1,ASSLVPDAYKETV,1
TRBV7-9,TRBJ2-1,ASSLVPDAYKEYF,1
TRBV7-9,TRBJ2-1,ASSLVPDAYKGKI,1
TRBV7-9,TRBJ2-1,ASSLVPDAYKGLF,1
TRBV7-9,TRBJ2-1,ASSLVPDAYKGPG,1
TRBV7-9,TRBJ2-1,ASSLVPDAYKGQC,1
TRBV7-9,TRBJ2-1,ASSLVPDAYKGQF,9
TRBV7-9,TRBJ2-1,ASSLVPDAYKGQL,1
TRBV7-9,TRBJ2-1,ASSLVPDAYKGQS,1
TRBV7-9,TRBJ2-1,ASSLVPDAYKHQF,1
TRBV7-9,TRBJ2-1,ASSLVPDAYKKQC,1
TRBV7-9,TRBJ2-1,ASSLVPDAYKKQF,3
TRBV7-9,TRBJ2-1,ASSLVPDAYKKQL,1
TRBV7-9,TRBJ2-1,ASSLVPDAYKQQF,4
TRBV7-9,TRBJ2-1,ASSLVPDAYKRKC,1
TRBV7-9,TRBJ2-1,ASSLVPDAYKVQF,4
TRBV7-9,TRBJ2-1,ASSLVPDAYLAQC,1
TRBV7-9,TRBJ2-1,ASSLVPDAYLEQF,1
TRBV7-9,TRBJ2-1,ASSLVPDAYLGKC,1
TRBV7-9,TRBJ2-1,ASSLVPDAYMEQF,2
TRBV7-9,TRBJ2-1,ASSLVPDAYMKQF,1
TRBV7-9,TRBJ2-1,ASSLVPDAYMRQF,1
TRBV7-9,TRBJ2-1,ASSLVPDAYNAEF,2
TRBV7-9,TRBJ2-1,ASSLVPDAYNAHF,7
TRBV7-9,TRBJ2-1,ASSLVPDAYNAKF,4
TRBV7-9,TRBJ2-1,ASSLVPDAYNALF,1
TRBV7-9,TRBJ2-1,ASSLVPDAYNAPF,1
TRBV7-9,TRBJ2-1,ASSLVPDAYNAQC,4
TRBV7-9,TRBJ2-1,ASSLVPDAYNAQF,145
TRBV7-9,TRBJ2-1,ASSLVPDAYNAQI,1
TRBV7-9,TRBJ2-1,ASSLVPDAYNAQL,4
TRBV7-9,TRBJ2-1,ASSLVPDAYNAQS,3
TRBV7-9,TRBJ2-1,ASSLVPDAYNAQV,3
TRBV7-9,TRBJ2-1,ASSLVPDAYNAQY,3
TRBV7-9,TRBJ2-1,ASSLVPDAYNDEC,1
TRBV7-9,TRBJ2-1,ASSLVPDAYNDEF,4
TRBV7-9,TRBJ2-1,ASSLVPDAYNDHF,25
TRBV7-9,TRBJ2-1,ASSLVPDAYNDHV,4
TRBV7-9,TRBJ2-1,ASSLVPDAYNDHY,1
TRBV7-9,TRBJ2-1,ASSLVPDAYNDKF,8
TRBV7-9,TRBJ2-1,ASSLVPDAYNDKV,2
TRBV7-9,TRBJ2-1,ASSLVPDAYNDLF,1
TRBV7-9,TRBJ2-1,ASSLVPDAYNDPF,4
TRBV7-9,TRBJ2-1,ASSLVPDAYNDQC,5
TRBV7-9,TRBJ2-1,ASSLVPDAYNDQF,302
TRBV7-9,TRBJ2-1,ASSLVPDAYNDQL,3
TRBV7-9,TRBJ2-1,ASSLVPDAYNDQV,11
TRBV7-9,TRBJ2-1,ASSLVPDAYNDQY,3
TRBV7-9,TRBJ2-1,ASSLVPDAYNEDF,1
TRBV7-9,TRBJ2-1,ASSLVPDAYNEDV,1
TRBV7-9,TRBJ2-1,ASSLVPDAYNEEC,1
TRBV7-9,TRBJ2-1,ASSLVPDAYNEED,1
TRBV7-9,TRBJ2-1,ASSLVPDAYNEEF,44
TRBV7-9,TRBJ2-1,ASSLVPDAYNEEI,1
TRBV7-9,TRBJ2-1,ASSLVPDAYNEHA,1
TRBV7-9,TRBJ2-1,ASSLVPDAYNEHC,4
TRBV7-9,TRBJ2-1,ASSLVPDAYNEHF,227
TRBV7-9,TRBJ2-1,ASSLVPDAYNEHI,1
TRBV7-9,TRBJ2-1,ASSLVPDAYNEHL,2
TRBV7-9,TRBJ2-1,ASSLVPDAYNEHS,1
TRBV7-9,TRBJ2-1,ASSLVPDAYNEHV,8
TRBV7-9,TRBJ2-1,ASSLVPDAYNEKC,7
TRBV7-9,TRBJ2-1,ASSLVPDAYNEKF,190
TRBV7-9,TRBJ2-1,ASSLVPDAYNEKI,1
TRBV7-9,TRBJ2-1,ASSLVPDAYNEKL,3
TRBV7-9,TRBJ2-1,ASSLVPDAYNEKV,4
TRBV7-9,TRBJ2-1,ASSLVPDAYNEKW,1
TRBV7-9,TRBJ2-1,ASSLVPDAYNELF,20
TRBV7-9,TRBJ2-1,ASSLVPDAYNELV,2
TRBV7-9,TRBJ2-1,ASSLVPDAYNEMF,1
TRBV7-9,TRBJ2-1,ASSLVPDAYNENF,5
TRBV7-9,TRBJ2-1,ASSLVPDAYNENV,3
TRBV7-9,TRBJ2-1,ASSLVPDAYNEPC,2
TRBV7-9,TRBJ2-1,ASSLVPDAYNEPF,115
TRBV7-9,TRBJ2-1,ASSLVPDAYNEPL,2
TRBV7-9,TRBJ2-1,ASSLVPDAYNEPV,2
TRBV7-9,TRBJ2-1,ASSLVPDAYNEQC,218
TRBV7-9,TRBJ2-1,ASSLVPDAYNEQF,12166
TRBV7-9,TRBJ2-1,ASSLVPDAYNEQG,5
TRBV7-9,TRBJ2-1,ASSLVPDAYNEQI,16
TRBV7-9,TRBJ2-1,ASSLVPDAYNEQL,98
TRBV7-9,TRBJ2-1,ASSLVPDAYNEQS,35
TRBV7-9,TRBJ2-1,ASSLVPDAYNEQT,1
TRBV7-9,TRBJ2-1,ASSLVPDAYNEQV,194
TRBV7-9,TRBJ2-1,ASSLVPDAYNEQW,3
TRBV7-9,TRBJ2-1,ASSLVPDAYNEQY,104
TRBV7-9,TRBJ2-1,ASSLVPDAYNERF,15
TRBV7-9,TRBJ2-1,ASSLVPDAYNERY,1
TRBV7-9,TRBJ2-1,ASSLVPDAYNETF,8
TRBV7-9,TRBJ2-1,ASSLVPDAYNEVF,1
TRBV7-9,TRBJ2-1,ASSLVPDAYNEWF,1
TRBV7-9,TRBJ2-1,ASSLVPDAYNEYV,1
TRBV7-9,TRBJ2-1,ASSLVPDAYNGEF,2
TRBV7-9,TRBJ2-1,ASSLVPDAYNGHF,1
TRBV7-9,TRBJ2-1,ASSLVPDAYNGKF,4
TRBV7-9,TRBJ2-1,ASSLVPDAYNGLF,2
TRBV7-9,TRBJ2-1,ASSLVPDAYNGPF,4
TRBV7-9,TRBJ2-1,ASSLVPDAYNGQC,3
TRBV7-9,TRBJ2-1,ASSLVPDAYNGQF,107
TRBV7-9,TRBJ2-1,ASSLVPDAYNGQI,2
TRBV7-9,TRBJ2-1,ASSLVPDAYNGQL,4
TRBV7-9,TRBJ2-1,ASSLVPDAYNGQS,1
TRBV7-9,TRBJ2-1,ASSLVPDAYNGQV,3
TRBV7-9,TRBJ2-1,ASSLVPDAYNGRF,1
TRBV7-9,TRBJ2-1,ASSLVPDAYNGTF,1
TRBV7-9,TRBJ2-1,ASSLVPDAYNHQF,2
TRBV7-9,TRBJ2-1,ASSLVPDAYNKEV,1
TRBV7-9,TRBJ2-1,ASSLVPDAYNKHF,5
TRBV7-9,TRBJ2-1,ASSLVPDAYNKKC,1
TRBV7-9,TRBJ2-1,ASSLVPDAYNKKF,9
TRBV7-9,TRBJ2-1,ASSLVPDAYNKNF,1
TRBV7-9,TRBJ2-1,ASSLVPDAYNKPF,1
TRBV7-9,TRBJ2-1,ASSLVPDAYNKQC,2
TRBV7-9,TRBJ2-1,ASSLVPDAYNKQF,92
TRBV7-9,TRBJ2-1,ASSLVPDAYNKQL,1
TRBV7-9,TRBJ2-1,ASSLVPDAYNKQN,1
TRBV7-9,TRBJ2-1,ASSLVPDAYNKQS,1
TRBV7-9,TRBJ2-1,ASSLVPDAYNKQV,7
TRBV7-9,TRBJ2-1,ASSLVPDAYNLQF,2
TRBV7-9,TRBJ2-1,ASSLVPDAYNMQF,1
TRBV7-9,TRBJ2-1,ASSLVPDAYNNKF,1
TRBV7-9,TRBJ2-1,ASSLVPDAYNNQF,5
TRBV7-9,TRBJ2-1,ASSLVPDAYNNQV,1
TRBV7-9,TRBJ2-1,ASSLVPDAYNNQY,1
TRBV7-9,TRBJ2-1,ASSLVPDAYNQHF,5
TRBV7-9,TRBJ2-1,ASSLVPDAYNQKF,1
TRBV7-9,TRBJ2-1,ASSLVPDAYNQPF,1
TRBV7-9,TRBJ2-1,ASSLVPDAYNQQF,30
TRBV7-9,TRBJ2-1,ASSLVPDAYNQQS,1
TRBV7-9,TRBJ2-1,ASSLVPDAYNRLF,1
TRBV7-9,TRBJ2-1,ASSLVPDAYNRQF,1
TRBV7-9,TRBJ2-1,ASSLVPDAYNSKF,1
TRBV7-9,TRBJ2-1,ASSLVPDAYNTHV,1
TRBV7-9,TRBJ2-1,ASSLVPDAYNTQF,3
TRBV7-9,TRBJ2-1,ASSLVPDAYNTQI,1
TRBV7-9,TRBJ2-1,ASSLVPDAYNVHF,3
TRBV7-9,TRBJ2-1,ASSLVPDAYNVHY,1
TRBV7-9,TRBJ2-1,ASSLVPDAYNVKF,6
TRBV7-9,TRBJ2-1,ASSLVPDAYNVNF,1
TRBV7-9,TRBJ2-1,ASSLVPDAYNVPF,5
TRBV7-9,TRBJ2-1,ASSLVPDAYNVQC,1
TRBV7-9,TRBJ2-1,ASSLVPDAYNVQF,79
TRBV7-9,TRBJ2-1,ASSLVPDAYNVQL,1
TRBV7-9,TRBJ2-1,ASSLVPDAYNVQV,1
TRBV7-9,TRBJ2-1,ASSLVPDAYNWKF,1
TRBV7-9,TRBJ2-1,ASSLVPDAYNWQF,4
TRBV7-9,TRBJ2-1,ASSLVPDAYNYQF,4
TRBV7-9,TRBJ2-1,ASSLVPDAYPEQF,1
TRBV7-9,TRBJ2-1,ASSLVPDAYPEQL,1
TRBV7-9,TRBJ2-1,ASSLVPDAYQEQC,4
TRBV7-9,TRBJ2-1,ASSLVPDAYQEQF,8
TRBV7-9,TRBJ2-1,ASSLVPDAYQEQH,1
TRBV7-9,TRBJ2-1,ASSLVPDAYQGQC,1
TRBV7-9,TRBJ2-1,ASSLVPDAYQGQF,1
TRBV7-9,TRBJ2-1,ASSLVPDAYRVQF,1
TRBV7-9,TRBJ2-1,ASSLVPDAYSDQF,1
TRBV7-9,TRBJ2-1,ASSLVPDAYSEEF,1
TRBV7-9,TRBJ2-1,ASSLVPDAYSEKF,1
TRBV7-9,TRBJ2-1,ASSLVPDAYSEPF,1
TRBV7-9,TRBJ2-1,ASSLVPDAYSEQF,29
TRBV7-9,TRBJ2-1,ASSLVPDAYSEQS,1
TRBV7-9,TRBJ2-1,ASSLVPDAYSEQV,3
TRBV7-9,TRBJ2-1,ASSLVPDAYSEYF,1
TRBV7-9,TRBJ2-1,ASSLVPDAYSGEF,1
TRBV7-9,TRBJ2-1,ASSLVPDAYSGHF,1
TRBV7-9,TRBJ2-1,ASSLVPDAYSRQC,1
TRBV7-9,TRBJ2-1,ASSLVPDAYSVQL,1
TRBV7-9,TRBJ2-1,ASSLVPDAYTAQF,3
TRBV7-9,TRBJ2-1,ASSLVPDAYTDQF,1
TRBV7-9,TRBJ2-1,ASSLVPDAYTEEF,1
TRBV7-9,TRBJ2-1,ASSLVPDAYTEHF,2
TRBV7-9,TRBJ2-1,ASSLVPDAYTEHL,2
TRBV7-9,TRBJ2-1,ASSLVPDAYTEKF,2
TRBV7-9,TRBJ2-1,ASSLVPDAYTEKL,1
TRBV7-9,TRBJ2-1,ASSLVPDAYTEPF,1
TRBV7-9,TRBJ2-1,ASSLVPDAYTEQC,4
TRBV7-9,TRBJ2-1,ASSLVPDAYTEQF,101
TRBV7-9,TRBJ2-1,ASSLVPDAYTEQL,4
TRBV7-9,TRBJ2-1,ASSLVPDAYTEQS,1
TRBV7-9,TRBJ2-1,ASSLVPDAYTEQV,3
TRBV7-9,TRBJ2-1,ASSLVPDAYTEQY,2
TRBV7-9,TRBJ2-1,ASSLVPDAYTGQF,1
TRBV7-9,TRBJ2-1,ASSLVPDAYTKQF,1
TRBV7-9,TRBJ2-1,ASSLVPDAYTRQF,1
TRBV7-9,TRBJ2-1,ASSLVPDAYYAQF,1
TRBV7-9,TRBJ2-1,ASSLVPDAYYDHF,1
TRBV7-9,TRBJ2-1,ASSLVPDAYYDQF,2
TRBV7-9,TRBJ2-1,ASSLVPDAYYEHF,2
TRBV7-9,TRBJ2-1,ASSLVPDAYYEHV,1
TRBV7-9,TRBJ2-1,ASSLVPDAYYEKF,1
TRBV7-9,TRBJ2-1,ASSLVPDAYYENF,1
TRBV7-9,TRBJ2-1,ASSLVPDAYYEPF,1
TRBV7-9,TRBJ2-1,ASSLVPDAYYEQF,37
TRBV7-9,TRBJ2-1,ASSLVPDAYYEQY,4
TRBV7-9,TRBJ2-1,ASSLVPDAYYGQF,2
TRBV7-9,TRBJ2-1,ASSLVPDAYYKQF,1
TRBV7-9,TRBJ2-1,ASSLVPDAYYKQL,1
TRBV7-9,TRBJ2-1,ASSLVPDAYYRQF,1
TRBV7-9,TRBJ2-1,ASSLVPDAYYVPF,1
TRBV7-9,TRBJ2-1,ASSLVPDAYYVQF,1
TRBV7-9,TRBJ2-1,ASSLVPDCYNEEF,1
TRBV7-9,TRBJ2-1,ASSLVPDCYNEQF,1
TRBV7-9,TRBJ2-1,ASSLVPDDEHEQF,1
TRBV7-9,TRBJ2-1,ASSLVPDDHKEQF,1
TRBV7-9,TRBJ2-1,ASSLVPDDNNEYF,1
TRBV7-9,TRBJ2-1,ASSLVPDDSNEQF,2
TRBV7-9,TRBJ2-1,ASSLVPDDYCEPY,1
TRBV7-9,TRBJ2-1,ASSLVPDDYDAQF,1
TRBV7-9,TRBJ2-1,ASSLVPDDYDEQF,3
TRBV7-9,TRBJ2-1,ASSLVPDDYDVQF,1
TRBV7-9,TRBJ2-1,ASSLVPDDYHDQF,1
TRBV7-9,TRBJ2-1,ASSLVPDDYHEQF,1
TRBV7-9,TRBJ2-1,ASSLVPDDYIDQF,1
TRBV7-9,TRBJ2-1,ASSLVPDDYIEQF,1
TRBV7-9,TRBJ2-1,ASSLVPDDYKAQF,1
TRBV7-9,TRBJ2-1,ASSLVPDDYKEHF,1
TRBV7-9,TRBJ2-1,ASSLVPDDYKEKF,1
TRBV7-9,TRBJ2-1,ASSLVPDDYKEQF,11
TRBV7-9,TRBJ2-1,ASSLVPDDYKGPF,1
TRBV7-9,TRBJ2-1,ASSLVPDDYKKQF,1
TRBV7-9,TRBJ2-1,ASSLVPDDYNAKC,1
TRBV7-9,TRBJ2-1,ASSLVPDDYNAQF,5
TRBV7-9,TRBJ2-1,ASSLVPDDYNDLF,1
TRBV7-9,TRBJ2-1,ASSLVPDDYNDQF,6
TRBV7-9,TRBJ2-1,ASSLVPDDYNEHF,5
TRBV7-9,TRBJ2-1,ASSLVPDDYNEKF,4
TRBV7-9,TRBJ2-1,ASSLVPDDYNEPF,4
TRBV7-9,TRBJ2-1,ASSLVPDDYNEQC,4
TRBV7-9,TRBJ2-1,ASSLVPDDYNEQF,145
TRBV7-9,TRBJ2-1,ASSLVPDDYNEQL,1
TRBV7-9,TRBJ2-1,ASSLVPDDYNEQS,1
TRBV7-9,TRBJ2-1,ASSLVPDDYNEQV,7
TRBV7-9,TRBJ2-1,ASSLVPDDYNEQY,2
TRBV7-9,TRBJ2-1,ASSLVPDDYNERF,1
TRBV7-9,TRBJ2-1,ASSLVPDDYNKQF,1
TRBV7-9,TRBJ2-1,ASSLVPDDYNMQF,1
TRBV7-9,TRBJ2-1,ASSLVPDDYNRQV,1
TRBV7-9,TRBJ2-1,ASSLVPDDYNVQF,3
TRBV7-9,TRBJ2-1,ASSLVPDDYQQQF,1
TRBV7-9,TRBJ2-1,ASSLVPDDYSEQF,1
TRBV7-9,TRBJ2-1,ASSLVPDDYTEHL,1
TRBV7-9,TRBJ2-1,ASSLVPDDYTEQC,1
TRBV7-9,TRBJ2-1,ASSLVPDDYTEQF,3
TRBV7-9,TRBJ2-1,ASSLVPDDYTRQF,1
TRBV7-9,TRBJ2-1,ASSLVPDDYVEQG,1
TRBV7-9,TRBJ2-1,ASSLVPDDYYEQF,1
TRBV7-9,TRBJ2-1,ASSLVPDDYYEQS,1
TRBV7-9,TRBJ2-1,ASSLVPDENEQF,11
TRBV7-9,TRBJ2-1,ASSLVPDEQF,10
TRBV7-9,TRBJ2-1,ASSLVPDEYEEQF,1
TRBV7-9,TRBJ2-1,ASSLVPDEYHDQF,1
TRBV7-9,TRBJ2-1,ASSLVPDEYNEHF,1
TRBV7-9,TRBJ2-1,ASSLVPDEYNEHV,1
TRBV7-9,TRBJ2-1,ASSLVPDEYNEKF,1
TRBV7-9,TRBJ2-1,ASSLVPDEYNEQF,5
TRBV7-9,TRBJ2-1,ASSLVPDEYNKLF,1
TRBV7-9,TRBJ2-1,ASSLVPDEYNNQF,1
TRBV7-9,TRBJ2-1,ASSLVPDFHNEQF,1
TRBV7-9,TRBJ2-1,ASSLVPDFYNAQF,1
TRBV7-9,TRBJ2-1,ASSLVPDFYNEQF,4
TRBV7-9,TRBJ2-1,ASSLVPDGCNEQF,1
TRBV7-9,TRBJ2-1,ASSLVPDGDKEQG,1
TRBV7-9,TRBJ2-1,ASSLVPDGDNEQF,1
TRBV7-9,TRBJ2-1,ASSLVPDGDSEQS,1
TRBV7-9,TRBJ2-1,ASSLVPDGFNEQF,1
TRBV7-9,TRBJ2-1,ASSLVPDGHNENF,1
TRBV7-9,TRBJ2-1,ASSLVPDGHNEQF,1
TRBV7-9,TRBJ2-1,ASSLVPDGINEQY,1
TRBV7-9,TRBJ2-1,ASSLVPDGKDEQF,1
TRBV7-9,TRBJ2-1,ASSLVPDGKNTQF,1
TRBV7-9,TRBJ2-1,ASSLVPDGSNEQF,1
TRBV7-9,TRBJ2-1,ASSLVPDGYDGQF,1
TRBV7-9,TRBJ2-1,ASSLVPDGYKDQC,1
TRBV7-9,TRBJ2-1,ASSLVPDGYKEQF,7
TRBV7-9,TRBJ2-1,ASSLVPDGYKQQF,1
TRBV7-9,TRBJ2-1,ASSLVPDGYNDQF,3
TRBV7-9,TRBJ2-1,ASSLVPDGYNEEF,1
TRBV7-9,TRBJ2-1,ASSLVPDGYNEHF,2
TRBV7-9,TRBJ2-1,ASSLVPDGYNEKF,1
TRBV7-9,TRBJ2-1,ASSLVPDGYNEPV,1
TRBV7-9,TRBJ2-1,ASSLVPDGYNEQC,1
TRBV7-9,TRBJ2-1,ASSLVPDGYNEQD,1
TRBV7-9,TRBJ2-1,ASSLVPDGYNEQF,41
TRBV7-9,TRBJ2-1,ASSLVPDGYNEQL,1
TRBV7-9,TRBJ2-1,ASSLVPDGYNGLW,1
TRBV7-9,TRBJ2-1,ASSLVPDGYNGQF,1
TRBV7-9,TRBJ2-1,ASSLVPDGYNKKF,1
TRBV7-9,TRBJ2-1,ASSLVPDGYNVQF,1
TRBV7-9,TRBJ2-1,ASSLVPDGYQGQF,1
TRBV7-9,TRBJ2-1,ASSLVPDGYYEQF,1
TRBV7-9,TRBJ2-1,ASSLVPDGYYGKF,1
TRBV7-9,TRBJ2-1,ASSLVPDHEQF,8
TRBV7-9,TRBJ2-1,ASSLVPDHNEQF,1
TRBV7-9,TRBJ2-1,ASSLVPDISKGQF,1
TRBV7-9,TRBJ2-1,ASSLVPDIYNEQF,2
TRBV7-9,TRBJ2-1,ASSLVPDLHNNHF,1
TRBV7-9,TRBJ2-1,ASSLVPDLYNMQF,1
TRBV7-9,TRBJ2-1,ASSLVPDMGDEQF,1
TRBV7-9,TRBJ2-1,ASSLVPDNEQF,23
TRBV7-9,TRBJ2-1,ASSLVPDNYNEQL,1
TRBV7-9,TRBJ2-1,ASSLVPDNYSELF,1
TRBV7-9,TRBJ2-1,ASSLVPDPDNEPF,1
TRBV7-9,TRBJ2-1,ASSLVPDPDNEQF,1
TRBV7-9,TRBJ2-1,ASSLVPDPLGKNEQF,6
TRBV7-9,TRBJ2-1,ASSLVPDPPNEQC,1
TRBV7-9,TRBJ2-1,ASSLVPDPSMKRF,1
TRBV7-9,TRBJ2-1,ASSLVPDPSNEHF,1
TRBV7-9,TRBJ2-1,ASSLVPDPSNEQF,1
TRBV7-9,TRBJ2-1,ASSLVPDPYILKF,1
TRBV7-9,TRBJ2-1,ASSLVPDPYNDHF,2
TRBV7-9,TRBJ2-1,ASSLVPDPYNDQF,2
TRBV7-9,TRBJ2-1,ASSLVPDPYNEHF,2
TRBV7-9,TRBJ2-1,ASSLVPDPYNEHI,1
TRBV7-9,TRBJ2-1,ASSLVPDPYNEQC,1
TRBV7-9,TRBJ2-1,ASSLVPDPYNEQF,22
TRBV7-9,TRBJ2-1,ASSLVPDPYNEQI,2
TRBV7-9,TRBJ2-1,ASSLVPDPYNEQL,1
TRBV7-9,TRBJ2-1,ASSLVPDPYNEQS,1
TRBV7-9,TRBJ2-1,ASSLVPDPYNRQF,1
TRBV7-9,TRBJ2-1,ASSLVPDPYTEHF,1
TRBV7-9,TRBJ2-1,ASSLVPDQGDNEQF,1
TRBV7-9,TRBJ2-1,ASSLVPDQQF,5
TRBV7-9,TRBJ2-1,ASSLVPDRAYNEQF,1
TRBV7-9,TRBJ2-1,ASSLVPDRDWAEQF,1
TRBV7-9,TRBJ2-1,ASSLVPDRDWDEQF,7
TRBV7-9,TRBJ2-1,ASSLVPDRETHNEQF,1
TRBV7-9,TRBJ2-1,ASSLVPDRFNEQF,1
TRBV7-9,TRBJ2-1,ASSLVPDRGLLNEQF,1
TRBV7-9,TRBJ2-1,ASSLVPDRGRNEQF,1
TRBV7-9,TRBJ2-1,ASSLVPDRGSYNEQF,1
TRBV7-9,TRBJ2-1,ASSLVPDRGVDEQF,1
TRBV7-9,TRBJ2-1,ASSLVPDRLYEQF,1
TRBV7-9,TRBJ2-1,ASSLVPDRNNEQF,12
TRBV7-9,TRBJ2-1,ASSLVPDRPYNEQF,1
TRBV7-9,TRBJ2-1,ASSLVPDRSNEQF,2
TRBV7-9,TRBJ2-1,ASSLVPDRTNEQF,1
TRBV7-9,TRBJ2-1,ASSLVPDSCEEEF,1
TRBV7-9,TRBJ2-1,ASSLVPDSCHGQF,1
TRBV7-9,TRBJ2-1,ASSLVPDSCKEQF,1
TRBV7-9,TRBJ2-1,ASSLVPDSDNEQC,2
TRBV7-9,TRBJ2-1,ASSLVPDSDNEQF,1
TRBV7-9,TRBJ2-1,ASSLVPDSDNVQF,1
TRBV7-9,TRBJ2-1,ASSLVPDSENEQF,1
TRBV7-9,TRBJ2-1,ASSLVPDSGNEQF,1
TRBV7-9,TRBJ2-1,ASSLVPDSHKKQW,1
TRBV7-9,TRBJ2-1,ASSLVPDSHNEHF,1
TRBV7-9,TRBJ2-1,ASSLVPDSHNEQF,7
TRBV7-9,TRBJ2-1,ASSLVPDSHNEQS,1
TRBV7-9,TRBJ2-1,ASSLVPDSHNEQV,1
TRBV7-9,TRBJ2-1,ASSLVPDSKNEQF,1
TRBV7-9,TRBJ2-1,ASSLVPDSNIEQL,1
TRBV7-9,TRBJ2-1,ASSLVPDSNIGQF,1
TRBV7-9,TRBJ2-1,ASSLVPDSNKEQF,1
TRBV7-9,TRBJ2-1,ASSLVPDSNNEQF,6
TRBV7-9,TRBJ2-1,ASSLVPDSNQEQC,1
TRBV7-9,TRBJ2-1,ASSLVPDSPNEQF,3
TRBV7-9,TRBJ2-1,ASSLVPDSRGRYNEQF,1
TRBV7-9,TRBJ2-1,ASSLVPDSSKEQF,3
TRBV7-9,TRBJ2-1,ASSLVPDSSNEPF,1
TRBV7-9,TRBJ2-1,ASSLVPDSSNEQF,9
TRBV7-9,TRBJ2-1,ASSLVPDSSNEQY,1
TRBV7-9,TRBJ2-1,ASSLVPDSSSVQF,1
TRBV7-9,TRBJ2-1,ASSLVPDSSYNEQF,2
TRBV7-9,TRBJ2-1,ASSLVPDSTNEQF,1
TRBV7-9,TRBJ2-1,ASSLVPDSYDAQF,1
TRBV7-9,TRBJ2-1,ASSLVPDSYDEQF,2
TRBV7-9,TRBJ2-1,ASSLVPDSYEEQF,1
TRBV7-9,TRBJ2-1,ASSLVPDSYEQF,1
TRBV7-9,TRBJ2-1,ASSLVPDSYHEKF,1
TRBV7-9,TRBJ2-1,ASSLVPDSYHELF,1
TRBV7-9,TRBJ2-1,ASSLVPDSYHEPF,1
TRBV7-9,TRBJ2-1,ASSLVPDSYHEQF,5
TRBV7-9,TRBJ2-1,ASSLVPDSYHEQI,1
TRBV7-9,TRBJ2-1,ASSLVPDSYHKKF,1
TRBV7-9,TRBJ2-1,ASSLVPDSYIDHF,1
TRBV7-9,TRBJ2-1,ASSLVPDSYIEQF,3
TRBV7-9,TRBJ2-1,ASSLVPDSYKEKF,1
TRBV7-9,TRBJ2-1,ASSLVPDSYKELF,1
TRBV7-9,TRBJ2-1,ASSLVPDSYKEQC,2
TRBV7-9,TRBJ2-1,ASSLVPDSYKEQF,7
TRBV7-9,TRBJ2-1,ASSLVPDSYKEQL,1
TRBV7-9,TRBJ2-1,ASSLVPDSYNAQC,1
TRBV7-9,TRBJ2-1,ASSLVPDSYNAQF,4
TRBV7-9,TRBJ2-1,ASSLVPDSYNDHF,2
TRBV7-9,TRBJ2-1,ASSLVPDSYNDQF,20
TRBV7-9,TRBJ2-1,ASSLVPDSYNDQV,2
TRBV7-9,TRBJ2-1,ASSLVPDSYNEHF,9
TRBV7-9,TRBJ2-1,ASSLVPDSYNEHS,1
TRBV7-9,TRBJ2-1,ASSLVPDSYNEHV,2
TRBV7-9,TRBJ2-1,ASSLVPDSYNEKF,10
TRBV7-9,TRBJ2-1,ASSLVPDSYNEKV,1
TRBV7-9,TRBJ2-1,ASSLVPDSYNENF,1
TRBV7-9,TRBJ2-1,ASSLVPDSYNEPF,5
TRBV7-9,TRBJ2-1,ASSLVPDSYNEQC,7
TRBV7-9,TRBJ2-1,ASSLVPDSYNEQF,292
TRBV7-9,TRBJ2-1,ASSLVPDSYNEQL,5
TRBV7-9,TRBJ2-1,ASSLVPDSYNEQS,3
TRBV7-9,TRBJ2-1,ASSLVPDSYNEQV,12
TRBV7-9,TRBJ2-1,ASSLVPDSYNEQY,4
TRBV7-9,TRBJ2-1,ASSLVPDSYNERF,1
TRBV7-9,TRBJ2-1,ASSLVPDSYNETF,1
TRBV7-9,TRBJ2-1,ASSLVPDSYNGQC,1
TRBV7-9,TRBJ2-1,ASSLVPDSYNKQF,12
TRBV7-9,TRBJ2-1,ASSLVPDSYNNQF,1
TRBV7-9,TRBJ2-1,ASSLVPDSYNQQF,1
TRBV7-9,TRBJ2-1,ASSLVPDSYNVHF,2
TRBV7-9,TRBJ2-1,ASSLVPDSYNVKF,2
TRBV7-9,TRBJ2-1,ASSLVPDSYNVQF,6
TRBV7-9,TRBJ2-1,ASSLVPDSYSDQF,1
TRBV7-9,TRBJ2-1,ASSLVPDSYSEEF,1
TRBV7-9,TRBJ2-1,ASSLVPDSYSEHV,1
TRBV7-9,TRBJ2-1,ASSLVPDSYSEQC,1
TRBV7-9,TRBJ2-1,ASSLVPDSYTDQF,1
TRBV7-9,TRBJ2-1,ASSLVPDSYTEQF,2
TRBV7-9,TRBJ2-1,ASSLVPDSYYEQF,7
TRBV7-9,TRBJ2-1,ASSLVPDTDNEQF,1
TRBV7-9,TRBJ2-1,ASSLVPDTHNEQC,1
TRBV7-9,TRBJ2-1,ASSLVPDTHNEQF,1
TRBV7-9,TRBJ2-1,ASSLVPDTNNEQF,1
TRBV7-9,TRBJ2-1,ASSLVPDTSNEQF,1
TRBV7-9,TRBJ2-1,ASSLVPDTYKEQF,3
TRBV7-9,TRBJ2-1,ASSLVPDTYNAQF,1
TRBV7-9,TRBJ2-1,ASSLVPDTYNEEF,1
TRBV7-9,TRBJ2-1,ASSLVPDTYNEHF,1
TRBV7-9,TRBJ2-1,ASSLVPDTYNEKV,1
TRBV7-9,TRBJ2-1,ASSLVPDTYNEPF,2
TRBV7-9,TRBJ2-1,ASSLVPDTYNEQF,37
TRBV7-9,TRBJ2-1,ASSLVPDTYNEQV,2
TRBV7-9,TRBJ2-1,ASSLVPDTYNEQY,1
TRBV7-9,TRBJ2-1,ASSLVPDTYNNHY,1
TRBV7-9,TRBJ2-1,ASSLVPDTYNQQF,1
TRBV7-9,TRBJ2-1,ASSLVPDTYNVQF,2
TRBV7-9,TRBJ2-1,ASSLVPDTYNWQF,1
TRBV7-9,TRBJ2-1,ASSLVPDTYTEQF,2
TRBV7-9,TRBJ2-1,ASSLVPDTYYEQF,1
TRBV7-9,TRBJ2-1,ASSLVPDVDKEQF,1
TRBV7-9,TRBJ2-1,ASSLVPDVDMKQF,1
TRBV7-9,TRBJ2-1,ASSLVPDVDNEQC,1
TRBV7-9,TRBJ2-1,ASSLVPDVDNEQF,1
TRBV7-9,TRBJ2-1,ASSLVPDVDNEQV,1
TRBV7-9,TRBJ2-1,ASSLVPDVEKRHF,1
TRBV7-9,TRBJ2-1,ASSLVPDVHNEQF,1
TRBV7-9,TRBJ2-1,ASSLVPDVHNKKF,1
TRBV7-9,TRBJ2-1,ASSLVPDVNNEQF,1
TRBV7-9,TRBJ2-1,ASSLVPDVQNVQF,1
TRBV7-9,TRBJ2-1,ASSLVPDVYDEQF,2
TRBV7-9,TRBJ2-1,ASSLVPDVYDEQS,1
TRBV7-9,TRBJ2-1,ASSLVPDVYHEHF,1
TRBV7-9,TRBJ2-1,ASSLVPDVYHELL,1
TRBV7-9,TRBJ2-1,ASSLVPDVYHEQF,1
TRBV7-9,TRBJ2-1,ASSLVPDVYIEQF,3
TRBV7-9,TRBJ2-1,ASSLVPDVYKEQF,3
TRBV7-9,TRBJ2-1,ASSLVPDVYKRQF,1
TRBV7-9,TRBJ2-1,ASSLVPDVYKWQF,1
TRBV7-9,TRBJ2-1,ASSLVPDVYNAQF,1
TRBV7-9,TRBJ2-1,ASSLVPDVYNDHC,1
TRBV7-9,TRBJ2-1,ASSLVPDVYNDPF,1
TRBV7-9,TRBJ2-1,ASSLVPDVYNDQF,4
TRBV7-9,TRBJ2-1,ASSLVPDVYNDQL,1
TRBV7-9,TRBJ2-1,ASSLVPDVYNDQV,2
TRBV7-9,TRBJ2-1,ASSLVPDVYNEEF,1
TRBV7-9,TRBJ2-1,ASSLVPDVYNEHF,4
TRBV7-9,TRBJ2-1,ASSLVPDVYNEHV,1
TRBV7-9,TRBJ2-1,ASSLVPDVYNEKF,1
TRBV7-9,TRBJ2-1,ASSLVPDVYNELV,1
TRBV7-9,TRBJ2-1,ASSLVPDVYNENF,1
TRBV7-9,TRBJ2-1,ASSLVPDVYNEPF,1
TRBV7-9,TRBJ2-1,ASSLVPDVYNEQC,3
TRBV7-9,TRBJ2-1,ASSLVPDVYNEQF,82
TRBV7-9,TRBJ2-1,ASSLVPDVYNEQI,1
TRBV7-9,TRBJ2-1,ASSLVPDVYNEQL,2
TRBV7-9,TRBJ2-1,ASSLVPDVYNEQV,8
TRBV7-9,TRBJ2-1,ASSLVPDVYNEQY,1
TRBV7-9,TRBJ2-1,ASSLVPDVYNGQF,4
TRBV7-9,TRBJ2-1,ASSLVPDVYNKHF,1
TRBV7-9,TRBJ2-1,ASSLVPDVYNKQF,5
TRBV7-9,TRBJ2-1,ASSLVPDVYNKQV,1
TRBV7-9,TRBJ2-1,ASSLVPDVYNKQY,1
TRBV7-9,TRBJ2-1,ASSLVPDVYNNQF,2
TRBV7-9,TRBJ2-1,ASSLVPDVYNVQF,4
TRBV7-9,TRBJ2-1,ASSLVPDVYYEQF,1
TRBV7-9,TRBJ2-1,ASSLVPDVYYGLF,1
TRBV7-9,TRBJ2-1,ASSLVPDYDNEHF,1
TRBV7-9,TRBJ2-1,ASSLVPDYLNEQF,1
TRBV7-9,TRBJ2-1,ASSLVPDYNEQF,1
TRBV7-9,TRBJ2-1,ASSLVPDYYNEQF,2
TRBV7-9,TRBJ2-1,ASSLVPDYYNEQL,1
TRBV7-9,TRBJ2-1,ASSLVPEAADEQF,3
TRBV7-9,TRBJ2-1,ASSLVPEAAEEQF,1
TRBV7-9,TRBJ2-1,ASSLVPEAAHEQC,1
TRBV7-9,TRBJ2-1,ASSLVPEAAHEQF,1
TRBV7-9,TRBJ2-1,ASSLVPEAAHEQY,1
TRBV7-9,TRBJ2-1,ASSLVPEAAKEQC,1
TRBV7-9,TRBJ2-1,ASSLVPEAAKEQF,1
TRBV7-9,TRBJ2-1,ASSLVPEAAKEQL,2
TRBV7-9,TRBJ2-1,ASSLVPEAAKEQS,1
TRBV7-9,TRBJ2-1,ASSLVPEAANAQF,1
TRBV7-9,TRBJ2-1,ASSLVPEAANDKF,1
TRBV7-9,TRBJ2-1,ASSLVPEAANDQF,1
TRBV7-9,TRBJ2-1,ASSLVPEAANEHF,1
TRBV7-9,TRBJ2-1,ASSLVPEAANEKF,1
TRBV7-9,TRBJ2-1,ASSLVPEAANENF,1
TRBV7-9,TRBJ2-1,ASSLVPEAANEQC,1
TRBV7-9,TRBJ2-1,ASSLVPEAANEQF,58
TRBV7-9,TRBJ2-1,ASSLVPEAANEQL,4
TRBV7-9,TRBJ2-1,ASSLVPEAANEQS,1
TRBV7-9,TRBJ2-1,ASSLVPEAANEQY,1
TRBV7-9,TRBJ2-1,ASSLVPEAANGQF,1
TRBV7-9,TRBJ2-1,ASSLVPEAANGQY,1
TRBV7-9,TRBJ2-1,ASSLVPEAANVQF,2
TRBV7-9,TRBJ2-1,ASSLVPEAANYQF,1
TRBV7-9,TRBJ2-1,ASSLVPEAATEQF,2
TRBV7-9,TRBJ2-1,ASSLVPEAAYEQY,1
TRBV7-9,TRBJ2-1,ASSLVPEACDAQF,1
TRBV7-9,TRBJ2-1,ASSLVPEACDEEV,1
TRBV7-9,TRBJ2-1,ASSLVPEACDEHC,1
TRBV7-9,TRBJ2-1,ASSLVPEACDEQC,1
TRBV7-9,TRBJ2-1,ASSLVPEACDEQF,7
TRBV7-9,TRBJ2-1,ASSLVPEACDEQL,1
TRBV7-9,TRBJ2-1,ASSLVPEACDEQY,1
TRBV7-9,TRBJ2-1,ASSLVPEACDGQF,1
TRBV7-9,TRBJ2-1,ASSLVPEACDKQF,1
TRBV7-9,TRBJ2-1,ASSLVPEACDVQF,1
TRBV7-9,TRBJ2-1,ASSLVPEACEEQF,1
TRBV7-9,TRBJ2-1,ASSLVPEACHDQF,1
TRBV7-9,TRBJ2-1,ASSLVPEACHEKF,1
TRBV7-9,TRBJ2-1,ASSLVPEACHEQF,5
TRBV7-9,TRBJ2-1,ASSLVPEACHGQF,1
TRBV7-9,TRBJ2-1,ASSLVPEACIEQF,2
TRBV7-9,TRBJ2-1,ASSLVPEACIEQL,1
TRBV7-9,TRBJ2-1,ASSLVPEACKAQC,1
TRBV7-9,TRBJ2-1,ASSLVPEACKEKC,1
TRBV7-9,TRBJ2-1,ASSLVPEACKELF,1
TRBV7-9,TRBJ2-1,ASSLVPEACKEPF,1
TRBV7-9,TRBJ2-1,ASSLVPEACKEQC,1
TRBV7-9,TRBJ2-1,ASSLVPEACKEQF,23
TRBV7-9,TRBJ2-1,ASSLVPEACKEQI,1
TRBV7-9,TRBJ2-1,ASSLVPEACKEQL,2
TRBV7-9,TRBJ2-1,ASSLVPEACKEQS,1
TRBV7-9,TRBJ2-1,ASSLVPEACKERF,1
TRBV7-9,TRBJ2-1,ASSLVPEACKGEG,1
TRBV7-9,TRBJ2-1,ASSLVPEACKGQF,2
TRBV7-9,TRBJ2-1,ASSLVPEACKKQF,1
TRBV7-9,TRBJ2-1,ASSLVPEACKVQF,1
TRBV7-9,TRBJ2-1,ASSLVPEACLEQF,1
TRBV7-9,TRBJ2-1,ASSLVPEACMELC,1
TRBV7-9,TRBJ2-1,ASSLVPEACMEQL,1
TRBV7-9,TRBJ2-1,ASSLVPEACNAQF,13
TRBV7-9,TRBJ2-1,ASSLVPEACNAQY,1
TRBV7-9,TRBJ2-1,ASSLVPEACNDES,1
TRBV7-9,TRBJ2-1,ASSLVPEACNDQF,24
TRBV7-9,TRBJ2-1,ASSLVPEACNDQV,1
TRBV7-9,TRBJ2-1,ASSLVPEACNDRF,2
TRBV7-9,TRBJ2-1,ASSLVPEACNEEF,6
TRBV7-9,TRBJ2-1,ASSLVPEACNEES,1
TRBV7-9,TRBJ2-1,ASSLVPEACNEHF,6
TRBV7-9,TRBJ2-1,ASSLVPEACNEKF,11
TRBV7-9,TRBJ2-1,ASSLVPEACNEKI,1
TRBV7-9,TRBJ2-1,ASSLVPEACNELF,4
TRBV7-9,TRBJ2-1,ASSLVPEACNELL,1
TRBV7-9,TRBJ2-1,ASSLVPEACNEPF,6
TRBV7-9,TRBJ2-1,ASSLVPEACNEPI,1
TRBV7-9,TRBJ2-1,ASSLVPEACNEQC,16
TRBV7-9,TRBJ2-1,ASSLVPEACNEQF,928
TRBV7-9,TRBJ2-1,ASSLVPEACNEQI,2
TRBV7-9,TRBJ2-1,ASSLVPEACNEQL,19
TRBV7-9,TRBJ2-1,ASSLVPEACNEQS,2
TRBV7-9,TRBJ2-1,ASSLVPEACNEQV,3
TRBV7-9,TRBJ2-1,ASSLVPEACNEQY,2
TRBV7-9,TRBJ2-1,ASSLVPEACNERF,3
TRBV7-9,TRBJ2-1,ASSLVPEACNGAV,1
TRBV7-9,TRBJ2-1,ASSLVPEACNGEF,1
TRBV7-9,TRBJ2-1,ASSLVPEACNGKV,1
TRBV7-9,TRBJ2-1,ASSLVPEACNGPF,1
TRBV7-9,TRBJ2-1,ASSLVPEACNGQC,1
TRBV7-9,TRBJ2-1,ASSLVPEACNGQF,30
TRBV7-9,TRBJ2-1,ASSLVPEACNGQS,2
TRBV7-9,TRBJ2-1,ASSLVPEACNGQV,1
TRBV7-9,TRBJ2-1,ASSLVPEACNGQW,1
TRBV7-9,TRBJ2-1,ASSLVPEACNGQY,1
TRBV7-9,TRBJ2-1,ASSLVPEACNKQC,1
TRBV7-9,TRBJ2-1,ASSLVPEACNKQF,4
TRBV7-9,TRBJ2-1,ASSLVPEACNQQF,3
TRBV7-9,TRBJ2-1,ASSLVPEACNRQC,1
TRBV7-9,TRBJ2-1,ASSLVPEACNTQF,1
TRBV7-9,TRBJ2-1,ASSLVPEACNVQF,4
TRBV7-9,TRBJ2-1,ASSLVPEACQEQF,1
TRBV7-9,TRBJ2-1,ASSLVPEACREQF,1
TRBV7-9,TRBJ2-1,ASSLVPEACSEKF,1
TRBV7-9,TRBJ2-1,ASSLVPEACSEQC,1
TRBV7-9,TRBJ2-1,ASSLVPEACSEQF,5
TRBV7-9,TRBJ2-1,ASSLVPEACSEQI,1
TRBV7-9,TRBJ2-1,ASSLVPEACSGPF,1
TRBV7-9,TRBJ2-1,ASSLVPEACSVQF,2
TRBV7-9,TRBJ2-1,ASSLVPEACTEHF,1
TRBV7-9,TRBJ2-1,ASSLVPEACTEQF,4
TRBV7-9,TRBJ2-1,ASSLVPEACTGQF,2
TRBV7-9,TRBJ2-1,ASSLVPEACTKLF,1
TRBV7-9,TRBJ2-1,ASSLVPEACYEQF,2
TRBV7-9,TRBJ2-1,ASSLVPEACYEQS,1
TRBV7-9,TRBJ2-1,ASSLVPEADAEKF,1
TRBV7-9,TRBJ2-1,ASSLVPEADDAPF,1
TRBV7-9,TRBJ2-1,ASSLVPEADDAQF,3
TRBV7-9,TRBJ2-1,ASSLVPEADDDQF,1
TRBV7-9,TRBJ2-1,ASSLVPEADDEQC,1
TRBV7-9,TRBJ2-1,ASSLVPEADDEQF,43
TRBV7-9,TRBJ2-1,ASSLVPEADDEQS,1
TRBV7-9,TRBJ2-1,ASSLVPEADDEQY,1
TRBV7-9,TRBJ2-1,ASSLVPEADDERF,1
TRBV7-9,TRBJ2-1,ASSLVPEADDTQF,1
TRBV7-9,TRBJ2-1,ASSLVPEADEEEF,1
TRBV7-9,TRBJ2-1,ASSLVPEADEEQC,1
TRBV7-9,TRBJ2-1,ASSLVPEADEEQF,6
TRBV7-9,TRBJ2-1,ASSLVPEADHALF,1
TRBV7-9,TRBJ2-1,ASSLVPEADHAQF,1
TRBV7-9,TRBJ2-1,ASSLVPEADHDQC,1
TRBV7-9,TRBJ2-1,ASSLVPEADHEHF,2
TRBV7-9,TRBJ2-1,ASSLVPEADHEKF,2
TRBV7-9,TRBJ2-1,ASSLVPEADHEQC,4
TRBV7-9,TRBJ2-1,ASSLVPEADHEQF,68
TRBV7-9,TRBJ2-1,ASSLVPEADHEQL,1
TRBV7-9,TRBJ2-1,ASSLVPEADHEQV,4
TRBV7-9,TRBJ2-1,ASSLVPEADHGQF,4
TRBV7-9,TRBJ2-1,ASSLVPEADHKQF,1
TRBV7-9,TRBJ2-1,ASSLVPEADHPQF,1
TRBV7-9,TRBJ2-1,ASSLVPEADHTQF,1
TRBV7-9,TRBJ2-1,ASSLVPEADIEHF,2
TRBV7-9,TRBJ2-1,ASSLVPEADIEQC,1
TRBV7-9,TRBJ2-1,ASSLVPEADIEQF,15
TRBV7-9,TRBJ2-1,ASSLVPEADIEQV,2
TRBV7-9,TRBJ2-1,ASSLVPEADIKQF,1
TRBV7-9,TRBJ2-1,ASSLVPEADIVQF,1
TRBV7-9,TRBJ2-1,ASSLVPEADKAKF,2
TRBV7-9,TRBJ2-1,ASSLVPEADKAQC,1
TRBV7-9,TRBJ2-1,ASSLVPEADKAQF,3
TRBV7-9,TRBJ2-1,ASSLVPEADKDQC,1
TRBV7-9,TRBJ2-1,ASSLVPEADKDQF,7
TRBV7-9,TRBJ2-1,ASSLVPEADKDQL,1
TRBV7-9,TRBJ2-1,ASSLVPEADKDQY,1
TRBV7-9,TRBJ2-1,ASSLVPEADKEEF,1
TRBV7-9,TRBJ2-1,ASSLVPEADKEEV,1
TRBV7-9,TRBJ2-1,ASSLVPEADKEHF,3
TRBV7-9,TRBJ2-1,ASSLVPEADKEHV,1
TRBV7-9,TRBJ2-1,ASSLVPEADKEIF,1
TRBV7-9,TRBJ2-1,ASSLVPEADKEKF,6
TRBV7-9,TRBJ2-1,ASSLVPEADKEKV,1
TRBV7-9,TRBJ2-1,ASSLVPEADKELF,1
TRBV7-9,TRBJ2-1,ASSLVPEADKEMI,1
TRBV7-9,TRBJ2-1,ASSLVPEADKEPF,3
TRBV7-9,TRBJ2-1,ASSLVPEADKEQA,2
TRBV7-9,TRBJ2-1,ASSLVPEADKEQC,19
TRBV7-9,TRBJ2-1,ASSLVPEADKEQF,373
TRBV7-9,TRBJ2-1,ASSLVPEADKEQG,1
TRBV7-9,TRBJ2-1,ASSLVPEADKEQI,1
TRBV7-9,TRBJ2-1,ASSLVPEADKEQL,4
TRBV7-9,TRBJ2-1,ASSLVPEADKEQV,8
TRBV7-9,TRBJ2-1,ASSLVPEADKEQY,7
TRBV7-9,TRBJ2-1,ASSLVPEADKERF,2
TRBV7-9,TRBJ2-1,ASSLVPEADKGQC,2
TRBV7-9,TRBJ2-1,ASSLVPEADKGQF,6
TRBV7-9,TRBJ2-1,ASSLVPEADKGQV,1
TRBV7-9,TRBJ2-1,ASSLVPEADKGSF,1
TRBV7-9,TRBJ2-1,ASSLVPEADKKQC,1
TRBV7-9,TRBJ2-1,ASSLVPEADKKQF,3
TRBV7-9,TRBJ2-1,ASSLVPEADKKQY,1
TRBV7-9,TRBJ2-1,ASSLVPEADKQQF,1
TRBV7-9,TRBJ2-1,ASSLVPEADKQRF,1
TRBV7-9,TRBJ2-1,ASSLVPEADKTQF,1
TRBV7-9,TRBJ2-1,ASSLVPEADKVQF,5
TRBV7-9,TRBJ2-1,ASSLVPEADLEQF,1
TRBV7-9,TRBJ2-1,ASSLVPEADMDQF,2
TRBV7-9,TRBJ2-1,ASSLVPEADMEKC,1
TRBV7-9,TRBJ2-1,ASSLVPEADMEQV,1
TRBV7-9,TRBJ2-1,ASSLVPEADNAEC,1
TRBV7-9,TRBJ2-1,ASSLVPEADNAEF,2
TRBV7-9,TRBJ2-1,ASSLVPEADNAEV,1
TRBV7-9,TRBJ2-1,ASSLVPEADNAHF,4
TRBV7-9,TRBJ2-1,ASSLVPEADNAKF,3
TRBV7-9,TRBJ2-1,ASSLVPEADNAPF,5
TRBV7-9,TRBJ2-1,ASSLVPEADNAQC,2
TRBV7-9,TRBJ2-1,ASSLVPEADNAQF,107
TRBV7-9,TRBJ2-1,ASSLVPEADNAQL,2
TRBV7-9,TRBJ2-1,ASSLVPEADNAQV,3
TRBV7-9,TRBJ2-1,ASSLVPEADNAQY,1
TRBV7-9,TRBJ2-1,ASSLVPEADNATF,1
TRBV7-9,TRBJ2-1,ASSLVPEADNAVF,1
TRBV7-9,TRBJ2-1,ASSLVPEADNDEF,2
TRBV7-9,TRBJ2-1,ASSLVPEADNDHC,1
TRBV7-9,TRBJ2-1,ASSLVPEADNDHF,4
TRBV7-9,TRBJ2-1,ASSLVPEADNDKF,1
TRBV7-9,TRBJ2-1,ASSLVPEADNDKS,1
TRBV7-9,TRBJ2-1,ASSLVPEADNDLC,1
TRBV7-9,TRBJ2-1,ASSLVPEADNDLF,1
TRBV7-9,TRBJ2-1,ASSLVPEADNDLS,1
TRBV7-9,TRBJ2-1,ASSLVPEADNDPF,1
TRBV7-9,TRBJ2-1,ASSLVPEADNDQC,2
TRBV7-9,TRBJ2-1,ASSLVPEADNDQF,106
TRBV7-9,TRBJ2-1,ASSLVPEADNDQL,3
TRBV7-9,TRBJ2-1,ASSLVPEADNDQS,1
TRBV7-9,TRBJ2-1,ASSLVPEADNDQV,8
TRBV7-9,TRBJ2-1,ASSLVPEADNDQY,1
TRBV7-9,TRBJ2-1,ASSLVPEADNDRF,1
TRBV7-9,TRBJ2-1,ASSLVPEADNEDF,2
TRBV7-9,TRBJ2-1,ASSLVPEADNEDV,1
TRBV7-9,TRBJ2-1,ASSLVPEADNEDY,1
TRBV7-9,TRBJ2-1,ASSLVPEADNEEF,27
TRBV7-9,TRBJ2-1,ASSLVPEADNEEL,1
TRBV7-9,TRBJ2-1,ASSLVPEADNEEV,3
TRBV7-9,TRBJ2-1,ASSLVPEADNEHC,4
TRBV7-9,TRBJ2-1,ASSLVPEADNEHF,126
TRBV7-9,TRBJ2-1,ASSLVPEADNEHL,3
TRBV7-9,TRBJ2-1,ASSLVPEADNEHS,1
TRBV7-9,TRBJ2-1,ASSLVPEADNEHV,11
TRBV7-9,TRBJ2-1,ASSLVPEADNEKC,3
TRBV7-9,TRBJ2-1,ASSLVPEADNEKF,84
TRBV7-9,TRBJ2-1,ASSLVPEADNEKL,4
TRBV7-9,TRBJ2-1,ASSLVPEADNEKS,2
TRBV7-9,TRBJ2-1,ASSLVPEADNEKV,1
TRBV7-9,TRBJ2-1,ASSLVPEADNELF,22
TRBV7-9,TRBJ2-1,ASSLVPEADNELL,1
TRBV7-9,TRBJ2-1,ASSLVPEADNELS,2
TRBV7-9,TRBJ2-1,ASSLVPEADNEMF,1
TRBV7-9,TRBJ2-1,ASSLVPEADNENF,6
TRBV7-9,TRBJ2-1,ASSLVPEADNEPF,47
TRBV7-9,TRBJ2-1,ASSLVPEADNEPL,1
TRBV7-9,TRBJ2-1,ASSLVPEADNEPV,2
TRBV7-9,TRBJ2-1,ASSLVPEADNEQA,1
TRBV7-9,TRBJ2-1,ASSLVPEADNEQC,233
TRBV7-9,TRBJ2-1,ASSLVPEADNEQF,7879
TRBV7-9,TRBJ2-1,ASSLVPEADNEQG,9
TRBV7-9,TRBJ2-1,ASSLVPEADNEQI,16
TRBV7-9,TRBJ2-1,ASSLVPEADNEQL,83
TRBV7-9,TRBJ2-1,ASSLVPEADNEQS,35
TRBV7-9,TRBJ2-1,ASSLVPEADNEQT,1
TRBV7-9,TRBJ2-1,ASSLVPEADNEQV,161
TRBV7-9,TRBJ2-1,ASSLVPEADNEQW,3
TRBV7-9,TRBJ2-1,ASSLVPEADNEQY,51
TRBV7-9,TRBJ2-1,ASSLVPEADNERC,1
TRBV7-9,TRBJ2-1,ASSLVPEADNERF,15
TRBV7-9,TRBJ2-1,ASSLVPEADNERS,1
TRBV7-9,TRBJ2-1,ASSLVPEADNERV,2
TRBV7-9,TRBJ2-1,ASSLVPEADNESF,2
TRBV7-9,TRBJ2-1,ASSLVPEADNETF,3
TRBV7-9,TRBJ2-1,ASSLVPEADNEVF,1
TRBV7-9,TRBJ2-1,ASSLVPEADNEWF,1
TRBV7-9,TRBJ2-1,ASSLVPEADNEYF,2
TRBV7-9,TRBJ2-1,ASSLVPEADNGEF,1
TRBV7-9,TRBJ2-1,ASSLVPEADNGKF,5
TRBV7-9,TRBJ2-1,ASSLVPEADNGLF,1
TRBV7-9,TRBJ2-1,ASSLVPEADNGPF,1
TRBV7-9,TRBJ2-1,ASSLVPEADNGQC,6
TRBV7-9,TRBJ2-1,ASSLVPEADNGQF,69
TRBV7-9,TRBJ2-1,ASSLVPEADNGQL,2
TRBV7-9,TRBJ2-1,ASSLVPEADNGQR,1
TRBV7-9,TRBJ2-1,ASSLVPEADNGQS,1
TRBV7-9,TRBJ2-1,ASSLVPEADNGQV,4
TRBV7-9,TRBJ2-1,ASSLVPEADNGQW,1
TRBV7-9,TRBJ2-1,ASSLVPEADNGRF,1
TRBV7-9,TRBJ2-1,ASSLVPEADNKHF,1
TRBV7-9,TRBJ2-1,ASSLVPEADNKKF,5
TRBV7-9,TRBJ2-1,ASSLVPEADNKMF,1
TRBV7-9,TRBJ2-1,ASSLVPEADNKQC,3
TRBV7-9,TRBJ2-1,ASSLVPEADNKQF,51
TRBV7-9,TRBJ2-1,ASSLVPEADNKQI,1
TRBV7-9,TRBJ2-1,ASSLVPEADNKQV,1
TRBV7-9,TRBJ2-1,ASSLVPEADNKRF,2
TRBV7-9,TRBJ2-1,ASSLVPEADNKTF,1
TRBV7-9,TRBJ2-1,ASSLVPEADNMQF,1
TRBV7-9,TRBJ2-1,ASSLVPEADNNKF,1
TRBV7-9,TRBJ2-1,ASSLVPEADNNQF,1
TRBV7-9,TRBJ2-1,ASSLVPEADNQKF,1
TRBV7-9,TRBJ2-1,ASSLVPEADNQQC,1
TRBV7-9,TRBJ2-1,ASSLVPEADNQQF,10
TRBV7-9,TRBJ2-1,ASSLVPEADNQQL,1
TRBV7-9,TRBJ2-1,ASSLVPEADNQQV,1
TRBV7-9,TRBJ2-1,ASSLVPEADNRLF,1
TRBV7-9,TRBJ2-1,ASSLVPEADNRQF,4
TRBV7-9,TRBJ2-1,ASSLVPEADNSQF,1
TRBV7-9,TRBJ2-1,ASSLVPEADNVNV,1
TRBV7-9,TRBJ2-1,ASSLVPEADNVPF,1
TRBV7-9,TRBJ2-1,ASSLVPEADNVQF,43
TRBV7-9,TRBJ2-1,ASSLVPEADNVQL,1
TRBV7-9,TRBJ2-1,ASSLVPEADNVRW,1
TRBV7-9,TRBJ2-1,ASSLVPEADNWQF,3
TRBV7-9,TRBJ2-1,ASSLVPEADNYHF,1
TRBV7-9,TRBJ2-1,ASSLVPEADNYQF,3
TRBV7-9,TRBJ2-1,ASSLVPEADPEQC,1
TRBV7-9,TRBJ2-1,ASSLVPEADPEQF,4
TRBV7-9,TRBJ2-1,ASSLVPEADQEKC,1
TRBV7-9,TRBJ2-1,ASSLVPEADQEPV,1
TRBV7-9,TRBJ2-1,ASSLVPEADQEQC,1
TRBV7-9,TRBJ2-1,ASSLVPEADQEQF,2
TRBV7-9,TRBJ2-1,ASSLVPEADQEQV,1
TRBV7-9,TRBJ2-1,ASSLVPEADQGQF,1
TRBV7-9,TRBJ2-1,ASSLVPEADREQF,2
TRBV7-9,TRBJ2-1,ASSLVPEADSELF,1
TRBV7-9,TRBJ2-1,ASSLVPEADSEQC,1
TRBV7-9,TRBJ2-1,ASSLVPEADSEQF,24
TRBV7-9,TRBJ2-1,ASSLVPEADSEQG,1
TRBV7-9,TRBJ2-1,ASSLVPEADSEQL,1
TRBV7-9,TRBJ2-1,ASSLVPEADSEQV,1
TRBV7-9,TRBJ2-1,ASSLVPEADTAQF,4
TRBV7-9,TRBJ2-1,ASSLVPEADTEEF,2
TRBV7-9,TRBJ2-1,ASSLVPEADTEHF,4
TRBV7-9,TRBJ2-1,ASSLVPEADTEKF,4
TRBV7-9,TRBJ2-1,ASSLVPEADTEKL,2
TRBV7-9,TRBJ2-1,ASSLVPEADTEKS,1
TRBV7-9,TRBJ2-1,ASSLVPEADTEPF,1
TRBV7-9,TRBJ2-1,ASSLVPEADTEQC,5
TRBV7-9,TRBJ2-1,ASSLVPEADTEQF,77
TRBV7-9,TRBJ2-1,ASSLVPEADTEQL,3
TRBV7-9,TRBJ2-1,ASSLVPEADTEQS,1
TRBV7-9,TRBJ2-1,ASSLVPEADTEQV,6
TRBV7-9,TRBJ2-1,ASSLVPEADTGQF,2
TRBV7-9,TRBJ2-1,ASSLVPEADTKQF,1
TRBV7-9,TRBJ2-1,ASSLVPEADTSQF,1
TRBV7-9,TRBJ2-1,ASSLVPEADTVKF,1
TRBV7-9,TRBJ2-1,ASSLVPEADTVQF,1
TRBV7-9,TRBJ2-1,ASSLVPEADYAHV,1
TRBV7-9,TRBJ2-1,ASSLVPEADYDQF,2
TRBV7-9,TRBJ2-1,ASSLVPEADYEKF,1
TRBV7-9,TRBJ2-1,ASSLVPEADYEQC,1
TRBV7-9,TRBJ2-1,ASSLVPEADYEQF,16
TRBV7-9,TRBJ2-1,ASSLVPEADYEQY,1
TRBV7-9,TRBJ2-1,ASSLVPEADYGQC,1
TRBV7-9,TRBJ2-1,ASSLVPEADYGQF,1
TRBV7-9,TRBJ2-1,ASSLVPEAEAEQF,1
TRBV7-9,TRBJ2-1,ASSLVPEAEDEQF,5
TRBV7-9,TRBJ2-1,ASSLVPEAEDGQC,1
TRBV7-9,TRBJ2-1,ASSLVPEAEHEEL,1
TRBV7-9,TRBJ2-1,ASSLVPEAEHEQC,1
TRBV7-9,TRBJ2-1,ASSLVPEAEHEQF,5
TRBV7-9,TRBJ2-1,ASSLVPEAEHGQF,1
TRBV7-9,TRBJ2-1,ASSLVPEAEIEQF,1
TRBV7-9,TRBJ2-1,ASSLVPEAEKAQF,1
TRBV7-9,TRBJ2-1,ASSLVPEAEKEPF,2
TRBV7-9,TRBJ2-1,ASSLVPEAEKEQC,1
TRBV7-9,TRBJ2-1,ASSLVPEAEKEQF,19
TRBV7-9,TRBJ2-1,ASSLVPEAEKEQL,1
TRBV7-9,TRBJ2-1,ASSLVPEAEKEQV,1
TRBV7-9,TRBJ2-1,ASSLVPEAEKGHF,1
TRBV7-9,TRBJ2-1,ASSLVPEAEKGQF,2
TRBV7-9,TRBJ2-1,ASSLVPEAEKKHY,1
TRBV7-9,TRBJ2-1,ASSLVPEAEKNQF,1
TRBV7-9,TRBJ2-1,ASSLVPEAENAKF,1
TRBV7-9,TRBJ2-1,ASSLVPEAENALF,1
TRBV7-9,TRBJ2-1,ASSLVPEAENAQF,8
TRBV7-9,TRBJ2-1,ASSLVPEAENDHF,1
TRBV7-9,TRBJ2-1,ASSLVPEAENDQC,1
TRBV7-9,TRBJ2-1,ASSLVPEAENDQF,3
TRBV7-9,TRBJ2-1,ASSLVPEAENDQY,1
TRBV7-9,TRBJ2-1,ASSLVPEAENEEF,2
TRBV7-9,TRBJ2-1,ASSLVPEAENEEV,1
TRBV7-9,TRBJ2-1,ASSLVPEAENEHF,8
TRBV7-9,TRBJ2-1,ASSLVPEAENEHV,1
TRBV7-9,TRBJ2-1,ASSLVPEAENEKC,1
TRBV7-9,TRBJ2-1,ASSLVPEAENEKF,6
TRBV7-9,TRBJ2-1,ASSLVPEAENEKL,1
TRBV7-9,TRBJ2-1,ASSLVPEAENELC,1
TRBV7-9,TRBJ2-1,ASSLVPEAENELF,4
TRBV7-9,TRBJ2-1,ASSLVPEAENEPF,4
TRBV7-9,TRBJ2-1,ASSLVPEAENEQC,12
TRBV7-9,TRBJ2-1,ASSLVPEAENEQF,294
TRBV7-9,TRBJ2-1,ASSLVPEAENEQI,2
TRBV7-9,TRBJ2-1,ASSLVPEAENEQL,5
TRBV7-9,TRBJ2-1,ASSLVPEAENEQS,4
TRBV7-9,TRBJ2-1,ASSLVPEAENEQV,4
TRBV7-9,TRBJ2-1,ASSLVPEAENEQY,3
TRBV7-9,TRBJ2-1,ASSLVPEAENERF,3
TRBV7-9,TRBJ2-1,ASSLVPEAENERS,1
TRBV7-9,TRBJ2-1,ASSLVPEAENGQF,7
TRBV7-9,TRBJ2-1,ASSLVPEAENKQF,2
TRBV7-9,TRBJ2-1,ASSLVPEAENKQI,1
TRBV7-9,TRBJ2-1,ASSLVPEAENQQF,1
TRBV7-9,TRBJ2-1,ASSLVPEAENRHF,2
TRBV7-9,TRBJ2-1,ASSLVPEAENTQF,1
TRBV7-9,TRBJ2-1,ASSLVPEAENVQF,2
TRBV7-9,TRBJ2-1,ASSLVPEAEQGQF,1
TRBV7-9,TRBJ2-1,ASSLVPEAEQQQF,1
TRBV7-9,TRBJ2-1,ASSLVPEAEREQF,2
TRBV7-9,TRBJ2-1,ASSLVPEAESEQF,4
TRBV7-9,TRBJ2-1,ASSLVPEAESEQV,1
TRBV7-9,TRBJ2-1,ASSLVPEAESYNEQF,2
TRBV7-9,TRBJ2-1,ASSLVPEAETEHF,1
TRBV7-9,TRBJ2-1,ASSLVPEAETEKF,1
TRBV7-9,TRBJ2-1,ASSLVPEAETEQF,2
TRBV7-9,TRBJ2-1,ASSLVPEAEYEHS,1
TRBV7-9,TRBJ2-1,ASSLVPEAEYEQF,3
TRBV7-9,TRBJ2-1,ASSLVPEAFDEQF,1
TRBV7-9,TRBJ2-1,ASSLVPEAFHEAF,1
TRBV7-9,TRBJ2-1,ASSLVPEAFHEQF,3
TRBV7-9,TRBJ2-1,ASSLVPEAFIAQF,1
TRBV7-9,TRBJ2-1,ASSLVPEAFIEQF,1
TRBV7-9,TRBJ2-1,ASSLVPEAFKDQF,2
TRBV7-9,TRBJ2-1,ASSLVPEAFKEEV,1
TRBV7-9,TRBJ2-1,ASSLVPEAFKEPV,1
TRBV7-9,TRBJ2-1,ASSLVPEAFKEQF,9
TRBV7-9,TRBJ2-1,ASSLVPEAFKEQV,1
TRBV7-9,TRBJ2-1,ASSLVPEAFNAQF,3
TRBV7-9,TRBJ2-1,ASSLVPEAFNDKI,1
TRBV7-9,TRBJ2-1,ASSLVPEAFNDQC,1
TRBV7-9,TRBJ2-1,ASSLVPEAFNDQF,67
TRBV7-9,TRBJ2-1,ASSLVPEAFNDQL,1
TRBV7-9,TRBJ2-1,ASSLVPEAFNDQS,1
TRBV7-9,TRBJ2-1,ASSLVPEAFNEEF,2
TRBV7-9,TRBJ2-1,ASSLVPEAFNEEY,1
TRBV7-9,TRBJ2-1,ASSLVPEAFNEHF,6
TRBV7-9,TRBJ2-1,ASSLVPEAFNEKF,2
TRBV7-9,TRBJ2-1,ASSLVPEAFNELF,3
TRBV7-9,TRBJ2-1,ASSLVPEAFNEPF,2
TRBV7-9,TRBJ2-1,ASSLVPEAFNEQC,4
TRBV7-9,TRBJ2-1,ASSLVPEAFNEQF,676
TRBV7-9,TRBJ2-1,ASSLVPEAFNEQL,6
TRBV7-9,TRBJ2-1,ASSLVPEAFNEQS,4
TRBV7-9,TRBJ2-1,ASSLVPEAFNEQV,4
TRBV7-9,TRBJ2-1,ASSLVPEAFNEQY,1
TRBV7-9,TRBJ2-1,ASSLVPEAFNETF,1
TRBV7-9,TRBJ2-1,ASSLVPEAFNGQC,1
TRBV7-9,TRBJ2-1,ASSLVPEAFNGQF,4
TRBV7-9,TRBJ2-1,ASSLVPEAFNGQY,1
TRBV7-9,TRBJ2-1,ASSLVPEAFNKHF,1
TRBV7-9,TRBJ2-1,ASSLVPEAFNKQF,3
TRBV7-9,TRBJ2-1,ASSLVPEAFNKQL,1
TRBV7-9,TRBJ2-1,ASSLVPEAFNQQF,4
TRBV7-9,TRBJ2-1,ASSLVPEAFNTQF,1
TRBV7-9,TRBJ2-1,ASSLVPEAFNVQF,7
TRBV7-9,TRBJ2-1,ASSLVPEAFQEQF,1
TRBV7-9,TRBJ2-1,ASSLVPEAFREQF,1
TRBV7-9,TRBJ2-1,ASSLVPEAFSEQF,2
TRBV7-9,TRBJ2-1,ASSLVPEAFSVQF,1
TRBV7-9,TRBJ2-1,ASSLVPEAFTEQF,2
TRBV7-9,TRBJ2-1,ASSLVPEAFYEQF,5
TRBV7-9,TRBJ2-1,ASSLVPEAGEEQF,1
TRBV7-9,TRBJ2-1,ASSLVPEAGHAQF,1
TRBV7-9,TRBJ2-1,ASSLVPEAGNEQF,13
TRBV7-9,TRBJ2-1,ASSLVPEAGNEQL,1
TRBV7-9,TRBJ2-1,ASSLVPEAGNKQF,1
TRBV7-9,TRBJ2-1,ASSLVPEAGSEQF,1
TRBV7-9,TRBJ2-1,ASSLVPEAGTEKF,1
TRBV7-9,TRBJ2-1,ASSLVPEAGVEQF,1
TRBV7-9,TRBJ2-1,ASSLVPEAHDEQF,10
TRBV7-9,TRBJ2-1,ASSLVPEAHDERF,1
TRBV7-9,TRBJ2-1,ASSLVPEAHDKQF,1
TRBV7-9,TRBJ2-1,ASSLVPEAHHAPF,1
TRBV7-9,TRBJ2-1,ASSLVPEAHHEHV,1
TRBV7-9,TRBJ2-1,ASSLVPEAHHEQC,1
TRBV7-9,TRBJ2-1,ASSLVPEAHHEQF,10
TRBV7-9,TRBJ2-1,ASSLVPEAHHEQL,1
TRBV7-9,TRBJ2-1,ASSLVPEAHHEQV,1
TRBV7-9,TRBJ2-1,ASSLVPEAHHVQF,1
TRBV7-9,TRBJ2-1,ASSLVPEAHIEQF,1
TRBV7-9,TRBJ2-1,ASSLVPEAHIGQF,1
TRBV7-9,TRBJ2-1,ASSLVPEAHKAEF,1
TRBV7-9,TRBJ2-1,ASSLVPEAHKAQF,1
TRBV7-9,TRBJ2-1,ASSLVPEAHKDQF,1
TRBV7-9,TRBJ2-1,ASSLVPEAHKEAF,1
TRBV7-9,TRBJ2-1,ASSLVPEAHKEEF,1
TRBV7-9,TRBJ2-1,ASSLVPEAHKEHF,1
TRBV7-9,TRBJ2-1,ASSLVPEAHKEHV,1
TRBV7-9,TRBJ2-1,ASSLVPEAHKEPF,1
TRBV7-9,TRBJ2-1,ASSLVPEAHKEQF,53
TRBV7-9,TRBJ2-1,ASSLVPEAHKEQI,2
TRBV7-9,TRBJ2-1,ASSLVPEAHKEQL,3
TRBV7-9,TRBJ2-1,ASSLVPEAHKEQS,1
TRBV7-9,TRBJ2-1,ASSLVPEAHKEQV,2
TRBV7-9,TRBJ2-1,ASSLVPEAHKEQY,2
TRBV7-9,TRBJ2-1,ASSLVPEAHKGKF,1
TRBV7-9,TRBJ2-1,ASSLVPEAHKGQF,3
TRBV7-9,TRBJ2-1,ASSLVPEAHKKQF,3
TRBV7-9,TRBJ2-1,ASSLVPEAHKQQF,1
TRBV7-9,TRBJ2-1,ASSLVPEAHMRQF,1
TRBV7-9,TRBJ2-1,ASSLVPEAHNAHV,1
TRBV7-9,TRBJ2-1,ASSLVPEAHNAKF,1
TRBV7-9,TRBJ2-1,ASSLVPEAHNAQF,38
TRBV7-9,TRBJ2-1,ASSLVPEAHNAQL,1
TRBV7-9,TRBJ2-1,ASSLVPEAHNAQV,1
TRBV7-9,TRBJ2-1,ASSLVPEAHNAQY,1
TRBV7-9,TRBJ2-1,ASSLVPEAHNDHF,4
TRBV7-9,TRBJ2-1,ASSLVPEAHNDKF,1
TRBV7-9,TRBJ2-1,ASSLVPEAHNDKV,1
TRBV7-9,TRBJ2-1,ASSLVPEAHNDPF,1
TRBV7-9,TRBJ2-1,ASSLVPEAHNDQC,2
TRBV7-9,TRBJ2-1,ASSLVPEAHNDQF,26
TRBV7-9,TRBJ2-1,ASSLVPEAHNDQG,1
TRBV7-9,TRBJ2-1,ASSLVPEAHNDQS,4
TRBV7-9,TRBJ2-1,ASSLVPEAHNDQV,3
TRBV7-9,TRBJ2-1,ASSLVPEAHNDQY,1
TRBV7-9,TRBJ2-1,ASSLVPEAHNEEF,3
TRBV7-9,TRBJ2-1,ASSLVPEAHNEHF,37
TRBV7-9,TRBJ2-1,ASSLVPEAHNEHS,1
TRBV7-9,TRBJ2-1,ASSLVPEAHNEHV,1
TRBV7-9,TRBJ2-1,ASSLVPEAHNEHY,1
TRBV7-9,TRBJ2-1,ASSLVPEAHNEKF,17
TRBV7-9,TRBJ2-1,ASSLVPEAHNEKT,1
TRBV7-9,TRBJ2-1,ASSLVPEAHNEKV,1
TRBV7-9,TRBJ2-1,ASSLVPEAHNELF,4
TRBV7-9,TRBJ2-1,ASSLVPEAHNEPF,11
TRBV7-9,TRBJ2-1,ASSLVPEAHNEPL,1
TRBV7-9,TRBJ2-1,ASSLVPEAHNEQA,1
TRBV7-9,TRBJ2-1,ASSLVPEAHNEQC,31
TRBV7-9,TRBJ2-1,ASSLVPEAHNEQD,3
TRBV7-9,TRBJ2-1,ASSLVPEAHNEQF,2144
TRBV7-9,TRBJ2-1,ASSLVPEAHNEQI,1
TRBV7-9,TRBJ2-1,ASSLVPEAHNEQL,17
TRBV7-9,TRBJ2-1,ASSLVPEAHNEQS,39
TRBV7-9,TRBJ2-1,ASSLVPEAHNEQV,34
TRBV7-9,TRBJ2-1,ASSLVPEAHNEQY,76
TRBV7-9,TRBJ2-1,ASSLVPEAHNERF,4
TRBV7-9,TRBJ2-1,ASSLVPEAHNETV,1
TRBV7-9,TRBJ2-1,ASSLVPEAHNGHF,1
TRBV7-9,TRBJ2-1,ASSLVPEAHNGKF,2
TRBV7-9,TRBJ2-1,ASSLVPEAHNGQF,19
TRBV7-9,TRBJ2-1,ASSLVPEAHNGQL,1
TRBV7-9,TRBJ2-1,ASSLVPEAHNGQS,2
TRBV7-9,TRBJ2-1,ASSLVPEAHNGRF,1
TRBV7-9,TRBJ2-1,ASSLVPEAHNKHF,1
TRBV7-9,TRBJ2-1,ASSLVPEAHNKKF,3
TRBV7-9,TRBJ2-1,ASSLVPEAHNKQC,1
TRBV7-9,TRBJ2-1,ASSLVPEAHNKQF,19
TRBV7-9,TRBJ2-1,ASSLVPEAHNKQL,1
TRBV7-9,TRBJ2-1,ASSLVPEAHNKQS,3
TRBV7-9,TRBJ2-1,ASSLVPEAHNKQY,1
TRBV7-9,TRBJ2-1,ASSLVPEAHNLQF,1
TRBV7-9,TRBJ2-1,ASSLVPEAHNMQF,1
TRBV7-9,TRBJ2-1,ASSLVPEAHNQKF,1
TRBV7-9,TRBJ2-1,ASSLVPEAHNQQC,1
TRBV7-9,TRBJ2-1,ASSLVPEAHNQQF,5
TRBV7-9,TRBJ2-1,ASSLVPEAHNTQY,2
TRBV7-9,TRBJ2-1,ASSLVPEAHNVNF,1
TRBV7-9,TRBJ2-1,ASSLVPEAHNVQF,8
TRBV7-9,TRBJ2-1,ASSLVPEAHNVQV,1
TRBV7-9,TRBJ2-1,ASSLVPEAHNWAF,1
TRBV7-9,TRBJ2-1,ASSLVPEAHNYQF,1
TRBV7-9,TRBJ2-1,ASSLVPEAHPMQF,1
TRBV7-9,TRBJ2-1,ASSLVPEAHQEQF,2
TRBV7-9,TRBJ2-1,ASSLVPEAHSAQF,1
TRBV7-9,TRBJ2-1,ASSLVPEAHSARL,1
TRBV7-9,TRBJ2-1,ASSLVPEAHSEHF,1
TRBV7-9,TRBJ2-1,ASSLVPEAHSEQF,3
TRBV7-9,TRBJ2-1,ASSLVPEAHSKQF,1
TRBV7-9,TRBJ2-1,ASSLVPEAHSMKF,1
TRBV7-9,TRBJ2-1,ASSLVPEAHTEEF,1
TRBV7-9,TRBJ2-1,ASSLVPEAHTEKF,2
TRBV7-9,TRBJ2-1,ASSLVPEAHTEQF,12
TRBV7-9,TRBJ2-1,ASSLVPEAHTEQL,1
TRBV7-9,TRBJ2-1,ASSLVPEAHTEQY,1
TRBV7-9,TRBJ2-1,ASSLVPEAHTGQF,1
TRBV7-9,TRBJ2-1,ASSLVPEAHTRQC,1
TRBV7-9,TRBJ2-1,ASSLVPEAHYDQF,1
TRBV7-9,TRBJ2-1,ASSLVPEAHYEHF,1
TRBV7-9,TRBJ2-1,ASSLVPEAHYEQF,16
TRBV7-9,TRBJ2-1,ASSLVPEAHYEQY,2
TRBV7-9,TRBJ2-1,ASSLVPEAHYVQF,1
TRBV7-9,TRBJ2-1,ASSLVPEAINDQF,1
TRBV7-9,TRBJ2-1,ASSLVPEAINEKF,1
TRBV7-9,TRBJ2-1,ASSLVPEAINEQF,7
TRBV7-9,TRBJ2-1,ASSLVPEAINVQV,1
TRBV7-9,TRBJ2-1,ASSLVPEAKDEQF,1
TRBV7-9,TRBJ2-1,ASSLVPEAKHEQF,2
TRBV7-9,TRBJ2-1,ASSLVPEAKHGQF,1
TRBV7-9,TRBJ2-1,ASSLVPEAKIEQF,1
TRBV7-9,TRBJ2-1,ASSLVPEAKKDQF,1
TRBV7-9,TRBJ2-1,ASSLVPEAKKEHF,3
TRBV7-9,TRBJ2-1,ASSLVPEAKKEKF,1
TRBV7-9,TRBJ2-1,ASSLVPEAKKEQC,1
TRBV7-9,TRBJ2-1,ASSLVPEAKKEQF,10
TRBV7-9,TRBJ2-1,ASSLVPEAKKERF,1
TRBV7-9,TRBJ2-1,ASSLVPEAKKGQF,1
TRBV7-9,TRBJ2-1,ASSLVPEAKKGQS,1
TRBV7-9,TRBJ2-1,ASSLVPEAKNAQF,1
TRBV7-9,TRBJ2-1,ASSLVPEAKNDKF,1
TRBV7-9,TRBJ2-1,ASSLVPEAKNDQF,1
TRBV7-9,TRBJ2-1,ASSLVPEAKNEEF,3
TRBV7-9,TRBJ2-1,ASSLVPEAKNEHF,7
TRBV7-9,TRBJ2-1,ASSLVPEAKNEKC,2
TRBV7-9,TRBJ2-1,ASSLVPEAKNEKF,3
TRBV7-9,TRBJ2-1,ASSLVPEAKNELF,3
TRBV7-9,TRBJ2-1,ASSLVPEAKNENF,1
TRBV7-9,TRBJ2-1,ASSLVPEAKNENS,1
TRBV7-9,TRBJ2-1,ASSLVPEAKNEPF,1
TRBV7-9,TRBJ2-1,ASSLVPEAKNEQC,1
TRBV7-9,TRBJ2-1,ASSLVPEAKNEQF,84
TRBV7-9,TRBJ2-1,ASSLVPEAKNEQI,1
TRBV7-9,TRBJ2-1,ASSLVPEAKNEQS,1
TRBV7-9,TRBJ2-1,ASSLVPEAKNEQV,2
TRBV7-9,TRBJ2-1,ASSLVPEAKNERF,3
TRBV7-9,TRBJ2-1,ASSLVPEAKNETF,1
TRBV7-9,TRBJ2-1,ASSLVPEAKNGHF,1
TRBV7-9,TRBJ2-1,ASSLVPEAKNGQF,5
TRBV7-9,TRBJ2-1,ASSLVPEAKNKHF,1
TRBV7-9,TRBJ2-1,ASSLVPEAKNKKF,1
TRBV7-9,TRBJ2-1,ASSLVPEAKNKQF,3
TRBV7-9,TRBJ2-1,ASSLVPEAKNKQL,1
TRBV7-9,TRBJ2-1,ASSLVPEAKNRKF,1
TRBV7-9,TRBJ2-1,ASSLVPEAKNTQF,1
TRBV7-9,TRBJ2-1,ASSLVPEAKNVQF,1
TRBV7-9,TRBJ2-1,ASSLVPEAKTEQF,5
TRBV7-9,TRBJ2-1,ASSLVPEALDEQF,1
TRBV7-9,TRBJ2-1,ASSLVPEALHEQF,1
TRBV7-9,TRBJ2-1,ASSLVPEALIAQF,1
TRBV7-9,TRBJ2-1,ASSLVPEALIEQF,1
TRBV7-9,TRBJ2-1,ASSLVPEALKEQF,3
TRBV7-9,TRBJ2-1,ASSLVPEALKEQV,1
TRBV7-9,TRBJ2-1,ASSLVPEALNAQL,1
TRBV7-9,TRBJ2-1,ASSLVPEALNDQF,4
TRBV7-9,TRBJ2-1,ASSLVPEALNEKF,1
TRBV7-9,TRBJ2-1,ASSLVPEALNEPF,1
TRBV7-9,TRBJ2-1,ASSLVPEALNEQF,42
TRBV7-9,TRBJ2-1,ASSLVPEALNEQL,1
TRBV7-9,TRBJ2-1,ASSLVPEALNEQV,3
TRBV7-9,TRBJ2-1,ASSLVPEALNGQF,1
TRBV7-9,TRBJ2-1,ASSLVPEALNGQL,1
TRBV7-9,TRBJ2-1,ASSLVPEALREQF,1
TRBV7-9,TRBJ2-1,ASSLVPEAMNEQF,1
TRBV7-9,TRBJ2-1,ASSLVPEAMYEQF,1
TRBV7-9,TRBJ2-1,ASSLVPEANDEHY,1
TRBV7-9,TRBJ2-1,ASSLVPEANDEQF,8
TRBV7-9,TRBJ2-1,ASSLVPEANEEQF,1
TRBV7-9,TRBJ2-1,ASSLVPEANEQF,3
TRBV7-9,TRBJ2-1,ASSLVPEANHDQF,1
TRBV7-9,TRBJ2-1,ASSLVPEANHEKF,1
TRBV7-9,TRBJ2-1,ASSLVPEANHEQF,8
TRBV7-9,TRBJ2-1,ASSLVPEANHEQR,1
TRBV7-9,TRBJ2-1,ASSLVPEANHNQF,1
TRBV7-9,TRBJ2-1,ASSLVPEANIEKF,1
TRBV7-9,TRBJ2-1,ASSLVPEANIEQF,3
TRBV7-9,TRBJ2-1,ASSLVPEANIEQV,1
TRBV7-9,TRBJ2-1,ASSLVPEANIGPC,1
TRBV7-9,TRBJ2-1,ASSLVPEANKAEF,1
TRBV7-9,TRBJ2-1,ASSLVPEANKAQF,3
TRBV7-9,TRBJ2-1,ASSLVPEANKDLF,1
TRBV7-9,TRBJ2-1,ASSLVPEANKDQF,6
TRBV7-9,TRBJ2-1,ASSLVPEANKDQS,1
TRBV7-9,TRBJ2-1,ASSLVPEANKEEF,1
TRBV7-9,TRBJ2-1,ASSLVPEANKEHF,1
TRBV7-9,TRBJ2-1,ASSLVPEANKEKF,5
TRBV7-9,TRBJ2-1,ASSLVPEANKENF,1
TRBV7-9,TRBJ2-1,ASSLVPEANKEQC,1
TRBV7-9,TRBJ2-1,ASSLVPEANKEQF,68
TRBV7-9,TRBJ2-1,ASSLVPEANKEQI,2
TRBV7-9,TRBJ2-1,ASSLVPEANKEQL,3
TRBV7-9,TRBJ2-1,ASSLVPEANKEQS,3
TRBV7-9,TRBJ2-1,ASSLVPEANKEQV,1
TRBV7-9,TRBJ2-1,ASSLVPEANKEQY,1
TRBV7-9,TRBJ2-1,ASSLVPEANKGQF,6
TRBV7-9,TRBJ2-1,ASSLVPEANKGQS,2
TRBV7-9,TRBJ2-1,ASSLVPEANKGRF,1
TRBV7-9,TRBJ2-1,ASSLVPEANKKQF,2
TRBV7-9,TRBJ2-1,ASSLVPEANKPQF,1
TRBV7-9,TRBJ2-1,ASSLVPEANKQQF,1
TRBV7-9,TRBJ2-1,ASSLVPEANKVQF,1
TRBV7-9,TRBJ2-1,ASSLVPEANLAQF,1
TRBV7-9,TRBJ2-1,ASSLVPEANMEEC,1
TRBV7-9,TRBJ2-1,ASSLVPEANMKQF,2
TRBV7-9,TRBJ2-1,ASSLVPEANNAKF,1
TRBV7-9,TRBJ2-1,ASSLVPEANNAQC,2
TRBV7-9,TRBJ2-1,ASSLVPEANNAQD,1
TRBV7-9,TRBJ2-1,ASSLVPEANNAQF,5
TRBV7-9,TRBJ2-1,ASSLVPEANNDHF,2
TRBV7-9,TRBJ2-1,ASSLVPEANNDKF,1
TRBV7-9,TRBJ2-1,ASSLVPEANNDKS,1
TRBV7-9,TRBJ2-1,ASSLVPEANNDPF,1
TRBV7-9,TRBJ2-1,ASSLVPEANNDPS,1
TRBV7-9,TRBJ2-1,ASSLVPEANNDQC,1
TRBV7-9,TRBJ2-1,ASSLVPEANNDQF,29
TRBV7-9,TRBJ2-1,ASSLVPEANNDQS,3
TRBV7-9,TRBJ2-1,ASSLVPEANNDQY,2
TRBV7-9,TRBJ2-1,ASSLVPEANNEEF,9
TRBV7-9,TRBJ2-1,ASSLVPEANNEHF,25
TRBV7-9,TRBJ2-1,ASSLVPEANNEHS,1
TRBV7-9,TRBJ2-1,ASSLVPEANNEKC,1
TRBV7-9,TRBJ2-1,ASSLVPEANNEKF,37
TRBV7-9,TRBJ2-1,ASSLVPEANNEKL,1
TRBV7-9,TRBJ2-1,ASSLVPEANNEKS,2
TRBV7-9,TRBJ2-1,ASSLVPEANNELF,7
TRBV7-9,TRBJ2-1,ASSLVPEANNEMF,1
TRBV7-9,TRBJ2-1,ASSLVPEANNENF,1
TRBV7-9,TRBJ2-1,ASSLVPEANNEPF,9
TRBV7-9,TRBJ2-1,ASSLVPEANNEQC,29
TRBV7-9,TRBJ2-1,ASSLVPEANNEQD,1
TRBV7-9,TRBJ2-1,ASSLVPEANNEQF,1217
TRBV7-9,TRBJ2-1,ASSLVPEANNEQG,1
TRBV7-9,TRBJ2-1,ASSLVPEANNEQI,10
TRBV7-9,TRBJ2-1,ASSLVPEANNEQL,16
TRBV7-9,TRBJ2-1,ASSLVPEANNEQS,23
TRBV7-9,TRBJ2-1,ASSLVPEANNEQT,1
TRBV7-9,TRBJ2-1,ASSLVPEANNEQV,18
TRBV7-9,TRBJ2-1,ASSLVPEANNEQY,26
TRBV7-9,TRBJ2-1,ASSLVPEANNERF,4
TRBV7-9,TRBJ2-1,ASSLVPEANNGEF,1
TRBV7-9,TRBJ2-1,ASSLVPEANNGHF,2
TRBV7-9,TRBJ2-1,ASSLVPEANNGKF,3
TRBV7-9,TRBJ2-1,ASSLVPEANNGPF,2
TRBV7-9,TRBJ2-1,ASSLVPEANNGQC,1
TRBV7-9,TRBJ2-1,ASSLVPEANNGQF,26
TRBV7-9,TRBJ2-1,ASSLVPEANNGQL,1
TRBV7-9,TRBJ2-1,ASSLVPEANNGQS,1
TRBV7-9,TRBJ2-1,ASSLVPEANNGQV,1
TRBV7-9,TRBJ2-1,ASSLVPEANNHQF,1
TRBV7-9,TRBJ2-1,ASSLVPEANNKHF,2
TRBV7-9,TRBJ2-1,ASSLVPEANNKHI,1
TRBV7-9,TRBJ2-1,ASSLVPEANNKKF,2
TRBV7-9,TRBJ2-1,ASSLVPEANNKQF,20
TRBV7-9,TRBJ2-1,ASSLVPEANNKQL,1
TRBV7-9,TRBJ2-1,ASSLVPEANNKQS,1
TRBV7-9,TRBJ2-1,ASSLVPEANNKQV,1
TRBV7-9,TRBJ2-1,ASSLVPEANNKQY,1
TRBV7-9,TRBJ2-1,ASSLVPEANNNPF,1
TRBV7-9,TRBJ2-1,ASSLVPEANNNQF,1
TRBV7-9,TRBJ2-1,ASSLVPEANNQQF,5
TRBV7-9,TRBJ2-1,ASSLVPEANNRLF,1
TRBV7-9,TRBJ2-1,ASSLVPEANNRQF,3
TRBV7-9,TRBJ2-1,ASSLVPEANNVHF,1
TRBV7-9,TRBJ2-1,ASSLVPEANNVQC,1
TRBV7-9,TRBJ2-1,ASSLVPEANNVQF,4
TRBV7-9,TRBJ2-1,ASSLVPEANQEQF,3
TRBV7-9,TRBJ2-1,ASSLVPEANSDES,1
TRBV7-9,TRBJ2-1,ASSLVPEANSDQS,1
TRBV7-9,TRBJ2-1,ASSLVPEANSEPF,1
TRBV7-9,TRBJ2-1,ASSLVPEANSEQF,6
TRBV7-9,TRBJ2-1,ASSLVPEANSEQL,1
TRBV7-9,TRBJ2-1,ASSLVPEANSERF,1
TRBV7-9,TRBJ2-1,ASSLVPEANTDQF,1
TRBV7-9,TRBJ2-1,ASSLVPEANTEHF,1
TRBV7-9,TRBJ2-1,ASSLVPEANTEKF,2
TRBV7-9,TRBJ2-1,ASSLVPEANTEPF,1
TRBV7-9,TRBJ2-1,ASSLVPEANTEQF,11
TRBV7-9,TRBJ2-1,ASSLVPEANTEQL,2
TRBV7-9,TRBJ2-1,ASSLVPEANTEQV,1
TRBV7-9,TRBJ2-1,ASSLVPEANTERS,1
TRBV7-9,TRBJ2-1,ASSLVPEANTKRI,1
TRBV7-9,TRBJ2-1,ASSLVPEANTVRF,1
TRBV7-9,TRBJ2-1,ASSLVPEANYEQC,1
TRBV7-9,TRBJ2-1,ASSLVPEANYEQF,5
TRBV7-9,TRBJ2-1,ASSLVPEANYVQF,1
TRBV7-9,TRBJ2-1,ASSLVPEAPDEQF,1
TRBV7-9,TRBJ2-1,ASSLVPEAPKEQF,1
TRBV7-9,TRBJ2-1,ASSLVPEAPNEQC,2
TRBV7-9,TRBJ2-1,ASSLVPEAPNEQF,29
TRBV7-9,TRBJ2-1,ASSLVPEAPNEQY,5
TRBV7-9,TRBJ2-1,ASSLVPEAPNRRF,1
TRBV7-9,TRBJ2-1,ASSLVPEAPSEQF,1
TRBV7-9,TRBJ2-1,ASSLVPEAPTEHF,1
TRBV7-9,TRBJ2-1,ASSLVPEAPYEQF,1
TRBV7-9,TRBJ2-1,ASSLVPEAQDEQY,1
TRBV7-9,TRBJ2-1,ASSLVPEAQHEPV,1
TRBV7-9,TRBJ2-1,ASSLVPEAQHEQF,3
TRBV7-9,TRBJ2-1,ASSLVPEAQHEQL,1
TRBV7-9,TRBJ2-1,ASSLVPEAQKEEF,1
TRBV7-9,TRBJ2-1,ASSLVPEAQKEKC,1
TRBV7-9,TRBJ2-1,ASSLVPEAQKEPF,1
TRBV7-9,TRBJ2-1,ASSLVPEAQKEQF,8
TRBV7-9,TRBJ2-1,ASSLVPEAQKGQF,1
TRBV7-9,TRBJ2-1,ASSLVPEAQKVQF,1
TRBV7-9,TRBJ2-1,ASSLVPEAQNAQF,5
TRBV7-9,TRBJ2-1,ASSLVPEAQNAQI,1
TRBV7-9,TRBJ2-1,ASSLVPEAQNDQF,3
TRBV7-9,TRBJ2-1,ASSLVPEAQNEAF,1
TRBV7-9,TRBJ2-1,ASSLVPEAQNEEF,2
TRBV7-9,TRBJ2-1,ASSLVPEAQNEHF,4
TRBV7-9,TRBJ2-1,ASSLVPEAQNEKF,2
TRBV7-9,TRBJ2-1,ASSLVPEAQNEPF,3
TRBV7-9,TRBJ2-1,ASSLVPEAQNEQC,1
TRBV7-9,TRBJ2-1,ASSLVPEAQNEQF,67
TRBV7-9,TRBJ2-1,ASSLVPEAQNEQL,1
TRBV7-9,TRBJ2-1,ASSLVPEAQNEQS,1
TRBV7-9,TRBJ2-1,ASSLVPEAQNEQV,6
TRBV7-9,TRBJ2-1,ASSLVPEAQNEQY,1
TRBV7-9,TRBJ2-1,ASSLVPEAQNERF,1
TRBV7-9,TRBJ2-1,ASSLVPEAQNGQF,1
TRBV7-9,TRBJ2-1,ASSLVPEAQNKQF,2
TRBV7-9,TRBJ2-1,ASSLVPEAQNMQF,1
TRBV7-9,TRBJ2-1,ASSLVPEAQNVQF,2
TRBV7-9,TRBJ2-1,ASSLVPEAQNWPF,1
TRBV7-9,TRBJ2-1,ASSLVPEAQSAQF,1
TRBV7-9,TRBJ2-1,ASSLVPEAQSEQF,1
TRBV7-9,TRBJ2-1,ASSLVPEARDEEF,1
TRBV7-9,TRBJ2-1,ASSLVPEARNEQF,4
TRBV7-9,TRBJ2-1,ASSLVPEASDEKF,1
TRBV7-9,TRBJ2-1,ASSLVPEASDEQC,1
TRBV7-9,TRBJ2-1,ASSLVPEASDEQF,18
TRBV7-9,TRBJ2-1,ASSLVPEASDEQY,2
TRBV7-9,TRBJ2-1,ASSLVPEASEEQF,2
TRBV7-9,TRBJ2-1,ASSLVPEASHDQF,1
TRBV7-9,TRBJ2-1,ASSLVPEASHEHF,1
TRBV7-9,TRBJ2-1,ASSLVPEASHEPL,1
TRBV7-9,TRBJ2-1,ASSLVPEASHEQF,17
TRBV7-9,TRBJ2-1,ASSLVPEASHEQL,1
TRBV7-9,TRBJ2-1,ASSLVPEASIEQF,1
TRBV7-9,TRBJ2-1,ASSLVPEASIPQF,1
TRBV7-9,TRBJ2-1,ASSLVPEASKAQF,1
TRBV7-9,TRBJ2-1,ASSLVPEASKAQL,1
TRBV7-9,TRBJ2-1,ASSLVPEASKDQC,1
TRBV7-9,TRBJ2-1,ASSLVPEASKDQF,2
TRBV7-9,TRBJ2-1,ASSLVPEASKEHF,1
TRBV7-9,TRBJ2-1,ASSLVPEASKEKF,4
TRBV7-9,TRBJ2-1,ASSLVPEASKEKS,1
TRBV7-9,TRBJ2-1,ASSLVPEASKENF,1
TRBV7-9,TRBJ2-1,ASSLVPEASKEPF,1
TRBV7-9,TRBJ2-1,ASSLVPEASKEQC,1
TRBV7-9,TRBJ2-1,ASSLVPEASKEQF,130
TRBV7-9,TRBJ2-1,ASSLVPEASKEQI,2
TRBV7-9,TRBJ2-1,ASSLVPEASKEQL,4
TRBV7-9,TRBJ2-1,ASSLVPEASKEQS,2
TRBV7-9,TRBJ2-1,ASSLVPEASKEQY,3
TRBV7-9,TRBJ2-1,ASSLVPEASKERF,1
TRBV7-9,TRBJ2-1,ASSLVPEASKGKF,1
TRBV7-9,TRBJ2-1,ASSLVPEASKQQF,2
TRBV7-9,TRBJ2-1,ASSLVPEASKVKI,1
TRBV7-9,TRBJ2-1,ASSLVPEASKVQF,5
TRBV7-9,TRBJ2-1,ASSLVPEASNAKF,2
TRBV7-9,TRBJ2-1,ASSLVPEASNAQC,1
TRBV7-9,TRBJ2-1,ASSLVPEASNAQF,33
TRBV7-9,TRBJ2-1,ASSLVPEASNAQL,4
TRBV7-9,TRBJ2-1,ASSLVPEASNDHF,4
TRBV7-9,TRBJ2-1,ASSLVPEASNDKF,1
TRBV7-9,TRBJ2-1,ASSLVPEASNDLF,1
TRBV7-9,TRBJ2-1,ASSLVPEASNDPF,1
TRBV7-9,TRBJ2-1,ASSLVPEASNDQC,1
TRBV7-9,TRBJ2-1,ASSLVPEASNDQF,57
TRBV7-9,TRBJ2-1,ASSLVPEASNEEF,7
TRBV7-9,TRBJ2-1,ASSLVPEASNEEI,1
TRBV7-9,TRBJ2-1,ASSLVPEASNEHF,19
TRBV7-9,TRBJ2-1,ASSLVPEASNEHS,1
TRBV7-9,TRBJ2-1,ASSLVPEASNEKA,1
TRBV7-9,TRBJ2-1,ASSLVPEASNEKF,40
TRBV7-9,TRBJ2-1,ASSLVPEASNEKI,2
TRBV7-9,TRBJ2-1,ASSLVPEASNEKL,2
TRBV7-9,TRBJ2-1,ASSLVPEASNELF,2
TRBV7-9,TRBJ2-1,ASSLVPEASNENF,1
TRBV7-9,TRBJ2-1,ASSLVPEASNEPF,21
TRBV7-9,TRBJ2-1,ASSLVPEASNEPL,1
TRBV7-9,TRBJ2-1,ASSLVPEASNEPS,1
TRBV7-9,TRBJ2-1,ASSLVPEASNEQC,39
TRBV7-9,TRBJ2-1,ASSLVPEASNEQF,2840
TRBV7-9,TRBJ2-1,ASSLVPEASNEQG,2
TRBV7-9,TRBJ2-1,ASSLVPEASNEQI,8
TRBV7-9,TRBJ2-1,ASSLVPEASNEQL,42
TRBV7-9,TRBJ2-1,ASSLVPEASNEQP,2
TRBV7-9,TRBJ2-1,ASSLVPEASNEQS,14
TRBV7-9,TRBJ2-1,ASSLVPEASNEQV,25
TRBV7-9,TRBJ2-1,ASSLVPEASNEQY,39
TRBV7-9,TRBJ2-1,ASSLVPEASNERC,1
TRBV7-9,TRBJ2-1,ASSLVPEASNERF,11
TRBV7-9,TRBJ2-1,ASSLVPEASNESC,1
TRBV7-9,TRBJ2-1,ASSLVPEASNETF,1
TRBV7-9,TRBJ2-1,ASSLVPEASNGEF,1
TRBV7-9,TRBJ2-1,ASSLVPEASNGQC,2
TRBV7-9,TRBJ2-1,ASSLVPEASNGQF,18
TRBV7-9,TRBJ2-1,ASSLVPEASNKKF,1
TRBV7-9,TRBJ2-1,ASSLVPEASNKLC,1
TRBV7-9,TRBJ2-1,ASSLVPEASNKQF,10
TRBV7-9,TRBJ2-1,ASSLVPEASNNQF,1
TRBV7-9,TRBJ2-1,ASSLVPEASNQKF,2
TRBV7-9,TRBJ2-1,ASSLVPEASNQNF,1
TRBV7-9,TRBJ2-1,ASSLVPEASNQPF,1
TRBV7-9,TRBJ2-1,ASSLVPEASNQQF,14
TRBV7-9,TRBJ2-1,ASSLVPEASNQQI,1
TRBV7-9,TRBJ2-1,ASSLVPEASNQQS,2
TRBV7-9,TRBJ2-1,ASSLVPEASNQQV,1
TRBV7-9,TRBJ2-1,ASSLVPEASNSQF,2
TRBV7-9,TRBJ2-1,ASSLVPEASNVHF,1
TRBV7-9,TRBJ2-1,ASSLVPEASNVKF,3
TRBV7-9,TRBJ2-1,ASSLVPEASNVQF,26
TRBV7-9,TRBJ2-1,ASSLVPEASNVQL,1
TRBV7-9,TRBJ2-1,ASSLVPEASNVRF,1
TRBV7-9,TRBJ2-1,ASSLVPEASNVYF,1
TRBV7-9,TRBJ2-1,ASSLVPEASNWQF,1
TRBV7-9,TRBJ2-1,ASSLVPEASNYQC,1
TRBV7-9,TRBJ2-1,ASSLVPEASREQF,2
TRBV7-9,TRBJ2-1,ASSLVPEASREQL,1
TRBV7-9,TRBJ2-1,ASSLVPEASSEQF,9
TRBV7-9,TRBJ2-1,ASSLVPEASSEQS,1
TRBV7-9,TRBJ2-1,ASSLVPEASSLQF,1
TRBV7-9,TRBJ2-1,ASSLVPEASSVQF,1
TRBV7-9,TRBJ2-1,ASSLVPEASTAQF,2
TRBV7-9,TRBJ2-1,ASSLVPEASTEHF,1
TRBV7-9,TRBJ2-1,ASSLVPEASTEKF,1
TRBV7-9,TRBJ2-1,ASSLVPEASTEQF,42
TRBV7-9,TRBJ2-1,ASSLVPEASTEQL,3
TRBV7-9,TRBJ2-1,ASSLVPEASTEQW,1
TRBV7-9,TRBJ2-1,ASSLVPEASTERL,1
TRBV7-9,TRBJ2-1,ASSLVPEASTGQF,1
TRBV7-9,TRBJ2-1,ASSLVPEASTKQF,1
TRBV7-9,TRBJ2-1,ASSLVPEASTVQF,1
TRBV7-9,TRBJ2-1,ASSLVPEASYDQF,1
TRBV7-9,TRBJ2-1,ASSLVPEASYEQC,1
TRBV7-9,TRBJ2-1,ASSLVPEASYEQF,13
TRBV7-9,TRBJ2-1,ASSLVPEASYEQS,1
TRBV7-9,TRBJ2-1,ASSLVPEASYEQY,2
TRBV7-9,TRBJ2-1,ASSLVPEATDEQF,1
TRBV7-9,TRBJ2-1,ASSLVPEATKEKF,1
TRBV7-9,TRBJ2-1,ASSLVPEATNDQF,1
TRBV7-9,TRBJ2-1,ASSLVPEATNEQF,10
TRBV7-9,TRBJ2-1,ASSLVPEATNEQY,1
TRBV7-9,TRBJ2-1,ASSLVPEATNKQF,1
TRBV7-9,TRBJ2-1,ASSLVPEATNVQV,1
TRBV7-9,TRBJ2-1,ASSLVPEATTEQF,1
TRBV7-9,TRBJ2-1,ASSLVPEAVKEEF,1
TRBV7-9,TRBJ2-1,ASSLVPEAVNDQF,1
TRBV7-9,TRBJ2-1,ASSLVPEAVNEHF,1
TRBV7-9,TRBJ2-1,ASSLVPEAVNEQC,2
TRBV7-9,TRBJ2-1,ASSLVPEAVNEQF,16
TRBV7-9,TRBJ2-1,ASSLVPEAWDEQF,1
TRBV7-9,TRBJ2-1,ASSLVPEAWKKKC,1
TRBV7-9,TRBJ2-1,ASSLVPEAWNEQF,5
TRBV7-9,TRBJ2-1,ASSLVPEAWNEQV,1
TRBV7-9,TRBJ2-1,ASSLVPEAWNKQF,1
TRBV7-9,TRBJ2-1,ASSLVPEAYAAQF,1
TRBV7-9,TRBJ2-1,ASSLVPEAYADQF,1
TRBV7-9,TRBJ2-1,ASSLVPEAYAEEF,1
TRBV7-9,TRBJ2-1,ASSLVPEAYAEHV,1
TRBV7-9,TRBJ2-1,ASSLVPEAYAEQF,18
TRBV7-9,TRBJ2-1,ASSLVPEAYAEQY,1
TRBV7-9,TRBJ2-1,ASSLVPEAYAERF,1
TRBV7-9,TRBJ2-1,ASSLVPEAYCAQV,1
TRBV7-9,TRBJ2-1,ASSLVPEAYCEQF,10
TRBV7-9,TRBJ2-1,ASSLVPEAYCEQS,1
TRBV7-9,TRBJ2-1,ASSLVPEAYCGQF,1
TRBV7-9,TRBJ2-1,ASSLVPEAYDAKY,1
TRBV7-9,TRBJ2-1,ASSLVPEAYDAPF,1
TRBV7-9,TRBJ2-1,ASSLVPEAYDAQF,34
TRBV7-9,TRBJ2-1,ASSLVPEAYDAQG,1
TRBV7-9,TRBJ2-1,ASSLVPEAYDAQS,1
TRBV7-9,TRBJ2-1,ASSLVPEAYDAQY,1
TRBV7-9,TRBJ2-1,ASSLVPEAYDAYF,1
TRBV7-9,TRBJ2-1,ASSLVPEAYDDHF,3
TRBV7-9,TRBJ2-1,ASSLVPEAYDDLF,1
TRBV7-9,TRBJ2-1,ASSLVPEAYDDQC,2
TRBV7-9,TRBJ2-1,ASSLVPEAYDDQF,26
TRBV7-9,TRBJ2-1,ASSLVPEAYDDQV,1
TRBV7-9,TRBJ2-1,ASSLVPEAYDECF,1
TRBV7-9,TRBJ2-1,ASSLVPEAYDEDI,1
TRBV7-9,TRBJ2-1,ASSLVPEAYDEEF,12
TRBV7-9,TRBJ2-1,ASSLVPEAYDEEL,1
TRBV7-9,TRBJ2-1,ASSLVPEAYDEHC,1
TRBV7-9,TRBJ2-1,ASSLVPEAYDEHF,39
TRBV7-9,TRBJ2-1,ASSLVPEAYDEHL,2
TRBV7-9,TRBJ2-1,ASSLVPEAYDEHV,1
TRBV7-9,TRBJ2-1,ASSLVPEAYDEKC,1
TRBV7-9,TRBJ2-1,ASSLVPEAYDEKF,13
TRBV7-9,TRBJ2-1,ASSLVPEAYDELF,6
TRBV7-9,TRBJ2-1,ASSLVPEAYDEPF,15
TRBV7-9,TRBJ2-1,ASSLVPEAYDEPL,1
TRBV7-9,TRBJ2-1,ASSLVPEAYDEPV,1
TRBV7-9,TRBJ2-1,ASSLVPEAYDEQC,26
TRBV7-9,TRBJ2-1,ASSLVPEAYDEQF,1976
TRBV7-9,TRBJ2-1,ASSLVPEAYDEQG,1
TRBV7-9,TRBJ2-1,ASSLVPEAYDEQI,5
TRBV7-9,TRBJ2-1,ASSLVPEAYDEQL,23
TRBV7-9,TRBJ2-1,ASSLVPEAYDEQS,6
TRBV7-9,TRBJ2-1,ASSLVPEAYDEQV,28
TRBV7-9,TRBJ2-1,ASSLVPEAYDEQW,1
TRBV7-9,TRBJ2-1,ASSLVPEAYDEQY,15
TRBV7-9,TRBJ2-1,ASSLVPEAYDERF,4
TRBV7-9,TRBJ2-1,ASSLVPEAYDETF,1
TRBV7-9,TRBJ2-1,ASSLVPEAYDGEF,1
TRBV7-9,TRBJ2-1,ASSLVPEAYDGHF,1
TRBV7-9,TRBJ2-1,ASSLVPEAYDGLF,1
TRBV7-9,TRBJ2-1,ASSLVPEAYDGQC,2
TRBV7-9,TRBJ2-1,ASSLVPEAYDGQF,32
TRBV7-9,TRBJ2-1,ASSLVPEAYDGQG,1
TRBV7-9,TRBJ2-1,ASSLVPEAYDGQL,2
TRBV7-9,TRBJ2-1,ASSLVPEAYDGQV,2
TRBV7-9,TRBJ2-1,ASSLVPEAYDKEF,1
TRBV7-9,TRBJ2-1,ASSLVPEAYDKHF,1
TRBV7-9,TRBJ2-1,ASSLVPEAYDKQF,20
TRBV7-9,TRBJ2-1,ASSLVPEAYDKQL,1
TRBV7-9,TRBJ2-1,ASSLVPEAYDQQF,3
TRBV7-9,TRBJ2-1,ASSLVPEAYDQQS,1
TRBV7-9,TRBJ2-1,ASSLVPEAYDRQF,1
TRBV7-9,TRBJ2-1,ASSLVPEAYDTQF,2
TRBV7-9,TRBJ2-1,ASSLVPEAYDVHF,2
TRBV7-9,TRBJ2-1,ASSLVPEAYDVQF,20
TRBV7-9,TRBJ2-1,ASSLVPEAYDVQL,1
TRBV7-9,TRBJ2-1,ASSLVPEAYDVQS,1
TRBV7-9,TRBJ2-1,ASSLVPEAYDVQY,1
TRBV7-9,TRBJ2-1,ASSLVPEAYEAQF,2
TRBV7-9,TRBJ2-1,ASSLVPEAYEAQL,1
TRBV7-9,TRBJ2-1,ASSLVPEAYEDQF,1
TRBV7-9,TRBJ2-1,ASSLVPEAYEEHF,2
TRBV7-9,TRBJ2-1,ASSLVPEAYEELF,1
TRBV7-9,TRBJ2-1,ASSLVPEAYEEQC,2
TRBV7-9,TRBJ2-1,ASSLVPEAYEEQF,74
TRBV7-9,TRBJ2-1,ASSLVPEAYEEQG,1
TRBV7-9,TRBJ2-1,ASSLVPEAYEEQI,1
TRBV7-9,TRBJ2-1,ASSLVPEAYEEQL,2
TRBV7-9,TRBJ2-1,ASSLVPEAYEEQV,1
TRBV7-9,TRBJ2-1,ASSLVPEAYEEQY,1
TRBV7-9,TRBJ2-1,ASSLVPEAYEERF,1
TRBV7-9,TRBJ2-1,ASSLVPEAYEGHV,1
TRBV7-9,TRBJ2-1,ASSLVPEAYEGQF,1
TRBV7-9,TRBJ2-1,ASSLVPEAYEGQL,2
TRBV7-9,TRBJ2-1,ASSLVPEAYEKHF,1
TRBV7-9,TRBJ2-1,ASSLVPEAYEKRF,1
TRBV7-9,TRBJ2-1,ASSLVPEAYERQF,1
TRBV7-9,TRBJ2-1,ASSLVPEAYEVQF,2
TRBV7-9,TRBJ2-1,ASSLVPEAYFAQV,1
TRBV7-9,TRBJ2-1,ASSLVPEAYFELF,1
TRBV7-9,TRBJ2-1,ASSLVPEAYFEQC,1
TRBV7-9,TRBJ2-1,ASSLVPEAYFEQF,3
TRBV7-9,TRBJ2-1,ASSLVPEAYFVQF,1
TRBV7-9,TRBJ2-1,ASSLVPEAYGDQF,1
TRBV7-9,TRBJ2-1,ASSLVPEAYGEHV,1
TRBV7-9,TRBJ2-1,ASSLVPEAYGEKF,1
TRBV7-9,TRBJ2-1,ASSLVPEAYGEQF,6
TRBV7-9,TRBJ2-1,ASSLVPEAYGEQV,1
TRBV7-9,TRBJ2-1,ASSLVPEAYGGQF,1
TRBV7-9,TRBJ2-1,ASSLVPEAYHAEF,2
TRBV7-9,TRBJ2-1,ASSLVPEAYHAHF,1
TRBV7-9,TRBJ2-1,ASSLVPEAYHAHV,1
TRBV7-9,TRBJ2-1,ASSLVPEAYHAKF,1
TRBV7-9,TRBJ2-1,ASSLVPEAYHANF,1
TRBV7-9,TRBJ2-1,ASSLVPEAYHAPF,6
TRBV7-9,TRBJ2-1,ASSLVPEAYHAQC,4
TRBV7-9,TRBJ2-1,ASSLVPEAYHAQF,92
TRBV7-9,TRBJ2-1,ASSLVPEAYHAQG,1
TRBV7-9,TRBJ2-1,ASSLVPEAYHAQI,1
TRBV7-9,TRBJ2-1,ASSLVPEAYHAQL,3
TRBV7-9,TRBJ2-1,ASSLVPEAYHAQV,1
TRBV7-9,TRBJ2-1,ASSLVPEAYHAQY,3
TRBV7-9,TRBJ2-1,ASSLVPEAYHDEF,3
TRBV7-9,TRBJ2-1,ASSLVPEAYHDKF,3
TRBV7-9,TRBJ2-1,ASSLVPEAYHDNF,1
TRBV7-9,TRBJ2-1,ASSLVPEAYHDPF,1
TRBV7-9,TRBJ2-1,ASSLVPEAYHDQF,65
TRBV7-9,TRBJ2-1,ASSLVPEAYHDQV,2
TRBV7-9,TRBJ2-1,ASSLVPEAYHEAF,1
TRBV7-9,TRBJ2-1,ASSLVPEAYHEAL,1
TRBV7-9,TRBJ2-1,ASSLVPEAYHEDF,1
TRBV7-9,TRBJ2-1,ASSLVPEAYHEEF,15
TRBV7-9,TRBJ2-1,ASSLVPEAYHEEV,1
TRBV7-9,TRBJ2-1,ASSLVPEAYHEHF,42
TRBV7-9,TRBJ2-1,ASSLVPEAYHEHL,1
TRBV7-9,TRBJ2-1,ASSLVPEAYHEHS,2
TRBV7-9,TRBJ2-1,ASSLVPEAYHEHV,4
TRBV7-9,TRBJ2-1,ASSLVPEAYHEKC,10
TRBV7-9,TRBJ2-1,ASSLVPEAYHEKF,90
TRBV7-9,TRBJ2-1,ASSLVPEAYHEKI,1
TRBV7-9,TRBJ2-1,ASSLVPEAYHEKL,4
TRBV7-9,TRBJ2-1,ASSLVPEAYHEKS,2
TRBV7-9,TRBJ2-1,ASSLVPEAYHEKV,2
TRBV7-9,TRBJ2-1,ASSLVPEAYHELC,3
TRBV7-9,TRBJ2-1,ASSLVPEAYHELF,12
TRBV7-9,TRBJ2-1,ASSLVPEAYHELW,1
TRBV7-9,TRBJ2-1,ASSLVPEAYHEMC,1
TRBV7-9,TRBJ2-1,ASSLVPEAYHEMF,1
TRBV7-9,TRBJ2-1,ASSLVPEAYHEMI,1
TRBV7-9,TRBJ2-1,ASSLVPEAYHENF,2
TRBV7-9,TRBJ2-1,ASSLVPEAYHEPF,42
TRBV7-9,TRBJ2-1,ASSLVPEAYHEPI,1
TRBV7-9,TRBJ2-1,ASSLVPEAYHEPV,7
TRBV7-9,TRBJ2-1,ASSLVPEAYHEQC,117
TRBV7-9,TRBJ2-1,ASSLVPEAYHEQD,3
TRBV7-9,TRBJ2-1,ASSLVPEAYHEQF,4041
TRBV7-9,TRBJ2-1,ASSLVPEAYHEQG,3
TRBV7-9,TRBJ2-1,ASSLVPEAYHEQI,16
TRBV7-9,TRBJ2-1,ASSLVPEAYHEQL,58
TRBV7-9,TRBJ2-1,ASSLVPEAYHEQS,15
TRBV7-9,TRBJ2-1,ASSLVPEAYHEQT,1
TRBV7-9,TRBJ2-1,ASSLVPEAYHEQV,73
TRBV7-9,TRBJ2-1,ASSLVPEAYHEQY,14
TRBV7-9,TRBJ2-1,ASSLVPEAYHERF,7
TRBV7-9,TRBJ2-1,ASSLVPEAYHETF,2
TRBV7-9,TRBJ2-1,ASSLVPEAYHGEF,3
TRBV7-9,TRBJ2-1,ASSLVPEAYHGHF,1
TRBV7-9,TRBJ2-1,ASSLVPEAYHGKF,2
TRBV7-9,TRBJ2-1,ASSLVPEAYHGKS,1
TRBV7-9,TRBJ2-1,ASSLVPEAYHGPF,2
TRBV7-9,TRBJ2-1,ASSLVPEAYHGPV,2
TRBV7-9,TRBJ2-1,ASSLVPEAYHGQC,9
TRBV7-9,TRBJ2-1,ASSLVPEAYHGQF,66
TRBV7-9,TRBJ2-1,ASSLVPEAYHGQI,3
TRBV7-9,TRBJ2-1,ASSLVPEAYHGQL,3
TRBV7-9,TRBJ2-1,ASSLVPEAYHGQS,1
TRBV7-9,TRBJ2-1,ASSLVPEAYHGQV,2
TRBV7-9,TRBJ2-1,ASSLVPEAYHGQW,1
TRBV7-9,TRBJ2-1,ASSLVPEAYHGRF,2
TRBV7-9,TRBJ2-1,ASSLVPEAYHKKC,1
TRBV7-9,TRBJ2-1,ASSLVPEAYHKKF,2
TRBV7-9,TRBJ2-1,ASSLVPEAYHKPF,1
TRBV7-9,TRBJ2-1,ASSLVPEAYHKPI,1
TRBV7-9,TRBJ2-1,ASSLVPEAYHKQC,1
TRBV7-9,TRBJ2-1,ASSLVPEAYHKQF,34
TRBV7-9,TRBJ2-1,ASSLVPEAYHKTC,1
TRBV7-9,TRBJ2-1,ASSLVPEAYHNPF,1
TRBV7-9,TRBJ2-1,ASSLVPEAYHPQF,1
TRBV7-9,TRBJ2-1,ASSLVPEAYHQHF,2
TRBV7-9,TRBJ2-1,ASSLVPEAYHQQF,7
TRBV7-9,TRBJ2-1,ASSLVPEAYHQQL,2
TRBV7-9,TRBJ2-1,ASSLVPEAYHRQC,1
TRBV7-9,TRBJ2-1,ASSLVPEAYHRQF,1
TRBV7-9,TRBJ2-1,ASSLVPEAYHSQF,2
TRBV7-9,TRBJ2-1,ASSLVPEAYHTQF,1
TRBV7-9,TRBJ2-1,ASSLVPEAYHVHF,1
TRBV7-9,TRBJ2-1,ASSLVPEAYHVKF,2
TRBV7-9,TRBJ2-1,ASSLVPEAYHVPF,1
TRBV7-9,TRBJ2-1,ASSLVPEAYHVQF,11
TRBV7-9,TRBJ2-1,ASSLVPEAYHVQL,1
TRBV7-9,TRBJ2-1,ASSLVPEAYHVQV,1
TRBV7-9,TRBJ2-1,ASSLVPEAYHWQC,1
TRBV7-9,TRBJ2-1,ASSLVPEAYHWTS,1
TRBV7-9,TRBJ2-1,ASSLVPEAYHYHF,1
TRBV7-9,TRBJ2-1,ASSLVPEAYHYQF,1
TRBV7-9,TRBJ2-1,ASSLVPEAYHYQV,1
TRBV7-9,TRBJ2-1,ASSLVPEAYIAEF,1
TRBV7-9,TRBJ2-1,ASSLVPEAYIAEV,1
TRBV7-9,TRBJ2-1,ASSLVPEAYIAQC,1
TRBV7-9,TRBJ2-1,ASSLVPEAYIAQF,23
TRBV7-9,TRBJ2-1,ASSLVPEAYIAQL,1
TRBV7-9,TRBJ2-1,ASSLVPEAYIDHF,2
TRBV7-9,TRBJ2-1,ASSLVPEAYIDKF,3
TRBV7-9,TRBJ2-1,ASSLVPEAYIDLF,1
TRBV7-9,TRBJ2-1,ASSLVPEAYIDQC,1
TRBV7-9,TRBJ2-1,ASSLVPEAYIDQF,17
TRBV7-9,TRBJ2-1,ASSLVPEAYIDQV,1
TRBV7-9,TRBJ2-1,ASSLVPEAYIEEC,2
TRBV7-9,TRBJ2-1,ASSLVPEAYIEEF,6
TRBV7-9,TRBJ2-1,ASSLVPEAYIEHF,19
TRBV7-9,TRBJ2-1,ASSLVPEAYIEHV,2
TRBV7-9,TRBJ2-1,ASSLVPEAYIEIF,1
TRBV7-9,TRBJ2-1,ASSLVPEAYIEKC,2
TRBV7-9,TRBJ2-1,ASSLVPEAYIEKF,27
TRBV7-9,TRBJ2-1,ASSLVPEAYIEKV,2
TRBV7-9,TRBJ2-1,ASSLVPEAYIELF,3
TRBV7-9,TRBJ2-1,ASSLVPEAYIEPF,9
TRBV7-9,TRBJ2-1,ASSLVPEAYIEQC,56
TRBV7-9,TRBJ2-1,ASSLVPEAYIEQF,1103
TRBV7-9,TRBJ2-1,ASSLVPEAYIEQI,15
TRBV7-9,TRBJ2-1,ASSLVPEAYIEQL,13
TRBV7-9,TRBJ2-1,ASSLVPEAYIEQN,1
TRBV7-9,TRBJ2-1,ASSLVPEAYIEQS,12
TRBV7-9,TRBJ2-1,ASSLVPEAYIEQV,23
TRBV7-9,TRBJ2-1,ASSLVPEAYIEQW,2
TRBV7-9,TRBJ2-1,ASSLVPEAYIEQY,3
TRBV7-9,TRBJ2-1,ASSLVPEAYIERF,1
TRBV7-9,TRBJ2-1,ASSLVPEAYIERV,1
TRBV7-9,TRBJ2-1,ASSLVPEAYIESF,1
TRBV7-9,TRBJ2-1,ASSLVPEAYIGKF,1
TRBV7-9,TRBJ2-1,ASSLVPEAYIGPF,1
TRBV7-9,TRBJ2-1,ASSLVPEAYIGQC,2
TRBV7-9,TRBJ2-1,ASSLVPEAYIGQF,33
TRBV7-9,TRBJ2-1,ASSLVPEAYIGQS,2
TRBV7-9,TRBJ2-1,ASSLVPEAYIGRF,3
TRBV7-9,TRBJ2-1,ASSLVPEAYIKKF,5
TRBV7-9,TRBJ2-1,ASSLVPEAYIKLI,1
TRBV7-9,TRBJ2-1,ASSLVPEAYIKPF,1
TRBV7-9,TRBJ2-1,ASSLVPEAYIKQC,3
TRBV7-9,TRBJ2-1,ASSLVPEAYIKQF,22
TRBV7-9,TRBJ2-1,ASSLVPEAYIKQI,1
TRBV7-9,TRBJ2-1,ASSLVPEAYILQF,1
TRBV7-9,TRBJ2-1,ASSLVPEAYIMHF,1
TRBV7-9,TRBJ2-1,ASSLVPEAYIMQF,1
TRBV7-9,TRBJ2-1,ASSLVPEAYINQF,2
TRBV7-9,TRBJ2-1,ASSLVPEAYIPQF,1
TRBV7-9,TRBJ2-1,ASSLVPEAYIQQC,2
TRBV7-9,TRBJ2-1,ASSLVPEAYIQQF,4
TRBV7-9,TRBJ2-1,ASSLVPEAYIRKW,1
TRBV7-9,TRBJ2-1,ASSLVPEAYIRQF,2
TRBV7-9,TRBJ2-1,ASSLVPEAYIRQI,1
TRBV7-9,TRBJ2-1,ASSLVPEAYITHF,1
TRBV7-9,TRBJ2-1,ASSLVPEAYITQF,1
TRBV7-9,TRBJ2-1,ASSLVPEAYIVDF,1
TRBV7-9,TRBJ2-1,ASSLVPEAYIVKF,1
TRBV7-9,TRBJ2-1,ASSLVPEAYIVKV,1
TRBV7-9,TRBJ2-1,ASSLVPEAYIVQF,18
TRBV7-9,TRBJ2-1,ASSLVPEAYIVQI,1
TRBV7-9,TRBJ2-1,ASSLVPEAYIVQV,2
TRBV7-9,TRBJ2-1,ASSLVPEAYIVVF,1
TRBV7-9,TRBJ2-1,ASSLVPEAYIYQF,2
TRBV7-9,TRBJ2-1,ASSLVPEAYKAEF,1
TRBV7-9,TRBJ2-1,ASSLVPEAYKAHF,2
TRBV7-9,TRBJ2-1,ASSLVPEAYKAKC,1
TRBV7-9,TRBJ2-1,ASSLVPEAYKAKF,4
TRBV7-9,TRBJ2-1,ASSLVPEAYKALW,1
TRBV7-9,TRBJ2-1,ASSLVPEAYKAPF,1
TRBV7-9,TRBJ2-1,ASSLVPEAYKAQC,2
TRBV7-9,TRBJ2-1,ASSLVPEAYKAQF,176
TRBV7-9,TRBJ2-1,ASSLVPEAYKAQI,1
TRBV7-9,TRBJ2-1,ASSLVPEAYKAQL,2
TRBV7-9,TRBJ2-1,ASSLVPEAYKAQV,4
TRBV7-9,TRBJ2-1,ASSLVPEAYKAQY,4
TRBV7-9,TRBJ2-1,ASSLVPEAYKCQI,1
TRBV7-9,TRBJ2-1,ASSLVPEAYKDDF,1
TRBV7-9,TRBJ2-1,ASSLVPEAYKDEF,3
TRBV7-9,TRBJ2-1,ASSLVPEAYKDES,1
TRBV7-9,TRBJ2-1,ASSLVPEAYKDHF,2
TRBV7-9,TRBJ2-1,ASSLVPEAYKDKF,5
TRBV7-9,TRBJ2-1,ASSLVPEAYKDLF,2
TRBV7-9,TRBJ2-1,ASSLVPEAYKDPF,2
TRBV7-9,TRBJ2-1,ASSLVPEAYKDQC,1
TRBV7-9,TRBJ2-1,ASSLVPEAYKDQF,153
TRBV7-9,TRBJ2-1,ASSLVPEAYKDQL,1
TRBV7-9,TRBJ2-1,ASSLVPEAYKDQS,2
TRBV7-9,TRBJ2-1,ASSLVPEAYKDQV,3
TRBV7-9,TRBJ2-1,ASSLVPEAYKDQY,1
TRBV7-9,TRBJ2-1,ASSLVPEAYKDRF,1
TRBV7-9,TRBJ2-1,ASSLVPEAYKDWF,1
TRBV7-9,TRBJ2-1,ASSLVPEAYKEAF,1
TRBV7-9,TRBJ2-1,ASSLVPEAYKEEC,1
TRBV7-9,TRBJ2-1,ASSLVPEAYKEEF,61
TRBV7-9,TRBJ2-1,ASSLVPEAYKEEL,1
TRBV7-9,TRBJ2-1,ASSLVPEAYKEES,3
TRBV7-9,TRBJ2-1,ASSLVPEAYKEEV,4
TRBV7-9,TRBJ2-1,ASSLVPEAYKEHC,4
TRBV7-9,TRBJ2-1,ASSLVPEAYKEHF,149
TRBV7-9,TRBJ2-1,ASSLVPEAYKEHG,1
TRBV7-9,TRBJ2-1,ASSLVPEAYKEHI,1
TRBV7-9,TRBJ2-1,ASSLVPEAYKEHL,2
TRBV7-9,TRBJ2-1,ASSLVPEAYKEHS,2
TRBV7-9,TRBJ2-1,ASSLVPEAYKEHV,1
TRBV7-9,TRBJ2-1,ASSLVPEAYKEHY,1
TRBV7-9,TRBJ2-1,ASSLVPEAYKEIF,1
TRBV7-9,TRBJ2-1,ASSLVPEAYKEKC,23
TRBV7-9,TRBJ2-1,ASSLVPEAYKEKF,347
TRBV7-9,TRBJ2-1,ASSLVPEAYKEKI,8
TRBV7-9,TRBJ2-1,ASSLVPEAYKEKL,10
TRBV7-9,TRBJ2-1,ASSLVPEAYKEKS,10
TRBV7-9,TRBJ2-1,ASSLVPEAYKEKV,3
TRBV7-9,TRBJ2-1,ASSLVPEAYKEKY,1
TRBV7-9,TRBJ2-1,ASSLVPEAYKELC,4
TRBV7-9,TRBJ2-1,ASSLVPEAYKELF,37
TRBV7-9,TRBJ2-1,ASSLVPEAYKELL,1
TRBV7-9,TRBJ2-1,ASSLVPEAYKELS,1
TRBV7-9,TRBJ2-1,ASSLVPEAYKELY,2
TRBV7-9,TRBJ2-1,ASSLVPEAYKEMF,3
TRBV7-9,TRBJ2-1,ASSLVPEAYKEML,1
TRBV7-9,TRBJ2-1,ASSLVPEAYKENF,8
TRBV7-9,TRBJ2-1,ASSLVPEAYKEPF,59
TRBV7-9,TRBJ2-1,ASSLVPEAYKEPL,1
TRBV7-9,TRBJ2-1,ASSLVPEAYKEPS,2
TRBV7-9,TRBJ2-1,ASSLVPEAYKEPV,1
TRBV7-9,TRBJ2-1,ASSLVPEAYKEQC,440
TRBV7-9,TRBJ2-1,ASSLVPEAYKEQD,1
TRBV7-9,TRBJ2-1,ASSLVPEAYKEQF,14982
TRBV7-9,TRBJ2-1,ASSLVPEAYKEQG,4
TRBV7-9,TRBJ2-1,ASSLVPEAYKEQH,2
TRBV7-9,TRBJ2-1,ASSLVPEAYKEQI,61
TRBV7-9,TRBJ2-1,ASSLVPEAYKEQL,164
TRBV7-9,TRBJ2-1,ASSLVPEAYKEQM,4
TRBV7-9,TRBJ2-1,ASSLVPEAYKEQS,84
TRBV7-9,TRBJ2-1,ASSLVPEAYKEQT,2
TRBV7-9,TRBJ2-1,ASSLVPEAYKEQV,202
TRBV7-9,TRBJ2-1,ASSLVPEAYKEQW,4
TRBV7-9,TRBJ2-1,ASSLVPEAYKEQY,70
TRBV7-9,TRBJ2-1,ASSLVPEAYKERC,1
TRBV7-9,TRBJ2-1,ASSLVPEAYKERF,40
TRBV7-9,TRBJ2-1,ASSLVPEAYKERL,1
TRBV7-9,TRBJ2-1,ASSLVPEAYKESF,1
TRBV7-9,TRBJ2-1,ASSLVPEAYKETF,6
TRBV7-9,TRBJ2-1,ASSLVPEAYKEWF,1
TRBV7-9,TRBJ2-1,ASSLVPEAYKGAF,1
TRBV7-9,TRBJ2-1,ASSLVPEAYKGCF,1
TRBV7-9,TRBJ2-1,ASSLVPEAYKGEF,5
TRBV7-9,TRBJ2-1,ASSLVPEAYKGEV,1
TRBV7-9,TRBJ2-1,ASSLVPEAYKGHF,4
TRBV7-9,TRBJ2-1,ASSLVPEAYKGHS,1
TRBV7-9,TRBJ2-1,ASSLVPEAYKGKC,3
TRBV7-9,TRBJ2-1,ASSLVPEAYKGKF,11
TRBV7-9,TRBJ2-1,ASSLVPEAYKGKI,1
TRBV7-9,TRBJ2-1,ASSLVPEAYKGLF,2
TRBV7-9,TRBJ2-1,ASSLVPEAYKGPC,1
TRBV7-9,TRBJ2-1,ASSLVPEAYKGPF,1
TRBV7-9,TRBJ2-1,ASSLVPEAYKGQC,22
TRBV7-9,TRBJ2-1,ASSLVPEAYKGQD,1
TRBV7-9,TRBJ2-1,ASSLVPEAYKGQF,274
TRBV7-9,TRBJ2-1,ASSLVPEAYKGQI,3
TRBV7-9,TRBJ2-1,ASSLVPEAYKGQL,6
TRBV7-9,TRBJ2-1,ASSLVPEAYKGQM,1
TRBV7-9,TRBJ2-1,ASSLVPEAYKGQS,3
TRBV7-9,TRBJ2-1,ASSLVPEAYKGQV,1
TRBV7-9,TRBJ2-1,ASSLVPEAYKGQW,1
TRBV7-9,TRBJ2-1,ASSLVPEAYKGQY,1
TRBV7-9,TRBJ2-1,ASSLVPEAYKGRF,2
TRBV7-9,TRBJ2-1,ASSLVPEAYKHQF,1
TRBV7-9,TRBJ2-1,ASSLVPEAYKKHF,3
TRBV7-9,TRBJ2-1,ASSLVPEAYKKKC,1
TRBV7-9,TRBJ2-1,ASSLVPEAYKKKF,20
TRBV7-9,TRBJ2-1,ASSLVPEAYKKKI,1
TRBV7-9,TRBJ2-1,ASSLVPEAYKKQC,4
TRBV7-9,TRBJ2-1,ASSLVPEAYKKQF,143
TRBV7-9,TRBJ2-1,ASSLVPEAYKKQI,4
TRBV7-9,TRBJ2-1,ASSLVPEAYKKQL,3
TRBV7-9,TRBJ2-1,ASSLVPEAYKKQN,1
TRBV7-9,TRBJ2-1,ASSLVPEAYKKQS,1
TRBV7-9,TRBJ2-1,ASSLVPEAYKKQV,2
TRBV7-9,TRBJ2-1,ASSLVPEAYKKRF,2
TRBV7-9,TRBJ2-1,ASSLVPEAYKKYY,1
TRBV7-9,TRBJ2-1,ASSLVPEAYKLKF,1
TRBV7-9,TRBJ2-1,ASSLVPEAYKLKL,1
TRBV7-9,TRBJ2-1,ASSLVPEAYKLQF,8
TRBV7-9,TRBJ2-1,ASSLVPEAYKLRF,1
TRBV7-9,TRBJ2-1,ASSLVPEAYKMKL,2
TRBV7-9,TRBJ2-1,ASSLVPEAYKMQF,3
TRBV7-9,TRBJ2-1,ASSLVPEAYKNQF,5
TRBV7-9,TRBJ2-1,ASSLVPEAYKNRC,1
TRBV7-9,TRBJ2-1,ASSLVPEAYKPQF,1
TRBV7-9,TRBJ2-1,ASSLVPEAYKQKC,1
TRBV7-9,TRBJ2-1,ASSLVPEAYKQKF,1
TRBV7-9,TRBJ2-1,ASSLVPEAYKQKM,1
TRBV7-9,TRBJ2-1,ASSLVPEAYKQPF,2
TRBV7-9,TRBJ2-1,ASSLVPEAYKQQC,2
TRBV7-9,TRBJ2-1,ASSLVPEAYKQQF,69
TRBV7-9,TRBJ2-1,ASSLVPEAYKQQI,1
TRBV7-9,TRBJ2-1,ASSLVPEAYKQQL,2
TRBV7-9,TRBJ2-1,ASSLVPEAYKQQS,2
TRBV7-9,TRBJ2-1,ASSLVPEAYKQQV,1
TRBV7-9,TRBJ2-1,ASSLVPEAYKRHF,1
TRBV7-9,TRBJ2-1,ASSLVPEAYKRKC,1
TRBV7-9,TRBJ2-1,ASSLVPEAYKRLF,1
TRBV7-9,TRBJ2-1,ASSLVPEAYKRQC,1
TRBV7-9,TRBJ2-1,ASSLVPEAYKRQF,13
TRBV7-9,TRBJ2-1,ASSLVPEAYKRQL,1
TRBV7-9,TRBJ2-1,ASSLVPEAYKSHY,1
TRBV7-9,TRBJ2-1,ASSLVPEAYKSQC,1
TRBV7-9,TRBJ2-1,ASSLVPEAYKTQF,1
TRBV7-9,TRBJ2-1,ASSLVPEAYKTQY,1
TRBV7-9,TRBJ2-1,ASSLVPEAYKVHF,2
TRBV7-9,TRBJ2-1,ASSLVPEAYKVKF,10
TRBV7-9,TRBJ2-1,ASSLVPEAYKVKL,1
TRBV7-9,TRBJ2-1,ASSLVPEAYKVKM,1
TRBV7-9,TRBJ2-1,ASSLVPEAYKVLF,2
TRBV7-9,TRBJ2-1,ASSLVPEAYKVPF,1
TRBV7-9,TRBJ2-1,ASSLVPEAYKVQC,2
TRBV7-9,TRBJ2-1,ASSLVPEAYKVQF,165
TRBV7-9,TRBJ2-1,ASSLVPEAYKVQL,8
TRBV7-9,TRBJ2-1,ASSLVPEAYKVQV,2
TRBV7-9,TRBJ2-1,ASSLVPEAYKVQY,2
TRBV7-9,TRBJ2-1,ASSLVPEAYKVRF,4
TRBV7-9,TRBJ2-1,ASSLVPEAYKWPF,1
TRBV7-9,TRBJ2-1,ASSLVPEAYKWQF,3
TRBV7-9,TRBJ2-1,ASSLVPEAYKYQF,8
TRBV7-9,TRBJ2-1,ASSLVPEAYKYQV,2
TRBV7-9,TRBJ2-1,ASSLVPEAYLEKF,2
TRBV7-9,TRBJ2-1,ASSLVPEAYLEPC,1
TRBV7-9,TRBJ2-1,ASSLVPEAYLEQC,2
TRBV7-9,TRBJ2-1,ASSLVPEAYLEQF,11
TRBV7-9,TRBJ2-1,ASSLVPEAYLEQV,2
TRBV7-9,TRBJ2-1,ASSLVPEAYLGQF,1
TRBV7-9,TRBJ2-1,ASSLVPEAYLGQL,1
TRBV7-9,TRBJ2-1,ASSLVPEAYLKQF,2
TRBV7-9,TRBJ2-1,ASSLVPEAYLKQL,1
TRBV7-9,TRBJ2-1,ASSLVPEAYMDQC,1
TRBV7-9,TRBJ2-1,ASSLVPEAYMDQF,1
TRBV7-9,TRBJ2-1,ASSLVPEAYMEEF,1
TRBV7-9,TRBJ2-1,ASSLVPEAYMEKC,1
TRBV7-9,TRBJ2-1,ASSLVPEAYMEKF,3
TRBV7-9,TRBJ2-1,ASSLVPEAYMEKL,1
TRBV7-9,TRBJ2-1,ASSLVPEAYMEQC,3
TRBV7-9,TRBJ2-1,ASSLVPEAYMEQF,57
TRBV7-9,TRBJ2-1,ASSLVPEAYMEQI,2
TRBV7-9,TRBJ2-1,ASSLVPEAYMEQL,2
TRBV7-9,TRBJ2-1,ASSLVPEAYMGKF,1
TRBV7-9,TRBJ2-1,ASSLVPEAYMGQF,3
TRBV7-9,TRBJ2-1,ASSLVPEAYMGQV,1
TRBV7-9,TRBJ2-1,ASSLVPEAYMKQF,3
TRBV7-9,TRBJ2-1,ASSLVPEAYMQQF,1
TRBV7-9,TRBJ2-1,ASSLVPEAYMRQF,1
TRBV7-9,TRBJ2-1,ASSLVPEAYNADC,1
TRBV7-9,TRBJ2-1,ASSLVPEAYNAEC,3
TRBV7-9,TRBJ2-1,ASSLVPEAYNAEF,47
TRBV7-9,TRBJ2-1,ASSLVPEAYNAEV,1
TRBV7-9,TRBJ2-1,ASSLVPEAYNAHC,3
TRBV7-9,TRBJ2-1,ASSLVPEAYNAHF,96
TRBV7-9,TRBJ2-1,ASSLVPEAYNAHI,1
TRBV7-9,TRBJ2-1,ASSLVPEAYNAHL,2
TRBV7-9,TRBJ2-1,ASSLVPEAYNAHS,1
TRBV7-9,TRBJ2-1,ASSLVPEAYNAHV,5
TRBV7-9,TRBJ2-1,ASSLVPEAYNAHY,2
TRBV7-9,TRBJ2-1,ASSLVPEAYNAKC,2
TRBV7-9,TRBJ2-1,ASSLVPEAYNAKF,115
TRBV7-9,TRBJ2-1,ASSLVPEAYNAKV,1
TRBV7-9,TRBJ2-1,ASSLVPEAYNALF,19
TRBV7-9,TRBJ2-1,ASSLVPEAYNALL,2
TRBV7-9,TRBJ2-1,ASSLVPEAYNANF,2
TRBV7-9,TRBJ2-1,ASSLVPEAYNAPC,1
TRBV7-9,TRBJ2-1,ASSLVPEAYNAPF,75
TRBV7-9,TRBJ2-1,ASSLVPEAYNAPL,1
TRBV7-9,TRBJ2-1,ASSLVPEAYNAPV,4
TRBV7-9,TRBJ2-1,ASSLVPEAYNAQC,156
TRBV7-9,TRBJ2-1,ASSLVPEAYNAQF,8017
TRBV7-9,TRBJ2-1,ASSLVPEAYNAQG,1
TRBV7-9,TRBJ2-1,ASSLVPEAYNAQI,18
TRBV7-9,TRBJ2-1,ASSLVPEAYNAQL,68
TRBV7-9,TRBJ2-1,ASSLVPEAYNAQR,1
TRBV7-9,TRBJ2-1,ASSLVPEAYNAQS,25
TRBV7-9,TRBJ2-1,ASSLVPEAYNAQV,110
TRBV7-9,TRBJ2-1,ASSLVPEAYNAQY,37
TRBV7-9,TRBJ2-1,ASSLVPEAYNARF,10
TRBV7-9,TRBJ2-1,ASSLVPEAYNARL,1
TRBV7-9,TRBJ2-1,ASSLVPEAYNARS,1
TRBV7-9,TRBJ2-1,ASSLVPEAYNATF,6
TRBV7-9,TRBJ2-1,ASSLVPEAYNAVF,1
TRBV7-9,TRBJ2-1,ASSLVPEAYNAYF,1
TRBV7-9,TRBJ2-1,ASSLVPEAYNCHF,1
TRBV7-9,TRBJ2-1,ASSLVPEAYNCKF,1
TRBV7-9,TRBJ2-1,ASSLVPEAYNCQC,1
TRBV7-9,TRBJ2-1,ASSLVPEAYNDAF,5
TRBV7-9,TRBJ2-1,ASSLVPEAYNDDF,6
TRBV7-9,TRBJ2-1,ASSLVPEAYNDEC,4
TRBV7-9,TRBJ2-1,ASSLVPEAYNDEF,77
TRBV7-9,TRBJ2-1,ASSLVPEAYNDEI,1
TRBV7-9,TRBJ2-1,ASSLVPEAYNDES,1
TRBV7-9,TRBJ2-1,ASSLVPEAYNDEV,2
TRBV7-9,TRBJ2-1,ASSLVPEAYNDEY,3
TRBV7-9,TRBJ2-1,ASSLVPEAYNDHC,7
TRBV7-9,TRBJ2-1,ASSLVPEAYNDHF,237
TRBV7-9,TRBJ2-1,ASSLVPEAYNDHI,1
TRBV7-9,TRBJ2-1,ASSLVPEAYNDHL,4
TRBV7-9,TRBJ2-1,ASSLVPEAYNDHS,2
TRBV7-9,TRBJ2-1,ASSLVPEAYNDHV,15
TRBV7-9,TRBJ2-1,ASSLVPEAYNDHY,2
TRBV7-9,TRBJ2-1,ASSLVPEAYNDKC,1
TRBV7-9,TRBJ2-1,ASSLVPEAYNDKF,142
TRBV7-9,TRBJ2-1,ASSLVPEAYNDKI,1
TRBV7-9,TRBJ2-1,ASSLVPEAYNDKL,1
TRBV7-9,TRBJ2-1,ASSLVPEAYNDKS,2
TRBV7-9,TRBJ2-1,ASSLVPEAYNDKV,4
TRBV7-9,TRBJ2-1,ASSLVPEAYNDLC,2
TRBV7-9,TRBJ2-1,ASSLVPEAYNDLF,14
TRBV7-9,TRBJ2-1,ASSLVPEAYNDLS,1
TRBV7-9,TRBJ2-1,ASSLVPEAYNDLY,1
TRBV7-9,TRBJ2-1,ASSLVPEAYNDNF,10
TRBV7-9,TRBJ2-1,ASSLVPEAYNDPF,64
TRBV7-9,TRBJ2-1,ASSLVPEAYNDPS,2
TRBV7-9,TRBJ2-1,ASSLVPEAYNDPT,1
TRBV7-9,TRBJ2-1,ASSLVPEAYNDPV,2
TRBV7-9,TRBJ2-1,ASSLVPEAYNDQC,131
TRBV7-9,TRBJ2-1,ASSLVPEAYNDQF,8786
TRBV7-9,TRBJ2-1,ASSLVPEAYNDQG,1
TRBV7-9,TRBJ2-1,ASSLVPEAYNDQI,19
TRBV7-9,TRBJ2-1,ASSLVPEAYNDQL,44
TRBV7-9,TRBJ2-1,ASSLVPEAYNDQP,1
TRBV7-9,TRBJ2-1,ASSLVPEAYNDQS,67
TRBV7-9,TRBJ2-1,ASSLVPEAYNDQT,1
TRBV7-9,TRBJ2-1,ASSLVPEAYNDQV,182
TRBV7-9,TRBJ2-1,ASSLVPEAYNDQW,1
TRBV7-9,TRBJ2-1,ASSLVPEAYNDQY,48
TRBV7-9,TRBJ2-1,ASSLVPEAYNDRC,1
TRBV7-9,TRBJ2-1,ASSLVPEAYNDRF,8
TRBV7-9,TRBJ2-1,ASSLVPEAYNDSF,1
TRBV7-9,TRBJ2-1,ASSLVPEAYNDTF,2
TRBV7-9,TRBJ2-1,ASSLVPEAYNDVF,3
TRBV7-9,TRBJ2-1,ASSLVPEAYNDYF,1
TRBV7-9,TRBJ2-1,ASSLVPEAYNEAF,41
TRBV7-9,TRBJ2-1,ASSLVPEAYNEAL,3
TRBV7-9,TRBJ2-1,ASSLVPEAYNEAV,2
TRBV7-9,TRBJ2-1,ASSLVPEAYNECF,3
TRBV7-9,TRBJ2-1,ASSLVPEAYNEDC,1
TRBV7-9,TRBJ2-1,ASSLVPEAYNEDF,21
TRBV7-9,TRBJ2-1,ASSLVPEAYNEEC,43
TRBV7-9,TRBJ2-1,ASSLVPEAYNEED,1
TRBV7-9,TRBJ2-1,ASSLVPEAYNEEF,2010
TRBV7-9,TRBJ2-1,ASSLVPEAYNEEI,9
TRBV7-9,TRBJ2-1,ASSLVPEAYNEEL,37
TRBV7-9,TRBJ2-1,ASSLVPEAYNEEQF,8
TRBV7-9,TRBJ2-1,ASSLVPEAYNEES,16
TRBV7-9,TRBJ2-1,ASSLVPEAYNEEV,58
TRBV7-9,TRBJ2-1,ASSLVPEAYNEEY,11
TRBV7-9,TRBJ2-1,ASSLVPEAYNEGF,5
TRBV7-9,TRBJ2-1,ASSLVPEAYNEGG,1
TRBV7-9,TRBJ2-1,ASSLVPEAYNEGL,1
TRBV7-9,TRBJ2-1,ASSLVPEAYNEH,3
TRBV7-9,TRBJ2-1,ASSLVPEAYNEHA,1
TRBV7-9,TRBJ2-1,ASSLVPEAYNEHC,61
TRBV7-9,TRBJ2-1,ASSLVPEAYNEHD,2
TRBV7-9,TRBJ2-1,ASSLVPEAYNEHF,7700
TRBV7-9,TRBJ2-1,ASSLVPEAYNEHG,3
TRBV7-9,TRBJ2-1,ASSLVPEAYNEHI,23
TRBV7-9,TRBJ2-1,ASSLVPEAYNEHL,54
TRBV7-9,TRBJ2-1,ASSLVPEAYNEHN,1
TRBV7-9,TRBJ2-1,ASSLVPEAYNEHS,33
TRBV7-9,TRBJ2-1,ASSLVPEAYNEHV,248
TRBV7-9,TRBJ2-1,ASSLVPEAYNEHY,31
TRBV7-9,TRBJ2-1,ASSLVPEAYNEKA,1
TRBV7-9,TRBJ2-1,ASSLVPEAYNEKC,157
TRBV7-9,TRBJ2-1,ASSLVPEAYNEKF,8860
TRBV7-9,TRBJ2-1,ASSLVPEAYNEKG,2
TRBV7-9,TRBJ2-1,ASSLVPEAYNEKI,45
TRBV7-9,TRBJ2-1,ASSLVPEAYNEKL,111
TRBV7-9,TRBJ2-1,ASSLVPEAYNEKM,3
TRBV7-9,TRBJ2-1,ASSLVPEAYNEKQF,1
TRBV7-9,TRBJ2-1,ASSLVPEAYNEKR,1
TRBV7-9,TRBJ2-1,ASSLVPEAYNEKS,55
TRBV7-9,TRBJ2-1,ASSLVPEAYNEKT,1
TRBV7-9,TRBJ2-1,ASSLVPEAYNEKV,111
TRBV7-9,TRBJ2-1,ASSLVPEAYNEKW,5
TRBV7-9,TRBJ2-1,ASSLVPEAYNEKY,22
TRBV7-9,TRBJ2-1,ASSLVPEAYNELC,30
TRBV7-9,TRBJ2-1,ASSLVPEAYNELF,1223
TRBV7-9,TRBJ2-1,ASSLVPEAYNELG,1
TRBV7-9,TRBJ2-1,ASSLVPEAYNELI,1
TRBV7-9,TRBJ2-1,ASSLVPEAYNELL,17
TRBV7-9,TRBJ2-1,ASSLVPEAYNELS,5
TRBV7-9,TRBJ2-1,ASSLVPEAYNELV,6
TRBV7-9,TRBJ2-1,ASSLVPEAYNELY,2
TRBV7-9,TRBJ2-1,ASSLVPEAYNEMC,1
TRBV7-9,TRBJ2-1,ASSLVPEAYNEMF,19
TRBV7-9,TRBJ2-1,ASSLVPEAYNEMI,1
TRBV7-9,TRBJ2-1,ASSLVPEAYNEML,2
TRBV7-9,TRBJ2-1,ASSLVPEAYNENF,139
TRBV7-9,TRBJ2-1,ASSLVPEAYNENI,1
TRBV7-9,TRBJ2-1,ASSLVPEAYNENL,1
TRBV7-9,TRBJ2-1,ASSLVPEAYNENS,2
TRBV7-9,TRBJ2-1,ASSLVPEAYNENV,4
TRBV7-9,TRBJ2-1,ASSLVPEAYNEPC,31
TRBV7-9,TRBJ2-1,ASSLVPEAYNEPF,3127
TRBV7-9,TRBJ2-1,ASSLVPEAYNEPI,5
TRBV7-9,TRBJ2-1,ASSLVPEAYNEPL,28
TRBV7-9,TRBJ2-1,ASSLVPEAYNEPP,1
TRBV7-9,TRBJ2-1,ASSLVPEAYNEPR,1
TRBV7-9,TRBJ2-1,ASSLVPEAYNEPS,16
TRBV7-9,TRBJ2-1,ASSLVPEAYNEPV,76
TRBV7-9,TRBJ2-1,ASSLVPEAYNEPW,1
TRBV7-9,TRBJ2-1,ASSLVPEAYNEPY,1
TRBV7-9,TRBJ2-1,ASSLVPEAYNEQA,17
TRBV7-9,TRBJ2-1,ASSLVPEAYNEQC,9106
TRBV7-9,TRBJ2-1,ASSLVPEAYNEQD,23
TRBV7-9,TRBJ2-1,ASSLVPEAYNEQE,2
TRBV7-9,TRBJ2-1,ASSLVPEAYNEQF,835235
TRBV7-9,TRBJ2-1,ASSLVPEAYNEQG,90
TRBV7-9,TRBJ2-1,ASSLVPEAYNEQH,7
TRBV7-9,TRBJ2-1,ASSLVPEAYNEQI,1349
TRBV7-9,TRBJ2-1,ASSLVPEAYNEQK,1
TRBV7-9,TRBJ2-1,ASSLVPEAYNEQL,5503
TRBV7-9,TRBJ2-1,ASSLVPEAYNEQM,11
TRBV7-9,TRBJ2-1,ASSLVPEAYNEQN,3
TRBV7-9,TRBJ2-1,ASSLVPEAYNEQP,6
TRBV7-9,TRBJ2-1,ASSLVPEAYNEQR,18
TRBV7-9,TRBJ2-1,ASSLVPEAYNEQS,2352
TRBV7-9,TRBJ2-1,ASSLVPEAYNEQT,20
TRBV7-9,TRBJ2-1,ASSLVPEAYNEQV,7755
TRBV7-9,TRBJ2-1,ASSLVPEAYNEQW,26
TRBV7-9,TRBJ2-1,ASSLVPEAYNEQY,2245
TRBV7-9,TRBJ2-1,ASSLVPEAYNERC,24
TRBV7-9,TRBJ2-1,ASSLVPEAYNERD,1
TRBV7-9,TRBJ2-1,ASSLVPEAYNERF,1164
TRBV7-9,TRBJ2-1,ASSLVPEAYNERI,3
TRBV7-9,TRBJ2-1,ASSLVPEAYNERL,17
TRBV7-9,TRBJ2-1,ASSLVPEAYNERS,9
TRBV7-9,TRBJ2-1,ASSLVPEAYNERV,14
TRBV7-9,TRBJ2-1,ASSLVPEAYNESF,6
TRBV7-9,TRBJ2-1,ASSLVPEAYNESS,1
TRBV7-9,TRBJ2-1,ASSLVPEAYNETC,4
TRBV7-9,TRBJ2-1,ASSLVPEAYNETF,162
TRBV7-9,TRBJ2-1,ASSLVPEAYNETI,1
TRBV7-9,TRBJ2-1,ASSLVPEAYNETL,2
TRBV7-9,TRBJ2-1,ASSLVPEAYNETV,5
TRBV7-9,TRBJ2-1,ASSLVPEAYNEVF,12
TRBV7-9,TRBJ2-1,ASSLVPEAYNEVL,1
TRBV7-9,TRBJ2-1,ASSLVPEAYNEVV,1
TRBV7-9,TRBJ2-1,ASSLVPEAYNEWF,12
TRBV7-9,TRBJ2-1,ASSLVPEAYNEWG,1
TRBV7-9,TRBJ2-1,ASSLVPEAYNEYC,1
TRBV7-9,TRBJ2-1,ASSLVPEAYNEYF,39
TRBV7-9,TRBJ2-1,ASSLVPEAYNEYL,2
TRBV7-9,TRBJ2-1,ASSLVPEAYNEYS,1
TRBV7-9,TRBJ2-1,ASSLVPEAYNEYV,2
TRBV7-9,TRBJ2-1,ASSLVPEAYNEYY,1
TRBV7-9,TRBJ2-1,ASSLVPEAYNFQF,1
TRBV7-9,TRBJ2-1,ASSLVPEAYNGAF,5
TRBV7-9,TRBJ2-1,ASSLVPEAYNGAI,1
TRBV7-9,TRBJ2-1,ASSLVPEAYNGDF,1
TRBV7-9,TRBJ2-1,ASSLVPEAYNGEC,2
TRBV7-9,TRBJ2-1,ASSLVPEAYNGEF,65
TRBV7-9,TRBJ2-1,ASSLVPEAYNGEL,4
TRBV7-9,TRBJ2-1,ASSLVPEAYNGES,3
TRBV7-9,TRBJ2-1,ASSLVPEAYNGEV,2
TRBV7-9,TRBJ2-1,ASSLVPEAYNGGC,1
TRBV7-9,TRBJ2-1,ASSLVPEAYNGHC,2
TRBV7-9,TRBJ2-1,ASSLVPEAYNGHF,60
TRBV7-9,TRBJ2-1,ASSLVPEAYNGHI,1
TRBV7-9,TRBJ2-1,ASSLVPEAYNGHL,1
TRBV7-9,TRBJ2-1,ASSLVPEAYNGHS,2
TRBV7-9,TRBJ2-1,ASSLVPEAYNGHV,1
TRBV7-9,TRBJ2-1,ASSLVPEAYNGKC,7
TRBV7-9,TRBJ2-1,ASSLVPEAYNGKF,129
TRBV7-9,TRBJ2-1,ASSLVPEAYNGKI,2
TRBV7-9,TRBJ2-1,ASSLVPEAYNGKL,3
TRBV7-9,TRBJ2-1,ASSLVPEAYNGKS,2
TRBV7-9,TRBJ2-1,ASSLVPEAYNGLC,2
TRBV7-9,TRBJ2-1,ASSLVPEAYNGLF,19
TRBV7-9,TRBJ2-1,ASSLVPEAYNGLL,1
TRBV7-9,TRBJ2-1,ASSLVPEAYNGMF,2
TRBV7-9,TRBJ2-1,ASSLVPEAYNGNF,3
TRBV7-9,TRBJ2-1,ASSLVPEAYNGPC,4
TRBV7-9,TRBJ2-1,ASSLVPEAYNGPF,38
TRBV7-9,TRBJ2-1,ASSLVPEAYNGPV,2
TRBV7-9,TRBJ2-1,ASSLVPEAYNGQC,155
TRBV7-9,TRBJ2-1,ASSLVPEAYNGQF,5702
TRBV7-9,TRBJ2-1,ASSLVPEAYNGQG,4
TRBV7-9,TRBJ2-1,ASSLVPEAYNGQI,32
TRBV7-9,TRBJ2-1,ASSLVPEAYNGQL,77
TRBV7-9,TRBJ2-1,ASSLVPEAYNGQP,1
TRBV7-9,TRBJ2-1,ASSLVPEAYNGQS,48
TRBV7-9,TRBJ2-1,ASSLVPEAYNGQT,1
TRBV7-9,TRBJ2-1,ASSLVPEAYNGQV,68
TRBV7-9,TRBJ2-1,ASSLVPEAYNGQW,4
TRBV7-9,TRBJ2-1,ASSLVPEAYNGQY,17
TRBV7-9,TRBJ2-1,ASSLVPEAYNGRC,3
TRBV7-9,TRBJ2-1,ASSLVPEAYNGRF,45
TRBV7-9,TRBJ2-1,ASSLVPEAYNGRI,1
TRBV7-9,TRBJ2-1,ASSLVPEAYNGRS,2
TRBV7-9,TRBJ2-1,ASSLVPEAYNGSF,2
TRBV7-9,TRBJ2-1,ASSLVPEAYNGTF,1
TRBV7-9,TRBJ2-1,ASSLVPEAYNGVF,2
TRBV7-9,TRBJ2-1,ASSLVPEAYNGWF,2
TRBV7-9,TRBJ2-1,ASSLVPEAYNGYF,1
TRBV7-9,TRBJ2-1,ASSLVPEAYNHHF,1
TRBV7-9,TRBJ2-1,ASSLVPEAYNHPF,1
TRBV7-9,TRBJ2-1,ASSLVPEAYNHQF,21
TRBV7-9,TRBJ2-1,ASSLVPEAYNHQI,1
TRBV7-9,TRBJ2-1,ASSLVPEAYNHQS,1
TRBV7-9,TRBJ2-1,ASSLVPEAYNHRF,1
TRBV7-9,TRBJ2-1,ASSLVPEAYNIQF,2
TRBV7-9,TRBJ2-1,ASSLVPEAYNKDF,3
TRBV7-9,TRBJ2-1,ASSLVPEAYNKEF,10
TRBV7-9,TRBJ2-1,ASSLVPEAYNKEL,1
TRBV7-9,TRBJ2-1,ASSLVPEAYNKES,1
TRBV7-9,TRBJ2-1,ASSLVPEAYNKHF,65
TRBV7-9,TRBJ2-1,ASSLVPEAYNKHL,1
TRBV7-9,TRBJ2-1,ASSLVPEAYNKHV,3
TRBV7-9,TRBJ2-1,ASSLVPEAYNKKC,4
TRBV7-9,TRBJ2-1,ASSLVPEAYNKKF,138
TRBV7-9,TRBJ2-1,ASSLVPEAYNKKL,1
TRBV7-9,TRBJ2-1,ASSLVPEAYNKKS,3
TRBV7-9,TRBJ2-1,ASSLVPEAYNKKV,4
TRBV7-9,TRBJ2-1,ASSLVPEAYNKLC,2
TRBV7-9,TRBJ2-1,ASSLVPEAYNKLF,11
TRBV7-9,TRBJ2-1,ASSLVPEAYNKLV,1
TRBV7-9,TRBJ2-1,ASSLVPEAYNKNC,1
TRBV7-9,TRBJ2-1,ASSLVPEAYNKNF,5
TRBV7-9,TRBJ2-1,ASSLVPEAYNKPC,1
TRBV7-9,TRBJ2-1,ASSLVPEAYNKPF,28
TRBV7-9,TRBJ2-1,ASSLVPEAYNKQC,83
TRBV7-9,TRBJ2-1,ASSLVPEAYNKQF,3622
TRBV7-9,TRBJ2-1,ASSLVPEAYNKQI,12
TRBV7-9,TRBJ2-1,ASSLVPEAYNKQL,26
TRBV7-9,TRBJ2-1,ASSLVPEAYNKQN,1
TRBV7-9,TRBJ2-1,ASSLVPEAYNKQS,24
TRBV7-9,TRBJ2-1,ASSLVPEAYNKQV,57
TRBV7-9,TRBJ2-1,ASSLVPEAYNKQW,1
TRBV7-9,TRBJ2-1,ASSLVPEAYNKQY,28
TRBV7-9,TRBJ2-1,ASSLVPEAYNKRF,10
TRBV7-9,TRBJ2-1,ASSLVPEAYNKRL,2
TRBV7-9,TRBJ2-1,ASSLVPEAYNKYF,2
TRBV7-9,TRBJ2-1,ASSLVPEAYNLHF,1
TRBV7-9,TRBJ2-1,ASSLVPEAYNLKF,2
TRBV7-9,TRBJ2-1,ASSLVPEAYNLLF,1
TRBV7-9,TRBJ2-1,ASSLVPEAYNLQC,1
TRBV7-9,TRBJ2-1,ASSLVPEAYNLQF,56
TRBV7-9,TRBJ2-1,ASSLVPEAYNLQL,2
TRBV7-9,TRBJ2-1,ASSLVPEAYNLQV,1
TRBV7-9,TRBJ2-1,ASSLVPEAYNMEF,1
TRBV7-9,TRBJ2-1,ASSLVPEAYNMHF,3
TRBV7-9,TRBJ2-1,ASSLVPEAYNMKC,1
TRBV7-9,TRBJ2-1,ASSLVPEAYNMKF,3
TRBV7-9,TRBJ2-1,ASSLVPEAYNMKV,1
TRBV7-9,TRBJ2-1,ASSLVPEAYNMPF,1
TRBV7-9,TRBJ2-1,ASSLVPEAYNMQF,45
TRBV7-9,TRBJ2-1,ASSLVPEAYNMQL,1
TRBV7-9,TRBJ2-1,ASSLVPEAYNMQV,2
TRBV7-9,TRBJ2-1,ASSLVPEAYNMRF,1
TRBV7-9,TRBJ2-1,ASSLVPEAYNMTF,1
TRBV7-9,TRBJ2-1,ASSLVPEAYNNEF,2
TRBV7-9,TRBJ2-1,ASSLVPEAYNNHF,3
TRBV7-9,TRBJ2-1,ASSLVPEAYNNKF,2
TRBV7-9,TRBJ2-1,ASSLVPEAYNNLF,1
TRBV7-9,TRBJ2-1,ASSLVPEAYNNNF,1
TRBV7-9,TRBJ2-1,ASSLVPEAYNNPV,1
TRBV7-9,TRBJ2-1,ASSLVPEAYNNQC,2
TRBV7-9,TRBJ2-1,ASSLVPEAYNNQF,67
TRBV7-9,TRBJ2-1,ASSLVPEAYNNQI,2
TRBV7-9,TRBJ2-1,ASSLVPEAYNNQL,2
TRBV7-9,TRBJ2-1,ASSLVPEAYNNQS,1
TRBV7-9,TRBJ2-1,ASSLVPEAYNNQV,4
TRBV7-9,TRBJ2-1,ASSLVPEAYNPEY,1
TRBV7-9,TRBJ2-1,ASSLVPEAYNPQF,16
TRBV7-9,TRBJ2-1,ASSLVPEAYNPQL,3
TRBV7-9,TRBJ2-1,ASSLVPEAYNQEF,4
TRBV7-9,TRBJ2-1,ASSLVPEAYNQHC,1
TRBV7-9,TRBJ2-1,ASSLVPEAYNQHF,23
TRBV7-9,TRBJ2-1,ASSLVPEAYNQKF,38
TRBV7-9,TRBJ2-1,ASSLVPEAYNQKI,1
TRBV7-9,TRBJ2-1,ASSLVPEAYNQKL,2
TRBV7-9,TRBJ2-1,ASSLVPEAYNQKS,2
TRBV7-9,TRBJ2-1,ASSLVPEAYNQLF,2
TRBV7-9,TRBJ2-1,ASSLVPEAYNQNF,1
TRBV7-9,TRBJ2-1,ASSLVPEAYNQPF,5
TRBV7-9,TRBJ2-1,ASSLVPEAYNQPV,1
TRBV7-9,TRBJ2-1,ASSLVPEAYNQQC,13
TRBV7-9,TRBJ2-1,ASSLVPEAYNQQF,1685
TRBV7-9,TRBJ2-1,ASSLVPEAYNQQI,3
TRBV7-9,TRBJ2-1,ASSLVPEAYNQQL,24
TRBV7-9,TRBJ2-1,ASSLVPEAYNQQM,1
TRBV7-9,TRBJ2-1,ASSLVPEAYNQQS,8
TRBV7-9,TRBJ2-1,ASSLVPEAYNQQV,12
TRBV7-9,TRBJ2-1,ASSLVPEAYNQQY,3
TRBV7-9,TRBJ2-1,ASSLVPEAYNQRF,3
TRBV7-9,TRBJ2-1,ASSLVPEAYNQRS,1
TRBV7-9,TRBJ2-1,ASSLVPEAYNQTF,1
TRBV7-9,TRBJ2-1,ASSLVPEAYNREF,1
TRBV7-9,TRBJ2-1,ASSLVPEAYNRHF,4
TRBV7-9,TRBJ2-1,ASSLVPEAYNRKF,8
TRBV7-9,TRBJ2-1,ASSLVPEAYNRLF,1
TRBV7-9,TRBJ2-1,ASSLVPEAYNRMF,2
TRBV7-9,TRBJ2-1,ASSLVPEAYNRPF,1
TRBV7-9,TRBJ2-1,ASSLVPEAYNRQC,1
TRBV7-9,TRBJ2-1,ASSLVPEAYNRQF,105
TRBV7-9,TRBJ2-1,ASSLVPEAYNRQI,3
TRBV7-9,TRBJ2-1,ASSLVPEAYNRQL,3
TRBV7-9,TRBJ2-1,ASSLVPEAYNRQS,2
TRBV7-9,TRBJ2-1,ASSLVPEAYNRRF,1
TRBV7-9,TRBJ2-1,ASSLVPEAYNRWF,1
TRBV7-9,TRBJ2-1,ASSLVPEAYNSHF,2
TRBV7-9,TRBJ2-1,ASSLVPEAYNSLF,2
TRBV7-9,TRBJ2-1,ASSLVPEAYNSQC,3
TRBV7-9,TRBJ2-1,ASSLVPEAYNSQF,42
TRBV7-9,TRBJ2-1,ASSLVPEAYNSQL,2
TRBV7-9,TRBJ2-1,ASSLVPEAYNSQS,1
TRBV7-9,TRBJ2-1,ASSLVPEAYNTEF,1
TRBV7-9,TRBJ2-1,ASSLVPEAYNTHF,6
TRBV7-9,TRBJ2-1,ASSLVPEAYNTKF,1
TRBV7-9,TRBJ2-1,ASSLVPEAYNTPF,1
TRBV7-9,TRBJ2-1,ASSLVPEAYNTQC,4
TRBV7-9,TRBJ2-1,ASSLVPEAYNTQF,103
TRBV7-9,TRBJ2-1,ASSLVPEAYNTQG,1
TRBV7-9,TRBJ2-1,ASSLVPEAYNTQS,2
TRBV7-9,TRBJ2-1,ASSLVPEAYNTQV,1
TRBV7-9,TRBJ2-1,ASSLVPEAYNTQY,2
TRBV7-9,TRBJ2-1,ASSLVPEAYNTRF,1
TRBV7-9,TRBJ2-1,ASSLVPEAYNVEC,2
TRBV7-9,TRBJ2-1,ASSLVPEAYNVEF,8
TRBV7-9,TRBJ2-1,ASSLVPEAYNVHC,1
TRBV7-9,TRBJ2-1,ASSLVPEAYNVHF,72
TRBV7-9,TRBJ2-1,ASSLVPEAYNVHL,2
TRBV7-9,TRBJ2-1,ASSLVPEAYNVHV,3
TRBV7-9,TRBJ2-1,ASSLVPEAYNVKA,1
TRBV7-9,TRBJ2-1,ASSLVPEAYNVKC,3
TRBV7-9,TRBJ2-1,ASSLVPEAYNVKF,125
TRBV7-9,TRBJ2-1,ASSLVPEAYNVKI,2
TRBV7-9,TRBJ2-1,ASSLVPEAYNVKL,5
TRBV7-9,TRBJ2-1,ASSLVPEAYNVKV,4
TRBV7-9,TRBJ2-1,ASSLVPEAYNVLC,1
TRBV7-9,TRBJ2-1,ASSLVPEAYNVLF,17
TRBV7-9,TRBJ2-1,ASSLVPEAYNVLL,1
TRBV7-9,TRBJ2-1,ASSLVPEAYNVLV,1
TRBV7-9,TRBJ2-1,ASSLVPEAYNVMF,1
TRBV7-9,TRBJ2-1,ASSLVPEAYNVNF,2
TRBV7-9,TRBJ2-1,ASSLVPEAYNVPF,32
TRBV7-9,TRBJ2-1,ASSLVPEAYNVPL,3
TRBV7-9,TRBJ2-1,ASSLVPEAYNVPV,1
TRBV7-9,TRBJ2-1,ASSLVPEAYNVQA,2
TRBV7-9,TRBJ2-1,ASSLVPEAYNVQC,37
TRBV7-9,TRBJ2-1,ASSLVPEAYNVQF,4380
TRBV7-9,TRBJ2-1,ASSLVPEAYNVQI,15
TRBV7-9,TRBJ2-1,ASSLVPEAYNVQL,71
TRBV7-9,TRBJ2-1,ASSLVPEAYNVQS,17
TRBV7-9,TRBJ2-1,ASSLVPEAYNVQV,69
TRBV7-9,TRBJ2-1,ASSLVPEAYNVQY,7
TRBV7-9,TRBJ2-1,ASSLVPEAYNVRF,21
TRBV7-9,TRBJ2-1,ASSLVPEAYNVRL,2
TRBV7-9,TRBJ2-1,ASSLVPEAYNVRS,2
TRBV7-9,TRBJ2-1,ASSLVPEAYNVSF,2
TRBV7-9,TRBJ2-1,ASSLVPEAYNVTF,4
TRBV7-9,TRBJ2-1,ASSLVPEAYNVTI,1
TRBV7-9,TRBJ2-1,ASSLVPEAYNVTY,1
TRBV7-9,TRBJ2-1,ASSLVPEAYNVVF,1
TRBV7-9,TRBJ2-1,ASSLVPEAYNVYF,2
TRBV7-9,TRBJ2-1,ASSLVPEAYNWEC,1
TRBV7-9,TRBJ2-1,ASSLVPEAYNWEF,3
TRBV7-9,TRBJ2-1,ASSLVPEAYNWKV,1
TRBV7-9,TRBJ2-1,ASSLVPEAYNWPF,2
TRBV7-9,TRBJ2-1,ASSLVPEAYNWQC,2
TRBV7-9,TRBJ2-1,ASSLVPEAYNWQF,88
TRBV7-9,TRBJ2-1,ASSLVPEAYNWQL,3
TRBV7-9,TRBJ2-1,ASSLVPEAYNWQV,1
TRBV7-9,TRBJ2-1,ASSLVPEAYNYEF,2
TRBV7-9,TRBJ2-1,ASSLVPEAYNYEI,1
TRBV7-9,TRBJ2-1,ASSLVPEAYNYHF,2
TRBV7-9,TRBJ2-1,ASSLVPEAYNYKF,2
TRBV7-9,TRBJ2-1,ASSLVPEAYNYLF,3
TRBV7-9,TRBJ2-1,ASSLVPEAYNYPL,1
TRBV7-9,TRBJ2-1,ASSLVPEAYNYQC,5
TRBV7-9,TRBJ2-1,ASSLVPEAYNYQF,106
TRBV7-9,TRBJ2-1,ASSLVPEAYNYQL,1
TRBV7-9,TRBJ2-1,ASSLVPEAYNYQV,2
TRBV7-9,TRBJ2-1,ASSLVPEAYPAPF,2
TRBV7-9,TRBJ2-1,ASSLVPEAYPAQF,3
TRBV7-9,TRBJ2-1,ASSLVPEAYPEPF,1
TRBV7-9,TRBJ2-1,ASSLVPEAYPEQC,1
TRBV7-9,TRBJ2-1,ASSLVPEAYPEQF,23
TRBV7-9,TRBJ2-1,ASSLVPEAYPEQG,1
TRBV7-9,TRBJ2-1,ASSLVPEAYPEQL,3
TRBV7-9,TRBJ2-1,ASSLVPEAYPETF,1
TRBV7-9,TRBJ2-1,ASSLVPEAYPGQF,1
TRBV7-9,TRBJ2-1,ASSLVPEAYPVQF,1
TRBV7-9,TRBJ2-1,ASSLVPEAYQAQF,2
TRBV7-9,TRBJ2-1,ASSLVPEAYQAQV,1
TRBV7-9,TRBJ2-1,ASSLVPEAYQAQY,1
TRBV7-9,TRBJ2-1,ASSLVPEAYQEDF,1
TRBV7-9,TRBJ2-1,ASSLVPEAYQEEF,1
TRBV7-9,TRBJ2-1,ASSLVPEAYQEKC,4
TRBV7-9,TRBJ2-1,ASSLVPEAYQEKF,2
TRBV7-9,TRBJ2-1,ASSLVPEAYQELF,2
TRBV7-9,TRBJ2-1,ASSLVPEAYQELI,1
TRBV7-9,TRBJ2-1,ASSLVPEAYQEPL,1
TRBV7-9,TRBJ2-1,ASSLVPEAYQEQC,13
TRBV7-9,TRBJ2-1,ASSLVPEAYQEQF,156
TRBV7-9,TRBJ2-1,ASSLVPEAYQEQI,2
TRBV7-9,TRBJ2-1,ASSLVPEAYQEQL,2
TRBV7-9,TRBJ2-1,ASSLVPEAYQEQR,1
TRBV7-9,TRBJ2-1,ASSLVPEAYQEQV,7
TRBV7-9,TRBJ2-1,ASSLVPEAYQEQY,3
TRBV7-9,TRBJ2-1,ASSLVPEAYQGKF,1
TRBV7-9,TRBJ2-1,ASSLVPEAYQGQF,13
TRBV7-9,TRBJ2-1,ASSLVPEAYQGQL,1
TRBV7-9,TRBJ2-1,ASSLVPEAYQKKC,1
TRBV7-9,TRBJ2-1,ASSLVPEAYQKQF,3
TRBV7-9,TRBJ2-1,ASSLVPEAYQQQF,1
TRBV7-9,TRBJ2-1,ASSLVPEAYRAQF,1
TRBV7-9,TRBJ2-1,ASSLVPEAYREEF,1
TRBV7-9,TRBJ2-1,ASSLVPEAYREHS,1
TRBV7-9,TRBJ2-1,ASSLVPEAYREKF,7
TRBV7-9,TRBJ2-1,ASSLVPEAYREKL,1
TRBV7-9,TRBJ2-1,ASSLVPEAYRELF,1
TRBV7-9,TRBJ2-1,ASSLVPEAYREPF,1
TRBV7-9,TRBJ2-1,ASSLVPEAYREQF,53
TRBV7-9,TRBJ2-1,ASSLVPEAYREQI,2
TRBV7-9,TRBJ2-1,ASSLVPEAYREQL,1
TRBV7-9,TRBJ2-1,ASSLVPEAYREQS,1
TRBV7-9,TRBJ2-1,ASSLVPEAYREQV,1
TRBV7-9,TRBJ2-1,ASSLVPEAYRERF,1
TRBV7-9,TRBJ2-1,ASSLVPEAYRGQF,2
TRBV7-9,TRBJ2-1,ASSLVPEAYRGQS,1
TRBV7-9,TRBJ2-1,ASSLVPEAYRVQF,2
TRBV7-9,TRBJ2-1,ASSLVPEAYRWQF,1
TRBV7-9,TRBJ2-1,ASSLVPEAYSAKF,2
TRBV7-9,TRBJ2-1,ASSLVPEAYSAQC,2
TRBV7-9,TRBJ2-1,ASSLVPEAYSAQF,25
TRBV7-9,TRBJ2-1,ASSLVPEAYSDEF,1
TRBV7-9,TRBJ2-1,ASSLVPEAYSDHF,1
TRBV7-9,TRBJ2-1,ASSLVPEAYSDKF,1
TRBV7-9,TRBJ2-1,ASSLVPEAYSDQF,25
TRBV7-9,TRBJ2-1,ASSLVPEAYSDQI,1
TRBV7-9,TRBJ2-1,ASSLVPEAYSDQL,1
TRBV7-9,TRBJ2-1,ASSLVPEAYSDQS,1
TRBV7-9,TRBJ2-1,ASSLVPEAYSEAF,1
TRBV7-9,TRBJ2-1,ASSLVPEAYSEDD,1
TRBV7-9,TRBJ2-1,ASSLVPEAYSEEC,1
TRBV7-9,TRBJ2-1,ASSLVPEAYSEEF,22
TRBV7-9,TRBJ2-1,ASSLVPEAYSEHC,1
TRBV7-9,TRBJ2-1,ASSLVPEAYSEHF,19
TRBV7-9,TRBJ2-1,ASSLVPEAYSEHL,1
TRBV7-9,TRBJ2-1,ASSLVPEAYSEKF,48
TRBV7-9,TRBJ2-1,ASSLVPEAYSEKI,1
TRBV7-9,TRBJ2-1,ASSLVPEAYSEKL,2
TRBV7-9,TRBJ2-1,ASSLVPEAYSEKS,3
TRBV7-9,TRBJ2-1,ASSLVPEAYSEKV,2
TRBV7-9,TRBJ2-1,ASSLVPEAYSELF,6
TRBV7-9,TRBJ2-1,ASSLVPEAYSELL,1
TRBV7-9,TRBJ2-1,ASSLVPEAYSEMF,1
TRBV7-9,TRBJ2-1,ASSLVPEAYSEPC,1
TRBV7-9,TRBJ2-1,ASSLVPEAYSEPF,4
TRBV7-9,TRBJ2-1,ASSLVPEAYSEPI,1
TRBV7-9,TRBJ2-1,ASSLVPEAYSEPS,3
TRBV7-9,TRBJ2-1,ASSLVPEAYSEQC,25
TRBV7-9,TRBJ2-1,ASSLVPEAYSEQF,1740
TRBV7-9,TRBJ2-1,ASSLVPEAYSEQG,2
TRBV7-9,TRBJ2-1,ASSLVPEAYSEQI,7
TRBV7-9,TRBJ2-1,ASSLVPEAYSEQL,32
TRBV7-9,TRBJ2-1,ASSLVPEAYSEQS,13
TRBV7-9,TRBJ2-1,ASSLVPEAYSEQT,1
TRBV7-9,TRBJ2-1,ASSLVPEAYSEQV,33
TRBV7-9,TRBJ2-1,ASSLVPEAYSEQW,1
TRBV7-9,TRBJ2-1,ASSLVPEAYSEQY,4
TRBV7-9,TRBJ2-1,ASSLVPEAYSERF,11
TRBV7-9,TRBJ2-1,ASSLVPEAYSERL,1
TRBV7-9,TRBJ2-1,ASSLVPEAYSETF,1
TRBV7-9,TRBJ2-1,ASSLVPEAYSEWL,1
TRBV7-9,TRBJ2-1,ASSLVPEAYSGEF,4
TRBV7-9,TRBJ2-1,ASSLVPEAYSGLC,1
TRBV7-9,TRBJ2-1,ASSLVPEAYSGLV,1
TRBV7-9,TRBJ2-1,ASSLVPEAYSGQF,55
TRBV7-9,TRBJ2-1,ASSLVPEAYSGQI,2
TRBV7-9,TRBJ2-1,ASSLVPEAYSGQL,2
TRBV7-9,TRBJ2-1,ASSLVPEAYSGQS,2
TRBV7-9,TRBJ2-1,ASSLVPEAYSGQT,1
TRBV7-9,TRBJ2-1,ASSLVPEAYSGQV,2
TRBV7-9,TRBJ2-1,ASSLVPEAYSGRF,1
TRBV7-9,TRBJ2-1,ASSLVPEAYSGWF,1
TRBV7-9,TRBJ2-1,ASSLVPEAYSKHF,1
TRBV7-9,TRBJ2-1,ASSLVPEAYSKLF,1
TRBV7-9,TRBJ2-1,ASSLVPEAYSKPF,1
TRBV7-9,TRBJ2-1,ASSLVPEAYSKQF,14
TRBV7-9,TRBJ2-1,ASSLVPEAYSKQL,1
TRBV7-9,TRBJ2-1,ASSLVPEAYSLKC,1
TRBV7-9,TRBJ2-1,ASSLVPEAYSLQF,1
TRBV7-9,TRBJ2-1,ASSLVPEAYSLRL,1
TRBV7-9,TRBJ2-1,ASSLVPEAYSMQF,1
TRBV7-9,TRBJ2-1,ASSLVPEAYSMQS,1
TRBV7-9,TRBJ2-1,ASSLVPEAYSNQF,1
TRBV7-9,TRBJ2-1,ASSLVPEAYSQQF,7
TRBV7-9,TRBJ2-1,ASSLVPEAYSQQL,1
TRBV7-9,TRBJ2-1,ASSLVPEAYSRQF,1
TRBV7-9,TRBJ2-1,ASSLVPEAYSSQF,1
TRBV7-9,TRBJ2-1,ASSLVPEAYSTPF,1
TRBV7-9,TRBJ2-1,ASSLVPEAYSTQF,1
TRBV7-9,TRBJ2-1,ASSLVPEAYSVKF,3
TRBV7-9,TRBJ2-1,ASSLVPEAYSVLL,1
TRBV7-9,TRBJ2-1,ASSLVPEAYSVQF,46
TRBV7-9,TRBJ2-1,ASSLVPEAYSVQL,4
TRBV7-9,TRBJ2-1,ASSLVPEAYSVQS,2
TRBV7-9,TRBJ2-1,ASSLVPEAYSVRF,4
TRBV7-9,TRBJ2-1,ASSLVPEAYSYQF,1
TRBV7-9,TRBJ2-1,ASSLVPEAYTAEF,1
TRBV7-9,TRBJ2-1,ASSLVPEAYTAHF,1
TRBV7-9,TRBJ2-1,ASSLVPEAYTAHV,1
TRBV7-9,TRBJ2-1,ASSLVPEAYTAHY,1
TRBV7-9,TRBJ2-1,ASSLVPEAYTAKF,3
TRBV7-9,TRBJ2-1,ASSLVPEAYTAKL,1
TRBV7-9,TRBJ2-1,ASSLVPEAYTAPF,5
TRBV7-9,TRBJ2-1,ASSLVPEAYTAQC,2
TRBV7-9,TRBJ2-1,ASSLVPEAYTAQF,99
TRBV7-9,TRBJ2-1,ASSLVPEAYTAQL,2
TRBV7-9,TRBJ2-1,ASSLVPEAYTAQV,1
TRBV7-9,TRBJ2-1,ASSLVPEAYTAQY,1
TRBV7-9,TRBJ2-1,ASSLVPEAYTARF,1
TRBV7-9,TRBJ2-1,ASSLVPEAYTAYF,1
TRBV7-9,TRBJ2-1,ASSLVPEAYTDHF,1
TRBV7-9,TRBJ2-1,ASSLVPEAYTDKF,1
TRBV7-9,TRBJ2-1,ASSLVPEAYTDLF,1
TRBV7-9,TRBJ2-1,ASSLVPEAYTDQC,4
TRBV7-9,TRBJ2-1,ASSLVPEAYTDQF,54
TRBV7-9,TRBJ2-1,ASSLVPEAYTDQV,3
TRBV7-9,TRBJ2-1,ASSLVPEAYTDQY,1
TRBV7-9,TRBJ2-1,ASSLVPEAYTEAF,1
TRBV7-9,TRBJ2-1,ASSLVPEAYTEEF,14
TRBV7-9,TRBJ2-1,ASSLVPEAYTEES,1
TRBV7-9,TRBJ2-1,ASSLVPEAYTEEV,1
TRBV7-9,TRBJ2-1,ASSLVPEAYTEHF,88
TRBV7-9,TRBJ2-1,ASSLVPEAYTEHG,1
TRBV7-9,TRBJ2-1,ASSLVPEAYTEHL,1
TRBV7-9,TRBJ2-1,ASSLVPEAYTEHS,2
TRBV7-9,TRBJ2-1,ASSLVPEAYTEHV,5
TRBV7-9,TRBJ2-1,ASSLVPEAYTEKC,8
TRBV7-9,TRBJ2-1,ASSLVPEAYTEKF,72
TRBV7-9,TRBJ2-1,ASSLVPEAYTEKL,4
TRBV7-9,TRBJ2-1,ASSLVPEAYTEKS,1
TRBV7-9,TRBJ2-1,ASSLVPEAYTEKY,1
TRBV7-9,TRBJ2-1,ASSLVPEAYTELC,1
TRBV7-9,TRBJ2-1,ASSLVPEAYTELF,13
TRBV7-9,TRBJ2-1,ASSLVPEAYTENF,1
TRBV7-9,TRBJ2-1,ASSLVPEAYTEPF,20
TRBV7-9,TRBJ2-1,ASSLVPEAYTEPL,1
TRBV7-9,TRBJ2-1,ASSLVPEAYTEPS,1
TRBV7-9,TRBJ2-1,ASSLVPEAYTEPV,1
TRBV7-9,TRBJ2-1,ASSLVPEAYTEQC,84
TRBV7-9,TRBJ2-1,ASSLVPEAYTEQF,3876
TRBV7-9,TRBJ2-1,ASSLVPEAYTEQG,2
TRBV7-9,TRBJ2-1,ASSLVPEAYTEQI,5
TRBV7-9,TRBJ2-1,ASSLVPEAYTEQL,64
TRBV7-9,TRBJ2-1,ASSLVPEAYTEQS,26
TRBV7-9,TRBJ2-1,ASSLVPEAYTEQV,63
TRBV7-9,TRBJ2-1,ASSLVPEAYTEQY,20
TRBV7-9,TRBJ2-1,ASSLVPEAYTERF,5
TRBV7-9,TRBJ2-1,ASSLVPEAYTERL,1
TRBV7-9,TRBJ2-1,ASSLVPEAYTESF,1
TRBV7-9,TRBJ2-1,ASSLVPEAYTETF,3
TRBV7-9,TRBJ2-1,ASSLVPEAYTGHF,2
TRBV7-9,TRBJ2-1,ASSLVPEAYTGLL,1
TRBV7-9,TRBJ2-1,ASSLVPEAYTGNF,1
TRBV7-9,TRBJ2-1,ASSLVPEAYTGQC,5
TRBV7-9,TRBJ2-1,ASSLVPEAYTGQF,38
TRBV7-9,TRBJ2-1,ASSLVPEAYTGQS,1
TRBV7-9,TRBJ2-1,ASSLVPEAYTGQV,1
TRBV7-9,TRBJ2-1,ASSLVPEAYTKHF,1
TRBV7-9,TRBJ2-1,ASSLVPEAYTKKF,1
TRBV7-9,TRBJ2-1,ASSLVPEAYTKQC,2
TRBV7-9,TRBJ2-1,ASSLVPEAYTKQF,23
TRBV7-9,TRBJ2-1,ASSLVPEAYTKQL,4
TRBV7-9,TRBJ2-1,ASSLVPEAYTKQV,1
TRBV7-9,TRBJ2-1,ASSLVPEAYTMQF,1
TRBV7-9,TRBJ2-1,ASSLVPEAYTQHF,1
TRBV7-9,TRBJ2-1,ASSLVPEAYTQHL,1
TRBV7-9,TRBJ2-1,ASSLVPEAYTQLF,1
TRBV7-9,TRBJ2-1,ASSLVPEAYTQPF,1
TRBV7-9,TRBJ2-1,ASSLVPEAYTQQF,12
TRBV7-9,TRBJ2-1,ASSLVPEAYTSHF,1
TRBV7-9,TRBJ2-1,ASSLVPEAYTSQF,1
TRBV7-9,TRBJ2-1,ASSLVPEAYTVHF,1
TRBV7-9,TRBJ2-1,ASSLVPEAYTVKF,1
TRBV7-9,TRBJ2-1,ASSLVPEAYTVQF,35
TRBV7-9,TRBJ2-1,ASSLVPEAYTVQL,2
TRBV7-9,TRBJ2-1,ASSLVPEAYTVQY,1
TRBV7-9,TRBJ2-1,ASSLVPEAYTVYF,1
TRBV7-9,TRBJ2-1,ASSLVPEAYTWQF,1
TRBV7-9,TRBJ2-1,ASSLVPEAYTWQV,1
TRBV7-9,TRBJ2-1,ASSLVPEAYTYQF,1
TRBV7-9,TRBJ2-1,ASSLVPEAYVDQF,1
TRBV7-9,TRBJ2-1,ASSLVPEAYVEQC,1
TRBV7-9,TRBJ2-1,ASSLVPEAYVEQF,10
TRBV7-9,TRBJ2-1,ASSLVPEAYVEQV,1
TRBV7-9,TRBJ2-1,ASSLVPEAYYAHF,1
TRBV7-9,TRBJ2-1,ASSLVPEAYYAQC,1
TRBV7-9,TRBJ2-1,ASSLVPEAYYAQF,17
TRBV7-9,TRBJ2-1,ASSLVPEAYYARF,1
TRBV7-9,TRBJ2-1,ASSLVPEAYYDKF,1
TRBV7-9,TRBJ2-1,ASSLVPEAYYDPF,1
TRBV7-9,TRBJ2-1,ASSLVPEAYYDQF,40
TRBV7-9,TRBJ2-1,ASSLVPEAYYDQL,1
TRBV7-9,TRBJ2-1,ASSLVPEAYYDQV,5
TRBV7-9,TRBJ2-1,ASSLVPEAYYEEC,1
TRBV7-9,TRBJ2-1,ASSLVPEAYYEEF,8
TRBV7-9,TRBJ2-1,ASSLVPEAYYEEM,1
TRBV7-9,TRBJ2-1,ASSLVPEAYYEHC,1
TRBV7-9,TRBJ2-1,ASSLVPEAYYEHF,19
TRBV7-9,TRBJ2-1,ASSLVPEAYYEHI,1
TRBV7-9,TRBJ2-1,ASSLVPEAYYEHV,4
TRBV7-9,TRBJ2-1,ASSLVPEAYYEKF,10
TRBV7-9,TRBJ2-1,ASSLVPEAYYEKV,1
TRBV7-9,TRBJ2-1,ASSLVPEAYYELF,9
TRBV7-9,TRBJ2-1,ASSLVPEAYYELS,1
TRBV7-9,TRBJ2-1,ASSLVPEAYYEPF,26
TRBV7-9,TRBJ2-1,ASSLVPEAYYEQC,25
TRBV7-9,TRBJ2-1,ASSLVPEAYYEQD,1
TRBV7-9,TRBJ2-1,ASSLVPEAYYEQF,1471
TRBV7-9,TRBJ2-1,ASSLVPEAYYEQI,2
TRBV7-9,TRBJ2-1,ASSLVPEAYYEQL,8
TRBV7-9,TRBJ2-1,ASSLVPEAYYEQS,12
TRBV7-9,TRBJ2-1,ASSLVPEAYYEQT,1
TRBV7-9,TRBJ2-1,ASSLVPEAYYEQV,23
TRBV7-9,TRBJ2-1,ASSLVPEAYYEQY,18
TRBV7-9,TRBJ2-1,ASSLVPEAYYERF,2
TRBV7-9,TRBJ2-1,ASSLVPEAYYGEF,1
TRBV7-9,TRBJ2-1,ASSLVPEAYYGHF,1
TRBV7-9,TRBJ2-1,ASSLVPEAYYGLF,1
TRBV7-9,TRBJ2-1,ASSLVPEAYYGPF,1
TRBV7-9,TRBJ2-1,ASSLVPEAYYGQC,1
TRBV7-9,TRBJ2-1,ASSLVPEAYYGQF,33
TRBV7-9,TRBJ2-1,ASSLVPEAYYGQI,3
TRBV7-9,TRBJ2-1,ASSLVPEAYYGQL,2
TRBV7-9,TRBJ2-1,ASSLVPEAYYGQS,1
TRBV7-9,TRBJ2-1,ASSLVPEAYYGWF,1
TRBV7-9,TRBJ2-1,ASSLVPEAYYKHF,2
TRBV7-9,TRBJ2-1,ASSLVPEAYYKQF,10
TRBV7-9,TRBJ2-1,ASSLVPEAYYKQY,1
TRBV7-9,TRBJ2-1,ASSLVPEAYYNQF,1
TRBV7-9,TRBJ2-1,ASSLVPEAYYQNF,1
TRBV7-9,TRBJ2-1,ASSLVPEAYYQQF,4
TRBV7-9,TRBJ2-1,ASSLVPEAYYVPF,1
TRBV7-9,TRBJ2-1,ASSLVPEAYYVQF,13
TRBV7-9,TRBJ2-1,ASSLVPEAYYWEC,1
TRBV7-9,TRBJ2-1,ASSLVPEAYYWQF,1
TRBV7-9,TRBJ2-1,ASSLVPECCNEQF,1
TRBV7-9,TRBJ2-1,ASSLVPECDNELF,1
TRBV7-9,TRBJ2-1,ASSLVPECDNEQF,3
TRBV7-9,TRBJ2-1,ASSLVPECHNGQF,1
TRBV7-9,TRBJ2-1,ASSLVPECNNAQF,1
TRBV7-9,TRBJ2-1,ASSLVPECSNEEF,1
TRBV7-9,TRBJ2-1,ASSLVPECSNEPF,1
TRBV7-9,TRBJ2-1,ASSLVPECSNEQF,2
TRBV7-9,TRBJ2-1,ASSLVPECYDAQF,1
TRBV7-9,TRBJ2-1,ASSLVPECYHAQF,1
TRBV7-9,TRBJ2-1,ASSLVPECYHEQF,1
TRBV7-9,TRBJ2-1,ASSLVPECYKDQF,1
TRBV7-9,TRBJ2-1,ASSLVPECYKEQF,2
TRBV7-9,TRBJ2-1,ASSLVPECYKEQL,1
TRBV7-9,TRBJ2-1,ASSLVPECYNAHF,1
TRBV7-9,TRBJ2-1,ASSLVPECYNDQC,1
TRBV7-9,TRBJ2-1,ASSLVPECYNDQF,3
TRBV7-9,TRBJ2-1,ASSLVPECYNEAF,1
TRBV7-9,TRBJ2-1,ASSLVPECYNEEF,2
TRBV7-9,TRBJ2-1,ASSLVPECYNEKF,3
TRBV7-9,TRBJ2-1,ASSLVPECYNELF,1
TRBV7-9,TRBJ2-1,ASSLVPECYNEPC,1
TRBV7-9,TRBJ2-1,ASSLVPECYNEPF,1
TRBV7-9,TRBJ2-1,ASSLVPECYNEQC,2
TRBV7-9,TRBJ2-1,ASSLVPECYNEQF,55
TRBV7-9,TRBJ2-1,ASSLVPECYNEQL,5
TRBV7-9,TRBJ2-1,ASSLVPECYNEQS,2
TRBV7-9,TRBJ2-1,ASSLVPECYNEQV,1
TRBV7-9,TRBJ2-1,ASSLVPECYNEQY,2
TRBV7-9,TRBJ2-1,ASSLVPECYNGQF,5
TRBV7-9,TRBJ2-1,ASSLVPECYNVQF,1
TRBV7-9,TRBJ2-1,ASSLVPECYSEQF,2
TRBV7-9,TRBJ2-1,ASSLVPECYTEQF,3
TRBV7-9,TRBJ2-1,ASSLVPECYYEQF,1
TRBV7-9,TRBJ2-1,ASSLVPECYYEQV,1
TRBV7-9,TRBJ2-1,ASSLVPEDANEQF,1
TRBV7-9,TRBJ2-1,ASSLVPEDAYNEQF,1
TRBV7-9,TRBJ2-1,ASSLVPEDCNAQF,1
TRBV7-9,TRBJ2-1,ASSLVPEDCNEQF,7
TRBV7-9,TRBJ2-1,ASSLVPEDCNEQY,1
TRBV7-9,TRBJ2-1,ASSLVPEDCNKQF,1
TRBV7-9,TRBJ2-1,ASSLVPEDDDEQF,1
TRBV7-9,TRBJ2-1,ASSLVPEDDHEQC,1
TRBV7-9,TRBJ2-1,ASSLVPEDDIQQF,1
TRBV7-9,TRBJ2-1,ASSLVPEDDKAQF,1
TRBV7-9,TRBJ2-1,ASSLVPEDDKDQF,1
TRBV7-9,TRBJ2-1,ASSLVPEDDKEQF,10
TRBV7-9,TRBJ2-1,ASSLVPEDDNAQF,3
TRBV7-9,TRBJ2-1,ASSLVPEDDNDQC,1
TRBV7-9,TRBJ2-1,ASSLVPEDDNDQF,5
TRBV7-9,TRBJ2-1,ASSLVPEDDNEHF,2
TRBV7-9,TRBJ2-1,ASSLVPEDDNEHI,1
TRBV7-9,TRBJ2-1,ASSLVPEDDNEHY,1
TRBV7-9,TRBJ2-1,ASSLVPEDDNEKF,5
TRBV7-9,TRBJ2-1,ASSLVPEDDNEPF,5
TRBV7-9,TRBJ2-1,ASSLVPEDDNEPL,1
TRBV7-9,TRBJ2-1,ASSLVPEDDNEQC,3
TRBV7-9,TRBJ2-1,ASSLVPEDDNEQF,117
TRBV7-9,TRBJ2-1,ASSLVPEDDNEQL,2
TRBV7-9,TRBJ2-1,ASSLVPEDDNEQV,2
TRBV7-9,TRBJ2-1,ASSLVPEDDNEQY,1
TRBV7-9,TRBJ2-1,ASSLVPEDDNERF,1
TRBV7-9,TRBJ2-1,ASSLVPEDDNKQF,1
TRBV7-9,TRBJ2-1,ASSLVPEDDNVKF,2
TRBV7-9,TRBJ2-1,ASSLVPEDDSEQV,1
TRBV7-9,TRBJ2-1,ASSLVPEDDTEQF,1
TRBV7-9,TRBJ2-1,ASSLVPEDEKEQF,2
TRBV7-9,TRBJ2-1,ASSLVPEDENAQF,1
TRBV7-9,TRBJ2-1,ASSLVPEDENEHF,1
TRBV7-9,TRBJ2-1,ASSLVPEDENEQC,1
TRBV7-9,TRBJ2-1,ASSLVPEDENEQF,14
TRBV7-9,TRBJ2-1,ASSLVPEDENEQY,1
TRBV7-9,TRBJ2-1,ASSLVPEDENTQF,1
TRBV7-9,TRBJ2-1,ASSLVPEDETEQF,1
TRBV7-9,TRBJ2-1,ASSLVPEDFKDQF,1
TRBV7-9,TRBJ2-1,ASSLVPEDFNEQF,2
TRBV7-9,TRBJ2-1,ASSLVPEDFNEQL,1
TRBV7-9,TRBJ2-1,ASSLVPEDFSEQF,1
TRBV7-9,TRBJ2-1,ASSLVPEDHKDKF,1
TRBV7-9,TRBJ2-1,ASSLVPEDHNAQF,1
TRBV7-9,TRBJ2-1,ASSLVPEDHNDHF,2
TRBV7-9,TRBJ2-1,ASSLVPEDHNDQF,1
TRBV7-9,TRBJ2-1,ASSLVPEDHNEPF,2
TRBV7-9,TRBJ2-1,ASSLVPEDHNEQC,1
TRBV7-9,TRBJ2-1,ASSLVPEDHNEQF,28
TRBV7-9,TRBJ2-1,ASSLVPEDHNEQL,1
TRBV7-9,TRBJ2-1,ASSLVPEDKNEQF,1
TRBV7-9,TRBJ2-1,ASSLVPEDKNKQI,1
TRBV7-9,TRBJ2-1,ASSLVPEDNKEQF,5
TRBV7-9,TRBJ2-1,ASSLVPEDNKEQI,1
TRBV7-9,TRBJ2-1,ASSLVPEDNNDQF,1
TRBV7-9,TRBJ2-1,ASSLVPEDNNEQF,16
TRBV7-9,TRBJ2-1,ASSLVPEDNNEQL,1
TRBV7-9,TRBJ2-1,ASSLVPEDNNKQF,1
TRBV7-9,TRBJ2-1,ASSLVPEDNNVKF,1
TRBV7-9,TRBJ2-1,ASSLVPEDPNEQF,1
TRBV7-9,TRBJ2-1,ASSLVPEDQNEQF,1
TRBV7-9,TRBJ2-1,ASSLVPEDQNGQF,1
TRBV7-9,TRBJ2-1,ASSLVPEDSDDEF,1
TRBV7-9,TRBJ2-1,ASSLVPEDSKEQF,1
TRBV7-9,TRBJ2-1,ASSLVPEDSNAQF,1
TRBV7-9,TRBJ2-1,ASSLVPEDSNEHF,1
TRBV7-9,TRBJ2-1,ASSLVPEDSNEKS,1
TRBV7-9,TRBJ2-1,ASSLVPEDSNEQF,42
TRBV7-9,TRBJ2-1,ASSLVPEDSNEQL,1
TRBV7-9,TRBJ2-1,ASSLVPEDSNGQF,1
TRBV7-9,TRBJ2-1,ASSLVPEDSNVQF,1
TRBV7-9,TRBJ2-1,ASSLVPEDSSEQF,1
TRBV7-9,TRBJ2-1,ASSLVPEDSTEQF,1
TRBV7-9,TRBJ2-1,ASSLVPEDTNQHF,1
TRBV7-9,TRBJ2-1,ASSLVPEDVNEQF,1
TRBV7-9,TRBJ2-1,ASSLVPEDYAEQF,1
TRBV7-9,TRBJ2-1,ASSLVPEDYAGHF,1
TRBV7-9,TRBJ2-1,ASSLVPEDYDAQF,1
TRBV7-9,TRBJ2-1,ASSLVPEDYDEHF,1
TRBV7-9,TRBJ2-1,ASSLVPEDYDEKF,1
TRBV7-9,TRBJ2-1,ASSLVPEDYDEKV,1
TRBV7-9,TRBJ2-1,ASSLVPEDYDELF,1
TRBV7-9,TRBJ2-1,ASSLVPEDYDEPF,1
TRBV7-9,TRBJ2-1,ASSLVPEDYDEQF,29
TRBV7-9,TRBJ2-1,ASSLVPEDYDEQS,1
TRBV7-9,TRBJ2-1,ASSLVPEDYDEQY,1
TRBV7-9,TRBJ2-1,ASSLVPEDYDKQF,2
TRBV7-9,TRBJ2-1,ASSLVPEDYDVQF,1
TRBV7-9,TRBJ2-1,ASSLVPEDYEEQF,4
TRBV7-9,TRBJ2-1,ASSLVPEDYEGQF,1
TRBV7-9,TRBJ2-1,ASSLVPEDYFEPF,1
TRBV7-9,TRBJ2-1,ASSLVPEDYHEEF,1
TRBV7-9,TRBJ2-1,ASSLVPEDYHEHC,1
TRBV7-9,TRBJ2-1,ASSLVPEDYHEQC,1
TRBV7-9,TRBJ2-1,ASSLVPEDYHEQF,26
TRBV7-9,TRBJ2-1,ASSLVPEDYHGQF,1
TRBV7-9,TRBJ2-1,ASSLVPEDYIAQF,1
TRBV7-9,TRBJ2-1,ASSLVPEDYIEHF,1
TRBV7-9,TRBJ2-1,ASSLVPEDYIELF,1
TRBV7-9,TRBJ2-1,ASSLVPEDYIEQF,15
TRBV7-9,TRBJ2-1,ASSLVPEDYIEYF,1
TRBV7-9,TRBJ2-1,ASSLVPEDYIKQT,1
TRBV7-9,TRBJ2-1,ASSLVPEDYINQF,1
TRBV7-9,TRBJ2-1,ASSLVPEDYIVQF,1
TRBV7-9,TRBJ2-1,ASSLVPEDYKAQF,3
TRBV7-9,TRBJ2-1,ASSLVPEDYKDQF,1
TRBV7-9,TRBJ2-1,ASSLVPEDYKEEF,2
TRBV7-9,TRBJ2-1,ASSLVPEDYKEHF,7
TRBV7-9,TRBJ2-1,ASSLVPEDYKEKF,9
TRBV7-9,TRBJ2-1,ASSLVPEDYKELF,2
TRBV7-9,TRBJ2-1,ASSLVPEDYKENF,1
TRBV7-9,TRBJ2-1,ASSLVPEDYKEPF,4
TRBV7-9,TRBJ2-1,ASSLVPEDYKEQC,1
TRBV7-9,TRBJ2-1,ASSLVPEDYKEQF,219
TRBV7-9,TRBJ2-1,ASSLVPEDYKEQI,1
TRBV7-9,TRBJ2-1,ASSLVPEDYKEQL,8
TRBV7-9,TRBJ2-1,ASSLVPEDYKEQS,2
TRBV7-9,TRBJ2-1,ASSLVPEDYKEQV,4
TRBV7-9,TRBJ2-1,ASSLVPEDYKGQF,2
TRBV7-9,TRBJ2-1,ASSLVPEDYKGQL,1
TRBV7-9,TRBJ2-1,ASSLVPEDYKGQV,2
TRBV7-9,TRBJ2-1,ASSLVPEDYKKQF,5
TRBV7-9,TRBJ2-1,ASSLVPEDYKQKF,1
TRBV7-9,TRBJ2-1,ASSLVPEDYKQQF,1
TRBV7-9,TRBJ2-1,ASSLVPEDYKRQY,1
TRBV7-9,TRBJ2-1,ASSLVPEDYKVKF,1
TRBV7-9,TRBJ2-1,ASSLVPEDYKVQF,2
TRBV7-9,TRBJ2-1,ASSLVPEDYMEQV,1
TRBV7-9,TRBJ2-1,ASSLVPEDYNAAF,1
TRBV7-9,TRBJ2-1,ASSLVPEDYNAEC,1
TRBV7-9,TRBJ2-1,ASSLVPEDYNAEF,2
TRBV7-9,TRBJ2-1,ASSLVPEDYNAEV,1
TRBV7-9,TRBJ2-1,ASSLVPEDYNAHF,5
TRBV7-9,TRBJ2-1,ASSLVPEDYNAHV,1
TRBV7-9,TRBJ2-1,ASSLVPEDYNAKF,5
TRBV7-9,TRBJ2-1,ASSLVPEDYNAPF,3
TRBV7-9,TRBJ2-1,ASSLVPEDYNAQC,6
TRBV7-9,TRBJ2-1,ASSLVPEDYNAQF,230
TRBV7-9,TRBJ2-1,ASSLVPEDYNAQI,2
TRBV7-9,TRBJ2-1,ASSLVPEDYNAQL,8
TRBV7-9,TRBJ2-1,ASSLVPEDYNAQS,1
TRBV7-9,TRBJ2-1,ASSLVPEDYNAQV,6
TRBV7-9,TRBJ2-1,ASSLVPEDYNAQY,2
TRBV7-9,TRBJ2-1,ASSLVPEDYNAVF,1
TRBV7-9,TRBJ2-1,ASSLVPEDYNDEF,1
TRBV7-9,TRBJ2-1,ASSLVPEDYNDHF,4
TRBV7-9,TRBJ2-1,ASSLVPEDYNDKF,2
TRBV7-9,TRBJ2-1,ASSLVPEDYNDLF,1
TRBV7-9,TRBJ2-1,ASSLVPEDYNDQC,2
TRBV7-9,TRBJ2-1,ASSLVPEDYNDQF,124
TRBV7-9,TRBJ2-1,ASSLVPEDYNDQI,1
TRBV7-9,TRBJ2-1,ASSLVPEDYNDQL,1
TRBV7-9,TRBJ2-1,ASSLVPEDYNDQV,1
TRBV7-9,TRBJ2-1,ASSLVPEDYNEAS,1
TRBV7-9,TRBJ2-1,ASSLVPEDYNEDF,1
TRBV7-9,TRBJ2-1,ASSLVPEDYNEEC,2
TRBV7-9,TRBJ2-1,ASSLVPEDYNEEF,46
TRBV7-9,TRBJ2-1,ASSLVPEDYNEEL,1
TRBV7-9,TRBJ2-1,ASSLVPEDYNEES,1
TRBV7-9,TRBJ2-1,ASSLVPEDYNEEV,1
TRBV7-9,TRBJ2-1,ASSLVPEDYNEHC,4
TRBV7-9,TRBJ2-1,ASSLVPEDYNEHF,100
TRBV7-9,TRBJ2-1,ASSLVPEDYNEHL,2
TRBV7-9,TRBJ2-1,ASSLVPEDYNEHV,1
TRBV7-9,TRBJ2-1,ASSLVPEDYNEHY,1
TRBV7-9,TRBJ2-1,ASSLVPEDYNEKC,2
TRBV7-9,TRBJ2-1,ASSLVPEDYNEKF,182
TRBV7-9,TRBJ2-1,ASSLVPEDYNEKL,5
TRBV7-9,TRBJ2-1,ASSLVPEDYNEKV,3
TRBV7-9,TRBJ2-1,ASSLVPEDYNELC,1
TRBV7-9,TRBJ2-1,ASSLVPEDYNELF,13
TRBV7-9,TRBJ2-1,ASSLVPEDYNELS,1
TRBV7-9,TRBJ2-1,ASSLVPEDYNELY,1
TRBV7-9,TRBJ2-1,ASSLVPEDYNENF,5
TRBV7-9,TRBJ2-1,ASSLVPEDYNEPF,51
TRBV7-9,TRBJ2-1,ASSLVPEDYNEPL,2
TRBV7-9,TRBJ2-1,ASSLVPEDYNEPS,1
TRBV7-9,TRBJ2-1,ASSLVPEDYNEPV,2
TRBV7-9,TRBJ2-1,ASSLVPEDYNEQC,114
TRBV7-9,TRBJ2-1,ASSLVPEDYNEQF,9115
TRBV7-9,TRBJ2-1,ASSLVPEDYNEQG,2
TRBV7-9,TRBJ2-1,ASSLVPEDYNEQI,21
TRBV7-9,TRBJ2-1,ASSLVPEDYNEQL,86
TRBV7-9,TRBJ2-1,ASSLVPEDYNEQM,1
TRBV7-9,TRBJ2-1,ASSLVPEDYNEQR,1
TRBV7-9,TRBJ2-1,ASSLVPEDYNEQS,28
TRBV7-9,TRBJ2-1,ASSLVPEDYNEQV,111
TRBV7-9,TRBJ2-1,ASSLVPEDYNEQY,24
TRBV7-9,TRBJ2-1,ASSLVPEDYNERC,1
TRBV7-9,TRBJ2-1,ASSLVPEDYNERF,10
TRBV7-9,TRBJ2-1,ASSLVPEDYNERL,1
TRBV7-9,TRBJ2-1,ASSLVPEDYNERV,1
TRBV7-9,TRBJ2-1,ASSLVPEDYNETF,6
TRBV7-9,TRBJ2-1,ASSLVPEDYNEVF,1
TRBV7-9,TRBJ2-1,ASSLVPEDYNEYF,1
TRBV7-9,TRBJ2-1,ASSLVPEDYNGEF,3
TRBV7-9,TRBJ2-1,ASSLVPEDYNGKC,1
TRBV7-9,TRBJ2-1,ASSLVPEDYNGKF,2
TRBV7-9,TRBJ2-1,ASSLVPEDYNGPC,1
TRBV7-9,TRBJ2-1,ASSLVPEDYNGQC,3
TRBV7-9,TRBJ2-1,ASSLVPEDYNGQF,46
TRBV7-9,TRBJ2-1,ASSLVPEDYNGQL,1
TRBV7-9,TRBJ2-1,ASSLVPEDYNGQS,1
TRBV7-9,TRBJ2-1,ASSLVPEDYNKHF,3
TRBV7-9,TRBJ2-1,ASSLVPEDYNKKF,2
TRBV7-9,TRBJ2-1,ASSLVPEDYNKNS,1
TRBV7-9,TRBJ2-1,ASSLVPEDYNKPF,1
TRBV7-9,TRBJ2-1,ASSLVPEDYNKQC,3
TRBV7-9,TRBJ2-1,ASSLVPEDYNKQF,70
TRBV7-9,TRBJ2-1,ASSLVPEDYNKQI,1
TRBV7-9,TRBJ2-1,ASSLVPEDYNKQL,1
TRBV7-9,TRBJ2-1,ASSLVPEDYNLQF,1
TRBV7-9,TRBJ2-1,ASSLVPEDYNMQF,1
TRBV7-9,TRBJ2-1,ASSLVPEDYNNKF,1
TRBV7-9,TRBJ2-1,ASSLVPEDYNPHF,1
TRBV7-9,TRBJ2-1,ASSLVPEDYNQHF,2
TRBV7-9,TRBJ2-1,ASSLVPEDYNQKF,3
TRBV7-9,TRBJ2-1,ASSLVPEDYNQPF,1
TRBV7-9,TRBJ2-1,ASSLVPEDYNQQF,24
TRBV7-9,TRBJ2-1,ASSLVPEDYNQQL,2
TRBV7-9,TRBJ2-1,ASSLVPEDYNRQF,2
TRBV7-9,TRBJ2-1,ASSLVPEDYNSQF,1
TRBV7-9,TRBJ2-1,ASSLVPEDYNTLF,1
TRBV7-9,TRBJ2-1,ASSLVPEDYNTQF,4
TRBV7-9,TRBJ2-1,ASSLVPEDYNTQL,1
TRBV7-9,TRBJ2-1,ASSLVPEDYNTQY,1
TRBV7-9,TRBJ2-1,ASSLVPEDYNVEV,1
TRBV7-9,TRBJ2-1,ASSLVPEDYNVHF,3
TRBV7-9,TRBJ2-1,ASSLVPEDYNVHY,1
TRBV7-9,TRBJ2-1,ASSLVPEDYNVKF,5
TRBV7-9,TRBJ2-1,ASSLVPEDYNVKL,1
TRBV7-9,TRBJ2-1,ASSLVPEDYNVLF,1
TRBV7-9,TRBJ2-1,ASSLVPEDYNVQC,3
TRBV7-9,TRBJ2-1,ASSLVPEDYNVQF,63
TRBV7-9,TRBJ2-1,ASSLVPEDYNVQI,1
TRBV7-9,TRBJ2-1,ASSLVPEDYNVQL,1
TRBV7-9,TRBJ2-1,ASSLVPEDYNVQV,1
TRBV7-9,TRBJ2-1,ASSLVPEDYNWQF,3
TRBV7-9,TRBJ2-1,ASSLVPEDYQEQF,3
TRBV7-9,TRBJ2-1,ASSLVPEDYREQF,1
TRBV7-9,TRBJ2-1,ASSLVPEDYSASF,1
TRBV7-9,TRBJ2-1,ASSLVPEDYSDQF,1
TRBV7-9,TRBJ2-1,ASSLVPEDYSEEF,1
TRBV7-9,TRBJ2-1,ASSLVPEDYSEKF,2
TRBV7-9,TRBJ2-1,ASSLVPEDYSELF,3
TRBV7-9,TRBJ2-1,ASSLVPEDYSEMF,1
TRBV7-9,TRBJ2-1,ASSLVPEDYSEQC,1
TRBV7-9,TRBJ2-1,ASSLVPEDYSEQF,28
TRBV7-9,TRBJ2-1,ASSLVPEDYSEQS,2
TRBV7-9,TRBJ2-1,ASSLVPEDYSERC,1
TRBV7-9,TRBJ2-1,ASSLVPEDYSERF,1
TRBV7-9,TRBJ2-1,ASSLVPEDYSGQF,3
TRBV7-9,TRBJ2-1,ASSLVPEDYSKQF,1
TRBV7-9,TRBJ2-1,ASSLVPEDYTAQF,4
TRBV7-9,TRBJ2-1,ASSLVPEDYTAQL,1
TRBV7-9,TRBJ2-1,ASSLVPEDYTDQF,2
TRBV7-9,TRBJ2-1,ASSLVPEDYTEEY,1
TRBV7-9,TRBJ2-1,ASSLVPEDYTEHF,4
TRBV7-9,TRBJ2-1,ASSLVPEDYTEKF,2
TRBV7-9,TRBJ2-1,ASSLVPEDYTEPF,1
TRBV7-9,TRBJ2-1,ASSLVPEDYTEQC,1
TRBV7-9,TRBJ2-1,ASSLVPEDYTEQF,95
TRBV7-9,TRBJ2-1,ASSLVPEDYTEQL,1
TRBV7-9,TRBJ2-1,ASSLVPEDYTEQV,7
TRBV7-9,TRBJ2-1,ASSLVPEDYTEQY,1
TRBV7-9,TRBJ2-1,ASSLVPEDYTGQC,1
TRBV7-9,TRBJ2-1,ASSLVPEDYTKKF,1
TRBV7-9,TRBJ2-1,ASSLVPEDYTKQF,2
TRBV7-9,TRBJ2-1,ASSLVPEDYTTQF,1
TRBV7-9,TRBJ2-1,ASSLVPEDYTVQF,1
TRBV7-9,TRBJ2-1,ASSLVPEDYVAQF,1
TRBV7-9,TRBJ2-1,ASSLVPEDYYAQF,5
TRBV7-9,TRBJ2-1,ASSLVPEDYYEKF,1
TRBV7-9,TRBJ2-1,ASSLVPEDYYEQF,10
TRBV7-9,TRBJ2-1,ASSLVPEECNEQF,1
TRBV7-9,TRBJ2-1,ASSLVPEECQF,1
TRBV7-9,TRBJ2-1,ASSLVPEEDDEHF,1
TRBV7-9,TRBJ2-1,ASSLVPEEDEEQF,1
TRBV7-9,TRBJ2-1,ASSLVPEEDNAQF,1
TRBV7-9,TRBJ2-1,ASSLVPEEDNEQF,9
TRBV7-9,TRBJ2-1,ASSLVPEENKEKF,1
TRBV7-9,TRBJ2-1,ASSLVPEENNEQF,1
TRBV7-9,TRBJ2-1,ASSLVPEEQNEQF,1
TRBV7-9,TRBJ2-1,ASSLVPEESNEQF,2
TRBV7-9,TRBJ2-1,ASSLVPEEYCGQF,1
TRBV7-9,TRBJ2-1,ASSLVPEEYDEQF,1
TRBV7-9,TRBJ2-1,ASSLVPEEYHEPF,1
TRBV7-9,TRBJ2-1,ASSLVPEEYHEQF,1
TRBV7-9,TRBJ2-1,ASSLVPEEYHQQF,1
TRBV7-9,TRBJ2-1,ASSLVPEEYIEQV,1
TRBV7-9,TRBJ2-1,ASSLVPEEYKAQF,2
TRBV7-9,TRBJ2-1,ASSLVPEEYKEQC,1
TRBV7-9,TRBJ2-1,ASSLVPEEYKEQF,5
TRBV7-9,TRBJ2-1,ASSLVPEEYKVQF,1
TRBV7-9,TRBJ2-1,ASSLVPEEYNAKF,1
TRBV7-9,TRBJ2-1,ASSLVPEEYNAQF,10
TRBV7-9,TRBJ2-1,ASSLVPEEYNDHF,1
TRBV7-9,TRBJ2-1,ASSLVPEEYNDQF,4
TRBV7-9,TRBJ2-1,ASSLVPEEYNEEF,2
TRBV7-9,TRBJ2-1,ASSLVPEEYNEET,1
TRBV7-9,TRBJ2-1,ASSLVPEEYNEHF,4
TRBV7-9,TRBJ2-1,ASSLVPEEYNEHV,1
TRBV7-9,TRBJ2-1,ASSLVPEEYNEKF,4
TRBV7-9,TRBJ2-1,ASSLVPEEYNEPF,3
TRBV7-9,TRBJ2-1,ASSLVPEEYNEQC,4
TRBV7-9,TRBJ2-1,ASSLVPEEYNEQF,200
TRBV7-9,TRBJ2-1,ASSLVPEEYNEQI,2
TRBV7-9,TRBJ2-1,ASSLVPEEYNEQL,6
TRBV7-9,TRBJ2-1,ASSLVPEEYNEQS,1
TRBV7-9,TRBJ2-1,ASSLVPEEYNEQV,3
TRBV7-9,TRBJ2-1,ASSLVPEEYNERF,1
TRBV7-9,TRBJ2-1,ASSLVPEEYNGQF,6
TRBV7-9,TRBJ2-1,ASSLVPEEYNKHF,1
TRBV7-9,TRBJ2-1,ASSLVPEEYNKLF,1
TRBV7-9,TRBJ2-1,ASSLVPEEYNKQF,3
TRBV7-9,TRBJ2-1,ASSLVPEEYNKQV,1
TRBV7-9,TRBJ2-1,ASSLVPEEYNQQF,3
TRBV7-9,TRBJ2-1,ASSLVPEEYSEQF,2
TRBV7-9,TRBJ2-1,ASSLVPEEYTEQF,1
TRBV7-9,TRBJ2-1,ASSLVPEEYYEQF,1
TRBV7-9,TRBJ2-1,ASSLVPEFDNDQF,1
TRBV7-9,TRBJ2-1,ASSLVPEFDNEQF,1
TRBV7-9,TRBJ2-1,ASSLVPEFFNDHF,1
TRBV7-9,TRBJ2-1,ASSLVPEFHNAPI,1
TRBV7-9,TRBJ2-1,ASSLVPEFHNEQF,1
TRBV7-9,TRBJ2-1,ASSLVPEFHNVQF,1
TRBV7-9,TRBJ2-1,ASSLVPEFYHEQF,1
TRBV7-9,TRBJ2-1,ASSLVPEFYNAQF,1
TRBV7-9,TRBJ2-1,ASSLVPEFYNDHV,1
TRBV7-9,TRBJ2-1,ASSLVPEFYNDQF,4
TRBV7-9,TRBJ2-1,ASSLVPEFYNEDF,1
TRBV7-9,TRBJ2-1,ASSLVPEFYNEHF,1
TRBV7-9,TRBJ2-1,ASSLVPEFYNEKF,2
TRBV7-9,TRBJ2-1,ASSLVPEFYNEKV,1
TRBV7-9,TRBJ2-1,ASSLVPEFYNENF,1
TRBV7-9,TRBJ2-1,ASSLVPEFYNEPF,3
TRBV7-9,TRBJ2-1,ASSLVPEFYNEPV,1
TRBV7-9,TRBJ2-1,ASSLVPEFYNEQC,1
TRBV7-9,TRBJ2-1,ASSLVPEFYNEQF,53
TRBV7-9,TRBJ2-1,ASSLVPEFYNEQI,1
TRBV7-9,TRBJ2-1,ASSLVPEFYNEQL,1
TRBV7-9,TRBJ2-1,ASSLVPEFYNEQS,1
TRBV7-9,TRBJ2-1,ASSLVPEFYNEQV,2
TRBV7-9,TRBJ2-1,ASSLVPEFYNEQY,1
TRBV7-9,TRBJ2-1,ASSLVPEFYNKKF,1
TRBV7-9,TRBJ2-1,ASSLVPEFYNKQF,2
TRBV7-9,TRBJ2-1,ASSLVPEFYNVQF,1
TRBV7-9,TRBJ2-1,ASSLVPEFYTAQF,1
TRBV7-9,TRBJ2-1,ASSLVPEFYTEQF,1
TRBV7-9,TRBJ2-1,ASSLVPEGADEQF,1
TRBV7-9,TRBJ2-1,ASSLVPEGANEQF,1
TRBV7-9,TRBJ2-1,ASSLVPEGCHEQF,1
TRBV7-9,TRBJ2-1,ASSLVPEGCNDEF,1
TRBV7-9,TRBJ2-1,ASSLVPEGCNDQF,2
TRBV7-9,TRBJ2-1,ASSLVPEGCNEEF,2
TRBV7-9,TRBJ2-1,ASSLVPEGCNEQC,1
TRBV7-9,TRBJ2-1,ASSLVPEGCNEQF,13
TRBV7-9,TRBJ2-1,ASSLVPEGCNEVF,1
TRBV7-9,TRBJ2-1,ASSLVPEGCNGQF,2
TRBV7-9,TRBJ2-1,ASSLVPEGCNVQF,1
TRBV7-9,TRBJ2-1,ASSLVPEGCSEQF,2
TRBV7-9,TRBJ2-1,ASSLVPEGCYEQF,1
TRBV7-9,TRBJ2-1,ASSLVPEGDDEQF,1
TRBV7-9,TRBJ2-1,ASSLVPEGDDVQF,1
TRBV7-9,TRBJ2-1,ASSLVPEGDHEQF,1
TRBV7-9,TRBJ2-1,ASSLVPEGDHEQY,1
TRBV7-9,TRBJ2-1,ASSLVPEGDKAQF,1
TRBV7-9,TRBJ2-1,ASSLVPEGDKEHF,1
TRBV7-9,TRBJ2-1,ASSLVPEGDKEQF,4
TRBV7-9,TRBJ2-1,ASSLVPEGDKEQL,1
TRBV7-9,TRBJ2-1,ASSLVPEGDKGQF,1
TRBV7-9,TRBJ2-1,ASSLVPEGDNAQF,2
TRBV7-9,TRBJ2-1,ASSLVPEGDNDQF,2
TRBV7-9,TRBJ2-1,ASSLVPEGDNEEF,1
TRBV7-9,TRBJ2-1,ASSLVPEGDNEHF,2
TRBV7-9,TRBJ2-1,ASSLVPEGDNELF,3
TRBV7-9,TRBJ2-1,ASSLVPEGDNEQC,1
TRBV7-9,TRBJ2-1,ASSLVPEGDNEQF,55
TRBV7-9,TRBJ2-1,ASSLVPEGDNEQL,3
TRBV7-9,TRBJ2-1,ASSLVPEGDNEQS,1
TRBV7-9,TRBJ2-1,ASSLVPEGDNEQV,3
TRBV7-9,TRBJ2-1,ASSLVPEGDNEQY,3
TRBV7-9,TRBJ2-1,ASSLVPEGDNERL,1
TRBV7-9,TRBJ2-1,ASSLVPEGDNKQF,2
TRBV7-9,TRBJ2-1,ASSLVPEGDNRQF,1
TRBV7-9,TRBJ2-1,ASSLVPEGDNTQF,1
TRBV7-9,TRBJ2-1,ASSLVPEGDNVQF,5
TRBV7-9,TRBJ2-1,ASSLVPEGDNVQS,1
TRBV7-9,TRBJ2-1,ASSLVPEGEDEQY,1
TRBV7-9,TRBJ2-1,ASSLVPEGEKEQF,2
TRBV7-9,TRBJ2-1,ASSLVPEGENEHF,2
TRBV7-9,TRBJ2-1,ASSLVPEGENEKC,1
TRBV7-9,TRBJ2-1,ASSLVPEGENEQF,5
TRBV7-9,TRBJ2-1,ASSLVPEGENGQC,1
TRBV7-9,TRBJ2-1,ASSLVPEGENGQF,1
TRBV7-9,TRBJ2-1,ASSLVPEGFHEQV,1
TRBV7-9,TRBJ2-1,ASSLVPEGFKAQF,1
TRBV7-9,TRBJ2-1,ASSLVPEGFNEQF,7
TRBV7-9,TRBJ2-1,ASSLVPEGFNEQV,1
TRBV7-9,TRBJ2-1,ASSLVPEGFNERF,1
TRBV7-9,TRBJ2-1,ASSLVPEGFYNEQF,1
TRBV7-9,TRBJ2-1,ASSLVPEGGGEQF,7
TRBV7-9,TRBJ2-1,ASSLVPEGGMEQF,1
TRBV7-9,TRBJ2-1,ASSLVPEGHNAQF,1
TRBV7-9,TRBJ2-1,ASSLVPEGHNDQV,1
TRBV7-9,TRBJ2-1,ASSLVPEGHNEQF,11
TRBV7-9,TRBJ2-1,ASSLVPEGHNEQL,1
TRBV7-9,TRBJ2-1,ASSLVPEGHNEQV,1
TRBV7-9,TRBJ2-1,ASSLVPEGHNGQF,1
TRBV7-9,TRBJ2-1,ASSLVPEGINEQF,1
TRBV7-9,TRBJ2-1,ASSLVPEGKNEQF,4
TRBV7-9,TRBJ2-1,ASSLVPEGKTDQF,1
TRBV7-9,TRBJ2-1,ASSLVPEGLKEQF,1
TRBV7-9,TRBJ2-1,ASSLVPEGLKYQF,1
TRBV7-9,TRBJ2-1,ASSLVPEGLNEEV,1
TRBV7-9,TRBJ2-1,ASSLVPEGLNEKF,1
TRBV7-9,TRBJ2-1,ASSLVPEGLNEQF,3
TRBV7-9,TRBJ2-1,ASSLVPEGNEQF,1
TRBV7-9,TRBJ2-1,ASSLVPEGNKEEF,1
TRBV7-9,TRBJ2-1,ASSLVPEGNKEQF,1
TRBV7-9,TRBJ2-1,ASSLVPEGNNDQF,1
TRBV7-9,TRBJ2-1,ASSLVPEGNNEAF,1
TRBV7-9,TRBJ2-1,ASSLVPEGNNEEF,1
TRBV7-9,TRBJ2-1,ASSLVPEGNNEQC,1
TRBV7-9,TRBJ2-1,ASSLVPEGNNEQF,14
TRBV7-9,TRBJ2-1,ASSLVPEGNNEQI,1
TRBV7-9,TRBJ2-1,ASSLVPEGNNEQL,1
TRBV7-9,TRBJ2-1,ASSLVPEGNNGKF,1
TRBV7-9,TRBJ2-1,ASSLVPEGNNKQF,1
TRBV7-9,TRBJ2-1,ASSLVPEGNYEQI,1
TRBV7-9,TRBJ2-1,ASSLVPEGQNAQF,1
TRBV7-9,TRBJ2-1,ASSLVPEGQNEKF,1
TRBV7-9,TRBJ2-1,ASSLVPEGQNEQL,1
TRBV7-9,TRBJ2-1,ASSLVPEGQNEQV,1
TRBV7-9,TRBJ2-1,ASSLVPEGQNVQF,1
TRBV7-9,TRBJ2-1,ASSLVPEGQREQF,1
TRBV7-9,TRBJ2-1,ASSLVPEGSCEQF,1
TRBV7-9,TRBJ2-1,ASSLVPEGSIEQF,1
TRBV7-9,TRBJ2-1,ASSLVPEGSKEEF,1
TRBV7-9,TRBJ2-1,ASSLVPEGSKEQF,1
TRBV7-9,TRBJ2-1,ASSLVPEGSNEHF,1
TRBV7-9,TRBJ2-1,ASSLVPEGSNEQF,20
TRBV7-9,TRBJ2-1,ASSLVPEGSNEQL,1
TRBV7-9,TRBJ2-1,ASSLVPEGSNEQS,1
TRBV7-9,TRBJ2-1,ASSLVPEGSNEQV,1
TRBV7-9,TRBJ2-1,ASSLVPEGSNEQY,1
TRBV7-9,TRBJ2-1,ASSLVPEGSNGQF,2
TRBV7-9,TRBJ2-1,ASSLVPEGSREKL,1
TRBV7-9,TRBJ2-1,ASSLVPEGSSEQF,1
TRBV7-9,TRBJ2-1,ASSLVPEGVNEQF,1
TRBV7-9,TRBJ2-1,ASSLVPEGYCEPF,1
TRBV7-9,TRBJ2-1,ASSLVPEGYDDQF,2
TRBV7-9,TRBJ2-1,ASSLVPEGYDEPF,1
TRBV7-9,TRBJ2-1,ASSLVPEGYDEQF,17
TRBV7-9,TRBJ2-1,ASSLVPEGYDEQL,1
TRBV7-9,TRBJ2-1,ASSLVPEGYDETF,1
TRBV7-9,TRBJ2-1,ASSLVPEGYDGQF,1
TRBV7-9,TRBJ2-1,ASSLVPEGYDVQF,2
TRBV7-9,TRBJ2-1,ASSLVPEGYEEQF,1
TRBV7-9,TRBJ2-1,ASSLVPEGYHEQC,1
TRBV7-9,TRBJ2-1,ASSLVPEGYHEQF,15
TRBV7-9,TRBJ2-1,ASSLVPEGYIEQF,3
TRBV7-9,TRBJ2-1,ASSLVPEGYIEQL,2
TRBV7-9,TRBJ2-1,ASSLVPEGYIVQF,1
TRBV7-9,TRBJ2-1,ASSLVPEGYKAQF,5
TRBV7-9,TRBJ2-1,ASSLVPEGYKAQV,1
TRBV7-9,TRBJ2-1,ASSLVPEGYKDHF,1
TRBV7-9,TRBJ2-1,ASSLVPEGYKDQF,3
TRBV7-9,TRBJ2-1,ASSLVPEGYKDQV,1
TRBV7-9,TRBJ2-1,ASSLVPEGYKEAF,1
TRBV7-9,TRBJ2-1,ASSLVPEGYKEEF,2
TRBV7-9,TRBJ2-1,ASSLVPEGYKEHF,1
TRBV7-9,TRBJ2-1,ASSLVPEGYKEKF,5
TRBV7-9,TRBJ2-1,ASSLVPEGYKEKV,1
TRBV7-9,TRBJ2-1,ASSLVPEGYKELF,1
TRBV7-9,TRBJ2-1,ASSLVPEGYKELY,1
TRBV7-9,TRBJ2-1,ASSLVPEGYKEPF,1
TRBV7-9,TRBJ2-1,ASSLVPEGYKEQC,1
TRBV7-9,TRBJ2-1,ASSLVPEGYKEQF,118
TRBV7-9,TRBJ2-1,ASSLVPEGYKEQI,1
TRBV7-9,TRBJ2-1,ASSLVPEGYKEQL,8
TRBV7-9,TRBJ2-1,ASSLVPEGYKEQV,5
TRBV7-9,TRBJ2-1,ASSLVPEGYKEQY,1
TRBV7-9,TRBJ2-1,ASSLVPEGYKERF,2
TRBV7-9,TRBJ2-1,ASSLVPEGYKGQF,9
TRBV7-9,TRBJ2-1,ASSLVPEGYKGQS,2
TRBV7-9,TRBJ2-1,ASSLVPEGYKGQV,1
TRBV7-9,TRBJ2-1,ASSLVPEGYKKQF,2
TRBV7-9,TRBJ2-1,ASSLVPEGYKTHV,1
TRBV7-9,TRBJ2-1,ASSLVPEGYKTQF,1
TRBV7-9,TRBJ2-1,ASSLVPEGYKVQF,5
TRBV7-9,TRBJ2-1,ASSLVPEGYKVRF,1
TRBV7-9,TRBJ2-1,ASSLVPEGYNADF,1
TRBV7-9,TRBJ2-1,ASSLVPEGYNAEV,1
TRBV7-9,TRBJ2-1,ASSLVPEGYNAHF,1
TRBV7-9,TRBJ2-1,ASSLVPEGYNAKF,1
TRBV7-9,TRBJ2-1,ASSLVPEGYNAQC,2
TRBV7-9,TRBJ2-1,ASSLVPEGYNAQF,31
TRBV7-9,TRBJ2-1,ASSLVPEGYNAQL,1
TRBV7-9,TRBJ2-1,ASSLVPEGYNAQR,1
TRBV7-9,TRBJ2-1,ASSLVPEGYNAQV,1
TRBV7-9,TRBJ2-1,ASSLVPEGYNAQY,1
TRBV7-9,TRBJ2-1,ASSLVPEGYNDEF,3
TRBV7-9,TRBJ2-1,ASSLVPEGYNDHF,1
TRBV7-9,TRBJ2-1,ASSLVPEGYNDLF,1
TRBV7-9,TRBJ2-1,ASSLVPEGYNDPF,1
TRBV7-9,TRBJ2-1,ASSLVPEGYNDPS,1
TRBV7-9,TRBJ2-1,ASSLVPEGYNDQC,1
TRBV7-9,TRBJ2-1,ASSLVPEGYNDQF,63
TRBV7-9,TRBJ2-1,ASSLVPEGYNDQV,1
TRBV7-9,TRBJ2-1,ASSLVPEGYNDQY,1
TRBV7-9,TRBJ2-1,ASSLVPEGYNEAF,1
TRBV7-9,TRBJ2-1,ASSLVPEGYNEDF,1
TRBV7-9,TRBJ2-1,ASSLVPEGYNEEF,35
TRBV7-9,TRBJ2-1,ASSLVPEGYNEEI,1
TRBV7-9,TRBJ2-1,ASSLVPEGYNEEV,2
TRBV7-9,TRBJ2-1,ASSLVPEGYNEEY,1
TRBV7-9,TRBJ2-1,ASSLVPEGYNEGF,1
TRBV7-9,TRBJ2-1,ASSLVPEGYNEHC,3
TRBV7-9,TRBJ2-1,ASSLVPEGYNEHF,23
TRBV7-9,TRBJ2-1,ASSLVPEGYNEHI,1
TRBV7-9,TRBJ2-1,ASSLVPEGYNEHL,1
TRBV7-9,TRBJ2-1,ASSLVPEGYNEHV,1
TRBV7-9,TRBJ2-1,ASSLVPEGYNEKC,1
TRBV7-9,TRBJ2-1,ASSLVPEGYNEKF,51
TRBV7-9,TRBJ2-1,ASSLVPEGYNEKI,2
TRBV7-9,TRBJ2-1,ASSLVPEGYNEKL,4
TRBV7-9,TRBJ2-1,ASSLVPEGYNEKV,2
TRBV7-9,TRBJ2-1,ASSLVPEGYNELC,1
TRBV7-9,TRBJ2-1,ASSLVPEGYNELF,14
TRBV7-9,TRBJ2-1,ASSLVPEGYNELS,1
TRBV7-9,TRBJ2-1,ASSLVPEGYNEPF,21
TRBV7-9,TRBJ2-1,ASSLVPEGYNEPS,1
TRBV7-9,TRBJ2-1,ASSLVPEGYNEQA,1
TRBV7-9,TRBJ2-1,ASSLVPEGYNEQC,32
TRBV7-9,TRBJ2-1,ASSLVPEGYNEQF,2868
TRBV7-9,TRBJ2-1,ASSLVPEGYNEQG,2
TRBV7-9,TRBJ2-1,ASSLVPEGYNEQI,13
TRBV7-9,TRBJ2-1,ASSLVPEGYNEQL,47
TRBV7-9,TRBJ2-1,ASSLVPEGYNEQM,1
TRBV7-9,TRBJ2-1,ASSLVPEGYNEQP,1
TRBV7-9,TRBJ2-1,ASSLVPEGYNEQS,22
TRBV7-9,TRBJ2-1,ASSLVPEGYNEQV,44
TRBV7-9,TRBJ2-1,ASSLVPEGYNEQY,10
TRBV7-9,TRBJ2-1,ASSLVPEGYNERC,1
TRBV7-9,TRBJ2-1,ASSLVPEGYNERF,16
TRBV7-9,TRBJ2-1,ASSLVPEGYNERL,1
TRBV7-9,TRBJ2-1,ASSLVPEGYNETF,1
TRBV7-9,TRBJ2-1,ASSLVPEGYNETL,1
TRBV7-9,TRBJ2-1,ASSLVPEGYNEYF,1
TRBV7-9,TRBJ2-1,ASSLVPEGYNGAF,1
TRBV7-9,TRBJ2-1,ASSLVPEGYNGEF,5
TRBV7-9,TRBJ2-1,ASSLVPEGYNGHF,1
TRBV7-9,TRBJ2-1,ASSLVPEGYNGKC,1
TRBV7-9,TRBJ2-1,ASSLVPEGYNGKF,2
TRBV7-9,TRBJ2-1,ASSLVPEGYNGLF,1
TRBV7-9,TRBJ2-1,ASSLVPEGYNGQC,2
TRBV7-9,TRBJ2-1,ASSLVPEGYNGQF,71
TRBV7-9,TRBJ2-1,ASSLVPEGYNGQL,1
TRBV7-9,TRBJ2-1,ASSLVPEGYNGQS,1
TRBV7-9,TRBJ2-1,ASSLVPEGYNGQV,4
TRBV7-9,TRBJ2-1,ASSLVPEGYNGQY,1
TRBV7-9,TRBJ2-1,ASSLVPEGYNKHF,1
TRBV7-9,TRBJ2-1,ASSLVPEGYNKQF,17
TRBV7-9,TRBJ2-1,ASSLVPEGYNKQL,1
TRBV7-9,TRBJ2-1,ASSLVPEGYNNQF,2
TRBV7-9,TRBJ2-1,ASSLVPEGYNPQF,1
TRBV7-9,TRBJ2-1,ASSLVPEGYNQQF,15
TRBV7-9,TRBJ2-1,ASSLVPEGYNQQL,1
TRBV7-9,TRBJ2-1,ASSLVPEGYNRQF,2
TRBV7-9,TRBJ2-1,ASSLVPEGYNTQF,1
TRBV7-9,TRBJ2-1,ASSLVPEGYNVHF,2
TRBV7-9,TRBJ2-1,ASSLVPEGYNVKF,3
TRBV7-9,TRBJ2-1,ASSLVPEGYNVKS,1
TRBV7-9,TRBJ2-1,ASSLVPEGYNVQF,55
TRBV7-9,TRBJ2-1,ASSLVPEGYNVQL,3
TRBV7-9,TRBJ2-1,ASSLVPEGYNVQS,3
TRBV7-9,TRBJ2-1,ASSLVPEGYNVQV,1
TRBV7-9,TRBJ2-1,ASSLVPEGYNVRF,1
TRBV7-9,TRBJ2-1,ASSLVPEGYNWQF,3
TRBV7-9,TRBJ2-1,ASSLVPEGYQEQF,1
TRBV7-9,TRBJ2-1,ASSLVPEGYQRQF,1
TRBV7-9,TRBJ2-1,ASSLVPEGYRDQF,1
TRBV7-9,TRBJ2-1,ASSLVPEGYREHF,1
TRBV7-9,TRBJ2-1,ASSLVPEGYREKF,1
TRBV7-9,TRBJ2-1,ASSLVPEGYREQC,1
TRBV7-9,TRBJ2-1,ASSLVPEGYREQF,5
TRBV7-9,TRBJ2-1,ASSLVPEGYREQL,1
TRBV7-9,TRBJ2-1,ASSLVPEGYREYF,1
TRBV7-9,TRBJ2-1,ASSLVPEGYRGQF,2
TRBV7-9,TRBJ2-1,ASSLVPEGYRLQF,1
TRBV7-9,TRBJ2-1,ASSLVPEGYRVQF,1
TRBV7-9,TRBJ2-1,ASSLVPEGYSDEF,1
TRBV7-9,TRBJ2-1,ASSLVPEGYSDQF,1
TRBV7-9,TRBJ2-1,ASSLVPEGYSEEC,1
TRBV7-9,TRBJ2-1,ASSLVPEGYSEEF,1
TRBV7-9,TRBJ2-1,ASSLVPEGYSEKF,1
TRBV7-9,TRBJ2-1,ASSLVPEGYSEKI,1
TRBV7-9,TRBJ2-1,ASSLVPEGYSEKL,1
TRBV7-9,TRBJ2-1,ASSLVPEGYSEQC,2
TRBV7-9,TRBJ2-1,ASSLVPEGYSEQF,40
TRBV7-9,TRBJ2-1,ASSLVPEGYSEQG,1
TRBV7-9,TRBJ2-1,ASSLVPEGYSEQI,1
TRBV7-9,TRBJ2-1,ASSLVPEGYSEQL,3
TRBV7-9,TRBJ2-1,ASSLVPEGYSGQF,2
TRBV7-9,TRBJ2-1,ASSLVPEGYSKKF,1
TRBV7-9,TRBJ2-1,ASSLVPEGYSKQF,1
TRBV7-9,TRBJ2-1,ASSLVPEGYSQQF,1
TRBV7-9,TRBJ2-1,ASSLVPEGYSVQF,1
TRBV7-9,TRBJ2-1,ASSLVPEGYSVQL,1
TRBV7-9,TRBJ2-1,ASSLVPEGYTAKF,1
TRBV7-9,TRBJ2-1,ASSLVPEGYTEHF,1
TRBV7-9,TRBJ2-1,ASSLVPEGYTEQC,2
TRBV7-9,TRBJ2-1,ASSLVPEGYTEQF,19
TRBV7-9,TRBJ2-1,ASSLVPEGYTEQL,1
TRBV7-9,TRBJ2-1,ASSLVPEGYTGRF,1
TRBV7-9,TRBJ2-1,ASSLVPEGYTQQF,1
TRBV7-9,TRBJ2-1,ASSLVPEGYYDQF,2
TRBV7-9,TRBJ2-1,ASSLVPEGYYEKV,1
TRBV7-9,TRBJ2-1,ASSLVPEGYYEQF,8
TRBV7-9,TRBJ2-1,ASSLVPEGYYVQF,1
TRBV7-9,TRBJ2-1,ASSLVPEHDNEQY,1
TRBV7-9,TRBJ2-1,ASSLVPEHHNGQS,1
TRBV7-9,TRBJ2-1,ASSLVPEHYHEQF,3
TRBV7-9,TRBJ2-1,ASSLVPEHYKEQF,1
TRBV7-9,TRBJ2-1,ASSLVPEHYNAQC,1
TRBV7-9,TRBJ2-1,ASSLVPEHYNAQF,3
TRBV7-9,TRBJ2-1,ASSLVPEHYNDQF,1
TRBV7-9,TRBJ2-1,ASSLVPEHYNEHF,2
TRBV7-9,TRBJ2-1,ASSLVPEHYNELF,1
TRBV7-9,TRBJ2-1,ASSLVPEHYNEQC,1
TRBV7-9,TRBJ2-1,ASSLVPEHYNEQF,28
TRBV7-9,TRBJ2-1,ASSLVPEHYNEQV,1
TRBV7-9,TRBJ2-1,ASSLVPEHYNKQF,1
TRBV7-9,TRBJ2-1,ASSLVPEHYNKQI,1
TRBV7-9,TRBJ2-1,ASSLVPEHYNTQC,1
TRBV7-9,TRBJ2-1,ASSLVPEHYTGTF,1
TRBV7-9,TRBJ2-1,ASSLVPEIENEQF,1
TRBV7-9,TRBJ2-1,ASSLVPEIHNMQF,1
TRBV7-9,TRBJ2-1,ASSLVPEINEQF,22
TRBV7-9,TRBJ2-1,ASSLVPEIYHELF,1
TRBV7-9,TRBJ2-1,ASSLVPEIYKAEF,1
TRBV7-9,TRBJ2-1,ASSLVPEIYNAQF,1
TRBV7-9,TRBJ2-1,ASSLVPEIYNDQF,1
TRBV7-9,TRBJ2-1,ASSLVPEIYNEHL,1
TRBV7-9,TRBJ2-1,ASSLVPEIYNEQF,5
TRBV7-9,TRBJ2-1,ASSLVPEKNNEQF,7
TRBV7-9,TRBJ2-1,ASSLVPEKSYNEQF,1
TRBV7-9,TRBJ2-1,ASSLVPEKYNEQF,2
TRBV7-9,TRBJ2-1,ASSLVPELASSSYNEQF,1
TRBV7-9,TRBJ2-1,ASSLVPELQYEQF,1
TRBV7-9,TRBJ2-1,ASSLVPELSNEQF,1
TRBV7-9,TRBJ2-1,ASSLVPELWSSSYNEKF,1
TRBV7-9,TRBJ2-1,ASSLVPELWSSSYNEQF,16
TRBV7-9,TRBJ2-1,ASSLVPELYNDQF,1
TRBV7-9,TRBJ2-1,ASSLVPELYNEQF,14
TRBV7-9,TRBJ2-1,ASSLVPELYNEQL,1
TRBV7-9,TRBJ2-1,ASSLVPELYNGQF,1
TRBV7-9,TRBJ2-1,ASSLVPELYSEEF,1
TRBV7-9,TRBJ2-1,ASSLVPELYTEQV,1
TRBV7-9,TRBJ2-1,ASSLVPELYYEQF,1
TRBV7-9,TRBJ2-1,ASSLVPENDEQF,1
TRBV7-9,TRBJ2-1,ASSLVPENDKEQF,1
TRBV7-9,TRBJ2-1,ASSLVPENDNEKL,1
TRBV7-9,TRBJ2-1,ASSLVPENEQF,1
TRBV7-9,TRBJ2-1,ASSLVPENNKEQF,1
TRBV7-9,TRBJ2-1,ASSLVPENSNEQF,2
TRBV7-9,TRBJ2-1,ASSLVPENYNEKC,1
TRBV7-9,TRBJ2-1,ASSLVPENYNEKF,1
TRBV7-9,TRBJ2-1,ASSLVPENYNELF,2
TRBV7-9,TRBJ2-1,ASSLVPENYNEQC,1
TRBV7-9,TRBJ2-1,ASSLVPENYNEQF,22
TRBV7-9,TRBJ2-1,ASSLVPEPATEQF,1
TRBV7-9,TRBJ2-1,ASSLVPEPCNEQF,1
TRBV7-9,TRBJ2-1,ASSLVPEPCNRQS,1
TRBV7-9,TRBJ2-1,ASSLVPEPCTGQF,1
TRBV7-9,TRBJ2-1,ASSLVPEPDNAQF,1
TRBV7-9,TRBJ2-1,ASSLVPEPDNAQI,1
TRBV7-9,TRBJ2-1,ASSLVPEPDNDPF,1
TRBV7-9,TRBJ2-1,ASSLVPEPDNDQL,1
TRBV7-9,TRBJ2-1,ASSLVPEPDNEQC,2
TRBV7-9,TRBJ2-1,ASSLVPEPDNEQF,6
TRBV7-9,TRBJ2-1,ASSLVPEPDNVQF,1
TRBV7-9,TRBJ2-1,ASSLVPEPDSGQF,1
TRBV7-9,TRBJ2-1,ASSLVPEPDTEQF,1
TRBV7-9,TRBJ2-1,ASSLVPEPDYEQF,1
TRBV7-9,TRBJ2-1,ASSLVPEPENEQF,2
TRBV7-9,TRBJ2-1,ASSLVPEPFNEQF,2
TRBV7-9,TRBJ2-1,ASSLVPEPHKEQF,2
TRBV7-9,TRBJ2-1,ASSLVPEPHNAQY,1
TRBV7-9,TRBJ2-1,ASSLVPEPHNEEF,1
TRBV7-9,TRBJ2-1,ASSLVPEPHNEHF,2
TRBV7-9,TRBJ2-1,ASSLVPEPHNEKF,2
TRBV7-9,TRBJ2-1,ASSLVPEPHNEQF,14
TRBV7-9,TRBJ2-1,ASSLVPEPHNEQV,1
TRBV7-9,TRBJ2-1,ASSLVPEPKKEQF,1
TRBV7-9,TRBJ2-1,ASSLVPEPKNEKF,1
TRBV7-9,TRBJ2-1,ASSLVPEPKNEQF,6
TRBV7-9,TRBJ2-1,ASSLVPEPKNGQF,1
TRBV7-9,TRBJ2-1,ASSLVPEPNKEQF,2
TRBV7-9,TRBJ2-1,ASSLVPEPNNEQF,3
TRBV7-9,TRBJ2-1,ASSLVPEPNNGQS,1
TRBV7-9,TRBJ2-1,ASSLVPEPNNNQF,1
TRBV7-9,TRBJ2-1,ASSLVPEPNNQQF,1
TRBV7-9,TRBJ2-1,ASSLVPEPSHEQF,1
TRBV7-9,TRBJ2-1,ASSLVPEPSHEQY,1
TRBV7-9,TRBJ2-1,ASSLVPEPSNAQF,1
TRBV7-9,TRBJ2-1,ASSLVPEPSNEQF,9
TRBV7-9,TRBJ2-1,ASSLVPEPSNKQS,1
TRBV7-9,TRBJ2-1,ASSLVPEPSTDQF,1
TRBV7-9,TRBJ2-1,ASSLVPEPSYNEQF,9
TRBV7-9,TRBJ2-1,ASSLVPEPSYNVQF,1
TRBV7-9,TRBJ2-1,ASSLVPEPTNEKF,1
TRBV7-9,TRBJ2-1,ASSLVPEPYCEQC,1
TRBV7-9,TRBJ2-1,ASSLVPEPYDEHF,1
TRBV7-9,TRBJ2-1,ASSLVPEPYDEQF,4
TRBV7-9,TRBJ2-1,ASSLVPEPYHEPF,1
TRBV7-9,TRBJ2-1,ASSLVPEPYHEQF,6
TRBV7-9,TRBJ2-1,ASSLVPEPYHEQY,1
TRBV7-9,TRBJ2-1,ASSLVPEPYHQPF,1
TRBV7-9,TRBJ2-1,ASSLVPEPYHQQL,1
TRBV7-9,TRBJ2-1,ASSLVPEPYIEQF,2
TRBV7-9,TRBJ2-1,ASSLVPEPYIERY,1
TRBV7-9,TRBJ2-1,ASSLVPEPYIVQF,1
TRBV7-9,TRBJ2-1,ASSLVPEPYKDKF,1
TRBV7-9,TRBJ2-1,ASSLVPEPYKDQF,1
TRBV7-9,TRBJ2-1,ASSLVPEPYKEHF,1
TRBV7-9,TRBJ2-1,ASSLVPEPYKEKF,2
TRBV7-9,TRBJ2-1,ASSLVPEPYKENF,1
TRBV7-9,TRBJ2-1,ASSLVPEPYKEQF,21
TRBV7-9,TRBJ2-1,ASSLVPEPYKEQL,2
TRBV7-9,TRBJ2-1,ASSLVPEPYKERF,1
TRBV7-9,TRBJ2-1,ASSLVPEPYKERS,1
TRBV7-9,TRBJ2-1,ASSLVPEPYKGQF,3
TRBV7-9,TRBJ2-1,ASSLVPEPYKGQI,1
TRBV7-9,TRBJ2-1,ASSLVPEPYKGQS,2
TRBV7-9,TRBJ2-1,ASSLVPEPYKKQC,1
TRBV7-9,TRBJ2-1,ASSLVPEPYNAEF,1
TRBV7-9,TRBJ2-1,ASSLVPEPYNAHC,1
TRBV7-9,TRBJ2-1,ASSLVPEPYNAHF,2
TRBV7-9,TRBJ2-1,ASSLVPEPYNAKF,1
TRBV7-9,TRBJ2-1,ASSLVPEPYNAPF,1
TRBV7-9,TRBJ2-1,ASSLVPEPYNAQC,1
TRBV7-9,TRBJ2-1,ASSLVPEPYNAQF,39
TRBV7-9,TRBJ2-1,ASSLVPEPYNAQL,1
TRBV7-9,TRBJ2-1,ASSLVPEPYNAQV,1
TRBV7-9,TRBJ2-1,ASSLVPEPYNAQY,1
TRBV7-9,TRBJ2-1,ASSLVPEPYNDEV,1
TRBV7-9,TRBJ2-1,ASSLVPEPYNDLF,1
TRBV7-9,TRBJ2-1,ASSLVPEPYNDQC,1
TRBV7-9,TRBJ2-1,ASSLVPEPYNDQF,28
TRBV7-9,TRBJ2-1,ASSLVPEPYNDQS,1
TRBV7-9,TRBJ2-1,ASSLVPEPYNDQV,1
TRBV7-9,TRBJ2-1,ASSLVPEPYNDWC,1
TRBV7-9,TRBJ2-1,ASSLVPEPYNEEC,1
TRBV7-9,TRBJ2-1,ASSLVPEPYNEEF,8
TRBV7-9,TRBJ2-1,ASSLVPEPYNEHF,34
TRBV7-9,TRBJ2-1,ASSLVPEPYNEHS,2
TRBV7-9,TRBJ2-1,ASSLVPEPYNEHV,2
TRBV7-9,TRBJ2-1,ASSLVPEPYNEKF,18
TRBV7-9,TRBJ2-1,ASSLVPEPYNEKL,1
TRBV7-9,TRBJ2-1,ASSLVPEPYNELC,1
TRBV7-9,TRBJ2-1,ASSLVPEPYNELF,6
TRBV7-9,TRBJ2-1,ASSLVPEPYNENS,1
TRBV7-9,TRBJ2-1,ASSLVPEPYNEPF,7
TRBV7-9,TRBJ2-1,ASSLVPEPYNEQC,22
TRBV7-9,TRBJ2-1,ASSLVPEPYNEQD,1
TRBV7-9,TRBJ2-1,ASSLVPEPYNEQF,1399
TRBV7-9,TRBJ2-1,ASSLVPEPYNEQI,9
TRBV7-9,TRBJ2-1,ASSLVPEPYNEQL,18
TRBV7-9,TRBJ2-1,ASSLVPEPYNEQS,17
TRBV7-9,TRBJ2-1,ASSLVPEPYNEQV,19
TRBV7-9,TRBJ2-1,ASSLVPEPYNEQY,12
TRBV7-9,TRBJ2-1,ASSLVPEPYNERF,3
TRBV7-9,TRBJ2-1,ASSLVPEPYNGEF,1
TRBV7-9,TRBJ2-1,ASSLVPEPYNGHF,3
TRBV7-9,TRBJ2-1,ASSLVPEPYNGHS,1
TRBV7-9,TRBJ2-1,ASSLVPEPYNGKF,1
TRBV7-9,TRBJ2-1,ASSLVPEPYNGLF,1
TRBV7-9,TRBJ2-1,ASSLVPEPYNGQC,1
TRBV7-9,TRBJ2-1,ASSLVPEPYNGQF,17
TRBV7-9,TRBJ2-1,ASSLVPEPYNGQV,1
TRBV7-9,TRBJ2-1,ASSLVPEPYNGQY,1
TRBV7-9,TRBJ2-1,ASSLVPEPYNGRC,1
TRBV7-9,TRBJ2-1,ASSLVPEPYNHQF,1
TRBV7-9,TRBJ2-1,ASSLVPEPYNKEF,1
TRBV7-9,TRBJ2-1,ASSLVPEPYNKHF,1
TRBV7-9,TRBJ2-1,ASSLVPEPYNKQF,20
TRBV7-9,TRBJ2-1,ASSLVPEPYNNQF,1
TRBV7-9,TRBJ2-1,ASSLVPEPYNQQF,7
TRBV7-9,TRBJ2-1,ASSLVPEPYNRQF,1
TRBV7-9,TRBJ2-1,ASSLVPEPYNTQC,1
TRBV7-9,TRBJ2-1,ASSLVPEPYNTQF,1
TRBV7-9,TRBJ2-1,ASSLVPEPYNVHF,1
TRBV7-9,TRBJ2-1,ASSLVPEPYNVQF,20
TRBV7-9,TRBJ2-1,ASSLVPEPYNWLF,1
TRBV7-9,TRBJ2-1,ASSLVPEPYNYQC,1
TRBV7-9,TRBJ2-1,ASSLVPEPYQEQF,1
TRBV7-9,TRBJ2-1,ASSLVPEPYSEQF,4
TRBV7-9,TRBJ2-1,ASSLVPEPYSGQF,1
TRBV7-9,TRBJ2-1,ASSLVPEPYTAQF,1
TRBV7-9,TRBJ2-1,ASSLVPEPYTDQF,1
TRBV7-9,TRBJ2-1,ASSLVPEPYTEHF,1
TRBV7-9,TRBJ2-1,ASSLVPEPYTEQC,3
TRBV7-9,TRBJ2-1,ASSLVPEPYTEQF,19
TRBV7-9,TRBJ2-1,ASSLVPEPYTEQS,1
TRBV7-9,TRBJ2-1,ASSLVPEPYTEYF,1
TRBV7-9,TRBJ2-1,ASSLVPEPYTGQF,2
TRBV7-9,TRBJ2-1,ASSLVPEPYTQHF,1
TRBV7-9,TRBJ2-1,ASSLVPEPYTQQF,1
TRBV7-9,TRBJ2-1,ASSLVPEPYYAQF,1
TRBV7-9,TRBJ2-1,ASSLVPEPYYEEF,1
TRBV7-9,TRBJ2-1,ASSLVPEPYYEQF,2
TRBV7-9,TRBJ2-1,ASSLVPEPYYHEQF,1
TRBV7-9,TRBJ2-1,ASSLVPEQF,6
TRBV7-9,TRBJ2-1,ASSLVPEQYKEQF,1
TRBV7-9,TRBJ2-1,ASSLVPEQYNEQF,1
TRBV7-9,TRBJ2-1,ASSLVPERCNDQF,1
TRBV7-9,TRBJ2-1,ASSLVPERDIEQF,1
TRBV7-9,TRBJ2-1,ASSLVPERFNEQF,1
TRBV7-9,TRBJ2-1,ASSLVPERHEQF,1
TRBV7-9,TRBJ2-1,ASSLVPERYNDQF,2
TRBV7-9,TRBJ2-1,ASSLVPERYNDQS,1
TRBV7-9,TRBJ2-1,ASSLVPERYNEKF,1
TRBV7-9,TRBJ2-1,ASSLVPERYNEKV,1
TRBV7-9,TRBJ2-1,ASSLVPERYNEQF,12
TRBV7-9,TRBJ2-1,ASSLVPERYNEQL,1
TRBV7-9,TRBJ2-1,ASSLVPERYNEQY,1
TRBV7-9,TRBJ2-1,ASSLVPESANEQF,4
TRBV7-9,TRBJ2-1,ASSLVPESCKEKF,2
TRBV7-9,TRBJ2-1,ASSLVPESCKEQI,1
TRBV7-9,TRBJ2-1,ASSLVPESCKEQY,1
TRBV7-9,TRBJ2-1,ASSLVPESCLEQF,1
TRBV7-9,TRBJ2-1,ASSLVPESCLKQF,1
TRBV7-9,TRBJ2-1,ASSLVPESCNAQY,1
TRBV7-9,TRBJ2-1,ASSLVPESCNDQF,1
TRBV7-9,TRBJ2-1,ASSLVPESCNEEF,1
TRBV7-9,TRBJ2-1,ASSLVPESCNEHF,1
TRBV7-9,TRBJ2-1,ASSLVPESCNEKF,1
TRBV7-9,TRBJ2-1,ASSLVPESCNELF,1
TRBV7-9,TRBJ2-1,ASSLVPESCNEPF,2
TRBV7-9,TRBJ2-1,ASSLVPESCNEQC,1
TRBV7-9,TRBJ2-1,ASSLVPESCNEQF,14
TRBV7-9,TRBJ2-1,ASSLVPESCNEQI,1
TRBV7-9,TRBJ2-1,ASSLVPESCNEQL,1
TRBV7-9,TRBJ2-1,ASSLVPESCNGQL,1
TRBV7-9,TRBJ2-1,ASSLVPESCNRQF,1
TRBV7-9,TRBJ2-1,ASSLVPESCQEQC,1
TRBV7-9,TRBJ2-1,ASSLVPESCSEQF,2
TRBV7-9,TRBJ2-1,ASSLVPESDHEKF,1
TRBV7-9,TRBJ2-1,ASSLVPESDHEQC,1
TRBV7-9,TRBJ2-1,ASSLVPESDIAQF,1
TRBV7-9,TRBJ2-1,ASSLVPESDIEQC,1
TRBV7-9,TRBJ2-1,ASSLVPESDKEQC,1
TRBV7-9,TRBJ2-1,ASSLVPESDKEQF,7
TRBV7-9,TRBJ2-1,ASSLVPESDKVQL,1
TRBV7-9,TRBJ2-1,ASSLVPESDNAPF,1
TRBV7-9,TRBJ2-1,ASSLVPESDNAQF,1
TRBV7-9,TRBJ2-1,ASSLVPESDNCQF,1
TRBV7-9,TRBJ2-1,ASSLVPESDNDQF,2
TRBV7-9,TRBJ2-1,ASSLVPESDNDQV,1
TRBV7-9,TRBJ2-1,ASSLVPESDNEHF,1
TRBV7-9,TRBJ2-1,ASSLVPESDNEKF,1
TRBV7-9,TRBJ2-1,ASSLVPESDNEMC,1
TRBV7-9,TRBJ2-1,ASSLVPESDNEPF,2
TRBV7-9,TRBJ2-1,ASSLVPESDNEQC,7
TRBV7-9,TRBJ2-1,ASSLVPESDNEQD,1
TRBV7-9,TRBJ2-1,ASSLVPESDNEQF,101
TRBV7-9,TRBJ2-1,ASSLVPESDNEQL,1
TRBV7-9,TRBJ2-1,ASSLVPESDNEQV,1
TRBV7-9,TRBJ2-1,ASSLVPESDNEQY,1
TRBV7-9,TRBJ2-1,ASSLVPESDNVKF,1
TRBV7-9,TRBJ2-1,ASSLVPESDNVQF,1
TRBV7-9,TRBJ2-1,ASSLVPESDSEHF,1
TRBV7-9,TRBJ2-1,ASSLVPESDTEQL,1
TRBV7-9,TRBJ2-1,ASSLVPESDYEQF,1
TRBV7-9,TRBJ2-1,ASSLVPESEKEQF,1
TRBV7-9,TRBJ2-1,ASSLVPESENAQF,1
TRBV7-9,TRBJ2-1,ASSLVPESENDQF,1
TRBV7-9,TRBJ2-1,ASSLVPESENEHF,2
TRBV7-9,TRBJ2-1,ASSLVPESENEQA,1
TRBV7-9,TRBJ2-1,ASSLVPESENEQF,13
TRBV7-9,TRBJ2-1,ASSLVPESENEQV,1
TRBV7-9,TRBJ2-1,ASSLVPESEQEQF,1
TRBV7-9,TRBJ2-1,ASSLVPESFMEQF,1
TRBV7-9,TRBJ2-1,ASSLVPESFNEQC,2
TRBV7-9,TRBJ2-1,ASSLVPESFNEQF,9
TRBV7-9,TRBJ2-1,ASSLVPESFNEQI,2
TRBV7-9,TRBJ2-1,ASSLVPESHHEQF,1
TRBV7-9,TRBJ2-1,ASSLVPESHHGPF,1
TRBV7-9,TRBJ2-1,ASSLVPESHIDQF,1
TRBV7-9,TRBJ2-1,ASSLVPESHIEQF,2
TRBV7-9,TRBJ2-1,ASSLVPESHKEQF,2
TRBV7-9,TRBJ2-1,ASSLVPESHKEQS,1
TRBV7-9,TRBJ2-1,ASSLVPESHNAQF,1
TRBV7-9,TRBJ2-1,ASSLVPESHNDQF,2
TRBV7-9,TRBJ2-1,ASSLVPESHNEEV,1
TRBV7-9,TRBJ2-1,ASSLVPESHNEHF,2
TRBV7-9,TRBJ2-1,ASSLVPESHNEHV,2
TRBV7-9,TRBJ2-1,ASSLVPESHNEKF,3
TRBV7-9,TRBJ2-1,ASSLVPESHNEPF,1
TRBV7-9,TRBJ2-1,ASSLVPESHNEQC,2
TRBV7-9,TRBJ2-1,ASSLVPESHNEQF,59
TRBV7-9,TRBJ2-1,ASSLVPESHNEQS,1
TRBV7-9,TRBJ2-1,ASSLVPESHNEQV,1
TRBV7-9,TRBJ2-1,ASSLVPESHNEQY,7
TRBV7-9,TRBJ2-1,ASSLVPESHNGQF,1
TRBV7-9,TRBJ2-1,ASSLVPESHNHQF,1
TRBV7-9,TRBJ2-1,ASSLVPESHNVQF,1
TRBV7-9,TRBJ2-1,ASSLVPESHYEQF,4
TRBV7-9,TRBJ2-1,ASSLVPESKKEQF,1
TRBV7-9,TRBJ2-1,ASSLVPESKNGQF,1
TRBV7-9,TRBJ2-1,ASSLVPESKQEQF,1
TRBV7-9,TRBJ2-1,ASSLVPESLNEQF,1
TRBV7-9,TRBJ2-1,ASSLVPESNKEQF,3
TRBV7-9,TRBJ2-1,ASSLVPESNKVQF,1
TRBV7-9,TRBJ2-1,ASSLVPESNNAQC,1
TRBV7-9,TRBJ2-1,ASSLVPESNNEHF,1
TRBV7-9,TRBJ2-1,ASSLVPESNNEQC,2
TRBV7-9,TRBJ2-1,ASSLVPESNNEQF,37
TRBV7-9,TRBJ2-1,ASSLVPESNNEQI,2
TRBV7-9,TRBJ2-1,ASSLVPESNNEQS,1
TRBV7-9,TRBJ2-1,ASSLVPESNNEQY,1
TRBV7-9,TRBJ2-1,ASSLVPESNNGQF,1
TRBV7-9,TRBJ2-1,ASSLVPESNNNQF,1
TRBV7-9,TRBJ2-1,ASSLVPESNNVQV,1
TRBV7-9,TRBJ2-1,ASSLVPESNYEQF,3
TRBV7-9,TRBJ2-1,ASSLVPESPNEQF,4
TRBV7-9,TRBJ2-1,ASSLVPESPNEQY,1
TRBV7-9,TRBJ2-1,ASSLVPESPYEQF,1
TRBV7-9,TRBJ2-1,ASSLVPESQNEQF,2
TRBV7-9,TRBJ2-1,ASSLVPESQNEQS,1
TRBV7-9,TRBJ2-1,ASSLVPESQNERL,1
TRBV7-9,TRBJ2-1,ASSLVPESQNVKF,1
TRBV7-9,TRBJ2-1,ASSLVPESSDAQF,1
TRBV7-9,TRBJ2-1,ASSLVPESSDEQF,1
TRBV7-9,TRBJ2-1,ASSLVPESSHEQC,1
TRBV7-9,TRBJ2-1,ASSLVPESSIDQF,1
TRBV7-9,TRBJ2-1,ASSLVPESSKEQF,2
TRBV7-9,TRBJ2-1,ASSLVPESSNAQF,1
TRBV7-9,TRBJ2-1,ASSLVPESSNEAF,1
TRBV7-9,TRBJ2-1,ASSLVPESSNEHF,1
TRBV7-9,TRBJ2-1,ASSLVPESSNEKF,1
TRBV7-9,TRBJ2-1,ASSLVPESSNEQF,89
TRBV7-9,TRBJ2-1,ASSLVPESSNEQV,1
TRBV7-9,TRBJ2-1,ASSLVPESSNEQY,7
TRBV7-9,TRBJ2-1,ASSLVPESSNVQF,1
TRBV7-9,TRBJ2-1,ASSLVPESSTEQF,1
TRBV7-9,TRBJ2-1,ASSLVPESSYEQF,3
TRBV7-9,TRBJ2-1,ASSLVPESTNEQF,1
TRBV7-9,TRBJ2-1,ASSLVPESWNEQF,1
TRBV7-9,TRBJ2-1,ASSLVPESWNEQV,1
TRBV7-9,TRBJ2-1,ASSLVPESYDAQF,1
TRBV7-9,TRBJ2-1,ASSLVPESYDEKF,1
TRBV7-9,TRBJ2-1,ASSLVPESYDELS,1
TRBV7-9,TRBJ2-1,ASSLVPESYDEQF,21
TRBV7-9,TRBJ2-1,ASSLVPESYDGQF,2
TRBV7-9,TRBJ2-1,ASSLVPESYDMQF,1
TRBV7-9,TRBJ2-1,ASSLVPESYDVQF,1
TRBV7-9,TRBJ2-1,ASSLVPESYHAQF,2
TRBV7-9,TRBJ2-1,ASSLVPESYHDHF,2
TRBV7-9,TRBJ2-1,ASSLVPESYHDQF,3
TRBV7-9,TRBJ2-1,ASSLVPESYHEHF,3
TRBV7-9,TRBJ2-1,ASSLVPESYHEKF,3
TRBV7-9,TRBJ2-1,ASSLVPESYHEPF,1
TRBV7-9,TRBJ2-1,ASSLVPESYHEPV,1
TRBV7-9,TRBJ2-1,ASSLVPESYHEQC,11
TRBV7-9,TRBJ2-1,ASSLVPESYHEQF,96
TRBV7-9,TRBJ2-1,ASSLVPESYHEQI,2
TRBV7-9,TRBJ2-1,ASSLVPESYHEQL,1
TRBV7-9,TRBJ2-1,ASSLVPESYHESF,1
TRBV7-9,TRBJ2-1,ASSLVPESYHGKF,2
TRBV7-9,TRBJ2-1,ASSLVPESYHGQF,1
TRBV7-9,TRBJ2-1,ASSLVPESYHKQF,3
TRBV7-9,TRBJ2-1,ASSLVPESYHKQV,1
TRBV7-9,TRBJ2-1,ASSLVPESYHQTF,1
TRBV7-9,TRBJ2-1,ASSLVPESYHVQF,2
TRBV7-9,TRBJ2-1,ASSLVPESYIDEC,1
TRBV7-9,TRBJ2-1,ASSLVPESYIDQF,3
TRBV7-9,TRBJ2-1,ASSLVPESYIEHS,1
TRBV7-9,TRBJ2-1,ASSLVPESYIEKF,4
TRBV7-9,TRBJ2-1,ASSLVPESYIEKI,1
TRBV7-9,TRBJ2-1,ASSLVPESYIEQC,5
TRBV7-9,TRBJ2-1,ASSLVPESYIEQF,48
TRBV7-9,TRBJ2-1,ASSLVPESYIEQL,1
TRBV7-9,TRBJ2-1,ASSLVPESYIGQF,2
TRBV7-9,TRBJ2-1,ASSLVPESYIKNF,1
TRBV7-9,TRBJ2-1,ASSLVPESYIKQC,1
TRBV7-9,TRBJ2-1,ASSLVPESYIKQF,3
TRBV7-9,TRBJ2-1,ASSLVPESYIQQS,1
TRBV7-9,TRBJ2-1,ASSLVPESYIVQF,1
TRBV7-9,TRBJ2-1,ASSLVPESYKAQF,3
TRBV7-9,TRBJ2-1,ASSLVPESYKDHF,1
TRBV7-9,TRBJ2-1,ASSLVPESYKDQF,3
TRBV7-9,TRBJ2-1,ASSLVPESYKDQS,1
TRBV7-9,TRBJ2-1,ASSLVPESYKDQV,1
TRBV7-9,TRBJ2-1,ASSLVPESYKEEF,2
TRBV7-9,TRBJ2-1,ASSLVPESYKEES,1
TRBV7-9,TRBJ2-1,ASSLVPESYKEHF,4
TRBV7-9,TRBJ2-1,ASSLVPESYKEKC,6
TRBV7-9,TRBJ2-1,ASSLVPESYKEKF,5
TRBV7-9,TRBJ2-1,ASSLVPESYKEKM,1
TRBV7-9,TRBJ2-1,ASSLVPESYKELF,1
TRBV7-9,TRBJ2-1,ASSLVPESYKELW,1
TRBV7-9,TRBJ2-1,ASSLVPESYKEPF,1
TRBV7-9,TRBJ2-1,ASSLVPESYKEQC,14
TRBV7-9,TRBJ2-1,ASSLVPESYKEQF,217
TRBV7-9,TRBJ2-1,ASSLVPESYKEQI,3
TRBV7-9,TRBJ2-1,ASSLVPESYKEQL,4
TRBV7-9,TRBJ2-1,ASSLVPESYKEQS,2
TRBV7-9,TRBJ2-1,ASSLVPESYKEQV,3
TRBV7-9,TRBJ2-1,ASSLVPESYKEQY,1
TRBV7-9,TRBJ2-1,ASSLVPESYKERF,2
TRBV7-9,TRBJ2-1,ASSLVPESYKETC,1
TRBV7-9,TRBJ2-1,ASSLVPESYKGKF,1
TRBV7-9,TRBJ2-1,ASSLVPESYKGPI,1
TRBV7-9,TRBJ2-1,ASSLVPESYKGQF,7
TRBV7-9,TRBJ2-1,ASSLVPESYKGQS,1
TRBV7-9,TRBJ2-1,ASSLVPESYKKKC,1
TRBV7-9,TRBJ2-1,ASSLVPESYKKKF,1
TRBV7-9,TRBJ2-1,ASSLVPESYKKQC,1
TRBV7-9,TRBJ2-1,ASSLVPESYKKQF,4
TRBV7-9,TRBJ2-1,ASSLVPESYKLQF,1
TRBV7-9,TRBJ2-1,ASSLVPESYKQQF,1
TRBV7-9,TRBJ2-1,ASSLVPESYKRQF,1
TRBV7-9,TRBJ2-1,ASSLVPESYKVKF,2
TRBV7-9,TRBJ2-1,ASSLVPESYKVQF,2
TRBV7-9,TRBJ2-1,ASSLVPESYLEQF,1
TRBV7-9,TRBJ2-1,ASSLVPESYMEKF,3
TRBV7-9,TRBJ2-1,ASSLVPESYMEQC,2
TRBV7-9,TRBJ2-1,ASSLVPESYMEQF,5
TRBV7-9,TRBJ2-1,ASSLVPESYMGQC,1
TRBV7-9,TRBJ2-1,ASSLVPESYNAHF,4
TRBV7-9,TRBJ2-1,ASSLVPESYNAHV,1
TRBV7-9,TRBJ2-1,ASSLVPESYNAKF,2
TRBV7-9,TRBJ2-1,ASSLVPESYNAPF,4
TRBV7-9,TRBJ2-1,ASSLVPESYNAPV,1
TRBV7-9,TRBJ2-1,ASSLVPESYNAQC,2
TRBV7-9,TRBJ2-1,ASSLVPESYNAQF,117
TRBV7-9,TRBJ2-1,ASSLVPESYNAQS,1
TRBV7-9,TRBJ2-1,ASSLVPESYNAQV,8
TRBV7-9,TRBJ2-1,ASSLVPESYNDEF,5
TRBV7-9,TRBJ2-1,ASSLVPESYNDES,3
TRBV7-9,TRBJ2-1,ASSLVPESYNDHC,1
TRBV7-9,TRBJ2-1,ASSLVPESYNDHF,14
TRBV7-9,TRBJ2-1,ASSLVPESYNDHV,4
TRBV7-9,TRBJ2-1,ASSLVPESYNDKF,4
TRBV7-9,TRBJ2-1,ASSLVPESYNDLF,1
TRBV7-9,TRBJ2-1,ASSLVPESYNDNF,2
TRBV7-9,TRBJ2-1,ASSLVPESYNDPF,6
TRBV7-9,TRBJ2-1,ASSLVPESYNDPL,1
TRBV7-9,TRBJ2-1,ASSLVPESYNDQC,1
TRBV7-9,TRBJ2-1,ASSLVPESYNDQF,312
TRBV7-9,TRBJ2-1,ASSLVPESYNDQI,2
TRBV7-9,TRBJ2-1,ASSLVPESYNDQL,2
TRBV7-9,TRBJ2-1,ASSLVPESYNDQS,2
TRBV7-9,TRBJ2-1,ASSLVPESYNDQT,1
TRBV7-9,TRBJ2-1,ASSLVPESYNDQV,7
TRBV7-9,TRBJ2-1,ASSLVPESYNDQY,1
TRBV7-9,TRBJ2-1,ASSLVPESYNDTF,1
TRBV7-9,TRBJ2-1,ASSLVPESYNEAF,2
TRBV7-9,TRBJ2-1,ASSLVPESYNEDF,2
TRBV7-9,TRBJ2-1,ASSLVPESYNEEF,31
TRBV7-9,TRBJ2-1,ASSLVPESYNEEL,1
TRBV7-9,TRBJ2-1,ASSLVPESYNEES,3
TRBV7-9,TRBJ2-1,ASSLVPESYNEGF,1
TRBV7-9,TRBJ2-1,ASSLVPESYNEHF,155
TRBV7-9,TRBJ2-1,ASSLVPESYNEHI,2
TRBV7-9,TRBJ2-1,ASSLVPESYNEHL,5
TRBV7-9,TRBJ2-1,ASSLVPESYNEHS,2
TRBV7-9,TRBJ2-1,ASSLVPESYNEHV,6
TRBV7-9,TRBJ2-1,ASSLVPESYNEKC,12
TRBV7-9,TRBJ2-1,ASSLVPESYNEKF,165
TRBV7-9,TRBJ2-1,ASSLVPESYNEKI,2
TRBV7-9,TRBJ2-1,ASSLVPESYNEKL,5
TRBV7-9,TRBJ2-1,ASSLVPESYNEKV,5
TRBV7-9,TRBJ2-1,ASSLVPESYNELC,1
TRBV7-9,TRBJ2-1,ASSLVPESYNELF,13
TRBV7-9,TRBJ2-1,ASSLVPESYNELL,1
TRBV7-9,TRBJ2-1,ASSLVPESYNELS,1
TRBV7-9,TRBJ2-1,ASSLVPESYNEMF,1
TRBV7-9,TRBJ2-1,ASSLVPESYNENF,4
TRBV7-9,TRBJ2-1,ASSLVPESYNEPC,1
TRBV7-9,TRBJ2-1,ASSLVPESYNEPF,97
TRBV7-9,TRBJ2-1,ASSLVPESYNEPI,1
TRBV7-9,TRBJ2-1,ASSLVPESYNEPL,2
TRBV7-9,TRBJ2-1,ASSLVPESYNEPV,2
TRBV7-9,TRBJ2-1,ASSLVPESYNEQC,229
TRBV7-9,TRBJ2-1,ASSLVPESYNEQD,1
TRBV7-9,TRBJ2-1,ASSLVPESYNEQF,9788
TRBV7-9,TRBJ2-1,ASSLVPESYNEQG,4
TRBV7-9,TRBJ2-1,ASSLVPESYNEQI,21
TRBV7-9,TRBJ2-1,ASSLVPESYNEQL,84
TRBV7-9,TRBJ2-1,ASSLVPESYNEQR,2
TRBV7-9,TRBJ2-1,ASSLVPESYNEQS,40
TRBV7-9,TRBJ2-1,ASSLVPESYNEQV,189
TRBV7-9,TRBJ2-1,ASSLVPESYNEQY,53
TRBV7-9,TRBJ2-1,ASSLVPESYNERC,1
TRBV7-9,TRBJ2-1,ASSLVPESYNERF,14
TRBV7-9,TRBJ2-1,ASSLVPESYNERV,1
TRBV7-9,TRBJ2-1,ASSLVPESYNESF,1
TRBV7-9,TRBJ2-1,ASSLVPESYNETF,12
TRBV7-9,TRBJ2-1,ASSLVPESYNETV,1
TRBV7-9,TRBJ2-1,ASSLVPESYNEVF,3
TRBV7-9,TRBJ2-1,ASSLVPESYNEYF,1
TRBV7-9,TRBJ2-1,ASSLVPESYNEYS,1
TRBV7-9,TRBJ2-1,ASSLVPESYNGEF,4
TRBV7-9,TRBJ2-1,ASSLVPESYNGHF,1
TRBV7-9,TRBJ2-1,ASSLVPESYNGKC,1
TRBV7-9,TRBJ2-1,ASSLVPESYNGKF,5
TRBV7-9,TRBJ2-1,ASSLVPESYNGPF,4
TRBV7-9,TRBJ2-1,ASSLVPESYNGQC,8
TRBV7-9,TRBJ2-1,ASSLVPESYNGQF,98
TRBV7-9,TRBJ2-1,ASSLVPESYNGQI,2
TRBV7-9,TRBJ2-1,ASSLVPESYNGQL,3
TRBV7-9,TRBJ2-1,ASSLVPESYNGQS,5
TRBV7-9,TRBJ2-1,ASSLVPESYNGQV,5
TRBV7-9,TRBJ2-1,ASSLVPESYNHHF,1
TRBV7-9,TRBJ2-1,ASSLVPESYNHQF,1
TRBV7-9,TRBJ2-1,ASSLVPESYNKHF,2
TRBV7-9,TRBJ2-1,ASSLVPESYNKKC,1
TRBV7-9,TRBJ2-1,ASSLVPESYNKKF,5
TRBV7-9,TRBJ2-1,ASSLVPESYNKKV,1
TRBV7-9,TRBJ2-1,ASSLVPESYNKLF,1
TRBV7-9,TRBJ2-1,ASSLVPESYNKPF,2
TRBV7-9,TRBJ2-1,ASSLVPESYNKQC,3
TRBV7-9,TRBJ2-1,ASSLVPESYNKQF,91
TRBV7-9,TRBJ2-1,ASSLVPESYNKQI,2
TRBV7-9,TRBJ2-1,ASSLVPESYNKQV,2
TRBV7-9,TRBJ2-1,ASSLVPESYNKTF,1
TRBV7-9,TRBJ2-1,ASSLVPESYNLQF,1
TRBV7-9,TRBJ2-1,ASSLVPESYNMQF,1
TRBV7-9,TRBJ2-1,ASSLVPESYNNHF,2
TRBV7-9,TRBJ2-1,ASSLVPESYNNHV,1
TRBV7-9,TRBJ2-1,ASSLVPESYNNKF,1
TRBV7-9,TRBJ2-1,ASSLVPESYNNQF,4
TRBV7-9,TRBJ2-1,ASSLVPESYNQKF,1
TRBV7-9,TRBJ2-1,ASSLVPESYNQPF,1
TRBV7-9,TRBJ2-1,ASSLVPESYNQQF,16
TRBV7-9,TRBJ2-1,ASSLVPESYNQQY,1
TRBV7-9,TRBJ2-1,ASSLVPESYNRKF,1
TRBV7-9,TRBJ2-1,ASSLVPESYNRKI,1
TRBV7-9,TRBJ2-1,ASSLVPESYNRKL,1
TRBV7-9,TRBJ2-1,ASSLVPESYNRQF,4
TRBV7-9,TRBJ2-1,ASSLVPESYNSQF,1
TRBV7-9,TRBJ2-1,ASSLVPESYNTQF,1
TRBV7-9,TRBJ2-1,ASSLVPESYNVHF,3
TRBV7-9,TRBJ2-1,ASSLVPESYNVHV,1
TRBV7-9,TRBJ2-1,ASSLVPESYNVKF,3
TRBV7-9,TRBJ2-1,ASSLVPESYNVPF,5
TRBV7-9,TRBJ2-1,ASSLVPESYNVQF,99
TRBV7-9,TRBJ2-1,ASSLVPESYNVQL,3
TRBV7-9,TRBJ2-1,ASSLVPESYNWQF,1
TRBV7-9,TRBJ2-1,ASSLVPESYNYQF,5
TRBV7-9,TRBJ2-1,ASSLVPESYPEQF,1
TRBV7-9,TRBJ2-1,ASSLVPESYPTQF,1
TRBV7-9,TRBJ2-1,ASSLVPESYQEQF,7
TRBV7-9,TRBJ2-1,ASSLVPESYQEQL,1
TRBV7-9,TRBJ2-1,ASSLVPESYREQF,2
TRBV7-9,TRBJ2-1,ASSLVPESYREQL,1
TRBV7-9,TRBJ2-1,ASSLVPESYRKQF,1
TRBV7-9,TRBJ2-1,ASSLVPESYSAQF,1
TRBV7-9,TRBJ2-1,ASSLVPESYSDQF,2
TRBV7-9,TRBJ2-1,ASSLVPESYSEEF,1
TRBV7-9,TRBJ2-1,ASSLVPESYSEKF,2
TRBV7-9,TRBJ2-1,ASSLVPESYSEPF,1
TRBV7-9,TRBJ2-1,ASSLVPESYSEQF,48
TRBV7-9,TRBJ2-1,ASSLVPESYSEQI,1
TRBV7-9,TRBJ2-1,ASSLVPESYSEQS,1
TRBV7-9,TRBJ2-1,ASSLVPESYSEQV,1
TRBV7-9,TRBJ2-1,ASSLVPESYSGEF,1
TRBV7-9,TRBJ2-1,ASSLVPESYSGQF,3
TRBV7-9,TRBJ2-1,ASSLVPESYSVQF,1
TRBV7-9,TRBJ2-1,ASSLVPESYTAQF,1
TRBV7-9,TRBJ2-1,ASSLVPESYTDQF,1
TRBV7-9,TRBJ2-1,ASSLVPESYTEKC,1
TRBV7-9,TRBJ2-1,ASSLVPESYTEKF,2
TRBV7-9,TRBJ2-1,ASSLVPESYTEPF,1
TRBV7-9,TRBJ2-1,ASSLVPESYTEQC,5
TRBV7-9,TRBJ2-1,ASSLVPESYTEQF,77
TRBV7-9,TRBJ2-1,ASSLVPESYTEQL,6
TRBV7-9,TRBJ2-1,ASSLVPESYTEQV,5
TRBV7-9,TRBJ2-1,ASSLVPESYTEQY,2
TRBV7-9,TRBJ2-1,ASSLVPESYTGHF,1
TRBV7-9,TRBJ2-1,ASSLVPESYTGQG,1
TRBV7-9,TRBJ2-1,ASSLVPESYTKQF,1
TRBV7-9,TRBJ2-1,ASSLVPESYTLQF,1
TRBV7-9,TRBJ2-1,ASSLVPESYTQQF,1
TRBV7-9,TRBJ2-1,ASSLVPESYYAQF,1
TRBV7-9,TRBJ2-1,ASSLVPESYYDQF,1
TRBV7-9,TRBJ2-1,ASSLVPESYYDQS,1
TRBV7-9,TRBJ2-1,ASSLVPESYYEHF,1
TRBV7-9,TRBJ2-1,ASSLVPESYYEPF,1
TRBV7-9,TRBJ2-1,ASSLVPESYYEQC,1
TRBV7-9,TRBJ2-1,ASSLVPESYYEQF,54
TRBV7-9,TRBJ2-1,ASSLVPESYYEQY,1
TRBV7-9,TRBJ2-1,ASSLVPESYYGEF,1
TRBV7-9,TRBJ2-1,ASSLVPESYYGQF,5
TRBV7-9,TRBJ2-1,ASSLVPESYYLNF,1
TRBV7-9,TRBJ2-1,ASSLVPESYYNQF,1
TRBV7-9,TRBJ2-1,ASSLVPESYYVLF,1
TRBV7-9,TRBJ2-1,ASSLVPETANGLF,1
TRBV7-9,TRBJ2-1,ASSLVPETCHEQC,1
TRBV7-9,TRBJ2-1,ASSLVPETCNEQF,1
TRBV7-9,TRBJ2-1,ASSLVPETCNVPF,1
TRBV7-9,TRBJ2-1,ASSLVPETDKAHF,1
TRBV7-9,TRBJ2-1,ASSLVPETDNAQF,1
TRBV7-9,TRBJ2-1,ASSLVPETDNDQL,1
TRBV7-9,TRBJ2-1,ASSLVPETDNEHF,1
TRBV7-9,TRBJ2-1,ASSLVPETDNEQF,14
TRBV7-9,TRBJ2-1,ASSLVPETDNEQL,1
TRBV7-9,TRBJ2-1,ASSLVPETDNEQV,1
TRBV7-9,TRBJ2-1,ASSLVPETDNEQY,1
TRBV7-9,TRBJ2-1,ASSLVPETDNGQC,1
TRBV7-9,TRBJ2-1,ASSLVPETDNKHF,1
TRBV7-9,TRBJ2-1,ASSLVPETDNVQF,1
TRBV7-9,TRBJ2-1,ASSLVPETFHEPF,1
TRBV7-9,TRBJ2-1,ASSLVPETFNEQF,7
TRBV7-9,TRBJ2-1,ASSLVPETFNGQF,1
TRBV7-9,TRBJ2-1,ASSLVPETGNEQF,1
TRBV7-9,TRBJ2-1,ASSLVPETHNDRF,1
TRBV7-9,TRBJ2-1,ASSLVPETHNEQF,9
TRBV7-9,TRBJ2-1,ASSLVPETHNKQF,1
TRBV7-9,TRBJ2-1,ASSLVPETHNVQF,1
TRBV7-9,TRBJ2-1,ASSLVPETINEQF,1
TRBV7-9,TRBJ2-1,ASSLVPETLNEQF,1
TRBV7-9,TRBJ2-1,ASSLVPETLNEQL,1
TRBV7-9,TRBJ2-1,ASSLVPETNHAQC,1
TRBV7-9,TRBJ2-1,ASSLVPETNHEQF,1
TRBV7-9,TRBJ2-1,ASSLVPETNIEQL,1
TRBV7-9,TRBJ2-1,ASSLVPETNNDQF,1
TRBV7-9,TRBJ2-1,ASSLVPETNNEKF,1
TRBV7-9,TRBJ2-1,ASSLVPETNNEQF,8
TRBV7-9,TRBJ2-1,ASSLVPETNSERF,1
TRBV7-9,TRBJ2-1,ASSLVPETPNEQF,1
TRBV7-9,TRBJ2-1,ASSLVPETQNEQF,2
TRBV7-9,TRBJ2-1,ASSLVPETSHAQF,1
TRBV7-9,TRBJ2-1,ASSLVPETSNDQF,1
TRBV7-9,TRBJ2-1,ASSLVPETSNEQF,15
TRBV7-9,TRBJ2-1,ASSLVPETSNQQF,1
TRBV7-9,TRBJ2-1,ASSLVPETTNEQF,2
TRBV7-9,TRBJ2-1,ASSLVPETYAEQF,1
TRBV7-9,TRBJ2-1,ASSLVPETYDEQF,6
TRBV7-9,TRBJ2-1,ASSLVPETYDEQV,1
TRBV7-9,TRBJ2-1,ASSLVPETYDKQF,1
TRBV7-9,TRBJ2-1,ASSLVPETYEELF,2
TRBV7-9,TRBJ2-1,ASSLVPETYEEQF,1
TRBV7-9,TRBJ2-1,ASSLVPETYHEQF,8
TRBV7-9,TRBJ2-1,ASSLVPETYIEHF,1
TRBV7-9,TRBJ2-1,ASSLVPETYIEQF,5
TRBV7-9,TRBJ2-1,ASSLVPETYIEQS,1
TRBV7-9,TRBJ2-1,ASSLVPETYKEKC,1
TRBV7-9,TRBJ2-1,ASSLVPETYKEQC,1
TRBV7-9,TRBJ2-1,ASSLVPETYKEQF,45
TRBV7-9,TRBJ2-1,ASSLVPETYKEQL,1
TRBV7-9,TRBJ2-1,ASSLVPETYKEQS,1
TRBV7-9,TRBJ2-1,ASSLVPETYKGQF,2
TRBV7-9,TRBJ2-1,ASSLVPETYKKKF,1
TRBV7-9,TRBJ2-1,ASSLVPETYKQQF,1
TRBV7-9,TRBJ2-1,ASSLVPETYKVQF,1
TRBV7-9,TRBJ2-1,ASSLVPETYMEQC,1
TRBV7-9,TRBJ2-1,ASSLVPETYNAPF,1
TRBV7-9,TRBJ2-1,ASSLVPETYNAQC,1
TRBV7-9,TRBJ2-1,ASSLVPETYNAQF,16
TRBV7-9,TRBJ2-1,ASSLVPETYNAQG,1
TRBV7-9,TRBJ2-1,ASSLVPETYNDEF,1
TRBV7-9,TRBJ2-1,ASSLVPETYNDHF,1
TRBV7-9,TRBJ2-1,ASSLVPETYNDKF,2
TRBV7-9,TRBJ2-1,ASSLVPETYNDQF,17
TRBV7-9,TRBJ2-1,ASSLVPETYNEEF,7
TRBV7-9,TRBJ2-1,ASSLVPETYNEEI,1
TRBV7-9,TRBJ2-1,ASSLVPETYNEHC,2
TRBV7-9,TRBJ2-1,ASSLVPETYNEHF,30
TRBV7-9,TRBJ2-1,ASSLVPETYNEKC,1
TRBV7-9,TRBJ2-1,ASSLVPETYNEKF,21
TRBV7-9,TRBJ2-1,ASSLVPETYNEKV,1
TRBV7-9,TRBJ2-1,ASSLVPETYNELC,1
TRBV7-9,TRBJ2-1,ASSLVPETYNELF,3
TRBV7-9,TRBJ2-1,ASSLVPETYNEPF,6
TRBV7-9,TRBJ2-1,ASSLVPETYNEPL,1
TRBV7-9,TRBJ2-1,ASSLVPETYNEQC,15
TRBV7-9,TRBJ2-1,ASSLVPETYNEQF,1390
TRBV7-9,TRBJ2-1,ASSLVPETYNEQI,2
TRBV7-9,TRBJ2-1,ASSLVPETYNEQL,21
TRBV7-9,TRBJ2-1,ASSLVPETYNEQS,6
TRBV7-9,TRBJ2-1,ASSLVPETYNEQV,15
TRBV7-9,TRBJ2-1,ASSLVPETYNEQY,10
TRBV7-9,TRBJ2-1,ASSLVPETYNERF,2
TRBV7-9,TRBJ2-1,ASSLVPETYNESF,1
TRBV7-9,TRBJ2-1,ASSLVPETYNGQC,1
TRBV7-9,TRBJ2-1,ASSLVPETYNGQF,17
TRBV7-9,TRBJ2-1,ASSLVPETYNGQI,1
TRBV7-9,TRBJ2-1,ASSLVPETYNGQS,1
TRBV7-9,TRBJ2-1,ASSLVPETYNKEF,1
TRBV7-9,TRBJ2-1,ASSLVPETYNKQF,15
TRBV7-9,TRBJ2-1,ASSLVPETYNKQY,1
TRBV7-9,TRBJ2-1,ASSLVPETYNMQF,1
TRBV7-9,TRBJ2-1,ASSLVPETYNNQF,1
TRBV7-9,TRBJ2-1,ASSLVPETYNQQF,9
TRBV7-9,TRBJ2-1,ASSLVPETYNQQY,1
TRBV7-9,TRBJ2-1,ASSLVPETYNRQF,1
TRBV7-9,TRBJ2-1,ASSLVPETYNTQF,1
TRBV7-9,TRBJ2-1,ASSLVPETYNVKM,1
TRBV7-9,TRBJ2-1,ASSLVPETYNVPF,1
TRBV7-9,TRBJ2-1,ASSLVPETYNVQF,13
TRBV7-9,TRBJ2-1,ASSLVPETYNYQF,1
TRBV7-9,TRBJ2-1,ASSLVPETYREQF,1
TRBV7-9,TRBJ2-1,ASSLVPETYSDKC,1
TRBV7-9,TRBJ2-1,ASSLVPETYSEQF,6
TRBV7-9,TRBJ2-1,ASSLVPETYSERF,1
TRBV7-9,TRBJ2-1,ASSLVPETYTAQF,1
TRBV7-9,TRBJ2-1,ASSLVPETYTEPF,1
TRBV7-9,TRBJ2-1,ASSLVPETYTEQF,5
TRBV7-9,TRBJ2-1,ASSLVPETYTEQL,2
TRBV7-9,TRBJ2-1,ASSLVPETYTGQF,1
TRBV7-9,TRBJ2-1,ASSLVPETYYEQF,2
TRBV7-9,TRBJ2-1,ASSLVPETYYGQC,1
TRBV7-9,TRBJ2-1,ASSLVPEVAGDEQF,1
TRBV7-9,TRBJ2-1,ASSLVPEVCNDQF,2
TRBV7-9,TRBJ2-1,ASSLVPEVCNEHF,1
TRBV7-9,TRBJ2-1,ASSLVPEVCNEQF,6
TRBV7-9,TRBJ2-1,ASSLVPEVCNEQL,1
TRBV7-9,TRBJ2-1,ASSLVPEVDDEQF,1
TRBV7-9,TRBJ2-1,ASSLVPEVDHRQF,1
TRBV7-9,TRBJ2-1,ASSLVPEVDKEQF,1
TRBV7-9,TRBJ2-1,ASSLVPEVDKEQV,1
TRBV7-9,TRBJ2-1,ASSLVPEVDKKQF,1
TRBV7-9,TRBJ2-1,ASSLVPEVDNEHF,1
TRBV7-9,TRBJ2-1,ASSLVPEVDNEQC,3
TRBV7-9,TRBJ2-1,ASSLVPEVDNEQF,33
TRBV7-9,TRBJ2-1,ASSLVPEVDNEQL,1
TRBV7-9,TRBJ2-1,ASSLVPEVDNEQS,1
TRBV7-9,TRBJ2-1,ASSLVPEVDNGQF,3
TRBV7-9,TRBJ2-1,ASSLVPEVDNRQF,1
TRBV7-9,TRBJ2-1,ASSLVPEVDSEQF,1
TRBV7-9,TRBJ2-1,ASSLVPEVENEQF,6
TRBV7-9,TRBJ2-1,ASSLVPEVFNEQF,2
TRBV7-9,TRBJ2-1,ASSLVPEVHNDQF,4
TRBV7-9,TRBJ2-1,ASSLVPEVHNEKF,2
TRBV7-9,TRBJ2-1,ASSLVPEVHNEPF,1
TRBV7-9,TRBJ2-1,ASSLVPEVHNEQF,18
TRBV7-9,TRBJ2-1,ASSLVPEVHNEQV,1
TRBV7-9,TRBJ2-1,ASSLVPEVHSEQV,1
TRBV7-9,TRBJ2-1,ASSLVPEVKKAQF,1
TRBV7-9,TRBJ2-1,ASSLVPEVKNTQY,1
TRBV7-9,TRBJ2-1,ASSLVPEVLNAQF,1
TRBV7-9,TRBJ2-1,ASSLVPEVLNEQF,1
TRBV7-9,TRBJ2-1,ASSLVPEVNIELF,1
TRBV7-9,TRBJ2-1,ASSLVPEVNKEQF,1
TRBV7-9,TRBJ2-1,ASSLVPEVNNEHF,1
TRBV7-9,TRBJ2-1,ASSLVPEVNNEQF,8
TRBV7-9,TRBJ2-1,ASSLVPEVNNKQF,1
TRBV7-9,TRBJ2-1,ASSLVPEVNSEQF,1
TRBV7-9,TRBJ2-1,ASSLVPEVNVEQF,1
TRBV7-9,TRBJ2-1,ASSLVPEVQNDQF,1
TRBV7-9,TRBJ2-1,ASSLVPEVSKEKF,1
TRBV7-9,TRBJ2-1,ASSLVPEVSNEHF,1
TRBV7-9,TRBJ2-1,ASSLVPEVSNEQF,14
TRBV7-9,TRBJ2-1,ASSLVPEVSNGQF,1
TRBV7-9,TRBJ2-1,ASSLVPEVSRAKF,1
TRBV7-9,TRBJ2-1,ASSLVPEVSTEQF,2
TRBV7-9,TRBJ2-1,ASSLVPEVVNEQF,2
TRBV7-9,TRBJ2-1,ASSLVPEVYCERF,1
TRBV7-9,TRBJ2-1,ASSLVPEVYDELF,1
TRBV7-9,TRBJ2-1,ASSLVPEVYDEQF,12
TRBV7-9,TRBJ2-1,ASSLVPEVYDEQL,1
TRBV7-9,TRBJ2-1,ASSLVPEVYDGQF,1
TRBV7-9,TRBJ2-1,ASSLVPEVYDGQS,1
TRBV7-9,TRBJ2-1,ASSLVPEVYDKHF,1
TRBV7-9,TRBJ2-1,ASSLVPEVYDVHF,1
TRBV7-9,TRBJ2-1,ASSLVPEVYEDKF,1
TRBV7-9,TRBJ2-1,ASSLVPEVYEEQF,1
TRBV7-9,TRBJ2-1,ASSLVPEVYFEQF,1
TRBV7-9,TRBJ2-1,ASSLVPEVYFEQV,1
TRBV7-9,TRBJ2-1,ASSLVPEVYHAPF,1
TRBV7-9,TRBJ2-1,ASSLVPEVYHAQF,1
TRBV7-9,TRBJ2-1,ASSLVPEVYHDHF,1
TRBV7-9,TRBJ2-1,ASSLVPEVYHDQF,1
TRBV7-9,TRBJ2-1,ASSLVPEVYHEHV,1
TRBV7-9,TRBJ2-1,ASSLVPEVYHEKF,1
TRBV7-9,TRBJ2-1,ASSLVPEVYHEPF,2
TRBV7-9,TRBJ2-1,ASSLVPEVYHEQF,19
TRBV7-9,TRBJ2-1,ASSLVPEVYHEQV,1
TRBV7-9,TRBJ2-1,ASSLVPEVYHERF,1
TRBV7-9,TRBJ2-1,ASSLVPEVYHGQF,1
TRBV7-9,TRBJ2-1,ASSLVPEVYHKQF,4
TRBV7-9,TRBJ2-1,ASSLVPEVYIEQC,2
TRBV7-9,TRBJ2-1,ASSLVPEVYIEQF,17
TRBV7-9,TRBJ2-1,ASSLVPEVYIEQI,1
TRBV7-9,TRBJ2-1,ASSLVPEVYIEQL,1
TRBV7-9,TRBJ2-1,ASSLVPEVYKAQF,1
TRBV7-9,TRBJ2-1,ASSLVPEVYKDQC,1
TRBV7-9,TRBJ2-1,ASSLVPEVYKDQF,2
TRBV7-9,TRBJ2-1,ASSLVPEVYKEEF,1
TRBV7-9,TRBJ2-1,ASSLVPEVYKEHF,2
TRBV7-9,TRBJ2-1,ASSLVPEVYKEKF,1
TRBV7-9,TRBJ2-1,ASSLVPEVYKEQF,41
TRBV7-9,TRBJ2-1,ASSLVPEVYKEQI,1
TRBV7-9,TRBJ2-1,ASSLVPEVYKEQL,1
TRBV7-9,TRBJ2-1,ASSLVPEVYKEQV,1
TRBV7-9,TRBJ2-1,ASSLVPEVYKGQF,2
TRBV7-9,TRBJ2-1,ASSLVPEVYKQKF,1
TRBV7-9,TRBJ2-1,ASSLVPEVYKQQF,1
TRBV7-9,TRBJ2-1,ASSLVPEVYKQQY,1
TRBV7-9,TRBJ2-1,ASSLVPEVYKVQF,2
TRBV7-9,TRBJ2-1,ASSLVPEVYMEQF,2
TRBV7-9,TRBJ2-1,ASSLVPEVYNAEF,1
TRBV7-9,TRBJ2-1,ASSLVPEVYNAQF,18
TRBV7-9,TRBJ2-1,ASSLVPEVYNAQY,1
TRBV7-9,TRBJ2-1,ASSLVPEVYNATF,1
TRBV7-9,TRBJ2-1,ASSLVPEVYNDAC,1
TRBV7-9,TRBJ2-1,ASSLVPEVYNDHF,3
TRBV7-9,TRBJ2-1,ASSLVPEVYNDHV,2
TRBV7-9,TRBJ2-1,ASSLVPEVYNDKF,1
TRBV7-9,TRBJ2-1,ASSLVPEVYNDKV,3
TRBV7-9,TRBJ2-1,ASSLVPEVYNDKY,1
TRBV7-9,TRBJ2-1,ASSLVPEVYNDQC,2
TRBV7-9,TRBJ2-1,ASSLVPEVYNDQF,116
TRBV7-9,TRBJ2-1,ASSLVPEVYNDQL,1
TRBV7-9,TRBJ2-1,ASSLVPEVYNDQV,2
TRBV7-9,TRBJ2-1,ASSLVPEVYNEAF,1
TRBV7-9,TRBJ2-1,ASSLVPEVYNEDF,1
TRBV7-9,TRBJ2-1,ASSLVPEVYNEEC,1
TRBV7-9,TRBJ2-1,ASSLVPEVYNEEF,18
TRBV7-9,TRBJ2-1,ASSLVPEVYNEEL,2
TRBV7-9,TRBJ2-1,ASSLVPEVYNEHA,1
TRBV7-9,TRBJ2-1,ASSLVPEVYNEHF,40
TRBV7-9,TRBJ2-1,ASSLVPEVYNEHI,2
TRBV7-9,TRBJ2-1,ASSLVPEVYNEHV,11
TRBV7-9,TRBJ2-1,ASSLVPEVYNEKF,48
TRBV7-9,TRBJ2-1,ASSLVPEVYNEKI,2
TRBV7-9,TRBJ2-1,ASSLVPEVYNEKS,1
TRBV7-9,TRBJ2-1,ASSLVPEVYNELF,5
TRBV7-9,TRBJ2-1,ASSLVPEVYNEMF,2
TRBV7-9,TRBJ2-1,ASSLVPEVYNENF,1
TRBV7-9,TRBJ2-1,ASSLVPEVYNEPF,20
TRBV7-9,TRBJ2-1,ASSLVPEVYNEPI,1
TRBV7-9,TRBJ2-1,ASSLVPEVYNEQC,37
TRBV7-9,TRBJ2-1,ASSLVPEVYNEQF,2747
TRBV7-9,TRBJ2-1,ASSLVPEVYNEQI,5
TRBV7-9,TRBJ2-1,ASSLVPEVYNEQL,23
TRBV7-9,TRBJ2-1,ASSLVPEVYNEQS,4
TRBV7-9,TRBJ2-1,ASSLVPEVYNEQV,54
TRBV7-9,TRBJ2-1,ASSLVPEVYNEQY,8
TRBV7-9,TRBJ2-1,ASSLVPEVYNERC,1
TRBV7-9,TRBJ2-1,ASSLVPEVYNERF,4
TRBV7-9,TRBJ2-1,ASSLVPEVYNETF,1
TRBV7-9,TRBJ2-1,ASSLVPEVYNEYF,1
TRBV7-9,TRBJ2-1,ASSLVPEVYNGHF,1
TRBV7-9,TRBJ2-1,ASSLVPEVYNGKF,1
TRBV7-9,TRBJ2-1,ASSLVPEVYNGPF,1
TRBV7-9,TRBJ2-1,ASSLVPEVYNGQC,3
TRBV7-9,TRBJ2-1,ASSLVPEVYNGQF,39
TRBV7-9,TRBJ2-1,ASSLVPEVYNGQL,1
TRBV7-9,TRBJ2-1,ASSLVPEVYNGQS,1
TRBV7-9,TRBJ2-1,ASSLVPEVYNGQV,2
TRBV7-9,TRBJ2-1,ASSLVPEVYNGRF,1
TRBV7-9,TRBJ2-1,ASSLVPEVYNGYF,1
TRBV7-9,TRBJ2-1,ASSLVPEVYNKHV,1
TRBV7-9,TRBJ2-1,ASSLVPEVYNKKF,2
TRBV7-9,TRBJ2-1,ASSLVPEVYNKQC,1
TRBV7-9,TRBJ2-1,ASSLVPEVYNKQF,27
TRBV7-9,TRBJ2-1,ASSLVPEVYNKQL,1
TRBV7-9,TRBJ2-1,ASSLVPEVYNNNF,1
TRBV7-9,TRBJ2-1,ASSLVPEVYNNQF,1
TRBV7-9,TRBJ2-1,ASSLVPEVYNRQF,1
TRBV7-9,TRBJ2-1,ASSLVPEVYNSQF,1
TRBV7-9,TRBJ2-1,ASSLVPEVYNTQF,2
TRBV7-9,TRBJ2-1,ASSLVPEVYNVHF,3
TRBV7-9,TRBJ2-1,ASSLVPEVYNVKF,2
TRBV7-9,TRBJ2-1,ASSLVPEVYNVQC,1
TRBV7-9,TRBJ2-1,ASSLVPEVYNVQF,36
TRBV7-9,TRBJ2-1,ASSLVPEVYNVQL,2
TRBV7-9,TRBJ2-1,ASSLVPEVYNVQV,3
TRBV7-9,TRBJ2-1,ASSLVPEVYNWKF,1
TRBV7-9,TRBJ2-1,ASSLVPEVYNYQF,1
TRBV7-9,TRBJ2-1,ASSLVPEVYQEHF,1
TRBV7-9,TRBJ2-1,ASSLVPEVYQEQF,1
TRBV7-9,TRBJ2-1,ASSLVPEVYREQF,2
TRBV7-9,TRBJ2-1,ASSLVPEVYSALL,1
TRBV7-9,TRBJ2-1,ASSLVPEVYSEQC,1
TRBV7-9,TRBJ2-1,ASSLVPEVYSEQF,14
TRBV7-9,TRBJ2-1,ASSLVPEVYSKHF,1
TRBV7-9,TRBJ2-1,ASSLVPEVYTAQF,1
TRBV7-9,TRBJ2-1,ASSLVPEVYTEHF,1
TRBV7-9,TRBJ2-1,ASSLVPEVYTEKL,1
TRBV7-9,TRBJ2-1,ASSLVPEVYTEPF,1
TRBV7-9,TRBJ2-1,ASSLVPEVYTEQC,2
TRBV7-9,TRBJ2-1,ASSLVPEVYTEQF,19
TRBV7-9,TRBJ2-1,ASSLVPEVYTERF,1
TRBV7-9,TRBJ2-1,ASSLVPEVYTKQF,1
TRBV7-9,TRBJ2-1,ASSLVPEVYTVQF,1
TRBV7-9,TRBJ2-1,ASSLVPEVYYDQF,1
TRBV7-9,TRBJ2-1,ASSLVPEVYYEPF,1
TRBV7-9,TRBJ2-1,ASSLVPEVYYEPI,1
TRBV7-9,TRBJ2-1,ASSLVPEVYYEQC,1
TRBV7-9,TRBJ2-1,ASSLVPEVYYEQF,13
TRBV7-9,TRBJ2-1,ASSLVPEVYYEQL,1
TRBV7-9,TRBJ2-1,ASSLVPEVYYGEF,1
TRBV7-9,TRBJ2-1,ASSLVPEVYYKQF,1
TRBV7-9,TRBJ2-1,ASSLVPEVYYVQF,1
TRBV7-9,TRBJ2-1,ASSLVPEWYNEQF,1
TRBV7-9,TRBJ2-1,ASSLVPEYCNGES,1
TRBV7-9,TRBJ2-1,ASSLVPEYCTEQF,1
TRBV7-9,TRBJ2-1,ASSLVPEYDNEKF,1
TRBV7-9,TRBJ2-1,ASSLVPEYDNEQL,1
TRBV7-9,TRBJ2-1,ASSLVPEYNEQF,1
TRBV7-9,TRBJ2-1,ASSLVPEYQNEQF,1
TRBV7-9,TRBJ2-1,ASSLVPEYSHDQF,1
TRBV7-9,TRBJ2-1,ASSLVPEYSNEQF,1
TRBV7-9,TRBJ2-1,ASSLVPEYSSEQF,1
TRBV7-9,TRBJ2-1,ASSLVPEYYDEQF,2
TRBV7-9,TRBJ2-1,ASSLVPEYYEEQF,1
TRBV7-9,TRBJ2-1,ASSLVPEYYHEQF,1
TRBV7-9,TRBJ2-1,ASSLVPEYYKEQF,5
TRBV7-9,TRBJ2-1,ASSLVPEYYNAPF,1
TRBV7-9,TRBJ2-1,ASSLVPEYYNAQF,4
TRBV7-9,TRBJ2-1,ASSLVPEYYNDQC,1
TRBV7-9,TRBJ2-1,ASSLVPEYYNDQF,4
TRBV7-9,TRBJ2-1,ASSLVPEYYNDQV,1
TRBV7-9,TRBJ2-1,ASSLVPEYYNEHC,1
TRBV7-9,TRBJ2-1,ASSLVPEYYNEHF,1
TRBV7-9,TRBJ2-1,ASSLVPEYYNEHV,1
TRBV7-9,TRBJ2-1,ASSLVPEYYNEKF,6
TRBV7-9,TRBJ2-1,ASSLVPEYYNEKS,1
TRBV7-9,TRBJ2-1,ASSLVPEYYNEPF,2
TRBV7-9,TRBJ2-1,ASSLVPEYYNEQC,2
TRBV7-9,TRBJ2-1,ASSLVPEYYNEQF,135
TRBV7-9,TRBJ2-1,ASSLVPEYYNEQL,1
TRBV7-9,TRBJ2-1,ASSLVPEYYNEQS,1
TRBV7-9,TRBJ2-1,ASSLVPEYYNEQV,1
TRBV7-9,TRBJ2-1,ASSLVPEYYNESF,1
TRBV7-9,TRBJ2-1,ASSLVPEYYNLHF,1
TRBV7-9,TRBJ2-1,ASSLVPEYYNVQF,1
TRBV7-9,TRBJ2-1,ASSLVPEYYSEQF,1
TRBV7-9,TRBJ2-1,ASSLVPEYYTEQF,2
TRBV7-9,TRBJ2-1,ASSLVPEYYTEQY,1
TRBV7-9,TRBJ2-1,ASSLVPEYYTGQF,1
TRBV7-9,TRBJ2-1,ASSLVPEYYYEEF,1
TRBV7-9,TRBJ2-1,ASSLVPEYYYEQF,2
TRBV7-9,TRBJ2-1,ASSLVPEYYYKQF,1
TRBV7-9,TRBJ2-1,ASSLVPFDEQF,5
TRBV7-9,TRBJ2-1,ASSLVPFGGRGPNEQF,1
TRBV7-9,TRBJ2-1,ASSLVPFGGSAHNEQF,1
TRBV7-9,TRBJ2-1,ASSLVPFGGSRNNEQF,1
TRBV7-9,TRBJ2-1,ASSLVPFGGTPEYNEQF,1
TRBV7-9,TRBJ2-1,ASSLVPFHDNEQF,1
TRBV7-9,TRBJ2-1,ASSLVPFNEQF,1
TRBV7-9,TRBJ2-1,ASSLVPFRDGAYYEQF,1
TRBV7-9,TRBJ2-1,ASSLVPFRGLATNEQF,6
TRBV7-9,TRBJ2-1,ASSLVPFSTSGMHNEQF,1
TRBV7-9,TRBJ2-1,ASSLVPGAANEQF,1
TRBV7-9,TRBJ2-1,ASSLVPGACHEEF,1
TRBV7-9,TRBJ2-1,ASSLVPGACHEQF,1
TRBV7-9,TRBJ2-1,ASSLVPGACIEQF,1
TRBV7-9,TRBJ2-1,ASSLVPGACKEKC,1
TRBV7-9,TRBJ2-1,ASSLVPGACKEQF,2
TRBV7-9,TRBJ2-1,ASSLVPGACKEQV,2
TRBV7-9,TRBJ2-1,ASSLVPGACKGKF,1
TRBV7-9,TRBJ2-1,ASSLVPGACNAQF,1
TRBV7-9,TRBJ2-1,ASSLVPGACNAQW,1
TRBV7-9,TRBJ2-1,ASSLVPGACNDQF,1
TRBV7-9,TRBJ2-1,ASSLVPGACNEHF,1
TRBV7-9,TRBJ2-1,ASSLVPGACNEKF,2
TRBV7-9,TRBJ2-1,ASSLVPGACNEQF,22
TRBV7-9,TRBJ2-1,ASSLVPGACNEQL,1
TRBV7-9,TRBJ2-1,ASSLVPGACNRQF,1
TRBV7-9,TRBJ2-1,ASSLVPGACNVQF,1
TRBV7-9,TRBJ2-1,ASSLVPGACTEQF,1
TRBV7-9,TRBJ2-1,ASSLVPGADDEQY,1
TRBV7-9,TRBJ2-1,ASSLVPGADHEQF,2
TRBV7-9,TRBJ2-1,ASSLVPGADHEQV,1
TRBV7-9,TRBJ2-1,ASSLVPGADHGQC,1
TRBV7-9,TRBJ2-1,ASSLVPGADIEQF,1
TRBV7-9,TRBJ2-1,ASSLVPGADKEQF,4
TRBV7-9,TRBJ2-1,ASSLVPGADKEQV,1
TRBV7-9,TRBJ2-1,ASSLVPGADNEHF,1
TRBV7-9,TRBJ2-1,ASSLVPGADNEHV,1
TRBV7-9,TRBJ2-1,ASSLVPGADNEKF,1
TRBV7-9,TRBJ2-1,ASSLVPGADNEKV,1
TRBV7-9,TRBJ2-1,ASSLVPGADNELF,1
TRBV7-9,TRBJ2-1,ASSLVPGADNEPF,1
TRBV7-9,TRBJ2-1,ASSLVPGADNEQF,61
TRBV7-9,TRBJ2-1,ASSLVPGADNEQL,3
TRBV7-9,TRBJ2-1,ASSLVPGADNGQF,3
TRBV7-9,TRBJ2-1,ASSLVPGADNKQF,2
TRBV7-9,TRBJ2-1,ASSLVPGADNVKF,1
TRBV7-9,TRBJ2-1,ASSLVPGADNVLF,2
TRBV7-9,TRBJ2-1,ASSLVPGADNVQF,4
TRBV7-9,TRBJ2-1,ASSLVPGADQEQY,1
TRBV7-9,TRBJ2-1,ASSLVPGADQTQF,1
TRBV7-9,TRBJ2-1,ASSLVPGADTEQC,1
TRBV7-9,TRBJ2-1,ASSLVPGADTEQF,3
TRBV7-9,TRBJ2-1,ASSLVPGADTGQC,1
TRBV7-9,TRBJ2-1,ASSLVPGAEEEQF,1
TRBV7-9,TRBJ2-1,ASSLVPGAEKEPF,1
TRBV7-9,TRBJ2-1,ASSLVPGAENEQF,3
TRBV7-9,TRBJ2-1,ASSLVPGAESEQF,1
TRBV7-9,TRBJ2-1,ASSLVPGAFNDPF,1
TRBV7-9,TRBJ2-1,ASSLVPGAFNEQC,1
TRBV7-9,TRBJ2-1,ASSLVPGAFNEQF,11
TRBV7-9,TRBJ2-1,ASSLVPGAFNGPV,1
TRBV7-9,TRBJ2-1,ASSLVPGAFNGQF,1
TRBV7-9,TRBJ2-1,ASSLVPGAGDEQV,1
TRBV7-9,TRBJ2-1,ASSLVPGAGKGYNEQF,1
TRBV7-9,TRBJ2-1,ASSLVPGAGNEQF,2
TRBV7-9,TRBJ2-1,ASSLVPGAGNEQY,1
TRBV7-9,TRBJ2-1,ASSLVPGAGNGRF,1
TRBV7-9,TRBJ2-1,ASSLVPGAGPNEQF,1
TRBV7-9,TRBJ2-1,ASSLVPGAHKEQF,2
TRBV7-9,TRBJ2-1,ASSLVPGAHKEQV,1
TRBV7-9,TRBJ2-1,ASSLVPGAHNAQF,1
TRBV7-9,TRBJ2-1,ASSLVPGAHNDQF,2
TRBV7-9,TRBJ2-1,ASSLVPGAHNEEF,1
TRBV7-9,TRBJ2-1,ASSLVPGAHNEPF,1
TRBV7-9,TRBJ2-1,ASSLVPGAHNEQC,1
TRBV7-9,TRBJ2-1,ASSLVPGAHNEQF,21
TRBV7-9,TRBJ2-1,ASSLVPGAHNEQV,1
TRBV7-9,TRBJ2-1,ASSLVPGAHNEQY,1
TRBV7-9,TRBJ2-1,ASSLVPGAHNGQF,1
TRBV7-9,TRBJ2-1,ASSLVPGAHNVQF,1
TRBV7-9,TRBJ2-1,ASSLVPGAISYNEQF,1
TRBV7-9,TRBJ2-1,ASSLVPGAKDDQY,1
TRBV7-9,TRBJ2-1,ASSLVPGAKHEQF,1
TRBV7-9,TRBJ2-1,ASSLVPGAKKEQF,5
TRBV7-9,TRBJ2-1,ASSLVPGAKKGEF,1
TRBV7-9,TRBJ2-1,ASSLVPGAKNAQF,1
TRBV7-9,TRBJ2-1,ASSLVPGAKNAQY,1
TRBV7-9,TRBJ2-1,ASSLVPGAKNDHF,1
TRBV7-9,TRBJ2-1,ASSLVPGAKNEHF,5
TRBV7-9,TRBJ2-1,ASSLVPGAKNEQF,8
TRBV7-9,TRBJ2-1,ASSLVPGAKNEQS,1
TRBV7-9,TRBJ2-1,ASSLVPGAKNGRF,1
TRBV7-9,TRBJ2-1,ASSLVPGAKNKHF,1
TRBV7-9,TRBJ2-1,ASSLVPGAKNKQF,1
TRBV7-9,TRBJ2-1,ASSLVPGAKNVQF,2
TRBV7-9,TRBJ2-1,ASSLVPGAKQEQF,1
TRBV7-9,TRBJ2-1,ASSLVPGALHWEF,1
TRBV7-9,TRBJ2-1,ASSLVPGALKGKF,1
TRBV7-9,TRBJ2-1,ASSLVPGALNDQV,1
TRBV7-9,TRBJ2-1,ASSLVPGALNEQF,3
TRBV7-9,TRBJ2-1,ASSLVPGALPS,6
TRBV7-9,TRBJ2-1,ASSLVPGALSSYNEQF,2
TRBV7-9,TRBJ2-1,ASSLVPGALYNEQF,3
TRBV7-9,TRBJ2-1,ASSLVPGANDEQF,3
TRBV7-9,TRBJ2-1,ASSLVPGANEQF,9
TRBV7-9,TRBJ2-1,ASSLVPGANHEKF,1
TRBV7-9,TRBJ2-1,ASSLVPGANHEQF,3
TRBV7-9,TRBJ2-1,ASSLVPGANIGQF,1
TRBV7-9,TRBJ2-1,ASSLVPGANKELF,1
TRBV7-9,TRBJ2-1,ASSLVPGANKEQC,1
TRBV7-9,TRBJ2-1,ASSLVPGANKEQF,4
TRBV7-9,TRBJ2-1,ASSLVPGANKEQL,1
TRBV7-9,TRBJ2-1,ASSLVPGANKGQF,1
TRBV7-9,TRBJ2-1,ASSLVPGANKVQF,1
TRBV7-9,TRBJ2-1,ASSLVPGANMGPF,1
TRBV7-9,TRBJ2-1,ASSLVPGANNAQC,1
TRBV7-9,TRBJ2-1,ASSLVPGANNEHF,3
TRBV7-9,TRBJ2-1,ASSLVPGANNEHV,1
TRBV7-9,TRBJ2-1,ASSLVPGANNEKF,1
TRBV7-9,TRBJ2-1,ASSLVPGANNENF,1
TRBV7-9,TRBJ2-1,ASSLVPGANNEQF,24
TRBV7-9,TRBJ2-1,ASSLVPGANNEQI,2
TRBV7-9,TRBJ2-1,ASSLVPGANNEQL,2
TRBV7-9,TRBJ2-1,ASSLVPGANNEQY,1
TRBV7-9,TRBJ2-1,ASSLVPGANNERF,1
TRBV7-9,TRBJ2-1,ASSLVPGANNERS,1
TRBV7-9,TRBJ2-1,ASSLVPGANNETF,1
TRBV7-9,TRBJ2-1,ASSLVPGANNGQF,2
TRBV7-9,TRBJ2-1,ASSLVPGANNKQF,2
TRBV7-9,TRBJ2-1,ASSLVPGANNVHV,1
TRBV7-9,TRBJ2-1,ASSLVPGANTEPF,1
TRBV7-9,TRBJ2-1,ASSLVPGANYEQF,1
TRBV7-9,TRBJ2-1,ASSLVPGAQHSYNEQF,1
TRBV7-9,TRBJ2-1,ASSLVPGAQKEPF,1
TRBV7-9,TRBJ2-1,ASSLVPGAQKEQF,1
TRBV7-9,TRBJ2-1,ASSLVPGAQKGHF,1
TRBV7-9,TRBJ2-1,ASSLVPGAQKKAF,1
TRBV7-9,TRBJ2-1,ASSLVPGAQKTQF,1
TRBV7-9,TRBJ2-1,ASSLVPGAQNAQF,1
TRBV7-9,TRBJ2-1,ASSLVPGAQNEEV,1
TRBV7-9,TRBJ2-1,ASSLVPGAQNEQF,7
TRBV7-9,TRBJ2-1,ASSLVPGAQNGQF,1
TRBV7-9,TRBJ2-1,ASSLVPGAQNKQF,1
TRBV7-9,TRBJ2-1,ASSLVPGASDEQF,1
TRBV7-9,TRBJ2-1,ASSLVPGASEEQF,1
TRBV7-9,TRBJ2-1,ASSLVPGASGRGNEQF,1
TRBV7-9,TRBJ2-1,ASSLVPGASGRSYNEQF,1
TRBV7-9,TRBJ2-1,ASSLVPGASHEQF,1
TRBV7-9,TRBJ2-1,ASSLVPGASKEQF,3
TRBV7-9,TRBJ2-1,ASSLVPGASKGQC,1
TRBV7-9,TRBJ2-1,ASSLVPGASNAQF,1
TRBV7-9,TRBJ2-1,ASSLVPGASNEKF,4
TRBV7-9,TRBJ2-1,ASSLVPGASNEPF,1
TRBV7-9,TRBJ2-1,ASSLVPGASNEQF,15
TRBV7-9,TRBJ2-1,ASSLVPGASNEQV,1
TRBV7-9,TRBJ2-1,ASSLVPGASNEQY,3
TRBV7-9,TRBJ2-1,ASSLVPGASNGQF,3
TRBV7-9,TRBJ2-1,ASSLVPGASNGRF,1
TRBV7-9,TRBJ2-1,ASSLVPGASNKKF,1
TRBV7-9,TRBJ2-1,ASSLVPGASNQHF,1
TRBV7-9,TRBJ2-1,ASSLVPGASNTQY,1
TRBV7-9,TRBJ2-1,ASSLVPGASNVQF,1
TRBV7-9,TRBJ2-1,ASSLVPGASQYQC,1
TRBV7-9,TRBJ2-1,ASSLVPGASSEQF,1
TRBV7-9,TRBJ2-1,ASSLVPGASSEQY,1
TRBV7-9,TRBJ2-1,ASSLVPGASTGQF,1
TRBV7-9,TRBJ2-1,ASSLVPGASYNEQF,11
TRBV7-9,TRBJ2-1,ASSLVPGATNAQF,1
TRBV7-9,TRBJ2-1,ASSLVPGATNEQS,1
TRBV7-9,TRBJ2-1,ASSLVPGAVNEQF,2
TRBV7-9,TRBJ2-1,ASSLVPGAWNEEF,1
TRBV7-9,TRBJ2-1,ASSLVPGAWRNEQF,1
TRBV7-9,TRBJ2-1,ASSLVPGAYAEHF,1
TRBV7-9,TRBJ2-1,ASSLVPGAYAGAF,1
TRBV7-9,TRBJ2-1,ASSLVPGAYDAKF,1
TRBV7-9,TRBJ2-1,ASSLVPGAYDAQF,2
TRBV7-9,TRBJ2-1,ASSLVPGAYDEEF,1
TRBV7-9,TRBJ2-1,ASSLVPGAYDEEV,1
TRBV7-9,TRBJ2-1,ASSLVPGAYDEHL,1
TRBV7-9,TRBJ2-1,ASSLVPGAYDEKF,1
TRBV7-9,TRBJ2-1,ASSLVPGAYDEQC,1
TRBV7-9,TRBJ2-1,ASSLVPGAYDEQF,38
TRBV7-9,TRBJ2-1,ASSLVPGAYDEQL,1
TRBV7-9,TRBJ2-1,ASSLVPGAYDEQV,1
TRBV7-9,TRBJ2-1,ASSLVPGAYDERF,1
TRBV7-9,TRBJ2-1,ASSLVPGAYDGQF,3
TRBV7-9,TRBJ2-1,ASSLVPGAYDVQF,1
TRBV7-9,TRBJ2-1,ASSLVPGAYEAQY,1
TRBV7-9,TRBJ2-1,ASSLVPGAYEEQF,2
TRBV7-9,TRBJ2-1,ASSLVPGAYEGQF,2
TRBV7-9,TRBJ2-1,ASSLVPGAYFEQF,1
TRBV7-9,TRBJ2-1,ASSLVPGAYHAQF,2
TRBV7-9,TRBJ2-1,ASSLVPGAYHDQF,1
TRBV7-9,TRBJ2-1,ASSLVPGAYHEEF,1
TRBV7-9,TRBJ2-1,ASSLVPGAYHEHF,1
TRBV7-9,TRBJ2-1,ASSLVPGAYHEKF,3
TRBV7-9,TRBJ2-1,ASSLVPGAYHELL,1
TRBV7-9,TRBJ2-1,ASSLVPGAYHEPF,3
TRBV7-9,TRBJ2-1,ASSLVPGAYHEPV,1
TRBV7-9,TRBJ2-1,ASSLVPGAYHEQC,3
TRBV7-9,TRBJ2-1,ASSLVPGAYHEQF,54
TRBV7-9,TRBJ2-1,ASSLVPGAYHEQL,2
TRBV7-9,TRBJ2-1,ASSLVPGAYHEQS,1
TRBV7-9,TRBJ2-1,ASSLVPGAYHEQV,1
TRBV7-9,TRBJ2-1,ASSLVPGAYHGQF,3
TRBV7-9,TRBJ2-1,ASSLVPGAYHKQF,1
TRBV7-9,TRBJ2-1,ASSLVPGAYHRQF,1
TRBV7-9,TRBJ2-1,ASSLVPGAYHVQF,1
TRBV7-9,TRBJ2-1,ASSLVPGAYIAQC,1
TRBV7-9,TRBJ2-1,ASSLVPGAYIDQF,1
TRBV7-9,TRBJ2-1,ASSLVPGAYIEEC,1
TRBV7-9,TRBJ2-1,ASSLVPGAYIEEF,1
TRBV7-9,TRBJ2-1,ASSLVPGAYIEHY,1
TRBV7-9,TRBJ2-1,ASSLVPGAYIEKF,1
TRBV7-9,TRBJ2-1,ASSLVPGAYIEQC,3
TRBV7-9,TRBJ2-1,ASSLVPGAYIEQF,28
TRBV7-9,TRBJ2-1,ASSLVPGAYIEQL,1
TRBV7-9,TRBJ2-1,ASSLVPGAYIGKF,1
TRBV7-9,TRBJ2-1,ASSLVPGAYIGPF,1
TRBV7-9,TRBJ2-1,ASSLVPGAYIGQF,1
TRBV7-9,TRBJ2-1,ASSLVPGAYIKHS,1
TRBV7-9,TRBJ2-1,ASSLVPGAYIKPL,1
TRBV7-9,TRBJ2-1,ASSLVPGAYIKQW,1
TRBV7-9,TRBJ2-1,ASSLVPGAYIKTC,1
TRBV7-9,TRBJ2-1,ASSLVPGAYIRLF,1
TRBV7-9,TRBJ2-1,ASSLVPGAYIRMR,1
TRBV7-9,TRBJ2-1,ASSLVPGAYITPF,1
TRBV7-9,TRBJ2-1,ASSLVPGAYIVQF,2
TRBV7-9,TRBJ2-1,ASSLVPGAYKAQF,5
TRBV7-9,TRBJ2-1,ASSLVPGAYKDQF,2
TRBV7-9,TRBJ2-1,ASSLVPGAYKEEV,1
TRBV7-9,TRBJ2-1,ASSLVPGAYKEHF,6
TRBV7-9,TRBJ2-1,ASSLVPGAYKEKC,3
TRBV7-9,TRBJ2-1,ASSLVPGAYKEKF,16
TRBV7-9,TRBJ2-1,ASSLVPGAYKEKW,1
TRBV7-9,TRBJ2-1,ASSLVPGAYKELC,1
TRBV7-9,TRBJ2-1,ASSLVPGAYKELF,3
TRBV7-9,TRBJ2-1,ASSLVPGAYKENF,1
TRBV7-9,TRBJ2-1,ASSLVPGAYKEQC,8
TRBV7-9,TRBJ2-1,ASSLVPGAYKEQF,189
TRBV7-9,TRBJ2-1,ASSLVPGAYKEQI,4
TRBV7-9,TRBJ2-1,ASSLVPGAYKEQL,5
TRBV7-9,TRBJ2-1,ASSLVPGAYKEQM,1
TRBV7-9,TRBJ2-1,ASSLVPGAYKEQS,1
TRBV7-9,TRBJ2-1,ASSLVPGAYKEQV,2
TRBV7-9,TRBJ2-1,ASSLVPGAYKEQY,1
TRBV7-9,TRBJ2-1,ASSLVPGAYKERF,3
TRBV7-9,TRBJ2-1,ASSLVPGAYKGKF,2
TRBV7-9,TRBJ2-1,ASSLVPGAYKGKL,1
TRBV7-9,TRBJ2-1,ASSLVPGAYKGPF,1
TRBV7-9,TRBJ2-1,ASSLVPGAYKGQC,2
TRBV7-9,TRBJ2-1,ASSLVPGAYKGQF,13
TRBV7-9,TRBJ2-1,ASSLVPGAYKGQL,1
TRBV7-9,TRBJ2-1,ASSLVPGAYKGQS,1
TRBV7-9,TRBJ2-1,ASSLVPGAYKKHF,1
TRBV7-9,TRBJ2-1,ASSLVPGAYKKQF,6
TRBV7-9,TRBJ2-1,ASSLVPGAYKKQL,1
TRBV7-9,TRBJ2-1,ASSLVPGAYKQKF,1
TRBV7-9,TRBJ2-1,ASSLVPGAYKQQF,3
TRBV7-9,TRBJ2-1,ASSLVPGAYKTQF,1
TRBV7-9,TRBJ2-1,ASSLVPGAYKVQF,2
TRBV7-9,TRBJ2-1,ASSLVPGAYKWQF,1
TRBV7-9,TRBJ2-1,ASSLVPGAYLEKC,1
TRBV7-9,TRBJ2-1,ASSLVPGAYLGPF,1
TRBV7-9,TRBJ2-1,ASSLVPGAYMEKC,1
TRBV7-9,TRBJ2-1,ASSLVPGAYMGQC,1
TRBV7-9,TRBJ2-1,ASSLVPGAYNAEF,1
TRBV7-9,TRBJ2-1,ASSLVPGAYNAPF,1
TRBV7-9,TRBJ2-1,ASSLVPGAYNAQC,5
TRBV7-9,TRBJ2-1,ASSLVPGAYNAQF,87
TRBV7-9,TRBJ2-1,ASSLVPGAYNAQL,3
TRBV7-9,TRBJ2-1,ASSLVPGAYNAQV,2
TRBV7-9,TRBJ2-1,ASSLVPGAYNDAF,1
TRBV7-9,TRBJ2-1,ASSLVPGAYNDEI,1
TRBV7-9,TRBJ2-1,ASSLVPGAYNDHF,3
TRBV7-9,TRBJ2-1,ASSLVPGAYNDKF,2
TRBV7-9,TRBJ2-1,ASSLVPGAYNDLF,1
TRBV7-9,TRBJ2-1,ASSLVPGAYNDLL,1
TRBV7-9,TRBJ2-1,ASSLVPGAYNDPF,1
TRBV7-9,TRBJ2-1,ASSLVPGAYNDQF,61
TRBV7-9,TRBJ2-1,ASSLVPGAYNDQI,1
TRBV7-9,TRBJ2-1,ASSLVPGAYNDQL,2
TRBV7-9,TRBJ2-1,ASSLVPGAYNDQS,1
TRBV7-9,TRBJ2-1,ASSLVPGAYNEAF,1
TRBV7-9,TRBJ2-1,ASSLVPGAYNEEC,1
TRBV7-9,TRBJ2-1,ASSLVPGAYNEEF,36
TRBV7-9,TRBJ2-1,ASSLVPGAYNEEL,1
TRBV7-9,TRBJ2-1,ASSLVPGAYNEEV,4
TRBV7-9,TRBJ2-1,ASSLVPGAYNEHF,73
TRBV7-9,TRBJ2-1,ASSLVPGAYNEHL,1
TRBV7-9,TRBJ2-1,ASSLVPGAYNEHS,1
TRBV7-9,TRBJ2-1,ASSLVPGAYNEHV,1
TRBV7-9,TRBJ2-1,ASSLVPGAYNEKC,7
TRBV7-9,TRBJ2-1,ASSLVPGAYNEKF,95
TRBV7-9,TRBJ2-1,ASSLVPGAYNEKI,2
TRBV7-9,TRBJ2-1,ASSLVPGAYNEKL,3
TRBV7-9,TRBJ2-1,ASSLVPGAYNEKS,2
TRBV7-9,TRBJ2-1,ASSLVPGAYNEKV,4
TRBV7-9,TRBJ2-1,ASSLVPGAYNELF,29
TRBV7-9,TRBJ2-1,ASSLVPGAYNELL,1
TRBV7-9,TRBJ2-1,ASSLVPGAYNELV,1
TRBV7-9,TRBJ2-1,ASSLVPGAYNEMF,4
TRBV7-9,TRBJ2-1,ASSLVPGAYNENF,2
TRBV7-9,TRBJ2-1,ASSLVPGAYNEPF,28
TRBV7-9,TRBJ2-1,ASSLVPGAYNEPL,1
TRBV7-9,TRBJ2-1,ASSLVPGAYNEPV,1
TRBV7-9,TRBJ2-1,ASSLVPGAYNEQC,90
TRBV7-9,TRBJ2-1,ASSLVPGAYNEQD,1
TRBV7-9,TRBJ2-1,ASSLVPGAYNEQE,1
TRBV7-9,TRBJ2-1,ASSLVPGAYNEQF,5223
TRBV7-9,TRBJ2-1,ASSLVPGAYNEQI,8
TRBV7-9,TRBJ2-1,ASSLVPGAYNEQL,81
TRBV7-9,TRBJ2-1,ASSLVPGAYNEQS,18
TRBV7-9,TRBJ2-1,ASSLVPGAYNEQV,60
TRBV7-9,TRBJ2-1,ASSLVPGAYNEQY,19
TRBV7-9,TRBJ2-1,ASSLVPGAYNERC,1
TRBV7-9,TRBJ2-1,ASSLVPGAYNERF,19
TRBV7-9,TRBJ2-1,ASSLVPGAYNERS,1
TRBV7-9,TRBJ2-1,ASSLVPGAYNETF,3
TRBV7-9,TRBJ2-1,ASSLVPGAYNGEF,5
TRBV7-9,TRBJ2-1,ASSLVPGAYNGEL,1
TRBV7-9,TRBJ2-1,ASSLVPGAYNGHF,2
TRBV7-9,TRBJ2-1,ASSLVPGAYNGKC,1
TRBV7-9,TRBJ2-1,ASSLVPGAYNGKF,6
TRBV7-9,TRBJ2-1,ASSLVPGAYNGKL,1
TRBV7-9,TRBJ2-1,ASSLVPGAYNGLF,1
TRBV7-9,TRBJ2-1,ASSLVPGAYNGPF,1
TRBV7-9,TRBJ2-1,ASSLVPGAYNGQA,1
TRBV7-9,TRBJ2-1,ASSLVPGAYNGQC,3
TRBV7-9,TRBJ2-1,ASSLVPGAYNGQF,159
TRBV7-9,TRBJ2-1,ASSLVPGAYNGQI,1
TRBV7-9,TRBJ2-1,ASSLVPGAYNGQL,7
TRBV7-9,TRBJ2-1,ASSLVPGAYNGQS,1
TRBV7-9,TRBJ2-1,ASSLVPGAYNGQV,2
TRBV7-9,TRBJ2-1,ASSLVPGAYNGSS,1
TRBV7-9,TRBJ2-1,ASSLVPGAYNHQF,1
TRBV7-9,TRBJ2-1,ASSLVPGAYNKEF,1
TRBV7-9,TRBJ2-1,ASSLVPGAYNKHF,4
TRBV7-9,TRBJ2-1,ASSLVPGAYNKKF,4
TRBV7-9,TRBJ2-1,ASSLVPGAYNKLC,1
TRBV7-9,TRBJ2-1,ASSLVPGAYNKLF,2
TRBV7-9,TRBJ2-1,ASSLVPGAYNKML,1
TRBV7-9,TRBJ2-1,ASSLVPGAYNKPF,1
TRBV7-9,TRBJ2-1,ASSLVPGAYNKQC,1
TRBV7-9,TRBJ2-1,ASSLVPGAYNKQF,52
TRBV7-9,TRBJ2-1,ASSLVPGAYNKQV,1
TRBV7-9,TRBJ2-1,ASSLVPGAYNKQY,1
TRBV7-9,TRBJ2-1,ASSLVPGAYNKRF,1
TRBV7-9,TRBJ2-1,ASSLVPGAYNMQR,1
TRBV7-9,TRBJ2-1,ASSLVPGAYNNQF,1
TRBV7-9,TRBJ2-1,ASSLVPGAYNQQF,13
TRBV7-9,TRBJ2-1,ASSLVPGAYNQQV,1
TRBV7-9,TRBJ2-1,ASSLVPGAYNRHF,1
TRBV7-9,TRBJ2-1,ASSLVPGAYNRKF,1
TRBV7-9,TRBJ2-1,ASSLVPGAYNRQF,3
TRBV7-9,TRBJ2-1,ASSLVPGAYNSQF,1
TRBV7-9,TRBJ2-1,ASSLVPGAYNTQF,3
TRBV7-9,TRBJ2-1,ASSLVPGAYNVHF,3
TRBV7-9,TRBJ2-1,ASSLVPGAYNVQF,60
TRBV7-9,TRBJ2-1,ASSLVPGAYNVQL,4
TRBV7-9,TRBJ2-1,ASSLVPGAYNVQS,1
TRBV7-9,TRBJ2-1,ASSLVPGAYNWEF,1
TRBV7-9,TRBJ2-1,ASSLVPGAYNWPF,1
TRBV7-9,TRBJ2-1,ASSLVPGAYNWQC,1
TRBV7-9,TRBJ2-1,ASSLVPGAYNWQF,3
TRBV7-9,TRBJ2-1,ASSLVPGAYNYQF,2
TRBV7-9,TRBJ2-1,ASSLVPGAYQEQC,1
TRBV7-9,TRBJ2-1,ASSLVPGAYQEQF,2
TRBV7-9,TRBJ2-1,ASSLVPGAYQEQS,1
TRBV7-9,TRBJ2-1,ASSLVPGAYQEQY,1
TRBV7-9,TRBJ2-1,ASSLVPGAYQGKF,1
TRBV7-9,TRBJ2-1,ASSLVPGAYRELF,1
TRBV7-9,TRBJ2-1,ASSLVPGAYREQF,3
TRBV7-9,TRBJ2-1,ASSLVPGAYSAQF,1
TRBV7-9,TRBJ2-1,ASSLVPGAYSDQF,1
TRBV7-9,TRBJ2-1,ASSLVPGAYSEHF,1
TRBV7-9,TRBJ2-1,ASSLVPGAYSELF,1
TRBV7-9,TRBJ2-1,ASSLVPGAYSENF,1
TRBV7-9,TRBJ2-1,ASSLVPGAYSEPL,1
TRBV7-9,TRBJ2-1,ASSLVPGAYSEQC,3
TRBV7-9,TRBJ2-1,ASSLVPGAYSEQF,30
TRBV7-9,TRBJ2-1,ASSLVPGAYSEQL,1
TRBV7-9,TRBJ2-1,ASSLVPGAYSEQV,1
TRBV7-9,TRBJ2-1,ASSLVPGAYSGQF,2
TRBV7-9,TRBJ2-1,ASSLVPGAYSVQF,2
TRBV7-9,TRBJ2-1,ASSLVPGAYTDQF,1
TRBV7-9,TRBJ2-1,ASSLVPGAYTEAF,1
TRBV7-9,TRBJ2-1,ASSLVPGAYTEEL,1
TRBV7-9,TRBJ2-1,ASSLVPGAYTEHF,1
TRBV7-9,TRBJ2-1,ASSLVPGAYTEKF,3
TRBV7-9,TRBJ2-1,ASSLVPGAYTEQC,1
TRBV7-9,TRBJ2-1,ASSLVPGAYTEQF,31
TRBV7-9,TRBJ2-1,ASSLVPGAYTEQL,1
TRBV7-9,TRBJ2-1,ASSLVPGAYTFLF,1
TRBV7-9,TRBJ2-1,ASSLVPGAYTGQD,1
TRBV7-9,TRBJ2-1,ASSLVPGAYTGQF,1
TRBV7-9,TRBJ2-1,ASSLVPGAYTVQF,1
TRBV7-9,TRBJ2-1,ASSLVPGAYYALF,1
TRBV7-9,TRBJ2-1,ASSLVPGAYYDQF,1
TRBV7-9,TRBJ2-1,ASSLVPGAYYEHF,1
TRBV7-9,TRBJ2-1,ASSLVPGAYYEPF,1
TRBV7-9,TRBJ2-1,ASSLVPGAYYEQF,10
TRBV7-9,TRBJ2-1,ASSLVPGAYYEQV,1
TRBV7-9,TRBJ2-1,ASSLVPGAYYNEQF,1
TRBV7-9,TRBJ2-1,ASSLVPGCYNEQF,1
TRBV7-9,TRBJ2-1,ASSLVPGDCNEKF,1
TRBV7-9,TRBJ2-1,ASSLVPGDDNEQF,2
TRBV7-9,TRBJ2-1,ASSLVPGDDNEYF,1
TRBV7-9,TRBJ2-1,ASSLVPGDEKEQF,1
TRBV7-9,TRBJ2-1,ASSLVPGDENGLF,1
TRBV7-9,TRBJ2-1,ASSLVPGDENGQF,1
TRBV7-9,TRBJ2-1,ASSLVPGDEQF,15
TRBV7-9,TRBJ2-1,ASSLVPGDFNEQV,1
TRBV7-9,TRBJ2-1,ASSLVPGDHQEQF,1
TRBV7-9,TRBJ2-1,ASSLVPGDNEQF,19
TRBV7-9,TRBJ2-1,ASSLVPGDNEQI,1
TRBV7-9,TRBJ2-1,ASSLVPGDNERF,1
TRBV7-9,TRBJ2-1,ASSLVPGDNNEQF,1
TRBV7-9,TRBJ2-1,ASSLVPGDPGRSNEQF,1
TRBV7-9,TRBJ2-1,ASSLVPGDPNYNEQF,1
TRBV7-9,TRBJ2-1,ASSLVPGDRNEKF,1
TRBV7-9,TRBJ2-1,ASSLVPGDSKEQF,1
TRBV7-9,TRBJ2-1,ASSLVPGDSYNEQF,1
TRBV7-9,TRBJ2-1,ASSLVPGDYEEQF,1
TRBV7-9,TRBJ2-1,ASSLVPGDYHEQF,1
TRBV7-9,TRBJ2-1,ASSLVPGDYIGQF,1
TRBV7-9,TRBJ2-1,ASSLVPGDYKEHF,1
TRBV7-9,TRBJ2-1,ASSLVPGDYKEKF,1
TRBV7-9,TRBJ2-1,ASSLVPGDYKEQC,1
TRBV7-9,TRBJ2-1,ASSLVPGDYKEQF,7
TRBV7-9,TRBJ2-1,ASSLVPGDYKKQF,1
TRBV7-9,TRBJ2-1,ASSLVPGDYKKQY,1
TRBV7-9,TRBJ2-1,ASSLVPGDYNAQF,3
TRBV7-9,TRBJ2-1,ASSLVPGDYNDQF,3
TRBV7-9,TRBJ2-1,ASSLVPGDYNDQY,1
TRBV7-9,TRBJ2-1,ASSLVPGDYNEEF,1
TRBV7-9,TRBJ2-1,ASSLVPGDYNEKV,1
TRBV7-9,TRBJ2-1,ASSLVPGDYNELL,1
TRBV7-9,TRBJ2-1,ASSLVPGDYNENF,1
TRBV7-9,TRBJ2-1,ASSLVPGDYNEPF,2
TRBV7-9,TRBJ2-1,ASSLVPGDYNEQC,4
TRBV7-9,TRBJ2-1,ASSLVPGDYNEQE,1
TRBV7-9,TRBJ2-1,ASSLVPGDYNEQF,73
TRBV7-9,TRBJ2-1,ASSLVPGDYNEQV,2
TRBV7-9,TRBJ2-1,ASSLVPGDYNGQF,1
TRBV7-9,TRBJ2-1,ASSLVPGDYNKQF,1
TRBV7-9,TRBJ2-1,ASSLVPGDYNQKF,1
TRBV7-9,TRBJ2-1,ASSLVPGDYNTQF,1
TRBV7-9,TRBJ2-1,ASSLVPGDYNVQF,1
TRBV7-9,TRBJ2-1,ASSLVPGDYSEQC,1
TRBV7-9,TRBJ2-1,ASSLVPGDYSEQF,1
TRBV7-9,TRBJ2-1,ASSLVPGDYSYNEQF,1
TRBV7-9,TRBJ2-1,ASSLVPGDYTEQF,1
TRBV7-9,TRBJ2-1,ASSLVPGDYYENC,1
TRBV7-9,TRBJ2-1,ASSLVPGDYYEQF,2
TRBV7-9,TRBJ2-1,ASSLVPGEDNEQF,1
TRBV7-9,TRBJ2-1,ASSLVPGEGLSSYNEQF,1
TRBV7-9,TRBJ2-1,ASSLVPGEKSSYNEQF,1
TRBV7-9,TRBJ2-1,ASSLVPGEKYNEQF,1
TRBV7-9,TRBJ2-1,ASSLVPGEMHNEQF,1
TRBV7-9,TRBJ2-1,ASSLVPGEPNEQF,1
TRBV7-9,TRBJ2-1,ASSLVPGEQF,46
TRBV7-9,TRBJ2-1,ASSLVPGEQS,1
TRBV7-9,TRBJ2-1,ASSLVPGERGNSYNEQF,1
TRBV7-9,TRBJ2-1,ASSLVPGETSIDEQF,1
TRBV7-9,TRBJ2-1,ASSLVPGEYNELF,1
TRBV7-9,TRBJ2-1,ASSLVPGEYNEQF,2
TRBV7-9,TRBJ2-1,ASSLVPGF,1
TRBV7-9,TRBJ2-1,ASSLVPGFDDNEQF,1
TRBV7-9,TRBJ2-1,ASSLVPGFGDEQF,1
TRBV7-9,TRBJ2-1,ASSLVPGFGNEQF,1
TRBV7-9,TRBJ2-1,ASSLVPGFLGNEQF,5
TRBV7-9,TRBJ2-1,ASSLVPGFNEQF,1
TRBV7-9,TRBJ2-1,ASSLVPGFYIEQI,1
TRBV7-9,TRBJ2-1,ASSLVPGFYNEQF,1
TRBV7-9,TRBJ2-1,ASSLVPGFYNVQF,1
TRBV7-9,TRBJ2-1,ASSLVPGGAGISYNEQF,1
TRBV7-9,TRBJ2-1,ASSLVPGGARNEQF,1
TRBV7-9,TRBJ2-1,ASSLVPGGAYSEQF,1
TRBV7-9,TRBJ2-1,ASSLVPGGCHEQF,1
TRBV7-9,TRBJ2-1,ASSLVPGGCNEQF,1
TRBV7-9,TRBJ2-1,ASSLVPGGDGSGQF,17
TRBV7-9,TRBJ2-1,ASSLVPGGDNEQF,4
TRBV7-9,TRBJ2-1,ASSLVPGGEKF,4
TRBV7-9,TRBJ2-1,ASSLVPGGFDNEQF,3
TRBV7-9,TRBJ2-1,ASSLVPGGFHEQF,21
TRBV7-9,TRBJ2-1,ASSLVPGGFINNEQF,1
TRBV7-9,TRBJ2-1,ASSLVPGGFNEQF,2
TRBV7-9,TRBJ2-1,ASSLVPGGGEEEF,1
TRBV7-9,TRBJ2-1,ASSLVPGGGKDEQF,1
TRBV7-9,TRBJ2-1,ASSLVPGGGNEQF,14
TRBV7-9,TRBJ2-1,ASSLVPGGGSGSGYEQF,1
TRBV7-9,TRBJ2-1,ASSLVPGGGSSYNEQF,1
TRBV7-9,TRBJ2-1,ASSLVPGGGTENEQF,1
TRBV7-9,TRBJ2-1,ASSLVPGGGWLAEQF,4
TRBV7-9,TRBJ2-1,ASSLVPGGHNAQF,1
TRBV7-9,TRBJ2-1,ASSLVPGGHNEQF,2
TRBV7-9,TRBJ2-1,ASSLVPGGINEQF,11
TRBV7-9,TRBJ2-1,ASSLVPGGIRGNEQF,1
TRBV7-9,TRBJ2-1,ASSLVPGGLHEQF,1
TRBV7-9,TRBJ2-1,ASSLVPGGLHNEQF,11
TRBV7-9,TRBJ2-1,ASSLVPGGLHYNEQF,1
TRBV7-9,TRBJ2-1,ASSLVPGGLNEQF,2
TRBV7-9,TRBJ2-1,ASSLVPGGLYNEQF,1
TRBV7-9,TRBJ2-1,ASSLVPGGNEQF,17
TRBV7-9,TRBJ2-1,ASSLVPGGNYNEQF,3
TRBV7-9,TRBJ2-1,ASSLVPGGPFNEQF,1
TRBV7-9,TRBJ2-1,ASSLVPGGPGNEQF,1
TRBV7-9,TRBJ2-1,ASSLVPGGPLSYNEQF,1
TRBV7-9,TRBJ2-1,ASSLVPGGPLWYEQF,8
TRBV7-9,TRBJ2-1,ASSLVPGGPRDNEQF,2
TRBV7-9,TRBJ2-1,ASSLVPGGPYNEEF,1
TRBV7-9,TRBJ2-1,ASSLVPGGPYNELF,1
TRBV7-9,TRBJ2-1,ASSLVPGGPYNEQF,7
TRBV7-9,TRBJ2-1,ASSLVPGGQDEQF,1
TRBV7-9,TRBJ2-1,ASSLVPGGQF,1
TRBV7-9,TRBJ2-1,ASSLVPGGQKGEF,1
TRBV7-9,TRBJ2-1,ASSLVPGGQNEQF,2
TRBV7-9,TRBJ2-1,ASSLVPGGQQVNEKF,1
TRBV7-9,TRBJ2-1,ASSLVPGGQRVNEQF,9
TRBV7-9,TRBJ2-1,ASSLVPGGRDNEQF,1
TRBV7-9,TRBJ2-1,ASSLVPGGRF,1
TRBV7-9,TRBJ2-1,ASSLVPGGRGNEQF,1
TRBV7-9,TRBJ2-1,ASSLVPGGRHNEQF,2
TRBV7-9,TRBJ2-1,ASSLVPGGRIGNEQF,1
TRBV7-9,TRBJ2-1,ASSLVPGGRLYNEQF,1
TRBV7-9,TRBJ2-1,ASSLVPGGRNEQF,1
TRBV7-9,TRBJ2-1,ASSLVPGGRYNEQF,1
TRBV7-9,TRBJ2-1,ASSLVPGGSGAHNEQF,1
TRBV7-9,TRBJ2-1,ASSLVPGGSVYNEQF,1
TRBV7-9,TRBJ2-1,ASSLVPGGSYNEHF,1
TRBV7-9,TRBJ2-1,ASSLVPGGSYNEQF,19
TRBV7-9,TRBJ2-1,ASSLVPGGTEQF,1
TRBV7-9,TRBJ2-1,ASSLVPGGTKAYNEQF,1
TRBV7-9,TRBJ2-1,ASSLVPGGTNEQF,9
TRBV7-9,TRBJ2-1,ASSLVPGGVNEQF,1
TRBV7-9,TRBJ2-1,ASSLVPGGYGNEQF,1
TRBV7-9,TRBJ2-1,ASSLVPGGYHEPF,1
TRBV7-9,TRBJ2-1,ASSLVPGGYHEQF,1
TRBV7-9,TRBJ2-1,ASSLVPGGYIEQF,1
TRBV7-9,TRBJ2-1,ASSLVPGGYKEQF,4
TRBV7-9,TRBJ2-1,ASSLVPGGYKGQF,1
TRBV7-9,TRBJ2-1,ASSLVPGGYNAQF,3
TRBV7-9,TRBJ2-1,ASSLVPGGYNEAF,1
TRBV7-9,TRBJ2-1,ASSLVPGGYNEEV,1
TRBV7-9,TRBJ2-1,ASSLVPGGYNEHF,1
TRBV7-9,TRBJ2-1,ASSLVPGGYNELF,1
TRBV7-9,TRBJ2-1,ASSLVPGGYNEPF,2
TRBV7-9,TRBJ2-1,ASSLVPGGYNEQF,66
TRBV7-9,TRBJ2-1,ASSLVPGGYNEQL,1
TRBV7-9,TRBJ2-1,ASSLVPGGYNEQV,1
TRBV7-9,TRBJ2-1,ASSLVPGGYNEQY,2
TRBV7-9,TRBJ2-1,ASSLVPGGYNGQF,2
TRBV7-9,TRBJ2-1,ASSLVPGGYNGQL,1
TRBV7-9,TRBJ2-1,ASSLVPGGYNGQV,1
TRBV7-9,TRBJ2-1,ASSLVPGGYNVQF,4
TRBV7-9,TRBJ2-1,ASSLVPGGYNVQL,1
TRBV7-9,TRBJ2-1,ASSLVPGGYNWQV,1
TRBV7-9,TRBJ2-1,ASSLVPGGYSEQF,4
TRBV7-9,TRBJ2-1,ASSLVPGGYTEQF,1
TRBV7-9,TRBJ2-1,ASSLVPGGYYNEQF,1
TRBV7-9,TRBJ2-1,ASSLVPGHGDEQF,1
TRBV7-9,TRBJ2-1,ASSLVPGHHYNEQF,1
TRBV7-9,TRBJ2-1,ASSLVPGHKNEQF,1
TRBV7-9,TRBJ2-1,ASSLVPGHLSDNEHF,2
TRBV7-9,TRBJ2-1,ASSLVPGHLSDNEQF,11
TRBV7-9,TRBJ2-1,ASSLVPGHNEQF,12
TRBV7-9,TRBJ2-1,ASSLVPGHRPSYNEQF,1
TRBV7-9,TRBJ2-1,ASSLVPGIAS,1
TRBV7-9,TRBJ2-1,ASSLVPGIGDEQF,2
TRBV7-9,TRBJ2-1,ASSLVPGIKGNNNEQF,9
TRBV7-9,TRBJ2-1,ASSLVPGINEQF,1
TRBV7-9,TRBJ2-1,ASSLVPGISYNEQF,20
TRBV7-9,TRBJ2-1,ASSLVPGKAYNEQF,1
TRBV7-9,TRBJ2-1,ASSLVPGKSYNEQF,16
TRBV7-9,TRBJ2-1,ASSLVPGKYDEQF,1
TRBV7-9,TRBJ2-1,ASSLVPGKYNEQF,1
TRBV7-9,TRBJ2-1,ASSLVPGLAA,1
TRBV7-9,TRBJ2-1,ASSLVPGLAAMYNEQF,1
TRBV7-9,TRBJ2-1,ASSLVPGLAANEQF,7
TRBV7-9,TRBJ2-1,ASSLVPGLADSYNEQF,2
TRBV7-9,TRBJ2-1,ASSLVPGLADYNEQF,2
TRBV7-9,TRBJ2-1,ASSLVPGLAESYNEQF,1
TRBV7-9,TRBJ2-1,ASSLVPGLAGAINEQF,1
TRBV7-9,TRBJ2-1,ASSLVPGLAGALNEQF,24
TRBV7-9,TRBJ2-1,ASSLVPGLAGANEQF,2
TRBV7-9,TRBJ2-1,ASSLVPGLAGCSYNEQF,1
TRBV7-9,TRBJ2-1,ASSLVPGLAGDNNEQF,1
TRBV7-9,TRBJ2-1,ASSLVPGLAGGNEQF,6
TRBV7-9,TRBJ2-1,ASSLVPGLAGGNVNEQF,1
TRBV7-9,TRBJ2-1,ASSLVPGLAGGQDEQF,1
TRBV7-9,TRBJ2-1,ASSLVPGLAGHEQF,1
TRBV7-9,TRBJ2-1,ASSLVPGLAGLNEQF,2
TRBV7-9,TRBJ2-1,ASSLVPGLAGMYNEHF,2
TRBV7-9,TRBJ2-1,ASSLVPGLAGMYNEQF,8
TRBV7-9,TRBJ2-1,ASSLVPGLAGRDEQF,1
TRBV7-9,TRBJ2-1,ASSLVPGLAGSNEQF,1
TRBV7-9,TRBJ2-1,ASSLVPGLAGVHEQF,1
TRBV7-9,TRBJ2-1,ASSLVPGLAGVNEQF,1
TRBV7-9,TRBJ2-1,ASSLVPGLAGYGEQF,11
TRBV7-9,TRBJ2-1,ASSLVPGLAGYNEQF,2
TRBV7-9,TRBJ2-1,ASSLVPGLARGDEQF,1
TRBV7-9,TRBJ2-1,ASSLVPGLAS,84
TRBV7-9,TRBJ2-1,ASSLVPGLASSSNNEQF,1
TRBV7-9,TRBJ2-1,ASSLVPGLASSSYNEQF,9
TRBV7-9,TRBJ2-1,ASSLVPGLASYNEQF,6
TRBV7-9,TRBJ2-1,ASSLVPGLAVNEQF,1
TRBV7-9,TRBJ2-1,ASSLVPGLDEQF,1
TRBV7-9,TRBJ2-1,ASSLVPGLDLSYNEQF,1
TRBV7-9,TRBJ2-1,ASSLVPGLDS,1
TRBV7-9,TRBJ2-1,ASSLVPGLETQY,1
TRBV7-9,TRBJ2-1,ASSLVPGLGGMNEQF,1
TRBV7-9,TRBJ2-1,ASSLVPGLGNEQF,1
TRBV7-9,TRBJ2-1,ASSLVPGLGNNEQF,1
TRBV7-9,TRBJ2-1,ASSLVPGLGPYEQF,1
TRBV7-9,TRBJ2-1,ASSLVPGLGVYNEQF,1
TRBV7-9,TRBJ2-1,ASSLVPGLGYNEQF,1
TRBV7-9,TRBJ2-1,ASSLVPGLHNEQF,1
TRBV7-9,TRBJ2-1,ASSLVPGLNEQF,2
TRBV7-9,TRBJ2-1,ASSLVPGLNNEQF,1
TRBV7-9,TRBJ2-1,ASSLVPGLRNEQF,4
TRBV7-9,TRBJ2-1,ASSLVPGLRNNEQF,1
TRBV7-9,TRBJ2-1,ASSLVPGLSS,4
TRBV7-9,TRBJ2-1,ASSLVPGLTNEQF,1
TRBV7-9,TRBJ2-1,ASSLVPGLVLSVGDEQF,1
TRBV7-9,TRBJ2-1,ASSLVPGLVNNEQF,7
TRBV7-9,TRBJ2-1,ASSLVPGLYYNEQF,8
TRBV7-9,TRBJ2-1,ASSLVPGMENEQF,1
TRBV7-9,TRBJ2-1,ASSLVPGMWTRPYNEQF,2
TRBV7-9,TRBJ2-1,ASSLVPGNEQF,22
TRBV7-9,TRBJ2-1,ASSLVPGNGFNEQF,1
TRBV7-9,TRBJ2-1,ASSLVPGNNEQF,42
TRBV7-9,TRBJ2-1,ASSLVPGNNEQY,1
TRBV7-9,TRBJ2-1,ASSLVPGNYEQF,1
TRBV7-9,TRBJ2-1,ASSLVPGNYNEQF,1
TRBV7-9,TRBJ2-1,ASSLVPGPDNEQF,2
TRBV7-9,TRBJ2-1,ASSLVPGPEKEQF,1
TRBV7-9,TRBJ2-1,ASSLVPGPGYNEQF,1
TRBV7-9,TRBJ2-1,ASSLVPGPHNEQL,1
TRBV7-9,TRBJ2-1,ASSLVPGPKNEHF,1
TRBV7-9,TRBJ2-1,ASSLVPGPKNERF,1
TRBV7-9,TRBJ2-1,ASSLVPGPNKEQF,1
TRBV7-9,TRBJ2-1,ASSLVPGPNMEQL,1
TRBV7-9,TRBJ2-1,ASSLVPGPNNEQF,3
TRBV7-9,TRBJ2-1,ASSLVPGPPRAYNEQF,1
TRBV7-9,TRBJ2-1,ASSLVPGPQNEKF,1
TRBV7-9,TRBJ2-1,ASSLVPGPSNTQF,1
TRBV7-9,TRBJ2-1,ASSLVPGPSSYNEQF,4
TRBV7-9,TRBJ2-1,ASSLVPGPSW,5
TRBV7-9,TRBJ2-1,ASSLVPGPTGLYNEQF,1
TRBV7-9,TRBJ2-1,ASSLVPGPYKEQF,1
TRBV7-9,TRBJ2-1,ASSLVPGPYKERF,1
TRBV7-9,TRBJ2-1,ASSLVPGPYKGQF,1
TRBV7-9,TRBJ2-1,ASSLVPGPYNAHS,1
TRBV7-9,TRBJ2-1,ASSLVPGPYNAQF,1
TRBV7-9,TRBJ2-1,ASSLVPGPYNDQF,1
TRBV7-9,TRBJ2-1,ASSLVPGPYNEEF,1
TRBV7-9,TRBJ2-1,ASSLVPGPYNEHS,1
TRBV7-9,TRBJ2-1,ASSLVPGPYNELF,1
TRBV7-9,TRBJ2-1,ASSLVPGPYNEQF,16
TRBV7-9,TRBJ2-1,ASSLVPGPYNEQL,2
TRBV7-9,TRBJ2-1,ASSLVPGPYNEQS,1
TRBV7-9,TRBJ2-1,ASSLVPGPYNEQV,1
TRBV7-9,TRBJ2-1,ASSLVPGPYNEQY,1
TRBV7-9,TRBJ2-1,ASSLVPGPYNERF,1
TRBV7-9,TRBJ2-1,ASSLVPGPYNGQF,1
TRBV7-9,TRBJ2-1,ASSLVPGPYNGRF,1
TRBV7-9,TRBJ2-1,ASSLVPGQALQYNEQF,1
TRBV7-9,TRBJ2-1,ASSLVPGQANEQF,15
TRBV7-9,TRBJ2-1,ASSLVPGQANVQF,1
TRBV7-9,TRBJ2-1,ASSLVPGQASYNEQF,1
TRBV7-9,TRBJ2-1,ASSLVPGQEGYNEQF,1
TRBV7-9,TRBJ2-1,ASSLVPGQEPHNEQF,1
TRBV7-9,TRBJ2-1,ASSLVPGQF,3
TRBV7-9,TRBJ2-1,ASSLVPGQGAFGGYNEQF,4
TRBV7-9,TRBJ2-1,ASSLVPGQGAGYNEQF,1
TRBV7-9,TRBJ2-1,ASSLVPGQGARDNEQF,12
TRBV7-9,TRBJ2-1,ASSLVPGQGASYNEQF,1
TRBV7-9,TRBJ2-1,ASSLVPGQGAYNELF,2
TRBV7-9,TRBJ2-1,ASSLVPGQGAYNEQF,19
TRBV7-9,TRBJ2-1,ASSLVPGQGDDEQF,1
TRBV7-9,TRBJ2-1,ASSLVPGQGDEQF,1
TRBV7-9,TRBJ2-1,ASSLVPGQGDNEQF,9
TRBV7-9,TRBJ2-1,ASSLVPGQGGDEQF,5
TRBV7-9,TRBJ2-1,ASSLVPGQGGNEQF,1
TRBV7-9,TRBJ2-1,ASSLVPGQGINNEQF,1
TRBV7-9,TRBJ2-1,ASSLVPGQGKDEQF,1
TRBV7-9,TRBJ2-1,ASSLVPGQGKSYNEQF,1
TRBV7-9,TRBJ2-1,ASSLVPGQGLGYNEQF,8
TRBV7-9,TRBJ2-1,ASSLVPGQGLHEQF,1
TRBV7-9,TRBJ2-1,ASSLVPGQGLRDEQF,1
TRBV7-9,TRBJ2-1,ASSLVPGQGNEQF,1
TRBV7-9,TRBJ2-1,ASSLVPGQGNNEQF,1
TRBV7-9,TRBJ2-1,ASSLVPGQGPDNEQF,1
TRBV7-9,TRBJ2-1,ASSLVPGQGPF,7
TRBV7-9,TRBJ2-1,ASSLVPGQGPNEQF,1
TRBV7-9,TRBJ2-1,ASSLVPGQGPTGRHEQF,2
TRBV7-9,TRBJ2-1,ASSLVPGQGPYNEQF,2
TRBV7-9,TRBJ2-1,ASSLVPGQGRNEQF,3
TRBV7-9,TRBJ2-1,ASSLVPGQGRVSYNEQF,1
TRBV7-9,TRBJ2-1,ASSLVPGQGSANNEQF,4
TRBV7-9,TRBJ2-1,ASSLVPGQGSAPTDEQF,3
TRBV7-9,TRBJ2-1,ASSLVPGQGSDEQF,2
TRBV7-9,TRBJ2-1,ASSLVPGQGSSYNEQF,1
TRBV7-9,TRBJ2-1,ASSLVPGQGTNEQF,1
TRBV7-9,TRBJ2-1,ASSLVPGQGVNEQF,1
TRBV7-9,TRBJ2-1,ASSLVPGQGVYEQF,1
TRBV7-9,TRBJ2-1,ASSLVPGQGWNEQF,2
TRBV7-9,TRBJ2-1,ASSLVPGQGYNEQF,5
TRBV7-9,TRBJ2-1,ASSLVPGQINEQF,1
TRBV7-9,TRBJ2-1,ASSLVPGQNEPEQF,10
TRBV7-9,TRBJ2-1,ASSLVPGQNNEQF,10
TRBV7-9,TRBJ2-1,ASSLVPGQNYEQF,1
TRBV7-9,TRBJ2-1,ASSLVPGQQYNEQF,1
TRBV7-9,TRBJ2-1,ASSLVPGQSSYNEQF,8
TRBV7-9,TRBJ2-1,ASSLVPGQTNNEQF,1
TRBV7-9,TRBJ2-1,ASSLVPGQTYNEQF,8
TRBV7-9,TRBJ2-1,ASSLVPGQYTELF,1
TRBV7-9,TRBJ2-1,ASSLVPGRANEQF,1
TRBV7-9,TRBJ2-1,ASSLVPGRENEQF,1
TRBV7-9,TRBJ2-1,ASSLVPGRESYEQF,5
TRBV7-9,TRBJ2-1,ASSLVPGRGDEQF,1
TRBV7-9,TRBJ2-1,ASSLVPGRGNEQF,1
TRBV7-9,TRBJ2-1,ASSLVPGRGNNEQF,1
TRBV7-9,TRBJ2-1,ASSLVPGRHEQF,1
TRBV7-9,TRBJ2-1,ASSLVPGRNNEQF,2
TRBV7-9,TRBJ2-1,ASSLVPGRRFSYNEQF,5
TRBV7-9,TRBJ2-1,ASSLVPGRSSYNEQF,1
TRBV7-9,TRBJ2-1,ASSLVPGRSYNEQF,17
TRBV7-9,TRBJ2-1,ASSLVPGRVGNEQF,1
TRBV7-9,TRBJ2-1,ASSLVPGRYEQF,4
TRBV7-9,TRBJ2-1,ASSLVPGRYHEQF,1
TRBV7-9,TRBJ2-1,ASSLVPGSCKETC,1
TRBV7-9,TRBJ2-1,ASSLVPGSDEF,10
TRBV7-9,TRBJ2-1,ASSLVPGSDNEQF,3
TRBV7-9,TRBJ2-1,ASSLVPGSGNEQF,4
TRBV7-9,TRBJ2-1,ASSLVPGSGNGQF,1
TRBV7-9,TRBJ2-1,ASSLVPGSGQVYEQF,9
TRBV7-9,TRBJ2-1,ASSLVPGSHNEQF,2
TRBV7-9,TRBJ2-1,ASSLVPGSISFNEQF,1
TRBV7-9,TRBJ2-1,ASSLVPGSKNEKF,1
TRBV7-9,TRBJ2-1,ASSLVPGSKQEQF,1
TRBV7-9,TRBJ2-1,ASSLVPGSNEQF,3
TRBV7-9,TRBJ2-1,ASSLVPGSNNGQC,1
TRBV7-9,TRBJ2-1,ASSLVPGSNNKTF,1
TRBV7-9,TRBJ2-1,ASSLVPGSPFGDEQF,1
TRBV7-9,TRBJ2-1,ASSLVPGSPQNNEQF,1
TRBV7-9,TRBJ2-1,ASSLVPGSRDNEQF,1
TRBV7-9,TRBJ2-1,ASSLVPGSRHNEQF,4
TRBV7-9,TRBJ2-1,ASSLVPGSSMEKF,1
TRBV7-9,TRBJ2-1,ASSLVPGSSYNEQF,8
TRBV7-9,TRBJ2-1,ASSLVPGSVYEQF,2
TRBV7-9,TRBJ2-1,ASSLVPGSYDEQF,1
TRBV7-9,TRBJ2-1,ASSLVPGSYHEQF,1
TRBV7-9,TRBJ2-1,ASSLVPGSYIEQF,1
TRBV7-9,TRBJ2-1,ASSLVPGSYIGQF,1
TRBV7-9,TRBJ2-1,ASSLVPGSYKEKF,1
TRBV7-9,TRBJ2-1,ASSLVPGSYKEQF,5
TRBV7-9,TRBJ2-1,ASSLVPGSYMEQC,1
TRBV7-9,TRBJ2-1,ASSLVPGSYMEQF,1
TRBV7-9,TRBJ2-1,ASSLVPGSYNDQF,1
TRBV7-9,TRBJ2-1,ASSLVPGSYNEAF,1
TRBV7-9,TRBJ2-1,ASSLVPGSYNEHF,2
TRBV7-9,TRBJ2-1,ASSLVPGSYNEKC,2
TRBV7-9,TRBJ2-1,ASSLVPGSYNEKF,4
TRBV7-9,TRBJ2-1,ASSLVPGSYNELF,1
TRBV7-9,TRBJ2-1,ASSLVPGSYNEPF,1
TRBV7-9,TRBJ2-1,ASSLVPGSYNEQC,9
TRBV7-9,TRBJ2-1,ASSLVPGSYNEQF,88
TRBV7-9,TRBJ2-1,ASSLVPGSYNEQI,2
TRBV7-9,TRBJ2-1,ASSLVPGSYNEQL,1
TRBV7-9,TRBJ2-1,ASSLVPGSYNEQS,1
TRBV7-9,TRBJ2-1,ASSLVPGSYNEQV,1
TRBV7-9,TRBJ2-1,ASSLVPGSYNGQF,4
TRBV7-9,TRBJ2-1,ASSLVPGSYNKKF,1
TRBV7-9,TRBJ2-1,ASSLVPGSYNKQF,2
TRBV7-9,TRBJ2-1,ASSLVPGSYNQQF,2
TRBV7-9,TRBJ2-1,ASSLVPGSYNRQF,1
TRBV7-9,TRBJ2-1,ASSLVPGSYNVQF,2
TRBV7-9,TRBJ2-1,ASSLVPGSYQEQF,1
TRBV7-9,TRBJ2-1,ASSLVPGSYTEKF,1
TRBV7-9,TRBJ2-1,ASSLVPGSYTEQF,2
TRBV7-9,TRBJ2-1,ASSLVPGSYTVQF,1
TRBV7-9,TRBJ2-1,ASSLVPGSYYEQF,1
TRBV7-9,TRBJ2-1,ASSLVPGTAIKYNEQF,2
TRBV7-9,TRBJ2-1,ASSLVPGTATNEQF,2
TRBV7-9,TRBJ2-1,ASSLVPGTGDYAEQF,4
TRBV7-9,TRBJ2-1,ASSLVPGTGGGDEQF,1
TRBV7-9,TRBJ2-1,ASSLVPGTGGKDEQF,1
TRBV7-9,TRBJ2-1,ASSLVPGTGLGDNEQF,8
TRBV7-9,TRBJ2-1,ASSLVPGTGVNEQF,1
TRBV7-9,TRBJ2-1,ASSLVPGTGYINEQF,1
TRBV7-9,TRBJ2-1,ASSLVPGTHIEHF,1
TRBV7-9,TRBJ2-1,ASSLVPGTKNKQF,1
TRBV7-9,TRBJ2-1,ASSLVPGTKRLTYNEQF,1
TRBV7-9,TRBJ2-1,ASSLVPGTPNEQF,1
TRBV7-9,TRBJ2-1,ASSLVPGTPRNEQF,1
TRBV7-9,TRBJ2-1,ASSLVPGTSGAVGNEQF,4
TRBV7-9,TRBJ2-1,ASSLVPGTSGDSYNEQF,1
TRBV7-9,TRBJ2-1,ASSLVPGTSGNEQF,1
TRBV7-9,TRBJ2-1,ASSLVPGTSGPFDEQF,1
TRBV7-9,TRBJ2-1,ASSLVPGTSGRAAYNEQF,12
TRBV7-9,TRBJ2-1,ASSLVPGTSGRDNEQF,1
TRBV7-9,TRBJ2-1,ASSLVPGTSGSHEQF,1
TRBV7-9,TRBJ2-1,ASSLVPGTSGTAAYNEQF,1
TRBV7-9,TRBJ2-1,ASSLVPGTSGTLFDEQF,3
TRBV7-9,TRBJ2-1,ASSLVPGTSGYNEQF,1
TRBV7-9,TRBJ2-1,ASSLVPGTSNEQF,1
TRBV7-9,TRBJ2-1,ASSLVPGTSNNEQF,9
TRBV7-9,TRBJ2-1,ASSLVPGTSSLFGREQF,3
TRBV7-9,TRBJ2-1,ASSLVPGTSSSNEQF,1
TRBV7-9,TRBJ2-1,ASSLVPGTSTHNEQF,1
TRBV7-9,TRBJ2-1,ASSLVPGTSVAYNEQF,1
TRBV7-9,TRBJ2-1,ASSLVPGTSYREQF,1
TRBV7-9,TRBJ2-1,ASSLVPGTTNEQF,1
TRBV7-9,TRBJ2-1,ASSLVPGTTSNEQF,1
TRBV7-9,TRBJ2-1,ASSLVPGTTYNEQF,1
TRBV7-9,TRBJ2-1,ASSLVPGTYDEPF,1
TRBV7-9,TRBJ2-1,ASSLVPGTYKEQF,1
TRBV7-9,TRBJ2-1,ASSLVPGTYKKLF,1
TRBV7-9,TRBJ2-1,ASSLVPGTYNAQF,2
TRBV7-9,TRBJ2-1,ASSLVPGTYNDQS,1
TRBV7-9,TRBJ2-1,ASSLVPGTYNEQF,15
TRBV7-9,TRBJ2-1,ASSLVPGTYNGHF,1
TRBV7-9,TRBJ2-1,ASSLVPGTYSEQF,1
TRBV7-9,TRBJ2-1,ASSLVPGVATKTNEQF,1
TRBV7-9,TRBJ2-1,ASSLVPGVAYNEQF,2
TRBV7-9,TRBJ2-1,ASSLVPGVDEWQS,1
TRBV7-9,TRBJ2-1,ASSLVPGVGNEQF,1
TRBV7-9,TRBJ2-1,ASSLVPGVHNEQF,1
TRBV7-9,TRBJ2-1,ASSLVPGVIDEQF,3
TRBV7-9,TRBJ2-1,ASSLVPGVIYNEQF,5
TRBV7-9,TRBJ2-1,ASSLVPGVNDEQF,1
TRBV7-9,TRBJ2-1,ASSLVPGVNEQF,1
TRBV7-9,TRBJ2-1,ASSLVPGVSNEQF,8
TRBV7-9,TRBJ2-1,ASSLVPGVSSYNEQF,1
TRBV7-9,TRBJ2-1,ASSLVPGVSYNEQF,12
TRBV7-9,TRBJ2-1,ASSLVPGVTGEQF,1
TRBV7-9,TRBJ2-1,ASSLVPGVYDEQF,1
TRBV7-9,TRBJ2-1,ASSLVPGVYIEEI,1
TRBV7-9,TRBJ2-1,ASSLVPGVYKEQC,2
TRBV7-9,TRBJ2-1,ASSLVPGVYKEQF,1
TRBV7-9,TRBJ2-1,ASSLVPGVYKEQY,1
TRBV7-9,TRBJ2-1,ASSLVPGVYKGQF,1
TRBV7-9,TRBJ2-1,ASSLVPGVYNAEF,1
TRBV7-9,TRBJ2-1,ASSLVPGVYNDHF,1
TRBV7-9,TRBJ2-1,ASSLVPGVYNDQL,1
TRBV7-9,TRBJ2-1,ASSLVPGVYNEEF,1
TRBV7-9,TRBJ2-1,ASSLVPGVYNEHF,1
TRBV7-9,TRBJ2-1,ASSLVPGVYNEKF,1
TRBV7-9,TRBJ2-1,ASSLVPGVYNEQC,2
TRBV7-9,TRBJ2-1,ASSLVPGVYNEQF,41
TRBV7-9,TRBJ2-1,ASSLVPGVYNEQL,1
TRBV7-9,TRBJ2-1,ASSLVPGVYNEQV,1
TRBV7-9,TRBJ2-1,ASSLVPGVYNEQY,1
TRBV7-9,TRBJ2-1,ASSLVPGVYNGPF,1
TRBV7-9,TRBJ2-1,ASSLVPGVYNGQF,1
TRBV7-9,TRBJ2-1,ASSLVPGVYNRQF,1
TRBV7-9,TRBJ2-1,ASSLVPGVYNVLF,2
TRBV7-9,TRBJ2-1,ASSLVPGVYSEQF,1
TRBV7-9,TRBJ2-1,ASSLVPGVYYEHF,1
TRBV7-9,TRBJ2-1,ASSLVPGVYYEQF,1
TRBV7-9,TRBJ2-1,ASSLVPGWGDNEQF,1
TRBV7-9,TRBJ2-1,ASSLVPGWGEQF,7
TRBV7-9,TRBJ2-1,ASSLVPGWMEQF,4
TRBV7-9,TRBJ2-1,ASSLVPGWNEQF,1
TRBV7-9,TRBJ2-1,ASSLVPGWYEQF,3
TRBV7-9,TRBJ2-1,ASSLVPGYGGPNEQF,1
TRBV7-9,TRBJ2-1,ASSLVPGYNEQF,15
TRBV7-9,TRBJ2-1,ASSLVPGYQYNEQF,1
TRBV7-9,TRBJ2-1,ASSLVPGYYKEQF,1
TRBV7-9,TRBJ2-1,ASSLVPGYYNEQF,2
TRBV7-9,TRBJ2-1,ASSLVPGYYSEQF,1
TRBV7-9,TRBJ2-1,ASSLVPHAYKGQF,1
TRBV7-9,TRBJ2-1,ASSLVPHAYNEKF,1
TRBV7-9,TRBJ2-1,ASSLVPHAYNEPF,1
TRBV7-9,TRBJ2-1,ASSLVPHAYNEQF,7
TRBV7-9,TRBJ2-1,ASSLVPHAYNVQF,1
TRBV7-9,TRBJ2-1,ASSLVPHAYTEQC,1
TRBV7-9,TRBJ2-1,ASSLVPHAYTEQF,1
TRBV7-9,TRBJ2-1,ASSLVPHEQF,7
TRBV7-9,TRBJ2-1,ASSLVPHGAYNEQF,1
TRBV7-9,TRBJ2-1,ASSLVPHGDNEQF,1
TRBV7-9,TRBJ2-1,ASSLVPHGDSSYNEQF,1
TRBV7-9,TRBJ2-1,ASSLVPHLNEQF,1
TRBV7-9,TRBJ2-1,ASSLVPHNEQF,25
TRBV7-9,TRBJ2-1,ASSLVPHNNEQF,1
TRBV7-9,TRBJ2-1,ASSLVPHPGQGAYNEQF,1
TRBV7-9,TRBJ2-1,ASSLVPHPRHEQF,1
TRBV7-9,TRBJ2-1,ASSLVPHRGYNEQF,1
TRBV7-9,TRBJ2-1,ASSLVPHSSYNEQF,1
TRBV7-9,TRBJ2-1,ASSLVPHSYNEQF,1
TRBV7-9,TRBJ2-1,ASSLVPHVYNEQF,1
TRBV7-9,TRBJ2-1,ASSLVPHYNEQF,1
TRBV7-9,TRBJ2-1,ASSLVPIADNEQF,1
TRBV7-9,TRBJ2-1,ASSLVPIAGGEENEQF,1
TRBV7-9,TRBJ2-1,ASSLVPIAHIEQV,1
TRBV7-9,TRBJ2-1,ASSLVPIARPNEQF,1
TRBV7-9,TRBJ2-1,ASSLVPIARQGSNEQF,1
TRBV7-9,TRBJ2-1,ASSLVPIAYNEQF,3
TRBV7-9,TRBJ2-1,ASSLVPIERPRENEQF,1
TRBV7-9,TRBJ2-1,ASSLVPIGEQF,13
TRBV7-9,TRBJ2-1,ASSLVPIGLSSYNEQF,1
TRBV7-9,TRBJ2-1,ASSLVPIGVHEQF,7
TRBV7-9,TRBJ2-1,ASSLVPIGVNEQF,1
TRBV7-9,TRBJ2-1,ASSLVPILGLAPYNEQF,1
TRBV7-9,TRBJ2-1,ASSLVPINEQF,2
TRBV7-9,TRBJ2-1,ASSLVPIPYNEQF,4
TRBV7-9,TRBJ2-1,ASSLVPIQGRLHNEQF,1
TRBV7-9,TRBJ2-1,ASSLVPIRSYNEQF,1
TRBV7-9,TRBJ2-1,ASSLVPISGRVSQEYNEQF,2
TRBV7-9,TRBJ2-1,ASSLVPISYNEQF,1
TRBV7-9,TRBJ2-1,ASSLVPKACNDQF,1
TRBV7-9,TRBJ2-1,ASSLVPKACNEPF,1
TRBV7-9,TRBJ2-1,ASSLVPKACNEQF,3
TRBV7-9,TRBJ2-1,ASSLVPKADDEQF,1
TRBV7-9,TRBJ2-1,ASSLVPKADHEQF,1
TRBV7-9,TRBJ2-1,ASSLVPKADKEQF,2
TRBV7-9,TRBJ2-1,ASSLVPKADNEKF,2
TRBV7-9,TRBJ2-1,ASSLVPKADNEQF,16
TRBV7-9,TRBJ2-1,ASSLVPKADNEQL,1
TRBV7-9,TRBJ2-1,ASSLVPKADNGQF,1
TRBV7-9,TRBJ2-1,ASSLVPKADNKQF,1
TRBV7-9,TRBJ2-1,ASSLVPKAENEQF,3
TRBV7-9,TRBJ2-1,ASSLVPKAFHEQF,1
TRBV7-9,TRBJ2-1,ASSLVPKAFNEQF,1
TRBV7-9,TRBJ2-1,ASSLVPKAHHEPF,1
TRBV7-9,TRBJ2-1,ASSLVPKAHKEQF,2
TRBV7-9,TRBJ2-1,ASSLVPKAHNDQF,1
TRBV7-9,TRBJ2-1,ASSLVPKAHNEHF,1
TRBV7-9,TRBJ2-1,ASSLVPKAHNEQF,11
TRBV7-9,TRBJ2-1,ASSLVPKAHNKQS,1
TRBV7-9,TRBJ2-1,ASSLVPKAHNVQV,1
TRBV7-9,TRBJ2-1,ASSLVPKAKNEQF,1
TRBV7-9,TRBJ2-1,ASSLVPKALNEQF,1
TRBV7-9,TRBJ2-1,ASSLVPKALSVKV,1
TRBV7-9,TRBJ2-1,ASSLVPKANNEQF,4
TRBV7-9,TRBJ2-1,ASSLVPKAPNEQF,1
TRBV7-9,TRBJ2-1,ASSLVPKAQKEQF,1
TRBV7-9,TRBJ2-1,ASSLVPKAQNEQF,2
TRBV7-9,TRBJ2-1,ASSLVPKASKEQF,1
TRBV7-9,TRBJ2-1,ASSLVPKASNDQV,1
TRBV7-9,TRBJ2-1,ASSLVPKASNEHF,1
TRBV7-9,TRBJ2-1,ASSLVPKASNEQF,5
TRBV7-9,TRBJ2-1,ASSLVPKASYEQF,1
TRBV7-9,TRBJ2-1,ASSLVPKAYDEQF,4
TRBV7-9,TRBJ2-1,ASSLVPKAYHAQF,1
TRBV7-9,TRBJ2-1,ASSLVPKAYHEQF,5
TRBV7-9,TRBJ2-1,ASSLVPKAYHEQS,1
TRBV7-9,TRBJ2-1,ASSLVPKAYIEKF,1
TRBV7-9,TRBJ2-1,ASSLVPKAYIEQF,3
TRBV7-9,TRBJ2-1,ASSLVPKAYITNF,1
TRBV7-9,TRBJ2-1,ASSLVPKAYKAQF,3
TRBV7-9,TRBJ2-1,ASSLVPKAYKDQF,1
TRBV7-9,TRBJ2-1,ASSLVPKAYKEKF,1
TRBV7-9,TRBJ2-1,ASSLVPKAYKEMF,1
TRBV7-9,TRBJ2-1,ASSLVPKAYKEQF,20
TRBV7-9,TRBJ2-1,ASSLVPKAYKEQL,1
TRBV7-9,TRBJ2-1,ASSLVPKAYKEQY,1
TRBV7-9,TRBJ2-1,ASSLVPKAYKKQS,1
TRBV7-9,TRBJ2-1,ASSLVPKAYKNHF,1
TRBV7-9,TRBJ2-1,ASSLVPKAYKVQF,1
TRBV7-9,TRBJ2-1,ASSLVPKAYMEQC,1
TRBV7-9,TRBJ2-1,ASSLVPKAYNAAF,1
TRBV7-9,TRBJ2-1,ASSLVPKAYNAHF,2
TRBV7-9,TRBJ2-1,ASSLVPKAYNAQF,20
TRBV7-9,TRBJ2-1,ASSLVPKAYNDHF,2
TRBV7-9,TRBJ2-1,ASSLVPKAYNDHV,1
TRBV7-9,TRBJ2-1,ASSLVPKAYNDKF,1
TRBV7-9,TRBJ2-1,ASSLVPKAYNDQF,17
TRBV7-9,TRBJ2-1,ASSLVPKAYNDQI,1
TRBV7-9,TRBJ2-1,ASSLVPKAYNDQV,2
TRBV7-9,TRBJ2-1,ASSLVPKAYNEDF,1
TRBV7-9,TRBJ2-1,ASSLVPKAYNEEF,6
TRBV7-9,TRBJ2-1,ASSLVPKAYNEHF,15
TRBV7-9,TRBJ2-1,ASSLVPKAYNEHI,1
TRBV7-9,TRBJ2-1,ASSLVPKAYNEHL,1
TRBV7-9,TRBJ2-1,ASSLVPKAYNEHV,3
TRBV7-9,TRBJ2-1,ASSLVPKAYNEKF,23
TRBV7-9,TRBJ2-1,ASSLVPKAYNELF,4
TRBV7-9,TRBJ2-1,ASSLVPKAYNEPF,11
TRBV7-9,TRBJ2-1,ASSLVPKAYNEPV,1
TRBV7-9,TRBJ2-1,ASSLVPKAYNEQC,4
TRBV7-9,TRBJ2-1,ASSLVPKAYNEQF,842
TRBV7-9,TRBJ2-1,ASSLVPKAYNEQI,2
TRBV7-9,TRBJ2-1,ASSLVPKAYNEQL,9
TRBV7-9,TRBJ2-1,ASSLVPKAYNEQS,6
TRBV7-9,TRBJ2-1,ASSLVPKAYNEQT,1
TRBV7-9,TRBJ2-1,ASSLVPKAYNEQV,21
TRBV7-9,TRBJ2-1,ASSLVPKAYNEQY,6
TRBV7-9,TRBJ2-1,ASSLVPKAYNERF,2
TRBV7-9,TRBJ2-1,ASSLVPKAYNETF,1
TRBV7-9,TRBJ2-1,ASSLVPKAYNGKF,1
TRBV7-9,TRBJ2-1,ASSLVPKAYNGPF,1
TRBV7-9,TRBJ2-1,ASSLVPKAYNGQF,10
TRBV7-9,TRBJ2-1,ASSLVPKAYNGQI,1
TRBV7-9,TRBJ2-1,ASSLVPKAYNGQV,1
TRBV7-9,TRBJ2-1,ASSLVPKAYNHQF,1
TRBV7-9,TRBJ2-1,ASSLVPKAYNIQF,1
TRBV7-9,TRBJ2-1,ASSLVPKAYNKKF,1
TRBV7-9,TRBJ2-1,ASSLVPKAYNKPF,1
TRBV7-9,TRBJ2-1,ASSLVPKAYNKQF,14
TRBV7-9,TRBJ2-1,ASSLVPKAYNKQL,1
TRBV7-9,TRBJ2-1,ASSLVPKAYNKQS,1
TRBV7-9,TRBJ2-1,ASSLVPKAYNKQV,1
TRBV7-9,TRBJ2-1,ASSLVPKAYNMQF,1
TRBV7-9,TRBJ2-1,ASSLVPKAYNNQF,1
TRBV7-9,TRBJ2-1,ASSLVPKAYNQQF,5
TRBV7-9,TRBJ2-1,ASSLVPKAYNSQF,1
TRBV7-9,TRBJ2-1,ASSLVPKAYNVHF,1
TRBV7-9,TRBJ2-1,ASSLVPKAYNVQF,5
TRBV7-9,TRBJ2-1,ASSLVPKAYQEQF,1
TRBV7-9,TRBJ2-1,ASSLVPKAYSEHF,1
TRBV7-9,TRBJ2-1,ASSLVPKAYSEQF,2
TRBV7-9,TRBJ2-1,ASSLVPKAYSEQI,1
TRBV7-9,TRBJ2-1,ASSLVPKAYTEQF,2
TRBV7-9,TRBJ2-1,ASSLVPKAYTEQL,1
TRBV7-9,TRBJ2-1,ASSLVPKAYTKQC,1
TRBV7-9,TRBJ2-1,ASSLVPKAYTVQF,1
TRBV7-9,TRBJ2-1,ASSLVPKAYYEQF,4
TRBV7-9,TRBJ2-1,ASSLVPKAYYEQV,1
TRBV7-9,TRBJ2-1,ASSLVPKDDNEQF,1
TRBV7-9,TRBJ2-1,ASSLVPKDSNEQF,1
TRBV7-9,TRBJ2-1,ASSLVPKDYNAQF,1
TRBV7-9,TRBJ2-1,ASSLVPKDYNDQF,1
TRBV7-9,TRBJ2-1,ASSLVPKDYNEHF,1
TRBV7-9,TRBJ2-1,ASSLVPKDYNEKF,3
TRBV7-9,TRBJ2-1,ASSLVPKDYNEQF,16
TRBV7-9,TRBJ2-1,ASSLVPKDYNEQL,1
TRBV7-9,TRBJ2-1,ASSLVPKDYNEQV,1
TRBV7-9,TRBJ2-1,ASSLVPKDYNKQF,2
TRBV7-9,TRBJ2-1,ASSLVPKDYSAKF,1
TRBV7-9,TRBJ2-1,ASSLVPKEQF,1
TRBV7-9,TRBJ2-1,ASSLVPKEYNEQF,1
TRBV7-9,TRBJ2-1,ASSLVPKFYNEQF,2
TRBV7-9,TRBJ2-1,ASSLVPKGFNYPF,1
TRBV7-9,TRBJ2-1,ASSLVPKGNNTQF,1
TRBV7-9,TRBJ2-1,ASSLVPKGTSGRSHEQF,1
TRBV7-9,TRBJ2-1,ASSLVPKGYNEPS,1
TRBV7-9,TRBJ2-1,ASSLVPKGYNEQF,6
TRBV7-9,TRBJ2-1,ASSLVPKGYNEQL,1
TRBV7-9,TRBJ2-1,ASSLVPKLQNEHF,1
TRBV7-9,TRBJ2-1,ASSLVPKPFNGRF,1
TRBV7-9,TRBJ2-1,ASSLVPKPGYEQF,1
TRBV7-9,TRBJ2-1,ASSLVPKPQKEQY,1
TRBV7-9,TRBJ2-1,ASSLVPKPYNEHF,2
TRBV7-9,TRBJ2-1,ASSLVPKPYNEQF,4
TRBV7-9,TRBJ2-1,ASSLVPKSFYEQF,1
TRBV7-9,TRBJ2-1,ASSLVPKSGVYEQF,2
TRBV7-9,TRBJ2-1,ASSLVPKSHTEQY,1
TRBV7-9,TRBJ2-1,ASSLVPKSQNEQF,1
TRBV7-9,TRBJ2-1,ASSLVPKSYHAQF,1
TRBV7-9,TRBJ2-1,ASSLVPKSYNAQF,1
TRBV7-9,TRBJ2-1,ASSLVPKSYNDLF,1
TRBV7-9,TRBJ2-1,ASSLVPKSYNEHF,4
TRBV7-9,TRBJ2-1,ASSLVPKSYNEKF,2
TRBV7-9,TRBJ2-1,ASSLVPKSYNELF,1
TRBV7-9,TRBJ2-1,ASSLVPKSYNEQF,13
TRBV7-9,TRBJ2-1,ASSLVPKSYNEQV,1
TRBV7-9,TRBJ2-1,ASSLVPKSYNYQV,1
TRBV7-9,TRBJ2-1,ASSLVPKSYYFQF,1
TRBV7-9,TRBJ2-1,ASSLVPKTDNEQI,1
TRBV7-9,TRBJ2-1,ASSLVPKTNIEQF,1
TRBV7-9,TRBJ2-1,ASSLVPKTNNEQF,1
TRBV7-9,TRBJ2-1,ASSLVPKTYDEQF,1
TRBV7-9,TRBJ2-1,ASSLVPKTYNEKF,1
TRBV7-9,TRBJ2-1,ASSLVPKTYNEQF,5
TRBV7-9,TRBJ2-1,ASSLVPKTYNEQS,1
TRBV7-9,TRBJ2-1,ASSLVPKTYNKQF,1
TRBV7-9,TRBJ2-1,ASSLVPKVYIKTF,1
TRBV7-9,TRBJ2-1,ASSLVPKVYKKRF,1
TRBV7-9,TRBJ2-1,ASSLVPKVYNDQF,1
TRBV7-9,TRBJ2-1,ASSLVPKVYNEEF,1
TRBV7-9,TRBJ2-1,ASSLVPKVYNEHF,1
TRBV7-9,TRBJ2-1,ASSLVPKVYNEQF,11
TRBV7-9,TRBJ2-1,ASSLVPKVYNVQF,1
TRBV7-9,TRBJ2-1,ASSLVPKYYNEQF,1
TRBV7-9,TRBJ2-1,ASSLVPLADEQF,1
TRBV7-9,TRBJ2-1,ASSLVPLADNEQF,1
TRBV7-9,TRBJ2-1,ASSLVPLAFNEQF,1
TRBV7-9,TRBJ2-1,ASSLVPLAFSTHNEQF,1
TRBV7-9,TRBJ2-1,ASSLVPLAGASHEQF,1
TRBV7-9,TRBJ2-1,ASSLVPLAGEQF,17
TRBV7-9,TRBJ2-1,ASSLVPLAGGGVYNEQF,2
TRBV7-9,TRBJ2-1,ASSLVPLAGGIAYNEQF,1
TRBV7-9,TRBJ2-1,ASSLVPLAGGLEQF,4
TRBV7-9,TRBJ2-1,ASSLVPLAGGYDEQF,1
TRBV7-9,TRBJ2-1,ASSLVPLAGHNEQF,1
TRBV7-9,TRBJ2-1,ASSLVPLAGLRSYNEQF,1
TRBV7-9,TRBJ2-1,ASSLVPLAGNDEQF,1
TRBV7-9,TRBJ2-1,ASSLVPLAGNEQF,1
TRBV7-9,TRBJ2-1,ASSLVPLAGVYEQF,1
TRBV7-9,TRBJ2-1,ASSLVPLARDEQF,1
TRBV7-9,TRBJ2-1,ASSLVPLARSEQF,3
TRBV7-9,TRBJ2-1,ASSLVPLASEQF,1
TRBV7-9,TRBJ2-1,ASSLVPLASGNNEQF,1
TRBV7-9,TRBJ2-1,ASSLVPLASGSYNEQF,1
TRBV7-9,TRBJ2-1,ASSLVPLAVNEQF,1
TRBV7-9,TRBJ2-1,ASSLVPLAVPYNEQF,3
TRBV7-9,TRBJ2-1,ASSLVPLAVYNEQF,1
TRBV7-9,TRBJ2-1,ASSLVPLAYIDQF,1
TRBV7-9,TRBJ2-1,ASSLVPLAYIELF,1
TRBV7-9,TRBJ2-1,ASSLVPLAYKEQF,1
TRBV7-9,TRBJ2-1,ASSLVPLAYKMQF,1
TRBV7-9,TRBJ2-1,ASSLVPLAYKVQF,1
TRBV7-9,TRBJ2-1,ASSLVPLAYMEQI,1
TRBV7-9,TRBJ2-1,ASSLVPLAYNAQF,1
TRBV7-9,TRBJ2-1,ASSLVPLAYNDQF,1
TRBV7-9,TRBJ2-1,ASSLVPLAYNEEF,1
TRBV7-9,TRBJ2-1,ASSLVPLAYNEKF,1
TRBV7-9,TRBJ2-1,ASSLVPLAYNEQA,1
TRBV7-9,TRBJ2-1,ASSLVPLAYNEQC,3
TRBV7-9,TRBJ2-1,ASSLVPLAYNEQF,34
TRBV7-9,TRBJ2-1,ASSLVPLAYNEQI,1
TRBV7-9,TRBJ2-1,ASSLVPLAYNEQS,1
TRBV7-9,TRBJ2-1,ASSLVPLAYNGQF,1
TRBV7-9,TRBJ2-1,ASSLVPLAYNQQF,1
TRBV7-9,TRBJ2-1,ASSLVPLAYNTQF,1
TRBV7-9,TRBJ2-1,ASSLVPLAYNVQF,2
TRBV7-9,TRBJ2-1,ASSLVPLAYSERF,1
TRBV7-9,TRBJ2-1,ASSLVPLCYNGQF,1
TRBV7-9,TRBJ2-1,ASSLVPLDEQF,1
TRBV7-9,TRBJ2-1,ASSLVPLDNEQF,3
TRBV7-9,TRBJ2-1,ASSLVPLDYNEQF,1
TRBV7-9,TRBJ2-1,ASSLVPLDYNKPF,1
TRBV7-9,TRBJ2-1,ASSLVPLDYTEQF,1
TRBV7-9,TRBJ2-1,ASSLVPLEAHEQF,1
TRBV7-9,TRBJ2-1,ASSLVPLEDHEQF,11
TRBV7-9,TRBJ2-1,ASSLVPLEGDDEQF,1
TRBV7-9,TRBJ2-1,ASSLVPLEQF,3
TRBV7-9,TRBJ2-1,ASSLVPLGGNEQF,1
TRBV7-9,TRBJ2-1,ASSLVPLGHIMYNEQF,1
TRBV7-9,TRBJ2-1,ASSLVPLGLGVNEQF,1
TRBV7-9,TRBJ2-1,ASSLVPLGLNEQF,12
TRBV7-9,TRBJ2-1,ASSLVPLGLNVQF,1
TRBV7-9,TRBJ2-1,ASSLVPLGNEQF,2
TRBV7-9,TRBJ2-1,ASSLVPLGQF,5
TRBV7-9,TRBJ2-1,ASSLVPLGRLSYNEQF,10
TRBV7-9,TRBJ2-1,ASSLVPLGTYNEQF,13
TRBV7-9,TRBJ2-1,ASSLVPLGYSEQI,1
TRBV7-9,TRBJ2-1,ASSLVPLIAGPRVQF,1
TRBV7-9,TRBJ2-1,ASSLVPLIGAGGPSEF,2
TRBV7-9,TRBJ2-1,ASSLVPLLEIEQF,4
TRBV7-9,TRBJ2-1,ASSLVPLLGTTYNEQF,1
TRBV7-9,TRBJ2-1,ASSLVPLLGVGNEQF,6
TRBV7-9,TRBJ2-1,ASSLVPLMGGRTYNEQF,1
TRBV7-9,TRBJ2-1,ASSLVPLNEQF,3
TRBV7-9,TRBJ2-1,ASSLVPLNYNEQF,1
TRBV7-9,TRBJ2-1,ASSLVPLPANEQF,1
TRBV7-9,TRBJ2-1,ASSLVPLPYNEQF,1
TRBV7-9,TRBJ2-1,ASSLVPLQIYNEQF,1
TRBV7-9,TRBJ2-1,ASSLVPLREGYNEQF,1
TRBV7-9,TRBJ2-1,ASSLVPLREQFNEQF,1
TRBV7-9,TRBJ2-1,ASSLVPLRYEQF,1
TRBV7-9,TRBJ2-1,ASSLVPLSGKASNEQF,1
TRBV7-9,TRBJ2-1,ASSLVPLSGRASYNEQF,1
TRBV7-9,TRBJ2-1,ASSLVPLSSYNEQF,1
TRBV7-9,TRBJ2-1,ASSLVPLSYKEQF,1
TRBV7-9,TRBJ2-1,ASSLVPLSYNEQF,22
TRBV7-9,TRBJ2-1,ASSLVPLTGGYNEQF,1
TRBV7-9,TRBJ2-1,ASSLVPLTGPKTYNEQF,1
TRBV7-9,TRBJ2-1,ASSLVPLTGRLVNNEQF,1
TRBV7-9,TRBJ2-1,ASSLVPLVDNEQF,1
TRBV7-9,TRBJ2-1,ASSLVPLVRQGDEQF,1
TRBV7-9,TRBJ2-1,ASSLVPLVRYNEQF,1
TRBV7-9,TRBJ2-1,ASSLVPLVSSYNEQF,1
TRBV7-9,TRBJ2-1,ASSLVPLWNNEQF,1
TRBV7-9,TRBJ2-1,ASSLVPLWREGPHNEQF,1
TRBV7-9,TRBJ2-1,ASSLVPLYEQF,1
TRBV7-9,TRBJ2-1,ASSLVPLYNEQF,9
TRBV7-9,TRBJ2-1,ASSLVPMADNVQF,1
TRBV7-9,TRBJ2-1,ASSLVPMADQEQF,1
TRBV7-9,TRBJ2-1,ASSLVPMAFNEQF,1
TRBV7-9,TRBJ2-1,ASSLVPMASNEHF,1
TRBV7-9,TRBJ2-1,ASSLVPMAYIVPF,1
TRBV7-9,TRBJ2-1,ASSLVPMAYKVQF,1
TRBV7-9,TRBJ2-1,ASSLVPMAYNEQC,1
TRBV7-9,TRBJ2-1,ASSLVPMAYNEQF,10
TRBV7-9,TRBJ2-1,ASSLVPMAYNEQL,1
TRBV7-9,TRBJ2-1,ASSLVPMAYNERF,1
TRBV7-9,TRBJ2-1,ASSLVPMREAYNEQF,1
TRBV7-9,TRBJ2-1,ASSLVPMSNNEHF,1
TRBV7-9,TRBJ2-1,ASSLVPMSYNEQF,1
TRBV7-9,TRBJ2-1,ASSLVPMSYYEQL,1
TRBV7-9,TRBJ2-1,ASSLVPMTYNEQF,1
TRBV7-9,TRBJ2-1,ASSLVPMVYNEQF,1
TRBV7-9,TRBJ2-1,ASSLVPNADNEQF,2
TRBV7-9,TRBJ2-1,ASSLVPNAHNEQF,1
TRBV7-9,TRBJ2-1,ASSLVPNAYHEHF,1
TRBV7-9,TRBJ2-1,ASSLVPNAYKEQF,1
TRBV7-9,TRBJ2-1,ASSLVPNAYNDHV,1
TRBV7-9,TRBJ2-1,ASSLVPNAYNDQF,2
TRBV7-9,TRBJ2-1,ASSLVPNAYNEHF,1
TRBV7-9,TRBJ2-1,ASSLVPNAYNEPF,1
TRBV7-9,TRBJ2-1,ASSLVPNAYNEQF,31
TRBV7-9,TRBJ2-1,ASSLVPNAYNEQL,1
TRBV7-9,TRBJ2-1,ASSLVPNAYNEQV,1
TRBV7-9,TRBJ2-1,ASSLVPNAYNVQF,1
TRBV7-9,TRBJ2-1,ASSLVPNDEQF,2
TRBV7-9,TRBJ2-1,ASSLVPNDYNEKF,1
TRBV7-9,TRBJ2-1,ASSLVPNDYNKHF,1
TRBV7-9,TRBJ2-1,ASSLVPNEGDEQF,3
TRBV7-9,TRBJ2-1,ASSLVPNEQF,77
TRBV7-9,TRBJ2-1,ASSLVPNEQW,1
TRBV7-9,TRBJ2-1,ASSLVPNEYNKQF,1
TRBV7-9,TRBJ2-1,ASSLVPNGQGWDEQF,1
TRBV7-9,TRBJ2-1,ASSLVPNKNEQF,1
TRBV7-9,TRBJ2-1,ASSLVPNNEQF,17
TRBV7-9,TRBJ2-1,ASSLVPNPYNEQF,1
TRBV7-9,TRBJ2-1,ASSLVPNQNNEQF,1
TRBV7-9,TRBJ2-1,ASSLVPNRDLDNEQF,1
TRBV7-9,TRBJ2-1,ASSLVPNSPYEQF,1
TRBV7-9,TRBJ2-1,ASSLVPNSYIEQF,1
TRBV7-9,TRBJ2-1,ASSLVPNSYNEQF,1
TRBV7-9,TRBJ2-1,ASSLVPNTESEQF,1
TRBV7-9,TRBJ2-1,ASSLVPNTYNEQF,2
TRBV7-9,TRBJ2-1,ASSLVPNVAGSINEQF,1
TRBV7-9,TRBJ2-1,ASSLVPNVDDEQF,2
TRBV7-9,TRBJ2-1,ASSLVPNVDNEQF,1
TRBV7-9,TRBJ2-1,ASSLVPNVGDEQF,1
TRBV7-9,TRBJ2-1,ASSLVPNVGEQF,2
TRBV7-9,TRBJ2-1,ASSLVPNVYNEQF,1
TRBV7-9,TRBJ2-1,ASSLVPNVYNEQV,1
TRBV7-9,TRBJ2-1,ASSLVPNYEQF,1
TRBV7-9,TRBJ2-1,ASSLVPNYNEQF,9
TRBV7-9,TRBJ2-1,ASSLVPPADEQF,1
TRBV7-9,TRBJ2-1,ASSLVPPADNEQF,1
TRBV7-9,TRBJ2-1,ASSLVPPADNGQF,1
TRBV7-9,TRBJ2-1,ASSLVPPAHNEQF,1
TRBV7-9,TRBJ2-1,ASSLVPPASNEQS,1
TRBV7-9,TRBJ2-1,ASSLVPPAVQF,4
TRBV7-9,TRBJ2-1,ASSLVPPAYEQF,14
TRBV7-9,TRBJ2-1,ASSLVPPAYHEQF,1
TRBV7-9,TRBJ2-1,ASSLVPPAYNEKF,1
TRBV7-9,TRBJ2-1,ASSLVPPAYNEQF,5
TRBV7-9,TRBJ2-1,ASSLVPPAYNKQY,1
TRBV7-9,TRBJ2-1,ASSLVPPAYTELL,1
TRBV7-9,TRBJ2-1,ASSLVPPDNEQF,1
TRBV7-9,TRBJ2-1,ASSLVPPDRVYNEQF,1
TRBV7-9,TRBJ2-1,ASSLVPPEQF,2
TRBV7-9,TRBJ2-1,ASSLVPPGGENEQF,1
TRBV7-9,TRBJ2-1,ASSLVPPGGWQHEQF,10
TRBV7-9,TRBJ2-1,ASSLVPPGGYDNEQF,1
TRBV7-9,TRBJ2-1,ASSLVPPGIYNEQF,1
TRBV7-9,TRBJ2-1,ASSLVPPGLAGGWGLYNEQF,6
TRBV7-9,TRBJ2-1,ASSLVPPGLNEQF,1
TRBV7-9,TRBJ2-1,ASSLVPPGNEQF,1
TRBV7-9,TRBJ2-1,ASSLVPPGQAHNEQF,3
TRBV7-9,TRBJ2-1,ASSLVPPGREYNEQF,1
TRBV7-9,TRBJ2-1,ASSLVPPGRNEQF,16
TRBV7-9,TRBJ2-1,ASSLVPPGRNEQV,1
TRBV7-9,TRBJ2-1,ASSLVPPGSSYNEQF,1
TRBV7-9,TRBJ2-1,ASSLVPPGVFGVYNEQF,2
TRBV7-9,TRBJ2-1,ASSLVPPHNEQF,1
TRBV7-9,TRBJ2-1,ASSLVPPIAYNEQF,1
TRBV7-9,TRBJ2-1,ASSLVPPLAGVLNEQF,1
TRBV7-9,TRBJ2-1,ASSLVPPLGSNEQF,1
TRBV7-9,TRBJ2-1,ASSLVPPLTYNEQF,1
TRBV7-9,TRBJ2-1,ASSLVPPMAGVYEHF,1
TRBV7-9,TRBJ2-1,ASSLVPPMAGVYEQF,13
TRBV7-9,TRBJ2-1,ASSLVPPNEQF,10
TRBV7-9,TRBJ2-1,ASSLVPPPGNEQF,1
TRBV7-9,TRBJ2-1,ASSLVPPRGEQF,3
TRBV7-9,TRBJ2-1,ASSLVPPRGRGNEQF,15
TRBV7-9,TRBJ2-1,ASSLVPPRTGLYNEQF,1
TRBV7-9,TRBJ2-1,ASSLVPPSDNEQF,1
TRBV7-9,TRBJ2-1,ASSLVPPSGTYNEQF,1
TRBV7-9,TRBJ2-1,ASSLVPPSSYNEQF,1
TRBV7-9,TRBJ2-1,ASSLVPPSYNEQF,4
TRBV7-9,TRBJ2-1,ASSLVPPTGGRNNEQF,15
TRBV7-9,TRBJ2-1,ASSLVPPTGNEQF,1
TRBV7-9,TRBJ2-1,ASSLVPPTGSYNEQF,2
TRBV7-9,TRBJ2-1,ASSLVPPTRDEQF,1
TRBV7-9,TRBJ2-1,ASSLVPPTSGRPHEQF,1
TRBV7-9,TRBJ2-1,ASSLVPPTSNEQF,9
TRBV7-9,TRBJ2-1,ASSLVPQACKEQF,1
TRBV7-9,TRBJ2-1,ASSLVPQACNEQF,3
TRBV7-9,TRBJ2-1,ASSLVPQACTEPF,1
TRBV7-9,TRBJ2-1,ASSLVPQADHEQF,1
TRBV7-9,TRBJ2-1,ASSLVPQADKEPF,1
TRBV7-9,TRBJ2-1,ASSLVPQADKEQF,2
TRBV7-9,TRBJ2-1,ASSLVPQADKGQF,1
TRBV7-9,TRBJ2-1,ASSLVPQADNDQF,1
TRBV7-9,TRBJ2-1,ASSLVPQADNEQF,10
TRBV7-9,TRBJ2-1,ASSLVPQADNGQF,1
TRBV7-9,TRBJ2-1,ASSLVPQADNKQC,1
TRBV7-9,TRBJ2-1,ASSLVPQADQEQF,1
TRBV7-9,TRBJ2-1,ASSLVPQADSEQF,1
TRBV7-9,TRBJ2-1,ASSLVPQADYEQF,1
TRBV7-9,TRBJ2-1,ASSLVPQAEDEQF,1
TRBV7-9,TRBJ2-1,ASSLVPQAENAQF,1
TRBV7-9,TRBJ2-1,ASSLVPQAENEQF,1
TRBV7-9,TRBJ2-1,ASSLVPQAEYEQF,1
TRBV7-9,TRBJ2-1,ASSLVPQAGNEQF,6
TRBV7-9,TRBJ2-1,ASSLVPQAHNEQF,1
TRBV7-9,TRBJ2-1,ASSLVPQAHNEQY,1
TRBV7-9,TRBJ2-1,ASSLVPQANNGQY,1
TRBV7-9,TRBJ2-1,ASSLVPQASGSTHEQF,1
TRBV7-9,TRBJ2-1,ASSLVPQASHEQF,1
TRBV7-9,TRBJ2-1,ASSLVPQASIGQF,1
TRBV7-9,TRBJ2-1,ASSLVPQASKEQL,1
TRBV7-9,TRBJ2-1,ASSLVPQASKVQF,1
TRBV7-9,TRBJ2-1,ASSLVPQASNEKF,1
TRBV7-9,TRBJ2-1,ASSLVPQASNEQF,7
TRBV7-9,TRBJ2-1,ASSLVPQASNERF,1
TRBV7-9,TRBJ2-1,ASSLVPQASNKQF,1
TRBV7-9,TRBJ2-1,ASSLVPQASSEQV,1
TRBV7-9,TRBJ2-1,ASSLVPQAYDEQY,1
TRBV7-9,TRBJ2-1,ASSLVPQAYDETF,1
TRBV7-9,TRBJ2-1,ASSLVPQAYDKQF,1
TRBV7-9,TRBJ2-1,ASSLVPQAYHAQC,1
TRBV7-9,TRBJ2-1,ASSLVPQAYHEQF,4
TRBV7-9,TRBJ2-1,ASSLVPQAYHEQI,1
TRBV7-9,TRBJ2-1,ASSLVPQAYHGQL,1
TRBV7-9,TRBJ2-1,ASSLVPQAYHKQI,1
TRBV7-9,TRBJ2-1,ASSLVPQAYHQQF,1
TRBV7-9,TRBJ2-1,ASSLVPQAYIEQF,1
TRBV7-9,TRBJ2-1,ASSLVPQAYIGQF,1
TRBV7-9,TRBJ2-1,ASSLVPQAYKAQF,1
TRBV7-9,TRBJ2-1,ASSLVPQAYKDHF,1
TRBV7-9,TRBJ2-1,ASSLVPQAYKDQF,2
TRBV7-9,TRBJ2-1,ASSLVPQAYKEKF,2
TRBV7-9,TRBJ2-1,ASSLVPQAYKEQF,21
TRBV7-9,TRBJ2-1,ASSLVPQAYKEQI,1
TRBV7-9,TRBJ2-1,ASSLVPQAYKEQL,2
TRBV7-9,TRBJ2-1,ASSLVPQAYKEQV,1
TRBV7-9,TRBJ2-1,ASSLVPQAYKEQY,1
TRBV7-9,TRBJ2-1,ASSLVPQAYKGQF,2
TRBV7-9,TRBJ2-1,ASSLVPQAYKLKF,1
TRBV7-9,TRBJ2-1,ASSLVPQAYKQKF,2
TRBV7-9,TRBJ2-1,ASSLVPQAYNAQF,5
TRBV7-9,TRBJ2-1,ASSLVPQAYNDEF,1
TRBV7-9,TRBJ2-1,ASSLVPQAYNDPF,2
TRBV7-9,TRBJ2-1,ASSLVPQAYNDQF,12
TRBV7-9,TRBJ2-1,ASSLVPQAYNDQL,2
TRBV7-9,TRBJ2-1,ASSLVPQAYNEEC,1
TRBV7-9,TRBJ2-1,ASSLVPQAYNEEF,4
TRBV7-9,TRBJ2-1,ASSLVPQAYNEEV,1
TRBV7-9,TRBJ2-1,ASSLVPQAYNEHF,11
TRBV7-9,TRBJ2-1,ASSLVPQAYNEKF,16
TRBV7-9,TRBJ2-1,ASSLVPQAYNEKI,1
TRBV7-9,TRBJ2-1,ASSLVPQAYNEKL,1
TRBV7-9,TRBJ2-1,ASSLVPQAYNELF,1
TRBV7-9,TRBJ2-1,ASSLVPQAYNEPF,3
TRBV7-9,TRBJ2-1,ASSLVPQAYNEQC,4
TRBV7-9,TRBJ2-1,ASSLVPQAYNEQF,562
TRBV7-9,TRBJ2-1,ASSLVPQAYNEQH,1
TRBV7-9,TRBJ2-1,ASSLVPQAYNEQI,6
TRBV7-9,TRBJ2-1,ASSLVPQAYNEQL,10
TRBV7-9,TRBJ2-1,ASSLVPQAYNEQP,1
TRBV7-9,TRBJ2-1,ASSLVPQAYNEQS,7
TRBV7-9,TRBJ2-1,ASSLVPQAYNEQV,4
TRBV7-9,TRBJ2-1,ASSLVPQAYNEQY,2
TRBV7-9,TRBJ2-1,ASSLVPQAYNERF,3
TRBV7-9,TRBJ2-1,ASSLVPQAYNERL,1
TRBV7-9,TRBJ2-1,ASSLVPQAYNGAF,1
TRBV7-9,TRBJ2-1,ASSLVPQAYNGQF,8
TRBV7-9,TRBJ2-1,ASSLVPQAYNGQL,1
TRBV7-9,TRBJ2-1,ASSLVPQAYNGWF,1
TRBV7-9,TRBJ2-1,ASSLVPQAYNKQF,5
TRBV7-9,TRBJ2-1,ASSLVPQAYNKQS,1
TRBV7-9,TRBJ2-1,ASSLVPQAYNQQF,5
TRBV7-9,TRBJ2-1,ASSLVPQAYNRYF,1
TRBV7-9,TRBJ2-1,ASSLVPQAYNVKF,2
TRBV7-9,TRBJ2-1,ASSLVPQAYNVQC,1
TRBV7-9,TRBJ2-1,ASSLVPQAYNVQF,7
TRBV7-9,TRBJ2-1,ASSLVPQAYNVRI,1
TRBV7-9,TRBJ2-1,ASSLVPQAYQERV,1
TRBV7-9,TRBJ2-1,ASSLVPQAYREQF,1
TRBV7-9,TRBJ2-1,ASSLVPQAYSEKF,1
TRBV7-9,TRBJ2-1,ASSLVPQAYSEQF,4
TRBV7-9,TRBJ2-1,ASSLVPQAYSVQF,1
TRBV7-9,TRBJ2-1,ASSLVPQAYTAQF,1
TRBV7-9,TRBJ2-1,ASSLVPQAYTDQF,1
TRBV7-9,TRBJ2-1,ASSLVPQAYTEHF,1
TRBV7-9,TRBJ2-1,ASSLVPQAYTEKF,1
TRBV7-9,TRBJ2-1,ASSLVPQAYTEQC,1
TRBV7-9,TRBJ2-1,ASSLVPQAYTEQF,4
TRBV7-9,TRBJ2-1,ASSLVPQAYTEQY,1
TRBV7-9,TRBJ2-1,ASSLVPQAYYEQF,1
TRBV7-9,TRBJ2-1,ASSLVPQDNEQF,1
TRBV7-9,TRBJ2-1,ASSLVPQDYDEQF,1
TRBV7-9,TRBJ2-1,ASSLVPQDYKEQF,1
TRBV7-9,TRBJ2-1,ASSLVPQDYNDQF,1
TRBV7-9,TRBJ2-1,ASSLVPQDYNEQF,13
TRBV7-9,TRBJ2-1,ASSLVPQDYNEQS,1
TRBV7-9,TRBJ2-1,ASSLVPQEEDEQF,1
TRBV7-9,TRBJ2-1,ASSLVPQELC,1
TRBV7-9,TRBJ2-1,ASSLVPQEQF,11
TRBV7-9,TRBJ2-1,ASSLVPQEQL,1
TRBV7-9,TRBJ2-1,ASSLVPQEYNEQF,1
TRBV7-9,TRBJ2-1,ASSLVPQGAETYNEQF,1
TRBV7-9,TRBJ2-1,ASSLVPQGANEQF,1
TRBV7-9,TRBJ2-1,ASSLVPQGARNEQF,7
TRBV7-9,TRBJ2-1,ASSLVPQGAYEQF,2
TRBV7-9,TRBJ2-1,ASSLVPQGAYNEQF,3
TRBV7-9,TRBJ2-1,ASSLVPQGEGGPF,9
TRBV7-9,TRBJ2-1,ASSLVPQGEGWPF,1
TRBV7-9,TRBJ2-1,ASSLVPQGGYEQF,11
TRBV7-9,TRBJ2-1,ASSLVPQGGYNEQF,3
TRBV7-9,TRBJ2-1,ASSLVPQGLHEQF,1
TRBV7-9,TRBJ2-1,ASSLVPQGNNEQF,6
TRBV7-9,TRBJ2-1,ASSLVPQGRGSYNEQF,1
TRBV7-9,TRBJ2-1,ASSLVPQGRNEQF,1
TRBV7-9,TRBJ2-1,ASSLVPQGTDNEQF,1
TRBV7-9,TRBJ2-1,ASSLVPQGVINEQF,1
TRBV7-9,TRBJ2-1,ASSLVPQGVYEQF,1
TRBV7-9,TRBJ2-1,ASSLVPQGWHEQF,14
TRBV7-9,TRBJ2-1,ASSLVPQGYKKQV,1
TRBV7-9,TRBJ2-1,ASSLVPQGYNEEF,1
TRBV7-9,TRBJ2-1,ASSLVPQGYNEQC,1
TRBV7-9,TRBJ2-1,ASSLVPQGYNEQF,8
TRBV7-9,TRBJ2-1,ASSLVPQGYNEQL,1
TRBV7-9,TRBJ2-1,ASSLVPQGYNEQV,1
TRBV7-9,TRBJ2-1,ASSLVPQGYNVQF,1
TRBV7-9,TRBJ2-1,ASSLVPQGYREQF,1
TRBV7-9,TRBJ2-1,ASSLVPQGYSEQF,2
TRBV7-9,TRBJ2-1,ASSLVPQISYNEQF,1
TRBV7-9,TRBJ2-1,ASSLVPQKYNEQF,1
TRBV7-9,TRBJ2-1,ASSLVPQNEQF,1
TRBV7-9,TRBJ2-1,ASSLVPQNRDEQF,7
TRBV7-9,TRBJ2-1,ASSLVPQPSGRRDEQF,1
TRBV7-9,TRBJ2-1,ASSLVPQPYIEQF,1
TRBV7-9,TRBJ2-1,ASSLVPQPYNDQF,1
TRBV7-9,TRBJ2-1,ASSLVPQPYNEHF,1
TRBV7-9,TRBJ2-1,ASSLVPQPYNEQC,1
TRBV7-9,TRBJ2-1,ASSLVPQPYNEQF,6
TRBV7-9,TRBJ2-1,ASSLVPQRDNEQF,1
TRBV7-9,TRBJ2-1,ASSLVPQRDSNEQF,1
TRBV7-9,TRBJ2-1,ASSLVPQREGRNEQF,1
TRBV7-9,TRBJ2-1,ASSLVPQREVIYNEQF,1
TRBV7-9,TRBJ2-1,ASSLVPQRNNEQF,10
TRBV7-9,TRBJ2-1,ASSLVPQRSDDNEQF,1
TRBV7-9,TRBJ2-1,ASSLVPQSNYEQF,1
TRBV7-9,TRBJ2-1,ASSLVPQSSYNEQF,1
TRBV7-9,TRBJ2-1,ASSLVPQSYKDQF,1
TRBV7-9,TRBJ2-1,ASSLVPQSYKEEF,1
TRBV7-9,TRBJ2-1,ASSLVPQSYNDQF,1
TRBV7-9,TRBJ2-1,ASSLVPQSYNEEF,1
TRBV7-9,TRBJ2-1,ASSLVPQSYNEQF,9
TRBV7-9,TRBJ2-1,ASSLVPQSYNEQL,1
TRBV7-9,TRBJ2-1,ASSLVPQTSGLNEQF,1
TRBV7-9,TRBJ2-1,ASSLVPQTSGLYNEQF,1
TRBV7-9,TRBJ2-1,ASSLVPQTSGRIRDEQF,1
TRBV7-9,TRBJ2-1,ASSLVPQTYNDQF,1
TRBV7-9,TRBJ2-1,ASSLVPQTYNEQF,3
TRBV7-9,TRBJ2-1,ASSLVPQVCNEQF,1
TRBV7-9,TRBJ2-1,ASSLVPQVEDF,6
TRBV7-9,TRBJ2-1,ASSLVPQVSNAQF,1
TRBV7-9,TRBJ2-1,ASSLVPQVYNEQF,2
TRBV7-9,TRBJ2-1,ASSLVPQVYTENF,1
TRBV7-9,TRBJ2-1,ASSLVPQYVYEQF,9
TRBV7-9,TRBJ2-1,ASSLVPRADYNEQF,6
TRBV7-9,TRBJ2-1,ASSLVPRAFNEQF,1
TRBV7-9,TRBJ2-1,ASSLVPRAHNEQF,1
TRBV7-9,TRBJ2-1,ASSLVPRANEQF,2
TRBV7-9,TRBJ2-1,ASSLVPRANKEQL,1
TRBV7-9,TRBJ2-1,ASSLVPRANNEHF,1
TRBV7-9,TRBJ2-1,ASSLVPRASYNEQF,1
TRBV7-9,TRBJ2-1,ASSLVPRAYDEQF,1
TRBV7-9,TRBJ2-1,ASSLVPRAYKEEF,1
TRBV7-9,TRBJ2-1,ASSLVPRAYKEQF,1
TRBV7-9,TRBJ2-1,ASSLVPRAYNAHF,1
TRBV7-9,TRBJ2-1,ASSLVPRAYNAQF,1
TRBV7-9,TRBJ2-1,ASSLVPRAYNEEF,1
TRBV7-9,TRBJ2-1,ASSLVPRAYNEHF,1
TRBV7-9,TRBJ2-1,ASSLVPRAYNEPF,1
TRBV7-9,TRBJ2-1,ASSLVPRAYNEQF,26
TRBV7-9,TRBJ2-1,ASSLVPRAYNEQV,2
TRBV7-9,TRBJ2-1,ASSLVPRAYNKQF,1
TRBV7-9,TRBJ2-1,ASSLVPRAYNKQS,1
TRBV7-9,TRBJ2-1,ASSLVPRAYNVQF,2
TRBV7-9,TRBJ2-1,ASSLVPRAYQDEF,1
TRBV7-9,TRBJ2-1,ASSLVPRAYTEQF,2
TRBV7-9,TRBJ2-1,ASSLVPRCLTEQV,1
TRBV7-9,TRBJ2-1,ASSLVPRDDYNEQF,1
TRBV7-9,TRBJ2-1,ASSLVPRDEQF,13
TRBV7-9,TRBJ2-1,ASSLVPRDNEQF,2
TRBV7-9,TRBJ2-1,ASSLVPRDPS,1
TRBV7-9,TRBJ2-1,ASSLVPRDSYNEQF,1
TRBV7-9,TRBJ2-1,ASSLVPRDTGNEQF,1
TRBV7-9,TRBJ2-1,ASSLVPRDYNEQF,1
TRBV7-9,TRBJ2-1,ASSLVPREGNEQF,1
TRBV7-9,TRBJ2-1,ASSLVPRELNEQF,1
TRBV7-9,TRBJ2-1,ASSLVPRENHNEQF,1
TRBV7-9,TRBJ2-1,ASSLVPREQF,1
TRBV7-9,TRBJ2-1,ASSLVPRERANEQF,1
TRBV7-9,TRBJ2-1,ASSLVPRESYNEQF,6
TRBV7-9,TRBJ2-1,ASSLVPREVDNEQF,1
TRBV7-9,TRBJ2-1,ASSLVPRFNEQF,1
TRBV7-9,TRBJ2-1,ASSLVPRGANEQF,1
TRBV7-9,TRBJ2-1,ASSLVPRGANNEQF,1
TRBV7-9,TRBJ2-1,ASSLVPRGAYNEQF,1
TRBV7-9,TRBJ2-1,ASSLVPRGENNEQF,4
TRBV7-9,TRBJ2-1,ASSLVPRGFNEQF,1
TRBV7-9,TRBJ2-1,ASSLVPRGGNEQF,1
TRBV7-9,TRBJ2-1,ASSLVPRGGYNEQF,1
TRBV7-9,TRBJ2-1,ASSLVPRGLYNEQF,1
TRBV7-9,TRBJ2-1,ASSLVPRGNEQF,1
TRBV7-9,TRBJ2-1,ASSLVPRGPLSSYNEQF,1
TRBV7-9,TRBJ2-1,ASSLVPRGRREYNEQF,4
TRBV7-9,TRBJ2-1,ASSLVPRGSYNEQF,3
TRBV7-9,TRBJ2-1,ASSLVPRGTYNEQF,1
TRBV7-9,TRBJ2-1,ASSLVPRGVYNEQF,1
TRBV7-9,TRBJ2-1,ASSLVPRGYKEQL,1
TRBV7-9,TRBJ2-1,ASSLVPRGYNEQF,1
TRBV7-9,TRBJ2-1,ASSLVPRHYNEQF,3
TRBV7-9,TRBJ2-1,ASSLVPRKIANEQF,1
TRBV7-9,TRBJ2-1,ASSLVPRKTNNEQF,1
TRBV7-9,TRBJ2-1,ASSLVPRLAGANNEQF,1
TRBV7-9,TRBJ2-1,ASSLVPRLAGARNEQF,1
TRBV7-9,TRBJ2-1,ASSLVPRLAGGNNEQF,1
TRBV7-9,TRBJ2-1,ASSLVPRLALDNEQF,1
TRBV7-9,TRBJ2-1,ASSLVPRLALYNDQF,1
TRBV7-9,TRBJ2-1,ASSLVPRLALYNEQF,10
TRBV7-9,TRBJ2-1,ASSLVPRLAS,2
TRBV7-9,TRBJ2-1,ASSLVPRLDDEQF,1
TRBV7-9,TRBJ2-1,ASSLVPRLNNEQF,1
TRBV7-9,TRBJ2-1,ASSLVPRMGNEQF,1
TRBV7-9,TRBJ2-1,ASSLVPRNEQF,2
TRBV7-9,TRBJ2-1,ASSLVPRNNEQF,1
TRBV7-9,TRBJ2-1,ASSLVPRPEPKGNEQF,1
TRBV7-9,TRBJ2-1,ASSLVPRPLDEQF,1
TRBV7-9,TRBJ2-1,ASSLVPRPNEQF,1
TRBV7-9,TRBJ2-1,ASSLVPRPSRNYEQF,1
TRBV7-9,TRBJ2-1,ASSLVPRPYNAQF,1
TRBV7-9,TRBJ2-1,ASSLVPRPYNEQF,1
TRBV7-9,TRBJ2-1,ASSLVPRQPWTDNEQF,5
TRBV7-9,TRBJ2-1,ASSLVPRRARNEQF,1
TRBV7-9,TRBJ2-1,ASSLVPRRPHKEQF,1
TRBV7-9,TRBJ2-1,ASSLVPRRPHNELF,1
TRBV7-9,TRBJ2-1,ASSLVPRRPHNEQF,68
TRBV7-9,TRBJ2-1,ASSLVPRRPHYEQF,1
TRBV7-9,TRBJ2-1,ASSLVPRRPPPHEQF,1
TRBV7-9,TRBJ2-1,ASSLVPRRPRNEQF,1
TRBV7-9,TRBJ2-1,ASSLVPRRQVLDNEQF,1
TRBV7-9,TRBJ2-1,ASSLVPRRREGTYNEQF,1
TRBV7-9,TRBJ2-1,ASSLVPRRTNNEQF,1
TRBV7-9,TRBJ2-1,ASSLVPRSEF,3
TRBV7-9,TRBJ2-1,ASSLVPRSGLYNEQF,1
TRBV7-9,TRBJ2-1,ASSLVPRSSYNEQF,1
TRBV7-9,TRBJ2-1,ASSLVPRSYHEQF,1
TRBV7-9,TRBJ2-1,ASSLVPRSYNEQF,15
TRBV7-9,TRBJ2-1,ASSLVPRTDEDNEQF,3
TRBV7-9,TRBJ2-1,ASSLVPRTGGMNEQF,2
TRBV7-9,TRBJ2-1,ASSLVPRTSGRIMDEQF,1
TRBV7-9,TRBJ2-1,ASSLVPRVGDNEQF,1
TRBV7-9,TRBJ2-1,ASSLVPRVQVYNEQF,1
TRBV7-9,TRBJ2-1,ASSLVPRVVVNEQF,1
TRBV7-9,TRBJ2-1,ASSLVPRYNEQF,1
TRBV7-9,TRBJ2-1,ASSLVPSACDEQF,1
TRBV7-9,TRBJ2-1,ASSLVPSADNEPF,1
TRBV7-9,TRBJ2-1,ASSLVPSADNEQF,5
TRBV7-9,TRBJ2-1,ASSLVPSAEGNEQF,1
TRBV7-9,TRBJ2-1,ASSLVPSAEGNNEQF,1
TRBV7-9,TRBJ2-1,ASSLVPSAGEGYNEQF,1
TRBV7-9,TRBJ2-1,ASSLVPSAGNEQF,7
TRBV7-9,TRBJ2-1,ASSLVPSANNEQF,1
TRBV7-9,TRBJ2-1,ASSLVPSASHEQF,9
TRBV7-9,TRBJ2-1,ASSLVPSASNEQF,1
TRBV7-9,TRBJ2-1,ASSLVPSASSYNEQF,1
TRBV7-9,TRBJ2-1,ASSLVPSASTDLC,1
TRBV7-9,TRBJ2-1,ASSLVPSAYHEQF,1
TRBV7-9,TRBJ2-1,ASSLVPSAYKEEF,1
TRBV7-9,TRBJ2-1,ASSLVPSAYKEHF,2
TRBV7-9,TRBJ2-1,ASSLVPSAYKEQF,2
TRBV7-9,TRBJ2-1,ASSLVPSAYNAKF,1
TRBV7-9,TRBJ2-1,ASSLVPSAYNDQF,4
TRBV7-9,TRBJ2-1,ASSLVPSAYNDQL,1
TRBV7-9,TRBJ2-1,ASSLVPSAYNDQS,1
TRBV7-9,TRBJ2-1,ASSLVPSAYNEHF,1
TRBV7-9,TRBJ2-1,ASSLVPSAYNEKF,1
TRBV7-9,TRBJ2-1,ASSLVPSAYNELF,1
TRBV7-9,TRBJ2-1,ASSLVPSAYNEQC,1
TRBV7-9,TRBJ2-1,ASSLVPSAYNEQF,42
TRBV7-9,TRBJ2-1,ASSLVPSAYNEQY,1
TRBV7-9,TRBJ2-1,ASSLVPSAYNKQF,1
TRBV7-9,TRBJ2-1,ASSLVPSAYNVQF,1
TRBV7-9,TRBJ2-1,ASSLVPSAYTAQF,1
TRBV7-9,TRBJ2-1,ASSLVPSAYTEQF,3
TRBV7-9,TRBJ2-1,ASSLVPSDNEQF,11
TRBV7-9,TRBJ2-1,ASSLVPSDPPNEQF,1
TRBV7-9,TRBJ2-1,ASSLVPSDPSYNEQF,1
TRBV7-9,TRBJ2-1,ASSLVPSDQF,8
TRBV7-9,TRBJ2-1,ASSLVPSDREDSEQF,1
TRBV7-9,TRBJ2-1,ASSLVPSDYKVQF,1
TRBV7-9,TRBJ2-1,ASSLVPSDYNEQF,4
TRBV7-9,TRBJ2-1,ASSLVPSEQF,17
TRBV7-9,TRBJ2-1,ASSLVPSERVEQF,1
TRBV7-9,TRBJ2-1,ASSLVPSERYNEQF,2
TRBV7-9,TRBJ2-1,ASSLVPSEYNEQF,4
TRBV7-9,TRBJ2-1,ASSLVPSFDEQF,1
TRBV7-9,TRBJ2-1,ASSLVPSFPYNEQF,1
TRBV7-9,TRBJ2-1,ASSLVPSGAGEQF,19
TRBV7-9,TRBJ2-1,ASSLVPSGAGGDEQF,1
TRBV7-9,TRBJ2-1,ASSLVPSGALNEQF,1
TRBV7-9,TRBJ2-1,ASSLVPSGAPYNEQF,1
TRBV7-9,TRBJ2-1,ASSLVPSGAVEQF,1
TRBV7-9,TRBJ2-1,ASSLVPSGAYNEQF,10
TRBV7-9,TRBJ2-1,ASSLVPSGDHNEQF,1
TRBV7-9,TRBJ2-1,ASSLVPSGDNEQF,1
TRBV7-9,TRBJ2-1,ASSLVPSGDSYNEQF,1
TRBV7-9,TRBJ2-1,ASSLVPSGEHNEQF,1
TRBV7-9,TRBJ2-1,ASSLVPSGENEQF,1
TRBV7-9,TRBJ2-1,ASSLVPSGEPYNEQF,2
TRBV7-9,TRBJ2-1,ASSLVPSGFHNEQF,11
TRBV7-9,TRBJ2-1,ASSLVPSGFNEQF,1
TRBV7-9,TRBJ2-1,ASSLVPSGGAHEQF,6
TRBV7-9,TRBJ2-1,ASSLVPSGGANEQC,1
TRBV7-9,TRBJ2-1,ASSLVPSGGANEQF,9
TRBV7-9,TRBJ2-1,ASSLVPSGGAYNEQF,4
TRBV7-9,TRBJ2-1,ASSLVPSGGDEQF,4
TRBV7-9,TRBJ2-1,ASSLVPSGGEYNEQF,1
TRBV7-9,TRBJ2-1,ASSLVPSGGLRGNEQF,10
TRBV7-9,TRBJ2-1,ASSLVPSGGLRRNEQF,1
TRBV7-9,TRBJ2-1,ASSLVPSGGNEQF,5
TRBV7-9,TRBJ2-1,ASSLVPSGGNNEQF,9
TRBV7-9,TRBJ2-1,ASSLVPSGGPSSYNEQF,1
TRBV7-9,TRBJ2-1,ASSLVPSGGPYNEQF,1
TRBV7-9,TRBJ2-1,ASSLVPSGGTGGDEQF,1
TRBV7-9,TRBJ2-1,ASSLVPSGGWDEQF,1
TRBV7-9,TRBJ2-1,ASSLVPSGGYEQF,1
TRBV7-9,TRBJ2-1,ASSLVPSGGYNEQF,11
TRBV7-9,TRBJ2-1,ASSLVPSGGYYNEQF,1
TRBV7-9,TRBJ2-1,ASSLVPSGILHNEQF,1
TRBV7-9,TRBJ2-1,ASSLVPSGINNEQF,1
TRBV7-9,TRBJ2-1,ASSLVPSGIQNEQF,1
TRBV7-9,TRBJ2-1,ASSLVPSGIYNEQC,1
TRBV7-9,TRBJ2-1,ASSLVPSGIYNEQF,2
TRBV7-9,TRBJ2-1,ASSLVPSGLYNEQF,2
TRBV7-9,TRBJ2-1,ASSLVPSGMGDEQF,1
TRBV7-9,TRBJ2-1,ASSLVPSGNEQF,3
TRBV7-9,TRBJ2-1,ASSLVPSGNHNEQF,1
TRBV7-9,TRBJ2-1,ASSLVPSGNNEQF,4
TRBV7-9,TRBJ2-1,ASSLVPSGNPGYEQF,1
TRBV7-9,TRBJ2-1,ASSLVPSGNPRNEQF,1
TRBV7-9,TRBJ2-1,ASSLVPSGNRRNEQF,1
TRBV7-9,TRBJ2-1,ASSLVPSGNYNEQF,2
TRBV7-9,TRBJ2-1,ASSLVPSGPSYNEQF,1
TRBV7-9,TRBJ2-1,ASSLVPSGPYNEQF,2
TRBV7-9,TRBJ2-1,ASSLVPSGQTGNEQF,1
TRBV7-9,TRBJ2-1,ASSLVPSGRAGEQF,4
TRBV7-9,TRBJ2-1,ASSLVPSGRAGYNEQF,1
TRBV7-9,TRBJ2-1,ASSLVPSGRAHEQF,3
TRBV7-9,TRBJ2-1,ASSLVPSGRAIDEQF,1
TRBV7-9,TRBJ2-1,ASSLVPSGRALDNEQF,1
TRBV7-9,TRBJ2-1,ASSLVPSGRALRNEQF,1
TRBV7-9,TRBJ2-1,ASSLVPSGRANEQF,2
TRBV7-9,TRBJ2-1,ASSLVPSGRANNEQF,1
TRBV7-9,TRBJ2-1,ASSLVPSGRAPGHEQF,1
TRBV7-9,TRBJ2-1,ASSLVPSGRAYNEQF,1
TRBV7-9,TRBJ2-1,ASSLVPSGRDEQF,8
TRBV7-9,TRBJ2-1,ASSLVPSGRDNEQF,2
TRBV7-9,TRBJ2-1,ASSLVPSGREDEQF,1
TRBV7-9,TRBJ2-1,ASSLVPSGRGDEQF,4
TRBV7-9,TRBJ2-1,ASSLVPSGRGFYNEQF,1
TRBV7-9,TRBJ2-1,ASSLVPSGRGNEQF,1
TRBV7-9,TRBJ2-1,ASSLVPSGRGRVNEQF,2
TRBV7-9,TRBJ2-1,ASSLVPSGRGSYNEQF,1
TRBV7-9,TRBJ2-1,ASSLVPSGRGYEQF,4
TRBV7-9,TRBJ2-1,ASSLVPSGRGYERF,1
TRBV7-9,TRBJ2-1,ASSLVPSGRGYNEQF,1
TRBV7-9,TRBJ2-1,ASSLVPSGRHNEQF,1
TRBV7-9,TRBJ2-1,ASSLVPSGRLDEQF,7
TRBV7-9,TRBJ2-1,ASSLVPSGRLSYNEQF,1
TRBV7-9,TRBJ2-1,ASSLVPSGRMDEQF,1
TRBV7-9,TRBJ2-1,ASSLVPSGRNEQC,1
TRBV7-9,TRBJ2-1,ASSLVPSGRNEQF,7
TRBV7-9,TRBJ2-1,ASSLVPSGRNNEQF,1
TRBV7-9,TRBJ2-1,ASSLVPSGRNQQF,1
TRBV7-9,TRBJ2-1,ASSLVPSGRPNNEQF,1
TRBV7-9,TRBJ2-1,ASSLVPSGRRDEQF,1
TRBV7-9,TRBJ2-1,ASSLVPSGRRGNEQF,1
TRBV7-9,TRBJ2-1,ASSLVPSGRSYNEQF,1
TRBV7-9,TRBJ2-1,ASSLVPSGRVAYNEQF,1
TRBV7-9,TRBJ2-1,ASSLVPSGRVRLVNEQF,1
TRBV7-9,TRBJ2-1,ASSLVPSGRVYNEQF,1
TRBV7-9,TRBJ2-1,ASSLVPSGRYNEQF,3
TRBV7-9,TRBJ2-1,ASSLVPSGSDEQF,8
TRBV7-9,TRBJ2-1,ASSLVPSGSLDNEQF,1
TRBV7-9,TRBJ2-1,ASSLVPSGSNEQF,7
TRBV7-9,TRBJ2-1,ASSLVPSGSNNEQF,1
TRBV7-9,TRBJ2-1,ASSLVPSGSNYNEQF,2
TRBV7-9,TRBJ2-1,ASSLVPSGSQGNEQF,1
TRBV7-9,TRBJ2-1,ASSLVPSGSRDEQF,2
TRBV7-9,TRBJ2-1,ASSLVPSGSRVWNEQF,1
TRBV7-9,TRBJ2-1,ASSLVPSGSSGEQF,4
TRBV7-9,TRBJ2-1,ASSLVPSGSSYNEQF,14
TRBV7-9,TRBJ2-1,ASSLVPSGSSYTEQF,1
TRBV7-9,TRBJ2-1,ASSLVPSGSTYEQF,3
TRBV7-9,TRBJ2-1,ASSLVPSGSWNEQF,1
TRBV7-9,TRBJ2-1,ASSLVPSGSYEQF,1
TRBV7-9,TRBJ2-1,ASSLVPSGSYNEEF,1
TRBV7-9,TRBJ2-1,ASSLVPSGSYNEQF,22
TRBV7-9,TRBJ2-1,ASSLVPSGTAGEQF,1
TRBV7-9,TRBJ2-1,ASSLVPSGTAHEQF,5
TRBV7-9,TRBJ2-1,ASSLVPSGTGEQF,2
TRBV7-9,TRBJ2-1,ASSLVPSGTGVNEQF,1
TRBV7-9,TRBJ2-1,ASSLVPSGTPNEQF,2
TRBV7-9,TRBJ2-1,ASSLVPSGTYNEQF,1
TRBV7-9,TRBJ2-1,ASSLVPSGVHNEQF,1
TRBV7-9,TRBJ2-1,ASSLVPSGVYNEQF,1
TRBV7-9,TRBJ2-1,ASSLVPSGYNEKF,1
TRBV7-9,TRBJ2-1,ASSLVPSGYNEQF,3
TRBV7-9,TRBJ2-1,ASSLVPSGYYNEQF,2
TRBV7-9,TRBJ2-1,ASSLVPSHRDRGGDEQF,2
TRBV7-9,TRBJ2-1,ASSLVPSIPYNEQF,4
TRBV7-9,TRBJ2-1,ASSLVPSLAGGLYEQF,1
TRBV7-9,TRBJ2-1,ASSLVPSLAGGQDEQF,20
TRBV7-9,TRBJ2-1,ASSLVPSLANEQF,1
TRBV7-9,TRBJ2-1,ASSLVPSLGNEQF,1
TRBV7-9,TRBJ2-1,ASSLVPSLPKFNEQF,1
TRBV7-9,TRBJ2-1,ASSLVPSLPSGRADEQF,1
TRBV7-9,TRBJ2-1,ASSLVPSLYNEQF,2
TRBV7-9,TRBJ2-1,ASSLVPSNEQF,15
TRBV7-9,TRBJ2-1,ASSLVPSNNEQF,1
TRBV7-9,TRBJ2-1,ASSLVPSNNNEQF,1
TRBV7-9,TRBJ2-1,ASSLVPSPFFDEQF,1
TRBV7-9,TRBJ2-1,ASSLVPSPHNEQF,1
TRBV7-9,TRBJ2-1,ASSLVPSPKWLSYNEQF,1
TRBV7-9,TRBJ2-1,ASSLVPSPNDEQF,5
TRBV7-9,TRBJ2-1,ASSLVPSPNEQF,1
TRBV7-9,TRBJ2-1,ASSLVPSPQYNEQF,2
TRBV7-9,TRBJ2-1,ASSLVPSPRNEQF,1
TRBV7-9,TRBJ2-1,ASSLVPSPSYNEQF,7
TRBV7-9,TRBJ2-1,ASSLVPSPYNEQF,3
TRBV7-9,TRBJ2-1,ASSLVPSPYNVQF,1
TRBV7-9,TRBJ2-1,ASSLVPSQNEQF,1
TRBV7-9,TRBJ2-1,ASSLVPSQYNEQF,1
TRBV7-9,TRBJ2-1,ASSLVPSRHNEQF,1
TRBV7-9,TRBJ2-1,ASSLVPSRNEQF,1
TRBV7-9,TRBJ2-1,ASSLVPSRSYEQF,1
TRBV7-9,TRBJ2-1,ASSLVPSSEQF,9
TRBV7-9,TRBJ2-1,ASSLVPSSGKYNEQF,1
TRBV7-9,TRBJ2-1,ASSLVPSSNNEQF,1
TRBV7-9,TRBJ2-1,ASSLVPSSSYNEQF,2
TRBV7-9,TRBJ2-1,ASSLVPSSYNEQF,43
TRBV7-9,TRBJ2-1,ASSLVPSTEHNEQF,1
TRBV7-9,TRBJ2-1,ASSLVPSTLDEQF,3
TRBV7-9,TRBJ2-1,ASSLVPSTYNEQF,1
TRBV7-9,TRBJ2-1,ASSLVPSTYNEQL,1
TRBV7-9,TRBJ2-1,ASSLVPSVGEPF,1
TRBV7-9,TRBJ2-1,ASSLVPSVGEQF,6
TRBV7-9,TRBJ2-1,ASSLVPSVNNEQF,11
TRBV7-9,TRBJ2-1,ASSLVPSVSSYNEQF,1
TRBV7-9,TRBJ2-1,ASSLVPSVYNEQF,10
TRBV7-9,TRBJ2-1,ASSLVPSWPNAQF,1
TRBV7-9,TRBJ2-1,ASSLVPSWPNEQF,9
TRBV7-9,TRBJ2-1,ASSLVPSWPNERF,1
TRBV7-9,TRBJ2-1,ASSLVPSYEQF,1
TRBV7-9,TRBJ2-1,ASSLVPSYNDQS,1
TRBV7-9,TRBJ2-1,ASSLVPSYNEQF,41
TRBV7-9,TRBJ2-1,ASSLVPSYSYNEQF,1
TRBV7-9,TRBJ2-1,ASSLVPTADNEQF,4
TRBV7-9,TRBJ2-1,ASSLVPTASGRVGNEQF,1
TRBV7-9,TRBJ2-1,ASSLVPTASYNEQF,1
TRBV7-9,TRBJ2-1,ASSLVPTAYKAQF,1
TRBV7-9,TRBJ2-1,ASSLVPTAYKMRL,1
TRBV7-9,TRBJ2-1,ASSLVPTAYNDHF,1
TRBV7-9,TRBJ2-1,ASSLVPTAYNEHF,2
TRBV7-9,TRBJ2-1,ASSLVPTAYNEQC,1
TRBV7-9,TRBJ2-1,ASSLVPTAYNEQF,15
TRBV7-9,TRBJ2-1,ASSLVPTAYNEQI,1
TRBV7-9,TRBJ2-1,ASSLVPTAYNEQL,1
TRBV7-9,TRBJ2-1,ASSLVPTAYNEQT,1
TRBV7-9,TRBJ2-1,ASSLVPTAYNEQV,4
TRBV7-9,TRBJ2-1,ASSLVPTAYNERF,1
TRBV7-9,TRBJ2-1,ASSLVPTAYNQEF,1
TRBV7-9,TRBJ2-1,ASSLVPTDEQF,3
TRBV7-9,TRBJ2-1,ASSLVPTDNNEQF,1
TRBV7-9,TRBJ2-1,ASSLVPTEWDEQF,9
TRBV7-9,TRBJ2-1,ASSLVPTGAEQF,10
TRBV7-9,TRBJ2-1,ASSLVPTGAYNEQF,3
TRBV7-9,TRBJ2-1,ASSLVPTGGDFNEQF,1
TRBV7-9,TRBJ2-1,ASSLVPTGGGGEQF,3
TRBV7-9,TRBJ2-1,ASSLVPTGGGYEQF,1
TRBV7-9,TRBJ2-1,ASSLVPTGGNEQF,2
TRBV7-9,TRBJ2-1,ASSLVPTGISYNEQF,17
TRBV7-9,TRBJ2-1,ASSLVPTGISYNEQY,1
TRBV7-9,TRBJ2-1,ASSLVPTGKDNEQF,1
TRBV7-9,TRBJ2-1,ASSLVPTGKNEQF,1
TRBV7-9,TRBJ2-1,ASSLVPTGLLYNEQF,1
TRBV7-9,TRBJ2-1,ASSLVPTGNEQF,1
TRBV7-9,TRBJ2-1,ASSLVPTGNNEQF,1
TRBV7-9,TRBJ2-1,ASSLVPTGPKYNEQF,1
TRBV7-9,TRBJ2-1,ASSLVPTGPRYNEQF,5
TRBV7-9,TRBJ2-1,ASSLVPTGRDEQF,1
TRBV7-9,TRBJ2-1,ASSLVPTGRLDNEQF,1
TRBV7-9,TRBJ2-1,ASSLVPTGTRNNEQF,1
TRBV7-9,TRBJ2-1,ASSLVPTGVGNEQF,1
TRBV7-9,TRBJ2-1,ASSLVPTGVHEQF,1
TRBV7-9,TRBJ2-1,ASSLVPTGWDEQF,1
TRBV7-9,TRBJ2-1,ASSLVPTGYNEQF,2
TRBV7-9,TRBJ2-1,ASSLVPTHNNEQF,1
TRBV7-9,TRBJ2-1,ASSLVPTHSYNEKF,1
TRBV7-9,TRBJ2-1,ASSLVPTHSYNEQF,15
TRBV7-9,TRBJ2-1,ASSLVPTLGGNEQF,1
TRBV7-9,TRBJ2-1,ASSLVPTLLF,4
TRBV7-9,TRBJ2-1,ASSLVPTNEQF,2
TRBV7-9,TRBJ2-1,ASSLVPTNNEQF,1
TRBV7-9,TRBJ2-1,ASSLVPTNSYNEQF,1
TRBV7-9,TRBJ2-1,ASSLVPTPQREGYNEQF,1
TRBV7-9,TRBJ2-1,ASSLVPTPYNEQF,1
TRBV7-9,TRBJ2-1,ASSLVPTPYTRQF,1
TRBV7-9,TRBJ2-1,ASSLVPTRD,20
TRBV7-9,TRBJ2-1,ASSLVPTRGNEQF,1
TRBV7-9,TRBJ2-1,ASSLVPTRHNNEQF,1
TRBV7-9,TRBJ2-1,ASSLVPTRRSHNEQF,1
TRBV7-9,TRBJ2-1,ASSLVPTRSSYNEQF,7
TRBV7-9,TRBJ2-1,ASSLVPTSGGAPDNEQF,1
TRBV7-9,TRBJ2-1,ASSLVPTSGGNNEQF,1
TRBV7-9,TRBJ2-1,ASSLVPTSGNRSYNEQF,1
TRBV7-9,TRBJ2-1,ASSLVPTSGRKF,3
TRBV7-9,TRBJ2-1,ASSLVPTSGSPYNEQF,1
TRBV7-9,TRBJ2-1,ASSLVPTSGTYNEQF,7
TRBV7-9,TRBJ2-1,ASSLVPTSQSSYNEQF,1
TRBV7-9,TRBJ2-1,ASSLVPTSRHNEQF,1
TRBV7-9,TRBJ2-1,ASSLVPTSSYNEQF,2
TRBV7-9,TRBJ2-1,ASSLVPTSVNEQF,8
TRBV7-9,TRBJ2-1,ASSLVPTSYNEQF,5
TRBV7-9,TRBJ2-1,ASSLVPTTGDEQF,7
TRBV7-9,TRBJ2-1,ASSLVPTTNEQF,6
TRBV7-9,TRBJ2-1,ASSLVPTTNEQV,1
TRBV7-9,TRBJ2-1,ASSLVPTTPYNEQF,1
TRBV7-9,TRBJ2-1,ASSLVPTVGDEQF,12
TRBV7-9,TRBJ2-1,ASSLVPTVNEQF,1
TRBV7-9,TRBJ2-1,ASSLVPTYNEQF,1
TRBV7-9,TRBJ2-1,ASSLVPVACKGPF,1
TRBV7-9,TRBJ2-1,ASSLVPVACNEHF,1
TRBV7-9,TRBJ2-1,ASSLVPVACNEQF,4
TRBV7-9,TRBJ2-1,ASSLVPVACNEQI,1
TRBV7-9,TRBJ2-1,ASSLVPVACNGEF,1
TRBV7-9,TRBJ2-1,ASSLVPVADKEQF,2
TRBV7-9,TRBJ2-1,ASSLVPVADKVQF,1
TRBV7-9,TRBJ2-1,ASSLVPVADNEKV,1
TRBV7-9,TRBJ2-1,ASSLVPVADNELI,1
TRBV7-9,TRBJ2-1,ASSLVPVADNENF,1
TRBV7-9,TRBJ2-1,ASSLVPVADNEQF,39
TRBV7-9,TRBJ2-1,ASSLVPVADNEQV,1
TRBV7-9,TRBJ2-1,ASSLVPVADNGQF,1
TRBV7-9,TRBJ2-1,ASSLVPVADNVQF,1
TRBV7-9,TRBJ2-1,ASSLVPVADNVQV,1
TRBV7-9,TRBJ2-1,ASSLVPVADTRQF,1
TRBV7-9,TRBJ2-1,ASSLVPVAENEHF,1
TRBV7-9,TRBJ2-1,ASSLVPVAENEQF,5
TRBV7-9,TRBJ2-1,ASSLVPVAETEQF,1
TRBV7-9,TRBJ2-1,ASSLVPVAFNEPF,1
TRBV7-9,TRBJ2-1,ASSLVPVAFNEQF,3
TRBV7-9,TRBJ2-1,ASSLVPVAFNEQV,1
TRBV7-9,TRBJ2-1,ASSLVPVAFNVQF,1
TRBV7-9,TRBJ2-1,ASSLVPVAGEQF,1
TRBV7-9,TRBJ2-1,ASSLVPVAHKKQF,1
TRBV7-9,TRBJ2-1,ASSLVPVAHNAQF,2
TRBV7-9,TRBJ2-1,ASSLVPVAHNDQV,1
TRBV7-9,TRBJ2-1,ASSLVPVAHNEEF,1
TRBV7-9,TRBJ2-1,ASSLVPVAHNEQF,10
TRBV7-9,TRBJ2-1,ASSLVPVAHNEQS,1
TRBV7-9,TRBJ2-1,ASSLVPVAHNGQF,2
TRBV7-9,TRBJ2-1,ASSLVPVAHNKQA,1
TRBV7-9,TRBJ2-1,ASSLVPVAHNNHF,1
TRBV7-9,TRBJ2-1,ASSLVPVAHNVQF,1
TRBV7-9,TRBJ2-1,ASSLVPVANKEPF,1
TRBV7-9,TRBJ2-1,ASSLVPVANNDQF,1
TRBV7-9,TRBJ2-1,ASSLVPVANNDQS,1
TRBV7-9,TRBJ2-1,ASSLVPVANNEHS,1
TRBV7-9,TRBJ2-1,ASSLVPVANNEQF,8
TRBV7-9,TRBJ2-1,ASSLVPVAQNEKF,1
TRBV7-9,TRBJ2-1,ASSLVPVAQNEQC,1
TRBV7-9,TRBJ2-1,ASSLVPVAQNGQF,1
TRBV7-9,TRBJ2-1,ASSLVPVAQNKQF,1
TRBV7-9,TRBJ2-1,ASSLVPVAQNKQV,1
TRBV7-9,TRBJ2-1,ASSLVPVAQNWQF,1
TRBV7-9,TRBJ2-1,ASSLVPVAQYNEQF,1
TRBV7-9,TRBJ2-1,ASSLVPVASKEQF,3
TRBV7-9,TRBJ2-1,ASSLVPVASKEQS,1
TRBV7-9,TRBJ2-1,ASSLVPVASNAQF,1
TRBV7-9,TRBJ2-1,ASSLVPVASNDQF,1
TRBV7-9,TRBJ2-1,ASSLVPVASNEQF,22
TRBV7-9,TRBJ2-1,ASSLVPVASNEQS,1
TRBV7-9,TRBJ2-1,ASSLVPVASNGQF,1
TRBV7-9,TRBJ2-1,ASSLVPVASNQQF,3
TRBV7-9,TRBJ2-1,ASSLVPVASNVQF,3
TRBV7-9,TRBJ2-1,ASSLVPVASRVQF,1
TRBV7-9,TRBJ2-1,ASSLVPVASSEQF,1
TRBV7-9,TRBJ2-1,ASSLVPVAVKEQV,1
TRBV7-9,TRBJ2-1,ASSLVPVAYAEQF,1
TRBV7-9,TRBJ2-1,ASSLVPVAYDEHF,2
TRBV7-9,TRBJ2-1,ASSLVPVAYDEQF,8
TRBV7-9,TRBJ2-1,ASSLVPVAYDEQS,1
TRBV7-9,TRBJ2-1,ASSLVPVAYDEQY,1
TRBV7-9,TRBJ2-1,ASSLVPVAYDQQI,1
TRBV7-9,TRBJ2-1,ASSLVPVAYHAQF,2
TRBV7-9,TRBJ2-1,ASSLVPVAYHDQF,1
TRBV7-9,TRBJ2-1,ASSLVPVAYHEQC,1
TRBV7-9,TRBJ2-1,ASSLVPVAYHEQF,18
TRBV7-9,TRBJ2-1,ASSLVPVAYHEQL,2
TRBV7-9,TRBJ2-1,ASSLVPVAYHEQV,2
TRBV7-9,TRBJ2-1,ASSLVPVAYHKQF,2
TRBV7-9,TRBJ2-1,ASSLVPVAYHVPF,1
TRBV7-9,TRBJ2-1,ASSLVPVAYIAQF,1
TRBV7-9,TRBJ2-1,ASSLVPVAYIEDF,1
TRBV7-9,TRBJ2-1,ASSLVPVAYIENV,1
TRBV7-9,TRBJ2-1,ASSLVPVAYIEQC,2
TRBV7-9,TRBJ2-1,ASSLVPVAYIEQF,19
TRBV7-9,TRBJ2-1,ASSLVPVAYIGKL,1
TRBV7-9,TRBJ2-1,ASSLVPVAYIGQF,1
TRBV7-9,TRBJ2-1,ASSLVPVAYIKQF,1
TRBV7-9,TRBJ2-1,ASSLVPVAYKAQC,1
TRBV7-9,TRBJ2-1,ASSLVPVAYKAQF,1
TRBV7-9,TRBJ2-1,ASSLVPVAYKAWL,1
TRBV7-9,TRBJ2-1,ASSLVPVAYKDQF,1
TRBV7-9,TRBJ2-1,ASSLVPVAYKEHF,1
TRBV7-9,TRBJ2-1,ASSLVPVAYKEKF,5
TRBV7-9,TRBJ2-1,ASSLVPVAYKEPF,2
TRBV7-9,TRBJ2-1,ASSLVPVAYKEQC,1
TRBV7-9,TRBJ2-1,ASSLVPVAYKEQF,68
TRBV7-9,TRBJ2-1,ASSLVPVAYKEQI,1
TRBV7-9,TRBJ2-1,ASSLVPVAYKEQL,2
TRBV7-9,TRBJ2-1,ASSLVPVAYKEQS,2
TRBV7-9,TRBJ2-1,ASSLVPVAYKEQY,1
TRBV7-9,TRBJ2-1,ASSLVPVAYKERF,1
TRBV7-9,TRBJ2-1,ASSLVPVAYKERL,1
TRBV7-9,TRBJ2-1,ASSLVPVAYKGQF,4
TRBV7-9,TRBJ2-1,ASSLVPVAYKKQF,2
TRBV7-9,TRBJ2-1,ASSLVPVAYKQQF,1
TRBV7-9,TRBJ2-1,ASSLVPVAYKVQF,2
TRBV7-9,TRBJ2-1,ASSLVPVAYKVQV,1
TRBV7-9,TRBJ2-1,ASSLVPVAYLKQF,1
TRBV7-9,TRBJ2-1,ASSLVPVAYNAHF,2
TRBV7-9,TRBJ2-1,ASSLVPVAYNAKF,2
TRBV7-9,TRBJ2-1,ASSLVPVAYNAPC,1
TRBV7-9,TRBJ2-1,ASSLVPVAYNAQF,53
TRBV7-9,TRBJ2-1,ASSLVPVAYNAQL,1
TRBV7-9,TRBJ2-1,ASSLVPVAYNAQY,3
TRBV7-9,TRBJ2-1,ASSLVPVAYNARF,1
TRBV7-9,TRBJ2-1,ASSLVPVAYNCQF,1
TRBV7-9,TRBJ2-1,ASSLVPVAYNDEF,4
TRBV7-9,TRBJ2-1,ASSLVPVAYNDHF,4
TRBV7-9,TRBJ2-1,ASSLVPVAYNDHV,1
TRBV7-9,TRBJ2-1,ASSLVPVAYNDKF,5
TRBV7-9,TRBJ2-1,ASSLVPVAYNDPF,1
TRBV7-9,TRBJ2-1,ASSLVPVAYNDPV,1
TRBV7-9,TRBJ2-1,ASSLVPVAYNDQC,1
TRBV7-9,TRBJ2-1,ASSLVPVAYNDQF,77
TRBV7-9,TRBJ2-1,ASSLVPVAYNDQI,1
TRBV7-9,TRBJ2-1,ASSLVPVAYNDQS,3
TRBV7-9,TRBJ2-1,ASSLVPVAYNDQV,4
TRBV7-9,TRBJ2-1,ASSLVPVAYNDRF,1
TRBV7-9,TRBJ2-1,ASSLVPVAYNEAF,2
TRBV7-9,TRBJ2-1,ASSLVPVAYNEEC,2
TRBV7-9,TRBJ2-1,ASSLVPVAYNEEF,18
TRBV7-9,TRBJ2-1,ASSLVPVAYNEEI,1
TRBV7-9,TRBJ2-1,ASSLVPVAYNEEL,1
TRBV7-9,TRBJ2-1,ASSLVPVAYNEHC,3
TRBV7-9,TRBJ2-1,ASSLVPVAYNEHF,53
TRBV7-9,TRBJ2-1,ASSLVPVAYNEHL,1
TRBV7-9,TRBJ2-1,ASSLVPVAYNEKC,1
TRBV7-9,TRBJ2-1,ASSLVPVAYNEKF,90
TRBV7-9,TRBJ2-1,ASSLVPVAYNEKI,2
TRBV7-9,TRBJ2-1,ASSLVPVAYNEKL,2
TRBV7-9,TRBJ2-1,ASSLVPVAYNEKS,1
TRBV7-9,TRBJ2-1,ASSLVPVAYNEKV,4
TRBV7-9,TRBJ2-1,ASSLVPVAYNELF,13
TRBV7-9,TRBJ2-1,ASSLVPVAYNELI,1
TRBV7-9,TRBJ2-1,ASSLVPVAYNELV,2
TRBV7-9,TRBJ2-1,ASSLVPVAYNEMF,3
TRBV7-9,TRBJ2-1,ASSLVPVAYNENF,2
TRBV7-9,TRBJ2-1,ASSLVPVAYNEPF,38
TRBV7-9,TRBJ2-1,ASSLVPVAYNEPV,5
TRBV7-9,TRBJ2-1,ASSLVPVAYNEQC,37
TRBV7-9,TRBJ2-1,ASSLVPVAYNEQF,2906
TRBV7-9,TRBJ2-1,ASSLVPVAYNEQG,1
TRBV7-9,TRBJ2-1,ASSLVPVAYNEQI,22
TRBV7-9,TRBJ2-1,ASSLVPVAYNEQL,24
TRBV7-9,TRBJ2-1,ASSLVPVAYNEQM,2
TRBV7-9,TRBJ2-1,ASSLVPVAYNEQS,20
TRBV7-9,TRBJ2-1,ASSLVPVAYNEQV,70
TRBV7-9,TRBJ2-1,ASSLVPVAYNEQY,12
TRBV7-9,TRBJ2-1,ASSLVPVAYNERF,7
TRBV7-9,TRBJ2-1,ASSLVPVAYNERS,1
TRBV7-9,TRBJ2-1,ASSLVPVAYNETF,3
TRBV7-9,TRBJ2-1,ASSLVPVAYNETV,2
TRBV7-9,TRBJ2-1,ASSLVPVAYNEVF,1
TRBV7-9,TRBJ2-1,ASSLVPVAYNGEC,1
TRBV7-9,TRBJ2-1,ASSLVPVAYNGLF,1
TRBV7-9,TRBJ2-1,ASSLVPVAYNGPF,1
TRBV7-9,TRBJ2-1,ASSLVPVAYNGQF,40
TRBV7-9,TRBJ2-1,ASSLVPVAYNGQI,1
TRBV7-9,TRBJ2-1,ASSLVPVAYNIQF,1
TRBV7-9,TRBJ2-1,ASSLVPVAYNKEF,1
TRBV7-9,TRBJ2-1,ASSLVPVAYNKHF,4
TRBV7-9,TRBJ2-1,ASSLVPVAYNKPF,2
TRBV7-9,TRBJ2-1,ASSLVPVAYNKQC,1
TRBV7-9,TRBJ2-1,ASSLVPVAYNKQF,39
TRBV7-9,TRBJ2-1,ASSLVPVAYNKQI,1
TRBV7-9,TRBJ2-1,ASSLVPVAYNKQV,2
TRBV7-9,TRBJ2-1,ASSLVPVAYNLQF,4
TRBV7-9,TRBJ2-1,ASSLVPVAYNMHF,1
TRBV7-9,TRBJ2-1,ASSLVPVAYNMQF,1
TRBV7-9,TRBJ2-1,ASSLVPVAYNNKF,1
TRBV7-9,TRBJ2-1,ASSLVPVAYNNPV,1
TRBV7-9,TRBJ2-1,ASSLVPVAYNNQF,4
TRBV7-9,TRBJ2-1,ASSLVPVAYNPQF,1
TRBV7-9,TRBJ2-1,ASSLVPVAYNQEF,1
TRBV7-9,TRBJ2-1,ASSLVPVAYNQQF,22
TRBV7-9,TRBJ2-1,ASSLVPVAYNQQL,3
TRBV7-9,TRBJ2-1,ASSLVPVAYNQQV,1
TRBV7-9,TRBJ2-1,ASSLVPVAYNQQY,1
TRBV7-9,TRBJ2-1,ASSLVPVAYNRLF,1
TRBV7-9,TRBJ2-1,ASSLVPVAYNRQF,2
TRBV7-9,TRBJ2-1,ASSLVPVAYNRQL,1
TRBV7-9,TRBJ2-1,ASSLVPVAYNTEF,1
TRBV7-9,TRBJ2-1,ASSLVPVAYNTLC,1
TRBV7-9,TRBJ2-1,ASSLVPVAYNTQF,1
TRBV7-9,TRBJ2-1,ASSLVPVAYNTYF,1
TRBV7-9,TRBJ2-1,ASSLVPVAYNVHF,5
TRBV7-9,TRBJ2-1,ASSLVPVAYNVHV,1
TRBV7-9,TRBJ2-1,ASSLVPVAYNVKF,3
TRBV7-9,TRBJ2-1,ASSLVPVAYNVLF,2
TRBV7-9,TRBJ2-1,ASSLVPVAYNVPF,2
TRBV7-9,TRBJ2-1,ASSLVPVAYNVQF,81
TRBV7-9,TRBJ2-1,ASSLVPVAYNVQL,4
TRBV7-9,TRBJ2-1,ASSLVPVAYNVQS,2
TRBV7-9,TRBJ2-1,ASSLVPVAYNVQV,4
TRBV7-9,TRBJ2-1,ASSLVPVAYNVRF,2
TRBV7-9,TRBJ2-1,ASSLVPVAYREQF,1
TRBV7-9,TRBJ2-1,ASSLVPVAYSDQF,1
TRBV7-9,TRBJ2-1,ASSLVPVAYSEKV,1
TRBV7-9,TRBJ2-1,ASSLVPVAYSEQC,1
TRBV7-9,TRBJ2-1,ASSLVPVAYSEQF,36
TRBV7-9,TRBJ2-1,ASSLVPVAYSEQI,1
TRBV7-9,TRBJ2-1,ASSLVPVAYSEQL,3
TRBV7-9,TRBJ2-1,ASSLVPVAYSERF,2
TRBV7-9,TRBJ2-1,ASSLVPVAYSESF,1
TRBV7-9,TRBJ2-1,ASSLVPVAYSGQF,4
TRBV7-9,TRBJ2-1,ASSLVPVAYSLQF,1
TRBV7-9,TRBJ2-1,ASSLVPVAYSVQF,2
TRBV7-9,TRBJ2-1,ASSLVPVAYSVQI,1
TRBV7-9,TRBJ2-1,ASSLVPVAYSVRF,1
TRBV7-9,TRBJ2-1,ASSLVPVAYTAQC,2
TRBV7-9,TRBJ2-1,ASSLVPVAYTAQF,1
TRBV7-9,TRBJ2-1,ASSLVPVAYTAQI,1
TRBV7-9,TRBJ2-1,ASSLVPVAYTDQF,1
TRBV7-9,TRBJ2-1,ASSLVPVAYTEHF,1
TRBV7-9,TRBJ2-1,ASSLVPVAYTEQF,19
TRBV7-9,TRBJ2-1,ASSLVPVAYTEQS,1
TRBV7-9,TRBJ2-1,ASSLVPVAYTEQV,1
TRBV7-9,TRBJ2-1,ASSLVPVAYTGQC,1
TRBV7-9,TRBJ2-1,ASSLVPVAYTVQF,1
TRBV7-9,TRBJ2-1,ASSLVPVAYYDQF,2
TRBV7-9,TRBJ2-1,ASSLVPVAYYDQV,1
TRBV7-9,TRBJ2-1,ASSLVPVAYYEHF,2
TRBV7-9,TRBJ2-1,ASSLVPVAYYEHV,1
TRBV7-9,TRBJ2-1,ASSLVPVAYYEPF,1
TRBV7-9,TRBJ2-1,ASSLVPVAYYEQF,23
TRBV7-9,TRBJ2-1,ASSLVPVAYYEQL,1
TRBV7-9,TRBJ2-1,ASSLVPVAYYEQV,1
TRBV7-9,TRBJ2-1,ASSLVPVAYYVHF,1
TRBV7-9,TRBJ2-1,ASSLVPVAYYVQF,2
TRBV7-9,TRBJ2-1,ASSLVPVCYNEQF,3
TRBV7-9,TRBJ2-1,ASSLVPVCYNGQF,2
TRBV7-9,TRBJ2-1,ASSLVPVCYNGQI,1
TRBV7-9,TRBJ2-1,ASSLVPVDCNEQC,1
TRBV7-9,TRBJ2-1,ASSLVPVDDNEQF,2
TRBV7-9,TRBJ2-1,ASSLVPVDHDEQF,1
TRBV7-9,TRBJ2-1,ASSLVPVDYKDQF,1
TRBV7-9,TRBJ2-1,ASSLVPVDYKEQF,2
TRBV7-9,TRBJ2-1,ASSLVPVDYNAKF,1
TRBV7-9,TRBJ2-1,ASSLVPVDYNAQF,4
TRBV7-9,TRBJ2-1,ASSLVPVDYNAQV,2
TRBV7-9,TRBJ2-1,ASSLVPVDYNDQC,1
TRBV7-9,TRBJ2-1,ASSLVPVDYNDQF,2
TRBV7-9,TRBJ2-1,ASSLVPVDYNEEF,2
TRBV7-9,TRBJ2-1,ASSLVPVDYNEHF,1
TRBV7-9,TRBJ2-1,ASSLVPVDYNEKF,1
TRBV7-9,TRBJ2-1,ASSLVPVDYNELF,1
TRBV7-9,TRBJ2-1,ASSLVPVDYNENF,1
TRBV7-9,TRBJ2-1,ASSLVPVDYNEQC,2
TRBV7-9,TRBJ2-1,ASSLVPVDYNEQF,56
TRBV7-9,TRBJ2-1,ASSLVPVDYNEQL,1
TRBV7-9,TRBJ2-1,ASSLVPVDYNEQV,2
TRBV7-9,TRBJ2-1,ASSLVPVDYNEQY,2
TRBV7-9,TRBJ2-1,ASSLVPVDYNETF,1
TRBV7-9,TRBJ2-1,ASSLVPVDYNKQF,1
TRBV7-9,TRBJ2-1,ASSLVPVDYNNQF,1
TRBV7-9,TRBJ2-1,ASSLVPVDYNVQF,1
TRBV7-9,TRBJ2-1,ASSLVPVDYSDQF,1
TRBV7-9,TRBJ2-1,ASSLVPVDYSEQF,3
TRBV7-9,TRBJ2-1,ASSLVPVDYYEKF,1
TRBV7-9,TRBJ2-1,ASSLVPVEHNEKV,1
TRBV7-9,TRBJ2-1,ASSLVPVESNDHF,1
TRBV7-9,TRBJ2-1,ASSLVPVEYKEQF,1
TRBV7-9,TRBJ2-1,ASSLVPVEYNAQF,1
TRBV7-9,TRBJ2-1,ASSLVPVEYNEHF,1
TRBV7-9,TRBJ2-1,ASSLVPVEYNEPF,1
TRBV7-9,TRBJ2-1,ASSLVPVEYNEQF,3
TRBV7-9,TRBJ2-1,ASSLVPVEYNNKF,1
TRBV7-9,TRBJ2-1,ASSLVPVFYNDQF,1
TRBV7-9,TRBJ2-1,ASSLVPVFYNEQF,3
TRBV7-9,TRBJ2-1,ASSLVPVFYNVQF,1
TRBV7-9,TRBJ2-1,ASSLVPVFYTVQF,1
TRBV7-9,TRBJ2-1,ASSLVPVGAYNEQF,11
TRBV7-9,TRBJ2-1,ASSLVPVGDNEQF,1
TRBV7-9,TRBJ2-1,ASSLVPVGEIEQF,1
TRBV7-9,TRBJ2-1,ASSLVPVGEQF,6
TRBV7-9,TRBJ2-1,ASSLVPVGGSDEQF,1
TRBV7-9,TRBJ2-1,ASSLVPVGHRPNEQF,1
TRBV7-9,TRBJ2-1,ASSLVPVGKNEQF,1
TRBV7-9,TRBJ2-1,ASSLVPVGNDDQF,1
TRBV7-9,TRBJ2-1,ASSLVPVGNEQF,1
TRBV7-9,TRBJ2-1,ASSLVPVGNNEQF,9
TRBV7-9,TRBJ2-1,ASSLVPVGQF,8
TRBV7-9,TRBJ2-1,ASSLVPVGSNEQF,1
TRBV7-9,TRBJ2-1,ASSLVPVGVKEQF,4
TRBV7-9,TRBJ2-1,ASSLVPVGYEEQV,1
TRBV7-9,TRBJ2-1,ASSLVPVGYKEQF,4
TRBV7-9,TRBJ2-1,ASSLVPVGYKQKL,1
TRBV7-9,TRBJ2-1,ASSLVPVGYKVQF,1
TRBV7-9,TRBJ2-1,ASSLVPVGYNAQI,1
TRBV7-9,TRBJ2-1,ASSLVPVGYNDQF,4
TRBV7-9,TRBJ2-1,ASSLVPVGYNEHM,1
TRBV7-9,TRBJ2-1,ASSLVPVGYNEKF,8
TRBV7-9,TRBJ2-1,ASSLVPVGYNEQF,48
TRBV7-9,TRBJ2-1,ASSLVPVGYNEQI,1
TRBV7-9,TRBJ2-1,ASSLVPVGYNEQS,1
TRBV7-9,TRBJ2-1,ASSLVPVGYNEQV,1
TRBV7-9,TRBJ2-1,ASSLVPVGYNGEI,1
TRBV7-9,TRBJ2-1,ASSLVPVGYNGQF,3
TRBV7-9,TRBJ2-1,ASSLVPVGYNKQF,1
TRBV7-9,TRBJ2-1,ASSLVPVGYNVQF,3
TRBV7-9,TRBJ2-1,ASSLVPVGYNVQV,1
TRBV7-9,TRBJ2-1,ASSLVPVGYRLKF,1
TRBV7-9,TRBJ2-1,ASSLVPVGYSDPF,1
TRBV7-9,TRBJ2-1,ASSLVPVGYSEQF,1
TRBV7-9,TRBJ2-1,ASSLVPVHYNEQF,2
TRBV7-9,TRBJ2-1,ASSLVPVHYNKQF,1
TRBV7-9,TRBJ2-1,ASSLVPVIPPHEQF,1
TRBV7-9,TRBJ2-1,ASSLVPVLAPTYNEQF,1
TRBV7-9,TRBJ2-1,ASSLVPVLAS,1
TRBV7-9,TRBJ2-1,ASSLVPVLSTEQV,1
TRBV7-9,TRBJ2-1,ASSLVPVLYNEQF,1
TRBV7-9,TRBJ2-1,ASSLVPVLYYEQF,1
TRBV7-9,TRBJ2-1,ASSLVPVMRERSYNEQF,1
TRBV7-9,TRBJ2-1,ASSLVPVNEQF,12
TRBV7-9,TRBJ2-1,ASSLVPVNNEQF,1
TRBV7-9,TRBJ2-1,ASSLVPVPCNEQF,1
TRBV7-9,TRBJ2-1,ASSLVPVPDNAQF,1
TRBV7-9,TRBJ2-1,ASSLVPVPDNELF,1
TRBV7-9,TRBJ2-1,ASSLVPVPNKEQF,1
TRBV7-9,TRBJ2-1,ASSLVPVPPHNEQF,1
TRBV7-9,TRBJ2-1,ASSLVPVPPYNEQF,1
TRBV7-9,TRBJ2-1,ASSLVPVPYNDHF,1
TRBV7-9,TRBJ2-1,ASSLVPVPYNDQF,1
TRBV7-9,TRBJ2-1,ASSLVPVPYNEQF,10
TRBV7-9,TRBJ2-1,ASSLVPVPYNEQL,1
TRBV7-9,TRBJ2-1,ASSLVPVPYNKQF,1
TRBV7-9,TRBJ2-1,ASSLVPVPYNMQF,1
TRBV7-9,TRBJ2-1,ASSLVPVPYNQQF,1
TRBV7-9,TRBJ2-1,ASSLVPVQYITQF,1
TRBV7-9,TRBJ2-1,ASSLVPVREQF,3
TRBV7-9,TRBJ2-1,ASSLVPVRESEQC,1
TRBV7-9,TRBJ2-1,ASSLVPVRHYNEQF,1
TRBV7-9,TRBJ2-1,ASSLVPVSCNDQF,1
TRBV7-9,TRBJ2-1,ASSLVPVSCNEHC,1
TRBV7-9,TRBJ2-1,ASSLVPVSCNEQF,1
TRBV7-9,TRBJ2-1,ASSLVPVSDNEQV,1
TRBV7-9,TRBJ2-1,ASSLVPVSHNEQF,1
TRBV7-9,TRBJ2-1,ASSLVPVSHNVQF,1
TRBV7-9,TRBJ2-1,ASSLVPVSNAQF,1
TRBV7-9,TRBJ2-1,ASSLVPVSNEQF,9
TRBV7-9,TRBJ2-1,ASSLVPVSNKGQF,1
TRBV7-9,TRBJ2-1,ASSLVPVSSYNEQF,3
TRBV7-9,TRBJ2-1,ASSLVPVSYHAQF,1
TRBV7-9,TRBJ2-1,ASSLVPVSYHEKF,2
TRBV7-9,TRBJ2-1,ASSLVPVSYHEQF,1
TRBV7-9,TRBJ2-1,ASSLVPVSYIEQF,1
TRBV7-9,TRBJ2-1,ASSLVPVSYKEQC,1
TRBV7-9,TRBJ2-1,ASSLVPVSYKEQF,3
TRBV7-9,TRBJ2-1,ASSLVPVSYKGQF,1
TRBV7-9,TRBJ2-1,ASSLVPVSYNAQF,3
TRBV7-9,TRBJ2-1,ASSLVPVSYNDEF,1
TRBV7-9,TRBJ2-1,ASSLVPVSYNDHF,1
TRBV7-9,TRBJ2-1,ASSLVPVSYNDQF,10
TRBV7-9,TRBJ2-1,ASSLVPVSYNDQI,2
TRBV7-9,TRBJ2-1,ASSLVPVSYNDQS,1
TRBV7-9,TRBJ2-1,ASSLVPVSYNDQV,1
TRBV7-9,TRBJ2-1,ASSLVPVSYNEEF,3
TRBV7-9,TRBJ2-1,ASSLVPVSYNEHF,3
TRBV7-9,TRBJ2-1,ASSLVPVSYNEHV,2
TRBV7-9,TRBJ2-1,ASSLVPVSYNEKF,4
TRBV7-9,TRBJ2-1,ASSLVPVSYNEPF,5
TRBV7-9,TRBJ2-1,ASSLVPVSYNEQF,104
TRBV7-9,TRBJ2-1,ASSLVPVSYNEQL,1
TRBV7-9,TRBJ2-1,ASSLVPVSYNEQV,7
TRBV7-9,TRBJ2-1,ASSLVPVSYNEQY,2
TRBV7-9,TRBJ2-1,ASSLVPVSYNERC,1
TRBV7-9,TRBJ2-1,ASSLVPVSYNETF,1
TRBV7-9,TRBJ2-1,ASSLVPVSYNGPF,1
TRBV7-9,TRBJ2-1,ASSLVPVSYNGQC,1
TRBV7-9,TRBJ2-1,ASSLVPVSYNGQF,5
TRBV7-9,TRBJ2-1,ASSLVPVSYNVHF,1
TRBV7-9,TRBJ2-1,ASSLVPVSYNVQF,3
TRBV7-9,TRBJ2-1,ASSLVPVSYNWQF,1
TRBV7-9,TRBJ2-1,ASSLVPVSYQEQF,1
TRBV7-9,TRBJ2-1,ASSLVPVSYSEQF,2
TRBV7-9,TRBJ2-1,ASSLVPVSYSGQF,1
TRBV7-9,TRBJ2-1,ASSLVPVSYTEQF,3
TRBV7-9,TRBJ2-1,ASSLVPVSYYAQF,1
TRBV7-9,TRBJ2-1,ASSLVPVSYYDQF,1
TRBV7-9,TRBJ2-1,ASSLVPVSYYEQF,3
TRBV7-9,TRBJ2-1,ASSLVPVTCSELS,1
TRBV7-9,TRBJ2-1,ASSLVPVTDNMQC,1
TRBV7-9,TRBJ2-1,ASSLVPVTENEPF,1
TRBV7-9,TRBJ2-1,ASSLVPVTYNEEF,2
TRBV7-9,TRBJ2-1,ASSLVPVTYNEPF,1
TRBV7-9,TRBJ2-1,ASSLVPVTYNEPV,1
TRBV7-9,TRBJ2-1,ASSLVPVTYNEQF,8
TRBV7-9,TRBJ2-1,ASSLVPVTYNEQL,1
TRBV7-9,TRBJ2-1,ASSLVPVTYNVQV,1
TRBV7-9,TRBJ2-1,ASSLVPVTYTEQF,1
TRBV7-9,TRBJ2-1,ASSLVPVVAYNEQF,1
TRBV7-9,TRBJ2-1,ASSLVPVVCSEQF,1
TRBV7-9,TRBJ2-1,ASSLVPVVDKEQV,1
TRBV7-9,TRBJ2-1,ASSLVPVVDNEQF,1
TRBV7-9,TRBJ2-1,ASSLVPVVGNEQF,3
TRBV7-9,TRBJ2-1,ASSLVPVVSRLLYNEQF,1
TRBV7-9,TRBJ2-1,ASSLVPVVYDELL,1
TRBV7-9,TRBJ2-1,ASSLVPVVYHKHF,1
TRBV7-9,TRBJ2-1,ASSLVPVVYIDKF,1
TRBV7-9,TRBJ2-1,ASSLVPVVYIEKF,1
TRBV7-9,TRBJ2-1,ASSLVPVVYKVQI,1
TRBV7-9,TRBJ2-1,ASSLVPVVYNAQF,1
TRBV7-9,TRBJ2-1,ASSLVPVVYNDKF,1
TRBV7-9,TRBJ2-1,ASSLVPVVYNDQF,4
TRBV7-9,TRBJ2-1,ASSLVPVVYNEHF,1
TRBV7-9,TRBJ2-1,ASSLVPVVYNEKF,2
TRBV7-9,TRBJ2-1,ASSLVPVVYNEQF,33
TRBV7-9,TRBJ2-1,ASSLVPVVYNEQS,2
TRBV7-9,TRBJ2-1,ASSLVPVVYNVQF,2
TRBV7-9,TRBJ2-1,ASSLVPVVYRVKF,1
TRBV7-9,TRBJ2-1,ASSLVPVVYSEQV,1
TRBV7-9,TRBJ2-1,ASSLVPVVYSVRF,1
TRBV7-9,TRBJ2-1,ASSLVPVYEQF,14
TRBV7-9,TRBJ2-1,ASSLVPVYNEQF,1
TRBV7-9,TRBJ2-1,ASSLVPVYYNEQF,3
TRBV7-9,TRBJ2-1,ASSLVPWAAEGQQF,9
TRBV7-9,TRBJ2-1,ASSLVPWADNEQF,1
TRBV7-9,TRBJ2-1,ASSLVPWAHNEQF,1
TRBV7-9,TRBJ2-1,ASSLVPWANNEAF,1
TRBV7-9,TRBJ2-1,ASSLVPWANNEQF,1
TRBV7-9,TRBJ2-1,ASSLVPWASGRGGNEQF,1
TRBV7-9,TRBJ2-1,ASSLVPWAYDEQF,1
TRBV7-9,TRBJ2-1,ASSLVPWAYDEQL,1
TRBV7-9,TRBJ2-1,ASSLVPWAYHEQF,1
TRBV7-9,TRBJ2-1,ASSLVPWAYKEQF,1
TRBV7-9,TRBJ2-1,ASSLVPWAYNDQF,2
TRBV7-9,TRBJ2-1,ASSLVPWAYNEEF,1
TRBV7-9,TRBJ2-1,ASSLVPWAYNEHF,1
TRBV7-9,TRBJ2-1,ASSLVPWAYNEKF,1
TRBV7-9,TRBJ2-1,ASSLVPWAYNEQF,35
TRBV7-9,TRBJ2-1,ASSLVPWAYNGQC,1
TRBV7-9,TRBJ2-1,ASSLVPWAYNGQF,2
TRBV7-9,TRBJ2-1,ASSLVPWAYNTQS,1
TRBV7-9,TRBJ2-1,ASSLVPWAYSEQF,1
TRBV7-9,TRBJ2-1,ASSLVPWAYSEQV,1
TRBV7-9,TRBJ2-1,ASSLVPWAYTELF,1
TRBV7-9,TRBJ2-1,ASSLVPWAYTEQF,1
TRBV7-9,TRBJ2-1,ASSLVPWDRGRWNEQF,1
TRBV7-9,TRBJ2-1,ASSLVPWDRNNEQF,1
TRBV7-9,TRBJ2-1,ASSLVPWGLAGEVDEQF,4
TRBV7-9,TRBJ2-1,ASSLVPWGNEQF,6
TRBV7-9,TRBJ2-1,ASSLVPWGSGKYNEQF,6
TRBV7-9,TRBJ2-1,ASSLVPWGSYNEQF,1
TRBV7-9,TRBJ2-1,ASSLVPWGYNGQF,1
TRBV7-9,TRBJ2-1,ASSLVPWNTSYNEQF,1
TRBV7-9,TRBJ2-1,ASSLVPWPNEQF,1
TRBV7-9,TRBJ2-1,ASSLVPWPYNEQF,1
TRBV7-9,TRBJ2-1,ASSLVPWQQF,1
TRBV7-9,TRBJ2-1,ASSLVPWRERGNEQF,1
TRBV7-9,TRBJ2-1,ASSLVPWSYNEHF,1
TRBV7-9,TRBJ2-1,ASSLVPWSYNEQF,1
TRBV7-9,TRBJ2-1,ASSLVPWSYSGQF,1
TRBV7-9,TRBJ2-1,ASSLVPWTVEQF,12
TRBV7-9,TRBJ2-1,ASSLVPWTYNEQF,1
TRBV7-9,TRBJ2-1,ASSLVPWVYNEQF,1
TRBV7-9,TRBJ2-1,ASSLVPWVYNKQF,1
TRBV7-9,TRBJ2-1,ASSLVPWYNEQF,1
TRBV7-9,TRBJ2-1,ASSLVPYAANEQL,1
TRBV7-9,TRBJ2-1,ASSLVPYADKEQF,2
TRBV7-9,TRBJ2-1,ASSLVPYADLEQL,1
TRBV7-9,TRBJ2-1,ASSLVPYADNEHF,1
TRBV7-9,TRBJ2-1,ASSLVPYADNEQF,3
TRBV7-9,TRBJ2-1,ASSLVPYADNGQF,1
TRBV7-9,TRBJ2-1,ASSLVPYAENEQF,1
TRBV7-9,TRBJ2-1,ASSLVPYAHEEQY,1
TRBV7-9,TRBJ2-1,ASSLVPYAHKEQS,1
TRBV7-9,TRBJ2-1,ASSLVPYAHNEQF,2
TRBV7-9,TRBJ2-1,ASSLVPYAHNEQY,3
TRBV7-9,TRBJ2-1,ASSLVPYAHYEQF,1
TRBV7-9,TRBJ2-1,ASSLVPYANNEQF,1
TRBV7-9,TRBJ2-1,ASSLVPYANNEQY,1
TRBV7-9,TRBJ2-1,ASSLVPYAPNEQC,1
TRBV7-9,TRBJ2-1,ASSLVPYAPNEQF,1
TRBV7-9,TRBJ2-1,ASSLVPYAPNEQY,1
TRBV7-9,TRBJ2-1,ASSLVPYASNEQC,1
TRBV7-9,TRBJ2-1,ASSLVPYASNEQF,11
TRBV7-9,TRBJ2-1,ASSLVPYATYEQF,1
TRBV7-9,TRBJ2-1,ASSLVPYAYDEQF,6
TRBV7-9,TRBJ2-1,ASSLVPYAYHEQF,4
TRBV7-9,TRBJ2-1,ASSLVPYAYHEQV,1
TRBV7-9,TRBJ2-1,ASSLVPYAYIEQF,2
TRBV7-9,TRBJ2-1,ASSLVPYAYIEQV,1
TRBV7-9,TRBJ2-1,ASSLVPYAYKDQF,1
TRBV7-9,TRBJ2-1,ASSLVPYAYKEEV,1
TRBV7-9,TRBJ2-1,ASSLVPYAYKEQF,7
TRBV7-9,TRBJ2-1,ASSLVPYAYNAQF,4
TRBV7-9,TRBJ2-1,ASSLVPYAYNDQC,1
TRBV7-9,TRBJ2-1,ASSLVPYAYNDQF,5
TRBV7-9,TRBJ2-1,ASSLVPYAYNDQV,2
TRBV7-9,TRBJ2-1,ASSLVPYAYNEDF,1
TRBV7-9,TRBJ2-1,ASSLVPYAYNEHC,1
TRBV7-9,TRBJ2-1,ASSLVPYAYNEHF,3
TRBV7-9,TRBJ2-1,ASSLVPYAYNEQC,2
TRBV7-9,TRBJ2-1,ASSLVPYAYNEQF,166
TRBV7-9,TRBJ2-1,ASSLVPYAYNEQI,1
TRBV7-9,TRBJ2-1,ASSLVPYAYNEQL,8
TRBV7-9,TRBJ2-1,ASSLVPYAYNEQV,3
TRBV7-9,TRBJ2-1,ASSLVPYAYNEQY,5
TRBV7-9,TRBJ2-1,ASSLVPYAYNERF,1
TRBV7-9,TRBJ2-1,ASSLVPYAYNGQF,1
TRBV7-9,TRBJ2-1,ASSLVPYAYNHQF,1
TRBV7-9,TRBJ2-1,ASSLVPYAYNKQF,1
TRBV7-9,TRBJ2-1,ASSLVPYAYNVQF,2
TRBV7-9,TRBJ2-1,ASSLVPYAYNYQF,1
TRBV7-9,TRBJ2-1,ASSLVPYAYQEQF,1
TRBV7-9,TRBJ2-1,ASSLVPYAYTEHF,1
TRBV7-9,TRBJ2-1,ASSLVPYAYTEQF,2
TRBV7-9,TRBJ2-1,ASSLVPYAYYDQF,1
TRBV7-9,TRBJ2-1,ASSLVPYDFNEQC,1
TRBV7-9,TRBJ2-1,ASSLVPYDYHEQL,1
TRBV7-9,TRBJ2-1,ASSLVPYDYNEQF,5
TRBV7-9,TRBJ2-1,ASSLVPYDYNEQL,1
TRBV7-9,TRBJ2-1,ASSLVPYDYNKQF,1
TRBV7-9,TRBJ2-1,ASSLVPYEQF,5
TRBV7-9,TRBJ2-1,ASSLVPYFYNDHF,1
TRBV7-9,TRBJ2-1,ASSLVPYGNYNEQF,11
TRBV7-9,TRBJ2-1,ASSLVPYGRGSYNEQF,1
TRBV7-9,TRBJ2-1,ASSLVPYGRVSYNEQF,21
TRBV7-9,TRBJ2-1,ASSLVPYGYNEQF,2
TRBV7-9,TRBJ2-1,ASSLVPYGYNEQV,1
TRBV7-9,TRBJ2-1,ASSLVPYLSYNEQF,1
TRBV7-9,TRBJ2-1,ASSLVPYNEQF,35
TRBV7-9,TRBJ2-1,ASSLVPYPYKGEC,1
TRBV7-9,TRBJ2-1,ASSLVPYRTGVEAGSSYNEQC,1
TRBV7-9,TRBJ2-1,ASSLVPYRTGVEAGSSYNEQF,9
TRBV7-9,TRBJ2-1,ASSLVPYRTGVEAVSSYNEQF,1
TRBV7-9,TRBJ2-1,ASSLVPYSGRANNEQF,1
TRBV7-9,TRBJ2-1,ASSLVPYSHNEQY,1
TRBV7-9,TRBJ2-1,ASSLVPYSHYEQF,1
TRBV7-9,TRBJ2-1,ASSLVPYSPNEQF,2
TRBV7-9,TRBJ2-1,ASSLVPYSSNEQF,2
TRBV7-9,TRBJ2-1,ASSLVPYSSYEQF,1
TRBV7-9,TRBJ2-1,ASSLVPYSYKEKF,1
TRBV7-9,TRBJ2-1,ASSLVPYSYKEQF,1
TRBV7-9,TRBJ2-1,ASSLVPYSYNEKF,1
TRBV7-9,TRBJ2-1,ASSLVPYSYNEQF,9
TRBV7-9,TRBJ2-1,ASSLVPYSYNEQY,1
TRBV7-9,TRBJ2-1,ASSLVPYSYNQQF,1
TRBV7-9,TRBJ2-1,ASSLVPYSYSGQV,1
TRBV7-9,TRBJ2-1,ASSLVPYSYTEQF,1
TRBV7-9,TRBJ2-1,ASSLVPYTSNEQF,1
TRBV7-9,TRBJ2-1,ASSLVPYTYNEQF,2
TRBV7-9,TRBJ2-1,ASSLVPYVISYNEQF,1
TRBV7-9,TRBJ2-1,ASSLVQAACNEQF,1
TRBV7-9,TRBJ2-1,ASSLVQAADNEQF,3
TRBV7-9,TRBJ2-1,ASSLVQAADNEQV,1
TRBV7-9,TRBJ2-1,ASSLVQAADNVQF,1
TRBV7-9,TRBJ2-1,ASSLVQAAHNEQF,1
TRBV7-9,TRBJ2-1,ASSLVQAANNEQF,1
TRBV7-9,TRBJ2-1,ASSLVQAASNEQF,1
TRBV7-9,TRBJ2-1,ASSLVQAAYKEHC,1
TRBV7-9,TRBJ2-1,ASSLVQAAYKEQF,2
TRBV7-9,TRBJ2-1,ASSLVQAAYNAQF,3
TRBV7-9,TRBJ2-1,ASSLVQAAYNDHF,1
TRBV7-9,TRBJ2-1,ASSLVQAAYNDQF,2
TRBV7-9,TRBJ2-1,ASSLVQAAYNEHF,2
TRBV7-9,TRBJ2-1,ASSLVQAAYNEHV,1
TRBV7-9,TRBJ2-1,ASSLVQAAYNEKF,1
TRBV7-9,TRBJ2-1,ASSLVQAAYNEPF,1
TRBV7-9,TRBJ2-1,ASSLVQAAYNEQF,54
TRBV7-9,TRBJ2-1,ASSLVQAAYNEQL,2
TRBV7-9,TRBJ2-1,ASSLVQAAYNEQS,1
TRBV7-9,TRBJ2-1,ASSLVQAAYNEQV,5
TRBV7-9,TRBJ2-1,ASSLVQAAYNEQY,3
TRBV7-9,TRBJ2-1,ASSLVQAAYNKHF,1
TRBV7-9,TRBJ2-1,ASSLVQAAYNKQF,2
TRBV7-9,TRBJ2-1,ASSLVQAAYTAQF,2
TRBV7-9,TRBJ2-1,ASSLVQAAYTEQF,1
TRBV7-9,TRBJ2-1,ASSLVQAAYYEHF,1
TRBV7-9,TRBJ2-1,ASSLVQAAYYEQF,1
TRBV7-9,TRBJ2-1,ASSLVQADDNEQF,1
TRBV7-9,TRBJ2-1,ASSLVQADNEQF,1
TRBV7-9,TRBJ2-1,ASSLVQADPLNEQF,1
TRBV7-9,TRBJ2-1,ASSLVQADYHDQF,1
TRBV7-9,TRBJ2-1,ASSLVQAEDNEQF,1
TRBV7-9,TRBJ2-1,ASSLVQAEFNEQF,1
TRBV7-9,TRBJ2-1,ASSLVQAENNEQF,3
TRBV7-9,TRBJ2-1,ASSLVQAEQF,4
TRBV7-9,TRBJ2-1,ASSLVQAGAYNEQF,1
TRBV7-9,TRBJ2-1,ASSLVQAGDNVQF,1
TRBV7-9,TRBJ2-1,ASSLVQAGEQF,17
TRBV7-9,TRBJ2-1,ASSLVQAGGEQF,11
TRBV7-9,TRBJ2-1,ASSLVQAGGIWEQF,1
TRBV7-9,TRBJ2-1,ASSLVQAGGLDEQF,1
TRBV7-9,TRBJ2-1,ASSLVQAGGLYNEQF,1
TRBV7-9,TRBJ2-1,ASSLVQAGGPYNEQF,1
TRBV7-9,TRBJ2-1,ASSLVQAGGSEEQF,4
TRBV7-9,TRBJ2-1,ASSLVQAGGSNEQF,1
TRBV7-9,TRBJ2-1,ASSLVQAGHNEQF,3
TRBV7-9,TRBJ2-1,ASSLVQAGNEQF,2
TRBV7-9,TRBJ2-1,ASSLVQAGRLSYNEQF,1
TRBV7-9,TRBJ2-1,ASSLVQAGRNEQF,1
TRBV7-9,TRBJ2-1,ASSLVQAGRRNEQF,1
TRBV7-9,TRBJ2-1,ASSLVQAGSYNEQF,1
TRBV7-9,TRBJ2-1,ASSLVQAGYNEQV,1
TRBV7-9,TRBJ2-1,ASSLVQALSYNEQF,1
TRBV7-9,TRBJ2-1,ASSLVQANEQF,3
TRBV7-9,TRBJ2-1,ASSLVQANYNEQF,2
TRBV7-9,TRBJ2-1,ASSLVQAPYNEQL,1
TRBV7-9,TRBJ2-1,ASSLVQASSYNEQF,1
TRBV7-9,TRBJ2-1,ASSLVQASYNDQF,1
TRBV7-9,TRBJ2-1,ASSLVQASYNEHV,1
TRBV7-9,TRBJ2-1,ASSLVQASYNEQF,4
TRBV7-9,TRBJ2-1,ASSLVQATNEQF,10
TRBV7-9,TRBJ2-1,ASSLVQATSGRGSYNEQF,1
TRBV7-9,TRBJ2-1,ASSLVQATYNEQF,2
TRBV7-9,TRBJ2-1,ASSLVQAVYNEQF,3
TRBV7-9,TRBJ2-1,ASSLVQAVYNVQV,1
TRBV7-9,TRBJ2-1,ASSLVQAWANEQF,1
TRBV7-9,TRBJ2-1,ASSLVQAYNEQF,17
TRBV7-9,TRBJ2-1,ASSLVQCAYNGQF,1
TRBV7-9,TRBJ2-1,ASSLVQDAANEQF,1
TRBV7-9,TRBJ2-1,ASSLVQDADNEPF,1
TRBV7-9,TRBJ2-1,ASSLVQDADNEQC,2
TRBV7-9,TRBJ2-1,ASSLVQDADNEQF,7
TRBV7-9,TRBJ2-1,ASSLVQDAEHEKF,1
TRBV7-9,TRBJ2-1,ASSLVQDAHNEQC,1
TRBV7-9,TRBJ2-1,ASSLVQDAHNEQF,1
TRBV7-9,TRBJ2-1,ASSLVQDAHTEQF,1
TRBV7-9,TRBJ2-1,ASSLVQDANNAQF,1
TRBV7-9,TRBJ2-1,ASSLVQDAQNEQF,1
TRBV7-9,TRBJ2-1,ASSLVQDAQNNQF,1
TRBV7-9,TRBJ2-1,ASSLVQDASNEQF,5
TRBV7-9,TRBJ2-1,ASSLVQDAYDEQF,2
TRBV7-9,TRBJ2-1,ASSLVQDAYHAQF,1
TRBV7-9,TRBJ2-1,ASSLVQDAYHDQF,1
TRBV7-9,TRBJ2-1,ASSLVQDAYHEQC,1
TRBV7-9,TRBJ2-1,ASSLVQDAYHEQF,2
TRBV7-9,TRBJ2-1,ASSLVQDAYHEQL,1
TRBV7-9,TRBJ2-1,ASSLVQDAYIDQF,1
TRBV7-9,TRBJ2-1,ASSLVQDAYIEQF,1
TRBV7-9,TRBJ2-1,ASSLVQDAYKEQF,7
TRBV7-9,TRBJ2-1,ASSLVQDAYKEQL,1
TRBV7-9,TRBJ2-1,ASSLVQDAYKEQV,1
TRBV7-9,TRBJ2-1,ASSLVQDAYKEQW,1
TRBV7-9,TRBJ2-1,ASSLVQDAYNAQF,5
TRBV7-9,TRBJ2-1,ASSLVQDAYNDKF,1
TRBV7-9,TRBJ2-1,ASSLVQDAYNDQC,1
TRBV7-9,TRBJ2-1,ASSLVQDAYNDQF,17
TRBV7-9,TRBJ2-1,ASSLVQDAYNDQV,3
TRBV7-9,TRBJ2-1,ASSLVQDAYNEEV,1
TRBV7-9,TRBJ2-1,ASSLVQDAYNEHF,11
TRBV7-9,TRBJ2-1,ASSLVQDAYNEHV,2
TRBV7-9,TRBJ2-1,ASSLVQDAYNEKC,1
TRBV7-9,TRBJ2-1,ASSLVQDAYNEKF,7
TRBV7-9,TRBJ2-1,ASSLVQDAYNEKG,1
TRBV7-9,TRBJ2-1,ASSLVQDAYNEKV,1
TRBV7-9,TRBJ2-1,ASSLVQDAYNENV,1
TRBV7-9,TRBJ2-1,ASSLVQDAYNEPF,3
TRBV7-9,TRBJ2-1,ASSLVQDAYNEQC,6
TRBV7-9,TRBJ2-1,ASSLVQDAYNEQF,254
TRBV7-9,TRBJ2-1,ASSLVQDAYNEQL,3
TRBV7-9,TRBJ2-1,ASSLVQDAYNEQS,1
TRBV7-9,TRBJ2-1,ASSLVQDAYNEQV,9
TRBV7-9,TRBJ2-1,ASSLVQDAYNEQY,2
TRBV7-9,TRBJ2-1,ASSLVQDAYNETF,1
TRBV7-9,TRBJ2-1,ASSLVQDAYNGQF,1
TRBV7-9,TRBJ2-1,ASSLVQDAYNGTV,1
TRBV7-9,TRBJ2-1,ASSLVQDAYNHKF,1
TRBV7-9,TRBJ2-1,ASSLVQDAYNKHF,1
TRBV7-9,TRBJ2-1,ASSLVQDAYNKKL,1
TRBV7-9,TRBJ2-1,ASSLVQDAYNKQF,6
TRBV7-9,TRBJ2-1,ASSLVQDAYNKQV,2
TRBV7-9,TRBJ2-1,ASSLVQDAYNMQF,1
TRBV7-9,TRBJ2-1,ASSLVQDAYNNQF,1
TRBV7-9,TRBJ2-1,ASSLVQDAYNVKF,1
TRBV7-9,TRBJ2-1,ASSLVQDAYNVQF,7
TRBV7-9,TRBJ2-1,ASSLVQDAYNYHF,1
TRBV7-9,TRBJ2-1,ASSLVQDAYQEQY,1
TRBV7-9,TRBJ2-1,ASSLVQDAYSEQF,1
TRBV7-9,TRBJ2-1,ASSLVQDAYTEQF,3
TRBV7-9,TRBJ2-1,ASSLVQDAYTEQY,1
TRBV7-9,TRBJ2-1,ASSLVQDAYYEQF,2
TRBV7-9,TRBJ2-1,ASSLVQDDYNEHF,1
TRBV7-9,TRBJ2-1,ASSLVQDDYNEQF,4
TRBV7-9,TRBJ2-1,ASSLVQDEQF,10
TRBV7-9,TRBJ2-1,ASSLVQDGFNEQF,1
TRBV7-9,TRBJ2-1,ASSLVQDGSEQF,1
TRBV7-9,TRBJ2-1,ASSLVQDGYNEQF,1
TRBV7-9,TRBJ2-1,ASSLVQDNEQF,6
TRBV7-9,TRBJ2-1,ASSLVQDPYKEHF,1
TRBV7-9,TRBJ2-1,ASSLVQDPYNEHF,1
TRBV7-9,TRBJ2-1,ASSLVQDPYNEQF,1
TRBV7-9,TRBJ2-1,ASSLVQDRFFFYNEQF,1
TRBV7-9,TRBJ2-1,ASSLVQDRGFFNEQF,1
TRBV7-9,TRBJ2-1,ASSLVQDRGFGNEQF,1
TRBV7-9,TRBJ2-1,ASSLVQDSDNEQF,1
TRBV7-9,TRBJ2-1,ASSLVQDSHNEQF,1
TRBV7-9,TRBJ2-1,ASSLVQDSYNAQF,1
TRBV7-9,TRBJ2-1,ASSLVQDSYNDQF,2
TRBV7-9,TRBJ2-1,ASSLVQDSYNEHF,1
TRBV7-9,TRBJ2-1,ASSLVQDSYNEMV,1
TRBV7-9,TRBJ2-1,ASSLVQDSYNEPF,2
TRBV7-9,TRBJ2-1,ASSLVQDSYNEQF,18
TRBV7-9,TRBJ2-1,ASSLVQDSYNEQV,2
TRBV7-9,TRBJ2-1,ASSLVQDSYNETF,1
TRBV7-9,TRBJ2-1,ASSLVQDSYNVQF,1
TRBV7-9,TRBJ2-1,ASSLVQDSYTEQF,1
TRBV7-9,TRBJ2-1,ASSLVQDTDNEQF,1
TRBV7-9,TRBJ2-1,ASSLVQDTYNEQF,4
TRBV7-9,TRBJ2-1,ASSLVQDTYNKNF,1
TRBV7-9,TRBJ2-1,ASSLVQDVETEQF,1
TRBV7-9,TRBJ2-1,ASSLVQDVYNEQF,3
TRBV7-9,TRBJ2-1,ASSLVQDVYNEQV,2
TRBV7-9,TRBJ2-1,ASSLVQDYYNDQF,1
TRBV7-9,TRBJ2-1,ASSLVQEAAKEQF,1
TRBV7-9,TRBJ2-1,ASSLVQEAANEQF,2
TRBV7-9,TRBJ2-1,ASSLVQEAANEYF,1
TRBV7-9,TRBJ2-1,ASSLVQEACHEQF,1
TRBV7-9,TRBJ2-1,ASSLVQEACKEQF,1
TRBV7-9,TRBJ2-1,ASSLVQEACKGQF,2
TRBV7-9,TRBJ2-1,ASSLVQEACNDQY,1
TRBV7-9,TRBJ2-1,ASSLVQEACNEQF,7
TRBV7-9,TRBJ2-1,ASSLVQEACNERF,1
TRBV7-9,TRBJ2-1,ASSLVQEADDEEF,1
TRBV7-9,TRBJ2-1,ASSLVQEADDEQF,1
TRBV7-9,TRBJ2-1,ASSLVQEADIEQF,1
TRBV7-9,TRBJ2-1,ASSLVQEADKEQC,2
TRBV7-9,TRBJ2-1,ASSLVQEADKEQF,10
TRBV7-9,TRBJ2-1,ASSLVQEADNAHF,1
TRBV7-9,TRBJ2-1,ASSLVQEADNALF,1
TRBV7-9,TRBJ2-1,ASSLVQEADNAPF,1
TRBV7-9,TRBJ2-1,ASSLVQEADNAQF,1
TRBV7-9,TRBJ2-1,ASSLVQEADNDQF,2
TRBV7-9,TRBJ2-1,ASSLVQEADNEAF,1
TRBV7-9,TRBJ2-1,ASSLVQEADNEEF,1
TRBV7-9,TRBJ2-1,ASSLVQEADNEHF,3
TRBV7-9,TRBJ2-1,ASSLVQEADNEHG,1
TRBV7-9,TRBJ2-1,ASSLVQEADNEKF,3
TRBV7-9,TRBJ2-1,ASSLVQEADNEPF,2
TRBV7-9,TRBJ2-1,ASSLVQEADNEQA,1
TRBV7-9,TRBJ2-1,ASSLVQEADNEQC,4
TRBV7-9,TRBJ2-1,ASSLVQEADNEQF,106
TRBV7-9,TRBJ2-1,ASSLVQEADNEQL,5
TRBV7-9,TRBJ2-1,ASSLVQEADNEQV,2
TRBV7-9,TRBJ2-1,ASSLVQEADNEQY,2
TRBV7-9,TRBJ2-1,ASSLVQEADNERF,2
TRBV7-9,TRBJ2-1,ASSLVQEADNGQF,2
TRBV7-9,TRBJ2-1,ASSLVQEADNGQV,1
TRBV7-9,TRBJ2-1,ASSLVQEADNYQF,2
TRBV7-9,TRBJ2-1,ASSLVQEADTEQF,1
TRBV7-9,TRBJ2-1,ASSLVQEAEHEKF,1
TRBV7-9,TRBJ2-1,ASSLVQEAENEHF,1
TRBV7-9,TRBJ2-1,ASSLVQEAENEQF,7
TRBV7-9,TRBJ2-1,ASSLVQEAENEQV,2
TRBV7-9,TRBJ2-1,ASSLVQEAENVYF,1
TRBV7-9,TRBJ2-1,ASSLVQEAEQEQF,1
TRBV7-9,TRBJ2-1,ASSLVQEAEQF,3
TRBV7-9,TRBJ2-1,ASSLVQEAETEAF,1
TRBV7-9,TRBJ2-1,ASSLVQEAFNEQF,5
TRBV7-9,TRBJ2-1,ASSLVQEAHIEQC,1
TRBV7-9,TRBJ2-1,ASSLVQEAHNAQF,1
TRBV7-9,TRBJ2-1,ASSLVQEAHNDQF,2
TRBV7-9,TRBJ2-1,ASSLVQEAHNEKF,1
TRBV7-9,TRBJ2-1,ASSLVQEAHNEQC,1
TRBV7-9,TRBJ2-1,ASSLVQEAHNEQF,16
TRBV7-9,TRBJ2-1,ASSLVQEAHNEQL,1
TRBV7-9,TRBJ2-1,ASSLVQEAHNEQS,1
TRBV7-9,TRBJ2-1,ASSLVQEAHNEQV,1
TRBV7-9,TRBJ2-1,ASSLVQEAHNTQF,1
TRBV7-9,TRBJ2-1,ASSLVQEAHNVQF,1
TRBV7-9,TRBJ2-1,ASSLVQEAHTAQL,1
TRBV7-9,TRBJ2-1,ASSLVQEAHTEPF,1
TRBV7-9,TRBJ2-1,ASSLVQEAHTEQF,1
TRBV7-9,TRBJ2-1,ASSLVQEAKIEQF,1
TRBV7-9,TRBJ2-1,ASSLVQEAKIKRF,1
TRBV7-9,TRBJ2-1,ASSLVQEAKKEHF,1
TRBV7-9,TRBJ2-1,ASSLVQEAKKEKF,1
TRBV7-9,TRBJ2-1,ASSLVQEAKKEQF,4
TRBV7-9,TRBJ2-1,ASSLVQEAKKERF,1
TRBV7-9,TRBJ2-1,ASSLVQEAKKGHF,1
TRBV7-9,TRBJ2-1,ASSLVQEAKKGQF,1
TRBV7-9,TRBJ2-1,ASSLVQEAKNDQF,1
TRBV7-9,TRBJ2-1,ASSLVQEAKNEHF,4
TRBV7-9,TRBJ2-1,ASSLVQEAKNELF,1
TRBV7-9,TRBJ2-1,ASSLVQEAKNEQF,19
TRBV7-9,TRBJ2-1,ASSLVQEAKNEQS,1
TRBV7-9,TRBJ2-1,ASSLVQEAKNERF,2
TRBV7-9,TRBJ2-1,ASSLVQEAKNKQF,1
TRBV7-9,TRBJ2-1,ASSLVQEAKNNQF,1
TRBV7-9,TRBJ2-1,ASSLVQEALNEKF,1
TRBV7-9,TRBJ2-1,ASSLVQEALNEQC,1
TRBV7-9,TRBJ2-1,ASSLVQEALNKRF,1
TRBV7-9,TRBJ2-1,ASSLVQEANKEKF,1
TRBV7-9,TRBJ2-1,ASSLVQEANKEQF,4
TRBV7-9,TRBJ2-1,ASSLVQEANKEQP,1
TRBV7-9,TRBJ2-1,ASSLVQEANNDQF,1
TRBV7-9,TRBJ2-1,ASSLVQEANNEHF,1
TRBV7-9,TRBJ2-1,ASSLVQEANNEHS,1
TRBV7-9,TRBJ2-1,ASSLVQEANNEKY,1
TRBV7-9,TRBJ2-1,ASSLVQEANNEQF,26
TRBV7-9,TRBJ2-1,ASSLVQEANNEQS,1
TRBV7-9,TRBJ2-1,ASSLVQEANNERF,2
TRBV7-9,TRBJ2-1,ASSLVQEANNGQF,2
TRBV7-9,TRBJ2-1,ASSLVQEANNKQF,2
TRBV7-9,TRBJ2-1,ASSLVQEANNQQF,1
TRBV7-9,TRBJ2-1,ASSLVQEANNVEF,1
TRBV7-9,TRBJ2-1,ASSLVQEANNVQF,2
TRBV7-9,TRBJ2-1,ASSLVQEANTEQF,1
TRBV7-9,TRBJ2-1,ASSLVQEAPHDQF,1
TRBV7-9,TRBJ2-1,ASSLVQEAQLEQF,1
TRBV7-9,TRBJ2-1,ASSLVQEAQNEQF,3
TRBV7-9,TRBJ2-1,ASSLVQEAQNEQV,1
TRBV7-9,TRBJ2-1,ASSLVQEASDEQF,2
TRBV7-9,TRBJ2-1,ASSLVQEASEEQF,1
TRBV7-9,TRBJ2-1,ASSLVQEASHEQC,1
TRBV7-9,TRBJ2-1,ASSLVQEASHEQF,1
TRBV7-9,TRBJ2-1,ASSLVQEASIERF,1
TRBV7-9,TRBJ2-1,ASSLVQEASKDQF,1
TRBV7-9,TRBJ2-1,ASSLVQEASKEKF,1
TRBV7-9,TRBJ2-1,ASSLVQEASKEQF,1
TRBV7-9,TRBJ2-1,ASSLVQEASKEQL,1
TRBV7-9,TRBJ2-1,ASSLVQEASNAKL,1
TRBV7-9,TRBJ2-1,ASSLVQEASNAQF,1
TRBV7-9,TRBJ2-1,ASSLVQEASNEEL,1
TRBV7-9,TRBJ2-1,ASSLVQEASNEHF,1
TRBV7-9,TRBJ2-1,ASSLVQEASNEHV,1
TRBV7-9,TRBJ2-1,ASSLVQEASNEKL,1
TRBV7-9,TRBJ2-1,ASSLVQEASNEQC,1
TRBV7-9,TRBJ2-1,ASSLVQEASNEQF,45
TRBV7-9,TRBJ2-1,ASSLVQEASNEQS,1
TRBV7-9,TRBJ2-1,ASSLVQEASNEQV,1
TRBV7-9,TRBJ2-1,ASSLVQEASNEQY,2
TRBV7-9,TRBJ2-1,ASSLVQEASNERF,1
TRBV7-9,TRBJ2-1,ASSLVQEASNEYF,1
TRBV7-9,TRBJ2-1,ASSLVQEASNRQF,1
TRBV7-9,TRBJ2-1,ASSLVQEASNVQS,1
TRBV7-9,TRBJ2-1,ASSLVQEASNYQF,1
TRBV7-9,TRBJ2-1,ASSLVQEASSDQF,1
TRBV7-9,TRBJ2-1,ASSLVQEASTEQF,1
TRBV7-9,TRBJ2-1,ASSLVQEAYDAQF,1
TRBV7-9,TRBJ2-1,ASSLVQEAYDDQF,2
TRBV7-9,TRBJ2-1,ASSLVQEAYDEHF,1
TRBV7-9,TRBJ2-1,ASSLVQEAYDEHI,1
TRBV7-9,TRBJ2-1,ASSLVQEAYDEKV,1
TRBV7-9,TRBJ2-1,ASSLVQEAYDEQF,26
TRBV7-9,TRBJ2-1,ASSLVQEAYHAPF,1
TRBV7-9,TRBJ2-1,ASSLVQEAYHAQC,1
TRBV7-9,TRBJ2-1,ASSLVQEAYHAQF,3
TRBV7-9,TRBJ2-1,ASSLVQEAYHAQV,1
TRBV7-9,TRBJ2-1,ASSLVQEAYHDQF,1
TRBV7-9,TRBJ2-1,ASSLVQEAYHDQL,1
TRBV7-9,TRBJ2-1,ASSLVQEAYHEEF,1
TRBV7-9,TRBJ2-1,ASSLVQEAYHEHF,2
TRBV7-9,TRBJ2-1,ASSLVQEAYHEKF,1
TRBV7-9,TRBJ2-1,ASSLVQEAYHEKS,1
TRBV7-9,TRBJ2-1,ASSLVQEAYHEPF,4
TRBV7-9,TRBJ2-1,ASSLVQEAYHEQC,1
TRBV7-9,TRBJ2-1,ASSLVQEAYHEQF,76
TRBV7-9,TRBJ2-1,ASSLVQEAYHEQL,1
TRBV7-9,TRBJ2-1,ASSLVQEAYHEQV,4
TRBV7-9,TRBJ2-1,ASSLVQEAYHERF,1
TRBV7-9,TRBJ2-1,ASSLVQEAYHGQF,1
TRBV7-9,TRBJ2-1,ASSLVQEAYHKQF,1
TRBV7-9,TRBJ2-1,ASSLVQEAYHWQF,1
TRBV7-9,TRBJ2-1,ASSLVQEAYIDQF,1
TRBV7-9,TRBJ2-1,ASSLVQEAYIEHV,1
TRBV7-9,TRBJ2-1,ASSLVQEAYIEKF,1
TRBV7-9,TRBJ2-1,ASSLVQEAYIEPF,2
TRBV7-9,TRBJ2-1,ASSLVQEAYIEQF,13
TRBV7-9,TRBJ2-1,ASSLVQEAYIEQS,1
TRBV7-9,TRBJ2-1,ASSLVQEAYIEQV,1
TRBV7-9,TRBJ2-1,ASSLVQEAYIGQF,1
TRBV7-9,TRBJ2-1,ASSLVQEAYIKQV,1
TRBV7-9,TRBJ2-1,ASSLVQEAYIQQF,1
TRBV7-9,TRBJ2-1,ASSLVQEAYITLC,1
TRBV7-9,TRBJ2-1,ASSLVQEAYKAQF,3
TRBV7-9,TRBJ2-1,ASSLVQEAYKDQF,1
TRBV7-9,TRBJ2-1,ASSLVQEAYKEEF,1
TRBV7-9,TRBJ2-1,ASSLVQEAYKEHC,1
TRBV7-9,TRBJ2-1,ASSLVQEAYKEHF,4
TRBV7-9,TRBJ2-1,ASSLVQEAYKEHI,1
TRBV7-9,TRBJ2-1,ASSLVQEAYKEKF,3
TRBV7-9,TRBJ2-1,ASSLVQEAYKEKI,1
TRBV7-9,TRBJ2-1,ASSLVQEAYKENF,2
TRBV7-9,TRBJ2-1,ASSLVQEAYKEQC,2
TRBV7-9,TRBJ2-1,ASSLVQEAYKEQF,128
TRBV7-9,TRBJ2-1,ASSLVQEAYKEQI,1
TRBV7-9,TRBJ2-1,ASSLVQEAYKEQL,1
TRBV7-9,TRBJ2-1,ASSLVQEAYKEQS,2
TRBV7-9,TRBJ2-1,ASSLVQEAYKEQV,2
TRBV7-9,TRBJ2-1,ASSLVQEAYKERC,1
TRBV7-9,TRBJ2-1,ASSLVQEAYKERF,3
TRBV7-9,TRBJ2-1,ASSLVQEAYKERS,1
TRBV7-9,TRBJ2-1,ASSLVQEAYKGQF,8
TRBV7-9,TRBJ2-1,ASSLVQEAYKGRF,1
TRBV7-9,TRBJ2-1,ASSLVQEAYKKQF,1
TRBV7-9,TRBJ2-1,ASSLVQEAYKMQF,1
TRBV7-9,TRBJ2-1,ASSLVQEAYKQQF,1
TRBV7-9,TRBJ2-1,ASSLVQEAYKVQF,1
TRBV7-9,TRBJ2-1,ASSLVQEAYKVSF,1
TRBV7-9,TRBJ2-1,ASSLVQEAYLEQF,1
TRBV7-9,TRBJ2-1,ASSLVQEAYMEQF,1
TRBV7-9,TRBJ2-1,ASSLVQEAYNAHF,4
TRBV7-9,TRBJ2-1,ASSLVQEAYNAHV,1
TRBV7-9,TRBJ2-1,ASSLVQEAYNAKF,3
TRBV7-9,TRBJ2-1,ASSLVQEAYNALF,1
TRBV7-9,TRBJ2-1,ASSLVQEAYNAPF,5
TRBV7-9,TRBJ2-1,ASSLVQEAYNAQC,1
TRBV7-9,TRBJ2-1,ASSLVQEAYNAQF,94
TRBV7-9,TRBJ2-1,ASSLVQEAYNAQL,2
TRBV7-9,TRBJ2-1,ASSLVQEAYNAQV,4
TRBV7-9,TRBJ2-1,ASSLVQEAYNARF,1
TRBV7-9,TRBJ2-1,ASSLVQEAYNDEF,1
TRBV7-9,TRBJ2-1,ASSLVQEAYNDHF,6
TRBV7-9,TRBJ2-1,ASSLVQEAYNDHV,1
TRBV7-9,TRBJ2-1,ASSLVQEAYNDKF,6
TRBV7-9,TRBJ2-1,ASSLVQEAYNDLF,1
TRBV7-9,TRBJ2-1,ASSLVQEAYNDPF,2
TRBV7-9,TRBJ2-1,ASSLVQEAYNDQC,4
TRBV7-9,TRBJ2-1,ASSLVQEAYNDQF,184
TRBV7-9,TRBJ2-1,ASSLVQEAYNDQL,3
TRBV7-9,TRBJ2-1,ASSLVQEAYNDQV,12
TRBV7-9,TRBJ2-1,ASSLVQEAYNEEC,1
TRBV7-9,TRBJ2-1,ASSLVQEAYNEEF,17
TRBV7-9,TRBJ2-1,ASSLVQEAYNEEL,1
TRBV7-9,TRBJ2-1,ASSLVQEAYNEEV,3
TRBV7-9,TRBJ2-1,ASSLVQEAYNEHA,1
TRBV7-9,TRBJ2-1,ASSLVQEAYNEHC,7
TRBV7-9,TRBJ2-1,ASSLVQEAYNEHF,165
TRBV7-9,TRBJ2-1,ASSLVQEAYNEHL,1
TRBV7-9,TRBJ2-1,ASSLVQEAYNEHS,5
TRBV7-9,TRBJ2-1,ASSLVQEAYNEHV,11
TRBV7-9,TRBJ2-1,ASSLVQEAYNEKC,1
TRBV7-9,TRBJ2-1,ASSLVQEAYNEKF,131
TRBV7-9,TRBJ2-1,ASSLVQEAYNEKS,1
TRBV7-9,TRBJ2-1,ASSLVQEAYNEKV,4
TRBV7-9,TRBJ2-1,ASSLVQEAYNELF,16
TRBV7-9,TRBJ2-1,ASSLVQEAYNENF,8
TRBV7-9,TRBJ2-1,ASSLVQEAYNENV,1
TRBV7-9,TRBJ2-1,ASSLVQEAYNEPF,43
TRBV7-9,TRBJ2-1,ASSLVQEAYNEPL,1
TRBV7-9,TRBJ2-1,ASSLVQEAYNEPV,6
TRBV7-9,TRBJ2-1,ASSLVQEAYNEQA,2
TRBV7-9,TRBJ2-1,ASSLVQEAYNEQC,126
TRBV7-9,TRBJ2-1,ASSLVQEAYNEQF,7393
TRBV7-9,TRBJ2-1,ASSLVQEAYNEQG,1
TRBV7-9,TRBJ2-1,ASSLVQEAYNEQI,10
TRBV7-9,TRBJ2-1,ASSLVQEAYNEQL,80
TRBV7-9,TRBJ2-1,ASSLVQEAYNEQM,1
TRBV7-9,TRBJ2-1,ASSLVQEAYNEQS,32
TRBV7-9,TRBJ2-1,ASSLVQEAYNEQV,173
TRBV7-9,TRBJ2-1,ASSLVQEAYNEQW,2
TRBV7-9,TRBJ2-1,ASSLVQEAYNEQY,18
TRBV7-9,TRBJ2-1,ASSLVQEAYNERC,1
TRBV7-9,TRBJ2-1,ASSLVQEAYNERF,22
TRBV7-9,TRBJ2-1,ASSLVQEAYNERS,1
TRBV7-9,TRBJ2-1,ASSLVQEAYNERV,1
TRBV7-9,TRBJ2-1,ASSLVQEAYNESF,1
TRBV7-9,TRBJ2-1,ASSLVQEAYNETF,4
TRBV7-9,TRBJ2-1,ASSLVQEAYNEVF,1
TRBV7-9,TRBJ2-1,ASSLVQEAYNGEF,4
TRBV7-9,TRBJ2-1,ASSLVQEAYNGEL,1
TRBV7-9,TRBJ2-1,ASSLVQEAYNGHF,3
TRBV7-9,TRBJ2-1,ASSLVQEAYNGQC,1
TRBV7-9,TRBJ2-1,ASSLVQEAYNGQF,53
TRBV7-9,TRBJ2-1,ASSLVQEAYNGQI,2
TRBV7-9,TRBJ2-1,ASSLVQEAYNGRF,1
TRBV7-9,TRBJ2-1,ASSLVQEAYNGRS,1
TRBV7-9,TRBJ2-1,ASSLVQEAYNGSF,2
TRBV7-9,TRBJ2-1,ASSLVQEAYNGWC,1
TRBV7-9,TRBJ2-1,ASSLVQEAYNGWF,1
TRBV7-9,TRBJ2-1,ASSLVQEAYNHQF,1
TRBV7-9,TRBJ2-1,ASSLVQEAYNKHF,6
TRBV7-9,TRBJ2-1,ASSLVQEAYNKHV,1
TRBV7-9,TRBJ2-1,ASSLVQEAYNKKF,3
TRBV7-9,TRBJ2-1,ASSLVQEAYNKPF,2
TRBV7-9,TRBJ2-1,ASSLVQEAYNKQC,1
TRBV7-9,TRBJ2-1,ASSLVQEAYNKQF,68
TRBV7-9,TRBJ2-1,ASSLVQEAYNKQV,9
TRBV7-9,TRBJ2-1,ASSLVQEAYNLKF,1
TRBV7-9,TRBJ2-1,ASSLVQEAYNLQF,1
TRBV7-9,TRBJ2-1,ASSLVQEAYNMQF,1
TRBV7-9,TRBJ2-1,ASSLVQEAYNNQF,1
TRBV7-9,TRBJ2-1,ASSLVQEAYNNQN,1
TRBV7-9,TRBJ2-1,ASSLVQEAYNQAF,1
TRBV7-9,TRBJ2-1,ASSLVQEAYNQPF,1
TRBV7-9,TRBJ2-1,ASSLVQEAYNQQF,18
TRBV7-9,TRBJ2-1,ASSLVQEAYNQQL,1
TRBV7-9,TRBJ2-1,ASSLVQEAYNQQY,1
TRBV7-9,TRBJ2-1,ASSLVQEAYNRKF,1
TRBV7-9,TRBJ2-1,ASSLVQEAYNSQF,2
TRBV7-9,TRBJ2-1,ASSLVQEAYNTQF,3
TRBV7-9,TRBJ2-1,ASSLVQEAYNVHV,1
TRBV7-9,TRBJ2-1,ASSLVQEAYNVKF,3
TRBV7-9,TRBJ2-1,ASSLVQEAYNVPF,2
TRBV7-9,TRBJ2-1,ASSLVQEAYNVQF,60
TRBV7-9,TRBJ2-1,ASSLVQEAYNVQL,3
TRBV7-9,TRBJ2-1,ASSLVQEAYNVQS,1
TRBV7-9,TRBJ2-1,ASSLVQEAYNVQV,2
TRBV7-9,TRBJ2-1,ASSLVQEAYNVRF,1
TRBV7-9,TRBJ2-1,ASSLVQEAYNVTF,1
TRBV7-9,TRBJ2-1,ASSLVQEAYNYQF,10
TRBV7-9,TRBJ2-1,ASSLVQEAYQEQF,2
TRBV7-9,TRBJ2-1,ASSLVQEAYQQQL,1
TRBV7-9,TRBJ2-1,ASSLVQEAYSDQF,1
TRBV7-9,TRBJ2-1,ASSLVQEAYSEPF,1
TRBV7-9,TRBJ2-1,ASSLVQEAYSEQF,23
TRBV7-9,TRBJ2-1,ASSLVQEAYSEQL,1
TRBV7-9,TRBJ2-1,ASSLVQEAYSEQS,1
TRBV7-9,TRBJ2-1,ASSLVQEAYSGQF,1
TRBV7-9,TRBJ2-1,ASSLVQEAYSKHF,1
TRBV7-9,TRBJ2-1,ASSLVQEAYSRQF,1
TRBV7-9,TRBJ2-1,ASSLVQEAYTAPF,1
TRBV7-9,TRBJ2-1,ASSLVQEAYTAQF,1
TRBV7-9,TRBJ2-1,ASSLVQEAYTDPF,1
TRBV7-9,TRBJ2-1,ASSLVQEAYTDQF,2
TRBV7-9,TRBJ2-1,ASSLVQEAYTEHF,3
TRBV7-9,TRBJ2-1,ASSLVQEAYTEKF,1
TRBV7-9,TRBJ2-1,ASSLVQEAYTEPF,1
TRBV7-9,TRBJ2-1,ASSLVQEAYTEQC,3
TRBV7-9,TRBJ2-1,ASSLVQEAYTEQF,59
TRBV7-9,TRBJ2-1,ASSLVQEAYTEQL,3
TRBV7-9,TRBJ2-1,ASSLVQEAYTEQV,2
TRBV7-9,TRBJ2-1,ASSLVQEAYTGQF,1
TRBV7-9,TRBJ2-1,ASSLVQEAYTQQF,1
TRBV7-9,TRBJ2-1,ASSLVQEAYTVHV,1
TRBV7-9,TRBJ2-1,ASSLVQEAYYDHF,1
TRBV7-9,TRBJ2-1,ASSLVQEAYYDQF,2
TRBV7-9,TRBJ2-1,ASSLVQEAYYEKF,1
TRBV7-9,TRBJ2-1,ASSLVQEAYYEQF,17
TRBV7-9,TRBJ2-1,ASSLVQEAYYEQV,2
TRBV7-9,TRBJ2-1,ASSLVQEAYYEQY,1
TRBV7-9,TRBJ2-1,ASSLVQECHNEQF,1
TRBV7-9,TRBJ2-1,ASSLVQECYNEPF,1
TRBV7-9,TRBJ2-1,ASSLVQECYNEQF,1
TRBV7-9,TRBJ2-1,ASSLVQEDDNEQF,1
TRBV7-9,TRBJ2-1,ASSLVQEDNNEQF,1
TRBV7-9,TRBJ2-1,ASSLVQEDSNEPF,1
TRBV7-9,TRBJ2-1,ASSLVQEDSNEQF,1
TRBV7-9,TRBJ2-1,ASSLVQEDYDEQF,2
TRBV7-9,TRBJ2-1,ASSLVQEDYHEQF,1
TRBV7-9,TRBJ2-1,ASSLVQEDYKEKF,1
TRBV7-9,TRBJ2-1,ASSLVQEDYKEQL,1
TRBV7-9,TRBJ2-1,ASSLVQEDYNAQF,4
TRBV7-9,TRBJ2-1,ASSLVQEDYNDQF,3
TRBV7-9,TRBJ2-1,ASSLVQEDYNEEF,2
TRBV7-9,TRBJ2-1,ASSLVQEDYNEHF,2
TRBV7-9,TRBJ2-1,ASSLVQEDYNEKF,5
TRBV7-9,TRBJ2-1,ASSLVQEDYNELF,1
TRBV7-9,TRBJ2-1,ASSLVQEDYNEPF,1
TRBV7-9,TRBJ2-1,ASSLVQEDYNEQC,1
TRBV7-9,TRBJ2-1,ASSLVQEDYNEQF,109
TRBV7-9,TRBJ2-1,ASSLVQEDYNEQL,6
TRBV7-9,TRBJ2-1,ASSLVQEDYNEQV,2
TRBV7-9,TRBJ2-1,ASSLVQEDYNEQY,1
TRBV7-9,TRBJ2-1,ASSLVQEDYNERF,1
TRBV7-9,TRBJ2-1,ASSLVQEDYNGQF,2
TRBV7-9,TRBJ2-1,ASSLVQEDYNKQF,1
TRBV7-9,TRBJ2-1,ASSLVQEDYNVQF,1
TRBV7-9,TRBJ2-1,ASSLVQEDYTAQF,1
TRBV7-9,TRBJ2-1,ASSLVQEDYTAQL,1
TRBV7-9,TRBJ2-1,ASSLVQEDYTEQF,1
TRBV7-9,TRBJ2-1,ASSLVQEDYYEQF,1
TRBV7-9,TRBJ2-1,ASSLVQEEQF,4
TRBV7-9,TRBJ2-1,ASSLVQEESNEQF,1
TRBV7-9,TRBJ2-1,ASSLVQEEYNDKF,1
TRBV7-9,TRBJ2-1,ASSLVQEEYNEAF,1
TRBV7-9,TRBJ2-1,ASSLVQEEYNEQF,5
TRBV7-9,TRBJ2-1,ASSLVQEEYNVQF,1
TRBV7-9,TRBJ2-1,ASSLVQEFDNEHC,1
TRBV7-9,TRBJ2-1,ASSLVQEFYNEPF,2
TRBV7-9,TRBJ2-1,ASSLVQEFYNEQF,6
TRBV7-9,TRBJ2-1,ASSLVQEGANEQF,1
TRBV7-9,TRBJ2-1,ASSLVQEGDNEQF,3
TRBV7-9,TRBJ2-1,ASSLVQEGDNGQG,1
TRBV7-9,TRBJ2-1,ASSLVQEGDSEQF,1
TRBV7-9,TRBJ2-1,ASSLVQEGF,6
TRBV7-9,TRBJ2-1,ASSLVQEGNEQF,1
TRBV7-9,TRBJ2-1,ASSLVQEGSNEQF,3
TRBV7-9,TRBJ2-1,ASSLVQEGYKARC,1
TRBV7-9,TRBJ2-1,ASSLVQEGYKEQF,1
TRBV7-9,TRBJ2-1,ASSLVQEGYKEQY,1
TRBV7-9,TRBJ2-1,ASSLVQEGYNEEF,2
TRBV7-9,TRBJ2-1,ASSLVQEGYNEHF,2
TRBV7-9,TRBJ2-1,ASSLVQEGYNEHV,1
TRBV7-9,TRBJ2-1,ASSLVQEGYNEKF,1
TRBV7-9,TRBJ2-1,ASSLVQEGYNEPF,1
TRBV7-9,TRBJ2-1,ASSLVQEGYNEQF,32
TRBV7-9,TRBJ2-1,ASSLVQEGYNEQS,2
TRBV7-9,TRBJ2-1,ASSLVQEGYNEQV,1
TRBV7-9,TRBJ2-1,ASSLVQEGYNGQF,2
TRBV7-9,TRBJ2-1,ASSLVQEGYNKQF,1
TRBV7-9,TRBJ2-1,ASSLVQEGYNVQF,1
TRBV7-9,TRBJ2-1,ASSLVQEGYTEQF,1
TRBV7-9,TRBJ2-1,ASSLVQEHEQF,10
TRBV7-9,TRBJ2-1,ASSLVQEHYNEQF,1
TRBV7-9,TRBJ2-1,ASSLVQEKKQF,1
TRBV7-9,TRBJ2-1,ASSLVQELYNDHF,1
TRBV7-9,TRBJ2-1,ASSLVQELYNEQF,2
TRBV7-9,TRBJ2-1,ASSLVQENSKEQF,1
TRBV7-9,TRBJ2-1,ASSLVQENYHEKF,1
TRBV7-9,TRBJ2-1,ASSLVQENYNEQF,1
TRBV7-9,TRBJ2-1,ASSLVQEPCNEQF,1
TRBV7-9,TRBJ2-1,ASSLVQEPDNEQF,1
TRBV7-9,TRBJ2-1,ASSLVQEPKKEQF,1
TRBV7-9,TRBJ2-1,ASSLVQEPKNEHF,1
TRBV7-9,TRBJ2-1,ASSLVQEPKNELF,1
TRBV7-9,TRBJ2-1,ASSLVQEPKNEQF,2
TRBV7-9,TRBJ2-1,ASSLVQEPKNGLF,1
TRBV7-9,TRBJ2-1,ASSLVQEPLYNEQF,1
TRBV7-9,TRBJ2-1,ASSLVQEPNNDQF,1
TRBV7-9,TRBJ2-1,ASSLVQEPNNEHF,1
TRBV7-9,TRBJ2-1,ASSLVQEPQNELF,1
TRBV7-9,TRBJ2-1,ASSLVQEPSNEQF,1
TRBV7-9,TRBJ2-1,ASSLVQEPTNEHF,1
TRBV7-9,TRBJ2-1,ASSLVQEPYKEQF,1
TRBV7-9,TRBJ2-1,ASSLVQEPYKGQF,1
TRBV7-9,TRBJ2-1,ASSLVQEPYNAQF,1
TRBV7-9,TRBJ2-1,ASSLVQEPYNDQF,1
TRBV7-9,TRBJ2-1,ASSLVQEPYNDQY,1
TRBV7-9,TRBJ2-1,ASSLVQEPYNEHF,5
TRBV7-9,TRBJ2-1,ASSLVQEPYNEKF,1
TRBV7-9,TRBJ2-1,ASSLVQEPYNEQF,15
TRBV7-9,TRBJ2-1,ASSLVQEPYNEQI,1
TRBV7-9,TRBJ2-1,ASSLVQEPYNEQS,1
TRBV7-9,TRBJ2-1,ASSLVQEPYNERF,1
TRBV7-9,TRBJ2-1,ASSLVQEPYNGKF,1
TRBV7-9,TRBJ2-1,ASSLVQEPYNGQF,1
TRBV7-9,TRBJ2-1,ASSLVQEPYNKQF,3
TRBV7-9,TRBJ2-1,ASSLVQEPYNNNF,1
TRBV7-9,TRBJ2-1,ASSLVQEPYNNQF,1
TRBV7-9,TRBJ2-1,ASSLVQEPYNPHF,1
TRBV7-9,TRBJ2-1,ASSLVQEQF,21
TRBV7-9,TRBJ2-1,ASSLVQESDNEEF,1
TRBV7-9,TRBJ2-1,ASSLVQESDNEHF,1
TRBV7-9,TRBJ2-1,ASSLVQESDNEQC,1
TRBV7-9,TRBJ2-1,ASSLVQESDNEQF,1
TRBV7-9,TRBJ2-1,ASSLVQESDNEQS,1
TRBV7-9,TRBJ2-1,ASSLVQESDNGQF,1
TRBV7-9,TRBJ2-1,ASSLVQESEIEQF,1
TRBV7-9,TRBJ2-1,ASSLVQESENDQF,1
TRBV7-9,TRBJ2-1,ASSLVQESENEYC,1
TRBV7-9,TRBJ2-1,ASSLVQESHNAQF,1
TRBV7-9,TRBJ2-1,ASSLVQESHNEQF,3
TRBV7-9,TRBJ2-1,ASSLVQESSNEQF,6
TRBV7-9,TRBJ2-1,ASSLVQESSYNEQF,1
TRBV7-9,TRBJ2-1,ASSLVQESYDKQF,1
TRBV7-9,TRBJ2-1,ASSLVQESYHEPF,1
TRBV7-9,TRBJ2-1,ASSLVQESYHEQF,3
TRBV7-9,TRBJ2-1,ASSLVQESYHVHF,1
TRBV7-9,TRBJ2-1,ASSLVQESYIDKF,1
TRBV7-9,TRBJ2-1,ASSLVQESYIKKF,1
TRBV7-9,TRBJ2-1,ASSLVQESYIVQF,1
TRBV7-9,TRBJ2-1,ASSLVQESYKDKF,1
TRBV7-9,TRBJ2-1,ASSLVQESYKEQV,1
TRBV7-9,TRBJ2-1,ASSLVQESYNAQF,3
TRBV7-9,TRBJ2-1,ASSLVQESYNDKF,2
TRBV7-9,TRBJ2-1,ASSLVQESYNDKV,1
TRBV7-9,TRBJ2-1,ASSLVQESYNDQF,10
TRBV7-9,TRBJ2-1,ASSLVQESYNDQL,1
TRBV7-9,TRBJ2-1,ASSLVQESYNDQV,1
TRBV7-9,TRBJ2-1,ASSLVQESYNEEF,1
TRBV7-9,TRBJ2-1,ASSLVQESYNEEQF,1
TRBV7-9,TRBJ2-1,ASSLVQESYNEHC,1
TRBV7-9,TRBJ2-1,ASSLVQESYNEHF,13
TRBV7-9,TRBJ2-1,ASSLVQESYNEHL,1
TRBV7-9,TRBJ2-1,ASSLVQESYNEHV,1
TRBV7-9,TRBJ2-1,ASSLVQESYNEKF,4
TRBV7-9,TRBJ2-1,ASSLVQESYNEKV,1
TRBV7-9,TRBJ2-1,ASSLVQESYNELI,1
TRBV7-9,TRBJ2-1,ASSLVQESYNENV,1
TRBV7-9,TRBJ2-1,ASSLVQESYNEPF,3
TRBV7-9,TRBJ2-1,ASSLVQESYNEQC,2
TRBV7-9,TRBJ2-1,ASSLVQESYNEQF,200
TRBV7-9,TRBJ2-1,ASSLVQESYNEQL,4
TRBV7-9,TRBJ2-1,ASSLVQESYNEQV,12
TRBV7-9,TRBJ2-1,ASSLVQESYNEQY,1
TRBV7-9,TRBJ2-1,ASSLVQESYNERC,1
TRBV7-9,TRBJ2-1,ASSLVQESYNERF,1
TRBV7-9,TRBJ2-1,ASSLVQESYNETF,2
TRBV7-9,TRBJ2-1,ASSLVQESYNGQF,1
TRBV7-9,TRBJ2-1,ASSLVQESYNGQV,1
TRBV7-9,TRBJ2-1,ASSLVQESYNKKF,1
TRBV7-9,TRBJ2-1,ASSLVQESYNKQF,2
TRBV7-9,TRBJ2-1,ASSLVQESYNNQV,1
TRBV7-9,TRBJ2-1,ASSLVQESYNTQV,1
TRBV7-9,TRBJ2-1,ASSLVQESYNVHF,1
TRBV7-9,TRBJ2-1,ASSLVQESYNVPF,1
TRBV7-9,TRBJ2-1,ASSLVQESYNVQF,1
TRBV7-9,TRBJ2-1,ASSLVQESYSGQS,1
TRBV7-9,TRBJ2-1,ASSLVQESYTEQF,1
TRBV7-9,TRBJ2-1,ASSLVQESYYDPF,1
TRBV7-9,TRBJ2-1,ASSLVQESYYDQV,1
TRBV7-9,TRBJ2-1,ASSLVQESYYEHV,1
TRBV7-9,TRBJ2-1,ASSLVQESYYEQF,1
TRBV7-9,TRBJ2-1,ASSLVQETDNEPF,1
TRBV7-9,TRBJ2-1,ASSLVQETDSDQF,1
TRBV7-9,TRBJ2-1,ASSLVQETHNEQF,1
TRBV7-9,TRBJ2-1,ASSLVQETKNAQC,1
TRBV7-9,TRBJ2-1,ASSLVQETNNEQV,1
TRBV7-9,TRBJ2-1,ASSLVQETSSEQF,1
TRBV7-9,TRBJ2-1,ASSLVQETYDQQF,1
TRBV7-9,TRBJ2-1,ASSLVQETYKEQF,1
TRBV7-9,TRBJ2-1,ASSLVQETYNAQF,1
TRBV7-9,TRBJ2-1,ASSLVQETYNEKF,1
TRBV7-9,TRBJ2-1,ASSLVQETYNEQF,20
TRBV7-9,TRBJ2-1,ASSLVQETYNEQI,1
TRBV7-9,TRBJ2-1,ASSLVQETYNGQC,1
TRBV7-9,TRBJ2-1,ASSLVQETYREQF,1
TRBV7-9,TRBJ2-1,ASSLVQEVDNEPV,1
TRBV7-9,TRBJ2-1,ASSLVQEVDNEQF,1
TRBV7-9,TRBJ2-1,ASSLVQEVHNEQF,1
TRBV7-9,TRBJ2-1,ASSLVQEVQNEQF,1
TRBV7-9,TRBJ2-1,ASSLVQEVSNEQF,1
TRBV7-9,TRBJ2-1,ASSLVQEVYHEPF,1
TRBV7-9,TRBJ2-1,ASSLVQEVYHEQF,1
TRBV7-9,TRBJ2-1,ASSLVQEVYHEQV,1
TRBV7-9,TRBJ2-1,ASSLVQEVYKEQF,1
TRBV7-9,TRBJ2-1,ASSLVQEVYKVQF,1
TRBV7-9,TRBJ2-1,ASSLVQEVYNAQV,1
TRBV7-9,TRBJ2-1,ASSLVQEVYNDQF,3
TRBV7-9,TRBJ2-1,ASSLVQEVYNEEF,1
TRBV7-9,TRBJ2-1,ASSLVQEVYNEHF,1
TRBV7-9,TRBJ2-1,ASSLVQEVYNEKF,1
TRBV7-9,TRBJ2-1,ASSLVQEVYNENF,1
TRBV7-9,TRBJ2-1,ASSLVQEVYNEPF,1
TRBV7-9,TRBJ2-1,ASSLVQEVYNEPV,1
TRBV7-9,TRBJ2-1,ASSLVQEVYNEQC,1
TRBV7-9,TRBJ2-1,ASSLVQEVYNEQF,47
TRBV7-9,TRBJ2-1,ASSLVQEVYNGQF,1
TRBV7-9,TRBJ2-1,ASSLVQEVYNKQF,3
TRBV7-9,TRBJ2-1,ASSLVQEVYNVQF,2
TRBV7-9,TRBJ2-1,ASSLVQEVYNVQV,1
TRBV7-9,TRBJ2-1,ASSLVQEVYSEQF,1
TRBV7-9,TRBJ2-1,ASSLVQEVYTDKH,1
TRBV7-9,TRBJ2-1,ASSLVQEYYNAQF,1
TRBV7-9,TRBJ2-1,ASSLVQEYYNEQF,5
TRBV7-9,TRBJ2-1,ASSLVQFASSYNEQF,5
TRBV7-9,TRBJ2-1,ASSLVQFHEQF,1
TRBV7-9,TRBJ2-1,ASSLVQFNEQF,1
TRBV7-9,TRBJ2-1,ASSLVQFRDNEQF,1
TRBV7-9,TRBJ2-1,ASSLVQFTDEQF,1
TRBV7-9,TRBJ2-1,ASSLVQFVPGGSSTYNEQF,12
TRBV7-9,TRBJ2-1,ASSLVQFWWNEQF,1
TRBV7-9,TRBJ2-1,ASSLVQGAANNEQF,1
TRBV7-9,TRBJ2-1,ASSLVQGADEQF,9
TRBV7-9,TRBJ2-1,ASSLVQGADKEQF,1
TRBV7-9,TRBJ2-1,ASSLVQGADNDQS,1
TRBV7-9,TRBJ2-1,ASSLVQGADNEQF,3
TRBV7-9,TRBJ2-1,ASSLVQGADRF,1
TRBV7-9,TRBJ2-1,ASSLVQGAENEQF,1
TRBV7-9,TRBJ2-1,ASSLVQGAFDEQF,1
TRBV7-9,TRBJ2-1,ASSLVQGAFTYNEQF,1
TRBV7-9,TRBJ2-1,ASSLVQGAGDEQF,1
TRBV7-9,TRBJ2-1,ASSLVQGAGNEQF,5
TRBV7-9,TRBJ2-1,ASSLVQGAGNEQI,2
TRBV7-9,TRBJ2-1,ASSLVQGAGRENDDEQF,1
TRBV7-9,TRBJ2-1,ASSLVQGAGSGEF,1
TRBV7-9,TRBJ2-1,ASSLVQGAGSGQF,2
TRBV7-9,TRBJ2-1,ASSLVQGAGYNEQF,16
TRBV7-9,TRBJ2-1,ASSLVQGAHEQF,3
TRBV7-9,TRBJ2-1,ASSLVQGAHNEQF,4
TRBV7-9,TRBJ2-1,ASSLVQGAIDEQF,1
TRBV7-9,TRBJ2-1,ASSLVQGAIDNEQF,1
TRBV7-9,TRBJ2-1,ASSLVQGAINEQF,13
TRBV7-9,TRBJ2-1,ASSLVQGAIYEQF,1
TRBV7-9,TRBJ2-1,ASSLVQGAKKEHF,1
TRBV7-9,TRBJ2-1,ASSLVQGAKKELF,1
TRBV7-9,TRBJ2-1,ASSLVQGAKKEQF,1
TRBV7-9,TRBJ2-1,ASSLVQGAKNEHF,1
TRBV7-9,TRBJ2-1,ASSLVQGAKNELF,1
TRBV7-9,TRBJ2-1,ASSLVQGAKNEQF,14
TRBV7-9,TRBJ2-1,ASSLVQGAKNGKF,1
TRBV7-9,TRBJ2-1,ASSLVQGAKTRRF,1
TRBV7-9,TRBJ2-1,ASSLVQGALDEQF,1
TRBV7-9,TRBJ2-1,ASSLVQGALKEQF,1
TRBV7-9,TRBJ2-1,ASSLVQGALLNEQF,6
TRBV7-9,TRBJ2-1,ASSLVQGALNEQF,15
TRBV7-9,TRBJ2-1,ASSLVQGALWQF,4
TRBV7-9,TRBJ2-1,ASSLVQGANDEQF,1
TRBV7-9,TRBJ2-1,ASSLVQGANEQF,3
TRBV7-9,TRBJ2-1,ASSLVQGANHGQV,1
TRBV7-9,TRBJ2-1,ASSLVQGANKERF,1
TRBV7-9,TRBJ2-1,ASSLVQGANKGHF,1
TRBV7-9,TRBJ2-1,ASSLVQGANKGQF,1
TRBV7-9,TRBJ2-1,ASSLVQGANKGRF,1
TRBV7-9,TRBJ2-1,ASSLVQGANNEQF,10
TRBV7-9,TRBJ2-1,ASSLVQGANNGQF,1
TRBV7-9,TRBJ2-1,ASSLVQGAPGYNEQF,7
TRBV7-9,TRBJ2-1,ASSLVQGAPPPEQF,16
TRBV7-9,TRBJ2-1,ASSLVQGAPYNEQF,1
TRBV7-9,TRBJ2-1,ASSLVQGARDEQF,12
TRBV7-9,TRBJ2-1,ASSLVQGARNEQF,11
TRBV7-9,TRBJ2-1,ASSLVQGARYNEQF,1
TRBV7-9,TRBJ2-1,ASSLVQGASNEQF,14
TRBV7-9,TRBJ2-1,ASSLVQGASYNEQF,1
TRBV7-9,TRBJ2-1,ASSLVQGATNKQF,1
TRBV7-9,TRBJ2-1,ASSLVQGAVLNEQF,1
TRBV7-9,TRBJ2-1,ASSLVQGAVNEQF,1
TRBV7-9,TRBJ2-1,ASSLVQGAVNPNNEQF,1
TRBV7-9,TRBJ2-1,ASSLVQGAVVGQF,1
TRBV7-9,TRBJ2-1,ASSLVQGAVVNEQF,1
TRBV7-9,TRBJ2-1,ASSLVQGAYDEHF,1
TRBV7-9,TRBJ2-1,ASSLVQGAYHEHF,1
TRBV7-9,TRBJ2-1,ASSLVQGAYHEQF,1
TRBV7-9,TRBJ2-1,ASSLVQGAYKELF,1
TRBV7-9,TRBJ2-1,ASSLVQGAYKEPC,1
TRBV7-9,TRBJ2-1,ASSLVQGAYKEQF,4
TRBV7-9,TRBJ2-1,ASSLVQGAYKEQS,1
TRBV7-9,TRBJ2-1,ASSLVQGAYKERF,1
TRBV7-9,TRBJ2-1,ASSLVQGAYKESF,1
TRBV7-9,TRBJ2-1,ASSLVQGAYNEHF,5
TRBV7-9,TRBJ2-1,ASSLVQGAYNEKF,3
TRBV7-9,TRBJ2-1,ASSLVQGAYNELF,1
TRBV7-9,TRBJ2-1,ASSLVQGAYNEQF,119
TRBV7-9,TRBJ2-1,ASSLVQGAYNEQL,2
TRBV7-9,TRBJ2-1,ASSLVQGAYNEQS,2
TRBV7-9,TRBJ2-1,ASSLVQGAYNEQV,1
TRBV7-9,TRBJ2-1,ASSLVQGAYNEQW,1
TRBV7-9,TRBJ2-1,ASSLVQGAYNEQY,1
TRBV7-9,TRBJ2-1,ASSLVQGAYNERF,7
TRBV7-9,TRBJ2-1,ASSLVQGAYNGQC,1
TRBV7-9,TRBJ2-1,ASSLVQGAYNGQF,5
TRBV7-9,TRBJ2-1,ASSLVQGAYNGQS,1
TRBV7-9,TRBJ2-1,ASSLVQGAYNGRF,1
TRBV7-9,TRBJ2-1,ASSLVQGAYNKQF,2
TRBV7-9,TRBJ2-1,ASSLVQGAYNVQV,1
TRBV7-9,TRBJ2-1,ASSLVQGAYPAQF,1
TRBV7-9,TRBJ2-1,ASSLVQGAYSEQF,1
TRBV7-9,TRBJ2-1,ASSLVQGAYSGQF,1
TRBV7-9,TRBJ2-1,ASSLVQGAYTEQF,1
TRBV7-9,TRBJ2-1,ASSLVQGAYYNEQF,1
TRBV7-9,TRBJ2-1,ASSLVQGDEQF,9
TRBV7-9,TRBJ2-1,ASSLVQGDGQF,2
TRBV7-9,TRBJ2-1,ASSLVQGDHNEQF,1
TRBV7-9,TRBJ2-1,ASSLVQGDNEQF,3
TRBV7-9,TRBJ2-1,ASSLVQGDSGNEQF,1
TRBV7-9,TRBJ2-1,ASSLVQGDYNEKF,1
TRBV7-9,TRBJ2-1,ASSLVQGDYNEQF,3
TRBV7-9,TRBJ2-1,ASSLVQGDYNEQL,1
TRBV7-9,TRBJ2-1,ASSLVQGEDNEQF,5
TRBV7-9,TRBJ2-1,ASSLVQGEGGSSYNEQF,1
TRBV7-9,TRBJ2-1,ASSLVQGEGNEQF,1
TRBV7-9,TRBJ2-1,ASSLVQGENNEQF,1
TRBV7-9,TRBJ2-1,ASSLVQGEPQF,9
TRBV7-9,TRBJ2-1,ASSLVQGEQF,24
TRBV7-9,TRBJ2-1,ASSLVQGEVDNEQF,15
TRBV7-9,TRBJ2-1,ASSLVQGEYNEQF,5
TRBV7-9,TRBJ2-1,ASSLVQGEYYNEQF,1
TRBV7-9,TRBJ2-1,ASSLVQGFDSYNEQF,1
TRBV7-9,TRBJ2-1,ASSLVQGFGNEQF,1
TRBV7-9,TRBJ2-1,ASSLVQGFNEQF,2
TRBV7-9,TRBJ2-1,ASSLVQGFRGSYNEQF,1
TRBV7-9,TRBJ2-1,ASSLVQGFSEQF,2
TRBV7-9,TRBJ2-1,ASSLVQGFSYNEQF,1
TRBV7-9,TRBJ2-1,ASSLVQGFYNDQF,1
TRBV7-9,TRBJ2-1,ASSLVQGFYNEQF,4
TRBV7-9,TRBJ2-1,ASSLVQGGAFYNEQF,1
TRBV7-9,TRBJ2-1,ASSLVQGGANEQF,1
TRBV7-9,TRBJ2-1,ASSLVQGGAYNDQF,1
TRBV7-9,TRBJ2-1,ASSLVQGGAYNEQF,16
TRBV7-9,TRBJ2-1,ASSLVQGGDEQF,25
TRBV7-9,TRBJ2-1,ASSLVQGGDNEQF,2
TRBV7-9,TRBJ2-1,ASSLVQGGEQF,13
TRBV7-9,TRBJ2-1,ASSLVQGGFHEQF,1
TRBV7-9,TRBJ2-1,ASSLVQGGFSYNEQF,1
TRBV7-9,TRBJ2-1,ASSLVQGGGDEQF,1
TRBV7-9,TRBJ2-1,ASSLVQGGGMVEQF,4
TRBV7-9,TRBJ2-1,ASSLVQGGHEQF,3
TRBV7-9,TRBJ2-1,ASSLVQGGHNEQF,1
TRBV7-9,TRBJ2-1,ASSLVQGGINEQF,1
TRBV7-9,TRBJ2-1,ASSLVQGGIYNEQF,1
TRBV7-9,TRBJ2-1,ASSLVQGGLAGHNEQF,1
TRBV7-9,TRBJ2-1,ASSLVQGGLNEQF,9
TRBV7-9,TRBJ2-1,ASSLVQGGLYNEQF,1
TRBV7-9,TRBJ2-1,ASSLVQGGNEQF,30
TRBV7-9,TRBJ2-1,ASSLVQGGNNEQF,1
TRBV7-9,TRBJ2-1,ASSLVQGGPAYNEQF,1
TRBV7-9,TRBJ2-1,ASSLVQGGPNEQF,1
TRBV7-9,TRBJ2-1,ASSLVQGGRDEQF,7
TRBV7-9,TRBJ2-1,ASSLVQGGRNEQF,7
TRBV7-9,TRBJ2-1,ASSLVQGGRQNEQF,1
TRBV7-9,TRBJ2-1,ASSLVQGGRYNEQF,1
TRBV7-9,TRBJ2-1,ASSLVQGGSEQF,9
TRBV7-9,TRBJ2-1,ASSLVQGGSGIIAF,10
TRBV7-9,TRBJ2-1,ASSLVQGGSNEQF,4
TRBV7-9,TRBJ2-1,ASSLVQGGSNEQL,1
TRBV7-9,TRBJ2-1,ASSLVQGGSSYNEQF,1
TRBV7-9,TRBJ2-1,ASSLVQGGSYNEQF,3
TRBV7-9,TRBJ2-1,ASSLVQGGYEQF,1
TRBV7-9,TRBJ2-1,ASSLVQGGYNEQF,10
TRBV7-9,TRBJ2-1,ASSLVQGHEQF,14
TRBV7-9,TRBJ2-1,ASSLVQGHGDEQF,2
TRBV7-9,TRBJ2-1,ASSLVQGHLYNEQF,1
TRBV7-9,TRBJ2-1,ASSLVQGHNEQF,13
TRBV7-9,TRBJ2-1,ASSLVQGHNEQV,1
TRBV7-9,TRBJ2-1,ASSLVQGHSGSGEQF,1
TRBV7-9,TRBJ2-1,ASSLVQGHYNEQF,2
TRBV7-9,TRBJ2-1,ASSLVQGIDEQF,11
TRBV7-9,TRBJ2-1,ASSLVQGIFYEQF,5
TRBV7-9,TRBJ2-1,ASSLVQGIGNEQF,1
TRBV7-9,TRBJ2-1,ASSLVQGIHNEQF,3
TRBV7-9,TRBJ2-1,ASSLVQGILNEQF,1
TRBV7-9,TRBJ2-1,ASSLVQGINNEQF,1
TRBV7-9,TRBJ2-1,ASSLVQGIPYNEQF,1
TRBV7-9,TRBJ2-1,ASSLVQGISGRGSNNEQF,1
TRBV7-9,TRBJ2-1,ASSLVQGISSDEQF,1
TRBV7-9,TRBJ2-1,ASSLVQGITNEQF,1
TRBV7-9,TRBJ2-1,ASSLVQGIYEQF,4
TRBV7-9,TRBJ2-1,ASSLVQGIYNEQF,17
TRBV7-9,TRBJ2-1,ASSLVQGKDEQF,4
TRBV7-9,TRBJ2-1,ASSLVQGKFTYNEQF,1
TRBV7-9,TRBJ2-1,ASSLVQGKGDEQF,1
TRBV7-9,TRBJ2-1,ASSLVQGKGNEQF,1
TRBV7-9,TRBJ2-1,ASSLVQGKVNEQF,1
TRBV7-9,TRBJ2-1,ASSLVQGKYNEQF,4
TRBV7-9,TRBJ2-1,ASSLVQGLAGRVGNEQF,1
TRBV7-9,TRBJ2-1,ASSLVQGLALNEQF,1
TRBV7-9,TRBJ2-1,ASSLVQGLDDEQF,1
TRBV7-9,TRBJ2-1,ASSLVQGLDEQF,1
TRBV7-9,TRBJ2-1,ASSLVQGLDNEQF,2
TRBV7-9,TRBJ2-1,ASSLVQGLFNEQF,1
TRBV7-9,TRBJ2-1,ASSLVQGLGAYSYNEQF,1
TRBV7-9,TRBJ2-1,ASSLVQGLGNEQF,1
TRBV7-9,TRBJ2-1,ASSLVQGLHEQF,1
TRBV7-9,TRBJ2-1,ASSLVQGLIDEQF,1
TRBV7-9,TRBJ2-1,ASSLVQGLNEQF,1
TRBV7-9,TRBJ2-1,ASSLVQGLRNEQF,7
TRBV7-9,TRBJ2-1,ASSLVQGLSEQF,5
TRBV7-9,TRBJ2-1,ASSLVQGLSYNEQF,3
TRBV7-9,TRBJ2-1,ASSLVQGLVISYNEQF,1
TRBV7-9,TRBJ2-1,ASSLVQGLWDEQF,1
TRBV7-9,TRBJ2-1,ASSLVQGLYHEQF,1
TRBV7-9,TRBJ2-1,ASSLVQGLYNEQF,5
TRBV7-9,TRBJ2-1,ASSLVQGMFNEQF,1
TRBV7-9,TRBJ2-1,ASSLVQGMGNDQF,1
TRBV7-9,TRBJ2-1,ASSLVQGMGNEQF,2
TRBV7-9,TRBJ2-1,ASSLVQGNDEQF,1
TRBV7-9,TRBJ2-1,ASSLVQGNEQF,36
TRBV7-9,TRBJ2-1,ASSLVQGNGNEQF,1
TRBV7-9,TRBJ2-1,ASSLVQGNHNEQF,1
TRBV7-9,TRBJ2-1,ASSLVQGNNEQF,5
TRBV7-9,TRBJ2-1,ASSLVQGNYNEQF,3
TRBV7-9,TRBJ2-1,ASSLVQGPAEQF,12
TRBV7-9,TRBJ2-1,ASSLVQGPDDEQF,1
TRBV7-9,TRBJ2-1,ASSLVQGPEQF,2
TRBV7-9,TRBJ2-1,ASSLVQGPEYNEQF,1
TRBV7-9,TRBJ2-1,ASSLVQGPHNEQF,1
TRBV7-9,TRBJ2-1,ASSLVQGPHYDEQF,1
TRBV7-9,TRBJ2-1,ASSLVQGPKNEQF,1
TRBV7-9,TRBJ2-1,ASSLVQGPLKNEQF,1
TRBV7-9,TRBJ2-1,ASSLVQGPLYNEQF,21
TRBV7-9,TRBJ2-1,ASSLVQGPNEQF,10
TRBV7-9,TRBJ2-1,ASSLVQGPNNEQF,1
TRBV7-9,TRBJ2-1,ASSLVQGPNNGQF,1
TRBV7-9,TRBJ2-1,ASSLVQGPRVNEQF,1
TRBV7-9,TRBJ2-1,ASSLVQGPSGSGEQF,13
TRBV7-9,TRBJ2-1,ASSLVQGPSNEQF,3
TRBV7-9,TRBJ2-1,ASSLVQGPSYNEQF,1
TRBV7-9,TRBJ2-1,ASSLVQGPYHSYNEQF,1
TRBV7-9,TRBJ2-1,ASSLVQGPYKEQF,1
TRBV7-9,TRBJ2-1,ASSLVQGPYNEHF,1
TRBV7-9,TRBJ2-1,ASSLVQGPYNEQF,9
TRBV7-9,TRBJ2-1,ASSLVQGPYNERF,1
TRBV7-9,TRBJ2-1,ASSLVQGPYNGHF,1
TRBV7-9,TRBJ2-1,ASSLVQGQGNEQF,22
TRBV7-9,TRBJ2-1,ASSLVQGQGNGQF,1
TRBV7-9,TRBJ2-1,ASSLVQGQGSSYNEQF,4
TRBV7-9,TRBJ2-1,ASSLVQGQHNEHF,2
TRBV7-9,TRBJ2-1,ASSLVQGQVGNEQF,1
TRBV7-9,TRBJ2-1,ASSLVQGQYNEQF,1
TRBV7-9,TRBJ2-1,ASSLVQGRDDEQF,12
TRBV7-9,TRBJ2-1,ASSLVQGRDEQF,1
TRBV7-9,TRBJ2-1,ASSLVQGRDNEQF,1
TRBV7-9,TRBJ2-1,ASSLVQGRFNEQF,1
TRBV7-9,TRBJ2-1,ASSLVQGRGDEQF,1
TRBV7-9,TRBJ2-1,ASSLVQGRHEQF,1
TRBV7-9,TRBJ2-1,ASSLVQGRLNEQF,6
TRBV7-9,TRBJ2-1,ASSLVQGRNEHF,1
TRBV7-9,TRBJ2-1,ASSLVQGRNEQF,16
TRBV7-9,TRBJ2-1,ASSLVQGRNNSSYNEQF,8
TRBV7-9,TRBJ2-1,ASSLVQGRRHNEQF,1
TRBV7-9,TRBJ2-1,ASSLVQGRSNEQF,9
TRBV7-9,TRBJ2-1,ASSLVQGRSSSYNEQF,1
TRBV7-9,TRBJ2-1,ASSLVQGRSYNEQF,12
TRBV7-9,TRBJ2-1,ASSLVQGRTWNEQF,1
TRBV7-9,TRBJ2-1,ASSLVQGRVDEQF,7
TRBV7-9,TRBJ2-1,ASSLVQGRVNDQF,1
TRBV7-9,TRBJ2-1,ASSLVQGRVNEQF,10
TRBV7-9,TRBJ2-1,ASSLVQGRYNEQF,2
TRBV7-9,TRBJ2-1,ASSLVQGSANEQF,1
TRBV7-9,TRBJ2-1,ASSLVQGSDNEQF,1
TRBV7-9,TRBJ2-1,ASSLVQGSEQF,6
TRBV7-9,TRBJ2-1,ASSLVQGSGANNEQF,1
TRBV7-9,TRBJ2-1,ASSLVQGSGDIQF,4
TRBV7-9,TRBJ2-1,ASSLVQGSHNEQF,2
TRBV7-9,TRBJ2-1,ASSLVQGSLDEQF,1
TRBV7-9,TRBJ2-1,ASSLVQGSLNEQF,1
TRBV7-9,TRBJ2-1,ASSLVQGSMNEQF,1
TRBV7-9,TRBJ2-1,ASSLVQGSNEQF,10
TRBV7-9,TRBJ2-1,ASSLVQGSNNEKF,1
TRBV7-9,TRBJ2-1,ASSLVQGSNNEQF,1
TRBV7-9,TRBJ2-1,ASSLVQGSNNKQF,1
TRBV7-9,TRBJ2-1,ASSLVQGSPYNEQF,1
TRBV7-9,TRBJ2-1,ASSLVQGSRNEQF,1
TRBV7-9,TRBJ2-1,ASSLVQGSSNEQF,1
TRBV7-9,TRBJ2-1,ASSLVQGSSYNEQF,26
TRBV7-9,TRBJ2-1,ASSLVQGSTNEQF,1
TRBV7-9,TRBJ2-1,ASSLVQGSTYNEQF,1
TRBV7-9,TRBJ2-1,ASSLVQGSWNEQF,7
TRBV7-9,TRBJ2-1,ASSLVQGSYNEQF,54
TRBV7-9,TRBJ2-1,ASSLVQGTGQF,11
TRBV7-9,TRBJ2-1,ASSLVQGTHNEQF,1
TRBV7-9,TRBJ2-1,ASSLVQGTIGRGSYNEQF,1
TRBV7-9,TRBJ2-1,ASSLVQGTMNEQF,1
TRBV7-9,TRBJ2-1,ASSLVQGTNEQF,1
TRBV7-9,TRBJ2-1,ASSLVQGTNNEQF,1
TRBV7-9,TRBJ2-1,ASSLVQGTNYNEHF,1
TRBV7-9,TRBJ2-1,ASSLVQGTNYNEQF,6
TRBV7-9,TRBJ2-1,ASSLVQGTPEFDEQF,1
TRBV7-9,TRBJ2-1,ASSLVQGTSGRGAYNEQF,1
TRBV7-9,TRBJ2-1,ASSLVQGTSGRGSYDEQF,1
TRBV7-9,TRBJ2-1,ASSLVQGTSGRGSYNEQF,63
TRBV7-9,TRBJ2-1,ASSLVQGTSGRGSYNERF,1
TRBV7-9,TRBJ2-1,ASSLVQGTSGRGSYSEQF,1
TRBV7-9,TRBJ2-1,ASSLVQGTSGRGTYNEQF,1
TRBV7-9,TRBJ2-1,ASSLVQGTWNEQF,3
TRBV7-9,TRBJ2-1,ASSLVQGTYNEQF,20
TRBV7-9,TRBJ2-1,ASSLVQGTYSEQF,1
TRBV7-9,TRBJ2-1,ASSLVQGVDEQF,1
TRBV7-9,TRBJ2-1,ASSLVQGVGHEQF,11
TRBV7-9,TRBJ2-1,ASSLVQGVGNEQF,1
TRBV7-9,TRBJ2-1,ASSLVQGVGYNEQF,1
TRBV7-9,TRBJ2-1,ASSLVQGVHHEPF,1
TRBV7-9,TRBJ2-1,ASSLVQGVLHEQF,1
TRBV7-9,TRBJ2-1,ASSLVQGVNEQF,47
TRBV7-9,TRBJ2-1,ASSLVQGVWNEQF,1
TRBV7-9,TRBJ2-1,ASSLVQGVYNEQF,25
TRBV7-9,TRBJ2-1,ASSLVQGVYNEQV,1
TRBV7-9,TRBJ2-1,ASSLVQGVYYEQF,1
TRBV7-9,TRBJ2-1,ASSLVQGWDEQF,1
TRBV7-9,TRBJ2-1,ASSLVQGWNEQF,1
TRBV7-9,TRBJ2-1,ASSLVQGWSIDEQF,5
TRBV7-9,TRBJ2-1,ASSLVQGWYNEQF,1
TRBV7-9,TRBJ2-1,ASSLVQGYEQF,18
TRBV7-9,TRBJ2-1,ASSLVQGYEQI,1
TRBV7-9,TRBJ2-1,ASSLVQGYGLLIDEQF,6
TRBV7-9,TRBJ2-1,ASSLVQGYGQNEQF,1
TRBV7-9,TRBJ2-1,ASSLVQGYNEQF,25
TRBV7-9,TRBJ2-1,ASSLVQGYSYNEQF,1
TRBV7-9,TRBJ2-1,ASSLVQGYYGDEQF,1
TRBV7-9,TRBJ2-1,ASSLVQGYYNEQF,12
TRBV7-9,TRBJ2-1,ASSLVQHAYNEQF,2
TRBV7-9,TRBJ2-1,ASSLVQHNEQF,9
TRBV7-9,TRBJ2-1,ASSLVQHSYNEQF,1
TRBV7-9,TRBJ2-1,ASSLVQHYNEQF,1
TRBV7-9,TRBJ2-1,ASSLVQIADNEQF,2
TRBV7-9,TRBJ2-1,ASSLVQIFYNEQF,1
TRBV7-9,TRBJ2-1,ASSLVQIGGNEQF,1
TRBV7-9,TRBJ2-1,ASSLVQIGLAGNEQF,1
TRBV7-9,TRBJ2-1,ASSLVQIGSGYNEQF,1
TRBV7-9,TRBJ2-1,ASSLVQINEQF,14
TRBV7-9,TRBJ2-1,ASSLVQIWGTDYNEQF,1
TRBV7-9,TRBJ2-1,ASSLVQIYEQF,1
TRBV7-9,TRBJ2-1,ASSLVQIYNEQF,3
TRBV7-9,TRBJ2-1,ASSLVQKAHNEQF,1
TRBV7-9,TRBJ2-1,ASSLVQKAHNEQV,1
TRBV7-9,TRBJ2-1,ASSLVQKAKMKKF,1
TRBV7-9,TRBJ2-1,ASSLVQKAQNDQF,1
TRBV7-9,TRBJ2-1,ASSLVQKAYIEQF,1
TRBV7-9,TRBJ2-1,ASSLVQKAYKEQF,1
TRBV7-9,TRBJ2-1,ASSLVQKAYKEQV,1
TRBV7-9,TRBJ2-1,ASSLVQKAYNDHF,1
TRBV7-9,TRBJ2-1,ASSLVQKAYNDQF,2
TRBV7-9,TRBJ2-1,ASSLVQKAYNEPF,1
TRBV7-9,TRBJ2-1,ASSLVQKAYNEQC,2
TRBV7-9,TRBJ2-1,ASSLVQKAYNEQF,22
TRBV7-9,TRBJ2-1,ASSLVQKAYNEQV,2
TRBV7-9,TRBJ2-1,ASSLVQKAYNKKF,1
TRBV7-9,TRBJ2-1,ASSLVQKAYNKQV,2
TRBV7-9,TRBJ2-1,ASSLVQKAYYEQV,1
TRBV7-9,TRBJ2-1,ASSLVQKDYNGQL,1
TRBV7-9,TRBJ2-1,ASSLVQKNNEQF,1
TRBV7-9,TRBJ2-1,ASSLVQKSSSYNEQF,1
TRBV7-9,TRBJ2-1,ASSLVQKSYNDQF,1
TRBV7-9,TRBJ2-1,ASSLVQKSYYKQF,1
TRBV7-9,TRBJ2-1,ASSLVQKVYIEQF,1
TRBV7-9,TRBJ2-1,ASSLVQKVYNEQS,1
TRBV7-9,TRBJ2-1,ASSLVQLAGEQF,1
TRBV7-9,TRBJ2-1,ASSLVQLAGGPIYEQF,1
TRBV7-9,TRBJ2-1,ASSLVQLAGGSSYNEQF,1
TRBV7-9,TRBJ2-1,ASSLVQLAGPNEQF,1
TRBV7-9,TRBJ2-1,ASSLVQLANEQF,1
TRBV7-9,TRBJ2-1,ASSLVQLAVLSYNEQF,1
TRBV7-9,TRBJ2-1,ASSLVQLGNNEQF,5
TRBV7-9,TRBJ2-1,ASSLVQLGSYNEQF,1
TRBV7-9,TRBJ2-1,ASSLVQLKGPYYNEQF,1
TRBV7-9,TRBJ2-1,ASSLVQLKNEQF,1
TRBV7-9,TRBJ2-1,ASSLVQLLLNEQF,1
TRBV7-9,TRBJ2-1,ASSLVQLNEQF,5
TRBV7-9,TRBJ2-1,ASSLVQLQGNEQF,1
TRBV7-9,TRBJ2-1,ASSLVQLRPNEQF,13
TRBV7-9,TRBJ2-1,ASSLVQLSSYKEQF,1
TRBV7-9,TRBJ2-1,ASSLVQLSSYNEQF,10
TRBV7-9,TRBJ2-1,ASSLVQLSTYNEQF,1
TRBV7-9,TRBJ2-1,ASSLVQLVNEQF,1
TRBV7-9,TRBJ2-1,ASSLVQLVNNEQF,1
TRBV7-9,TRBJ2-1,ASSLVQLYNEQF,12
TRBV7-9,TRBJ2-1,ASSLVQMAYNELF,1
TRBV7-9,TRBJ2-1,ASSLVQMAYNEQF,2
TRBV7-9,TRBJ2-1,ASSLVQMQGRNEQF,1
TRBV7-9,TRBJ2-1,ASSLVQMSYNEQF,1
TRBV7-9,TRBJ2-1,ASSLVQNAYNEQF,1
TRBV7-9,TRBJ2-1,ASSLVQNEQF,26
TRBV7-9,TRBJ2-1,ASSLVQNHEQF,1
TRBV7-9,TRBJ2-1,ASSLVQNNEQF,3
TRBV7-9,TRBJ2-1,ASSLVQNNNEQF,1
TRBV7-9,TRBJ2-1,ASSLVQNSYNDQF,1
TRBV7-9,TRBJ2-1,ASSLVQNTRTSGDNEQF,1
TRBV7-9,TRBJ2-1,ASSLVQPAGYNEQF,1
TRBV7-9,TRBJ2-1,ASSLVQPAYNEQF,5
TRBV7-9,TRBJ2-1,ASSLVQPEQF,3
TRBV7-9,TRBJ2-1,ASSLVQPHNEQF,12
TRBV7-9,TRBJ2-1,ASSLVQPIYNEQF,1
TRBV7-9,TRBJ2-1,ASSLVQPNEQF,9
TRBV7-9,TRBJ2-1,ASSLVQPRFNEQF,1
TRBV7-9,TRBJ2-1,ASSLVQPRGFDEQF,1
TRBV7-9,TRBJ2-1,ASSLVQPRHYNEKF,1
TRBV7-9,TRBJ2-1,ASSLVQPRNEQF,17
TRBV7-9,TRBJ2-1,ASSLVQPRPYNEQF,4
TRBV7-9,TRBJ2-1,ASSLVQPSLDEQF,1
TRBV7-9,TRBJ2-1,ASSLVQPSYNEQF,1
TRBV7-9,TRBJ2-1,ASSLVQPYNEQF,1
TRBV7-9,TRBJ2-1,ASSLVQQASNEQL,1
TRBV7-9,TRBJ2-1,ASSLVQQAYKEQF,1
TRBV7-9,TRBJ2-1,ASSLVQQAYNEHF,1
TRBV7-9,TRBJ2-1,ASSLVQQAYNEQF,4
TRBV7-9,TRBJ2-1,ASSLVQQAYNEQL,2
TRBV7-9,TRBJ2-1,ASSLVQQAYQEKF,1
TRBV7-9,TRBJ2-1,ASSLVQQAYTEQL,1
TRBV7-9,TRBJ2-1,ASSLVQQGNEQF,15
TRBV7-9,TRBJ2-1,ASSLVQQGRGDNEQF,1
TRBV7-9,TRBJ2-1,ASSLVQQNEQF,4
TRBV7-9,TRBJ2-1,ASSLVQQPGLNNEQF,7
TRBV7-9,TRBJ2-1,ASSLVQQSGLYNEQF,1
TRBV7-9,TRBJ2-1,ASSLVQRADGYEQF,1
TRBV7-9,TRBJ2-1,ASSLVQRAHNEQF,1
TRBV7-9,TRBJ2-1,ASSLVQRANNEQF,1
TRBV7-9,TRBJ2-1,ASSLVQRASGSNEQF,1
TRBV7-9,TRBJ2-1,ASSLVQRAYNEHF,1
TRBV7-9,TRBJ2-1,ASSLVQRDHEQF,2
TRBV7-9,TRBJ2-1,ASSLVQRDRVDEQF,1
TRBV7-9,TRBJ2-1,ASSLVQRDYNEQF,1
TRBV7-9,TRBJ2-1,ASSLVQREAYNEQF,1
TRBV7-9,TRBJ2-1,ASSLVQREDEQF,6
TRBV7-9,TRBJ2-1,ASSLVQREFGNEQF,1
TRBV7-9,TRBJ2-1,ASSLVQRELGNEQF,1
TRBV7-9,TRBJ2-1,ASSLVQRESGNEPF,1
TRBV7-9,TRBJ2-1,ASSLVQRESGNEQF,12
TRBV7-9,TRBJ2-1,ASSLVQRESNEQF,1
TRBV7-9,TRBJ2-1,ASSLVQREWYEQF,1
TRBV7-9,TRBJ2-1,ASSLVQRGGELGEQF,8
TRBV7-9,TRBJ2-1,ASSLVQRGGESGEQF,1
TRBV7-9,TRBJ2-1,ASSLVQRGGWEQF,4
TRBV7-9,TRBJ2-1,ASSLVQRGSYNEQF,1
TRBV7-9,TRBJ2-1,ASSLVQRGYNEQF,10
TRBV7-9,TRBJ2-1,ASSLVQRNEQF,8
TRBV7-9,TRBJ2-1,ASSLVQRNNEQF,1
TRBV7-9,TRBJ2-1,ASSLVQRPYNMHF,1
TRBV7-9,TRBJ2-1,ASSLVQRQTYNEQF,1
TRBV7-9,TRBJ2-1,ASSLVQRRDYNEQF,1
TRBV7-9,TRBJ2-1,ASSLVQRSDEQF,1
TRBV7-9,TRBJ2-1,ASSLVQRSDNEQF,1
TRBV7-9,TRBJ2-1,ASSLVQRSEQF,3
TRBV7-9,TRBJ2-1,ASSLVQRSFYNEQF,1
TRBV7-9,TRBJ2-1,ASSLVQRSGAGSQRWLSYNEQF,1
TRBV7-9,TRBJ2-1,ASSLVQRSSYKEQF,2
TRBV7-9,TRBJ2-1,ASSLVQRSSYNEQF,1
TRBV7-9,TRBJ2-1,ASSLVQRTGHNEQF,1
TRBV7-9,TRBJ2-1,ASSLVQRVTYNEQF,1
TRBV7-9,TRBJ2-1,ASSLVQRVYNEQF,1
TRBV7-9,TRBJ2-1,ASSLVQRVYYNEQF,1
TRBV7-9,TRBJ2-1,ASSLVQRWDLNEQF,1
TRBV7-9,TRBJ2-1,ASSLVQRYEQF,8
TRBV7-9,TRBJ2-1,ASSLVQRYNEQF,1
TRBV7-9,TRBJ2-1,ASSLVQRYYNEQF,1
TRBV7-9,TRBJ2-1,ASSLVQSAHNEQF,1
TRBV7-9,TRBJ2-1,ASSLVQSAYNEQF,2
TRBV7-9,TRBJ2-1,ASSLVQSEQF,5
TRBV7-9,TRBJ2-1,ASSLVQSFSGEQF,11
TRBV7-9,TRBJ2-1,ASSLVQSGGHEQF,1
TRBV7-9,TRBJ2-1,ASSLVQSGNEQF,2
TRBV7-9,TRBJ2-1,ASSLVQSGSDEQF,1
TRBV7-9,TRBJ2-1,ASSLVQSGSGYNEQF,10
TRBV7-9,TRBJ2-1,ASSLVQSGSNEQF,1
TRBV7-9,TRBJ2-1,ASSLVQSLGQGEMDEQF,1
TRBV7-9,TRBJ2-1,ASSLVQSLPFYNEQF,1
TRBV7-9,TRBJ2-1,ASSLVQSNEQF,4
TRBV7-9,TRBJ2-1,ASSLVQSNNEQF,1
TRBV7-9,TRBJ2-1,ASSLVQSPYNEQF,1
TRBV7-9,TRBJ2-1,ASSLVQSRVQQF,21
TRBV7-9,TRBJ2-1,ASSLVQSRVQQS,1
TRBV7-9,TRBJ2-1,ASSLVQSSDEQF,1
TRBV7-9,TRBJ2-1,ASSLVQSSGGRAGNEQF,1
TRBV7-9,TRBJ2-1,ASSLVQSSGRAYNEQF,1
TRBV7-9,TRBJ2-1,ASSLVQSSYDEQL,1
TRBV7-9,TRBJ2-1,ASSLVQSSYNEQF,19
TRBV7-9,TRBJ2-1,ASSLVQSSYNVQF,1
TRBV7-9,TRBJ2-1,ASSLVQSYNEQF,30
TRBV7-9,TRBJ2-1,ASSLVQSYNEQS,1
TRBV7-9,TRBJ2-1,ASSLVQTAGSSYNEQF,1
TRBV7-9,TRBJ2-1,ASSLVQTAYNEQF,1
TRBV7-9,TRBJ2-1,ASSLVQTDEGEIYNEQF,9
TRBV7-9,TRBJ2-1,ASSLVQTGGWNEQF,1
TRBV7-9,TRBJ2-1,ASSLVQTGRDEQF,1
TRBV7-9,TRBJ2-1,ASSLVQTGVLNEQF,2
TRBV7-9,TRBJ2-1,ASSLVQTGYDEQF,1
TRBV7-9,TRBJ2-1,ASSLVQTLAGIRNNEQF,1
TRBV7-9,TRBJ2-1,ASSLVQTLYNEQF,1
TRBV7-9,TRBJ2-1,ASSLVQTNEQF,10
TRBV7-9,TRBJ2-1,ASSLVQTPNEQF,1
TRBV7-9,TRBJ2-1,ASSLVQTRNEQF,1
TRBV7-9,TRBJ2-1,ASSLVQTSESSYNEQF,1
TRBV7-9,TRBJ2-1,ASSLVQTSGPYNEQF,2
TRBV7-9,TRBJ2-1,ASSLVQTSGSSYNEQF,2
TRBV7-9,TRBJ2-1,ASSLVQTSHEQF,1
TRBV7-9,TRBJ2-1,ASSLVQTTPGNEQF,1
TRBV7-9,TRBJ2-1,ASSLVQTWTTHEYNEQF,1
TRBV7-9,TRBJ2-1,ASSLVQVADNEQF,1
TRBV7-9,TRBJ2-1,ASSLVQVAENVQF,1
TRBV7-9,TRBJ2-1,ASSLVQVAFNEQF,1
TRBV7-9,TRBJ2-1,ASSLVQVAQLDQF,1
TRBV7-9,TRBJ2-1,ASSLVQVASGISYNEQF,1
TRBV7-9,TRBJ2-1,ASSLVQVASNEQF,2
TRBV7-9,TRBJ2-1,ASSLVQVAYDDQF,1
TRBV7-9,TRBJ2-1,ASSLVQVAYNAKF,1
TRBV7-9,TRBJ2-1,ASSLVQVAYNAQF,1
TRBV7-9,TRBJ2-1,ASSLVQVAYNDQF,5
TRBV7-9,TRBJ2-1,ASSLVQVAYNDQV,1
TRBV7-9,TRBJ2-1,ASSLVQVAYNEHF,2
TRBV7-9,TRBJ2-1,ASSLVQVAYNEHV,1
TRBV7-9,TRBJ2-1,ASSLVQVAYNEKF,2
TRBV7-9,TRBJ2-1,ASSLVQVAYNENF,1
TRBV7-9,TRBJ2-1,ASSLVQVAYNENV,1
TRBV7-9,TRBJ2-1,ASSLVQVAYNEPF,2
TRBV7-9,TRBJ2-1,ASSLVQVAYNEPV,1
TRBV7-9,TRBJ2-1,ASSLVQVAYNEQF,38
TRBV7-9,TRBJ2-1,ASSLVQVAYNEQL,1
TRBV7-9,TRBJ2-1,ASSLVQVAYNEQS,1
TRBV7-9,TRBJ2-1,ASSLVQVAYNEQV,4
TRBV7-9,TRBJ2-1,ASSLVQVAYNERF,1
TRBV7-9,TRBJ2-1,ASSLVQVAYNGQF,2
TRBV7-9,TRBJ2-1,ASSLVQVAYNKQF,1
TRBV7-9,TRBJ2-1,ASSLVQVAYNQQF,1
TRBV7-9,TRBJ2-1,ASSLVQVAYNTQF,1
TRBV7-9,TRBJ2-1,ASSLVQVAYNVQF,3
TRBV7-9,TRBJ2-1,ASSLVQVDEQF,1
TRBV7-9,TRBJ2-1,ASSLVQVDYNEQF,1
TRBV7-9,TRBJ2-1,ASSLVQVDYNETF,1
TRBV7-9,TRBJ2-1,ASSLVQVGNEQF,1
TRBV7-9,TRBJ2-1,ASSLVQVGRDEQF,1
TRBV7-9,TRBJ2-1,ASSLVQVGSDEQF,1
TRBV7-9,TRBJ2-1,ASSLVQVGSYNEQF,1
TRBV7-9,TRBJ2-1,ASSLVQVGYNEQF,1
TRBV7-9,TRBJ2-1,ASSLVQVGYNVQV,1
TRBV7-9,TRBJ2-1,ASSLVQVHEQF,1
TRBV7-9,TRBJ2-1,ASSLVQVIYNEQF,1
TRBV7-9,TRBJ2-1,ASSLVQVLAGYNEQF,20
TRBV7-9,TRBJ2-1,ASSLVQVLAGYNGQF,1
TRBV7-9,TRBJ2-1,ASSLVQVLNEQF,1
TRBV7-9,TRBJ2-1,ASSLVQVLWDNEQF,1
TRBV7-9,TRBJ2-1,ASSLVQVLYNEQF,1
TRBV7-9,TRBJ2-1,ASSLVQVMNEQF,1
TRBV7-9,TRBJ2-1,ASSLVQVNEQF,6
TRBV7-9,TRBJ2-1,ASSLVQVNRGNEQF,1
TRBV7-9,TRBJ2-1,ASSLVQVRNEQF,1
TRBV7-9,TRBJ2-1,ASSLVQVRYNEQF,5
TRBV7-9,TRBJ2-1,ASSLVQVRYNKQF,1
TRBV7-9,TRBJ2-1,ASSLVQVSCNEQF,1
TRBV7-9,TRBJ2-1,ASSLVQVSNEQF,1
TRBV7-9,TRBJ2-1,ASSLVQVSSYNEQF,1
TRBV7-9,TRBJ2-1,ASSLVQVSTYNEQF,1
TRBV7-9,TRBJ2-1,ASSLVQVSYIEHF,1
TRBV7-9,TRBJ2-1,ASSLVQVSYIKQV,1
TRBV7-9,TRBJ2-1,ASSLVQVSYNAQY,1
TRBV7-9,TRBJ2-1,ASSLVQVSYNDQF,1
TRBV7-9,TRBJ2-1,ASSLVQVSYNEHF,1
TRBV7-9,TRBJ2-1,ASSLVQVSYNEHV,1
TRBV7-9,TRBJ2-1,ASSLVQVSYNEKF,1
TRBV7-9,TRBJ2-1,ASSLVQVSYNEPF,1
TRBV7-9,TRBJ2-1,ASSLVQVSYNEQF,3
TRBV7-9,TRBJ2-1,ASSLVQVSYNEQV,2
TRBV7-9,TRBJ2-1,ASSLVQVSYNGRF,1
TRBV7-9,TRBJ2-1,ASSLVQVSYYEQF,1
TRBV7-9,TRBJ2-1,ASSLVQVTYNEQF,1
TRBV7-9,TRBJ2-1,ASSLVQVVYIEQF,1
TRBV7-9,TRBJ2-1,ASSLVQVVYNEHF,1
TRBV7-9,TRBJ2-1,ASSLVQVVYNELF,1
TRBV7-9,TRBJ2-1,ASSLVQVVYNEQF,2
TRBV7-9,TRBJ2-1,ASSLVQVWGQQGANEQF,1
TRBV7-9,TRBJ2-1,ASSLVQVYNEQF,3
TRBV7-9,TRBJ2-1,ASSLVQWAYHEQF,1
TRBV7-9,TRBJ2-1,ASSLVQWAYNEQF,2
TRBV7-9,TRBJ2-1,ASSLVQWRETIYNEQF,1
TRBV7-9,TRBJ2-1,ASSLVQWSTYNEQF,8
TRBV7-9,TRBJ2-1,ASSLVQWTSLHEQF,1
TRBV7-9,TRBJ2-1,ASSLVQWTSYNEQF,1
TRBV7-9,TRBJ2-1,ASSLVQWVAGDADEQF,1
TRBV7-9,TRBJ2-1,ASSLVQYADIEQF,1
TRBV7-9,TRBJ2-1,ASSLVQYANNEQF,1
TRBV7-9,TRBJ2-1,ASSLVQYAYNEPF,1
TRBV7-9,TRBJ2-1,ASSLVQYAYNEQF,2
TRBV7-9,TRBJ2-1,ASSLVQYEQF,3
TRBV7-9,TRBJ2-1,ASSLVQYFSGSRGYNEQF,2
TRBV7-9,TRBJ2-1,ASSLVQYGNFYNEQF,1
TRBV7-9,TRBJ2-1,ASSLVQYNEKF,1
TRBV7-9,TRBJ2-1,ASSLVQYNEQF,20
TRBV7-9,TRBJ2-1,ASSLVQYSYNEQF,1
TRBV7-9,TRBJ2-1,ASSLVRAACNEQF,1
TRBV7-9,TRBJ2-1,ASSLVRAADNDQL,1
TRBV7-9,TRBJ2-1,ASSLVRAADNELF,1
TRBV7-9,TRBJ2-1,ASSLVRAADNEQF,2
TRBV7-9,TRBJ2-1,ASSLVRAADYEQF,1
TRBV7-9,TRBJ2-1,ASSLVRAAENEQF,1
TRBV7-9,TRBJ2-1,ASSLVRAAGWASYNEQF,1
TRBV7-9,TRBJ2-1,ASSLVRAAGYNEQF,1
TRBV7-9,TRBJ2-1,ASSLVRAAKNEQF,1
TRBV7-9,TRBJ2-1,ASSLVRAANTEHF,1
TRBV7-9,TRBJ2-1,ASSLVRAAPNERF,1
TRBV7-9,TRBJ2-1,ASSLVRAASNEQF,1
TRBV7-9,TRBJ2-1,ASSLVRAAVSSYNEQF,1
TRBV7-9,TRBJ2-1,ASSLVRAAYDEQF,1
TRBV7-9,TRBJ2-1,ASSLVRAAYKEHF,1
TRBV7-9,TRBJ2-1,ASSLVRAAYKEQF,4
TRBV7-9,TRBJ2-1,ASSLVRAAYNAQF,3
TRBV7-9,TRBJ2-1,ASSLVRAAYNDHF,1
TRBV7-9,TRBJ2-1,ASSLVRAAYNDQF,2
TRBV7-9,TRBJ2-1,ASSLVRAAYNEKF,2
TRBV7-9,TRBJ2-1,ASSLVRAAYNEPF,1
TRBV7-9,TRBJ2-1,ASSLVRAAYNEQC,3
TRBV7-9,TRBJ2-1,ASSLVRAAYNEQF,51
TRBV7-9,TRBJ2-1,ASSLVRAAYNEQL,4
TRBV7-9,TRBJ2-1,ASSLVRAAYNEQV,2
TRBV7-9,TRBJ2-1,ASSLVRAAYNEQY,1
TRBV7-9,TRBJ2-1,ASSLVRAAYNGQF,2
TRBV7-9,TRBJ2-1,ASSLVRAAYNKQF,1
TRBV7-9,TRBJ2-1,ASSLVRAAYNQQF,3
TRBV7-9,TRBJ2-1,ASSLVRAAYNVQF,1
TRBV7-9,TRBJ2-1,ASSLVRAAYSKPF,1
TRBV7-9,TRBJ2-1,ASSLVRAAYSVQF,2
TRBV7-9,TRBJ2-1,ASSLVRAAYTEQF,1
TRBV7-9,TRBJ2-1,ASSLVRADDNEPF,1
TRBV7-9,TRBJ2-1,ASSLVRADENEQF,1
TRBV7-9,TRBJ2-1,ASSLVRADEQF,10
TRBV7-9,TRBJ2-1,ASSLVRADGNEQF,1
TRBV7-9,TRBJ2-1,ASSLVRADNEQF,1
TRBV7-9,TRBJ2-1,ASSLVRADPHEQF,1
TRBV7-9,TRBJ2-1,ASSLVRADRYNEQF,4
TRBV7-9,TRBJ2-1,ASSLVRADYKEQF,1
TRBV7-9,TRBJ2-1,ASSLVRADYNEQF,4
TRBV7-9,TRBJ2-1,ASSLVRADYTEQF,1
TRBV7-9,TRBJ2-1,ASSLVRAEIYNEQF,1
TRBV7-9,TRBJ2-1,ASSLVRAELNEQF,1
TRBV7-9,TRBJ2-1,ASSLVRAEQF,6
TRBV7-9,TRBJ2-1,ASSLVRAERVEQF,1
TRBV7-9,TRBJ2-1,ASSLVRAEYNEQF,1
TRBV7-9,TRBJ2-1,ASSLVRAFNEQF,1
TRBV7-9,TRBJ2-1,ASSLVRAGANEQF,1
TRBV7-9,TRBJ2-1,ASSLVRAGAYDEQF,5
TRBV7-9,TRBJ2-1,ASSLVRAGCNEQF,1
TRBV7-9,TRBJ2-1,ASSLVRAGDDNEQF,1
TRBV7-9,TRBJ2-1,ASSLVRAGDEQF,1
TRBV7-9,TRBJ2-1,ASSLVRAGDNEQF,2
TRBV7-9,TRBJ2-1,ASSLVRAGDSNEQF,1
TRBV7-9,TRBJ2-1,ASSLVRAGEGNEQF,2
TRBV7-9,TRBJ2-1,ASSLVRAGGANEQF,1
TRBV7-9,TRBJ2-1,ASSLVRAGGAYNEQF,1
TRBV7-9,TRBJ2-1,ASSLVRAGGDEQF,16
TRBV7-9,TRBJ2-1,ASSLVRAGGDGQF,1
TRBV7-9,TRBJ2-1,ASSLVRAGGFVFYNEQF,1
TRBV7-9,TRBJ2-1,ASSLVRAGGGEQF,4
TRBV7-9,TRBJ2-1,ASSLVRAGGIDEQF,1
TRBV7-9,TRBJ2-1,ASSLVRAGGLDEQF,1
TRBV7-9,TRBJ2-1,ASSLVRAGGLV,15
TRBV7-9,TRBJ2-1,ASSLVRAGGPLPGLYNEQF,1
TRBV7-9,TRBJ2-1,ASSLVRAGGPLRGLYNEQF,18
TRBV7-9,TRBJ2-1,ASSLVRAGGRGEQF,10
TRBV7-9,TRBJ2-1,ASSLVRAGGSDDQF,1
TRBV7-9,TRBJ2-1,ASSLVRAGGSDEQF,10
TRBV7-9,TRBJ2-1,ASSLVRAGGYNEQF,2
TRBV7-9,TRBJ2-1,ASSLVRAGKDNEQF,1
TRBV7-9,TRBJ2-1,ASSLVRAGLLAAANEQF,1
TRBV7-9,TRBJ2-1,ASSLVRAGLNEQF,1
TRBV7-9,TRBJ2-1,ASSLVRAGLTYNEQF,1
TRBV7-9,TRBJ2-1,ASSLVRAGMDNEQF,1
TRBV7-9,TRBJ2-1,ASSLVRAGNEQF,1
TRBV7-9,TRBJ2-1,ASSLVRAGQNEKF,1
TRBV7-9,TRBJ2-1,ASSLVRAGSNEHF,1
TRBV7-9,TRBJ2-1,ASSLVRAGSYDEQF,1
TRBV7-9,TRBJ2-1,ASSLVRAGSYHEQF,1
TRBV7-9,TRBJ2-1,ASSLVRAGSYNDQF,2
TRBV7-9,TRBJ2-1,ASSLVRAGSYNELF,1
TRBV7-9,TRBJ2-1,ASSLVRAGSYNEQF,66
TRBV7-9,TRBJ2-1,ASSLVRAGSYTEQF,1
TRBV7-9,TRBJ2-1,ASSLVRAGTYEQY,4
TRBV7-9,TRBJ2-1,ASSLVRAGTYNEQF,2
TRBV7-9,TRBJ2-1,ASSLVRAGVGHEQF,1
TRBV7-9,TRBJ2-1,ASSLVRAGVGNEQF,6
TRBV7-9,TRBJ2-1,ASSLVRAGVHEQF,1
TRBV7-9,TRBJ2-1,ASSLVRAGVSNEQF,1
TRBV7-9,TRBJ2-1,ASSLVRAGVVHNEQF,1
TRBV7-9,TRBJ2-1,ASSLVRAGWEDEQF,1
TRBV7-9,TRBJ2-1,ASSLVRAGWLDEQF,1
TRBV7-9,TRBJ2-1,ASSLVRAGYNEQF,18
TRBV7-9,TRBJ2-1,ASSLVRAGYNKKV,1
TRBV7-9,TRBJ2-1,ASSLVRAGYNKQL,1
TRBV7-9,TRBJ2-1,ASSLVRAGYSHEQF,1
TRBV7-9,TRBJ2-1,ASSLVRAHEEF,1
TRBV7-9,TRBJ2-1,ASSLVRAHEQF,10
TRBV7-9,TRBJ2-1,ASSLVRAIPNEQF,1
TRBV7-9,TRBJ2-1,ASSLVRAISYNEQF,8
TRBV7-9,TRBJ2-1,ASSLVRAITSNGTNEQF,1
TRBV7-9,TRBJ2-1,ASSLVRAITTNGTNEQF,8
TRBV7-9,TRBJ2-1,ASSLVRAKTGLAGVNEQF,8
TRBV7-9,TRBJ2-1,ASSLVRAKTGLAVVNEQF,1
TRBV7-9,TRBJ2-1,ASSLVRALGLNEQF,1
TRBV7-9,TRBJ2-1,ASSLVRALGRNEQF,36
TRBV7-9,TRBJ2-1,ASSLVRALGRNEQV,1
TRBV7-9,TRBJ2-1,ASSLVRALSESDEQF,9
TRBV7-9,TRBJ2-1,ASSLVRALSYNEQF,1
TRBV7-9,TRBJ2-1,ASSLVRANEQF,6
TRBV7-9,TRBJ2-1,ASSLVRANNEQF,2
TRBV7-9,TRBJ2-1,ASSLVRAPAYNEQF,1
TRBV7-9,TRBJ2-1,ASSLVRAPSYNEQF,12
TRBV7-9,TRBJ2-1,ASSLVRAPWDEQF,1
TRBV7-9,TRBJ2-1,ASSLVRAQGDEQF,1
TRBV7-9,TRBJ2-1,ASSLVRAQGEHNEQF,4
TRBV7-9,TRBJ2-1,ASSLVRAQLDEQF,5
TRBV7-9,TRBJ2-1,ASSLVRAQNEQF,1
TRBV7-9,TRBJ2-1,ASSLVRAQWGDNEQF,1
TRBV7-9,TRBJ2-1,ASSLVRAQYYNEQF,2
TRBV7-9,TRBJ2-1,ASSLVRARGDEQF,1
TRBV7-9,TRBJ2-1,ASSLVRARNEQF,7
TRBV7-9,TRBJ2-1,ASSLVRARYNEQF,1
TRBV7-9,TRBJ2-1,ASSLVRASAYNEQF,1
TRBV7-9,TRBJ2-1,ASSLVRASGGNEQF,20
TRBV7-9,TRBJ2-1,ASSLVRASGINEQF,1
TRBV7-9,TRBJ2-1,ASSLVRASGISYNEQF,1
TRBV7-9,TRBJ2-1,ASSLVRASGNNEQF,1
TRBV7-9,TRBJ2-1,ASSLVRASGNYNEQF,1
TRBV7-9,TRBJ2-1,ASSLVRASGPPASSYNEQF,8
TRBV7-9,TRBJ2-1,ASSLVRASGPSSYNEQF,1
TRBV7-9,TRBJ2-1,ASSLVRASGRAMGNEQF,1
TRBV7-9,TRBJ2-1,ASSLVRASGRGPYNEQF,1
TRBV7-9,TRBJ2-1,ASSLVRASGRRNEQF,1
TRBV7-9,TRBJ2-1,ASSLVRASGSNEQF,5
TRBV7-9,TRBJ2-1,ASSLVRASIDNEQC,1
TRBV7-9,TRBJ2-1,ASSLVRASIDNEQF,18
TRBV7-9,TRBJ2-1,ASSLVRASISNTYNEQF,6
TRBV7-9,TRBJ2-1,ASSLVRASNEQF,1
TRBV7-9,TRBJ2-1,ASSLVRASQF,1
TRBV7-9,TRBJ2-1,ASSLVRASSYNEQF,1
TRBV7-9,TRBJ2-1,ASSLVRASYNEQF,14
TRBV7-9,TRBJ2-1,ASSLVRATDEQF,1
TRBV7-9,TRBJ2-1,ASSLVRATGYNEQF,1
TRBV7-9,TRBJ2-1,ASSLVRATRASYNEQF,1
TRBV7-9,TRBJ2-1,ASSLVRATSYNEQF,1
TRBV7-9,TRBJ2-1,ASSLVRATTYNEQF,1
TRBV7-9,TRBJ2-1,ASSLVRATYNAQF,1
TRBV7-9,TRBJ2-1,ASSLVRAVDEQF,1
TRBV7-9,TRBJ2-1,ASSLVRAVLYNEQF,1
TRBV7-9,TRBJ2-1,ASSLVRAVRSYNEQF,1
TRBV7-9,TRBJ2-1,ASSLVRAVYNEQF,1
TRBV7-9,TRBJ2-1,ASSLVRAWDNEQF,1
TRBV7-9,TRBJ2-1,ASSLVRAWGNEQF,1
TRBV7-9,TRBJ2-1,ASSLVRAWHLWF,1
TRBV7-9,TRBJ2-1,ASSLVRAYEQF,2
TRBV7-9,TRBJ2-1,ASSLVRAYNEQF,2
TRBV7-9,TRBJ2-1,ASSLVRAYRGIYNEQF,1
TRBV7-9,TRBJ2-1,ASSLVRAYYNEQF,1
TRBV7-9,TRBJ2-1,ASSLVRCFYKEQF,1
TRBV7-9,TRBJ2-1,ASSLVRDACNEQF,1
TRBV7-9,TRBJ2-1,ASSLVRDADNAQF,1
TRBV7-9,TRBJ2-1,ASSLVRDADNDQF,1
TRBV7-9,TRBJ2-1,ASSLVRDADNEQF,4
TRBV7-9,TRBJ2-1,ASSLVRDADNKRL,1
TRBV7-9,TRBJ2-1,ASSLVRDADSEKF,1
TRBV7-9,TRBJ2-1,ASSLVRDAHKEQF,1
TRBV7-9,TRBJ2-1,ASSLVRDAHNEQF,8
TRBV7-9,TRBJ2-1,ASSLVRDAHNEQY,4
TRBV7-9,TRBJ2-1,ASSLVRDANNEQC,1
TRBV7-9,TRBJ2-1,ASSLVRDANNEQF,1
TRBV7-9,TRBJ2-1,ASSLVRDAPNEQF,3
TRBV7-9,TRBJ2-1,ASSLVRDAPYEQF,2
TRBV7-9,TRBJ2-1,ASSLVRDASNEQC,1
TRBV7-9,TRBJ2-1,ASSLVRDASNEQF,12
TRBV7-9,TRBJ2-1,ASSLVRDASNEQS,1
TRBV7-9,TRBJ2-1,ASSLVRDASNEQY,1
TRBV7-9,TRBJ2-1,ASSLVRDASYEQF,2
TRBV7-9,TRBJ2-1,ASSLVRDASYEQY,1
TRBV7-9,TRBJ2-1,ASSLVRDAVNEQF,1
TRBV7-9,TRBJ2-1,ASSLVRDAYDDEF,1
TRBV7-9,TRBJ2-1,ASSLVRDAYDEQF,3
TRBV7-9,TRBJ2-1,ASSLVRDAYHEQF,4
TRBV7-9,TRBJ2-1,ASSLVRDAYIEQF,2
TRBV7-9,TRBJ2-1,ASSLVRDAYKEQF,8
TRBV7-9,TRBJ2-1,ASSLVRDAYKGQF,1
TRBV7-9,TRBJ2-1,ASSLVRDAYNAQF,1
TRBV7-9,TRBJ2-1,ASSLVRDAYNEEF,1
TRBV7-9,TRBJ2-1,ASSLVRDAYNEEV,1
TRBV7-9,TRBJ2-1,ASSLVRDAYNEHF,2
TRBV7-9,TRBJ2-1,ASSLVRDAYNEKI,1
TRBV7-9,TRBJ2-1,ASSLVRDAYNEPF,1
TRBV7-9,TRBJ2-1,ASSLVRDAYNEQC,2
TRBV7-9,TRBJ2-1,ASSLVRDAYNEQF,113
TRBV7-9,TRBJ2-1,ASSLVRDAYNEQG,1
TRBV7-9,TRBJ2-1,ASSLVRDAYNEQV,2
TRBV7-9,TRBJ2-1,ASSLVRDAYNEQY,4
TRBV7-9,TRBJ2-1,ASSLVRDAYNKQF,2
TRBV7-9,TRBJ2-1,ASSLVRDAYNQQF,1
TRBV7-9,TRBJ2-1,ASSLVRDAYQELF,1
TRBV7-9,TRBJ2-1,ASSLVRDAYYEQC,1
TRBV7-9,TRBJ2-1,ASSLVRDAYYEQF,1
TRBV7-9,TRBJ2-1,ASSLVRDAYYEQI,1
TRBV7-9,TRBJ2-1,ASSLVRDDEQF,1
TRBV7-9,TRBJ2-1,ASSLVRDDNEQF,1
TRBV7-9,TRBJ2-1,ASSLVRDDPYNEQF,1
TRBV7-9,TRBJ2-1,ASSLVRDDVNDQF,1
TRBV7-9,TRBJ2-1,ASSLVRDDYNEQF,1
TRBV7-9,TRBJ2-1,ASSLVRDEEY,1
TRBV7-9,TRBJ2-1,ASSLVRDEGNEQF,1
TRBV7-9,TRBJ2-1,ASSLVRDEGSHEQF,1
TRBV7-9,TRBJ2-1,ASSLVRDEKQF,1
TRBV7-9,TRBJ2-1,ASSLVRDELF,2
TRBV7-9,TRBJ2-1,ASSLVRDEQC,1
TRBV7-9,TRBJ2-1,ASSLVRDEQF,101
TRBV7-9,TRBJ2-1,ASSLVRDFDNEQF,1
TRBV7-9,TRBJ2-1,ASSLVRDFLVHEQF,1
TRBV7-9,TRBJ2-1,ASSLVRDFNEQF,1
TRBV7-9,TRBJ2-1,ASSLVRDFPVDEQF,1
TRBV7-9,TRBJ2-1,ASSLVRDFWTNEQF,5
TRBV7-9,TRBJ2-1,ASSLVRDGDEQF,1
TRBV7-9,TRBJ2-1,ASSLVRDGGNEQF,12
TRBV7-9,TRBJ2-1,ASSLVRDGREYNEQF,20
TRBV7-9,TRBJ2-1,ASSLVRDGRYNEQF,1
TRBV7-9,TRBJ2-1,ASSLVRDGYNEQV,1
TRBV7-9,TRBJ2-1,ASSLVRDGYNTQY,1
TRBV7-9,TRBJ2-1,ASSLVRDGYYKEQF,1
TRBV7-9,TRBJ2-1,ASSLVRDGYYNEQF,14
TRBV7-9,TRBJ2-1,ASSLVRDHEQF,12
TRBV7-9,TRBJ2-1,ASSLVRDHNEQF,3
TRBV7-9,TRBJ2-1,ASSLVRDINEQF,1
TRBV7-9,TRBJ2-1,ASSLVRDISYNEQF,1
TRBV7-9,TRBJ2-1,ASSLVRDKAYNEQF,5
TRBV7-9,TRBJ2-1,ASSLVRDKDDEQF,1
TRBV7-9,TRBJ2-1,ASSLVRDKDHEQF,2
TRBV7-9,TRBJ2-1,ASSLVRDKDNEQF,90
TRBV7-9,TRBJ2-1,ASSLVRDKTGLAGVNEQF,2
TRBV7-9,TRBJ2-1,ASSLVRDKYNEQF,2
TRBV7-9,TRBJ2-1,ASSLVRDLALNNEQF,1
TRBV7-9,TRBJ2-1,ASSLVRDLALNNEQL,1
TRBV7-9,TRBJ2-1,ASSLVRDLEGQISDNEQF,1
TRBV7-9,TRBJ2-1,ASSLVRDLEGQISYNEQF,2
TRBV7-9,TRBJ2-1,ASSLVRDLFNEQF,11
TRBV7-9,TRBJ2-1,ASSLVRDLFTEQF,1
TRBV7-9,TRBJ2-1,ASSLVRDLHNEQF,1
TRBV7-9,TRBJ2-1,ASSLVRDLTYNEQF,1
TRBV7-9,TRBJ2-1,ASSLVRDLYNEQF,1
TRBV7-9,TRBJ2-1,ASSLVRDNEQF,30
TRBV7-9,TRBJ2-1,ASSLVRDNHNAQI,1
TRBV7-9,TRBJ2-1,ASSLVRDNPYNEQF,1
TRBV7-9,TRBJ2-1,ASSLVRDNYNEQF,1
TRBV7-9,TRBJ2-1,ASSLVRDPRGNEQF,1
TRBV7-9,TRBJ2-1,ASSLVRDPSSYNEQF,1
TRBV7-9,TRBJ2-1,ASSLVRDPYNEQF,21
TRBV7-9,TRBJ2-1,ASSLVRDQPYNEQF,1
TRBV7-9,TRBJ2-1,ASSLVRDRAYNEQF,12
TRBV7-9,TRBJ2-1,ASSLVRDRDKYEQF,1
TRBV7-9,TRBJ2-1,ASSLVRDRDYNEKF,1
TRBV7-9,TRBJ2-1,ASSLVRDRDYNEQF,2
TRBV7-9,TRBJ2-1,ASSLVRDREAYNEQF,1
TRBV7-9,TRBJ2-1,ASSLVRDRGIYEQF,1
TRBV7-9,TRBJ2-1,ASSLVRDRGLGYYNEQF,1
TRBV7-9,TRBJ2-1,ASSLVRDRGRDEQF,1
TRBV7-9,TRBJ2-1,ASSLVRDRGYEQF,1
TRBV7-9,TRBJ2-1,ASSLVRDRGYNEQF,16
TRBV7-9,TRBJ2-1,ASSLVRDRNEQF,19
TRBV7-9,TRBJ2-1,ASSLVRDRNNEQF,1
TRBV7-9,TRBJ2-1,ASSLVRDRSSYNEQF,1
TRBV7-9,TRBJ2-1,ASSLVRDRVDEQF,1
TRBV7-9,TRBJ2-1,ASSLVRDRVNEQF,1
TRBV7-9,TRBJ2-1,ASSLVRDRVYNEQF,1
TRBV7-9,TRBJ2-1,ASSLVRDRYNEQF,1
TRBV7-9,TRBJ2-1,ASSLVRDSCNEQF,1
TRBV7-9,TRBJ2-1,ASSLVRDSDNEQF,5
TRBV7-9,TRBJ2-1,ASSLVRDSEPELF,1
TRBV7-9,TRBJ2-1,ASSLVRDSFAYNEQF,1
TRBV7-9,TRBJ2-1,ASSLVRDSGSYNEQF,3
TRBV7-9,TRBJ2-1,ASSLVRDSGYNEQF,1
TRBV7-9,TRBJ2-1,ASSLVRDSHEQF,1
TRBV7-9,TRBJ2-1,ASSLVRDSHNEQF,3
TRBV7-9,TRBJ2-1,ASSLVRDSHYEQF,1
TRBV7-9,TRBJ2-1,ASSLVRDSLYNEQF,1
TRBV7-9,TRBJ2-1,ASSLVRDSNEQF,2
TRBV7-9,TRBJ2-1,ASSLVRDSPNEQY,1
TRBV7-9,TRBJ2-1,ASSLVRDSPQQF,6
TRBV7-9,TRBJ2-1,ASSLVRDSRSYNEQF,1
TRBV7-9,TRBJ2-1,ASSLVRDSSHNEQF,1
TRBV7-9,TRBJ2-1,ASSLVRDSSNEQF,2
TRBV7-9,TRBJ2-1,ASSLVRDSSYEQF,1
TRBV7-9,TRBJ2-1,ASSLVRDSSYNEQF,18
TRBV7-9,TRBJ2-1,ASSLVRDSTNEQY,1
TRBV7-9,TRBJ2-1,ASSLVRDSTVREQF,3
TRBV7-9,TRBJ2-1,ASSLVRDSTYNEQF,1
TRBV7-9,TRBJ2-1,ASSLVRDSYDEQF,1
TRBV7-9,TRBJ2-1,ASSLVRDSYHEQF,1
TRBV7-9,TRBJ2-1,ASSLVRDSYNAQF,1
TRBV7-9,TRBJ2-1,ASSLVRDSYNDQF,1
TRBV7-9,TRBJ2-1,ASSLVRDSYNEKF,2
TRBV7-9,TRBJ2-1,ASSLVRDSYNEKV,1
TRBV7-9,TRBJ2-1,ASSLVRDSYNELF,1
TRBV7-9,TRBJ2-1,ASSLVRDSYNEQC,1
TRBV7-9,TRBJ2-1,ASSLVRDSYNEQF,225
TRBV7-9,TRBJ2-1,ASSLVRDSYNEQY,4
TRBV7-9,TRBJ2-1,ASSLVRDSYNVQF,1
TRBV7-9,TRBJ2-1,ASSLVRDSYSEQF,2
TRBV7-9,TRBJ2-1,ASSLVRDSYYEQF,1
TRBV7-9,TRBJ2-1,ASSLVRDTEQF,1
TRBV7-9,TRBJ2-1,ASSLVRDTINEQF,7
TRBV7-9,TRBJ2-1,ASSLVRDTYNEQF,18
TRBV7-9,TRBJ2-1,ASSLVRDVFDEQF,1
TRBV7-9,TRBJ2-1,ASSLVRDVYDEQF,1
TRBV7-9,TRBJ2-1,ASSLVRDYEQF,1
TRBV7-9,TRBJ2-1,ASSLVRDYGNEQF,1
TRBV7-9,TRBJ2-1,ASSLVRDYNEQF,11
TRBV7-9,TRBJ2-1,ASSLVRDYPVDEQF,9
TRBV7-9,TRBJ2-1,ASSLVRDYYNEQF,2
TRBV7-9,TRBJ2-1,ASSLVREAADEQF,1
TRBV7-9,TRBJ2-1,ASSLVREAAKEQF,1
TRBV7-9,TRBJ2-1,ASSLVREAANEQF,3
TRBV7-9,TRBJ2-1,ASSLVREACNDQF,1
TRBV7-9,TRBJ2-1,ASSLVREACNEQF,8
TRBV7-9,TRBJ2-1,ASSLVREACNEQL,2
TRBV7-9,TRBJ2-1,ASSLVREACNEQV,1
TRBV7-9,TRBJ2-1,ASSLVREACNVPL,1
TRBV7-9,TRBJ2-1,ASSLVREACTEQF,1
TRBV7-9,TRBJ2-1,ASSLVREACYEQF,1
TRBV7-9,TRBJ2-1,ASSLVREADDEQF,1
TRBV7-9,TRBJ2-1,ASSLVREADHEQG,1
TRBV7-9,TRBJ2-1,ASSLVREADIEQC,1
TRBV7-9,TRBJ2-1,ASSLVREADIEQV,1
TRBV7-9,TRBJ2-1,ASSLVREADKEQF,5
TRBV7-9,TRBJ2-1,ASSLVREADNAQF,1
TRBV7-9,TRBJ2-1,ASSLVREADNDQV,1
TRBV7-9,TRBJ2-1,ASSLVREADNEEF,1
TRBV7-9,TRBJ2-1,ASSLVREADNEHF,1
TRBV7-9,TRBJ2-1,ASSLVREADNEKF,1
TRBV7-9,TRBJ2-1,ASSLVREADNEQC,2
TRBV7-9,TRBJ2-1,ASSLVREADNEQF,68
TRBV7-9,TRBJ2-1,ASSLVREADNEQV,1
TRBV7-9,TRBJ2-1,ASSLVREADNEQY,4
TRBV7-9,TRBJ2-1,ASSLVREADNERF,1
TRBV7-9,TRBJ2-1,ASSLVREADNGQF,1
TRBV7-9,TRBJ2-1,ASSLVREADNKQF,1
TRBV7-9,TRBJ2-1,ASSLVREADNVQF,3
TRBV7-9,TRBJ2-1,ASSLVREADSEQF,2
TRBV7-9,TRBJ2-1,ASSLVREADYEQF,1
TRBV7-9,TRBJ2-1,ASSLVREADYEQS,1
TRBV7-9,TRBJ2-1,ASSLVREAENDQF,1
TRBV7-9,TRBJ2-1,ASSLVREAENEQF,2
TRBV7-9,TRBJ2-1,ASSLVREAENGLF,1
TRBV7-9,TRBJ2-1,ASSLVREAENKQF,1
TRBV7-9,TRBJ2-1,ASSLVREAETEQF,1
TRBV7-9,TRBJ2-1,ASSLVREAFKEQF,1
TRBV7-9,TRBJ2-1,ASSLVREAFNELF,1
TRBV7-9,TRBJ2-1,ASSLVREAFNEQF,4
TRBV7-9,TRBJ2-1,ASSLVREAFNKQF,1
TRBV7-9,TRBJ2-1,ASSLVREAFNSQF,1
TRBV7-9,TRBJ2-1,ASSLVREAGHEQF,1
TRBV7-9,TRBJ2-1,ASSLVREAGNEQF,1
TRBV7-9,TRBJ2-1,ASSLVREAHHEQF,1
TRBV7-9,TRBJ2-1,ASSLVREAHHEQV,1
TRBV7-9,TRBJ2-1,ASSLVREAHIEQF,1
TRBV7-9,TRBJ2-1,ASSLVREAHNEQF,60
TRBV7-9,TRBJ2-1,ASSLVREAHNEQY,5
TRBV7-9,TRBJ2-1,ASSLVREAHNGQV,1
TRBV7-9,TRBJ2-1,ASSLVREAHNKQV,1
TRBV7-9,TRBJ2-1,ASSLVREAHYEQS,1
TRBV7-9,TRBJ2-1,ASSLVREAKKELF,1
TRBV7-9,TRBJ2-1,ASSLVREAKNEHF,1
TRBV7-9,TRBJ2-1,ASSLVREAKNEPF,1
TRBV7-9,TRBJ2-1,ASSLVREAKNEQF,4
TRBV7-9,TRBJ2-1,ASSLVREAKNEQY,1
TRBV7-9,TRBJ2-1,ASSLVREAKNKQY,1
TRBV7-9,TRBJ2-1,ASSLVREALIDNEQF,1
TRBV7-9,TRBJ2-1,ASSLVREALNEQF,1
TRBV7-9,TRBJ2-1,ASSLVREANEQF,1
TRBV7-9,TRBJ2-1,ASSLVREANHEQF,2
TRBV7-9,TRBJ2-1,ASSLVREANKEQF,2
TRBV7-9,TRBJ2-1,ASSLVREANNDPC,1
TRBV7-9,TRBJ2-1,ASSLVREANNEPF,1
TRBV7-9,TRBJ2-1,ASSLVREANNEQF,18
TRBV7-9,TRBJ2-1,ASSLVREANNEQL,1
TRBV7-9,TRBJ2-1,ASSLVREANNEQS,1
TRBV7-9,TRBJ2-1,ASSLVREANNKQF,2
TRBV7-9,TRBJ2-1,ASSLVREAPNEQF,5
TRBV7-9,TRBJ2-1,ASSLVREAPNEQY,1
TRBV7-9,TRBJ2-1,ASSLVREAQHGQL,1
TRBV7-9,TRBJ2-1,ASSLVREAQNEPF,1
TRBV7-9,TRBJ2-1,ASSLVREAQNEQF,3
TRBV7-9,TRBJ2-1,ASSLVREASDEQF,1
TRBV7-9,TRBJ2-1,ASSLVREASGYNEQF,1
TRBV7-9,TRBJ2-1,ASSLVREASHEQF,1
TRBV7-9,TRBJ2-1,ASSLVREASKEQF,1
TRBV7-9,TRBJ2-1,ASSLVREASNAQF,1
TRBV7-9,TRBJ2-1,ASSLVREASNDQF,1
TRBV7-9,TRBJ2-1,ASSLVREASNEKF,1
TRBV7-9,TRBJ2-1,ASSLVREASNEQA,1
TRBV7-9,TRBJ2-1,ASSLVREASNEQF,46
TRBV7-9,TRBJ2-1,ASSLVREASNEQY,3
TRBV7-9,TRBJ2-1,ASSLVREASNERF,1
TRBV7-9,TRBJ2-1,ASSLVREASNKQL,1
TRBV7-9,TRBJ2-1,ASSLVREASNKQV,1
TRBV7-9,TRBJ2-1,ASSLVREASTEQF,1
TRBV7-9,TRBJ2-1,ASSLVREASYEQF,1
TRBV7-9,TRBJ2-1,ASSLVREATNEQF,1
TRBV7-9,TRBJ2-1,ASSLVREATNEQY,1
TRBV7-9,TRBJ2-1,ASSLVREAVKEQF,1
TRBV7-9,TRBJ2-1,ASSLVREAWNEQF,1
TRBV7-9,TRBJ2-1,ASSLVREAYDAQF,1
TRBV7-9,TRBJ2-1,ASSLVREAYDDQF,1
TRBV7-9,TRBJ2-1,ASSLVREAYDELL,1
TRBV7-9,TRBJ2-1,ASSLVREAYDEQC,1
TRBV7-9,TRBJ2-1,ASSLVREAYDEQF,20
TRBV7-9,TRBJ2-1,ASSLVREAYDEQL,1
TRBV7-9,TRBJ2-1,ASSLVREAYDEQY,2
TRBV7-9,TRBJ2-1,ASSLVREAYEEQF,1
TRBV7-9,TRBJ2-1,ASSLVREAYGGGF,1
TRBV7-9,TRBJ2-1,ASSLVREAYHEEF,1
TRBV7-9,TRBJ2-1,ASSLVREAYHEPF,2
TRBV7-9,TRBJ2-1,ASSLVREAYHEQC,1
TRBV7-9,TRBJ2-1,ASSLVREAYHEQF,20
TRBV7-9,TRBJ2-1,ASSLVREAYHEQV,1
TRBV7-9,TRBJ2-1,ASSLVREAYHEQY,1
TRBV7-9,TRBJ2-1,ASSLVREAYHKQL,1
TRBV7-9,TRBJ2-1,ASSLVREAYHQPF,1
TRBV7-9,TRBJ2-1,ASSLVREAYIEEF,1
TRBV7-9,TRBJ2-1,ASSLVREAYIEKF,1
TRBV7-9,TRBJ2-1,ASSLVREAYIEQF,6
TRBV7-9,TRBJ2-1,ASSLVREAYIEQV,1
TRBV7-9,TRBJ2-1,ASSLVREAYIGQY,1
TRBV7-9,TRBJ2-1,ASSLVREAYKAQF,4
TRBV7-9,TRBJ2-1,ASSLVREAYKDLF,1
TRBV7-9,TRBJ2-1,ASSLVREAYKDQF,1
TRBV7-9,TRBJ2-1,ASSLVREAYKEHF,4
TRBV7-9,TRBJ2-1,ASSLVREAYKEHV,1
TRBV7-9,TRBJ2-1,ASSLVREAYKEKF,3
TRBV7-9,TRBJ2-1,ASSLVREAYKELF,1
TRBV7-9,TRBJ2-1,ASSLVREAYKEPF,1
TRBV7-9,TRBJ2-1,ASSLVREAYKEQF,133
TRBV7-9,TRBJ2-1,ASSLVREAYKEQH,1
TRBV7-9,TRBJ2-1,ASSLVREAYKEQL,4
TRBV7-9,TRBJ2-1,ASSLVREAYKEQV,2
TRBV7-9,TRBJ2-1,ASSLVREAYKEQY,1
TRBV7-9,TRBJ2-1,ASSLVREAYKGQF,2
TRBV7-9,TRBJ2-1,ASSLVREAYKKKF,1
TRBV7-9,TRBJ2-1,ASSLVREAYKKQF,1
TRBV7-9,TRBJ2-1,ASSLVREAYKQQF,1
TRBV7-9,TRBJ2-1,ASSLVREAYKVQF,1
TRBV7-9,TRBJ2-1,ASSLVREAYKYQF,1
TRBV7-9,TRBJ2-1,ASSLVREAYNADF,2
TRBV7-9,TRBJ2-1,ASSLVREAYNAKF,1
TRBV7-9,TRBJ2-1,ASSLVREAYNALF,2
TRBV7-9,TRBJ2-1,ASSLVREAYNAPF,1
TRBV7-9,TRBJ2-1,ASSLVREAYNAQC,1
TRBV7-9,TRBJ2-1,ASSLVREAYNAQF,36
TRBV7-9,TRBJ2-1,ASSLVREAYNAQI,1
TRBV7-9,TRBJ2-1,ASSLVREAYNAQY,2
TRBV7-9,TRBJ2-1,ASSLVREAYNDHC,1
TRBV7-9,TRBJ2-1,ASSLVREAYNDHF,3
TRBV7-9,TRBJ2-1,ASSLVREAYNDKF,2
TRBV7-9,TRBJ2-1,ASSLVREAYNDLF,1
TRBV7-9,TRBJ2-1,ASSLVREAYNDPF,1
TRBV7-9,TRBJ2-1,ASSLVREAYNDQF,46
TRBV7-9,TRBJ2-1,ASSLVREAYNDQV,2
TRBV7-9,TRBJ2-1,ASSLVREAYNEDF,1
TRBV7-9,TRBJ2-1,ASSLVREAYNEEC,1
TRBV7-9,TRBJ2-1,ASSLVREAYNEEF,20
TRBV7-9,TRBJ2-1,ASSLVREAYNEEL,1
TRBV7-9,TRBJ2-1,ASSLVREAYNEHF,41
TRBV7-9,TRBJ2-1,ASSLVREAYNEHV,3
TRBV7-9,TRBJ2-1,ASSLVREAYNEKC,1
TRBV7-9,TRBJ2-1,ASSLVREAYNEKF,54
TRBV7-9,TRBJ2-1,ASSLVREAYNEKY,1
TRBV7-9,TRBJ2-1,ASSLVREAYNELF,15
TRBV7-9,TRBJ2-1,ASSLVREAYNELL,1
TRBV7-9,TRBJ2-1,ASSLVREAYNEMC,1
TRBV7-9,TRBJ2-1,ASSLVREAYNENF,1
TRBV7-9,TRBJ2-1,ASSLVREAYNEPF,18
TRBV7-9,TRBJ2-1,ASSLVREAYNEPV,1
TRBV7-9,TRBJ2-1,ASSLVREAYNEPY,1
TRBV7-9,TRBJ2-1,ASSLVREAYNEQC,34
TRBV7-9,TRBJ2-1,ASSLVREAYNEQF,3636
TRBV7-9,TRBJ2-1,ASSLVREAYNEQL,37
TRBV7-9,TRBJ2-1,ASSLVREAYNEQS,11
TRBV7-9,TRBJ2-1,ASSLVREAYNEQV,41
TRBV7-9,TRBJ2-1,ASSLVREAYNEQY,50
TRBV7-9,TRBJ2-1,ASSLVREAYNERF,11
TRBV7-9,TRBJ2-1,ASSLVREAYNETC,1
TRBV7-9,TRBJ2-1,ASSLVREAYNETF,1
TRBV7-9,TRBJ2-1,ASSLVREAYNGEF,1
TRBV7-9,TRBJ2-1,ASSLVREAYNGHC,1
TRBV7-9,TRBJ2-1,ASSLVREAYNGHF,2
TRBV7-9,TRBJ2-1,ASSLVREAYNGKF,1
TRBV7-9,TRBJ2-1,ASSLVREAYNGKS,1
TRBV7-9,TRBJ2-1,ASSLVREAYNGQF,25
TRBV7-9,TRBJ2-1,ASSLVREAYNGQL,1
TRBV7-9,TRBJ2-1,ASSLVREAYNGQY,1
TRBV7-9,TRBJ2-1,ASSLVREAYNGRF,1
TRBV7-9,TRBJ2-1,ASSLVREAYNKKF,2
TRBV7-9,TRBJ2-1,ASSLVREAYNKQC,1
TRBV7-9,TRBJ2-1,ASSLVREAYNKQF,21
TRBV7-9,TRBJ2-1,ASSLVREAYNKQL,1
TRBV7-9,TRBJ2-1,ASSLVREAYNLQF,1
TRBV7-9,TRBJ2-1,ASSLVREAYNMQF,2
TRBV7-9,TRBJ2-1,ASSLVREAYNMQV,1
TRBV7-9,TRBJ2-1,ASSLVREAYNQKF,2
TRBV7-9,TRBJ2-1,ASSLVREAYNQQF,3
TRBV7-9,TRBJ2-1,ASSLVREAYNQQY,1
TRBV7-9,TRBJ2-1,ASSLVREAYNRQF,1
TRBV7-9,TRBJ2-1,ASSLVREAYNTKS,1
TRBV7-9,TRBJ2-1,ASSLVREAYNTQF,2
TRBV7-9,TRBJ2-1,ASSLVREAYNVLF,1
TRBV7-9,TRBJ2-1,ASSLVREAYNVQF,41
TRBV7-9,TRBJ2-1,ASSLVREAYNVQL,2
TRBV7-9,TRBJ2-1,ASSLVREAYNVRF,1
TRBV7-9,TRBJ2-1,ASSLVREAYQEEF,1
TRBV7-9,TRBJ2-1,ASSLVREAYQRQF,1
TRBV7-9,TRBJ2-1,ASSLVREAYREQF,1
TRBV7-9,TRBJ2-1,ASSLVREAYSAQF,1
TRBV7-9,TRBJ2-1,ASSLVREAYSEEF,1
TRBV7-9,TRBJ2-1,ASSLVREAYSEQC,1
TRBV7-9,TRBJ2-1,ASSLVREAYSEQF,18
TRBV7-9,TRBJ2-1,ASSLVREAYSGPF,1
TRBV7-9,TRBJ2-1,ASSLVREAYSGQF,1
TRBV7-9,TRBJ2-1,ASSLVREAYSMQL,1
TRBV7-9,TRBJ2-1,ASSLVREAYSVQL,1
TRBV7-9,TRBJ2-1,ASSLVREAYTAQF,1
TRBV7-9,TRBJ2-1,ASSLVREAYTEEF,1
TRBV7-9,TRBJ2-1,ASSLVREAYTEHC,1
TRBV7-9,TRBJ2-1,ASSLVREAYTEHF,1
TRBV7-9,TRBJ2-1,ASSLVREAYTEPF,1
TRBV7-9,TRBJ2-1,ASSLVREAYTEQC,1
TRBV7-9,TRBJ2-1,ASSLVREAYTEQF,20
TRBV7-9,TRBJ2-1,ASSLVREAYTEQL,2
TRBV7-9,TRBJ2-1,ASSLVREAYTEQV,1
TRBV7-9,TRBJ2-1,ASSLVREAYTEQY,1
TRBV7-9,TRBJ2-1,ASSLVREAYTKQF,1
TRBV7-9,TRBJ2-1,ASSLVREAYTNQF,1
TRBV7-9,TRBJ2-1,ASSLVREAYYEHV,1
TRBV7-9,TRBJ2-1,ASSLVREAYYEQF,23
TRBV7-9,TRBJ2-1,ASSLVREAYYEQY,2
TRBV7-9,TRBJ2-1,ASSLVRECYNEQC,1
TRBV7-9,TRBJ2-1,ASSLVRECYNEQF,2
TRBV7-9,TRBJ2-1,ASSLVREDDNEQF,3
TRBV7-9,TRBJ2-1,ASSLVREDEQF,10
TRBV7-9,TRBJ2-1,ASSLVREDHKEQF,1
TRBV7-9,TRBJ2-1,ASSLVREDNNEQF,1
TRBV7-9,TRBJ2-1,ASSLVREDPQF,2
TRBV7-9,TRBJ2-1,ASSLVREDSKEQF,1
TRBV7-9,TRBJ2-1,ASSLVREDSNEQF,1
TRBV7-9,TRBJ2-1,ASSLVREDSYNEQF,3
TRBV7-9,TRBJ2-1,ASSLVREDYDEQF,1
TRBV7-9,TRBJ2-1,ASSLVREDYHEQF,1
TRBV7-9,TRBJ2-1,ASSLVREDYKAQF,1
TRBV7-9,TRBJ2-1,ASSLVREDYKEQF,7
TRBV7-9,TRBJ2-1,ASSLVREDYNAQC,1
TRBV7-9,TRBJ2-1,ASSLVREDYNAQF,2
TRBV7-9,TRBJ2-1,ASSLVREDYNDQY,1
TRBV7-9,TRBJ2-1,ASSLVREDYNEKF,2
TRBV7-9,TRBJ2-1,ASSLVREDYNELF,1
TRBV7-9,TRBJ2-1,ASSLVREDYNEPF,1
TRBV7-9,TRBJ2-1,ASSLVREDYNEQF,62
TRBV7-9,TRBJ2-1,ASSLVREDYNEQI,2
TRBV7-9,TRBJ2-1,ASSLVREDYNEQY,1
TRBV7-9,TRBJ2-1,ASSLVREDYNGQF,1
TRBV7-9,TRBJ2-1,ASSLVREDYNKQF,1
TRBV7-9,TRBJ2-1,ASSLVREDYNWQF,1
TRBV7-9,TRBJ2-1,ASSLVREDYTAKF,1
TRBV7-9,TRBJ2-1,ASSLVREDYYDKF,1
TRBV7-9,TRBJ2-1,ASSLVREEDDEQF,1
TRBV7-9,TRBJ2-1,ASSLVREEDNAEF,1
TRBV7-9,TRBJ2-1,ASSLVREEHEQF,1
TRBV7-9,TRBJ2-1,ASSLVREEKHF,1
TRBV7-9,TRBJ2-1,ASSLVREEKQC,2
TRBV7-9,TRBJ2-1,ASSLVREEKQF,63
TRBV7-9,TRBJ2-1,ASSLVREEKQV,2
TRBV7-9,TRBJ2-1,ASSLVREEQF,13
TRBV7-9,TRBJ2-1,ASSLVREEQQF,1
TRBV7-9,TRBJ2-1,ASSLVREEYNDQF,1
TRBV7-9,TRBJ2-1,ASSLVREEYNEEL,1
TRBV7-9,TRBJ2-1,ASSLVREEYNEQF,1
TRBV7-9,TRBJ2-1,ASSLVREEYNEQV,1
TRBV7-9,TRBJ2-1,ASSLVREFENEQF,1
TRBV7-9,TRBJ2-1,ASSLVREFLNDHF,1
TRBV7-9,TRBJ2-1,ASSLVREFNEQF,1
TRBV7-9,TRBJ2-1,ASSLVREFYNEQF,1
TRBV7-9,TRBJ2-1,ASSLVREGDKDQF,1
TRBV7-9,TRBJ2-1,ASSLVREGDNEQF,4
TRBV7-9,TRBJ2-1,ASSLVREGDNEQY,1
TRBV7-9,TRBJ2-1,ASSLVREGENEQF,1
TRBV7-9,TRBJ2-1,ASSLVREGESEQF,1
TRBV7-9,TRBJ2-1,ASSLVREGGNEQF,5
TRBV7-9,TRBJ2-1,ASSLVREGHEQF,6
TRBV7-9,TRBJ2-1,ASSLVREGHNEPV,1
TRBV7-9,TRBJ2-1,ASSLVREGHYEQC,1
TRBV7-9,TRBJ2-1,ASSLVREGHYEQF,12
TRBV7-9,TRBJ2-1,ASSLVREGLKEQF,1
TRBV7-9,TRBJ2-1,ASSLVREGLKMQF,1
TRBV7-9,TRBJ2-1,ASSLVREGLLDEQF,1
TRBV7-9,TRBJ2-1,ASSLVREGLYEQF,1
TRBV7-9,TRBJ2-1,ASSLVREGLYNEQF,9
TRBV7-9,TRBJ2-1,ASSLVREGNDEQF,2
TRBV7-9,TRBJ2-1,ASSLVREGNEQF,2
TRBV7-9,TRBJ2-1,ASSLVREGNNAQF,1
TRBV7-9,TRBJ2-1,ASSLVREGNTEDF,1
TRBV7-9,TRBJ2-1,ASSLVREGPFNEQF,1
TRBV7-9,TRBJ2-1,ASSLVREGQNEQF,1
TRBV7-9,TRBJ2-1,ASSLVREGQQNEQF,1
TRBV7-9,TRBJ2-1,ASSLVREGQSEQL,1
TRBV7-9,TRBJ2-1,ASSLVREGRDEQF,1
TRBV7-9,TRBJ2-1,ASSLVREGRDNEQF,1
TRBV7-9,TRBJ2-1,ASSLVREGRNEQF,1
TRBV7-9,TRBJ2-1,ASSLVREGSNEQF,1
TRBV7-9,TRBJ2-1,ASSLVREGSSVNF,1
TRBV7-9,TRBJ2-1,ASSLVREGYDDQF,1
TRBV7-9,TRBJ2-1,ASSLVREGYIEQF,1
TRBV7-9,TRBJ2-1,ASSLVREGYIVQF,1
TRBV7-9,TRBJ2-1,ASSLVREGYKEQF,1
TRBV7-9,TRBJ2-1,ASSLVREGYKWEF,1
TRBV7-9,TRBJ2-1,ASSLVREGYNAKF,1
TRBV7-9,TRBJ2-1,ASSLVREGYNAQF,2
TRBV7-9,TRBJ2-1,ASSLVREGYNAQY,1
TRBV7-9,TRBJ2-1,ASSLVREGYNEEF,2
TRBV7-9,TRBJ2-1,ASSLVREGYNELF,1
TRBV7-9,TRBJ2-1,ASSLVREGYNELL,1
TRBV7-9,TRBJ2-1,ASSLVREGYNEQC,1
TRBV7-9,TRBJ2-1,ASSLVREGYNEQF,64
TRBV7-9,TRBJ2-1,ASSLVREGYNEQL,1
TRBV7-9,TRBJ2-1,ASSLVREGYNEQS,1
TRBV7-9,TRBJ2-1,ASSLVREGYNEQV,2
TRBV7-9,TRBJ2-1,ASSLVREGYNEQY,1
TRBV7-9,TRBJ2-1,ASSLVREGYNERF,1
TRBV7-9,TRBJ2-1,ASSLVREGYNGQF,1
TRBV7-9,TRBJ2-1,ASSLVREGYNLQV,1
TRBV7-9,TRBJ2-1,ASSLVREGYNVQF,2
TRBV7-9,TRBJ2-1,ASSLVREGYREQF,1
TRBV7-9,TRBJ2-1,ASSLVREGYSEKF,1
TRBV7-9,TRBJ2-1,ASSLVREGYSEQF,2
TRBV7-9,TRBJ2-1,ASSLVREGYTEQF,2
TRBV7-9,TRBJ2-1,ASSLVREHNEQF,5
TRBV7-9,TRBJ2-1,ASSLVREHYNEQF,1
TRBV7-9,TRBJ2-1,ASSLVREIEQF,4
TRBV7-9,TRBJ2-1,ASSLVREIVTSNEQF,1
TRBV7-9,TRBJ2-1,ASSLVREIYNEQF,1
TRBV7-9,TRBJ2-1,ASSLVREKDNEQF,1
TRBV7-9,TRBJ2-1,ASSLVREKQF,14
TRBV7-9,TRBJ2-1,ASSLVREKYEQF,1
TRBV7-9,TRBJ2-1,ASSLVRELDEQF,12
TRBV7-9,TRBJ2-1,ASSLVRELEGQISNNEQF,1
TRBV7-9,TRBJ2-1,ASSLVRELGNEQF,1
TRBV7-9,TRBJ2-1,ASSLVRELLF,1
TRBV7-9,TRBJ2-1,ASSLVRELNNEQF,1
TRBV7-9,TRBJ2-1,ASSLVRELQF,9
TRBV7-9,TRBJ2-1,ASSLVRELYEQF,1
TRBV7-9,TRBJ2-1,ASSLVRELYNEQF,1
TRBV7-9,TRBJ2-1,ASSLVREMYNEQF,3
TRBV7-9,TRBJ2-1,ASSLVRENEQF,3
TRBV7-9,TRBJ2-1,ASSLVRENYNEQF,1
TRBV7-9,TRBJ2-1,ASSLVREPDGF,10
TRBV7-9,TRBJ2-1,ASSLVREPHNEQF,1
TRBV7-9,TRBJ2-1,ASSLVREPHNEQY,1
TRBV7-9,TRBJ2-1,ASSLVREPNNEKC,1
TRBV7-9,TRBJ2-1,ASSLVREPYKEQF,1
TRBV7-9,TRBJ2-1,ASSLVREPYNAHC,1
TRBV7-9,TRBJ2-1,ASSLVREPYNAQF,1
TRBV7-9,TRBJ2-1,ASSLVREPYNDQF,1
TRBV7-9,TRBJ2-1,ASSLVREPYNEEV,1
TRBV7-9,TRBJ2-1,ASSLVREPYNEHF,1
TRBV7-9,TRBJ2-1,ASSLVREPYNEKC,1
TRBV7-9,TRBJ2-1,ASSLVREPYNEQF,11
TRBV7-9,TRBJ2-1,ASSLVREPYNEQV,1
TRBV7-9,TRBJ2-1,ASSLVREPYNEQY,1
TRBV7-9,TRBJ2-1,ASSLVREPYNGQF,1
TRBV7-9,TRBJ2-1,ASSLVREQF,30
TRBV7-9,TRBJ2-1,ASSLVREQGNEQF,14
TRBV7-9,TRBJ2-1,ASSLVRERDEQF,1
TRBV7-9,TRBJ2-1,ASSLVRERGYEQF,2
TRBV7-9,TRBJ2-1,ASSLVRERNEQF,1
TRBV7-9,TRBJ2-1,ASSLVRERNNEQF,1
TRBV7-9,TRBJ2-1,ASSLVRESANEQF,1
TRBV7-9,TRBJ2-1,ASSLVRESCNELF,1
TRBV7-9,TRBJ2-1,ASSLVRESCNEQF,3
TRBV7-9,TRBJ2-1,ASSLVRESDNEQS,1
TRBV7-9,TRBJ2-1,ASSLVRESDYKQF,1
TRBV7-9,TRBJ2-1,ASSLVRESENEQF,1
TRBV7-9,TRBJ2-1,ASSLVRESEQF,9
TRBV7-9,TRBJ2-1,ASSLVRESF,11
TRBV7-9,TRBJ2-1,ASSLVRESGNEQF,1
TRBV7-9,TRBJ2-1,ASSLVRESHNEQF,9
TRBV7-9,TRBJ2-1,ASSLVRESHNEQY,1
TRBV7-9,TRBJ2-1,ASSLVRESHNVQF,1
TRBV7-9,TRBJ2-1,ASSLVRESHYEQF,1
TRBV7-9,TRBJ2-1,ASSLVRESNNEQF,1
TRBV7-9,TRBJ2-1,ASSLVRESPNEQF,3
TRBV7-9,TRBJ2-1,ASSLVRESSNEQC,1
TRBV7-9,TRBJ2-1,ASSLVRESSNEQF,7
TRBV7-9,TRBJ2-1,ASSLVRESSNEQY,1
TRBV7-9,TRBJ2-1,ASSLVRESSYEPF,1
TRBV7-9,TRBJ2-1,ASSLVRESSYNEQF,1
TRBV7-9,TRBJ2-1,ASSLVRESYDEKF,1
TRBV7-9,TRBJ2-1,ASSLVRESYDELF,1
TRBV7-9,TRBJ2-1,ASSLVRESYDEQF,1
TRBV7-9,TRBJ2-1,ASSLVRESYHEQF,1
TRBV7-9,TRBJ2-1,ASSLVRESYKEHF,1
TRBV7-9,TRBJ2-1,ASSLVRESYKEQF,4
TRBV7-9,TRBJ2-1,ASSLVRESYKEQY,1
TRBV7-9,TRBJ2-1,ASSLVRESYKGEF,1
TRBV7-9,TRBJ2-1,ASSLVRESYKKQC,1
TRBV7-9,TRBJ2-1,ASSLVRESYNARF,1
TRBV7-9,TRBJ2-1,ASSLVRESYNDQF,1
TRBV7-9,TRBJ2-1,ASSLVRESYNEKF,2
TRBV7-9,TRBJ2-1,ASSLVRESYNELF,1
TRBV7-9,TRBJ2-1,ASSLVRESYNEPF,1
TRBV7-9,TRBJ2-1,ASSLVRESYNEQC,4
TRBV7-9,TRBJ2-1,ASSLVRESYNEQF,88
TRBV7-9,TRBJ2-1,ASSLVRESYNEQL,3
TRBV7-9,TRBJ2-1,ASSLVRESYNEQS,1
TRBV7-9,TRBJ2-1,ASSLVRESYNEQV,1
TRBV7-9,TRBJ2-1,ASSLVRESYNEQY,9
TRBV7-9,TRBJ2-1,ASSLVRESYNERF,1
TRBV7-9,TRBJ2-1,ASSLVRESYNVQF,3
TRBV7-9,TRBJ2-1,ASSLVRESYSDQL,1
TRBV7-9,TRBJ2-1,ASSLVRESYTEAF,1
TRBV7-9,TRBJ2-1,ASSLVRESYTEQF,1
TRBV7-9,TRBJ2-1,ASSLVRESYYEQF,4
TRBV7-9,TRBJ2-1,ASSLVRETDKEQF,1
TRBV7-9,TRBJ2-1,ASSLVRETDKEQV,1
TRBV7-9,TRBJ2-1,ASSLVRETDNDEF,1
TRBV7-9,TRBJ2-1,ASSLVRETDNEQF,1
TRBV7-9,TRBJ2-1,ASSLVRETEQF,9
TRBV7-9,TRBJ2-1,ASSLVRETHNEQF,8
TRBV7-9,TRBJ2-1,ASSLVRETNEQF,1
TRBV7-9,TRBJ2-1,ASSLVRETNNEQY,1
TRBV7-9,TRBJ2-1,ASSLVRETRNEQF,1
TRBV7-9,TRBJ2-1,ASSLVRETYDEQF,1
TRBV7-9,TRBJ2-1,ASSLVRETYHEKF,1
TRBV7-9,TRBJ2-1,ASSLVRETYNAQF,1
TRBV7-9,TRBJ2-1,ASSLVRETYNEQF,25
TRBV7-9,TRBJ2-1,ASSLVRETYNEQV,2
TRBV7-9,TRBJ2-1,ASSLVRETYNKQF,1
TRBV7-9,TRBJ2-1,ASSLVRETYSEQF,1
TRBV7-9,TRBJ2-1,ASSLVRETYYEQY,1
TRBV7-9,TRBJ2-1,ASSLVREVDEQF,1
TRBV7-9,TRBJ2-1,ASSLVREVDNEQF,1
TRBV7-9,TRBJ2-1,ASSLVREVNEQF,1
TRBV7-9,TRBJ2-1,ASSLVREVRNEQF,1
TRBV7-9,TRBJ2-1,ASSLVREVSNEQF,1
TRBV7-9,TRBJ2-1,ASSLVREVSYNEQF,1
TRBV7-9,TRBJ2-1,ASSLVREVTYNEQF,1
TRBV7-9,TRBJ2-1,ASSLVREVYKEQF,2
TRBV7-9,TRBJ2-1,ASSLVREVYNAQF,2
TRBV7-9,TRBJ2-1,ASSLVREVYNDQF,1
TRBV7-9,TRBJ2-1,ASSLVREVYNEPL,1
TRBV7-9,TRBJ2-1,ASSLVREVYNEQF,27
TRBV7-9,TRBJ2-1,ASSLVREVYNEQS,1
TRBV7-9,TRBJ2-1,ASSLVREVYNVQF,1
TRBV7-9,TRBJ2-1,ASSLVREWDNEQF,1
TRBV7-9,TRBJ2-1,ASSLVREWHLWF,21
TRBV7-9,TRBJ2-1,ASSLVREWNEQF,8
TRBV7-9,TRBJ2-1,ASSLVREWPLWF,1
TRBV7-9,TRBJ2-1,ASSLVREWYNEQF,2
TRBV7-9,TRBJ2-1,ASSLVREYNEQF,9
TRBV7-9,TRBJ2-1,ASSLVREYNNPQF,1
TRBV7-9,TRBJ2-1,ASSLVREYYNEQF,2
TRBV7-9,TRBJ2-1,ASSLVRFDPDGDEQF,1
TRBV7-9,TRBJ2-1,ASSLVRFGNEQF,2
TRBV7-9,TRBJ2-1,ASSLVRFGTKNEQF,1
TRBV7-9,TRBJ2-1,ASSLVRFLVYEQF,1
TRBV7-9,TRBJ2-1,ASSLVRFMGYEQF,1
TRBV7-9,TRBJ2-1,ASSLVRFPNEQF,1
TRBV7-9,TRBJ2-1,ASSLVRFRDREPNEQF,1
TRBV7-9,TRBJ2-1,ASSLVRFREVLDNEQF,1
TRBV7-9,TRBJ2-1,ASSLVRFSGSVDEQF,1
TRBV7-9,TRBJ2-1,ASSLVRFSSSYNEQF,1
TRBV7-9,TRBJ2-1,ASSLVRFVEGEQF,1
TRBV7-9,TRBJ2-1,ASSLVRFVNEQC,1
TRBV7-9,TRBJ2-1,ASSLVRFYNEQF,1
TRBV7-9,TRBJ2-1,ASSLVRGAAASQYEQF,1
TRBV7-9,TRBJ2-1,ASSLVRGACNEQV,1
TRBV7-9,TRBJ2-1,ASSLVRGADKEQF,2
TRBV7-9,TRBJ2-1,ASSLVRGADNEQF,4
TRBV7-9,TRBJ2-1,ASSLVRGADNVPF,1
TRBV7-9,TRBJ2-1,ASSLVRGADTEQF,1
TRBV7-9,TRBJ2-1,ASSLVRGAEDEQF,1
TRBV7-9,TRBJ2-1,ASSLVRGAGEGDNEQF,1
TRBV7-9,TRBJ2-1,ASSLVRGAGSYNEQF,1
TRBV7-9,TRBJ2-1,ASSLVRGAGVLSYNEQF,1
TRBV7-9,TRBJ2-1,ASSLVRGAGYNEQF,1
TRBV7-9,TRBJ2-1,ASSLVRGAHEQF,1
TRBV7-9,TRBJ2-1,ASSLVRGAHNEQF,4
TRBV7-9,TRBJ2-1,ASSLVRGAHSEQF,1
TRBV7-9,TRBJ2-1,ASSLVRGALYNEQF,1
TRBV7-9,TRBJ2-1,ASSLVRGANEQF,2
TRBV7-9,TRBJ2-1,ASSLVRGANNENF,1
TRBV7-9,TRBJ2-1,ASSLVRGANNEQF,3
TRBV7-9,TRBJ2-1,ASSLVRGANRELF,1
TRBV7-9,TRBJ2-1,ASSLVRGAPEQF,7
TRBV7-9,TRBJ2-1,ASSLVRGAPYNEQF,6
TRBV7-9,TRBJ2-1,ASSLVRGAQGNEQF,1
TRBV7-9,TRBJ2-1,ASSLVRGARYNEQF,2
TRBV7-9,TRBJ2-1,ASSLVRGASNEQF,8
TRBV7-9,TRBJ2-1,ASSLVRGASNEQY,1
TRBV7-9,TRBJ2-1,ASSLVRGASNGQF,1
TRBV7-9,TRBJ2-1,ASSLVRGASSYNEQF,1
TRBV7-9,TRBJ2-1,ASSLVRGATYNEQF,3
TRBV7-9,TRBJ2-1,ASSLVRGAYEGLF,1
TRBV7-9,TRBJ2-1,ASSLVRGAYKDKF,1
TRBV7-9,TRBJ2-1,ASSLVRGAYKDQF,1
TRBV7-9,TRBJ2-1,ASSLVRGAYKEQC,1
TRBV7-9,TRBJ2-1,ASSLVRGAYKEQF,1
TRBV7-9,TRBJ2-1,ASSLVRGAYKEQV,1
TRBV7-9,TRBJ2-1,ASSLVRGAYKVQF,1
TRBV7-9,TRBJ2-1,ASSLVRGAYNAQF,4
TRBV7-9,TRBJ2-1,ASSLVRGAYNAQY,1
TRBV7-9,TRBJ2-1,ASSLVRGAYNARF,1
TRBV7-9,TRBJ2-1,ASSLVRGAYNDQY,1
TRBV7-9,TRBJ2-1,ASSLVRGAYNEEF,1
TRBV7-9,TRBJ2-1,ASSLVRGAYNEHF,3
TRBV7-9,TRBJ2-1,ASSLVRGAYNEKF,4
TRBV7-9,TRBJ2-1,ASSLVRGAYNEPF,1
TRBV7-9,TRBJ2-1,ASSLVRGAYNEQC,2
TRBV7-9,TRBJ2-1,ASSLVRGAYNEQF,102
TRBV7-9,TRBJ2-1,ASSLVRGAYNEQL,3
TRBV7-9,TRBJ2-1,ASSLVRGAYNEQS,1
TRBV7-9,TRBJ2-1,ASSLVRGAYNGQF,2
TRBV7-9,TRBJ2-1,ASSLVRGAYNKQF,2
TRBV7-9,TRBJ2-1,ASSLVRGAYNQQF,1
TRBV7-9,TRBJ2-1,ASSLVRGAYNVQF,1
TRBV7-9,TRBJ2-1,ASSLVRGAYSEQF,1
TRBV7-9,TRBJ2-1,ASSLVRGCYDTQF,1
TRBV7-9,TRBJ2-1,ASSLVRGDEQF,3
TRBV7-9,TRBJ2-1,ASSLVRGDKYNEQF,1
TRBV7-9,TRBJ2-1,ASSLVRGDLYNEQF,1
TRBV7-9,TRBJ2-1,ASSLVRGDNEQF,17
TRBV7-9,TRBJ2-1,ASSLVRGDPYNEQF,8
TRBV7-9,TRBJ2-1,ASSLVRGDRPNEQF,1
TRBV7-9,TRBJ2-1,ASSLVRGDRYNEQF,7
TRBV7-9,TRBJ2-1,ASSLVRGDSYNEQF,2
TRBV7-9,TRBJ2-1,ASSLVRGDTNSYNEQF,1
TRBV7-9,TRBJ2-1,ASSLVRGDWSSGSDEQF,1
TRBV7-9,TRBJ2-1,ASSLVRGDYDEKF,1
TRBV7-9,TRBJ2-1,ASSLVRGDYNEQF,4
TRBV7-9,TRBJ2-1,ASSLVRGEAYNEQF,1
TRBV7-9,TRBJ2-1,ASSLVRGEDLYNEQF,1
TRBV7-9,TRBJ2-1,ASSLVRGEGASGRFHNEQF,1
TRBV7-9,TRBJ2-1,ASSLVRGEGEF,31
TRBV7-9,TRBJ2-1,ASSLVRGEGNEQF,3
TRBV7-9,TRBJ2-1,ASSLVRGEGTSGRFHNEQF,24
TRBV7-9,TRBJ2-1,ASSLVRGEGTSRRFHNEQF,1
TRBV7-9,TRBJ2-1,ASSLVRGEGYNEQF,2
TRBV7-9,TRBJ2-1,ASSLVRGENEQF,1
TRBV7-9,TRBJ2-1,ASSLVRGEPGFDEQF,1
TRBV7-9,TRBJ2-1,ASSLVRGEQF,11
TRBV7-9,TRBJ2-1,ASSLVRGERTNQF,1
TRBV7-9,TRBJ2-1,ASSLVRGESSYNEQF,1
TRBV7-9,TRBJ2-1,ASSLVRGESYNEQF,1
TRBV7-9,TRBJ2-1,ASSLVRGEVEF,1
TRBV7-9,TRBJ2-1,ASSLVRGEYNEQF,7
TRBV7-9,TRBJ2-1,ASSLVRGFDEQF,6
TRBV7-9,TRBJ2-1,ASSLVRGFGNEQF,1
TRBV7-9,TRBJ2-1,ASSLVRGFLGNEQF,1
TRBV7-9,TRBJ2-1,ASSLVRGFPNEQF,3
TRBV7-9,TRBJ2-1,ASSLVRGFSNEQF,8
TRBV7-9,TRBJ2-1,ASSLVRGFSYNEQF,1
TRBV7-9,TRBJ2-1,ASSLVRGFYNEQF,23
TRBV7-9,TRBJ2-1,ASSLVRGGAGEQF,11
TRBV7-9,TRBJ2-1,ASSLVRGGAGNEQF,1
TRBV7-9,TRBJ2-1,ASSLVRGGALSPLIEQF,1
TRBV7-9,TRBJ2-1,ASSLVRGGALSPSIEQC,2
TRBV7-9,TRBJ2-1,ASSLVRGGALSPSIEQF,22
TRBV7-9,TRBJ2-1,ASSLVRGGASGLNEQF,1
TRBV7-9,TRBJ2-1,ASSLVRGGAYNEQF,4
TRBV7-9,TRBJ2-1,ASSLVRGGDEQF,1
TRBV7-9,TRBJ2-1,ASSLVRGGDNEQF,18
TRBV7-9,TRBJ2-1,ASSLVRGGEAGNEQF,1
TRBV7-9,TRBJ2-1,ASSLVRGGEDEQF,1
TRBV7-9,TRBJ2-1,ASSLVRGGFDNEQF,1
TRBV7-9,TRBJ2-1,ASSLVRGGGDNEQF,1
TRBV7-9,TRBJ2-1,ASSLVRGGGNEQF,14
TRBV7-9,TRBJ2-1,ASSLVRGGGSSSYNEQF,10
TRBV7-9,TRBJ2-1,ASSLVRGGGWDDEQF,1
TRBV7-9,TRBJ2-1,ASSLVRGGHRDNEQF,2
TRBV7-9,TRBJ2-1,ASSLVRGGIEQF,1
TRBV7-9,TRBJ2-1,ASSLVRGGINEQF,2
TRBV7-9,TRBJ2-1,ASSLVRGGKDEPF,1
TRBV7-9,TRBJ2-1,ASSLVRGGKDEQF,2
TRBV7-9,TRBJ2-1,ASSLVRGGKNEQF,1
TRBV7-9,TRBJ2-1,ASSLVRGGKVSYNEQF,1
TRBV7-9,TRBJ2-1,ASSLVRGGLAAYNEQF,1
TRBV7-9,TRBJ2-1,ASSLVRGGLDEQF,3
TRBV7-9,TRBJ2-1,ASSLVRGGLHGGPEEQF,4
TRBV7-9,TRBJ2-1,ASSLVRGGLNEQF,9
TRBV7-9,TRBJ2-1,ASSLVRGGMDNEQF,1
TRBV7-9,TRBJ2-1,ASSLVRGGNEQF,37
TRBV7-9,TRBJ2-1,ASSLVRGGNYNEQF,1
TRBV7-9,TRBJ2-1,ASSLVRGGPNEQF,1
TRBV7-9,TRBJ2-1,ASSLVRGGPYNEQF,1
TRBV7-9,TRBJ2-1,ASSLVRGGQYNEQF,1
TRBV7-9,TRBJ2-1,ASSLVRGGRAFSGNEQF,1
TRBV7-9,TRBJ2-1,ASSLVRGGRASYEQF,1
TRBV7-9,TRBJ2-1,ASSLVRGGRDKEQF,1
TRBV7-9,TRBJ2-1,ASSLVRGGRDNEQF,10
TRBV7-9,TRBJ2-1,ASSLVRGGRFSYNEQF,1
TRBV7-9,TRBJ2-1,ASSLVRGGRGPQGWVYNEQF,3
TRBV7-9,TRBJ2-1,ASSLVRGGRLWGNEQF,1
TRBV7-9,TRBJ2-1,ASSLVRGGRNNEQF,6
TRBV7-9,TRBJ2-1,ASSLVRGGRPLNEQF,1
TRBV7-9,TRBJ2-1,ASSLVRGGRRNNEQF,1
TRBV7-9,TRBJ2-1,ASSLVRGGRRPQGWVYNEQF,1
TRBV7-9,TRBJ2-1,ASSLVRGGRRYEQF,1
TRBV7-9,TRBJ2-1,ASSLVRGGRSNEQF,1
TRBV7-9,TRBJ2-1,ASSLVRGGRTHSNEQF,1
TRBV7-9,TRBJ2-1,ASSLVRGGSEQF,10
TRBV7-9,TRBJ2-1,ASSLVRGGSRRNEQF,1
TRBV7-9,TRBJ2-1,ASSLVRGGSSYNEQF,1
TRBV7-9,TRBJ2-1,ASSLVRGGSYNEQF,7
TRBV7-9,TRBJ2-1,ASSLVRGGTAYNEQF,1
TRBV7-9,TRBJ2-1,ASSLVRGGTGAYNEQF,2
TRBV7-9,TRBJ2-1,ASSLVRGGTGSRNEQF,1
TRBV7-9,TRBJ2-1,ASSLVRGGTGWGNEQF,12
TRBV7-9,TRBJ2-1,ASSLVRGGTSSYNEQF,1
TRBV7-9,TRBJ2-1,ASSLVRGGTYNEQF,1
TRBV7-9,TRBJ2-1,ASSLVRGGVDEQF,2
TRBV7-9,TRBJ2-1,ASSLVRGGVNEQF,1
TRBV7-9,TRBJ2-1,ASSLVRGGYKGQF,1
TRBV7-9,TRBJ2-1,ASSLVRGGYNEQF,30
TRBV7-9,TRBJ2-1,ASSLVRGGYNGQS,1
TRBV7-9,TRBJ2-1,ASSLVRGGYSPSYNEQF,1
TRBV7-9,TRBJ2-1,ASSLVRGHEQF,14
TRBV7-9,TRBJ2-1,ASSLVRGHHNEQF,1
TRBV7-9,TRBJ2-1,ASSLVRGHNEQF,2
TRBV7-9,TRBJ2-1,ASSLVRGHNNEQF,1
TRBV7-9,TRBJ2-1,ASSLVRGHYNEQF,15
TRBV7-9,TRBJ2-1,ASSLVRGIISTDEQF,3
TRBV7-9,TRBJ2-1,ASSLVRGISEQF,5
TRBV7-9,TRBJ2-1,ASSLVRGISRSYNEQF,1
TRBV7-9,TRBJ2-1,ASSLVRGIYNEQF,14
TRBV7-9,TRBJ2-1,ASSLVRGKAYNEQF,4
TRBV7-9,TRBJ2-1,ASSLVRGKGDNEQF,6
TRBV7-9,TRBJ2-1,ASSLVRGKMGSEQF,2
TRBV7-9,TRBJ2-1,ASSLVRGKNNEQF,1
TRBV7-9,TRBJ2-1,ASSLVRGKSYNEQF,1
TRBV7-9,TRBJ2-1,ASSLVRGLAAVGSYNEQF,2
TRBV7-9,TRBJ2-1,ASSLVRGLADEQF,1
TRBV7-9,TRBJ2-1,ASSLVRGLAGGPFVFHEQF,4
TRBV7-9,TRBJ2-1,ASSLVRGLAGLGYNEQF,1
TRBV7-9,TRBJ2-1,ASSLVRGLAGPNEQF,1
TRBV7-9,TRBJ2-1,ASSLVRGLAGVGSYIEQS,1
TRBV7-9,TRBJ2-1,ASSLVRGLAGVGSYNEQC,1
TRBV7-9,TRBJ2-1,ASSLVRGLAGVGSYNEQF,6
TRBV7-9,TRBJ2-1,ASSLVRGLAGWNEQF,1
TRBV7-9,TRBJ2-1,ASSLVRGLAGYDKEQF,1
TRBV7-9,TRBJ2-1,ASSLVRGLAGYDNEQF,15
TRBV7-9,TRBJ2-1,ASSLVRGLAGYEQF,1
TRBV7-9,TRBJ2-1,ASSLVRGLALYEQF,1
TRBV7-9,TRBJ2-1,ASSLVRGLANEQF,2
TRBV7-9,TRBJ2-1,ASSLVRGLANNEQF,5
TRBV7-9,TRBJ2-1,ASSLVRGLAPGNEQF,7
TRBV7-9,TRBJ2-1,ASSLVRGLAPNEQF,2
TRBV7-9,TRBJ2-1,ASSLVRGLDEQF,1
TRBV7-9,TRBJ2-1,ASSLVRGLDNEQF,9
TRBV7-9,TRBJ2-1,ASSLVRGLENELF,1
TRBV7-9,TRBJ2-1,ASSLVRGLENEQF,12
TRBV7-9,TRBJ2-1,ASSLVRGLGANEQF,1
TRBV7-9,TRBJ2-1,ASSLVRGLGVGDEQF,1
TRBV7-9,TRBJ2-1,ASSLVRGLGYNEQF,10
TRBV7-9,TRBJ2-1,ASSLVRGLHLVNEQF,1
TRBV7-9,TRBJ2-1,ASSLVRGLHNEQF,1
TRBV7-9,TRBJ2-1,ASSLVRGLHSYNEQF,1
TRBV7-9,TRBJ2-1,ASSLVRGLIYNEQF,1
TRBV7-9,TRBJ2-1,ASSLVRGLKYKEQF,1
TRBV7-9,TRBJ2-1,ASSLVRGLKYNEQF,10
TRBV7-9,TRBJ2-1,ASSLVRGLKYNVQF,1
TRBV7-9,TRBJ2-1,ASSLVRGLLLYNEQF,1
TRBV7-9,TRBJ2-1,ASSLVRGLNEQF,1
TRBV7-9,TRBJ2-1,ASSLVRGLRYNEQF,1
TRBV7-9,TRBJ2-1,ASSLVRGLSNEQF,1
TRBV7-9,TRBJ2-1,ASSLVRGLTSYNEQF,1
TRBV7-9,TRBJ2-1,ASSLVRGLVGNEQF,1
TRBV7-9,TRBJ2-1,ASSLVRGLVHEQF,1
TRBV7-9,TRBJ2-1,ASSLVRGLVNEQF,2
TRBV7-9,TRBJ2-1,ASSLVRGLYNEPF,1
TRBV7-9,TRBJ2-1,ASSLVRGLYNEQF,13
TRBV7-9,TRBJ2-1,ASSLVRGMANEQF,1
TRBV7-9,TRBJ2-1,ASSLVRGMAYNEQF,1
TRBV7-9,TRBJ2-1,ASSLVRGMLYNEQF,1
TRBV7-9,TRBJ2-1,ASSLVRGMVSYNEQF,3
TRBV7-9,TRBJ2-1,ASSLVRGNEQF,44
TRBV7-9,TRBJ2-1,ASSLVRGNNEQF,4
TRBV7-9,TRBJ2-1,ASSLVRGNYNEQF,1
TRBV7-9,TRBJ2-1,ASSLVRGPAQIYNEQF,1
TRBV7-9,TRBJ2-1,ASSLVRGPAYNEQF,1
TRBV7-9,TRBJ2-1,ASSLVRGPDNEQF,1
TRBV7-9,TRBJ2-1,ASSLVRGPESLNEQF,1
TRBV7-9,TRBJ2-1,ASSLVRGPESPNEQF,1
TRBV7-9,TRBJ2-1,ASSLVRGPESSYNEQF,1
TRBV7-9,TRBJ2-1,ASSLVRGPGDEQF,3
TRBV7-9,TRBJ2-1,ASSLVRGPHNEQF,1
TRBV7-9,TRBJ2-1,ASSLVRGPLGEKV,1
TRBV7-9,TRBJ2-1,ASSLVRGPLGEQF,3
TRBV7-9,TRBJ2-1,ASSLVRGPNNEQF,1
TRBV7-9,TRBJ2-1,ASSLVRGPRNEQF,1
TRBV7-9,TRBJ2-1,ASSLVRGPSSYEQF,1
TRBV7-9,TRBJ2-1,ASSLVRGPSYNEQF,32
TRBV7-9,TRBJ2-1,ASSLVRGPYNEQF,35
TRBV7-9,TRBJ2-1,ASSLVRGQAHEQF,1
TRBV7-9,TRBJ2-1,ASSLVRGQASSYNEQF,3
TRBV7-9,TRBJ2-1,ASSLVRGQDYNEQF,2
TRBV7-9,TRBJ2-1,ASSLVRGQEYNEQF,1
TRBV7-9,TRBJ2-1,ASSLVRGQGDYNEQF,1
TRBV7-9,TRBJ2-1,ASSLVRGQGFRAYNEQF,1
TRBV7-9,TRBJ2-1,ASSLVRGQGKDEQF,1
TRBV7-9,TRBJ2-1,ASSLVRGQGRNEQF,1
TRBV7-9,TRBJ2-1,ASSLVRGQGSDEQF,1
TRBV7-9,TRBJ2-1,ASSLVRGQGSNNEQF,1
TRBV7-9,TRBJ2-1,ASSLVRGQGVNNEQF,1
TRBV7-9,TRBJ2-1,ASSLVRGQSSYNEQF,1
TRBV7-9,TRBJ2-1,ASSLVRGQVGIFNNEQF,1
TRBV7-9,TRBJ2-1,ASSLVRGQYNEQF,3
TRBV7-9,TRBJ2-1,ASSLVRGRACEQF,1
TRBV7-9,TRBJ2-1,ASSLVRGRAGEQF,13
TRBV7-9,TRBJ2-1,ASSLVRGRAGNEQF,1
TRBV7-9,TRBJ2-1,ASSLVRGRAHEQF,1
TRBV7-9,TRBJ2-1,ASSLVRGRALHEQF,1
TRBV7-9,TRBJ2-1,ASSLVRGRAYNEQF,3
TRBV7-9,TRBJ2-1,ASSLVRGRDNEQF,9
TRBV7-9,TRBJ2-1,ASSLVRGRDYNEQF,1
TRBV7-9,TRBJ2-1,ASSLVRGRDYSYNEQF,1
TRBV7-9,TRBJ2-1,ASSLVRGRENEQF,1
TRBV7-9,TRBJ2-1,ASSLVRGREYNEQF,1
TRBV7-9,TRBJ2-1,ASSLVRGRFDEQF,1
TRBV7-9,TRBJ2-1,ASSLVRGRFLEQF,4
TRBV7-9,TRBJ2-1,ASSLVRGRFLYNEQF,1
TRBV7-9,TRBJ2-1,ASSLVRGRGNNEQF,3
TRBV7-9,TRBJ2-1,ASSLVRGRGVSSYNEQF,1
TRBV7-9,TRBJ2-1,ASSLVRGRGVSYNEQF,5
TRBV7-9,TRBJ2-1,ASSLVRGRHNEQF,1
TRBV7-9,TRBJ2-1,ASSLVRGRIANNEQF,2
TRBV7-9,TRBJ2-1,ASSLVRGRIINEQF,1
TRBV7-9,TRBJ2-1,ASSLVRGRINEQF,1
TRBV7-9,TRBJ2-1,ASSLVRGRKNEKF,1
TRBV7-9,TRBJ2-1,ASSLVRGRKNEPC,1
TRBV7-9,TRBJ2-1,ASSLVRGRKNEQF,13
TRBV7-9,TRBJ2-1,ASSLVRGRNEQF,3
TRBV7-9,TRBJ2-1,ASSLVRGRPDDEQF,1
TRBV7-9,TRBJ2-1,ASSLVRGRPNGDEQF,1
TRBV7-9,TRBJ2-1,ASSLVRGRQF,17
TRBV7-9,TRBJ2-1,ASSLVRGRSNEQF,1
TRBV7-9,TRBJ2-1,ASSLVRGRSYNEQF,3
TRBV7-9,TRBJ2-1,ASSLVRGRTDSYNEQF,1
TRBV7-9,TRBJ2-1,ASSLVRGRTYNEQF,1
TRBV7-9,TRBJ2-1,ASSLVRGRVINEQF,1
TRBV7-9,TRBJ2-1,ASSLVRGRVNEQF,1
TRBV7-9,TRBJ2-1,ASSLVRGRVNNEQF,1
TRBV7-9,TRBJ2-1,ASSLVRGRWNEQF,1
TRBV7-9,TRBJ2-1,ASSLVRGRYNKEQF,15
TRBV7-9,TRBJ2-1,ASSLVRGRYYNEQF,1
TRBV7-9,TRBJ2-1,ASSLVRGSASYNEQF,1
TRBV7-9,TRBJ2-1,ASSLVRGSAYNEQF,1
TRBV7-9,TRBJ2-1,ASSLVRGSDKEQF,1
TRBV7-9,TRBJ2-1,ASSLVRGSDPSTYNEQF,1
TRBV7-9,TRBJ2-1,ASSLVRGSDYNEQF,9
TRBV7-9,TRBJ2-1,ASSLVRGSFGNEQF,10
TRBV7-9,TRBJ2-1,ASSLVRGSFNEQF,1
TRBV7-9,TRBJ2-1,ASSLVRGSGGFYNEQF,1
TRBV7-9,TRBJ2-1,ASSLVRGSGISHNEQF,1
TRBV7-9,TRBJ2-1,ASSLVRGSGISYNEQF,8
TRBV7-9,TRBJ2-1,ASSLVRGSGNEQF,6
TRBV7-9,TRBJ2-1,ASSLVRGSGVYNEQF,1
TRBV7-9,TRBJ2-1,ASSLVRGSGYNEQF,17
TRBV7-9,TRBJ2-1,ASSLVRGSHNEQF,1
TRBV7-9,TRBJ2-1,ASSLVRGSIDNEQF,1
TRBV7-9,TRBJ2-1,ASSLVRGSIGSSYNEQF,1
TRBV7-9,TRBJ2-1,ASSLVRGSLSPRADEQF,1
TRBV7-9,TRBJ2-1,ASSLVRGSLYNEQF,7
TRBV7-9,TRBJ2-1,ASSLVRGSNEQF,2
TRBV7-9,TRBJ2-1,ASSLVRGSNNEQF,1
TRBV7-9,TRBJ2-1,ASSLVRGSPDEQF,14
TRBV7-9,TRBJ2-1,ASSLVRGSPDYNEQF,2
TRBV7-9,TRBJ2-1,ASSLVRGSPPNEQF,1
TRBV7-9,TRBJ2-1,ASSLVRGSPSSYNEQF,1
TRBV7-9,TRBJ2-1,ASSLVRGSPTNEQF,1
TRBV7-9,TRBJ2-1,ASSLVRGSRHDEQF,1
TRBV7-9,TRBJ2-1,ASSLVRGSRYNEQF,1
TRBV7-9,TRBJ2-1,ASSLVRGSSGGVYNEQF,7
TRBV7-9,TRBJ2-1,ASSLVRGSSYNEQF,13
TRBV7-9,TRBJ2-1,ASSLVRGSTDEQF,1
TRBV7-9,TRBJ2-1,ASSLVRGSVYDEQF,1
TRBV7-9,TRBJ2-1,ASSLVRGSYNEQF,44
TRBV7-9,TRBJ2-1,ASSLVRGSYNEQY,1
TRBV7-9,TRBJ2-1,ASSLVRGSYNEWF,1
TRBV7-9,TRBJ2-1,ASSLVRGTDEQF,4
TRBV7-9,TRBJ2-1,ASSLVRGTEYNEQF,1
TRBV7-9,TRBJ2-1,ASSLVRGTFMYEQF,1
TRBV7-9,TRBJ2-1,ASSLVRGTGGLYNEQF,1
TRBV7-9,TRBJ2-1,ASSLVRGTGRDNEQF,3
TRBV7-9,TRBJ2-1,ASSLVRGTGSYNEQF,1
TRBV7-9,TRBJ2-1,ASSLVRGTGVDEQF,1
TRBV7-9,TRBJ2-1,ASSLVRGTGYNEQF,1
TRBV7-9,TRBJ2-1,ASSLVRGTHYNEQF,1
TRBV7-9,TRBJ2-1,ASSLVRGTIDEQF,1
TRBV7-9,TRBJ2-1,ASSLVRGTLLHEQF,1
TRBV7-9,TRBJ2-1,ASSLVRGTLNEQF,1
TRBV7-9,TRBJ2-1,ASSLVRGTNEQF,3
TRBV7-9,TRBJ2-1,ASSLVRGTQGGLSYNEQF,5
TRBV7-9,TRBJ2-1,ASSLVRGTRNEQF,10
TRBV7-9,TRBJ2-1,ASSLVRGTSGSPYNEQF,1
TRBV7-9,TRBJ2-1,ASSLVRGTSGTTYEQF,5
TRBV7-9,TRBJ2-1,ASSLVRGTSNEQF,1
TRBV7-9,TRBJ2-1,ASSLVRGTSRGRGDEQF,1
TRBV7-9,TRBJ2-1,ASSLVRGTSYNEQF,1
TRBV7-9,TRBJ2-1,ASSLVRGTYNEQF,14
TRBV7-9,TRBJ2-1,ASSLVRGVAGSSYNEQF,1
TRBV7-9,TRBJ2-1,ASSLVRGVDNEQF,1
TRBV7-9,TRBJ2-1,ASSLVRGVDYNEQF,1
TRBV7-9,TRBJ2-1,ASSLVRGVFNEQF,1
TRBV7-9,TRBJ2-1,ASSLVRGVGDYNEQF,1
TRBV7-9,TRBJ2-1,ASSLVRGVRGWGDQF,1
TRBV7-9,TRBJ2-1,ASSLVRGVRGWGEQF,42
TRBV7-9,TRBJ2-1,ASSLVRGVRGWGEQL,1
TRBV7-9,TRBJ2-1,ASSLVRGVSNEQF,1
TRBV7-9,TRBJ2-1,ASSLVRGVTYNEQF,1
TRBV7-9,TRBJ2-1,ASSLVRGVYEQF,1
TRBV7-9,TRBJ2-1,ASSLVRGVYNEQF,5
TRBV7-9,TRBJ2-1,ASSLVRGWGSSYNEQF,1
TRBV7-9,TRBJ2-1,ASSLVRGWNEQF,1
TRBV7-9,TRBJ2-1,ASSLVRGWNYNEQF,1
TRBV7-9,TRBJ2-1,ASSLVRGWVSYNEQF,1
TRBV7-9,TRBJ2-1,ASSLVRGYEQF,1
TRBV7-9,TRBJ2-1,ASSLVRGYGEQF,4
TRBV7-9,TRBJ2-1,ASSLVRGYGGEQF,1
TRBV7-9,TRBJ2-1,ASSLVRGYGLWSSYNEQF,2
TRBV7-9,TRBJ2-1,ASSLVRGYNEQF,15
TRBV7-9,TRBJ2-1,ASSLVRGYSNEQF,1
TRBV7-9,TRBJ2-1,ASSLVRGYYNEQF,5
TRBV7-9,TRBJ2-1,ASSLVRHEKDEQF,6
TRBV7-9,TRBJ2-1,ASSLVRHEQF,27
TRBV7-9,TRBJ2-1,ASSLVRHGGNEQF,1
TRBV7-9,TRBJ2-1,ASSLVRHNEQF,2
TRBV7-9,TRBJ2-1,ASSLVRHPGDEQF,1
TRBV7-9,TRBJ2-1,ASSLVRHRAYNEQF,1
TRBV7-9,TRBJ2-1,ASSLVRHRREGPHEQF,1
TRBV7-9,TRBJ2-1,ASSLVRIAAGYNEQF,1
TRBV7-9,TRBJ2-1,ASSLVRIAEYNEQF,1
TRBV7-9,TRBJ2-1,ASSLVRIAGGGYNEQF,1
TRBV7-9,TRBJ2-1,ASSLVRIAGGNEQF,1
TRBV7-9,TRBJ2-1,ASSLVRIDEQF,1
TRBV7-9,TRBJ2-1,ASSLVRIGGEQF,4
TRBV7-9,TRBJ2-1,ASSLVRIGGRETSYNEQF,1
TRBV7-9,TRBJ2-1,ASSLVRIGKNEQF,1
TRBV7-9,TRBJ2-1,ASSLVRIGTSYNEQF,1
TRBV7-9,TRBJ2-1,ASSLVRILYNEQF,1
TRBV7-9,TRBJ2-1,ASSLVRINNEQF,1
TRBV7-9,TRBJ2-1,ASSLVRISDRPRTNEQF,1
TRBV7-9,TRBJ2-1,ASSLVRISSYNEQF,2
TRBV7-9,TRBJ2-1,ASSLVRISYNEQF,1
TRBV7-9,TRBJ2-1,ASSLVRITTPNEQF,1
TRBV7-9,TRBJ2-1,ASSLVRIYNEQF,2
TRBV7-9,TRBJ2-1,ASSLVRKADNEQS,1
TRBV7-9,TRBJ2-1,ASSLVRKANEQF,1
TRBV7-9,TRBJ2-1,ASSLVRKASNAQF,1
TRBV7-9,TRBJ2-1,ASSLVRKAYKEQF,1
TRBV7-9,TRBJ2-1,ASSLVRKAYNAQF,1
TRBV7-9,TRBJ2-1,ASSLVRKAYNEQF,15
TRBV7-9,TRBJ2-1,ASSLVRKAYNEQY,1
TRBV7-9,TRBJ2-1,ASSLVRKAYTEQF,1
TRBV7-9,TRBJ2-1,ASSLVRKDNEQF,1
TRBV7-9,TRBJ2-1,ASSLVRKFNEQF,1
TRBV7-9,TRBJ2-1,ASSLVRKGNEQF,1
TRBV7-9,TRBJ2-1,ASSLVRKGWLDEQF,3
TRBV7-9,TRBJ2-1,ASSLVRKIYNEQF,1
TRBV7-9,TRBJ2-1,ASSLVRKLAGGTNEQF,1
TRBV7-9,TRBJ2-1,ASSLVRKLAGYNEQF,2
TRBV7-9,TRBJ2-1,ASSLVRKPNEQF,1
TRBV7-9,TRBJ2-1,ASSLVRKPYNEQF,1
TRBV7-9,TRBJ2-1,ASSLVRKRPNEQF,3
TRBV7-9,TRBJ2-1,ASSLVRKSHNEQF,1
TRBV7-9,TRBJ2-1,ASSLVRKTYNEKF,1
TRBV7-9,TRBJ2-1,ASSLVRKTYNEQY,1
TRBV7-9,TRBJ2-1,ASSLVRLAAIYNEQF,1
TRBV7-9,TRBJ2-1,ASSLVRLAARRDEQF,1
TRBV7-9,TRBJ2-1,ASSLVRLADEQF,7
TRBV7-9,TRBJ2-1,ASSLVRLADYNEQF,1
TRBV7-9,TRBJ2-1,ASSLVRLAESHEQF,1
TRBV7-9,TRBJ2-1,ASSLVRLAFNNEQF,1
TRBV7-9,TRBJ2-1,ASSLVRLAGAFNEQF,1
TRBV7-9,TRBJ2-1,ASSLVRLAGAGANEQF,2
TRBV7-9,TRBJ2-1,ASSLVRLAGAGNEQF,1
TRBV7-9,TRBJ2-1,ASSLVRLAGAGYNEQF,1
TRBV7-9,TRBJ2-1,ASSLVRLAGAHEQF,2
TRBV7-9,TRBJ2-1,ASSLVRLAGANEQF,1
TRBV7-9,TRBJ2-1,ASSLVRLAGCSYNEQF,1
TRBV7-9,TRBJ2-1,ASSLVRLAGDEQF,1
TRBV7-9,TRBJ2-1,ASSLVRLAGDNEQF,6
TRBV7-9,TRBJ2-1,ASSLVRLAGEDEQF,1
TRBV7-9,TRBJ2-1,ASSLVRLAGEFHINEQF,1
TRBV7-9,TRBJ2-1,ASSLVRLAGENEQF,1
TRBV7-9,TRBJ2-1,ASSLVRLAGGAYNEQF,1
TRBV7-9,TRBJ2-1,ASSLVRLAGGDEQF,1
TRBV7-9,TRBJ2-1,ASSLVRLAGGFGNEQF,1
TRBV7-9,TRBJ2-1,ASSLVRLAGGFYNEQF,8
TRBV7-9,TRBJ2-1,ASSLVRLAGGGYKVQF,1
TRBV7-9,TRBJ2-1,ASSLVRLAGGGYNEQF,33
TRBV7-9,TRBJ2-1,ASSLVRLAGGKEQF,1
TRBV7-9,TRBJ2-1,ASSLVRLAGGLHNEQF,1
TRBV7-9,TRBJ2-1,ASSLVRLAGGLYHHEQF,1
TRBV7-9,TRBJ2-1,ASSLVRLAGGMGHNEQF,1
TRBV7-9,TRBJ2-1,ASSLVRLAGGNEQF,26
TRBV7-9,TRBJ2-1,ASSLVRLAGGPGEQF,13
TRBV7-9,TRBJ2-1,ASSLVRLAGGPNEQF,1
TRBV7-9,TRBJ2-1,ASSLVRLAGGPTYNEQF,1
TRBV7-9,TRBJ2-1,ASSLVRLAGGPVANEQF,3
TRBV7-9,TRBJ2-1,ASSLVRLAGGSFNEQF,1
TRBV7-9,TRBJ2-1,ASSLVRLAGGSNNEQF,1
TRBV7-9,TRBJ2-1,ASSLVRLAGGSSYNEQF,1
TRBV7-9,TRBJ2-1,ASSLVRLAGGSYNEQF,13
TRBV7-9,TRBJ2-1,ASSLVRLAGGSYNSQF,1
TRBV7-9,TRBJ2-1,ASSLVRLAGGYDEQF,1
TRBV7-9,TRBJ2-1,ASSLVRLAGGYNEQF,18
TRBV7-9,TRBJ2-1,ASSLVRLAGHNEQF,1
TRBV7-9,TRBJ2-1,ASSLVRLAGISYNEQF,1
TRBV7-9,TRBJ2-1,ASSLVRLAGKNEQF,1
TRBV7-9,TRBJ2-1,ASSLVRLAGLNEQF,1
TRBV7-9,TRBJ2-1,ASSLVRLAGNLI,3
TRBV7-9,TRBJ2-1,ASSLVRLAGPAYNEQF,20
TRBV7-9,TRBJ2-1,ASSLVRLAGPNEQF,1
TRBV7-9,TRBJ2-1,ASSLVRLAGRDNEKF,1
TRBV7-9,TRBJ2-1,ASSLVRLAGRDNEQF,6
TRBV7-9,TRBJ2-1,ASSLVRLAGRNEQF,1
TRBV7-9,TRBJ2-1,ASSLVRLAGSNEQF,1
TRBV7-9,TRBJ2-1,ASSLVRLAGSWGSEQF,12
TRBV7-9,TRBJ2-1,ASSLVRLAGSYNEQF,1
TRBV7-9,TRBJ2-1,ASSLVRLAGTNEQF,6
TRBV7-9,TRBJ2-1,ASSLVRLAGTYNEQF,1
TRBV7-9,TRBJ2-1,ASSLVRLAGVASINEQF,1
TRBV7-9,TRBJ2-1,ASSLVRLAGVDEQF,2
TRBV7-9,TRBJ2-1,ASSLVRLAGVGSSYNEQF,3
TRBV7-9,TRBJ2-1,ASSLVRLAGVLNEQF,1
TRBV7-9,TRBJ2-1,ASSLVRLAGVTSNEQF,1
TRBV7-9,TRBJ2-1,ASSLVRLAGYNEQF,15
TRBV7-9,TRBJ2-1,ASSLVRLALSSYNEQF,1
TRBV7-9,TRBJ2-1,ASSLVRLANINEQF,1
TRBV7-9,TRBJ2-1,ASSLVRLAPPGNEQF,9
TRBV7-9,TRBJ2-1,ASSLVRLARLDNEQF,1
TRBV7-9,TRBJ2-1,ASSLVRLASDEQF,10
TRBV7-9,TRBJ2-1,ASSLVRLASGSYNEQF,2
TRBV7-9,TRBJ2-1,ASSLVRLASNEQF,1
TRBV7-9,TRBJ2-1,ASSLVRLASVYNEQF,1
TRBV7-9,TRBJ2-1,ASSLVRLATAYNEQF,1
TRBV7-9,TRBJ2-1,ASSLVRLAVDNEQF,1
TRBV7-9,TRBJ2-1,ASSLVRLAVYNEQF,14
TRBV7-9,TRBJ2-1,ASSLVRLAYKLQF,1
TRBV7-9,TRBJ2-1,ASSLVRLDEQF,7
TRBV7-9,TRBJ2-1,ASSLVRLDNEQF,2
TRBV7-9,TRBJ2-1,ASSLVRLEDEQF,1
TRBV7-9,TRBJ2-1,ASSLVRLEEANVQF,1
TRBV7-9,TRBJ2-1,ASSLVRLEGGGYNEQF,1
TRBV7-9,TRBJ2-1,ASSLVRLEGNEQF,1
TRBV7-9,TRBJ2-1,ASSLVRLELNEQF,1
TRBV7-9,TRBJ2-1,ASSLVRLESSYNEQF,1
TRBV7-9,TRBJ2-1,ASSLVRLFNEQF,1
TRBV7-9,TRBJ2-1,ASSLVRLGAVNEQF,1
TRBV7-9,TRBJ2-1,ASSLVRLGGGNERF,1
TRBV7-9,TRBJ2-1,ASSLVRLGGNEQF,1
TRBV7-9,TRBJ2-1,ASSLVRLGPNEQF,22
TRBV7-9,TRBJ2-1,ASSLVRLGRTLNEQF,1
TRBV7-9,TRBJ2-1,ASSLVRLGSWTHEQF,12
TRBV7-9,TRBJ2-1,ASSLVRLGSWTQEQF,1
TRBV7-9,TRBJ2-1,ASSLVRLGYNEQF,2
TRBV7-9,TRBJ2-1,ASSLVRLGYYNEQF,6
TRBV7-9,TRBJ2-1,ASSLVRLKDHEQF,1
TRBV7-9,TRBJ2-1,ASSLVRLLAGAYNEQF,1
TRBV7-9,TRBJ2-1,ASSLVRLLAPNEQF,21
TRBV7-9,TRBJ2-1,ASSLVRLMTGADNEQF,4
TRBV7-9,TRBJ2-1,ASSLVRLNEQF,4
TRBV7-9,TRBJ2-1,ASSLVRLNNEQF,1
TRBV7-9,TRBJ2-1,ASSLVRLPGFDEQF,1
TRBV7-9,TRBJ2-1,ASSLVRLPGWNEQF,1
TRBV7-9,TRBJ2-1,ASSLVRLPRANEQF,1
TRBV7-9,TRBJ2-1,ASSLVRLQAYNEQF,8
TRBV7-9,TRBJ2-1,ASSLVRLRDQSSYNEQF,3
TRBV7-9,TRBJ2-1,ASSLVRLREWTYNEQF,1
TRBV7-9,TRBJ2-1,ASSLVRLRGNNEQF,1
TRBV7-9,TRBJ2-1,ASSLVRLRGYNEQF,1
TRBV7-9,TRBJ2-1,ASSLVRLRPGNEQF,1
TRBV7-9,TRBJ2-1,ASSLVRLSGKYNEQF,1
TRBV7-9,TRBJ2-1,ASSLVRLSGLYNEQF,1
TRBV7-9,TRBJ2-1,ASSLVRLSSYNEQF,1
TRBV7-9,TRBJ2-1,ASSLVRLSYNEQF,1
TRBV7-9,TRBJ2-1,ASSLVRLTSGRDEQF,8
TRBV7-9,TRBJ2-1,ASSLVRLVGGYNEQF,1
TRBV7-9,TRBJ2-1,ASSLVRLVSGNEQF,1
TRBV7-9,TRBJ2-1,ASSLVRLYFYNEQF,1
TRBV7-9,TRBJ2-1,ASSLVRLYGSYNEQF,3
TRBV7-9,TRBJ2-1,ASSLVRLYNEQF,22
TRBV7-9,TRBJ2-1,ASSLVRMGNEQF,1
TRBV7-9,TRBJ2-1,ASSLVRMISDTGNEQF,1
TRBV7-9,TRBJ2-1,ASSLVRMNEQF,1
TRBV7-9,TRBJ2-1,ASSLVRMVAEQF,10
TRBV7-9,TRBJ2-1,ASSLVRMVAEQL,1
TRBV7-9,TRBJ2-1,ASSLVRNADNEQL,1
TRBV7-9,TRBJ2-1,ASSLVRNAYNEQF,10
TRBV7-9,TRBJ2-1,ASSLVRNEQC,1
TRBV7-9,TRBJ2-1,ASSLVRNEQF,94
TRBV7-9,TRBJ2-1,ASSLVRNGDDEQF,1
TRBV7-9,TRBJ2-1,ASSLVRNIMGLPPEQF,2
TRBV7-9,TRBJ2-1,ASSLVRNLMGLPPEQF,11
TRBV7-9,TRBJ2-1,ASSLVRNLMGVPPEQF,1
TRBV7-9,TRBJ2-1,ASSLVRNNDHF,2
TRBV7-9,TRBJ2-1,ASSLVRNNEQF,24
TRBV7-9,TRBJ2-1,ASSLVRNNNEQF,1
TRBV7-9,TRBJ2-1,ASSLVRNSGKKTYNEQF,1
TRBV7-9,TRBJ2-1,ASSLVRNSRAGEANEQF,1
TRBV7-9,TRBJ2-1,ASSLVRNSYNEQF,1
TRBV7-9,TRBJ2-1,ASSLVRNTMDNEQF,15
TRBV7-9,TRBJ2-1,ASSLVRNTMENEQF,1
TRBV7-9,TRBJ2-1,ASSLVRNYEQF,1
TRBV7-9,TRBJ2-1,ASSLVRNYNEQF,2
TRBV7-9,TRBJ2-1,ASSLVRPARFSYNEQF,1
TRBV7-9,TRBJ2-1,ASSLVRPDSL,1
TRBV7-9,TRBJ2-1,ASSLVRPGDNEQF,1
TRBV7-9,TRBJ2-1,ASSLVRPGGPLRGLYNEQF,1
TRBV7-9,TRBJ2-1,ASSLVRPGGPYEQF,1
TRBV7-9,TRBJ2-1,ASSLVRPGGRNEQF,1
TRBV7-9,TRBJ2-1,ASSLVRPGINEQF,1
TRBV7-9,TRBJ2-1,ASSLVRPGQGDDEQF,1
TRBV7-9,TRBJ2-1,ASSLVRPKEDEQF,1
TRBV7-9,TRBJ2-1,ASSLVRPLEQF,22
TRBV7-9,TRBJ2-1,ASSLVRPLGLVADEQF,4
TRBV7-9,TRBJ2-1,ASSLVRPLSPF,2
TRBV7-9,TRBJ2-1,ASSLVRPLSYNEQF,1
TRBV7-9,TRBJ2-1,ASSLVRPNYNEQF,1
TRBV7-9,TRBJ2-1,ASSLVRPPEQF,1
TRBV7-9,TRBJ2-1,ASSLVRPQGNEQF,1
TRBV7-9,TRBJ2-1,ASSLVRPQRYEQF,1
TRBV7-9,TRBJ2-1,ASSLVRPRREEQF,1
TRBV7-9,TRBJ2-1,ASSLVRPRSYNEQF,1
TRBV7-9,TRBJ2-1,ASSLVRPSDEQF,1
TRBV7-9,TRBJ2-1,ASSLVRPSGGDEQF,1
TRBV7-9,TRBJ2-1,ASSLVRPSGHNEQF,1
TRBV7-9,TRBJ2-1,ASSLVRPSYNEQF,1
TRBV7-9,TRBJ2-1,ASSLVRPTGEVYNEQF,1
TRBV7-9,TRBJ2-1,ASSLVRPTSGSKDEQF,1
TRBV7-9,TRBJ2-1,ASSLVRPTYNEQF,3
TRBV7-9,TRBJ2-1,ASSLVRPVEDEQF,1
TRBV7-9,TRBJ2-1,ASSLVRPVGNEQF,1
TRBV7-9,TRBJ2-1,ASSLVRPWGDEQF,1
TRBV7-9,TRBJ2-1,ASSLVRPYLNEQF,1
TRBV7-9,TRBJ2-1,ASSLVRPYNEQF,5
TRBV7-9,TRBJ2-1,ASSLVRQADNVQF,1
TRBV7-9,TRBJ2-1,ASSLVRQAEQF,3
TRBV7-9,TRBJ2-1,ASSLVRQANNEQF,1
TRBV7-9,TRBJ2-1,ASSLVRQASTEQV,1
TRBV7-9,TRBJ2-1,ASSLVRQAYKEQF,1
TRBV7-9,TRBJ2-1,ASSLVRQAYNEQF,7
TRBV7-9,TRBJ2-1,ASSLVRQDNEQF,15
TRBV7-9,TRBJ2-1,ASSLVRQDNEQS,1
TRBV7-9,TRBJ2-1,ASSLVRQDYNEQF,1
TRBV7-9,TRBJ2-1,ASSLVRQENNEQF,1
TRBV7-9,TRBJ2-1,ASSLVRQGAGNEQF,1
TRBV7-9,TRBJ2-1,ASSLVRQGANEQF,1
TRBV7-9,TRBJ2-1,ASSLVRQGANNEQF,1
TRBV7-9,TRBJ2-1,ASSLVRQGATYNEQF,5
TRBV7-9,TRBJ2-1,ASSLVRQGAYNEQF,1
TRBV7-9,TRBJ2-1,ASSLVRQGDNQQF,1
TRBV7-9,TRBJ2-1,ASSLVRQGFYNEQF,1
TRBV7-9,TRBJ2-1,ASSLVRQGGHEQF,1
TRBV7-9,TRBJ2-1,ASSLVRQGGNEQF,1
TRBV7-9,TRBJ2-1,ASSLVRQGIHEQF,1
TRBV7-9,TRBJ2-1,ASSLVRQGLYNEQF,1
TRBV7-9,TRBJ2-1,ASSLVRQGPLSSYNEQF,1
TRBV7-9,TRBJ2-1,ASSLVRQGPNEQF,2
TRBV7-9,TRBJ2-1,ASSLVRQGRSNEQF,1
TRBV7-9,TRBJ2-1,ASSLVRQGSYNEQF,1
TRBV7-9,TRBJ2-1,ASSLVRQGTEQF,7
TRBV7-9,TRBJ2-1,ASSLVRQGTYNEQF,3
TRBV7-9,TRBJ2-1,ASSLVRQGVNEQF,4
TRBV7-9,TRBJ2-1,ASSLVRQGVQEQF,1
TRBV7-9,TRBJ2-1,ASSLVRQGYNEQF,3
TRBV7-9,TRBJ2-1,ASSLVRQGYSYNEQF,2
TRBV7-9,TRBJ2-1,ASSLVRQHNEQF,7
TRBV7-9,TRBJ2-1,ASSLVRQKADEQF,10
TRBV7-9,TRBJ2-1,ASSLVRQKSYNEQF,1
TRBV7-9,TRBJ2-1,ASSLVRQLNEQF,15
TRBV7-9,TRBJ2-1,ASSLVRQLPSYNEQF,1
TRBV7-9,TRBJ2-1,ASSLVRQLYNEQF,1
TRBV7-9,TRBJ2-1,ASSLVRQNEQF,2
TRBV7-9,TRBJ2-1,ASSLVRQNNEQF,22
TRBV7-9,TRBJ2-1,ASSLVRQPDLETYNEQF,1
TRBV7-9,TRBJ2-1,ASSLVRQRDEQF,1
TRBV7-9,TRBJ2-1,ASSLVRQRITNEQF,1
TRBV7-9,TRBJ2-1,ASSLVRQRPGAYNEQF,1
TRBV7-9,TRBJ2-1,ASSLVRQRSYNEQF,1
TRBV7-9,TRBJ2-1,ASSLVRQRYNEQF,1
TRBV7-9,TRBJ2-1,ASSLVRQSLYNEQF,1
TRBV7-9,TRBJ2-1,ASSLVRQSNEQF,1
TRBV7-9,TRBJ2-1,ASSLVRQSNNEQF,1
TRBV7-9,TRBJ2-1,ASSLVRQSSYNEQF,4
TRBV7-9,TRBJ2-1,ASSLVRQSYNEQF,10
TRBV7-9,TRBJ2-1,ASSLVRQTYNEQF,1
TRBV7-9,TRBJ2-1,ASSLVRQVTYNEQF,1
TRBV7-9,TRBJ2-1,ASSLVRQYNEQC,1
TRBV7-9,TRBJ2-1,ASSLVRQYNEQF,10
TRBV7-9,TRBJ2-1,ASSLVRQYTNEQF,1
TRBV7-9,TRBJ2-1,ASSLVRRAENEQF,1
TRBV7-9,TRBJ2-1,ASSLVRRAGGNEQF,1
TRBV7-9,TRBJ2-1,ASSLVRRANEQF,1
TRBV7-9,TRBJ2-1,ASSLVRRAREQF,1
TRBV7-9,TRBJ2-1,ASSLVRRASGSNEQF,4
TRBV7-9,TRBJ2-1,ASSLVRRASYNEQF,1
TRBV7-9,TRBJ2-1,ASSLVRRAYDEQF,1
TRBV7-9,TRBJ2-1,ASSLVRRAYNEQF,1
TRBV7-9,TRBJ2-1,ASSLVRRDEQF,15
TRBV7-9,TRBJ2-1,ASSLVRRDHEQF,1
TRBV7-9,TRBJ2-1,ASSLVRRDKYNEQF,1
TRBV7-9,TRBJ2-1,ASSLVRRDNEQF,2
TRBV7-9,TRBJ2-1,ASSLVRRDQGWHEQF,6
TRBV7-9,TRBJ2-1,ASSLVRRDYNEQF,1
TRBV7-9,TRBJ2-1,ASSLVRREDSYNEQF,1
TRBV7-9,TRBJ2-1,ASSLVRREEANEQF,1
TRBV7-9,TRBJ2-1,ASSLVRREEDNEQF,13
TRBV7-9,TRBJ2-1,ASSLVRREGRNEQF,2
TRBV7-9,TRBJ2-1,ASSLVRREGSYNEQF,1
TRBV7-9,TRBJ2-1,ASSLVRREGVTYEQF,1
TRBV7-9,TRBJ2-1,ASSLVRREGYNEQF,1
TRBV7-9,TRBJ2-1,ASSLVRREHNEQF,1
TRBV7-9,TRBJ2-1,ASSLVRREQF,1
TRBV7-9,TRBJ2-1,ASSLVRRFNEQF,1
TRBV7-9,TRBJ2-1,ASSLVRRGDEQF,11
TRBV7-9,TRBJ2-1,ASSLVRRGDNEQF,1
TRBV7-9,TRBJ2-1,ASSLVRRGEDEQF,1
TRBV7-9,TRBJ2-1,ASSLVRRGGNEQF,1
TRBV7-9,TRBJ2-1,ASSLVRRGITYNEQF,1
TRBV7-9,TRBJ2-1,ASSLVRRGLAVQF,10
TRBV7-9,TRBJ2-1,ASSLVRRGNEQF,14
TRBV7-9,TRBJ2-1,ASSLVRRGNNEQF,1
TRBV7-9,TRBJ2-1,ASSLVRRGQHNEHF,1
TRBV7-9,TRBJ2-1,ASSLVRRGQHNEQF,6
TRBV7-9,TRBJ2-1,ASSLVRRGQNNEQF,1
TRBV7-9,TRBJ2-1,ASSLVRRGRGDGYNEQF,1
TRBV7-9,TRBJ2-1,ASSLVRRGRNEQF,1
TRBV7-9,TRBJ2-1,ASSLVRRGRTYNEQF,1
TRBV7-9,TRBJ2-1,ASSLVRRGSHNEQF,4
TRBV7-9,TRBJ2-1,ASSLVRRGSSYNEQF,2
TRBV7-9,TRBJ2-1,ASSLVRRGYNEQF,1
TRBV7-9,TRBJ2-1,ASSLVRRHYNEQF,1
TRBV7-9,TRBJ2-1,ASSLVRRLAGSYNEQF,1
TRBV7-9,TRBJ2-1,ASSLVRRPDNEQF,1
TRBV7-9,TRBJ2-1,ASSLVRRPGDEQF,1
TRBV7-9,TRBJ2-1,ASSLVRRPGSYNEQF,1
TRBV7-9,TRBJ2-1,ASSLVRRPREKF,1
TRBV7-9,TRBJ2-1,ASSLVRRPREQF,21
TRBV7-9,TRBJ2-1,ASSLVRRPSGNEQF,1
TRBV7-9,TRBJ2-1,ASSLVRRQGYNEQF,1
TRBV7-9,TRBJ2-1,ASSLVRRQIYNEQF,1
TRBV7-9,TRBJ2-1,ASSLVRRQTFDNEQF,1
TRBV7-9,TRBJ2-1,ASSLVRRSEDNEQF,1
TRBV7-9,TRBJ2-1,ASSLVRRSGAGSQRWLSYNEQF,18
TRBV7-9,TRBJ2-1,ASSLVRRSSYNEQF,1
TRBV7-9,TRBJ2-1,ASSLVRRSYNEQF,4
TRBV7-9,TRBJ2-1,ASSLVRRTDEQF,1
TRBV7-9,TRBJ2-1,ASSLVRRTRDNEQF,1
TRBV7-9,TRBJ2-1,ASSLVRRTTLNEQF,4
TRBV7-9,TRBJ2-1,ASSLVRRTYNDQF,1
TRBV7-9,TRBJ2-1,ASSLVRRTYNEQF,11
TRBV7-9,TRBJ2-1,ASSLVRRVDEQF,1
TRBV7-9,TRBJ2-1,ASSLVRRVGSLNEQF,1
TRBV7-9,TRBJ2-1,ASSLVRRVNEQF,1
TRBV7-9,TRBJ2-1,ASSLVRRWHNEQF,1
TRBV7-9,TRBJ2-1,ASSLVRRYEQF,1
TRBV7-9,TRBJ2-1,ASSLVRRYNEQF,1
TRBV7-9,TRBJ2-1,ASSLVRSAATSHNEQF,1
TRBV7-9,TRBJ2-1,ASSLVRSAGKNEQF,1
TRBV7-9,TRBJ2-1,ASSLVRSANEQF,1
TRBV7-9,TRBJ2-1,ASSLVRSASGRDNEQF,1
TRBV7-9,TRBJ2-1,ASSLVRSAYNEQF,4
TRBV7-9,TRBJ2-1,ASSLVRSAYYNEQF,8
TRBV7-9,TRBJ2-1,ASSLVRSDEQF,5
TRBV7-9,TRBJ2-1,ASSLVRSDGAGNYNEQF,1
TRBV7-9,TRBJ2-1,ASSLVRSDLTYNEQF,1
TRBV7-9,TRBJ2-1,ASSLVRSDNEQF,1
TRBV7-9,TRBJ2-1,ASSLVRSDRGFR,8
TRBV7-9,TRBJ2-1,ASSLVRSDYNEQF,1
TRBV7-9,TRBJ2-1,ASSLVRSEAQF,14
TRBV7-9,TRBJ2-1,ASSLVRSEEQF,7
TRBV7-9,TRBJ2-1,ASSLVRSELYNEQF,1
TRBV7-9,TRBJ2-1,ASSLVRSEQF,1
TRBV7-9,TRBJ2-1,ASSLVRSERRSYNEQF,1
TRBV7-9,TRBJ2-1,ASSLVRSERVEQF,16
TRBV7-9,TRBJ2-1,ASSLVRSFGDEQF,1
TRBV7-9,TRBJ2-1,ASSLVRSFTYNEQF,1
TRBV7-9,TRBJ2-1,ASSLVRSGDNEQF,1
TRBV7-9,TRBJ2-1,ASSLVRSGHWDEQF,1
TRBV7-9,TRBJ2-1,ASSLVRSGMFYNEQF,1
TRBV7-9,TRBJ2-1,ASSLVRSGNEQF,2
TRBV7-9,TRBJ2-1,ASSLVRSGNGDEQF,1
TRBV7-9,TRBJ2-1,ASSLVRSGNNEQF,1
TRBV7-9,TRBJ2-1,ASSLVRSGRAKNEQF,8
TRBV7-9,TRBJ2-1,ASSLVRSGRNEQF,1
TRBV7-9,TRBJ2-1,ASSLVRSGRRYEQF,1
TRBV7-9,TRBJ2-1,ASSLVRSGRSNEQF,1
TRBV7-9,TRBJ2-1,ASSLVRSGSLYNEQF,1
TRBV7-9,TRBJ2-1,ASSLVRSGSTNEQF,1
TRBV7-9,TRBJ2-1,ASSLVRSGSYNEQF,2
TRBV7-9,TRBJ2-1,ASSLVRSGTGNEQF,2
TRBV7-9,TRBJ2-1,ASSLVRSGVQNEQF,1
TRBV7-9,TRBJ2-1,ASSLVRSGYNEQF,4
TRBV7-9,TRBJ2-1,ASSLVRSGYYNEQF,1
TRBV7-9,TRBJ2-1,ASSLVRSHNEQF,1
TRBV7-9,TRBJ2-1,ASSLVRSHPQIYNEQF,1
TRBV7-9,TRBJ2-1,ASSLVRSIYNEQF,1
TRBV7-9,TRBJ2-1,ASSLVRSLANEQF,1
TRBV7-9,TRBJ2-1,ASSLVRSLFEDEQF,7
TRBV7-9,TRBJ2-1,ASSLVRSLGRNEQC,1
TRBV7-9,TRBJ2-1,ASSLVRSLSYNEQF,6
TRBV7-9,TRBJ2-1,ASSLVRSNEQF,3
TRBV7-9,TRBJ2-1,ASSLVRSNNEQF,15
TRBV7-9,TRBJ2-1,ASSLVRSNRASYNEQF,4
TRBV7-9,TRBJ2-1,ASSLVRSNSYNEQF,1
TRBV7-9,TRBJ2-1,ASSLVRSPGVDEQF,6
TRBV7-9,TRBJ2-1,ASSLVRSPNEQF,1
TRBV7-9,TRBJ2-1,ASSLVRSQLWYEQF,1
TRBV7-9,TRBJ2-1,ASSLVRSRLAQGNEQF,1
TRBV7-9,TRBJ2-1,ASSLVRSRLTYNEQF,1
TRBV7-9,TRBJ2-1,ASSLVRSRNEQF,1
TRBV7-9,TRBJ2-1,ASSLVRSRVKEQF,1
TRBV7-9,TRBJ2-1,ASSLVRSRVNEQF,15
TRBV7-9,TRBJ2-1,ASSLVRSRYNEQF,1
TRBV7-9,TRBJ2-1,ASSLVRSSDNEQF,1
TRBV7-9,TRBJ2-1,ASSLVRSSGHNEQF,1
TRBV7-9,TRBJ2-1,ASSLVRSSGLSNEQF,1
TRBV7-9,TRBJ2-1,ASSLVRSSGRADSYNEQF,1
TRBV7-9,TRBJ2-1,ASSLVRSSGRDEQF,1
TRBV7-9,TRBJ2-1,ASSLVRSSGRVNNEQF,1
TRBV7-9,TRBJ2-1,ASSLVRSSGRVSYNEQF,1
TRBV7-9,TRBJ2-1,ASSLVRSSGYNEQF,2
TRBV7-9,TRBJ2-1,ASSLVRSSIEQC,1
TRBV7-9,TRBJ2-1,ASSLVRSSIVSYNEQF,1
TRBV7-9,TRBJ2-1,ASSLVRSSNSYNEQF,1
TRBV7-9,TRBJ2-1,ASSLVRSSSYNEQF,1
TRBV7-9,TRBJ2-1,ASSLVRSSYNEQF,12
TRBV7-9,TRBJ2-1,ASSLVRSSYNTQF,1
TRBV7-9,TRBJ2-1,ASSLVRSTNEQF,2
TRBV7-9,TRBJ2-1,ASSLVRSTSRLYEQF,1
TRBV7-9,TRBJ2-1,ASSLVRSVDNEQF,1
TRBV7-9,TRBJ2-1,ASSLVRSVEGAQF,1
TRBV7-9,TRBJ2-1,ASSLVRSVEGELF,1
TRBV7-9,TRBJ2-1,ASSLVRSVEGEQF,32
TRBV7-9,TRBJ2-1,ASSLVRSVGTNEQF,1
TRBV7-9,TRBJ2-1,ASSLVRSVPNEQF,1
TRBV7-9,TRBJ2-1,ASSLVRSVSEQF,1
TRBV7-9,TRBJ2-1,ASSLVRSVSYNEQF,1
TRBV7-9,TRBJ2-1,ASSLVRSVYNEQF,9
TRBV7-9,TRBJ2-1,ASSLVRSYDDEQF,1
TRBV7-9,TRBJ2-1,ASSLVRSYNEQF,12
TRBV7-9,TRBJ2-1,ASSLVRTADNEQF,7
TRBV7-9,TRBJ2-1,ASSLVRTAFLGYNEQF,1
TRBV7-9,TRBJ2-1,ASSLVRTAGDTHEQF,1
TRBV7-9,TRBJ2-1,ASSLVRTALYNEQF,1
TRBV7-9,TRBJ2-1,ASSLVRTANNEQF,2
TRBV7-9,TRBJ2-1,ASSLVRTAPYNEQF,1
TRBV7-9,TRBJ2-1,ASSLVRTASYNAQF,1
TRBV7-9,TRBJ2-1,ASSLVRTASYNEQF,6
TRBV7-9,TRBJ2-1,ASSLVRTAYNEQF,1
TRBV7-9,TRBJ2-1,ASSLVRTDEQF,1
TRBV7-9,TRBJ2-1,ASSLVRTDNEQF,7
TRBV7-9,TRBJ2-1,ASSLVRTEDEQF,1
TRBV7-9,TRBJ2-1,ASSLVRTEQF,13
TRBV7-9,TRBJ2-1,ASSLVRTERYNEQF,1
TRBV7-9,TRBJ2-1,ASSLVRTETGDNEQF,3
TRBV7-9,TRBJ2-1,ASSLVRTGANNEQF,7
TRBV7-9,TRBJ2-1,ASSLVRTGAPNEQF,1
TRBV7-9,TRBJ2-1,ASSLVRTGDEQF,4
TRBV7-9,TRBJ2-1,ASSLVRTGDNEQF,10
TRBV7-9,TRBJ2-1,ASSLVRTGENEQF,1
TRBV7-9,TRBJ2-1,ASSLVRTGFDEQF,1
TRBV7-9,TRBJ2-1,ASSLVRTGGFNEQF,1
TRBV7-9,TRBJ2-1,ASSLVRTGGIYEQC,1
TRBV7-9,TRBJ2-1,ASSLVRTGGIYEQF,13
TRBV7-9,TRBJ2-1,ASSLVRTGGLDEQF,1
TRBV7-9,TRBJ2-1,ASSLVRTGGLF,3
TRBV7-9,TRBJ2-1,ASSLVRTGGLSSYNEQF,1
TRBV7-9,TRBJ2-1,ASSLVRTGGNEQF,1
TRBV7-9,TRBJ2-1,ASSLVRTGGRSYNEQF,1
TRBV7-9,TRBJ2-1,ASSLVRTGGSDEQF,1
TRBV7-9,TRBJ2-1,ASSLVRTGGSEQF,6
TRBV7-9,TRBJ2-1,ASSLVRTGILDEQF,2
TRBV7-9,TRBJ2-1,ASSLVRTGINEQF,1
TRBV7-9,TRBJ2-1,ASSLVRTGLNEQF,1
TRBV7-9,TRBJ2-1,ASSLVRTGNEQF,1
TRBV7-9,TRBJ2-1,ASSLVRTGSDNEQF,1
TRBV7-9,TRBJ2-1,ASSLVRTGSLDEQF,1
TRBV7-9,TRBJ2-1,ASSLVRTGSNEQF,1
TRBV7-9,TRBJ2-1,ASSLVRTGSSYNEQF,11
TRBV7-9,TRBJ2-1,ASSLVRTGSYNEQF,1
TRBV7-9,TRBJ2-1,ASSLVRTGVGNEQF,1
TRBV7-9,TRBJ2-1,ASSLVRTGVRNEQF,6
TRBV7-9,TRBJ2-1,ASSLVRTGWLDAQF,1
TRBV7-9,TRBJ2-1,ASSLVRTGWLDEHF,1
TRBV7-9,TRBJ2-1,ASSLVRTGWLDELF,1
TRBV7-9,TRBJ2-1,ASSLVRTGWLDEQF,152
TRBV7-9,TRBJ2-1,ASSLVRTGWLDEQL,1
TRBV7-9,TRBJ2-1,ASSLVRTGWLDKQF,1
TRBV7-9,TRBJ2-1,ASSLVRTGWLNEQF,4
TRBV7-9,TRBJ2-1,ASSLVRTGWLYEQF,2
TRBV7-9,TRBJ2-1,ASSLVRTGWSDEQF,1
TRBV7-9,TRBJ2-1,ASSLVRTGWVDEQF,1
TRBV7-9,TRBJ2-1,ASSLVRTGYADEQF,1
TRBV7-9,TRBJ2-1,ASSLVRTGYGGEQF,2
TRBV7-9,TRBJ2-1,ASSLVRTGYYKEQF,1
TRBV7-9,TRBJ2-1,ASSLVRTGYYNEQF,8
TRBV7-9,TRBJ2-1,ASSLVRTHYNEQF,2
TRBV7-9,TRBJ2-1,ASSLVRTKDEQF,1
TRBV7-9,TRBJ2-1,ASSLVRTKPHEQF,6
TRBV7-9,TRBJ2-1,ASSLVRTLRDEQF,5
TRBV7-9,TRBJ2-1,ASSLVRTNDEQF,3
TRBV7-9,TRBJ2-1,ASSLVRTNEQF,2
TRBV7-9,TRBJ2-1,ASSLVRTNLNEQF,3
TRBV7-9,TRBJ2-1,ASSLVRTNNEQF,1
TRBV7-9,TRBJ2-1,ASSLVRTNNNEQF,1
TRBV7-9,TRBJ2-1,ASSLVRTNSYNEQF,1
TRBV7-9,TRBJ2-1,ASSLVRTPHEQF,1
TRBV7-9,TRBJ2-1,ASSLVRTPSYNEQF,6
TRBV7-9,TRBJ2-1,ASSLVRTPYNEQF,1
TRBV7-9,TRBJ2-1,ASSLVRTRGGEQF,1
TRBV7-9,TRBJ2-1,ASSLVRTRGPRDEQF,1
TRBV7-9,TRBJ2-1,ASSLVRTRGYNEQF,1
TRBV7-9,TRBJ2-1,ASSLVRTRGYYNEQF,1
TRBV7-9,TRBJ2-1,ASSLVRTRHWNEQF,1
TRBV7-9,TRBJ2-1,ASSLVRTRLRNEQF,1
TRBV7-9,TRBJ2-1,ASSLVRTSADEQF,1
TRBV7-9,TRBJ2-1,ASSLVRTSANEQF,3
TRBV7-9,TRBJ2-1,ASSLVRTSDEQF,2
TRBV7-9,TRBJ2-1,ASSLVRTSDGYNEQF,1
TRBV7-9,TRBJ2-1,ASSLVRTSDNEQF,8
TRBV7-9,TRBJ2-1,ASSLVRTSESNEQF,1
TRBV7-9,TRBJ2-1,ASSLVRTSGANEQF,1
TRBV7-9,TRBJ2-1,ASSLVRTSGDEQF,3
TRBV7-9,TRBJ2-1,ASSLVRTSGDNEQF,5
TRBV7-9,TRBJ2-1,ASSLVRTSGDYNEQC,1
TRBV7-9,TRBJ2-1,ASSLVRTSGEYEQF,1
TRBV7-9,TRBJ2-1,ASSLVRTSGFNEQF,1
TRBV7-9,TRBJ2-1,ASSLVRTSGGEQF,57
TRBV7-9,TRBJ2-1,ASSLVRTSGGSSYNEQF,1
TRBV7-9,TRBJ2-1,ASSLVRTSGGSYNEQF,2
TRBV7-9,TRBJ2-1,ASSLVRTSGHNEPF,1
TRBV7-9,TRBJ2-1,ASSLVRTSGHNEQF,16
TRBV7-9,TRBJ2-1,ASSLVRTSGHNEQV,1
TRBV7-9,TRBJ2-1,ASSLVRTSGINEQF,2
TRBV7-9,TRBJ2-1,ASSLVRTSGIVNEQF,1
TRBV7-9,TRBJ2-1,ASSLVRTSGNEQF,1
TRBV7-9,TRBJ2-1,ASSLVRTSGNNEQF,1
TRBV7-9,TRBJ2-1,ASSLVRTSGPSSYNEQF,1
TRBV7-9,TRBJ2-1,ASSLVRTSGRAGYNEQF,1
TRBV7-9,TRBJ2-1,ASSLVRTSGRANEQF,1
TRBV7-9,TRBJ2-1,ASSLVRTSGRGNEQF,1
TRBV7-9,TRBJ2-1,ASSLVRTSGRGSYNEQF,1
TRBV7-9,TRBJ2-1,ASSLVRTSGRTGSYNEQF,4
TRBV7-9,TRBJ2-1,ASSLVRTSGSEQF,3
TRBV7-9,TRBJ2-1,ASSLVRTSGSGAYNEQF,1
TRBV7-9,TRBJ2-1,ASSLVRTSGSNEQF,1
TRBV7-9,TRBJ2-1,ASSLVRTSGSNNEQF,1
TRBV7-9,TRBJ2-1,ASSLVRTSGSSNNEQF,1
TRBV7-9,TRBJ2-1,ASSLVRTSGSYNEQF,1
TRBV7-9,TRBJ2-1,ASSLVRTSGTNEQF,1
TRBV7-9,TRBJ2-1,ASSLVRTSGTWDEQF,4
TRBV7-9,TRBJ2-1,ASSLVRTSGVRNEQF,1
TRBV7-9,TRBJ2-1,ASSLVRTSGWDEQF,2
TRBV7-9,TRBJ2-1,ASSLVRTSGYNEQF,7
TRBV7-9,TRBJ2-1,ASSLVRTSGYYNEQF,3
TRBV7-9,TRBJ2-1,ASSLVRTSHNEQF,1
TRBV7-9,TRBJ2-1,ASSLVRTSNYNEQF,8
TRBV7-9,TRBJ2-1,ASSLVRTSPNEQF,1
TRBV7-9,TRBJ2-1,ASSLVRTSPNNNEQF,1
TRBV7-9,TRBJ2-1,ASSLVRTSRGISNEQF,2
TRBV7-9,TRBJ2-1,ASSLVRTSRYNEQF,1
TRBV7-9,TRBJ2-1,ASSLVRTSSDNEQF,1
TRBV7-9,TRBJ2-1,ASSLVRTSSYKEQF,1
TRBV7-9,TRBJ2-1,ASSLVRTSSYNEQF,16
TRBV7-9,TRBJ2-1,ASSLVRTSSYNEQI,1
TRBV7-9,TRBJ2-1,ASSLVRTSVHEQF,4
TRBV7-9,TRBJ2-1,ASSLVRTSVRNEQF,1
TRBV7-9,TRBJ2-1,ASSLVRTSVSNEQF,1
TRBV7-9,TRBJ2-1,ASSLVRTSYHEQF,1
TRBV7-9,TRBJ2-1,ASSLVRTSYNEQF,1
TRBV7-9,TRBJ2-1,ASSLVRTSYYNEQF,1
TRBV7-9,TRBJ2-1,ASSLVRTTDEQF,1
TRBV7-9,TRBJ2-1,ASSLVRTTNEQF,2
TRBV7-9,TRBJ2-1,ASSLVRTTSGGDNEQF,3
TRBV7-9,TRBJ2-1,ASSLVRTTSYNEQF,1
TRBV7-9,TRBJ2-1,ASSLVRTTYNEKF,1
TRBV7-9,TRBJ2-1,ASSLVRTTYNEQF,22
TRBV7-9,TRBJ2-1,ASSLVRTTYNEQL,1
TRBV7-9,TRBJ2-1,ASSLVRTVNEQF,2
TRBV7-9,TRBJ2-1,ASSLVRTVRYNEQF,1
TRBV7-9,TRBJ2-1,ASSLVRTVYNEQF,1
TRBV7-9,TRBJ2-1,ASSLVRTYAYNAQF,1
TRBV7-9,TRBJ2-1,ASSLVRTYAYNEQF,1
TRBV7-9,TRBJ2-1,ASSLVRTYNEQF,11
TRBV7-9,TRBJ2-1,ASSLVRTYSYNEQF,9
TRBV7-9,TRBJ2-1,ASSLVRVADNEQF,2
TRBV7-9,TRBJ2-1,ASSLVRVAEREQF,1
TRBV7-9,TRBJ2-1,ASSLVRVAESSYNEQF,1
TRBV7-9,TRBJ2-1,ASSLVRVAGGGPSNEQF,1
TRBV7-9,TRBJ2-1,ASSLVRVAGGPYNEQF,1
TRBV7-9,TRBJ2-1,ASSLVRVAGVNEQF,1
TRBV7-9,TRBJ2-1,ASSLVRVANEQF,1
TRBV7-9,TRBJ2-1,ASSLVRVASNEQF,1
TRBV7-9,TRBJ2-1,ASSLVRVAYHEQF,1
TRBV7-9,TRBJ2-1,ASSLVRVAYHKQF,1
TRBV7-9,TRBJ2-1,ASSLVRVAYKERF,1
TRBV7-9,TRBJ2-1,ASSLVRVAYKKKF,1
TRBV7-9,TRBJ2-1,ASSLVRVAYNDQF,1
TRBV7-9,TRBJ2-1,ASSLVRVAYNEQF,42
TRBV7-9,TRBJ2-1,ASSLVRVAYNEQI,1
TRBV7-9,TRBJ2-1,ASSLVRVAYNEQL,1
TRBV7-9,TRBJ2-1,ASSLVRVAYNEQV,2
TRBV7-9,TRBJ2-1,ASSLVRVAYNMNF,1
TRBV7-9,TRBJ2-1,ASSLVRVAYYEQF,1
TRBV7-9,TRBJ2-1,ASSLVRVAYYQQI,1
TRBV7-9,TRBJ2-1,ASSLVRVDEQF,3
TRBV7-9,TRBJ2-1,ASSLVRVDNEQF,3
TRBV7-9,TRBJ2-1,ASSLVRVDYKEQF,1
TRBV7-9,TRBJ2-1,ASSLVRVDYNDKF,1
TRBV7-9,TRBJ2-1,ASSLVRVDYNEKF,1
TRBV7-9,TRBJ2-1,ASSLVRVEDEQF,1
TRBV7-9,TRBJ2-1,ASSLVRVEQF,15
TRBV7-9,TRBJ2-1,ASSLVRVEQL,1
TRBV7-9,TRBJ2-1,ASSLVRVEQV,1
TRBV7-9,TRBJ2-1,ASSLVRVFHNAQF,1
TRBV7-9,TRBJ2-1,ASSLVRVFYNEHF,1
TRBV7-9,TRBJ2-1,ASSLVRVGAYKEQF,1
TRBV7-9,TRBJ2-1,ASSLVRVGAYNEQF,12
TRBV7-9,TRBJ2-1,ASSLVRVGESNEQF,1
TRBV7-9,TRBJ2-1,ASSLVRVGFGRYNEQF,1
TRBV7-9,TRBJ2-1,ASSLVRVGFNEQF,12
TRBV7-9,TRBJ2-1,ASSLVRVGFYNEQF,2
TRBV7-9,TRBJ2-1,ASSLVRVGGEQF,9
TRBV7-9,TRBJ2-1,ASSLVRVGGGTYNEQF,1
TRBV7-9,TRBJ2-1,ASSLVRVGNEQF,2
TRBV7-9,TRBJ2-1,ASSLVRVGNSYNEQF,14
TRBV7-9,TRBJ2-1,ASSLVRVGSSYNEQF,22
TRBV7-9,TRBJ2-1,ASSLVRVGSSYTEQF,1
TRBV7-9,TRBJ2-1,ASSLVRVGVDEQF,9
TRBV7-9,TRBJ2-1,ASSLVRVGYNEQF,3
TRBV7-9,TRBJ2-1,ASSLVRVGYNVTF,1
TRBV7-9,TRBJ2-1,ASSLVRVIDEQF,1
TRBV7-9,TRBJ2-1,ASSLVRVLAGLNEQF,1
TRBV7-9,TRBJ2-1,ASSLVRVLAGYNEQF,1
TRBV7-9,TRBJ2-1,ASSLVRVLASGRNEQF,1
TRBV7-9,TRBJ2-1,ASSLVRVLDEQF,1
TRBV7-9,TRBJ2-1,ASSLVRVLVAYNEQF,1
TRBV7-9,TRBJ2-1,ASSLVRVMAGTSYNEQF,1
TRBV7-9,TRBJ2-1,ASSLVRVNDQF,1
TRBV7-9,TRBJ2-1,ASSLVRVNEQF,31
TRBV7-9,TRBJ2-1,ASSLVRVPNEQF,1
TRBV7-9,TRBJ2-1,ASSLVRVPSGSYNEQF,1
TRBV7-9,TRBJ2-1,ASSLVRVPSYNEQF,1
TRBV7-9,TRBJ2-1,ASSLVRVPYNEQF,1
TRBV7-9,TRBJ2-1,ASSLVRVRADNEQF,1
TRBV7-9,TRBJ2-1,ASSLVRVRDNEQF,1
TRBV7-9,TRBJ2-1,ASSLVRVRGYNEQF,16
TRBV7-9,TRBJ2-1,ASSLVRVRNEQF,8
TRBV7-9,TRBJ2-1,ASSLVRVRYNEQF,7
TRBV7-9,TRBJ2-1,ASSLVRVSDRGKY,1
TRBV7-9,TRBJ2-1,ASSLVRVSFNEQF,2
TRBV7-9,TRBJ2-1,ASSLVRVSLDEQF,1
TRBV7-9,TRBJ2-1,ASSLVRVSNEQF,1
TRBV7-9,TRBJ2-1,ASSLVRVSSGRKNNEQF,1
TRBV7-9,TRBJ2-1,ASSLVRVSSNEQF,1
TRBV7-9,TRBJ2-1,ASSLVRVSSYNEQF,9
TRBV7-9,TRBJ2-1,ASSLVRVSYNEQF,5
TRBV7-9,TRBJ2-1,ASSLVRVSYNEQV,1
TRBV7-9,TRBJ2-1,ASSLVRVTDNEQF,1
TRBV7-9,TRBJ2-1,ASSLVRVTGVLIYEQF,1
TRBV7-9,TRBJ2-1,ASSLVRVVAYNEQF,6
TRBV7-9,TRBJ2-1,ASSLVRVVVYNEQF,1
TRBV7-9,TRBJ2-1,ASSLVRVVYKEQF,1
TRBV7-9,TRBJ2-1,ASSLVRVVYNEQF,1
TRBV7-9,TRBJ2-1,ASSLVRVWNEQF,1
TRBV7-9,TRBJ2-1,ASSLVRWERGNEQF,1
TRBV7-9,TRBJ2-1,ASSLVRWLAGENEQF,6
TRBV7-9,TRBJ2-1,ASSLVRWNEQF,1
TRBV7-9,TRBJ2-1,ASSLVRWQGVYNEQF,6
TRBV7-9,TRBJ2-1,ASSLVRWRPYNEQF,1
TRBV7-9,TRBJ2-1,ASSLVRWSDEQF,1
TRBV7-9,TRBJ2-1,ASSLVRWSGPYNEQF,1
TRBV7-9,TRBJ2-1,ASSLVRWSGYNEQF,1
TRBV7-9,TRBJ2-1,ASSLVRWVAGVGDEQF,2
TRBV7-9,TRBJ2-1,ASSLVRWVRGWGEQF,1
TRBV7-9,TRBJ2-1,ASSLVRWVYYEQF,1
TRBV7-9,TRBJ2-1,ASSLVRYAHNEQF,1
TRBV7-9,TRBJ2-1,ASSLVRYAHNEQY,2
TRBV7-9,TRBJ2-1,ASSLVRYAPNEQF,2
TRBV7-9,TRBJ2-1,ASSLVRYASNEQF,2
TRBV7-9,TRBJ2-1,ASSLVRYASYEQF,2
TRBV7-9,TRBJ2-1,ASSLVRYAYEEQF,1
TRBV7-9,TRBJ2-1,ASSLVRYAYKEQF,1
TRBV7-9,TRBJ2-1,ASSLVRYAYNEQF,7
TRBV7-9,TRBJ2-1,ASSLVRYAYNEQY,3
TRBV7-9,TRBJ2-1,ASSLVRYAYYEQY,1
TRBV7-9,TRBJ2-1,ASSLVRYEQF,7
TRBV7-9,TRBJ2-1,ASSLVRYGGGNEQF,1
TRBV7-9,TRBJ2-1,ASSLVRYGSYNEQF,1
TRBV7-9,TRBJ2-1,ASSLVRYNEQF,43
TRBV7-9,TRBJ2-1,ASSLVRYPKDEQF,1
TRBV7-9,TRBJ2-1,ASSLVRYRDNEQF,1
TRBV7-9,TRBJ2-1,ASSLVRYREGSNEQF,6
TRBV7-9,TRBJ2-1,ASSLVRYSHYEQY,1
TRBV7-9,TRBJ2-1,ASSLVRYSNEQF,1
TRBV7-9,TRBJ2-1,ASSLVRYSPKEQY,1
TRBV7-9,TRBJ2-1,ASSLVRYSSNEQF,1
TRBV7-9,TRBJ2-1,ASSLVRYSSNEQY,1
TRBV7-9,TRBJ2-1,ASSLVRYSSYEQY,1
TRBV7-9,TRBJ2-1,ASSLVRYSYNEQF,2
TRBV7-9,TRBJ2-1,ASSLVS,2
TRBV7-9,TRBJ2-1,ASSLVSAADNEQC,1
TRBV7-9,TRBJ2-1,ASSLVSAAENEQF,2
TRBV7-9,TRBJ2-1,ASSLVSAAIGQGSHEQF,1
TRBV7-9,TRBJ2-1,ASSLVSAAQFNNEQF,1
TRBV7-9,TRBJ2-1,ASSLVSAARFYNEQF,1
TRBV7-9,TRBJ2-1,ASSLVSAAYNAHF,1
TRBV7-9,TRBJ2-1,ASSLVSAAYNDQF,1
TRBV7-9,TRBJ2-1,ASSLVSAAYNEEC,1
TRBV7-9,TRBJ2-1,ASSLVSAAYNEKF,1
TRBV7-9,TRBJ2-1,ASSLVSAAYNEQC,1
TRBV7-9,TRBJ2-1,ASSLVSAAYNEQF,14
TRBV7-9,TRBJ2-1,ASSLVSAAYNEQI,1
TRBV7-9,TRBJ2-1,ASSLVSAAYNEQS,1
TRBV7-9,TRBJ2-1,ASSLVSAAYNEQY,1
TRBV7-9,TRBJ2-1,ASSLVSAAYNERF,1
TRBV7-9,TRBJ2-1,ASSLVSADYYNEQF,1
TRBV7-9,TRBJ2-1,ASSLVSAEGYGEQF,6
TRBV7-9,TRBJ2-1,ASSLVSAEQF,4
TRBV7-9,TRBJ2-1,ASSLVSAFDEQF,1
TRBV7-9,TRBJ2-1,ASSLVSAGAANEQF,1
TRBV7-9,TRBJ2-1,ASSLVSAGAGNEQF,1
TRBV7-9,TRBJ2-1,ASSLVSAGANEQF,1
TRBV7-9,TRBJ2-1,ASSLVSAGAQNYSSYNEQF,5
TRBV7-9,TRBJ2-1,ASSLVSAGDNEQF,1
TRBV7-9,TRBJ2-1,ASSLVSAGDNNEQF,10
TRBV7-9,TRBJ2-1,ASSLVSAGDSEQF,1
TRBV7-9,TRBJ2-1,ASSLVSAGEDNEQF,1
TRBV7-9,TRBJ2-1,ASSLVSAGEGNEQF,1
TRBV7-9,TRBJ2-1,ASSLVSAGEINEQF,1
TRBV7-9,TRBJ2-1,ASSLVSAGEQF,7
TRBV7-9,TRBJ2-1,ASSLVSAGFDNEQF,1
TRBV7-9,TRBJ2-1,ASSLVSAGFRDEQF,1
TRBV7-9,TRBJ2-1,ASSLVSAGGDNEQF,1
TRBV7-9,TRBJ2-1,ASSLVSAGGEQF,5
TRBV7-9,TRBJ2-1,ASSLVSAGGGNEQF,1
TRBV7-9,TRBJ2-1,ASSLVSAGGPGNEQF,1
TRBV7-9,TRBJ2-1,ASSLVSAGGPLDNEQF,1
TRBV7-9,TRBJ2-1,ASSLVSAGGPNEQF,1
TRBV7-9,TRBJ2-1,ASSLVSAGGPSDNEQF,1
TRBV7-9,TRBJ2-1,ASSLVSAGGRDEQF,1
TRBV7-9,TRBJ2-1,ASSLVSAGGYNEQF,5
TRBV7-9,TRBJ2-1,ASSLVSAGGYYNEQF,12
TRBV7-9,TRBJ2-1,ASSLVSAGINEQF,1
TRBV7-9,TRBJ2-1,ASSLVSAGLAGANEQF,12
TRBV7-9,TRBJ2-1,ASSLVSAGLYNEQF,1
TRBV7-9,TRBJ2-1,ASSLVSAGNGDEQF,2
TRBV7-9,TRBJ2-1,ASSLVSAGPYNEQF,2
TRBV7-9,TRBJ2-1,ASSLVSAGRDYNEQF,1
TRBV7-9,TRBJ2-1,ASSLVSAGRGNAQF,1
TRBV7-9,TRBJ2-1,ASSLVSAGRGNEQF,19
TRBV7-9,TRBJ2-1,ASSLVSAGRNEQF,1
TRBV7-9,TRBJ2-1,ASSLVSAGSSYNEQF,1
TRBV7-9,TRBJ2-1,ASSLVSAGVAYNEQF,9
TRBV7-9,TRBJ2-1,ASSLVSAGVDEQF,2
TRBV7-9,TRBJ2-1,ASSLVSAGVGNEQF,6
TRBV7-9,TRBJ2-1,ASSLVSAGVHEQF,1
TRBV7-9,TRBJ2-1,ASSLVSAGVNEQF,3
TRBV7-9,TRBJ2-1,ASSLVSAGWGRNEKF,1
TRBV7-9,TRBJ2-1,ASSLVSAGWGSNEQF,13
TRBV7-9,TRBJ2-1,ASSLVSAGYNEQF,2
TRBV7-9,TRBJ2-1,ASSLVSAGYNVQF,1
TRBV7-9,TRBJ2-1,ASSLVSAHTSYNEQF,1
TRBV7-9,TRBJ2-1,ASSLVSAISNEQF,1
TRBV7-9,TRBJ2-1,ASSLVSALAGYNEQF,1
TRBV7-9,TRBJ2-1,ASSLVSALAVNEQF,1
TRBV7-9,TRBJ2-1,ASSLVSALGEQF,8
TRBV7-9,TRBJ2-1,ASSLVSALNEQF,7
TRBV7-9,TRBJ2-1,ASSLVSANEQF,14
TRBV7-9,TRBJ2-1,ASSLVSANNEQF,1
TRBV7-9,TRBJ2-1,ASSLVSANYNEQF,1
TRBV7-9,TRBJ2-1,ASSLVSAPNNEQF,1
TRBV7-9,TRBJ2-1,ASSLVSAPSLRNEQF,1
TRBV7-9,TRBJ2-1,ASSLVSAPSYNEQF,1
TRBV7-9,TRBJ2-1,ASSLVSAQYNEQF,1
TRBV7-9,TRBJ2-1,ASSLVSARGNYNEQF,1
TRBV7-9,TRBJ2-1,ASSLVSARGPNYNEQF,1
TRBV7-9,TRBJ2-1,ASSLVSARNGDEQF,6
TRBV7-9,TRBJ2-1,ASSLVSASDEQF,1
TRBV7-9,TRBJ2-1,ASSLVSASGINEQF,1
TRBV7-9,TRBJ2-1,ASSLVSASGLAGGSSYNEQF,1
TRBV7-9,TRBJ2-1,ASSLVSASGNEQF,4
TRBV7-9,TRBJ2-1,ASSLVSASGPKADNEQF,9
TRBV7-9,TRBJ2-1,ASSLVSASGPSNEQF,1
TRBV7-9,TRBJ2-1,ASSLVSASGQNYNEQF,1
TRBV7-9,TRBJ2-1,ASSLVSASGRNEQF,1
TRBV7-9,TRBJ2-1,ASSLVSASGRVRNEQF,1
TRBV7-9,TRBJ2-1,ASSLVSASGSNEQF,1
TRBV7-9,TRBJ2-1,ASSLVSASGSRNEQF,1
TRBV7-9,TRBJ2-1,ASSLVSASGYNEQF,1
TRBV7-9,TRBJ2-1,ASSLVSASNEQF,4
TRBV7-9,TRBJ2-1,ASSLVSASPIPKDEQF,1
TRBV7-9,TRBJ2-1,ASSLVSASSIFYNEQF,1
TRBV7-9,TRBJ2-1,ASSLVSASWGYNEQF,1
TRBV7-9,TRBJ2-1,ASSLVSASYIEQL,1
TRBV7-9,TRBJ2-1,ASSLVSASYNEQF,1
TRBV7-9,TRBJ2-1,ASSLVSATDKF,4
TRBV7-9,TRBJ2-1,ASSLVSATDYNEQF,1
TRBV7-9,TRBJ2-1,ASSLVSATGNEQF,1
TRBV7-9,TRBJ2-1,ASSLVSATNNEQF,9
TRBV7-9,TRBJ2-1,ASSLVSATRNYNEQF,1
TRBV7-9,TRBJ2-1,ASSLVSATRSNEQF,1
TRBV7-9,TRBJ2-1,ASSLVSAVDLF,14
TRBV7-9,TRBJ2-1,ASSLVSAVGEQF,1
TRBV7-9,TRBJ2-1,ASSLVSAVNEQF,1
TRBV7-9,TRBJ2-1,ASSLVSAVSYNEQF,1
TRBV7-9,TRBJ2-1,ASSLVSAYNEQF,40
TRBV7-9,TRBJ2-1,ASSLVSAYTDQF,1
TRBV7-9,TRBJ2-1,ASSLVSCAYDEKF,1
TRBV7-9,TRBJ2-1,ASSLVSCGLNEQF,1
TRBV7-9,TRBJ2-1,ASSLVSDACSEQF,1
TRBV7-9,TRBJ2-1,ASSLVSDADKEQY,1
TRBV7-9,TRBJ2-1,ASSLVSDADNAQF,1
TRBV7-9,TRBJ2-1,ASSLVSDADNEQF,2
TRBV7-9,TRBJ2-1,ASSLVSDANKDQF,1
TRBV7-9,TRBJ2-1,ASSLVSDANNEQC,1
TRBV7-9,TRBJ2-1,ASSLVSDANNEQF,1
TRBV7-9,TRBJ2-1,ASSLVSDAQF,9
TRBV7-9,TRBJ2-1,ASSLVSDAYHEPF,1
TRBV7-9,TRBJ2-1,ASSLVSDAYHEQF,1
TRBV7-9,TRBJ2-1,ASSLVSDAYNEQC,2
TRBV7-9,TRBJ2-1,ASSLVSDAYNEQF,38
TRBV7-9,TRBJ2-1,ASSLVSDAYNEQI,1
TRBV7-9,TRBJ2-1,ASSLVSDAYNEQL,1
TRBV7-9,TRBJ2-1,ASSLVSDAYNEQV,2
TRBV7-9,TRBJ2-1,ASSLVSDAYPAHF,1
TRBV7-9,TRBJ2-1,ASSLVSDAYSEQF,1
TRBV7-9,TRBJ2-1,ASSLVSDDQF,4
TRBV7-9,TRBJ2-1,ASSLVSDDYNEHF,1
TRBV7-9,TRBJ2-1,ASSLVSDEGF,1
TRBV7-9,TRBJ2-1,ASSLVSDEHF,12
TRBV7-9,TRBJ2-1,ASSLVSDEKF,8
TRBV7-9,TRBJ2-1,ASSLVSDELF,2
TRBV7-9,TRBJ2-1,ASSLVSDENF,1
TRBV7-9,TRBJ2-1,ASSLVSDEPF,3
TRBV7-9,TRBJ2-1,ASSLVSDEPL,1
TRBV7-9,TRBJ2-1,ASSLVSDEQC,3
TRBV7-9,TRBJ2-1,ASSLVSDEQF,1880
TRBV7-9,TRBJ2-1,ASSLVSDEQI,2
TRBV7-9,TRBJ2-1,ASSLVSDEQL,3
TRBV7-9,TRBJ2-1,ASSLVSDEQS,2
TRBV7-9,TRBJ2-1,ASSLVSDEQV,3
TRBV7-9,TRBJ2-1,ASSLVSDEQY,2
TRBV7-9,TRBJ2-1,ASSLVSDERF,5
TRBV7-9,TRBJ2-1,ASSLVSDGQF,7
TRBV7-9,TRBJ2-1,ASSLVSDGSGLFYNEQF,1
TRBV7-9,TRBJ2-1,ASSLVSDGSNEQF,1
TRBV7-9,TRBJ2-1,ASSLVSDGYNEQF,1
TRBV7-9,TRBJ2-1,ASSLVSDINEQF,6
TRBV7-9,TRBJ2-1,ASSLVSDINEQV,1
TRBV7-9,TRBJ2-1,ASSLVSDKQF,4
TRBV7-9,TRBJ2-1,ASSLVSDNEQF,16
TRBV7-9,TRBJ2-1,ASSLVSDPYNEQF,1
TRBV7-9,TRBJ2-1,ASSLVSDQKF,1
TRBV7-9,TRBJ2-1,ASSLVSDQQF,1
TRBV7-9,TRBJ2-1,ASSLVSDRAYYNEQF,5
TRBV7-9,TRBJ2-1,ASSLVSDRENEQF,1
TRBV7-9,TRBJ2-1,ASSLVSDRGNEQF,1
TRBV7-9,TRBJ2-1,ASSLVSDRRSYNEQF,1
TRBV7-9,TRBJ2-1,ASSLVSDSGAYNEQF,1
TRBV7-9,TRBJ2-1,ASSLVSDSYNDQF,1
TRBV7-9,TRBJ2-1,ASSLVSDSYNEQC,1
TRBV7-9,TRBJ2-1,ASSLVSDSYNEQF,24
TRBV7-9,TRBJ2-1,ASSLVSDVQF,3
TRBV7-9,TRBJ2-1,ASSLVSDVWRTAYNEQF,1
TRBV7-9,TRBJ2-1,ASSLVSDWGL,4
TRBV7-9,TRBJ2-1,ASSLVSDYNEQF,5
TRBV7-9,TRBJ2-1,ASSLVSDYSYNEQF,1
TRBV7-9,TRBJ2-1,ASSLVSDYTYNEQF,1
TRBV7-9,TRBJ2-1,ASSLVSDYYNEQF,1
TRBV7-9,TRBJ2-1,ASSLVSDYYNYQF,1
TRBV7-9,TRBJ2-1,ASSLVSEAANEQF,2
TRBV7-9,TRBJ2-1,ASSLVSEACKEHC,1
TRBV7-9,TRBJ2-1,ASSLVSEACNEPF,1
TRBV7-9,TRBJ2-1,ASSLVSEACNEQF,6
TRBV7-9,TRBJ2-1,ASSLVSEACNKQL,1
TRBV7-9,TRBJ2-1,ASSLVSEADDEQF,1
TRBV7-9,TRBJ2-1,ASSLVSEADHEKF,1
TRBV7-9,TRBJ2-1,ASSLVSEADHEQF,1
TRBV7-9,TRBJ2-1,ASSLVSEADKAQF,1
TRBV7-9,TRBJ2-1,ASSLVSEADKEQF,3
TRBV7-9,TRBJ2-1,ASSLVSEADNALF,1
TRBV7-9,TRBJ2-1,ASSLVSEADNDQF,1
TRBV7-9,TRBJ2-1,ASSLVSEADNEKY,1
TRBV7-9,TRBJ2-1,ASSLVSEADNEQC,1
TRBV7-9,TRBJ2-1,ASSLVSEADNEQF,26
TRBV7-9,TRBJ2-1,ASSLVSEADNEQG,1
TRBV7-9,TRBJ2-1,ASSLVSEADNEQV,1
TRBV7-9,TRBJ2-1,ASSLVSEAEKEQF,1
TRBV7-9,TRBJ2-1,ASSLVSEAENEQC,1
TRBV7-9,TRBJ2-1,ASSLVSEAFNEHF,1
TRBV7-9,TRBJ2-1,ASSLVSEAFNEQF,1
TRBV7-9,TRBJ2-1,ASSLVSEAFNEQL,1
TRBV7-9,TRBJ2-1,ASSLVSEAHHEQF,1
TRBV7-9,TRBJ2-1,ASSLVSEAHNAQF,1
TRBV7-9,TRBJ2-1,ASSLVSEAHNEHF,1
TRBV7-9,TRBJ2-1,ASSLVSEAHNEQF,5
TRBV7-9,TRBJ2-1,ASSLVSEAHNEQV,1
TRBV7-9,TRBJ2-1,ASSLVSEANNAQF,1
TRBV7-9,TRBJ2-1,ASSLVSEANNEQF,4
TRBV7-9,TRBJ2-1,ASSLVSEANNVQF,1
TRBV7-9,TRBJ2-1,ASSLVSEAQHEQV,1
TRBV7-9,TRBJ2-1,ASSLVSEASHEQF,1
TRBV7-9,TRBJ2-1,ASSLVSEASKEQL,1
TRBV7-9,TRBJ2-1,ASSLVSEASKEQY,1
TRBV7-9,TRBJ2-1,ASSLVSEASNEKF,1
TRBV7-9,TRBJ2-1,ASSLVSEASNEQF,12
TRBV7-9,TRBJ2-1,ASSLVSEASNEQV,1
TRBV7-9,TRBJ2-1,ASSLVSEASNKQS,1
TRBV7-9,TRBJ2-1,ASSLVSEASSEQF,1
TRBV7-9,TRBJ2-1,ASSLVSEAYDAQF,2
TRBV7-9,TRBJ2-1,ASSLVSEAYDEEI,1
TRBV7-9,TRBJ2-1,ASSLVSEAYDEQF,3
TRBV7-9,TRBJ2-1,ASSLVSEAYDEQS,1
TRBV7-9,TRBJ2-1,ASSLVSEAYDETF,1
TRBV7-9,TRBJ2-1,ASSLVSEAYDGQF,3
TRBV7-9,TRBJ2-1,ASSLVSEAYDVEL,1
TRBV7-9,TRBJ2-1,ASSLVSEAYHDQL,1
TRBV7-9,TRBJ2-1,ASSLVSEAYHEPF,1
TRBV7-9,TRBJ2-1,ASSLVSEAYHEQF,8
TRBV7-9,TRBJ2-1,ASSLVSEAYHEQV,1
TRBV7-9,TRBJ2-1,ASSLVSEAYHGQF,1
TRBV7-9,TRBJ2-1,ASSLVSEAYIDQF,1
TRBV7-9,TRBJ2-1,ASSLVSEAYIELV,1
TRBV7-9,TRBJ2-1,ASSLVSEAYIEQC,1
TRBV7-9,TRBJ2-1,ASSLVSEAYIEQF,5
TRBV7-9,TRBJ2-1,ASSLVSEAYIQQF,1
TRBV7-9,TRBJ2-1,ASSLVSEAYIVQF,1
TRBV7-9,TRBJ2-1,ASSLVSEAYKAQF,1
TRBV7-9,TRBJ2-1,ASSLVSEAYKEKF,1
TRBV7-9,TRBJ2-1,ASSLVSEAYKEQF,32
TRBV7-9,TRBJ2-1,ASSLVSEAYKEQI,1
TRBV7-9,TRBJ2-1,ASSLVSEAYKEQL,1
TRBV7-9,TRBJ2-1,ASSLVSEAYKGQF,1
TRBV7-9,TRBJ2-1,ASSLVSEAYKVQF,3
TRBV7-9,TRBJ2-1,ASSLVSEAYNAKF,1
TRBV7-9,TRBJ2-1,ASSLVSEAYNAPV,1
TRBV7-9,TRBJ2-1,ASSLVSEAYNAQF,19
TRBV7-9,TRBJ2-1,ASSLVSEAYNAQL,1
TRBV7-9,TRBJ2-1,ASSLVSEAYNAQV,1
TRBV7-9,TRBJ2-1,ASSLVSEAYNDHF,2
TRBV7-9,TRBJ2-1,ASSLVSEAYNDPV,1
TRBV7-9,TRBJ2-1,ASSLVSEAYNDQF,17
TRBV7-9,TRBJ2-1,ASSLVSEAYNEDF,1
TRBV7-9,TRBJ2-1,ASSLVSEAYNEEF,6
TRBV7-9,TRBJ2-1,ASSLVSEAYNEEL,1
TRBV7-9,TRBJ2-1,ASSLVSEAYNEHF,16
TRBV7-9,TRBJ2-1,ASSLVSEAYNEHV,3
TRBV7-9,TRBJ2-1,ASSLVSEAYNEHY,1
TRBV7-9,TRBJ2-1,ASSLVSEAYNEKF,31
TRBV7-9,TRBJ2-1,ASSLVSEAYNEKS,1
TRBV7-9,TRBJ2-1,ASSLVSEAYNELF,3
TRBV7-9,TRBJ2-1,ASSLVSEAYNELL,2
TRBV7-9,TRBJ2-1,ASSLVSEAYNENY,1
TRBV7-9,TRBJ2-1,ASSLVSEAYNEPF,8
TRBV7-9,TRBJ2-1,ASSLVSEAYNEPL,1
TRBV7-9,TRBJ2-1,ASSLVSEAYNEQC,28
TRBV7-9,TRBJ2-1,ASSLVSEAYNEQF,1854
TRBV7-9,TRBJ2-1,ASSLVSEAYNEQI,6
TRBV7-9,TRBJ2-1,ASSLVSEAYNEQL,50
TRBV7-9,TRBJ2-1,ASSLVSEAYNEQS,3
TRBV7-9,TRBJ2-1,ASSLVSEAYNEQV,26
TRBV7-9,TRBJ2-1,ASSLVSEAYNEQY,4
TRBV7-9,TRBJ2-1,ASSLVSEAYNERF,5
TRBV7-9,TRBJ2-1,ASSLVSEAYNEWF,1
TRBV7-9,TRBJ2-1,ASSLVSEAYNGEF,1
TRBV7-9,TRBJ2-1,ASSLVSEAYNGQF,18
TRBV7-9,TRBJ2-1,ASSLVSEAYNKQF,7
TRBV7-9,TRBJ2-1,ASSLVSEAYNKQL,1
TRBV7-9,TRBJ2-1,ASSLVSEAYNKQS,1
TRBV7-9,TRBJ2-1,ASSLVSEAYNLQF,1
TRBV7-9,TRBJ2-1,ASSLVSEAYNQQC,1
TRBV7-9,TRBJ2-1,ASSLVSEAYNQQF,3
TRBV7-9,TRBJ2-1,ASSLVSEAYNTQF,1
TRBV7-9,TRBJ2-1,ASSLVSEAYNTQY,1
TRBV7-9,TRBJ2-1,ASSLVSEAYNVKF,2
TRBV7-9,TRBJ2-1,ASSLVSEAYNVKV,1
TRBV7-9,TRBJ2-1,ASSLVSEAYNVQF,23
TRBV7-9,TRBJ2-1,ASSLVSEAYNVQL,1
TRBV7-9,TRBJ2-1,ASSLVSEAYNVRL,1
TRBV7-9,TRBJ2-1,ASSLVSEAYNWQF,1
TRBV7-9,TRBJ2-1,ASSLVSEAYQQQH,1
TRBV7-9,TRBJ2-1,ASSLVSEAYREQF,1
TRBV7-9,TRBJ2-1,ASSLVSEAYRVQF,1
TRBV7-9,TRBJ2-1,ASSLVSEAYSEKF,2
TRBV7-9,TRBJ2-1,ASSLVSEAYSEQF,17
TRBV7-9,TRBJ2-1,ASSLVSEAYSEQL,2
TRBV7-9,TRBJ2-1,ASSLVSEAYSEQY,1
TRBV7-9,TRBJ2-1,ASSLVSEAYSGRF,1
TRBV7-9,TRBJ2-1,ASSLVSEAYSKQV,1
TRBV7-9,TRBJ2-1,ASSLVSEAYTEQF,19
TRBV7-9,TRBJ2-1,ASSLVSEAYTEQV,1
TRBV7-9,TRBJ2-1,ASSLVSEAYTGQF,1
TRBV7-9,TRBJ2-1,ASSLVSEAYTVQF,2
TRBV7-9,TRBJ2-1,ASSLVSEAYVEQF,1
TRBV7-9,TRBJ2-1,ASSLVSEAYYEHF,1
TRBV7-9,TRBJ2-1,ASSLVSEAYYEQF,5
TRBV7-9,TRBJ2-1,ASSLVSEDEQI,1
TRBV7-9,TRBJ2-1,ASSLVSEDNEQF,5
TRBV7-9,TRBJ2-1,ASSLVSEDYKEQV,1
TRBV7-9,TRBJ2-1,ASSLVSEDYNAQF,1
TRBV7-9,TRBJ2-1,ASSLVSEDYNDQF,1
TRBV7-9,TRBJ2-1,ASSLVSEDYNEHF,2
TRBV7-9,TRBJ2-1,ASSLVSEDYNEHI,1
TRBV7-9,TRBJ2-1,ASSLVSEDYNEQC,1
TRBV7-9,TRBJ2-1,ASSLVSEDYNEQF,21
TRBV7-9,TRBJ2-1,ASSLVSEDYNVQF,1
TRBV7-9,TRBJ2-1,ASSLVSEEQF,9
TRBV7-9,TRBJ2-1,ASSLVSEEQL,1
TRBV7-9,TRBJ2-1,ASSLVSEEYNEQL,1
TRBV7-9,TRBJ2-1,ASSLVSEEYSEQL,1
TRBV7-9,TRBJ2-1,ASSLVSEFNEQF,1
TRBV7-9,TRBJ2-1,ASSLVSEFYNEQF,1
TRBV7-9,TRBJ2-1,ASSLVSEGAGGSYNEQF,1
TRBV7-9,TRBJ2-1,ASSLVSEGDEQF,1
TRBV7-9,TRBJ2-1,ASSLVSEGDNEPF,1
TRBV7-9,TRBJ2-1,ASSLVSEGGNEQF,1
TRBV7-9,TRBJ2-1,ASSLVSEGHNEQF,1
TRBV7-9,TRBJ2-1,ASSLVSEGLAGVTYNEQF,4
TRBV7-9,TRBJ2-1,ASSLVSEGQGRV,7
TRBV7-9,TRBJ2-1,ASSLVSEGYDEEF,1
TRBV7-9,TRBJ2-1,ASSLVSEGYDEHF,1
TRBV7-9,TRBJ2-1,ASSLVSEGYIETF,1
TRBV7-9,TRBJ2-1,ASSLVSEGYKEQF,2
TRBV7-9,TRBJ2-1,ASSLVSEGYMEQF,1
TRBV7-9,TRBJ2-1,ASSLVSEGYNAQF,1
TRBV7-9,TRBJ2-1,ASSLVSEGYNDPF,1
TRBV7-9,TRBJ2-1,ASSLVSEGYNEAF,1
TRBV7-9,TRBJ2-1,ASSLVSEGYNEEF,1
TRBV7-9,TRBJ2-1,ASSLVSEGYNEKF,2
TRBV7-9,TRBJ2-1,ASSLVSEGYNEKL,1
TRBV7-9,TRBJ2-1,ASSLVSEGYNELY,1
TRBV7-9,TRBJ2-1,ASSLVSEGYNEQC,1
TRBV7-9,TRBJ2-1,ASSLVSEGYNEQF,19
TRBV7-9,TRBJ2-1,ASSLVSEGYNEQV,1
TRBV7-9,TRBJ2-1,ASSLVSEGYNEQY,2
TRBV7-9,TRBJ2-1,ASSLVSEGYNGQF,2
TRBV7-9,TRBJ2-1,ASSLVSEGYNVQF,2
TRBV7-9,TRBJ2-1,ASSLVSEGYSEQF,1
TRBV7-9,TRBJ2-1,ASSLVSEGYSERF,1
TRBV7-9,TRBJ2-1,ASSLVSEGYYEQF,1
TRBV7-9,TRBJ2-1,ASSLVSENEQF,1
TRBV7-9,TRBJ2-1,ASSLVSENYNEQF,1
TRBV7-9,TRBJ2-1,ASSLVSEPGQGAANEQF,12
TRBV7-9,TRBJ2-1,ASSLVSEPGQGAANEQV,1
TRBV7-9,TRBJ2-1,ASSLVSEPKNEQF,1
TRBV7-9,TRBJ2-1,ASSLVSEPPYNEQF,1
TRBV7-9,TRBJ2-1,ASSLVSEPYNEQF,2
TRBV7-9,TRBJ2-1,ASSLVSEPYTEQF,1
TRBV7-9,TRBJ2-1,ASSLVSEQF,35
TRBV7-9,TRBJ2-1,ASSLVSEREIYNEQF,1
TRBV7-9,TRBJ2-1,ASSLVSEREQF,6
TRBV7-9,TRBJ2-1,ASSLVSERNEQF,1
TRBV7-9,TRBJ2-1,ASSLVSERYNEQV,1
TRBV7-9,TRBJ2-1,ASSLVSESCTEQF,1
TRBV7-9,TRBJ2-1,ASSLVSESGGTVWNEQF,1
TRBV7-9,TRBJ2-1,ASSLVSESNNEHF,1
TRBV7-9,TRBJ2-1,ASSLVSESSYNEQF,5
TRBV7-9,TRBJ2-1,ASSLVSESYDEQC,1
TRBV7-9,TRBJ2-1,ASSLVSESYIEQF,1
TRBV7-9,TRBJ2-1,ASSLVSESYKVQF,1
TRBV7-9,TRBJ2-1,ASSLVSESYNDQF,1
TRBV7-9,TRBJ2-1,ASSLVSESYNEPF,1
TRBV7-9,TRBJ2-1,ASSLVSESYNEQC,1
TRBV7-9,TRBJ2-1,ASSLVSESYNEQF,19
TRBV7-9,TRBJ2-1,ASSLVSESYNEQI,1
TRBV7-9,TRBJ2-1,ASSLVSESYNEQV,1
TRBV7-9,TRBJ2-1,ASSLVSESYNEQY,1
TRBV7-9,TRBJ2-1,ASSLVSESYNGQF,1
TRBV7-9,TRBJ2-1,ASSLVSESYNVQF,1
TRBV7-9,TRBJ2-1,ASSLVSESYSEQF,1
TRBV7-9,TRBJ2-1,ASSLVSETDEQF,1
TRBV7-9,TRBJ2-1,ASSLVSETDNEQF,1
TRBV7-9,TRBJ2-1,ASSLVSETYHVQF,1
TRBV7-9,TRBJ2-1,ASSLVSETYNDQC,1
TRBV7-9,TRBJ2-1,ASSLVSETYNELF,1
TRBV7-9,TRBJ2-1,ASSLVSETYNEQC,1
TRBV7-9,TRBJ2-1,ASSLVSETYNEQF,2
TRBV7-9,TRBJ2-1,ASSLVSETYNEQL,1
TRBV7-9,TRBJ2-1,ASSLVSEVDLF,1
TRBV7-9,TRBJ2-1,ASSLVSEVDNEQF,1
TRBV7-9,TRBJ2-1,ASSLVSEVENEQF,1
TRBV7-9,TRBJ2-1,ASSLVSEVYKEEF,1
TRBV7-9,TRBJ2-1,ASSLVSEVYNEKF,1
TRBV7-9,TRBJ2-1,ASSLVSEVYNEQF,13
TRBV7-9,TRBJ2-1,ASSLVSEVYNVQF,1
TRBV7-9,TRBJ2-1,ASSLVSEVYSEQF,1
TRBV7-9,TRBJ2-1,ASSLVSEYHEQF,1
TRBV7-9,TRBJ2-1,ASSLVSEYNEQF,33
TRBV7-9,TRBJ2-1,ASSLVSFAGQGAPNEQF,1
TRBV7-9,TRBJ2-1,ASSLVSFASGLLPAYNEQF,1
TRBV7-9,TRBJ2-1,ASSLVSFEQF,11
TRBV7-9,TRBJ2-1,ASSLVSFETGLSNEQF,1
TRBV7-9,TRBJ2-1,ASSLVSFFASGYNEQF,2
TRBV7-9,TRBJ2-1,ASSLVSFGGDNEQF,1
TRBV7-9,TRBJ2-1,ASSLVSFGGNEQF,1
TRBV7-9,TRBJ2-1,ASSLVSFGLNEQF,13
TRBV7-9,TRBJ2-1,ASSLVSFGYNEQF,1
TRBV7-9,TRBJ2-1,ASSLVSFNEQF,2
TRBV7-9,TRBJ2-1,ASSLVSFPPSHEQF,1
TRBV7-9,TRBJ2-1,ASSLVSFPYNEQF,1
TRBV7-9,TRBJ2-1,ASSLVSFQWDEQF,1
TRBV7-9,TRBJ2-1,ASSLVSFRLFYNEQF,8
TRBV7-9,TRBJ2-1,ASSLVSFRLFYNKQF,1
TRBV7-9,TRBJ2-1,ASSLVSFSSYNEQF,1
TRBV7-9,TRBJ2-1,ASSLVSFSYNEQF,1
TRBV7-9,TRBJ2-1,ASSLVSFTYNEQF,5
TRBV7-9,TRBJ2-1,ASSLVSFYNEQF,1
TRBV7-9,TRBJ2-1,ASSLVSFYTYNEQF,1
TRBV7-9,TRBJ2-1,ASSLVSGACNEQF,1
TRBV7-9,TRBJ2-1,ASSLVSGADEQF,1
TRBV7-9,TRBJ2-1,ASSLVSGADNEQF,4
TRBV7-9,TRBJ2-1,ASSLVSGAFNEQF,9
TRBV7-9,TRBJ2-1,ASSLVSGAFNEQY,1
TRBV7-9,TRBJ2-1,ASSLVSGAFNGQF,1
TRBV7-9,TRBJ2-1,ASSLVSGAFNVQF,1
TRBV7-9,TRBJ2-1,ASSLVSGAGEQF,8
TRBV7-9,TRBJ2-1,ASSLVSGAGGYNEQF,1
TRBV7-9,TRBJ2-1,ASSLVSGAGNEQF,1
TRBV7-9,TRBJ2-1,ASSLVSGAGVYEQF,1
TRBV7-9,TRBJ2-1,ASSLVSGAGWVSYNEQF,1
TRBV7-9,TRBJ2-1,ASSLVSGAHEQF,1
TRBV7-9,TRBJ2-1,ASSLVSGAHNEQF,1
TRBV7-9,TRBJ2-1,ASSLVSGAIFDEQF,1
TRBV7-9,TRBJ2-1,ASSLVSGAIGDEQF,1
TRBV7-9,TRBJ2-1,ASSLVSGALNEQF,1
TRBV7-9,TRBJ2-1,ASSLVSGALNVQF,1
TRBV7-9,TRBJ2-1,ASSLVSGANEQF,1
TRBV7-9,TRBJ2-1,ASSLVSGANNDRL,1
TRBV7-9,TRBJ2-1,ASSLVSGANNEQF,1
TRBV7-9,TRBJ2-1,ASSLVSGAPLYNEHF,1
TRBV7-9,TRBJ2-1,ASSLVSGAPLYNEQF,10
TRBV7-9,TRBJ2-1,ASSLVSGAPLYTEQF,1
TRBV7-9,TRBJ2-1,ASSLVSGAPNEQF,1
TRBV7-9,TRBJ2-1,ASSLVSGARLYNEQF,1
TRBV7-9,TRBJ2-1,ASSLVSGASAHEQF,1
TRBV7-9,TRBJ2-1,ASSLVSGASDEQF,1
TRBV7-9,TRBJ2-1,ASSLVSGASHNEQF,1
TRBV7-9,TRBJ2-1,ASSLVSGASNEQF,1
TRBV7-9,TRBJ2-1,ASSLVSGASWVYNEQF,1
TRBV7-9,TRBJ2-1,ASSLVSGASYNEQF,1
TRBV7-9,TRBJ2-1,ASSLVSGATNEQF,1
TRBV7-9,TRBJ2-1,ASSLVSGAVDEQF,1
TRBV7-9,TRBJ2-1,ASSLVSGAWNEQF,1
TRBV7-9,TRBJ2-1,ASSLVSGAYKEQF,4
TRBV7-9,TRBJ2-1,ASSLVSGAYKGQG,1
TRBV7-9,TRBJ2-1,ASSLVSGAYNDQF,1
TRBV7-9,TRBJ2-1,ASSLVSGAYNELF,1
TRBV7-9,TRBJ2-1,ASSLVSGAYNEQF,78
TRBV7-9,TRBJ2-1,ASSLVSGAYNEQL,1
TRBV7-9,TRBJ2-1,ASSLVSGAYNEQV,1
TRBV7-9,TRBJ2-1,ASSLVSGAYNEYF,1
TRBV7-9,TRBJ2-1,ASSLVSGAYNGQF,1
TRBV7-9,TRBJ2-1,ASSLVSGAYNWQV,1
TRBV7-9,TRBJ2-1,ASSLVSGAYSAQY,1
TRBV7-9,TRBJ2-1,ASSLVSGDDEQF,5
TRBV7-9,TRBJ2-1,ASSLVSGDDQF,1
TRBV7-9,TRBJ2-1,ASSLVSGDEQC,1
TRBV7-9,TRBJ2-1,ASSLVSGDEQF,195
TRBV7-9,TRBJ2-1,ASSLVSGDEQV,1
TRBV7-9,TRBJ2-1,ASSLVSGDFNEQF,1
TRBV7-9,TRBJ2-1,ASSLVSGDGHNEQF,3
TRBV7-9,TRBJ2-1,ASSLVSGDIYNEQF,9
TRBV7-9,TRBJ2-1,ASSLVSGDLNEQF,1
TRBV7-9,TRBJ2-1,ASSLVSGDLNWYNEQF,1
TRBV7-9,TRBJ2-1,ASSLVSGDLRNEQF,1
TRBV7-9,TRBJ2-1,ASSLVSGDNEQF,12
TRBV7-9,TRBJ2-1,ASSLVSGDNNEQF,8
TRBV7-9,TRBJ2-1,ASSLVSGDNNERF,1
TRBV7-9,TRBJ2-1,ASSLVSGDPYNEQF,1
TRBV7-9,TRBJ2-1,ASSLVSGDQRDEQF,1
TRBV7-9,TRBJ2-1,ASSLVSGDSYNEQF,6
TRBV7-9,TRBJ2-1,ASSLVSGDVQF,1
TRBV7-9,TRBJ2-1,ASSLVSGDVYNEQF,1
TRBV7-9,TRBJ2-1,ASSLVSGDYNEQF,25
TRBV7-9,TRBJ2-1,ASSLVSGEADEQF,1
TRBV7-9,TRBJ2-1,ASSLVSGEDEQF,7
TRBV7-9,TRBJ2-1,ASSLVSGEGNEQF,1
TRBV7-9,TRBJ2-1,ASSLVSGEGPHEQF,1
TRBV7-9,TRBJ2-1,ASSLVSGEHF,1
TRBV7-9,TRBJ2-1,ASSLVSGEINEQF,1
TRBV7-9,TRBJ2-1,ASSLVSGENEQF,2
TRBV7-9,TRBJ2-1,ASSLVSGENNEQF,4
TRBV7-9,TRBJ2-1,ASSLVSGEQF,25
TRBV7-9,TRBJ2-1,ASSLVSGESYNEQF,3
TRBV7-9,TRBJ2-1,ASSLVSGEVYIEQF,1
TRBV7-9,TRBJ2-1,ASSLVSGEVYNEQF,19
TRBV7-9,TRBJ2-1,ASSLVSGEVYTEQF,1
TRBV7-9,TRBJ2-1,ASSLVSGEYEQF,1
TRBV7-9,TRBJ2-1,ASSLVSGEYNEQF,2
TRBV7-9,TRBJ2-1,ASSLVSGFNEQF,3
TRBV7-9,TRBJ2-1,ASSLVSGFRANEQF,1
TRBV7-9,TRBJ2-1,ASSLVSGFSYNEQF,1
TRBV7-9,TRBJ2-1,ASSLVSGFYNEQF,1
TRBV7-9,TRBJ2-1,ASSLVSGGADEQF,1
TRBV7-9,TRBJ2-1,ASSLVSGGAFNEQF,3
TRBV7-9,TRBJ2-1,ASSLVSGGAGNEQF,10
TRBV7-9,TRBJ2-1,ASSLVSGGAKNEQF,1
TRBV7-9,TRBJ2-1,ASSLVSGGALDEQF,1
TRBV7-9,TRBJ2-1,ASSLVSGGANEQF,2
TRBV7-9,TRBJ2-1,ASSLVSGGASYNEQF,4
TRBV7-9,TRBJ2-1,ASSLVSGGAVYNEQF,1
TRBV7-9,TRBJ2-1,ASSLVSGGAYNEQF,18
TRBV7-9,TRBJ2-1,ASSLVSGGAYNKQF,1
TRBV7-9,TRBJ2-1,ASSLVSGGDAQF,1
TRBV7-9,TRBJ2-1,ASSLVSGGDEQF,20
TRBV7-9,TRBJ2-1,ASSLVSGGDNEQF,15
TRBV7-9,TRBJ2-1,ASSLVSGGDYNEQF,4
TRBV7-9,TRBJ2-1,ASSLVSGGEQF,3
TRBV7-9,TRBJ2-1,ASSLVSGGFYNEQF,9
TRBV7-9,TRBJ2-1,ASSLVSGGGAYNEQF,1
TRBV7-9,TRBJ2-1,ASSLVSGGGDEQF,1
TRBV7-9,TRBJ2-1,ASSLVSGGGEQF,1
TRBV7-9,TRBJ2-1,ASSLVSGGGGEQF,8
TRBV7-9,TRBJ2-1,ASSLVSGGGGEQL,1
TRBV7-9,TRBJ2-1,ASSLVSGGGHNEQF,4
TRBV7-9,TRBJ2-1,ASSLVSGGGHNERF,1
TRBV7-9,TRBJ2-1,ASSLVSGGGNEQF,7
TRBV7-9,TRBJ2-1,ASSLVSGGGPNNEQF,1
TRBV7-9,TRBJ2-1,ASSLVSGGGPSISNEQF,1
TRBV7-9,TRBJ2-1,ASSLVSGGHNEQF,8
TRBV7-9,TRBJ2-1,ASSLVSGGHYNEQF,1
TRBV7-9,TRBJ2-1,ASSLVSGGIDEQF,16
TRBV7-9,TRBJ2-1,ASSLVSGGINEQF,1
TRBV7-9,TRBJ2-1,ASSLVSGGIVNEQF,1
TRBV7-9,TRBJ2-1,ASSLVSGGKDNEQF,1
TRBV7-9,TRBJ2-1,ASSLVSGGKYNEQF,3
TRBV7-9,TRBJ2-1,ASSLVSGGKYSEQF,1
TRBV7-9,TRBJ2-1,ASSLVSGGLDEQF,1
TRBV7-9,TRBJ2-1,ASSLVSGGLGHNEQF,13
TRBV7-9,TRBJ2-1,ASSLVSGGLNDQF,1
TRBV7-9,TRBJ2-1,ASSLVSGGLNEQF,1
TRBV7-9,TRBJ2-1,ASSLVSGGLYNEQF,2
TRBV7-9,TRBJ2-1,ASSLVSGGNEQF,53
TRBV7-9,TRBJ2-1,ASSLVSGGNEQY,1
TRBV7-9,TRBJ2-1,ASSLVSGGNNEQF,3
TRBV7-9,TRBJ2-1,ASSLVSGGNSYNEQF,1
TRBV7-9,TRBJ2-1,ASSLVSGGPADEQF,1
TRBV7-9,TRBJ2-1,ASSLVSGGPDEQF,1
TRBV7-9,TRBJ2-1,ASSLVSGGPEDEQF,1
TRBV7-9,TRBJ2-1,ASSLVSGGPGDEQF,5
TRBV7-9,TRBJ2-1,ASSLVSGGPGEQF,10
TRBV7-9,TRBJ2-1,ASSLVSGGPHNEQF,2
TRBV7-9,TRBJ2-1,ASSLVSGGPLDNEQF,1
TRBV7-9,TRBJ2-1,ASSLVSGGPMDEQF,1
TRBV7-9,TRBJ2-1,ASSLVSGGPNEQF,1
TRBV7-9,TRBJ2-1,ASSLVSGGPPNEQF,1
TRBV7-9,TRBJ2-1,ASSLVSGGPRNEQF,8
TRBV7-9,TRBJ2-1,ASSLVSGGPSGNEQF,1
TRBV7-9,TRBJ2-1,ASSLVSGGPTYNEQF,1
TRBV7-9,TRBJ2-1,ASSLVSGGPYNEQF,13
TRBV7-9,TRBJ2-1,ASSLVSGGQGHNEQF,13
TRBV7-9,TRBJ2-1,ASSLVSGGQSSYNEQF,13
TRBV7-9,TRBJ2-1,ASSLVSGGQYPLYNEQF,1
TRBV7-9,TRBJ2-1,ASSLVSGGRAAHEQF,1
TRBV7-9,TRBJ2-1,ASSLVSGGRAFDYNEQF,1
TRBV7-9,TRBJ2-1,ASSLVSGGRAYNEQF,1
TRBV7-9,TRBJ2-1,ASSLVSGGRAYVYNEQF,3
TRBV7-9,TRBJ2-1,ASSLVSGGRDNEQF,1
TRBV7-9,TRBJ2-1,ASSLVSGGRNEQF,1
TRBV7-9,TRBJ2-1,ASSLVSGGRRASSDEQF,1
TRBV7-9,TRBJ2-1,ASSLVSGGRRDNEQF,1
TRBV7-9,TRBJ2-1,ASSLVSGGRTYNEQF,1
TRBV7-9,TRBJ2-1,ASSLVSGGRVNEQF,1
TRBV7-9,TRBJ2-1,ASSLVSGGRYNEQF,4
TRBV7-9,TRBJ2-1,ASSLVSGGSEQF,10
TRBV7-9,TRBJ2-1,ASSLVSGGSGNEQF,8
TRBV7-9,TRBJ2-1,ASSLVSGGSNEQF,2
TRBV7-9,TRBJ2-1,ASSLVSGGSSYNEQF,1
TRBV7-9,TRBJ2-1,ASSLVSGGSYNEQF,6
TRBV7-9,TRBJ2-1,ASSLVSGGTNEQF,1
TRBV7-9,TRBJ2-1,ASSLVSGGTSGFLNEQF,1
TRBV7-9,TRBJ2-1,ASSLVSGGTYNEQF,1
TRBV7-9,TRBJ2-1,ASSLVSGGVDEQF,1
TRBV7-9,TRBJ2-1,ASSLVSGGVNEQF,1
TRBV7-9,TRBJ2-1,ASSLVSGGVSYNEQF,1
TRBV7-9,TRBJ2-1,ASSLVSGGVYNEQF,1
TRBV7-9,TRBJ2-1,ASSLVSGGYDNEQF,1
TRBV7-9,TRBJ2-1,ASSLVSGGYEQF,1
TRBV7-9,TRBJ2-1,ASSLVSGGYHDQF,1
TRBV7-9,TRBJ2-1,ASSLVSGGYNEQF,45
TRBV7-9,TRBJ2-1,ASSLVSGGYNEQV,1
TRBV7-9,TRBJ2-1,ASSLVSGGYSYNEQF,1
TRBV7-9,TRBJ2-1,ASSLVSGGYYNEQF,1
TRBV7-9,TRBJ2-1,ASSLVSGHALYNEQF,1
TRBV7-9,TRBJ2-1,ASSLVSGHEQF,5
TRBV7-9,TRBJ2-1,ASSLVSGHLYNEQF,1
TRBV7-9,TRBJ2-1,ASSLVSGHNEQF,4
TRBV7-9,TRBJ2-1,ASSLVSGHNNEQF,1
TRBV7-9,TRBJ2-1,ASSLVSGHRTYNDHF,1
TRBV7-9,TRBJ2-1,ASSLVSGHYNEQF,1
TRBV7-9,TRBJ2-1,ASSLVSGIDEQF,1
TRBV7-9,TRBJ2-1,ASSLVSGIEQF,15
TRBV7-9,TRBJ2-1,ASSLVSGIINEQF,1
TRBV7-9,TRBJ2-1,ASSLVSGIKNAQF,2
TRBV7-9,TRBJ2-1,ASSLVSGIKNEQF,3
TRBV7-9,TRBJ2-1,ASSLVSGINEQF,1
TRBV7-9,TRBJ2-1,ASSLVSGISYNEQF,3
TRBV7-9,TRBJ2-1,ASSLVSGITVNEQF,3
TRBV7-9,TRBJ2-1,ASSLVSGITYNEQF,1
TRBV7-9,TRBJ2-1,ASSLVSGIVSYNEQF,11
TRBV7-9,TRBJ2-1,ASSLVSGIYNEQF,26
TRBV7-9,TRBJ2-1,ASSLVSGKAINEQF,1
TRBV7-9,TRBJ2-1,ASSLVSGKAYNEQF,1
TRBV7-9,TRBJ2-1,ASSLVSGKGEQF,14
TRBV7-9,TRBJ2-1,ASSLVSGKGKF,14
TRBV7-9,TRBJ2-1,ASSLVSGKGNEQF,1
TRBV7-9,TRBJ2-1,ASSLVSGKHNEQF,4
TRBV7-9,TRBJ2-1,ASSLVSGKNEQF,2
TRBV7-9,TRBJ2-1,ASSLVSGKNYNEQF,37
TRBV7-9,TRBJ2-1,ASSLVSGKVDNEQF,1
TRBV7-9,TRBJ2-1,ASSLVSGKVNEQF,1
TRBV7-9,TRBJ2-1,ASSLVSGKYNEQF,5
TRBV7-9,TRBJ2-1,ASSLVSGLAANEQF,1
TRBV7-9,TRBJ2-1,ASSLVSGLAEYNEQF,1
TRBV7-9,TRBJ2-1,ASSLVSGLAGDNEQF,1
TRBV7-9,TRBJ2-1,ASSLVSGLAGGEQF,8
TRBV7-9,TRBJ2-1,ASSLVSGLAGGYEQF,1
TRBV7-9,TRBJ2-1,ASSLVSGLAGNEQF,1
TRBV7-9,TRBJ2-1,ASSLVSGLAGPISYNVQF,1
TRBV7-9,TRBJ2-1,ASSLVSGLAGYNEQF,1
TRBV7-9,TRBJ2-1,ASSLVSGLAPNEQF,3
TRBV7-9,TRBJ2-1,ASSLVSGLASYNEQF,1
TRBV7-9,TRBJ2-1,ASSLVSGLEQF,5
TRBV7-9,TRBJ2-1,ASSLVSGLGEQF,14
TRBV7-9,TRBJ2-1,ASSLVSGLGNEQF,16
TRBV7-9,TRBJ2-1,ASSLVSGLGYNEQF,1
TRBV7-9,TRBJ2-1,ASSLVSGLHYNEQF,1
TRBV7-9,TRBJ2-1,ASSLVSGLINEQF,9
TRBV7-9,TRBJ2-1,ASSLVSGLINYNEQF,1
TRBV7-9,TRBJ2-1,ASSLVSGLLGNEQF,1
TRBV7-9,TRBJ2-1,ASSLVSGLNEQF,2
TRBV7-9,TRBJ2-1,ASSLVSGLNSYNEQF,9
TRBV7-9,TRBJ2-1,ASSLVSGLQF,1
TRBV7-9,TRBJ2-1,ASSLVSGLQRNEQF,1
TRBV7-9,TRBJ2-1,ASSLVSGLRERDPYNEQF,1
TRBV7-9,TRBJ2-1,ASSLVSGLRERDSYNEQF,1
TRBV7-9,TRBJ2-1,ASSLVSGLRERDTYNAQF,1
TRBV7-9,TRBJ2-1,ASSLVSGLRERDTYNEQF,52
TRBV7-9,TRBJ2-1,ASSLVSGLSNEQF,2
TRBV7-9,TRBJ2-1,ASSLVSGLSSYNEQF,2
TRBV7-9,TRBJ2-1,ASSLVSGLSYNEQF,8
TRBV7-9,TRBJ2-1,ASSLVSGLSYTEQF,1
TRBV7-9,TRBJ2-1,ASSLVSGLTKSSYNEQF,1
TRBV7-9,TRBJ2-1,ASSLVSGLVDNEQF,1
TRBV7-9,TRBJ2-1,ASSLVSGLVNEQF,1
TRBV7-9,TRBJ2-1,ASSLVSGLWERDTYNEQF,1
TRBV7-9,TRBJ2-1,ASSLVSGLYNEQF,15
TRBV7-9,TRBJ2-1,ASSLVSGMDEQF,1
TRBV7-9,TRBJ2-1,ASSLVSGMEQF,4
TRBV7-9,TRBJ2-1,ASSLVSGMGGEQF,1
TRBV7-9,TRBJ2-1,ASSLVSGMINEQF,11
TRBV7-9,TRBJ2-1,ASSLVSGMRSYNEQF,1
TRBV7-9,TRBJ2-1,ASSLVSGMVDEQF,14
TRBV7-9,TRBJ2-1,ASSLVSGNEQF,94
TRBV7-9,TRBJ2-1,ASSLVSGNHNEQF,2
TRBV7-9,TRBJ2-1,ASSLVSGNNEQF,20
TRBV7-9,TRBJ2-1,ASSLVSGNPYNEQF,1
TRBV7-9,TRBJ2-1,ASSLVSGNSYNEQF,1
TRBV7-9,TRBJ2-1,ASSLVSGNYNEQF,1
TRBV7-9,TRBJ2-1,ASSLVSGPENEQF,6
TRBV7-9,TRBJ2-1,ASSLVSGPEQF,1
TRBV7-9,TRBJ2-1,ASSLVSGPFDEQF,1
TRBV7-9,TRBJ2-1,ASSLVSGPFVTNNEQF,1
TRBV7-9,TRBJ2-1,ASSLVSGPGDEQF,1
TRBV7-9,TRBJ2-1,ASSLVSGPGNEQF,1
TRBV7-9,TRBJ2-1,ASSLVSGPGSYNEQF,1
TRBV7-9,TRBJ2-1,ASSLVSGPHEQF,5
TRBV7-9,TRBJ2-1,ASSLVSGPIYNEQF,1
TRBV7-9,TRBJ2-1,ASSLVSGPKDNEQF,8
TRBV7-9,TRBJ2-1,ASSLVSGPLYNEQF,4
TRBV7-9,TRBJ2-1,ASSLVSGPNEQF,1
TRBV7-9,TRBJ2-1,ASSLVSGPPSNEQF,1
TRBV7-9,TRBJ2-1,ASSLVSGPPTYNEQF,2
TRBV7-9,TRBJ2-1,ASSLVSGPPYNEKF,1
TRBV7-9,TRBJ2-1,ASSLVSGPPYNEQF,16
TRBV7-9,TRBJ2-1,ASSLVSGPPYNEQV,1
TRBV7-9,TRBJ2-1,ASSLVSGPQC,1
TRBV7-9,TRBJ2-1,ASSLVSGPQF,22
TRBV7-9,TRBJ2-1,ASSLVSGPSGYNEQF,1
TRBV7-9,TRBJ2-1,ASSLVSGPSNEQF,2
TRBV7-9,TRBJ2-1,ASSLVSGPSRHNEQF,1
TRBV7-9,TRBJ2-1,ASSLVSGPSYNEQF,2
TRBV7-9,TRBJ2-1,ASSLVSGPVYNEQF,1
TRBV7-9,TRBJ2-1,ASSLVSGPYNEQF,26
TRBV7-9,TRBJ2-1,ASSLVSGQCNEQF,1
TRBV7-9,TRBJ2-1,ASSLVSGQDYNEQF,2
TRBV7-9,TRBJ2-1,ASSLVSGQGDNEQF,1
TRBV7-9,TRBJ2-1,ASSLVSGQGGANEQF,1
TRBV7-9,TRBJ2-1,ASSLVSGQGINEQF,1
TRBV7-9,TRBJ2-1,ASSLVSGQGITSYNEQF,1
TRBV7-9,TRBJ2-1,ASSLVSGQGNEQF,11
TRBV7-9,TRBJ2-1,ASSLVSGQGSFNEQF,1
TRBV7-9,TRBJ2-1,ASSLVSGQGSYNEQF,1
TRBV7-9,TRBJ2-1,ASSLVSGQGTAPNNEQF,1
TRBV7-9,TRBJ2-1,ASSLVSGQGTGNEQF,1
TRBV7-9,TRBJ2-1,ASSLVSGQGYNEQF,1
TRBV7-9,TRBJ2-1,ASSLVSGQKSNEQF,4
TRBV7-9,TRBJ2-1,ASSLVSGQNEQF,6
TRBV7-9,TRBJ2-1,ASSLVSGQNNEQF,4
TRBV7-9,TRBJ2-1,ASSLVSGQPNEQF,1
TRBV7-9,TRBJ2-1,ASSLVSGQPYNEQF,1
TRBV7-9,TRBJ2-1,ASSLVSGQVNEQF,1
TRBV7-9,TRBJ2-1,ASSLVSGQYDEQF,1
TRBV7-9,TRBJ2-1,ASSLVSGQYNEHF,1
TRBV7-9,TRBJ2-1,ASSLVSGQYNEQF,25
TRBV7-9,TRBJ2-1,ASSLVSGQYNGQF,1
TRBV7-9,TRBJ2-1,ASSLVSGRAAMYNEQF,1
TRBV7-9,TRBJ2-1,ASSLVSGRAANNEQF,1
TRBV7-9,TRBJ2-1,ASSLVSGRAATSYNEQF,1
TRBV7-9,TRBJ2-1,ASSLVSGRADEQF,14
TRBV7-9,TRBJ2-1,ASSLVSGRADNEQF,1
TRBV7-9,TRBJ2-1,ASSLVSGRAEEQF,13
TRBV7-9,TRBJ2-1,ASSLVSGRAGNEQF,1
TRBV7-9,TRBJ2-1,ASSLVSGRAHEQF,1
TRBV7-9,TRBJ2-1,ASSLVSGRAHYNEQF,1
TRBV7-9,TRBJ2-1,ASSLVSGRALNEQF,9
TRBV7-9,TRBJ2-1,ASSLVSGRALSYNEQF,7
TRBV7-9,TRBJ2-1,ASSLVSGRALYNEQF,1
TRBV7-9,TRBJ2-1,ASSLVSGRANEQF,4
TRBV7-9,TRBJ2-1,ASSLVSGRANNEQF,1
TRBV7-9,TRBJ2-1,ASSLVSGRAPDEQF,1
TRBV7-9,TRBJ2-1,ASSLVSGRAPQF,3
TRBV7-9,TRBJ2-1,ASSLVSGRAPYNEQF,1
TRBV7-9,TRBJ2-1,ASSLVSGRARSYNEQF,1
TRBV7-9,TRBJ2-1,ASSLVSGRASENNEQF,1
TRBV7-9,TRBJ2-1,ASSLVSGRASYEQF,1
TRBV7-9,TRBJ2-1,ASSLVSGRAVANEQF,1
TRBV7-9,TRBJ2-1,ASSLVSGRAYNEQF,1
TRBV7-9,TRBJ2-1,ASSLVSGRDDEQF,1
TRBV7-9,TRBJ2-1,ASSLVSGRDNEQF,18
TRBV7-9,TRBJ2-1,ASSLVSGRDPQF,1
TRBV7-9,TRBJ2-1,ASSLVSGREHEQF,1
TRBV7-9,TRBJ2-1,ASSLVSGRENNEQF,2
TRBV7-9,TRBJ2-1,ASSLVSGRESYNEQF,1
TRBV7-9,TRBJ2-1,ASSLVSGREYNEQF,1
TRBV7-9,TRBJ2-1,ASSLVSGRFNEQF,1
TRBV7-9,TRBJ2-1,ASSLVSGRGANNEQF,1
TRBV7-9,TRBJ2-1,ASSLVSGRGDEQF,9
TRBV7-9,TRBJ2-1,ASSLVSGRGDNEQF,3
TRBV7-9,TRBJ2-1,ASSLVSGRGEQF,12
TRBV7-9,TRBJ2-1,ASSLVSGRGEQY,1
TRBV7-9,TRBJ2-1,ASSLVSGRGGNEQF,1
TRBV7-9,TRBJ2-1,ASSLVSGRGHNEQF,1
TRBV7-9,TRBJ2-1,ASSLVSGRGNEQF,4
TRBV7-9,TRBJ2-1,ASSLVSGRGYEQF,6
TRBV7-9,TRBJ2-1,ASSLVSGRGYNEQF,27
TRBV7-9,TRBJ2-1,ASSLVSGRHLTYNEQF,1
TRBV7-9,TRBJ2-1,ASSLVSGRHNEQF,1
TRBV7-9,TRBJ2-1,ASSLVSGRIDEQF,1
TRBV7-9,TRBJ2-1,ASSLVSGRIGYEQF,1
TRBV7-9,TRBJ2-1,ASSLVSGRINEQF,9
TRBV7-9,TRBJ2-1,ASSLVSGRLAGLGNEQF,1
TRBV7-9,TRBJ2-1,ASSLVSGRLDEQF,1
TRBV7-9,TRBJ2-1,ASSLVSGRLDNEQF,1
TRBV7-9,TRBJ2-1,ASSLVSGRMRRNEQF,1
TRBV7-9,TRBJ2-1,ASSLVSGRNEQF,9
TRBV7-9,TRBJ2-1,ASSLVSGRNNEQF,2
TRBV7-9,TRBJ2-1,ASSLVSGRNYNEQF,4
TRBV7-9,TRBJ2-1,ASSLVSGRPDIINEQF,1
TRBV7-9,TRBJ2-1,ASSLVSGRPGSYKEQF,1
TRBV7-9,TRBJ2-1,ASSLVSGRPGSYNEQF,2
TRBV7-9,TRBJ2-1,ASSLVSGRPNNEQF,1
TRBV7-9,TRBJ2-1,ASSLVSGRPWNEQF,1
TRBV7-9,TRBJ2-1,ASSLVSGRPYNEQF,2
TRBV7-9,TRBJ2-1,ASSLVSGRRENNEQF,15
TRBV7-9,TRBJ2-1,ASSLVSGRRGNEQF,2
TRBV7-9,TRBJ2-1,ASSLVSGRRIDEQF,1
TRBV7-9,TRBJ2-1,ASSLVSGRRIGNEQF,1
TRBV7-9,TRBJ2-1,ASSLVSGRRSYNEQF,1
TRBV7-9,TRBJ2-1,ASSLVSGRSNEQF,1
TRBV7-9,TRBJ2-1,ASSLVSGRSSYNEQF,1
TRBV7-9,TRBJ2-1,ASSLVSGRSYNEQF,12
TRBV7-9,TRBJ2-1,ASSLVSGRTANEQF,1
TRBV7-9,TRBJ2-1,ASSLVSGRTEQF,2
TRBV7-9,TRBJ2-1,ASSLVSGRTNEQF,1
TRBV7-9,TRBJ2-1,ASSLVSGRTSGSYNEQF,1
TRBV7-9,TRBJ2-1,ASSLVSGRTYNEQF,2
TRBV7-9,TRBJ2-1,ASSLVSGRVNEQF,5
TRBV7-9,TRBJ2-1,ASSLVSGRVNNEQF,2
TRBV7-9,TRBJ2-1,ASSLVSGRVRLHNEQF,1
TRBV7-9,TRBJ2-1,ASSLVSGRVYEQF,3
TRBV7-9,TRBJ2-1,ASSLVSGRVYNEQF,14
TRBV7-9,TRBJ2-1,ASSLVSGRWNEQF,1
TRBV7-9,TRBJ2-1,ASSLVSGRYNEQF,21
TRBV7-9,TRBJ2-1,ASSLVSGRYNEQV,1
TRBV7-9,TRBJ2-1,ASSLVSGSAEQF,1
TRBV7-9,TRBJ2-1,ASSLVSGSANEQF,3
TRBV7-9,TRBJ2-1,ASSLVSGSAYNEQF,1
TRBV7-9,TRBJ2-1,ASSLVSGSDEQF,6
TRBV7-9,TRBJ2-1,ASSLVSGSDNEQF,2
TRBV7-9,TRBJ2-1,ASSLVSGSENEQF,15
TRBV7-9,TRBJ2-1,ASSLVSGSENEQL,1
TRBV7-9,TRBJ2-1,ASSLVSGSEQF,14
TRBV7-9,TRBJ2-1,ASSLVSGSFHNEQF,18
TRBV7-9,TRBJ2-1,ASSLVSGSGDRGHNEQF,1
TRBV7-9,TRBJ2-1,ASSLVSGSGESSYNEQF,1
TRBV7-9,TRBJ2-1,ASSLVSGSGGLYNEQF,1
TRBV7-9,TRBJ2-1,ASSLVSGSGGSNDQF,1
TRBV7-9,TRBJ2-1,ASSLVSGSGGSNEQF,20
TRBV7-9,TRBJ2-1,ASSLVSGSGNEQF,1
TRBV7-9,TRBJ2-1,ASSLVSGSGSPYNELF,1
TRBV7-9,TRBJ2-1,ASSLVSGSGSPYNEQF,3
TRBV7-9,TRBJ2-1,ASSLVSGSGYNEQF,1
TRBV7-9,TRBJ2-1,ASSLVSGSHEQF,3
TRBV7-9,TRBJ2-1,ASSLVSGSHNEQF,2
TRBV7-9,TRBJ2-1,ASSLVSGSINEQF,2
TRBV7-9,TRBJ2-1,ASSLVSGSKF,2
TRBV7-9,TRBJ2-1,ASSLVSGSLNEQF,2
TRBV7-9,TRBJ2-1,ASSLVSGSMNEQF,1
TRBV7-9,TRBJ2-1,ASSLVSGSNDEQF,2
TRBV7-9,TRBJ2-1,ASSLVSGSNEQF,20
TRBV7-9,TRBJ2-1,ASSLVSGSNNDQF,1
TRBV7-9,TRBJ2-1,ASSLVSGSNNEQF,16
TRBV7-9,TRBJ2-1,ASSLVSGSNPSYNEQF,1
TRBV7-9,TRBJ2-1,ASSLVSGSNSCCEQF,1
TRBV7-9,TRBJ2-1,ASSLVSGSPGDEQF,1
TRBV7-9,TRBJ2-1,ASSLVSGSPYEQF,1
TRBV7-9,TRBJ2-1,ASSLVSGSPYNEQF,3
TRBV7-9,TRBJ2-1,ASSLVSGSRAGGSNEQF,1
TRBV7-9,TRBJ2-1,ASSLVSGSRDEQF,1
TRBV7-9,TRBJ2-1,ASSLVSGSRYAYNEQF,1
TRBV7-9,TRBJ2-1,ASSLVSGSSSGLYNEQF,1
TRBV7-9,TRBJ2-1,ASSLVSGSSSYNEQF,2
TRBV7-9,TRBJ2-1,ASSLVSGSSSYNERF,1
TRBV7-9,TRBJ2-1,ASSLVSGSSYEQF,1
TRBV7-9,TRBJ2-1,ASSLVSGSSYHHEQF,1
TRBV7-9,TRBJ2-1,ASSLVSGSSYHNEQF,4
TRBV7-9,TRBJ2-1,ASSLVSGSSYNEQF,49
TRBV7-9,TRBJ2-1,ASSLVSGSTDEQF,11
TRBV7-9,TRBJ2-1,ASSLVSGSTNEQF,2
TRBV7-9,TRBJ2-1,ASSLVSGSTYNEQF,1
TRBV7-9,TRBJ2-1,ASSLVSGSVAQF,1
TRBV7-9,TRBJ2-1,ASSLVSGSVEQF,5
TRBV7-9,TRBJ2-1,ASSLVSGSVGNEQF,10
TRBV7-9,TRBJ2-1,ASSLVSGSVGNERF,1
TRBV7-9,TRBJ2-1,ASSLVSGSVHNEQF,1
TRBV7-9,TRBJ2-1,ASSLVSGSWNEQF,1
TRBV7-9,TRBJ2-1,ASSLVSGSYEQF,1
TRBV7-9,TRBJ2-1,ASSLVSGSYNEQF,87
TRBV7-9,TRBJ2-1,ASSLVSGTAYNEQF,4
TRBV7-9,TRBJ2-1,ASSLVSGTDEQF,7
TRBV7-9,TRBJ2-1,ASSLVSGTDNEQF,1
TRBV7-9,TRBJ2-1,ASSLVSGTGANNAQF,1
TRBV7-9,TRBJ2-1,ASSLVSGTGANNEQF,18
TRBV7-9,TRBJ2-1,ASSLVSGTGANNEQV,1
TRBV7-9,TRBJ2-1,ASSLVSGTGAYNEQF,1
TRBV7-9,TRBJ2-1,ASSLVSGTGCEAQF,1
TRBV7-9,TRBJ2-1,ASSLVSGTGGEAQF,10
TRBV7-9,TRBJ2-1,ASSLVSGTGGEPQF,1
TRBV7-9,TRBJ2-1,ASSLVSGTGGINEQF,1
TRBV7-9,TRBJ2-1,ASSLVSGTGGNEQF,1
TRBV7-9,TRBJ2-1,ASSLVSGTGGPDNEQF,5
TRBV7-9,TRBJ2-1,ASSLVSGTGGYNEQF,1
TRBV7-9,TRBJ2-1,ASSLVSGTGHEQF,1
TRBV7-9,TRBJ2-1,ASSLVSGTGSYNEQF,1
TRBV7-9,TRBJ2-1,ASSLVSGTGVYNEQF,1
TRBV7-9,TRBJ2-1,ASSLVSGTGYNEQF,1
TRBV7-9,TRBJ2-1,ASSLVSGTGYRNEQF,1
TRBV7-9,TRBJ2-1,ASSLVSGTHNEQF,2
TRBV7-9,TRBJ2-1,ASSLVSGTKSNEQF,1
TRBV7-9,TRBJ2-1,ASSLVSGTKYNEQF,1
TRBV7-9,TRBJ2-1,ASSLVSGTLHEQF,1
TRBV7-9,TRBJ2-1,ASSLVSGTLNEQF,1
TRBV7-9,TRBJ2-1,ASSLVSGTNEQF,1
TRBV7-9,TRBJ2-1,ASSLVSGTNNEQF,1
TRBV7-9,TRBJ2-1,ASSLVSGTPDNEQF,2
TRBV7-9,TRBJ2-1,ASSLVSGTPSNEQF,4
TRBV7-9,TRBJ2-1,ASSLVSGTPSYNEQF,1
TRBV7-9,TRBJ2-1,ASSLVSGTPYNEQF,1
TRBV7-9,TRBJ2-1,ASSLVSGTQGNEQF,1
TRBV7-9,TRBJ2-1,ASSLVSGTRLALYNEQF,1
TRBV7-9,TRBJ2-1,ASSLVSGTRNEQF,1
TRBV7-9,TRBJ2-1,ASSLVSGTRSLGEQF,9
TRBV7-9,TRBJ2-1,ASSLVSGTRYNEQF,1
TRBV7-9,TRBJ2-1,ASSLVSGTSAYNEQF,2
TRBV7-9,TRBJ2-1,ASSLVSGTSEHNEQF,1
TRBV7-9,TRBJ2-1,ASSLVSGTSGGLYNEQF,1
TRBV7-9,TRBJ2-1,ASSLVSGTSGLNEQF,1
TRBV7-9,TRBJ2-1,ASSLVSGTSGVNEQF,1
TRBV7-9,TRBJ2-1,ASSLVSGTSGYNEQF,1
TRBV7-9,TRBJ2-1,ASSLVSGTSHNEQF,1
TRBV7-9,TRBJ2-1,ASSLVSGTSNEQF,3
TRBV7-9,TRBJ2-1,ASSLVSGTSPF,9
TRBV7-9,TRBJ2-1,ASSLVSGTSPV,1
TRBV7-9,TRBJ2-1,ASSLVSGTSQGNEQF,15
TRBV7-9,TRBJ2-1,ASSLVSGTSSYNEQF,2
TRBV7-9,TRBJ2-1,ASSLVSGTSYNAQF,1
TRBV7-9,TRBJ2-1,ASSLVSGTSYNEQF,11
TRBV7-9,TRBJ2-1,ASSLVSGTVNNEQF,8
TRBV7-9,TRBJ2-1,ASSLVSGTVSNEQF,9
TRBV7-9,TRBJ2-1,ASSLVSGTVSYNEQF,1
TRBV7-9,TRBJ2-1,ASSLVSGTVWNEQF,2
TRBV7-9,TRBJ2-1,ASSLVSGTVYNEQC,1
TRBV7-9,TRBJ2-1,ASSLVSGTVYNEQF,13
TRBV7-9,TRBJ2-1,ASSLVSGTWGNEQF,4
TRBV7-9,TRBJ2-1,ASSLVSGTWSYNEQF,1
TRBV7-9,TRBJ2-1,ASSLVSGTYNEQF,17
TRBV7-9,TRBJ2-1,ASSLVSGVDEQF,2
TRBV7-9,TRBJ2-1,ASSLVSGVDYNEQF,6
TRBV7-9,TRBJ2-1,ASSLVSGVGNNEQF,1
TRBV7-9,TRBJ2-1,ASSLVSGVGSYNEQF,4
TRBV7-9,TRBJ2-1,ASSLVSGVGYEQF,1
TRBV7-9,TRBJ2-1,ASSLVSGVKLNEQF,1
TRBV7-9,TRBJ2-1,ASSLVSGVKVNEQF,1
TRBV7-9,TRBJ2-1,ASSLVSGVNEQF,3
TRBV7-9,TRBJ2-1,ASSLVSGVPYNEQF,11
TRBV7-9,TRBJ2-1,ASSLVSGVRNEQF,1
TRBV7-9,TRBJ2-1,ASSLVSGVTYNEQF,1
TRBV7-9,TRBJ2-1,ASSLVSGVVNEQF,1
TRBV7-9,TRBJ2-1,ASSLVSGVVPVYNEQF,1
TRBV7-9,TRBJ2-1,ASSLVSGVYNEQF,15
TRBV7-9,TRBJ2-1,ASSLVSGVYSYNEQF,1
TRBV7-9,TRBJ2-1,ASSLVSGWDEQF,1
TRBV7-9,TRBJ2-1,ASSLVSGWEISYNEQF,1
TRBV7-9,TRBJ2-1,ASSLVSGWFDEQF,1
TRBV7-9,TRBJ2-1,ASSLVSGWGVYNEQF,1
TRBV7-9,TRBJ2-1,ASSLVSGWLKEQF,1
TRBV7-9,TRBJ2-1,ASSLVSGWLNEQF,14
TRBV7-9,TRBJ2-1,ASSLVSGWNEQF,1
TRBV7-9,TRBJ2-1,ASSLVSGWSNSYNEQF,6
TRBV7-9,TRBJ2-1,ASSLVSGYDEQF,1
TRBV7-9,TRBJ2-1,ASSLVSGYEQC,1
TRBV7-9,TRBJ2-1,ASSLVSGYEQF,7
TRBV7-9,TRBJ2-1,ASSLVSGYGPYNEQF,9
TRBV7-9,TRBJ2-1,ASSLVSGYNEHF,1
TRBV7-9,TRBJ2-1,ASSLVSGYNELF,1
TRBV7-9,TRBJ2-1,ASSLVSGYNEQC,1
TRBV7-9,TRBJ2-1,ASSLVSGYNEQF,115
TRBV7-9,TRBJ2-1,ASSLVSGYREVYNEQF,1
TRBV7-9,TRBJ2-1,ASSLVSGYSYNEQF,2
TRBV7-9,TRBJ2-1,ASSLVSGYTEQF,2
TRBV7-9,TRBJ2-1,ASSLVSGYYNEQF,1
TRBV7-9,TRBJ2-1,ASSLVSGYYYNEQF,1
TRBV7-9,TRBJ2-1,ASSLVSHANEQF,1
TRBV7-9,TRBJ2-1,ASSLVSHEQF,30
TRBV7-9,TRBJ2-1,ASSLVSHGLPIYNEQF,1
TRBV7-9,TRBJ2-1,ASSLVSHNEQF,6
TRBV7-9,TRBJ2-1,ASSLVSHPNEQF,1
TRBV7-9,TRBJ2-1,ASSLVSHRLAGGRNEPF,1
TRBV7-9,TRBJ2-1,ASSLVSHRLAGGRNEQF,31
TRBV7-9,TRBJ2-1,ASSLVSHSSYNEQF,2
TRBV7-9,TRBJ2-1,ASSLVSHTADNEQF,1
TRBV7-9,TRBJ2-1,ASSLVSHYNEQF,2
TRBV7-9,TRBJ2-1,ASSLVSIAGGDEQF,1
TRBV7-9,TRBJ2-1,ASSLVSIAGVSYNEQF,1
TRBV7-9,TRBJ2-1,ASSLVSIAYYVKF,1
TRBV7-9,TRBJ2-1,ASSLVSIDSVNEQF,9
TRBV7-9,TRBJ2-1,ASSLVSIEQF,7
TRBV7-9,TRBJ2-1,ASSLVSIGGVDEQF,1
TRBV7-9,TRBJ2-1,ASSLVSIGTGGINEQF,1
TRBV7-9,TRBJ2-1,ASSLVSIGVDNEQF,1
TRBV7-9,TRBJ2-1,ASSLVSIKGNEQF,1
TRBV7-9,TRBJ2-1,ASSLVSINEQF,18
TRBV7-9,TRBJ2-1,ASSLVSINNEQF,1
TRBV7-9,TRBJ2-1,ASSLVSIRLADYNEQF,1
TRBV7-9,TRBJ2-1,ASSLVSISAGAYNEQF,1
TRBV7-9,TRBJ2-1,ASSLVSISDEQF,1
TRBV7-9,TRBJ2-1,ASSLVSISYNEQF,1
TRBV7-9,TRBJ2-1,ASSLVSITYNEQF,1
TRBV7-9,TRBJ2-1,ASSLVSIVDNEQF,1
TRBV7-9,TRBJ2-1,ASSLVSIYEQF,1
TRBV7-9,TRBJ2-1,ASSLVSIYNEQF,6
TRBV7-9,TRBJ2-1,ASSLVSKAENEQF,1
TRBV7-9,TRBJ2-1,ASSLVSKAYHERL,1
TRBV7-9,TRBJ2-1,ASSLVSKAYHGPF,1
TRBV7-9,TRBJ2-1,ASSLVSKAYNEQF,5
TRBV7-9,TRBJ2-1,ASSLVSKGPRYEQF,1
TRBV7-9,TRBJ2-1,ASSLVSKGPVLRNEQF,2
TRBV7-9,TRBJ2-1,ASSLVSKIDSESYNEQF,2
TRBV7-9,TRBJ2-1,ASSLVSKTEGEQF,7
TRBV7-9,TRBJ2-1,ASSLVSKWRGNEQF,1
TRBV7-9,TRBJ2-1,ASSLVSLAALIGSDEQF,1
TRBV7-9,TRBJ2-1,ASSLVSLADNEQF,4
TRBV7-9,TRBJ2-1,ASSLVSLADNNEQF,2
TRBV7-9,TRBJ2-1,ASSLVSLADSWRGNEQF,4
TRBV7-9,TRBJ2-1,ASSLVSLAESSNEQF,1
TRBV7-9,TRBJ2-1,ASSLVSLAGAHNEQF,1
TRBV7-9,TRBJ2-1,ASSLVSLAGAPSFYNEQF,2
TRBV7-9,TRBJ2-1,ASSLVSLAGEGNEQF,1
TRBV7-9,TRBJ2-1,ASSLVSLAGESYNEQF,1
TRBV7-9,TRBJ2-1,ASSLVSLAGGDEQF,1
TRBV7-9,TRBJ2-1,ASSLVSLAGGINEQF,1
TRBV7-9,TRBJ2-1,ASSLVSLAGGSRNEQF,1
TRBV7-9,TRBJ2-1,ASSLVSLAGGYEQF,3
TRBV7-9,TRBJ2-1,ASSLVSLAGGYNEQF,3
TRBV7-9,TRBJ2-1,ASSLVSLAGHNEQF,1
TRBV7-9,TRBJ2-1,ASSLVSLAGLFYNEQF,1
TRBV7-9,TRBJ2-1,ASSLVSLAGPINEQF,1
TRBV7-9,TRBJ2-1,ASSLVSLAGPIQNEQF,10
TRBV7-9,TRBJ2-1,ASSLVSLAGRVNEQF,1
TRBV7-9,TRBJ2-1,ASSLVSLAGSYNEQF,1
TRBV7-9,TRBJ2-1,ASSLVSLAGVRAYNEQF,3
TRBV7-9,TRBJ2-1,ASSLVSLAGVTYNEQF,1
TRBV7-9,TRBJ2-1,ASSLVSLAGVYNEQF,1
TRBV7-9,TRBJ2-1,ASSLVSLAKKISYNEQF,7
TRBV7-9,TRBJ2-1,ASSLVSLALNEQF,7
TRBV7-9,TRBJ2-1,ASSLVSLANSYNEQF,1
TRBV7-9,TRBJ2-1,ASSLVSLAQFYNEQF,1
TRBV7-9,TRBJ2-1,ASSLVSLARDEQF,1
TRBV7-9,TRBJ2-1,ASSLVSLARENYNEQF,1
TRBV7-9,TRBJ2-1,ASSLVSLATLIHEQF,6
TRBV7-9,TRBJ2-1,ASSLVSLAYNEQF,4
TRBV7-9,TRBJ2-1,ASSLVSLDEQF,5
TRBV7-9,TRBJ2-1,ASSLVSLEDEQF,3
TRBV7-9,TRBJ2-1,ASSLVSLEGAYNEQF,1
TRBV7-9,TRBJ2-1,ASSLVSLENEQF,1
TRBV7-9,TRBJ2-1,ASSLVSLEQF,2
TRBV7-9,TRBJ2-1,ASSLVSLGCNEQL,1
TRBV7-9,TRBJ2-1,ASSLVSLGDEQF,1
TRBV7-9,TRBJ2-1,ASSLVSLGDNEQF,2
TRBV7-9,TRBJ2-1,ASSLVSLGDYNEQF,1
TRBV7-9,TRBJ2-1,ASSLVSLGEQF,1
TRBV7-9,TRBJ2-1,ASSLVSLGILSYNEQF,1
TRBV7-9,TRBJ2-1,ASSLVSLGIMMF,3
TRBV7-9,TRBJ2-1,ASSLVSLGLPYNEQF,11
TRBV7-9,TRBJ2-1,ASSLVSLGNEQF,3
TRBV7-9,TRBJ2-1,ASSLVSLGPFNEQF,1
TRBV7-9,TRBJ2-1,ASSLVSLGPRNNEQF,1
TRBV7-9,TRBJ2-1,ASSLVSLGQGADEQF,1
TRBV7-9,TRBJ2-1,ASSLVSLGRSYNEQF,1
TRBV7-9,TRBJ2-1,ASSLVSLGSDEQF,4
TRBV7-9,TRBJ2-1,ASSLVSLGSYNEQF,3
TRBV7-9,TRBJ2-1,ASSLVSLGYNEQF,12
TRBV7-9,TRBJ2-1,ASSLVSLIWGEPYNEQF,1
TRBV7-9,TRBJ2-1,ASSLVSLKAAYNEQF,1
TRBV7-9,TRBJ2-1,ASSLVSLLAGTYNEQF,1
TRBV7-9,TRBJ2-1,ASSLVSLLARYNEQF,1
TRBV7-9,TRBJ2-1,ASSLVSLLGGSVNNEQF,1
TRBV7-9,TRBJ2-1,ASSLVSLLVNTYNEQF,1
TRBV7-9,TRBJ2-1,ASSLVSLNEQF,9
TRBV7-9,TRBJ2-1,ASSLVSLNNEQF,1
TRBV7-9,TRBJ2-1,ASSLVSLPAHEQF,1
TRBV7-9,TRBJ2-1,ASSLVSLPPYNEQF,1
TRBV7-9,TRBJ2-1,ASSLVSLQRNEQF,4
TRBV7-9,TRBJ2-1,ASSLVSLRAVHSYNEQF,1
TRBV7-9,TRBJ2-1,ASSLVSLRDRGHDEQF,1
TRBV7-9,TRBJ2-1,ASSLVSLRGPPSLYEQF,1
TRBV7-9,TRBJ2-1,ASSLVSLRGRGAYNEQF,1
TRBV7-9,TRBJ2-1,ASSLVSLRRRGNNEQF,1
TRBV7-9,TRBJ2-1,ASSLVSLRSNEQF,22
TRBV7-9,TRBJ2-1,ASSLVSLRSPHNEQF,2
TRBV7-9,TRBJ2-1,ASSLVSLSANEQF,1
TRBV7-9,TRBJ2-1,ASSLVSLSDEQF,2
TRBV7-9,TRBJ2-1,ASSLVSLSDSYNEQF,1
TRBV7-9,TRBJ2-1,ASSLVSLSGIGNEQF,7
TRBV7-9,TRBJ2-1,ASSLVSLSGRAYNEQF,1
TRBV7-9,TRBJ2-1,ASSLVSLSLGLAHNEQF,1
TRBV7-9,TRBJ2-1,ASSLVSLSSYNEQF,1
TRBV7-9,TRBJ2-1,ASSLVSLSYNEQF,3
TRBV7-9,TRBJ2-1,ASSLVSLVDSYNEQF,3
TRBV7-9,TRBJ2-1,ASSLVSLVRGDNEQF,1
TRBV7-9,TRBJ2-1,ASSLVSLVSNEQF,1
TRBV7-9,TRBJ2-1,ASSLVSLVSYNEQF,1
TRBV7-9,TRBJ2-1,ASSLVSLYNEQF,6
TRBV7-9,TRBJ2-1,ASSLVSMAGRSYNEQF,1
TRBV7-9,TRBJ2-1,ASSLVSMFYNEQF,1
TRBV7-9,TRBJ2-1,ASSLVSMGEQF,42
TRBV7-9,TRBJ2-1,ASSLVSMNHNEQF,3
TRBV7-9,TRBJ2-1,ASSLVSMSSGRANEQF,1
TRBV7-9,TRBJ2-1,ASSLVSMSYNEQF,1
TRBV7-9,TRBJ2-1,ASSLVSMTYKEQF,1
TRBV7-9,TRBJ2-1,ASSLVSNDEQF,2
TRBV7-9,TRBJ2-1,ASSLVSNDYNEQF,1
TRBV7-9,TRBJ2-1,ASSLVSNEKF,1
TRBV7-9,TRBJ2-1,ASSLVSNELF,1
TRBV7-9,TRBJ2-1,ASSLVSNEQF,146
TRBV7-9,TRBJ2-1,ASSLVSNGADEQF,6
TRBV7-9,TRBJ2-1,ASSLVSNGQF,1
TRBV7-9,TRBJ2-1,ASSLVSNGRDNEQF,10
TRBV7-9,TRBJ2-1,ASSLVSNNEQF,7
TRBV7-9,TRBJ2-1,ASSLVSNQHYNEQF,1
TRBV7-9,TRBJ2-1,ASSLVSNRGGEQF,5
TRBV7-9,TRBJ2-1,ASSLVSNSNEQF,1
TRBV7-9,TRBJ2-1,ASSLVSNSYNEQF,16
TRBV7-9,TRBJ2-1,ASSLVSNYEQF,14
TRBV7-9,TRBJ2-1,ASSLVSNYNEQF,4
TRBV7-9,TRBJ2-1,ASSLVSPAGRTNEQF,1
TRBV7-9,TRBJ2-1,ASSLVSPASSYNEQF,1
TRBV7-9,TRBJ2-1,ASSLVSPDPL,1
TRBV7-9,TRBJ2-1,ASSLVSPDRRNEQF,1
TRBV7-9,TRBJ2-1,ASSLVSPDSL,9
TRBV7-9,TRBJ2-1,ASSLVSPFNEQF,1
TRBV7-9,TRBJ2-1,ASSLVSPFSSYNEQF,2
TRBV7-9,TRBJ2-1,ASSLVSPGAYNEQF,5
TRBV7-9,TRBJ2-1,ASSLVSPGGDNEQF,1
TRBV7-9,TRBJ2-1,ASSLVSPGGNEQF,1
TRBV7-9,TRBJ2-1,ASSLVSPGLRLNEQF,3
TRBV7-9,TRBJ2-1,ASSLVSPGLVAEQF,5
TRBV7-9,TRBJ2-1,ASSLVSPGNEQF,4
TRBV7-9,TRBJ2-1,ASSLVSPGQFNEQF,1
TRBV7-9,TRBJ2-1,ASSLVSPGQTMLYNEQF,3
TRBV7-9,TRBJ2-1,ASSLVSPGTGAYNEQF,1
TRBV7-9,TRBJ2-1,ASSLVSPGTSEDNEQF,1
TRBV7-9,TRBJ2-1,ASSLVSPGYGPDEQF,1
TRBV7-9,TRBJ2-1,ASSLVSPGYPSNEQF,1
TRBV7-9,TRBJ2-1,ASSLVSPHEQF,1
TRBV7-9,TRBJ2-1,ASSLVSPIDNEQF,8
TRBV7-9,TRBJ2-1,ASSLVSPIQF,11
TRBV7-9,TRBJ2-1,ASSLVSPISYNEQF,1
TRBV7-9,TRBJ2-1,ASSLVSPKNEQF,1
TRBV7-9,TRBJ2-1,ASSLVSPKTDNEQF,1
TRBV7-9,TRBJ2-1,ASSLVSPLFNEQF,1
TRBV7-9,TRBJ2-1,ASSLVSPLGNEQF,1
TRBV7-9,TRBJ2-1,ASSLVSPLSYNEQF,8
TRBV7-9,TRBJ2-1,ASSLVSPLVWSYNEQF,2
TRBV7-9,TRBJ2-1,ASSLVSPMGYNEQF,1
TRBV7-9,TRBJ2-1,ASSLVSPNAYNEQF,1
TRBV7-9,TRBJ2-1,ASSLVSPNDQF,1
TRBV7-9,TRBJ2-1,ASSLVSPNEQF,19
TRBV7-9,TRBJ2-1,ASSLVSPNGQHEQF,1
TRBV7-9,TRBJ2-1,ASSLVSPNNEQF,7
TRBV7-9,TRBJ2-1,ASSLVSPNPNEQF,1
TRBV7-9,TRBJ2-1,ASSLVSPPGNEQF,1
TRBV7-9,TRBJ2-1,ASSLVSPPIDEQF,1
TRBV7-9,TRBJ2-1,ASSLVSPQYNEQF,10
TRBV7-9,TRBJ2-1,ASSLVSPRPYNEQF,2
TRBV7-9,TRBJ2-1,ASSLVSPSDEQF,3
TRBV7-9,TRBJ2-1,ASSLVSPSDHEQF,19
TRBV7-9,TRBJ2-1,ASSLVSPSGANEQF,1
TRBV7-9,TRBJ2-1,ASSLVSPSGLKYNEQF,1
TRBV7-9,TRBJ2-1,ASSLVSPSGRTLGDEQF,1
TRBV7-9,TRBJ2-1,ASSLVSPSGSVNEQF,1
TRBV7-9,TRBJ2-1,ASSLVSPSGVYNEQF,1
TRBV7-9,TRBJ2-1,ASSLVSPSGYNEQF,1
TRBV7-9,TRBJ2-1,ASSLVSPSHEQF,6
TRBV7-9,TRBJ2-1,ASSLVSPSLDEQF,8
TRBV7-9,TRBJ2-1,ASSLVSPSQGFHYNEQF,1
TRBV7-9,TRBJ2-1,ASSLVSPTAPHNEQF,1
TRBV7-9,TRBJ2-1,ASSLVSPTNEQF,1
TRBV7-9,TRBJ2-1,ASSLVSPTTFYSYNEQF,1
TRBV7-9,TRBJ2-1,ASSLVSPVENEQF,1
TRBV7-9,TRBJ2-1,ASSLVSPVGNEQF,1
TRBV7-9,TRBJ2-1,ASSLVSPVYEQF,1
TRBV7-9,TRBJ2-1,ASSLVSPYDEQF,6
TRBV7-9,TRBJ2-1,ASSLVSPYNEQF,21
TRBV7-9,TRBJ2-1,ASSLVSQADNKQF,1
TRBV7-9,TRBJ2-1,ASSLVSQAQHEQF,1
TRBV7-9,TRBJ2-1,ASSLVSQASSYNEQF,1
TRBV7-9,TRBJ2-1,ASSLVSQAYNEHF,1
TRBV7-9,TRBJ2-1,ASSLVSQAYNEQF,2
TRBV7-9,TRBJ2-1,ASSLVSQAYNEQI,2
TRBV7-9,TRBJ2-1,ASSLVSQAYNVKF,1
TRBV7-9,TRBJ2-1,ASSLVSQDRRQGYNEQF,17
TRBV7-9,TRBJ2-1,ASSLVSQDYPYNEQF,1
TRBV7-9,TRBJ2-1,ASSLVSQGAAFFYNEQF,1
TRBV7-9,TRBJ2-1,ASSLVSQGAYNEQF,1
TRBV7-9,TRBJ2-1,ASSLVSQGDSYNEQF,2
TRBV7-9,TRBJ2-1,ASSLVSQGLEQF,6
TRBV7-9,TRBJ2-1,ASSLVSQGLIYNEQF,1
TRBV7-9,TRBJ2-1,ASSLVSQGNEQF,22
TRBV7-9,TRBJ2-1,ASSLVSQGNNEQF,1
TRBV7-9,TRBJ2-1,ASSLVSQGPWDEQF,1
TRBV7-9,TRBJ2-1,ASSLVSQGSNEQF,1
TRBV7-9,TRBJ2-1,ASSLVSQGVGEQF,17
TRBV7-9,TRBJ2-1,ASSLVSQGVGGQF,1
TRBV7-9,TRBJ2-1,ASSLVSQHNNEQF,1
TRBV7-9,TRBJ2-1,ASSLVSQLAGGYNEQF,1
TRBV7-9,TRBJ2-1,ASSLVSQLGLIYNEQF,1
TRBV7-9,TRBJ2-1,ASSLVSQNEQF,2
TRBV7-9,TRBJ2-1,ASSLVSQPVNEQF,1
TRBV7-9,TRBJ2-1,ASSLVSQRGFNEQF,1
TRBV7-9,TRBJ2-1,ASSLVSQRGNEQF,1
TRBV7-9,TRBJ2-1,ASSLVSQSNEQF,1
TRBV7-9,TRBJ2-1,ASSLVSQSYNEQV,1
TRBV7-9,TRBJ2-1,ASSLVSQTNEQF,1
TRBV7-9,TRBJ2-1,ASSLVSQTSYNEQF,1
TRBV7-9,TRBJ2-1,ASSLVSQVNEQF,1
TRBV7-9,TRBJ2-1,ASSLVSRAGEQF,4
TRBV7-9,TRBJ2-1,ASSLVSRAGSYNEQF,1
TRBV7-9,TRBJ2-1,ASSLVSRAHNEQF,1
TRBV7-9,TRBJ2-1,ASSLVSRANEQF,1
TRBV7-9,TRBJ2-1,ASSLVSRARGQMTRTYNEQF,1
TRBV7-9,TRBJ2-1,ASSLVSRAYNEQF,2
TRBV7-9,TRBJ2-1,ASSLVSRDEQF,2
TRBV7-9,TRBJ2-1,ASSLVSRDHEQF,8
TRBV7-9,TRBJ2-1,ASSLVSRDNEQF,2
TRBV7-9,TRBJ2-1,ASSLVSRDRGNRSNEQF,2
TRBV7-9,TRBJ2-1,ASSLVSREENEQF,1
TRBV7-9,TRBJ2-1,ASSLVSREGNEQF,1
TRBV7-9,TRBJ2-1,ASSLVSREGQF,2
TRBV7-9,TRBJ2-1,ASSLVSREPYNEQF,12
TRBV7-9,TRBJ2-1,ASSLVSREQF,1
TRBV7-9,TRBJ2-1,ASSLVSRFHEQF,1
TRBV7-9,TRBJ2-1,ASSLVSRGASNEQF,1
TRBV7-9,TRBJ2-1,ASSLVSRGDEQF,1
TRBV7-9,TRBJ2-1,ASSLVSRGEQF,1
TRBV7-9,TRBJ2-1,ASSLVSRGEWNEQF,1
TRBV7-9,TRBJ2-1,ASSLVSRGGGDEQF,8
TRBV7-9,TRBJ2-1,ASSLVSRGGGNEQF,1
TRBV7-9,TRBJ2-1,ASSLVSRGGNNEQF,1
TRBV7-9,TRBJ2-1,ASSLVSRGHEQF,1
TRBV7-9,TRBJ2-1,ASSLVSRGIDEQF,9
TRBV7-9,TRBJ2-1,ASSLVSRGIHNEQF,1
TRBV7-9,TRBJ2-1,ASSLVSRGLMDEQF,1
TRBV7-9,TRBJ2-1,ASSLVSRGLNEQF,1
TRBV7-9,TRBJ2-1,ASSLVSRGLPYNEQF,1
TRBV7-9,TRBJ2-1,ASSLVSRGLRYDEQF,1
TRBV7-9,TRBJ2-1,ASSLVSRGNEQF,11
TRBV7-9,TRBJ2-1,ASSLVSRGPGQF,4
TRBV7-9,TRBJ2-1,ASSLVSRGPSNNEQF,1
TRBV7-9,TRBJ2-1,ASSLVSRGPYNEQF,1
TRBV7-9,TRBJ2-1,ASSLVSRGREFTSYNEQF,2
TRBV7-9,TRBJ2-1,ASSLVSRGSYNEQF,2
TRBV7-9,TRBJ2-1,ASSLVSRGVFQF,5
TRBV7-9,TRBJ2-1,ASSLVSRGVYNEQF,1
TRBV7-9,TRBJ2-1,ASSLVSRGWGNEQF,3
TRBV7-9,TRBJ2-1,ASSLVSRHEQF,1
TRBV7-9,TRBJ2-1,ASSLVSRHYNEQF,1
TRBV7-9,TRBJ2-1,ASSLVSRLAAYNEQF,1
TRBV7-9,TRBJ2-1,ASSLVSRLAGDNEQF,14
TRBV7-9,TRBJ2-1,ASSLVSRLAGFYNEQF,1
TRBV7-9,TRBJ2-1,ASSLVSRLAGGDNEQF,1
TRBV7-9,TRBJ2-1,ASSLVSRLAGIYNEQF,1
TRBV7-9,TRBJ2-1,ASSLVSRLAGVNEQF,1
TRBV7-9,TRBJ2-1,ASSLVSRLGNEQF,7
TRBV7-9,TRBJ2-1,ASSLVSRLREGRNEQF,1
TRBV7-9,TRBJ2-1,ASSLVSRLYRDEQF,1
TRBV7-9,TRBJ2-1,ASSLVSRNDEQF,1
TRBV7-9,TRBJ2-1,ASSLVSRNEQF,2
TRBV7-9,TRBJ2-1,ASSLVSRNNEQF,5
TRBV7-9,TRBJ2-1,ASSLVSRNRTYNEHF,1
TRBV7-9,TRBJ2-1,ASSLVSRNRTYNEQF,3
TRBV7-9,TRBJ2-1,ASSLVSRPSYNEQF,4
TRBV7-9,TRBJ2-1,ASSLVSRPYNEQF,11
TRBV7-9,TRBJ2-1,ASSLVSRQGIYNEQF,1
TRBV7-9,TRBJ2-1,ASSLVSRQGVNEQF,1
TRBV7-9,TRBJ2-1,ASSLVSRRDLNNEQF,11
TRBV7-9,TRBJ2-1,ASSLVSRRLNEQF,8
TRBV7-9,TRBJ2-1,ASSLVSRRQF,8
TRBV7-9,TRBJ2-1,ASSLVSRRRTNEHNEQF,1
TRBV7-9,TRBJ2-1,ASSLVSRRSSYNEQF,8
TRBV7-9,TRBJ2-1,ASSLVSRTGGRNEQF,1
TRBV7-9,TRBJ2-1,ASSLVSRTGPYNEQF,1
TRBV7-9,TRBJ2-1,ASSLVSRTGYYNEQF,1
TRBV7-9,TRBJ2-1,ASSLVSRTNEQF,1
TRBV7-9,TRBJ2-1,ASSLVSRTRGRPYNEQF,1
TRBV7-9,TRBJ2-1,ASSLVSRTSEYDEQF,1
TRBV7-9,TRBJ2-1,ASSLVSRTYNEQF,1
TRBV7-9,TRBJ2-1,ASSLVSRVDAQF,1
TRBV7-9,TRBJ2-1,ASSLVSRVDEQF,12
TRBV7-9,TRBJ2-1,ASSLVSRVGDNEQF,6
TRBV7-9,TRBJ2-1,ASSLVSRVNEQF,2
TRBV7-9,TRBJ2-1,ASSLVSRVVDEQF,1
TRBV7-9,TRBJ2-1,ASSLVSRYLYNEQF,1
TRBV7-9,TRBJ2-1,ASSLVSRYNEQF,22
TRBV7-9,TRBJ2-1,ASSLVSRYYNEQF,2
TRBV7-9,TRBJ2-1,ASSLVSSAEEQF,1
TRBV7-9,TRBJ2-1,ASSLVSSAGGDEQF,1
TRBV7-9,TRBJ2-1,ASSLVSSALDEQF,1
TRBV7-9,TRBJ2-1,ASSLVSSANEQF,22
TRBV7-9,TRBJ2-1,ASSLVSSAPPYNEQF,1
TRBV7-9,TRBJ2-1,ASSLVSSASYNEQF,1
TRBV7-9,TRBJ2-1,ASSLVSSAYNEQF,3
TRBV7-9,TRBJ2-1,ASSLVSSDALF,1
TRBV7-9,TRBJ2-1,ASSLVSSDEQF,1
TRBV7-9,TRBJ2-1,ASSLVSSDNEQF,60
TRBV7-9,TRBJ2-1,ASSLVSSDNEQS,1
TRBV7-9,TRBJ2-1,ASSLVSSEARGYEQF,1
TRBV7-9,TRBJ2-1,ASSLVSSEIHNEQF,1
TRBV7-9,TRBJ2-1,ASSLVSSEQF,13
TRBV7-9,TRBJ2-1,ASSLVSSEYNEQF,2
TRBV7-9,TRBJ2-1,ASSLVSSFDAQF,1
TRBV7-9,TRBJ2-1,ASSLVSSFDEQF,31
TRBV7-9,TRBJ2-1,ASSLVSSFFYNEQF,1
TRBV7-9,TRBJ2-1,ASSLVSSFGEQF,1
TRBV7-9,TRBJ2-1,ASSLVSSFGSSYNEQF,1
TRBV7-9,TRBJ2-1,ASSLVSSFLVSFYNEQF,1
TRBV7-9,TRBJ2-1,ASSLVSSFYNEQF,1
TRBV7-9,TRBJ2-1,ASSLVSSGADNEQF,1
TRBV7-9,TRBJ2-1,ASSLVSSGAFLYNEQF,1
TRBV7-9,TRBJ2-1,ASSLVSSGAWDEQF,1
TRBV7-9,TRBJ2-1,ASSLVSSGAYNEQF,13
TRBV7-9,TRBJ2-1,ASSLVSSGDNEQF,1
TRBV7-9,TRBJ2-1,ASSLVSSGDYNEQF,1
TRBV7-9,TRBJ2-1,ASSLVSSGEGNEQF,1
TRBV7-9,TRBJ2-1,ASSLVSSGFSYNEQF,2
TRBV7-9,TRBJ2-1,ASSLVSSGFYNEQF,2
TRBV7-9,TRBJ2-1,ASSLVSSGGACLLGEQF,1
TRBV7-9,TRBJ2-1,ASSLVSSGGAFLLGEQF,2
TRBV7-9,TRBJ2-1,ASSLVSSGGDEQF,1
TRBV7-9,TRBJ2-1,ASSLVSSGGFYNEQF,1
TRBV7-9,TRBJ2-1,ASSLVSSGGGNEQF,1
TRBV7-9,TRBJ2-1,ASSLVSSGGHNEQF,1
TRBV7-9,TRBJ2-1,ASSLVSSGGLNEQF,1
TRBV7-9,TRBJ2-1,ASSLVSSGGLYNEQF,1
TRBV7-9,TRBJ2-1,ASSLVSSGGNEQF,7
TRBV7-9,TRBJ2-1,ASSLVSSGGNNEQF,7
TRBV7-9,TRBJ2-1,ASSLVSSGGRNEQF,1
TRBV7-9,TRBJ2-1,ASSLVSSGGSDEQF,1
TRBV7-9,TRBJ2-1,ASSLVSSGGSYNEQF,2
TRBV7-9,TRBJ2-1,ASSLVSSGGTNEQF,1
TRBV7-9,TRBJ2-1,ASSLVSSGGYEQF,1
TRBV7-9,TRBJ2-1,ASSLVSSGGYNEQF,1
TRBV7-9,TRBJ2-1,ASSLVSSGHEQF,1
TRBV7-9,TRBJ2-1,ASSLVSSGHNEQF,2
TRBV7-9,TRBJ2-1,ASSLVSSGHQF,14
TRBV7-9,TRBJ2-1,ASSLVSSGHYNEQF,1
TRBV7-9,TRBJ2-1,ASSLVSSGILGDEQF,1
TRBV7-9,TRBJ2-1,ASSLVSSGINEQF,6
TRBV7-9,TRBJ2-1,ASSLVSSGINNEQF,6
TRBV7-9,TRBJ2-1,ASSLVSSGITIEQF,1
TRBV7-9,TRBJ2-1,ASSLVSSGIVNEQF,1
TRBV7-9,TRBJ2-1,ASSLVSSGIYNEQF,1
TRBV7-9,TRBJ2-1,ASSLVSSGKYNEQF,1
TRBV7-9,TRBJ2-1,ASSLVSSGLARNEQF,1
TRBV7-9,TRBJ2-1,ASSLVSSGLAVLYNEQF,1
TRBV7-9,TRBJ2-1,ASSLVSSGLGNEQF,7
TRBV7-9,TRBJ2-1,ASSLVSSGLLPSNEQF,1
TRBV7-9,TRBJ2-1,ASSLVSSGLVNNEQF,1
TRBV7-9,TRBJ2-1,ASSLVSSGMGDEQF,1
TRBV7-9,TRBJ2-1,ASSLVSSGNAYNEQF,3
TRBV7-9,TRBJ2-1,ASSLVSSGNEQF,16
TRBV7-9,TRBJ2-1,ASSLVSSGNNEQF,8
TRBV7-9,TRBJ2-1,ASSLVSSGNPNEQF,1
TRBV7-9,TRBJ2-1,ASSLVSSGNSDNEQF,1
TRBV7-9,TRBJ2-1,ASSLVSSGNSYNEQF,1
TRBV7-9,TRBJ2-1,ASSLVSSGNYNEQF,1
TRBV7-9,TRBJ2-1,ASSLVSSGPNEQF,1
TRBV7-9,TRBJ2-1,ASSLVSSGQGYNEQF,1
TRBV7-9,TRBJ2-1,ASSLVSSGQGYYNEQF,1
TRBV7-9,TRBJ2-1,ASSLVSSGQVSNEQF,1
TRBV7-9,TRBJ2-1,ASSLVSSGRAIDEQF,7
TRBV7-9,TRBJ2-1,ASSLVSSGRASYNEQF,1
TRBV7-9,TRBJ2-1,ASSLVSSGRAVVNEQF,2
TRBV7-9,TRBJ2-1,ASSLVSSGRAWDENEQF,1
TRBV7-9,TRBJ2-1,ASSLVSSGRDEQF,1
TRBV7-9,TRBJ2-1,ASSLVSSGRFNEQF,1
TRBV7-9,TRBJ2-1,ASSLVSSGRGEQF,7
TRBV7-9,TRBJ2-1,ASSLVSSGRGGEQF,2
TRBV7-9,TRBJ2-1,ASSLVSSGRGNEQF,10
TRBV7-9,TRBJ2-1,ASSLVSSGRGYEQF,1
TRBV7-9,TRBJ2-1,ASSLVSSGRGYNEQF,3
TRBV7-9,TRBJ2-1,ASSLVSSGRHIPEQF,7
TRBV7-9,TRBJ2-1,ASSLVSSGRLYEQF,7
TRBV7-9,TRBJ2-1,ASSLVSSGRNEQF,1
TRBV7-9,TRBJ2-1,ASSLVSSGRPNEQF,1
TRBV7-9,TRBJ2-1,ASSLVSSGRPSSYNEQF,1
TRBV7-9,TRBJ2-1,ASSLVSSGRPYNEQF,1
TRBV7-9,TRBJ2-1,ASSLVSSGRSPYNEQF,1
TRBV7-9,TRBJ2-1,ASSLVSSGRTNEQF,1
TRBV7-9,TRBJ2-1,ASSLVSSGRTYNEQF,14
TRBV7-9,TRBJ2-1,ASSLVSSGRVNEQF,1
TRBV7-9,TRBJ2-1,ASSLVSSGRWNEQF,1
TRBV7-9,TRBJ2-1,ASSLVSSGRYEQF,1
TRBV7-9,TRBJ2-1,ASSLVSSGRYNEQF,7
TRBV7-9,TRBJ2-1,ASSLVSSGSDEQF,19
TRBV7-9,TRBJ2-1,ASSLVSSGSFNEQF,1
TRBV7-9,TRBJ2-1,ASSLVSSGSFYNEQF,1
TRBV7-9,TRBJ2-1,ASSLVSSGSGNEQF,1
TRBV7-9,TRBJ2-1,ASSLVSSGSIYNEQF,1
TRBV7-9,TRBJ2-1,ASSLVSSGSLDEQF,1
TRBV7-9,TRBJ2-1,ASSLVSSGSLDNEQF,6
TRBV7-9,TRBJ2-1,ASSLVSSGSMNEQF,14
TRBV7-9,TRBJ2-1,ASSLVSSGSNEQF,4
TRBV7-9,TRBJ2-1,ASSLVSSGSNYEQF,1
TRBV7-9,TRBJ2-1,ASSLVSSGSRTYEQF,1
TRBV7-9,TRBJ2-1,ASSLVSSGSSEQF,9
TRBV7-9,TRBJ2-1,ASSLVSSGSSNEQF,1
TRBV7-9,TRBJ2-1,ASSLVSSGSWQSDNEQF,1
TRBV7-9,TRBJ2-1,ASSLVSSGSYEQF,1
TRBV7-9,TRBJ2-1,ASSLVSSGSYNEQF,10
TRBV7-9,TRBJ2-1,ASSLVSSGSYYEQF,1
TRBV7-9,TRBJ2-1,ASSLVSSGTGADEQF,1
TRBV7-9,TRBJ2-1,ASSLVSSGTGVRNEQF,1
TRBV7-9,TRBJ2-1,ASSLVSSGTLYNEQF,1
TRBV7-9,TRBJ2-1,ASSLVSSGTNEQF,1
TRBV7-9,TRBJ2-1,ASSLVSSGTYKEQF,1
TRBV7-9,TRBJ2-1,ASSLVSSGTYNEQF,4
TRBV7-9,TRBJ2-1,ASSLVSSGVAFLRGEQF,1
TRBV7-9,TRBJ2-1,ASSLVSSGVSSYNEQF,1
TRBV7-9,TRBJ2-1,ASSLVSSGVYNEQF,10
TRBV7-9,TRBJ2-1,ASSLVSSGWMSSYNEQF,1
TRBV7-9,TRBJ2-1,ASSLVSSGYEQF,6
TRBV7-9,TRBJ2-1,ASSLVSSGYNEQF,8
TRBV7-9,TRBJ2-1,ASSLVSSGYSYNEQF,2
TRBV7-9,TRBJ2-1,ASSLVSSHNEQF,10
TRBV7-9,TRBJ2-1,ASSLVSSIAEQF,5
TRBV7-9,TRBJ2-1,ASSLVSSIDEQF,6
TRBV7-9,TRBJ2-1,ASSLVSSIEQF,1
TRBV7-9,TRBJ2-1,ASSLVSSIGNEQF,1
TRBV7-9,TRBJ2-1,ASSLVSSIHEQF,1
TRBV7-9,TRBJ2-1,ASSLVSSINEQF,1
TRBV7-9,TRBJ2-1,ASSLVSSISYNEQF,5
TRBV7-9,TRBJ2-1,ASSLVSSISYNEQL,1
TRBV7-9,TRBJ2-1,ASSLVSSLARVNNEQF,1
TRBV7-9,TRBJ2-1,ASSLVSSLDEQC,1
TRBV7-9,TRBJ2-1,ASSLVSSLEQF,6
TRBV7-9,TRBJ2-1,ASSLVSSLGVNSYNEQF,1
TRBV7-9,TRBJ2-1,ASSLVSSLNNEQF,1
TRBV7-9,TRBJ2-1,ASSLVSSLYNEQF,14
TRBV7-9,TRBJ2-1,ASSLVSSNEQC,2
TRBV7-9,TRBJ2-1,ASSLVSSNEQF,33
TRBV7-9,TRBJ2-1,ASSLVSSNNEQF,3
TRBV7-9,TRBJ2-1,ASSLVSSNRYNEQF,1
TRBV7-9,TRBJ2-1,ASSLVSSPELF,5
TRBV7-9,TRBJ2-1,ASSLVSSPGYHNEQF,1
TRBV7-9,TRBJ2-1,ASSLVSSPGYNEQF,1
TRBV7-9,TRBJ2-1,ASSLVSSPSYNEQF,1
TRBV7-9,TRBJ2-1,ASSLVSSQGNEQF,1
TRBV7-9,TRBJ2-1,ASSLVSSQNEQF,1
TRBV7-9,TRBJ2-1,ASSLVSSQRHEQF,1
TRBV7-9,TRBJ2-1,ASSLVSSRDEQF,1
TRBV7-9,TRBJ2-1,ASSLVSSRLAGTYNEQF,1
TRBV7-9,TRBJ2-1,ASSLVSSRNNEQF,1
TRBV7-9,TRBJ2-1,ASSLVSSRSSEQF,1
TRBV7-9,TRBJ2-1,ASSLVSSRSSYNEQF,1
TRBV7-9,TRBJ2-1,ASSLVSSRYEQF,1
TRBV7-9,TRBJ2-1,ASSLVSSRYNEQF,2
TRBV7-9,TRBJ2-1,ASSLVSSSDNEQF,1
TRBV7-9,TRBJ2-1,ASSLVSSSGNEQF,1
TRBV7-9,TRBJ2-1,ASSLVSSSINEQF,1
TRBV7-9,TRBJ2-1,ASSLVSSSNEQF,1
TRBV7-9,TRBJ2-1,ASSLVSSSSYNEQF,13
TRBV7-9,TRBJ2-1,ASSLVSSSYNEHF,1
TRBV7-9,TRBJ2-1,ASSLVSSSYNEQF,41
TRBV7-9,TRBJ2-1,ASSLVSSSYNKQF,1
TRBV7-9,TRBJ2-1,ASSLVSSSYNLQF,1
TRBV7-9,TRBJ2-1,ASSLVSSTLAGGGNEQF,5
TRBV7-9,TRBJ2-1,ASSLVSSTYNEQF,2
TRBV7-9,TRBJ2-1,ASSLVSSVHEQF,1
TRBV7-9,TRBJ2-1,ASSLVSSVRDEQF,1
TRBV7-9,TRBJ2-1,ASSLVSSVRTYNEQF,1
TRBV7-9,TRBJ2-1,ASSLVSSWGNEQF,1
TRBV7-9,TRBJ2-1,ASSLVSSWNEQF,1
TRBV7-9,TRBJ2-1,ASSLVSSWNNEQF,1
TRBV7-9,TRBJ2-1,ASSLVSSYEQF,1
TRBV7-9,TRBJ2-1,ASSLVSSYNEQF,53
TRBV7-9,TRBJ2-1,ASSLVSTASAYEHF,1
TRBV7-9,TRBJ2-1,ASSLVSTASAYEQF,7
TRBV7-9,TRBJ2-1,ASSLVSTAYNMQV,1
TRBV7-9,TRBJ2-1,ASSLVSTDEQF,2
TRBV7-9,TRBJ2-1,ASSLVSTEQF,3
TRBV7-9,TRBJ2-1,ASSLVSTFYNEQC,1
TRBV7-9,TRBJ2-1,ASSLVSTFYNEQF,6
TRBV7-9,TRBJ2-1,ASSLVSTGATLNEQF,1
TRBV7-9,TRBJ2-1,ASSLVSTGDEQF,1
TRBV7-9,TRBJ2-1,ASSLVSTGDNEQF,9
TRBV7-9,TRBJ2-1,ASSLVSTGEAYNEQF,1
TRBV7-9,TRBJ2-1,ASSLVSTGGSYNEQF,1
TRBV7-9,TRBJ2-1,ASSLVSTGGYNEQF,1
TRBV7-9,TRBJ2-1,ASSLVSTGILGEQF,16
TRBV7-9,TRBJ2-1,ASSLVSTGIYNEQF,1
TRBV7-9,TRBJ2-1,ASSLVSTGNEQF,7
TRBV7-9,TRBJ2-1,ASSLVSTGVNEQF,3
TRBV7-9,TRBJ2-1,ASSLVSTHNEQF,1
TRBV7-9,TRBJ2-1,ASSLVSTLGNNEQF,2
TRBV7-9,TRBJ2-1,ASSLVSTNEQF,7
TRBV7-9,TRBJ2-1,ASSLVSTPEQF,5
TRBV7-9,TRBJ2-1,ASSLVSTPYNEQF,1
TRBV7-9,TRBJ2-1,ASSLVSTRD,1
TRBV7-9,TRBJ2-1,ASSLVSTRVRGGYNEQF,1
TRBV7-9,TRBJ2-1,ASSLVSTSGEYNEQF,1
TRBV7-9,TRBJ2-1,ASSLVSTSGIGNEQF,1
TRBV7-9,TRBJ2-1,ASSLVSTSGIMNEQF,1
TRBV7-9,TRBJ2-1,ASSLVSTSGRNEQF,1
TRBV7-9,TRBJ2-1,ASSLVSTSGRSNEQF,1
TRBV7-9,TRBJ2-1,ASSLVSTSGRSSYNEQF,1
TRBV7-9,TRBJ2-1,ASSLVSTSGSFGNEQF,1
TRBV7-9,TRBJ2-1,ASSLVSTSGSHEQF,8
TRBV7-9,TRBJ2-1,ASSLVSTSGSYNEQF,9
TRBV7-9,TRBJ2-1,ASSLVSTSGVNSYNEQF,1
TRBV7-9,TRBJ2-1,ASSLVSTSGVYNEQF,1
TRBV7-9,TRBJ2-1,ASSLVSTSGYNEQF,1
TRBV7-9,TRBJ2-1,ASSLVSTSLIGI,1
TRBV7-9,TRBJ2-1,ASSLVSTSNEQF,1
TRBV7-9,TRBJ2-1,ASSLVSTSVYNEQF,3
TRBV7-9,TRBJ2-1,ASSLVSTSYNEQF,8
TRBV7-9,TRBJ2-1,ASSLVSTTNEQF,1
TRBV7-9,TRBJ2-1,ASSLVSTVHNEQF,1
TRBV7-9,TRBJ2-1,ASSLVSTVNEQF,1
TRBV7-9,TRBJ2-1,ASSLVSTVSYNEQF,14
TRBV7-9,TRBJ2-1,ASSLVSTVYYNEQF,1
TRBV7-9,TRBJ2-1,ASSLVSTWEYNEQF,1
TRBV7-9,TRBJ2-1,ASSLVSTWGYNEQF,12
TRBV7-9,TRBJ2-1,ASSLVSTYNEQF,5
TRBV7-9,TRBJ2-1,ASSLVSVADNEQF,1
TRBV7-9,TRBJ2-1,ASSLVSVADNKQF,1
TRBV7-9,TRBJ2-1,ASSLVSVAFNEQF,1
TRBV7-9,TRBJ2-1,ASSLVSVAGYNEQF,1
TRBV7-9,TRBJ2-1,ASSLVSVANEQF,1
TRBV7-9,TRBJ2-1,ASSLVSVAQNEQV,1
TRBV7-9,TRBJ2-1,ASSLVSVAYIEQF,1
TRBV7-9,TRBJ2-1,ASSLVSVAYKEQF,2
TRBV7-9,TRBJ2-1,ASSLVSVAYKEQS,1
TRBV7-9,TRBJ2-1,ASSLVSVAYNDQF,1
TRBV7-9,TRBJ2-1,ASSLVSVAYNEQF,19
TRBV7-9,TRBJ2-1,ASSLVSVAYNEQL,1
TRBV7-9,TRBJ2-1,ASSLVSVAYNEQV,1
TRBV7-9,TRBJ2-1,ASSLVSVAYNVQF,4
TRBV7-9,TRBJ2-1,ASSLVSVAYNVQS,1
TRBV7-9,TRBJ2-1,ASSLVSVAYSERL,1
TRBV7-9,TRBJ2-1,ASSLVSVDEQF,16
TRBV7-9,TRBJ2-1,ASSLVSVDYNEQF,2
TRBV7-9,TRBJ2-1,ASSLVSVEEQF,1
TRBV7-9,TRBJ2-1,ASSLVSVEGHNEQF,2
TRBV7-9,TRBJ2-1,ASSLVSVEGSYNEQF,1
TRBV7-9,TRBJ2-1,ASSLVSVEGYSYNEQF,1
TRBV7-9,TRBJ2-1,ASSLVSVEQF,4
TRBV7-9,TRBJ2-1,ASSLVSVGAYNEQF,1
TRBV7-9,TRBJ2-1,ASSLVSVGDEQF,12
TRBV7-9,TRBJ2-1,ASSLVSVGDNEQF,1
TRBV7-9,TRBJ2-1,ASSLVSVGGGNEQF,1
TRBV7-9,TRBJ2-1,ASSLVSVGISSYNEQF,1
TRBV7-9,TRBJ2-1,ASSLVSVGLDNEQF,1
TRBV7-9,TRBJ2-1,ASSLVSVGPYNEQF,1
TRBV7-9,TRBJ2-1,ASSLVSVGSSYNEQF,1
TRBV7-9,TRBJ2-1,ASSLVSVGTGLNEQF,1
TRBV7-9,TRBJ2-1,ASSLVSVGTGNYNEPF,1
TRBV7-9,TRBJ2-1,ASSLVSVGTGNYNEQF,10
TRBV7-9,TRBJ2-1,ASSLVSVGTRDNEQF,1
TRBV7-9,TRBJ2-1,ASSLVSVGYNEQF,1
TRBV7-9,TRBJ2-1,ASSLVSVGYNVQF,2
TRBV7-9,TRBJ2-1,ASSLVSVHEQF,1
TRBV7-9,TRBJ2-1,ASSLVSVIHNEQF,1
TRBV7-9,TRBJ2-1,ASSLVSVKMDEQF,4
TRBV7-9,TRBJ2-1,ASSLVSVLAENNEQF,1
TRBV7-9,TRBJ2-1,ASSLVSVLDNEQF,1
TRBV7-9,TRBJ2-1,ASSLVSVLYNEQF,12
TRBV7-9,TRBJ2-1,ASSLVSVMRRGGYNEQF,1
TRBV7-9,TRBJ2-1,ASSLVSVNEQF,4
TRBV7-9,TRBJ2-1,ASSLVSVNNEQF,1
TRBV7-9,TRBJ2-1,ASSLVSVPYNEQF,2
TRBV7-9,TRBJ2-1,ASSLVSVRFNEQF,1
TRBV7-9,TRBJ2-1,ASSLVSVRGGNEQF,11
TRBV7-9,TRBJ2-1,ASSLVSVRLAVSRSYNEQF,17
TRBV7-9,TRBJ2-1,ASSLVSVRLAVSRSYNVQF,1
TRBV7-9,TRBJ2-1,ASSLVSVRNEQF,1
TRBV7-9,TRBJ2-1,ASSLVSVSENEQF,1
TRBV7-9,TRBJ2-1,ASSLVSVSRSYNEQF,1
TRBV7-9,TRBJ2-1,ASSLVSVSRTHNEQF,1
TRBV7-9,TRBJ2-1,ASSLVSVVGQGWDEQF,1
TRBV7-9,TRBJ2-1,ASSLVSVYNEEF,1
TRBV7-9,TRBJ2-1,ASSLVSVYNEQF,33
TRBV7-9,TRBJ2-1,ASSLVSWAYNDNF,1
TRBV7-9,TRBJ2-1,ASSLVSWAYNEQF,4
TRBV7-9,TRBJ2-1,ASSLVSWAYNGQF,1
TRBV7-9,TRBJ2-1,ASSLVSWDEQF,1
TRBV7-9,TRBJ2-1,ASSLVSWDNEQF,1
TRBV7-9,TRBJ2-1,ASSLVSWDRGHEQF,1
TRBV7-9,TRBJ2-1,ASSLVSWEATYEQF,1
TRBV7-9,TRBJ2-1,ASSLVSWEEQF,6
TRBV7-9,TRBJ2-1,ASSLVSWEIDNEQF,1
TRBV7-9,TRBJ2-1,ASSLVSWEQF,5
TRBV7-9,TRBJ2-1,ASSLVSWERVHNEQF,1
TRBV7-9,TRBJ2-1,ASSLVSWGALEQF,3
TRBV7-9,TRBJ2-1,ASSLVSWGANYNEQF,4
TRBV7-9,TRBJ2-1,ASSLVSWGKDEQF,1
TRBV7-9,TRBJ2-1,ASSLVSWGSYNEQF,8
TRBV7-9,TRBJ2-1,ASSLVSWGWVDEQF,1
TRBV7-9,TRBJ2-1,ASSLVSWGYEQF,1
TRBV7-9,TRBJ2-1,ASSLVSWHEQF,3
TRBV7-9,TRBJ2-1,ASSLVSWKFYNAQF,1
TRBV7-9,TRBJ2-1,ASSLVSWLAGAHEQF,1
TRBV7-9,TRBJ2-1,ASSLVSWLSNEQF,1
TRBV7-9,TRBJ2-1,ASSLVSWNHYNEQF,1
TRBV7-9,TRBJ2-1,ASSLVSWQFYNEQF,3
TRBV7-9,TRBJ2-1,ASSLVSWRENYNEQF,1
TRBV7-9,TRBJ2-1,ASSLVSWREVISYNEQF,1
TRBV7-9,TRBJ2-1,ASSLVSWRGLYNEQF,1
TRBV7-9,TRBJ2-1,ASSLVSWSEQF,1
TRBV7-9,TRBJ2-1,ASSLVSWSGGGNEQF,1
TRBV7-9,TRBJ2-1,ASSLVSWSSYNEQF,4
TRBV7-9,TRBJ2-1,ASSLVSWTGANNEQC,1
TRBV7-9,TRBJ2-1,ASSLVSWTPARNEQF,1
TRBV7-9,TRBJ2-1,ASSLVSWTSGRASDEQF,1
TRBV7-9,TRBJ2-1,ASSLVSWTVRYNEQF,1
TRBV7-9,TRBJ2-1,ASSLVSWVDEQF,7
TRBV7-9,TRBJ2-1,ASSLVSYADSEQF,1
TRBV7-9,TRBJ2-1,ASSLVSYAQPSWDEQF,8
TRBV7-9,TRBJ2-1,ASSLVSYAYNEQF,1
TRBV7-9,TRBJ2-1,ASSLVSYEHF,1
TRBV7-9,TRBJ2-1,ASSLVSYEQF,32
TRBV7-9,TRBJ2-1,ASSLVSYGERNEQF,10
TRBV7-9,TRBJ2-1,ASSLVSYGSPYNEQF,1
TRBV7-9,TRBJ2-1,ASSLVSYGSSSNEQF,1
TRBV7-9,TRBJ2-1,ASSLVSYGSSYDEQF,1
TRBV7-9,TRBJ2-1,ASSLVSYGSSYHEQF,1
TRBV7-9,TRBJ2-1,ASSLVSYGSSYNEQF,86
TRBV7-9,TRBJ2-1,ASSLVSYGSSYNVQF,1
TRBV7-9,TRBJ2-1,ASSLVSYGSYYNEQF,1
TRBV7-9,TRBJ2-1,ASSLVSYHNEQF,1
TRBV7-9,TRBJ2-1,ASSLVSYHNNEQF,2
TRBV7-9,TRBJ2-1,ASSLVSYKNNEQF,1
TRBV7-9,TRBJ2-1,ASSLVSYLQF,9
TRBV7-9,TRBJ2-1,ASSLVSYNAQF,1
TRBV7-9,TRBJ2-1,ASSLVSYNDQF,1
TRBV7-9,TRBJ2-1,ASSLVSYNEQF,173
TRBV7-9,TRBJ2-1,ASSLVSYNEQS,1
TRBV7-9,TRBJ2-1,ASSLVSYNNEQF,1
TRBV7-9,TRBJ2-1,ASSLVSYNPLYNEQF,3
TRBV7-9,TRBJ2-1,ASSLVSYPDDEQF,1
TRBV7-9,TRBJ2-1,ASSLVSYQNNEQF,13
TRBV7-9,TRBJ2-1,ASSLVSYQNNEQI,1
TRBV7-9,TRBJ2-1,ASSLVSYRESSYNEQF,1
TRBV7-9,TRBJ2-1,ASSLVSYRGRNNEQF,3
TRBV7-9,TRBJ2-1,ASSLVSYRNEQF,1
TRBV7-9,TRBJ2-1,ASSLVSYSEQF,3
TRBV7-9,TRBJ2-1,ASSLVSYSIGFDEQF,1
TRBV7-9,TRBJ2-1,ASSLVSYSNNEQF,1
TRBV7-9,TRBJ2-1,ASSLVSYSSPSYNEQF,1
TRBV7-9,TRBJ2-1,ASSLVSYSSSYNEQF,1
TRBV7-9,TRBJ2-1,ASSLVSYWDGFYNEQF,1
TRBV7-9,TRBJ2-1,ASSLVTAACNAQF,1
TRBV7-9,TRBJ2-1,ASSLVTAACNELF,1
TRBV7-9,TRBJ2-1,ASSLVTAADNDQF,1
TRBV7-9,TRBJ2-1,ASSLVTAADNEQF,3
TRBV7-9,TRBJ2-1,ASSLVTAADNVQF,1
TRBV7-9,TRBJ2-1,ASSLVTAAENEQF,1
TRBV7-9,TRBJ2-1,ASSLVTAAHNEQF,2
TRBV7-9,TRBJ2-1,ASSLVTAAHNGQF,1
TRBV7-9,TRBJ2-1,ASSLVTAAKNEQY,1
TRBV7-9,TRBJ2-1,ASSLVTAANEQF,2
TRBV7-9,TRBJ2-1,ASSLVTAAPYNEQF,1
TRBV7-9,TRBJ2-1,ASSLVTAAQNEQF,1
TRBV7-9,TRBJ2-1,ASSLVTAASNEQF,1
TRBV7-9,TRBJ2-1,ASSLVTAAYDEQF,1
TRBV7-9,TRBJ2-1,ASSLVTAAYDGQC,1
TRBV7-9,TRBJ2-1,ASSLVTAAYHDQY,1
TRBV7-9,TRBJ2-1,ASSLVTAAYHEQF,1
TRBV7-9,TRBJ2-1,ASSLVTAAYIEPF,1
TRBV7-9,TRBJ2-1,ASSLVTAAYIEQF,1
TRBV7-9,TRBJ2-1,ASSLVTAAYKEEF,2
TRBV7-9,TRBJ2-1,ASSLVTAAYKEQF,10
TRBV7-9,TRBJ2-1,ASSLVTAAYKEQY,1
TRBV7-9,TRBJ2-1,ASSLVTAAYNAPF,1
TRBV7-9,TRBJ2-1,ASSLVTAAYNAQF,2
TRBV7-9,TRBJ2-1,ASSLVTAAYNAQV,1
TRBV7-9,TRBJ2-1,ASSLVTAAYNDQF,5
TRBV7-9,TRBJ2-1,ASSLVTAAYNEDY,1
TRBV7-9,TRBJ2-1,ASSLVTAAYNEHF,3
TRBV7-9,TRBJ2-1,ASSLVTAAYNEKF,2
TRBV7-9,TRBJ2-1,ASSLVTAAYNEKV,1
TRBV7-9,TRBJ2-1,ASSLVTAAYNELF,1
TRBV7-9,TRBJ2-1,ASSLVTAAYNENF,1
TRBV7-9,TRBJ2-1,ASSLVTAAYNEPF,1
TRBV7-9,TRBJ2-1,ASSLVTAAYNEQC,4
TRBV7-9,TRBJ2-1,ASSLVTAAYNEQF,168
TRBV7-9,TRBJ2-1,ASSLVTAAYNEQL,1
TRBV7-9,TRBJ2-1,ASSLVTAAYNEQV,6
TRBV7-9,TRBJ2-1,ASSLVTAAYNEQY,4
TRBV7-9,TRBJ2-1,ASSLVTAAYNGQF,3
TRBV7-9,TRBJ2-1,ASSLVTAAYNKQF,3
TRBV7-9,TRBJ2-1,ASSLVTAAYNKQL,1
TRBV7-9,TRBJ2-1,ASSLVTAAYNVQF,1
TRBV7-9,TRBJ2-1,ASSLVTAAYRGQF,1
TRBV7-9,TRBJ2-1,ASSLVTAAYSEQC,1
TRBV7-9,TRBJ2-1,ASSLVTAAYTEKF,1
TRBV7-9,TRBJ2-1,ASSLVTAAYTEQF,2
TRBV7-9,TRBJ2-1,ASSLVTAAYTVQF,1
TRBV7-9,TRBJ2-1,ASSLVTAAYYEKF,1
TRBV7-9,TRBJ2-1,ASSLVTAAYYEQF,1
TRBV7-9,TRBJ2-1,ASSLVTAAYYGQF,1
TRBV7-9,TRBJ2-1,ASSLVTADNEQF,1
TRBV7-9,TRBJ2-1,ASSLVTADRGRNEQF,3
TRBV7-9,TRBJ2-1,ASSLVTADYNEQF,3
TRBV7-9,TRBJ2-1,ASSLVTAESYNEQF,1
TRBV7-9,TRBJ2-1,ASSLVTAGAYKEQF,1
TRBV7-9,TRBJ2-1,ASSLVTAGAYNEQF,16
TRBV7-9,TRBJ2-1,ASSLVTAGDNEQF,1
TRBV7-9,TRBJ2-1,ASSLVTAGDSEQF,1
TRBV7-9,TRBJ2-1,ASSLVTAGGNFNEQF,1
TRBV7-9,TRBJ2-1,ASSLVTAGIYAQF,1
TRBV7-9,TRBJ2-1,ASSLVTAGIYEQF,12
TRBV7-9,TRBJ2-1,ASSLVTAGKNEQF,1
TRBV7-9,TRBJ2-1,ASSLVTAGKVDEHF,1
TRBV7-9,TRBJ2-1,ASSLVTAGLNEQF,1
TRBV7-9,TRBJ2-1,ASSLVTAGLNFEQF,4
TRBV7-9,TRBJ2-1,ASSLVTAGNEQF,4
TRBV7-9,TRBJ2-1,ASSLVTAGPNEQF,1
TRBV7-9,TRBJ2-1,ASSLVTAGPSSYNEQF,6
TRBV7-9,TRBJ2-1,ASSLVTAGRIDEQF,1
TRBV7-9,TRBJ2-1,ASSLVTAGRNNEQF,4
TRBV7-9,TRBJ2-1,ASSLVTAGSNEQF,14
TRBV7-9,TRBJ2-1,ASSLVTAGTGPRAGTYNEQF,5
TRBV7-9,TRBJ2-1,ASSLVTAGTSVNEQF,1
TRBV7-9,TRBJ2-1,ASSLVTAGVGNEQF,1
TRBV7-9,TRBJ2-1,ASSLVTAGVNEQF,1
TRBV7-9,TRBJ2-1,ASSLVTAGVYNEQF,13
TRBV7-9,TRBJ2-1,ASSLVTAGWPGAYNEQF,1
TRBV7-9,TRBJ2-1,ASSLVTAGYNAQC,1
TRBV7-9,TRBJ2-1,ASSLVTAGYNEQF,5
TRBV7-9,TRBJ2-1,ASSLVTAHEQF,1
TRBV7-9,TRBJ2-1,ASSLVTAHNEQF,1
TRBV7-9,TRBJ2-1,ASSLVTAILSFDEQF,1
TRBV7-9,TRBJ2-1,ASSLVTAINTYNEQF,1
TRBV7-9,TRBJ2-1,ASSLVTALGNEQF,4
TRBV7-9,TRBJ2-1,ASSLVTAMGDNEQF,1
TRBV7-9,TRBJ2-1,ASSLVTANEQF,2
TRBV7-9,TRBJ2-1,ASSLVTANNEQF,4
TRBV7-9,TRBJ2-1,ASSLVTAPTDEQF,1
TRBV7-9,TRBJ2-1,ASSLVTARDNEQF,6
TRBV7-9,TRBJ2-1,ASSLVTARNNEQF,1
TRBV7-9,TRBJ2-1,ASSLVTARPNEQF,1
TRBV7-9,TRBJ2-1,ASSLVTASGDYNEQF,1
TRBV7-9,TRBJ2-1,ASSLVTASGNEQF,1
TRBV7-9,TRBJ2-1,ASSLVTASKF,9
TRBV7-9,TRBJ2-1,ASSLVTASNEQF,3
TRBV7-9,TRBJ2-1,ASSLVTASYNEQF,6
TRBV7-9,TRBJ2-1,ASSLVTASYTEQF,1
TRBV7-9,TRBJ2-1,ASSLVTATYNEQF,1
TRBV7-9,TRBJ2-1,ASSLVTAVHNEQF,1
TRBV7-9,TRBJ2-1,ASSLVTAVNEQF,1
TRBV7-9,TRBJ2-1,ASSLVTAVRNYNEQF,1
TRBV7-9,TRBJ2-1,ASSLVTAVYIEQF,1
TRBV7-9,TRBJ2-1,ASSLVTAVYNAQC,1
TRBV7-9,TRBJ2-1,ASSLVTAVYNDQF,1
TRBV7-9,TRBJ2-1,ASSLVTAVYNEQA,1
TRBV7-9,TRBJ2-1,ASSLVTAVYNEQF,1
TRBV7-9,TRBJ2-1,ASSLVTAVYNEQV,1
TRBV7-9,TRBJ2-1,ASSLVTAVYNLTF,1
TRBV7-9,TRBJ2-1,ASSLVTAYKEQF,1
TRBV7-9,TRBJ2-1,ASSLVTAYNEQF,49
TRBV7-9,TRBJ2-1,ASSLVTAYNEQL,1
TRBV7-9,TRBJ2-1,ASSLVTAYNEQV,1
TRBV7-9,TRBJ2-1,ASSLVTDACKEQI,1
TRBV7-9,TRBJ2-1,ASSLVTDADNAQF,1
TRBV7-9,TRBJ2-1,ASSLVTDADNEKF,2
TRBV7-9,TRBJ2-1,ASSLVTDADNENF,1
TRBV7-9,TRBJ2-1,ASSLVTDADNEQF,4
TRBV7-9,TRBJ2-1,ASSLVTDADNEQI,1
TRBV7-9,TRBJ2-1,ASSLVTDADNETF,1
TRBV7-9,TRBJ2-1,ASSLVTDAEDEQF,1
TRBV7-9,TRBJ2-1,ASSLVTDAHNEQF,2
TRBV7-9,TRBJ2-1,ASSLVTDAHTEQF,1
TRBV7-9,TRBJ2-1,ASSLVTDANNEKF,2
TRBV7-9,TRBJ2-1,ASSLVTDASKEQF,1
TRBV7-9,TRBJ2-1,ASSLVTDASNAQF,1
TRBV7-9,TRBJ2-1,ASSLVTDASNEQF,3
TRBV7-9,TRBJ2-1,ASSLVTDAYDDQF,1
TRBV7-9,TRBJ2-1,ASSLVTDAYDEEF,1
TRBV7-9,TRBJ2-1,ASSLVTDAYDEQF,2
TRBV7-9,TRBJ2-1,ASSLVTDAYDEQI,1
TRBV7-9,TRBJ2-1,ASSLVTDAYHDQF,1
TRBV7-9,TRBJ2-1,ASSLVTDAYHEHF,1
TRBV7-9,TRBJ2-1,ASSLVTDAYHEQF,7
TRBV7-9,TRBJ2-1,ASSLVTDAYHEQV,1
TRBV7-9,TRBJ2-1,ASSLVTDAYHNQF,1
TRBV7-9,TRBJ2-1,ASSLVTDAYIAQF,1
TRBV7-9,TRBJ2-1,ASSLVTDAYIEQF,1
TRBV7-9,TRBJ2-1,ASSLVTDAYKEHF,1
TRBV7-9,TRBJ2-1,ASSLVTDAYKEQF,8
TRBV7-9,TRBJ2-1,ASSLVTDAYKEQV,1
TRBV7-9,TRBJ2-1,ASSLVTDAYKEQY,1
TRBV7-9,TRBJ2-1,ASSLVTDAYNAEF,1
TRBV7-9,TRBJ2-1,ASSLVTDAYNANF,1
TRBV7-9,TRBJ2-1,ASSLVTDAYNAQF,3
TRBV7-9,TRBJ2-1,ASSLVTDAYNDEF,1
TRBV7-9,TRBJ2-1,ASSLVTDAYNDHF,1
TRBV7-9,TRBJ2-1,ASSLVTDAYNDHV,1
TRBV7-9,TRBJ2-1,ASSLVTDAYNDPC,1
TRBV7-9,TRBJ2-1,ASSLVTDAYNDQF,13
TRBV7-9,TRBJ2-1,ASSLVTDAYNEEF,2
TRBV7-9,TRBJ2-1,ASSLVTDAYNEHF,14
TRBV7-9,TRBJ2-1,ASSLVTDAYNEHV,1
TRBV7-9,TRBJ2-1,ASSLVTDAYNEKF,7
TRBV7-9,TRBJ2-1,ASSLVTDAYNEKI,1
TRBV7-9,TRBJ2-1,ASSLVTDAYNELV,1
TRBV7-9,TRBJ2-1,ASSLVTDAYNEPF,5
TRBV7-9,TRBJ2-1,ASSLVTDAYNEPL,1
TRBV7-9,TRBJ2-1,ASSLVTDAYNEPV,1
TRBV7-9,TRBJ2-1,ASSLVTDAYNEQD,1
TRBV7-9,TRBJ2-1,ASSLVTDAYNEQF,323
TRBV7-9,TRBJ2-1,ASSLVTDAYNEQI,1
TRBV7-9,TRBJ2-1,ASSLVTDAYNEQL,2
TRBV7-9,TRBJ2-1,ASSLVTDAYNEQS,1
TRBV7-9,TRBJ2-1,ASSLVTDAYNEQV,7
TRBV7-9,TRBJ2-1,ASSLVTDAYNEQY,3
TRBV7-9,TRBJ2-1,ASSLVTDAYNGQF,1
TRBV7-9,TRBJ2-1,ASSLVTDAYNKNF,1
TRBV7-9,TRBJ2-1,ASSLVTDAYNKQF,3
TRBV7-9,TRBJ2-1,ASSLVTDAYNKQV,1
TRBV7-9,TRBJ2-1,ASSLVTDAYNLLF,1
TRBV7-9,TRBJ2-1,ASSLVTDAYNQQC,1
TRBV7-9,TRBJ2-1,ASSLVTDAYNQQF,1
TRBV7-9,TRBJ2-1,ASSLVTDAYNSQV,1
TRBV7-9,TRBJ2-1,ASSLVTDAYNVKF,1
TRBV7-9,TRBJ2-1,ASSLVTDAYNVQF,6
TRBV7-9,TRBJ2-1,ASSLVTDAYNVQV,1
TRBV7-9,TRBJ2-1,ASSLVTDAYNYQF,1
TRBV7-9,TRBJ2-1,ASSLVTDAYTEKF,1
TRBV7-9,TRBJ2-1,ASSLVTDAYTEQF,2
TRBV7-9,TRBJ2-1,ASSLVTDAYTEQV,2
TRBV7-9,TRBJ2-1,ASSLVTDAYTKQF,1
TRBV7-9,TRBJ2-1,ASSLVTDAYYDQF,1
TRBV7-9,TRBJ2-1,ASSLVTDAYYEQF,1
TRBV7-9,TRBJ2-1,ASSLVTDDNEQF,1
TRBV7-9,TRBJ2-1,ASSLVTDDYNEQF,8
TRBV7-9,TRBJ2-1,ASSLVTDDYNTQF,1
TRBV7-9,TRBJ2-1,ASSLVTDEQF,9
TRBV7-9,TRBJ2-1,ASSLVTDEYNEQF,2
TRBV7-9,TRBJ2-1,ASSLVTDGNKEQS,1
TRBV7-9,TRBJ2-1,ASSLVTDGSHEQF,5
TRBV7-9,TRBJ2-1,ASSLVTDGYKDEF,1
TRBV7-9,TRBJ2-1,ASSLVTDGYSEQF,1
TRBV7-9,TRBJ2-1,ASSLVTDINNEQF,1
TRBV7-9,TRBJ2-1,ASSLVTDLTRF,10
TRBV7-9,TRBJ2-1,ASSLVTDNEQF,26
TRBV7-9,TRBJ2-1,ASSLVTDPYNELF,1
TRBV7-9,TRBJ2-1,ASSLVTDPYNKQF,1
TRBV7-9,TRBJ2-1,ASSLVTDSFNEHF,1
TRBV7-9,TRBJ2-1,ASSLVTDSLNRQF,5
TRBV7-9,TRBJ2-1,ASSLVTDSRMYNEQF,1
TRBV7-9,TRBJ2-1,ASSLVTDSYIDQF,1
TRBV7-9,TRBJ2-1,ASSLVTDSYNDQF,1
TRBV7-9,TRBJ2-1,ASSLVTDSYNEHF,1
TRBV7-9,TRBJ2-1,ASSLVTDSYNEPF,1
TRBV7-9,TRBJ2-1,ASSLVTDSYNEQF,14
TRBV7-9,TRBJ2-1,ASSLVTDSYNVQF,3
TRBV7-9,TRBJ2-1,ASSLVTDSYTEPF,1
TRBV7-9,TRBJ2-1,ASSLVTDTSEQF,6
TRBV7-9,TRBJ2-1,ASSLVTDTYNEKF,1
TRBV7-9,TRBJ2-1,ASSLVTDTYNEQF,2
TRBV7-9,TRBJ2-1,ASSLVTDTYNEQV,1
TRBV7-9,TRBJ2-1,ASSLVTDVDNEQF,1
TRBV7-9,TRBJ2-1,ASSLVTDVNEQF,1
TRBV7-9,TRBJ2-1,ASSLVTDVYDAQF,1
TRBV7-9,TRBJ2-1,ASSLVTDVYIEQF,1
TRBV7-9,TRBJ2-1,ASSLVTDVYNEHF,1
TRBV7-9,TRBJ2-1,ASSLVTDVYNEQF,9
TRBV7-9,TRBJ2-1,ASSLVTDVYNEQV,2
TRBV7-9,TRBJ2-1,ASSLVTDVYNKQF,1
TRBV7-9,TRBJ2-1,ASSLVTDVYNVQF,1
TRBV7-9,TRBJ2-1,ASSLVTDYNELF,1
TRBV7-9,TRBJ2-1,ASSLVTDYNEQF,28
TRBV7-9,TRBJ2-1,ASSLVTEAANEQF,2
TRBV7-9,TRBJ2-1,ASSLVTEACDEQF,1
TRBV7-9,TRBJ2-1,ASSLVTEACDEQY,1
TRBV7-9,TRBJ2-1,ASSLVTEACKEQF,1
TRBV7-9,TRBJ2-1,ASSLVTEACNDQF,1
TRBV7-9,TRBJ2-1,ASSLVTEACNEEF,1
TRBV7-9,TRBJ2-1,ASSLVTEACNEEI,1
TRBV7-9,TRBJ2-1,ASSLVTEACNEQF,5
TRBV7-9,TRBJ2-1,ASSLVTEACNGQI,1
TRBV7-9,TRBJ2-1,ASSLVTEACNQQF,1
TRBV7-9,TRBJ2-1,ASSLVTEADDEQF,2
TRBV7-9,TRBJ2-1,ASSLVTEADEEQF,1
TRBV7-9,TRBJ2-1,ASSLVTEADHEHL,1
TRBV7-9,TRBJ2-1,ASSLVTEADHVQF,1
TRBV7-9,TRBJ2-1,ASSLVTEADKAPF,1
TRBV7-9,TRBJ2-1,ASSLVTEADKELF,1
TRBV7-9,TRBJ2-1,ASSLVTEADKEQF,5
TRBV7-9,TRBJ2-1,ASSLVTEADNAPF,1
TRBV7-9,TRBJ2-1,ASSLVTEADNAQF,4
TRBV7-9,TRBJ2-1,ASSLVTEADNAQV,1
TRBV7-9,TRBJ2-1,ASSLVTEADNDKF,1
TRBV7-9,TRBJ2-1,ASSLVTEADNDQF,3
TRBV7-9,TRBJ2-1,ASSLVTEADNDQS,1
TRBV7-9,TRBJ2-1,ASSLVTEADNEEF,1
TRBV7-9,TRBJ2-1,ASSLVTEADNEHF,5
TRBV7-9,TRBJ2-1,ASSLVTEADNEKF,3
TRBV7-9,TRBJ2-1,ASSLVTEADNELF,1
TRBV7-9,TRBJ2-1,ASSLVTEADNENF,1
TRBV7-9,TRBJ2-1,ASSLVTEADNEPF,5
TRBV7-9,TRBJ2-1,ASSLVTEADNEQC,3
TRBV7-9,TRBJ2-1,ASSLVTEADNEQF,119
TRBV7-9,TRBJ2-1,ASSLVTEADNEQS,3
TRBV7-9,TRBJ2-1,ASSLVTEADNEQV,3
TRBV7-9,TRBJ2-1,ASSLVTEADNKQF,1
TRBV7-9,TRBJ2-1,ASSLVTEADNVKF,1
TRBV7-9,TRBJ2-1,ASSLVTEADNVQF,3
TRBV7-9,TRBJ2-1,ASSLVTEADTAQY,1
TRBV7-9,TRBJ2-1,ASSLVTEADTDQF,1
TRBV7-9,TRBJ2-1,ASSLVTEADTEQF,1
TRBV7-9,TRBJ2-1,ASSLVTEADYEHF,1
TRBV7-9,TRBJ2-1,ASSLVTEAEKEQV,1
TRBV7-9,TRBJ2-1,ASSLVTEAEKKQF,1
TRBV7-9,TRBJ2-1,ASSLVTEAENDQF,1
TRBV7-9,TRBJ2-1,ASSLVTEAENEQC,1
TRBV7-9,TRBJ2-1,ASSLVTEAENEQF,5
TRBV7-9,TRBJ2-1,ASSLVTEAENEQL,1
TRBV7-9,TRBJ2-1,ASSLVTEAENEQS,1
TRBV7-9,TRBJ2-1,ASSLVTEAFNEHC,1
TRBV7-9,TRBJ2-1,ASSLVTEAFNEQF,6
TRBV7-9,TRBJ2-1,ASSLVTEAFYEQF,1
TRBV7-9,TRBJ2-1,ASSLVTEAGNDQF,1
TRBV7-9,TRBJ2-1,ASSLVTEAHDEPF,1
TRBV7-9,TRBJ2-1,ASSLVTEAHDEQV,1
TRBV7-9,TRBJ2-1,ASSLVTEAHHDQF,1
TRBV7-9,TRBJ2-1,ASSLVTEAHHEQF,2
TRBV7-9,TRBJ2-1,ASSLVTEAHKEQF,1
TRBV7-9,TRBJ2-1,ASSLVTEAHNAQF,2
TRBV7-9,TRBJ2-1,ASSLVTEAHNDQF,2
TRBV7-9,TRBJ2-1,ASSLVTEAHNEHF,1
TRBV7-9,TRBJ2-1,ASSLVTEAHNEKF,2
TRBV7-9,TRBJ2-1,ASSLVTEAHNELF,1
TRBV7-9,TRBJ2-1,ASSLVTEAHNENV,1
TRBV7-9,TRBJ2-1,ASSLVTEAHNEPV,1
TRBV7-9,TRBJ2-1,ASSLVTEAHNEQF,37
TRBV7-9,TRBJ2-1,ASSLVTEAHNEQV,2
TRBV7-9,TRBJ2-1,ASSLVTEAHNETF,1
TRBV7-9,TRBJ2-1,ASSLVTEAHNGQF,2
TRBV7-9,TRBJ2-1,ASSLVTEAHNKPV,1
TRBV7-9,TRBJ2-1,ASSLVTEAHNKQF,1
TRBV7-9,TRBJ2-1,ASSLVTEAHNQQF,1
TRBV7-9,TRBJ2-1,ASSLVTEAHNVQF,2
TRBV7-9,TRBJ2-1,ASSLVTEAHTEQF,1
TRBV7-9,TRBJ2-1,ASSLVTEAHYEQF,2
TRBV7-9,TRBJ2-1,ASSLVTEAKNEQF,2
TRBV7-9,TRBJ2-1,ASSLVTEANEQF,2
TRBV7-9,TRBJ2-1,ASSLVTEANKGQW,1
TRBV7-9,TRBJ2-1,ASSLVTEANNAQF,1
TRBV7-9,TRBJ2-1,ASSLVTEANNDQC,1
TRBV7-9,TRBJ2-1,ASSLVTEANNDQF,1
TRBV7-9,TRBJ2-1,ASSLVTEANNDRC,1
TRBV7-9,TRBJ2-1,ASSLVTEANNEHF,2
TRBV7-9,TRBJ2-1,ASSLVTEANNEKF,2
TRBV7-9,TRBJ2-1,ASSLVTEANNEQF,18
TRBV7-9,TRBJ2-1,ASSLVTEANNEQV,1
TRBV7-9,TRBJ2-1,ASSLVTEANNKQF,1
TRBV7-9,TRBJ2-1,ASSLVTEANNNQF,1
TRBV7-9,TRBJ2-1,ASSLVTEANTENF,1
TRBV7-9,TRBJ2-1,ASSLVTEAQHEQC,1
TRBV7-9,TRBJ2-1,ASSLVTEAQNDKF,1
TRBV7-9,TRBJ2-1,ASSLVTEAQNEQF,2
TRBV7-9,TRBJ2-1,ASSLVTEAQNKQF,1
TRBV7-9,TRBJ2-1,ASSLVTEAQNMRV,1
TRBV7-9,TRBJ2-1,ASSLVTEAQNVQF,1
TRBV7-9,TRBJ2-1,ASSLVTEASHEQF,2
TRBV7-9,TRBJ2-1,ASSLVTEASNDQF,1
TRBV7-9,TRBJ2-1,ASSLVTEASNEHF,2
TRBV7-9,TRBJ2-1,ASSLVTEASNEKF,1
TRBV7-9,TRBJ2-1,ASSLVTEASNENV,1
TRBV7-9,TRBJ2-1,ASSLVTEASNEQC,1
TRBV7-9,TRBJ2-1,ASSLVTEASNEQF,38
TRBV7-9,TRBJ2-1,ASSLVTEASNEQL,1
TRBV7-9,TRBJ2-1,ASSLVTEASNEQV,1
TRBV7-9,TRBJ2-1,ASSLVTEASNKQF,1
TRBV7-9,TRBJ2-1,ASSLVTEASNQQF,1
TRBV7-9,TRBJ2-1,ASSLVTEASREQG,1
TRBV7-9,TRBJ2-1,ASSLVTEASSDQV,1
TRBV7-9,TRBJ2-1,ASSLVTEASTEQF,2
TRBV7-9,TRBJ2-1,ASSLVTEAWYEPF,1
TRBV7-9,TRBJ2-1,ASSLVTEAYAEQF,1
TRBV7-9,TRBJ2-1,ASSLVTEAYDAQF,1
TRBV7-9,TRBJ2-1,ASSLVTEAYDEHF,1
TRBV7-9,TRBJ2-1,ASSLVTEAYDEKV,1
TRBV7-9,TRBJ2-1,ASSLVTEAYDEPF,1
TRBV7-9,TRBJ2-1,ASSLVTEAYDEQF,26
TRBV7-9,TRBJ2-1,ASSLVTEAYDEQS,1
TRBV7-9,TRBJ2-1,ASSLVTEAYDEQV,2
TRBV7-9,TRBJ2-1,ASSLVTEAYDTQF,1
TRBV7-9,TRBJ2-1,ASSLVTEAYDTQY,1
TRBV7-9,TRBJ2-1,ASSLVTEAYDVQF,1
TRBV7-9,TRBJ2-1,ASSLVTEAYDYQF,1
TRBV7-9,TRBJ2-1,ASSLVTEAYEEQF,1
TRBV7-9,TRBJ2-1,ASSLVTEAYEVQF,1
TRBV7-9,TRBJ2-1,ASSLVTEAYGEQF,1
TRBV7-9,TRBJ2-1,ASSLVTEAYHAQF,4
TRBV7-9,TRBJ2-1,ASSLVTEAYHAQV,1
TRBV7-9,TRBJ2-1,ASSLVTEAYHDQF,5
TRBV7-9,TRBJ2-1,ASSLVTEAYHEHF,2
TRBV7-9,TRBJ2-1,ASSLVTEAYHEKF,1
TRBV7-9,TRBJ2-1,ASSLVTEAYHENF,1
TRBV7-9,TRBJ2-1,ASSLVTEAYHEPF,4
TRBV7-9,TRBJ2-1,ASSLVTEAYHEQF,93
TRBV7-9,TRBJ2-1,ASSLVTEAYHEQV,3
TRBV7-9,TRBJ2-1,ASSLVTEAYHEQY,1
TRBV7-9,TRBJ2-1,ASSLVTEAYHERF,1
TRBV7-9,TRBJ2-1,ASSLVTEAYHGQF,2
TRBV7-9,TRBJ2-1,ASSLVTEAYHKKF,1
TRBV7-9,TRBJ2-1,ASSLVTEAYHKQF,1
TRBV7-9,TRBJ2-1,ASSLVTEAYHVQF,1
TRBV7-9,TRBJ2-1,ASSLVTEAYIDEF,1
TRBV7-9,TRBJ2-1,ASSLVTEAYIDHV,1
TRBV7-9,TRBJ2-1,ASSLVTEAYIEES,1
TRBV7-9,TRBJ2-1,ASSLVTEAYIEHV,1
TRBV7-9,TRBJ2-1,ASSLVTEAYIEKF,1
TRBV7-9,TRBJ2-1,ASSLVTEAYIEPF,1
TRBV7-9,TRBJ2-1,ASSLVTEAYIEQC,1
TRBV7-9,TRBJ2-1,ASSLVTEAYIEQF,34
TRBV7-9,TRBJ2-1,ASSLVTEAYIEQI,1
TRBV7-9,TRBJ2-1,ASSLVTEAYIEQL,1
TRBV7-9,TRBJ2-1,ASSLVTEAYIEQS,1
TRBV7-9,TRBJ2-1,ASSLVTEAYIEQV,4
TRBV7-9,TRBJ2-1,ASSLVTEAYIKQF,3
TRBV7-9,TRBJ2-1,ASSLVTEAYIKQV,1
TRBV7-9,TRBJ2-1,ASSLVTEAYIQQF,1
TRBV7-9,TRBJ2-1,ASSLVTEAYIVKF,1
TRBV7-9,TRBJ2-1,ASSLVTEAYIVQF,1
TRBV7-9,TRBJ2-1,ASSLVTEAYKAEI,1
TRBV7-9,TRBJ2-1,ASSLVTEAYKAQF,5
TRBV7-9,TRBJ2-1,ASSLVTEAYKAQS,1
TRBV7-9,TRBJ2-1,ASSLVTEAYKAQV,1
TRBV7-9,TRBJ2-1,ASSLVTEAYKDKF,1
TRBV7-9,TRBJ2-1,ASSLVTEAYKDQF,3
TRBV7-9,TRBJ2-1,ASSLVTEAYKEEF,2
TRBV7-9,TRBJ2-1,ASSLVTEAYKEHF,2
TRBV7-9,TRBJ2-1,ASSLVTEAYKEKF,6
TRBV7-9,TRBJ2-1,ASSLVTEAYKELF,2
TRBV7-9,TRBJ2-1,ASSLVTEAYKEPF,1
TRBV7-9,TRBJ2-1,ASSLVTEAYKEQC,1
TRBV7-9,TRBJ2-1,ASSLVTEAYKEQF,161
TRBV7-9,TRBJ2-1,ASSLVTEAYKEQL,1
TRBV7-9,TRBJ2-1,ASSLVTEAYKEQS,1
TRBV7-9,TRBJ2-1,ASSLVTEAYKEQV,2
TRBV7-9,TRBJ2-1,ASSLVTEAYKEQY,2
TRBV7-9,TRBJ2-1,ASSLVTEAYKERF,1
TRBV7-9,TRBJ2-1,ASSLVTEAYKGQF,3
TRBV7-9,TRBJ2-1,ASSLVTEAYKKQF,2
TRBV7-9,TRBJ2-1,ASSLVTEAYKQQF,1
TRBV7-9,TRBJ2-1,ASSLVTEAYKRQF,1
TRBV7-9,TRBJ2-1,ASSLVTEAYKVQF,1
TRBV7-9,TRBJ2-1,ASSLVTEAYKYQF,1
TRBV7-9,TRBJ2-1,ASSLVTEAYLEKF,1
TRBV7-9,TRBJ2-1,ASSLVTEAYMEQF,2
TRBV7-9,TRBJ2-1,ASSLVTEAYNAEF,7
TRBV7-9,TRBJ2-1,ASSLVTEAYNAHF,4
TRBV7-9,TRBJ2-1,ASSLVTEAYNAHV,3
TRBV7-9,TRBJ2-1,ASSLVTEAYNAKF,6
TRBV7-9,TRBJ2-1,ASSLVTEAYNALF,1
TRBV7-9,TRBJ2-1,ASSLVTEAYNALI,1
TRBV7-9,TRBJ2-1,ASSLVTEAYNANF,1
TRBV7-9,TRBJ2-1,ASSLVTEAYNAPF,4
TRBV7-9,TRBJ2-1,ASSLVTEAYNAQC,7
TRBV7-9,TRBJ2-1,ASSLVTEAYNAQF,200
TRBV7-9,TRBJ2-1,ASSLVTEAYNAQL,1
TRBV7-9,TRBJ2-1,ASSLVTEAYNAQV,3
TRBV7-9,TRBJ2-1,ASSLVTEAYNAQY,4
TRBV7-9,TRBJ2-1,ASSLVTEAYNATF,1
TRBV7-9,TRBJ2-1,ASSLVTEAYNAVF,1
TRBV7-9,TRBJ2-1,ASSLVTEAYNCPF,1
TRBV7-9,TRBJ2-1,ASSLVTEAYNDEF,1
TRBV7-9,TRBJ2-1,ASSLVTEAYNDHA,1
TRBV7-9,TRBJ2-1,ASSLVTEAYNDHF,12
TRBV7-9,TRBJ2-1,ASSLVTEAYNDHS,1
TRBV7-9,TRBJ2-1,ASSLVTEAYNDHV,2
TRBV7-9,TRBJ2-1,ASSLVTEAYNDKF,5
TRBV7-9,TRBJ2-1,ASSLVTEAYNDPF,2
TRBV7-9,TRBJ2-1,ASSLVTEAYNDQA,1
TRBV7-9,TRBJ2-1,ASSLVTEAYNDQC,3
TRBV7-9,TRBJ2-1,ASSLVTEAYNDQF,245
TRBV7-9,TRBJ2-1,ASSLVTEAYNDQL,3
TRBV7-9,TRBJ2-1,ASSLVTEAYNDQV,9
TRBV7-9,TRBJ2-1,ASSLVTEAYNDQY,1
TRBV7-9,TRBJ2-1,ASSLVTEAYNDRF,1
TRBV7-9,TRBJ2-1,ASSLVTEAYNDTF,1
TRBV7-9,TRBJ2-1,ASSLVTEAYNEAF,1
TRBV7-9,TRBJ2-1,ASSLVTEAYNEAL,1
TRBV7-9,TRBJ2-1,ASSLVTEAYNEDF,2
TRBV7-9,TRBJ2-1,ASSLVTEAYNEEC,1
TRBV7-9,TRBJ2-1,ASSLVTEAYNEEF,34
TRBV7-9,TRBJ2-1,ASSLVTEAYNEEI,2
TRBV7-9,TRBJ2-1,ASSLVTEAYNEEL,1
TRBV7-9,TRBJ2-1,ASSLVTEAYNEEV,1
TRBV7-9,TRBJ2-1,ASSLVTEAYNEEY,1
TRBV7-9,TRBJ2-1,ASSLVTEAYNEHC,1
TRBV7-9,TRBJ2-1,ASSLVTEAYNEHF,190
TRBV7-9,TRBJ2-1,ASSLVTEAYNEHI,1
TRBV7-9,TRBJ2-1,ASSLVTEAYNEHL,2
TRBV7-9,TRBJ2-1,ASSLVTEAYNEHS,1
TRBV7-9,TRBJ2-1,ASSLVTEAYNEHV,18
TRBV7-9,TRBJ2-1,ASSLVTEAYNEHY,1
TRBV7-9,TRBJ2-1,ASSLVTEAYNEKC,1
TRBV7-9,TRBJ2-1,ASSLVTEAYNEKF,189
TRBV7-9,TRBJ2-1,ASSLVTEAYNEKL,2
TRBV7-9,TRBJ2-1,ASSLVTEAYNEKS,1
TRBV7-9,TRBJ2-1,ASSLVTEAYNEKV,2
TRBV7-9,TRBJ2-1,ASSLVTEAYNELF,18
TRBV7-9,TRBJ2-1,ASSLVTEAYNEMF,2
TRBV7-9,TRBJ2-1,ASSLVTEAYNENF,9
TRBV7-9,TRBJ2-1,ASSLVTEAYNENI,1
TRBV7-9,TRBJ2-1,ASSLVTEAYNENV,1
TRBV7-9,TRBJ2-1,ASSLVTEAYNEPF,94
TRBV7-9,TRBJ2-1,ASSLVTEAYNEPL,2
TRBV7-9,TRBJ2-1,ASSLVTEAYNEPV,4
TRBV7-9,TRBJ2-1,ASSLVTEAYNEQA,1
TRBV7-9,TRBJ2-1,ASSLVTEAYNEQC,105
TRBV7-9,TRBJ2-1,ASSLVTEAYNEQD,1
TRBV7-9,TRBJ2-1,ASSLVTEAYNEQF,9981
TRBV7-9,TRBJ2-1,ASSLVTEAYNEQG,3
TRBV7-9,TRBJ2-1,ASSLVTEAYNEQI,23
TRBV7-9,TRBJ2-1,ASSLVTEAYNEQL,91
TRBV7-9,TRBJ2-1,ASSLVTEAYNEQM,1
TRBV7-9,TRBJ2-1,ASSLVTEAYNEQN,1
TRBV7-9,TRBJ2-1,ASSLVTEAYNEQR,1
TRBV7-9,TRBJ2-1,ASSLVTEAYNEQS,15
TRBV7-9,TRBJ2-1,ASSLVTEAYNEQV,212
TRBV7-9,TRBJ2-1,ASSLVTEAYNEQY,33
TRBV7-9,TRBJ2-1,ASSLVTEAYNERF,7
TRBV7-9,TRBJ2-1,ASSLVTEAYNESF,1
TRBV7-9,TRBJ2-1,ASSLVTEAYNESL,1
TRBV7-9,TRBJ2-1,ASSLVTEAYNETF,4
TRBV7-9,TRBJ2-1,ASSLVTEAYNETV,1
TRBV7-9,TRBJ2-1,ASSLVTEAYNEVF,2
TRBV7-9,TRBJ2-1,ASSLVTEAYNEYF,3
TRBV7-9,TRBJ2-1,ASSLVTEAYNGEF,2
TRBV7-9,TRBJ2-1,ASSLVTEAYNGKF,1
TRBV7-9,TRBJ2-1,ASSLVTEAYNGPF,1
TRBV7-9,TRBJ2-1,ASSLVTEAYNGQC,2
TRBV7-9,TRBJ2-1,ASSLVTEAYNGQF,46
TRBV7-9,TRBJ2-1,ASSLVTEAYNGQL,1
TRBV7-9,TRBJ2-1,ASSLVTEAYNGQS,1
TRBV7-9,TRBJ2-1,ASSLVTEAYNGQV,1
TRBV7-9,TRBJ2-1,ASSLVTEAYNGQY,2
TRBV7-9,TRBJ2-1,ASSLVTEAYNGRF,1
TRBV7-9,TRBJ2-1,ASSLVTEAYNHQF,2
TRBV7-9,TRBJ2-1,ASSLVTEAYNIQF,1
TRBV7-9,TRBJ2-1,ASSLVTEAYNKAF,1
TRBV7-9,TRBJ2-1,ASSLVTEAYNKHF,5
TRBV7-9,TRBJ2-1,ASSLVTEAYNKHV,1
TRBV7-9,TRBJ2-1,ASSLVTEAYNKKC,1
TRBV7-9,TRBJ2-1,ASSLVTEAYNKKF,10
TRBV7-9,TRBJ2-1,ASSLVTEAYNKPF,6
TRBV7-9,TRBJ2-1,ASSLVTEAYNKPV,1
TRBV7-9,TRBJ2-1,ASSLVTEAYNKQC,2
TRBV7-9,TRBJ2-1,ASSLVTEAYNKQF,117
TRBV7-9,TRBJ2-1,ASSLVTEAYNKQI,1
TRBV7-9,TRBJ2-1,ASSLVTEAYNKQL,2
TRBV7-9,TRBJ2-1,ASSLVTEAYNKQS,1
TRBV7-9,TRBJ2-1,ASSLVTEAYNKQV,4
TRBV7-9,TRBJ2-1,ASSLVTEAYNLKF,1
TRBV7-9,TRBJ2-1,ASSLVTEAYNMQF,2
TRBV7-9,TRBJ2-1,ASSLVTEAYNNDF,1
TRBV7-9,TRBJ2-1,ASSLVTEAYNNLF,1
TRBV7-9,TRBJ2-1,ASSLVTEAYNNQC,1
TRBV7-9,TRBJ2-1,ASSLVTEAYNNQF,5
TRBV7-9,TRBJ2-1,ASSLVTEAYNQKF,3
TRBV7-9,TRBJ2-1,ASSLVTEAYNQPF,1
TRBV7-9,TRBJ2-1,ASSLVTEAYNQQC,1
TRBV7-9,TRBJ2-1,ASSLVTEAYNQQF,20
TRBV7-9,TRBJ2-1,ASSLVTEAYNRQV,1
TRBV7-9,TRBJ2-1,ASSLVTEAYNTQF,1
TRBV7-9,TRBJ2-1,ASSLVTEAYNTQS,1
TRBV7-9,TRBJ2-1,ASSLVTEAYNVEF,1
TRBV7-9,TRBJ2-1,ASSLVTEAYNVHF,5
TRBV7-9,TRBJ2-1,ASSLVTEAYNVHV,3
TRBV7-9,TRBJ2-1,ASSLVTEAYNVKC,1
TRBV7-9,TRBJ2-1,ASSLVTEAYNVKF,3
TRBV7-9,TRBJ2-1,ASSLVTEAYNVKI,1
TRBV7-9,TRBJ2-1,ASSLVTEAYNVNF,1
TRBV7-9,TRBJ2-1,ASSLVTEAYNVQC,1
TRBV7-9,TRBJ2-1,ASSLVTEAYNVQF,101
TRBV7-9,TRBJ2-1,ASSLVTEAYNVQL,1
TRBV7-9,TRBJ2-1,ASSLVTEAYNVQV,9
TRBV7-9,TRBJ2-1,ASSLVTEAYNYQF,3
TRBV7-9,TRBJ2-1,ASSLVTEAYPDKF,1
TRBV7-9,TRBJ2-1,ASSLVTEAYPEHF,1
TRBV7-9,TRBJ2-1,ASSLVTEAYPEQF,1
TRBV7-9,TRBJ2-1,ASSLVTEAYQDQL,1
TRBV7-9,TRBJ2-1,ASSLVTEAYQEQF,4
TRBV7-9,TRBJ2-1,ASSLVTEAYREQF,2
TRBV7-9,TRBJ2-1,ASSLVTEAYRKQF,1
TRBV7-9,TRBJ2-1,ASSLVTEAYSAQF,3
TRBV7-9,TRBJ2-1,ASSLVTEAYSDQS,1
TRBV7-9,TRBJ2-1,ASSLVTEAYSEHF,1
TRBV7-9,TRBJ2-1,ASSLVTEAYSEQC,1
TRBV7-9,TRBJ2-1,ASSLVTEAYSEQF,10
TRBV7-9,TRBJ2-1,ASSLVTEAYSGQF,1
TRBV7-9,TRBJ2-1,ASSLVTEAYTAQF,6
TRBV7-9,TRBJ2-1,ASSLVTEAYTAQL,1
TRBV7-9,TRBJ2-1,ASSLVTEAYTDLF,1
TRBV7-9,TRBJ2-1,ASSLVTEAYTDQF,1
TRBV7-9,TRBJ2-1,ASSLVTEAYTEEF,2
TRBV7-9,TRBJ2-1,ASSLVTEAYTEEV,1
TRBV7-9,TRBJ2-1,ASSLVTEAYTEHF,2
TRBV7-9,TRBJ2-1,ASSLVTEAYTEKF,2
TRBV7-9,TRBJ2-1,ASSLVTEAYTEPF,2
TRBV7-9,TRBJ2-1,ASSLVTEAYTEQF,68
TRBV7-9,TRBJ2-1,ASSLVTEAYTEQL,5
TRBV7-9,TRBJ2-1,ASSLVTEAYTEQS,1
TRBV7-9,TRBJ2-1,ASSLVTEAYTEQY,1
TRBV7-9,TRBJ2-1,ASSLVTEAYTGLF,1
TRBV7-9,TRBJ2-1,ASSLVTEAYTGQF,2
TRBV7-9,TRBJ2-1,ASSLVTEAYTKHL,1
TRBV7-9,TRBJ2-1,ASSLVTEAYTQHF,1
TRBV7-9,TRBJ2-1,ASSLVTEAYTVQF,2
TRBV7-9,TRBJ2-1,ASSLVTEAYVEQF,1
TRBV7-9,TRBJ2-1,ASSLVTEAYVEQL,1
TRBV7-9,TRBJ2-1,ASSLVTEAYWEQY,1
TRBV7-9,TRBJ2-1,ASSLVTEAYYAQF,1
TRBV7-9,TRBJ2-1,ASSLVTEAYYDQF,2
TRBV7-9,TRBJ2-1,ASSLVTEAYYEKF,1
TRBV7-9,TRBJ2-1,ASSLVTEAYYEKV,1
TRBV7-9,TRBJ2-1,ASSLVTEAYYEQF,17
TRBV7-9,TRBJ2-1,ASSLVTEAYYEQV,1
TRBV7-9,TRBJ2-1,ASSLVTEAYYGQF,1
TRBV7-9,TRBJ2-1,ASSLVTEAYYKQF,1
TRBV7-9,TRBJ2-1,ASSLVTEAYYQQF,1
TRBV7-9,TRBJ2-1,ASSLVTEAYYVEF,1
TRBV7-9,TRBJ2-1,ASSLVTEAYYVQF,2
TRBV7-9,TRBJ2-1,ASSLVTEAYYYQV,1
TRBV7-9,TRBJ2-1,ASSLVTECDDEQF,1
TRBV7-9,TRBJ2-1,ASSLVTECDNEQF,1
TRBV7-9,TRBJ2-1,ASSLVTECYNEQF,3
TRBV7-9,TRBJ2-1,ASSLVTEDDNEKF,1
TRBV7-9,TRBJ2-1,ASSLVTEDDNEQF,4
TRBV7-9,TRBJ2-1,ASSLVTEDDNEQL,1
TRBV7-9,TRBJ2-1,ASSLVTEDDNEQY,1
TRBV7-9,TRBJ2-1,ASSLVTEDNEQF,6
TRBV7-9,TRBJ2-1,ASSLVTEDSTEQF,1
TRBV7-9,TRBJ2-1,ASSLVTEDYHEQF,1
TRBV7-9,TRBJ2-1,ASSLVTEDYHEQL,1
TRBV7-9,TRBJ2-1,ASSLVTEDYIAQF,1
TRBV7-9,TRBJ2-1,ASSLVTEDYIEQC,1
TRBV7-9,TRBJ2-1,ASSLVTEDYIEQF,1
TRBV7-9,TRBJ2-1,ASSLVTEDYKEKF,2
TRBV7-9,TRBJ2-1,ASSLVTEDYKEQC,1
TRBV7-9,TRBJ2-1,ASSLVTEDYKEQF,8
TRBV7-9,TRBJ2-1,ASSLVTEDYNAEF,1
TRBV7-9,TRBJ2-1,ASSLVTEDYNAQC,4
TRBV7-9,TRBJ2-1,ASSLVTEDYNAQF,17
TRBV7-9,TRBJ2-1,ASSLVTEDYNAQY,2
TRBV7-9,TRBJ2-1,ASSLVTEDYNDHF,1
TRBV7-9,TRBJ2-1,ASSLVTEDYNDKF,3
TRBV7-9,TRBJ2-1,ASSLVTEDYNDQF,6
TRBV7-9,TRBJ2-1,ASSLVTEDYNEHF,2
TRBV7-9,TRBJ2-1,ASSLVTEDYNEHI,1
TRBV7-9,TRBJ2-1,ASSLVTEDYNEKF,17
TRBV7-9,TRBJ2-1,ASSLVTEDYNEKL,1
TRBV7-9,TRBJ2-1,ASSLVTEDYNEQC,2
TRBV7-9,TRBJ2-1,ASSLVTEDYNEQF,246
TRBV7-9,TRBJ2-1,ASSLVTEDYNEQI,3
TRBV7-9,TRBJ2-1,ASSLVTEDYNEQL,5
TRBV7-9,TRBJ2-1,ASSLVTEDYNEQV,6
TRBV7-9,TRBJ2-1,ASSLVTEDYNEQY,2
TRBV7-9,TRBJ2-1,ASSLVTEDYNGHF,1
TRBV7-9,TRBJ2-1,ASSLVTEDYNKQF,6
TRBV7-9,TRBJ2-1,ASSLVTEDYNQQF,2
TRBV7-9,TRBJ2-1,ASSLVTEDYNREF,1
TRBV7-9,TRBJ2-1,ASSLVTEDYNTQF,1
TRBV7-9,TRBJ2-1,ASSLVTEDYNVKF,1
TRBV7-9,TRBJ2-1,ASSLVTEDYNVPF,1
TRBV7-9,TRBJ2-1,ASSLVTEDYNVQF,1
TRBV7-9,TRBJ2-1,ASSLVTEDYSEQF,1
TRBV7-9,TRBJ2-1,ASSLVTEDYTAQF,1
TRBV7-9,TRBJ2-1,ASSLVTEDYTEQF,1
TRBV7-9,TRBJ2-1,ASSLVTEEF,10
TRBV7-9,TRBJ2-1,ASSLVTEEYNAQF,1
TRBV7-9,TRBJ2-1,ASSLVTEEYNEHL,1
TRBV7-9,TRBJ2-1,ASSLVTEEYNEQF,12
TRBV7-9,TRBJ2-1,ASSLVTEEYNGQF,1
TRBV7-9,TRBJ2-1,ASSLVTEEYTEQF,1
TRBV7-9,TRBJ2-1,ASSLVTEFYHKKV,1
TRBV7-9,TRBJ2-1,ASSLVTEFYIVQF,1
TRBV7-9,TRBJ2-1,ASSLVTEFYNDQF,1
TRBV7-9,TRBJ2-1,ASSLVTEFYNEQF,4
TRBV7-9,TRBJ2-1,ASSLVTEFYNEQV,1
TRBV7-9,TRBJ2-1,ASSLVTEFYTDHF,1
TRBV7-9,TRBJ2-1,ASSLVTEGDNEQF,2
TRBV7-9,TRBJ2-1,ASSLVTEGEYEQC,1
TRBV7-9,TRBJ2-1,ASSLVTEGFKEEF,1
TRBV7-9,TRBJ2-1,ASSLVTEGNNAQS,1
TRBV7-9,TRBJ2-1,ASSLVTEGYHDQF,1
TRBV7-9,TRBJ2-1,ASSLVTEGYHEQV,1
TRBV7-9,TRBJ2-1,ASSLVTEGYKDQF,1
TRBV7-9,TRBJ2-1,ASSLVTEGYKEHF,1
TRBV7-9,TRBJ2-1,ASSLVTEGYKEQF,8
TRBV7-9,TRBJ2-1,ASSLVTEGYNAEF,1
TRBV7-9,TRBJ2-1,ASSLVTEGYNDQF,1
TRBV7-9,TRBJ2-1,ASSLVTEGYNEHF,2
TRBV7-9,TRBJ2-1,ASSLVTEGYNEHL,1
TRBV7-9,TRBJ2-1,ASSLVTEGYNELF,1
TRBV7-9,TRBJ2-1,ASSLVTEGYNEPF,2
TRBV7-9,TRBJ2-1,ASSLVTEGYNEQC,1
TRBV7-9,TRBJ2-1,ASSLVTEGYNEQF,51
TRBV7-9,TRBJ2-1,ASSLVTEGYNEQL,2
TRBV7-9,TRBJ2-1,ASSLVTEGYNEQS,1
TRBV7-9,TRBJ2-1,ASSLVTEGYNEQV,2
TRBV7-9,TRBJ2-1,ASSLVTEGYNESF,1
TRBV7-9,TRBJ2-1,ASSLVTEGYNKQF,2
TRBV7-9,TRBJ2-1,ASSLVTEGYNKQV,1
TRBV7-9,TRBJ2-1,ASSLVTEGYNQQF,1
TRBV7-9,TRBJ2-1,ASSLVTEGYNVQF,2
TRBV7-9,TRBJ2-1,ASSLVTEGYQEQF,1
TRBV7-9,TRBJ2-1,ASSLVTEGYTDKF,1
TRBV7-9,TRBJ2-1,ASSLVTEHYNEEF,1
TRBV7-9,TRBJ2-1,ASSLVTEHYNEQF,3
TRBV7-9,TRBJ2-1,ASSLVTEIADEQF,3
TRBV7-9,TRBJ2-1,ASSLVTEISYNEQF,1
TRBV7-9,TRBJ2-1,ASSLVTEKRGNEQF,12
TRBV7-9,TRBJ2-1,ASSLVTELGGYNEQF,1
TRBV7-9,TRBJ2-1,ASSLVTELYNEQF,12
TRBV7-9,TRBJ2-1,ASSLVTELYNKHF,1
TRBV7-9,TRBJ2-1,ASSLVTELYNVQF,1
TRBV7-9,TRBJ2-1,ASSLVTENEQF,1
TRBV7-9,TRBJ2-1,ASSLVTENYNEQF,1
TRBV7-9,TRBJ2-1,ASSLVTEPSTELF,1
TRBV7-9,TRBJ2-1,ASSLVTEPYHEQF,2
TRBV7-9,TRBJ2-1,ASSLVTEPYKVQF,1
TRBV7-9,TRBJ2-1,ASSLVTEPYNAHF,1
TRBV7-9,TRBJ2-1,ASSLVTEPYNAQF,3
TRBV7-9,TRBJ2-1,ASSLVTEPYNDQF,1
TRBV7-9,TRBJ2-1,ASSLVTEPYNDQL,1
TRBV7-9,TRBJ2-1,ASSLVTEPYNEHF,1
TRBV7-9,TRBJ2-1,ASSLVTEPYNEKI,1
TRBV7-9,TRBJ2-1,ASSLVTEPYNEPV,1
TRBV7-9,TRBJ2-1,ASSLVTEPYNEQF,23
TRBV7-9,TRBJ2-1,ASSLVTEPYNEQI,1
TRBV7-9,TRBJ2-1,ASSLVTEPYNEQL,1
TRBV7-9,TRBJ2-1,ASSLVTEPYNERF,1
TRBV7-9,TRBJ2-1,ASSLVTEPYYEQF,1
TRBV7-9,TRBJ2-1,ASSLVTEQF,20
TRBV7-9,TRBJ2-1,ASSLVTESCNGQF,1
TRBV7-9,TRBJ2-1,ASSLVTESDNEQF,3
TRBV7-9,TRBJ2-1,ASSLVTESDTEQF,1
TRBV7-9,TRBJ2-1,ASSLVTESHNDQF,1
TRBV7-9,TRBJ2-1,ASSLVTESHNEQF,1
TRBV7-9,TRBJ2-1,ASSLVTESNEQF,1
TRBV7-9,TRBJ2-1,ASSLVTESSHEQF,1
TRBV7-9,TRBJ2-1,ASSLVTESSYNEQF,3
TRBV7-9,TRBJ2-1,ASSLVTESYFEQF,1
TRBV7-9,TRBJ2-1,ASSLVTESYHDQF,1
TRBV7-9,TRBJ2-1,ASSLVTESYHEQF,5
TRBV7-9,TRBJ2-1,ASSLVTESYIEHF,1
TRBV7-9,TRBJ2-1,ASSLVTESYIEQF,1
TRBV7-9,TRBJ2-1,ASSLVTESYIEQV,1
TRBV7-9,TRBJ2-1,ASSLVTESYKEQC,1
TRBV7-9,TRBJ2-1,ASSLVTESYKEQF,3
TRBV7-9,TRBJ2-1,ASSLVTESYKEQS,1
TRBV7-9,TRBJ2-1,ASSLVTESYKKQF,1
TRBV7-9,TRBJ2-1,ASSLVTESYNAHF,1
TRBV7-9,TRBJ2-1,ASSLVTESYNAQF,4
TRBV7-9,TRBJ2-1,ASSLVTESYNDHF,1
TRBV7-9,TRBJ2-1,ASSLVTESYNDPF,1
TRBV7-9,TRBJ2-1,ASSLVTESYNDQF,22
TRBV7-9,TRBJ2-1,ASSLVTESYNDQV,2
TRBV7-9,TRBJ2-1,ASSLVTESYNEHF,15
TRBV7-9,TRBJ2-1,ASSLVTESYNEHV,2
TRBV7-9,TRBJ2-1,ASSLVTESYNEKF,4
TRBV7-9,TRBJ2-1,ASSLVTESYNENF,1
TRBV7-9,TRBJ2-1,ASSLVTESYNEPF,1
TRBV7-9,TRBJ2-1,ASSLVTESYNEPV,1
TRBV7-9,TRBJ2-1,ASSLVTESYNEQF,233
TRBV7-9,TRBJ2-1,ASSLVTESYNEQV,8
TRBV7-9,TRBJ2-1,ASSLVTESYNETF,3
TRBV7-9,TRBJ2-1,ASSLVTESYNEYF,1
TRBV7-9,TRBJ2-1,ASSLVTESYNGQF,2
TRBV7-9,TRBJ2-1,ASSLVTESYNKHF,1
TRBV7-9,TRBJ2-1,ASSLVTESYNKKF,1
TRBV7-9,TRBJ2-1,ASSLVTESYNKQF,4
TRBV7-9,TRBJ2-1,ASSLVTESYNKQV,2
TRBV7-9,TRBJ2-1,ASSLVTESYNQPF,1
TRBV7-9,TRBJ2-1,ASSLVTESYNQQF,1
TRBV7-9,TRBJ2-1,ASSLVTESYNVQV,1
TRBV7-9,TRBJ2-1,ASSLVTESYNYQF,1
TRBV7-9,TRBJ2-1,ASSLVTESYPDQF,1
TRBV7-9,TRBJ2-1,ASSLVTESYTEKF,1
TRBV7-9,TRBJ2-1,ASSLVTESYTEQF,3
TRBV7-9,TRBJ2-1,ASSLVTESYYDQF,1
TRBV7-9,TRBJ2-1,ASSLVTESYYEQF,1
TRBV7-9,TRBJ2-1,ASSLVTESYYVQF,1
TRBV7-9,TRBJ2-1,ASSLVTETDNEQF,2
TRBV7-9,TRBJ2-1,ASSLVTETNNEQY,1
TRBV7-9,TRBJ2-1,ASSLVTETQNEQF,1
TRBV7-9,TRBJ2-1,ASSLVTETYDAQF,1
TRBV7-9,TRBJ2-1,ASSLVTETYKEQF,1
TRBV7-9,TRBJ2-1,ASSLVTETYKERL,1
TRBV7-9,TRBJ2-1,ASSLVTETYNAKF,1
TRBV7-9,TRBJ2-1,ASSLVTETYNAQF,1
TRBV7-9,TRBJ2-1,ASSLVTETYNDNF,1
TRBV7-9,TRBJ2-1,ASSLVTETYNDQF,1
TRBV7-9,TRBJ2-1,ASSLVTETYNDQV,1
TRBV7-9,TRBJ2-1,ASSLVTETYNENF,1
TRBV7-9,TRBJ2-1,ASSLVTETYNEQC,1
TRBV7-9,TRBJ2-1,ASSLVTETYNEQF,28
TRBV7-9,TRBJ2-1,ASSLVTETYNKQF,2
TRBV7-9,TRBJ2-1,ASSLVTETYNVQF,1
TRBV7-9,TRBJ2-1,ASSLVTETYSEQF,1
TRBV7-9,TRBJ2-1,ASSLVTETYTEQF,1
TRBV7-9,TRBJ2-1,ASSLVTETYYEQC,1
TRBV7-9,TRBJ2-1,ASSLVTETYYGEI,1
TRBV7-9,TRBJ2-1,ASSLVTEVANEQF,1
TRBV7-9,TRBJ2-1,ASSLVTEVDNEQF,1
TRBV7-9,TRBJ2-1,ASSLVTEVHNEQF,1
TRBV7-9,TRBJ2-1,ASSLVTEVHNEQV,1
TRBV7-9,TRBJ2-1,ASSLVTEVYDEHF,1
TRBV7-9,TRBJ2-1,ASSLVTEVYHEQF,1
TRBV7-9,TRBJ2-1,ASSLVTEVYIEQF,1
TRBV7-9,TRBJ2-1,ASSLVTEVYKDEF,1
TRBV7-9,TRBJ2-1,ASSLVTEVYKEQF,1
TRBV7-9,TRBJ2-1,ASSLVTEVYNAQF,3
TRBV7-9,TRBJ2-1,ASSLVTEVYNDQF,6
TRBV7-9,TRBJ2-1,ASSLVTEVYNEHF,3
TRBV7-9,TRBJ2-1,ASSLVTEVYNEKV,1
TRBV7-9,TRBJ2-1,ASSLVTEVYNEPF,1
TRBV7-9,TRBJ2-1,ASSLVTEVYNEQC,2
TRBV7-9,TRBJ2-1,ASSLVTEVYNEQF,89
TRBV7-9,TRBJ2-1,ASSLVTEVYNEQI,1
TRBV7-9,TRBJ2-1,ASSLVTEVYNEQL,2
TRBV7-9,TRBJ2-1,ASSLVTEVYNEQS,1
TRBV7-9,TRBJ2-1,ASSLVTEVYNEQV,4
TRBV7-9,TRBJ2-1,ASSLVTEVYNEQY,1
TRBV7-9,TRBJ2-1,ASSLVTEVYNGQF,1
TRBV7-9,TRBJ2-1,ASSLVTEVYNKKF,1
TRBV7-9,TRBJ2-1,ASSLVTEVYNKQF,6
TRBV7-9,TRBJ2-1,ASSLVTEVYNKQY,1
TRBV7-9,TRBJ2-1,ASSLVTEVYNTQY,1
TRBV7-9,TRBJ2-1,ASSLVTEVYNVQF,1
TRBV7-9,TRBJ2-1,ASSLVTEVYTEQF,1
TRBV7-9,TRBJ2-1,ASSLVTEVYTEQL,1
TRBV7-9,TRBJ2-1,ASSLVTEVYYDQF,1
TRBV7-9,TRBJ2-1,ASSLVTEVYYEKF,1
TRBV7-9,TRBJ2-1,ASSLVTEVYYVQI,1
TRBV7-9,TRBJ2-1,ASSLVTEYLDEQF,1
TRBV7-9,TRBJ2-1,ASSLVTEYNEQF,12
TRBV7-9,TRBJ2-1,ASSLVTEYYNEQC,1
TRBV7-9,TRBJ2-1,ASSLVTEYYNEQF,4
TRBV7-9,TRBJ2-1,ASSLVTFDEQF,2
TRBV7-9,TRBJ2-1,ASSLVTFSDGYNEQF,1
TRBV7-9,TRBJ2-1,ASSLVTFSRNEQF,3
TRBV7-9,TRBJ2-1,ASSLVTFTYNEQF,1
TRBV7-9,TRBJ2-1,ASSLVTFYYNEQF,12
TRBV7-9,TRBJ2-1,ASSLVTGADNDHF,1
TRBV7-9,TRBJ2-1,ASSLVTGADNEQF,2
TRBV7-9,TRBJ2-1,ASSLVTGAEGNEQF,1
TRBV7-9,TRBJ2-1,ASSLVTGAHNEHF,1
TRBV7-9,TRBJ2-1,ASSLVTGAKNEQF,1
TRBV7-9,TRBJ2-1,ASSLVTGAKNNEQF,3
TRBV7-9,TRBJ2-1,ASSLVTGAMLDEQF,1
TRBV7-9,TRBJ2-1,ASSLVTGANEQF,3
TRBV7-9,TRBJ2-1,ASSLVTGANNEQF,4
TRBV7-9,TRBJ2-1,ASSLVTGANNKQY,1
TRBV7-9,TRBJ2-1,ASSLVTGAPNEQF,1
TRBV7-9,TRBJ2-1,ASSLVTGAPSYNEQF,1
TRBV7-9,TRBJ2-1,ASSLVTGAPYNEQF,4
TRBV7-9,TRBJ2-1,ASSLVTGAQNEQF,10
TRBV7-9,TRBJ2-1,ASSLVTGARRSGDNEQF,1
TRBV7-9,TRBJ2-1,ASSLVTGASNEQF,14
TRBV7-9,TRBJ2-1,ASSLVTGASYNEQF,2
TRBV7-9,TRBJ2-1,ASSLVTGATYNEQF,1
TRBV7-9,TRBJ2-1,ASSLVTGAVDEQF,1
TRBV7-9,TRBJ2-1,ASSLVTGAYDEQF,1
TRBV7-9,TRBJ2-1,ASSLVTGAYEEQF,1
TRBV7-9,TRBJ2-1,ASSLVTGAYHEQF,1
TRBV7-9,TRBJ2-1,ASSLVTGAYIAQF,1
TRBV7-9,TRBJ2-1,ASSLVTGAYIEKC,1
TRBV7-9,TRBJ2-1,ASSLVTGAYIEQF,1
TRBV7-9,TRBJ2-1,ASSLVTGAYKEQF,3
TRBV7-9,TRBJ2-1,ASSLVTGAYNAQF,3
TRBV7-9,TRBJ2-1,ASSLVTGAYNAQY,1
TRBV7-9,TRBJ2-1,ASSLVTGAYNDQF,1
TRBV7-9,TRBJ2-1,ASSLVTGAYNEHF,2
TRBV7-9,TRBJ2-1,ASSLVTGAYNEKF,3
TRBV7-9,TRBJ2-1,ASSLVTGAYNEKY,1
TRBV7-9,TRBJ2-1,ASSLVTGAYNELF,1
TRBV7-9,TRBJ2-1,ASSLVTGAYNEMF,1
TRBV7-9,TRBJ2-1,ASSLVTGAYNEQC,3
TRBV7-9,TRBJ2-1,ASSLVTGAYNEQF,107
TRBV7-9,TRBJ2-1,ASSLVTGAYNEQL,1
TRBV7-9,TRBJ2-1,ASSLVTGAYNEQS,1
TRBV7-9,TRBJ2-1,ASSLVTGAYNEQY,1
TRBV7-9,TRBJ2-1,ASSLVTGAYNGEC,1
TRBV7-9,TRBJ2-1,ASSLVTGAYNGQF,3
TRBV7-9,TRBJ2-1,ASSLVTGAYNKAF,1
TRBV7-9,TRBJ2-1,ASSLVTGAYNKDV,1
TRBV7-9,TRBJ2-1,ASSLVTGAYNKQF,3
TRBV7-9,TRBJ2-1,ASSLVTGAYNMQF,1
TRBV7-9,TRBJ2-1,ASSLVTGAYNTQF,1
TRBV7-9,TRBJ2-1,ASSLVTGAYNVQF,2
TRBV7-9,TRBJ2-1,ASSLVTGAYSEEF,1
TRBV7-9,TRBJ2-1,ASSLVTGAYTEQF,2
TRBV7-9,TRBJ2-1,ASSLVTGAYYEQF,2
TRBV7-9,TRBJ2-1,ASSLVTGCGNEQF,1
TRBV7-9,TRBJ2-1,ASSLVTGDDNEQF,1
TRBV7-9,TRBJ2-1,ASSLVTGDEQF,5
TRBV7-9,TRBJ2-1,ASSLVTGDGNEQF,2
TRBV7-9,TRBJ2-1,ASSLVTGDHEQF,1
TRBV7-9,TRBJ2-1,ASSLVTGDLNEQF,1
TRBV7-9,TRBJ2-1,ASSLVTGDNEQF,5
TRBV7-9,TRBJ2-1,ASSLVTGDNNEQF,1
TRBV7-9,TRBJ2-1,ASSLVTGDYNEQF,6
TRBV7-9,TRBJ2-1,ASSLVTGDYNERF,1
TRBV7-9,TRBJ2-1,ASSLVTGEASYNEQF,1
TRBV7-9,TRBJ2-1,ASSLVTGEGNERF,2
TRBV7-9,TRBJ2-1,ASSLVTGEHNEQF,1
TRBV7-9,TRBJ2-1,ASSLVTGEIYNEQF,1
TRBV7-9,TRBJ2-1,ASSLVTGEMNEQF,1
TRBV7-9,TRBJ2-1,ASSLVTGENEQF,2
TRBV7-9,TRBJ2-1,ASSLVTGEPGFNEQF,1
TRBV7-9,TRBJ2-1,ASSLVTGEPNETF,1
TRBV7-9,TRBJ2-1,ASSLVTGEPYNEQF,1
TRBV7-9,TRBJ2-1,ASSLVTGEQF,18
TRBV7-9,TRBJ2-1,ASSLVTGESGDNEQF,1
TRBV7-9,TRBJ2-1,ASSLVTGEVQF,8
TRBV7-9,TRBJ2-1,ASSLVTGEWHYHNEQF,1
TRBV7-9,TRBJ2-1,ASSLVTGEYNEQF,2
TRBV7-9,TRBJ2-1,ASSLVTGFNEQF,10
TRBV7-9,TRBJ2-1,ASSLVTGFSNEQF,1
TRBV7-9,TRBJ2-1,ASSLVTGFYNEQF,6
TRBV7-9,TRBJ2-1,ASSLVTGGAYDEQF,1
TRBV7-9,TRBJ2-1,ASSLVTGGAYNDQF,1
TRBV7-9,TRBJ2-1,ASSLVTGGAYNEQF,13
TRBV7-9,TRBJ2-1,ASSLVTGGAYNEQL,1
TRBV7-9,TRBJ2-1,ASSLVTGGDNEQF,1
TRBV7-9,TRBJ2-1,ASSLVTGGENNEQF,6
TRBV7-9,TRBJ2-1,ASSLVTGGEQF,12
TRBV7-9,TRBJ2-1,ASSLVTGGEWHEQF,1
TRBV7-9,TRBJ2-1,ASSLVTGGFYNEQF,7
TRBV7-9,TRBJ2-1,ASSLVTGGGNEQF,4
TRBV7-9,TRBJ2-1,ASSLVTGGGYNEQF,1
TRBV7-9,TRBJ2-1,ASSLVTGGHEQF,2
TRBV7-9,TRBJ2-1,ASSLVTGGHLKF,1
TRBV7-9,TRBJ2-1,ASSLVTGGHNEQF,5
TRBV7-9,TRBJ2-1,ASSLVTGGHYNEQF,1
TRBV7-9,TRBJ2-1,ASSLVTGGIWNEQF,1
TRBV7-9,TRBJ2-1,ASSLVTGGIYNEQF,8
TRBV7-9,TRBJ2-1,ASSLVTGGLDEQF,1
TRBV7-9,TRBJ2-1,ASSLVTGGLDNEQF,1
TRBV7-9,TRBJ2-1,ASSLVTGGLHEQF,1
TRBV7-9,TRBJ2-1,ASSLVTGGLNDEQF,5
TRBV7-9,TRBJ2-1,ASSLVTGGLNDERF,2
TRBV7-9,TRBJ2-1,ASSLVTGGLYNEQF,5
TRBV7-9,TRBJ2-1,ASSLVTGGNEQF,19
TRBV7-9,TRBJ2-1,ASSLVTGGNNEQF,8
TRBV7-9,TRBJ2-1,ASSLVTGGNYNEQF,1
TRBV7-9,TRBJ2-1,ASSLVTGGPANEQF,1
TRBV7-9,TRBJ2-1,ASSLVTGGPDEQF,1
TRBV7-9,TRBJ2-1,ASSLVTGGPDNEQF,1
TRBV7-9,TRBJ2-1,ASSLVTGGPKEQF,2
TRBV7-9,TRBJ2-1,ASSLVTGGPNEKF,1
TRBV7-9,TRBJ2-1,ASSLVTGGPNEQC,2
TRBV7-9,TRBJ2-1,ASSLVTGGPNEQF,167
TRBV7-9,TRBJ2-1,ASSLVTGGPNEQL,1
TRBV7-9,TRBJ2-1,ASSLVTGGPNEQV,1
TRBV7-9,TRBJ2-1,ASSLVTGGPNGQF,3
TRBV7-9,TRBJ2-1,ASSLVTGGPNQLF,1
TRBV7-9,TRBJ2-1,ASSLVTGGPNQQF,2
TRBV7-9,TRBJ2-1,ASSLVTGGPNVQF,1
TRBV7-9,TRBJ2-1,ASSLVTGGPSNEQF,1
TRBV7-9,TRBJ2-1,ASSLVTGGPYEQF,1
TRBV7-9,TRBJ2-1,ASSLVTGGPYNEQF,4
TRBV7-9,TRBJ2-1,ASSLVTGGQF,10
TRBV7-9,TRBJ2-1,ASSLVTGGQNEQF,9
TRBV7-9,TRBJ2-1,ASSLVTGGRASHEQF,3
TRBV7-9,TRBJ2-1,ASSLVTGGRGPYNEQF,1
TRBV7-9,TRBJ2-1,ASSLVTGGRNEQF,9
TRBV7-9,TRBJ2-1,ASSLVTGGRRNEQF,1
TRBV7-9,TRBJ2-1,ASSLVTGGRTYKEQF,1
TRBV7-9,TRBJ2-1,ASSLVTGGRTYNEQF,12
TRBV7-9,TRBJ2-1,ASSLVTGGRVNEQF,1
TRBV7-9,TRBJ2-1,ASSLVTGGRYNEQF,7
TRBV7-9,TRBJ2-1,ASSLVTGGRYNEQL,1
TRBV7-9,TRBJ2-1,ASSLVTGGSEQF,2
TRBV7-9,TRBJ2-1,ASSLVTGGSLGNEQF,1
TRBV7-9,TRBJ2-1,ASSLVTGGSNEQF,1
TRBV7-9,TRBJ2-1,ASSLVTGGSPEQF,2
TRBV7-9,TRBJ2-1,ASSLVTGGSQLAGDEQF,1
TRBV7-9,TRBJ2-1,ASSLVTGGSSEQF,11
TRBV7-9,TRBJ2-1,ASSLVTGGSSYNEQF,13
TRBV7-9,TRBJ2-1,ASSLVTGGSYNEQF,12
TRBV7-9,TRBJ2-1,ASSLVTGGTDEQF,1
TRBV7-9,TRBJ2-1,ASSLVTGGTEQF,11
TRBV7-9,TRBJ2-1,ASSLVTGGTNEQF,1
TRBV7-9,TRBJ2-1,ASSLVTGGTNNEQF,1
TRBV7-9,TRBJ2-1,ASSLVTGGTYNEQF,1
TRBV7-9,TRBJ2-1,ASSLVTGGVDEQF,1
TRBV7-9,TRBJ2-1,ASSLVTGGVDNEQF,1
TRBV7-9,TRBJ2-1,ASSLVTGGWNEQF,1
TRBV7-9,TRBJ2-1,ASSLVTGGWYNEQF,1
TRBV7-9,TRBJ2-1,ASSLVTGGYHEQF,1
TRBV7-9,TRBJ2-1,ASSLVTGGYKEQF,1
TRBV7-9,TRBJ2-1,ASSLVTGGYKEQY,1
TRBV7-9,TRBJ2-1,ASSLVTGGYNEEF,1
TRBV7-9,TRBJ2-1,ASSLVTGGYNEQF,50
TRBV7-9,TRBJ2-1,ASSLVTGGYYNEQF,1
TRBV7-9,TRBJ2-1,ASSLVTGHEQF,1
TRBV7-9,TRBJ2-1,ASSLVTGHNEQF,2
TRBV7-9,TRBJ2-1,ASSLVTGHSYNEQF,1
TRBV7-9,TRBJ2-1,ASSLVTGHYNEQF,9
TRBV7-9,TRBJ2-1,ASSLVTGIDNEQF,1
TRBV7-9,TRBJ2-1,ASSLVTGIGYNEQF,1
TRBV7-9,TRBJ2-1,ASSLVTGINEQF,1
TRBV7-9,TRBJ2-1,ASSLVTGINNEQF,9
TRBV7-9,TRBJ2-1,ASSLVTGIPYNEQF,1
TRBV7-9,TRBJ2-1,ASSLVTGIRGLDNEQF,1
TRBV7-9,TRBJ2-1,ASSLVTGIRNEQF,1
TRBV7-9,TRBJ2-1,ASSLVTGIRSNEQF,1
TRBV7-9,TRBJ2-1,ASSLVTGISYNEQF,12
TRBV7-9,TRBJ2-1,ASSLVTGITSNEQF,1
TRBV7-9,TRBJ2-1,ASSLVTGIYNEQF,43
TRBV7-9,TRBJ2-1,ASSLVTGIYNEQV,1
TRBV7-9,TRBJ2-1,ASSLVTGKAYNEQF,1
TRBV7-9,TRBJ2-1,ASSLVTGKGNEQF,6
TRBV7-9,TRBJ2-1,ASSLVTGKGYNEQC,1
TRBV7-9,TRBJ2-1,ASSLVTGKGYNEQF,5
TRBV7-9,TRBJ2-1,ASSLVTGKNEQF,1
TRBV7-9,TRBJ2-1,ASSLVTGKSYNEQF,1
TRBV7-9,TRBJ2-1,ASSLVTGLAGDGVNEQF,1
TRBV7-9,TRBJ2-1,ASSLVTGLAGDLNEQF,2
TRBV7-9,TRBJ2-1,ASSLVTGLAGGFYNEQF,1
TRBV7-9,TRBJ2-1,ASSLVTGLAGGLGNEQF,1
TRBV7-9,TRBJ2-1,ASSLVTGLANEQF,3
TRBV7-9,TRBJ2-1,ASSLVTGLASEVYNEQF,1
TRBV7-9,TRBJ2-1,ASSLVTGLASNEQF,2
TRBV7-9,TRBJ2-1,ASSLVTGLDEQF,1
TRBV7-9,TRBJ2-1,ASSLVTGLDNEQF,9
TRBV7-9,TRBJ2-1,ASSLVTGLGSEQF,9
TRBV7-9,TRBJ2-1,ASSLVTGLLYNEQF,3
TRBV7-9,TRBJ2-1,ASSLVTGLNEQF,4
TRBV7-9,TRBJ2-1,ASSLVTGLRNNEQF,1
TRBV7-9,TRBJ2-1,ASSLVTGLVF,2
TRBV7-9,TRBJ2-1,ASSLVTGLYNEQF,12
TRBV7-9,TRBJ2-1,ASSLVTGNEQF,48
TRBV7-9,TRBJ2-1,ASSLVTGNNEQF,7
TRBV7-9,TRBJ2-1,ASSLVTGNRNEQF,2
TRBV7-9,TRBJ2-1,ASSLVTGNYNEQF,3
TRBV7-9,TRBJ2-1,ASSLVTGPEAYNEQF,9
TRBV7-9,TRBJ2-1,ASSLVTGPGNAQF,1
TRBV7-9,TRBJ2-1,ASSLVTGPGNEQF,5
TRBV7-9,TRBJ2-1,ASSLVTGPGSNEQF,3
TRBV7-9,TRBJ2-1,ASSLVTGPKRLTYDEQF,1
TRBV7-9,TRBJ2-1,ASSLVTGPKRLTYNEQF,18
TRBV7-9,TRBJ2-1,ASSLVTGPKYNEQF,1
TRBV7-9,TRBJ2-1,ASSLVTGPMNEQF,6
TRBV7-9,TRBJ2-1,ASSLVTGPNEQF,1
TRBV7-9,TRBJ2-1,ASSLVTGPNNDQF,1
TRBV7-9,TRBJ2-1,ASSLVTGPNNEQF,10
TRBV7-9,TRBJ2-1,ASSLVTGPNNGQF,1
TRBV7-9,TRBJ2-1,ASSLVTGPSYNEQF,8
TRBV7-9,TRBJ2-1,ASSLVTGPVDYNEQF,1
TRBV7-9,TRBJ2-1,ASSLVTGPYNAQC,1
TRBV7-9,TRBJ2-1,ASSLVTGPYNEQF,6
TRBV7-9,TRBJ2-1,ASSLVTGQARDNEQF,1
TRBV7-9,TRBJ2-1,ASSLVTGQF,12
TRBV7-9,TRBJ2-1,ASSLVTGQGLDEQF,1
TRBV7-9,TRBJ2-1,ASSLVTGQGRGEQF,2
TRBV7-9,TRBJ2-1,ASSLVTGQLHSYNEQF,1
TRBV7-9,TRBJ2-1,ASSLVTGQPEQF,12
TRBV7-9,TRBJ2-1,ASSLVTGQYNEQF,1
TRBV7-9,TRBJ2-1,ASSLVTGRANEQF,1
TRBV7-9,TRBJ2-1,ASSLVTGRAYNEQF,25
TRBV7-9,TRBJ2-1,ASSLVTGRDDFWNEQF,11
TRBV7-9,TRBJ2-1,ASSLVTGRDEQF,2
TRBV7-9,TRBJ2-1,ASSLVTGREQF,13
TRBV7-9,TRBJ2-1,ASSLVTGRGDNEQF,1
TRBV7-9,TRBJ2-1,ASSLVTGRGEQF,4
TRBV7-9,TRBJ2-1,ASSLVTGRGQF,9
TRBV7-9,TRBJ2-1,ASSLVTGRGRRSYNEQF,1
TRBV7-9,TRBJ2-1,ASSLVTGRGSNEQF,1
TRBV7-9,TRBJ2-1,ASSLVTGRKGNEQF,1
TRBV7-9,TRBJ2-1,ASSLVTGRNEQF,3
TRBV7-9,TRBJ2-1,ASSLVTGRNNEQF,9
TRBV7-9,TRBJ2-1,ASSLVTGRPNEQF,1
TRBV7-9,TRBJ2-1,ASSLVTGRPVYKEQF,1
TRBV7-9,TRBJ2-1,ASSLVTGRPVYNEQF,8
TRBV7-9,TRBJ2-1,ASSLVTGRQANNEQF,3
TRBV7-9,TRBJ2-1,ASSLVTGRSDEQF,1
TRBV7-9,TRBJ2-1,ASSLVTGRSYNAQF,1
TRBV7-9,TRBJ2-1,ASSLVTGRSYNEQF,1
TRBV7-9,TRBJ2-1,ASSLVTGRVNEQF,2
TRBV7-9,TRBJ2-1,ASSLVTGRVSSYNEQF,1
TRBV7-9,TRBJ2-1,ASSLVTGRYNEQF,2
TRBV7-9,TRBJ2-1,ASSLVTGSDEQF,11
TRBV7-9,TRBJ2-1,ASSLVTGSEDEQF,1
TRBV7-9,TRBJ2-1,ASSLVTGSGEQF,5
TRBV7-9,TRBJ2-1,ASSLVTGSGIYNEQF,1
TRBV7-9,TRBJ2-1,ASSLVTGSGSYNEQF,1
TRBV7-9,TRBJ2-1,ASSLVTGSGVNNEQF,1
TRBV7-9,TRBJ2-1,ASSLVTGSHNEQF,1
TRBV7-9,TRBJ2-1,ASSLVTGSKRLTYNEQF,1
TRBV7-9,TRBJ2-1,ASSLVTGSLSSYNEQF,1
TRBV7-9,TRBJ2-1,ASSLVTGSNEQF,8
TRBV7-9,TRBJ2-1,ASSLVTGSNYNEQF,1
TRBV7-9,TRBJ2-1,ASSLVTGSPYFEQF,1
TRBV7-9,TRBJ2-1,ASSLVTGSRNEQF,1
TRBV7-9,TRBJ2-1,ASSLVTGSSNEQF,1
TRBV7-9,TRBJ2-1,ASSLVTGSSYDEQF,1
TRBV7-9,TRBJ2-1,ASSLVTGSSYNEQF,19
TRBV7-9,TRBJ2-1,ASSLVTGSYEPY,1
TRBV7-9,TRBJ2-1,ASSLVTGSYNDDL,1
TRBV7-9,TRBJ2-1,ASSLVTGSYNEQF,6
TRBV7-9,TRBJ2-1,ASSLVTGTADEQF,1
TRBV7-9,TRBJ2-1,ASSLVTGTEQF,12
TRBV7-9,TRBJ2-1,ASSLVTGTFQNEQF,1
TRBV7-9,TRBJ2-1,ASSLVTGTFSEQF,1
TRBV7-9,TRBJ2-1,ASSLVTGTGDNEQF,1
TRBV7-9,TRBJ2-1,ASSLVTGTGNYNEQF,1
TRBV7-9,TRBJ2-1,ASSLVTGTGTSNEQF,1
TRBV7-9,TRBJ2-1,ASSLVTGTHYNEQF,4
TRBV7-9,TRBJ2-1,ASSLVTGTKQF,5
TRBV7-9,TRBJ2-1,ASSLVTGTLQDNEQF,1
TRBV7-9,TRBJ2-1,ASSLVTGTNEQF,1
TRBV7-9,TRBJ2-1,ASSLVTGTNNEQF,1
TRBV7-9,TRBJ2-1,ASSLVTGTRIEQF,9
TRBV7-9,TRBJ2-1,ASSLVTGTRIEQY,1
TRBV7-9,TRBJ2-1,ASSLVTGTRLYNEQF,6
TRBV7-9,TRBJ2-1,ASSLVTGTRNEQF,1
TRBV7-9,TRBJ2-1,ASSLVTGTSGEQF,13
TRBV7-9,TRBJ2-1,ASSLVTGTSGKVDEQF,6
TRBV7-9,TRBJ2-1,ASSLVTGTSGNEQF,1
TRBV7-9,TRBJ2-1,ASSLVTGTSGSNEQF,10
TRBV7-9,TRBJ2-1,ASSLVTGTSHEQF,1
TRBV7-9,TRBJ2-1,ASSLVTGTSNEQF,7
TRBV7-9,TRBJ2-1,ASSLVTGTSTYNEQF,1
TRBV7-9,TRBJ2-1,ASSLVTGTSVNEQF,1
TRBV7-9,TRBJ2-1,ASSLVTGTSYNEQF,2
TRBV7-9,TRBJ2-1,ASSLVTGTVSFNEQF,1
TRBV7-9,TRBJ2-1,ASSLVTGTYNELF,1
TRBV7-9,TRBJ2-1,ASSLVTGTYNEQF,4
TRBV7-9,TRBJ2-1,ASSLVTGVAGYNEQF,1
TRBV7-9,TRBJ2-1,ASSLVTGVDEQF,1
TRBV7-9,TRBJ2-1,ASSLVTGVDNEQF,1
TRBV7-9,TRBJ2-1,ASSLVTGVDYNEQF,4
TRBV7-9,TRBJ2-1,ASSLVTGVGAYEQF,1
TRBV7-9,TRBJ2-1,ASSLVTGVGNDQV,1
TRBV7-9,TRBJ2-1,ASSLVTGVGNEQF,13
TRBV7-9,TRBJ2-1,ASSLVTGVGPNEQF,1
TRBV7-9,TRBJ2-1,ASSLVTGVLNNEQF,4
TRBV7-9,TRBJ2-1,ASSLVTGVNEQF,4
TRBV7-9,TRBJ2-1,ASSLVTGVNNEQF,1
TRBV7-9,TRBJ2-1,ASSLVTGVRNEQF,1
TRBV7-9,TRBJ2-1,ASSLVTGVRNYNAQF,1
TRBV7-9,TRBJ2-1,ASSLVTGVRNYNDQF,1
TRBV7-9,TRBJ2-1,ASSLVTGVRNYNEQF,27
TRBV7-9,TRBJ2-1,ASSLVTGVRNYNEQL,1
TRBV7-9,TRBJ2-1,ASSLVTGVSANEQF,1
TRBV7-9,TRBJ2-1,ASSLVTGVSYNEQF,1
TRBV7-9,TRBJ2-1,ASSLVTGVYEQF,1
TRBV7-9,TRBJ2-1,ASSLVTGVYNEQF,12
TRBV7-9,TRBJ2-1,ASSLVTGVYNVQV,1
TRBV7-9,TRBJ2-1,ASSLVTGVYSEQF,1
TRBV7-9,TRBJ2-1,ASSLVTGVYYNEQF,1
TRBV7-9,TRBJ2-1,ASSLVTGWDEQF,12
TRBV7-9,TRBJ2-1,ASSLVTGWGNEQF,1
TRBV7-9,TRBJ2-1,ASSLVTGWGTSGDEQF,1
TRBV7-9,TRBJ2-1,ASSLVTGWNEQF,1
TRBV7-9,TRBJ2-1,ASSLVTGWYEQF,3
TRBV7-9,TRBJ2-1,ASSLVTGWYNEQF,12
TRBV7-9,TRBJ2-1,ASSLVTGYDSYNEQF,1
TRBV7-9,TRBJ2-1,ASSLVTGYEQF,3
TRBV7-9,TRBJ2-1,ASSLVTGYGGEQF,9
TRBV7-9,TRBJ2-1,ASSLVTGYGNEQF,4
TRBV7-9,TRBJ2-1,ASSLVTGYNEQF,60
TRBV7-9,TRBJ2-1,ASSLVTGYNQQF,1
TRBV7-9,TRBJ2-1,ASSLVTGYNVQF,1
TRBV7-9,TRBJ2-1,ASSLVTGYPHNEQF,1
TRBV7-9,TRBJ2-1,ASSLVTGYSQF,10
TRBV7-9,TRBJ2-1,ASSLVTGYVGPGDEQF,2
TRBV7-9,TRBJ2-1,ASSLVTHAYNEQF,1
TRBV7-9,TRBJ2-1,ASSLVTHEQF,1
TRBV7-9,TRBJ2-1,ASSLVTHNEQF,3
TRBV7-9,TRBJ2-1,ASSLVTHRYNEQF,1
TRBV7-9,TRBJ2-1,ASSLVTHSYNEQF,7
TRBV7-9,TRBJ2-1,ASSLVTHSYNGQF,1
TRBV7-9,TRBJ2-1,ASSLVTHYNEQF,1
TRBV7-9,TRBJ2-1,ASSLVTIEQF,16
TRBV7-9,TRBJ2-1,ASSLVTIFDEQF,1
TRBV7-9,TRBJ2-1,ASSLVTIGLAGEYNEQF,1
TRBV7-9,TRBJ2-1,ASSLVTILAGEFSNEQF,1
TRBV7-9,TRBJ2-1,ASSLVTINEQF,1
TRBV7-9,TRBJ2-1,ASSLVTISGLNYEQF,1
TRBV7-9,TRBJ2-1,ASSLVTIVSNEQF,1
TRBV7-9,TRBJ2-1,ASSLVTIVSYNEQF,4
TRBV7-9,TRBJ2-1,ASSLVTIVTYNEQF,1
TRBV7-9,TRBJ2-1,ASSLVTIYNEQF,1
TRBV7-9,TRBJ2-1,ASSLVTKACNEQF,1
TRBV7-9,TRBJ2-1,ASSLVTKADNDQF,1
TRBV7-9,TRBJ2-1,ASSLVTKAHNEQF,1
TRBV7-9,TRBJ2-1,ASSLVTKAKDEQF,1
TRBV7-9,TRBJ2-1,ASSLVTKAYHEQF,1
TRBV7-9,TRBJ2-1,ASSLVTKAYIEQF,1
TRBV7-9,TRBJ2-1,ASSLVTKAYKEQF,1
TRBV7-9,TRBJ2-1,ASSLVTKAYNAQF,1
TRBV7-9,TRBJ2-1,ASSLVTKAYNDKF,1
TRBV7-9,TRBJ2-1,ASSLVTKAYNEHF,3
TRBV7-9,TRBJ2-1,ASSLVTKAYNEKF,4
TRBV7-9,TRBJ2-1,ASSLVTKAYNENF,1
TRBV7-9,TRBJ2-1,ASSLVTKAYNEQF,31
TRBV7-9,TRBJ2-1,ASSLVTKAYNEQL,2
TRBV7-9,TRBJ2-1,ASSLVTKAYNEQV,1
TRBV7-9,TRBJ2-1,ASSLVTKAYNEQY,1
TRBV7-9,TRBJ2-1,ASSLVTKAYNKQF,3
TRBV7-9,TRBJ2-1,ASSLVTKAYNKQV,1
TRBV7-9,TRBJ2-1,ASSLVTKAYNVQF,2
TRBV7-9,TRBJ2-1,ASSLVTKAYYEPF,1
TRBV7-9,TRBJ2-1,ASSLVTKDYNDQF,1
TRBV7-9,TRBJ2-1,ASSLVTKDYNEQF,2
TRBV7-9,TRBJ2-1,ASSLVTKEGNEQF,8
TRBV7-9,TRBJ2-1,ASSLVTKFYNEQV,1
TRBV7-9,TRBJ2-1,ASSLVTKGYNEQF,1
TRBV7-9,TRBJ2-1,ASSLVTKNFYNEQF,1
TRBV7-9,TRBJ2-1,ASSLVTKPYNDQF,1
TRBV7-9,TRBJ2-1,ASSLVTKPYNEQF,1
TRBV7-9,TRBJ2-1,ASSLVTKPYNNPF,1
TRBV7-9,TRBJ2-1,ASSLVTKQGLCNEQF,1
TRBV7-9,TRBJ2-1,ASSLVTKREAVNEQF,1
TRBV7-9,TRBJ2-1,ASSLVTKSYNDQV,1
TRBV7-9,TRBJ2-1,ASSLVTKTGNEQV,1
TRBV7-9,TRBJ2-1,ASSLVTKTYKKQF,1
TRBV7-9,TRBJ2-1,ASSLVTKVYNEQF,2
TRBV7-9,TRBJ2-1,ASSLVTLAEQF,2
TRBV7-9,TRBJ2-1,ASSLVTLAGAYNEQF,1
TRBV7-9,TRBJ2-1,ASSLVTLAGDEQF,1
TRBV7-9,TRBJ2-1,ASSLVTLAGGNEQF,10
TRBV7-9,TRBJ2-1,ASSLVTLAGGTRDEQF,1
TRBV7-9,TRBJ2-1,ASSLVTLAGLNEQF,1
TRBV7-9,TRBJ2-1,ASSLVTLASNNEQF,5
TRBV7-9,TRBJ2-1,ASSLVTLAYHEQF,1
TRBV7-9,TRBJ2-1,ASSLVTLAYNAHF,1
TRBV7-9,TRBJ2-1,ASSLVTLAYNEQF,2
TRBV7-9,TRBJ2-1,ASSLVTLAYSERF,1
TRBV7-9,TRBJ2-1,ASSLVTLDYKEKI,1
TRBV7-9,TRBJ2-1,ASSLVTLDYNEQF,1
TRBV7-9,TRBJ2-1,ASSLVTLEQF,13
TRBV7-9,TRBJ2-1,ASSLVTLGDEQF,1
TRBV7-9,TRBJ2-1,ASSLVTLGMSSYNEQF,1
TRBV7-9,TRBJ2-1,ASSLVTLGQFLYNEQF,1
TRBV7-9,TRBJ2-1,ASSLVTLGSGKF,1
TRBV7-9,TRBJ2-1,ASSLVTLGSSHEQF,9
TRBV7-9,TRBJ2-1,ASSLVTLGTSNEQF,1
TRBV7-9,TRBJ2-1,ASSLVTLGWNEQF,6
TRBV7-9,TRBJ2-1,ASSLVTLLSYNEQF,8
TRBV7-9,TRBJ2-1,ASSLVTLLSYNEQS,1
TRBV7-9,TRBJ2-1,ASSLVTLLYNEQF,1
TRBV7-9,TRBJ2-1,ASSLVTLNEQF,1
TRBV7-9,TRBJ2-1,ASSLVTLPSYNEQF,1
TRBV7-9,TRBJ2-1,ASSLVTLPYNEQF,9
TRBV7-9,TRBJ2-1,ASSLVTLRHNEQF,1
TRBV7-9,TRBJ2-1,ASSLVTLSSSYNEQF,1
TRBV7-9,TRBJ2-1,ASSLVTLSVLGMDNEQF,1
TRBV7-9,TRBJ2-1,ASSLVTLTGTYGNEQF,1
TRBV7-9,TRBJ2-1,ASSLVTLTNEQF,1
TRBV7-9,TRBJ2-1,ASSLVTLYNEQF,6
TRBV7-9,TRBJ2-1,ASSLVTMAYNEQF,2
TRBV7-9,TRBJ2-1,ASSLVTMAYNVQV,1
TRBV7-9,TRBJ2-1,ASSLVTMGLAGEYNEQF,2
TRBV7-9,TRBJ2-1,ASSLVTNALWDEQF,2
TRBV7-9,TRBJ2-1,ASSLVTNAYNENF,1
TRBV7-9,TRBJ2-1,ASSLVTNAYNEQF,1
TRBV7-9,TRBJ2-1,ASSLVTNEIQVHNEQF,15
TRBV7-9,TRBJ2-1,ASSLVTNEQF,23
TRBV7-9,TRBJ2-1,ASSLVTNGLGDEQF,9
TRBV7-9,TRBJ2-1,ASSLVTNHEQF,1
TRBV7-9,TRBJ2-1,ASSLVTNHNEQF,1
TRBV7-9,TRBJ2-1,ASSLVTNNEQF,9
TRBV7-9,TRBJ2-1,ASSLVTNSYNEQF,3
TRBV7-9,TRBJ2-1,ASSLVTNYNEQF,1
TRBV7-9,TRBJ2-1,ASSLVTPANEQF,1
TRBV7-9,TRBJ2-1,ASSLVTPAYNEQF,2
TRBV7-9,TRBJ2-1,ASSLVTPDEQF,2
TRBV7-9,TRBJ2-1,ASSLVTPEQF,16
TRBV7-9,TRBJ2-1,ASSLVTPFGEQF,9
TRBV7-9,TRBJ2-1,ASSLVTPGNEQF,1
TRBV7-9,TRBJ2-1,ASSLVTPGNNEQF,1
TRBV7-9,TRBJ2-1,ASSLVTPGVNEQF,1
TRBV7-9,TRBJ2-1,ASSLVTPLPAHEQF,1
TRBV7-9,TRBJ2-1,ASSLVTPNEQF,1
TRBV7-9,TRBJ2-1,ASSLVTPNNEQF,1
TRBV7-9,TRBJ2-1,ASSLVTPPGTSKYNEQF,1
TRBV7-9,TRBJ2-1,ASSLVTPPSGRAWGGNEQF,1
TRBV7-9,TRBJ2-1,ASSLVTPRQDEQF,1
TRBV7-9,TRBJ2-1,ASSLVTPRSSYNEQF,1
TRBV7-9,TRBJ2-1,ASSLVTPRTYNEQF,1
TRBV7-9,TRBJ2-1,ASSLVTPSGNLQFNEQF,1
TRBV7-9,TRBJ2-1,ASSLVTPSGRPDEQF,1
TRBV7-9,TRBJ2-1,ASSLVTPSGTPYNEQF,5
TRBV7-9,TRBJ2-1,ASSLVTPSGYEQF,1
TRBV7-9,TRBJ2-1,ASSLVTPSSNEQF,1
TRBV7-9,TRBJ2-1,ASSLVTPSYNEQF,1
TRBV7-9,TRBJ2-1,ASSLVTPTQVNEQF,12
TRBV7-9,TRBJ2-1,ASSLVTPVDEQF,1
TRBV7-9,TRBJ2-1,ASSLVTPVEEQF,14
TRBV7-9,TRBJ2-1,ASSLVTPVMTEQF,1
TRBV7-9,TRBJ2-1,ASSLVTPWGNEQF,1
TRBV7-9,TRBJ2-1,ASSLVTPYNEQF,4
TRBV7-9,TRBJ2-1,ASSLVTQANEQF,1
TRBV7-9,TRBJ2-1,ASSLVTQAYKEQF,1
TRBV7-9,TRBJ2-1,ASSLVTQAYNEHF,1
TRBV7-9,TRBJ2-1,ASSLVTQAYNEQF,5
TRBV7-9,TRBJ2-1,ASSLVTQAYNKQF,2
TRBV7-9,TRBJ2-1,ASSLVTQDYNDQF,1
TRBV7-9,TRBJ2-1,ASSLVTQEQF,8
TRBV7-9,TRBJ2-1,ASSLVTQGVNEQF,1
TRBV7-9,TRBJ2-1,ASSLVTQLAGASYNEQF,1
TRBV7-9,TRBJ2-1,ASSLVTQLNEQF,1
TRBV7-9,TRBJ2-1,ASSLVTQPYNEQF,1
TRBV7-9,TRBJ2-1,ASSLVTQSPNEHF,1
TRBV7-9,TRBJ2-1,ASSLVTQSPNEQF,14
TRBV7-9,TRBJ2-1,ASSLVTQSYNEQF,1
TRBV7-9,TRBJ2-1,ASSLVTQYGTSENEQF,1
TRBV7-9,TRBJ2-1,ASSLVTQYNEQF,2
TRBV7-9,TRBJ2-1,ASSLVTRAYNEQF,1
TRBV7-9,TRBJ2-1,ASSLVTRDDRDFHNEQF,13
TRBV7-9,TRBJ2-1,ASSLVTRDEQF,1
TRBV7-9,TRBJ2-1,ASSLVTRDNEQF,1
TRBV7-9,TRBJ2-1,ASSLVTREGLSDNEQF,1
TRBV7-9,TRBJ2-1,ASSLVTREHNEQF,1
TRBV7-9,TRBJ2-1,ASSLVTRENEQF,1
TRBV7-9,TRBJ2-1,ASSLVTRGDYNEQF,1
TRBV7-9,TRBJ2-1,ASSLVTRGNEQF,4
TRBV7-9,TRBJ2-1,ASSLVTRGPYNEQF,1
TRBV7-9,TRBJ2-1,ASSLVTRGYNEEF,1
TRBV7-9,TRBJ2-1,ASSLVTRHNEQF,1
TRBV7-9,TRBJ2-1,ASSLVTRINEQF,1
TRBV7-9,TRBJ2-1,ASSLVTRIVNEQF,1
TRBV7-9,TRBJ2-1,ASSLVTRIWYNEQF,1
TRBV7-9,TRBJ2-1,ASSLVTRIYNEQF,1
TRBV7-9,TRBJ2-1,ASSLVTRLALYNEQF,1
TRBV7-9,TRBJ2-1,ASSLVTRLEDEQF,1
TRBV7-9,TRBJ2-1,ASSLVTRNEQF,4
TRBV7-9,TRBJ2-1,ASSLVTRNLNSYNEQF,1
TRBV7-9,TRBJ2-1,ASSLVTRNNEQF,1
TRBV7-9,TRBJ2-1,ASSLVTRPGNEQF,1
TRBV7-9,TRBJ2-1,ASSLVTRPHEQF,4
TRBV7-9,TRBJ2-1,ASSLVTRRGNNEQF,1
TRBV7-9,TRBJ2-1,ASSLVTRRSNEQF,1
TRBV7-9,TRBJ2-1,ASSLVTRSDEQF,8
TRBV7-9,TRBJ2-1,ASSLVTRSFNEQF,1
TRBV7-9,TRBJ2-1,ASSLVTRSNEQF,1
TRBV7-9,TRBJ2-1,ASSLVTRSPLGPLHNEQF,3
TRBV7-9,TRBJ2-1,ASSLVTRSSYNEQF,8
TRBV7-9,TRBJ2-1,ASSLVTRSYNEQF,1
TRBV7-9,TRBJ2-1,ASSLVTRTGDHNEQF,1
TRBV7-9,TRBJ2-1,ASSLVTRTGGMNEQF,5
TRBV7-9,TRBJ2-1,ASSLVTRTGNEQF,14
TRBV7-9,TRBJ2-1,ASSLVTRTYRNEQF,1
TRBV7-9,TRBJ2-1,ASSLVTRYNEQF,5
TRBV7-9,TRBJ2-1,ASSLVTSAEQF,8
TRBV7-9,TRBJ2-1,ASSLVTSAGESYNEQF,1
TRBV7-9,TRBJ2-1,ASSLVTSALHNEQF,1
TRBV7-9,TRBJ2-1,ASSLVTSAPMSYNEQF,1
TRBV7-9,TRBJ2-1,ASSLVTSAPYNEQF,1
TRBV7-9,TRBJ2-1,ASSLVTSARSNEQF,1
TRBV7-9,TRBJ2-1,ASSLVTSASSYNEQF,12
TRBV7-9,TRBJ2-1,ASSLVTSAYNEQF,4
TRBV7-9,TRBJ2-1,ASSLVTSAYTDQF,1
TRBV7-9,TRBJ2-1,ASSLVTSAYTEQF,1
TRBV7-9,TRBJ2-1,ASSLVTSDEQF,10
TRBV7-9,TRBJ2-1,ASSLVTSDGNEQF,1
TRBV7-9,TRBJ2-1,ASSLVTSDKNEQF,1
TRBV7-9,TRBJ2-1,ASSLVTSDNEQF,2
TRBV7-9,TRBJ2-1,ASSLVTSEEQF,14
TRBV7-9,TRBJ2-1,ASSLVTSEF,8
TRBV7-9,TRBJ2-1,ASSLVTSEIYNEQF,1
TRBV7-9,TRBJ2-1,ASSLVTSENEQF,1
TRBV7-9,TRBJ2-1,ASSLVTSENNEQF,1
TRBV7-9,TRBJ2-1,ASSLVTSEYNEQF,1
TRBV7-9,TRBJ2-1,ASSLVTSFQVSYNEQF,1
TRBV7-9,TRBJ2-1,ASSLVTSGAFNEQF,4
TRBV7-9,TRBJ2-1,ASSLVTSGAGNEQF,1
TRBV7-9,TRBJ2-1,ASSLVTSGANNEQF,4
TRBV7-9,TRBJ2-1,ASSLVTSGAYNEQF,2
TRBV7-9,TRBJ2-1,ASSLVTSGDEQF,13
TRBV7-9,TRBJ2-1,ASSLVTSGDNEQF,8
TRBV7-9,TRBJ2-1,ASSLVTSGDYNEQF,1
TRBV7-9,TRBJ2-1,ASSLVTSGEFLYNEQF,1
TRBV7-9,TRBJ2-1,ASSLVTSGENEQF,1
TRBV7-9,TRBJ2-1,ASSLVTSGEQF,10
TRBV7-9,TRBJ2-1,ASSLVTSGEYFSYNEQF,1
TRBV7-9,TRBJ2-1,ASSLVTSGEYNEQF,2
TRBV7-9,TRBJ2-1,ASSLVTSGFGNEQF,1
TRBV7-9,TRBJ2-1,ASSLVTSGFYNEQF,1
TRBV7-9,TRBJ2-1,ASSLVTSGGADEQF,1
TRBV7-9,TRBJ2-1,ASSLVTSGGDEQF,2
TRBV7-9,TRBJ2-1,ASSLVTSGGHEQF,1
TRBV7-9,TRBJ2-1,ASSLVTSGGLDNEQF,3
TRBV7-9,TRBJ2-1,ASSLVTSGGLEQC,1
TRBV7-9,TRBJ2-1,ASSLVTSGGLEQF,1
TRBV7-9,TRBJ2-1,ASSLVTSGGPVFHNEQF,1
TRBV7-9,TRBJ2-1,ASSLVTSGGPWNEQF,1
TRBV7-9,TRBJ2-1,ASSLVTSGGRDEQF,7
TRBV7-9,TRBJ2-1,ASSLVTSGGSNNERF,1
TRBV7-9,TRBJ2-1,ASSLVTSGGSYNEQF,3
TRBV7-9,TRBJ2-1,ASSLVTSGGTDEQF,12
TRBV7-9,TRBJ2-1,ASSLVTSGGTEQF,1
TRBV7-9,TRBJ2-1,ASSLVTSGGVYNEQF,1
TRBV7-9,TRBJ2-1,ASSLVTSGGYNEQF,3
TRBV7-9,TRBJ2-1,ASSLVTSGHEQF,1
TRBV7-9,TRBJ2-1,ASSLVTSGHNEQF,6
TRBV7-9,TRBJ2-1,ASSLVTSGIDEQF,1
TRBV7-9,TRBJ2-1,ASSLVTSGIGNEQF,1
TRBV7-9,TRBJ2-1,ASSLVTSGINEQF,18
TRBV7-9,TRBJ2-1,ASSLVTSGINNEQF,1
TRBV7-9,TRBJ2-1,ASSLVTSGIPPVHNEQF,1
TRBV7-9,TRBJ2-1,ASSLVTSGIRITNEQF,1
TRBV7-9,TRBJ2-1,ASSLVTSGIYNEQF,1
TRBV7-9,TRBJ2-1,ASSLVTSGKAYNEQF,2
TRBV7-9,TRBJ2-1,ASSLVTSGKDEQF,1
TRBV7-9,TRBJ2-1,ASSLVTSGKNEQF,2
TRBV7-9,TRBJ2-1,ASSLVTSGKPRNEQF,1
TRBV7-9,TRBJ2-1,ASSLVTSGLGDEQF,1
TRBV7-9,TRBJ2-1,ASSLVTSGLGNEQF,8
TRBV7-9,TRBJ2-1,ASSLVTSGLGSYNEQF,1
TRBV7-9,TRBJ2-1,ASSLVTSGLWNEQF,1
TRBV7-9,TRBJ2-1,ASSLVTSGLYNEQF,3
TRBV7-9,TRBJ2-1,ASSLVTSGMGNEQF,1
TRBV7-9,TRBJ2-1,ASSLVTSGMNEQF,7
TRBV7-9,TRBJ2-1,ASSLVTSGMNNEQF,1
TRBV7-9,TRBJ2-1,ASSLVTSGMYDYNEQF,1
TRBV7-9,TRBJ2-1,ASSLVTSGMYNEQF,1
TRBV7-9,TRBJ2-1,ASSLVTSGNEQF,16
TRBV7-9,TRBJ2-1,ASSLVTSGNHEQF,3
TRBV7-9,TRBJ2-1,ASSLVTSGNNEQF,20
TRBV7-9,TRBJ2-1,ASSLVTSGNSYNAQF,1
TRBV7-9,TRBJ2-1,ASSLVTSGNSYNEQF,1
TRBV7-9,TRBJ2-1,ASSLVTSGNYDEQF,1
TRBV7-9,TRBJ2-1,ASSLVTSGNYNAQF,1
TRBV7-9,TRBJ2-1,ASSLVTSGNYNEQF,15
TRBV7-9,TRBJ2-1,ASSLVTSGPGNEQF,1
TRBV7-9,TRBJ2-1,ASSLVTSGPYNEQF,2
TRBV7-9,TRBJ2-1,ASSLVTSGQNEQF,1
TRBV7-9,TRBJ2-1,ASSLVTSGRAGNEQF,1
TRBV7-9,TRBJ2-1,ASSLVTSGRANEQF,3
TRBV7-9,TRBJ2-1,ASSLVTSGRANINEQF,1
TRBV7-9,TRBJ2-1,ASSLVTSGRAPSYNEQF,4
TRBV7-9,TRBJ2-1,ASSLVTSGRARVGNEQF,1
TRBV7-9,TRBJ2-1,ASSLVTSGRAYNEQF,1
TRBV7-9,TRBJ2-1,ASSLVTSGRDEQF,3
TRBV7-9,TRBJ2-1,ASSLVTSGRDNEQF,6
TRBV7-9,TRBJ2-1,ASSLVTSGRDNNEQF,1
TRBV7-9,TRBJ2-1,ASSLVTSGRENSYNEQF,1
TRBV7-9,TRBJ2-1,ASSLVTSGRFPYNEQF,1
TRBV7-9,TRBJ2-1,ASSLVTSGRGDNEQF,1
TRBV7-9,TRBJ2-1,ASSLVTSGRGNEQF,2
TRBV7-9,TRBJ2-1,ASSLVTSGRGPIGNEQF,1
TRBV7-9,TRBJ2-1,ASSLVTSGRGYNEQF,2
TRBV7-9,TRBJ2-1,ASSLVTSGRHNEQF,1
TRBV7-9,TRBJ2-1,ASSLVTSGRHYNEQF,1
TRBV7-9,TRBJ2-1,ASSLVTSGRINEQF,1
TRBV7-9,TRBJ2-1,ASSLVTSGRLNEQF,1
TRBV7-9,TRBJ2-1,ASSLVTSGRNEQF,25
TRBV7-9,TRBJ2-1,ASSLVTSGRNNEQF,9
TRBV7-9,TRBJ2-1,ASSLVTSGRNSYNEQF,1
TRBV7-9,TRBJ2-1,ASSLVTSGRPNEQF,5
TRBV7-9,TRBJ2-1,ASSLVTSGRPSYNEQF,1
TRBV7-9,TRBJ2-1,ASSLVTSGRQYNEQF,1
TRBV7-9,TRBJ2-1,ASSLVTSGRRNEQF,7
TRBV7-9,TRBJ2-1,ASSLVTSGRRYNEQF,1
TRBV7-9,TRBJ2-1,ASSLVTSGRSHEQF,4
TRBV7-9,TRBJ2-1,ASSLVTSGRSYNEQF,7
TRBV7-9,TRBJ2-1,ASSLVTSGRTEQF,35
TRBV7-9,TRBJ2-1,ASSLVTSGRTEQL,2
TRBV7-9,TRBJ2-1,ASSLVTSGRTYNEQF,1
TRBV7-9,TRBJ2-1,ASSLVTSGRVNEQF,2
TRBV7-9,TRBJ2-1,ASSLVTSGRVYNEQF,7
TRBV7-9,TRBJ2-1,ASSLVTSGRWNEQF,6
TRBV7-9,TRBJ2-1,ASSLVTSGRYEQF,1
TRBV7-9,TRBJ2-1,ASSLVTSGSDEQF,10
TRBV7-9,TRBJ2-1,ASSLVTSGSDLNEQF,6
TRBV7-9,TRBJ2-1,ASSLVTSGSGAYNEQF,1
TRBV7-9,TRBJ2-1,ASSLVTSGSGNEQF,2
TRBV7-9,TRBJ2-1,ASSLVTSGSGYNEQF,1
TRBV7-9,TRBJ2-1,ASSLVTSGSIEQF,1
TRBV7-9,TRBJ2-1,ASSLVTSGSLDEQF,1
TRBV7-9,TRBJ2-1,ASSLVTSGSLNEQF,2
TRBV7-9,TRBJ2-1,ASSLVTSGSLQF,4
TRBV7-9,TRBJ2-1,ASSLVTSGSLSYNEQF,2
TRBV7-9,TRBJ2-1,ASSLVTSGSNEQF,29
TRBV7-9,TRBJ2-1,ASSLVTSGSPAYNEQF,1
TRBV7-9,TRBJ2-1,ASSLVTSGSPRMDEQF,1
TRBV7-9,TRBJ2-1,ASSLVTSGSRYNEQF,1
TRBV7-9,TRBJ2-1,ASSLVTSGSSYKEQF,1
TRBV7-9,TRBJ2-1,ASSLVTSGSSYNEQF,9
TRBV7-9,TRBJ2-1,ASSLVTSGSTYNEQF,1
TRBV7-9,TRBJ2-1,ASSLVTSGSVFYNEQF,2
TRBV7-9,TRBJ2-1,ASSLVTSGSYEQF,2
TRBV7-9,TRBJ2-1,ASSLVTSGSYNEQF,14
TRBV7-9,TRBJ2-1,ASSLVTSGTDEQF,3
TRBV7-9,TRBJ2-1,ASSLVTSGTIHGTEQF,12
TRBV7-9,TRBJ2-1,ASSLVTSGTNEQF,1
TRBV7-9,TRBJ2-1,ASSLVTSGTNNEQF,1
TRBV7-9,TRBJ2-1,ASSLVTSGTPSSYNEQF,12
TRBV7-9,TRBJ2-1,ASSLVTSGTRNEQF,1
TRBV7-9,TRBJ2-1,ASSLVTSGTSSYNEQF,1
TRBV7-9,TRBJ2-1,ASSLVTSGTYNEQF,3
TRBV7-9,TRBJ2-1,ASSLVTSGVDEQF,1
TRBV7-9,TRBJ2-1,ASSLVTSGVDNEQF,13
TRBV7-9,TRBJ2-1,ASSLVTSGVHNEQF,1
TRBV7-9,TRBJ2-1,ASSLVTSGVNELF,1
TRBV7-9,TRBJ2-1,ASSLVTSGVNEQF,25
TRBV7-9,TRBJ2-1,ASSLVTSGVNYNEQF,3
TRBV7-9,TRBJ2-1,ASSLVTSGVSSYNEQF,1
TRBV7-9,TRBJ2-1,ASSLVTSGVYEQF,1
TRBV7-9,TRBJ2-1,ASSLVTSGWDEQF,1
TRBV7-9,TRBJ2-1,ASSLVTSGWSYNEQF,1
TRBV7-9,TRBJ2-1,ASSLVTSGYNEQF,43
TRBV7-9,TRBJ2-1,ASSLVTSGYSDEQF,1
TRBV7-9,TRBJ2-1,ASSLVTSGYYNEQF,3
TRBV7-9,TRBJ2-1,ASSLVTSHEQF,7
TRBV7-9,TRBJ2-1,ASSLVTSHGYEQF,1
TRBV7-9,TRBJ2-1,ASSLVTSHNEQF,1
TRBV7-9,TRBJ2-1,ASSLVTSISSYNEQF,1
TRBV7-9,TRBJ2-1,ASSLVTSKRSYNEQF,1
TRBV7-9,TRBJ2-1,ASSLVTSLNEQF,1
TRBV7-9,TRBJ2-1,ASSLVTSNEQF,11
TRBV7-9,TRBJ2-1,ASSLVTSNVGNEQF,2
TRBV7-9,TRBJ2-1,ASSLVTSPEQF,2
TRBV7-9,TRBJ2-1,ASSLVTSPHEQF,7
TRBV7-9,TRBJ2-1,ASSLVTSPNEQF,1
TRBV7-9,TRBJ2-1,ASSLVTSPWDEQF,1
TRBV7-9,TRBJ2-1,ASSLVTSPYNEQF,11
TRBV7-9,TRBJ2-1,ASSLVTSQNEQF,1
TRBV7-9,TRBJ2-1,ASSLVTSRDEQF,1
TRBV7-9,TRBJ2-1,ASSLVTSRDNEPF,1
TRBV7-9,TRBJ2-1,ASSLVTSRDNEQF,14
TRBV7-9,TRBJ2-1,ASSLVTSREQF,1
TRBV7-9,TRBJ2-1,ASSLVTSRGNEQF,1
TRBV7-9,TRBJ2-1,ASSLVTSRGYEQF,1
TRBV7-9,TRBJ2-1,ASSLVTSRNEQF,3
TRBV7-9,TRBJ2-1,ASSLVTSRSYNEQF,2
TRBV7-9,TRBJ2-1,ASSLVTSRTEQY,1
TRBV7-9,TRBJ2-1,ASSLVTSRYEQF,3
TRBV7-9,TRBJ2-1,ASSLVTSRYNEKF,1
TRBV7-9,TRBJ2-1,ASSLVTSRYNEQF,18
TRBV7-9,TRBJ2-1,ASSLVTSSEQF,11
TRBV7-9,TRBJ2-1,ASSLVTSSNEQF,1
TRBV7-9,TRBJ2-1,ASSLVTSSPDEQF,1
TRBV7-9,TRBJ2-1,ASSLVTSSSYNEQF,9
TRBV7-9,TRBJ2-1,ASSLVTSSYNEQF,32
TRBV7-9,TRBJ2-1,ASSLVTSSYNEQS,1
TRBV7-9,TRBJ2-1,ASSLVTSSYYNEQF,1
TRBV7-9,TRBJ2-1,ASSLVTSTHEQF,1
TRBV7-9,TRBJ2-1,ASSLVTSTNEQF,1
TRBV7-9,TRBJ2-1,ASSLVTSVDEQF,3
TRBV7-9,TRBJ2-1,ASSLVTSVNEQF,5
TRBV7-9,TRBJ2-1,ASSLVTSVPHNEQF,1
TRBV7-9,TRBJ2-1,ASSLVTSVPYNEQF,1
TRBV7-9,TRBJ2-1,ASSLVTSVRGSNEQF,8
TRBV7-9,TRBJ2-1,ASSLVTSVSNEQF,3
TRBV7-9,TRBJ2-1,ASSLVTSVVDEQF,1
TRBV7-9,TRBJ2-1,ASSLVTSWNEQF,6
TRBV7-9,TRBJ2-1,ASSLVTSWYNEQF,1
TRBV7-9,TRBJ2-1,ASSLVTSYEQF,1
TRBV7-9,TRBJ2-1,ASSLVTSYFSYNEQF,1
TRBV7-9,TRBJ2-1,ASSLVTSYNEQF,13
TRBV7-9,TRBJ2-1,ASSLVTTAYHEKF,1
TRBV7-9,TRBJ2-1,ASSLVTTAYNEQF,2
TRBV7-9,TRBJ2-1,ASSLVTTAYNVQF,1
TRBV7-9,TRBJ2-1,ASSLVTTDYNEQF,1
TRBV7-9,TRBJ2-1,ASSLVTTEQF,1
TRBV7-9,TRBJ2-1,ASSLVTTGEVDDQF,1
TRBV7-9,TRBJ2-1,ASSLVTTGEVDEKF,1
TRBV7-9,TRBJ2-1,ASSLVTTGEVDELF,1
TRBV7-9,TRBJ2-1,ASSLVTTGEVDEQF,27
TRBV7-9,TRBJ2-1,ASSLVTTGEVDEQI,1
TRBV7-9,TRBJ2-1,ASSLVTTGEVHEQF,1
TRBV7-9,TRBJ2-1,ASSLVTTGEVYEQF,1
TRBV7-9,TRBJ2-1,ASSLVTTGGHYNEQF,1
TRBV7-9,TRBJ2-1,ASSLVTTGGTLHNEQF,1
TRBV7-9,TRBJ2-1,ASSLVTTGKQNEQF,4
TRBV7-9,TRBJ2-1,ASSLVTTGQF,9
TRBV7-9,TRBJ2-1,ASSLVTTGSGEQF,7
TRBV7-9,TRBJ2-1,ASSLVTTGTGYNEQF,3
TRBV7-9,TRBJ2-1,ASSLVTTGVVDEQF,2
TRBV7-9,TRBJ2-1,ASSLVTTGVYEQF,1
TRBV7-9,TRBJ2-1,ASSLVTTGYNEQF,2
TRBV7-9,TRBJ2-1,ASSLVTTHEQF,1
TRBV7-9,TRBJ2-1,ASSLVTTNEQF,2
TRBV7-9,TRBJ2-1,ASSLVTTNYNEQF,1
TRBV7-9,TRBJ2-1,ASSLVTTPGNEQF,16
TRBV7-9,TRBJ2-1,ASSLVTTPGYEQF,1
TRBV7-9,TRBJ2-1,ASSLVTTPYNEQF,1
TRBV7-9,TRBJ2-1,ASSLVTTSGGINEQF,1
TRBV7-9,TRBJ2-1,ASSLVTTSGGNEQF,1
TRBV7-9,TRBJ2-1,ASSLVTTSGIFDEQF,1
TRBV7-9,TRBJ2-1,ASSLVTTSGIYNEQF,1
TRBV7-9,TRBJ2-1,ASSLVTTSYNEQF,1
TRBV7-9,TRBJ2-1,ASSLVTTTSGANNEQF,1
TRBV7-9,TRBJ2-1,ASSLVTTTYNEQF,1
TRBV7-9,TRBJ2-1,ASSLVTTVYEQF,5
TRBV7-9,TRBJ2-1,ASSLVTTVYNEQF,2
TRBV7-9,TRBJ2-1,ASSLVTTYIEQF,1
TRBV7-9,TRBJ2-1,ASSLVTTYNEQF,36
TRBV7-9,TRBJ2-1,ASSLVTTYNEQV,1
TRBV7-9,TRBJ2-1,ASSLVTVADIEQF,1
TRBV7-9,TRBJ2-1,ASSLVTVAENEQF,1
TRBV7-9,TRBJ2-1,ASSLVTVAFDEQF,1
TRBV7-9,TRBJ2-1,ASSLVTVAFNAEF,1
TRBV7-9,TRBJ2-1,ASSLVTVAHNEQF,5
TRBV7-9,TRBJ2-1,ASSLVTVALNEQF,1
TRBV7-9,TRBJ2-1,ASSLVTVANNEQF,1
TRBV7-9,TRBJ2-1,ASSLVTVASDEQF,1
TRBV7-9,TRBJ2-1,ASSLVTVAYHEQF,1
TRBV7-9,TRBJ2-1,ASSLVTVAYHVQF,1
TRBV7-9,TRBJ2-1,ASSLVTVAYIAPF,1
TRBV7-9,TRBJ2-1,ASSLVTVAYIEQF,2
TRBV7-9,TRBJ2-1,ASSLVTVAYIGQI,1
TRBV7-9,TRBJ2-1,ASSLVTVAYKEQF,2
TRBV7-9,TRBJ2-1,ASSLVTVAYNAEC,1
TRBV7-9,TRBJ2-1,ASSLVTVAYNAQF,11
TRBV7-9,TRBJ2-1,ASSLVTVAYNDEF,1
TRBV7-9,TRBJ2-1,ASSLVTVAYNDQC,1
TRBV7-9,TRBJ2-1,ASSLVTVAYNDQF,4
TRBV7-9,TRBJ2-1,ASSLVTVAYNDQV,2
TRBV7-9,TRBJ2-1,ASSLVTVAYNEEF,2
TRBV7-9,TRBJ2-1,ASSLVTVAYNEEI,1
TRBV7-9,TRBJ2-1,ASSLVTVAYNEHF,1
TRBV7-9,TRBJ2-1,ASSLVTVAYNEKF,10
TRBV7-9,TRBJ2-1,ASSLVTVAYNELF,2
TRBV7-9,TRBJ2-1,ASSLVTVAYNEPF,2
TRBV7-9,TRBJ2-1,ASSLVTVAYNEQC,3
TRBV7-9,TRBJ2-1,ASSLVTVAYNEQF,125
TRBV7-9,TRBJ2-1,ASSLVTVAYNEQI,1
TRBV7-9,TRBJ2-1,ASSLVTVAYNEQL,1
TRBV7-9,TRBJ2-1,ASSLVTVAYNEQV,7
TRBV7-9,TRBJ2-1,ASSLVTVAYNEQY,2
TRBV7-9,TRBJ2-1,ASSLVTVAYNETF,1
TRBV7-9,TRBJ2-1,ASSLVTVAYNGQI,1
TRBV7-9,TRBJ2-1,ASSLVTVAYNIPF,1
TRBV7-9,TRBJ2-1,ASSLVTVAYNKQF,4
TRBV7-9,TRBJ2-1,ASSLVTVAYNNQF,1
TRBV7-9,TRBJ2-1,ASSLVTVAYNVQF,3
TRBV7-9,TRBJ2-1,ASSLVTVAYSDQF,1
TRBV7-9,TRBJ2-1,ASSLVTVAYSEQF,1
TRBV7-9,TRBJ2-1,ASSLVTVAYTEPF,1
TRBV7-9,TRBJ2-1,ASSLVTVAYTGQF,1
TRBV7-9,TRBJ2-1,ASSLVTVAYYENF,1
TRBV7-9,TRBJ2-1,ASSLVTVDYKEQF,1
TRBV7-9,TRBJ2-1,ASSLVTVDYNDQI,1
TRBV7-9,TRBJ2-1,ASSLVTVDYNELT,1
TRBV7-9,TRBJ2-1,ASSLVTVDYNEQF,4
TRBV7-9,TRBJ2-1,ASSLVTVDYNKQF,1
TRBV7-9,TRBJ2-1,ASSLVTVDYRQQI,1
TRBV7-9,TRBJ2-1,ASSLVTVEQF,4
TRBV7-9,TRBJ2-1,ASSLVTVFYNDQF,1
TRBV7-9,TRBJ2-1,ASSLVTVFYNEHV,1
TRBV7-9,TRBJ2-1,ASSLVTVGNEQF,1
TRBV7-9,TRBJ2-1,ASSLVTVGSNVQF,1
TRBV7-9,TRBJ2-1,ASSLVTVGYNEPF,1
TRBV7-9,TRBJ2-1,ASSLVTVGYNEQF,4
TRBV7-9,TRBJ2-1,ASSLVTVGYNKQF,1
TRBV7-9,TRBJ2-1,ASSLVTVGYNVRF,1
TRBV7-9,TRBJ2-1,ASSLVTVHNEQF,1
TRBV7-9,TRBJ2-1,ASSLVTVLYSEPF,1
TRBV7-9,TRBJ2-1,ASSLVTVNEQF,6
TRBV7-9,TRBJ2-1,ASSLVTVPSNEQI,1
TRBV7-9,TRBJ2-1,ASSLVTVPYEQF,1
TRBV7-9,TRBJ2-1,ASSLVTVPYKEQF,1
TRBV7-9,TRBJ2-1,ASSLVTVPYNAQF,2
TRBV7-9,TRBJ2-1,ASSLVTVPYNEQF,10
TRBV7-9,TRBJ2-1,ASSLVTVSSYNEQF,2
TRBV7-9,TRBJ2-1,ASSLVTVSYNEHF,2
TRBV7-9,TRBJ2-1,ASSLVTVSYNEPF,2
TRBV7-9,TRBJ2-1,ASSLVTVSYNEQF,17
TRBV7-9,TRBJ2-1,ASSLVTVSYNVQV,1
TRBV7-9,TRBJ2-1,ASSLVTVTHNEQF,1
TRBV7-9,TRBJ2-1,ASSLVTVTSYNEQF,2
TRBV7-9,TRBJ2-1,ASSLVTVVYLEQF,1
TRBV7-9,TRBJ2-1,ASSLVTVVYNAQF,1
TRBV7-9,TRBJ2-1,ASSLVTVVYNDHF,1
TRBV7-9,TRBJ2-1,ASSLVTVVYNEHF,1
TRBV7-9,TRBJ2-1,ASSLVTVVYNEKF,1
TRBV7-9,TRBJ2-1,ASSLVTVVYNEPF,2
TRBV7-9,TRBJ2-1,ASSLVTVVYNEQF,6
TRBV7-9,TRBJ2-1,ASSLVTVVYNVPF,1
TRBV7-9,TRBJ2-1,ASSLVTVVYYEQF,1
TRBV7-9,TRBJ2-1,ASSLVTVYNEQF,27
TRBV7-9,TRBJ2-1,ASSLVTVYNERF,1
TRBV7-9,TRBJ2-1,ASSLVTWASGTYNEQF,1
TRBV7-9,TRBJ2-1,ASSLVTWAYNDQF,1
TRBV7-9,TRBJ2-1,ASSLVTWGDRLNEQF,1
TRBV7-9,TRBJ2-1,ASSLVTWGNEQF,3
TRBV7-9,TRBJ2-1,ASSLVTWGTSYNEQF,3
TRBV7-9,TRBJ2-1,ASSLVTWSGGDYNEQF,11
TRBV7-9,TRBJ2-1,ASSLVTWTSGYNEQF,1
TRBV7-9,TRBJ2-1,ASSLVTWTVNEQF,3
TRBV7-9,TRBJ2-1,ASSLVTWVGDNEQF,1
TRBV7-9,TRBJ2-1,ASSLVTWVSEQF,7
TRBV7-9,TRBJ2-1,ASSLVTWVSEQL,1
TRBV7-9,TRBJ2-1,ASSLVTWVYSEQF,1
TRBV7-9,TRBJ2-1,ASSLVTYANEQF,2
TRBV7-9,TRBJ2-1,ASSLVTYAYNEQF,5
TRBV7-9,TRBJ2-1,ASSLVTYAYNEQV,1
TRBV7-9,TRBJ2-1,ASSLVTYAYNKQF,1
TRBV7-9,TRBJ2-1,ASSLVTYDEQF,2
TRBV7-9,TRBJ2-1,ASSLVTYENEQF,5
TRBV7-9,TRBJ2-1,ASSLVTYEQF,7
TRBV7-9,TRBJ2-1,ASSLVTYGPAYNEQF,1
TRBV7-9,TRBJ2-1,ASSLVTYGRVSYNEQF,1
TRBV7-9,TRBJ2-1,ASSLVTYGYEQF,1
TRBV7-9,TRBJ2-1,ASSLVTYGYNEQF,1
TRBV7-9,TRBJ2-1,ASSLVTYLYNEQF,1
TRBV7-9,TRBJ2-1,ASSLVTYNEQF,34
TRBV7-9,TRBJ2-1,ASSLVTYSSGPYNEQF,1
TRBV7-9,TRBJ2-1,ASSLVTYVYNEHF,1
TRBV7-9,TRBJ2-1,ASSLVTYYNEQF,11
TRBV7-9,TRBJ2-1,ASSLVVAADNEQF,1
TRBV7-9,TRBJ2-1,ASSLVVAAGNEQF,1
TRBV7-9,TRBJ2-1,ASSLVVAAHGNEQF,1
TRBV7-9,TRBJ2-1,ASSLVVAANEQF,1
TRBV7-9,TRBJ2-1,ASSLVVAAPYNEQF,1
TRBV7-9,TRBJ2-1,ASSLVVAASDYNEQF,1
TRBV7-9,TRBJ2-1,ASSLVVAAVNAYNEQF,1
TRBV7-9,TRBJ2-1,ASSLVVAAYNEQF,1
TRBV7-9,TRBJ2-1,ASSLVVAAYNKPF,1
TRBV7-9,TRBJ2-1,ASSLVVADEQF,9
TRBV7-9,TRBJ2-1,ASSLVVADTGGLYNEQF,9
TRBV7-9,TRBJ2-1,ASSLVVADYNEQF,2
TRBV7-9,TRBJ2-1,ASSLVVAEANEQF,11
TRBV7-9,TRBJ2-1,ASSLVVAEDNEQF,1
TRBV7-9,TRBJ2-1,ASSLVVAEGNNEQF,1
TRBV7-9,TRBJ2-1,ASSLVVAEQF,15
TRBV7-9,TRBJ2-1,ASSLVVAFEKF,1
TRBV7-9,TRBJ2-1,ASSLVVAGAGVVNEQF,2
TRBV7-9,TRBJ2-1,ASSLVVAGALSSYNEQF,1
TRBV7-9,TRBJ2-1,ASSLVVAGANEQF,1
TRBV7-9,TRBJ2-1,ASSLVVAGAPNEQF,1
TRBV7-9,TRBJ2-1,ASSLVVAGASNEQF,1
TRBV7-9,TRBJ2-1,ASSLVVAGATYNEQF,1
TRBV7-9,TRBJ2-1,ASSLVVAGDFHNEQF,1
TRBV7-9,TRBJ2-1,ASSLVVAGDNEQF,3
TRBV7-9,TRBJ2-1,ASSLVVAGDQF,1
TRBV7-9,TRBJ2-1,ASSLVVAGDQKQF,24
TRBV7-9,TRBJ2-1,ASSLVVAGDRNEQF,1
TRBV7-9,TRBJ2-1,ASSLVVAGDRWQF,1
TRBV7-9,TRBJ2-1,ASSLVVAGDWGNEQF,1
TRBV7-9,TRBJ2-1,ASSLVVAGDYNEQF,10
TRBV7-9,TRBJ2-1,ASSLVVAGEMAEQF,4
TRBV7-9,TRBJ2-1,ASSLVVAGEQF,9
TRBV7-9,TRBJ2-1,ASSLVVAGEYNEQF,1
TRBV7-9,TRBJ2-1,ASSLVVAGGDEQF,1
TRBV7-9,TRBJ2-1,ASSLVVAGGEQF,2
TRBV7-9,TRBJ2-1,ASSLVVAGGGNEQF,1
TRBV7-9,TRBJ2-1,ASSLVVAGGHDEQF,1
TRBV7-9,TRBJ2-1,ASSLVVAGGHNEQF,7
TRBV7-9,TRBJ2-1,ASSLVVAGGNEQF,23
TRBV7-9,TRBJ2-1,ASSLVVAGGNNEQF,3
TRBV7-9,TRBJ2-1,ASSLVVAGGPDEQF,1
TRBV7-9,TRBJ2-1,ASSLVVAGGPLDEQF,1
TRBV7-9,TRBJ2-1,ASSLVVAGGPYEQF,1
TRBV7-9,TRBJ2-1,ASSLVVAGGQDEQF,5
TRBV7-9,TRBJ2-1,ASSLVVAGGRDEQF,11
TRBV7-9,TRBJ2-1,ASSLVVAGGRNEQF,2
TRBV7-9,TRBJ2-1,ASSLVVAGGSYNEQF,1
TRBV7-9,TRBJ2-1,ASSLVVAGGVGVYNEQF,1
TRBV7-9,TRBJ2-1,ASSLVVAGGYNEQF,7
TRBV7-9,TRBJ2-1,ASSLVVAGHNEQF,6
TRBV7-9,TRBJ2-1,ASSLVVAGIPSYNEQF,1
TRBV7-9,TRBJ2-1,ASSLVVAGISQNEQF,1
TRBV7-9,TRBJ2-1,ASSLVVAGKEQF,2
TRBV7-9,TRBJ2-1,ASSLVVAGLNEQF,10
TRBV7-9,TRBJ2-1,ASSLVVAGMYNEQF,1
TRBV7-9,TRBJ2-1,ASSLVVAGNAQF,1
TRBV7-9,TRBJ2-1,ASSLVVAGNEQF,30
TRBV7-9,TRBJ2-1,ASSLVVAGNHNEQF,1
TRBV7-9,TRBJ2-1,ASSLVVAGNNEQF,2
TRBV7-9,TRBJ2-1,ASSLVVAGNYNEQF,1
TRBV7-9,TRBJ2-1,ASSLVVAGPPHEQF,1
TRBV7-9,TRBJ2-1,ASSLVVAGPYNEQF,1
TRBV7-9,TRBJ2-1,ASSLVVAGRDNEQF,3
TRBV7-9,TRBJ2-1,ASSLVVAGRNEQF,4
TRBV7-9,TRBJ2-1,ASSLVVAGRVNEQF,11
TRBV7-9,TRBJ2-1,ASSLVVAGTDEQF,3
TRBV7-9,TRBJ2-1,ASSLVVAGTNEQF,1
TRBV7-9,TRBJ2-1,ASSLVVAGTYNEQF,1
TRBV7-9,TRBJ2-1,ASSLVVAGVDEQF,4
TRBV7-9,TRBJ2-1,ASSLVVAGVDNEQF,1
TRBV7-9,TRBJ2-1,ASSLVVAGVGEQF,4
TRBV7-9,TRBJ2-1,ASSLVVAGVGVNEQF,12
TRBV7-9,TRBJ2-1,ASSLVVAGVHEQF,2
TRBV7-9,TRBJ2-1,ASSLVVAGVLYEQF,1
TRBV7-9,TRBJ2-1,ASSLVVAGVNEQF,10
TRBV7-9,TRBJ2-1,ASSLVVAGVNYKEQF,1
TRBV7-9,TRBJ2-1,ASSLVVAGVNYNEQF,7
TRBV7-9,TRBJ2-1,ASSLVVAGVRGHEQF,1
TRBV7-9,TRBJ2-1,ASSLVVAGVSNEQF,14
TRBV7-9,TRBJ2-1,ASSLVVAGVYEQF,2
TRBV7-9,TRBJ2-1,ASSLVVAGWNDNEQF,1
TRBV7-9,TRBJ2-1,ASSLVVAGWNEQF,17
TRBV7-9,TRBJ2-1,ASSLVVAGWSSYNEQF,1
TRBV7-9,TRBJ2-1,ASSLVVAGYDEQF,1
TRBV7-9,TRBJ2-1,ASSLVVAGYNEQF,8
TRBV7-9,TRBJ2-1,ASSLVVAGYNEQY,1
TRBV7-9,TRBJ2-1,ASSLVVAGYYNEQF,9
TRBV7-9,TRBJ2-1,ASSLVVAIPHNEQF,1
TRBV7-9,TRBJ2-1,ASSLVVAISYNEQF,1
TRBV7-9,TRBJ2-1,ASSLVVALGGPNEQF,1
TRBV7-9,TRBJ2-1,ASSLVVANEQF,5
TRBV7-9,TRBJ2-1,ASSLVVANNEQF,1
TRBV7-9,TRBJ2-1,ASSLVVAPFYNEQF,1
TRBV7-9,TRBJ2-1,ASSLVVAPGGNEQF,1
TRBV7-9,TRBJ2-1,ASSLVVAPGQGRGNEQF,1
TRBV7-9,TRBJ2-1,ASSLVVAPKDYEQF,1
TRBV7-9,TRBJ2-1,ASSLVVAPNEQF,1
TRBV7-9,TRBJ2-1,ASSLVVAPRTSGYNEQF,1
TRBV7-9,TRBJ2-1,ASSLVVAPYNEQF,1
TRBV7-9,TRBJ2-1,ASSLVVAQTGIDEQF,1
TRBV7-9,TRBJ2-1,ASSLVVARDNEQF,1
TRBV7-9,TRBJ2-1,ASSLVVARGGDNEQF,1
TRBV7-9,TRBJ2-1,ASSLVVARRVNEQF,1
TRBV7-9,TRBJ2-1,ASSLVVARSYNEQF,1
TRBV7-9,TRBJ2-1,ASSLVVARYNEQF,1
TRBV7-9,TRBJ2-1,ASSLVVASENNEQF,1
TRBV7-9,TRBJ2-1,ASSLVVASEQF,10
TRBV7-9,TRBJ2-1,ASSLVVASGDNEQF,10
TRBV7-9,TRBJ2-1,ASSLVVASGGLNEQF,1
TRBV7-9,TRBJ2-1,ASSLVVASGLFSYNEQF,1
TRBV7-9,TRBJ2-1,ASSLVVASGNNEQF,1
TRBV7-9,TRBJ2-1,ASSLVVASGSNEQF,13
TRBV7-9,TRBJ2-1,ASSLVVASGTNEQF,1
TRBV7-9,TRBJ2-1,ASSLVVASGTYNEQF,2
TRBV7-9,TRBJ2-1,ASSLVVASLTGTYNEQF,1
TRBV7-9,TRBJ2-1,ASSLVVASNEQF,1
TRBV7-9,TRBJ2-1,ASSLVVASRTGNEQF,1
TRBV7-9,TRBJ2-1,ASSLVVASSSYNEQF,1
TRBV7-9,TRBJ2-1,ASSLVVASSYNDQF,2
TRBV7-9,TRBJ2-1,ASSLVVASSYNEQF,7
TRBV7-9,TRBJ2-1,ASSLVVASTYNEQF,1
TRBV7-9,TRBJ2-1,ASSLVVASYNEQF,1
TRBV7-9,TRBJ2-1,ASSLVVATNEQF,1
TRBV7-9,TRBJ2-1,ASSLVVAVSYNEQF,2
TRBV7-9,TRBJ2-1,ASSLVVAVTYNEQF,1
TRBV7-9,TRBJ2-1,ASSLVVAVYNEQF,15
TRBV7-9,TRBJ2-1,ASSLVVAWGGTHNEQF,1
TRBV7-9,TRBJ2-1,ASSLVVAYNEQF,1
TRBV7-9,TRBJ2-1,ASSLVVCEQF,2
TRBV7-9,TRBJ2-1,ASSLVVDAYDGQF,1
TRBV7-9,TRBJ2-1,ASSLVVDEEQF,1
TRBV7-9,TRBJ2-1,ASSLVVDEQF,39
TRBV7-9,TRBJ2-1,ASSLVVDFGAHNEQF,1
TRBV7-9,TRBJ2-1,ASSLVVDIISNEQF,1
TRBV7-9,TRBJ2-1,ASSLVVDLAGKKF,1
TRBV7-9,TRBJ2-1,ASSLVVDNAQF,1
TRBV7-9,TRBJ2-1,ASSLVVDNEQF,24
TRBV7-9,TRBJ2-1,ASSLVVDNERF,1
TRBV7-9,TRBJ2-1,ASSLVVDNNEQF,1
TRBV7-9,TRBJ2-1,ASSLVVDPNNEQF,7
TRBV7-9,TRBJ2-1,ASSLVVDPRSYNEQF,1
TRBV7-9,TRBJ2-1,ASSLVVDRAYNEQF,8
TRBV7-9,TRBJ2-1,ASSLVVDRGHEQF,1
TRBV7-9,TRBJ2-1,ASSLVVDRGYNEQF,1
TRBV7-9,TRBJ2-1,ASSLVVDSRRNEQF,1
TRBV7-9,TRBJ2-1,ASSLVVDSSRQF,7
TRBV7-9,TRBJ2-1,ASSLVVDSYNEQF,2
TRBV7-9,TRBJ2-1,ASSLVVDVNEQF,1
TRBV7-9,TRBJ2-1,ASSLVVDVVSLNEQF,11
TRBV7-9,TRBJ2-1,ASSLVVDVYDEQF,1
TRBV7-9,TRBJ2-1,ASSLVVDYLNEQF,1
TRBV7-9,TRBJ2-1,ASSLVVDYNEQF,3
TRBV7-9,TRBJ2-1,ASSLVVDYPNEQF,1
TRBV7-9,TRBJ2-1,ASSLVVEACKGQC,1
TRBV7-9,TRBJ2-1,ASSLVVEADEQF,1
TRBV7-9,TRBJ2-1,ASSLVVEADNEQF,1
TRBV7-9,TRBJ2-1,ASSLVVEAGVPPYEQF,1
TRBV7-9,TRBJ2-1,ASSLVVEAYDEQF,1
TRBV7-9,TRBJ2-1,ASSLVVEAYHEKC,1
TRBV7-9,TRBJ2-1,ASSLVVEAYHKQM,1
TRBV7-9,TRBJ2-1,ASSLVVEAYIEQF,2
TRBV7-9,TRBJ2-1,ASSLVVEAYKEQF,2
TRBV7-9,TRBJ2-1,ASSLVVEAYKEQV,1
TRBV7-9,TRBJ2-1,ASSLVVEAYMEQF,1
TRBV7-9,TRBJ2-1,ASSLVVEAYNAQF,1
TRBV7-9,TRBJ2-1,ASSLVVEAYNEEF,1
TRBV7-9,TRBJ2-1,ASSLVVEAYNEQC,2
TRBV7-9,TRBJ2-1,ASSLVVEAYNEQF,15
TRBV7-9,TRBJ2-1,ASSLVVEAYNEQY,1
TRBV7-9,TRBJ2-1,ASSLVVEDYTEQF,1
TRBV7-9,TRBJ2-1,ASSLVVEGEQF,6
TRBV7-9,TRBJ2-1,ASSLVVEGKYEQY,1
TRBV7-9,TRBJ2-1,ASSLVVEGLNEQF,7
TRBV7-9,TRBJ2-1,ASSLVVEGNEQF,2
TRBV7-9,TRBJ2-1,ASSLVVEGTNEQF,1
TRBV7-9,TRBJ2-1,ASSLVVELDLF,8
TRBV7-9,TRBJ2-1,ASSLVVENEQF,1
TRBV7-9,TRBJ2-1,ASSLVVEQF,9
TRBV7-9,TRBJ2-1,ASSLVVERDNEQF,1
TRBV7-9,TRBJ2-1,ASSLVVEREDF,4
TRBV7-9,TRBJ2-1,ASSLVVESCNKQF,1
TRBV7-9,TRBJ2-1,ASSLVVESTYNEQF,1
TRBV7-9,TRBJ2-1,ASSLVVESYNEQF,3
TRBV7-9,TRBJ2-1,ASSLVVESYNKKF,1
TRBV7-9,TRBJ2-1,ASSLVVETYNEQF,1
TRBV7-9,TRBJ2-1,ASSLVVEWGNEQF,1
TRBV7-9,TRBJ2-1,ASSLVVEYEQF,1
TRBV7-9,TRBJ2-1,ASSLVVEYNEQF,2
TRBV7-9,TRBJ2-1,ASSLVVEYYKEQF,1
TRBV7-9,TRBJ2-1,ASSLVVFEQF,13
TRBV7-9,TRBJ2-1,ASSLVVFEQL,1
TRBV7-9,TRBJ2-1,ASSLVVFFSGRGGNEQF,12
TRBV7-9,TRBJ2-1,ASSLVVFGLAGAYEQF,1
TRBV7-9,TRBJ2-1,ASSLVVFGSYNEQF,1
TRBV7-9,TRBJ2-1,ASSLVVFLGDNEQF,1
TRBV7-9,TRBJ2-1,ASSLVVFNEQF,2
TRBV7-9,TRBJ2-1,ASSLVVFQVYNEQF,1
TRBV7-9,TRBJ2-1,ASSLVVFSGEYNEQF,1
TRBV7-9,TRBJ2-1,ASSLVVFSGSVDEQF,2
TRBV7-9,TRBJ2-1,ASSLVVFSGTTSNNEQF,1
TRBV7-9,TRBJ2-1,ASSLVVFSSKGHNEQF,1
TRBV7-9,TRBJ2-1,ASSLVVFTSGRMGNEQF,11
TRBV7-9,TRBJ2-1,ASSLVVFTSGRVGNEQF,1
TRBV7-9,TRBJ2-1,ASSLVVFVSSYNEQF,1
TRBV7-9,TRBJ2-1,ASSLVVGAASYNEQF,1
TRBV7-9,TRBJ2-1,ASSLVVGADNEQF,6
TRBV7-9,TRBJ2-1,ASSLVVGAEFNEQF,1
TRBV7-9,TRBJ2-1,ASSLVVGAFHNEQF,1
TRBV7-9,TRBJ2-1,ASSLVVGAGSYNEQF,1
TRBV7-9,TRBJ2-1,ASSLVVGAGTNEQF,1
TRBV7-9,TRBJ2-1,ASSLVVGAHEQF,1
TRBV7-9,TRBJ2-1,ASSLVVGAHNEQF,1
TRBV7-9,TRBJ2-1,ASSLVVGALAGVNEQF,1
TRBV7-9,TRBJ2-1,ASSLVVGALRDNEQF,3
TRBV7-9,TRBJ2-1,ASSLVVGALYNEQF,1
TRBV7-9,TRBJ2-1,ASSLVVGANNEQF,1
TRBV7-9,TRBJ2-1,ASSLVVGARNEQF,1
TRBV7-9,TRBJ2-1,ASSLVVGARYNEQF,1
TRBV7-9,TRBJ2-1,ASSLVVGASYNEQF,6
TRBV7-9,TRBJ2-1,ASSLVVGAVHNEQF,1
TRBV7-9,TRBJ2-1,ASSLVVGAVNEQF,10
TRBV7-9,TRBJ2-1,ASSLVVGAYIKQF,1
TRBV7-9,TRBJ2-1,ASSLVVGAYNEKF,2
TRBV7-9,TRBJ2-1,ASSLVVGAYNEQC,1
TRBV7-9,TRBJ2-1,ASSLVVGAYNEQF,16
TRBV7-9,TRBJ2-1,ASSLVVGAYQELF,1
TRBV7-9,TRBJ2-1,ASSLVVGCNEQF,1
TRBV7-9,TRBJ2-1,ASSLVVGDDEQF,3
TRBV7-9,TRBJ2-1,ASSLVVGDDQF,1
TRBV7-9,TRBJ2-1,ASSLVVGDEEF,1
TRBV7-9,TRBJ2-1,ASSLVVGDEQF,23
TRBV7-9,TRBJ2-1,ASSLVVGDEQV,1
TRBV7-9,TRBJ2-1,ASSLVVGDNEQF,2
TRBV7-9,TRBJ2-1,ASSLVVGDQF,1
TRBV7-9,TRBJ2-1,ASSLVVGDRGNEQF,4
TRBV7-9,TRBJ2-1,ASSLVVGDSYNEQF,1
TRBV7-9,TRBJ2-1,ASSLVVGDYEQF,1
TRBV7-9,TRBJ2-1,ASSLVVGDYNEQF,5
TRBV7-9,TRBJ2-1,ASSLVVGEDEQF,1
TRBV7-9,TRBJ2-1,ASSLVVGEEDNEQF,1
TRBV7-9,TRBJ2-1,ASSLVVGEEF,1
TRBV7-9,TRBJ2-1,ASSLVVGEEQF,12
TRBV7-9,TRBJ2-1,ASSLVVGEFSDEQF,1
TRBV7-9,TRBJ2-1,ASSLVVGEGGDEQF,1
TRBV7-9,TRBJ2-1,ASSLVVGEGNEQF,2
TRBV7-9,TRBJ2-1,ASSLVVGEHNEQF,1
TRBV7-9,TRBJ2-1,ASSLVVGEKV,1
TRBV7-9,TRBJ2-1,ASSLVVGELMGNEQF,1
TRBV7-9,TRBJ2-1,ASSLVVGEPEQF,4
TRBV7-9,TRBJ2-1,ASSLVVGEQC,1
TRBV7-9,TRBJ2-1,ASSLVVGEQF,141
TRBV7-9,TRBJ2-1,ASSLVVGEQL,1
TRBV7-9,TRBJ2-1,ASSLVVGEYNEQF,19
TRBV7-9,TRBJ2-1,ASSLVVGFHNEQF,1
TRBV7-9,TRBJ2-1,ASSLVVGFLYNEQF,1
TRBV7-9,TRBJ2-1,ASSLVVGFNEQF,1
TRBV7-9,TRBJ2-1,ASSLVVGFSYNEQF,1
TRBV7-9,TRBJ2-1,ASSLVVGFVGEQF,1
TRBV7-9,TRBJ2-1,ASSLVVGFYNDQF,1
TRBV7-9,TRBJ2-1,ASSLVVGFYNEQF,9
TRBV7-9,TRBJ2-1,ASSLVVGGAENEQF,10
TRBV7-9,TRBJ2-1,ASSLVVGGAGDGEQF,7
TRBV7-9,TRBJ2-1,ASSLVVGGAGHEQF,1
TRBV7-9,TRBJ2-1,ASSLVVGGANEQF,1
TRBV7-9,TRBJ2-1,ASSLVVGGASDNEQF,2
TRBV7-9,TRBJ2-1,ASSLVVGGAYNEQF,19
TRBV7-9,TRBJ2-1,ASSLVVGGDEQF,4
TRBV7-9,TRBJ2-1,ASSLVVGGDNEQF,4
TRBV7-9,TRBJ2-1,ASSLVVGGEQF,1
TRBV7-9,TRBJ2-1,ASSLVVGGERNEQF,1
TRBV7-9,TRBJ2-1,ASSLVVGGFNF,4
TRBV7-9,TRBJ2-1,ASSLVVGGGDEQF,1
TRBV7-9,TRBJ2-1,ASSLVVGGGGEF,5
TRBV7-9,TRBJ2-1,ASSLVVGGGHSNEQF,2
TRBV7-9,TRBJ2-1,ASSLVVGGGRVNEQF,2
TRBV7-9,TRBJ2-1,ASSLVVGGHYNEQF,1
TRBV7-9,TRBJ2-1,ASSLVVGGKSSYNEQF,1
TRBV7-9,TRBJ2-1,ASSLVVGGLGYEQF,1
TRBV7-9,TRBJ2-1,ASSLVVGGLRDEQF,3
TRBV7-9,TRBJ2-1,ASSLVVGGLYNEQF,1
TRBV7-9,TRBJ2-1,ASSLVVGGNEQF,1
TRBV7-9,TRBJ2-1,ASSLVVGGNYNEQF,13
TRBV7-9,TRBJ2-1,ASSLVVGGPRKDQF,1
TRBV7-9,TRBJ2-1,ASSLVVGGPRNEQF,1
TRBV7-9,TRBJ2-1,ASSLVVGGPSYNEQF,1
TRBV7-9,TRBJ2-1,ASSLVVGGPYEQF,2
TRBV7-9,TRBJ2-1,ASSLVVGGPYNEQF,5
TRBV7-9,TRBJ2-1,ASSLVVGGPYYNEQF,6
TRBV7-9,TRBJ2-1,ASSLVVGGQFSYNEQF,1
TRBV7-9,TRBJ2-1,ASSLVVGGQGALNEQF,1
TRBV7-9,TRBJ2-1,ASSLVVGGQGFVDEQF,1
TRBV7-9,TRBJ2-1,ASSLVVGGRHNEQF,1
TRBV7-9,TRBJ2-1,ASSLVVGGRLNEQF,1
TRBV7-9,TRBJ2-1,ASSLVVGGRPASDEQF,1
TRBV7-9,TRBJ2-1,ASSLVVGGRQSNEQF,1
TRBV7-9,TRBJ2-1,ASSLVVGGSDEQF,8
TRBV7-9,TRBJ2-1,ASSLVVGGSNEQF,2
TRBV7-9,TRBJ2-1,ASSLVVGGSVNEQF,7
TRBV7-9,TRBJ2-1,ASSLVVGGSYNEQF,4
TRBV7-9,TRBJ2-1,ASSLVVGGVGDEQF,1
TRBV7-9,TRBJ2-1,ASSLVVGGVSC,1
TRBV7-9,TRBJ2-1,ASSLVVGGVSF,14
TRBV7-9,TRBJ2-1,ASSLVVGGYELF,1
TRBV7-9,TRBJ2-1,ASSLVVGGYNEQF,1
TRBV7-9,TRBJ2-1,ASSLVVGGYYNEQF,1
TRBV7-9,TRBJ2-1,ASSLVVGHEQF,3
TRBV7-9,TRBJ2-1,ASSLVVGHFNEQF,1
TRBV7-9,TRBJ2-1,ASSLVVGHFPYNEQF,1
TRBV7-9,TRBJ2-1,ASSLVVGHGQF,1
TRBV7-9,TRBJ2-1,ASSLVVGHIYNEQF,1
TRBV7-9,TRBJ2-1,ASSLVVGHNEQF,2
TRBV7-9,TRBJ2-1,ASSLVVGIHNEQF,1
TRBV7-9,TRBJ2-1,ASSLVVGIRTRGNEQF,2
TRBV7-9,TRBJ2-1,ASSLVVGIYNEQF,6
TRBV7-9,TRBJ2-1,ASSLVVGKAYNEQF,1
TRBV7-9,TRBJ2-1,ASSLVVGKKSSYNEQF,1
TRBV7-9,TRBJ2-1,ASSLVVGKQF,2
TRBV7-9,TRBJ2-1,ASSLVVGLAANEQF,1
TRBV7-9,TRBJ2-1,ASSLVVGLADNEQF,1
TRBV7-9,TRBJ2-1,ASSLVVGLADPYNEQF,1
TRBV7-9,TRBJ2-1,ASSLVVGLADYNEQF,5
TRBV7-9,TRBJ2-1,ASSLVVGLAENNEQF,1
TRBV7-9,TRBJ2-1,ASSLVVGLAGEGGHEQF,1
TRBV7-9,TRBJ2-1,ASSLVVGLAGEYNEQF,1
TRBV7-9,TRBJ2-1,ASSLVVGLAGGRNEQF,2
TRBV7-9,TRBJ2-1,ASSLVVGLAGGYNEQF,1
TRBV7-9,TRBJ2-1,ASSLVVGLAGNEQF,1
TRBV7-9,TRBJ2-1,ASSLVVGLAGYNEQF,1
TRBV7-9,TRBJ2-1,ASSLVVGLALDNEQF,1
TRBV7-9,TRBJ2-1,ASSLVVGLANNEQF,3
TRBV7-9,TRBJ2-1,ASSLVVGLASFNEQF,1
TRBV7-9,TRBJ2-1,ASSLVVGLAYNEQC,1
TRBV7-9,TRBJ2-1,ASSLVVGLAYNEQF,10
TRBV7-9,TRBJ2-1,ASSLVVGLDNEQF,11
TRBV7-9,TRBJ2-1,ASSLVVGLFNEQF,1
TRBV7-9,TRBJ2-1,ASSLVVGLGKNEQF,1
TRBV7-9,TRBJ2-1,ASSLVVGLGLDEQF,1
TRBV7-9,TRBJ2-1,ASSLVVGLGREQF,1
TRBV7-9,TRBJ2-1,ASSLVVGLGRSPYNEQF,1
TRBV7-9,TRBJ2-1,ASSLVVGLGSDQC,1
TRBV7-9,TRBJ2-1,ASSLVVGLGSEQF,10
TRBV7-9,TRBJ2-1,ASSLVVGLGYNEQF,1
TRBV7-9,TRBJ2-1,ASSLVVGLIEQF,10
TRBV7-9,TRBJ2-1,ASSLVVGLLDEQF,1
TRBV7-9,TRBJ2-1,ASSLVVGLLGNEQF,1
TRBV7-9,TRBJ2-1,ASSLVVGLLYNEQF,1
TRBV7-9,TRBJ2-1,ASSLVVGLMLSHF,1
TRBV7-9,TRBJ2-1,ASSLVVGLMLSQF,10
TRBV7-9,TRBJ2-1,ASSLVVGLMLSQI,1
TRBV7-9,TRBJ2-1,ASSLVVGLSEQF,2
TRBV7-9,TRBJ2-1,ASSLVVGLSSYNEQF,3
TRBV7-9,TRBJ2-1,ASSLVVGLSYNEQF,1
TRBV7-9,TRBJ2-1,ASSLVVGLVGEQF,5
TRBV7-9,TRBJ2-1,ASSLVVGLVNEQF,1
TRBV7-9,TRBJ2-1,ASSLVVGLWDNEQF,1
TRBV7-9,TRBJ2-1,ASSLVVGLYHNEQF,1
TRBV7-9,TRBJ2-1,ASSLVVGLYNEQF,8
TRBV7-9,TRBJ2-1,ASSLVVGMGNEQF,1
TRBV7-9,TRBJ2-1,ASSLVVGNEQF,50
TRBV7-9,TRBJ2-1,ASSLVVGNNEQF,6
TRBV7-9,TRBJ2-1,ASSLVVGNYNEQF,1
TRBV7-9,TRBJ2-1,ASSLVVGPAYKYEQF,13
TRBV7-9,TRBJ2-1,ASSLVVGPDEQF,1
TRBV7-9,TRBJ2-1,ASSLVVGPDNEQF,1
TRBV7-9,TRBJ2-1,ASSLVVGPLSNEQF,1
TRBV7-9,TRBJ2-1,ASSLVVGPNEQF,1
TRBV7-9,TRBJ2-1,ASSLVVGPNNEQF,1
TRBV7-9,TRBJ2-1,ASSLVVGPPGNEQF,1
TRBV7-9,TRBJ2-1,ASSLVVGPSYEQF,19
TRBV7-9,TRBJ2-1,ASSLVVGPSYNEQF,2
TRBV7-9,TRBJ2-1,ASSLVVGQAGLLGNEQF,1
TRBV7-9,TRBJ2-1,ASSLVVGQDNEQF,4
TRBV7-9,TRBJ2-1,ASSLVVGQENNEQF,1
TRBV7-9,TRBJ2-1,ASSLVVGQEYNEQF,1
TRBV7-9,TRBJ2-1,ASSLVVGQGAYNEQF,2
TRBV7-9,TRBJ2-1,ASSLVVGQGDEQF,1
TRBV7-9,TRBJ2-1,ASSLVVGQGDNEQF,1
TRBV7-9,TRBJ2-1,ASSLVVGQHGWDEQF,1
TRBV7-9,TRBJ2-1,ASSLVVGQMTYNEQF,9
TRBV7-9,TRBJ2-1,ASSLVVGQNEQF,2
TRBV7-9,TRBJ2-1,ASSLVVGQNNEQF,1
TRBV7-9,TRBJ2-1,ASSLVVGQRYNEQF,1
TRBV7-9,TRBJ2-1,ASSLVVGRAGHEQF,14
TRBV7-9,TRBJ2-1,ASSLVVGRAHEQF,1
TRBV7-9,TRBJ2-1,ASSLVVGRASYNEQF,10
TRBV7-9,TRBJ2-1,ASSLVVGRATSGSGNEQF,4
TRBV7-9,TRBJ2-1,ASSLVVGRAYNEQF,8
TRBV7-9,TRBJ2-1,ASSLVVGRDEQF,7
TRBV7-9,TRBJ2-1,ASSLVVGRDNEQF,2
TRBV7-9,TRBJ2-1,ASSLVVGRDSYNEQF,1
TRBV7-9,TRBJ2-1,ASSLVVGRDYNEQF,2
TRBV7-9,TRBJ2-1,ASSLVVGRGEQF,11
TRBV7-9,TRBJ2-1,ASSLVVGRGLVSYNEQF,2
TRBV7-9,TRBJ2-1,ASSLVVGRGNEQF,2
TRBV7-9,TRBJ2-1,ASSLVVGRKAWQF,25
TRBV7-9,TRBJ2-1,ASSLVVGRNEQF,3
TRBV7-9,TRBJ2-1,ASSLVVGRNNEQF,1
TRBV7-9,TRBJ2-1,ASSLVVGRPGGGNEQF,1
TRBV7-9,TRBJ2-1,ASSLVVGRQDNNEQF,4
TRBV7-9,TRBJ2-1,ASSLVVGRSYNEQF,2
TRBV7-9,TRBJ2-1,ASSLVVGRTHELF,1
TRBV7-9,TRBJ2-1,ASSLVVGRTHEQF,12
TRBV7-9,TRBJ2-1,ASSLVVGRVNEQF,1
TRBV7-9,TRBJ2-1,ASSLVVGRVRHYNEQF,1
TRBV7-9,TRBJ2-1,ASSLVVGRYNEQF,1
TRBV7-9,TRBJ2-1,ASSLVVGSDNEQF,1
TRBV7-9,TRBJ2-1,ASSLVVGSGNEQF,6
TRBV7-9,TRBJ2-1,ASSLVVGSGPGNEQF,1
TRBV7-9,TRBJ2-1,ASSLVVGSGPYNEQF,1
TRBV7-9,TRBJ2-1,ASSLVVGSGRNNEQF,1
TRBV7-9,TRBJ2-1,ASSLVVGSGRRNEQF,1
TRBV7-9,TRBJ2-1,ASSLVVGSGYNEQF,1
TRBV7-9,TRBJ2-1,ASSLVVGSINEQF,1
TRBV7-9,TRBJ2-1,ASSLVVGSKGYNEQF,1
TRBV7-9,TRBJ2-1,ASSLVVGSLAGSYNEQF,1
TRBV7-9,TRBJ2-1,ASSLVVGSNEQF,1
TRBV7-9,TRBJ2-1,ASSLVVGSPPYNEQF,1
TRBV7-9,TRBJ2-1,ASSLVVGSRYNEQF,1
TRBV7-9,TRBJ2-1,ASSLVVGSSSYNEQF,6
TRBV7-9,TRBJ2-1,ASSLVVGSSYNEQF,6
TRBV7-9,TRBJ2-1,ASSLVVGSVNEQF,1
TRBV7-9,TRBJ2-1,ASSLVVGSYNEQF,19
TRBV7-9,TRBJ2-1,ASSLVVGTEQF,5
TRBV7-9,TRBJ2-1,ASSLVVGTGGEQF,9
TRBV7-9,TRBJ2-1,ASSLVVGTGLDNEQF,1
TRBV7-9,TRBJ2-1,ASSLVVGTGLSNEQF,6
TRBV7-9,TRBJ2-1,ASSLVVGTGNNEQF,1
TRBV7-9,TRBJ2-1,ASSLVVGTGPNNEQF,1
TRBV7-9,TRBJ2-1,ASSLVVGTGSYNEQF,1
TRBV7-9,TRBJ2-1,ASSLVVGTHGSNEQF,1
TRBV7-9,TRBJ2-1,ASSLVVGTHNEQF,1
TRBV7-9,TRBJ2-1,ASSLVVGTLNEQF,4
TRBV7-9,TRBJ2-1,ASSLVVGTNTNEQF,1
TRBV7-9,TRBJ2-1,ASSLVVGTPYNEQF,17
TRBV7-9,TRBJ2-1,ASSLVVGTRKGPYNEQF,1
TRBV7-9,TRBJ2-1,ASSLVVGTRYNEQF,1
TRBV7-9,TRBJ2-1,ASSLVVGTSAYNEQF,4
TRBV7-9,TRBJ2-1,ASSLVVGTSGHYNEQF,2
TRBV7-9,TRBJ2-1,ASSLVVGTSGIRHNEQF,1
TRBV7-9,TRBJ2-1,ASSLVVGTSGTYNEQF,1
TRBV7-9,TRBJ2-1,ASSLVVGTSNEQF,1
TRBV7-9,TRBJ2-1,ASSLVVGTTVEQF,4
TRBV7-9,TRBJ2-1,ASSLVVGTTVEQL,1
TRBV7-9,TRBJ2-1,ASSLVVGTYNEQF,1
TRBV7-9,TRBJ2-1,ASSLVVGTYNEQL,1
TRBV7-9,TRBJ2-1,ASSLVVGVAYNEQF,3
TRBV7-9,TRBJ2-1,ASSLVVGVDNEQF,1
TRBV7-9,TRBJ2-1,ASSLVVGVFYNEQF,1
TRBV7-9,TRBJ2-1,ASSLVVGVNDEQF,3
TRBV7-9,TRBJ2-1,ASSLVVGVNEQF,2
TRBV7-9,TRBJ2-1,ASSLVVGVQF,1
TRBV7-9,TRBJ2-1,ASSLVVGVRDNEQF,1
TRBV7-9,TRBJ2-1,ASSLVVGVTGNEQF,1
TRBV7-9,TRBJ2-1,ASSLVVGYEQF,12
TRBV7-9,TRBJ2-1,ASSLVVGYGDEQF,2
TRBV7-9,TRBJ2-1,ASSLVVGYKVQF,1
TRBV7-9,TRBJ2-1,ASSLVVGYNAQF,1
TRBV7-9,TRBJ2-1,ASSLVVGYNEQF,33
TRBV7-9,TRBJ2-1,ASSLVVGYRPYNEQF,1
TRBV7-9,TRBJ2-1,ASSLVVGYYNEQF,1
TRBV7-9,TRBJ2-1,ASSLVVHEQF,59
TRBV7-9,TRBJ2-1,ASSLVVHGGEQF,2
TRBV7-9,TRBJ2-1,ASSLVVHNEQF,19
TRBV7-9,TRBJ2-1,ASSLVVHNEWQF,6
TRBV7-9,TRBJ2-1,ASSLVVHPDEQF,1
TRBV7-9,TRBJ2-1,ASSLVVHRPDSTYNEQF,1
TRBV7-9,TRBJ2-1,ASSLVVHYNEQF,4
TRBV7-9,TRBJ2-1,ASSLVVIAAFRGPQF,13
TRBV7-9,TRBJ2-1,ASSLVVIAGGNEQF,8
TRBV7-9,TRBJ2-1,ASSLVVIDAQF,1
TRBV7-9,TRBJ2-1,ASSLVVIDEQF,10
TRBV7-9,TRBJ2-1,ASSLVVIGSGNEQF,1
TRBV7-9,TRBJ2-1,ASSLVVIGTKA,1
TRBV7-9,TRBJ2-1,ASSLVVIGTKD,9
TRBV7-9,TRBJ2-1,ASSLVVIGVHNEQF,7
TRBV7-9,TRBJ2-1,ASSLVVINEQF,2
TRBV7-9,TRBJ2-1,ASSLVVISGASSYNEQF,1
TRBV7-9,TRBJ2-1,ASSLVVITSGSLYDEQF,1
TRBV7-9,TRBJ2-1,ASSLVVIVNEQF,1
TRBV7-9,TRBJ2-1,ASSLVVKGVRYNEQF,1
TRBV7-9,TRBJ2-1,ASSLVVKLAGKKNEQF,13
TRBV7-9,TRBJ2-1,ASSLVVKNEQF,1
TRBV7-9,TRBJ2-1,ASSLVVKQGIPSYNEQF,1
TRBV7-9,TRBJ2-1,ASSLVVKQMGVSYNEQF,1
TRBV7-9,TRBJ2-1,ASSLVVKSNEQF,1
TRBV7-9,TRBJ2-1,ASSLVVLAARSSYNEQF,3
TRBV7-9,TRBJ2-1,ASSLVVLAAYNEQF,1
TRBV7-9,TRBJ2-1,ASSLVVLADEQF,1
TRBV7-9,TRBJ2-1,ASSLVVLADYNEQF,3
TRBV7-9,TRBJ2-1,ASSLVVLAELNEQF,1
TRBV7-9,TRBJ2-1,ASSLVVLAEYNEQF,9
TRBV7-9,TRBJ2-1,ASSLVVLAGADEQF,1
TRBV7-9,TRBJ2-1,ASSLVVLAGAINNEQF,1
TRBV7-9,TRBJ2-1,ASSLVVLAGDFPYNEQF,1
TRBV7-9,TRBJ2-1,ASSLVVLAGDHNEQF,9
TRBV7-9,TRBJ2-1,ASSLVVLAGDHNERF,1
TRBV7-9,TRBJ2-1,ASSLVVLAGDNEQF,1
TRBV7-9,TRBJ2-1,ASSLVVLAGEGDEQF,1
TRBV7-9,TRBJ2-1,ASSLVVLAGENEQF,1
TRBV7-9,TRBJ2-1,ASSLVVLAGGDEQF,7
TRBV7-9,TRBJ2-1,ASSLVVLAGGHEQF,2
TRBV7-9,TRBJ2-1,ASSLVVLAGGIPYNEQF,8
TRBV7-9,TRBJ2-1,ASSLVVLAGGLNEQF,1
TRBV7-9,TRBJ2-1,ASSLVVLAGGNEQF,1
TRBV7-9,TRBJ2-1,ASSLVVLAGGPESYNEQF,4
TRBV7-9,TRBJ2-1,ASSLVVLAGGPYNEQF,2
TRBV7-9,TRBJ2-1,ASSLVVLAGGSSYNEQF,1
TRBV7-9,TRBJ2-1,ASSLVVLAGGVMVDEQF,1
TRBV7-9,TRBJ2-1,ASSLVVLAGIYNEQF,1
TRBV7-9,TRBJ2-1,ASSLVVLAGNEQF,1
TRBV7-9,TRBJ2-1,ASSLVVLAGNNEQF,2
TRBV7-9,TRBJ2-1,ASSLVVLAGRNEQF,1
TRBV7-9,TRBJ2-1,ASSLVVLAGSLYNEQF,1
TRBV7-9,TRBJ2-1,ASSLVVLAGSNEQF,1
TRBV7-9,TRBJ2-1,ASSLVVLAGVGRYNEQF,10
TRBV7-9,TRBJ2-1,ASSLVVLAGVGSYNEQF,1
TRBV7-9,TRBJ2-1,ASSLVVLAGVSSYNEQF,3
TRBV7-9,TRBJ2-1,ASSLVVLAGVTYNEQF,1
TRBV7-9,TRBJ2-1,ASSLVVLAGYNEQF,5
TRBV7-9,TRBJ2-1,ASSLVVLAKNEQF,1
TRBV7-9,TRBJ2-1,ASSLVVLAMLQF,1
TRBV7-9,TRBJ2-1,ASSLVVLARTPNEQF,1
TRBV7-9,TRBJ2-1,ASSLVVLASYNEQF,1
TRBV7-9,TRBJ2-1,ASSLVVLAVPGSSYNEQF,3
TRBV7-9,TRBJ2-1,ASSLVVLAVTGEQF,1
TRBV7-9,TRBJ2-1,ASSLVVLDEQF,1
TRBV7-9,TRBJ2-1,ASSLVVLDNEQF,11
TRBV7-9,TRBJ2-1,ASSLVVLEGDYNEQF,1
TRBV7-9,TRBJ2-1,ASSLVVLEGSEQF,3
TRBV7-9,TRBJ2-1,ASSLVVLEGVGSYNEQF,1
TRBV7-9,TRBJ2-1,ASSLVVLELGGNYNEQF,1
TRBV7-9,TRBJ2-1,ASSLVVLEQF,2
TRBV7-9,TRBJ2-1,ASSLVVLFNEQF,1
TRBV7-9,TRBJ2-1,ASSLVVLFSSAGTSSEQF,10
TRBV7-9,TRBJ2-1,ASSLVVLGAGSYNEQF,1
TRBV7-9,TRBJ2-1,ASSLVVLGDEQF,1
TRBV7-9,TRBJ2-1,ASSLVVLGGQDEQF,1
TRBV7-9,TRBJ2-1,ASSLVVLGHEQF,1
TRBV7-9,TRBJ2-1,ASSLVVLGNEQF,1
TRBV7-9,TRBJ2-1,ASSLVVLGPGKRDEQF,1
TRBV7-9,TRBJ2-1,ASSLVVLGQGYNEQF,1
TRBV7-9,TRBJ2-1,ASSLVVLGSSNEQF,1
TRBV7-9,TRBJ2-1,ASSLVVLGSYNEQF,3
TRBV7-9,TRBJ2-1,ASSLVVLGTGINDQF,1
TRBV7-9,TRBJ2-1,ASSLVVLGTGINEKF,1
TRBV7-9,TRBJ2-1,ASSLVVLGTGINEPF,1
TRBV7-9,TRBJ2-1,ASSLVVLGTGINEQF,42
TRBV7-9,TRBJ2-1,ASSLVVLGTGVNEHF,1
TRBV7-9,TRBJ2-1,ASSLVVLGTSEYNEQF,1
TRBV7-9,TRBJ2-1,ASSLVVLHNEQF,1
TRBV7-9,TRBJ2-1,ASSLVVLIAGFVIGEQF,1
TRBV7-9,TRBJ2-1,ASSLVVLLAGGKNEQF,1
TRBV7-9,TRBJ2-1,ASSLVVLLAGGLNEQF,1
TRBV7-9,TRBJ2-1,ASSLVVLLAGGPYNEQF,1
TRBV7-9,TRBJ2-1,ASSLVVLLGGRPFYEQF,1
TRBV7-9,TRBJ2-1,ASSLVVLLGQPYNEQF,13
TRBV7-9,TRBJ2-1,ASSLVVLMARRGNEQF,1
TRBV7-9,TRBJ2-1,ASSLVVLNDQF,1
TRBV7-9,TRBJ2-1,ASSLVVLNEQF,14
TRBV7-9,TRBJ2-1,ASSLVVLPREGGYNEQF,1
TRBV7-9,TRBJ2-1,ASSLVVLPSTYNEQF,1
TRBV7-9,TRBJ2-1,ASSLVVLQDARQF,2
TRBV7-9,TRBJ2-1,ASSLVVLQGGRDNEQF,1
TRBV7-9,TRBJ2-1,ASSLVVLRLTYNEQF,7
TRBV7-9,TRBJ2-1,ASSLVVLRLTYYEQF,1
TRBV7-9,TRBJ2-1,ASSLVVLRPDNEQF,1
TRBV7-9,TRBJ2-1,ASSLVVLRVGLAHNEQF,1
TRBV7-9,TRBJ2-1,ASSLVVLSGYNEQF,1
TRBV7-9,TRBJ2-1,ASSLVVLSNEQF,1
TRBV7-9,TRBJ2-1,ASSLVVLTRANEQF,1
TRBV7-9,TRBJ2-1,ASSLVVLTSEQF,1
TRBV7-9,TRBJ2-1,ASSLVVLTTSPHNEQF,1
TRBV7-9,TRBJ2-1,ASSLVVLVGQAYNEQF,1
TRBV7-9,TRBJ2-1,ASSLVVLVGTYNEQF,10
TRBV7-9,TRBJ2-1,ASSLVVLVSVDEQF,1
TRBV7-9,TRBJ2-1,ASSLVVLYNEQF,1
TRBV7-9,TRBJ2-1,ASSLVVMGLAGLKSSYNEQF,1
TRBV7-9,TRBJ2-1,ASSLVVMSYNEQF,1
TRBV7-9,TRBJ2-1,ASSLVVNEQF,90
TRBV7-9,TRBJ2-1,ASSLVVNEQV,1
TRBV7-9,TRBJ2-1,ASSLVVNGGNEQF,1
TRBV7-9,TRBJ2-1,ASSLVVNLAYNEQF,1
TRBV7-9,TRBJ2-1,ASSLVVNNEQF,6
TRBV7-9,TRBJ2-1,ASSLVVNPGVDNEQF,5
TRBV7-9,TRBJ2-1,ASSLVVNPVVDNEQF,1
TRBV7-9,TRBJ2-1,ASSLVVNSNEQF,1
TRBV7-9,TRBJ2-1,ASSLVVNSYNEQF,1
TRBV7-9,TRBJ2-1,ASSLVVNYHNEQF,1
TRBV7-9,TRBJ2-1,ASSLVVNYNAQF,1
TRBV7-9,TRBJ2-1,ASSLVVNYNEQF,14
TRBV7-9,TRBJ2-1,ASSLVVPDRAKNEQF,1
TRBV7-9,TRBJ2-1,ASSLVVPDRGAPYNEQF,1
TRBV7-9,TRBJ2-1,ASSLVVPEAVLYNEQF,5
TRBV7-9,TRBJ2-1,ASSLVVPEQF,6
TRBV7-9,TRBJ2-1,ASSLVVPERGARNEQF,1
TRBV7-9,TRBJ2-1,ASSLVVPFNEQF,1
TRBV7-9,TRBJ2-1,ASSLVVPGAYNEQF,4
TRBV7-9,TRBJ2-1,ASSLVVPGINEQF,1
TRBV7-9,TRBJ2-1,ASSLVVPGRNEQF,1
TRBV7-9,TRBJ2-1,ASSLVVPLGFEQF,1
TRBV7-9,TRBJ2-1,ASSLVVPNEQF,8
TRBV7-9,TRBJ2-1,ASSLVVPNGNEQF,1
TRBV7-9,TRBJ2-1,ASSLVVPNNEQF,1
TRBV7-9,TRBJ2-1,ASSLVVPSGDVDNEQF,9
TRBV7-9,TRBJ2-1,ASSLVVPSGLRNEQF,1
TRBV7-9,TRBJ2-1,ASSLVVPSGQNEQF,1
TRBV7-9,TRBJ2-1,ASSLVVPSHEQF,9
TRBV7-9,TRBJ2-1,ASSLVVPSMNEQF,1
TRBV7-9,TRBJ2-1,ASSLVVPSMRNEQF,1
TRBV7-9,TRBJ2-1,ASSLVVPSNEQF,1
TRBV7-9,TRBJ2-1,ASSLVVPSYNEQF,2
TRBV7-9,TRBJ2-1,ASSLVVPWDEQF,1
TRBV7-9,TRBJ2-1,ASSLVVPYNEQF,7
TRBV7-9,TRBJ2-1,ASSLVVQANEQF,1
TRBV7-9,TRBJ2-1,ASSLVVQAYDEQF,1
TRBV7-9,TRBJ2-1,ASSLVVQDEQF,8
TRBV7-9,TRBJ2-1,ASSLVVQDNEQF,1
TRBV7-9,TRBJ2-1,ASSLVVQENNEQF,1
TRBV7-9,TRBJ2-1,ASSLVVQGAKYNEQF,1
TRBV7-9,TRBJ2-1,ASSLVVQGAYEQF,1
TRBV7-9,TRBJ2-1,ASSLVVQGDNEQF,1
TRBV7-9,TRBJ2-1,ASSLVVQGGEKEQF,1
TRBV7-9,TRBJ2-1,ASSLVVQGNEQF,1
TRBV7-9,TRBJ2-1,ASSLVVQGRGNEQF,1
TRBV7-9,TRBJ2-1,ASSLVVQGVRYNEQF,9
TRBV7-9,TRBJ2-1,ASSLVVQGVYNEQF,1
TRBV7-9,TRBJ2-1,ASSLVVQGYEQF,1
TRBV7-9,TRBJ2-1,ASSLVVQIRYNEQF,3
TRBV7-9,TRBJ2-1,ASSLVVQNEQF,10
TRBV7-9,TRBJ2-1,ASSLVVQRNEQF,1
TRBV7-9,TRBJ2-1,ASSLVVQSNEQF,4
TRBV7-9,TRBJ2-1,ASSLVVQSSYNEQF,1
TRBV7-9,TRBJ2-1,ASSLVVQTNDQF,1
TRBV7-9,TRBJ2-1,ASSLVVQTNEQF,17
TRBV7-9,TRBJ2-1,ASSLVVQTNEQV,1
TRBV7-9,TRBJ2-1,ASSLVVQVASYNEQF,1
TRBV7-9,TRBJ2-1,ASSLVVQVHLNEQF,15
TRBV7-9,TRBJ2-1,ASSLVVQVPYNEQF,1
TRBV7-9,TRBJ2-1,ASSLVVQVYNEQF,1
TRBV7-9,TRBJ2-1,ASSLVVQWPENEQF,1
TRBV7-9,TRBJ2-1,ASSLVVRANEQF,1
TRBV7-9,TRBJ2-1,ASSLVVRANFNEQF,2
TRBV7-9,TRBJ2-1,ASSLVVRASIMNEQF,1
TRBV7-9,TRBJ2-1,ASSLVVRASYNEQF,2
TRBV7-9,TRBJ2-1,ASSLVVRAYEQF,1
TRBV7-9,TRBJ2-1,ASSLVVRDANEQF,1
TRBV7-9,TRBJ2-1,ASSLVVRDEQF,3
TRBV7-9,TRBJ2-1,ASSLVVRDNEQF,4
TRBV7-9,TRBJ2-1,ASSLVVRDYNEQF,1
TRBV7-9,TRBJ2-1,ASSLVVREGKDEQF,1
TRBV7-9,TRBJ2-1,ASSLVVREGRG,1
TRBV7-9,TRBJ2-1,ASSLVVREGSGQF,14
TRBV7-9,TRBJ2-1,ASSLVVREQC,1
TRBV7-9,TRBJ2-1,ASSLVVREQF,27
TRBV7-9,TRBJ2-1,ASSLVVRERHNEQF,1
TRBV7-9,TRBJ2-1,ASSLVVRESSYNEQF,1
TRBV7-9,TRBJ2-1,ASSLVVRGAYNEQF,2
TRBV7-9,TRBJ2-1,ASSLVVRGDEQF,1
TRBV7-9,TRBJ2-1,ASSLVVRGGDEQF,1
TRBV7-9,TRBJ2-1,ASSLVVRGHEQF,4
TRBV7-9,TRBJ2-1,ASSLVVRGIYEQF,1
TRBV7-9,TRBJ2-1,ASSLVVRGKGEQF,7
TRBV7-9,TRBJ2-1,ASSLVVRGNEQF,2
TRBV7-9,TRBJ2-1,ASSLVVRGPSYNEQF,1
TRBV7-9,TRBJ2-1,ASSLVVRGTANEQF,7
TRBV7-9,TRBJ2-1,ASSLVVRGTGDEQF,2
TRBV7-9,TRBJ2-1,ASSLVVRGYPEHF,1
TRBV7-9,TRBJ2-1,ASSLVVRGYPEQF,18
TRBV7-9,TRBJ2-1,ASSLVVRGYTEQF,1
TRBV7-9,TRBJ2-1,ASSLVVRLAANNEQF,1
TRBV7-9,TRBJ2-1,ASSLVVRLAGAYNEQF,9
TRBV7-9,TRBJ2-1,ASSLVVRLAGDNEQF,1
TRBV7-9,TRBJ2-1,ASSLVVRLAGEWNEQF,1
TRBV7-9,TRBJ2-1,ASSLVVRLDSGQLYNEQF,6
TRBV7-9,TRBJ2-1,ASSLVVRLLYNEQF,1
TRBV7-9,TRBJ2-1,ASSLVVRLNEQF,1
TRBV7-9,TRBJ2-1,ASSLVVRLNNEQF,1
TRBV7-9,TRBJ2-1,ASSLVVRNEQF,2
TRBV7-9,TRBJ2-1,ASSLVVRNNEQF,3
TRBV7-9,TRBJ2-1,ASSLVVRSDEQF,1
TRBV7-9,TRBJ2-1,ASSLVVRSEQF,1
TRBV7-9,TRBJ2-1,ASSLVVRSGHNEQF,1
TRBV7-9,TRBJ2-1,ASSLVVRSSYKEQF,1
TRBV7-9,TRBJ2-1,ASSLVVRSSYNEQF,6
TRBV7-9,TRBJ2-1,ASSLVVRSYNEQF,2
TRBV7-9,TRBJ2-1,ASSLVVRTGKHSEQF,1
TRBV7-9,TRBJ2-1,ASSLVVRTGPYNEQF,1
TRBV7-9,TRBJ2-1,ASSLVVRTGRIYNEQF,1
TRBV7-9,TRBJ2-1,ASSLVVRTGTSSYNEQF,5
TRBV7-9,TRBJ2-1,ASSLVVRTLNEQF,1
TRBV7-9,TRBJ2-1,ASSLVVRTSGINEQF,1
TRBV7-9,TRBJ2-1,ASSLVVRTSGRADNEQF,1
TRBV7-9,TRBJ2-1,ASSLVVRTYNEQF,1
TRBV7-9,TRBJ2-1,ASSLVVRVDEQF,1
TRBV7-9,TRBJ2-1,ASSLVVRVSGGNNEQF,1
TRBV7-9,TRBJ2-1,ASSLVVRVSVDEQF,23
TRBV7-9,TRBJ2-1,ASSLVVRVTSSYNEQF,1
TRBV7-9,TRBJ2-1,ASSLVVRWGPGSYNEQF,2
TRBV7-9,TRBJ2-1,ASSLVVSAGAPNEQF,1
TRBV7-9,TRBJ2-1,ASSLVVSAGLHSYNEQF,1
TRBV7-9,TRBJ2-1,ASSLVVSAGQSSYNEQF,1
TRBV7-9,TRBJ2-1,ASSLVVSASGALGDEQF,1
TRBV7-9,TRBJ2-1,ASSLVVSAYNEQF,1
TRBV7-9,TRBJ2-1,ASSLVVSDEQF,15
TRBV7-9,TRBJ2-1,ASSLVVSDFYNEQF,4
TRBV7-9,TRBJ2-1,ASSLVVSDRSWNEQF,1
TRBV7-9,TRBJ2-1,ASSLVVSEQF,8
TRBV7-9,TRBJ2-1,ASSLVVSESNEQF,1
TRBV7-9,TRBJ2-1,ASSLVVSETSLYNEQF,1
TRBV7-9,TRBJ2-1,ASSLVVSFGEQF,1
TRBV7-9,TRBJ2-1,ASSLVVSFNEQF,1
TRBV7-9,TRBJ2-1,ASSLVVSGAENEHF,2
TRBV7-9,TRBJ2-1,ASSLVVSGAHNEQF,8
TRBV7-9,TRBJ2-1,ASSLVVSGDYNEQF,1
TRBV7-9,TRBJ2-1,ASSLVVSGEQF,13
TRBV7-9,TRBJ2-1,ASSLVVSGFDEQF,1
TRBV7-9,TRBJ2-1,ASSLVVSGGDEQF,1
TRBV7-9,TRBJ2-1,ASSLVVSGGNEQF,1
TRBV7-9,TRBJ2-1,ASSLVVSGGNNEQF,1
TRBV7-9,TRBJ2-1,ASSLVVSGGPFNEQF,1
TRBV7-9,TRBJ2-1,ASSLVVSGGRSSYNEQF,1
TRBV7-9,TRBJ2-1,ASSLVVSGGSHEQF,1
TRBV7-9,TRBJ2-1,ASSLVVSGGYNEQF,1
TRBV7-9,TRBJ2-1,ASSLVVSGIHNEQF,1
TRBV7-9,TRBJ2-1,ASSLVVSGKYEQF,1
TRBV7-9,TRBJ2-1,ASSLVVSGLAGGYEQF,1
TRBV7-9,TRBJ2-1,ASSLVVSGLASSYNEQF,1
TRBV7-9,TRBJ2-1,ASSLVVSGLHNEQF,2
TRBV7-9,TRBJ2-1,ASSLVVSGLYNEQF,3
TRBV7-9,TRBJ2-1,ASSLVVSGQGPHEQF,1
TRBV7-9,TRBJ2-1,ASSLVVSGRAGNEQF,1
TRBV7-9,TRBJ2-1,ASSLVVSGRARNEQF,2
TRBV7-9,TRBJ2-1,ASSLVVSGRITYNEQF,1
TRBV7-9,TRBJ2-1,ASSLVVSGRPSFDEQF,1
TRBV7-9,TRBJ2-1,ASSLVVSGRRYEQF,1
TRBV7-9,TRBJ2-1,ASSLVVSGRTEQF,2
TRBV7-9,TRBJ2-1,ASSLVVSGRTTEPF,2
TRBV7-9,TRBJ2-1,ASSLVVSGRYNEQF,1
TRBV7-9,TRBJ2-1,ASSLVVSGSRNDEQF,1
TRBV7-9,TRBJ2-1,ASSLVVSGSSDEQF,1
TRBV7-9,TRBJ2-1,ASSLVVSGSSYNEQF,4
TRBV7-9,TRBJ2-1,ASSLVVSGSTDEQF,1
TRBV7-9,TRBJ2-1,ASSLVVSGSYNEQF,21
TRBV7-9,TRBJ2-1,ASSLVVSGTYYNEQF,1
TRBV7-9,TRBJ2-1,ASSLVVSGVYNEQF,1
TRBV7-9,TRBJ2-1,ASSLVVSGYGDEQF,1
TRBV7-9,TRBJ2-1,ASSLVVSGYNEQF,1
TRBV7-9,TRBJ2-1,ASSLVVSGYYNEQF,9
TRBV7-9,TRBJ2-1,ASSLVVSHANNEQF,1
TRBV7-9,TRBJ2-1,ASSLVVSHNEQF,1
TRBV7-9,TRBJ2-1,ASSLVVSKAYNEQF,1
TRBV7-9,TRBJ2-1,ASSLVVSKYGHEQF,7
TRBV7-9,TRBJ2-1,ASSLVVSKYGNEQF,1
TRBV7-9,TRBJ2-1,ASSLVVSLAAYNEQF,8
TRBV7-9,TRBJ2-1,ASSLVVSLGPYNEQF,1
TRBV7-9,TRBJ2-1,ASSLVVSLNEPF,1
TRBV7-9,TRBJ2-1,ASSLVVSLNEQF,11
TRBV7-9,TRBJ2-1,ASSLVVSMSGLVNEQF,1
TRBV7-9,TRBJ2-1,ASSLVVSNEQF,15
TRBV7-9,TRBJ2-1,ASSLVVSPGVDEQF,1
TRBV7-9,TRBJ2-1,ASSLVVSPNEQC,1
TRBV7-9,TRBJ2-1,ASSLVVSPNEQF,14
TRBV7-9,TRBJ2-1,ASSLVVSPNVQF,1
TRBV7-9,TRBJ2-1,ASSLVVSPPGQDNNEQF,1
TRBV7-9,TRBJ2-1,ASSLVVSPPNEQF,1
TRBV7-9,TRBJ2-1,ASSLVVSPRNEQF,1
TRBV7-9,TRBJ2-1,ASSLVVSPTYNEQF,1
TRBV7-9,TRBJ2-1,ASSLVVSQTTGYNEQF,1
TRBV7-9,TRBJ2-1,ASSLVVSRDEQF,1
TRBV7-9,TRBJ2-1,ASSLVVSRGNEQF,6
TRBV7-9,TRBJ2-1,ASSLVVSRNEQF,1
TRBV7-9,TRBJ2-1,ASSLVVSSEQF,7
TRBV7-9,TRBJ2-1,ASSLVVSSGENNEQF,1
TRBV7-9,TRBJ2-1,ASSLVVSSGTYNEQF,1
TRBV7-9,TRBJ2-1,ASSLVVSSNEQF,14
TRBV7-9,TRBJ2-1,ASSLVVSSPNEQF,1
TRBV7-9,TRBJ2-1,ASSLVVSSPYNEQF,2
TRBV7-9,TRBJ2-1,ASSLVVSSRTGGIDYYYNEQF,5
TRBV7-9,TRBJ2-1,ASSLVVSSSNEQF,1
TRBV7-9,TRBJ2-1,ASSLVVSSSYNEQF,9
TRBV7-9,TRBJ2-1,ASSLVVSSYNEQF,32
TRBV7-9,TRBJ2-1,ASSLVVSTRNEQF,1
TRBV7-9,TRBJ2-1,ASSLVVSTSGSYNEQF,1
TRBV7-9,TRBJ2-1,ASSLVVSTTGNEQF,1
TRBV7-9,TRBJ2-1,ASSLVVSVGTNEQF,1
TRBV7-9,TRBJ2-1,ASSLVVSVNEQF,1
TRBV7-9,TRBJ2-1,ASSLVVSVPYNEQF,1
TRBV7-9,TRBJ2-1,ASSLVVSWEVGNEQF,2
TRBV7-9,TRBJ2-1,ASSLVVSWTYNEQF,1
TRBV7-9,TRBJ2-1,ASSLVVSWYYNEQF,1
TRBV7-9,TRBJ2-1,ASSLVVSYHEQF,1
TRBV7-9,TRBJ2-1,ASSLVVSYNEQF,15
TRBV7-9,TRBJ2-1,ASSLVVSYVTYNEQF,1
TRBV7-9,TRBJ2-1,ASSLVVTAYNEQF,4
TRBV7-9,TRBJ2-1,ASSLVVTDEQF,1
TRBV7-9,TRBJ2-1,ASSLVVTEQF,11
TRBV7-9,TRBJ2-1,ASSLVVTGDEQF,1
TRBV7-9,TRBJ2-1,ASSLVVTGDGYNEQF,1
TRBV7-9,TRBJ2-1,ASSLVVTGEINEQF,10
TRBV7-9,TRBJ2-1,ASSLVVTGGRSYNEQF,1
TRBV7-9,TRBJ2-1,ASSLVVTGHTNEQF,5
TRBV7-9,TRBJ2-1,ASSLVVTGNDEQF,1
TRBV7-9,TRBJ2-1,ASSLVVTGPGNEQF,1
TRBV7-9,TRBJ2-1,ASSLVVTGSYNEQF,1
TRBV7-9,TRBJ2-1,ASSLVVTGTAIYNEQF,1
TRBV7-9,TRBJ2-1,ASSLVVTGTGVRYNEQF,1
TRBV7-9,TRBJ2-1,ASSLVVTGVGDEQF,1
TRBV7-9,TRBJ2-1,ASSLVVTGVGNEQF,1
TRBV7-9,TRBJ2-1,ASSLVVTHNEQF,1
TRBV7-9,TRBJ2-1,ASSLVVTIWDEQF,1
TRBV7-9,TRBJ2-1,ASSLVVTKNNEQF,1
TRBV7-9,TRBJ2-1,ASSLVVTLGDEQF,3
TRBV7-9,TRBJ2-1,ASSLVVTLGYNEQF,1
TRBV7-9,TRBJ2-1,ASSLVVTMWEYNEQF,1
TRBV7-9,TRBJ2-1,ASSLVVTNEQF,11
TRBV7-9,TRBJ2-1,ASSLVVTPDNEQF,1
TRBV7-9,TRBJ2-1,ASSLVVTPENEQF,10
TRBV7-9,TRBJ2-1,ASSLVVTPNNEQF,1
TRBV7-9,TRBJ2-1,ASSLVVTPYNEQF,4
TRBV7-9,TRBJ2-1,ASSLVVTQARRTSGGSYNEQF,7
TRBV7-9,TRBJ2-1,ASSLVVTQGYDNEQF,1
TRBV7-9,TRBJ2-1,ASSLVVTQSSYNEQF,1
TRBV7-9,TRBJ2-1,ASSLVVTQYNEQF,1
TRBV7-9,TRBJ2-1,ASSLVVTRRYNEQF,11
TRBV7-9,TRBJ2-1,ASSLVVTSANEQF,1
TRBV7-9,TRBJ2-1,ASSLVVTSDEQF,8
TRBV7-9,TRBJ2-1,ASSLVVTSDHNEQF,1
TRBV7-9,TRBJ2-1,ASSLVVTSGDNEQF,7
TRBV7-9,TRBJ2-1,ASSLVVTSGEQF,1
TRBV7-9,TRBJ2-1,ASSLVVTSGGEYNEQF,1
TRBV7-9,TRBJ2-1,ASSLVVTSGGNEQF,1
TRBV7-9,TRBJ2-1,ASSLVVTSGGYNEQF,1
TRBV7-9,TRBJ2-1,ASSLVVTSGHNEQF,1
TRBV7-9,TRBJ2-1,ASSLVVTSGMNEQF,1
TRBV7-9,TRBJ2-1,ASSLVVTSGNFSYNEQF,1
TRBV7-9,TRBJ2-1,ASSLVVTSGNNEQF,1
TRBV7-9,TRBJ2-1,ASSLVVTSGRGGYEQF,1
TRBV7-9,TRBJ2-1,ASSLVVTSGRGTFTEQF,1
TRBV7-9,TRBJ2-1,ASSLVVTSGRIYNEQF,1
TRBV7-9,TRBJ2-1,ASSLVVTSGRKYYNEQF,1
TRBV7-9,TRBJ2-1,ASSLVVTSGRLRNEQF,3
TRBV7-9,TRBJ2-1,ASSLVVTSGRSDEQF,1
TRBV7-9,TRBJ2-1,ASSLVVTSGYNEQF,1
TRBV7-9,TRBJ2-1,ASSLVVTSHNEQF,1
TRBV7-9,TRBJ2-1,ASSLVVTSNEQF,1
TRBV7-9,TRBJ2-1,ASSLVVTSSYNEQF,2
TRBV7-9,TRBJ2-1,ASSLVVTSSYNKQF,1
TRBV7-9,TRBJ2-1,ASSLVVTTFYNEQF,1
TRBV7-9,TRBJ2-1,ASSLVVTTSLIGNEQF,5
TRBV7-9,TRBJ2-1,ASSLVVTVNEQF,9
TRBV7-9,TRBJ2-1,ASSLVVTVYNEQF,1
TRBV7-9,TRBJ2-1,ASSLVVTWEGSYNEQF,5
TRBV7-9,TRBJ2-1,ASSLVVTWRALNEQF,1
TRBV7-9,TRBJ2-1,ASSLVVTYNEQF,3
TRBV7-9,TRBJ2-1,ASSLVVVDEQF,19
TRBV7-9,TRBJ2-1,ASSLVVVDHNEQF,1
TRBV7-9,TRBJ2-1,ASSLVVVDYIGQS,1
TRBV7-9,TRBJ2-1,ASSLVVVEGGSYNEQF,1
TRBV7-9,TRBJ2-1,ASSLVVVEQF,2
TRBV7-9,TRBJ2-1,ASSLVVVGARNEQF,1
TRBV7-9,TRBJ2-1,ASSLVVVGEQF,3
TRBV7-9,TRBJ2-1,ASSLVVVGKGYNEQF,1
TRBV7-9,TRBJ2-1,ASSLVVVGNEQF,1
TRBV7-9,TRBJ2-1,ASSLVVVGQSSYNEQF,1
TRBV7-9,TRBJ2-1,ASSLVVVGSGNEQF,1
TRBV7-9,TRBJ2-1,ASSLVVVGTGSYNEQF,1
TRBV7-9,TRBJ2-1,ASSLVVVHEQF,2
TRBV7-9,TRBJ2-1,ASSLVVVHNEQF,1
TRBV7-9,TRBJ2-1,ASSLVVVINEQF,1
TRBV7-9,TRBJ2-1,ASSLVVVITSGVNNEQF,1
TRBV7-9,TRBJ2-1,ASSLVVVLAGGPKNEQF,5
TRBV7-9,TRBJ2-1,ASSLVVVLAGPSSYNEQF,17
TRBV7-9,TRBJ2-1,ASSLVVVLAREANEQF,1
TRBV7-9,TRBJ2-1,ASSLVVVLDEQF,1
TRBV7-9,TRBJ2-1,ASSLVVVLGQGADEQF,1
TRBV7-9,TRBJ2-1,ASSLVVVLVGYNEQF,4
TRBV7-9,TRBJ2-1,ASSLVVVMAGHEQF,1
TRBV7-9,TRBJ2-1,ASSLVVVNEQF,7
TRBV7-9,TRBJ2-1,ASSLVVVNNEQF,1
TRBV7-9,TRBJ2-1,ASSLVVVPYNEQF,4
TRBV7-9,TRBJ2-1,ASSLVVVQRPGGFNEHF,1
TRBV7-9,TRBJ2-1,ASSLVVVQRPGGFNEQF,11
TRBV7-9,TRBJ2-1,ASSLVVVRDRGFDEQF,1
TRBV7-9,TRBJ2-1,ASSLVVVREGTYNEQF,1
TRBV7-9,TRBJ2-1,ASSLVVVSGSWDEQF,1
TRBV7-9,TRBJ2-1,ASSLVVVSNEQF,3
TRBV7-9,TRBJ2-1,ASSLVVVSYNEQF,1
TRBV7-9,TRBJ2-1,ASSLVVVTNNEQF,1
TRBV7-9,TRBJ2-1,ASSLVVVTSNEQF,4
TRBV7-9,TRBJ2-1,ASSLVVVVGSNEQF,1
TRBV7-9,TRBJ2-1,ASSLVVVVSYNEQF,1
TRBV7-9,TRBJ2-1,ASSLVVVVWLHYNEQF,1
TRBV7-9,TRBJ2-1,ASSLVVVYNEQF,2
TRBV7-9,TRBJ2-1,ASSLVVWAAPFWDEQF,1
TRBV7-9,TRBJ2-1,ASSLVVWAAPIGDEQF,1
TRBV7-9,TRBJ2-1,ASSLVVWAAPIWDEQF,21
TRBV7-9,TRBJ2-1,ASSLVVWAAPIWDVQF,1
TRBV7-9,TRBJ2-1,ASSLVVWASGSDNEQF,1
TRBV7-9,TRBJ2-1,ASSLVVWASGSGNEQF,1
TRBV7-9,TRBJ2-1,ASSLVVWASGSLNEQF,1
TRBV7-9,TRBJ2-1,ASSLVVWASGTDNEQF,1
TRBV7-9,TRBJ2-1,ASSLVVWDNEQF,4
TRBV7-9,TRBJ2-1,ASSLVVWDRGDEQF,1
TRBV7-9,TRBJ2-1,ASSLVVWDRGFDEQF,1
TRBV7-9,TRBJ2-1,ASSLVVWEQF,2
TRBV7-9,TRBJ2-1,ASSLVVWFSYNEQF,1
TRBV7-9,TRBJ2-1,ASSLVVWGEQF,10
TRBV7-9,TRBJ2-1,ASSLVVWGGSDEQF,1
TRBV7-9,TRBJ2-1,ASSLVVWGNEQF,1
TRBV7-9,TRBJ2-1,ASSLVVWGRGADNEQF,1
TRBV7-9,TRBJ2-1,ASSLVVWGRGDEQF,1
TRBV7-9,TRBJ2-1,ASSLVVWGSINEQF,1
TRBV7-9,TRBJ2-1,ASSLVVWGSYNEQF,1
TRBV7-9,TRBJ2-1,ASSLVVWGTEQF,12
TRBV7-9,TRBJ2-1,ASSLVVWNEQF,3
TRBV7-9,TRBJ2-1,ASSLVVWNNEQF,1
TRBV7-9,TRBJ2-1,ASSLVVWSSYNEQF,1
TRBV7-9,TRBJ2-1,ASSLVVWVRRDEQF,1
TRBV7-9,TRBJ2-1,ASSLVVYEQF,8
TRBV7-9,TRBJ2-1,ASSLVVYGDEQF,1
TRBV7-9,TRBJ2-1,ASSLVVYHNEQF,1
TRBV7-9,TRBJ2-1,ASSLVVYNEQF,32
TRBV7-9,TRBJ2-1,ASSLVVYNEWQF,1
TRBV7-9,TRBJ2-1,ASSLVVYRYNEQF,4
TRBV7-9,TRBJ2-1,ASSLVVYSGSRNEQF,12
TRBV7-9,TRBJ2-1,ASSLVVYTSGRAWNEQF,1
TRBV7-9,TRBJ2-1,ASSLVVYYNEQF,1
TRBV7-9,TRBJ2-1,ASSLVWAAEEMDNEQF,7
TRBV7-9,TRBJ2-1,ASSLVWAATDEQF,1
TRBV7-9,TRBJ2-1,ASSLVWAGGPYNEQF,4
TRBV7-9,TRBJ2-1,ASSLVWAGPNEQF,1
TRBV7-9,TRBJ2-1,ASSLVWAGVNEQF,1
TRBV7-9,TRBJ2-1,ASSLVWALADSYNEQF,1
TRBV7-9,TRBJ2-1,ASSLVWALTDEQF,1
TRBV7-9,TRBJ2-1,ASSLVWALYNEQF,1
TRBV7-9,TRBJ2-1,ASSLVWARTDEQF,20
TRBV7-9,TRBJ2-1,ASSLVWASADEQF,2
TRBV7-9,TRBJ2-1,ASSLVWASGDNEQF,2
TRBV7-9,TRBJ2-1,ASSLVWASGGNEQF,1
TRBV7-9,TRBJ2-1,ASSLVWASGSNEQF,1
TRBV7-9,TRBJ2-1,ASSLVWASNEQF,1
TRBV7-9,TRBJ2-1,ASSLVWASRNEQF,3
TRBV7-9,TRBJ2-1,ASSLVWAYNEQF,1
TRBV7-9,TRBJ2-1,ASSLVWCRDSHSCNEQF,1
TRBV7-9,TRBJ2-1,ASSLVWDAGNEQF,6
TRBV7-9,TRBJ2-1,ASSLVWDEEF,1
TRBV7-9,TRBJ2-1,ASSLVWDEQF,38
TRBV7-9,TRBJ2-1,ASSLVWDFDEQF,1
TRBV7-9,TRBJ2-1,ASSLVWDKNNEQF,8
TRBV7-9,TRBJ2-1,ASSLVWDNEQF,8
TRBV7-9,TRBJ2-1,ASSLVWDNNEQF,1
TRBV7-9,TRBJ2-1,ASSLVWDPTFNNEQF,1
TRBV7-9,TRBJ2-1,ASSLVWDRAYNEQF,3
TRBV7-9,TRBJ2-1,ASSLVWDRDDEQF,1
TRBV7-9,TRBJ2-1,ASSLVWDRDSYNEQF,1
TRBV7-9,TRBJ2-1,ASSLVWDRDYNEQF,1
TRBV7-9,TRBJ2-1,ASSLVWDREFFRNEQF,4
TRBV7-9,TRBJ2-1,ASSLVWDRGANEQF,1
TRBV7-9,TRBJ2-1,ASSLVWDRGDNEQF,7
TRBV7-9,TRBJ2-1,ASSLVWDRGNEQF,1
TRBV7-9,TRBJ2-1,ASSLVWDRGPNNEQF,10
TRBV7-9,TRBJ2-1,ASSLVWDRSYNEQF,1
TRBV7-9,TRBJ2-1,ASSLVWDRVIRNEQF,1
TRBV7-9,TRBJ2-1,ASSLVWDRVSGNEQF,1
TRBV7-9,TRBJ2-1,ASSLVWDSAYNEQF,1
TRBV7-9,TRBJ2-1,ASSLVWDSGTSGYNEQF,3
TRBV7-9,TRBJ2-1,ASSLVWDSHKEQF,1
TRBV7-9,TRBJ2-1,ASSLVWDSHNEKF,1
TRBV7-9,TRBJ2-1,ASSLVWDSHNEPF,1
TRBV7-9,TRBJ2-1,ASSLVWDSHNEQF,55
TRBV7-9,TRBJ2-1,ASSLVWDSLNEQF,1
TRBV7-9,TRBJ2-1,ASSLVWDSLPNEQF,1
TRBV7-9,TRBJ2-1,ASSLVWDSLSYNEQF,1
TRBV7-9,TRBJ2-1,ASSLVWDSPNEQF,2
TRBV7-9,TRBJ2-1,ASSLVWDTHNEQF,1
TRBV7-9,TRBJ2-1,ASSLVWDYDNEQF,9
TRBV7-9,TRBJ2-1,ASSLVWDYNEQF,2
TRBV7-9,TRBJ2-1,ASSLVWDYNNEQF,1
TRBV7-9,TRBJ2-1,ASSLVWEAEQF,2
TRBV7-9,TRBJ2-1,ASSLVWEAISYNEQF,3
TRBV7-9,TRBJ2-1,ASSLVWEAYEKQF,1
TRBV7-9,TRBJ2-1,ASSLVWEAYNEQF,5
TRBV7-9,TRBJ2-1,ASSLVWEFLSYNEQF,1
TRBV7-9,TRBJ2-1,ASSLVWEGLF,9
TRBV7-9,TRBJ2-1,ASSLVWEGNEQF,1
TRBV7-9,TRBJ2-1,ASSLVWEGPNEQF,1
TRBV7-9,TRBJ2-1,ASSLVWEGQRGNEQF,1
TRBV7-9,TRBJ2-1,ASSLVWEGRNEQF,3
TRBV7-9,TRBJ2-1,ASSLVWEGSYNEQF,1
TRBV7-9,TRBJ2-1,ASSLVWELVYNEQF,1
TRBV7-9,TRBJ2-1,ASSLVWEPLNEQF,1
TRBV7-9,TRBJ2-1,ASSLVWEPPDEQF,1
TRBV7-9,TRBJ2-1,ASSLVWESHNEQF,1
TRBV7-9,TRBJ2-1,ASSLVWESISYNEQF,1
TRBV7-9,TRBJ2-1,ASSLVWESQGYEQF,1
TRBV7-9,TRBJ2-1,ASSLVWESRDSSYNEQF,1
TRBV7-9,TRBJ2-1,ASSLVWESSYNEQF,1
TRBV7-9,TRBJ2-1,ASSLVWEYNEQF,1
TRBV7-9,TRBJ2-1,ASSLVWFGSPKNKEQF,1
TRBV7-9,TRBJ2-1,ASSLVWFGSPKNNEQF,11
TRBV7-9,TRBJ2-1,ASSLVWGAAYNEQF,1
TRBV7-9,TRBJ2-1,ASSLVWGAGGSYNEQF,3
TRBV7-9,TRBJ2-1,ASSLVWGAGGYNEQF,1
TRBV7-9,TRBJ2-1,ASSLVWGAGVDEQF,5
TRBV7-9,TRBJ2-1,ASSLVWGAPVSYNEQF,1
TRBV7-9,TRBJ2-1,ASSLVWGAQNEQF,1
TRBV7-9,TRBJ2-1,ASSLVWGASGSQYNEQF,1
TRBV7-9,TRBJ2-1,ASSLVWGASNTEQF,15
TRBV7-9,TRBJ2-1,ASSLVWGASYNEQF,2
TRBV7-9,TRBJ2-1,ASSLVWGATYNEQF,2
TRBV7-9,TRBJ2-1,ASSLVWGAYNEQF,1
TRBV7-9,TRBJ2-1,ASSLVWGDEQF,3
TRBV7-9,TRBJ2-1,ASSLVWGDPDYNEQF,1
TRBV7-9,TRBJ2-1,ASSLVWGEAYNEQF,6
TRBV7-9,TRBJ2-1,ASSLVWGEGDNEQF,1
TRBV7-9,TRBJ2-1,ASSLVWGEGYNEQF,1
TRBV7-9,TRBJ2-1,ASSLVWGEQC,1
TRBV7-9,TRBJ2-1,ASSLVWGEQF,35
TRBV7-9,TRBJ2-1,ASSLVWGERETDEQF,4
TRBV7-9,TRBJ2-1,ASSLVWGFTYNEQF,8
TRBV7-9,TRBJ2-1,ASSLVWGGAYNEQF,1
TRBV7-9,TRBJ2-1,ASSLVWGGDTSGKSYNEQF,9
TRBV7-9,TRBJ2-1,ASSLVWGGDYNEQF,1
TRBV7-9,TRBJ2-1,ASSLVWGGGSYNEQF,1
TRBV7-9,TRBJ2-1,ASSLVWGGGTENEQF,6
TRBV7-9,TRBJ2-1,ASSLVWGGNNEQF,1
TRBV7-9,TRBJ2-1,ASSLVWGGPRNEQF,1
TRBV7-9,TRBJ2-1,ASSLVWGGSGNEQF,1
TRBV7-9,TRBJ2-1,ASSLVWGGSGSYNEQF,1
TRBV7-9,TRBJ2-1,ASSLVWGGSSYNEQF,1
TRBV7-9,TRBJ2-1,ASSLVWGHHEQF,1
TRBV7-9,TRBJ2-1,ASSLVWGHNEQF,4
TRBV7-9,TRBJ2-1,ASSLVWGIAGADYNEQF,1
TRBV7-9,TRBJ2-1,ASSLVWGINEQF,4
TRBV7-9,TRBJ2-1,ASSLVWGISYNEQF,1
TRBV7-9,TRBJ2-1,ASSLVWGKLYNEQF,1
TRBV7-9,TRBJ2-1,ASSLVWGLADNEQF,1
TRBV7-9,TRBJ2-1,ASSLVWGLAGGSNEQF,2
TRBV7-9,TRBJ2-1,ASSLVWGLAGNNEQF,2
TRBV7-9,TRBJ2-1,ASSLVWGLANEQF,1
TRBV7-9,TRBJ2-1,ASSLVWGLASGDNEQF,1
TRBV7-9,TRBJ2-1,ASSLVWGLATVYNEQF,1
TRBV7-9,TRBJ2-1,ASSLVWGLGYNEQF,1
TRBV7-9,TRBJ2-1,ASSLVWGLPPYYNEQF,1
TRBV7-9,TRBJ2-1,ASSLVWGLPTPNEQF,19
TRBV7-9,TRBJ2-1,ASSLVWGLSSYNEQF,1
TRBV7-9,TRBJ2-1,ASSLVWGNEQF,12
TRBV7-9,TRBJ2-1,ASSLVWGPAYNEQF,1
TRBV7-9,TRBJ2-1,ASSLVWGPPGNEQF,22
TRBV7-9,TRBJ2-1,ASSLVWGPPTNEQF,1
TRBV7-9,TRBJ2-1,ASSLVWGPRNEQF,1
TRBV7-9,TRBJ2-1,ASSLVWGPSSYNEQF,12
TRBV7-9,TRBJ2-1,ASSLVWGPYNEQF,9
TRBV7-9,TRBJ2-1,ASSLVWGQGAYNEQF,1
TRBV7-9,TRBJ2-1,ASSLVWGQGMDNEQF,1
TRBV7-9,TRBJ2-1,ASSLVWGQLRNEQF,1
TRBV7-9,TRBJ2-1,ASSLVWGQSSYNEQF,1
TRBV7-9,TRBJ2-1,ASSLVWGQWEDEQF,1
TRBV7-9,TRBJ2-1,ASSLVWGRGTDNEQF,1
TRBV7-9,TRBJ2-1,ASSLVWGRGYNEQF,1
TRBV7-9,TRBJ2-1,ASSLVWGRPTPNEQF,1
TRBV7-9,TRBJ2-1,ASSLVWGSEYNEQF,1
TRBV7-9,TRBJ2-1,ASSLVWGSGNEQF,1
TRBV7-9,TRBJ2-1,ASSLVWGSGPYNEQF,1
TRBV7-9,TRBJ2-1,ASSLVWGSSYNEQF,35
TRBV7-9,TRBJ2-1,ASSLVWGSYNEQF,3
TRBV7-9,TRBJ2-1,ASSLVWGSYSYNEQF,1
TRBV7-9,TRBJ2-1,ASSLVWGTAGQF,10
TRBV7-9,TRBJ2-1,ASSLVWGTASNEQF,1
TRBV7-9,TRBJ2-1,ASSLVWGTDNEQF,2
TRBV7-9,TRBJ2-1,ASSLVWGTGRSNHNEQF,4
TRBV7-9,TRBJ2-1,ASSLVWGTGSYNEQF,9
TRBV7-9,TRBJ2-1,ASSLVWGTLYNEQF,1
TRBV7-9,TRBJ2-1,ASSLVWGTRRVDEQF,1
TRBV7-9,TRBJ2-1,ASSLVWGTYNEQF,1
TRBV7-9,TRBJ2-1,ASSLVWGVDHEQF,1
TRBV7-9,TRBJ2-1,ASSLVWGVDNEQF,5
TRBV7-9,TRBJ2-1,ASSLVWGVSYNEQF,1
TRBV7-9,TRBJ2-1,ASSLVWGYNEQF,3
TRBV7-9,TRBJ2-1,ASSLVWGYYNEQF,1
TRBV7-9,TRBJ2-1,ASSLVWHEQF,1
TRBV7-9,TRBJ2-1,ASSLVWHTHNEQF,1
TRBV7-9,TRBJ2-1,ASSLVWISNNEQF,1
TRBV7-9,TRBJ2-1,ASSLVWISSYNEQF,1
TRBV7-9,TRBJ2-1,ASSLVWIYNEQF,1
TRBV7-9,TRBJ2-1,ASSLVWKNEQF,1
TRBV7-9,TRBJ2-1,ASSLVWLADNEQF,1
TRBV7-9,TRBJ2-1,ASSLVWLAGDAYNEQF,1
TRBV7-9,TRBJ2-1,ASSLVWLAGDNEQF,11
TRBV7-9,TRBJ2-1,ASSLVWLAGFNEQF,6
TRBV7-9,TRBJ2-1,ASSLVWLAGGHNEQF,8
TRBV7-9,TRBJ2-1,ASSLVWLAGHKEQF,1
TRBV7-9,TRBJ2-1,ASSLVWLAGHNEQF,8
TRBV7-9,TRBJ2-1,ASSLVWLAGPNEQF,1
TRBV7-9,TRBJ2-1,ASSLVWLAGRGNEQF,1
TRBV7-9,TRBJ2-1,ASSLVWLAGSWGSEQF,1
TRBV7-9,TRBJ2-1,ASSLVWLAGVGNNEQF,1
TRBV7-9,TRBJ2-1,ASSLVWLAGVPLTNNEQF,4
TRBV7-9,TRBJ2-1,ASSLVWLAGVVYNEQF,1
TRBV7-9,TRBJ2-1,ASSLVWLGDEQF,1
TRBV7-9,TRBJ2-1,ASSLVWLGGNEQF,1
TRBV7-9,TRBJ2-1,ASSLVWLNEQF,2
TRBV7-9,TRBJ2-1,ASSLVWLQNSYNEQF,1
TRBV7-9,TRBJ2-1,ASSLVWLSVEQF,3
TRBV7-9,TRBJ2-1,ASSLVWLTGTYNEQF,1
TRBV7-9,TRBJ2-1,ASSLVWMNEQF,1
TRBV7-9,TRBJ2-1,ASSLVWNEQF,39
TRBV7-9,TRBJ2-1,ASSLVWNHEHL,1
TRBV7-9,TRBJ2-1,ASSLVWNKGPDNEQF,1
TRBV7-9,TRBJ2-1,ASSLVWNNEQF,4
TRBV7-9,TRBJ2-1,ASSLVWNTDYNEQF,1
TRBV7-9,TRBJ2-1,ASSLVWPAGNEQF,4
TRBV7-9,TRBJ2-1,ASSLVWPEDNEQF,12
TRBV7-9,TRBJ2-1,ASSLVWPNEQF,1
TRBV7-9,TRBJ2-1,ASSLVWPRTSGSYNEQF,1
TRBV7-9,TRBJ2-1,ASSLVWPSLIGI,2
TRBV7-9,TRBJ2-1,ASSLVWPSSYNEQF,1
TRBV7-9,TRBJ2-1,ASSLVWPVQGRASYKEQF,1
TRBV7-9,TRBJ2-1,ASSLVWPVQGRASYNAQF,1
TRBV7-9,TRBJ2-1,ASSLVWPVQGRASYNEQF,12
TRBV7-9,TRBJ2-1,ASSLVWQDDNEQF,1
TRBV7-9,TRBJ2-1,ASSLVWQDNEQF,1
TRBV7-9,TRBJ2-1,ASSLVWQDYNEQF,1
TRBV7-9,TRBJ2-1,ASSLVWQGDNEQF,1
TRBV7-9,TRBJ2-1,ASSLVWQGHNEQF,1
TRBV7-9,TRBJ2-1,ASSLVWQGLSSYNEQF,1
TRBV7-9,TRBJ2-1,ASSLVWQGQSNEQF,1
TRBV7-9,TRBJ2-1,ASSLVWQGSHNEQF,1
TRBV7-9,TRBJ2-1,ASSLVWQGSVNEQF,1
TRBV7-9,TRBJ2-1,ASSLVWQGSYNEQF,1
TRBV7-9,TRBJ2-1,ASSLVWQGVSVEQF,6
TRBV7-9,TRBJ2-1,ASSLVWQNEQF,4
TRBV7-9,TRBJ2-1,ASSLVWQSYNEQF,7
TRBV7-9,TRBJ2-1,ASSLVWQTNNEQF,1
TRBV7-9,TRBJ2-1,ASSLVWRAGYNEQF,1
TRBV7-9,TRBJ2-1,ASSLVWRARSNEQF,1
TRBV7-9,TRBJ2-1,ASSLVWRASYNEQF,1
TRBV7-9,TRBJ2-1,ASSLVWRDGSSYNEQF,1
TRBV7-9,TRBJ2-1,ASSLVWRDREVNEQF,1
TRBV7-9,TRBJ2-1,ASSLVWRDYNEQF,1
TRBV7-9,TRBJ2-1,ASSLVWREGGDEQF,1
TRBV7-9,TRBJ2-1,ASSLVWREGHNEQF,1
TRBV7-9,TRBJ2-1,ASSLVWREGNEQF,1
TRBV7-9,TRBJ2-1,ASSLVWREGRNEQF,19
TRBV7-9,TRBJ2-1,ASSLVWREGSSYNEQC,1
TRBV7-9,TRBJ2-1,ASSLVWREGSSYNEQF,13
TRBV7-9,TRBJ2-1,ASSLVWREGYNEQF,1
TRBV7-9,TRBJ2-1,ASSLVWREIHNEQF,2
TRBV7-9,TRBJ2-1,ASSLVWREIPNEQF,1
TRBV7-9,TRBJ2-1,ASSLVWREPYNEQF,1
TRBV7-9,TRBJ2-1,ASSLVWREQGNEQF,19
TRBV7-9,TRBJ2-1,ASSLVWRERPYRVDEQF,1
TRBV7-9,TRBJ2-1,ASSLVWRESNEQF,6
TRBV7-9,TRBJ2-1,ASSLVWREVGYNEQF,1
TRBV7-9,TRBJ2-1,ASSLVWREVSNEQF,1
TRBV7-9,TRBJ2-1,ASSLVWRGAGLDEQF,1
TRBV7-9,TRBJ2-1,ASSLVWRGALISNEQF,1
TRBV7-9,TRBJ2-1,ASSLVWRGANNEQF,8
TRBV7-9,TRBJ2-1,ASSLVWRGGSHNEQF,8
TRBV7-9,TRBJ2-1,ASSLVWRGGSYNEQF,1
TRBV7-9,TRBJ2-1,ASSLVWRGQF,1
TRBV7-9,TRBJ2-1,ASSLVWRGYYNEQF,10
TRBV7-9,TRBJ2-1,ASSLVWRNEQF,1
TRBV7-9,TRBJ2-1,ASSLVWRRDSYNEQF,5
TRBV7-9,TRBJ2-1,ASSLVWRRESYNEQF,1
TRBV7-9,TRBJ2-1,ASSLVWRTGTYNEQF,2
TRBV7-9,TRBJ2-1,ASSLVWRVDNEQF,11
TRBV7-9,TRBJ2-1,ASSLVWRYNEQF,1
TRBV7-9,TRBJ2-1,ASSLVWSAGLNEQF,1
TRBV7-9,TRBJ2-1,ASSLVWSANNEQF,6
TRBV7-9,TRBJ2-1,ASSLVWSAYYNEQF,1
TRBV7-9,TRBJ2-1,ASSLVWSDEQF,8
TRBV7-9,TRBJ2-1,ASSLVWSDNEQF,1
TRBV7-9,TRBJ2-1,ASSLVWSEGDEQF,1
TRBV7-9,TRBJ2-1,ASSLVWSEHF,1
TRBV7-9,TRBJ2-1,ASSLVWSEQF,13
TRBV7-9,TRBJ2-1,ASSLVWSETDYNEQF,1
TRBV7-9,TRBJ2-1,ASSLVWSGEQF,1
TRBV7-9,TRBJ2-1,ASSLVWSGGNEQF,1
TRBV7-9,TRBJ2-1,ASSLVWSGGQF,2
TRBV7-9,TRBJ2-1,ASSLVWSGGYNEQF,1
TRBV7-9,TRBJ2-1,ASSLVWSGNEQF,4
TRBV7-9,TRBJ2-1,ASSLVWSGREDNEQF,1
TRBV7-9,TRBJ2-1,ASSLVWSGTRSYNEQF,1
TRBV7-9,TRBJ2-1,ASSLVWSKYNEQF,1
TRBV7-9,TRBJ2-1,ASSLVWSPTPSSYNEQF,6
TRBV7-9,TRBJ2-1,ASSLVWSPYNEQF,2
TRBV7-9,TRBJ2-1,ASSLVWSRADEQF,1
TRBV7-9,TRBJ2-1,ASSLVWSRDRYYNEQF,1
TRBV7-9,TRBJ2-1,ASSLVWSRDSHSYNEQF,7
TRBV7-9,TRBJ2-1,ASSLVWSRSYNEQF,1
TRBV7-9,TRBJ2-1,ASSLVWSSGNNEQF,1
TRBV7-9,TRBJ2-1,ASSLVWSSGRGSYNEQF,1
TRBV7-9,TRBJ2-1,ASSLVWSSYNEQF,30
TRBV7-9,TRBJ2-1,ASSLVWSTLYNEQF,13
TRBV7-9,TRBJ2-1,ASSLVWSVEGEQF,1
TRBV7-9,TRBJ2-1,ASSLVWSVEQF,2
TRBV7-9,TRBJ2-1,ASSLVWSYNEQF,3
TRBV7-9,TRBJ2-1,ASSLVWTADYNEQF,11
TRBV7-9,TRBJ2-1,ASSLVWTADYNGQF,1
TRBV7-9,TRBJ2-1,ASSLVWTAGLNEQC,1
TRBV7-9,TRBJ2-1,ASSLVWTAGLNEQF,15
TRBV7-9,TRBJ2-1,ASSLVWTAPYNEQF,1
TRBV7-9,TRBJ2-1,ASSLVWTARLNEQF,1
TRBV7-9,TRBJ2-1,ASSLVWTDFNEQF,1
TRBV7-9,TRBJ2-1,ASSLVWTDNEQF,8
TRBV7-9,TRBJ2-1,ASSLVWTDSPYNEQF,1
TRBV7-9,TRBJ2-1,ASSLVWTEGNEQF,1
TRBV7-9,TRBJ2-1,ASSLVWTEGPGNEQF,1
TRBV7-9,TRBJ2-1,ASSLVWTGANEQF,1
TRBV7-9,TRBJ2-1,ASSLVWTGDIS,7
TRBV7-9,TRBJ2-1,ASSLVWTGDSYNEQF,1
TRBV7-9,TRBJ2-1,ASSLVWTGDYNEQF,1
TRBV7-9,TRBJ2-1,ASSLVWTGGKNEQF,1
TRBV7-9,TRBJ2-1,ASSLVWTGGNEQF,1
TRBV7-9,TRBJ2-1,ASSLVWTGGSTYNEQF,4
TRBV7-9,TRBJ2-1,ASSLVWTGNEQF,11
TRBV7-9,TRBJ2-1,ASSLVWTGPDNEQF,4
TRBV7-9,TRBJ2-1,ASSLVWTGPSYNEQF,6
TRBV7-9,TRBJ2-1,ASSLVWTGREQF,1
TRBV7-9,TRBJ2-1,ASSLVWTGVGEQF,3
TRBV7-9,TRBJ2-1,ASSLVWTGYNEQF,1
TRBV7-9,TRBJ2-1,ASSLVWTKTYNEQF,1
TRBV7-9,TRBJ2-1,ASSLVWTNNEQF,4
TRBV7-9,TRBJ2-1,ASSLVWTNNNEQF,1
TRBV7-9,TRBJ2-1,ASSLVWTPLSYNEQF,7
TRBV7-9,TRBJ2-1,ASSLVWTPNEQF,5
TRBV7-9,TRBJ2-1,ASSLVWTQGHNEQF,1
TRBV7-9,TRBJ2-1,ASSLVWTQGTYNEQF,3
TRBV7-9,TRBJ2-1,ASSLVWTRSNEQF,1
TRBV7-9,TRBJ2-1,ASSLVWTSANEQF,1
TRBV7-9,TRBJ2-1,ASSLVWTSGHNEQF,1
TRBV7-9,TRBJ2-1,ASSLVWTSGKTYNEHF,1
TRBV7-9,TRBJ2-1,ASSLVWTSGKTYNEQF,7
TRBV7-9,TRBJ2-1,ASSLVWTSGTYNEQF,1
TRBV7-9,TRBJ2-1,ASSLVWTSGWSSYNEQF,1
TRBV7-9,TRBJ2-1,ASSLVWTSGYNEQF,1
TRBV7-9,TRBJ2-1,ASSLVWTSHEQF,1
TRBV7-9,TRBJ2-1,ASSLVWTSLIGI,19
TRBV7-9,TRBJ2-1,ASSLVWTSLIGV,1
TRBV7-9,TRBJ2-1,ASSLVWTSQVGNEQF,3
TRBV7-9,TRBJ2-1,ASSLVWTSSVNEQF,1
TRBV7-9,TRBJ2-1,ASSLVWTSSYNEQF,1
TRBV7-9,TRBJ2-1,ASSLVWTSVPSSYNEQF,1
TRBV7-9,TRBJ2-1,ASSLVWTTLYNEQF,2
TRBV7-9,TRBJ2-1,ASSLVWTTYYNEQF,1
TRBV7-9,TRBJ2-1,ASSLVWTVGLNEQF,1
TRBV7-9,TRBJ2-1,ASSLVWVADNEQF,1
TRBV7-9,TRBJ2-1,ASSLVWVAGNEPF,1
TRBV7-9,TRBJ2-1,ASSLVWVAGNEQF,3
TRBV7-9,TRBJ2-1,ASSLVWVASNTEQF,1
TRBV7-9,TRBJ2-1,ASSLVWVAYNEQF,1
TRBV7-9,TRBJ2-1,ASSLVWVDGGHNEQF,1
TRBV7-9,TRBJ2-1,ASSLVWVDNEQF,1
TRBV7-9,TRBJ2-1,ASSLVWVFRENNEQF,1
TRBV7-9,TRBJ2-1,ASSLVWVGFDNEQF,1
TRBV7-9,TRBJ2-1,ASSLVWVGKYNEQF,1
TRBV7-9,TRBJ2-1,ASSLVWVGSGHEQF,3
TRBV7-9,TRBJ2-1,ASSLVWVGTGGLDEQF,1
TRBV7-9,TRBJ2-1,ASSLVWVGYNEQF,1
TRBV7-9,TRBJ2-1,ASSLVWVLNEQF,1
TRBV7-9,TRBJ2-1,ASSLVWVLSCNEQF,1
TRBV7-9,TRBJ2-1,ASSLVWVLSYNEQF,6
TRBV7-9,TRBJ2-1,ASSLVWVPEASSYNEQF,1
TRBV7-9,TRBJ2-1,ASSLVWVPNEQF,1
TRBV7-9,TRBJ2-1,ASSLVWVRAESYNEQF,6
TRBV7-9,TRBJ2-1,ASSLVWVSDSYNEQF,1
TRBV7-9,TRBJ2-1,ASSLVWVSNEQF,8
TRBV7-9,TRBJ2-1,ASSLVWVSYNEQF,14
TRBV7-9,TRBJ2-1,ASSLVWVVVNEQF,1
TRBV7-9,TRBJ2-1,ASSLVWWGTTNEQF,1
TRBV7-9,TRBJ2-1,ASSLVWYGNEQF,1
TRBV7-9,TRBJ2-1,ASSLVWYNEQF,1
TRBV7-9,TRBJ2-1,ASSLVWYYNEQC,1
TRBV7-9,TRBJ2-1,ASSLVWYYNEQF,15
TRBV7-9,TRBJ2-1,ASSLVYAAPYNEQF,1
TRBV7-9,TRBJ2-1,ASSLVYAAYEQF,12
TRBV7-9,TRBJ2-1,ASSLVYAEYNEQF,1
TRBV7-9,TRBJ2-1,ASSLVYAGENEQF,1
TRBV7-9,TRBJ2-1,ASSLVYAGGARGEQF,4
TRBV7-9,TRBJ2-1,ASSLVYAGGRNEQF,1
TRBV7-9,TRBJ2-1,ASSLVYAGLAGVNEQF,1
TRBV7-9,TRBJ2-1,ASSLVYAGSSYNEQF,3
TRBV7-9,TRBJ2-1,ASSLVYAGTPNEQF,4
TRBV7-9,TRBJ2-1,ASSLVYAGVDEQF,1
TRBV7-9,TRBJ2-1,ASSLVYAGVDNEQF,1
TRBV7-9,TRBJ2-1,ASSLVYAHEQF,13
TRBV7-9,TRBJ2-1,ASSLVYAINNEQF,1
TRBV7-9,TRBJ2-1,ASSLVYAREYHEQF,2
TRBV7-9,TRBJ2-1,ASSLVYASGAPYNEQF,1
TRBV7-9,TRBJ2-1,ASSLVYASGEQF,13
TRBV7-9,TRBJ2-1,ASSLVYASGIEQF,11
TRBV7-9,TRBJ2-1,ASSLVYASGRKNEQF,1
TRBV7-9,TRBJ2-1,ASSLVYASGSGGYNEQF,6
TRBV7-9,TRBJ2-1,ASSLVYAYDIYEQF,1
TRBV7-9,TRBJ2-1,ASSLVYAYNEQF,1
TRBV7-9,TRBJ2-1,ASSLVYCAYNEQF,1
TRBV7-9,TRBJ2-1,ASSLVYDEQF,17
TRBV7-9,TRBJ2-1,ASSLVYDNEQF,2
TRBV7-9,TRBJ2-1,ASSLVYDRPVHNEQF,3
TRBV7-9,TRBJ2-1,ASSLVYDSQSSYNEQF,1
TRBV7-9,TRBJ2-1,ASSLVYDVEGDEQF,1
TRBV7-9,TRBJ2-1,ASSLVYEASNEHF,1
TRBV7-9,TRBJ2-1,ASSLVYEAYNEQF,1
TRBV7-9,TRBJ2-1,ASSLVYEGDNEQF,1
TRBV7-9,TRBJ2-1,ASSLVYENEQF,3
TRBV7-9,TRBJ2-1,ASSLVYEPYNAHF,1
TRBV7-9,TRBJ2-1,ASSLVYEQF,61
TRBV7-9,TRBJ2-1,ASSLVYESGGYNEQF,1
TRBV7-9,TRBJ2-1,ASSLVYFLAGGSYNEQF,1
TRBV7-9,TRBJ2-1,ASSLVYFLASGSYKEQF,1
TRBV7-9,TRBJ2-1,ASSLVYFLASGSYNEQF,11
TRBV7-9,TRBJ2-1,ASSLVYGAANEQF,23
TRBV7-9,TRBJ2-1,ASSLVYGAPYNEQF,1
TRBV7-9,TRBJ2-1,ASSLVYGAVNEQF,1
TRBV7-9,TRBJ2-1,ASSLVYGDEQF,3
TRBV7-9,TRBJ2-1,ASSLVYGDNEQF,10
TRBV7-9,TRBJ2-1,ASSLVYGDSSSYNEQF,1
TRBV7-9,TRBJ2-1,ASSLVYGEGLAYYNEQF,1
TRBV7-9,TRBJ2-1,ASSLVYGEQF,12
TRBV7-9,TRBJ2-1,ASSLVYGETYNEQF,1
TRBV7-9,TRBJ2-1,ASSLVYGFLGEQF,8
TRBV7-9,TRBJ2-1,ASSLVYGGAHPNEQF,1
TRBV7-9,TRBJ2-1,ASSLVYGGASSYNEQF,1
TRBV7-9,TRBJ2-1,ASSLVYGGDEQF,1
TRBV7-9,TRBJ2-1,ASSLVYGGGRYNEQF,1
TRBV7-9,TRBJ2-1,ASSLVYGGNEQF,1
TRBV7-9,TRBJ2-1,ASSLVYGGPYNEQF,1
TRBV7-9,TRBJ2-1,ASSLVYGGSSSYNEQF,9
TRBV7-9,TRBJ2-1,ASSLVYGGTSGRVNEQF,1
TRBV7-9,TRBJ2-1,ASSLVYGGYNEQF,10
TRBV7-9,TRBJ2-1,ASSLVYGKNYNEQF,1
TRBV7-9,TRBJ2-1,ASSLVYGLAGFYNEQF,1
TRBV7-9,TRBJ2-1,ASSLVYGNEQF,3
TRBV7-9,TRBJ2-1,ASSLVYGNYNEQF,1
TRBV7-9,TRBJ2-1,ASSLVYGQDNEQF,6
TRBV7-9,TRBJ2-1,ASSLVYGQRRDEQF,1
TRBV7-9,TRBJ2-1,ASSLVYGRDGSYNEQF,6
TRBV7-9,TRBJ2-1,ASSLVYGSAGSYNEQF,1
TRBV7-9,TRBJ2-1,ASSLVYGSEGYNEQF,1
TRBV7-9,TRBJ2-1,ASSLVYGSYNEQF,2
TRBV7-9,TRBJ2-1,ASSLVYGTAYNEQF,1
TRBV7-9,TRBJ2-1,ASSLVYGTNEQF,1
TRBV7-9,TRBJ2-1,ASSLVYGTPYNEQF,6
TRBV7-9,TRBJ2-1,ASSLVYGTRGNEQF,1
TRBV7-9,TRBJ2-1,ASSLVYGTSGGYNEQF,1
TRBV7-9,TRBJ2-1,ASSLVYGTSGNNEQF,1
TRBV7-9,TRBJ2-1,ASSLVYGTSGRYEQF,1
TRBV7-9,TRBJ2-1,ASSLVYGTSGSYEQF,17
TRBV7-9,TRBJ2-1,ASSLVYGTSRSYEQF,1
TRBV7-9,TRBJ2-1,ASSLVYGVAPYNEQF,1
TRBV7-9,TRBJ2-1,ASSLVYGYNEQF,16
TRBV7-9,TRBJ2-1,ASSLVYGYYEQF,1
TRBV7-9,TRBJ2-1,ASSLVYHEQF,1
TRBV7-9,TRBJ2-1,ASSLVYIAGGPGNEQF,1
TRBV7-9,TRBJ2-1,ASSLVYIAGGPHEQF,1
TRBV7-9,TRBJ2-1,ASSLVYIAGGSYNEQF,1
TRBV7-9,TRBJ2-1,ASSLVYIGEGLYNEQF,1
TRBV7-9,TRBJ2-1,ASSLVYIQDNEQF,1
TRBV7-9,TRBJ2-1,ASSLVYISYNEQF,2
TRBV7-9,TRBJ2-1,ASSLVYKANEQF,1
TRBV7-9,TRBJ2-1,ASSLVYKSNEQF,1
TRBV7-9,TRBJ2-1,ASSLVYLAGANEQF,2
TRBV7-9,TRBJ2-1,ASSLVYLAGASSYNEQF,7
TRBV7-9,TRBJ2-1,ASSLVYLEGGVNEQF,6
TRBV7-9,TRBJ2-1,ASSLVYLGDEQF,2
TRBV7-9,TRBJ2-1,ASSLVYLGGGTYNEQF,1
TRBV7-9,TRBJ2-1,ASSLVYLGSSYNEQF,1
TRBV7-9,TRBJ2-1,ASSLVYLNEQF,2
TRBV7-9,TRBJ2-1,ASSLVYNEQC,1
TRBV7-9,TRBJ2-1,ASSLVYNEQF,125
TRBV7-9,TRBJ2-1,ASSLVYNPVDEQF,4
TRBV7-9,TRBJ2-1,ASSLVYPAGRTYNEQF,15
TRBV7-9,TRBJ2-1,ASSLVYPAYNEQF,1
TRBV7-9,TRBJ2-1,ASSLVYPDNEQF,1
TRBV7-9,TRBJ2-1,ASSLVYPGADNEQF,1
TRBV7-9,TRBJ2-1,ASSLVYPGFGNEQF,11
TRBV7-9,TRBJ2-1,ASSLVYPGNEQF,2
TRBV7-9,TRBJ2-1,ASSLVYPGSYNEQF,1
TRBV7-9,TRBJ2-1,ASSLVYPLKF,1
TRBV7-9,TRBJ2-1,ASSLVYPNEQF,8
TRBV7-9,TRBJ2-1,ASSLVYPNNEQF,2
TRBV7-9,TRBJ2-1,ASSLVYPSGSLNEQF,1
TRBV7-9,TRBJ2-1,ASSLVYPWNEQF,1
TRBV7-9,TRBJ2-1,ASSLVYPYEQF,1
TRBV7-9,TRBJ2-1,ASSLVYPYNEQF,5
TRBV7-9,TRBJ2-1,ASSLVYPYNQQF,1
TRBV7-9,TRBJ2-1,ASSLVYQDRYNEQF,18
TRBV7-9,TRBJ2-1,ASSLVYQENNEQF,1
TRBV7-9,TRBJ2-1,ASSLVYQGDNEQF,1
TRBV7-9,TRBJ2-1,ASSLVYQGDYNEQF,1
TRBV7-9,TRBJ2-1,ASSLVYQGSYNEQF,1
TRBV7-9,TRBJ2-1,ASSLVYQLNYNEQF,4
TRBV7-9,TRBJ2-1,ASSLVYQNNEQF,4
TRBV7-9,TRBJ2-1,ASSLVYQREAGVYNEQF,4
TRBV7-9,TRBJ2-1,ASSLVYQTDEQF,1
TRBV7-9,TRBJ2-1,ASSLVYRADEQF,13
TRBV7-9,TRBJ2-1,ASSLVYRANEQF,1
TRBV7-9,TRBJ2-1,ASSLVYRAVGDEQF,1
TRBV7-9,TRBJ2-1,ASSLVYRAYNEQF,1
TRBV7-9,TRBJ2-1,ASSLVYRDNEQF,1
TRBV7-9,TRBJ2-1,ASSLVYRDNYNEQF,14
TRBV7-9,TRBJ2-1,ASSLVYRDNYNGQF,1
TRBV7-9,TRBJ2-1,ASSLVYRDRYNEQF,1
TRBV7-9,TRBJ2-1,ASSLVYREGPINEQF,1
TRBV7-9,TRBJ2-1,ASSLVYREKS,1
TRBV7-9,TRBJ2-1,ASSLVYREYNEQF,3
TRBV7-9,TRBJ2-1,ASSLVYRGAEQF,9
TRBV7-9,TRBJ2-1,ASSLVYRGGNEQF,1
TRBV7-9,TRBJ2-1,ASSLVYRGHHEQF,10
TRBV7-9,TRBJ2-1,ASSLVYRGNEQF,20
TRBV7-9,TRBJ2-1,ASSLVYRGSNNEQF,1
TRBV7-9,TRBJ2-1,ASSLVYRGTYNEQF,1
TRBV7-9,TRBJ2-1,ASSLVYRGYNEQF,1
TRBV7-9,TRBJ2-1,ASSLVYRLDYEQF,1
TRBV7-9,TRBJ2-1,ASSLVYRNEQF,7
TRBV7-9,TRBJ2-1,ASSLVYRNNEQF,1
TRBV7-9,TRBJ2-1,ASSLVYRPPNEQF,2
TRBV7-9,TRBJ2-1,ASSLVYRPSGGGNEQF,1
TRBV7-9,TRBJ2-1,ASSLVYRQGHEQF,3
TRBV7-9,TRBJ2-1,ASSLVYRRNYNEQF,1
TRBV7-9,TRBJ2-1,ASSLVYRRQGYNEQF,1
TRBV7-9,TRBJ2-1,ASSLVYRSSYNEQF,11
TRBV7-9,TRBJ2-1,ASSLVYRSYNEQF,1
TRBV7-9,TRBJ2-1,ASSLVYRTGKGNEQF,1
TRBV7-9,TRBJ2-1,ASSLVYRTGNTYNEQF,1
TRBV7-9,TRBJ2-1,ASSLVYSANEQF,1
TRBV7-9,TRBJ2-1,ASSLVYSEQF,1
TRBV7-9,TRBJ2-1,ASSLVYSGMEDEQF,1
TRBV7-9,TRBJ2-1,ASSLVYSGSLNEQF,1
TRBV7-9,TRBJ2-1,ASSLVYSHEQF,1
TRBV7-9,TRBJ2-1,ASSLVYSKGLAGRNEQF,2
TRBV7-9,TRBJ2-1,ASSLVYSMGAGEEGYNEQF,6
TRBV7-9,TRBJ2-1,ASSLVYSNEQF,2
TRBV7-9,TRBJ2-1,ASSLVYSNNEQF,1
TRBV7-9,TRBJ2-1,ASSLVYSPDNEQF,1
TRBV7-9,TRBJ2-1,ASSLVYSRDSTSNEQF,1
TRBV7-9,TRBJ2-1,ASSLVYSRRFDEQF,14
TRBV7-9,TRBJ2-1,ASSLVYSRSFDEQF,1
TRBV7-9,TRBJ2-1,ASSLVYSTAYNEQF,1
TRBV7-9,TRBJ2-1,ASSLVYSTYNEQF,3
TRBV7-9,TRBJ2-1,ASSLVYSYDEQF,1
TRBV7-9,TRBJ2-1,ASSLVYSYNEQF,13
TRBV7-9,TRBJ2-1,ASSLVYSYPRRFHEQF,1
TRBV7-9,TRBJ2-1,ASSLVYTEQF,2
TRBV7-9,TRBJ2-1,ASSLVYTGDSPPRLASRGEQF,12
TRBV7-9,TRBJ2-1,ASSLVYTGGASYNEQF,4
TRBV7-9,TRBJ2-1,ASSLVYTHEQF,1
TRBV7-9,TRBJ2-1,ASSLVYTKGDEQF,1
TRBV7-9,TRBJ2-1,ASSLVYTSGDNEQF,2
TRBV7-9,TRBJ2-1,ASSLVYTSGVNNEQF,1
TRBV7-9,TRBJ2-1,ASSLVYTSGYNEQF,1
TRBV7-9,TRBJ2-1,ASSLVYTTGGSNEQF,2
TRBV7-9,TRBJ2-1,ASSLVYTTSGSNEQF,33
TRBV7-9,TRBJ2-1,ASSLVYTTVNEQF,1
TRBV7-9,TRBJ2-1,ASSLVYVAGVGYNEQF,1
TRBV7-9,TRBJ2-1,ASSLVYVGGNEQF,9
TRBV7-9,TRBJ2-1,ASSLVYVGGYNEQF,1
TRBV7-9,TRBJ2-1,ASSLVYVGTGANNEQF,1
TRBV7-9,TRBJ2-1,ASSLVYVGTGGRNEQF,1
TRBV7-9,TRBJ2-1,ASSLVYVLAGIGGGEQF,3
TRBV7-9,TRBJ2-1,ASSLVYVNNEQF,1
TRBV7-9,TRBJ2-1,ASSLVYVPGSYNDQF,1
TRBV7-9,TRBJ2-1,ASSLVYVPGSYNEQF,17
TRBV7-9,TRBJ2-1,ASSLVYVPGSYNEQL,1
TRBV7-9,TRBJ2-1,ASSLVYVPGWDEQF,1
TRBV7-9,TRBJ2-1,ASSLVYVRKQFSYNEQF,1
TRBV7-9,TRBJ2-1,ASSLVYVSYNEQF,3
TRBV7-9,TRBJ2-1,ASSLVYWANEQF,1
TRBV7-9,TRBJ2-1,ASSLVYWASKNEQF,1
TRBV7-9,TRBJ2-1,ASSLVYWDRGANEQF,1
TRBV7-9,TRBJ2-1,ASSLVYWQSSYNEQF,1
TRBV7-9,TRBJ2-1,ASSLVYYEQF,1
TRBV7-9,TRBJ2-1,ASSLVYYGQGVYNEQF,1
TRBV7-9,TRBJ2-1,ASSLVYYNEQF,2
TRBV7-9,TRBJ2-1,ASSLWAAEATKSSHF,1
TRBV7-9,TRBJ2-1,ASSLWAALTGGYEQF,1
TRBV7-9,TRBJ2-1,ASSLWAAPSYNAQF,1
TRBV7-9,TRBJ2-1,ASSLWAAPSYNEQF,9
TRBV7-9,TRBJ2-1,ASSLWAARYNEQF,1
TRBV7-9,TRBJ2-1,ASSLWAASGRYNEQF,1
TRBV7-9,TRBJ2-1,ASSLWAASYNEQF,1
TRBV7-9,TRBJ2-1,ASSLWAATGDEQF,1
TRBV7-9,TRBJ2-1,ASSLWADEQF,1
TRBV7-9,TRBJ2-1,ASSLWADGNEQF,9
TRBV7-9,TRBJ2-1,ASSLWADLSYNEQF,1
TRBV7-9,TRBJ2-1,ASSLWADNEQF,2
TRBV7-9,TRBJ2-1,ASSLWADNLGNEQF,1
TRBV7-9,TRBJ2-1,ASSLWADNNEQF,1
TRBV7-9,TRBJ2-1,ASSLWADPNNEQF,1
TRBV7-9,TRBJ2-1,ASSLWADRGNEQF,1
TRBV7-9,TRBJ2-1,ASSLWADSNEQF,1
TRBV7-9,TRBJ2-1,ASSLWADSSYNEQF,2
TRBV7-9,TRBJ2-1,ASSLWADYNEQF,10
TRBV7-9,TRBJ2-1,ASSLWAENNEQF,1
TRBV7-9,TRBJ2-1,ASSLWAEQF,4
TRBV7-9,TRBJ2-1,ASSLWAESSYNEQF,2
TRBV7-9,TRBJ2-1,ASSLWAEVDEQF,1
TRBV7-9,TRBJ2-1,ASSLWAEYNEQF,1
TRBV7-9,TRBJ2-1,ASSLWAGADNEQF,1
TRBV7-9,TRBJ2-1,ASSLWAGALNEQF,1
TRBV7-9,TRBJ2-1,ASSLWAGAREQF,1
TRBV7-9,TRBJ2-1,ASSLWAGAYNEQF,17
TRBV7-9,TRBJ2-1,ASSLWAGAYNEQL,1
TRBV7-9,TRBJ2-1,ASSLWAGEDNEQF,1
TRBV7-9,TRBJ2-1,ASSLWAGEGAKSSHF,2
TRBV7-9,TRBJ2-1,ASSLWAGEGNEQF,1
TRBV7-9,TRBJ2-1,ASSLWAGEGRNEQF,1
TRBV7-9,TRBJ2-1,ASSLWAGEGTKSSHF,16
TRBV7-9,TRBJ2-1,ASSLWAGEGTKSSRF,1
TRBV7-9,TRBJ2-1,ASSLWAGESDEQF,1
TRBV7-9,TRBJ2-1,ASSLWAGESFDEQF,1
TRBV7-9,TRBJ2-1,ASSLWAGESYNEQF,1
TRBV7-9,TRBJ2-1,ASSLWAGEVDEQF,1
TRBV7-9,TRBJ2-1,ASSLWAGGARNEQF,1
TRBV7-9,TRBJ2-1,ASSLWAGGAYNEQF,1
TRBV7-9,TRBJ2-1,ASSLWAGGDNEQF,2
TRBV7-9,TRBJ2-1,ASSLWAGGENEQF,1
TRBV7-9,TRBJ2-1,ASSLWAGGFNNEQF,8
TRBV7-9,TRBJ2-1,ASSLWAGGGEQF,10
TRBV7-9,TRBJ2-1,ASSLWAGGGRKYNEQF,1
TRBV7-9,TRBJ2-1,ASSLWAGGKNEQF,1
TRBV7-9,TRBJ2-1,ASSLWAGGLANEQF,22
TRBV7-9,TRBJ2-1,ASSLWAGGLENEQF,12
TRBV7-9,TRBJ2-1,ASSLWAGGLGNEQF,1
TRBV7-9,TRBJ2-1,ASSLWAGGLPLGNEQF,13
TRBV7-9,TRBJ2-1,ASSLWAGGPDEQF,2
TRBV7-9,TRBJ2-1,ASSLWAGGPHNEQF,3
TRBV7-9,TRBJ2-1,ASSLWAGGPNEQF,19
TRBV7-9,TRBJ2-1,ASSLWAGGPPLYNEQF,1
TRBV7-9,TRBJ2-1,ASSLWAGGPYNEQF,1
TRBV7-9,TRBJ2-1,ASSLWAGGQGSEQF,7
TRBV7-9,TRBJ2-1,ASSLWAGGRPLGNEQF,1
TRBV7-9,TRBJ2-1,ASSLWAGGRSSYNEQF,1
TRBV7-9,TRBJ2-1,ASSLWAGGSGLGNEQF,1
TRBV7-9,TRBJ2-1,ASSLWAGGWNEQF,1
TRBV7-9,TRBJ2-1,ASSLWAGGYNEQF,3
TRBV7-9,TRBJ2-1,ASSLWAGKF,18
TRBV7-9,TRBJ2-1,ASSLWAGKGGNEQF,1
TRBV7-9,TRBJ2-1,ASSLWAGLAVNNEQF,1
TRBV7-9,TRBJ2-1,ASSLWAGLGDNEQF,1
TRBV7-9,TRBJ2-1,ASSLWAGNEQF,1
TRBV7-9,TRBJ2-1,ASSLWAGNNEQF,1
TRBV7-9,TRBJ2-1,ASSLWAGPDYNEQF,1
TRBV7-9,TRBJ2-1,ASSLWAGPSYNEQF,1
TRBV7-9,TRBJ2-1,ASSLWAGQARYNEQF,1
TRBV7-9,TRBJ2-1,ASSLWAGQTYNEQF,1
TRBV7-9,TRBJ2-1,ASSLWAGQVLGNEQF,1
TRBV7-9,TRBJ2-1,ASSLWAGRDNEQF,1
TRBV7-9,TRBJ2-1,ASSLWAGREF,1
TRBV7-9,TRBJ2-1,ASSLWAGRSNEQF,1
TRBV7-9,TRBJ2-1,ASSLWAGRYDEQF,1
TRBV7-9,TRBJ2-1,ASSLWAGRYNEQF,10
TRBV7-9,TRBJ2-1,ASSLWAGSDNEQF,1
TRBV7-9,TRBJ2-1,ASSLWAGSLNEQF,1
TRBV7-9,TRBJ2-1,ASSLWAGSSSDNEQF,1
TRBV7-9,TRBJ2-1,ASSLWAGSSSYNEQF,13
TRBV7-9,TRBJ2-1,ASSLWAGSSYNEQF,5
TRBV7-9,TRBJ2-1,ASSLWAGSTKTEQF,1
TRBV7-9,TRBJ2-1,ASSLWAGSWNEQF,1
TRBV7-9,TRBJ2-1,ASSLWAGTAFNEQF,1
TRBV7-9,TRBJ2-1,ASSLWAGTALKEQF,1
TRBV7-9,TRBJ2-1,ASSLWAGTALNEQF,19
TRBV7-9,TRBJ2-1,ASSLWAGTDEQF,1
TRBV7-9,TRBJ2-1,ASSLWAGTRGNEQF,1
TRBV7-9,TRBJ2-1,ASSLWAGTRNEQF,1
TRBV7-9,TRBJ2-1,ASSLWAGTSGNEQF,1
TRBV7-9,TRBJ2-1,ASSLWAGTSSYNEQF,1
TRBV7-9,TRBJ2-1,ASSLWAGTTNNEQF,6
TRBV7-9,TRBJ2-1,ASSLWAGTVSYNEQF,19
TRBV7-9,TRBJ2-1,ASSLWAGTYNEQF,2
TRBV7-9,TRBJ2-1,ASSLWAGVHNEQF,1
TRBV7-9,TRBJ2-1,ASSLWAGVLYNEQF,1
TRBV7-9,TRBJ2-1,ASSLWAGVQDNEQF,1
TRBV7-9,TRBJ2-1,ASSLWAGWNEQF,1
TRBV7-9,TRBJ2-1,ASSLWAGYSSYNEQF,1
TRBV7-9,TRBJ2-1,ASSLWAHRGNEQF,1
TRBV7-9,TRBJ2-1,ASSLWAIAGERNNEQF,7
TRBV7-9,TRBJ2-1,ASSLWAIGHNEEF,1
TRBV7-9,TRBJ2-1,ASSLWAKNEQF,1
TRBV7-9,TRBJ2-1,ASSLWAKRGNEQF,4
TRBV7-9,TRBJ2-1,ASSLWALEGNEQF,1
TRBV7-9,TRBJ2-1,ASSLWALEVDNEQF,1
TRBV7-9,TRBJ2-1,ASSLWALGHNEQF,3
TRBV7-9,TRBJ2-1,ASSLWALGSNEQF,1
TRBV7-9,TRBJ2-1,ASSLWALLAGSYNEQF,2
TRBV7-9,TRBJ2-1,ASSLWANEQF,12
TRBV7-9,TRBJ2-1,ASSLWANFNDEQF,1
TRBV7-9,TRBJ2-1,ASSLWANGGKEQF,1
TRBV7-9,TRBJ2-1,ASSLWANGGNEQF,3
TRBV7-9,TRBJ2-1,ASSLWANLGNEQF,2
TRBV7-9,TRBJ2-1,ASSLWANNEQF,8
TRBV7-9,TRBJ2-1,ASSLWANPGNEQF,1
TRBV7-9,TRBJ2-1,ASSLWANQGNEQF,2
TRBV7-9,TRBJ2-1,ASSLWANQGNEQS,1
TRBV7-9,TRBJ2-1,ASSLWANRENEQF,3
TRBV7-9,TRBJ2-1,ASSLWANRGHEQF,2
TRBV7-9,TRBJ2-1,ASSLWANRGIEQF,1
TRBV7-9,TRBJ2-1,ASSLWANRGKEQF,2
TRBV7-9,TRBJ2-1,ASSLWANRGNAQF,1
TRBV7-9,TRBJ2-1,ASSLWANRGNDQF,1
TRBV7-9,TRBJ2-1,ASSLWANRGNEEF,1
TRBV7-9,TRBJ2-1,ASSLWANRGNEKF,2
TRBV7-9,TRBJ2-1,ASSLWANRGNEPF,3
TRBV7-9,TRBJ2-1,ASSLWANRGNEQC,3
TRBV7-9,TRBJ2-1,ASSLWANRGNEQF,437
TRBV7-9,TRBJ2-1,ASSLWANRGNEQL,1
TRBV7-9,TRBJ2-1,ASSLWANRGNEQS,1
TRBV7-9,TRBJ2-1,ASSLWANRGNEQV,4
TRBV7-9,TRBJ2-1,ASSLWANRGNGQF,1
TRBV7-9,TRBJ2-1,ASSLWANRGTEQF,1
TRBV7-9,TRBJ2-1,ASSLWANRRNEQF,1
TRBV7-9,TRBJ2-1,ASSLWANRVNDQF,1
TRBV7-9,TRBJ2-1,ASSLWANRVNEQF,2
TRBV7-9,TRBJ2-1,ASSLWAPMGNEQF,1
TRBV7-9,TRBJ2-1,ASSLWAPREGNEQF,1
TRBV7-9,TRBJ2-1,ASSLWAPTAFSYNEQF,1
TRBV7-9,TRBJ2-1,ASSLWAPVDNEQF,1
TRBV7-9,TRBJ2-1,ASSLWAPVRNEQF,6
TRBV7-9,TRBJ2-1,ASSLWAQGRPSEQF,1
TRBV7-9,TRBJ2-1,ASSLWAQGVGNDQF,1
TRBV7-9,TRBJ2-1,ASSLWAQGVGNEQF,1
TRBV7-9,TRBJ2-1,ASSLWAQIGGVDEQF,3
TRBV7-9,TRBJ2-1,ASSLWARAGSGSYNEQF,1
TRBV7-9,TRBJ2-1,ASSLWARDYEQF,1
TRBV7-9,TRBJ2-1,ASSLWARDYNEQF,1
TRBV7-9,TRBJ2-1,ASSLWAREAHYEQF,6
TRBV7-9,TRBJ2-1,ASSLWARGDNEQF,1
TRBV7-9,TRBJ2-1,ASSLWARQSSYNEQF,1
TRBV7-9,TRBJ2-1,ASSLWARSRNEQF,1
TRBV7-9,TRBJ2-1,ASSLWARSYNEQF,2
TRBV7-9,TRBJ2-1,ASSLWARVMAEVIYSEQF,1
TRBV7-9,TRBJ2-1,ASSLWASAPGNEQF,1
TRBV7-9,TRBJ2-1,ASSLWASASYNEHF,1
TRBV7-9,TRBJ2-1,ASSLWASASYNEQF,6
TRBV7-9,TRBJ2-1,ASSLWASASYNGQF,1
TRBV7-9,TRBJ2-1,ASSLWASDYNEQF,1
TRBV7-9,TRBJ2-1,ASSLWASEYNEQF,1
TRBV7-9,TRBJ2-1,ASSLWASGDNEQF,1
TRBV7-9,TRBJ2-1,ASSLWASGFYNEQF,1
TRBV7-9,TRBJ2-1,ASSLWASGGADEQF,1
TRBV7-9,TRBJ2-1,ASSLWASGGDNEQF,1
TRBV7-9,TRBJ2-1,ASSLWASGGNEQF,7
TRBV7-9,TRBJ2-1,ASSLWASGGRDEQF,12
TRBV7-9,TRBJ2-1,ASSLWASGHNEQF,14
TRBV7-9,TRBJ2-1,ASSLWASGISYNEQF,1
TRBV7-9,TRBJ2-1,ASSLWASGLHEQF,1
TRBV7-9,TRBJ2-1,ASSLWASGLNNEQF,3
TRBV7-9,TRBJ2-1,ASSLWASGNGNEQF,1
TRBV7-9,TRBJ2-1,ASSLWASGNYEQF,1
TRBV7-9,TRBJ2-1,ASSLWASGPEGGNEQF,1
TRBV7-9,TRBJ2-1,ASSLWASGQNEQF,4
TRBV7-9,TRBJ2-1,ASSLWASGRASDNEQF,1
TRBV7-9,TRBJ2-1,ASSLWASGRAYNEQF,1
TRBV7-9,TRBJ2-1,ASSLWASGRDEQF,1
TRBV7-9,TRBJ2-1,ASSLWASGREDDEQF,11
TRBV7-9,TRBJ2-1,ASSLWASGRLGNEQF,1
TRBV7-9,TRBJ2-1,ASSLWASGRNEQF,1
TRBV7-9,TRBJ2-1,ASSLWASGRVFNEQF,1
TRBV7-9,TRBJ2-1,ASSLWASGRVLDEQF,1
TRBV7-9,TRBJ2-1,ASSLWASGRVNEQF,1
TRBV7-9,TRBJ2-1,ASSLWASGSDEQF,1
TRBV7-9,TRBJ2-1,ASSLWASGSRNEQF,1
TRBV7-9,TRBJ2-1,ASSLWASGSSYNEQF,1
TRBV7-9,TRBJ2-1,ASSLWASGSTGINEQF,1
TRBV7-9,TRBJ2-1,ASSLWASGTYNEQF,2
TRBV7-9,TRBJ2-1,ASSLWASGWNNEQF,1
TRBV7-9,TRBJ2-1,ASSLWASGYNEQF,4
TRBV7-9,TRBJ2-1,ASSLWASINSYNEQF,1
TRBV7-9,TRBJ2-1,ASSLWASNEQF,1
TRBV7-9,TRBJ2-1,ASSLWASRGNEQF,2
TRBV7-9,TRBJ2-1,ASSLWASSNEQF,1
TRBV7-9,TRBJ2-1,ASSLWASSSYNEQF,2
TRBV7-9,TRBJ2-1,ASSLWASSYNEQF,16
TRBV7-9,TRBJ2-1,ASSLWASSYNVQF,1
TRBV7-9,TRBJ2-1,ASSLWASTSYNEQF,1
TRBV7-9,TRBJ2-1,ASSLWASVDEQF,1
TRBV7-9,TRBJ2-1,ASSLWASVNEQF,1
TRBV7-9,TRBJ2-1,ASSLWASVNNEQF,1
TRBV7-9,TRBJ2-1,ASSLWASVSYNEQF,2
TRBV7-9,TRBJ2-1,ASSLWASYNEQF,1
TRBV7-9,TRBJ2-1,ASSLWATGDDNEQF,1
TRBV7-9,TRBJ2-1,ASSLWATGDYNEQF,16
TRBV7-9,TRBJ2-1,ASSLWATGGDEQF,1
TRBV7-9,TRBJ2-1,ASSLWATGYATNNEQF,5
TRBV7-9,TRBJ2-1,ASSLWATLSYNEQF,1
TRBV7-9,TRBJ2-1,ASSLWATRGNEQF,3
TRBV7-9,TRBJ2-1,ASSLWATSGRADEQF,3
TRBV7-9,TRBJ2-1,ASSLWATSGRRTYNEQF,6
TRBV7-9,TRBJ2-1,ASSLWATSGSSYNEQF,1
TRBV7-9,TRBJ2-1,ASSLWAVGGEQF,1
TRBV7-9,TRBJ2-1,ASSLWAVGGNEQF,9
TRBV7-9,TRBJ2-1,ASSLWAVLAGASSYNEQF,4
TRBV7-9,TRBJ2-1,ASSLWAVNEQF,1
TRBV7-9,TRBJ2-1,ASSLWAVSYNEQF,2
TRBV7-9,TRBJ2-1,ASSLWAVYNEQF,3
TRBV7-9,TRBJ2-1,ASSLWAYNEQF,2
TRBV7-9,TRBJ2-1,ASSLWDADGEQF,3
TRBV7-9,TRBJ2-1,ASSLWDADYNEQF,1
TRBV7-9,TRBJ2-1,ASSLWDASGQQEQF,1
TRBV7-9,TRBJ2-1,ASSLWDAYNEQF,2
TRBV7-9,TRBJ2-1,ASSLWDDEQF,1
TRBV7-9,TRBJ2-1,ASSLWDEHRDEQF,1
TRBV7-9,TRBJ2-1,ASSLWDEQF,30
TRBV7-9,TRBJ2-1,ASSLWDFNEQF,2
TRBV7-9,TRBJ2-1,ASSLWDFNNEQF,1
TRBV7-9,TRBJ2-1,ASSLWDFQHYSYNEQF,1
TRBV7-9,TRBJ2-1,ASSLWDGALNEQF,6
TRBV7-9,TRBJ2-1,ASSLWDGDEQF,1
TRBV7-9,TRBJ2-1,ASSLWDGGAWNEQF,1
TRBV7-9,TRBJ2-1,ASSLWDGGGNGDEQF,1
TRBV7-9,TRBJ2-1,ASSLWDGKNNEQF,7
TRBV7-9,TRBJ2-1,ASSLWDGLRPSYNEQF,7
TRBV7-9,TRBJ2-1,ASSLWDGNEQF,15
TRBV7-9,TRBJ2-1,ASSLWDGNNEQF,1
TRBV7-9,TRBJ2-1,ASSLWDGPYNEQF,1
TRBV7-9,TRBJ2-1,ASSLWDGRSYNEQF,1
TRBV7-9,TRBJ2-1,ASSLWDGRYNEQF,4
TRBV7-9,TRBJ2-1,ASSLWDGSVSYNAQF,1
TRBV7-9,TRBJ2-1,ASSLWDGSYNEQF,1
TRBV7-9,TRBJ2-1,ASSLWDGTNNEQF,1
TRBV7-9,TRBJ2-1,ASSLWDGYNEQF,1
TRBV7-9,TRBJ2-1,ASSLWDHAVDEQF,1
TRBV7-9,TRBJ2-1,ASSLWDHLSNEQF,1
TRBV7-9,TRBJ2-1,ASSLWDHPYNEQF,5
TRBV7-9,TRBJ2-1,ASSLWDHYNEQF,5
TRBV7-9,TRBJ2-1,ASSLWDIERDEQF,1
TRBV7-9,TRBJ2-1,ASSLWDIGGNEQF,1
TRBV7-9,TRBJ2-1,ASSLWDISSYNEQF,12
TRBV7-9,TRBJ2-1,ASSLWDIYNEQF,1
TRBV7-9,TRBJ2-1,ASSLWDKYNEQF,1
TRBV7-9,TRBJ2-1,ASSLWDLENNEQF,6
TRBV7-9,TRBJ2-1,ASSLWDLGNEQF,1
TRBV7-9,TRBJ2-1,ASSLWDLNNEQF,1
TRBV7-9,TRBJ2-1,ASSLWDMDYNEQF,1
TRBV7-9,TRBJ2-1,ASSLWDNAVADEQF,1
TRBV7-9,TRBJ2-1,ASSLWDNEQF,14
TRBV7-9,TRBJ2-1,ASSLWDNNEQF,1
TRBV7-9,TRBJ2-1,ASSLWDNNNEQF,1
TRBV7-9,TRBJ2-1,ASSLWDNYNEQF,1
TRBV7-9,TRBJ2-1,ASSLWDPDEQF,1
TRBV7-9,TRBJ2-1,ASSLWDPGNEQF,2
TRBV7-9,TRBJ2-1,ASSLWDPGRGYEQF,1
TRBV7-9,TRBJ2-1,ASSLWDPNEQF,16
TRBV7-9,TRBJ2-1,ASSLWDPNEQL,1
TRBV7-9,TRBJ2-1,ASSLWDPQYNEQF,1
TRBV7-9,TRBJ2-1,ASSLWDPSSYNEQF,1
TRBV7-9,TRBJ2-1,ASSLWDPTNEQF,1
TRBV7-9,TRBJ2-1,ASSLWDQTGGNEQF,1
TRBV7-9,TRBJ2-1,ASSLWDRADEQF,1
TRBV7-9,TRBJ2-1,ASSLWDRADNKQF,1
TRBV7-9,TRBJ2-1,ASSLWDRANEQF,1
TRBV7-9,TRBJ2-1,ASSLWDRAYNEQF,6
TRBV7-9,TRBJ2-1,ASSLWDRDCNEQF,2
TRBV7-9,TRBJ2-1,ASSLWDRDDNEQF,2
TRBV7-9,TRBJ2-1,ASSLWDRDHEQF,1
TRBV7-9,TRBJ2-1,ASSLWDRDHNAQF,1
TRBV7-9,TRBJ2-1,ASSLWDRDHNEQF,14
TRBV7-9,TRBJ2-1,ASSLWDRDNEQF,2
TRBV7-9,TRBJ2-1,ASSLWDRDSEQF,4
TRBV7-9,TRBJ2-1,ASSLWDRDSNEQC,1
TRBV7-9,TRBJ2-1,ASSLWDRDSNEQF,2
TRBV7-9,TRBJ2-1,ASSLWDRDTYNEQF,1
TRBV7-9,TRBJ2-1,ASSLWDRDYHEQF,1
TRBV7-9,TRBJ2-1,ASSLWDRDYIEQF,1
TRBV7-9,TRBJ2-1,ASSLWDRDYKEQF,1
TRBV7-9,TRBJ2-1,ASSLWDRDYNAQF,1
TRBV7-9,TRBJ2-1,ASSLWDRDYNDQF,2
TRBV7-9,TRBJ2-1,ASSLWDRDYNEEF,1
TRBV7-9,TRBJ2-1,ASSLWDRDYNEHF,1
TRBV7-9,TRBJ2-1,ASSLWDRDYNEKF,4
TRBV7-9,TRBJ2-1,ASSLWDRDYNELF,1
TRBV7-9,TRBJ2-1,ASSLWDRDYNEPF,1
TRBV7-9,TRBJ2-1,ASSLWDRDYNEQC,3
TRBV7-9,TRBJ2-1,ASSLWDRDYNEQF,776
TRBV7-9,TRBJ2-1,ASSLWDRDYNEQL,1
TRBV7-9,TRBJ2-1,ASSLWDRDYNEQS,2
TRBV7-9,TRBJ2-1,ASSLWDRDYNEQV,2
TRBV7-9,TRBJ2-1,ASSLWDRDYNEQY,1
TRBV7-9,TRBJ2-1,ASSLWDRDYNERF,1
TRBV7-9,TRBJ2-1,ASSLWDRDYNKQF,2
TRBV7-9,TRBJ2-1,ASSLWDRDYNQQF,2
TRBV7-9,TRBJ2-1,ASSLWDRDYNYQF,1
TRBV7-9,TRBJ2-1,ASSLWDRDYTEQF,1
TRBV7-9,TRBJ2-1,ASSLWDREAV,20
TRBV7-9,TRBJ2-1,ASSLWDREGNEQF,3
TRBV7-9,TRBJ2-1,ASSLWDREKGRHNEQF,1
TRBV7-9,TRBJ2-1,ASSLWDRENEQF,9
TRBV7-9,TRBJ2-1,ASSLWDRENNEQF,1
TRBV7-9,TRBJ2-1,ASSLWDRERNEQF,1
TRBV7-9,TRBJ2-1,ASSLWDREYNEQF,4
TRBV7-9,TRBJ2-1,ASSLWDRGAREQF,8
TRBV7-9,TRBJ2-1,ASSLWDRGEDEQF,1
TRBV7-9,TRBJ2-1,ASSLWDRGFDEQF,1
TRBV7-9,TRBJ2-1,ASSLWDRGFNEQF,3
TRBV7-9,TRBJ2-1,ASSLWDRGHEQF,1
TRBV7-9,TRBJ2-1,ASSLWDRGHNEQF,3
TRBV7-9,TRBJ2-1,ASSLWDRGIGNEQF,1
TRBV7-9,TRBJ2-1,ASSLWDRGINEQF,1
TRBV7-9,TRBJ2-1,ASSLWDRGKHEQF,4
TRBV7-9,TRBJ2-1,ASSLWDRGLLNEQF,1
TRBV7-9,TRBJ2-1,ASSLWDRGLNEQF,1
TRBV7-9,TRBJ2-1,ASSLWDRGNDEQF,1
TRBV7-9,TRBJ2-1,ASSLWDRGNEQF,10
TRBV7-9,TRBJ2-1,ASSLWDRGNNEQF,1
TRBV7-9,TRBJ2-1,ASSLWDRGRDEQF,1
TRBV7-9,TRBJ2-1,ASSLWDRGRNEQF,1
TRBV7-9,TRBJ2-1,ASSLWDRGSELGWNEQF,1
TRBV7-9,TRBJ2-1,ASSLWDRGSNEQF,1
TRBV7-9,TRBJ2-1,ASSLWDRGSSGEQF,3
TRBV7-9,TRBJ2-1,ASSLWDRGYDEQF,1
TRBV7-9,TRBJ2-1,ASSLWDRGYHEQF,1
TRBV7-9,TRBJ2-1,ASSLWDRGYNEQF,6
TRBV7-9,TRBJ2-1,ASSLWDRHYNEQF,3
TRBV7-9,TRBJ2-1,ASSLWDRKYNEQF,1
TRBV7-9,TRBJ2-1,ASSLWDRNEQF,5
TRBV7-9,TRBJ2-1,ASSLWDRNNEQF,3
TRBV7-9,TRBJ2-1,ASSLWDRNYNEQF,1
TRBV7-9,TRBJ2-1,ASSLWDRPTVNEQF,31
TRBV7-9,TRBJ2-1,ASSLWDRRNNEQF,1
TRBV7-9,TRBJ2-1,ASSLWDRRSYNEQF,10
TRBV7-9,TRBJ2-1,ASSLWDRSHNEQF,1
TRBV7-9,TRBJ2-1,ASSLWDRSNEQF,1
TRBV7-9,TRBJ2-1,ASSLWDRSYNEQF,1
TRBV7-9,TRBJ2-1,ASSLWDRTNEQF,1
TRBV7-9,TRBJ2-1,ASSLWDRTYNEQF,8
TRBV7-9,TRBJ2-1,ASSLWDRVADNEQF,6
TRBV7-9,TRBJ2-1,ASSLWDRVAEQF,7
TRBV7-9,TRBJ2-1,ASSLWDRVDEQF,17
TRBV7-9,TRBJ2-1,ASSLWDRVEQF,3
TRBV7-9,TRBJ2-1,ASSLWDRVGGYEQF,1
TRBV7-9,TRBJ2-1,ASSLWDRVGLQYNEQF,1
TRBV7-9,TRBJ2-1,ASSLWDRVGNEQF,1
TRBV7-9,TRBJ2-1,ASSLWDRVLGEQF,7
TRBV7-9,TRBJ2-1,ASSLWDRVLGEQS,1
TRBV7-9,TRBJ2-1,ASSLWDRVLNNEQF,1
TRBV7-9,TRBJ2-1,ASSLWDRVLVEQF,1
TRBV7-9,TRBJ2-1,ASSLWDRVNEQF,3
TRBV7-9,TRBJ2-1,ASSLWDRVNNEQF,3
TRBV7-9,TRBJ2-1,ASSLWDRVYNEQF,2
TRBV7-9,TRBJ2-1,ASSLWDRWHNEQF,3
TRBV7-9,TRBJ2-1,ASSLWDRYNEQF,1
TRBV7-9,TRBJ2-1,ASSLWDRYYNEQF,1
TRBV7-9,TRBJ2-1,ASSLWDSASYNEQF,1
TRBV7-9,TRBJ2-1,ASSLWDSATYNEQF,1
TRBV7-9,TRBJ2-1,ASSLWDSAYNEQF,1
TRBV7-9,TRBJ2-1,ASSLWDSDNEQF,13
TRBV7-9,TRBJ2-1,ASSLWDSDYNEQF,4
TRBV7-9,TRBJ2-1,ASSLWDSEDNEQF,7
TRBV7-9,TRBJ2-1,ASSLWDSERDEQF,5
TRBV7-9,TRBJ2-1,ASSLWDSGRASHYNEQF,1
TRBV7-9,TRBJ2-1,ASSLWDSGRNHEQF,1
TRBV7-9,TRBJ2-1,ASSLWDSNEQF,6
TRBV7-9,TRBJ2-1,ASSLWDSNNEQF,2
TRBV7-9,TRBJ2-1,ASSLWDSPNEQF,1
TRBV7-9,TRBJ2-1,ASSLWDSPNNEQF,1
TRBV7-9,TRBJ2-1,ASSLWDSPSNEQF,1
TRBV7-9,TRBJ2-1,ASSLWDSSNEQF,7
TRBV7-9,TRBJ2-1,ASSLWDSSSNEQF,1
TRBV7-9,TRBJ2-1,ASSLWDSSSYNEQF,4
TRBV7-9,TRBJ2-1,ASSLWDSSYNEQF,1
TRBV7-9,TRBJ2-1,ASSLWDSVNEQF,1
TRBV7-9,TRBJ2-1,ASSLWDSYNEQF,20
TRBV7-9,TRBJ2-1,ASSLWDTDYNEQF,1
TRBV7-9,TRBJ2-1,ASSLWDTFLNEQF,1
TRBV7-9,TRBJ2-1,ASSLWDTHNEQF,1
TRBV7-9,TRBJ2-1,ASSLWDTNNEQF,1
TRBV7-9,TRBJ2-1,ASSLWDTPYNEQF,1
TRBV7-9,TRBJ2-1,ASSLWDTYNEQF,1
TRBV7-9,TRBJ2-1,ASSLWDVARGYREQF,6
TRBV7-9,TRBJ2-1,ASSLWDVNEQF,1
TRBV7-9,TRBJ2-1,ASSLWDVQSYEQF,1
TRBV7-9,TRBJ2-1,ASSLWDVRRNEQF,1
TRBV7-9,TRBJ2-1,ASSLWDWNEQF,1
TRBV7-9,TRBJ2-1,ASSLWDWTYNEQF,9
TRBV7-9,TRBJ2-1,ASSLWDYFNNEQF,3
TRBV7-9,TRBJ2-1,ASSLWDYNEQF,4
TRBV7-9,TRBJ2-1,ASSLWDYPYNEQF,1
TRBV7-9,TRBJ2-1,ASSLWDYRREGLHNEQF,1
TRBV7-9,TRBJ2-1,ASSLWDYSYNEQF,13
TRBV7-9,TRBJ2-1,ASSLWDYSYSSYNEQF,1
TRBV7-9,TRBJ2-1,ASSLWDYWREGLHNEQF,14
TRBV7-9,TRBJ2-1,ASSLWDYWREGLHNEQL,1
TRBV7-9,TRBJ2-1,ASSLWDYYNEQF,7
TRBV7-9,TRBJ2-1,ASSLWEAEF,4
TRBV7-9,TRBJ2-1,ASSLWEANEQF,3
TRBV7-9,TRBJ2-1,ASSLWEANYEQF,1
TRBV7-9,TRBJ2-1,ASSLWEATFDEQF,1
TRBV7-9,TRBJ2-1,ASSLWEDDEQF,2
TRBV7-9,TRBJ2-1,ASSLWEDNDQF,1
TRBV7-9,TRBJ2-1,ASSLWEDNEQF,25
TRBV7-9,TRBJ2-1,ASSLWEEQF,1
TRBV7-9,TRBJ2-1,ASSLWEEQNNEQF,1
TRBV7-9,TRBJ2-1,ASSLWEGDEQF,9
TRBV7-9,TRBJ2-1,ASSLWEGDGQF,9
TRBV7-9,TRBJ2-1,ASSLWEGDVQC,1
TRBV7-9,TRBJ2-1,ASSLWEGGDNEQF,1
TRBV7-9,TRBJ2-1,ASSLWEGGKSSYNEQF,1
TRBV7-9,TRBJ2-1,ASSLWEGGNEQF,1
TRBV7-9,TRBJ2-1,ASSLWEGGSNNEQF,1
TRBV7-9,TRBJ2-1,ASSLWEGHGNEQF,1
TRBV7-9,TRBJ2-1,ASSLWEGIVDEQF,1
TRBV7-9,TRBJ2-1,ASSLWEGKSSYNEQF,1
TRBV7-9,TRBJ2-1,ASSLWEGLAGGDSYNEQF,8
TRBV7-9,TRBJ2-1,ASSLWEGLAGGNEQF,1
TRBV7-9,TRBJ2-1,ASSLWEGLAGGSYEQF,1
TRBV7-9,TRBJ2-1,ASSLWEGLEDEQF,1
TRBV7-9,TRBJ2-1,ASSLWEGLGAYNEQF,1
TRBV7-9,TRBJ2-1,ASSLWEGLGSYNEQF,5
TRBV7-9,TRBJ2-1,ASSLWEGMIYNEQF,1
TRBV7-9,TRBJ2-1,ASSLWEGNEQF,1
TRBV7-9,TRBJ2-1,ASSLWEGPNEQF,4
TRBV7-9,TRBJ2-1,ASSLWEGPTGNEQF,1
TRBV7-9,TRBJ2-1,ASSLWEGPYNEQF,10
TRBV7-9,TRBJ2-1,ASSLWEGRNEQF,1
TRBV7-9,TRBJ2-1,ASSLWEGRYNEQF,1
TRBV7-9,TRBJ2-1,ASSLWEGSYSEQF,1
TRBV7-9,TRBJ2-1,ASSLWEGTSSYNEQF,1
TRBV7-9,TRBJ2-1,ASSLWEGWQF,1
TRBV7-9,TRBJ2-1,ASSLWEISSSNEPF,1
TRBV7-9,TRBJ2-1,ASSLWEKEDNEQF,1
TRBV7-9,TRBJ2-1,ASSLWEKTDEQF,1
TRBV7-9,TRBJ2-1,ASSLWEKTGNEQF,1
TRBV7-9,TRBJ2-1,ASSLWEKTTGWYNEQF,1
TRBV7-9,TRBJ2-1,ASSLWELAGNEQF,1
TRBV7-9,TRBJ2-1,ASSLWELASDEQF,3
TRBV7-9,TRBJ2-1,ASSLWELDNEQF,1
TRBV7-9,TRBJ2-1,ASSLWELGDNEQF,1
TRBV7-9,TRBJ2-1,ASSLWELHEQF,1
TRBV7-9,TRBJ2-1,ASSLWELNEQF,15
TRBV7-9,TRBJ2-1,ASSLWELSSSGSHHEQF,4
TRBV7-9,TRBJ2-1,ASSLWENDNEQF,2
TRBV7-9,TRBJ2-1,ASSLWENEQF,6
TRBV7-9,TRBJ2-1,ASSLWENNEQF,7
TRBV7-9,TRBJ2-1,ASSLWENRGNEQF,5
TRBV7-9,TRBJ2-1,ASSLWENSNEQF,1
TRBV7-9,TRBJ2-1,ASSLWENSPYNEQF,1
TRBV7-9,TRBJ2-1,ASSLWEPYNEQF,3
TRBV7-9,TRBJ2-1,ASSLWEQGNEQF,1
TRBV7-9,TRBJ2-1,ASSLWERAKEQF,1
TRBV7-9,TRBJ2-1,ASSLWERANEQF,7
TRBV7-9,TRBJ2-1,ASSLWERDLNEQF,1
TRBV7-9,TRBJ2-1,ASSLWERDYNEQF,2
TRBV7-9,TRBJ2-1,ASSLWEREVGEQF,4
TRBV7-9,TRBJ2-1,ASSLWEREVGEQS,2
TRBV7-9,TRBJ2-1,ASSLWERGGNEQF,1
TRBV7-9,TRBJ2-1,ASSLWERGNEQF,1
TRBV7-9,TRBJ2-1,ASSLWERMYNEQF,6
TRBV7-9,TRBJ2-1,ASSLWERYLNEQF,1
TRBV7-9,TRBJ2-1,ASSLWESDEQF,1
TRBV7-9,TRBJ2-1,ASSLWESGGADEQF,4
TRBV7-9,TRBJ2-1,ASSLWESGGDDEQF,1
TRBV7-9,TRBJ2-1,ASSLWESGNEQF,1
TRBV7-9,TRBJ2-1,ASSLWESSSYNEQF,1
TRBV7-9,TRBJ2-1,ASSLWESSYKEQF,2
TRBV7-9,TRBJ2-1,ASSLWESSYNEQF,15
TRBV7-9,TRBJ2-1,ASSLWESYNEQF,8
TRBV7-9,TRBJ2-1,ASSLWETGEQF,2
TRBV7-9,TRBJ2-1,ASSLWETKFNEQF,1
TRBV7-9,TRBJ2-1,ASSLWETSANEQF,1
TRBV7-9,TRBJ2-1,ASSLWEVGNEQF,2
TRBV7-9,TRBJ2-1,ASSLWEVIDEQF,1
TRBV7-9,TRBJ2-1,ASSLWEVKGNEQF,1
TRBV7-9,TRBJ2-1,ASSLWEVNEQF,2
TRBV7-9,TRBJ2-1,ASSLWEVRDEQF,1
TRBV7-9,TRBJ2-1,ASSLWEVSVNEQF,1
TRBV7-9,TRBJ2-1,ASSLWEWDGQF,1
TRBV7-9,TRBJ2-1,ASSLWEYDEQF,1
TRBV7-9,TRBJ2-1,ASSLWEYNEQF,5
TRBV7-9,TRBJ2-1,ASSLWEYQDEQF,1
TRBV7-9,TRBJ2-1,ASSLWFAGGLDEQF,10
TRBV7-9,TRBJ2-1,ASSLWFAGVNEQF,2
TRBV7-9,TRBJ2-1,ASSLWFEGADEQF,1
TRBV7-9,TRBJ2-1,ASSLWFGREPSRGEQF,1
TRBV7-9,TRBJ2-1,ASSLWFGTSGNEQF,1
TRBV7-9,TRBJ2-1,ASSLWFGTSTFNEQF,6
TRBV7-9,TRBJ2-1,ASSLWFGVHSHNEQF,4
TRBV7-9,TRBJ2-1,ASSLWFLAGVNEQF,1
TRBV7-9,TRBJ2-1,ASSLWFLSGGDNEQF,1
TRBV7-9,TRBJ2-1,ASSLWFMAGYNEQF,1
TRBV7-9,TRBJ2-1,ASSLWFNEQF,1
TRBV7-9,TRBJ2-1,ASSLWFPTSGRYNEQF,2
TRBV7-9,TRBJ2-1,ASSLWFPYNEQF,8
TRBV7-9,TRBJ2-1,ASSLWFREGYHNEQF,2
TRBV7-9,TRBJ2-1,ASSLWFSLPPYNEQF,1
TRBV7-9,TRBJ2-1,ASSLWFSQVLNEQF,2
TRBV7-9,TRBJ2-1,ASSLWGAANNEQF,1
TRBV7-9,TRBJ2-1,ASSLWGADEQF,1
TRBV7-9,TRBJ2-1,ASSLWGADNEQF,5
TRBV7-9,TRBJ2-1,ASSLWGAEAYNEQF,9
TRBV7-9,TRBJ2-1,ASSLWGAEDEQF,1
TRBV7-9,TRBJ2-1,ASSLWGAELDEQF,1
TRBV7-9,TRBJ2-1,ASSLWGAGANEQF,1
TRBV7-9,TRBJ2-1,ASSLWGAGDFNEQF,1
TRBV7-9,TRBJ2-1,ASSLWGAGDHNEQF,2
TRBV7-9,TRBJ2-1,ASSLWGAGERGDNEQF,1
TRBV7-9,TRBJ2-1,ASSLWGAGGLGTEQF,1
TRBV7-9,TRBJ2-1,ASSLWGAGGLYNEQF,1
TRBV7-9,TRBJ2-1,ASSLWGAGGPYNEQF,10
TRBV7-9,TRBJ2-1,ASSLWGAGHNEQF,12
TRBV7-9,TRBJ2-1,ASSLWGAGKSSYNEQF,1
TRBV7-9,TRBJ2-1,ASSLWGAGNNEQF,1
TRBV7-9,TRBJ2-1,ASSLWGAGSSGRDNEQF,1
TRBV7-9,TRBJ2-1,ASSLWGAGSYNEQF,1
TRBV7-9,TRBJ2-1,ASSLWGAGVNEQF,1
TRBV7-9,TRBJ2-1,ASSLWGAGYNEQF,2
TRBV7-9,TRBJ2-1,ASSLWGAKDGNEQF,1
TRBV7-9,TRBJ2-1,ASSLWGAKYNEQF,1
TRBV7-9,TRBJ2-1,ASSLWGALADSYNEQF,1
TRBV7-9,TRBJ2-1,ASSLWGALDNEQF,1
TRBV7-9,TRBJ2-1,ASSLWGALGNEQF,1
TRBV7-9,TRBJ2-1,ASSLWGANEQF,5
TRBV7-9,TRBJ2-1,ASSLWGANNEQF,1
TRBV7-9,TRBJ2-1,ASSLWGANRYNEQF,5
TRBV7-9,TRBJ2-1,ASSLWGARAYNEQF,1
TRBV7-9,TRBJ2-1,ASSLWGARNEQF,1
TRBV7-9,TRBJ2-1,ASSLWGASGVTYNEQF,1
TRBV7-9,TRBJ2-1,ASSLWGASQHEQF,2
TRBV7-9,TRBJ2-1,ASSLWGASQQEQF,1
TRBV7-9,TRBJ2-1,ASSLWGATSFNEQF,9
TRBV7-9,TRBJ2-1,ASSLWGAVGNEQF,3
TRBV7-9,TRBJ2-1,ASSLWGCGSYNEQF,1
TRBV7-9,TRBJ2-1,ASSLWGDDEQF,9
TRBV7-9,TRBJ2-1,ASSLWGDEQF,23
TRBV7-9,TRBJ2-1,ASSLWGDGKAYNEQF,1
TRBV7-9,TRBJ2-1,ASSLWGDGTSGAYNEQF,1
TRBV7-9,TRBJ2-1,ASSLWGDLVTTYAS,1
TRBV7-9,TRBJ2-1,ASSLWGDMYNEQF,13
TRBV7-9,TRBJ2-1,ASSLWGDNEQF,28
TRBV7-9,TRBJ2-1,ASSLWGDNEQH,1
TRBV7-9,TRBJ2-1,ASSLWGDNEQL,2
TRBV7-9,TRBJ2-1,ASSLWGDNERF,1
TRBV7-9,TRBJ2-1,ASSLWGDPVTTYSF,10
TRBV7-9,TRBJ2-1,ASSLWGDPYNEQF,4
TRBV7-9,TRBJ2-1,ASSLWGDSNNEQF,8
TRBV7-9,TRBJ2-1,ASSLWGDSSYNEQF,1
TRBV7-9,TRBJ2-1,ASSLWGDSYNEQF,2
TRBV7-9,TRBJ2-1,ASSLWGDYNEQF,1
TRBV7-9,TRBJ2-1,ASSLWGEAAYNEQF,1
TRBV7-9,TRBJ2-1,ASSLWGEAYNEQF,2
TRBV7-9,TRBJ2-1,ASSLWGEDEQF,1
TRBV7-9,TRBJ2-1,ASSLWGEDNEQF,3
TRBV7-9,TRBJ2-1,ASSLWGEDYNEQF,1
TRBV7-9,TRBJ2-1,ASSLWGEEPFYNEQF,1
TRBV7-9,TRBJ2-1,ASSLWGEEVNEQF,3
TRBV7-9,TRBJ2-1,ASSLWGEGDEQF,3
TRBV7-9,TRBJ2-1,ASSLWGEGYNEQF,1
TRBV7-9,TRBJ2-1,ASSLWGEINEQF,3
TRBV7-9,TRBJ2-1,ASSLWGELYNEQF,4
TRBV7-9,TRBJ2-1,ASSLWGEPYNEQF,1
TRBV7-9,TRBJ2-1,ASSLWGEQF,18
TRBV7-9,TRBJ2-1,ASSLWGEQLDEQF,10
TRBV7-9,TRBJ2-1,ASSLWGERINNEQF,1
TRBV7-9,TRBJ2-1,ASSLWGESNNEQF,3
TRBV7-9,TRBJ2-1,ASSLWGESYNEQF,4
TRBV7-9,TRBJ2-1,ASSLWGETYNEQF,1
TRBV7-9,TRBJ2-1,ASSLWGEVDNEQF,10
TRBV7-9,TRBJ2-1,ASSLWGEYNEQF,2
TRBV7-9,TRBJ2-1,ASSLWGFAYYNEQF,1
TRBV7-9,TRBJ2-1,ASSLWGFGSNEQF,1
TRBV7-9,TRBJ2-1,ASSLWGFNEQF,3
TRBV7-9,TRBJ2-1,ASSLWGFSDNEQF,1
TRBV7-9,TRBJ2-1,ASSLWGGADPTYNEQF,1
TRBV7-9,TRBJ2-1,ASSLWGGAEQF,11
TRBV7-9,TRBJ2-1,ASSLWGGAGLIYNEQF,1
TRBV7-9,TRBJ2-1,ASSLWGGANEQF,1
TRBV7-9,TRBJ2-1,ASSLWGGARRGSYNEQF,1
TRBV7-9,TRBJ2-1,ASSLWGGASYNEQF,1
TRBV7-9,TRBJ2-1,ASSLWGGAVYNEQF,1
TRBV7-9,TRBJ2-1,ASSLWGGAYNEQF,4
TRBV7-9,TRBJ2-1,ASSLWGGDDEQF,3
TRBV7-9,TRBJ2-1,ASSLWGGDEQF,21
TRBV7-9,TRBJ2-1,ASSLWGGDNEQF,9
TRBV7-9,TRBJ2-1,ASSLWGGDSSYNEQF,1
TRBV7-9,TRBJ2-1,ASSLWGGDSYNEQF,1
TRBV7-9,TRBJ2-1,ASSLWGGDTYNEQF,1
TRBV7-9,TRBJ2-1,ASSLWGGDYNEQF,1
TRBV7-9,TRBJ2-1,ASSLWGGEQF,10
TRBV7-9,TRBJ2-1,ASSLWGGFLGEQF,2
TRBV7-9,TRBJ2-1,ASSLWGGFLGQQF,1
TRBV7-9,TRBJ2-1,ASSLWGGGDEQF,5
TRBV7-9,TRBJ2-1,ASSLWGGGLPYNEQF,8
TRBV7-9,TRBJ2-1,ASSLWGGGNNEQF,2
TRBV7-9,TRBJ2-1,ASSLWGGGNYNEQF,1
TRBV7-9,TRBJ2-1,ASSLWGGGQF,14
TRBV7-9,TRBJ2-1,ASSLWGGGRASNSYNEQF,1
TRBV7-9,TRBJ2-1,ASSLWGGGRSSYNEQF,1
TRBV7-9,TRBJ2-1,ASSLWGGGSDEQF,2
TRBV7-9,TRBJ2-1,ASSLWGGGSYNEQF,12
TRBV7-9,TRBJ2-1,ASSLWGGGTYNEQF,1
TRBV7-9,TRBJ2-1,ASSLWGGGVPNEQF,1
TRBV7-9,TRBJ2-1,ASSLWGGGYNEQF,2
TRBV7-9,TRBJ2-1,ASSLWGGHYNEQF,1
TRBV7-9,TRBJ2-1,ASSLWGGIYNEQF,1
TRBV7-9,TRBJ2-1,ASSLWGGKREFESSYNEQF,3
TRBV7-9,TRBJ2-1,ASSLWGGLAVNNEQF,1
TRBV7-9,TRBJ2-1,ASSLWGGLDEQF,1
TRBV7-9,TRBJ2-1,ASSLWGGNEQF,3
TRBV7-9,TRBJ2-1,ASSLWGGNRYNEQF,1
TRBV7-9,TRBJ2-1,ASSLWGGNSNEQF,1
TRBV7-9,TRBJ2-1,ASSLWGGPLHNEQF,1
TRBV7-9,TRBJ2-1,ASSLWGGPSREQF,2
TRBV7-9,TRBJ2-1,ASSLWGGPYNEQF,1
TRBV7-9,TRBJ2-1,ASSLWGGQF,1
TRBV7-9,TRBJ2-1,ASSLWGGQNNEQF,4
TRBV7-9,TRBJ2-1,ASSLWGGQQF,9
TRBV7-9,TRBJ2-1,ASSLWGGQTNEQF,1
TRBV7-9,TRBJ2-1,ASSLWGGRAEYEQF,1
TRBV7-9,TRBJ2-1,ASSLWGGRAFSNEQF,1
TRBV7-9,TRBJ2-1,ASSLWGGRAPGDEQF,1
TRBV7-9,TRBJ2-1,ASSLWGGRAYNEQF,1
TRBV7-9,TRBJ2-1,ASSLWGGRDNEQF,9
TRBV7-9,TRBJ2-1,ASSLWGGRENEQF,1
TRBV7-9,TRBJ2-1,ASSLWGGRFFNEQF,1
TRBV7-9,TRBJ2-1,ASSLWGGRNHNEQF,1
TRBV7-9,TRBJ2-1,ASSLWGGRNYNEQF,1
TRBV7-9,TRBJ2-1,ASSLWGGRSYNEQF,1
TRBV7-9,TRBJ2-1,ASSLWGGRVGNEQF,1
TRBV7-9,TRBJ2-1,ASSLWGGRWDEQF,1
TRBV7-9,TRBJ2-1,ASSLWGGSAYNEQF,5
TRBV7-9,TRBJ2-1,ASSLWGGSEGNEQF,1
TRBV7-9,TRBJ2-1,ASSLWGGSGDEQF,1
TRBV7-9,TRBJ2-1,ASSLWGGSGF,1
TRBV7-9,TRBJ2-1,ASSLWGGSGGEQF,3
TRBV7-9,TRBJ2-1,ASSLWGGSGHEQF,1
TRBV7-9,TRBJ2-1,ASSLWGGSGTRNEQF,1
TRBV7-9,TRBJ2-1,ASSLWGGSLAFEHEQF,1
TRBV7-9,TRBJ2-1,ASSLWGGSPYNEQF,1
TRBV7-9,TRBJ2-1,ASSLWGGSSYNEQF,8
TRBV7-9,TRBJ2-1,ASSLWGGSVDEQF,1
TRBV7-9,TRBJ2-1,ASSLWGGSYNEQF,47
TRBV7-9,TRBJ2-1,ASSLWGGTANEQF,6
TRBV7-9,TRBJ2-1,ASSLWGGTGDNEQF,6
TRBV7-9,TRBJ2-1,ASSLWGGTNAQF,1
TRBV7-9,TRBJ2-1,ASSLWGGTNEQF,10
TRBV7-9,TRBJ2-1,ASSLWGGTSGDNEQF,2
TRBV7-9,TRBJ2-1,ASSLWGGTSYNEKF,1
TRBV7-9,TRBJ2-1,ASSLWGGTSYNEQF,32
TRBV7-9,TRBJ2-1,ASSLWGGTSYNGQF,1
TRBV7-9,TRBJ2-1,ASSLWGGTTNNEQF,1
TRBV7-9,TRBJ2-1,ASSLWGGVDEQF,1
TRBV7-9,TRBJ2-1,ASSLWGGVGYEQF,1
TRBV7-9,TRBJ2-1,ASSLWGGVHNEQF,2
TRBV7-9,TRBJ2-1,ASSLWGGVRVNEQF,1
TRBV7-9,TRBJ2-1,ASSLWGGVTYNEQF,1
TRBV7-9,TRBJ2-1,ASSLWGGVYNEQF,1
TRBV7-9,TRBJ2-1,ASSLWGGWGGEQF,1
TRBV7-9,TRBJ2-1,ASSLWGHGDEQF,1
TRBV7-9,TRBJ2-1,ASSLWGHPSYNEQF,1
TRBV7-9,TRBJ2-1,ASSLWGIEQF,8
TRBV7-9,TRBJ2-1,ASSLWGIGATNNEQF,1
TRBV7-9,TRBJ2-1,ASSLWGINNDQF,1
TRBV7-9,TRBJ2-1,ASSLWGKAGGGLF,1
TRBV7-9,TRBJ2-1,ASSLWGKGAYNEQF,1
TRBV7-9,TRBJ2-1,ASSLWGKGDEQF,1
TRBV7-9,TRBJ2-1,ASSLWGKGNNEQF,1
TRBV7-9,TRBJ2-1,ASSLWGLAASSYNEQF,2
TRBV7-9,TRBJ2-1,ASSLWGLAAVLFYNEQF,1
TRBV7-9,TRBJ2-1,ASSLWGLAAYNEKF,1
TRBV7-9,TRBJ2-1,ASSLWGLAAYNEQF,16
TRBV7-9,TRBJ2-1,ASSLWGLADNNEQF,1
TRBV7-9,TRBJ2-1,ASSLWGLAEDNEQF,3
TRBV7-9,TRBJ2-1,ASSLWGLAESHNEQF,1
TRBV7-9,TRBJ2-1,ASSLWGLAEYYNEQF,4
TRBV7-9,TRBJ2-1,ASSLWGLAGASSYNEQF,1
TRBV7-9,TRBJ2-1,ASSLWGLAGDEQF,2
TRBV7-9,TRBJ2-1,ASSLWGLAGERNEQF,6
TRBV7-9,TRBJ2-1,ASSLWGLAGFNEQF,1
TRBV7-9,TRBJ2-1,ASSLWGLAGGDEQF,1
TRBV7-9,TRBJ2-1,ASSLWGLAGGGDEQF,1
TRBV7-9,TRBJ2-1,ASSLWGLAGGHPYNEQF,12
TRBV7-9,TRBJ2-1,ASSLWGLAGGQYNEQF,10
TRBV7-9,TRBJ2-1,ASSLWGLAGGSSYNEQF,11
TRBV7-9,TRBJ2-1,ASSLWGLAGGYNEQF,1
TRBV7-9,TRBJ2-1,ASSLWGLAGPNNEQF,1
TRBV7-9,TRBJ2-1,ASSLWGLAGPWGDNEQF,1
TRBV7-9,TRBJ2-1,ASSLWGLAGRHAYNGQF,1
TRBV7-9,TRBJ2-1,ASSLWGLAGRIVDHEQF,1
TRBV7-9,TRBJ2-1,ASSLWGLAGRNEQF,1
TRBV7-9,TRBJ2-1,ASSLWGLAGSSYNEQF,1
TRBV7-9,TRBJ2-1,ASSLWGLAGSYNEQF,2
TRBV7-9,TRBJ2-1,ASSLWGLAGVGSYNEQF,1
TRBV7-9,TRBJ2-1,ASSLWGLAHDEQF,1
TRBV7-9,TRBJ2-1,ASSLWGLANEQF,8
TRBV7-9,TRBJ2-1,ASSLWGLARNEQF,1
TRBV7-9,TRBJ2-1,ASSLWGLAVYNEQF,1
TRBV7-9,TRBJ2-1,ASSLWGLDINNEQF,1
TRBV7-9,TRBJ2-1,ASSLWGLDNEQF,1
TRBV7-9,TRBJ2-1,ASSLWGLDYDEQF,1
TRBV7-9,TRBJ2-1,ASSLWGLEINNEQF,4
TRBV7-9,TRBJ2-1,ASSLWGLGDNEQF,1
TRBV7-9,TRBJ2-1,ASSLWGLGGNEQF,1
TRBV7-9,TRBJ2-1,ASSLWGLGMTRGDEQF,1
TRBV7-9,TRBJ2-1,ASSLWGLGQF,6
TRBV7-9,TRBJ2-1,ASSLWGLGSNEQF,11
TRBV7-9,TRBJ2-1,ASSLWGLIGFDEQF,4
TRBV7-9,TRBJ2-1,ASSLWGLLAANEQF,1
TRBV7-9,TRBJ2-1,ASSLWGLNEQF,4
TRBV7-9,TRBJ2-1,ASSLWGLNNEQF,4
TRBV7-9,TRBJ2-1,ASSLWGLNNNEQF,1
TRBV7-9,TRBJ2-1,ASSLWGLPNEQF,1
TRBV7-9,TRBJ2-1,ASSLWGLPYNEQF,1
TRBV7-9,TRBJ2-1,ASSLWGLQGPSGDEQF,1
TRBV7-9,TRBJ2-1,ASSLWGLRGPDAPNEQF,1
TRBV7-9,TRBJ2-1,ASSLWGLSNNEQF,1
TRBV7-9,TRBJ2-1,ASSLWGLSYNEQF,1
TRBV7-9,TRBJ2-1,ASSLWGLYNEQF,1
TRBV7-9,TRBJ2-1,ASSLWGMDEQF,1
TRBV7-9,TRBJ2-1,ASSLWGMGSYNEQF,11
TRBV7-9,TRBJ2-1,ASSLWGMGSYSEQF,1
TRBV7-9,TRBJ2-1,ASSLWGMYNEQF,1
TRBV7-9,TRBJ2-1,ASSLWGNAEVGLF,1
TRBV7-9,TRBJ2-1,ASSLWGNAGVGLF,39
TRBV7-9,TRBJ2-1,ASSLWGNAGVGMF,1
TRBV7-9,TRBJ2-1,ASSLWGNDEQF,1
TRBV7-9,TRBJ2-1,ASSLWGNDNEQF,1
TRBV7-9,TRBJ2-1,ASSLWGNEKF,1
TRBV7-9,TRBJ2-1,ASSLWGNEQF,49
TRBV7-9,TRBJ2-1,ASSLWGNEYNEQF,1
TRBV7-9,TRBJ2-1,ASSLWGNGDRKGNEQF,1
TRBV7-9,TRBJ2-1,ASSLWGNKQF,8
TRBV7-9,TRBJ2-1,ASSLWGNNEQF,8
TRBV7-9,TRBJ2-1,ASSLWGNRGKEQF,1
TRBV7-9,TRBJ2-1,ASSLWGNRGNEQF,1
TRBV7-9,TRBJ2-1,ASSLWGNSYNEQF,6
TRBV7-9,TRBJ2-1,ASSLWGPADNEQF,2
TRBV7-9,TRBJ2-1,ASSLWGPDEQF,1
TRBV7-9,TRBJ2-1,ASSLWGPDNEQF,1
TRBV7-9,TRBJ2-1,ASSLWGPGDEQF,1
TRBV7-9,TRBJ2-1,ASSLWGPGPYNEQF,1
TRBV7-9,TRBJ2-1,ASSLWGPGQGFDEQF,3
TRBV7-9,TRBJ2-1,ASSLWGPGSYNEQF,1
TRBV7-9,TRBJ2-1,ASSLWGPPFYNEQF,1
TRBV7-9,TRBJ2-1,ASSLWGPQNNEQF,1
TRBV7-9,TRBJ2-1,ASSLWGPRDNEQF,1
TRBV7-9,TRBJ2-1,ASSLWGPRGDEQF,1
TRBV7-9,TRBJ2-1,ASSLWGPSLQF,1
TRBV7-9,TRBJ2-1,ASSLWGPSNHDEQF,1
TRBV7-9,TRBJ2-1,ASSLWGPSVQF,1
TRBV7-9,TRBJ2-1,ASSLWGQAGLLYNEQF,1
TRBV7-9,TRBJ2-1,ASSLWGQAGVNEQF,1
TRBV7-9,TRBJ2-1,ASSLWGQAVGNEQF,1
TRBV7-9,TRBJ2-1,ASSLWGQCDEQF,2
TRBV7-9,TRBJ2-1,ASSLWGQDDNEQF,4
TRBV7-9,TRBJ2-1,ASSLWGQDPHNEQF,1
TRBV7-9,TRBJ2-1,ASSLWGQDRGGYNEQF,1
TRBV7-9,TRBJ2-1,ASSLWGQEMDEQF,6
TRBV7-9,TRBJ2-1,ASSLWGQF,1
TRBV7-9,TRBJ2-1,ASSLWGQGAEQF,1
TRBV7-9,TRBJ2-1,ASSLWGQGAGNEQF,1
TRBV7-9,TRBJ2-1,ASSLWGQGANNEQF,1
TRBV7-9,TRBJ2-1,ASSLWGQGDAQF,1
TRBV7-9,TRBJ2-1,ASSLWGQGDDEQF,1
TRBV7-9,TRBJ2-1,ASSLWGQGDDQF,1
TRBV7-9,TRBJ2-1,ASSLWGQGDEEF,1
TRBV7-9,TRBJ2-1,ASSLWGQGDEPF,1
TRBV7-9,TRBJ2-1,ASSLWGQGDEQC,2
TRBV7-9,TRBJ2-1,ASSLWGQGDEQF,220
TRBV7-9,TRBJ2-1,ASSLWGQGDEQL,1
TRBV7-9,TRBJ2-1,ASSLWGQGDVQF,1
TRBV7-9,TRBJ2-1,ASSLWGQGDYNEQF,1
TRBV7-9,TRBJ2-1,ASSLWGQGFGNEQF,1
TRBV7-9,TRBJ2-1,ASSLWGQGGGLYSNEQF,1
TRBV7-9,TRBJ2-1,ASSLWGQGGGNEQF,1
TRBV7-9,TRBJ2-1,ASSLWGQGGNNEQF,14
TRBV7-9,TRBJ2-1,ASSLWGQGGYNEQF,1
TRBV7-9,TRBJ2-1,ASSLWGQGISNEQF,1
TRBV7-9,TRBJ2-1,ASSLWGQGKYNEQF,13
TRBV7-9,TRBJ2-1,ASSLWGQGNEQF,5
TRBV7-9,TRBJ2-1,ASSLWGQGNNEQF,1
TRBV7-9,TRBJ2-1,ASSLWGQGPEQF,2
TRBV7-9,TRBJ2-1,ASSLWGQGPNEQF,1
TRBV7-9,TRBJ2-1,ASSLWGQGVANEQF,1
TRBV7-9,TRBJ2-1,ASSLWGQGVDNEQF,1
TRBV7-9,TRBJ2-1,ASSLWGQGVGNDQF,1
TRBV7-9,TRBJ2-1,ASSLWGQGVGNEKF,2
TRBV7-9,TRBJ2-1,ASSLWGQGVGNEQC,1
TRBV7-9,TRBJ2-1,ASSLWGQGVGNEQF,131
TRBV7-9,TRBJ2-1,ASSLWGQGVGYEQF,1
TRBV7-9,TRBJ2-1,ASSLWGQGVHEQF,1
TRBV7-9,TRBJ2-1,ASSLWGQGVRGYNEQF,1
TRBV7-9,TRBJ2-1,ASSLWGQGVRNEQF,1
TRBV7-9,TRBJ2-1,ASSLWGQGVVNEQF,1
TRBV7-9,TRBJ2-1,ASSLWGQKTSGTHNEQF,1
TRBV7-9,TRBJ2-1,ASSLWGQLAGGNEQF,3
TRBV7-9,TRBJ2-1,ASSLWGQRDNEQF,1
TRBV7-9,TRBJ2-1,ASSLWGQREYSYNEQF,1
TRBV7-9,TRBJ2-1,ASSLWGQSYNEQF,1
TRBV7-9,TRBJ2-1,ASSLWGQVDEQF,2
TRBV7-9,TRBJ2-1,ASSLWGQVVGNEQF,1
TRBV7-9,TRBJ2-1,ASSLWGRALNEQF,1
TRBV7-9,TRBJ2-1,ASSLWGRASEYNEQF,1
TRBV7-9,TRBJ2-1,ASSLWGRAYNEQF,1
TRBV7-9,TRBJ2-1,ASSLWGRDEEF,1
TRBV7-9,TRBJ2-1,ASSLWGRDEQF,3
TRBV7-9,TRBJ2-1,ASSLWGRDGLYNEQF,1
TRBV7-9,TRBJ2-1,ASSLWGRDLVEQF,7
TRBV7-9,TRBJ2-1,ASSLWGRDNEQF,12
TRBV7-9,TRBJ2-1,ASSLWGRDRLGSGNEQF,1
TRBV7-9,TRBJ2-1,ASSLWGRDYNEQF,2
TRBV7-9,TRBJ2-1,ASSLWGREDNEQF,1
TRBV7-9,TRBJ2-1,ASSLWGRENEQF,1
TRBV7-9,TRBJ2-1,ASSLWGREYNEQF,1
TRBV7-9,TRBJ2-1,ASSLWGRFNEQF,1
TRBV7-9,TRBJ2-1,ASSLWGRGDDQF,1
TRBV7-9,TRBJ2-1,ASSLWGRGDEQF,16
TRBV7-9,TRBJ2-1,ASSLWGRGDERF,1
TRBV7-9,TRBJ2-1,ASSLWGRGGNEQF,4
TRBV7-9,TRBJ2-1,ASSLWGRGGNNEQF,1
TRBV7-9,TRBJ2-1,ASSLWGRGNEQF,2
TRBV7-9,TRBJ2-1,ASSLWGRGPNNEGQF,8
TRBV7-9,TRBJ2-1,ASSLWGRGYNEQF,1
TRBV7-9,TRBJ2-1,ASSLWGRINEQF,1
TRBV7-9,TRBJ2-1,ASSLWGRKRAAYNEQF,1
TRBV7-9,TRBJ2-1,ASSLWGRLDDNEQF,1
TRBV7-9,TRBJ2-1,ASSLWGRLGNEQF,5
TRBV7-9,TRBJ2-1,ASSLWGRLSPYNEQF,1
TRBV7-9,TRBJ2-1,ASSLWGRLTYNEQF,1
TRBV7-9,TRBJ2-1,ASSLWGRNEQF,2
TRBV7-9,TRBJ2-1,ASSLWGRPEQF,14
TRBV7-9,TRBJ2-1,ASSLWGRPRSYNEQF,12
TRBV7-9,TRBJ2-1,ASSLWGRQSSYNEQF,1
TRBV7-9,TRBJ2-1,ASSLWGRQVAPNEQF,1
TRBV7-9,TRBJ2-1,ASSLWGRREGNEQF,1
TRBV7-9,TRBJ2-1,ASSLWGRSGGNEQF,2
TRBV7-9,TRBJ2-1,ASSLWGRSGGRAKNEQF,1
TRBV7-9,TRBJ2-1,ASSLWGRSGNEQF,6
TRBV7-9,TRBJ2-1,ASSLWGRSLGLNEQF,1
TRBV7-9,TRBJ2-1,ASSLWGRSSSYNEQF,1
TRBV7-9,TRBJ2-1,ASSLWGRSSYNEQF,1
TRBV7-9,TRBJ2-1,ASSLWGRTGMGNEQF,1
TRBV7-9,TRBJ2-1,ASSLWGRTSYNEQF,9
TRBV7-9,TRBJ2-1,ASSLWGRVMAEVIYSEQF,17
TRBV7-9,TRBJ2-1,ASSLWGRYNEQF,1
TRBV7-9,TRBJ2-1,ASSLWGSAGGNNEQF,1
TRBV7-9,TRBJ2-1,ASSLWGSAGNEQF,1
TRBV7-9,TRBJ2-1,ASSLWGSAYNEQF,1
TRBV7-9,TRBJ2-1,ASSLWGSEAQHEQF,1
TRBV7-9,TRBJ2-1,ASSLWGSEQF,1
TRBV7-9,TRBJ2-1,ASSLWGSEYNNEQF,2
TRBV7-9,TRBJ2-1,ASSLWGSGANEQF,9
TRBV7-9,TRBJ2-1,ASSLWGSGASYNEQF,1
TRBV7-9,TRBJ2-1,ASSLWGSGGAHNEQF,3
TRBV7-9,TRBJ2-1,ASSLWGSGGPNEQF,7
TRBV7-9,TRBJ2-1,ASSLWGSGHNEQF,9
TRBV7-9,TRBJ2-1,ASSLWGSGLYNEQF,7
TRBV7-9,TRBJ2-1,ASSLWGSGNEQF,1
TRBV7-9,TRBJ2-1,ASSLWGSGNNNEQF,1
TRBV7-9,TRBJ2-1,ASSLWGSGRANNEQF,1
TRBV7-9,TRBJ2-1,ASSLWGSGRGNEQF,1
TRBV7-9,TRBJ2-1,ASSLWGSGRGSNEQF,1
TRBV7-9,TRBJ2-1,ASSLWGSGTNEQF,1
TRBV7-9,TRBJ2-1,ASSLWGSGTSYNEQF,1
TRBV7-9,TRBJ2-1,ASSLWGSHSYNEQF,1
TRBV7-9,TRBJ2-1,ASSLWGSNEQF,9
TRBV7-9,TRBJ2-1,ASSLWGSNNEQF,2
TRBV7-9,TRBJ2-1,ASSLWGSPHNEQF,1
TRBV7-9,TRBJ2-1,ASSLWGSPIGEQF,5
TRBV7-9,TRBJ2-1,ASSLWGSPNEQF,1
TRBV7-9,TRBJ2-1,ASSLWGSPVRNEQF,1
TRBV7-9,TRBJ2-1,ASSLWGSPVYNEQF,1
TRBV7-9,TRBJ2-1,ASSLWGSPYNEQF,2
TRBV7-9,TRBJ2-1,ASSLWGSQTYNEQF,1
TRBV7-9,TRBJ2-1,ASSLWGSRENEQF,1
TRBV7-9,TRBJ2-1,ASSLWGSRSYNEQF,1
TRBV7-9,TRBJ2-1,ASSLWGSSSYNEQF,2
TRBV7-9,TRBJ2-1,ASSLWGSSYNEQF,15
TRBV7-9,TRBJ2-1,ASSLWGSTYNEQF,1
TRBV7-9,TRBJ2-1,ASSLWGSYNEQF,5
TRBV7-9,TRBJ2-1,ASSLWGTALSYNEQF,1
TRBV7-9,TRBJ2-1,ASSLWGTASNEQF,10
TRBV7-9,TRBJ2-1,ASSLWGTAYNEQF,1
TRBV7-9,TRBJ2-1,ASSLWGTDEQF,1
TRBV7-9,TRBJ2-1,ASSLWGTDNEQF,6
TRBV7-9,TRBJ2-1,ASSLWGTEGEQF,10
TRBV7-9,TRBJ2-1,ASSLWGTENEQF,1
TRBV7-9,TRBJ2-1,ASSLWGTEYNEQF,2
TRBV7-9,TRBJ2-1,ASSLWGTGAYNEQF,1
TRBV7-9,TRBJ2-1,ASSLWGTGEDKANNEQF,1
TRBV7-9,TRBJ2-1,ASSLWGTGEIGEQF,11
TRBV7-9,TRBJ2-1,ASSLWGTGINEQF,1
TRBV7-9,TRBJ2-1,ASSLWGTGNEQF,1
TRBV7-9,TRBJ2-1,ASSLWGTGRNEQF,2
TRBV7-9,TRBJ2-1,ASSLWGTGSGNEQF,1
TRBV7-9,TRBJ2-1,ASSLWGTGSYEQF,9
TRBV7-9,TRBJ2-1,ASSLWGTGTSSGNEQF,1
TRBV7-9,TRBJ2-1,ASSLWGTGVLDEQF,1
TRBV7-9,TRBJ2-1,ASSLWGTGVNEQF,1
TRBV7-9,TRBJ2-1,ASSLWGTGYSYNEQF,1
TRBV7-9,TRBJ2-1,ASSLWGTHNEQF,2
TRBV7-9,TRBJ2-1,ASSLWGTISNEQF,8
TRBV7-9,TRBJ2-1,ASSLWGTKANEQF,1
TRBV7-9,TRBJ2-1,ASSLWGTLPRDNEQF,2
TRBV7-9,TRBJ2-1,ASSLWGTNYNEQF,10
TRBV7-9,TRBJ2-1,ASSLWGTNYNVQF,1
TRBV7-9,TRBJ2-1,ASSLWGTQLGNEQF,1
TRBV7-9,TRBJ2-1,ASSLWGTQQF,2
TRBV7-9,TRBJ2-1,ASSLWGTRDNEQF,1
TRBV7-9,TRBJ2-1,ASSLWGTRDSYNEQF,1
TRBV7-9,TRBJ2-1,ASSLWGTRGKSSYNEQF,1
TRBV7-9,TRBJ2-1,ASSLWGTRSINNEQF,1
TRBV7-9,TRBJ2-1,ASSLWGTRVGEQF,6
TRBV7-9,TRBJ2-1,ASSLWGTSDEQF,1
TRBV7-9,TRBJ2-1,ASSLWGTSDYNEQF,1
TRBV7-9,TRBJ2-1,ASSLWGTSGMGNEQF,7
TRBV7-9,TRBJ2-1,ASSLWGTSGNEQF,1
TRBV7-9,TRBJ2-1,ASSLWGTSGNIWNEQF,1
TRBV7-9,TRBJ2-1,ASSLWGTSGQNEQF,1
TRBV7-9,TRBJ2-1,ASSLWGTSGREEQF,10
TRBV7-9,TRBJ2-1,ASSLWGTSGRHEQF,1
TRBV7-9,TRBJ2-1,ASSLWGTSGRKEQF,1
TRBV7-9,TRBJ2-1,ASSLWGTSGRNEQF,9
TRBV7-9,TRBJ2-1,ASSLWGTSGRPRKGGSYNEQF,6
TRBV7-9,TRBJ2-1,ASSLWGTSGRVNEQF,1
TRBV7-9,TRBJ2-1,ASSLWGTSGRYEQF,1
TRBV7-9,TRBJ2-1,ASSLWGTSGSYNEQF,1
TRBV7-9,TRBJ2-1,ASSLWGTSKSYNEQF,1
TRBV7-9,TRBJ2-1,ASSLWGTSLQF,1
TRBV7-9,TRBJ2-1,ASSLWGTSNNEQF,1
TRBV7-9,TRBJ2-1,ASSLWGTSSGNEQF,1
TRBV7-9,TRBJ2-1,ASSLWGTSSSYNEQF,1
TRBV7-9,TRBJ2-1,ASSLWGTSSYNEQF,16
TRBV7-9,TRBJ2-1,ASSLWGTSVNEQF,4
TRBV7-9,TRBJ2-1,ASSLWGTSVREEQF,1
TRBV7-9,TRBJ2-1,ASSLWGTTYNEQF,12
TRBV7-9,TRBJ2-1,ASSLWGTVHNEQF,5
TRBV7-9,TRBJ2-1,ASSLWGTVNNEQF,1
TRBV7-9,TRBJ2-1,ASSLWGTWGPSYNEQF,1
TRBV7-9,TRBJ2-1,ASSLWGTYNEQF,6
TRBV7-9,TRBJ2-1,ASSLWGTYRDNEQF,1
TRBV7-9,TRBJ2-1,ASSLWGVAKDNEQF,1
TRBV7-9,TRBJ2-1,ASSLWGVDNEQF,1
TRBV7-9,TRBJ2-1,ASSLWGVFYNEQF,1
TRBV7-9,TRBJ2-1,ASSLWGVGGRRSYNEQF,1
TRBV7-9,TRBJ2-1,ASSLWGVGGVYNEQF,1
TRBV7-9,TRBJ2-1,ASSLWGVGTINNEQF,1
TRBV7-9,TRBJ2-1,ASSLWGVINNEQF,1
TRBV7-9,TRBJ2-1,ASSLWGVNEQF,4
TRBV7-9,TRBJ2-1,ASSLWGVSMGEQF,4
TRBV7-9,TRBJ2-1,ASSLWGVSSYNEQF,1
TRBV7-9,TRBJ2-1,ASSLWGWDEQF,5
TRBV7-9,TRBJ2-1,ASSLWGWSGQVKNNEQF,1
TRBV7-9,TRBJ2-1,ASSLWGYNEQF,48
TRBV7-9,TRBJ2-1,ASSLWGYNEQL,1
TRBV7-9,TRBJ2-1,ASSLWHFA,6
TRBV7-9,TRBJ2-1,ASSLWHPHNEQF,1
TRBV7-9,TRBJ2-1,ASSLWHRDNEQF,1
TRBV7-9,TRBJ2-1,ASSLWHRGFPRSYNEQF,1
TRBV7-9,TRBJ2-1,ASSLWHSTSGRDEQF,1
TRBV7-9,TRBJ2-1,ASSLWIAEYNEQF,1
TRBV7-9,TRBJ2-1,ASSLWIAGPVNEQF,1
TRBV7-9,TRBJ2-1,ASSLWIAQISYNEQF,1
TRBV7-9,TRBJ2-1,ASSLWIDSDEQF,1
TRBV7-9,TRBJ2-1,ASSLWIGARQGNNEQF,4
TRBV7-9,TRBJ2-1,ASSLWIGGDNEQF,1
TRBV7-9,TRBJ2-1,ASSLWIGPWLNEQF,1
TRBV7-9,TRBJ2-1,ASSLWIGQGGNEQF,1
TRBV7-9,TRBJ2-1,ASSLWIGREF,1
TRBV7-9,TRBJ2-1,ASSLWIGSGRSYNEQF,1
TRBV7-9,TRBJ2-1,ASSLWIGYGDEQF,7
TRBV7-9,TRBJ2-1,ASSLWIHPGSSYNEQF,1
TRBV7-9,TRBJ2-1,ASSLWILAGEWSYNEQF,1
TRBV7-9,TRBJ2-1,ASSLWINEQF,1
TRBV7-9,TRBJ2-1,ASSLWIRLAGGLFNEQF,4
TRBV7-9,TRBJ2-1,ASSLWISNGNEQF,1
TRBV7-9,TRBJ2-1,ASSLWIVETYNEQF,5
TRBV7-9,TRBJ2-1,ASSLWKAGNSYNEQF,1
TRBV7-9,TRBJ2-1,ASSLWKDEQF,4
TRBV7-9,TRBJ2-1,ASSLWKGRGDNEQF,7
TRBV7-9,TRBJ2-1,ASSLWKGRQDEQF,1
TRBV7-9,TRBJ2-1,ASSLWKPGQGHEQF,1
TRBV7-9,TRBJ2-1,ASSLWKPLETAYNEQF,1
TRBV7-9,TRBJ2-1,ASSLWKQSRGASYNEQF,3
TRBV7-9,TRBJ2-1,ASSLWKRESNEQF,6
TRBV7-9,TRBJ2-1,ASSLWKRIYNEQF,11
TRBV7-9,TRBJ2-1,ASSLWKRYGNEQF,1
TRBV7-9,TRBJ2-1,ASSLWKTYHVQF,1
TRBV7-9,TRBJ2-1,ASSLWLAAYGNEQF,1
TRBV7-9,TRBJ2-1,ASSLWLADLNEQF,1
TRBV7-9,TRBJ2-1,ASSLWLADNEQF,2
TRBV7-9,TRBJ2-1,ASSLWLADNNEQF,1
TRBV7-9,TRBJ2-1,ASSLWLADSNEQF,1
TRBV7-9,TRBJ2-1,ASSLWLADSYNEQF,4
TRBV7-9,TRBJ2-1,ASSLWLADYNEQF,8
TRBV7-9,TRBJ2-1,ASSLWLAEKDNEQF,27
TRBV7-9,TRBJ2-1,ASSLWLAEKDTEQF,1
TRBV7-9,TRBJ2-1,ASSLWLAEKENEQF,1
TRBV7-9,TRBJ2-1,ASSLWLAENNEQF,1
TRBV7-9,TRBJ2-1,ASSLWLAESISSYNEQF,1
TRBV7-9,TRBJ2-1,ASSLWLAETDYEQF,1
TRBV7-9,TRBJ2-1,ASSLWLAETYNEQF,1
TRBV7-9,TRBJ2-1,ASSLWLAEYDEQF,1
TRBV7-9,TRBJ2-1,ASSLWLAEYNEQF,5
TRBV7-9,TRBJ2-1,ASSLWLAFNEQF,1
TRBV7-9,TRBJ2-1,ASSLWLAGALNEQF,1
TRBV7-9,TRBJ2-1,ASSLWLAGANEQF,1
TRBV7-9,TRBJ2-1,ASSLWLAGAPSYNEQF,11
TRBV7-9,TRBJ2-1,ASSLWLAGAPTYNEQF,1
TRBV7-9,TRBJ2-1,ASSLWLAGAYNEQF,8
TRBV7-9,TRBJ2-1,ASSLWLAGDEQF,1
TRBV7-9,TRBJ2-1,ASSLWLAGDFSYNEQF,1
TRBV7-9,TRBJ2-1,ASSLWLAGDNEQF,13
TRBV7-9,TRBJ2-1,ASSLWLAGDRDEQF,1
TRBV7-9,TRBJ2-1,ASSLWLAGDYNEQF,1
TRBV7-9,TRBJ2-1,ASSLWLAGEIYNEQF,15
TRBV7-9,TRBJ2-1,ASSLWLAGEIYNGQF,1
TRBV7-9,TRBJ2-1,ASSLWLAGENEQF,4
TRBV7-9,TRBJ2-1,ASSLWLAGEYNEQF,15
TRBV7-9,TRBJ2-1,ASSLWLAGGGNEQF,1
TRBV7-9,TRBJ2-1,ASSLWLAGGGSSYNEQF,2
TRBV7-9,TRBJ2-1,ASSLWLAGGHEQF,1
TRBV7-9,TRBJ2-1,ASSLWLAGGKVGNEQF,1
TRBV7-9,TRBJ2-1,ASSLWLAGGLGQDNEQF,5
TRBV7-9,TRBJ2-1,ASSLWLAGGLMPYNEQF,1
TRBV7-9,TRBJ2-1,ASSLWLAGGNEQF,1
TRBV7-9,TRBJ2-1,ASSLWLAGGPGEQF,3
TRBV7-9,TRBJ2-1,ASSLWLAGGPPYNEQF,1
TRBV7-9,TRBJ2-1,ASSLWLAGGQNEQF,1
TRBV7-9,TRBJ2-1,ASSLWLAGGRGDEF,1
TRBV7-9,TRBJ2-1,ASSLWLAGGRIYNEQF,1
TRBV7-9,TRBJ2-1,ASSLWLAGGSNEQF,4
TRBV7-9,TRBJ2-1,ASSLWLAGGTHEQF,10
TRBV7-9,TRBJ2-1,ASSLWLAGGVVYNEQF,1
TRBV7-9,TRBJ2-1,ASSLWLAGINEQF,2
TRBV7-9,TRBJ2-1,ASSLWLAGLGEQF,7
TRBV7-9,TRBJ2-1,ASSLWLAGMDEQF,1
TRBV7-9,TRBJ2-1,ASSLWLAGNNEQF,2
TRBV7-9,TRBJ2-1,ASSLWLAGNYNEQF,1
TRBV7-9,TRBJ2-1,ASSLWLAGPDNEQF,8
TRBV7-9,TRBJ2-1,ASSLWLAGPLGNEQF,6
TRBV7-9,TRBJ2-1,ASSLWLAGQSSYNEQF,3
TRBV7-9,TRBJ2-1,ASSLWLAGRLSYNEQF,1
TRBV7-9,TRBJ2-1,ASSLWLAGRSSYNEQF,1
TRBV7-9,TRBJ2-1,ASSLWLAGSFDEQF,1
TRBV7-9,TRBJ2-1,ASSLWLAGSYNDQF,1
TRBV7-9,TRBJ2-1,ASSLWLAGSYNEQF,62
TRBV7-9,TRBJ2-1,ASSLWLAGTYNEQF,3
TRBV7-9,TRBJ2-1,ASSLWLAGVESYNEQF,1
TRBV7-9,TRBJ2-1,ASSLWLAGVLDEQF,1
TRBV7-9,TRBJ2-1,ASSLWLAGVLGNEQF,1
TRBV7-9,TRBJ2-1,ASSLWLAGVNEQF,10
TRBV7-9,TRBJ2-1,ASSLWLAGVWNEQF,1
TRBV7-9,TRBJ2-1,ASSLWLAGVYNEQF,3
TRBV7-9,TRBJ2-1,ASSLWLAGYNEQF,4
TRBV7-9,TRBJ2-1,ASSLWLALNYNEQF,1
TRBV7-9,TRBJ2-1,ASSLWLALYNEQF,1
TRBV7-9,TRBJ2-1,ASSLWLARGKSSYNEQF,1
TRBV7-9,TRBJ2-1,ASSLWLARNNEQF,2
TRBV7-9,TRBJ2-1,ASSLWLASAYNEQF,1
TRBV7-9,TRBJ2-1,ASSLWLASHTYNEQF,1
TRBV7-9,TRBJ2-1,ASSLWLASSSYNEQF,1
TRBV7-9,TRBJ2-1,ASSLWLASSYNEQF,16
TRBV7-9,TRBJ2-1,ASSLWLATSYNEQF,1
TRBV7-9,TRBJ2-1,ASSLWLAVNNEQF,1
TRBV7-9,TRBJ2-1,ASSLWLAVTGNEQF,1
TRBV7-9,TRBJ2-1,ASSLWLDEQF,1
TRBV7-9,TRBJ2-1,ASSLWLDLGNEQF,1
TRBV7-9,TRBJ2-1,ASSLWLDNEQF,1
TRBV7-9,TRBJ2-1,ASSLWLDNNEQF,1
TRBV7-9,TRBJ2-1,ASSLWLDRNEQF,1
TRBV7-9,TRBJ2-1,ASSLWLDRSKDEQF,7
TRBV7-9,TRBJ2-1,ASSLWLDSNNEQF,7
TRBV7-9,TRBJ2-1,ASSLWLEAMDEQF,5
TRBV7-9,TRBJ2-1,ASSLWLEAMDKQF,1
TRBV7-9,TRBJ2-1,ASSLWLEDEQF,1
TRBV7-9,TRBJ2-1,ASSLWLEGNNEQF,1
TRBV7-9,TRBJ2-1,ASSLWLFNEQF,1
TRBV7-9,TRBJ2-1,ASSLWLGGPEQF,1
TRBV7-9,TRBJ2-1,ASSLWLGGRTTYNEQF,1
TRBV7-9,TRBJ2-1,ASSLWLGGYNEQF,5
TRBV7-9,TRBJ2-1,ASSLWLGLAGEGSRRGEQF,7
TRBV7-9,TRBJ2-1,ASSLWLGLDSEQF,3
TRBV7-9,TRBJ2-1,ASSLWLGPRNEQF,2
TRBV7-9,TRBJ2-1,ASSLWLGQGPSEQF,4
TRBV7-9,TRBJ2-1,ASSLWLGQYGDEQF,17
TRBV7-9,TRBJ2-1,ASSLWLGSNEQF,1
TRBV7-9,TRBJ2-1,ASSLWLGSSYNEQF,2
TRBV7-9,TRBJ2-1,ASSLWLGSYNEQF,1
TRBV7-9,TRBJ2-1,ASSLWLGTSGEYNEQF,1
TRBV7-9,TRBJ2-1,ASSLWLGTVLYNEQF,1
TRBV7-9,TRBJ2-1,ASSLWLGVDNEQF,10
TRBV7-9,TRBJ2-1,ASSLWLGVYNEQF,1
TRBV7-9,TRBJ2-1,ASSLWLGWDEQF,1
TRBV7-9,TRBJ2-1,ASSLWLIGRLVYNEQF,1
TRBV7-9,TRBJ2-1,ASSLWLIGVSHKEQF,1
TRBV7-9,TRBJ2-1,ASSLWLLTGWDEQF,1
TRBV7-9,TRBJ2-1,ASSLWLLTSGSLGFYNEQF,17
TRBV7-9,TRBJ2-1,ASSLWLNEQF,31
TRBV7-9,TRBJ2-1,ASSLWLNNEQF,2
TRBV7-9,TRBJ2-1,ASSLWLNREFSYNEQF,1
TRBV7-9,TRBJ2-1,ASSLWLNWGYNEQF,2
TRBV7-9,TRBJ2-1,ASSLWLPGNNEQF,1
TRBV7-9,TRBJ2-1,ASSLWLPSSRYEQF,1
TRBV7-9,TRBJ2-1,ASSLWLPYNEQF,1
TRBV7-9,TRBJ2-1,ASSLWLQGGNEQF,1
TRBV7-9,TRBJ2-1,ASSLWLQSGHNEQF,1
TRBV7-9,TRBJ2-1,ASSLWLRGMNEQF,1
TRBV7-9,TRBJ2-1,ASSLWLRGSSYNEQF,14
TRBV7-9,TRBJ2-1,ASSLWLRLDNEQF,1
TRBV7-9,TRBJ2-1,ASSLWLRTSGNEQF,1
TRBV7-9,TRBJ2-1,ASSLWLRVLAGNEQF,1
TRBV7-9,TRBJ2-1,ASSLWLSEQF,7
TRBV7-9,TRBJ2-1,ASSLWLSGSSYNEQF,1
TRBV7-9,TRBJ2-1,ASSLWLSGSYNEQF,1
TRBV7-9,TRBJ2-1,ASSLWLSLGPSRNEQF,1
TRBV7-9,TRBJ2-1,ASSLWLSNEQF,1
TRBV7-9,TRBJ2-1,ASSLWLSSYNEQF,2
TRBV7-9,TRBJ2-1,ASSLWLTDEQF,11
TRBV7-9,TRBJ2-1,ASSLWLTGENEQF,1
TRBV7-9,TRBJ2-1,ASSLWLTLGPSSYNEQF,1
TRBV7-9,TRBJ2-1,ASSLWLVASGRRYNEQF,21
TRBV7-9,TRBJ2-1,ASSLWLVASRRRYNEQF,1
TRBV7-9,TRBJ2-1,ASSLWLVNEQF,4
TRBV7-9,TRBJ2-1,ASSLWLVQYGDEQF,1
TRBV7-9,TRBJ2-1,ASSLWLVSFDEQF,1
TRBV7-9,TRBJ2-1,ASSLWLVVFSSYNEQF,7
TRBV7-9,TRBJ2-1,ASSLWMGLAAMSSYNEQF,2
TRBV7-9,TRBJ2-1,ASSLWMGLAGANEQF,1
TRBV7-9,TRBJ2-1,ASSLWMGQDGSEF,3
TRBV7-9,TRBJ2-1,ASSLWMGQGNYNEQF,1
TRBV7-9,TRBJ2-1,ASSLWMGQNNEQF,3
TRBV7-9,TRBJ2-1,ASSLWMGQSNEQF,1
TRBV7-9,TRBJ2-1,ASSLWMGRPADEQF,1
TRBV7-9,TRBJ2-1,ASSLWMGSSYNEQF,1
TRBV7-9,TRBJ2-1,ASSLWMNEQF,2
TRBV7-9,TRBJ2-1,ASSLWMREGLDEQF,1
TRBV7-9,TRBJ2-1,ASSLWMRQGTHEQF,1
TRBV7-9,TRBJ2-1,ASSLWMTPNNEQF,1
TRBV7-9,TRBJ2-1,ASSLWNDEQF,1
TRBV7-9,TRBJ2-1,ASSLWNDNEQF,1
TRBV7-9,TRBJ2-1,ASSLWNEQF,9
TRBV7-9,TRBJ2-1,ASSLWNNEQF,5
TRBV7-9,TRBJ2-1,ASSLWNNNEQF,1
TRBV7-9,TRBJ2-1,ASSLWNPRPPNNEQF,3
TRBV7-9,TRBJ2-1,ASSLWNRDNEQF,9
TRBV7-9,TRBJ2-1,ASSLWNSRTGNEQF,1
TRBV7-9,TRBJ2-1,ASSLWNSVANEQF,1
TRBV7-9,TRBJ2-1,ASSLWNSYNEQF,1
TRBV7-9,TRBJ2-1,ASSLWNTAYNEQF,2
TRBV7-9,TRBJ2-1,ASSLWPAATYNEQF,8
TRBV7-9,TRBJ2-1,ASSLWPADEQF,1
TRBV7-9,TRBJ2-1,ASSLWPAETNEQF,1
TRBV7-9,TRBJ2-1,ASSLWPAGEKSSYNEQF,1
TRBV7-9,TRBJ2-1,ASSLWPAHEQF,1
TRBV7-9,TRBJ2-1,ASSLWPARDSAYYNEQF,2
TRBV7-9,TRBJ2-1,ASSLWPARSNINEQF,1
TRBV7-9,TRBJ2-1,ASSLWPDEQF,8
TRBV7-9,TRBJ2-1,ASSLWPDPKDEQF,1
TRBV7-9,TRBJ2-1,ASSLWPDRAGNEKF,1
TRBV7-9,TRBJ2-1,ASSLWPDRAGNEQC,1
TRBV7-9,TRBJ2-1,ASSLWPDRAGNEQF,17
TRBV7-9,TRBJ2-1,ASSLWPDTNEQF,1
TRBV7-9,TRBJ2-1,ASSLWPEAHNEQF,1
TRBV7-9,TRBJ2-1,ASSLWPEAYNEQF,2
TRBV7-9,TRBJ2-1,ASSLWPEGDEQF,1
TRBV7-9,TRBJ2-1,ASSLWPERAGNEQF,1
TRBV7-9,TRBJ2-1,ASSLWPEVNEQF,1
TRBV7-9,TRBJ2-1,ASSLWPFTSSYNEQF,1
TRBV7-9,TRBJ2-1,ASSLWPGDEQF,7
TRBV7-9,TRBJ2-1,ASSLWPGGDNEQF,1
TRBV7-9,TRBJ2-1,ASSLWPGGPGNEQF,1
TRBV7-9,TRBJ2-1,ASSLWPGGRDVYEQF,4
TRBV7-9,TRBJ2-1,ASSLWPGGSFKNEQF,1
TRBV7-9,TRBJ2-1,ASSLWPGNEQF,1
TRBV7-9,TRBJ2-1,ASSLWPGPPLGSYNEQF,2
TRBV7-9,TRBJ2-1,ASSLWPGQDSFEQF,10
TRBV7-9,TRBJ2-1,ASSLWPGQESFEQF,1
TRBV7-9,TRBJ2-1,ASSLWPGQGKNEQF,1
TRBV7-9,TRBJ2-1,ASSLWPGREF,1
TRBV7-9,TRBJ2-1,ASSLWPGRNEQF,1
TRBV7-9,TRBJ2-1,ASSLWPGYNEQF,1
TRBV7-9,TRBJ2-1,ASSLWPKIAGGPGNEQF,15
TRBV7-9,TRBJ2-1,ASSLWPKSAGGPGNEQF,1
TRBV7-9,TRBJ2-1,ASSLWPLADPSDEQF,6
TRBV7-9,TRBJ2-1,ASSLWPLLASEKF,1
TRBV7-9,TRBJ2-1,ASSLWPLLASEQF,16
TRBV7-9,TRBJ2-1,ASSLWPLSYNEQF,3
TRBV7-9,TRBJ2-1,ASSLWPNEQF,25
TRBV7-9,TRBJ2-1,ASSLWPNEQY,1
TRBV7-9,TRBJ2-1,ASSLWPNGQF,3
TRBV7-9,TRBJ2-1,ASSLWPNKQF,1
TRBV7-9,TRBJ2-1,ASSLWPNSYNEQF,1
TRBV7-9,TRBJ2-1,ASSLWPPRLAGNHEQF,2
TRBV7-9,TRBJ2-1,ASSLWPPSGDYNEQF,1
TRBV7-9,TRBJ2-1,ASSLWPRDRDAYNEQF,1
TRBV7-9,TRBJ2-1,ASSLWPREGSYNEQF,4
TRBV7-9,TRBJ2-1,ASSLWPRNEQF,1
TRBV7-9,TRBJ2-1,ASSLWPRRGPSDEQF,1
TRBV7-9,TRBJ2-1,ASSLWPRSAGGPRNEQF,3
TRBV7-9,TRBJ2-1,ASSLWPRTEDNEQF,1
TRBV7-9,TRBJ2-1,ASSLWPSGDNEQF,2
TRBV7-9,TRBJ2-1,ASSLWPSGEQRNNEQF,1
TRBV7-9,TRBJ2-1,ASSLWPSGGVNEQF,7
TRBV7-9,TRBJ2-1,ASSLWPSGLAGYDEQF,9
TRBV7-9,TRBJ2-1,ASSLWPSGRNNEQF,13
TRBV7-9,TRBJ2-1,ASSLWPSGRTHEQF,1
TRBV7-9,TRBJ2-1,ASSLWPSGSDNEQF,1
TRBV7-9,TRBJ2-1,ASSLWPSGSHEQF,7
TRBV7-9,TRBJ2-1,ASSLWPSGSSYNEQF,1
TRBV7-9,TRBJ2-1,ASSLWPSGSTYNEQF,1
TRBV7-9,TRBJ2-1,ASSLWPSGSYEQF,1
TRBV7-9,TRBJ2-1,ASSLWPSGTSGSYNEQF,1
TRBV7-9,TRBJ2-1,ASSLWPSGTYEQF,1
TRBV7-9,TRBJ2-1,ASSLWPSLIDEQF,2
TRBV7-9,TRBJ2-1,ASSLWPSSASNEQF,1
TRBV7-9,TRBJ2-1,ASSLWPSSYNEQF,8
TRBV7-9,TRBJ2-1,ASSLWPSTYNEQF,1
TRBV7-9,TRBJ2-1,ASSLWPSVLAGYDEQF,1
TRBV7-9,TRBJ2-1,ASSLWPSVRNEQF,1
TRBV7-9,TRBJ2-1,ASSLWPTESNEQF,5
TRBV7-9,TRBJ2-1,ASSLWPTNEQF,1
TRBV7-9,TRBJ2-1,ASSLWPTRDRSYNEQF,1
TRBV7-9,TRBJ2-1,ASSLWPVDEQF,1
TRBV7-9,TRBJ2-1,ASSLWPYGEQF,12
TRBV7-9,TRBJ2-1,ASSLWPYNEQF,8
TRBV7-9,TRBJ2-1,ASSLWQAAEAYNEQF,6
TRBV7-9,TRBJ2-1,ASSLWQAGSYNEQF,1
TRBV7-9,TRBJ2-1,ASSLWQDEQF,11
TRBV7-9,TRBJ2-1,ASSLWQGAASGSHEQF,1
TRBV7-9,TRBJ2-1,ASSLWQGAFDEQF,1
TRBV7-9,TRBJ2-1,ASSLWQGAHNEQF,1
TRBV7-9,TRBJ2-1,ASSLWQGANNEQF,1
TRBV7-9,TRBJ2-1,ASSLWQGARNEQF,4
TRBV7-9,TRBJ2-1,ASSLWQGAYNEQF,1
TRBV7-9,TRBJ2-1,ASSLWQGDEQF,1
TRBV7-9,TRBJ2-1,ASSLWQGDYNEQF,11
TRBV7-9,TRBJ2-1,ASSLWQGGGTTYNEQF,1
TRBV7-9,TRBJ2-1,ASSLWQGGGTTYTEQF,1
TRBV7-9,TRBJ2-1,ASSLWQGGISYNEQF,2
TRBV7-9,TRBJ2-1,ASSLWQGGNNEQF,1
TRBV7-9,TRBJ2-1,ASSLWQGGPYNEQF,1
TRBV7-9,TRBJ2-1,ASSLWQGGSNEQF,1
TRBV7-9,TRBJ2-1,ASSLWQGGYNEQF,1
TRBV7-9,TRBJ2-1,ASSLWQGHNEQF,1
TRBV7-9,TRBJ2-1,ASSLWQGKGNEQF,4
TRBV7-9,TRBJ2-1,ASSLWQGLAQDHNEQF,1
TRBV7-9,TRBJ2-1,ASSLWQGLHNEQF,4
TRBV7-9,TRBJ2-1,ASSLWQGLSYNEQF,1
TRBV7-9,TRBJ2-1,ASSLWQGLYNEQF,1
TRBV7-9,TRBJ2-1,ASSLWQGMNEQF,1
TRBV7-9,TRBJ2-1,ASSLWQGNEQF,2
TRBV7-9,TRBJ2-1,ASSLWQGNGYNEQF,1
TRBV7-9,TRBJ2-1,ASSLWQGNYNEQF,4
TRBV7-9,TRBJ2-1,ASSLWQGPYNEQF,1
TRBV7-9,TRBJ2-1,ASSLWQGRAVF,1
TRBV7-9,TRBJ2-1,ASSLWQGRENEQF,1
TRBV7-9,TRBJ2-1,ASSLWQGSPYNEQF,8
TRBV7-9,TRBJ2-1,ASSLWQGSSNEQF,8
TRBV7-9,TRBJ2-1,ASSLWQGSSYNEQF,1
TRBV7-9,TRBJ2-1,ASSLWQGSYNEQF,6
TRBV7-9,TRBJ2-1,ASSLWQGTGVNEQF,1
TRBV7-9,TRBJ2-1,ASSLWQGYNEQF,1
TRBV7-9,TRBJ2-1,ASSLWQGYNNEQF,1
TRBV7-9,TRBJ2-1,ASSLWQGYTYNVQF,1
TRBV7-9,TRBJ2-1,ASSLWQGYYNEQF,1
TRBV7-9,TRBJ2-1,ASSLWQINEHF,1
TRBV7-9,TRBJ2-1,ASSLWQINEQF,8
TRBV7-9,TRBJ2-1,ASSLWQINEQV,1
TRBV7-9,TRBJ2-1,ASSLWQKDYNEQF,1
TRBV7-9,TRBJ2-1,ASSLWQKYNEQF,10
TRBV7-9,TRBJ2-1,ASSLWQLREGIYNEQF,1
TRBV7-9,TRBJ2-1,ASSLWQNEQF,1
TRBV7-9,TRBJ2-1,ASSLWQNNEQF,1
TRBV7-9,TRBJ2-1,ASSLWQNQVNEQF,9
TRBV7-9,TRBJ2-1,ASSLWQPEQF,1
TRBV7-9,TRBJ2-1,ASSLWQQAADEQF,14
TRBV7-9,TRBJ2-1,ASSLWQRDEQF,10
TRBV7-9,TRBJ2-1,ASSLWQRDRYNEQF,1
TRBV7-9,TRBJ2-1,ASSLWQRIRSYNEQF,1
TRBV7-9,TRBJ2-1,ASSLWQSSYNEQF,1
TRBV7-9,TRBJ2-1,ASSLWQSYNEQF,1
TRBV7-9,TRBJ2-1,ASSLWQVNEQF,1
TRBV7-9,TRBJ2-1,ASSLWQVPNNEQF,1
TRBV7-9,TRBJ2-1,ASSLWRAATYNEQF,1
TRBV7-9,TRBJ2-1,ASSLWRADEQF,1
TRBV7-9,TRBJ2-1,ASSLWRAEYNEQF,1
TRBV7-9,TRBJ2-1,ASSLWRAGGAARFDEQF,1
TRBV7-9,TRBJ2-1,ASSLWRAGGVVNEQF,3
TRBV7-9,TRBJ2-1,ASSLWRAGTPSSYNEQF,1
TRBV7-9,TRBJ2-1,ASSLWRAGVFDEQF,1
TRBV7-9,TRBJ2-1,ASSLWRAHNEQF,3
TRBV7-9,TRBJ2-1,ASSLWRAKGNEQF,1
TRBV7-9,TRBJ2-1,ASSLWRAKRESYNEQF,1
TRBV7-9,TRBJ2-1,ASSLWRAPSNEQF,1
TRBV7-9,TRBJ2-1,ASSLWRAQPGTSDNEQF,4
TRBV7-9,TRBJ2-1,ASSLWRARVYNEQF,1
TRBV7-9,TRBJ2-1,ASSLWRDEQF,9
TRBV7-9,TRBJ2-1,ASSLWRDEQY,1
TRBV7-9,TRBJ2-1,ASSLWRDEYNEQF,1
TRBV7-9,TRBJ2-1,ASSLWRDNEQF,10
TRBV7-9,TRBJ2-1,ASSLWRDQGSYNEQF,1
TRBV7-9,TRBJ2-1,ASSLWRDRDNEQF,5
TRBV7-9,TRBJ2-1,ASSLWRDSGLRSYNEQF,1
TRBV7-9,TRBJ2-1,ASSLWRDSPYNEQF,5
TRBV7-9,TRBJ2-1,ASSLWRDSRMNEQF,1
TRBV7-9,TRBJ2-1,ASSLWRDTDEQF,1
TRBV7-9,TRBJ2-1,ASSLWRDWANEQF,1
TRBV7-9,TRBJ2-1,ASSLWREANEQF,1
TRBV7-9,TRBJ2-1,ASSLWREAPLLNEQF,1
TRBV7-9,TRBJ2-1,ASSLWREAYNEQF,1
TRBV7-9,TRBJ2-1,ASSLWREEYNEQF,1
TRBV7-9,TRBJ2-1,ASSLWREFLYNEQF,1
TRBV7-9,TRBJ2-1,ASSLWREGDEQF,1
TRBV7-9,TRBJ2-1,ASSLWREGRGEQF,11
TRBV7-9,TRBJ2-1,ASSLWREGRNEQF,1
TRBV7-9,TRBJ2-1,ASSLWREGRRNEQF,1
TRBV7-9,TRBJ2-1,ASSLWREGYNEQF,3
TRBV7-9,TRBJ2-1,ASSLWREKYNEQF,1
TRBV7-9,TRBJ2-1,ASSLWRELDEQF,1
TRBV7-9,TRBJ2-1,ASSLWRELGPNEQF,1
TRBV7-9,TRBJ2-1,ASSLWRELNEQF,1
TRBV7-9,TRBJ2-1,ASSLWRENNEQF,1
TRBV7-9,TRBJ2-1,ASSLWREPFVEQF,1
TRBV7-9,TRBJ2-1,ASSLWREPYNEQF,1
TRBV7-9,TRBJ2-1,ASSLWREQF,5
TRBV7-9,TRBJ2-1,ASSLWRERYEQF,1
TRBV7-9,TRBJ2-1,ASSLWRERYNEQF,1
TRBV7-9,TRBJ2-1,ASSLWRESGNEQF,8
TRBV7-9,TRBJ2-1,ASSLWRESYNEQF,17
TRBV7-9,TRBJ2-1,ASSLWRETYNEQF,1
TRBV7-9,TRBJ2-1,ASSLWREVGFDEQF,1
TRBV7-9,TRBJ2-1,ASSLWREVNEQF,2
TRBV7-9,TRBJ2-1,ASSLWREYHNEQF,1
TRBV7-9,TRBJ2-1,ASSLWRGADNEQF,4
TRBV7-9,TRBJ2-1,ASSLWRGAWQF,1
TRBV7-9,TRBJ2-1,ASSLWRGAYNEQF,1
TRBV7-9,TRBJ2-1,ASSLWRGDPSSYNEQF,3
TRBV7-9,TRBJ2-1,ASSLWRGEFYNEQF,1
TRBV7-9,TRBJ2-1,ASSLWRGEHEQF,1
TRBV7-9,TRBJ2-1,ASSLWRGEQF,1
TRBV7-9,TRBJ2-1,ASSLWRGGDNEQF,1
TRBV7-9,TRBJ2-1,ASSLWRGGEPSYNEQF,4
TRBV7-9,TRBJ2-1,ASSLWRGGGYNEQF,21
TRBV7-9,TRBJ2-1,ASSLWRGGGYTEQF,1
TRBV7-9,TRBJ2-1,ASSLWRGGLDEQF,2
TRBV7-9,TRBJ2-1,ASSLWRGGSYNEQF,5
TRBV7-9,TRBJ2-1,ASSLWRGGTYNEQF,1
TRBV7-9,TRBJ2-1,ASSLWRGLAGDNEQF,30
TRBV7-9,TRBJ2-1,ASSLWRGNDQF,1
TRBV7-9,TRBJ2-1,ASSLWRGNEQF,19
TRBV7-9,TRBJ2-1,ASSLWRGNSYNEQF,3
TRBV7-9,TRBJ2-1,ASSLWRGPLGEQF,1
TRBV7-9,TRBJ2-1,ASSLWRGRASYNEQF,1
TRBV7-9,TRBJ2-1,ASSLWRGRPSDEQF,1
TRBV7-9,TRBJ2-1,ASSLWRGSFPYNEQF,3
TRBV7-9,TRBJ2-1,ASSLWRGSYNEQF,1
TRBV7-9,TRBJ2-1,ASSLWRGTGDNEQF,1
TRBV7-9,TRBJ2-1,ASSLWRGTGIQGYNEQF,1
TRBV7-9,TRBJ2-1,ASSLWRGTGSGDEQF,5
TRBV7-9,TRBJ2-1,ASSLWRGTGSGDEQS,1
TRBV7-9,TRBJ2-1,ASSLWRGTSGRSDSEQF,1
TRBV7-9,TRBJ2-1,ASSLWRGTSYNEQF,1
TRBV7-9,TRBJ2-1,ASSLWRGVDNEQF,1
TRBV7-9,TRBJ2-1,ASSLWRGVNNEQF,1
TRBV7-9,TRBJ2-1,ASSLWRGVSSYNEQF,1
TRBV7-9,TRBJ2-1,ASSLWRGWLAGDNEQF,1
TRBV7-9,TRBJ2-1,ASSLWRIAYNEQF,1
TRBV7-9,TRBJ2-1,ASSLWRILYNEQF,1
TRBV7-9,TRBJ2-1,ASSLWRKGPGSEEQF,1
TRBV7-9,TRBJ2-1,ASSLWRLAAYNEQF,13
TRBV7-9,TRBJ2-1,ASSLWRLAGGNEQF,13
TRBV7-9,TRBJ2-1,ASSLWRLAGGNNEQF,1
TRBV7-9,TRBJ2-1,ASSLWRLAGGNPNEQF,1
TRBV7-9,TRBJ2-1,ASSLWRLAGGPSYNEQF,1
TRBV7-9,TRBJ2-1,ASSLWRLAGGRNEQF,1
TRBV7-9,TRBJ2-1,ASSLWRLAGTDEQF,1
TRBV7-9,TRBJ2-1,ASSLWRLAYSSSYNEQF,6
TRBV7-9,TRBJ2-1,ASSLWRLAYSSSYTEQF,1
TRBV7-9,TRBJ2-1,ASSLWRLGVTSSYNEQF,16
TRBV7-9,TRBJ2-1,ASSLWRLLSYNEQF,1
TRBV7-9,TRBJ2-1,ASSLWRNAGVGLF,1
TRBV7-9,TRBJ2-1,ASSLWRNEQF,6
TRBV7-9,TRBJ2-1,ASSLWRNGVNEQF,1
TRBV7-9,TRBJ2-1,ASSLWRPERGSAPNEQF,8
TRBV7-9,TRBJ2-1,ASSLWRPGRDVNEQF,1
TRBV7-9,TRBJ2-1,ASSLWRPGVNEQF,1
TRBV7-9,TRBJ2-1,ASSLWRPISSYNEQF,1
TRBV7-9,TRBJ2-1,ASSLWRPSSYNEQF,5
TRBV7-9,TRBJ2-1,ASSLWRQF,7
TRBV7-9,TRBJ2-1,ASSLWRQGDEQF,1
TRBV7-9,TRBJ2-1,ASSLWRQGPNEQF,1
TRBV7-9,TRBJ2-1,ASSLWRQGRINEQF,1
TRBV7-9,TRBJ2-1,ASSLWRQGRMNEQC,1
TRBV7-9,TRBJ2-1,ASSLWRQGRMNEQF,60
TRBV7-9,TRBJ2-1,ASSLWRQGVGNEQF,1
TRBV7-9,TRBJ2-1,ASSLWRQGVRNEQF,3
TRBV7-9,TRBJ2-1,ASSLWRRESGNEQF,11
TRBV7-9,TRBJ2-1,ASSLWRRESGNEQV,1
TRBV7-9,TRBJ2-1,ASSLWRRGLRSYNEQF,1
TRBV7-9,TRBJ2-1,ASSLWRRTYSYNEQF,3
TRBV7-9,TRBJ2-1,ASSLWRSGRRYNEQF,1
TRBV7-9,TRBJ2-1,ASSLWRSNEQF,1
TRBV7-9,TRBJ2-1,ASSLWRSSYNEQF,1
TRBV7-9,TRBJ2-1,ASSLWRTDPDNEQF,1
TRBV7-9,TRBJ2-1,ASSLWRTGAFSYNEQF,1
TRBV7-9,TRBJ2-1,ASSLWRTGGDEQF,1
TRBV7-9,TRBJ2-1,ASSLWRTGGNEQF,1
TRBV7-9,TRBJ2-1,ASSLWRTGNEQF,1
TRBV7-9,TRBJ2-1,ASSLWRTGQGSEEQF,12
TRBV7-9,TRBJ2-1,ASSLWRTGQGSEQQF,1
TRBV7-9,TRBJ2-1,ASSLWRTGSSYNEQF,1
TRBV7-9,TRBJ2-1,ASSLWRTPEADEQF,1
TRBV7-9,TRBJ2-1,ASSLWRTRLADAYNEQF,1
TRBV7-9,TRBJ2-1,ASSLWRTSGGDNEQF,1
TRBV7-9,TRBJ2-1,ASSLWRTSGRAYNEQF,1
TRBV7-9,TRBJ2-1,ASSLWRTSGSGDEQF,2
TRBV7-9,TRBJ2-1,ASSLWRTSHDNEQF,8
TRBV7-9,TRBJ2-1,ASSLWRTSSYNDQF,1
TRBV7-9,TRBJ2-1,ASSLWRTSSYNEQV,1
TRBV7-9,TRBJ2-1,ASSLWRTTSTVNEQF,1
TRBV7-9,TRBJ2-1,ASSLWRVDNNEQF,1
TRBV7-9,TRBJ2-1,ASSLWRWGLDEQF,1
TRBV7-9,TRBJ2-1,ASSLWRWGYLNEQF,1
TRBV7-9,TRBJ2-1,ASSLWRWSSYNEQF,1
TRBV7-9,TRBJ2-1,ASSLWSAAKHNEQF,1
TRBV7-9,TRBJ2-1,ASSLWSACNEQC,1
TRBV7-9,TRBJ2-1,ASSLWSAGADEQF,1
TRBV7-9,TRBJ2-1,ASSLWSAGGPWGNEQF,1
TRBV7-9,TRBJ2-1,ASSLWSAGTSFDNEQF,1
TRBV7-9,TRBJ2-1,ASSLWSAGYNEQF,1
TRBV7-9,TRBJ2-1,ASSLWSARRGGVHNEQF,2
TRBV7-9,TRBJ2-1,ASSLWSARRRGVHNEQF,1
TRBV7-9,TRBJ2-1,ASSLWSASAQF,1
TRBV7-9,TRBJ2-1,ASSLWSASEQC,1
TRBV7-9,TRBJ2-1,ASSLWSASEQF,73
TRBV7-9,TRBJ2-1,ASSLWSASGQF,1
TRBV7-9,TRBJ2-1,ASSLWSASKQF,1
TRBV7-9,TRBJ2-1,ASSLWSDGSEQF,1
TRBV7-9,TRBJ2-1,ASSLWSDNEQF,4
TRBV7-9,TRBJ2-1,ASSLWSDPNNEQF,1
TRBV7-9,TRBJ2-1,ASSLWSDRESDEQF,4
TRBV7-9,TRBJ2-1,ASSLWSDSHNEQF,1
TRBV7-9,TRBJ2-1,ASSLWSEGADEQF,1
TRBV7-9,TRBJ2-1,ASSLWSENNEQF,2
TRBV7-9,TRBJ2-1,ASSLWSGAGAYNEQF,2
TRBV7-9,TRBJ2-1,ASSLWSGARNEQF,1
TRBV7-9,TRBJ2-1,ASSLWSGDKYNEQF,1
TRBV7-9,TRBJ2-1,ASSLWSGDNEQF,16
TRBV7-9,TRBJ2-1,ASSLWSGDYNEQF,6
TRBV7-9,TRBJ2-1,ASSLWSGEFNEQF,1
TRBV7-9,TRBJ2-1,ASSLWSGGDYNEQF,1
TRBV7-9,TRBJ2-1,ASSLWSGGENNEQF,4
TRBV7-9,TRBJ2-1,ASSLWSGGLYNEQF,1
TRBV7-9,TRBJ2-1,ASSLWSGGPQNEQF,12
TRBV7-9,TRBJ2-1,ASSLWSGGTQDNEQF,1
TRBV7-9,TRBJ2-1,ASSLWSGGVDNEQF,1
TRBV7-9,TRBJ2-1,ASSLWSGGYNEQF,2
TRBV7-9,TRBJ2-1,ASSLWSGHRNEQF,1
TRBV7-9,TRBJ2-1,ASSLWSGIHNEQF,1
TRBV7-9,TRBJ2-1,ASSLWSGLAGGHEQF,10
TRBV7-9,TRBJ2-1,ASSLWSGLAGKDEQF,1
TRBV7-9,TRBJ2-1,ASSLWSGLAKDNEQF,1
TRBV7-9,TRBJ2-1,ASSLWSGLGRNEQF,1
TRBV7-9,TRBJ2-1,ASSLWSGLNEQF,1
TRBV7-9,TRBJ2-1,ASSLWSGLYNEQF,1
TRBV7-9,TRBJ2-1,ASSLWSGMCNEQF,1
TRBV7-9,TRBJ2-1,ASSLWSGMGNEQF,7
TRBV7-9,TRBJ2-1,ASSLWSGNEQF,4
TRBV7-9,TRBJ2-1,ASSLWSGPAYNEQF,1
TRBV7-9,TRBJ2-1,ASSLWSGPPEDNEQF,1
TRBV7-9,TRBJ2-1,ASSLWSGPRNEQF,9
TRBV7-9,TRBJ2-1,ASSLWSGPTYNEQF,7
TRBV7-9,TRBJ2-1,ASSLWSGPVYNEQF,1
TRBV7-9,TRBJ2-1,ASSLWSGPYNEQF,1
TRBV7-9,TRBJ2-1,ASSLWSGQVYNEQF,1
TRBV7-9,TRBJ2-1,ASSLWSGRAPRSAYNEQF,11
TRBV7-9,TRBJ2-1,ASSLWSGRAPRSAYSEQF,1
TRBV7-9,TRBJ2-1,ASSLWSGRAYDNEQF,1
TRBV7-9,TRBJ2-1,ASSLWSGRGNEQF,1
TRBV7-9,TRBJ2-1,ASSLWSGRGSYEQF,1
TRBV7-9,TRBJ2-1,ASSLWSGRRARNEQF,1
TRBV7-9,TRBJ2-1,ASSLWSGRRSYNEQF,1
TRBV7-9,TRBJ2-1,ASSLWSGRSYNEQF,1
TRBV7-9,TRBJ2-1,ASSLWSGRTPSNEQF,1
TRBV7-9,TRBJ2-1,ASSLWSGSGGAQF,8
TRBV7-9,TRBJ2-1,ASSLWSGSRDEQF,1
TRBV7-9,TRBJ2-1,ASSLWSGSSYNEQF,1
TRBV7-9,TRBJ2-1,ASSLWSGSYNEQF,7
TRBV7-9,TRBJ2-1,ASSLWSGTEAYNEQF,1
TRBV7-9,TRBJ2-1,ASSLWSGTSGIHFYNEQF,7
TRBV7-9,TRBJ2-1,ASSLWSGTSSYNEQF,1
TRBV7-9,TRBJ2-1,ASSLWSGTSYNEQF,1
TRBV7-9,TRBJ2-1,ASSLWSGTYNEQF,1
TRBV7-9,TRBJ2-1,ASSLWSGVDEQF,1
TRBV7-9,TRBJ2-1,ASSLWSGVHEQF,1
TRBV7-9,TRBJ2-1,ASSLWSGVYEQF,1
TRBV7-9,TRBJ2-1,ASSLWSHNEQF,1
TRBV7-9,TRBJ2-1,ASSLWSITHNEQF,1
TRBV7-9,TRBJ2-1,ASSLWSKHEQF,1
TRBV7-9,TRBJ2-1,ASSLWSKNEHF,1
TRBV7-9,TRBJ2-1,ASSLWSKNEQF,13
TRBV7-9,TRBJ2-1,ASSLWSLNEQF,1
TRBV7-9,TRBJ2-1,ASSLWSLPGNEQF,1
TRBV7-9,TRBJ2-1,ASSLWSNEQF,18
TRBV7-9,TRBJ2-1,ASSLWSNPYNEQF,1
TRBV7-9,TRBJ2-1,ASSLWSNRGNEQF,2
TRBV7-9,TRBJ2-1,ASSLWSPDNEQF,3
TRBV7-9,TRBJ2-1,ASSLWSPGDEQF,1
TRBV7-9,TRBJ2-1,ASSLWSPGTPPGEQF,2
TRBV7-9,TRBJ2-1,ASSLWSPSEQL,1
TRBV7-9,TRBJ2-1,ASSLWSPSGTRSIYNEQF,1
TRBV7-9,TRBJ2-1,ASSLWSPYNEQF,1
TRBV7-9,TRBJ2-1,ASSLWSQALINEQF,1
TRBV7-9,TRBJ2-1,ASSLWSQGEVYEQF,1
TRBV7-9,TRBJ2-1,ASSLWSRAGVFSSYNEQF,7
TRBV7-9,TRBJ2-1,ASSLWSRANYNEPF,1
TRBV7-9,TRBJ2-1,ASSLWSRANYNEQF,3
TRBV7-9,TRBJ2-1,ASSLWSRDEQF,9
TRBV7-9,TRBJ2-1,ASSLWSRDNEQF,13
TRBV7-9,TRBJ2-1,ASSLWSRENEQF,1
TRBV7-9,TRBJ2-1,ASSLWSRGGGYNEQF,3
TRBV7-9,TRBJ2-1,ASSLWSRGRTYNEQF,1
TRBV7-9,TRBJ2-1,ASSLWSRNHNEQF,1
TRBV7-9,TRBJ2-1,ASSLWSRPNEQF,1
TRBV7-9,TRBJ2-1,ASSLWSSAGTRSIYNEQL,1
TRBV7-9,TRBJ2-1,ASSLWSSCGTRSIYNEQF,1
TRBV7-9,TRBJ2-1,ASSLWSSEVNEQF,1
TRBV7-9,TRBJ2-1,ASSLWSSGDYNEQF,1
TRBV7-9,TRBJ2-1,ASSLWSSGEGEQC,1
TRBV7-9,TRBJ2-1,ASSLWSSGEGEQF,24
TRBV7-9,TRBJ2-1,ASSLWSSGGDSSYNEQF,1
TRBV7-9,TRBJ2-1,ASSLWSSGGNEQF,1
TRBV7-9,TRBJ2-1,ASSLWSSGNEQF,1
TRBV7-9,TRBJ2-1,ASSLWSSGNNEQF,1
TRBV7-9,TRBJ2-1,ASSLWSSGQKEQF,1
TRBV7-9,TRBJ2-1,ASSLWSSGRHEQF,3
TRBV7-9,TRBJ2-1,ASSLWSSGSHEQF,1
TRBV7-9,TRBJ2-1,ASSLWSSGSTRSYNEQF,1
TRBV7-9,TRBJ2-1,ASSLWSSGSVVNEQF,1
TRBV7-9,TRBJ2-1,ASSLWSSGYNEQF,1
TRBV7-9,TRBJ2-1,ASSLWSSREGYNEQF,2
TRBV7-9,TRBJ2-1,ASSLWSSSGARSIYNEQF,1
TRBV7-9,TRBJ2-1,ASSLWSSSGNRSIYNEQF,1
TRBV7-9,TRBJ2-1,ASSLWSSSGTISIYNEQF,3
TRBV7-9,TRBJ2-1,ASSLWSSSGTRAIYNEQF,3
TRBV7-9,TRBJ2-1,ASSLWSSSGTRSFYNEQF,1
TRBV7-9,TRBJ2-1,ASSLWSSSGTRSIDNEQF,1
TRBV7-9,TRBJ2-1,ASSLWSSSGTRSISNEQF,1
TRBV7-9,TRBJ2-1,ASSLWSSSGTRSIYHEQF,1
TRBV7-9,TRBJ2-1,ASSLWSSSGTRSIYKEQV,1
TRBV7-9,TRBJ2-1,ASSLWSSSGTRSIYNAQF,1
TRBV7-9,TRBJ2-1,ASSLWSSSGTRSIYNEEF,1
TRBV7-9,TRBJ2-1,ASSLWSSSGTRSIYNEHF,1
TRBV7-9,TRBJ2-1,ASSLWSSSGTRSIYNEQC,1
TRBV7-9,TRBJ2-1,ASSLWSSSGTRSIYNEQF,241
TRBV7-9,TRBJ2-1,ASSLWSSSGTRSIYNEQL,2
TRBV7-9,TRBJ2-1,ASSLWSSSGTRSIYNERF,2
TRBV7-9,TRBJ2-1,ASSLWSSSGTRSIYSEQF,1
TRBV7-9,TRBJ2-1,ASSLWSSSGTRSSYNEQF,2
TRBV7-9,TRBJ2-1,ASSLWSSSGTSSIYNEQF,1
TRBV7-9,TRBJ2-1,ASSLWSSSVTRSIYNEQF,1
TRBV7-9,TRBJ2-1,ASSLWSSTPYNEQF,1
TRBV7-9,TRBJ2-1,ASSLWSSVEGEQF,1
TRBV7-9,TRBJ2-1,ASSLWSSYNEQF,1
TRBV7-9,TRBJ2-1,ASSLWSTGDNNEQF,1
TRBV7-9,TRBJ2-1,ASSLWSTKSYNEQF,1
TRBV7-9,TRBJ2-1,ASSLWSTLTNEQF,1
TRBV7-9,TRBJ2-1,ASSLWSTRDNEQF,1
TRBV7-9,TRBJ2-1,ASSLWSTSGRSNEQF,1
TRBV7-9,TRBJ2-1,ASSLWSVESNEQF,7
TRBV7-9,TRBJ2-1,ASSLWSVGEGDEQF,1
TRBV7-9,TRBJ2-1,ASSLWSVGGNEQF,16
TRBV7-9,TRBJ2-1,ASSLWSVNHNEQF,1
TRBV7-9,TRBJ2-1,ASSLWSWRGEQF,3
TRBV7-9,TRBJ2-1,ASSLWSYNDQF,1
TRBV7-9,TRBJ2-1,ASSLWSYNEQF,17
TRBV7-9,TRBJ2-1,ASSLWTAADEQF,1
TRBV7-9,TRBJ2-1,ASSLWTADEQF,2
TRBV7-9,TRBJ2-1,ASSLWTADIGNEQF,1
TRBV7-9,TRBJ2-1,ASSLWTAEF,5
TRBV7-9,TRBJ2-1,ASSLWTAGGPYNEQF,6
TRBV7-9,TRBJ2-1,ASSLWTAGNSYNAQF,1
TRBV7-9,TRBJ2-1,ASSLWTAGNSYNEQF,19
TRBV7-9,TRBJ2-1,ASSLWTAHNEQF,1
TRBV7-9,TRBJ2-1,ASSLWTAIDEQF,1
TRBV7-9,TRBJ2-1,ASSLWTALYNEQF,9
TRBV7-9,TRBJ2-1,ASSLWTANEQF,10
TRBV7-9,TRBJ2-1,ASSLWTARDNEQF,1
TRBV7-9,TRBJ2-1,ASSLWTASINEQF,1
TRBV7-9,TRBJ2-1,ASSLWTASRDNEQF,1
TRBV7-9,TRBJ2-1,ASSLWTASSYNEQF,1
TRBV7-9,TRBJ2-1,ASSLWTASVSADEQF,1
TRBV7-9,TRBJ2-1,ASSLWTAVNSYNEQF,1
TRBV7-9,TRBJ2-1,ASSLWTAVYNEQF,1
TRBV7-9,TRBJ2-1,ASSLWTAYNEQF,1
TRBV7-9,TRBJ2-1,ASSLWTDEQF,3
TRBV7-9,TRBJ2-1,ASSLWTDKRYNEQF,1
TRBV7-9,TRBJ2-1,ASSLWTDRDEQF,1
TRBV7-9,TRBJ2-1,ASSLWTDYNEQF,1
TRBV7-9,TRBJ2-1,ASSLWTENNEQF,1
TRBV7-9,TRBJ2-1,ASSLWTEQF,3
TRBV7-9,TRBJ2-1,ASSLWTGADEQF,1
TRBV7-9,TRBJ2-1,ASSLWTGAYNEQF,1
TRBV7-9,TRBJ2-1,ASSLWTGDDNEQF,2
TRBV7-9,TRBJ2-1,ASSLWTGDEQF,4
TRBV7-9,TRBJ2-1,ASSLWTGDLDNEQF,2
TRBV7-9,TRBJ2-1,ASSLWTGDSSYNEQF,10
TRBV7-9,TRBJ2-1,ASSLWTGDTYNEQF,2
TRBV7-9,TRBJ2-1,ASSLWTGEAYNEQF,13
TRBV7-9,TRBJ2-1,ASSLWTGEDEQF,1
TRBV7-9,TRBJ2-1,ASSLWTGEDKEQF,1
TRBV7-9,TRBJ2-1,ASSLWTGEYNEQF,8
TRBV7-9,TRBJ2-1,ASSLWTGGAYNEQF,26
TRBV7-9,TRBJ2-1,ASSLWTGGDNEQF,11
TRBV7-9,TRBJ2-1,ASSLWTGGDYNEQF,4
TRBV7-9,TRBJ2-1,ASSLWTGGGDEQF,3
TRBV7-9,TRBJ2-1,ASSLWTGGGGNEQF,5
TRBV7-9,TRBJ2-1,ASSLWTGGGRTYNEQF,1
TRBV7-9,TRBJ2-1,ASSLWTGGKDNEQF,1
TRBV7-9,TRBJ2-1,ASSLWTGGLAAYNEQF,1
TRBV7-9,TRBJ2-1,ASSLWTGGLNEQF,1
TRBV7-9,TRBJ2-1,ASSLWTGGNEQF,4
TRBV7-9,TRBJ2-1,ASSLWTGGNNEQF,1
TRBV7-9,TRBJ2-1,ASSLWTGGNSYREQF,17
TRBV7-9,TRBJ2-1,ASSLWTGGNYNEQF,1
TRBV7-9,TRBJ2-1,ASSLWTGGPENEQF,5
TRBV7-9,TRBJ2-1,ASSLWTGGPNEQF,1
TRBV7-9,TRBJ2-1,ASSLWTGGPYNEQF,2
TRBV7-9,TRBJ2-1,ASSLWTGGSDEQF,1
TRBV7-9,TRBJ2-1,ASSLWTGGSYNEQF,1
TRBV7-9,TRBJ2-1,ASSLWTGGYNEQF,8
TRBV7-9,TRBJ2-1,ASSLWTGIDEQF,9
TRBV7-9,TRBJ2-1,ASSLWTGKDEQF,8
TRBV7-9,TRBJ2-1,ASSLWTGKNEQF,4
TRBV7-9,TRBJ2-1,ASSLWTGKSYNEQF,1
TRBV7-9,TRBJ2-1,ASSLWTGKYNEQF,1
TRBV7-9,TRBJ2-1,ASSLWTGLAGASYNEQF,12
TRBV7-9,TRBJ2-1,ASSLWTGLAGASYNEQL,1
TRBV7-9,TRBJ2-1,ASSLWTGLAGNEQF,5
TRBV7-9,TRBJ2-1,ASSLWTGLGGNEQF,1
TRBV7-9,TRBJ2-1,ASSLWTGLNEQF,1
TRBV7-9,TRBJ2-1,ASSLWTGLSSYNEQF,1
TRBV7-9,TRBJ2-1,ASSLWTGLSYNEQF,1
TRBV7-9,TRBJ2-1,ASSLWTGLYNEQF,1
TRBV7-9,TRBJ2-1,ASSLWTGMSYNEQF,1
TRBV7-9,TRBJ2-1,ASSLWTGNEQF,6
TRBV7-9,TRBJ2-1,ASSLWTGNGQF,1
TRBV7-9,TRBJ2-1,ASSLWTGNNEQF,10
TRBV7-9,TRBJ2-1,ASSLWTGNYNEQF,2
TRBV7-9,TRBJ2-1,ASSLWTGPGLYNEQF,1
TRBV7-9,TRBJ2-1,ASSLWTGPSIHNNEQF,1
TRBV7-9,TRBJ2-1,ASSLWTGPYNEQF,1
TRBV7-9,TRBJ2-1,ASSLWTGREF,53
TRBV7-9,TRBJ2-1,ASSLWTGRHNEQF,1
TRBV7-9,TRBJ2-1,ASSLWTGRPNNEQF,2
TRBV7-9,TRBJ2-1,ASSLWTGRRNEQF,1
TRBV7-9,TRBJ2-1,ASSLWTGSLHEQF,1
TRBV7-9,TRBJ2-1,ASSLWTGSNEQF,1
TRBV7-9,TRBJ2-1,ASSLWTGSSYNEQF,1
TRBV7-9,TRBJ2-1,ASSLWTGSWFYNEQF,9
TRBV7-9,TRBJ2-1,ASSLWTGSYNDQF,1
TRBV7-9,TRBJ2-1,ASSLWTGTDRNEQF,1
TRBV7-9,TRBJ2-1,ASSLWTGTGDNEQF,1
TRBV7-9,TRBJ2-1,ASSLWTGTGNEQF,15
TRBV7-9,TRBJ2-1,ASSLWTGTRINEQF,1
TRBV7-9,TRBJ2-1,ASSLWTGTSGRGYNEQF,1
TRBV7-9,TRBJ2-1,ASSLWTGTSSYNEQF,1
TRBV7-9,TRBJ2-1,ASSLWTGTYNEQF,1
TRBV7-9,TRBJ2-1,ASSLWTGVAYKEQF,1
TRBV7-9,TRBJ2-1,ASSLWTGVDNEQF,1
TRBV7-9,TRBJ2-1,ASSLWTGVGNEQF,1
TRBV7-9,TRBJ2-1,ASSLWTGVINEQF,1
TRBV7-9,TRBJ2-1,ASSLWTGVTYNEQF,1
TRBV7-9,TRBJ2-1,ASSLWTGVYNEQF,1
TRBV7-9,TRBJ2-1,ASSLWTGWNEQF,1
TRBV7-9,TRBJ2-1,ASSLWTGYNEQF,10
TRBV7-9,TRBJ2-1,ASSLWTIADEQF,1
TRBV7-9,TRBJ2-1,ASSLWTIGRDEQF,1
TRBV7-9,TRBJ2-1,ASSLWTIHAQF,1
TRBV7-9,TRBJ2-1,ASSLWTIYEQF,1
TRBV7-9,TRBJ2-1,ASSLWTIYNEQF,1
TRBV7-9,TRBJ2-1,ASSLWTKIYNEQF,1
TRBV7-9,TRBJ2-1,ASSLWTKTYNEQF,1
TRBV7-9,TRBJ2-1,ASSLWTLAGYNEQF,1
TRBV7-9,TRBJ2-1,ASSLWTLGDEQF,1
TRBV7-9,TRBJ2-1,ASSLWTLGDYNEQF,1
TRBV7-9,TRBJ2-1,ASSLWTLISHNEQF,1
TRBV7-9,TRBJ2-1,ASSLWTNEQF,13
TRBV7-9,TRBJ2-1,ASSLWTNEQV,1
TRBV7-9,TRBJ2-1,ASSLWTNGDNEQF,1
TRBV7-9,TRBJ2-1,ASSLWTNNAQF,1
TRBV7-9,TRBJ2-1,ASSLWTNNEQF,9
TRBV7-9,TRBJ2-1,ASSLWTNRGNEQF,9
TRBV7-9,TRBJ2-1,ASSLWTNYNEQF,1
TRBV7-9,TRBJ2-1,ASSLWTPGGNEQF,1
TRBV7-9,TRBJ2-1,ASSLWTPHGNEHF,1
TRBV7-9,TRBJ2-1,ASSLWTPHGNEQF,11
TRBV7-9,TRBJ2-1,ASSLWTPQGATFYNEQF,1
TRBV7-9,TRBJ2-1,ASSLWTPRVNEQF,1
TRBV7-9,TRBJ2-1,ASSLWTPSSYNEQF,1
TRBV7-9,TRBJ2-1,ASSLWTPYYKEQF,1
TRBV7-9,TRBJ2-1,ASSLWTPYYNEQF,9
TRBV7-9,TRBJ2-1,ASSLWTQPHEQF,1
TRBV7-9,TRBJ2-1,ASSLWTQSSYNEQF,11
TRBV7-9,TRBJ2-1,ASSLWTRDEQF,3
TRBV7-9,TRBJ2-1,ASSLWTRGGNEQF,1
TRBV7-9,TRBJ2-1,ASSLWTRGMDEQF,1
TRBV7-9,TRBJ2-1,ASSLWTRGRSDNEQF,1
TRBV7-9,TRBJ2-1,ASSLWTRGRSYNEQF,11
TRBV7-9,TRBJ2-1,ASSLWTRGTYNEQF,1
TRBV7-9,TRBJ2-1,ASSLWTRINNEQF,8
TRBV7-9,TRBJ2-1,ASSLWTRIYNEQF,1
TRBV7-9,TRBJ2-1,ASSLWTRNEQF,1
TRBV7-9,TRBJ2-1,ASSLWTRRSYNEQF,1
TRBV7-9,TRBJ2-1,ASSLWTRTPNEQF,1
TRBV7-9,TRBJ2-1,ASSLWTRVVNEQF,1
TRBV7-9,TRBJ2-1,ASSLWTSADNEQF,1
TRBV7-9,TRBJ2-1,ASSLWTSADSYNEQF,1
TRBV7-9,TRBJ2-1,ASSLWTSAFNEQF,1
TRBV7-9,TRBJ2-1,ASSLWTSDNEQF,2
TRBV7-9,TRBJ2-1,ASSLWTSDPSGDEQF,4
TRBV7-9,TRBJ2-1,ASSLWTSEDNEQF,1
TRBV7-9,TRBJ2-1,ASSLWTSENNEQF,1
TRBV7-9,TRBJ2-1,ASSLWTSESLGNEQF,1
TRBV7-9,TRBJ2-1,ASSLWTSGANEQF,3
TRBV7-9,TRBJ2-1,ASSLWTSGASYNEQF,1
TRBV7-9,TRBJ2-1,ASSLWTSGATYNEQF,1
TRBV7-9,TRBJ2-1,ASSLWTSGDEQF,7
TRBV7-9,TRBJ2-1,ASSLWTSGDNEQF,1
TRBV7-9,TRBJ2-1,ASSLWTSGDYNEQF,1
TRBV7-9,TRBJ2-1,ASSLWTSGEQF,1
TRBV7-9,TRBJ2-1,ASSLWTSGGMGNEQF,7
TRBV7-9,TRBJ2-1,ASSLWTSGGNEQF,24
TRBV7-9,TRBJ2-1,ASSLWTSGGTFDEQF,6
TRBV7-9,TRBJ2-1,ASSLWTSGGVNEQF,1
TRBV7-9,TRBJ2-1,ASSLWTSGIYEQF,1
TRBV7-9,TRBJ2-1,ASSLWTSGKAGNEQF,1
TRBV7-9,TRBJ2-1,ASSLWTSGMGNEQF,1
TRBV7-9,TRBJ2-1,ASSLWTSGMYNEQF,9
TRBV7-9,TRBJ2-1,ASSLWTSGNEQF,1
TRBV7-9,TRBJ2-1,ASSLWTSGNNEQF,9
TRBV7-9,TRBJ2-1,ASSLWTSGNSYNEQF,1
TRBV7-9,TRBJ2-1,ASSLWTSGPYNEQF,1
TRBV7-9,TRBJ2-1,ASSLWTSGQDHNEQF,3
TRBV7-9,TRBJ2-1,ASSLWTSGRAGNEQF,1
TRBV7-9,TRBJ2-1,ASSLWTSGRANEQF,1
TRBV7-9,TRBJ2-1,ASSLWTSGRAWLDEQF,1
TRBV7-9,TRBJ2-1,ASSLWTSGRDEQF,2
TRBV7-9,TRBJ2-1,ASSLWTSGRDNEQF,1
TRBV7-9,TRBJ2-1,ASSLWTSGREYNEQF,1
TRBV7-9,TRBJ2-1,ASSLWTSGRFNEQF,5
TRBV7-9,TRBJ2-1,ASSLWTSGRFSYNEQF,2
TRBV7-9,TRBJ2-1,ASSLWTSGRGGNEQF,1
TRBV7-9,TRBJ2-1,ASSLWTSGRIRRNEQF,8
TRBV7-9,TRBJ2-1,ASSLWTSGRIRRNEQS,1
TRBV7-9,TRBJ2-1,ASSLWTSGRNEQF,4
TRBV7-9,TRBJ2-1,ASSLWTSGRSDEQF,1
TRBV7-9,TRBJ2-1,ASSLWTSGRSNEQF,1
TRBV7-9,TRBJ2-1,ASSLWTSGRYNEQF,9
TRBV7-9,TRBJ2-1,ASSLWTSGSAYNEQF,1
TRBV7-9,TRBJ2-1,ASSLWTSGSDEQF,2
TRBV7-9,TRBJ2-1,ASSLWTSGSGDEQF,1
TRBV7-9,TRBJ2-1,ASSLWTSGSGGSYNEQF,1
TRBV7-9,TRBJ2-1,ASSLWTSGSGNEQF,1
TRBV7-9,TRBJ2-1,ASSLWTSGSHEQF,2
TRBV7-9,TRBJ2-1,ASSLWTSGSIEQF,1
TRBV7-9,TRBJ2-1,ASSLWTSGSNEQF,30
TRBV7-9,TRBJ2-1,ASSLWTSGSPNEQF,1
TRBV7-9,TRBJ2-1,ASSLWTSGSPRQF,4
TRBV7-9,TRBJ2-1,ASSLWTSGSQRQF,1
TRBV7-9,TRBJ2-1,ASSLWTSGSRNEQF,1
TRBV7-9,TRBJ2-1,ASSLWTSGSSSYNEQF,1
TRBV7-9,TRBJ2-1,ASSLWTSGSVWDEQF,1
TRBV7-9,TRBJ2-1,ASSLWTSGSVYEQF,1
TRBV7-9,TRBJ2-1,ASSLWTSGSWNEQF,1
TRBV7-9,TRBJ2-1,ASSLWTSGSWTYNEQF,1
TRBV7-9,TRBJ2-1,ASSLWTSGSYNEQF,1
TRBV7-9,TRBJ2-1,ASSLWTSGTDEQF,1
TRBV7-9,TRBJ2-1,ASSLWTSGTNEQF,18
TRBV7-9,TRBJ2-1,ASSLWTSGTSSYNEQF,2
TRBV7-9,TRBJ2-1,ASSLWTSGTTSYNEQF,1
TRBV7-9,TRBJ2-1,ASSLWTSGTVSYNEQF,6
TRBV7-9,TRBJ2-1,ASSLWTSGTYEQF,2
TRBV7-9,TRBJ2-1,ASSLWTSGTYNEQF,2
TRBV7-9,TRBJ2-1,ASSLWTSGVNEQF,1
TRBV7-9,TRBJ2-1,ASSLWTSGVSDNEQF,3
TRBV7-9,TRBJ2-1,ASSLWTSGYNEQF,5
TRBV7-9,TRBJ2-1,ASSLWTSGYSYNEQF,1
TRBV7-9,TRBJ2-1,ASSLWTSHEQF,1
TRBV7-9,TRBJ2-1,ASSLWTSINDEQF,8
TRBV7-9,TRBJ2-1,ASSLWTSKGNEQF,8
TRBV7-9,TRBJ2-1,ASSLWTSLISYNEQF,1
TRBV7-9,TRBJ2-1,ASSLWTSNEQF,1
TRBV7-9,TRBJ2-1,ASSLWTSPPNNEQF,1
TRBV7-9,TRBJ2-1,ASSLWTSRDEQF,1
TRBV7-9,TRBJ2-1,ASSLWTSRGNEQF,1
TRBV7-9,TRBJ2-1,ASSLWTSSANEQF,1
TRBV7-9,TRBJ2-1,ASSLWTSSGDEQF,1
TRBV7-9,TRBJ2-1,ASSLWTSSGTRSIYNEQF,1
TRBV7-9,TRBJ2-1,ASSLWTSSSDEQF,1
TRBV7-9,TRBJ2-1,ASSLWTSSYNEQF,1
TRBV7-9,TRBJ2-1,ASSLWTSVANEQF,3
TRBV7-9,TRBJ2-1,ASSLWTSVKYNEQF,1
TRBV7-9,TRBJ2-1,ASSLWTSVPNEQF,1
TRBV7-9,TRBJ2-1,ASSLWTSVTNEQF,1
TRBV7-9,TRBJ2-1,ASSLWTSVYNEQF,1
TRBV7-9,TRBJ2-1,ASSLWTSYNEQF,18
TRBV7-9,TRBJ2-1,ASSLWTSYNKQF,1
TRBV7-9,TRBJ2-1,ASSLWTTDNEQF,5
TRBV7-9,TRBJ2-1,ASSLWTTGEVDEQF,1
TRBV7-9,TRBJ2-1,ASSLWTTGGPNEQF,1
TRBV7-9,TRBJ2-1,ASSLWTTGNEQF,1
TRBV7-9,TRBJ2-1,ASSLWTTGTSYNEQF,2
TRBV7-9,TRBJ2-1,ASSLWTTGYATTNEQF,1
TRBV7-9,TRBJ2-1,ASSLWTTLYNEQF,1
TRBV7-9,TRBJ2-1,ASSLWTTQGNEQF,1
TRBV7-9,TRBJ2-1,ASSLWTTSYNEQF,2
TRBV7-9,TRBJ2-1,ASSLWTVENEQF,1
TRBV7-9,TRBJ2-1,ASSLWTVEQF,1
TRBV7-9,TRBJ2-1,ASSLWTVEWWYNEQF,1
TRBV7-9,TRBJ2-1,ASSLWTVFYNEQF,1
TRBV7-9,TRBJ2-1,ASSLWTVGDEQF,1
TRBV7-9,TRBJ2-1,ASSLWTVGNEQF,18
TRBV7-9,TRBJ2-1,ASSLWTVIDNEQF,1
TRBV7-9,TRBJ2-1,ASSLWTVSSYNEQF,2
TRBV7-9,TRBJ2-1,ASSLWTVSYNEQF,1
TRBV7-9,TRBJ2-1,ASSLWTYNEQF,2
TRBV7-9,TRBJ2-1,ASSLWVADNEQF,1
TRBV7-9,TRBJ2-1,ASSLWVADPYYNEQF,1
TRBV7-9,TRBJ2-1,ASSLWVADYNEQF,1
TRBV7-9,TRBJ2-1,ASSLWVAGADEQF,1
TRBV7-9,TRBJ2-1,ASSLWVAGANEQF,3
TRBV7-9,TRBJ2-1,ASSLWVAGDNEQF,1
TRBV7-9,TRBJ2-1,ASSLWVAGGDEQF,10
TRBV7-9,TRBJ2-1,ASSLWVAGGENEQF,1
TRBV7-9,TRBJ2-1,ASSLWVAGGLHEQF,1
TRBV7-9,TRBJ2-1,ASSLWVAGGPEEQF,7
TRBV7-9,TRBJ2-1,ASSLWVAGGQYNEQF,16
TRBV7-9,TRBJ2-1,ASSLWVAGGRQF,2
TRBV7-9,TRBJ2-1,ASSLWVAGGTEQF,11
TRBV7-9,TRBJ2-1,ASSLWVAGIYNEQF,1
TRBV7-9,TRBJ2-1,ASSLWVAGMGEQF,9
TRBV7-9,TRBJ2-1,ASSLWVAGSDNEQF,5
TRBV7-9,TRBJ2-1,ASSLWVAGSGEQF,5
TRBV7-9,TRBJ2-1,ASSLWVAGTHEQF,1
TRBV7-9,TRBJ2-1,ASSLWVAGVDEQF,8
TRBV7-9,TRBJ2-1,ASSLWVARTDNEQF,1
TRBV7-9,TRBJ2-1,ASSLWVASPYNEQC,1
TRBV7-9,TRBJ2-1,ASSLWVAVIGNNEQF,14
TRBV7-9,TRBJ2-1,ASSLWVDEQF,6
TRBV7-9,TRBJ2-1,ASSLWVDFGSYNEQF,1
TRBV7-9,TRBJ2-1,ASSLWVDHEQF,1
TRBV7-9,TRBJ2-1,ASSLWVDNEQF,1
TRBV7-9,TRBJ2-1,ASSLWVDRKRNEQF,5
TRBV7-9,TRBJ2-1,ASSLWVDRNYNEQF,1
TRBV7-9,TRBJ2-1,ASSLWVDSNEQF,6
TRBV7-9,TRBJ2-1,ASSLWVEGEQF,1
TRBV7-9,TRBJ2-1,ASSLWVEQF,1
TRBV7-9,TRBJ2-1,ASSLWVGDNEQF,4
TRBV7-9,TRBJ2-1,ASSLWVGEKREGKNEQF,1
TRBV7-9,TRBJ2-1,ASSLWVGEQF,10
TRBV7-9,TRBJ2-1,ASSLWVGFRDEQF,1
TRBV7-9,TRBJ2-1,ASSLWVGGISYNEQF,1
TRBV7-9,TRBJ2-1,ASSLWVGGNEQF,1
TRBV7-9,TRBJ2-1,ASSLWVGGNFNEQF,1
TRBV7-9,TRBJ2-1,ASSLWVGGSYNEQF,1
TRBV7-9,TRBJ2-1,ASSLWVGGTETYNEQF,4
TRBV7-9,TRBJ2-1,ASSLWVGGVASGHYNEQF,6
TRBV7-9,TRBJ2-1,ASSLWVGITYNEQF,1
TRBV7-9,TRBJ2-1,ASSLWVGLFNEQF,1
TRBV7-9,TRBJ2-1,ASSLWVGLGWNEQF,1
TRBV7-9,TRBJ2-1,ASSLWVGLNNEQF,1
TRBV7-9,TRBJ2-1,ASSLWVGLYNEQF,1
TRBV7-9,TRBJ2-1,ASSLWVGPSPYNEQF,1
TRBV7-9,TRBJ2-1,ASSLWVGPYNNEQF,1
TRBV7-9,TRBJ2-1,ASSLWVGQVHNEQF,5
TRBV7-9,TRBJ2-1,ASSLWVGRDNEQF,2
TRBV7-9,TRBJ2-1,ASSLWVGRGSNEQF,1
TRBV7-9,TRBJ2-1,ASSLWVGSAYNEQF,1
TRBV7-9,TRBJ2-1,ASSLWVGSGSDEQF,3
TRBV7-9,TRBJ2-1,ASSLWVGSGSEEQF,1
TRBV7-9,TRBJ2-1,ASSLWVGSSGVYEQF,1
TRBV7-9,TRBJ2-1,ASSLWVGVVDNEQF,1
TRBV7-9,TRBJ2-1,ASSLWVGWSGDNEQF,2
TRBV7-9,TRBJ2-1,ASSLWVIPNEQF,4
TRBV7-9,TRBJ2-1,ASSLWVIRGSYNEQF,1
TRBV7-9,TRBJ2-1,ASSLWVLAGLIRMNEQF,1
TRBV7-9,TRBJ2-1,ASSLWVLDEQF,1
TRBV7-9,TRBJ2-1,ASSLWVLDNEQF,1
TRBV7-9,TRBJ2-1,ASSLWVLDYNEQF,1
TRBV7-9,TRBJ2-1,ASSLWVMEWDNEQF,1
TRBV7-9,TRBJ2-1,ASSLWVMGTGSKEQF,1
TRBV7-9,TRBJ2-1,ASSLWVMGTGSNEQF,8
TRBV7-9,TRBJ2-1,ASSLWVNEQF,8
TRBV7-9,TRBJ2-1,ASSLWVRDYNEQF,2
TRBV7-9,TRBJ2-1,ASSLWVREGGDEQF,1
TRBV7-9,TRBJ2-1,ASSLWVRERNEQF,8
TRBV7-9,TRBJ2-1,ASSLWVRGPNEQF,2
TRBV7-9,TRBJ2-1,ASSLWVRGPYNEQF,1
TRBV7-9,TRBJ2-1,ASSLWVRGSYNEQF,1
TRBV7-9,TRBJ2-1,ASSLWVRGTGDDQF,1
TRBV7-9,TRBJ2-1,ASSLWVRGTGDEQF,1
TRBV7-9,TRBJ2-1,ASSLWVRPTVNEQF,1
TRBV7-9,TRBJ2-1,ASSLWVRQSIYNEQF,1
TRBV7-9,TRBJ2-1,ASSLWVRSYNEQF,1
TRBV7-9,TRBJ2-1,ASSLWVRVAGVNEQF,1
TRBV7-9,TRBJ2-1,ASSLWVSDEQF,12
TRBV7-9,TRBJ2-1,ASSLWVSGILDEQF,1
TRBV7-9,TRBJ2-1,ASSLWVSGLGDNEPF,1
TRBV7-9,TRBJ2-1,ASSLWVSGWGYNEQF,11
TRBV7-9,TRBJ2-1,ASSLWVSGYSYNEQF,1
TRBV7-9,TRBJ2-1,ASSLWVSNNEQF,6
TRBV7-9,TRBJ2-1,ASSLWVSVNNEQF,1
TRBV7-9,TRBJ2-1,ASSLWVSYNEQF,1
TRBV7-9,TRBJ2-1,ASSLWVTGSYNEQF,1
TRBV7-9,TRBJ2-1,ASSLWVTLRGNEQF,1
TRBV7-9,TRBJ2-1,ASSLWVTSLGNEQF,1
TRBV7-9,TRBJ2-1,ASSLWVTSSYNEQF,2
TRBV7-9,TRBJ2-1,ASSLWVVGTGWVLGNEQF,14
TRBV7-9,TRBJ2-1,ASSLWVVQGDEQF,1
TRBV7-9,TRBJ2-1,ASSLWVWGQGLNEQF,1
TRBV7-9,TRBJ2-1,ASSLWVYEQF,1
TRBV7-9,TRBJ2-1,ASSLWVYNEQF,2
TRBV7-9,TRBJ2-1,ASSLWWADNEQF,7
TRBV7-9,TRBJ2-1,ASSLWWARGEQF,15
TRBV7-9,TRBJ2-1,ASSLWWDRDNEQF,10
TRBV7-9,TRBJ2-1,ASSLWWDRGGNEQF,10
TRBV7-9,TRBJ2-1,ASSLWWDTYNEQF,1
TRBV7-9,TRBJ2-1,ASSLWWGGDEQF,1
TRBV7-9,TRBJ2-1,ASSLWWGGTGDTYNEQF,2
TRBV7-9,TRBJ2-1,ASSLWWQSSYNEQF,1
TRBV7-9,TRBJ2-1,ASSLWWRDPNNEQF,1
TRBV7-9,TRBJ2-1,ASSLWWREGSYNEQF,1
TRBV7-9,TRBJ2-1,ASSLWWTGPPPNEQF,12
TRBV7-9,TRBJ2-1,ASSLWWWREPKYNEQF,1
TRBV7-9,TRBJ2-1,ASSLWYASGHPEQF,1
TRBV7-9,TRBJ2-1,ASSLWYASGQPAQF,1
TRBV7-9,TRBJ2-1,ASSLWYASGQPEQF,71
TRBV7-9,TRBJ2-1,ASSLWYASGQPEQY,1
TRBV7-9,TRBJ2-1,ASSLWYASGQQEQF,2
TRBV7-9,TRBJ2-1,ASSLWYASGQSEQF,1
TRBV7-9,TRBJ2-1,ASSLWYASGQTEQF,1
TRBV7-9,TRBJ2-1,ASSLWYEQF,3
TRBV7-9,TRBJ2-1,ASSLWYGGYNEQF,1
TRBV7-9,TRBJ2-1,ASSLWYGMEYNEQF,1
TRBV7-9,TRBJ2-1,ASSLWYGSYNEQF,4
TRBV7-9,TRBJ2-1,ASSLWYISSYNEQF,1
TRBV7-9,TRBJ2-1,ASSLWYKDNEQF,1
TRBV7-9,TRBJ2-1,ASSLWYNEQF,2
TRBV7-9,TRBJ2-1,ASSLWYRDYNEQF,1
TRBV7-9,TRBJ2-1,ASSLWYRGGILSYNEQF,1
TRBV7-9,TRBJ2-1,ASSLWYSISGKDYNEQF,1
TRBV7-9,TRBJ2-1,ASSLWYVSGQPEQF,1
TRBV7-9,TRBJ2-1,ASSLWYVTGGPNEQF,1
TRBV7-9,TRBJ2-1,ASSLYAAELNEQF,1
TRBV7-9,TRBJ2-1,ASSLYAAGAYNEQF,2
TRBV7-9,TRBJ2-1,ASSLYAAGDYNEQF,1
TRBV7-9,TRBJ2-1,ASSLYAAPRNEQF,1
TRBV7-9,TRBJ2-1,ASSLYAASDNEQF,1
TRBV7-9,TRBJ2-1,ASSLYAATSGNQYNEQF,1
TRBV7-9,TRBJ2-1,ASSLYADPSYNEQF,1
TRBV7-9,TRBJ2-1,ASSLYADRSSYNEQF,1
TRBV7-9,TRBJ2-1,ASSLYAEGFEF,1
TRBV7-9,TRBJ2-1,ASSLYAGADDEQF,1
TRBV7-9,TRBJ2-1,ASSLYAGADNEQF,1
TRBV7-9,TRBJ2-1,ASSLYAGAGKHNEQF,1
TRBV7-9,TRBJ2-1,ASSLYAGALYNEQF,1
TRBV7-9,TRBJ2-1,ASSLYAGAYYNEQF,1
TRBV7-9,TRBJ2-1,ASSLYAGEGYNEQF,1
TRBV7-9,TRBJ2-1,ASSLYAGEPYNEQF,1
TRBV7-9,TRBJ2-1,ASSLYAGETYNEQF,23
TRBV7-9,TRBJ2-1,ASSLYAGFRTLGHEQF,1
TRBV7-9,TRBJ2-1,ASSLYAGGDEQF,4
TRBV7-9,TRBJ2-1,ASSLYAGGGNEQF,1
TRBV7-9,TRBJ2-1,ASSLYAGGGSPNEQF,2
TRBV7-9,TRBJ2-1,ASSLYAGGPHNEQF,1
TRBV7-9,TRBJ2-1,ASSLYAGGPNEQF,3
TRBV7-9,TRBJ2-1,ASSLYAGGPYNEQF,1
TRBV7-9,TRBJ2-1,ASSLYAGGQNEQF,1
TRBV7-9,TRBJ2-1,ASSLYAGGSLNEQF,6
TRBV7-9,TRBJ2-1,ASSLYAGGSYNEQF,3
TRBV7-9,TRBJ2-1,ASSLYAGGTYNEQF,3
TRBV7-9,TRBJ2-1,ASSLYAGGVYNEQF,8
TRBV7-9,TRBJ2-1,ASSLYAGGVYSEQF,1
TRBV7-9,TRBJ2-1,ASSLYAGKNNEQF,6
TRBV7-9,TRBJ2-1,ASSLYAGKSEF,11
TRBV7-9,TRBJ2-1,ASSLYAGLAGGAYNEQF,1
TRBV7-9,TRBJ2-1,ASSLYAGLAGGEQF,2
TRBV7-9,TRBJ2-1,ASSLYAGLAYNEQF,1
TRBV7-9,TRBJ2-1,ASSLYAGLNYNEQF,1
TRBV7-9,TRBJ2-1,ASSLYAGNEQF,2
TRBV7-9,TRBJ2-1,ASSLYAGNSYNEQF,1
TRBV7-9,TRBJ2-1,ASSLYAGPGKNEQF,1
TRBV7-9,TRBJ2-1,ASSLYAGPYNEQF,1
TRBV7-9,TRBJ2-1,ASSLYAGQNEQF,1
TRBV7-9,TRBJ2-1,ASSLYAGQRDNEQF,1
TRBV7-9,TRBJ2-1,ASSLYAGRLGNEQF,1
TRBV7-9,TRBJ2-1,ASSLYAGRSYNEQF,2
TRBV7-9,TRBJ2-1,ASSLYAGRVLQGSNEQF,1
TRBV7-9,TRBJ2-1,ASSLYAGRYNEQF,1
TRBV7-9,TRBJ2-1,ASSLYAGSGSFHNEQF,1
TRBV7-9,TRBJ2-1,ASSLYAGSNNEQF,1
TRBV7-9,TRBJ2-1,ASSLYAGSRNNEQF,1
TRBV7-9,TRBJ2-1,ASSLYAGSSYNEQF,1
TRBV7-9,TRBJ2-1,ASSLYAGSYNEQF,2
TRBV7-9,TRBJ2-1,ASSLYAGTEFYNEQF,1
TRBV7-9,TRBJ2-1,ASSLYAGTGNEQF,1
TRBV7-9,TRBJ2-1,ASSLYAGTGRDEQF,1
TRBV7-9,TRBJ2-1,ASSLYAGTRNEQF,2
TRBV7-9,TRBJ2-1,ASSLYAGTSNEQF,8
TRBV7-9,TRBJ2-1,ASSLYAGTYNEQF,1
TRBV7-9,TRBJ2-1,ASSLYAGVGNEQF,1
TRBV7-9,TRBJ2-1,ASSLYAGVTYNEQF,1
TRBV7-9,TRBJ2-1,ASSLYAGVYNEQF,11
TRBV7-9,TRBJ2-1,ASSLYAGVYYNEQF,1
TRBV7-9,TRBJ2-1,ASSLYAGWFNEQF,1
TRBV7-9,TRBJ2-1,ASSLYAGYEFNNEQF,1
TRBV7-9,TRBJ2-1,ASSLYAGYNEQV,1
TRBV7-9,TRBJ2-1,ASSLYAHNEQF,1
TRBV7-9,TRBJ2-1,ASSLYALAGYNEQF,1
TRBV7-9,TRBJ2-1,ASSLYALEQF,1
TRBV7-9,TRBJ2-1,ASSLYALGNEQF,1
TRBV7-9,TRBJ2-1,ASSLYALGTSGSEQF,10
TRBV7-9,TRBJ2-1,ASSLYALKEGSNEQF,1
TRBV7-9,TRBJ2-1,ASSLYALNEQF,1
TRBV7-9,TRBJ2-1,ASSLYAMEQPQF,4
TRBV7-9,TRBJ2-1,ASSLYANEQF,1
TRBV7-9,TRBJ2-1,ASSLYANNEQF,1
TRBV7-9,TRBJ2-1,ASSLYAPGTSGSVQF,1
TRBV7-9,TRBJ2-1,ASSLYAPSGFRRDEQF,1
TRBV7-9,TRBJ2-1,ASSLYAPSYNEQF,1
TRBV7-9,TRBJ2-1,ASSLYARDEQF,1
TRBV7-9,TRBJ2-1,ASSLYAREGYEQF,1
TRBV7-9,TRBJ2-1,ASSLYARGLASPYNEQF,1
TRBV7-9,TRBJ2-1,ASSLYARGNEQF,1
TRBV7-9,TRBJ2-1,ASSLYARGQF,1
TRBV7-9,TRBJ2-1,ASSLYARQF,1
TRBV7-9,TRBJ2-1,ASSLYARSGGQNNEQF,2
TRBV7-9,TRBJ2-1,ASSLYARSYNEQF,1
TRBV7-9,TRBJ2-1,ASSLYASDGQF,8
TRBV7-9,TRBJ2-1,ASSLYASGDVYNEQF,1
TRBV7-9,TRBJ2-1,ASSLYASGGADEQF,6
TRBV7-9,TRBJ2-1,ASSLYASGIRNEQF,1
TRBV7-9,TRBJ2-1,ASSLYASGPNEQF,2
TRBV7-9,TRBJ2-1,ASSLYASGRAIYNEQF,1
TRBV7-9,TRBJ2-1,ASSLYASGRALYNEQF,1
TRBV7-9,TRBJ2-1,ASSLYASGRSQISYNEQF,8
TRBV7-9,TRBJ2-1,ASSLYASGSYNEQF,1
TRBV7-9,TRBJ2-1,ASSLYASGYNEQF,2
TRBV7-9,TRBJ2-1,ASSLYASPNNEQF,1
TRBV7-9,TRBJ2-1,ASSLYASRTPYNEQF,1
TRBV7-9,TRBJ2-1,ASSLYASSYNEQF,1
TRBV7-9,TRBJ2-1,ASSLYASTTGGDEQF,1
TRBV7-9,TRBJ2-1,ASSLYATGNNEQF,1
TRBV7-9,TRBJ2-1,ASSLYATGTSYNEQF,1
TRBV7-9,TRBJ2-1,ASSLYATKPHNEQF,2
TRBV7-9,TRBJ2-1,ASSLYATSGRGNEQF,1
TRBV7-9,TRBJ2-1,ASSLYAVGADEQF,1
TRBV7-9,TRBJ2-1,ASSLYAVLAGVSNEQF,8
TRBV7-9,TRBJ2-1,ASSLYAYSIDEQF,1
TRBV7-9,TRBJ2-1,ASSLYCGPQYNEQF,1
TRBV7-9,TRBJ2-1,ASSLYCYNEQF,1
TRBV7-9,TRBJ2-1,ASSLYDADEQF,6
TRBV7-9,TRBJ2-1,ASSLYDDPGHEQF,1
TRBV7-9,TRBJ2-1,ASSLYDEEF,1
TRBV7-9,TRBJ2-1,ASSLYDEQF,53
TRBV7-9,TRBJ2-1,ASSLYDETNEQF,1
TRBV7-9,TRBJ2-1,ASSLYDFHNEQF,1
TRBV7-9,TRBJ2-1,ASSLYDFNEQF,1
TRBV7-9,TRBJ2-1,ASSLYDGLGNEQF,1
TRBV7-9,TRBJ2-1,ASSLYDGSETNEQF,1
TRBV7-9,TRBJ2-1,ASSLYDGTGVHNEQF,5
TRBV7-9,TRBJ2-1,ASSLYDGVRSYNEQF,1
TRBV7-9,TRBJ2-1,ASSLYDHNEQF,13
TRBV7-9,TRBJ2-1,ASSLYDKARGQNEQF,1
TRBV7-9,TRBJ2-1,ASSLYDKRNEQF,5
TRBV7-9,TRBJ2-1,ASSLYDLAYNEQF,1
TRBV7-9,TRBJ2-1,ASSLYDLGGYEQF,8
TRBV7-9,TRBJ2-1,ASSLYDNEQF,19
TRBV7-9,TRBJ2-1,ASSLYDPGSSYNEQF,1
TRBV7-9,TRBJ2-1,ASSLYDPSADEQF,1
TRBV7-9,TRBJ2-1,ASSLYDQF,1
TRBV7-9,TRBJ2-1,ASSLYDRDNEQF,5
TRBV7-9,TRBJ2-1,ASSLYDREGNEQF,1
TRBV7-9,TRBJ2-1,ASSLYDRGDSINEQF,1
TRBV7-9,TRBJ2-1,ASSLYDRGNNEQF,1
TRBV7-9,TRBJ2-1,ASSLYDRPYYNEQF,1
TRBV7-9,TRBJ2-1,ASSLYDRVLYNEQF,1
TRBV7-9,TRBJ2-1,ASSLYDRVNEQF,10
TRBV7-9,TRBJ2-1,ASSLYDRYNEQF,1
TRBV7-9,TRBJ2-1,ASSLYDSSYNEQF,12
TRBV7-9,TRBJ2-1,ASSLYDSYFYNEQF,1
TRBV7-9,TRBJ2-1,ASSLYDSYNEQF,7
TRBV7-9,TRBJ2-1,ASSLYDTNYNEQF,1
TRBV7-9,TRBJ2-1,ASSLYDWPNTYNEQF,1
TRBV7-9,TRBJ2-1,ASSLYDWTNTYNEQF,3
TRBV7-9,TRBJ2-1,ASSLYDYLYNEQF,6
TRBV7-9,TRBJ2-1,ASSLYDYNEQF,1
TRBV7-9,TRBJ2-1,ASSLYDYSYNEQF,1
TRBV7-9,TRBJ2-1,ASSLYDYTGGSSDNEQF,1
TRBV7-9,TRBJ2-1,ASSLYEAGGNEQF,1
TRBV7-9,TRBJ2-1,ASSLYEASGNNEQF,2
TRBV7-9,TRBJ2-1,ASSLYEDNEQF,12
TRBV7-9,TRBJ2-1,ASSLYEDYEQF,1
TRBV7-9,TRBJ2-1,ASSLYEEGDRAWKDQF,1
TRBV7-9,TRBJ2-1,ASSLYEEGDRAWNEQF,9
TRBV7-9,TRBJ2-1,ASSLYEGAAYNEQF,6
TRBV7-9,TRBJ2-1,ASSLYEGAYNEQF,4
TRBV7-9,TRBJ2-1,ASSLYEGDEQF,1
TRBV7-9,TRBJ2-1,ASSLYEGDGYNEQF,1
TRBV7-9,TRBJ2-1,ASSLYEGEQF,14
TRBV7-9,TRBJ2-1,ASSLYEGGYNEQF,1
TRBV7-9,TRBJ2-1,ASSLYEGKQF,1
TRBV7-9,TRBJ2-1,ASSLYEGLANNEQF,1
TRBV7-9,TRBJ2-1,ASSLYEGNEQF,1
TRBV7-9,TRBJ2-1,ASSLYEGRSYNEQF,8
TRBV7-9,TRBJ2-1,ASSLYEGRYYYEQF,1
TRBV7-9,TRBJ2-1,ASSLYEGSGLNEQF,1
TRBV7-9,TRBJ2-1,ASSLYEGSGNEQF,4
TRBV7-9,TRBJ2-1,ASSLYEGTTNEQF,8
TRBV7-9,TRBJ2-1,ASSLYEGTVNEQF,1
TRBV7-9,TRBJ2-1,ASSLYEGTWNEQF,4
TRBV7-9,TRBJ2-1,ASSLYEGVLSYKEQF,1
TRBV7-9,TRBJ2-1,ASSLYEGVLSYNEQF,20
TRBV7-9,TRBJ2-1,ASSLYEGWHEQF,1
TRBV7-9,TRBJ2-1,ASSLYEGYGYNEQF,1
TRBV7-9,TRBJ2-1,ASSLYEHEQF,14
TRBV7-9,TRBJ2-1,ASSLYEHGQF,1
TRBV7-9,TRBJ2-1,ASSLYEHNEQF,1
TRBV7-9,TRBJ2-1,ASSLYEINEQF,1
TRBV7-9,TRBJ2-1,ASSLYEKGDRAWNEQF,1
TRBV7-9,TRBJ2-1,ASSLYELLF,9
TRBV7-9,TRBJ2-1,ASSLYELNDQF,2
TRBV7-9,TRBJ2-1,ASSLYELNEQF,63
TRBV7-9,TRBJ2-1,ASSLYELTEQF,1
TRBV7-9,TRBJ2-1,ASSLYEQF,65
TRBV7-9,TRBJ2-1,ASSLYERDEQF,1
TRBV7-9,TRBJ2-1,ASSLYEREPDNEQF,1
TRBV7-9,TRBJ2-1,ASSLYEREQF,15
TRBV7-9,TRBJ2-1,ASSLYERFRRNEHF,1
TRBV7-9,TRBJ2-1,ASSLYERFRRNEQF,15
TRBV7-9,TRBJ2-1,ASSLYERLNEQF,10
TRBV7-9,TRBJ2-1,ASSLYERNEQF,2
TRBV7-9,TRBJ2-1,ASSLYERNNEQF,3
TRBV7-9,TRBJ2-1,ASSLYETGAVNEQF,12
TRBV7-9,TRBJ2-1,ASSLYETSGIVDEQF,1
TRBV7-9,TRBJ2-1,ASSLYETSVYNEQF,1
TRBV7-9,TRBJ2-1,ASSLYEVAFSNEQF,8
TRBV7-9,TRBJ2-1,ASSLYEVWAGVNEQF,1
TRBV7-9,TRBJ2-1,ASSLYEWIGQF,8
TRBV7-9,TRBJ2-1,ASSLYEWIWQF,1
TRBV7-9,TRBJ2-1,ASSLYEWNEQF,1
TRBV7-9,TRBJ2-1,ASSLYEYNEQF,34
TRBV7-9,TRBJ2-1,ASSLYFAGVVSYNEQF,1
TRBV7-9,TRBJ2-1,ASSLYFDDEQF,1
TRBV7-9,TRBJ2-1,ASSLYFDEQF,1
TRBV7-9,TRBJ2-1,ASSLYFESYNEQF,1
TRBV7-9,TRBJ2-1,ASSLYFGDNEQF,1
TRBV7-9,TRBJ2-1,ASSLYFGGEHEQF,1
TRBV7-9,TRBJ2-1,ASSLYFGGEQF,11
TRBV7-9,TRBJ2-1,ASSLYFGGSFSHEQF,1
TRBV7-9,TRBJ2-1,ASSLYFGGTSSYNEQF,1
TRBV7-9,TRBJ2-1,ASSLYFGTYNEQF,1
TRBV7-9,TRBJ2-1,ASSLYFLAGPHNEQF,3
TRBV7-9,TRBJ2-1,ASSLYFNEQF,3
TRBV7-9,TRBJ2-1,ASSLYFNNEQF,1
TRBV7-9,TRBJ2-1,ASSLYFQGATYNEQF,1
TRBV7-9,TRBJ2-1,ASSLYFQGSNEQF,4
TRBV7-9,TRBJ2-1,ASSLYFRAGGWSNEQF,1
TRBV7-9,TRBJ2-1,ASSLYFSGGRNEQF,2
TRBV7-9,TRBJ2-1,ASSLYFSGLAGDNEQF,1
TRBV7-9,TRBJ2-1,ASSLYFSGRVYNEQF,2
TRBV7-9,TRBJ2-1,ASSLYFSGYLYNEQF,1
TRBV7-9,TRBJ2-1,ASSLYFSTPGSEQF,1
TRBV7-9,TRBJ2-1,ASSLYFTNEQF,9
TRBV7-9,TRBJ2-1,ASSLYFTPNDEQF,1
TRBV7-9,TRBJ2-1,ASSLYFTRPYNEQF,1
TRBV7-9,TRBJ2-1,ASSLYFTTWHNEQF,1
TRBV7-9,TRBJ2-1,ASSLYFVAEHNEQF,13
TRBV7-9,TRBJ2-1,ASSLYFWTSGDNEQF,1
TRBV7-9,TRBJ2-1,ASSLYGADNEQF,1
TRBV7-9,TRBJ2-1,ASSLYGADYNEQF,1
TRBV7-9,TRBJ2-1,ASSLYGAEDEQF,1
TRBV7-9,TRBJ2-1,ASSLYGAGEQF,15
TRBV7-9,TRBJ2-1,ASSLYGAGESYNEQF,1
TRBV7-9,TRBJ2-1,ASSLYGAGIGNEQF,1
TRBV7-9,TRBJ2-1,ASSLYGAGRSSYNEQF,1
TRBV7-9,TRBJ2-1,ASSLYGAIEQF,2
TRBV7-9,TRBJ2-1,ASSLYGANEQF,2
TRBV7-9,TRBJ2-1,ASSLYGANNEQF,1
TRBV7-9,TRBJ2-1,ASSLYGAPNEQF,1
TRBV7-9,TRBJ2-1,ASSLYGARALNEQF,1
TRBV7-9,TRBJ2-1,ASSLYGARGGAQDEQF,1
TRBV7-9,TRBJ2-1,ASSLYGARGIPFENEQF,1
TRBV7-9,TRBJ2-1,ASSLYGASGIPFDNEQF,1
TRBV7-9,TRBJ2-1,ASSLYGASGIPFENEQF,17
TRBV7-9,TRBJ2-1,ASSLYGASGRLNEQF,1
TRBV7-9,TRBJ2-1,ASSLYGASGRSNEQF,1
TRBV7-9,TRBJ2-1,ASSLYGASGRVDEQF,1
TRBV7-9,TRBJ2-1,ASSLYGASHVYNEQF,1
TRBV7-9,TRBJ2-1,ASSLYGASNYEQF,1
TRBV7-9,TRBJ2-1,ASSLYGATETLAEQF,1
TRBV7-9,TRBJ2-1,ASSLYGATGNEQF,2
TRBV7-9,TRBJ2-1,ASSLYGAYNEQF,1
TRBV7-9,TRBJ2-1,ASSLYGDEQF,14
TRBV7-9,TRBJ2-1,ASSLYGDGEQF,11
TRBV7-9,TRBJ2-1,ASSLYGDGGQF,2
TRBV7-9,TRBJ2-1,ASSLYGDIGNEQF,1
TRBV7-9,TRBJ2-1,ASSLYGDKGNEQF,1
TRBV7-9,TRBJ2-1,ASSLYGDLPNEQF,11
TRBV7-9,TRBJ2-1,ASSLYGDNEQF,5
TRBV7-9,TRBJ2-1,ASSLYGDNNEQF,1
TRBV7-9,TRBJ2-1,ASSLYGDQYNEQF,1
TRBV7-9,TRBJ2-1,ASSLYGDRGDEQF,1
TRBV7-9,TRBJ2-1,ASSLYGDRVNEQF,7
TRBV7-9,TRBJ2-1,ASSLYGEDEQF,1
TRBV7-9,TRBJ2-1,ASSLYGEDNEQF,15
TRBV7-9,TRBJ2-1,ASSLYGEGGNEQF,9
TRBV7-9,TRBJ2-1,ASSLYGENEQF,1
TRBV7-9,TRBJ2-1,ASSLYGENSYNEQF,1
TRBV7-9,TRBJ2-1,ASSLYGEPF,1
TRBV7-9,TRBJ2-1,ASSLYGEQF,38
TRBV7-9,TRBJ2-1,ASSLYGEYNEQF,1
TRBV7-9,TRBJ2-1,ASSLYGFQF,10
TRBV7-9,TRBJ2-1,ASSLYGFRREQSYNEQF,1
TRBV7-9,TRBJ2-1,ASSLYGGADDEQF,1
TRBV7-9,TRBJ2-1,ASSLYGGANNEQF,1
TRBV7-9,TRBJ2-1,ASSLYGGARDNEQF,2
TRBV7-9,TRBJ2-1,ASSLYGGARNEQF,1
TRBV7-9,TRBJ2-1,ASSLYGGASGGNEQF,8
TRBV7-9,TRBJ2-1,ASSLYGGASGSYNEQF,1
TRBV7-9,TRBJ2-1,ASSLYGGASKEQF,1
TRBV7-9,TRBJ2-1,ASSLYGGASNAQF,1
TRBV7-9,TRBJ2-1,ASSLYGGASNEQF,43
TRBV7-9,TRBJ2-1,ASSLYGGASYEQF,1
TRBV7-9,TRBJ2-1,ASSLYGGDEQF,2
TRBV7-9,TRBJ2-1,ASSLYGGDNEQF,1
TRBV7-9,TRBJ2-1,ASSLYGGDRGTFYNEQF,10
TRBV7-9,TRBJ2-1,ASSLYGGDSYNEPF,1
TRBV7-9,TRBJ2-1,ASSLYGGDSYNEQF,3
TRBV7-9,TRBJ2-1,ASSLYGGDYNEQF,1
TRBV7-9,TRBJ2-1,ASSLYGGENEQF,1
TRBV7-9,TRBJ2-1,ASSLYGGEQC,2
TRBV7-9,TRBJ2-1,ASSLYGGEQF,19
TRBV7-9,TRBJ2-1,ASSLYGGGANEQF,6
TRBV7-9,TRBJ2-1,ASSLYGGGARYNEHF,1
TRBV7-9,TRBJ2-1,ASSLYGGGARYNEQF,1
TRBV7-9,TRBJ2-1,ASSLYGGGNNEQF,1
TRBV7-9,TRBJ2-1,ASSLYGGGPTPGYEQF,1
TRBV7-9,TRBJ2-1,ASSLYGGGQYNEQF,1
TRBV7-9,TRBJ2-1,ASSLYGGGRLSYNEQF,1
TRBV7-9,TRBJ2-1,ASSLYGGGSSYNEQF,1
TRBV7-9,TRBJ2-1,ASSLYGGGVDEQF,1
TRBV7-9,TRBJ2-1,ASSLYGGGVFYNEQF,1
TRBV7-9,TRBJ2-1,ASSLYGGGVGNEQF,1
TRBV7-9,TRBJ2-1,ASSLYGGGVSCNEQF,1
TRBV7-9,TRBJ2-1,ASSLYGGGVSYNEQF,24
TRBV7-9,TRBJ2-1,ASSLYGGGVSYYEQF,2
TRBV7-9,TRBJ2-1,ASSLYGGIDHNEQF,1
TRBV7-9,TRBJ2-1,ASSLYGGKPYNEQF,2
TRBV7-9,TRBJ2-1,ASSLYGGKSSYNEQF,1
TRBV7-9,TRBJ2-1,ASSLYGGLAGPYNEQF,1
TRBV7-9,TRBJ2-1,ASSLYGGLGNEQF,2
TRBV7-9,TRBJ2-1,ASSLYGGNDEQF,9
TRBV7-9,TRBJ2-1,ASSLYGGNEQF,5
TRBV7-9,TRBJ2-1,ASSLYGGNPYNEQF,1
TRBV7-9,TRBJ2-1,ASSLYGGPDNEQF,1
TRBV7-9,TRBJ2-1,ASSLYGGPIDHEQF,1
TRBV7-9,TRBJ2-1,ASSLYGGPLRYNEQF,1
TRBV7-9,TRBJ2-1,ASSLYGGPNEQF,1
TRBV7-9,TRBJ2-1,ASSLYGGPYNEQF,8
TRBV7-9,TRBJ2-1,ASSLYGGQGNEQF,1
TRBV7-9,TRBJ2-1,ASSLYGGQSGTYNEQF,1
TRBV7-9,TRBJ2-1,ASSLYGGQTPNEQF,1
TRBV7-9,TRBJ2-1,ASSLYGGQVDHEQL,1
TRBV7-9,TRBJ2-1,ASSLYGGQVDNEQF,15
TRBV7-9,TRBJ2-1,ASSLYGGRAYNEQF,3
TRBV7-9,TRBJ2-1,ASSLYGGRGARSYNEQF,1
TRBV7-9,TRBJ2-1,ASSLYGGRGASSYNEQF,9
TRBV7-9,TRBJ2-1,ASSLYGGRGTYNEQF,1
TRBV7-9,TRBJ2-1,ASSLYGGRNNEQF,1
TRBV7-9,TRBJ2-1,ASSLYGGRSNNEQF,1
TRBV7-9,TRBJ2-1,ASSLYGGRSYNEQF,5
TRBV7-9,TRBJ2-1,ASSLYGGRTYNEQF,1
TRBV7-9,TRBJ2-1,ASSLYGGRVDEQF,7
TRBV7-9,TRBJ2-1,ASSLYGGSGEQF,4
TRBV7-9,TRBJ2-1,ASSLYGGSGTYNEQF,1
TRBV7-9,TRBJ2-1,ASSLYGGSHNEQF,1
TRBV7-9,TRBJ2-1,ASSLYGGSLDEQF,1
TRBV7-9,TRBJ2-1,ASSLYGGSLIYNEQF,1
TRBV7-9,TRBJ2-1,ASSLYGGSQYNEQF,1
TRBV7-9,TRBJ2-1,ASSLYGGSRDNEQF,1
TRBV7-9,TRBJ2-1,ASSLYGGSRLTTDNEQF,10
TRBV7-9,TRBJ2-1,ASSLYGGSSSYNEQF,1
TRBV7-9,TRBJ2-1,ASSLYGGSSYNEQF,14
TRBV7-9,TRBJ2-1,ASSLYGGSTGDEQF,1
TRBV7-9,TRBJ2-1,ASSLYGGSTYNEQF,1
TRBV7-9,TRBJ2-1,ASSLYGGSVNNEQF,1
TRBV7-9,TRBJ2-1,ASSLYGGSWDEQF,1
TRBV7-9,TRBJ2-1,ASSLYGGSYNEQF,10
TRBV7-9,TRBJ2-1,ASSLYGGTSYNEQF,20
TRBV7-9,TRBJ2-1,ASSLYGGTYNEQF,1
TRBV7-9,TRBJ2-1,ASSLYGGVDEQF,1
TRBV7-9,TRBJ2-1,ASSLYGGVFLNEQF,1
TRBV7-9,TRBJ2-1,ASSLYGGVTGSDEQF,1
TRBV7-9,TRBJ2-1,ASSLYGGVTYNEQF,1
TRBV7-9,TRBJ2-1,ASSLYGINEQF,8
TRBV7-9,TRBJ2-1,ASSLYGIPDNEQF,1
TRBV7-9,TRBJ2-1,ASSLYGITDSPSGNEQF,1
TRBV7-9,TRBJ2-1,ASSLYGIYNEQF,1
TRBV7-9,TRBJ2-1,ASSLYGKAGVDNEQF,2
TRBV7-9,TRBJ2-1,ASSLYGKASGDNEQF,1
TRBV7-9,TRBJ2-1,ASSLYGKGSD,1
TRBV7-9,TRBJ2-1,ASSLYGKKVSYNEQF,1
TRBV7-9,TRBJ2-1,ASSLYGKSGQGKFDEQF,3
TRBV7-9,TRBJ2-1,ASSLYGKTGDSYNEQF,7
TRBV7-9,TRBJ2-1,ASSLYGLAADEQF,1
TRBV7-9,TRBJ2-1,ASSLYGLAAYNEQF,1
TRBV7-9,TRBJ2-1,ASSLYGLADYNEQF,1
TRBV7-9,TRBJ2-1,ASSLYGLAGDARWNEQF,1
TRBV7-9,TRBJ2-1,ASSLYGLAGDNEQF,1
TRBV7-9,TRBJ2-1,ASSLYGLAGFQRTNEQF,1
TRBV7-9,TRBJ2-1,ASSLYGLAGGGNEQF,1
TRBV7-9,TRBJ2-1,ASSLYGLAGGSSYNEQF,1
TRBV7-9,TRBJ2-1,ASSLYGLAGGSTYNEQF,1
TRBV7-9,TRBJ2-1,ASSLYGLAGHRDEQF,1
TRBV7-9,TRBJ2-1,ASSLYGLAGIEQF,11
TRBV7-9,TRBJ2-1,ASSLYGLAGNNEQF,1
TRBV7-9,TRBJ2-1,ASSLYGLAGPYNEQF,4
TRBV7-9,TRBJ2-1,ASSLYGLAGRDEQF,1
TRBV7-9,TRBJ2-1,ASSLYGLAGVNEQF,9
TRBV7-9,TRBJ2-1,ASSLYGLAGVNEQV,1
TRBV7-9,TRBJ2-1,ASSLYGLANNNEQF,1
TRBV7-9,TRBJ2-1,ASSLYGLAVMNEQF,1
TRBV7-9,TRBJ2-1,ASSLYGLAYNEQF,1
TRBV7-9,TRBJ2-1,ASSLYGLDEQF,1
TRBV7-9,TRBJ2-1,ASSLYGLDGYEQF,1
TRBV7-9,TRBJ2-1,ASSLYGLGFPYNEQF,1
TRBV7-9,TRBJ2-1,ASSLYGLGFSYNEQF,8
TRBV7-9,TRBJ2-1,ASSLYGLGGSSYNEQF,1
TRBV7-9,TRBJ2-1,ASSLYGLGPNEQF,1
TRBV7-9,TRBJ2-1,ASSLYGLGREGTYNEQF,1
TRBV7-9,TRBJ2-1,ASSLYGLGSDEQF,1
TRBV7-9,TRBJ2-1,ASSLYGLGTSGDEQF,1
TRBV7-9,TRBJ2-1,ASSLYGLNEQF,1
TRBV7-9,TRBJ2-1,ASSLYGLNNEQF,9
TRBV7-9,TRBJ2-1,ASSLYGLPAWF,1
TRBV7-9,TRBJ2-1,ASSLYGLSGIENEQF,4
TRBV7-9,TRBJ2-1,ASSLYGLSSYNEQF,16
TRBV7-9,TRBJ2-1,ASSLYGLSYNEQF,1
TRBV7-9,TRBJ2-1,ASSLYGLTYNEQF,1
TRBV7-9,TRBJ2-1,ASSLYGLVGYNEQF,10
TRBV7-9,TRBJ2-1,ASSLYGLVSRNEQF,4
TRBV7-9,TRBJ2-1,ASSLYGLYNEQF,1
TRBV7-9,TRBJ2-1,ASSLYGMGDYNEQF,1
TRBV7-9,TRBJ2-1,ASSLYGNEQF,44
TRBV7-9,TRBJ2-1,ASSLYGNNEQF,13
TRBV7-9,TRBJ2-1,ASSLYGNSGVDEQF,1
TRBV7-9,TRBJ2-1,ASSLYGNSYNEQF,1
TRBV7-9,TRBJ2-1,ASSLYGPDKREQF,7
TRBV7-9,TRBJ2-1,ASSLYGPDRSNEQF,1
TRBV7-9,TRBJ2-1,ASSLYGPGQGSYNEQF,3
TRBV7-9,TRBJ2-1,ASSLYGPHEQF,1
TRBV7-9,TRBJ2-1,ASSLYGPKAAYNEQF,1
TRBV7-9,TRBJ2-1,ASSLYGPKASYNEQF,16
TRBV7-9,TRBJ2-1,ASSLYGPKASYSEQF,1
TRBV7-9,TRBJ2-1,ASSLYGPLSSYNEQF,1
TRBV7-9,TRBJ2-1,ASSLYGPRSSYNEQF,1
TRBV7-9,TRBJ2-1,ASSLYGPSLYEQF,1
TRBV7-9,TRBJ2-1,ASSLYGPTYNEQF,1
TRBV7-9,TRBJ2-1,ASSLYGPVYNEQF,6
TRBV7-9,TRBJ2-1,ASSLYGPYNEQF,7
TRBV7-9,TRBJ2-1,ASSLYGQAGDVYNEQF,1
TRBV7-9,TRBJ2-1,ASSLYGQGEWNEQF,1
TRBV7-9,TRBJ2-1,ASSLYGQGLNEQF,1
TRBV7-9,TRBJ2-1,ASSLYGQGNNEQF,4
TRBV7-9,TRBJ2-1,ASSLYGQGPYNEQF,1
TRBV7-9,TRBJ2-1,ASSLYGQGVDEQF,1
TRBV7-9,TRBJ2-1,ASSLYGQGYNEQF,1
TRBV7-9,TRBJ2-1,ASSLYGQIDNEQF,1
TRBV7-9,TRBJ2-1,ASSLYGQLEQF,5
TRBV7-9,TRBJ2-1,ASSLYGQLPSDEQF,1
TRBV7-9,TRBJ2-1,ASSLYGQLRQF,1
TRBV7-9,TRBJ2-1,ASSLYGQPSSYNEQF,5
TRBV7-9,TRBJ2-1,ASSLYGQRFSYNEQF,1
TRBV7-9,TRBJ2-1,ASSLYGQTTYNEQF,1
TRBV7-9,TRBJ2-1,ASSLYGQYNEQF,1
TRBV7-9,TRBJ2-1,ASSLYGRADNEQF,4
TRBV7-9,TRBJ2-1,ASSLYGRAEIAEQF,14
TRBV7-9,TRBJ2-1,ASSLYGRAGAVDNEQF,1
TRBV7-9,TRBJ2-1,ASSLYGRAGDEQF,3
TRBV7-9,TRBJ2-1,ASSLYGRANEQF,1
TRBV7-9,TRBJ2-1,ASSLYGRANNEQF,8
TRBV7-9,TRBJ2-1,ASSLYGRASYNEQF,6
TRBV7-9,TRBJ2-1,ASSLYGRATGEQF,4
TRBV7-9,TRBJ2-1,ASSLYGRDEQF,2
TRBV7-9,TRBJ2-1,ASSLYGRDYNEQF,1
TRBV7-9,TRBJ2-1,ASSLYGREAPYNEQF,1
TRBV7-9,TRBJ2-1,ASSLYGRELIVHEQF,1
TRBV7-9,TRBJ2-1,ASSLYGRENNEQF,1
TRBV7-9,TRBJ2-1,ASSLYGREYNEQF,1
TRBV7-9,TRBJ2-1,ASSLYGRGDEQF,2
TRBV7-9,TRBJ2-1,ASSLYGRGGRDEQF,1
TRBV7-9,TRBJ2-1,ASSLYGRGSYNEQF,1
TRBV7-9,TRBJ2-1,ASSLYGRIQNNEQF,7
TRBV7-9,TRBJ2-1,ASSLYGRKRESSYNEQF,1
TRBV7-9,TRBJ2-1,ASSLYGRLNEQF,1
TRBV7-9,TRBJ2-1,ASSLYGRNEQF,1
TRBV7-9,TRBJ2-1,ASSLYGRNNEQF,1
TRBV7-9,TRBJ2-1,ASSLYGRNYNEQF,1
TRBV7-9,TRBJ2-1,ASSLYGRRYNEQF,1
TRBV7-9,TRBJ2-1,ASSLYGRSSYNEQF,3
TRBV7-9,TRBJ2-1,ASSLYGRVDEQF,1
TRBV7-9,TRBJ2-1,ASSLYGRVDNEQF,2
TRBV7-9,TRBJ2-1,ASSLYGRVHNEQF,1
TRBV7-9,TRBJ2-1,ASSLYGRVRYNEQF,3
TRBV7-9,TRBJ2-1,ASSLYGRWEDEQF,1
TRBV7-9,TRBJ2-1,ASSLYGSASSYNEQF,1
TRBV7-9,TRBJ2-1,ASSLYGSAYNEQF,1
TRBV7-9,TRBJ2-1,ASSLYGSDEQF,1
TRBV7-9,TRBJ2-1,ASSLYGSEEKHEQF,1
TRBV7-9,TRBJ2-1,ASSLYGSENEQF,1
TRBV7-9,TRBJ2-1,ASSLYGSFDNEQF,7
TRBV7-9,TRBJ2-1,ASSLYGSGASYNEQF,1
TRBV7-9,TRBJ2-1,ASSLYGSGDNEQF,1
TRBV7-9,TRBJ2-1,ASSLYGSGEDHEQF,1
TRBV7-9,TRBJ2-1,ASSLYGSGENNEQF,1
TRBV7-9,TRBJ2-1,ASSLYGSGEQF,5
TRBV7-9,TRBJ2-1,ASSLYGSGGHPLYNEQF,2
TRBV7-9,TRBJ2-1,ASSLYGSGIRDNEQF,18
TRBV7-9,TRBJ2-1,ASSLYGSGSYNEQF,1
TRBV7-9,TRBJ2-1,ASSLYGSGYNEQF,12
TRBV7-9,TRBJ2-1,ASSLYGSLDYNEQF,1
TRBV7-9,TRBJ2-1,ASSLYGSMENEQF,1
TRBV7-9,TRBJ2-1,ASSLYGSPEQF,1
TRBV7-9,TRBJ2-1,ASSLYGSPYNEQF,1
TRBV7-9,TRBJ2-1,ASSLYGSQRKYEQF,1
TRBV7-9,TRBJ2-1,ASSLYGSSNHEQF,9
TRBV7-9,TRBJ2-1,ASSLYGSSRGSYNEQF,1
TRBV7-9,TRBJ2-1,ASSLYGSSYNEQF,26
TRBV7-9,TRBJ2-1,ASSLYGSTENEPF,1
TRBV7-9,TRBJ2-1,ASSLYGSTENEQF,10
TRBV7-9,TRBJ2-1,ASSLYGSVNEQF,1
TRBV7-9,TRBJ2-1,ASSLYGSWSSNEQF,1
TRBV7-9,TRBJ2-1,ASSLYGSYNEQF,3
TRBV7-9,TRBJ2-1,ASSLYGTAAYNEQF,1
TRBV7-9,TRBJ2-1,ASSLYGTAGENEQF,1
TRBV7-9,TRBJ2-1,ASSLYGTDNEQF,1
TRBV7-9,TRBJ2-1,ASSLYGTDSNEQF,1
TRBV7-9,TRBJ2-1,ASSLYGTEQF,5
TRBV7-9,TRBJ2-1,ASSLYGTEYEQF,1
TRBV7-9,TRBJ2-1,ASSLYGTFDEQF,1
TRBV7-9,TRBJ2-1,ASSLYGTGAFNEQF,1
TRBV7-9,TRBJ2-1,ASSLYGTGAYNEQF,1
TRBV7-9,TRBJ2-1,ASSLYGTGGFNEQF,1
TRBV7-9,TRBJ2-1,ASSLYGTGGRNEQF,5
TRBV7-9,TRBJ2-1,ASSLYGTGPHNEQF,1
TRBV7-9,TRBJ2-1,ASSLYGTGPKSHEQF,1
TRBV7-9,TRBJ2-1,ASSLYGTGQNNEQF,3
TRBV7-9,TRBJ2-1,ASSLYGTGSD,7
TRBV7-9,TRBJ2-1,ASSLYGTGSGNEQF,1
TRBV7-9,TRBJ2-1,ASSLYGTGYYNEQF,1
TRBV7-9,TRBJ2-1,ASSLYGTIDEQF,1
TRBV7-9,TRBJ2-1,ASSLYGTNEQF,1
TRBV7-9,TRBJ2-1,ASSLYGTNYNEQF,1
TRBV7-9,TRBJ2-1,ASSLYGTPDNEQF,1
TRBV7-9,TRBJ2-1,ASSLYGTRDNEQC,1
TRBV7-9,TRBJ2-1,ASSLYGTRHNEQF,1
TRBV7-9,TRBJ2-1,ASSLYGTRYNEQF,1
TRBV7-9,TRBJ2-1,ASSLYGTSANEQF,1
TRBV7-9,TRBJ2-1,ASSLYGTSASAYNEQF,1
TRBV7-9,TRBJ2-1,ASSLYGTSGATYNEQF,1
TRBV7-9,TRBJ2-1,ASSLYGTSGEPQF,2
TRBV7-9,TRBJ2-1,ASSLYGTSGGARNYNEQF,2
TRBV7-9,TRBJ2-1,ASSLYGTSGGAWNYNEQF,7
TRBV7-9,TRBJ2-1,ASSLYGTSGHNEQF,1
TRBV7-9,TRBJ2-1,ASSLYGTSGIHEQF,1
TRBV7-9,TRBJ2-1,ASSLYGTSGIVDEQF,12
TRBV7-9,TRBJ2-1,ASSLYGTSGIYSYNEQF,1
TRBV7-9,TRBJ2-1,ASSLYGTSGNEQF,1
TRBV7-9,TRBJ2-1,ASSLYGTSGREDEQF,1
TRBV7-9,TRBJ2-1,ASSLYGTSGRNEQF,2
TRBV7-9,TRBJ2-1,ASSLYGTSGRNNEQF,1
TRBV7-9,TRBJ2-1,ASSLYGTSGRRPETVTADNAQF,1
TRBV7-9,TRBJ2-1,ASSLYGTSGRRPETVTADNEQF,23
TRBV7-9,TRBJ2-1,ASSLYGTSGSAYNEQF,18
TRBV7-9,TRBJ2-1,ASSLYGTSGSHEQF,1
TRBV7-9,TRBJ2-1,ASSLYGTSGSVEQF,7
TRBV7-9,TRBJ2-1,ASSLYGTSGTYNEQF,2
TRBV7-9,TRBJ2-1,ASSLYGTSGWRPETVTAENEQF,1
TRBV7-9,TRBJ2-1,ASSLYGTSRYNEQF,1
TRBV7-9,TRBJ2-1,ASSLYGTVDNEQF,1
TRBV7-9,TRBJ2-1,ASSLYGTVPEQF,8
TRBV7-9,TRBJ2-1,ASSLYGTVSPNEQF,1
TRBV7-9,TRBJ2-1,ASSLYGTYELYNEQF,1
TRBV7-9,TRBJ2-1,ASSLYGTYNEQF,1
TRBV7-9,TRBJ2-1,ASSLYGTYNNEQF,4
TRBV7-9,TRBJ2-1,ASSLYGVAGGNEQF,3
TRBV7-9,TRBJ2-1,ASSLYGVDEQF,1
TRBV7-9,TRBJ2-1,ASSLYGVGDEQF,2
TRBV7-9,TRBJ2-1,ASSLYGVGGNEQF,1
TRBV7-9,TRBJ2-1,ASSLYGVGLNEQF,1
TRBV7-9,TRBJ2-1,ASSLYGVGNEQF,3
TRBV7-9,TRBJ2-1,ASSLYGVGQGAYNEQF,1
TRBV7-9,TRBJ2-1,ASSLYGVNYNEQF,1
TRBV7-9,TRBJ2-1,ASSLYGVPYNEQF,1
TRBV7-9,TRBJ2-1,ASSLYGVQNNEQF,1
TRBV7-9,TRBJ2-1,ASSLYGVSGDEQF,1
TRBV7-9,TRBJ2-1,ASSLYGVSGRGGYNEQF,1
TRBV7-9,TRBJ2-1,ASSLYGVSGVVNEQF,1
TRBV7-9,TRBJ2-1,ASSLYGVSRGRVYEQF,1
TRBV7-9,TRBJ2-1,ASSLYGVTGNEQF,1
TRBV7-9,TRBJ2-1,ASSLYGVYNEQF,1
TRBV7-9,TRBJ2-1,ASSLYGYEQF,1
TRBV7-9,TRBJ2-1,ASSLYGYNEQF,3
TRBV7-9,TRBJ2-1,ASSLYHAGGISSYNEQF,1
TRBV7-9,TRBJ2-1,ASSLYHEAYNEQF,1
TRBV7-9,TRBJ2-1,ASSLYHEQF,4
TRBV7-9,TRBJ2-1,ASSLYHGGTDNEQF,1
TRBV7-9,TRBJ2-1,ASSLYHGRAVC,1
TRBV7-9,TRBJ2-1,ASSLYHGRAVF,1
TRBV7-9,TRBJ2-1,ASSLYHGRRLRTYNEQF,1
TRBV7-9,TRBJ2-1,ASSLYHGSGRWTYNEQF,1
TRBV7-9,TRBJ2-1,ASSLYHGSLNNEQF,1
TRBV7-9,TRBJ2-1,ASSLYHGSSYNEQC,1
TRBV7-9,TRBJ2-1,ASSLYHIRPPGLDLNEQF,2
TRBV7-9,TRBJ2-1,ASSLYHNEQF,9
TRBV7-9,TRBJ2-1,ASSLYHPGGIHEQF,1
TRBV7-9,TRBJ2-1,ASSLYHPTSGNYNEQF,1
TRBV7-9,TRBJ2-1,ASSLYHRTSGMDEQF,1
TRBV7-9,TRBJ2-1,ASSLYHSRSYNEQF,2
TRBV7-9,TRBJ2-1,ASSLYIAADNEQF,1
TRBV7-9,TRBJ2-1,ASSLYIADNEQF,1
TRBV7-9,TRBJ2-1,ASSLYIAGASSGNEQF,1
TRBV7-9,TRBJ2-1,ASSLYIAGDLSNEQF,1
TRBV7-9,TRBJ2-1,ASSLYIAQF,1
TRBV7-9,TRBJ2-1,ASSLYIAYNEQF,1
TRBV7-9,TRBJ2-1,ASSLYIDEQF,4
TRBV7-9,TRBJ2-1,ASSLYIEQF,41
TRBV7-9,TRBJ2-1,ASSLYIFSGSSSYNEQF,1
TRBV7-9,TRBJ2-1,ASSLYIGEQF,6
TRBV7-9,TRBJ2-1,ASSLYIGEQL,1
TRBV7-9,TRBJ2-1,ASSLYIGEQS,1
TRBV7-9,TRBJ2-1,ASSLYIGGDNEQF,3
TRBV7-9,TRBJ2-1,ASSLYIGGNEQF,1
TRBV7-9,TRBJ2-1,ASSLYIGLAGNEQF,1
TRBV7-9,TRBJ2-1,ASSLYIGMIDNEQF,2
TRBV7-9,TRBJ2-1,ASSLYIGNEQF,1
TRBV7-9,TRBJ2-1,ASSLYIGQGYNEQF,1
TRBV7-9,TRBJ2-1,ASSLYIGTSENNEQF,1
TRBV7-9,TRBJ2-1,ASSLYIGYNEQF,1
TRBV7-9,TRBJ2-1,ASSLYIHEQF,1
TRBV7-9,TRBJ2-1,ASSLYIKQF,1
TRBV7-9,TRBJ2-1,ASSLYINEQF,1
TRBV7-9,TRBJ2-1,ASSLYINYEQF,8
TRBV7-9,TRBJ2-1,ASSLYIPGLAGVKGNEQF,4
TRBV7-9,TRBJ2-1,ASSLYIPRLADNEQF,1
TRBV7-9,TRBJ2-1,ASSLYIRDEQF,1
TRBV7-9,TRBJ2-1,ASSLYIRRGPPRNEQF,3
TRBV7-9,TRBJ2-1,ASSLYISGRPNEQF,1
TRBV7-9,TRBJ2-1,ASSLYISNEQF,3
TRBV7-9,TRBJ2-1,ASSLYISSYNEQF,2
TRBV7-9,TRBJ2-1,ASSLYITEYNEQF,1
TRBV7-9,TRBJ2-1,ASSLYITGNEQF,2
TRBV7-9,TRBJ2-1,ASSLYITSAGSYNEQF,1
TRBV7-9,TRBJ2-1,ASSLYITSGGSYNEQF,17
TRBV7-9,TRBJ2-1,ASSLYITSGGSYTEQF,1
TRBV7-9,TRBJ2-1,ASSLYIVDEQF,1
TRBV7-9,TRBJ2-1,ASSLYKAERYNEQF,6
TRBV7-9,TRBJ2-1,ASSLYKEQF,3
TRBV7-9,TRBJ2-1,ASSLYKGDEQF,1
TRBV7-9,TRBJ2-1,ASSLYKGGGGYNEQF,1
TRBV7-9,TRBJ2-1,ASSLYKGKSYNEQF,9
TRBV7-9,TRBJ2-1,ASSLYKGNAVF,1
TRBV7-9,TRBJ2-1,ASSLYKGNEQF,1
TRBV7-9,TRBJ2-1,ASSLYKGSYNEQF,14
TRBV7-9,TRBJ2-1,ASSLYKGVYNEQF,1
TRBV7-9,TRBJ2-1,ASSLYKLAGASDEQF,1
TRBV7-9,TRBJ2-1,ASSLYKLSYNEQF,1
TRBV7-9,TRBJ2-1,ASSLYKNEQF,4
TRBV7-9,TRBJ2-1,ASSLYKQDNEQF,12
TRBV7-9,TRBJ2-1,ASSLYKSSGYNEQF,1
TRBV7-9,TRBJ2-1,ASSLYKTGTLVYNEQF,1
TRBV7-9,TRBJ2-1,ASSLYKTSDYNEQF,1
TRBV7-9,TRBJ2-1,ASSLYKTSGDNEQF,1
TRBV7-9,TRBJ2-1,ASSLYKTSGYNEQF,8
TRBV7-9,TRBJ2-1,ASSLYKVYRSYNEQF,1
TRBV7-9,TRBJ2-1,ASSLYKYPTSSYNEQF,1
TRBV7-9,TRBJ2-1,ASSLYLADEQF,1
TRBV7-9,TRBJ2-1,ASSLYLADPYNEQF,1
TRBV7-9,TRBJ2-1,ASSLYLADYNEQF,1
TRBV7-9,TRBJ2-1,ASSLYLAESYTEQF,1
TRBV7-9,TRBJ2-1,ASSLYLAGAGYNEQF,1
TRBV7-9,TRBJ2-1,ASSLYLAGAYNEQF,12
TRBV7-9,TRBJ2-1,ASSLYLAGENEQF,1
TRBV7-9,TRBJ2-1,ASSLYLAGGGRNEQF,1
TRBV7-9,TRBJ2-1,ASSLYLAGGHEQF,1
TRBV7-9,TRBJ2-1,ASSLYLAGGHGNEQF,1
TRBV7-9,TRBJ2-1,ASSLYLAGGPNEQF,1
TRBV7-9,TRBJ2-1,ASSLYLAGGRRDEQF,1
TRBV7-9,TRBJ2-1,ASSLYLAGGSSSYNEQF,1
TRBV7-9,TRBJ2-1,ASSLYLAGLGYNEQF,1
TRBV7-9,TRBJ2-1,ASSLYLAGLNEQF,9
TRBV7-9,TRBJ2-1,ASSLYLAGNNEQF,34
TRBV7-9,TRBJ2-1,ASSLYLAGNNEQV,1
TRBV7-9,TRBJ2-1,ASSLYLAGNNVQF,1
TRBV7-9,TRBJ2-1,ASSLYLAGNYNEQF,1
TRBV7-9,TRBJ2-1,ASSLYLAGPHEQF,1
TRBV7-9,TRBJ2-1,ASSLYLAGPSYNEQF,1
TRBV7-9,TRBJ2-1,ASSLYLAGPYNEQF,1
TRBV7-9,TRBJ2-1,ASSLYLAGRGYNEQF,1
TRBV7-9,TRBJ2-1,ASSLYLAGSNEQF,1
TRBV7-9,TRBJ2-1,ASSLYLAGSSYNEQF,1
TRBV7-9,TRBJ2-1,ASSLYLAGTRDEQF,1
TRBV7-9,TRBJ2-1,ASSLYLAGVGSYNEQF,5
TRBV7-9,TRBJ2-1,ASSLYLAGVHEQF,1
TRBV7-9,TRBJ2-1,ASSLYLAGVIRGLGHEQF,10
TRBV7-9,TRBJ2-1,ASSLYLAGVLRYNEQF,1
TRBV7-9,TRBJ2-1,ASSLYLAGYNEQF,3
TRBV7-9,TRBJ2-1,ASSLYLAHNEQF,1
TRBV7-9,TRBJ2-1,ASSLYLANEQF,4
TRBV7-9,TRBJ2-1,ASSLYLAPYNEQF,1
TRBV7-9,TRBJ2-1,ASSLYLASGNNEQF,8
TRBV7-9,TRBJ2-1,ASSLYLASGRYEQF,1
TRBV7-9,TRBJ2-1,ASSLYLASSGDNEQF,8
TRBV7-9,TRBJ2-1,ASSLYLATYNEQF,1
TRBV7-9,TRBJ2-1,ASSLYLAYQF,13
TRBV7-9,TRBJ2-1,ASSLYLDDNEQF,9
TRBV7-9,TRBJ2-1,ASSLYLDEQF,10
TRBV7-9,TRBJ2-1,ASSLYLDGVF,1
TRBV7-9,TRBJ2-1,ASSLYLDPSYNEQF,1
TRBV7-9,TRBJ2-1,ASSLYLDRGAYNEQF,1
TRBV7-9,TRBJ2-1,ASSLYLDRSAYNEQF,1
TRBV7-9,TRBJ2-1,ASSLYLDSSYNEQF,1
TRBV7-9,TRBJ2-1,ASSLYLDWGYNEQF,3
TRBV7-9,TRBJ2-1,ASSLYLDYNEQF,1
TRBV7-9,TRBJ2-1,ASSLYLGALDEQF,1
TRBV7-9,TRBJ2-1,ASSLYLGDVLRNEQF,1
TRBV7-9,TRBJ2-1,ASSLYLGEAYNEQF,4
TRBV7-9,TRBJ2-1,ASSLYLGERYNEQF,13
TRBV7-9,TRBJ2-1,ASSLYLGESYNEQF,1
TRBV7-9,TRBJ2-1,ASSLYLGGDEQF,1
TRBV7-9,TRBJ2-1,ASSLYLGGLNEQF,1
TRBV7-9,TRBJ2-1,ASSLYLGGTLFNEQF,1
TRBV7-9,TRBJ2-1,ASSLYLGLAGEDEQF,1
TRBV7-9,TRBJ2-1,ASSLYLGLAGEGNEQF,1
TRBV7-9,TRBJ2-1,ASSLYLGLAGGHEQF,1
TRBV7-9,TRBJ2-1,ASSLYLGLAGLEQF,5
TRBV7-9,TRBJ2-1,ASSLYLGLGGLEQF,1
TRBV7-9,TRBJ2-1,ASSLYLGNEQF,17
TRBV7-9,TRBJ2-1,ASSLYLGPSDPNEQF,1
TRBV7-9,TRBJ2-1,ASSLYLGQGLHEQF,1
TRBV7-9,TRBJ2-1,ASSLYLGTAAYNEQF,1
TRBV7-9,TRBJ2-1,ASSLYLGTALYNEQF,1
TRBV7-9,TRBJ2-1,ASSLYLGTFGEQF,3
TRBV7-9,TRBJ2-1,ASSLYLGTGNNEQF,1
TRBV7-9,TRBJ2-1,ASSLYLGTGSYNEQF,1
TRBV7-9,TRBJ2-1,ASSLYLGTLNEQF,6
TRBV7-9,TRBJ2-1,ASSLYLGTSGGKEQF,7
TRBV7-9,TRBJ2-1,ASSLYLGTSGNNEQF,3
TRBV7-9,TRBJ2-1,ASSLYLGVSGRDHNEQF,10
TRBV7-9,TRBJ2-1,ASSLYLGYNEQF,1
TRBV7-9,TRBJ2-1,ASSLYLINNEQF,6
TRBV7-9,TRBJ2-1,ASSLYLLAGARAEQF,1
TRBV7-9,TRBJ2-1,ASSLYLLAGARGEQF,8
TRBV7-9,TRBJ2-1,ASSLYLLAGNNEQF,1
TRBV7-9,TRBJ2-1,ASSLYLLSDYNEQF,1
TRBV7-9,TRBJ2-1,ASSLYLNEQF,29
TRBV7-9,TRBJ2-1,ASSLYLNNEQF,5
TRBV7-9,TRBJ2-1,ASSLYLPAGADEQF,1
TRBV7-9,TRBJ2-1,ASSLYLPGNEQF,1
TRBV7-9,TRBJ2-1,ASSLYLPGNRDEQF,5
TRBV7-9,TRBJ2-1,ASSLYLPGTRDEQF,1
TRBV7-9,TRBJ2-1,ASSLYLPLRPGEQF,4
TRBV7-9,TRBJ2-1,ASSLYLPLRTSGRNEQF,1
TRBV7-9,TRBJ2-1,ASSLYLPRRDEQF,1
TRBV7-9,TRBJ2-1,ASSLYLPSQIHNEQF,11
TRBV7-9,TRBJ2-1,ASSLYLQGGNEQF,1
TRBV7-9,TRBJ2-1,ASSLYLQGLGSYNEQF,2
TRBV7-9,TRBJ2-1,ASSLYLRAGGGFNEQF,1
TRBV7-9,TRBJ2-1,ASSLYLRASSYNEQF,1
TRBV7-9,TRBJ2-1,ASSLYLRDVYNEQF,2
TRBV7-9,TRBJ2-1,ASSLYLREGLRDNEQF,1
TRBV7-9,TRBJ2-1,ASSLYLRGASSYNEQF,1
TRBV7-9,TRBJ2-1,ASSLYLRNNEQF,1
TRBV7-9,TRBJ2-1,ASSLYLRRSGIYNEQF,1
TRBV7-9,TRBJ2-1,ASSLYLSFEVLNEQF,1
TRBV7-9,TRBJ2-1,ASSLYLSRGSYNEQF,1
TRBV7-9,TRBJ2-1,ASSLYLSSPRF,4
TRBV7-9,TRBJ2-1,ASSLYLSTNEQF,1
TRBV7-9,TRBJ2-1,ASSLYLSTNNEQF,2
TRBV7-9,TRBJ2-1,ASSLYLTGGNEQF,2
TRBV7-9,TRBJ2-1,ASSLYLTGTFNEQF,1
TRBV7-9,TRBJ2-1,ASSLYLTSGRLNEQF,1
TRBV7-9,TRBJ2-1,ASSLYLTSRDYNEQF,1
TRBV7-9,TRBJ2-1,ASSLYLVGDEQF,1
TRBV7-9,TRBJ2-1,ASSLYLVGNNEQF,1
TRBV7-9,TRBJ2-1,ASSLYLYNEQF,2
TRBV7-9,TRBJ2-1,ASSLYMEFWNNEQF,15
TRBV7-9,TRBJ2-1,ASSLYMEFWNTEQF,1
TRBV7-9,TRBJ2-1,ASSLYMEQF,1
TRBV7-9,TRBJ2-1,ASSLYMGGDEQF,1
TRBV7-9,TRBJ2-1,ASSLYMGLAGVGYNEQF,20
TRBV7-9,TRBJ2-1,ASSLYMGLARHNEQF,1
TRBV7-9,TRBJ2-1,ASSLYMGPGRPYNEQF,1
TRBV7-9,TRBJ2-1,ASSLYMGQYNEQF,1
TRBV7-9,TRBJ2-1,ASSLYMGSYNEQF,8
TRBV7-9,TRBJ2-1,ASSLYMRTSGYNEQF,1
TRBV7-9,TRBJ2-1,ASSLYMSNEQF,1
TRBV7-9,TRBJ2-1,ASSLYMSSYNEQF,1
TRBV7-9,TRBJ2-1,ASSLYMVNEQF,1
TRBV7-9,TRBJ2-1,ASSLYNDNEQF,1
TRBV7-9,TRBJ2-1,ASSLYNDQF,3
TRBV7-9,TRBJ2-1,ASSLYNEHF,1
TRBV7-9,TRBJ2-1,ASSLYNEPF,1
TRBV7-9,TRBJ2-1,ASSLYNEQC,1
TRBV7-9,TRBJ2-1,ASSLYNEQF,401
TRBV7-9,TRBJ2-1,ASSLYNERF,1
TRBV7-9,TRBJ2-1,ASSLYNERWRDNEQF,12
TRBV7-9,TRBJ2-1,ASSLYNGGDNEQF,1
TRBV7-9,TRBJ2-1,ASSLYNGLADYNEQF,2
TRBV7-9,TRBJ2-1,ASSLYNGQF,1
TRBV7-9,TRBJ2-1,ASSLYNGVGSYNEQF,1
TRBV7-9,TRBJ2-1,ASSLYNGVWTYNEQF,1
TRBV7-9,TRBJ2-1,ASSLYNKINNEQF,1
TRBV7-9,TRBJ2-1,ASSLYNNEQF,18
TRBV7-9,TRBJ2-1,ASSLYNPAYNEQF,1
TRBV7-9,TRBJ2-1,ASSLYNPRRPNNEQF,1
TRBV7-9,TRBJ2-1,ASSLYNRDNEQF,1
TRBV7-9,TRBJ2-1,ASSLYNRFQNNEQF,1
TRBV7-9,TRBJ2-1,ASSLYNRKGDEQF,1
TRBV7-9,TRBJ2-1,ASSLYNRRGNEQF,1
TRBV7-9,TRBJ2-1,ASSLYNRRISYNEQF,1
TRBV7-9,TRBJ2-1,ASSLYNSHNEQF,1
TRBV7-9,TRBJ2-1,ASSLYNSNNEQF,1
TRBV7-9,TRBJ2-1,ASSLYNSYNEQF,2
TRBV7-9,TRBJ2-1,ASSLYNSYYNEQF,7
TRBV7-9,TRBJ2-1,ASSLYNTADNEQF,1
TRBV7-9,TRBJ2-1,ASSLYNTQC,1
TRBV7-9,TRBJ2-1,ASSLYNWKENNEQF,1
TRBV7-9,TRBJ2-1,ASSLYNYEQF,1
TRBV7-9,TRBJ2-1,ASSLYNYNEQF,2
TRBV7-9,TRBJ2-1,ASSLYNYPQGPYNEQF,1
TRBV7-9,TRBJ2-1,ASSLYPAAYNEQL,1
TRBV7-9,TRBJ2-1,ASSLYPAEYNEQF,1
TRBV7-9,TRBJ2-1,ASSLYPAFSSSNEQF,1
TRBV7-9,TRBJ2-1,ASSLYPAFSSYNEQF,12
TRBV7-9,TRBJ2-1,ASSLYPAGADNEQF,1
TRBV7-9,TRBJ2-1,ASSLYPAGDPRNEQF,1
TRBV7-9,TRBJ2-1,ASSLYPAGFDEQF,1
TRBV7-9,TRBJ2-1,ASSLYPAGFYNEQF,1
TRBV7-9,TRBJ2-1,ASSLYPAGGDEQF,1
TRBV7-9,TRBJ2-1,ASSLYPAGSSYNEQF,8
TRBV7-9,TRBJ2-1,ASSLYPAKGPSYNEQF,9
TRBV7-9,TRBJ2-1,ASSLYPARNEQF,4
TRBV7-9,TRBJ2-1,ASSLYPARRGNPLGEQF,12
TRBV7-9,TRBJ2-1,ASSLYPAVSSYNEQF,1
TRBV7-9,TRBJ2-1,ASSLYPAVYNEQF,1
TRBV7-9,TRBJ2-1,ASSLYPDAYNEQF,1
TRBV7-9,TRBJ2-1,ASSLYPDLGDEQF,1
TRBV7-9,TRBJ2-1,ASSLYPDNEQF,2
TRBV7-9,TRBJ2-1,ASSLYPDPYNEQF,1
TRBV7-9,TRBJ2-1,ASSLYPDRADNEQF,1
TRBV7-9,TRBJ2-1,ASSLYPDSEQF,1
TRBV7-9,TRBJ2-1,ASSLYPDSYNEQF,6
TRBV7-9,TRBJ2-1,ASSLYPEAANEQF,1
TRBV7-9,TRBJ2-1,ASSLYPEADNEQF,1
TRBV7-9,TRBJ2-1,ASSLYPEAHNEQF,1
TRBV7-9,TRBJ2-1,ASSLYPEANNEQC,1
TRBV7-9,TRBJ2-1,ASSLYPEASVGNEQF,1
TRBV7-9,TRBJ2-1,ASSLYPEAYKEQF,1
TRBV7-9,TRBJ2-1,ASSLYPEAYNEQF,9
TRBV7-9,TRBJ2-1,ASSLYPEAYNEQL,1
TRBV7-9,TRBJ2-1,ASSLYPEAYNEQS,1
TRBV7-9,TRBJ2-1,ASSLYPEAYNEQT,1
TRBV7-9,TRBJ2-1,ASSLYPEAYNEQV,1
TRBV7-9,TRBJ2-1,ASSLYPEENAQF,1
TRBV7-9,TRBJ2-1,ASSLYPEENEKF,1
TRBV7-9,TRBJ2-1,ASSLYPEENEQF,15
TRBV7-9,TRBJ2-1,ASSLYPEEYEQF,1
TRBV7-9,TRBJ2-1,ASSLYPELGYNEQF,1
TRBV7-9,TRBJ2-1,ASSLYPELTYNEQF,1
TRBV7-9,TRBJ2-1,ASSLYPERGRAGDEQF,6
TRBV7-9,TRBJ2-1,ASSLYPESSYNEQF,4
TRBV7-9,TRBJ2-1,ASSLYPFGGKNNEQF,1
TRBV7-9,TRBJ2-1,ASSLYPFGSFSYNEQF,1
TRBV7-9,TRBJ2-1,ASSLYPGASYNEQF,1
TRBV7-9,TRBJ2-1,ASSLYPGAYNEQF,2
TRBV7-9,TRBJ2-1,ASSLYPGDSQF,5
TRBV7-9,TRBJ2-1,ASSLYPGDYNEQF,1
TRBV7-9,TRBJ2-1,ASSLYPGEYNEQF,1
TRBV7-9,TRBJ2-1,ASSLYPGGSWDNEQF,1
TRBV7-9,TRBJ2-1,ASSLYPGGTNEQF,1
TRBV7-9,TRBJ2-1,ASSLYPGGYNEQF,1
TRBV7-9,TRBJ2-1,ASSLYPGIDEQF,1
TRBV7-9,TRBJ2-1,ASSLYPGIDYNEQF,1
TRBV7-9,TRBJ2-1,ASSLYPGLAA,1
TRBV7-9,TRBJ2-1,ASSLYPGLAGYLPKGSNEQF,5
TRBV7-9,TRBJ2-1,ASSLYPGLAL,1
TRBV7-9,TRBJ2-1,ASSLYPGLAS,78
TRBV7-9,TRBJ2-1,ASSLYPGLDYNEQF,16
TRBV7-9,TRBJ2-1,ASSLYPGLYS,1
TRBV7-9,TRBJ2-1,ASSLYPGNEQF,1
TRBV7-9,TRBJ2-1,ASSLYPGPEIYNEQF,1
TRBV7-9,TRBJ2-1,ASSLYPGPGNEQF,1
TRBV7-9,TRBJ2-1,ASSLYPGQNNEQF,5
TRBV7-9,TRBJ2-1,ASSLYPGQYNEQF,1
TRBV7-9,TRBJ2-1,ASSLYPGRTNEQF,1
TRBV7-9,TRBJ2-1,ASSLYPGRVNEQF,8
TRBV7-9,TRBJ2-1,ASSLYPGSSYNEQF,1
TRBV7-9,TRBJ2-1,ASSLYPGSYNEQF,1
TRBV7-9,TRBJ2-1,ASSLYPGTDEQF,1
TRBV7-9,TRBJ2-1,ASSLYPGTGGLLSSYNEQF,1
TRBV7-9,TRBJ2-1,ASSLYPGTSGANHEQF,8
TRBV7-9,TRBJ2-1,ASSLYPGTSGILYNEQF,1
TRBV7-9,TRBJ2-1,ASSLYPGTSGKGNEQF,1
TRBV7-9,TRBJ2-1,ASSLYPGTSLSYNEQF,1
TRBV7-9,TRBJ2-1,ASSLYPGTSYNEQF,1
TRBV7-9,TRBJ2-1,ASSLYPGVAA,2
TRBV7-9,TRBJ2-1,ASSLYPGVGVRDNEQF,1
TRBV7-9,TRBJ2-1,ASSLYPGVLGQGYNEQF,1
TRBV7-9,TRBJ2-1,ASSLYPGWGFNNEQF,5
TRBV7-9,TRBJ2-1,ASSLYPGYNEQF,9
TRBV7-9,TRBJ2-1,ASSLYPHEQF,1
TRBV7-9,TRBJ2-1,ASSLYPHGGETYNEQF,1
TRBV7-9,TRBJ2-1,ASSLYPIQGQGDNEQF,1
TRBV7-9,TRBJ2-1,ASSLYPKASVGNEQF,9
TRBV7-9,TRBJ2-1,ASSLYPLAGANNEQF,1
TRBV7-9,TRBJ2-1,ASSLYPLAGGLNEQF,1
TRBV7-9,TRBJ2-1,ASSLYPLGEQF,3
TRBV7-9,TRBJ2-1,ASSLYPLGPYNEQF,4
TRBV7-9,TRBJ2-1,ASSLYPLISYNEQF,1
TRBV7-9,TRBJ2-1,ASSLYPLPQSRDNEQF,1
TRBV7-9,TRBJ2-1,ASSLYPLPRGTGEDEQF,1
TRBV7-9,TRBJ2-1,ASSLYPLRTGSSYNEQF,1
TRBV7-9,TRBJ2-1,ASSLYPNEQF,7
TRBV7-9,TRBJ2-1,ASSLYPNNEQF,1
TRBV7-9,TRBJ2-1,ASSLYPNSDSYNEQF,1
TRBV7-9,TRBJ2-1,ASSLYPPAGGGNEQF,2
TRBV7-9,TRBJ2-1,ASSLYPPALGLEQF,11
TRBV7-9,TRBJ2-1,ASSLYPPGLGAHNEQF,1
TRBV7-9,TRBJ2-1,ASSLYPPGPRGDNEQF,1
TRBV7-9,TRBJ2-1,ASSLYPPGSSYNEQF,1
TRBV7-9,TRBJ2-1,ASSLYPPGTGINEQF,1
TRBV7-9,TRBJ2-1,ASSLYPPGTLDNEQF,1
TRBV7-9,TRBJ2-1,ASSLYPPLAGDEQF,9
TRBV7-9,TRBJ2-1,ASSLYPPNEQV,1
TRBV7-9,TRBJ2-1,ASSLYPPREAYNEQF,1
TRBV7-9,TRBJ2-1,ASSLYPPTGMNEQF,1
TRBV7-9,TRBJ2-1,ASSLYPPYSYNEQF,1
TRBV7-9,TRBJ2-1,ASSLYPQGAYNEQF,1
TRBV7-9,TRBJ2-1,ASSLYPQGERHEQF,13
TRBV7-9,TRBJ2-1,ASSLYPQGERHEQV,1
TRBV7-9,TRBJ2-1,ASSLYPQGFSYNEQF,1
TRBV7-9,TRBJ2-1,ASSLYPQNEQF,2
TRBV7-9,TRBJ2-1,ASSLYPQRFRYNEQF,1
TRBV7-9,TRBJ2-1,ASSLYPQTSGSFDEQF,1
TRBV7-9,TRBJ2-1,ASSLYPRDNDRYEQF,11
TRBV7-9,TRBJ2-1,ASSLYPRDRGYNEQF,1
TRBV7-9,TRBJ2-1,ASSLYPREGRSYNEQF,1
TRBV7-9,TRBJ2-1,ASSLYPREVHSEQF,7
TRBV7-9,TRBJ2-1,ASSLYPREVIYNEQF,1
TRBV7-9,TRBJ2-1,ASSLYPRGGQLYNEQF,1
TRBV7-9,TRBJ2-1,ASSLYPRGRGGRIYNEQF,6
TRBV7-9,TRBJ2-1,ASSLYPRGYNEQF,1
TRBV7-9,TRBJ2-1,ASSLYPRKAGNEQF,1
TRBV7-9,TRBJ2-1,ASSLYPRKTSGSLDEQF,1
TRBV7-9,TRBJ2-1,ASSLYPRLAS,1
TRBV7-9,TRBJ2-1,ASSLYPRLSYNEQF,1
TRBV7-9,TRBJ2-1,ASSLYPRNEQF,1
TRBV7-9,TRBJ2-1,ASSLYPRQEHNEQF,1
TRBV7-9,TRBJ2-1,ASSLYPRSSYNEQF,1
TRBV7-9,TRBJ2-1,ASSLYPRTSGRGYNEQF,1
TRBV7-9,TRBJ2-1,ASSLYPSAYNEQF,1
TRBV7-9,TRBJ2-1,ASSLYPSDEQF,2
TRBV7-9,TRBJ2-1,ASSLYPSEQC,1
TRBV7-9,TRBJ2-1,ASSLYPSEQF,18
TRBV7-9,TRBJ2-1,ASSLYPSGGNEQF,7
TRBV7-9,TRBJ2-1,ASSLYPSGIDEQF,1
TRBV7-9,TRBJ2-1,ASSLYPSGINNEQF,3
TRBV7-9,TRBJ2-1,ASSLYPSGNANEQF,6
TRBV7-9,TRBJ2-1,ASSLYPSGNEQF,1
TRBV7-9,TRBJ2-1,ASSLYPSGPNNEQF,1
TRBV7-9,TRBJ2-1,ASSLYPSGRAGNEQF,1
TRBV7-9,TRBJ2-1,ASSLYPSGRDEQF,1
TRBV7-9,TRBJ2-1,ASSLYPSGSNEQF,1
TRBV7-9,TRBJ2-1,ASSLYPSGVSSYNEQF,1
TRBV7-9,TRBJ2-1,ASSLYPSGYNEQF,1
TRBV7-9,TRBJ2-1,ASSLYPSKEQF,1
TRBV7-9,TRBJ2-1,ASSLYPSNEQF,9
TRBV7-9,TRBJ2-1,ASSLYPSPANEQF,1
TRBV7-9,TRBJ2-1,ASSLYPSPVYNEQF,6
TRBV7-9,TRBJ2-1,ASSLYPSSSYNEQF,1
TRBV7-9,TRBJ2-1,ASSLYPSSYNEQF,3
TRBV7-9,TRBJ2-1,ASSLYPTAPYNEQF,1
TRBV7-9,TRBJ2-1,ASSLYPTAYNEQF,1
TRBV7-9,TRBJ2-1,ASSLYPTGDSYNEQF,1
TRBV7-9,TRBJ2-1,ASSLYPTGLAGHEQF,3
TRBV7-9,TRBJ2-1,ASSLYPTGLNNEQF,1
TRBV7-9,TRBJ2-1,ASSLYPTGSDEQF,1
TRBV7-9,TRBJ2-1,ASSLYPTLAGGNEQS,1
TRBV7-9,TRBJ2-1,ASSLYPTNEQF,1
TRBV7-9,TRBJ2-1,ASSLYPTQYNEQF,1
TRBV7-9,TRBJ2-1,ASSLYPTRDSYNVQF,1
TRBV7-9,TRBJ2-1,ASSLYPTSDSFNEQF,1
TRBV7-9,TRBJ2-1,ASSLYPTSDSYKEQF,1
TRBV7-9,TRBJ2-1,ASSLYPTSDSYKERF,1
TRBV7-9,TRBJ2-1,ASSLYPTSDSYNDQF,1
TRBV7-9,TRBJ2-1,ASSLYPTSDSYNEHF,1
TRBV7-9,TRBJ2-1,ASSLYPTSDSYNEQF,34
TRBV7-9,TRBJ2-1,ASSLYPTSGGYNEQF,1
TRBV7-9,TRBJ2-1,ASSLYPTSGRVRENEQF,1
TRBV7-9,TRBJ2-1,ASSLYPTSGSWDEQF,1
TRBV7-9,TRBJ2-1,ASSLYPVAGAGNEQF,1
TRBV7-9,TRBJ2-1,ASSLYPVASSYNEQF,1
TRBV7-9,TRBJ2-1,ASSLYPVDEQF,1
TRBV7-9,TRBJ2-1,ASSLYPVESSYNEQF,7
TRBV7-9,TRBJ2-1,ASSLYPVIAS,1
TRBV7-9,TRBJ2-1,ASSLYPVLAS,1
TRBV7-9,TRBJ2-1,ASSLYPVNEQF,8
TRBV7-9,TRBJ2-1,ASSLYPVQGSTGNEQF,1
TRBV7-9,TRBJ2-1,ASSLYPWGLAGSYNEQF,1
TRBV7-9,TRBJ2-1,ASSLYPWRQVAPSYNEQF,5
TRBV7-9,TRBJ2-1,ASSLYPYNEQF,3
TRBV7-9,TRBJ2-1,ASSLYQAASYNEQF,6
TRBV7-9,TRBJ2-1,ASSLYQAGDNEQF,1
TRBV7-9,TRBJ2-1,ASSLYQAGGNEQF,1
TRBV7-9,TRBJ2-1,ASSLYQAGTNEQF,1
TRBV7-9,TRBJ2-1,ASSLYQDEQF,1
TRBV7-9,TRBJ2-1,ASSLYQDGNEQF,10
TRBV7-9,TRBJ2-1,ASSLYQERAVF,1
TRBV7-9,TRBJ2-1,ASSLYQFSAAYNEQF,1
TRBV7-9,TRBJ2-1,ASSLYQGAFPEQF,5
TRBV7-9,TRBJ2-1,ASSLYQGAGHEQF,1
TRBV7-9,TRBJ2-1,ASSLYQGAGNEQF,7
TRBV7-9,TRBJ2-1,ASSLYQGANNEQF,1
TRBV7-9,TRBJ2-1,ASSLYQGARDEQF,1
TRBV7-9,TRBJ2-1,ASSLYQGDNEQF,1
TRBV7-9,TRBJ2-1,ASSLYQGFNEQF,1
TRBV7-9,TRBJ2-1,ASSLYQGFRQDEQF,1
TRBV7-9,TRBJ2-1,ASSLYQGGLRDEQF,1
TRBV7-9,TRBJ2-1,ASSLYQGGNEQF,1
TRBV7-9,TRBJ2-1,ASSLYQGGYDEQF,1
TRBV7-9,TRBJ2-1,ASSLYQGGYNEQF,20
TRBV7-9,TRBJ2-1,ASSLYQGHVSSYNEQF,1
TRBV7-9,TRBJ2-1,ASSLYQGLAGNNEQF,3
TRBV7-9,TRBJ2-1,ASSLYQGLSF,21
TRBV7-9,TRBJ2-1,ASSLYQGLSISDEQF,1
TRBV7-9,TRBJ2-1,ASSLYQGLSSYNEQF,1
TRBV7-9,TRBJ2-1,ASSLYQGLYNEQF,1
TRBV7-9,TRBJ2-1,ASSLYQGMNEQF,2
TRBV7-9,TRBJ2-1,ASSLYQGPGNEQF,3
TRBV7-9,TRBJ2-1,ASSLYQGRAVC,1
TRBV7-9,TRBJ2-1,ASSLYQGRAVF,43
TRBV7-9,TRBJ2-1,ASSLYQGRAVL,1
TRBV7-9,TRBJ2-1,ASSLYQGREVC,1
TRBV7-9,TRBJ2-1,ASSLYQGRGYNEQF,1
TRBV7-9,TRBJ2-1,ASSLYQGRRLRAYNEQF,1
TRBV7-9,TRBJ2-1,ASSLYQGRRLRTYNAQF,1
TRBV7-9,TRBJ2-1,ASSLYQGRRLRTYNEQF,32
TRBV7-9,TRBJ2-1,ASSLYQGRSLRTYNEQF,1
TRBV7-9,TRBJ2-1,ASSLYQGRSRVNEQF,1
TRBV7-9,TRBJ2-1,ASSLYQGSSYNEQF,8
TRBV7-9,TRBJ2-1,ASSLYQGSTRLSHNEQF,1
TRBV7-9,TRBJ2-1,ASSLYQGTYNEQF,9
TRBV7-9,TRBJ2-1,ASSLYQGVIYNEQF,1
TRBV7-9,TRBJ2-1,ASSLYQGVLVNEQF,1
TRBV7-9,TRBJ2-1,ASSLYQGYNEQF,1
TRBV7-9,TRBJ2-1,ASSLYQIGNEQF,1
TRBV7-9,TRBJ2-1,ASSLYQLAGDGDEQF,1
TRBV7-9,TRBJ2-1,ASSLYQLAGGNEQF,1
TRBV7-9,TRBJ2-1,ASSLYQLGYEQF,1
TRBV7-9,TRBJ2-1,ASSLYQQEQF,8
TRBV7-9,TRBJ2-1,ASSLYQRAGAQPYNEQF,1
TRBV7-9,TRBJ2-1,ASSLYQRDYNEQF,1
TRBV7-9,TRBJ2-1,ASSLYQRGIYESSYNEQF,2
TRBV7-9,TRBJ2-1,ASSLYQRNNEQF,1
TRBV7-9,TRBJ2-1,ASSLYQRRRLRTYNEQF,2
TRBV7-9,TRBJ2-1,ASSLYQSAYSEQF,1
TRBV7-9,TRBJ2-1,ASSLYQSPYNEQF,1
TRBV7-9,TRBJ2-1,ASSLYQSSYNEQF,2
TRBV7-9,TRBJ2-1,ASSLYQSYNEQF,1
TRBV7-9,TRBJ2-1,ASSLYQTGENEQF,1
TRBV7-9,TRBJ2-1,ASSLYQTKHGNEQF,1
TRBV7-9,TRBJ2-1,ASSLYQTKSYNEQF,4
TRBV7-9,TRBJ2-1,ASSLYQTSAVRNEQF,1
TRBV7-9,TRBJ2-1,ASSLYQTSGGVDNEQF,2
TRBV7-9,TRBJ2-1,ASSLYQTTLYNEQF,1
TRBV7-9,TRBJ2-1,ASSLYQVNEQF,1
TRBV7-9,TRBJ2-1,ASSLYQYNEQF,2
TRBV7-9,TRBJ2-1,ASSLYRAAGGTYNEQF,1
TRBV7-9,TRBJ2-1,ASSLYRAAYNEQF,1
TRBV7-9,TRBJ2-1,ASSLYRADEQF,4
TRBV7-9,TRBJ2-1,ASSLYRAGANEQF,1
TRBV7-9,TRBJ2-1,ASSLYRAGEQF,1
TRBV7-9,TRBJ2-1,ASSLYRAGGGNEQF,4
TRBV7-9,TRBJ2-1,ASSLYRAGGYNEQF,12
TRBV7-9,TRBJ2-1,ASSLYRAGLFNEQF,1
TRBV7-9,TRBJ2-1,ASSLYRAGTSGLYNEQF,12
TRBV7-9,TRBJ2-1,ASSLYRAHEQF,1
TRBV7-9,TRBJ2-1,ASSLYRANEQF,13
TRBV7-9,TRBJ2-1,ASSLYRARAL,1
TRBV7-9,TRBJ2-1,ASSLYRASGMFNEQF,1
TRBV7-9,TRBJ2-1,ASSLYRASGNNEQF,1
TRBV7-9,TRBJ2-1,ASSLYRDEQF,6
TRBV7-9,TRBJ2-1,ASSLYRDFDNEQF,1
TRBV7-9,TRBJ2-1,ASSLYRDFIEQF,3
TRBV7-9,TRBJ2-1,ASSLYRDFIHEQF,1
TRBV7-9,TRBJ2-1,ASSLYRDFSYNEQF,1
TRBV7-9,TRBJ2-1,ASSLYRDGDEQF,2
TRBV7-9,TRBJ2-1,ASSLYRDGPYNEQF,4
TRBV7-9,TRBJ2-1,ASSLYRDINEQF,3
TRBV7-9,TRBJ2-1,ASSLYRDKYNEQF,1
TRBV7-9,TRBJ2-1,ASSLYRDLGGYNEQF,1
TRBV7-9,TRBJ2-1,ASSLYRDLNNEQF,1
TRBV7-9,TRBJ2-1,ASSLYRDNEQF,15
TRBV7-9,TRBJ2-1,ASSLYRDPGPNEQF,1
TRBV7-9,TRBJ2-1,ASSLYRDPKNGNEQF,6
TRBV7-9,TRBJ2-1,ASSLYRDQYNEQF,1
TRBV7-9,TRBJ2-1,ASSLYRDRADEQF,1
TRBV7-9,TRBJ2-1,ASSLYRDRAGNEQF,1
TRBV7-9,TRBJ2-1,ASSLYRDRAL,8
TRBV7-9,TRBJ2-1,ASSLYRDRDEQF,1
TRBV7-9,TRBJ2-1,ASSLYRDRDNEQF,1
TRBV7-9,TRBJ2-1,ASSLYRDRGDEQF,1
TRBV7-9,TRBJ2-1,ASSLYRDRGHNEQF,1
TRBV7-9,TRBJ2-1,ASSLYRDRGRGNEQF,1
TRBV7-9,TRBJ2-1,ASSLYRDRGRNEQF,1
TRBV7-9,TRBJ2-1,ASSLYRDRLYNEQF,12
TRBV7-9,TRBJ2-1,ASSLYRDRSNEQF,1
TRBV7-9,TRBJ2-1,ASSLYRDRVNEQF,4
TRBV7-9,TRBJ2-1,ASSLYRDRVSNEQF,2
TRBV7-9,TRBJ2-1,ASSLYRDSDNEQF,1
TRBV7-9,TRBJ2-1,ASSLYRDSYNEQF,1
TRBV7-9,TRBJ2-1,ASSLYRDYEQF,14
TRBV7-9,TRBJ2-1,ASSLYRDYNEQF,1
TRBV7-9,TRBJ2-1,ASSLYREDNEQF,1
TRBV7-9,TRBJ2-1,ASSLYREGLGNEQF,1
TRBV7-9,TRBJ2-1,ASSLYREGLPAGRNEQF,1
TRBV7-9,TRBJ2-1,ASSLYREGNEQF,13
TRBV7-9,TRBJ2-1,ASSLYREGRYEQF,1
TRBV7-9,TRBJ2-1,ASSLYREGYNEQF,3
TRBV7-9,TRBJ2-1,ASSLYREMGNEQF,1
TRBV7-9,TRBJ2-1,ASSLYRENEQF,6
TRBV7-9,TRBJ2-1,ASSLYREPNNEQF,1
TRBV7-9,TRBJ2-1,ASSLYREQF,1
TRBV7-9,TRBJ2-1,ASSLYREQGNEQF,1
TRBV7-9,TRBJ2-1,ASSLYRERGNEQF,1
TRBV7-9,TRBJ2-1,ASSLYRETHNEQF,1
TRBV7-9,TRBJ2-1,ASSLYREWQSHEQF,1
TRBV7-9,TRBJ2-1,ASSLYREYNEQF,1
TRBV7-9,TRBJ2-1,ASSLYRGAGRQYNEQF,1
TRBV7-9,TRBJ2-1,ASSLYRGALGYNEQF,1
TRBV7-9,TRBJ2-1,ASSLYRGALNEQF,1
TRBV7-9,TRBJ2-1,ASSLYRGATYNEQF,14
TRBV7-9,TRBJ2-1,ASSLYRGAYNEQF,3
TRBV7-9,TRBJ2-1,ASSLYRGDEQF,18
TRBV7-9,TRBJ2-1,ASSLYRGDGQF,1
TRBV7-9,TRBJ2-1,ASSLYRGDNEQF,1
TRBV7-9,TRBJ2-1,ASSLYRGDRYDEQF,1
TRBV7-9,TRBJ2-1,ASSLYRGDYNEQF,2
TRBV7-9,TRBJ2-1,ASSLYRGEGYNEQF,1
TRBV7-9,TRBJ2-1,ASSLYRGEHNEQF,1
TRBV7-9,TRBJ2-1,ASSLYRGESNEQF,1
TRBV7-9,TRBJ2-1,ASSLYRGESYNEQF,1
TRBV7-9,TRBJ2-1,ASSLYRGEYNEQF,6
TRBV7-9,TRBJ2-1,ASSLYRGGAVF,1
TRBV7-9,TRBJ2-1,ASSLYRGGEAHEQF,1
TRBV7-9,TRBJ2-1,ASSLYRGGNEQF,2
TRBV7-9,TRBJ2-1,ASSLYRGGSYNEQF,1
TRBV7-9,TRBJ2-1,ASSLYRGGTAGGYNEQF,1
TRBV7-9,TRBJ2-1,ASSLYRGGYEQF,1
TRBV7-9,TRBJ2-1,ASSLYRGGYNEQF,9
TRBV7-9,TRBJ2-1,ASSLYRGHNYNEQF,1
TRBV7-9,TRBJ2-1,ASSLYRGHYNEQF,1
TRBV7-9,TRBJ2-1,ASSLYRGKDEQF,8
TRBV7-9,TRBJ2-1,ASSLYRGKSSYNEQF,1
TRBV7-9,TRBJ2-1,ASSLYRGLAGDNEQF,2
TRBV7-9,TRBJ2-1,ASSLYRGLAGESYNEQF,4
TRBV7-9,TRBJ2-1,ASSLYRGLRVYNEQF,1
TRBV7-9,TRBJ2-1,ASSLYRGLRYNEQF,1
TRBV7-9,TRBJ2-1,ASSLYRGLSNEQF,1
TRBV7-9,TRBJ2-1,ASSLYRGLYNEQF,3
TRBV7-9,TRBJ2-1,ASSLYRGNEQF,1
TRBV7-9,TRBJ2-1,ASSLYRGPEDEQF,1
TRBV7-9,TRBJ2-1,ASSLYRGPGGEQF,9
TRBV7-9,TRBJ2-1,ASSLYRGPGGSADRSSNEQF,1
TRBV7-9,TRBJ2-1,ASSLYRGPGGSAERSYNEQF,3
TRBV7-9,TRBJ2-1,ASSLYRGPGLDYNEQF,2
TRBV7-9,TRBJ2-1,ASSLYRGPGNNEQF,1
TRBV7-9,TRBJ2-1,ASSLYRGPSSYNEQF,17
TRBV7-9,TRBJ2-1,ASSLYRGPYNEQF,2
TRBV7-9,TRBJ2-1,ASSLYRGQGGSYNEQF,1
TRBV7-9,TRBJ2-1,ASSLYRGQGNDEQF,1
TRBV7-9,TRBJ2-1,ASSLYRGQSDEQF,11
TRBV7-9,TRBJ2-1,ASSLYRGRAVF,1
TRBV7-9,TRBJ2-1,ASSLYRGRENNEQF,1
TRBV7-9,TRBJ2-1,ASSLYRGRGANNEQF,1
TRBV7-9,TRBJ2-1,ASSLYRGRGGYNEQF,1
TRBV7-9,TRBJ2-1,ASSLYRGRGTDEQF,10
TRBV7-9,TRBJ2-1,ASSLYRGRLTSGSNEQF,1
TRBV7-9,TRBJ2-1,ASSLYRGRSYNEQF,1
TRBV7-9,TRBJ2-1,ASSLYRGRTYNEQF,17
TRBV7-9,TRBJ2-1,ASSLYRGRVDEQF,1
TRBV7-9,TRBJ2-1,ASSLYRGSDEQF,1
TRBV7-9,TRBJ2-1,ASSLYRGSFVNEQF,1
TRBV7-9,TRBJ2-1,ASSLYRGSGNEQF,1
TRBV7-9,TRBJ2-1,ASSLYRGSGRQYNEQF,1
TRBV7-9,TRBJ2-1,ASSLYRGSMGDEQF,1
TRBV7-9,TRBJ2-1,ASSLYRGSNEQF,1
TRBV7-9,TRBJ2-1,ASSLYRGSPTFDEQF,1
TRBV7-9,TRBJ2-1,ASSLYRGSQGTYNEQF,1
TRBV7-9,TRBJ2-1,ASSLYRGSRF,9
TRBV7-9,TRBJ2-1,ASSLYRGSSYNEQF,2
TRBV7-9,TRBJ2-1,ASSLYRGSTYNEQF,14
TRBV7-9,TRBJ2-1,ASSLYRGSWDEQF,1
TRBV7-9,TRBJ2-1,ASSLYRGSYNEQF,6
TRBV7-9,TRBJ2-1,ASSLYRGTENEQF,1
TRBV7-9,TRBJ2-1,ASSLYRGTGDNEQF,1
TRBV7-9,TRBJ2-1,ASSLYRGTREGRRIEQF,12
TRBV7-9,TRBJ2-1,ASSLYRGTSGIAYNEQF,6
TRBV7-9,TRBJ2-1,ASSLYRGTYNEQF,2
TRBV7-9,TRBJ2-1,ASSLYRGVSWSYNEQF,1
TRBV7-9,TRBJ2-1,ASSLYRGVSYNEQF,1
TRBV7-9,TRBJ2-1,ASSLYRGVTYNDQF,1
TRBV7-9,TRBJ2-1,ASSLYRGVTYNEQF,4
TRBV7-9,TRBJ2-1,ASSLYRGWNEQF,1
TRBV7-9,TRBJ2-1,ASSLYRGYNEQF,2
TRBV7-9,TRBJ2-1,ASSLYRIDSYNEQF,1
TRBV7-9,TRBJ2-1,ASSLYRIGYNEQF,1
TRBV7-9,TRBJ2-1,ASSLYRIHNEQF,2
TRBV7-9,TRBJ2-1,ASSLYRINEQF,1
TRBV7-9,TRBJ2-1,ASSLYRINNEQF,12
TRBV7-9,TRBJ2-1,ASSLYRLAANNEQF,1
TRBV7-9,TRBJ2-1,ASSLYRLAGEHEQF,1
TRBV7-9,TRBJ2-1,ASSLYRLAGGDSYNEQF,1
TRBV7-9,TRBJ2-1,ASSLYRLAGGVNEQF,4
TRBV7-9,TRBJ2-1,ASSLYRLAGHNEQF,2
TRBV7-9,TRBJ2-1,ASSLYRLAGYNEQF,1
TRBV7-9,TRBJ2-1,ASSLYRLAQYNEQF,1
TRBV7-9,TRBJ2-1,ASSLYRLARHNNEQF,8
TRBV7-9,TRBJ2-1,ASSLYRLAVNEQF,1
TRBV7-9,TRBJ2-1,ASSLYRLDEQF,1
TRBV7-9,TRBJ2-1,ASSLYRLGGNEQF,1
TRBV7-9,TRBJ2-1,ASSLYRLGTGVFNEQF,1
TRBV7-9,TRBJ2-1,ASSLYRLGYNEQF,1
TRBV7-9,TRBJ2-1,ASSLYRLPATHNEQF,1
TRBV7-9,TRBJ2-1,ASSLYRNNEQF,3
TRBV7-9,TRBJ2-1,ASSLYRNNNEQF,1
TRBV7-9,TRBJ2-1,ASSLYRNRLGYNEQF,1
TRBV7-9,TRBJ2-1,ASSLYRPEDEQF,1
TRBV7-9,TRBJ2-1,ASSLYRPGQTQWLNEQF,1
TRBV7-9,TRBJ2-1,ASSLYRPGSYNEQF,1
TRBV7-9,TRBJ2-1,ASSLYRPGTYNEQF,5
TRBV7-9,TRBJ2-1,ASSLYRPSGIPEQF,7
TRBV7-9,TRBJ2-1,ASSLYRPSTYNEQF,1
TRBV7-9,TRBJ2-1,ASSLYRQDNEQF,1
TRBV7-9,TRBJ2-1,ASSLYRQGDNEQF,1
TRBV7-9,TRBJ2-1,ASSLYRQREAYNEQF,1
TRBV7-9,TRBJ2-1,ASSLYRRESDEQF,6
TRBV7-9,TRBJ2-1,ASSLYRRGDEQF,1
TRBV7-9,TRBJ2-1,ASSLYRRGGKEKF,1
TRBV7-9,TRBJ2-1,ASSLYRRGGNEQF,10
TRBV7-9,TRBJ2-1,ASSLYRRGRGDNEQF,1
TRBV7-9,TRBJ2-1,ASSLYRRNEQF,1
TRBV7-9,TRBJ2-1,ASSLYRRNNEQF,1
TRBV7-9,TRBJ2-1,ASSLYRRNQQF,1
TRBV7-9,TRBJ2-1,ASSLYRRQGFHNEQF,1
TRBV7-9,TRBJ2-1,ASSLYRRRYNEQF,1
TRBV7-9,TRBJ2-1,ASSLYRSGRDEQF,9
TRBV7-9,TRBJ2-1,ASSLYRSGRMDEQF,1
TRBV7-9,TRBJ2-1,ASSLYRSNAQF,1
TRBV7-9,TRBJ2-1,ASSLYRSNDQF,1
TRBV7-9,TRBJ2-1,ASSLYRSNEEF,1
TRBV7-9,TRBJ2-1,ASSLYRSNEHF,1
TRBV7-9,TRBJ2-1,ASSLYRSNEQC,2
TRBV7-9,TRBJ2-1,ASSLYRSNEQF,56
TRBV7-9,TRBJ2-1,ASSLYRSNVQF,1
TRBV7-9,TRBJ2-1,ASSLYRSPDYNEQF,2
TRBV7-9,TRBJ2-1,ASSLYRSPYNEQF,1
TRBV7-9,TRBJ2-1,ASSLYRSSYNEQF,2
TRBV7-9,TRBJ2-1,ASSLYRSTRYNEQF,2
TRBV7-9,TRBJ2-1,ASSLYRSYNEQF,1
TRBV7-9,TRBJ2-1,ASSLYRTASYNEQF,1
TRBV7-9,TRBJ2-1,ASSLYRTGGAYNEQF,10
TRBV7-9,TRBJ2-1,ASSLYRTGGYGEQF,8
TRBV7-9,TRBJ2-1,ASSLYRTGMDEQF,1
TRBV7-9,TRBJ2-1,ASSLYRTGNNEQF,1
TRBV7-9,TRBJ2-1,ASSLYRTGTDNEQF,4
TRBV7-9,TRBJ2-1,ASSLYRTGTPAYNEQF,1
TRBV7-9,TRBJ2-1,ASSLYRTGVDEQF,15
TRBV7-9,TRBJ2-1,ASSLYRTRENEQF,2
TRBV7-9,TRBJ2-1,ASSLYRTRKNEQF,5
TRBV7-9,TRBJ2-1,ASSLYRTRTYYNEQF,1
TRBV7-9,TRBJ2-1,ASSLYRTSENNEQC,1
TRBV7-9,TRBJ2-1,ASSLYRTSENNEQF,16
TRBV7-9,TRBJ2-1,ASSLYRTSEPADEQF,1
TRBV7-9,TRBJ2-1,ASSLYRTSGRADEQF,1
TRBV7-9,TRBJ2-1,ASSLYRTSGRSSVNEQF,1
TRBV7-9,TRBJ2-1,ASSLYRTSGRVNEQF,8
TRBV7-9,TRBJ2-1,ASSLYRTSGSYNEQF,1
TRBV7-9,TRBJ2-1,ASSLYRTSGTNEQF,2
TRBV7-9,TRBJ2-1,ASSLYRTSGYNEQF,2
TRBV7-9,TRBJ2-1,ASSLYRTSGYYNEQF,1
TRBV7-9,TRBJ2-1,ASSLYRTSSNEQF,1
TRBV7-9,TRBJ2-1,ASSLYRTSSYNEQF,3
TRBV7-9,TRBJ2-1,ASSLYRTSTNEQF,1
TRBV7-9,TRBJ2-1,ASSLYRTVNEQF,1
TRBV7-9,TRBJ2-1,ASSLYRTWAFNEQF,1
TRBV7-9,TRBJ2-1,ASSLYRVARADEQF,1
TRBV7-9,TRBJ2-1,ASSLYRVARNEQF,1
TRBV7-9,TRBJ2-1,ASSLYRVCYEQF,1
TRBV7-9,TRBJ2-1,ASSLYRVDEQF,1
TRBV7-9,TRBJ2-1,ASSLYRVEEQF,13
TRBV7-9,TRBJ2-1,ASSLYRVNEQF,1
TRBV7-9,TRBJ2-1,ASSLYRVYNEQF,1
TRBV7-9,TRBJ2-1,ASSLYRWGGINEQF,1
TRBV7-9,TRBJ2-1,ASSLYRYNEQF,1
TRBV7-9,TRBJ2-1,ASSLYSAAQNEQF,1
TRBV7-9,TRBJ2-1,ASSLYSAERNNEQF,1
TRBV7-9,TRBJ2-1,ASSLYSAGENEQF,1
TRBV7-9,TRBJ2-1,ASSLYSAGGHNEQF,9
TRBV7-9,TRBJ2-1,ASSLYSAGGNEQF,1
TRBV7-9,TRBJ2-1,ASSLYSAGLFDEQF,1
TRBV7-9,TRBJ2-1,ASSLYSALNEQF,2
TRBV7-9,TRBJ2-1,ASSLYSANEQF,1
TRBV7-9,TRBJ2-1,ASSLYSATNEQF,1
TRBV7-9,TRBJ2-1,ASSLYSDAAYNEQF,1
TRBV7-9,TRBJ2-1,ASSLYSDEQF,17
TRBV7-9,TRBJ2-1,ASSLYSDNEQF,2
TRBV7-9,TRBJ2-1,ASSLYSDPNNEQF,1
TRBV7-9,TRBJ2-1,ASSLYSDYNEQF,1
TRBV7-9,TRBJ2-1,ASSLYSEDEQF,10
TRBV7-9,TRBJ2-1,ASSLYSENEQF,9
TRBV7-9,TRBJ2-1,ASSLYSEQF,6
TRBV7-9,TRBJ2-1,ASSLYSERWRDNEQF,1
TRBV7-9,TRBJ2-1,ASSLYSFNEQF,6
TRBV7-9,TRBJ2-1,ASSLYSGARRDEQF,1
TRBV7-9,TRBJ2-1,ASSLYSGASSYNEQF,1
TRBV7-9,TRBJ2-1,ASSLYSGAYNEQF,2
TRBV7-9,TRBJ2-1,ASSLYSGDAQF,2
TRBV7-9,TRBJ2-1,ASSLYSGDEQF,1
TRBV7-9,TRBJ2-1,ASSLYSGDSYNEQF,1
TRBV7-9,TRBJ2-1,ASSLYSGDYNEQF,1
TRBV7-9,TRBJ2-1,ASSLYSGELYNEQF,1
TRBV7-9,TRBJ2-1,ASSLYSGEYNEQF,4
TRBV7-9,TRBJ2-1,ASSLYSGFGTLGHEQF,1
TRBV7-9,TRBJ2-1,ASSLYSGFRTHGHEQF,1
TRBV7-9,TRBJ2-1,ASSLYSGFRTLGEEQF,1
TRBV7-9,TRBJ2-1,ASSLYSGFRTLGHAQF,1
TRBV7-9,TRBJ2-1,ASSLYSGFRTLGHEQC,1
TRBV7-9,TRBJ2-1,ASSLYSGFRTLGHEQF,48
TRBV7-9,TRBJ2-1,ASSLYSGFRTLVHEQF,1
TRBV7-9,TRBJ2-1,ASSLYSGGAHEQF,1
TRBV7-9,TRBJ2-1,ASSLYSGGAHHPNEQF,1
TRBV7-9,TRBJ2-1,ASSLYSGGAYNEQF,3
TRBV7-9,TRBJ2-1,ASSLYSGGDEQF,11
TRBV7-9,TRBJ2-1,ASSLYSGGDYNEQF,1
TRBV7-9,TRBJ2-1,ASSLYSGGEDEQF,1
TRBV7-9,TRBJ2-1,ASSLYSGGEDEQS,1
TRBV7-9,TRBJ2-1,ASSLYSGGENEQF,1
TRBV7-9,TRBJ2-1,ASSLYSGGEQF,19
TRBV7-9,TRBJ2-1,ASSLYSGGFTLYEQF,6
TRBV7-9,TRBJ2-1,ASSLYSGGHNEQF,1
TRBV7-9,TRBJ2-1,ASSLYSGGLNEQF,1
TRBV7-9,TRBJ2-1,ASSLYSGGNEQF,1
TRBV7-9,TRBJ2-1,ASSLYSGGPKYNEQF,2
TRBV7-9,TRBJ2-1,ASSLYSGGPYNEQF,1
TRBV7-9,TRBJ2-1,ASSLYSGGRNEQF,1
TRBV7-9,TRBJ2-1,ASSLYSGGSHNEQF,1
TRBV7-9,TRBJ2-1,ASSLYSGGYNEQF,26
TRBV7-9,TRBJ2-1,ASSLYSGINNEQF,1
TRBV7-9,TRBJ2-1,ASSLYSGLAANNEQF,1
TRBV7-9,TRBJ2-1,ASSLYSGLADWNEQF,1
TRBV7-9,TRBJ2-1,ASSLYSGLANEQF,1
TRBV7-9,TRBJ2-1,ASSLYSGLAS,1
TRBV7-9,TRBJ2-1,ASSLYSGLRNEQF,1
TRBV7-9,TRBJ2-1,ASSLYSGNDEQF,1
TRBV7-9,TRBJ2-1,ASSLYSGNEQF,4
TRBV7-9,TRBJ2-1,ASSLYSGNSNEQF,1
TRBV7-9,TRBJ2-1,ASSLYSGPGLGNEQF,1
TRBV7-9,TRBJ2-1,ASSLYSGPYNEQF,17
TRBV7-9,TRBJ2-1,ASSLYSGQGGNEQF,1
TRBV7-9,TRBJ2-1,ASSLYSGQQHHEQF,5
TRBV7-9,TRBJ2-1,ASSLYSGQSYNEQF,1
TRBV7-9,TRBJ2-1,ASSLYSGRADEQF,1
TRBV7-9,TRBJ2-1,ASSLYSGRAFYNEQF,1
TRBV7-9,TRBJ2-1,ASSLYSGRAMANEQF,1
TRBV7-9,TRBJ2-1,ASSLYSGRANEQF,6
TRBV7-9,TRBJ2-1,ASSLYSGRAWNEQF,1
TRBV7-9,TRBJ2-1,ASSLYSGRAYEQF,11
TRBV7-9,TRBJ2-1,ASSLYSGRFNEQF,1
TRBV7-9,TRBJ2-1,ASSLYSGRGDEQF,1
TRBV7-9,TRBJ2-1,ASSLYSGRISYNEQF,1
TRBV7-9,TRBJ2-1,ASSLYSGRLSSYNEQF,1
TRBV7-9,TRBJ2-1,ASSLYSGRMNEQF,1
TRBV7-9,TRBJ2-1,ASSLYSGRNDEQF,1
TRBV7-9,TRBJ2-1,ASSLYSGRNNEQF,1
TRBV7-9,TRBJ2-1,ASSLYSGRQL,1
TRBV7-9,TRBJ2-1,ASSLYSGRRNEQF,14
TRBV7-9,TRBJ2-1,ASSLYSGRSDEQF,1
TRBV7-9,TRBJ2-1,ASSLYSGRSSYNEQF,1
TRBV7-9,TRBJ2-1,ASSLYSGRSYNEQF,4
TRBV7-9,TRBJ2-1,ASSLYSGRVLKYNEQF,1
TRBV7-9,TRBJ2-1,ASSLYSGRVNEQF,2
TRBV7-9,TRBJ2-1,ASSLYSGSANEQF,1
TRBV7-9,TRBJ2-1,ASSLYSGSGYNEQF,2
TRBV7-9,TRBJ2-1,ASSLYSGSHNEQF,3
TRBV7-9,TRBJ2-1,ASSLYSGSLNEQF,2
TRBV7-9,TRBJ2-1,ASSLYSGSRNEQF,6
TRBV7-9,TRBJ2-1,ASSLYSGSSLGDEQF,1
TRBV7-9,TRBJ2-1,ASSLYSGSSNEQF,1
TRBV7-9,TRBJ2-1,ASSLYSGSSYNEQF,10
TRBV7-9,TRBJ2-1,ASSLYSGSYEQF,1
TRBV7-9,TRBJ2-1,ASSLYSGSYNEQF,5
TRBV7-9,TRBJ2-1,ASSLYSGTEQF,1
TRBV7-9,TRBJ2-1,ASSLYSGTGSYNEQF,2
TRBV7-9,TRBJ2-1,ASSLYSGTNNEQF,1
TRBV7-9,TRBJ2-1,ASSLYSGTRDEQF,1
TRBV7-9,TRBJ2-1,ASSLYSGTRYNEQF,1
TRBV7-9,TRBJ2-1,ASSLYSGTSGRNEQF,1
TRBV7-9,TRBJ2-1,ASSLYSGTSYNEQF,10
TRBV7-9,TRBJ2-1,ASSLYSGTTYNEQF,1
TRBV7-9,TRBJ2-1,ASSLYSGTYNEQF,10
TRBV7-9,TRBJ2-1,ASSLYSGVNEQF,1
TRBV7-9,TRBJ2-1,ASSLYSGVRTLGHERF,1
TRBV7-9,TRBJ2-1,ASSLYSGWDNEQF,1
TRBV7-9,TRBJ2-1,ASSLYSGWEDEQF,1
TRBV7-9,TRBJ2-1,ASSLYSGWERGDEQF,1
TRBV7-9,TRBJ2-1,ASSLYSGYNEQF,11
TRBV7-9,TRBJ2-1,ASSLYSGYSYNEQF,1
TRBV7-9,TRBJ2-1,ASSLYSHFNEQF,1
TRBV7-9,TRBJ2-1,ASSLYSINEQF,11
TRBV7-9,TRBJ2-1,ASSLYSKVSTF,1
TRBV7-9,TRBJ2-1,ASSLYSLAGHNEQF,1
TRBV7-9,TRBJ2-1,ASSLYSLDEQF,2
TRBV7-9,TRBJ2-1,ASSLYSLGGADEQF,3
TRBV7-9,TRBJ2-1,ASSLYSLGGAQF,1
TRBV7-9,TRBJ2-1,ASSLYSLGGEQF,18
TRBV7-9,TRBJ2-1,ASSLYSLGNEQF,5
TRBV7-9,TRBJ2-1,ASSLYSLGNNNEQF,1
TRBV7-9,TRBJ2-1,ASSLYSLNEQF,2
TRBV7-9,TRBJ2-1,ASSLYSLQDNEQF,3
TRBV7-9,TRBJ2-1,ASSLYSLSSYNEQF,1
TRBV7-9,TRBJ2-1,ASSLYSMGRAYNEQF,1
TRBV7-9,TRBJ2-1,ASSLYSNEQF,9
TRBV7-9,TRBJ2-1,ASSLYSPDEQF,1
TRBV7-9,TRBJ2-1,ASSLYSPEYNEQF,1
TRBV7-9,TRBJ2-1,ASSLYSPGSYNEQF,24
TRBV7-9,TRBJ2-1,ASSLYSPHEQF,10
TRBV7-9,TRBJ2-1,ASSLYSPLSYNEQF,1
TRBV7-9,TRBJ2-1,ASSLYSPPHNEQF,1
TRBV7-9,TRBJ2-1,ASSLYSQDNEQF,1
TRBV7-9,TRBJ2-1,ASSLYSRAGAFNEQF,1
TRBV7-9,TRBJ2-1,ASSLYSRCYNEQF,1
TRBV7-9,TRBJ2-1,ASSLYSRDNEQF,1
TRBV7-9,TRBJ2-1,ASSLYSREENNEQF,1
TRBV7-9,TRBJ2-1,ASSLYSRGIRAYNEQF,1
TRBV7-9,TRBJ2-1,ASSLYSRGSGQQF,1
TRBV7-9,TRBJ2-1,ASSLYSRGSYNEQF,1
TRBV7-9,TRBJ2-1,ASSLYSRLAGVEQF,7
TRBV7-9,TRBJ2-1,ASSLYSRLSSYNEQF,1
TRBV7-9,TRBJ2-1,ASSLYSRNEEF,1
TRBV7-9,TRBJ2-1,ASSLYSRNEQF,17
TRBV7-9,TRBJ2-1,ASSLYSRNEQV,1
TRBV7-9,TRBJ2-1,ASSLYSRPSSYNEQF,1
TRBV7-9,TRBJ2-1,ASSLYSRPTNEQF,1
TRBV7-9,TRBJ2-1,ASSLYSRQGGNEQF,1
TRBV7-9,TRBJ2-1,ASSLYSRRAYNEQF,1
TRBV7-9,TRBJ2-1,ASSLYSRSGRADEQF,4
TRBV7-9,TRBJ2-1,ASSLYSRSYNEQF,5
TRBV7-9,TRBJ2-1,ASSLYSRTGVYNDQF,1
TRBV7-9,TRBJ2-1,ASSLYSRTGVYNEQF,4
TRBV7-9,TRBJ2-1,ASSLYSRVSTF,11
TRBV7-9,TRBJ2-1,ASSLYSRVSYNEQF,1
TRBV7-9,TRBJ2-1,ASSLYSSFPTIYNEQF,1
TRBV7-9,TRBJ2-1,ASSLYSSGGNNEQF,1
TRBV7-9,TRBJ2-1,ASSLYSSGLRNNEQF,9
TRBV7-9,TRBJ2-1,ASSLYSSGNAQF,1
TRBV7-9,TRBJ2-1,ASSLYSSGRAGYNEQF,1
TRBV7-9,TRBJ2-1,ASSLYSSGSGEQF,11
TRBV7-9,TRBJ2-1,ASSLYSSGSYNEQF,1
TRBV7-9,TRBJ2-1,ASSLYSSLNEQF,1
TRBV7-9,TRBJ2-1,ASSLYSSNEQF,1
TRBV7-9,TRBJ2-1,ASSLYSSPYNEQF,1
TRBV7-9,TRBJ2-1,ASSLYSSSGRYNEQF,1
TRBV7-9,TRBJ2-1,ASSLYSSSSTSGSYNEQF,1
TRBV7-9,TRBJ2-1,ASSLYSSSYNEQF,1
TRBV7-9,TRBJ2-1,ASSLYSSVIFNEQF,1
TRBV7-9,TRBJ2-1,ASSLYSSVPYNEQF,1
TRBV7-9,TRBJ2-1,ASSLYSSYNEQF,12
TRBV7-9,TRBJ2-1,ASSLYSTPWHNEHF,1
TRBV7-9,TRBJ2-1,ASSLYSTPYNEQF,1
TRBV7-9,TRBJ2-1,ASSLYSTSGRLGDNEQF,1
TRBV7-9,TRBJ2-1,ASSLYSTTWHNEQF,20
TRBV7-9,TRBJ2-1,ASSLYSTVYNEQF,1
TRBV7-9,TRBJ2-1,ASSLYSTYNEQF,12
TRBV7-9,TRBJ2-1,ASSLYSVDEQF,13
TRBV7-9,TRBJ2-1,ASSLYSVEQF,3
TRBV7-9,TRBJ2-1,ASSLYSVGGGPYNEQF,1
TRBV7-9,TRBJ2-1,ASSLYSVHNEQF,1
TRBV7-9,TRBJ2-1,ASSLYSVSSYNEQF,1
TRBV7-9,TRBJ2-1,ASSLYSVSYNEQF,2
TRBV7-9,TRBJ2-1,ASSLYSVTYNEQF,1
TRBV7-9,TRBJ2-1,ASSLYSVYRDEQF,1
TRBV7-9,TRBJ2-1,ASSLYSYDEQF,12
TRBV7-9,TRBJ2-1,ASSLYSYEQF,1
TRBV7-9,TRBJ2-1,ASSLYSYKEQF,1
TRBV7-9,TRBJ2-1,ASSLYSYNEQF,48
TRBV7-9,TRBJ2-1,ASSLYSYSYNEQF,1
TRBV7-9,TRBJ2-1,ASSLYSYYNEQF,1
TRBV7-9,TRBJ2-1,ASSLYTAGFNEQF,1
TRBV7-9,TRBJ2-1,ASSLYTAPINEQF,1
TRBV7-9,TRBJ2-1,ASSLYTASFHNEQF,1
TRBV7-9,TRBJ2-1,ASSLYTDDEQF,1
TRBV7-9,TRBJ2-1,ASSLYTDNEQF,4
TRBV7-9,TRBJ2-1,ASSLYTDRYNEQF,1
TRBV7-9,TRBJ2-1,ASSLYTEAHEQF,1
TRBV7-9,TRBJ2-1,ASSLYTEAYNEQF,1
TRBV7-9,TRBJ2-1,ASSLYTERNEQF,1
TRBV7-9,TRBJ2-1,ASSLYTFARYNEQF,1
TRBV7-9,TRBJ2-1,ASSLYTFNEQF,1
TRBV7-9,TRBJ2-1,ASSLYTGADEQF,1
TRBV7-9,TRBJ2-1,ASSLYTGALYNEQF,1
TRBV7-9,TRBJ2-1,ASSLYTGDEQF,10
TRBV7-9,TRBJ2-1,ASSLYTGEDEQF,1
TRBV7-9,TRBJ2-1,ASSLYTGESYNEQF,5
TRBV7-9,TRBJ2-1,ASSLYTGFGYNEQF,1
TRBV7-9,TRBJ2-1,ASSLYTGGAEQF,1
TRBV7-9,TRBJ2-1,ASSLYTGGDEQF,2
TRBV7-9,TRBJ2-1,ASSLYTGGDNEQF,1
TRBV7-9,TRBJ2-1,ASSLYTGGGEQF,2
TRBV7-9,TRBJ2-1,ASSLYTGGSYNEQF,1
TRBV7-9,TRBJ2-1,ASSLYTGGTYNEQF,1
TRBV7-9,TRBJ2-1,ASSLYTGGVNEQF,4
TRBV7-9,TRBJ2-1,ASSLYTGGYEQF,1
TRBV7-9,TRBJ2-1,ASSLYTGGYNEQF,1
TRBV7-9,TRBJ2-1,ASSLYTGNEQF,5
TRBV7-9,TRBJ2-1,ASSLYTGNQF,9
TRBV7-9,TRBJ2-1,ASSLYTGNSYNEQF,1
TRBV7-9,TRBJ2-1,ASSLYTGQC,1
TRBV7-9,TRBJ2-1,ASSLYTGQGRVDEQF,1
TRBV7-9,TRBJ2-1,ASSLYTGQLNEQF,2
TRBV7-9,TRBJ2-1,ASSLYTGRVNEQF,1
TRBV7-9,TRBJ2-1,ASSLYTGSSYNEQF,1
TRBV7-9,TRBJ2-1,ASSLYTGSYNEQF,1
TRBV7-9,TRBJ2-1,ASSLYTGTGGDEQF,1
TRBV7-9,TRBJ2-1,ASSLYTGTGGVGNEQF,1
TRBV7-9,TRBJ2-1,ASSLYTGTGVFNEQF,1
TRBV7-9,TRBJ2-1,ASSLYTGTNEQF,1
TRBV7-9,TRBJ2-1,ASSLYTGTSGIHEQF,1
TRBV7-9,TRBJ2-1,ASSLYTGTSGSHEQF,1
TRBV7-9,TRBJ2-1,ASSLYTGTSGTYEQF,1
TRBV7-9,TRBJ2-1,ASSLYTGVNEQF,3
TRBV7-9,TRBJ2-1,ASSLYTGVSNEQF,1
TRBV7-9,TRBJ2-1,ASSLYTGVSYNEQF,2
TRBV7-9,TRBJ2-1,ASSLYTHEQF,6
TRBV7-9,TRBJ2-1,ASSLYTKNEQF,1
TRBV7-9,TRBJ2-1,ASSLYTLAGDHNEQF,1
TRBV7-9,TRBJ2-1,ASSLYTLRDEQF,1
TRBV7-9,TRBJ2-1,ASSLYTNEQF,1
TRBV7-9,TRBJ2-1,ASSLYTRDEQF,6
TRBV7-9,TRBJ2-1,ASSLYTRGEQF,9
TRBV7-9,TRBJ2-1,ASSLYTRRGGRGGNEQF,1
TRBV7-9,TRBJ2-1,ASSLYTRYEQF,1
TRBV7-9,TRBJ2-1,ASSLYTSANEQF,1
TRBV7-9,TRBJ2-1,ASSLYTSASNEQF,1
TRBV7-9,TRBJ2-1,ASSLYTSATPLNEQF,1
TRBV7-9,TRBJ2-1,ASSLYTSDQTASGNEQF,1
TRBV7-9,TRBJ2-1,ASSLYTSGEDEQF,1
TRBV7-9,TRBJ2-1,ASSLYTSGHNEQF,7
TRBV7-9,TRBJ2-1,ASSLYTSGINEQF,6
TRBV7-9,TRBJ2-1,ASSLYTSGIYNEQF,3
TRBV7-9,TRBJ2-1,ASSLYTSGLNEQF,1
TRBV7-9,TRBJ2-1,ASSLYTSGNEQF,1
TRBV7-9,TRBJ2-1,ASSLYTSGNNEQF,1
TRBV7-9,TRBJ2-1,ASSLYTSGRAAAYNEQF,1
TRBV7-9,TRBJ2-1,ASSLYTSGRASEQF,1
TRBV7-9,TRBJ2-1,ASSLYTSGRYNEQF,1
TRBV7-9,TRBJ2-1,ASSLYTSGSGNEQF,1
TRBV7-9,TRBJ2-1,ASSLYTSGSNEQF,1
TRBV7-9,TRBJ2-1,ASSLYTSHNEQF,1
TRBV7-9,TRBJ2-1,ASSLYTSLGYNEQF,1
TRBV7-9,TRBJ2-1,ASSLYTSNEQF,1
TRBV7-9,TRBJ2-1,ASSLYTSPYNEQF,2
TRBV7-9,TRBJ2-1,ASSLYTSQSNEQF,1
TRBV7-9,TRBJ2-1,ASSLYTSSDEQF,4
TRBV7-9,TRBJ2-1,ASSLYTSSYNEQF,9
TRBV7-9,TRBJ2-1,ASSLYTSYNEQF,1
TRBV7-9,TRBJ2-1,ASSLYTTGGPNNEQF,12
TRBV7-9,TRBJ2-1,ASSLYTTSGSYNEQF,1
TRBV7-9,TRBJ2-1,ASSLYTTSHNEQF,1
TRBV7-9,TRBJ2-1,ASSLYTVNEQF,1
TRBV7-9,TRBJ2-1,ASSLYTVSSYNEQF,1
TRBV7-9,TRBJ2-1,ASSLYTYNEQF,13
TRBV7-9,TRBJ2-1,ASSLYVADWYNEQF,1
TRBV7-9,TRBJ2-1,ASSLYVAEASNEQF,1
TRBV7-9,TRBJ2-1,ASSLYVAGGLNEQF,1
TRBV7-9,TRBJ2-1,ASSLYVAGGLVYNEQF,1
TRBV7-9,TRBJ2-1,ASSLYVAGVFWDEQF,1
TRBV7-9,TRBJ2-1,ASSLYVAPRPNEQF,1
TRBV7-9,TRBJ2-1,ASSLYVASYNEQF,2
TRBV7-9,TRBJ2-1,ASSLYVCSSYNEQF,1
TRBV7-9,TRBJ2-1,ASSLYVDNEQF,1
TRBV7-9,TRBJ2-1,ASSLYVEDEQF,1
TRBV7-9,TRBJ2-1,ASSLYVEGNEQF,1
TRBV7-9,TRBJ2-1,ASSLYVELDEQF,5
TRBV7-9,TRBJ2-1,ASSLYVELLNEQF,1
TRBV7-9,TRBJ2-1,ASSLYVEQF,1
TRBV7-9,TRBJ2-1,ASSLYVEYNEQF,1
TRBV7-9,TRBJ2-1,ASSLYVFSYNEQF,1
TRBV7-9,TRBJ2-1,ASSLYVGENNEQF,1
TRBV7-9,TRBJ2-1,ASSLYVGERNEQF,1
TRBV7-9,TRBJ2-1,ASSLYVGGAHNEQF,1
TRBV7-9,TRBJ2-1,ASSLYVGGDEQF,2
TRBV7-9,TRBJ2-1,ASSLYVGGRDNEQF,1
TRBV7-9,TRBJ2-1,ASSLYVGGRYNEQF,2
TRBV7-9,TRBJ2-1,ASSLYVGGVLDNEQF,1
TRBV7-9,TRBJ2-1,ASSLYVGGVTEQF,20
TRBV7-9,TRBJ2-1,ASSLYVGGVYNEQF,8
TRBV7-9,TRBJ2-1,ASSLYVGLANEQF,9
TRBV7-9,TRBJ2-1,ASSLYVGNEQF,1
TRBV7-9,TRBJ2-1,ASSLYVGQSYNEQF,8
TRBV7-9,TRBJ2-1,ASSLYVGRSPSSYNEQF,1
TRBV7-9,TRBJ2-1,ASSLYVGRSSYNEQF,1
TRBV7-9,TRBJ2-1,ASSLYVGSSYNEQF,20
TRBV7-9,TRBJ2-1,ASSLYVGSYNEQF,2
TRBV7-9,TRBJ2-1,ASSLYVGTEAEQF,7
TRBV7-9,TRBJ2-1,ASSLYVGTYNEQF,7
TRBV7-9,TRBJ2-1,ASSLYVGYYNEQF,1
TRBV7-9,TRBJ2-1,ASSLYVIAGGNEQF,1
TRBV7-9,TRBJ2-1,ASSLYVIPYNEQF,1
TRBV7-9,TRBJ2-1,ASSLYVLAGENEQF,1
TRBV7-9,TRBJ2-1,ASSLYVLAGGPNEQF,1
TRBV7-9,TRBJ2-1,ASSLYVLAGNEQF,1
TRBV7-9,TRBJ2-1,ASSLYVLDNEQF,1
TRBV7-9,TRBJ2-1,ASSLYVLDSNEQF,1
TRBV7-9,TRBJ2-1,ASSLYVLIPSNEQF,1
TRBV7-9,TRBJ2-1,ASSLYVLYNEQF,1
TRBV7-9,TRBJ2-1,ASSLYVNEQF,2
TRBV7-9,TRBJ2-1,ASSLYVNLQF,1
TRBV7-9,TRBJ2-1,ASSLYVPNEQF,10
TRBV7-9,TRBJ2-1,ASSLYVPYNEQF,5
TRBV7-9,TRBJ2-1,ASSLYVQGPSNEQF,16
TRBV7-9,TRBJ2-1,ASSLYVRSSYNEQF,1
TRBV7-9,TRBJ2-1,ASSLYVSDEQF,4
TRBV7-9,TRBJ2-1,ASSLYVSEPSYNEQF,1
TRBV7-9,TRBJ2-1,ASSLYVSEQF,4
TRBV7-9,TRBJ2-1,ASSLYVSLDYNEQF,1
TRBV7-9,TRBJ2-1,ASSLYVSNEQF,1
TRBV7-9,TRBJ2-1,ASSLYVSPGNEQF,1
TRBV7-9,TRBJ2-1,ASSLYVSRRDEQF,1
TRBV7-9,TRBJ2-1,ASSLYVSSGYNEQF,1
TRBV7-9,TRBJ2-1,ASSLYVSSSYNEQF,1
TRBV7-9,TRBJ2-1,ASSLYVTGGINEQF,1
TRBV7-9,TRBJ2-1,ASSLYVTRDNEQF,1
TRBV7-9,TRBJ2-1,ASSLYVTYNEQF,1
TRBV7-9,TRBJ2-1,ASSLYWASRYNEQF,1
TRBV7-9,TRBJ2-1,ASSLYWATDEQF,1
TRBV7-9,TRBJ2-1,ASSLYWDGRPHNEQF,1
TRBV7-9,TRBJ2-1,ASSLYWDNEQF,15
TRBV7-9,TRBJ2-1,ASSLYWDQTNEQF,9
TRBV7-9,TRBJ2-1,ASSLYWEGHEQF,1
TRBV7-9,TRBJ2-1,ASSLYWEGTSGPYNEQF,1
TRBV7-9,TRBJ2-1,ASSLYWEQF,4
TRBV7-9,TRBJ2-1,ASSLYWGLGLAGVNEQF,3
TRBV7-9,TRBJ2-1,ASSLYWGNEPF,1
TRBV7-9,TRBJ2-1,ASSLYWGNEQF,12
TRBV7-9,TRBJ2-1,ASSLYWGRAYNEQF,1
TRBV7-9,TRBJ2-1,ASSLYWGRNNEQF,1
TRBV7-9,TRBJ2-1,ASSLYWLAGAPNEQF,1
TRBV7-9,TRBJ2-1,ASSLYWQEGYNEQF,1
TRBV7-9,TRBJ2-1,ASSLYWRDYNEQF,3
TRBV7-9,TRBJ2-1,ASSLYWREGRNEQF,1
TRBV7-9,TRBJ2-1,ASSLYWRRDEQF,1
TRBV7-9,TRBJ2-1,ASSLYWSTDNEQF,1
TRBV7-9,TRBJ2-1,ASSLYWTSGINEQF,1
TRBV7-9,TRBJ2-1,ASSLYYDEQF,1
TRBV7-9,TRBJ2-1,ASSLYYEQF,43
TRBV7-9,TRBJ2-1,ASSLYYGGSSYNEQF,1
TRBV7-9,TRBJ2-1,ASSLYYGIYNEQF,1
TRBV7-9,TRBJ2-1,ASSLYYGPPYNEQF,1
TRBV7-9,TRBJ2-1,ASSLYYGPQYNAQF,1
TRBV7-9,TRBJ2-1,ASSLYYGPQYNEQF,11
TRBV7-9,TRBJ2-1,ASSLYYGRVEQF,1
TRBV7-9,TRBJ2-1,ASSLYYGSGSSYNEQF,1
TRBV7-9,TRBJ2-1,ASSLYYNEQF,12
TRBV7-9,TRBJ2-1,ASSLYYNNEQF,2
TRBV7-9,TRBJ2-1,ASSLYYPDEQF,14
TRBV7-9,TRBJ2-1,ASSLYYPGEQF,1
TRBV7-9,TRBJ2-1,ASSLYYPGGNNEQF,1
TRBV7-9,TRBJ2-1,ASSLYYPHEQF,1
TRBV7-9,TRBJ2-1,ASSLYYSERGKNEQF,1
TRBV7-9,TRBJ2-1,ASSLYYSGRVSSNEQF,1
TRBV7-9,TRBJ2-1,ASSLYYSSGSGNEQF,1
TRBV7-9,TRBJ2-1,ASSLYYSYNEQF,1
TRBV7-9,TRBJ2-1,ASSLYYVAGAINEQF,1
TRBV7-9,TRBJ2-1,ASSLYYYEQF,4
TRBV7-9,TRBJ2-1,ASSMAAGGPYNEQF,9
TRBV7-9,TRBJ2-1,ASSMAANEQF,1
TRBV7-9,TRBJ2-1,ASSMAATQGNEQF,1
TRBV7-9,TRBJ2-1,ASSMAAYNEQF,2
TRBV7-9,TRBJ2-1,ASSMADNEQF,1
TRBV7-9,TRBJ2-1,ASSMAEAALAGGVSEQF,5
TRBV7-9,TRBJ2-1,ASSMAFSYNEQF,1
TRBV7-9,TRBJ2-1,ASSMAGALYNEQF,1
TRBV7-9,TRBJ2-1,ASSMAGGAYNEQF,1
TRBV7-9,TRBJ2-1,ASSMAGGPNEQF,1
TRBV7-9,TRBJ2-1,ASSMAGGPYNEQF,1
TRBV7-9,TRBJ2-1,ASSMAGGRLNEPF,1
TRBV7-9,TRBJ2-1,ASSMAGLGYNEQF,5
TRBV7-9,TRBJ2-1,ASSMAGNEQF,3
TRBV7-9,TRBJ2-1,ASSMAGQSYNEQF,1
TRBV7-9,TRBJ2-1,ASSMAGQTYNEQF,1
TRBV7-9,TRBJ2-1,ASSMAGTLKANEQF,1
TRBV7-9,TRBJ2-1,ASSMAGTLQANEQF,2
TRBV7-9,TRBJ2-1,ASSMAGTRGEQF,1
TRBV7-9,TRBJ2-1,ASSMAGVVYNEQF,1
TRBV7-9,TRBJ2-1,ASSMAGWNEQF,1
TRBV7-9,TRBJ2-1,ASSMAHNEQF,1
TRBV7-9,TRBJ2-1,ASSMAKGLNEQF,1
TRBV7-9,TRBJ2-1,ASSMALNEQF,1
TRBV7-9,TRBJ2-1,ASSMALQGYNEQF,1
TRBV7-9,TRBJ2-1,ASSMALTNNEQF,1
TRBV7-9,TRBJ2-1,ASSMANGSYNEQF,1
TRBV7-9,TRBJ2-1,ASSMAPGLAGPTYNEQF,1
TRBV7-9,TRBJ2-1,ASSMAPLGMWINEQF,1
TRBV7-9,TRBJ2-1,ASSMAPNEQF,1
TRBV7-9,TRBJ2-1,ASSMARAGAGVEQF,1
TRBV7-9,TRBJ2-1,ASSMARGYYNEQF,1
TRBV7-9,TRBJ2-1,ASSMASSGNEQF,1
TRBV7-9,TRBJ2-1,ASSMASSRNEQF,1
TRBV7-9,TRBJ2-1,ASSMASVKDDDEQF,1
TRBV7-9,TRBJ2-1,ASSMASVKDDNEQF,17
TRBV7-9,TRBJ2-1,ASSMASVKDVNEQF,1
TRBV7-9,TRBJ2-1,ASSMATGGDSSRQF,9
TRBV7-9,TRBJ2-1,ASSMATGVRHGDEQF,1
TRBV7-9,TRBJ2-1,ASSMATKGEVDEHF,1
TRBV7-9,TRBJ2-1,ASSMAVTGNEQF,1
TRBV7-9,TRBJ2-1,ASSMAYNEQF,1
TRBV7-9,TRBJ2-1,ASSMDAGTSYNEQF,1
TRBV7-9,TRBJ2-1,ASSMDALDEQF,6
TRBV7-9,TRBJ2-1,ASSMDDVDHEQF,1
TRBV7-9,TRBJ2-1,ASSMDDWYSYNEQF,1
TRBV7-9,TRBJ2-1,ASSMDEQF,1
TRBV7-9,TRBJ2-1,ASSMDFNEQF,1
TRBV7-9,TRBJ2-1,ASSMDGAGSNEQF,1
TRBV7-9,TRBJ2-1,ASSMDGGSYNEQF,1
TRBV7-9,TRBJ2-1,ASSMDGGWNEQF,1
TRBV7-9,TRBJ2-1,ASSMDGLAGGWYNEQF,1
TRBV7-9,TRBJ2-1,ASSMDGSLEQF,5
TRBV7-9,TRBJ2-1,ASSMDGSSYNEQF,1
TRBV7-9,TRBJ2-1,ASSMDGVYNEQF,1
TRBV7-9,TRBJ2-1,ASSMDGYEQF,5
TRBV7-9,TRBJ2-1,ASSMDGYNEQF,1
TRBV7-9,TRBJ2-1,ASSMDHGGLAGVQF,1
TRBV7-9,TRBJ2-1,ASSMDHNNEQF,1
TRBV7-9,TRBJ2-1,ASSMDLGGMKRNPNEQF,1
TRBV7-9,TRBJ2-1,ASSMDLGSYNEQF,1
TRBV7-9,TRBJ2-1,ASSMDLIYNEQF,1
TRBV7-9,TRBJ2-1,ASSMDLNEQF,1
TRBV7-9,TRBJ2-1,ASSMDPEAYKGQF,1
TRBV7-9,TRBJ2-1,ASSMDPGQGLNEQF,1
TRBV7-9,TRBJ2-1,ASSMDPSGNEQF,1
TRBV7-9,TRBJ2-1,ASSMDPYNEQF,1
TRBV7-9,TRBJ2-1,ASSMDRASYNEQF,6
TRBV7-9,TRBJ2-1,ASSMDRDNEQF,1
TRBV7-9,TRBJ2-1,ASSMDRDYNEQF,1
TRBV7-9,TRBJ2-1,ASSMDREPYYNEQF,1
TRBV7-9,TRBJ2-1,ASSMDRFNEQF,7
TRBV7-9,TRBJ2-1,ASSMDRGDRNEQF,1
TRBV7-9,TRBJ2-1,ASSMDRGEQF,3
TRBV7-9,TRBJ2-1,ASSMDRGIYNEQF,4
TRBV7-9,TRBJ2-1,ASSMDRGLTYNEQF,1
TRBV7-9,TRBJ2-1,ASSMDRGNYNEQF,4
TRBV7-9,TRBJ2-1,ASSMDRGPYNEQF,1
TRBV7-9,TRBJ2-1,ASSMDRGRADEQF,1
TRBV7-9,TRBJ2-1,ASSMDRGRVNEQF,1
TRBV7-9,TRBJ2-1,ASSMDRGSPYNEQF,1
TRBV7-9,TRBJ2-1,ASSMDRGSYNEQF,2
TRBV7-9,TRBJ2-1,ASSMDRGYNEQF,1
TRBV7-9,TRBJ2-1,ASSMDRNYNEQF,1
TRBV7-9,TRBJ2-1,ASSMDRTLYNEQF,1
TRBV7-9,TRBJ2-1,ASSMDRTSSYNEQF,3
TRBV7-9,TRBJ2-1,ASSMDRVGTNEQF,1
TRBV7-9,TRBJ2-1,ASSMDRVKDNEQF,1
TRBV7-9,TRBJ2-1,ASSMDRYYNEQF,1
TRBV7-9,TRBJ2-1,ASSMDSFTYNEQF,1
TRBV7-9,TRBJ2-1,ASSMDSLLYNEQF,1
TRBV7-9,TRBJ2-1,ASSMDSLSYNEQF,1
TRBV7-9,TRBJ2-1,ASSMDSNEQF,1
TRBV7-9,TRBJ2-1,ASSMDSNLFTYNEQF,1
TRBV7-9,TRBJ2-1,ASSMDSRNEQF,1
TRBV7-9,TRBJ2-1,ASSMDSSYNEQF,1
TRBV7-9,TRBJ2-1,ASSMDSYNEQF,2
TRBV7-9,TRBJ2-1,ASSMDTSDEQF,1
TRBV7-9,TRBJ2-1,ASSMDTTSSYNEQF,1
TRBV7-9,TRBJ2-1,ASSMDTYNEQF,2
TRBV7-9,TRBJ2-1,ASSMDWDNEQF,6
TRBV7-9,TRBJ2-1,ASSMDYLINEQF,7
TRBV7-9,TRBJ2-1,ASSMEAGDNEQF,1
TRBV7-9,TRBJ2-1,ASSMEASGPYNEQF,1
TRBV7-9,TRBJ2-1,ASSMEASGYNEQF,1
TRBV7-9,TRBJ2-1,ASSMEFNEQF,1
TRBV7-9,TRBJ2-1,ASSMEGDGYNEQF,6
TRBV7-9,TRBJ2-1,ASSMEGGPGRNEQF,1
TRBV7-9,TRBJ2-1,ASSMEGPQQF,3
TRBV7-9,TRBJ2-1,ASSMEGRTYNEQF,1
TRBV7-9,TRBJ2-1,ASSMELDEQF,1
TRBV7-9,TRBJ2-1,ASSMELDNEQF,1
TRBV7-9,TRBJ2-1,ASSMELNAQF,1
TRBV7-9,TRBJ2-1,ASSMELNEKF,1
TRBV7-9,TRBJ2-1,ASSMELNEQC,4
TRBV7-9,TRBJ2-1,ASSMELNEQF,250
TRBV7-9,TRBJ2-1,ASSMELNEQI,1
TRBV7-9,TRBJ2-1,ASSMELNEQL,1
TRBV7-9,TRBJ2-1,ASSMELNEQY,1
TRBV7-9,TRBJ2-1,ASSMELNERF,1
TRBV7-9,TRBJ2-1,ASSMELNQQF,1
TRBV7-9,TRBJ2-1,ASSMELSWAGTYNEQF,15
TRBV7-9,TRBJ2-1,ASSMELTEQF,1
TRBV7-9,TRBJ2-1,ASSMEMGDPYNEQF,9
TRBV7-9,TRBJ2-1,ASSMENNEQF,1
TRBV7-9,TRBJ2-1,ASSMERGEHEQF,1
TRBV7-9,TRBJ2-1,ASSMERGHYNEQF,1
TRBV7-9,TRBJ2-1,ASSMERGPYNEQF,9
TRBV7-9,TRBJ2-1,ASSMERTDNEQF,1
TRBV7-9,TRBJ2-1,ASSMESGTSGRMIRNEQF,1
TRBV7-9,TRBJ2-1,ASSMETSINEQF,1
TRBV7-9,TRBJ2-1,ASSMEVNEQF,2
TRBV7-9,TRBJ2-1,ASSMEWNEQF,2
TRBV7-9,TRBJ2-1,ASSMFIDEQF,1
TRBV7-9,TRBJ2-1,ASSMFIFTTSSYNEQF,1
TRBV7-9,TRBJ2-1,ASSMFLAEYNEQF,1
TRBV7-9,TRBJ2-1,ASSMFPKLRSAGDLHEQF,1
TRBV7-9,TRBJ2-1,ASSMFRTSGYNEQF,1
TRBV7-9,TRBJ2-1,ASSMFTGGGRNEQF,2
TRBV7-9,TRBJ2-1,ASSMFTGPYNEQF,1
TRBV7-9,TRBJ2-1,ASSMFTYNEQF,1
TRBV7-9,TRBJ2-1,ASSMGAGGYNEQF,9
TRBV7-9,TRBJ2-1,ASSMGAGVGGAGMGNEQF,1
TRBV7-9,TRBJ2-1,ASSMGAGVYNEQF,10
TRBV7-9,TRBJ2-1,ASSMGANYNEQF,1
TRBV7-9,TRBJ2-1,ASSMGARLDEQF,2
TRBV7-9,TRBJ2-1,ASSMGASYNEQF,1
TRBV7-9,TRBJ2-1,ASSMGATDNEQF,1
TRBV7-9,TRBJ2-1,ASSMGAYNEQF,13
TRBV7-9,TRBJ2-1,ASSMGDEQF,1
TRBV7-9,TRBJ2-1,ASSMGDEYNEQF,1
TRBV7-9,TRBJ2-1,ASSMGDRGLNEQF,1
TRBV7-9,TRBJ2-1,ASSMGDSGRGSDEQF,1
TRBV7-9,TRBJ2-1,ASSMGDSGYNEQF,1
TRBV7-9,TRBJ2-1,ASSMGDSLFNEQF,1
TRBV7-9,TRBJ2-1,ASSMGEDEQF,1
TRBV7-9,TRBJ2-1,ASSMGEMDEQF,1
TRBV7-9,TRBJ2-1,ASSMGEVYNEQF,1
TRBV7-9,TRBJ2-1,ASSMGEYDLGDEQF,1
TRBV7-9,TRBJ2-1,ASSMGGEQF,1
TRBV7-9,TRBJ2-1,ASSMGGGIYNEQF,1
TRBV7-9,TRBJ2-1,ASSMGGGLNEQF,1
TRBV7-9,TRBJ2-1,ASSMGGGLYNEQF,1
TRBV7-9,TRBJ2-1,ASSMGGGNNEQF,2
TRBV7-9,TRBJ2-1,ASSMGGGSSYNEQF,1
TRBV7-9,TRBJ2-1,ASSMGGHNEQF,1
TRBV7-9,TRBJ2-1,ASSMGGHPFNEQF,1
TRBV7-9,TRBJ2-1,ASSMGGIAYNEQF,1
TRBV7-9,TRBJ2-1,ASSMGGKEQF,1
TRBV7-9,TRBJ2-1,ASSMGGLADSSYNEQF,1
TRBV7-9,TRBJ2-1,ASSMGGLYNEQF,1
TRBV7-9,TRBJ2-1,ASSMGGNDQF,1
TRBV7-9,TRBJ2-1,ASSMGGNEQF,40
TRBV7-9,TRBJ2-1,ASSMGGNNAQF,2
TRBV7-9,TRBJ2-1,ASSMGGNNEQF,19
TRBV7-9,TRBJ2-1,ASSMGGPNEQF,1
TRBV7-9,TRBJ2-1,ASSMGGPWRYYNEQF,1
TRBV7-9,TRBJ2-1,ASSMGGPYNEQF,1
TRBV7-9,TRBJ2-1,ASSMGGSISNEQF,1
TRBV7-9,TRBJ2-1,ASSMGGSSYNEQF,1
TRBV7-9,TRBJ2-1,ASSMGGSYNEQF,10
TRBV7-9,TRBJ2-1,ASSMGGTSGKNEQF,5
TRBV7-9,TRBJ2-1,ASSMGGTSYNEQF,1
TRBV7-9,TRBJ2-1,ASSMGGVYNEQF,18
TRBV7-9,TRBJ2-1,ASSMGGYPPYNEQF,1
TRBV7-9,TRBJ2-1,ASSMGGYSEQF,1
TRBV7-9,TRBJ2-1,ASSMGHEQF,1
TRBV7-9,TRBJ2-1,ASSMGHRAESSYNEQF,16
TRBV7-9,TRBJ2-1,ASSMGHRAESSYNVQF,1
TRBV7-9,TRBJ2-1,ASSMGHYNEQF,1
TRBV7-9,TRBJ2-1,ASSMGILALYNEQF,1
TRBV7-9,TRBJ2-1,ASSMGKDAGSSYNEQF,1
TRBV7-9,TRBJ2-1,ASSMGLAASYNEQF,1
TRBV7-9,TRBJ2-1,ASSMGLAAYNEQF,1
TRBV7-9,TRBJ2-1,ASSMGLADNEQF,7
TRBV7-9,TRBJ2-1,ASSMGLADYNEQF,3
TRBV7-9,TRBJ2-1,ASSMGLAEGNEQF,1
TRBV7-9,TRBJ2-1,ASSMGLAGAANEQF,1
TRBV7-9,TRBJ2-1,ASSMGLAGADEQF,7
TRBV7-9,TRBJ2-1,ASSMGLAGAHNEQF,1
TRBV7-9,TRBJ2-1,ASSMGLAGAIRSYNEQF,1
TRBV7-9,TRBJ2-1,ASSMGLAGANEQF,9
TRBV7-9,TRBJ2-1,ASSMGLAGAYEQF,1
TRBV7-9,TRBJ2-1,ASSMGLAGAYNEQF,1
TRBV7-9,TRBJ2-1,ASSMGLAGDDEQF,1
TRBV7-9,TRBJ2-1,ASSMGLAGDEQF,1
TRBV7-9,TRBJ2-1,ASSMGLAGDNEQF,1
TRBV7-9,TRBJ2-1,ASSMGLAGDREQF,1
TRBV7-9,TRBJ2-1,ASSMGLAGDYEQF,13
TRBV7-9,TRBJ2-1,ASSMGLAGEADNEQF,1
TRBV7-9,TRBJ2-1,ASSMGLAGENEQF,1
TRBV7-9,TRBJ2-1,ASSMGLAGFNEQF,1
TRBV7-9,TRBJ2-1,ASSMGLAGGAVEQF,2
TRBV7-9,TRBJ2-1,ASSMGLAGGDNEQF,1
TRBV7-9,TRBJ2-1,ASSMGLAGGFEQF,7
TRBV7-9,TRBJ2-1,ASSMGLAGGGDEQF,1
TRBV7-9,TRBJ2-1,ASSMGLAGGGNEQF,1
TRBV7-9,TRBJ2-1,ASSMGLAGGGSYNEQF,1
TRBV7-9,TRBJ2-1,ASSMGLAGGHEQF,1
TRBV7-9,TRBJ2-1,ASSMGLAGGLDEQF,1
TRBV7-9,TRBJ2-1,ASSMGLAGGLYNEQF,5
TRBV7-9,TRBJ2-1,ASSMGLAGGPFNEQF,1
TRBV7-9,TRBJ2-1,ASSMGLAGGPLYNEQF,1
TRBV7-9,TRBJ2-1,ASSMGLAGGRWNEQF,1
TRBV7-9,TRBJ2-1,ASSMGLAGGYNEQF,1
TRBV7-9,TRBJ2-1,ASSMGLAGHNEQF,4
TRBV7-9,TRBJ2-1,ASSMGLAGINEQF,10
TRBV7-9,TRBJ2-1,ASSMGLAGLDNEQF,1
TRBV7-9,TRBJ2-1,ASSMGLAGLGNEQF,1
TRBV7-9,TRBJ2-1,ASSMGLAGLSSYNEQF,1
TRBV7-9,TRBJ2-1,ASSMGLAGSEQF,6
TRBV7-9,TRBJ2-1,ASSMGLAGSSYNEQF,1
TRBV7-9,TRBJ2-1,ASSMGLAGVADEQF,9
TRBV7-9,TRBJ2-1,ASSMGLAGVFLYNEQF,1
TRBV7-9,TRBJ2-1,ASSMGLAGVGDEQF,5
TRBV7-9,TRBJ2-1,ASSMGLAGVIYYNEQF,14
TRBV7-9,TRBJ2-1,ASSMGLAGVKHNEQF,1
TRBV7-9,TRBJ2-1,ASSMGLAGVLGNEQF,1
TRBV7-9,TRBJ2-1,ASSMGLAGVNEQF,5
TRBV7-9,TRBJ2-1,ASSMGLAGVNHEQF,1
TRBV7-9,TRBJ2-1,ASSMGLAGVNYYNEQF,1
TRBV7-9,TRBJ2-1,ASSMGLAGVQDEQF,1
TRBV7-9,TRBJ2-1,ASSMGLAGVQYNEQF,1
TRBV7-9,TRBJ2-1,ASSMGLAGVRFLVNEQF,3
TRBV7-9,TRBJ2-1,ASSMGLAGVRIYNEQF,15
TRBV7-9,TRBJ2-1,ASSMGLAGVVNEQF,1
TRBV7-9,TRBJ2-1,ASSMGLAGWVYNEQF,1
TRBV7-9,TRBJ2-1,ASSMGLAGYNEQF,18
TRBV7-9,TRBJ2-1,ASSMGLANEQF,3
TRBV7-9,TRBJ2-1,ASSMGLAPDNEHF,1
TRBV7-9,TRBJ2-1,ASSMGLAPDNEQF,9
TRBV7-9,TRBJ2-1,ASSMGLAPDNGQF,1
TRBV7-9,TRBJ2-1,ASSMGLAVFNEQF,1
TRBV7-9,TRBJ2-1,ASSMGLAVGHDEQF,1
TRBV7-9,TRBJ2-1,ASSMGLAVYNEQF,7
TRBV7-9,TRBJ2-1,ASSMGLAYNEQF,1
TRBV7-9,TRBJ2-1,ASSMGLGFYNEQF,1
TRBV7-9,TRBJ2-1,ASSMGLGSNNEQF,1
TRBV7-9,TRBJ2-1,ASSMGLGSYNEQF,1
TRBV7-9,TRBJ2-1,ASSMGLHNEQF,1
TRBV7-9,TRBJ2-1,ASSMGLLNEQF,1
TRBV7-9,TRBJ2-1,ASSMGLLYNEQF,1
TRBV7-9,TRBJ2-1,ASSMGLMVLDEQF,1
TRBV7-9,TRBJ2-1,ASSMGLNEQF,1
TRBV7-9,TRBJ2-1,ASSMGLNNEQF,18
TRBV7-9,TRBJ2-1,ASSMGLNNVQF,1
TRBV7-9,TRBJ2-1,ASSMGLPGEF,6
TRBV7-9,TRBJ2-1,ASSMGLPGKF,1
TRBV7-9,TRBJ2-1,ASSMGLPLYNEQF,1
TRBV7-9,TRBJ2-1,ASSMGLPPDEQF,1
TRBV7-9,TRBJ2-1,ASSMGLPSEQF,4
TRBV7-9,TRBJ2-1,ASSMGLPVYNEQF,1
TRBV7-9,TRBJ2-1,ASSMGLQYNEQF,6
TRBV7-9,TRBJ2-1,ASSMGLRADNEQF,1
TRBV7-9,TRBJ2-1,ASSMGLRNEQF,1
TRBV7-9,TRBJ2-1,ASSMGLTRASYNEQF,1
TRBV7-9,TRBJ2-1,ASSMGLTYNEQF,1
TRBV7-9,TRBJ2-1,ASSMGLVGAGYNEQF,1
TRBV7-9,TRBJ2-1,ASSMGLVGYNEQF,1
TRBV7-9,TRBJ2-1,ASSMGLVLHNEQF,1
TRBV7-9,TRBJ2-1,ASSMGLVTYNEQF,1
TRBV7-9,TRBJ2-1,ASSMGLYNEQF,1
TRBV7-9,TRBJ2-1,ASSMGMRSGRANYNEQF,1
TRBV7-9,TRBJ2-1,ASSMGNEQF,2
TRBV7-9,TRBJ2-1,ASSMGNSYNEQF,1
TRBV7-9,TRBJ2-1,ASSMGNYNEQF,1
TRBV7-9,TRBJ2-1,ASSMGPLSYNEQF,1
TRBV7-9,TRBJ2-1,ASSMGPNNEQF,1
TRBV7-9,TRBJ2-1,ASSMGPPHNEQF,1
TRBV7-9,TRBJ2-1,ASSMGPPKNEQF,1
TRBV7-9,TRBJ2-1,ASSMGPPVYNEQF,1
TRBV7-9,TRBJ2-1,ASSMGPQGLPYNEQF,12
TRBV7-9,TRBJ2-1,ASSMGPRNEQF,1
TRBV7-9,TRBJ2-1,ASSMGPSEQF,1
TRBV7-9,TRBJ2-1,ASSMGPSGSLHEQF,2
TRBV7-9,TRBJ2-1,ASSMGPYNEQF,1
TRBV7-9,TRBJ2-1,ASSMGQARPYNEQF,1
TRBV7-9,TRBJ2-1,ASSMGQATNEQF,1
TRBV7-9,TRBJ2-1,ASSMGQDPYNEQF,1
TRBV7-9,TRBJ2-1,ASSMGQFSSYNEQF,8
TRBV7-9,TRBJ2-1,ASSMGQGAHEQF,1
TRBV7-9,TRBJ2-1,ASSMGQGAMNEQF,1
TRBV7-9,TRBJ2-1,ASSMGQGARTYNEQF,1
TRBV7-9,TRBJ2-1,ASSMGQGASYNEQF,1
TRBV7-9,TRBJ2-1,ASSMGQGATGEQF,9
TRBV7-9,TRBJ2-1,ASSMGQGAYEQF,1
TRBV7-9,TRBJ2-1,ASSMGQGAYNEQF,2
TRBV7-9,TRBJ2-1,ASSMGQGERDEQF,1
TRBV7-9,TRBJ2-1,ASSMGQGERNEQF,10
TRBV7-9,TRBJ2-1,ASSMGQGFEVVQF,3
TRBV7-9,TRBJ2-1,ASSMGQGFHNEQF,1
TRBV7-9,TRBJ2-1,ASSMGQGGLNEQF,1
TRBV7-9,TRBJ2-1,ASSMGQGGYNEQF,1
TRBV7-9,TRBJ2-1,ASSMGQGISYNEQF,10
TRBV7-9,TRBJ2-1,ASSMGQGKTMTYNEQF,1
TRBV7-9,TRBJ2-1,ASSMGQGLLDEQF,1
TRBV7-9,TRBJ2-1,ASSMGQGLNEQF,1
TRBV7-9,TRBJ2-1,ASSMGQGLNNEQF,1
TRBV7-9,TRBJ2-1,ASSMGQGLYNEQF,1
TRBV7-9,TRBJ2-1,ASSMGQGMDEQF,1
TRBV7-9,TRBJ2-1,ASSMGQGNEQF,3
TRBV7-9,TRBJ2-1,ASSMGQGQPYNEQF,1
TRBV7-9,TRBJ2-1,ASSMGQGRVDEQF,1
TRBV7-9,TRBJ2-1,ASSMGQGSF,5
TRBV7-9,TRBJ2-1,ASSMGQGSFGVQF,4
TRBV7-9,TRBJ2-1,ASSMGQGSNEQF,1
TRBV7-9,TRBJ2-1,ASSMGQGSWNEQF,1
TRBV7-9,TRBJ2-1,ASSMGQGSYNEQF,3
TRBV7-9,TRBJ2-1,ASSMGQGTPYNEQF,8
TRBV7-9,TRBJ2-1,ASSMGQGTYNEQF,1
TRBV7-9,TRBJ2-1,ASSMGQGVGNEQF,1
TRBV7-9,TRBJ2-1,ASSMGQGVNEQF,1
TRBV7-9,TRBJ2-1,ASSMGQGVRDYHEQF,1
TRBV7-9,TRBJ2-1,ASSMGQGWYNEQF,1
TRBV7-9,TRBJ2-1,ASSMGQGYEQF,14
TRBV7-9,TRBJ2-1,ASSMGQGYNEQF,1
TRBV7-9,TRBJ2-1,ASSMGQIGNEQF,1
TRBV7-9,TRBJ2-1,ASSMGQINEQF,1
TRBV7-9,TRBJ2-1,ASSMGQLSAYNEQF,1
TRBV7-9,TRBJ2-1,ASSMGQLSSYNEQF,6
TRBV7-9,TRBJ2-1,ASSMGQPDNEQF,1
TRBV7-9,TRBJ2-1,ASSMGQPLSYNEQF,19
TRBV7-9,TRBJ2-1,ASSMGQTDNEQF,1
TRBV7-9,TRBJ2-1,ASSMGQVSYNEQF,1
TRBV7-9,TRBJ2-1,ASSMGQYNEQF,8
TRBV7-9,TRBJ2-1,ASSMGQYYNEQF,1
TRBV7-9,TRBJ2-1,ASSMGRDIHEQF,1
TRBV7-9,TRBJ2-1,ASSMGRGADEQF,2
TRBV7-9,TRBJ2-1,ASSMGRSSYNEQF,1
TRBV7-9,TRBJ2-1,ASSMGRTTYNEQF,1
TRBV7-9,TRBJ2-1,ASSMGSAGGPRYNEQF,1
TRBV7-9,TRBJ2-1,ASSMGSEQF,6
TRBV7-9,TRBJ2-1,ASSMGSGEQF,1
TRBV7-9,TRBJ2-1,ASSMGSGLYNEQF,1
TRBV7-9,TRBJ2-1,ASSMGSGNNEQF,1
TRBV7-9,TRBJ2-1,ASSMGSRQGAGIGNEQF,1
TRBV7-9,TRBJ2-1,ASSMGSSGTDEQF,1
TRBV7-9,TRBJ2-1,ASSMGSSYNEQF,2
TRBV7-9,TRBJ2-1,ASSMGSVPYNEQF,1
TRBV7-9,TRBJ2-1,ASSMGSYNEQF,1
TRBV7-9,TRBJ2-1,ASSMGTANNEQF,5
TRBV7-9,TRBJ2-1,ASSMGTARGNEQF,1
TRBV7-9,TRBJ2-1,ASSMGTGARNEQF,1
TRBV7-9,TRBJ2-1,ASSMGTGEPDEQF,4
TRBV7-9,TRBJ2-1,ASSMGTGKINEQF,4
TRBV7-9,TRBJ2-1,ASSMGTGMDEQF,1
TRBV7-9,TRBJ2-1,ASSMGTGPTYNEQF,3
TRBV7-9,TRBJ2-1,ASSMGTGSSYNEQF,1
TRBV7-9,TRBJ2-1,ASSMGTGVLVNEQF,10
TRBV7-9,TRBJ2-1,ASSMGTLAGAYNEQF,2
TRBV7-9,TRBJ2-1,ASSMGTNEQF,2
TRBV7-9,TRBJ2-1,ASSMGTNSYNEQF,1
TRBV7-9,TRBJ2-1,ASSMGTPTYNEQF,1
TRBV7-9,TRBJ2-1,ASSMGTRGFLPSNEQF,1
TRBV7-9,TRBJ2-1,ASSMGTRKINEQF,1
TRBV7-9,TRBJ2-1,ASSMGTRREDEQF,18
TRBV7-9,TRBJ2-1,ASSMGTSDANEQF,1
TRBV7-9,TRBJ2-1,ASSMGTSGDSADNEQF,1
TRBV7-9,TRBJ2-1,ASSMGTSGDSSYKEQF,1
TRBV7-9,TRBJ2-1,ASSMGTSGDSSYNEQF,12
TRBV7-9,TRBJ2-1,ASSMGTSGGDEQF,3
TRBV7-9,TRBJ2-1,ASSMGTSGIGQF,3
TRBV7-9,TRBJ2-1,ASSMGTSGRVYNEQF,1
TRBV7-9,TRBJ2-1,ASSMGTSGRYEQF,1
TRBV7-9,TRBJ2-1,ASSMGTSGSDEQF,1
TRBV7-9,TRBJ2-1,ASSMGTSGSNEQF,1
TRBV7-9,TRBJ2-1,ASSMGTSGYNEQF,1
TRBV7-9,TRBJ2-1,ASSMGTSVANEQF,10
TRBV7-9,TRBJ2-1,ASSMGTSVNNEQF,1
TRBV7-9,TRBJ2-1,ASSMGTSVSNEQF,10
TRBV7-9,TRBJ2-1,ASSMGTYHEQF,1
TRBV7-9,TRBJ2-1,ASSMGTYNEQF,21
TRBV7-9,TRBJ2-1,ASSMGVAGINEQF,1
TRBV7-9,TRBJ2-1,ASSMGVGGQGFYNEQF,1
TRBV7-9,TRBJ2-1,ASSMGVGRQENEQF,4
TRBV7-9,TRBJ2-1,ASSMGVGTTDNEQF,1
TRBV7-9,TRBJ2-1,ASSMGVLGYNEQC,1
TRBV7-9,TRBJ2-1,ASSMGVLGYNEQF,13
TRBV7-9,TRBJ2-1,ASSMGVNNEQF,1
TRBV7-9,TRBJ2-1,ASSMGVVDNEQF,15
TRBV7-9,TRBJ2-1,ASSMGVWRQENEQF,1
TRBV7-9,TRBJ2-1,ASSMGWGGNNEQF,1
TRBV7-9,TRBJ2-1,ASSMGWGTDPYKEQF,1
TRBV7-9,TRBJ2-1,ASSMGWGTDPYNEQF,3
TRBV7-9,TRBJ2-1,ASSMGWNEQF,1
TRBV7-9,TRBJ2-1,ASSMGYNEQF,10
TRBV7-9,TRBJ2-1,ASSMIAGGPDEQF,1
TRBV7-9,TRBJ2-1,ASSMIAGKAYNEQF,2
TRBV7-9,TRBJ2-1,ASSMIAGSFAPYNEQF,1
TRBV7-9,TRBJ2-1,ASSMIAGSNEQF,1
TRBV7-9,TRBJ2-1,ASSMIAGVPSSYNEQF,14
TRBV7-9,TRBJ2-1,ASSMILGYNEQF,3
TRBV7-9,TRBJ2-1,ASSMIPEAYDEQF,1
TRBV7-9,TRBJ2-1,ASSMIPEAYNGQS,1
TRBV7-9,TRBJ2-1,ASSMIPEGYNEQF,1
TRBV7-9,TRBJ2-1,ASSMIPESYNEQF,1
TRBV7-9,TRBJ2-1,ASSMISGSNEQF,1
TRBV7-9,TRBJ2-1,ASSMKAGPKNEQF,8
TRBV7-9,TRBJ2-1,ASSMKATGYNEQF,1
TRBV7-9,TRBJ2-1,ASSMKDNNEQF,1
TRBV7-9,TRBJ2-1,ASSMKLAVSSYNEQF,7
TRBV7-9,TRBJ2-1,ASSMKLVHEQF,1
TRBV7-9,TRBJ2-1,ASSMKSASYNEQF,2
TRBV7-9,TRBJ2-1,ASSMKTAYNEQF,1
TRBV7-9,TRBJ2-1,ASSMKTSGSLGQF,6
TRBV7-9,TRBJ2-1,ASSMKTSGSSYNEQF,1
TRBV7-9,TRBJ2-1,ASSMLAASYNEQF,1
TRBV7-9,TRBJ2-1,ASSMLAGASYNEQF,1
TRBV7-9,TRBJ2-1,ASSMLAGAVYNEQF,1
TRBV7-9,TRBJ2-1,ASSMLAGEYNEQF,1
TRBV7-9,TRBJ2-1,ASSMLAGGALNEQF,1
TRBV7-9,TRBJ2-1,ASSMLAGGANEQF,1
TRBV7-9,TRBJ2-1,ASSMLAGGGNEQF,1
TRBV7-9,TRBJ2-1,ASSMLAGGYEQF,1
TRBV7-9,TRBJ2-1,ASSMLAGRHNEQF,1
TRBV7-9,TRBJ2-1,ASSMLAGRHQF,1
TRBV7-9,TRBJ2-1,ASSMLAGSSYNEQF,1
TRBV7-9,TRBJ2-1,ASSMLAGTYNEQF,1
TRBV7-9,TRBJ2-1,ASSMLAGTYYNEQF,1
TRBV7-9,TRBJ2-1,ASSMLASYNEQF,1
TRBV7-9,TRBJ2-1,ASSMLAVDYNEQF,1
TRBV7-9,TRBJ2-1,ASSMLDREPYNEQF,3
TRBV7-9,TRBJ2-1,ASSMLEGWAYNEQF,2
TRBV7-9,TRBJ2-1,ASSMLGGEQF,4
TRBV7-9,TRBJ2-1,ASSMLGGGRLYNEQF,11
TRBV7-9,TRBJ2-1,ASSMLGLAANEQF,1
TRBV7-9,TRBJ2-1,ASSMLGLAGDEQF,1
TRBV7-9,TRBJ2-1,ASSMLGLGANEQF,1
TRBV7-9,TRBJ2-1,ASSMLGLNEQF,1
TRBV7-9,TRBJ2-1,ASSMLGNEQF,3
TRBV7-9,TRBJ2-1,ASSMLGQGYNNEQF,1
TRBV7-9,TRBJ2-1,ASSMLGSGRSGEQF,2
TRBV7-9,TRBJ2-1,ASSMLGSPINEQF,8
TRBV7-9,TRBJ2-1,ASSMLIRGHPLRNEQF,1
TRBV7-9,TRBJ2-1,ASSMLLAGGGNEQF,1
TRBV7-9,TRBJ2-1,ASSMLSTSLDEQF,1
TRBV7-9,TRBJ2-1,ASSMLTASYNEQF,1
TRBV7-9,TRBJ2-1,ASSMLTGATYNEQF,1
TRBV7-9,TRBJ2-1,ASSMLTGRPINEQF,1
TRBV7-9,TRBJ2-1,ASSMLTSAKDEQF,1
TRBV7-9,TRBJ2-1,ASSMLTSGSDAQF,1
TRBV7-9,TRBJ2-1,ASSMLVGDRSYNEQF,1
TRBV7-9,TRBJ2-1,ASSMLWVAEYNEQF,1
TRBV7-9,TRBJ2-1,ASSMMASAYNEQF,1
TRBV7-9,TRBJ2-1,ASSMMASSYNEQF,4
TRBV7-9,TRBJ2-1,ASSMMDTGNEQF,1
TRBV7-9,TRBJ2-1,ASSMMGLVGDEQF,1
TRBV7-9,TRBJ2-1,ASSMMGNEQF,1
TRBV7-9,TRBJ2-1,ASSMMTGEVYNEQF,1
TRBV7-9,TRBJ2-1,ASSMNAGNIGNEQF,1
TRBV7-9,TRBJ2-1,ASSMNEGLARHNEQF,1
TRBV7-9,TRBJ2-1,ASSMNEGSRMYNEQF,8
TRBV7-9,TRBJ2-1,ASSMNEQF,25
TRBV7-9,TRBJ2-1,ASSMNNEQF,1
TRBV7-9,TRBJ2-1,ASSMNNNEQF,1
TRBV7-9,TRBJ2-1,ASSMNNPNEQF,1
TRBV7-9,TRBJ2-1,ASSMNPLAGGPYNEQF,1
TRBV7-9,TRBJ2-1,ASSMNPNEQF,1
TRBV7-9,TRBJ2-1,ASSMNREIINEQF,1
TRBV7-9,TRBJ2-1,ASSMNRRLDYNEQF,12
TRBV7-9,TRBJ2-1,ASSMNSAAEQF,1
TRBV7-9,TRBJ2-1,ASSMNSADEQF,2
TRBV7-9,TRBJ2-1,ASSMNSGPTINEQF,1
TRBV7-9,TRBJ2-1,ASSMNSGRANEQF,1
TRBV7-9,TRBJ2-1,ASSMNTGIGAYNEQF,1
TRBV7-9,TRBJ2-1,ASSMPAAKSYNEQF,1
TRBV7-9,TRBJ2-1,ASSMPAGGPFNEQF,1
TRBV7-9,TRBJ2-1,ASSMPDQGEQF,1
TRBV7-9,TRBJ2-1,ASSMPEGSSYNEQF,1
TRBV7-9,TRBJ2-1,ASSMPGGGSGYNEQF,1
TRBV7-9,TRBJ2-1,ASSMPGGRNEQF,8
TRBV7-9,TRBJ2-1,ASSMPGINEQF,1
TRBV7-9,TRBJ2-1,ASSMPGLAAYNEQF,1
TRBV7-9,TRBJ2-1,ASSMPGLADNEQF,1
TRBV7-9,TRBJ2-1,ASSMPGLAFNEQF,5
TRBV7-9,TRBJ2-1,ASSMPGLAGGNNEQF,1
TRBV7-9,TRBJ2-1,ASSMPGLAGGPGSYNEQF,1
TRBV7-9,TRBJ2-1,ASSMPGLAGVNEQF,6
TRBV7-9,TRBJ2-1,ASSMPGLAGYEQF,1
TRBV7-9,TRBJ2-1,ASSMPGLNAQF,2
TRBV7-9,TRBJ2-1,ASSMPGLNDQF,2
TRBV7-9,TRBJ2-1,ASSMPGLNEEF,2
TRBV7-9,TRBJ2-1,ASSMPGLNEQF,214
TRBV7-9,TRBJ2-1,ASSMPGLNEQS,1
TRBV7-9,TRBJ2-1,ASSMPGLNEQV,1
TRBV7-9,TRBJ2-1,ASSMPGLNGQF,1
TRBV7-9,TRBJ2-1,ASSMPGLNVQF,1
TRBV7-9,TRBJ2-1,ASSMPGLQFYEQF,1
TRBV7-9,TRBJ2-1,ASSMPGLTEQF,1
TRBV7-9,TRBJ2-1,ASSMPGPYNEQF,1
TRBV7-9,TRBJ2-1,ASSMPGQGADNEQF,1
TRBV7-9,TRBJ2-1,ASSMPGQGAFEQF,3
TRBV7-9,TRBJ2-1,ASSMPGQTTVQF,1
TRBV7-9,TRBJ2-1,ASSMPGTGGYNEQF,1
TRBV7-9,TRBJ2-1,ASSMPGTIGNEQF,1
TRBV7-9,TRBJ2-1,ASSMPGTSAYNEQF,1
TRBV7-9,TRBJ2-1,ASSMPGTSGDNEQF,1
TRBV7-9,TRBJ2-1,ASSMPGTSGNEQF,4
TRBV7-9,TRBJ2-1,ASSMPGTSGNEQI,1
TRBV7-9,TRBJ2-1,ASSMPGTSGRQSEQF,3
TRBV7-9,TRBJ2-1,ASSMPGYENEQF,1
TRBV7-9,TRBJ2-1,ASSMPILAGVSSYNEQF,4
TRBV7-9,TRBJ2-1,ASSMPILGYNEQF,1
TRBV7-9,TRBJ2-1,ASSMPLGRAFEYNEQF,1
TRBV7-9,TRBJ2-1,ASSMPLNEQF,1
TRBV7-9,TRBJ2-1,ASSMPLYNEQF,1
TRBV7-9,TRBJ2-1,ASSMPPGGATYNEQF,4
TRBV7-9,TRBJ2-1,ASSMPPRAGGESYNEQF,1
TRBV7-9,TRBJ2-1,ASSMPPSGRNNEQF,5
TRBV7-9,TRBJ2-1,ASSMPPYNEQF,1
TRBV7-9,TRBJ2-1,ASSMPQGNEQF,1
TRBV7-9,TRBJ2-1,ASSMPQTSGGSSYNAQF,1
TRBV7-9,TRBJ2-1,ASSMPQTSGGSSYNEQF,16
TRBV7-9,TRBJ2-1,ASSMPRGPYNEQF,1
TRBV7-9,TRBJ2-1,ASSMPRVNEQF,1
TRBV7-9,TRBJ2-1,ASSMPSADEQF,1
TRBV7-9,TRBJ2-1,ASSMPSAGGPLNEQF,1
TRBV7-9,TRBJ2-1,ASSMPSGGSYNEQF,8
TRBV7-9,TRBJ2-1,ASSMPSGGSYNEQL,1
TRBV7-9,TRBJ2-1,ASSMPSGKSYNEQF,1
TRBV7-9,TRBJ2-1,ASSMPSGRSTYNEQF,1
TRBV7-9,TRBJ2-1,ASSMPSGSPTEQF,7
TRBV7-9,TRBJ2-1,ASSMPSRLAGTYNEQY,1
TRBV7-9,TRBJ2-1,ASSMPSSNEQF,1
TRBV7-9,TRBJ2-1,ASSMPSYNDNSGRRYEQF,1
TRBV7-9,TRBJ2-1,ASSMPTGLAGGGQF,13
TRBV7-9,TRBJ2-1,ASSMPTRGHNEQF,4
TRBV7-9,TRBJ2-1,ASSMPTRPSSYNEQF,6
TRBV7-9,TRBJ2-1,ASSMPTSGSTSNEQF,1
TRBV7-9,TRBJ2-1,ASSMPVLTEQF,1
TRBV7-9,TRBJ2-1,ASSMPWDRSNDNEQF,1
TRBV7-9,TRBJ2-1,ASSMPWGHEQF,1
TRBV7-9,TRBJ2-1,ASSMPWTGGEYNEQF,1
TRBV7-9,TRBJ2-1,ASSMPYNEQF,1
TRBV7-9,TRBJ2-1,ASSMQF,5
TRBV7-9,TRBJ2-1,ASSMQGHNEQF,11
TRBV7-9,TRBJ2-1,ASSMQGSYNEQF,1
TRBV7-9,TRBJ2-1,ASSMQGTYNEQF,1
TRBV7-9,TRBJ2-1,ASSMQLAGGLNEQF,1
TRBV7-9,TRBJ2-1,ASSMQRARSYNEQF,1
TRBV7-9,TRBJ2-1,ASSMQRPGLVVHEQF,1
TRBV7-9,TRBJ2-1,ASSMQVNEQF,1
TRBV7-9,TRBJ2-1,ASSMQVSYNEQF,9
TRBV7-9,TRBJ2-1,ASSMRAGGPNNEQF,1
TRBV7-9,TRBJ2-1,ASSMRAMGINEQF,1
TRBV7-9,TRBJ2-1,ASSMRASADEQF,3
TRBV7-9,TRBJ2-1,ASSMRDDEQF,1
TRBV7-9,TRBJ2-1,ASSMRDLGNEQF,1
TRBV7-9,TRBJ2-1,ASSMRDRGSSYNEQF,1
TRBV7-9,TRBJ2-1,ASSMRDRLYNEQF,1
TRBV7-9,TRBJ2-1,ASSMRDSVSYNEQF,2
TRBV7-9,TRBJ2-1,ASSMRDSYNEQF,1
TRBV7-9,TRBJ2-1,ASSMRDYNEQF,1
TRBV7-9,TRBJ2-1,ASSMRDYYNEQF,1
TRBV7-9,TRBJ2-1,ASSMREGNEQF,1
TRBV7-9,TRBJ2-1,ASSMREGPNEQF,2
TRBV7-9,TRBJ2-1,ASSMREGTGKGDEQF,1
TRBV7-9,TRBJ2-1,ASSMRESYEQF,1
TRBV7-9,TRBJ2-1,ASSMREYLGYNEQF,6
TRBV7-9,TRBJ2-1,ASSMRGDEQF,1
TRBV7-9,TRBJ2-1,ASSMRGGLPYSSSYNEQF,1
TRBV7-9,TRBJ2-1,ASSMRGGRTYNEQF,1
TRBV7-9,TRBJ2-1,ASSMRGGTANEQF,1
TRBV7-9,TRBJ2-1,ASSMRGLAGPNEQF,1
TRBV7-9,TRBJ2-1,ASSMRGLAGTYNEQF,1
TRBV7-9,TRBJ2-1,ASSMRGLAVYNEQF,1
TRBV7-9,TRBJ2-1,ASSMRGLEGNEQF,3
TRBV7-9,TRBJ2-1,ASSMRGNEQF,3
TRBV7-9,TRBJ2-1,ASSMRGQDIGNEQF,1
TRBV7-9,TRBJ2-1,ASSMRGQNNEQF,1
TRBV7-9,TRBJ2-1,ASSMRGRHNEQF,1
TRBV7-9,TRBJ2-1,ASSMRGRSGANEQF,2
TRBV7-9,TRBJ2-1,ASSMRGSIHSYNEQF,1
TRBV7-9,TRBJ2-1,ASSMRGSSYNEQF,2
TRBV7-9,TRBJ2-1,ASSMRGSSYTEQF,1
TRBV7-9,TRBJ2-1,ASSMRGTEQF,2
TRBV7-9,TRBJ2-1,ASSMRIDEQF,1
TRBV7-9,TRBJ2-1,ASSMRKGSSYNEQF,1
TRBV7-9,TRBJ2-1,ASSMRKGTERNEQF,1
TRBV7-9,TRBJ2-1,ASSMRLAANNEQF,1
TRBV7-9,TRBJ2-1,ASSMRLAGAGSGVNEQF,1
TRBV7-9,TRBJ2-1,ASSMRLAGDEQF,1
TRBV7-9,TRBJ2-1,ASSMRLAGGPDEQF,1
TRBV7-9,TRBJ2-1,ASSMRLAGGSF,12
TRBV7-9,TRBJ2-1,ASSMRLAGGSYNEQF,1
TRBV7-9,TRBJ2-1,ASSMRLAGLEPF,1
TRBV7-9,TRBJ2-1,ASSMRLAGSEQF,8
TRBV7-9,TRBJ2-1,ASSMRLAGSNEQF,2
TRBV7-9,TRBJ2-1,ASSMRLAGTNNEQF,1
TRBV7-9,TRBJ2-1,ASSMRLAGYNEQF,8
TRBV7-9,TRBJ2-1,ASSMRLASTYNEQF,2
TRBV7-9,TRBJ2-1,ASSMRLDVNEQF,1
TRBV7-9,TRBJ2-1,ASSMRLSSYNEQF,1
TRBV7-9,TRBJ2-1,ASSMRLVSEQF,2
TRBV7-9,TRBJ2-1,ASSMRNSGSDEQF,1
TRBV7-9,TRBJ2-1,ASSMRQGENNEQF,1
TRBV7-9,TRBJ2-1,ASSMRQGSSYNAQF,2
TRBV7-9,TRBJ2-1,ASSMRQGSSYNEQF,10
TRBV7-9,TRBJ2-1,ASSMRQGSYNEQF,1
TRBV7-9,TRBJ2-1,ASSMRQGWDEQF,1
TRBV7-9,TRBJ2-1,ASSMRQGYNEQF,12
TRBV7-9,TRBJ2-1,ASSMRQQVDEQF,1
TRBV7-9,TRBJ2-1,ASSMRQRSSYNEQF,1
TRBV7-9,TRBJ2-1,ASSMRQVAEQF,2
TRBV7-9,TRBJ2-1,ASSMRQVNEHF,1
TRBV7-9,TRBJ2-1,ASSMRRDRGPKEQF,1
TRBV7-9,TRBJ2-1,ASSMRRDRGPNEQF,12
TRBV7-9,TRBJ2-1,ASSMRRLNEQF,1
TRBV7-9,TRBJ2-1,ASSMRSGRAGEQF,2
TRBV7-9,TRBJ2-1,ASSMRSLSSYNEQF,14
TRBV7-9,TRBJ2-1,ASSMRSRGSDEQL,1
TRBV7-9,TRBJ2-1,ASSMRSSASDEQF,1
TRBV7-9,TRBJ2-1,ASSMRSSHEQF,1
TRBV7-9,TRBJ2-1,ASSMRTDDNEQF,1
TRBV7-9,TRBJ2-1,ASSMRTDHNEQF,1
TRBV7-9,TRBJ2-1,ASSMRTGDNEQF,1
TRBV7-9,TRBJ2-1,ASSMRTGGRNNEQF,1
TRBV7-9,TRBJ2-1,ASSMRTGGYNEQF,1
TRBV7-9,TRBJ2-1,ASSMRTGMGNEQF,3
TRBV7-9,TRBJ2-1,ASSMRTGSSYNEQF,16
TRBV7-9,TRBJ2-1,ASSMRTGYNEQF,1
TRBV7-9,TRBJ2-1,ASSMRTKANNEQF,1
TRBV7-9,TRBJ2-1,ASSMRTNGSDEQF,1
TRBV7-9,TRBJ2-1,ASSMRTSASDEQC,1
TRBV7-9,TRBJ2-1,ASSMRTSGENNEQF,1
TRBV7-9,TRBJ2-1,ASSMRTSGQNEQL,1
TRBV7-9,TRBJ2-1,ASSMRTSGRADDQF,1
TRBV7-9,TRBJ2-1,ASSMRTSGRADEQF,11
TRBV7-9,TRBJ2-1,ASSMRTSGRDEQF,1
TRBV7-9,TRBJ2-1,ASSMRTSGRETYNEQF,1
TRBV7-9,TRBJ2-1,ASSMRTSGRNEQF,1
TRBV7-9,TRBJ2-1,ASSMRTSGSDDQF,2
TRBV7-9,TRBJ2-1,ASSMRTSGSDEHF,1
TRBV7-9,TRBJ2-1,ASSMRTSGSDEQF,23
TRBV7-9,TRBJ2-1,ASSMRTSGSEEQF,1
TRBV7-9,TRBJ2-1,ASSMRTSGSNEQF,2
TRBV7-9,TRBJ2-1,ASSMRTSGSSSHEQF,1
TRBV7-9,TRBJ2-1,ASSMRTSGSYEQF,1
TRBV7-9,TRBJ2-1,ASSMRTSGSYNEQF,1
TRBV7-9,TRBJ2-1,ASSMRTSWSDEQF,1
TRBV7-9,TRBJ2-1,ASSMRTYEPQF,1
TRBV7-9,TRBJ2-1,ASSMRVVAGWRYNEQF,1
TRBV7-9,TRBJ2-1,ASSMSDEQF,1
TRBV7-9,TRBJ2-1,ASSMSEGPSYNEQF,5
TRBV7-9,TRBJ2-1,ASSMSESSYNEQF,1
TRBV7-9,TRBJ2-1,ASSMSGAYNEQF,1
TRBV7-9,TRBJ2-1,ASSMSGDNEQF,1
TRBV7-9,TRBJ2-1,ASSMSGGARNEQF,1
TRBV7-9,TRBJ2-1,ASSMSGGKNNEQF,1
TRBV7-9,TRBJ2-1,ASSMSGGNYNEQF,6
TRBV7-9,TRBJ2-1,ASSMSGGSSYNEQF,1
TRBV7-9,TRBJ2-1,ASSMSGGSYNEQF,2
TRBV7-9,TRBJ2-1,ASSMSGGVSNEQF,1
TRBV7-9,TRBJ2-1,ASSMSGHEQF,1
TRBV7-9,TRBJ2-1,ASSMSGISYNEQF,1
TRBV7-9,TRBJ2-1,ASSMSGKEQF,1
TRBV7-9,TRBJ2-1,ASSMSGLAGNNEQF,5
TRBV7-9,TRBJ2-1,ASSMSGLNEQF,1
TRBV7-9,TRBJ2-1,ASSMSGLYEQF,1
TRBV7-9,TRBJ2-1,ASSMSGMAFKDEQF,1
TRBV7-9,TRBJ2-1,ASSMSGNAQF,1
TRBV7-9,TRBJ2-1,ASSMSGNDQF,2
TRBV7-9,TRBJ2-1,ASSMSGNEHF,2
TRBV7-9,TRBJ2-1,ASSMSGNEKF,2
TRBV7-9,TRBJ2-1,ASSMSGNELF,1
TRBV7-9,TRBJ2-1,ASSMSGNEPF,1
TRBV7-9,TRBJ2-1,ASSMSGNEQF,423
TRBV7-9,TRBJ2-1,ASSMSGNEQL,1
TRBV7-9,TRBJ2-1,ASSMSGNEQV,1
TRBV7-9,TRBJ2-1,ASSMSGNEQY,1
TRBV7-9,TRBJ2-1,ASSMSGNERF,2
TRBV7-9,TRBJ2-1,ASSMSGNGQF,1
TRBV7-9,TRBJ2-1,ASSMSGNNEQF,9
TRBV7-9,TRBJ2-1,ASSMSGPSPYNEQF,1
TRBV7-9,TRBJ2-1,ASSMSGPYNEQF,14
TRBV7-9,TRBJ2-1,ASSMSGQGAGEQF,8
TRBV7-9,TRBJ2-1,ASSMSGQGARNEQF,4
TRBV7-9,TRBJ2-1,ASSMSGQGEGEQF,1
TRBV7-9,TRBJ2-1,ASSMSGRAAGEQC,1
TRBV7-9,TRBJ2-1,ASSMSGRAAGEQF,9
TRBV7-9,TRBJ2-1,ASSMSGRAHEQF,9
TRBV7-9,TRBJ2-1,ASSMSGRFSYNEQF,1
TRBV7-9,TRBJ2-1,ASSMSGRGYNEQF,1
TRBV7-9,TRBJ2-1,ASSMSGRPLYNEQF,1
TRBV7-9,TRBJ2-1,ASSMSGRSYNEQF,1
TRBV7-9,TRBJ2-1,ASSMSGRVYNEQF,1
TRBV7-9,TRBJ2-1,ASSMSGSEQF,1
TRBV7-9,TRBJ2-1,ASSMSGSNEQF,1
TRBV7-9,TRBJ2-1,ASSMSGSPFYNEQF,1
TRBV7-9,TRBJ2-1,ASSMSGSSYNEQF,22
TRBV7-9,TRBJ2-1,ASSMSGSSYNEQL,1
TRBV7-9,TRBJ2-1,ASSMSGSYNEQF,1
TRBV7-9,TRBJ2-1,ASSMSGTEQF,2
TRBV7-9,TRBJ2-1,ASSMSGTGDEQF,1
TRBV7-9,TRBJ2-1,ASSMSGTRLNEQF,13
TRBV7-9,TRBJ2-1,ASSMSGTVDEQF,1
TRBV7-9,TRBJ2-1,ASSMSGTYNEKF,1
TRBV7-9,TRBJ2-1,ASSMSGTYNEQC,1
TRBV7-9,TRBJ2-1,ASSMSGTYNEQF,17
TRBV7-9,TRBJ2-1,ASSMSGVNEQF,1
TRBV7-9,TRBJ2-1,ASSMSGYEQF,2
TRBV7-9,TRBJ2-1,ASSMSISSSYNEQF,1
TRBV7-9,TRBJ2-1,ASSMSLGDEQF,1
TRBV7-9,TRBJ2-1,ASSMSLLYNEQF,1
TRBV7-9,TRBJ2-1,ASSMSLTHSFNEQF,3
TRBV7-9,TRBJ2-1,ASSMSNEQF,1
TRBV7-9,TRBJ2-1,ASSMSPEDNEQF,1
TRBV7-9,TRBJ2-1,ASSMSPGGLYNEQF,1
TRBV7-9,TRBJ2-1,ASSMSPGLAGGPGVHEQF,6
TRBV7-9,TRBJ2-1,ASSMSPGQGEGNEQF,1
TRBV7-9,TRBJ2-1,ASSMSPGTSGRGSSYNEQF,1
TRBV7-9,TRBJ2-1,ASSMSQGVTYNEQF,2
TRBV7-9,TRBJ2-1,ASSMSQGVYNEQF,1
TRBV7-9,TRBJ2-1,ASSMSQVFNEQF,1
TRBV7-9,TRBJ2-1,ASSMSQVVNEQF,9
TRBV7-9,TRBJ2-1,ASSMSRDSVYDNEQF,1
TRBV7-9,TRBJ2-1,ASSMSRESYNEQF,1
TRBV7-9,TRBJ2-1,ASSMSRNEQF,3
TRBV7-9,TRBJ2-1,ASSMSRNSYNEQF,1
TRBV7-9,TRBJ2-1,ASSMSRVFDVEQL,1
TRBV7-9,TRBJ2-1,ASSMSSADEQF,2
TRBV7-9,TRBJ2-1,ASSMSSAGGTYNEQF,1
TRBV7-9,TRBJ2-1,ASSMSSAGVYNEQF,44
TRBV7-9,TRBJ2-1,ASSMSSGLTYNEQF,9
TRBV7-9,TRBJ2-1,ASSMSSGSAYNEQF,1
TRBV7-9,TRBJ2-1,ASSMSSGTGHYNEQF,1
TRBV7-9,TRBJ2-1,ASSMSSGTGNEQF,5
TRBV7-9,TRBJ2-1,ASSMSSYNEQF,2
TRBV7-9,TRBJ2-1,ASSMSTGFPTYKEQF,1
TRBV7-9,TRBJ2-1,ASSMSTGFPTYNEQF,11
TRBV7-9,TRBJ2-1,ASSMSTGSNEQF,1
TRBV7-9,TRBJ2-1,ASSMSTTLRYNEQF,1
TRBV7-9,TRBJ2-1,ASSMSVGPDNEQF,1
TRBV7-9,TRBJ2-1,ASSMSVHEQF,1
TRBV7-9,TRBJ2-1,ASSMSVNAQF,1
TRBV7-9,TRBJ2-1,ASSMSVNEQF,1
TRBV7-9,TRBJ2-1,ASSMSYNEQF,11
TRBV7-9,TRBJ2-1,ASSMTAESYNEQF,9
TRBV7-9,TRBJ2-1,ASSMTAESYNEQY,1
TRBV7-9,TRBJ2-1,ASSMTANNEQF,1
TRBV7-9,TRBJ2-1,ASSMTAPKNYNEQF,6
TRBV7-9,TRBJ2-1,ASSMTASSYNEQF,1
TRBV7-9,TRBJ2-1,ASSMTAYNEQF,3
TRBV7-9,TRBJ2-1,ASSMTCADEQF,1
TRBV7-9,TRBJ2-1,ASSMTDANNEQF,1
TRBV7-9,TRBJ2-1,ASSMTDEQF,1
TRBV7-9,TRBJ2-1,ASSMTDGGPLYNEQF,5
TRBV7-9,TRBJ2-1,ASSMTDNYNEQF,1
TRBV7-9,TRBJ2-1,ASSMTDSSSYNEQF,1
TRBV7-9,TRBJ2-1,ASSMTDYNEQF,1
TRBV7-9,TRBJ2-1,ASSMTEEGVYNEQF,1
TRBV7-9,TRBJ2-1,ASSMTEGDEQF,3
TRBV7-9,TRBJ2-1,ASSMTEKGDNEQF,6
TRBV7-9,TRBJ2-1,ASSMTEKYNEQF,1
TRBV7-9,TRBJ2-1,ASSMTEYNEQF,1
TRBV7-9,TRBJ2-1,ASSMTGADEHF,1
TRBV7-9,TRBJ2-1,ASSMTGADEQF,2
TRBV7-9,TRBJ2-1,ASSMTGAGNEQF,1
TRBV7-9,TRBJ2-1,ASSMTGAREQF,5
TRBV7-9,TRBJ2-1,ASSMTGDPYYNEQF,1
TRBV7-9,TRBJ2-1,ASSMTGDRNEQF,9
TRBV7-9,TRBJ2-1,ASSMTGDRTEQF,1
TRBV7-9,TRBJ2-1,ASSMTGDSKQF,2
TRBV7-9,TRBJ2-1,ASSMTGFLVNEQF,5
TRBV7-9,TRBJ2-1,ASSMTGGASNEQF,1
TRBV7-9,TRBJ2-1,ASSMTGGDEQF,1
TRBV7-9,TRBJ2-1,ASSMTGGEGYNEQF,1
TRBV7-9,TRBJ2-1,ASSMTGGEYNEQF,6
TRBV7-9,TRBJ2-1,ASSMTGGGDEQF,1
TRBV7-9,TRBJ2-1,ASSMTGGGEQF,2
TRBV7-9,TRBJ2-1,ASSMTGGGNNEQF,1
TRBV7-9,TRBJ2-1,ASSMTGGINEQF,1
TRBV7-9,TRBJ2-1,ASSMTGGNEQF,12
TRBV7-9,TRBJ2-1,ASSMTGGPYNEQF,1
TRBV7-9,TRBJ2-1,ASSMTGGSYNEQF,1
TRBV7-9,TRBJ2-1,ASSMTGKLAGGGVNEQF,1
TRBV7-9,TRBJ2-1,ASSMTGLAGRNEQF,1
TRBV7-9,TRBJ2-1,ASSMTGLGNEQF,1
TRBV7-9,TRBJ2-1,ASSMTGLSSSTYNEQF,1
TRBV7-9,TRBJ2-1,ASSMTGLTYNEQF,1
TRBV7-9,TRBJ2-1,ASSMTGNEQF,3
TRBV7-9,TRBJ2-1,ASSMTGNNEQF,3
TRBV7-9,TRBJ2-1,ASSMTGNYNEQF,1
TRBV7-9,TRBJ2-1,ASSMTGPNEQF,1
TRBV7-9,TRBJ2-1,ASSMTGQGGLQF,4
TRBV7-9,TRBJ2-1,ASSMTGQGVYNEQF,1
TRBV7-9,TRBJ2-1,ASSMTGQQF,4
TRBV7-9,TRBJ2-1,ASSMTGRSYNEQF,1
TRBV7-9,TRBJ2-1,ASSMTGSHTYNEQF,4
TRBV7-9,TRBJ2-1,ASSMTGSSYNDQC,1
TRBV7-9,TRBJ2-1,ASSMTGSSYNEQF,7
TRBV7-9,TRBJ2-1,ASSMTGTDHNEQF,1
TRBV7-9,TRBJ2-1,ASSMTGTGKNNEQF,1
TRBV7-9,TRBJ2-1,ASSMTGTGLPYNEQF,1
TRBV7-9,TRBJ2-1,ASSMTGTGRNEQF,1
TRBV7-9,TRBJ2-1,ASSMTGTHNEQF,1
TRBV7-9,TRBJ2-1,ASSMTGTRYGEQF,1
TRBV7-9,TRBJ2-1,ASSMTGTSGSHEQF,5
TRBV7-9,TRBJ2-1,ASSMTGTTMTHNEQF,10
TRBV7-9,TRBJ2-1,ASSMTGTYEQF,2
TRBV7-9,TRBJ2-1,ASSMTGVDEQF,4
TRBV7-9,TRBJ2-1,ASSMTGVDNEQF,6
TRBV7-9,TRBJ2-1,ASSMTGVGYNEQF,1
TRBV7-9,TRBJ2-1,ASSMTGVMNEQF,5
TRBV7-9,TRBJ2-1,ASSMTGVNEQF,1
TRBV7-9,TRBJ2-1,ASSMTGWNEQF,1
TRBV7-9,TRBJ2-1,ASSMTHTYNEQF,1
TRBV7-9,TRBJ2-1,ASSMTIADEQF,1
TRBV7-9,TRBJ2-1,ASSMTIAGGPNNEQF,1
TRBV7-9,TRBJ2-1,ASSMTINNEQF,1
TRBV7-9,TRBJ2-1,ASSMTLAGAYNEQF,1
TRBV7-9,TRBJ2-1,ASSMTLARDSSYNEQF,1
TRBV7-9,TRBJ2-1,ASSMTLGGVIGEQF,3
TRBV7-9,TRBJ2-1,ASSMTLRNEQF,1
TRBV7-9,TRBJ2-1,ASSMTLTSDSYNEQF,1
TRBV7-9,TRBJ2-1,ASSMTLVGDEQF,1
TRBV7-9,TRBJ2-1,ASSMTNNEQF,2
TRBV7-9,TRBJ2-1,ASSMTPASGEQF,9
TRBV7-9,TRBJ2-1,ASSMTPASREQF,2
TRBV7-9,TRBJ2-1,ASSMTPRGDNEQF,1
TRBV7-9,TRBJ2-1,ASSMTPYNEQF,1
TRBV7-9,TRBJ2-1,ASSMTQDEQF,1
TRBV7-9,TRBJ2-1,ASSMTQGLNEQF,1
TRBV7-9,TRBJ2-1,ASSMTQGNEQF,1
TRBV7-9,TRBJ2-1,ASSMTRADEQF,3
TRBV7-9,TRBJ2-1,ASSMTRDDEHF,1
TRBV7-9,TRBJ2-1,ASSMTRDSRYNEQF,1
TRBV7-9,TRBJ2-1,ASSMTRGGDEQF,1
TRBV7-9,TRBJ2-1,ASSMTRGGFYNEQF,1
TRBV7-9,TRBJ2-1,ASSMTRGIIGEQF,1
TRBV7-9,TRBJ2-1,ASSMTRGNEQF,4
TRBV7-9,TRBJ2-1,ASSMTRNEQF,1
TRBV7-9,TRBJ2-1,ASSMTRPYNEQF,13
TRBV7-9,TRBJ2-1,ASSMTSADAQF,2
TRBV7-9,TRBJ2-1,ASSMTSADDQF,2
TRBV7-9,TRBJ2-1,ASSMTSADEHF,3
TRBV7-9,TRBJ2-1,ASSMTSADEKF,2
TRBV7-9,TRBJ2-1,ASSMTSADEQF,369
TRBV7-9,TRBJ2-1,ASSMTSADEQI,1
TRBV7-9,TRBJ2-1,ASSMTSADEQS,1
TRBV7-9,TRBJ2-1,ASSMTSADKQF,1
TRBV7-9,TRBJ2-1,ASSMTSAEEQF,1
TRBV7-9,TRBJ2-1,ASSMTSAESNEQF,1
TRBV7-9,TRBJ2-1,ASSMTSANEQF,4
TRBV7-9,TRBJ2-1,ASSMTSAYEQF,1
TRBV7-9,TRBJ2-1,ASSMTSDDDQF,1
TRBV7-9,TRBJ2-1,ASSMTSDDEQF,2
TRBV7-9,TRBJ2-1,ASSMTSFNEQF,2
TRBV7-9,TRBJ2-1,ASSMTSGASYNEQF,2
TRBV7-9,TRBJ2-1,ASSMTSGATPSYNEQF,1
TRBV7-9,TRBJ2-1,ASSMTSGAYNEQF,10
TRBV7-9,TRBJ2-1,ASSMTSGDEQF,1
TRBV7-9,TRBJ2-1,ASSMTSGEQF,14
TRBV7-9,TRBJ2-1,ASSMTSGFGNEQF,1
TRBV7-9,TRBJ2-1,ASSMTSGGADEQF,4
TRBV7-9,TRBJ2-1,ASSMTSGGANEQF,1
TRBV7-9,TRBJ2-1,ASSMTSGGAPGEQF,3
TRBV7-9,TRBJ2-1,ASSMTSGGAYEQF,5
TRBV7-9,TRBJ2-1,ASSMTSGGDNEQF,1
TRBV7-9,TRBJ2-1,ASSMTSGGNEQF,2
TRBV7-9,TRBJ2-1,ASSMTSGGPVDNEQF,2
TRBV7-9,TRBJ2-1,ASSMTSGGSSYNEQF,1
TRBV7-9,TRBJ2-1,ASSMTSGHNEQF,4
TRBV7-9,TRBJ2-1,ASSMTSGIIGEQC,1
TRBV7-9,TRBJ2-1,ASSMTSGIIGEQF,13
TRBV7-9,TRBJ2-1,ASSMTSGINEQF,1
TRBV7-9,TRBJ2-1,ASSMTSGISYNEQF,1
TRBV7-9,TRBJ2-1,ASSMTSGKANKQF,1
TRBV7-9,TRBJ2-1,ASSMTSGKGYEQF,1
TRBV7-9,TRBJ2-1,ASSMTSGLNEQF,1
TRBV7-9,TRBJ2-1,ASSMTSGLNNEQF,1
TRBV7-9,TRBJ2-1,ASSMTSGMFNEQF,1
TRBV7-9,TRBJ2-1,ASSMTSGNVPYNEQF,1
TRBV7-9,TRBJ2-1,ASSMTSGPYNEQF,2
TRBV7-9,TRBJ2-1,ASSMTSGQTYNEQF,1
TRBV7-9,TRBJ2-1,ASSMTSGRAGEQF,6
TRBV7-9,TRBJ2-1,ASSMTSGRANEQF,2
TRBV7-9,TRBJ2-1,ASSMTSGRARNEQF,1
TRBV7-9,TRBJ2-1,ASSMTSGREHEQF,1
TRBV7-9,TRBJ2-1,ASSMTSGRGYEQF,7
TRBV7-9,TRBJ2-1,ASSMTSGRIYEQF,1
TRBV7-9,TRBJ2-1,ASSMTSGRLSSYNEQF,1
TRBV7-9,TRBJ2-1,ASSMTSGRPRGNEQF,1
TRBV7-9,TRBJ2-1,ASSMTSGRPYSSYNEQF,1
TRBV7-9,TRBJ2-1,ASSMTSGRRKMGNEQF,3
TRBV7-9,TRBJ2-1,ASSMTSGRTNEQF,6
TRBV7-9,TRBJ2-1,ASSMTSGRTPHAQF,1
TRBV7-9,TRBJ2-1,ASSMTSGRTPHEQF,6
TRBV7-9,TRBJ2-1,ASSMTSGSLDEQF,1
TRBV7-9,TRBJ2-1,ASSMTSGSPFSYNEQF,1
TRBV7-9,TRBJ2-1,ASSMTSGSSYNEQF,1
TRBV7-9,TRBJ2-1,ASSMTSGSTNEQF,1
TRBV7-9,TRBJ2-1,ASSMTSGSYNEQF,3
TRBV7-9,TRBJ2-1,ASSMTSGTDEQF,1
TRBV7-9,TRBJ2-1,ASSMTSGTNNEQF,18
TRBV7-9,TRBJ2-1,ASSMTSGVGYNEQF,12
TRBV7-9,TRBJ2-1,ASSMTSGVHNEQF,9
TRBV7-9,TRBJ2-1,ASSMTSGYNEQF,3
TRBV7-9,TRBJ2-1,ASSMTSGYYNEQF,1
TRBV7-9,TRBJ2-1,ASSMTSIYEQF,1
TRBV7-9,TRBJ2-1,ASSMTSLPSNEQF,1
TRBV7-9,TRBJ2-1,ASSMTSMHEQF,1
TRBV7-9,TRBJ2-1,ASSMTSPGDEQF,1
TRBV7-9,TRBJ2-1,ASSMTSQGNEQF,1
TRBV7-9,TRBJ2-1,ASSMTSSDEQF,1
TRBV7-9,TRBJ2-1,ASSMTSSHNEQF,9
TRBV7-9,TRBJ2-1,ASSMTSSNEQF,1
TRBV7-9,TRBJ2-1,ASSMTSSQNEQF,1
TRBV7-9,TRBJ2-1,ASSMTSSYNEQF,2
TRBV7-9,TRBJ2-1,ASSMTSVDEQY,1
TRBV7-9,TRBJ2-1,ASSMTSWGPSSYNEQF,1
TRBV7-9,TRBJ2-1,ASSMTSYGNEQF,1
TRBV7-9,TRBJ2-1,ASSMTSYNEQF,5
TRBV7-9,TRBJ2-1,ASSMTTDNEQF,1
TRBV7-9,TRBJ2-1,ASSMTTRGGNEQF,1
TRBV7-9,TRBJ2-1,ASSMTTSGRGNEQF,1
TRBV7-9,TRBJ2-1,ASSMTTVSYNEQY,1
TRBV7-9,TRBJ2-1,ASSMTVNEQF,2
TRBV7-9,TRBJ2-1,ASSMTVPSYNEQF,1
TRBV7-9,TRBJ2-1,ASSMTVSYNEQF,1
TRBV7-9,TRBJ2-1,ASSMTVYNEQF,1
TRBV7-9,TRBJ2-1,ASSMTWADEEF,1
TRBV7-9,TRBJ2-1,ASSMVADYNEQF,1
TRBV7-9,TRBJ2-1,ASSMVAGPTYNEQF,1
TRBV7-9,TRBJ2-1,ASSMVAGVGYNEQF,1
TRBV7-9,TRBJ2-1,ASSMVAGVNDEQF,1
TRBV7-9,TRBJ2-1,ASSMVELNAYNEQF,1
TRBV7-9,TRBJ2-1,ASSMVESSGSSYNEQF,1
TRBV7-9,TRBJ2-1,ASSMVGADNEQF,6
TRBV7-9,TRBJ2-1,ASSMVGGLENEQF,5
TRBV7-9,TRBJ2-1,ASSMVGLAGENEQF,4
TRBV7-9,TRBJ2-1,ASSMVGQGLNEQF,1
TRBV7-9,TRBJ2-1,ASSMVGYNEQF,1
TRBV7-9,TRBJ2-1,ASSMVLAGANEQF,1
TRBV7-9,TRBJ2-1,ASSMVLESYNKQY,1
TRBV7-9,TRBJ2-1,ASSMVLGPYNEQF,1
TRBV7-9,TRBJ2-1,ASSMVNEQF,1
TRBV7-9,TRBJ2-1,ASSMVPAGNNEQS,1
TRBV7-9,TRBJ2-1,ASSMVPEADNEQF,1
TRBV7-9,TRBJ2-1,ASSMVPEANSEQF,1
TRBV7-9,TRBJ2-1,ASSMVPEAYKEQF,1
TRBV7-9,TRBJ2-1,ASSMVPEAYNEQF,13
TRBV7-9,TRBJ2-1,ASSMVPEAYTEQF,1
TRBV7-9,TRBJ2-1,ASSMVPEAYYEQF,1
TRBV7-9,TRBJ2-1,ASSMVPECYNEEF,1
TRBV7-9,TRBJ2-1,ASSMVPEDYNEQC,1
TRBV7-9,TRBJ2-1,ASSMVPEDYNEQF,1
TRBV7-9,TRBJ2-1,ASSMVPEGYNEQF,1
TRBV7-9,TRBJ2-1,ASSMVPESYEEQH,1
TRBV7-9,TRBJ2-1,ASSMVPESYNGEF,1
TRBV7-9,TRBJ2-1,ASSMVPGSYYGQF,1
TRBV7-9,TRBJ2-1,ASSMVREAYNEQF,1
TRBV7-9,TRBJ2-1,ASSMVRSHEQF,1
TRBV7-9,TRBJ2-1,ASSMVRYNEQF,1
TRBV7-9,TRBJ2-1,ASSMVSEAYNEQY,1
TRBV7-9,TRBJ2-1,ASSMVSSYNEQF,1
TRBV7-9,TRBJ2-1,ASSMVTGGPNEQF,1
TRBV7-9,TRBJ2-1,ASSMVTGQRVHNEQF,1
TRBV7-9,TRBJ2-1,ASSMVTIPGASSYNEQF,1
TRBV7-9,TRBJ2-1,ASSMVVSSYNEQF,1
TRBV7-9,TRBJ2-1,ASSMWDRDYNEQF,6
TRBV7-9,TRBJ2-1,ASSMWDSFYNEQF,1
TRBV7-9,TRBJ2-1,ASSMWDSRNEQF,1
TRBV7-9,TRBJ2-1,ASSMWGNEQF,1
TRBV7-9,TRBJ2-1,ASSMWGSPSGRTLSNEQF,1
TRBV7-9,TRBJ2-1,ASSMWREVYEQF,1
TRBV7-9,TRBJ2-1,ASSMYPSGVSNEQF,1
TRBV7-9,TRBJ2-1,ASSMYRDNEQF,1
TRBV7-9,TRBJ2-1,ASSMYRGTENEQF,1
TRBV7-9,TRBJ2-1,ASSMYRGYNEQF,14
TRBV7-9,TRBJ2-1,ASSMYSNEQF,1
TRBV7-9,TRBJ2-1,ASSNAAARYNEQF,1
TRBV7-9,TRBJ2-1,ASSNAAGIDEQF,1
TRBV7-9,TRBJ2-1,ASSNAAGVDNEQF,1
TRBV7-9,TRBJ2-1,ASSNADRGTYNEQF,5
TRBV7-9,TRBJ2-1,ASSNAEAGGRDEQF,1
TRBV7-9,TRBJ2-1,ASSNAEQF,2
TRBV7-9,TRBJ2-1,ASSNAGAGAAREQI,1
TRBV7-9,TRBJ2-1,ASSNAGAIEQF,1
TRBV7-9,TRBJ2-1,ASSNAGARYNEQF,10
TRBV7-9,TRBJ2-1,ASSNAGGFNEQF,1
TRBV7-9,TRBJ2-1,ASSNAGGNEQF,15
TRBV7-9,TRBJ2-1,ASSNAGGYSYNEQF,1
TRBV7-9,TRBJ2-1,ASSNAGLAGAGSYNEQF,1
TRBV7-9,TRBJ2-1,ASSNAGLGYNEQF,1
TRBV7-9,TRBJ2-1,ASSNAGQAYNEQF,14
TRBV7-9,TRBJ2-1,ASSNAGRDEQF,1
TRBV7-9,TRBJ2-1,ASSNAGRSGSYEQF,1
TRBV7-9,TRBJ2-1,ASSNAGRSSYNEQF,1
TRBV7-9,TRBJ2-1,ASSNAGSSYKEQF,1
TRBV7-9,TRBJ2-1,ASSNAGTGAAPEQF,1
TRBV7-9,TRBJ2-1,ASSNAGTGAAREQF,2
TRBV7-9,TRBJ2-1,ASSNAGTGGSEQF,2
TRBV7-9,TRBJ2-1,ASSNAGTGHNEQF,1
TRBV7-9,TRBJ2-1,ASSNAGTPGQQF,11
TRBV7-9,TRBJ2-1,ASSNAGTPYNEQF,1
TRBV7-9,TRBJ2-1,ASSNAGTQTNEQF,1
TRBV7-9,TRBJ2-1,ASSNAGTRRGQF,1
TRBV7-9,TRBJ2-1,ASSNAGTSGSYNEQF,1
TRBV7-9,TRBJ2-1,ASSNAGTSGTLLYNEQF,1
TRBV7-9,TRBJ2-1,ASSNAGTSGYNEQF,1
TRBV7-9,TRBJ2-1,ASSNAGTTLFLSSYNEQF,1
TRBV7-9,TRBJ2-1,ASSNAGTTNEQF,1
TRBV7-9,TRBJ2-1,ASSNAGTVGNEQF,1
TRBV7-9,TRBJ2-1,ASSNAGVNEQF,1
TRBV7-9,TRBJ2-1,ASSNAILTSGYNEQF,2
TRBV7-9,TRBJ2-1,ASSNALQEQF,11
TRBV7-9,TRBJ2-1,ASSNALRPEQF,3
TRBV7-9,TRBJ2-1,ASSNANVAPGDEQF,1
TRBV7-9,TRBJ2-1,ASSNAPLENEQF,7
TRBV7-9,TRBJ2-1,ASSNAPPN,10
TRBV7-9,TRBJ2-1,ASSNAQGISYNEQF,1
TRBV7-9,TRBJ2-1,ASSNARANNEQF,1
TRBV7-9,TRBJ2-1,ASSNARKDTFSYNEQF,1
TRBV7-9,TRBJ2-1,ASSNARVVPYNEQF,1
TRBV7-9,TRBJ2-1,ASSNASSYNEQF,1
TRBV7-9,TRBJ2-1,ASSNATGAPYNEQF,1
TRBV7-9,TRBJ2-1,ASSNAVARYNEQF,1
TRBV7-9,TRBJ2-1,ASSNAVAVGNEQF,9
TRBV7-9,TRBJ2-1,ASSNAVAVGYEQF,1
TRBV7-9,TRBJ2-1,ASSNAVGGDNEQF,1
TRBV7-9,TRBJ2-1,ASSNAVSVGNEQF,1
TRBV7-9,TRBJ2-1,ASSNAWASHYNEQF,1
TRBV7-9,TRBJ2-1,ASSNAWEANEQF,1
TRBV7-9,TRBJ2-1,ASSNAWTSRVYNEQF,1
TRBV7-9,TRBJ2-1,ASSNAYNEQF,16
TRBV7-9,TRBJ2-1,ASSNAYRESPYNEQF,1
TRBV7-9,TRBJ2-1,ASSNDAGIRYYNEQF,1
TRBV7-9,TRBJ2-1,ASSNDDEQF,1
TRBV7-9,TRBJ2-1,ASSNDDPRSYNEQF,1
TRBV7-9,TRBJ2-1,ASSNDEQF,17
TRBV7-9,TRBJ2-1,ASSNDFGKREYNEQF,1
TRBV7-9,TRBJ2-1,ASSNDGAYNEQF,1
TRBV7-9,TRBJ2-1,ASSNDGGDQF,1
TRBV7-9,TRBJ2-1,ASSNDGGEQF,11
TRBV7-9,TRBJ2-1,ASSNDGGPNEQF,1
TRBV7-9,TRBJ2-1,ASSNDGGQGAYNEQF,1
TRBV7-9,TRBJ2-1,ASSNDGNNEQF,6
TRBV7-9,TRBJ2-1,ASSNDGSYNEQF,1
TRBV7-9,TRBJ2-1,ASSNDGTSGTSSYNEQF,1
TRBV7-9,TRBJ2-1,ASSNDHNEQF,1
TRBV7-9,TRBJ2-1,ASSNDKVQF,1
TRBV7-9,TRBJ2-1,ASSNDLRGENEQF,1
TRBV7-9,TRBJ2-1,ASSNDMGGGHF,1
TRBV7-9,TRBJ2-1,ASSNDNEKF,1
TRBV7-9,TRBJ2-1,ASSNDNEPF,1
TRBV7-9,TRBJ2-1,ASSNDNEQF,52
TRBV7-9,TRBJ2-1,ASSNDNGHEQF,1
TRBV7-9,TRBJ2-1,ASSNDNGQF,1
TRBV7-9,TRBJ2-1,ASSNDNYNEQF,1
TRBV7-9,TRBJ2-1,ASSNDPGRVTL,18
TRBV7-9,TRBJ2-1,ASSNDPGTPYNERF,1
TRBV7-9,TRBJ2-1,ASSNDPGWVTL,1
TRBV7-9,TRBJ2-1,ASSNDPRVEQF,14
TRBV7-9,TRBJ2-1,ASSNDPSAIYNEQF,1
TRBV7-9,TRBJ2-1,ASSNDRASNNEQF,1
TRBV7-9,TRBJ2-1,ASSNDRAYNEQF,1
TRBV7-9,TRBJ2-1,ASSNDRDEQF,4
TRBV7-9,TRBJ2-1,ASSNDRDRGYNEQF,16
TRBV7-9,TRBJ2-1,ASSNDRDSYNEQF,1
TRBV7-9,TRBJ2-1,ASSNDRDYYNEQF,14
TRBV7-9,TRBJ2-1,ASSNDRELDNEQF,1
TRBV7-9,TRBJ2-1,ASSNDRESYNEHF,1
TRBV7-9,TRBJ2-1,ASSNDRESYNEQF,11
TRBV7-9,TRBJ2-1,ASSNDREVYNEQF,1
TRBV7-9,TRBJ2-1,ASSNDRGIFDEQF,1
TRBV7-9,TRBJ2-1,ASSNDRGMLDEQF,4
TRBV7-9,TRBJ2-1,ASSNDRGNNEQF,1
TRBV7-9,TRBJ2-1,ASSNDRGNSYNEQF,4
TRBV7-9,TRBJ2-1,ASSNDRGPQF,11
TRBV7-9,TRBJ2-1,ASSNDRGVTYNEQF,1
TRBV7-9,TRBJ2-1,ASSNDRIGDEQF,1
TRBV7-9,TRBJ2-1,ASSNDRIPRINEQF,1
TRBV7-9,TRBJ2-1,ASSNDRNANEQF,1
TRBV7-9,TRBJ2-1,ASSNDRNEQF,1
TRBV7-9,TRBJ2-1,ASSNDRRALFNEQF,1
TRBV7-9,TRBJ2-1,ASSNDRSLYNEQF,8
TRBV7-9,TRBJ2-1,ASSNDRSRYNEQF,1
TRBV7-9,TRBJ2-1,ASSNDRVAYNEQF,1
TRBV7-9,TRBJ2-1,ASSNDRVFSYEQF,1
TRBV7-9,TRBJ2-1,ASSNDRVKAGGLYNEQF,11
TRBV7-9,TRBJ2-1,ASSNDSDSLHNEQF,1
TRBV7-9,TRBJ2-1,ASSNDSPGQGLHEQF,1
TRBV7-9,TRBJ2-1,ASSNDSPNEQF,1
TRBV7-9,TRBJ2-1,ASSNDSSYNEQF,1
TRBV7-9,TRBJ2-1,ASSNDTPTSYNEQF,1
TRBV7-9,TRBJ2-1,ASSNDVSYNEQF,1
TRBV7-9,TRBJ2-1,ASSNDWDEQF,1
TRBV7-9,TRBJ2-1,ASSNDWGRDEQF,1
TRBV7-9,TRBJ2-1,ASSNDWSSYNEQF,1
TRBV7-9,TRBJ2-1,ASSNDYDPYNEQF,1
TRBV7-9,TRBJ2-1,ASSNDYNEQF,1
TRBV7-9,TRBJ2-1,ASSNDYNFYEQF,1
TRBV7-9,TRBJ2-1,ASSNDYRNNEQF,1
TRBV7-9,TRBJ2-1,ASSNDYTSYNEQF,1
TRBV7-9,TRBJ2-1,ASSNEAGLSYNEQF,1
TRBV7-9,TRBJ2-1,ASSNEEAGVPDEQF,1
TRBV7-9,TRBJ2-1,ASSNEEGAKNEQF,11
TRBV7-9,TRBJ2-1,ASSNEEGAKNGQC,1
TRBV7-9,TRBJ2-1,ASSNEETSGRLLVLYNEQF,1
TRBV7-9,TRBJ2-1,ASSNEFDNEQF,6
TRBV7-9,TRBJ2-1,ASSNEGAAREQF,1
TRBV7-9,TRBJ2-1,ASSNEGASGLRGRDEQF,14
TRBV7-9,TRBJ2-1,ASSNEGGKQF,1
TRBV7-9,TRBJ2-1,ASSNEGGPNEQF,1
TRBV7-9,TRBJ2-1,ASSNEGLAGVNEHF,1
TRBV7-9,TRBJ2-1,ASSNEGLAGVNEQF,18
TRBV7-9,TRBJ2-1,ASSNEGRSGYRSSYNEQF,1
TRBV7-9,TRBJ2-1,ASSNEGSYNEQF,1
TRBV7-9,TRBJ2-1,ASSNEGTSGRLLVLYNEQF,4
TRBV7-9,TRBJ2-1,ASSNEGVGQF,6
TRBV7-9,TRBJ2-1,ASSNEGWAGGPGGVYNEQF,9
TRBV7-9,TRBJ2-1,ASSNEGYEQF,1
TRBV7-9,TRBJ2-1,ASSNEIAGFDNEQF,1
TRBV7-9,TRBJ2-1,ASSNEIAGPYNEQF,1
TRBV7-9,TRBJ2-1,ASSNEIGSNEQF,1
TRBV7-9,TRBJ2-1,ASSNEIPGARVKEQF,1
TRBV7-9,TRBJ2-1,ASSNEIPGARVNEQF,13
TRBV7-9,TRBJ2-1,ASSNENEQF,1
TRBV7-9,TRBJ2-1,ASSNEPRVEQF,1
TRBV7-9,TRBJ2-1,ASSNEQF,29
TRBV7-9,TRBJ2-1,ASSNEREASEQF,17
TRBV7-9,TRBJ2-1,ASSNEREATEQF,1
TRBV7-9,TRBJ2-1,ASSNEREDSEQF,1
TRBV7-9,TRBJ2-1,ASSNEREGPYNEQF,5
TRBV7-9,TRBJ2-1,ASSNERGGV,9
TRBV7-9,TRBJ2-1,ASSNERGLAAMDEQF,1
TRBV7-9,TRBJ2-1,ASSNERQSLNEQF,1
TRBV7-9,TRBJ2-1,ASSNERSWALTSSYNEQF,1
TRBV7-9,TRBJ2-1,ASSNETGFFYNEQF,1
TRBV7-9,TRBJ2-1,ASSNETSGRRSYNEQF,1
TRBV7-9,TRBJ2-1,ASSNETVYNEQF,1
TRBV7-9,TRBJ2-1,ASSNEVAGVPDEQF,11
TRBV7-9,TRBJ2-1,ASSNEVINEQF,1
TRBV7-9,TRBJ2-1,ASSNEVYNEQF,1
TRBV7-9,TRBJ2-1,ASSNEYYEQF,1
TRBV7-9,TRBJ2-1,ASSNFARTTSGSDNEQF,1
TRBV7-9,TRBJ2-1,ASSNFDRDYNEQF,1
TRBV7-9,TRBJ2-1,ASSNFGGGPNNEQF,1
TRBV7-9,TRBJ2-1,ASSNFGLAGLSSYNEQF,1
TRBV7-9,TRBJ2-1,ASSNFGLAGVDEQF,1
TRBV7-9,TRBJ2-1,ASSNFGQF,10
TRBV7-9,TRBJ2-1,ASSNFGTKGFNEQF,1
TRBV7-9,TRBJ2-1,ASSNFGTRSAQF,1
TRBV7-9,TRBJ2-1,ASSNFKAGVRDNEQF,1
TRBV7-9,TRBJ2-1,ASSNFKAGVRNNEQF,5
TRBV7-9,TRBJ2-1,ASSNFPDPTLDEQF,1
TRBV7-9,TRBJ2-1,ASSNFPGLDYNEQF,1
TRBV7-9,TRBJ2-1,ASSNFPLYNEQF,1
TRBV7-9,TRBJ2-1,ASSNFPRATSGRGRNEQF,1
TRBV7-9,TRBJ2-1,ASSNFQTSRTGNEQF,1
TRBV7-9,TRBJ2-1,ASSNFRDRAYNEQF,1
TRBV7-9,TRBJ2-1,ASSNFRDREQYNEQF,1
TRBV7-9,TRBJ2-1,ASSNFRFNRVNEQF,1
TRBV7-9,TRBJ2-1,ASSNFRLAGGLYNEQF,1
TRBV7-9,TRBJ2-1,ASSNFRQNEQF,1
TRBV7-9,TRBJ2-1,ASSNFRVRGHNEQF,1
TRBV7-9,TRBJ2-1,ASSNFSGPHSYNEQF,1
TRBV7-9,TRBJ2-1,ASSNFSSYNEQF,1
TRBV7-9,TRBJ2-1,ASSNFVEINEQF,1
TRBV7-9,TRBJ2-1,ASSNFWEYNEQF,1
TRBV7-9,TRBJ2-1,ASSNGAETYNEQF,2
TRBV7-9,TRBJ2-1,ASSNGAGGNEQF,1
TRBV7-9,TRBJ2-1,ASSNGAGGPVYEQF,1
TRBV7-9,TRBJ2-1,ASSNGAGGPYRNEQF,1
TRBV7-9,TRBJ2-1,ASSNGAGGTYNEQF,12
TRBV7-9,TRBJ2-1,ASSNGAGGYNEQF,8
TRBV7-9,TRBJ2-1,ASSNGAGVYHEQF,1
TRBV7-9,TRBJ2-1,ASSNGALAGLFNEQF,6
TRBV7-9,TRBJ2-1,ASSNGALAGSYNEQF,1
TRBV7-9,TRBJ2-1,ASSNGALNEQF,10
TRBV7-9,TRBJ2-1,ASSNGASAYEQF,3
TRBV7-9,TRBJ2-1,ASSNGASGSHSIYEQF,1
TRBV7-9,TRBJ2-1,ASSNGATYNEQF,1
TRBV7-9,TRBJ2-1,ASSNGAYNEQF,4
TRBV7-9,TRBJ2-1,ASSNGDAYNEQF,1
TRBV7-9,TRBJ2-1,ASSNGDEQF,1
TRBV7-9,TRBJ2-1,ASSNGDGAAGGLSYNEQF,9
TRBV7-9,TRBJ2-1,ASSNGDGGYNEQF,1
TRBV7-9,TRBJ2-1,ASSNGDGLAGVSYNEQF,1
TRBV7-9,TRBJ2-1,ASSNGDNPHNEQF,5
TRBV7-9,TRBJ2-1,ASSNGDSGSSYNEQF,2
TRBV7-9,TRBJ2-1,ASSNGDSYNEQF,1
TRBV7-9,TRBJ2-1,ASSNGDTVNNEQF,1
TRBV7-9,TRBJ2-1,ASSNGELQTREQF,10
TRBV7-9,TRBJ2-1,ASSNGEYNEQF,3
TRBV7-9,TRBJ2-1,ASSNGFMKGARDEQF,1
TRBV7-9,TRBJ2-1,ASSNGGANEQF,2
TRBV7-9,TRBJ2-1,ASSNGGASSYNEQF,1
TRBV7-9,TRBJ2-1,ASSNGGDEQF,13
TRBV7-9,TRBJ2-1,ASSNGGEQF,3
TRBV7-9,TRBJ2-1,ASSNGGGENEQF,1
TRBV7-9,TRBJ2-1,ASSNGGGNEQF,11
TRBV7-9,TRBJ2-1,ASSNGGGTLNEQF,2
TRBV7-9,TRBJ2-1,ASSNGGGTSGYNEQF,1
TRBV7-9,TRBJ2-1,ASSNGGLAASNEQF,4
TRBV7-9,TRBJ2-1,ASSNGGLAGELNEQF,1
TRBV7-9,TRBJ2-1,ASSNGGLAGFYNEQF,1
TRBV7-9,TRBJ2-1,ASSNGGLAGPGSYNEQF,1
TRBV7-9,TRBJ2-1,ASSNGGLAVDEQF,1
TRBV7-9,TRBJ2-1,ASSNGGLAVYNEQF,1
TRBV7-9,TRBJ2-1,ASSNGGLGEQF,1
TRBV7-9,TRBJ2-1,ASSNGGLSSYNEQF,1
TRBV7-9,TRBJ2-1,ASSNGGLSYNEQF,1
TRBV7-9,TRBJ2-1,ASSNGGLVLLEQF,1
TRBV7-9,TRBJ2-1,ASSNGGLVMLELF,1
TRBV7-9,TRBJ2-1,ASSNGGLVMLEQF,18
TRBV7-9,TRBJ2-1,ASSNGGLVMLERF,1
TRBV7-9,TRBJ2-1,ASSNGGMDNEQF,1
TRBV7-9,TRBJ2-1,ASSNGGNEQF,4
TRBV7-9,TRBJ2-1,ASSNGGQKNEQF,1
TRBV7-9,TRBJ2-1,ASSNGGSAGPGDEQF,7
TRBV7-9,TRBJ2-1,ASSNGGSGRARNEQF,1
TRBV7-9,TRBJ2-1,ASSNGGSRNEQF,1
TRBV7-9,TRBJ2-1,ASSNGGSSYNEQF,1
TRBV7-9,TRBJ2-1,ASSNGGSYNEHF,1
TRBV7-9,TRBJ2-1,ASSNGGSYNEQF,14
TRBV7-9,TRBJ2-1,ASSNGGTIGYNEQF,1
TRBV7-9,TRBJ2-1,ASSNGGTNEQF,1
TRBV7-9,TRBJ2-1,ASSNGGTRHNEQF,1
TRBV7-9,TRBJ2-1,ASSNGGTSAYNEQF,1
TRBV7-9,TRBJ2-1,ASSNGGVTPYNEQF,1
TRBV7-9,TRBJ2-1,ASSNGGVYNEQF,1
TRBV7-9,TRBJ2-1,ASSNGGWDEQF,1
TRBV7-9,TRBJ2-1,ASSNGGWNEQF,1
TRBV7-9,TRBJ2-1,ASSNGGYHNEQF,1
TRBV7-9,TRBJ2-1,ASSNGGYNEQF,4
TRBV7-9,TRBJ2-1,ASSNGGYYNEQF,1
TRBV7-9,TRBJ2-1,ASSNGHQNEQF,1
TRBV7-9,TRBJ2-1,ASSNGILGLDNEQF,1
TRBV7-9,TRBJ2-1,ASSNGIMGLAGGIYNEQF,3
TRBV7-9,TRBJ2-1,ASSNGINNEQF,6
TRBV7-9,TRBJ2-1,ASSNGLAAYNEQF,2
TRBV7-9,TRBJ2-1,ASSNGLAGAACIEQF,1
TRBV7-9,TRBJ2-1,ASSNGLAGANEQF,1
TRBV7-9,TRBJ2-1,ASSNGLAGASYNDQF,1
TRBV7-9,TRBJ2-1,ASSNGLAGASYNEQF,15
TRBV7-9,TRBJ2-1,ASSNGLAGDDEQF,1
TRBV7-9,TRBJ2-1,ASSNGLAGENEQF,1
TRBV7-9,TRBJ2-1,ASSNGLAGEQF,2
TRBV7-9,TRBJ2-1,ASSNGLAGGLEQF,3
TRBV7-9,TRBJ2-1,ASSNGLAGGPGNEQF,1
TRBV7-9,TRBJ2-1,ASSNGLAGGPLNEQF,1
TRBV7-9,TRBJ2-1,ASSNGLAGGPNEQF,1
TRBV7-9,TRBJ2-1,ASSNGLAGGSSYNEQF,1
TRBV7-9,TRBJ2-1,ASSNGLAGGSYNEQF,1
TRBV7-9,TRBJ2-1,ASSNGLAGISYNEQF,1
TRBV7-9,TRBJ2-1,ASSNGLAGLNEQF,9
TRBV7-9,TRBJ2-1,ASSNGLAGLRYNEQF,1
TRBV7-9,TRBJ2-1,ASSNGLAGLSYNEQF,1
TRBV7-9,TRBJ2-1,ASSNGLAGNEQF,1
TRBV7-9,TRBJ2-1,ASSNGLAGPYNEQF,1
TRBV7-9,TRBJ2-1,ASSNGLAGRGGSYNEQF,12
TRBV7-9,TRBJ2-1,ASSNGLAGSHEQF,7
TRBV7-9,TRBJ2-1,ASSNGLAGSLEQF,1
TRBV7-9,TRBJ2-1,ASSNGLAGSPYNEQF,1
TRBV7-9,TRBJ2-1,ASSNGLAGSSSYNEQF,1
TRBV7-9,TRBJ2-1,ASSNGLAGVGYNEQF,1
TRBV7-9,TRBJ2-1,ASSNGLAGVNEQF,2
TRBV7-9,TRBJ2-1,ASSNGLAGVYNEQF,1
TRBV7-9,TRBJ2-1,ASSNGLAGYNEQF,2
TRBV7-9,TRBJ2-1,ASSNGLAIYNEQF,1
TRBV7-9,TRBJ2-1,ASSNGLALSEQF,6
TRBV7-9,TRBJ2-1,ASSNGLANNEQC,1
TRBV7-9,TRBJ2-1,ASSNGLANNEQF,11
TRBV7-9,TRBJ2-1,ASSNGLANTEQF,17
TRBV7-9,TRBJ2-1,ASSNGLASGNEQF,1
TRBV7-9,TRBJ2-1,ASSNGLASHNEQF,1
TRBV7-9,TRBJ2-1,ASSNGLASYNEQF,13
TRBV7-9,TRBJ2-1,ASSNGLATYNEQF,1
TRBV7-9,TRBJ2-1,ASSNGLAVNEQF,1
TRBV7-9,TRBJ2-1,ASSNGLAVYNEQF,9
TRBV7-9,TRBJ2-1,ASSNGLAYNEQF,1
TRBV7-9,TRBJ2-1,ASSNGLAYNNEQF,3
TRBV7-9,TRBJ2-1,ASSNGLDPSNEQF,1
TRBV7-9,TRBJ2-1,ASSNGLFPYNEQF,1
TRBV7-9,TRBJ2-1,ASSNGLFVSYNEQF,1
TRBV7-9,TRBJ2-1,ASSNGLGDEF,12
TRBV7-9,TRBJ2-1,ASSNGLGGGEQF,1
TRBV7-9,TRBJ2-1,ASSNGLIRSYNEQF,1
TRBV7-9,TRBJ2-1,ASSNGLLLDYNEQF,11
TRBV7-9,TRBJ2-1,ASSNGLNEQF,1
TRBV7-9,TRBJ2-1,ASSNGLQALYNEQF,1
TRBV7-9,TRBJ2-1,ASSNGLQGPLTNEQF,2
TRBV7-9,TRBJ2-1,ASSNGLSGDNAQF,1
TRBV7-9,TRBJ2-1,ASSNGLSGDNEQF,10
TRBV7-9,TRBJ2-1,ASSNGLSLYNEQF,1
TRBV7-9,TRBJ2-1,ASSNGLSYNEQF,1
TRBV7-9,TRBJ2-1,ASSNGLVITYNEQF,1
TRBV7-9,TRBJ2-1,ASSNGLVPYNEQF,1
TRBV7-9,TRBJ2-1,ASSNGLVRNEQF,1
TRBV7-9,TRBJ2-1,ASSNGLVSGSYNEQF,1
TRBV7-9,TRBJ2-1,ASSNGLYNEQF,18
TRBV7-9,TRBJ2-1,ASSNGMYINEQF,1
TRBV7-9,TRBJ2-1,ASSNGNDYNEQF,1
TRBV7-9,TRBJ2-1,ASSNGNEQF,1
TRBV7-9,TRBJ2-1,ASSNGNNEQF,1
TRBV7-9,TRBJ2-1,ASSNGNSGAYSGQC,1
TRBV7-9,TRBJ2-1,ASSNGNYNEQF,6
TRBV7-9,TRBJ2-1,ASSNGPAGRGGSYNEQF,1
TRBV7-9,TRBJ2-1,ASSNGPGISYNEQF,1
TRBV7-9,TRBJ2-1,ASSNGPGLAPSYNEQF,1
TRBV7-9,TRBJ2-1,ASSNGPGLQLIDEQF,1
TRBV7-9,TRBJ2-1,ASSNGPGTSWGPYNEQF,1
TRBV7-9,TRBJ2-1,ASSNGPGTYNEQF,1
TRBV7-9,TRBJ2-1,ASSNGPNEQF,1
TRBV7-9,TRBJ2-1,ASSNGPNNEQF,1
TRBV7-9,TRBJ2-1,ASSNGPQGLYEQF,1
TRBV7-9,TRBJ2-1,ASSNGQALYNEQF,1
TRBV7-9,TRBJ2-1,ASSNGQAWINEQF,3
TRBV7-9,TRBJ2-1,ASSNGQFNEQF,1
TRBV7-9,TRBJ2-1,ASSNGQGARANEQF,3
TRBV7-9,TRBJ2-1,ASSNGQGARLTYNEQF,1
TRBV7-9,TRBJ2-1,ASSNGQGARNEQF,1
TRBV7-9,TRBJ2-1,ASSNGQGAYDEQF,10
TRBV7-9,TRBJ2-1,ASSNGQGAYNEQF,1
TRBV7-9,TRBJ2-1,ASSNGQGDEF,1
TRBV7-9,TRBJ2-1,ASSNGQGEEF,12
TRBV7-9,TRBJ2-1,ASSNGQGERNEQF,1
TRBV7-9,TRBJ2-1,ASSNGQGFYNEQF,1
TRBV7-9,TRBJ2-1,ASSNGQGGHNEQF,1
TRBV7-9,TRBJ2-1,ASSNGQGGLWDNEQF,1
TRBV7-9,TRBJ2-1,ASSNGQGGSYNEQF,1
TRBV7-9,TRBJ2-1,ASSNGQGHYNEQF,2
TRBV7-9,TRBJ2-1,ASSNGQGNEQF,12
TRBV7-9,TRBJ2-1,ASSNGQGNNYEQF,11
TRBV7-9,TRBJ2-1,ASSNGQGPYNEQF,1
TRBV7-9,TRBJ2-1,ASSNGQGREQF,3
TRBV7-9,TRBJ2-1,ASSNGQGSVGNEQF,1
TRBV7-9,TRBJ2-1,ASSNGQGTGNEQF,3
TRBV7-9,TRBJ2-1,ASSNGQGVSTGYNEQF,1
TRBV7-9,TRBJ2-1,ASSNGQGVYNEQF,1
TRBV7-9,TRBJ2-1,ASSNGQGYNEQF,17
TRBV7-9,TRBJ2-1,ASSNGQSSYNEQF,1
TRBV7-9,TRBJ2-1,ASSNGQVEQF,1
TRBV7-9,TRBJ2-1,ASSNGQYNEQF,6
TRBV7-9,TRBJ2-1,ASSNGRAGGNEQF,1
TRBV7-9,TRBJ2-1,ASSNGRAYNEQF,1
TRBV7-9,TRBJ2-1,ASSNGRDKAYNEQF,1
TRBV7-9,TRBJ2-1,ASSNGRGGRQF,1
TRBV7-9,TRBJ2-1,ASSNGRGQFNEQF,1
TRBV7-9,TRBJ2-1,ASSNGRGYNAQF,1
TRBV7-9,TRBJ2-1,ASSNGRGYNEQF,4
TRBV7-9,TRBJ2-1,ASSNGRISPYNEQF,1
TRBV7-9,TRBJ2-1,ASSNGRLDEQF,1
TRBV7-9,TRBJ2-1,ASSNGRNNNEQF,1
TRBV7-9,TRBJ2-1,ASSNGRNYNEQF,1
TRBV7-9,TRBJ2-1,ASSNGRRGREF,11
TRBV7-9,TRBJ2-1,ASSNGRRGRQF,1
TRBV7-9,TRBJ2-1,ASSNGRSGREDEQF,1
TRBV7-9,TRBJ2-1,ASSNGRSLANEQF,6
TRBV7-9,TRBJ2-1,ASSNGRSSYNEQF,1
TRBV7-9,TRBJ2-1,ASSNGSGRPRAYNEQF,1
TRBV7-9,TRBJ2-1,ASSNGSGSYNEQF,1
TRBV7-9,TRBJ2-1,ASSNGSIYNEQF,1
TRBV7-9,TRBJ2-1,ASSNGSPLAGVAYNEQF,1
TRBV7-9,TRBJ2-1,ASSNGSSPNEQF,1
TRBV7-9,TRBJ2-1,ASSNGSVNEQF,1
TRBV7-9,TRBJ2-1,ASSNGTADNEQF,1
TRBV7-9,TRBJ2-1,ASSNGTEILYNEQF,1
TRBV7-9,TRBJ2-1,ASSNGTGAYEQF,13
TRBV7-9,TRBJ2-1,ASSNGTGFDYNEQF,1
TRBV7-9,TRBJ2-1,ASSNGTGLANNEQF,2
TRBV7-9,TRBJ2-1,ASSNGTGRDEQF,8
TRBV7-9,TRBJ2-1,ASSNGTGRDEQL,1
TRBV7-9,TRBJ2-1,ASSNGTGSYNEQF,5
TRBV7-9,TRBJ2-1,ASSNGTGVIDEQF,1
TRBV7-9,TRBJ2-1,ASSNGTRVYNEQF,1
TRBV7-9,TRBJ2-1,ASSNGTRYYNEQF,1
TRBV7-9,TRBJ2-1,ASSNGTSGGIYNEQF,1
TRBV7-9,TRBJ2-1,ASSNGTSGGVYNEQC,1
TRBV7-9,TRBJ2-1,ASSNGTSGLSSYNEQF,1
TRBV7-9,TRBJ2-1,ASSNGTSGMNSYNEQF,1
TRBV7-9,TRBJ2-1,ASSNGTSGREAYNEQF,1
TRBV7-9,TRBJ2-1,ASSNGTSGRFFEHGEQF,1
TRBV7-9,TRBJ2-1,ASSNGTSGRGYNEQF,1
TRBV7-9,TRBJ2-1,ASSNGTSGRVDEQF,7
TRBV7-9,TRBJ2-1,ASSNGTSGRYNEQF,1
TRBV7-9,TRBJ2-1,ASSNGTSGSNEQF,4
TRBV7-9,TRBJ2-1,ASSNGTSGSSYNEQF,1
TRBV7-9,TRBJ2-1,ASSNGTSGSYEQF,19
TRBV7-9,TRBJ2-1,ASSNGTSGSYEQL,1
TRBV7-9,TRBJ2-1,ASSNGTSGWNEQF,1
TRBV7-9,TRBJ2-1,ASSNGTSGYNEQF,1
TRBV7-9,TRBJ2-1,ASSNGTSGYYNEQF,1
TRBV7-9,TRBJ2-1,ASSNGTSSYNEQF,1
TRBV7-9,TRBJ2-1,ASSNGTSWPNEQF,1
TRBV7-9,TRBJ2-1,ASSNGTVGSYEQF,1
TRBV7-9,TRBJ2-1,ASSNGTWGNEQF,1
TRBV7-9,TRBJ2-1,ASSNGTYNEQF,1
TRBV7-9,TRBJ2-1,ASSNGVNEQF,4
TRBV7-9,TRBJ2-1,ASSNGVPSYNEQF,1
TRBV7-9,TRBJ2-1,ASSNGVSSYNEQF,1
TRBV7-9,TRBJ2-1,ASSNGVWSSGSSYNEQF,1
TRBV7-9,TRBJ2-1,ASSNGWASGGYEQF,1
TRBV7-9,TRBJ2-1,ASSNGWTNEQF,1
TRBV7-9,TRBJ2-1,ASSNGYMGRYNEQF,1
TRBV7-9,TRBJ2-1,ASSNGYNEQF,2
TRBV7-9,TRBJ2-1,ASSNHDRNNEQF,9
TRBV7-9,TRBJ2-1,ASSNHGLNEQF,1
TRBV7-9,TRBJ2-1,ASSNHGQGLNEQF,1
TRBV7-9,TRBJ2-1,ASSNHGSYNEQF,1
TRBV7-9,TRBJ2-1,ASSNHGTQVYNEQF,1
TRBV7-9,TRBJ2-1,ASSNHGYNEQF,1
TRBV7-9,TRBJ2-1,ASSNHHEQF,1
TRBV7-9,TRBJ2-1,ASSNHLAGGNEQF,1
TRBV7-9,TRBJ2-1,ASSNHLGQGIEDEQF,1
TRBV7-9,TRBJ2-1,ASSNHNEQF,3
TRBV7-9,TRBJ2-1,ASSNHPNEHF,1
TRBV7-9,TRBJ2-1,ASSNHPNEQF,15
TRBV7-9,TRBJ2-1,ASSNHQGGRGINEQF,4
TRBV7-9,TRBJ2-1,ASSNHRDNPYNEQF,1
TRBV7-9,TRBJ2-1,ASSNHRGGSYNEQF,1
TRBV7-9,TRBJ2-1,ASSNHRGQFNEQF,1
TRBV7-9,TRBJ2-1,ASSNHSGRNNEQF,3
TRBV7-9,TRBJ2-1,ASSNHWREGRDNEQF,1
TRBV7-9,TRBJ2-1,ASSNHWTSGTPSSYNEQF,1
TRBV7-9,TRBJ2-1,ASSNHYPSKNEQF,1
TRBV7-9,TRBJ2-1,ASSNIADSSYNEQF,1
TRBV7-9,TRBJ2-1,ASSNIAGDSYNEQF,1
TRBV7-9,TRBJ2-1,ASSNIAGGIGTSYNEQF,1
TRBV7-9,TRBJ2-1,ASSNIAGGNNEQF,1
TRBV7-9,TRBJ2-1,ASSNIAGGTSYNEQF,1
TRBV7-9,TRBJ2-1,ASSNIAGTSGTGYNEQF,5
TRBV7-9,TRBJ2-1,ASSNIAGYNEQF,13
TRBV7-9,TRBJ2-1,ASSNIAVLNNEQF,1
TRBV7-9,TRBJ2-1,ASSNIDRGLTDEQF,1
TRBV7-9,TRBJ2-1,ASSNIEGASYNEQF,1
TRBV7-9,TRBJ2-1,ASSNIGGPYNEQF,1
TRBV7-9,TRBJ2-1,ASSNIGGRYEQF,2
TRBV7-9,TRBJ2-1,ASSNIGGSSYNEQF,1
TRBV7-9,TRBJ2-1,ASSNIGHNEQF,1
TRBV7-9,TRBJ2-1,ASSNIGLANEQF,1
TRBV7-9,TRBJ2-1,ASSNIGLSYNEQF,1
TRBV7-9,TRBJ2-1,ASSNIGQGVGNEQF,1
TRBV7-9,TRBJ2-1,ASSNIGREGDEQF,1
TRBV7-9,TRBJ2-1,ASSNIGREGYNEQF,1
TRBV7-9,TRBJ2-1,ASSNIGRHEQF,1
TRBV7-9,TRBJ2-1,ASSNIGSYNEQF,1
TRBV7-9,TRBJ2-1,ASSNIGTGDNEQF,1
TRBV7-9,TRBJ2-1,ASSNIGTSGDNEQF,1
TRBV7-9,TRBJ2-1,ASSNIGTSNEQF,17
TRBV7-9,TRBJ2-1,ASSNIIAGGPSYNEQF,1
TRBV7-9,TRBJ2-1,ASSNILGSDSNEQF,1
TRBV7-9,TRBJ2-1,ASSNILLAGGPSSYNEQF,3
TRBV7-9,TRBJ2-1,ASSNILVEQF,1
TRBV7-9,TRBJ2-1,ASSNILVSPHNEQF,1
TRBV7-9,TRBJ2-1,ASSNINEQF,3
TRBV7-9,TRBJ2-1,ASSNINHEQF,2
TRBV7-9,TRBJ2-1,ASSNINLAGGYNEQF,3
TRBV7-9,TRBJ2-1,ASSNINNEQF,68
TRBV7-9,TRBJ2-1,ASSNINNEQV,1
TRBV7-9,TRBJ2-1,ASSNINYEQF,1
TRBV7-9,TRBJ2-1,ASSNIPGTSGSVYEQF,1
TRBV7-9,TRBJ2-1,ASSNIPRAGEGFEQF,7
TRBV7-9,TRBJ2-1,ASSNIPRVPYNEQF,1
TRBV7-9,TRBJ2-1,ASSNIPTSGTDLSDEQF,5
TRBV7-9,TRBJ2-1,ASSNIPWGLAGSSYNEQF,1
TRBV7-9,TRBJ2-1,ASSNIQSYHEQF,1
TRBV7-9,TRBJ2-1,ASSNIQSYNEQF,12
TRBV7-9,TRBJ2-1,ASSNIRDSNEQF,7
TRBV7-9,TRBJ2-1,ASSNIRDSQKNEQF,1
TRBV7-9,TRBJ2-1,ASSNIRGGGADEQF,14
TRBV7-9,TRBJ2-1,ASSNISGRDYNEQF,1
TRBV7-9,TRBJ2-1,ASSNISGRGGNEQF,1
TRBV7-9,TRBJ2-1,ASSNISGRSNEQF,5
TRBV7-9,TRBJ2-1,ASSNISYNEQF,1
TRBV7-9,TRBJ2-1,ASSNIVGTSGNEQF,6
TRBV7-9,TRBJ2-1,ASSNIVLAGVYNEQF,1
TRBV7-9,TRBJ2-1,ASSNIVSYNEQF,4
TRBV7-9,TRBJ2-1,ASSNIWGLFDEQF,10
TRBV7-9,TRBJ2-1,ASSNIYIQREGRNEQF,1
TRBV7-9,TRBJ2-1,ASSNIYVSTYNEQF,1
TRBV7-9,TRBJ2-1,ASSNKAGGYNEQF,1
TRBV7-9,TRBJ2-1,ASSNKAGTFNEQF,1
TRBV7-9,TRBJ2-1,ASSNKAGTYNEQF,15
TRBV7-9,TRBJ2-1,ASSNKAGTYNEQY,1
TRBV7-9,TRBJ2-1,ASSNKAGTYSEQF,1
TRBV7-9,TRBJ2-1,ASSNKAGVSYNEQF,10
TRBV7-9,TRBJ2-1,ASSNKASGTYNEQF,1
TRBV7-9,TRBJ2-1,ASSNKDEQF,1
TRBV7-9,TRBJ2-1,ASSNKDEQGAHEQF,1
TRBV7-9,TRBJ2-1,ASSNKDRGHSYEQF,1
TRBV7-9,TRBJ2-1,ASSNKEQF,1
TRBV7-9,TRBJ2-1,ASSNKESGGFSYNEQF,1
TRBV7-9,TRBJ2-1,ASSNKESYNEQF,3
TRBV7-9,TRBJ2-1,ASSNKGGYNEQF,10
TRBV7-9,TRBJ2-1,ASSNKGGYTEQF,1
TRBV7-9,TRBJ2-1,ASSNKGLANNEQF,2
TRBV7-9,TRBJ2-1,ASSNKGPVYNEQF,1
TRBV7-9,TRBJ2-1,ASSNKGQGYNEQF,1
TRBV7-9,TRBJ2-1,ASSNKGSYNEQF,1
TRBV7-9,TRBJ2-1,ASSNKLAAHYNEQF,1
TRBV7-9,TRBJ2-1,ASSNKLETSGIYNEQF,1
TRBV7-9,TRBJ2-1,ASSNKLFNEQF,1
TRBV7-9,TRBJ2-1,ASSNKLKTGSYNEQF,1
TRBV7-9,TRBJ2-1,ASSNKNNEQF,1
TRBV7-9,TRBJ2-1,ASSNKQGAINEQF,1
TRBV7-9,TRBJ2-1,ASSNKRDPSYNEQF,1
TRBV7-9,TRBJ2-1,ASSNKREGYNEQF,1
TRBV7-9,TRBJ2-1,ASSNKRPLWNEQF,1
TRBV7-9,TRBJ2-1,ASSNKTAGLAGGRSSNEQF,1
TRBV7-9,TRBJ2-1,ASSNKTRGLNNEQF,1
TRBV7-9,TRBJ2-1,ASSNKTSGIRNEQF,1
TRBV7-9,TRBJ2-1,ASSNKTSGSEEQF,1
TRBV7-9,TRBJ2-1,ASSNKVGGGRAGDEQF,1
TRBV7-9,TRBJ2-1,ASSNKVLADNEQF,3
TRBV7-9,TRBJ2-1,ASSNKYNEQF,1
TRBV7-9,TRBJ2-1,ASSNLAAPYNEQF,1
TRBV7-9,TRBJ2-1,ASSNLAAYYNEQF,1
TRBV7-9,TRBJ2-1,ASSNLAGAGNEQF,1
TRBV7-9,TRBJ2-1,ASSNLAGAGSYNEQF,1
TRBV7-9,TRBJ2-1,ASSNLAGALIYNEQF,1
TRBV7-9,TRBJ2-1,ASSNLAGANNEQF,1
TRBV7-9,TRBJ2-1,ASSNLAGATYNEQF,1
TRBV7-9,TRBJ2-1,ASSNLAGAYEQF,1
TRBV7-9,TRBJ2-1,ASSNLAGAYNEQF,6
TRBV7-9,TRBJ2-1,ASSNLAGDLYNEQF,7
TRBV7-9,TRBJ2-1,ASSNLAGDVNEQF,4
TRBV7-9,TRBJ2-1,ASSNLAGEGENEQF,1
TRBV7-9,TRBJ2-1,ASSNLAGESYNEQF,1
TRBV7-9,TRBJ2-1,ASSNLAGETYNEQF,16
TRBV7-9,TRBJ2-1,ASSNLAGFRDEQF,1
TRBV7-9,TRBJ2-1,ASSNLAGGAYNEQF,1
TRBV7-9,TRBJ2-1,ASSNLAGGFGNEQF,9
TRBV7-9,TRBJ2-1,ASSNLAGGGHEQF,4
TRBV7-9,TRBJ2-1,ASSNLAGGHPSYNEQF,1
TRBV7-9,TRBJ2-1,ASSNLAGGKDGSYNEQF,1
TRBV7-9,TRBJ2-1,ASSNLAGGLNEQF,14
TRBV7-9,TRBJ2-1,ASSNLAGGLVYNEQF,1
TRBV7-9,TRBJ2-1,ASSNLAGGLYNEQF,1
TRBV7-9,TRBJ2-1,ASSNLAGGNNEQF,9
TRBV7-9,TRBJ2-1,ASSNLAGGPEDNEQF,1
TRBV7-9,TRBJ2-1,ASSNLAGGPHEQF,1
TRBV7-9,TRBJ2-1,ASSNLAGGPHNEQF,1
TRBV7-9,TRBJ2-1,ASSNLAGGPNEQF,1
TRBV7-9,TRBJ2-1,ASSNLAGGPYNEQF,9
TRBV7-9,TRBJ2-1,ASSNLAGGQDEQF,1
TRBV7-9,TRBJ2-1,ASSNLAGGQNYNEQF,1
TRBV7-9,TRBJ2-1,ASSNLAGGRKDEQF,1
TRBV7-9,TRBJ2-1,ASSNLAGGSNEQF,1
TRBV7-9,TRBJ2-1,ASSNLAGGSYNEQF,1
TRBV7-9,TRBJ2-1,ASSNLAGGTYNEQF,1
TRBV7-9,TRBJ2-1,ASSNLAGGYNEQF,1
TRBV7-9,TRBJ2-1,ASSNLAGINEQF,9
TRBV7-9,TRBJ2-1,ASSNLAGLNNEQF,1
TRBV7-9,TRBJ2-1,ASSNLAGPFVNEQF,2
TRBV7-9,TRBJ2-1,ASSNLAGSYNEQF,1
TRBV7-9,TRBJ2-1,ASSNLAGTNNEQF,6
TRBV7-9,TRBJ2-1,ASSNLAGVEQF,1
TRBV7-9,TRBJ2-1,ASSNLAGVGNEQF,1
TRBV7-9,TRBJ2-1,ASSNLAGVNNEQF,2
TRBV7-9,TRBJ2-1,ASSNLAGVSGEQF,12
TRBV7-9,TRBJ2-1,ASSNLAGVSYNEQF,5
TRBV7-9,TRBJ2-1,ASSNLAGVTYNEQF,1
TRBV7-9,TRBJ2-1,ASSNLAGVVNEQF,13
TRBV7-9,TRBJ2-1,ASSNLAGVYNEQF,14
TRBV7-9,TRBJ2-1,ASSNLAGWYEQF,1
TRBV7-9,TRBJ2-1,ASSNLAHSYNEQF,1
TRBV7-9,TRBJ2-1,ASSNLALGDSYNEQF,1
TRBV7-9,TRBJ2-1,ASSNLALTYNEQF,1
TRBV7-9,TRBJ2-1,ASSNLANEQF,1
TRBV7-9,TRBJ2-1,ASSNLARLAGVSSYNEQF,1
TRBV7-9,TRBJ2-1,ASSNLAVSYNEQF,1
TRBV7-9,TRBJ2-1,ASSNLAVWGNEKF,1
TRBV7-9,TRBJ2-1,ASSNLAVWGNEQF,4
TRBV7-9,TRBJ2-1,ASSNLAWGNNEQF,1
TRBV7-9,TRBJ2-1,ASSNLDAGLDGGNEQF,1
TRBV7-9,TRBJ2-1,ASSNLDAGLDRGNEQF,49
TRBV7-9,TRBJ2-1,ASSNLDAGLDRRHKEF,1
TRBV7-9,TRBJ2-1,ASSNLDAGLDRRNEQF,1
TRBV7-9,TRBJ2-1,ASSNLDAGLNRGNDQF,1
TRBV7-9,TRBJ2-1,ASSNLDAQSYNEQF,1
TRBV7-9,TRBJ2-1,ASSNLDATYNEQF,1
TRBV7-9,TRBJ2-1,ASSNLDDGLARCNEQF,1
TRBV7-9,TRBJ2-1,ASSNLDEQF,12
TRBV7-9,TRBJ2-1,ASSNLDPPLNEQF,1
TRBV7-9,TRBJ2-1,ASSNLDPPPV,2
TRBV7-9,TRBJ2-1,ASSNLDRDNEQF,1
TRBV7-9,TRBJ2-1,ASSNLDSGLDRGNKQF,1
TRBV7-9,TRBJ2-1,ASSNLDSPSYNEQF,1
TRBV7-9,TRBJ2-1,ASSNLDSSDEQF,4
TRBV7-9,TRBJ2-1,ASSNLEAEQF,16
TRBV7-9,TRBJ2-1,ASSNLEGVDNEQF,1
TRBV7-9,TRBJ2-1,ASSNLERLLKNEQF,1
TRBV7-9,TRBJ2-1,ASSNLETGTSGSNEQF,1
TRBV7-9,TRBJ2-1,ASSNLEYSYNEQF,1
TRBV7-9,TRBJ2-1,ASSNLGASGRSAYNEQF,3
TRBV7-9,TRBJ2-1,ASSNLGASGRSAYNEQY,1
TRBV7-9,TRBJ2-1,ASSNLGEQF,3
TRBV7-9,TRBJ2-1,ASSNLGFSYNEQF,1
TRBV7-9,TRBJ2-1,ASSNLGGEYNEQF,1
TRBV7-9,TRBJ2-1,ASSNLGGGLSYNEQF,7
TRBV7-9,TRBJ2-1,ASSNLGGVNNEQF,1
TRBV7-9,TRBJ2-1,ASSNLGGVYNKQF,1
TRBV7-9,TRBJ2-1,ASSNLGLADEQF,1
TRBV7-9,TRBJ2-1,ASSNLGLAGLNEQF,1
TRBV7-9,TRBJ2-1,ASSNLGNEQF,11
TRBV7-9,TRBJ2-1,ASSNLGPNGGNEQF,3
TRBV7-9,TRBJ2-1,ASSNLGQGKTYNEQF,1
TRBV7-9,TRBJ2-1,ASSNLGQGYNEQF,1
TRBV7-9,TRBJ2-1,ASSNLGQNSYNEQF,1
TRBV7-9,TRBJ2-1,ASSNLGQVSYNEQF,1
TRBV7-9,TRBJ2-1,ASSNLGRDRDNEQF,1
TRBV7-9,TRBJ2-1,ASSNLGRDRYNEQF,36
TRBV7-9,TRBJ2-1,ASSNLGRDRYNGQF,1
TRBV7-9,TRBJ2-1,ASSNLGRGSYNEQF,1
TRBV7-9,TRBJ2-1,ASSNLGSSGPPHNEQF,1
TRBV7-9,TRBJ2-1,ASSNLGTFSSYNEQF,6
TRBV7-9,TRBJ2-1,ASSNLGVYNEQF,1
TRBV7-9,TRBJ2-1,ASSNLGYEQF,1
TRBV7-9,TRBJ2-1,ASSNLHLGAYNEQF,1
TRBV7-9,TRBJ2-1,ASSNLHSGRAEQF,2
TRBV7-9,TRBJ2-1,ASSNLISRAGAYNEQF,1
TRBV7-9,TRBJ2-1,ASSNLIYLHDNEQF,1
TRBV7-9,TRBJ2-1,ASSNLLAAYNEQF,1
TRBV7-9,TRBJ2-1,ASSNLLAGGPNEQF,1
TRBV7-9,TRBJ2-1,ASSNLLAGGRGGSYNEQF,1
TRBV7-9,TRBJ2-1,ASSNLLAGGYNEQF,7
TRBV7-9,TRBJ2-1,ASSNLLAYDNEQF,1
TRBV7-9,TRBJ2-1,ASSNLLEDNEQF,1
TRBV7-9,TRBJ2-1,ASSNLLGQGINEQF,1
TRBV7-9,TRBJ2-1,ASSNLLGSGSTNEQF,5
TRBV7-9,TRBJ2-1,ASSNLLIAGSSYKDKF,1
TRBV7-9,TRBJ2-1,ASSNLLLGGSGIDEQF,1
TRBV7-9,TRBJ2-1,ASSNLLLGGSYNEQF,1
TRBV7-9,TRBJ2-1,ASSNLLLYNEQF,1
TRBV7-9,TRBJ2-1,ASSNLLVNEQF,1
TRBV7-9,TRBJ2-1,ASSNLMLSVEQF,15
TRBV7-9,TRBJ2-1,ASSNLMRAGGPLNEQF,1
TRBV7-9,TRBJ2-1,ASSNLMTGYNEQF,1
TRBV7-9,TRBJ2-1,ASSNLNAQF,1
TRBV7-9,TRBJ2-1,ASSNLNEQF,10
TRBV7-9,TRBJ2-1,ASSNLNGGYNEQF,1
TRBV7-9,TRBJ2-1,ASSNLNLAGIYNEQF,1
TRBV7-9,TRBJ2-1,ASSNLNLVQGARDNEQF,1
TRBV7-9,TRBJ2-1,ASSNLPGLAGQRVYNEQF,1
TRBV7-9,TRBJ2-1,ASSNLPGQGDNEQF,1
TRBV7-9,TRBJ2-1,ASSNLPGTYNEQF,5
TRBV7-9,TRBJ2-1,ASSNLPKSGGPLYNEQF,1
TRBV7-9,TRBJ2-1,ASSNLPSTRISYNEQF,1
TRBV7-9,TRBJ2-1,ASSNLQFNEQF,2
TRBV7-9,TRBJ2-1,ASSNLQGADNEQF,1
TRBV7-9,TRBJ2-1,ASSNLQGAVYNEQF,1
TRBV7-9,TRBJ2-1,ASSNLQGRSNEQF,1
TRBV7-9,TRBJ2-1,ASSNLRAGGSGEQF,2
TRBV7-9,TRBJ2-1,ASSNLRASYNEQF,1
TRBV7-9,TRBJ2-1,ASSNLRDRGGDEQF,1
TRBV7-9,TRBJ2-1,ASSNLRDRGNEQF,1
TRBV7-9,TRBJ2-1,ASSNLRDRPGQREANEQF,2
TRBV7-9,TRBJ2-1,ASSNLRDWDDNEQF,1
TRBV7-9,TRBJ2-1,ASSNLREQF,1
TRBV7-9,TRBJ2-1,ASSNLREWDEQF,1
TRBV7-9,TRBJ2-1,ASSNLRGAINEQF,1
TRBV7-9,TRBJ2-1,ASSNLRGLAGASSYNEQF,1
TRBV7-9,TRBJ2-1,ASSNLRGTGAKEQF,1
TRBV7-9,TRBJ2-1,ASSNLRGTGANEQF,11
TRBV7-9,TRBJ2-1,ASSNLRLAGGPGVHNEQF,1
TRBV7-9,TRBJ2-1,ASSNLRNEQF,1
TRBV7-9,TRBJ2-1,ASSNLRRGRALGQYEQY,1
TRBV7-9,TRBJ2-1,ASSNLRSGSSYNEQF,1
TRBV7-9,TRBJ2-1,ASSNLRSTSGGPGHEQF,1
TRBV7-9,TRBJ2-1,ASSNLRVAGGSYNEQF,1
TRBV7-9,TRBJ2-1,ASSNLRYNEQF,1
TRBV7-9,TRBJ2-1,ASSNLSGGPYNEQF,10
TRBV7-9,TRBJ2-1,ASSNLSGNEQF,1
TRBV7-9,TRBJ2-1,ASSNLSGRKADEQF,7
TRBV7-9,TRBJ2-1,ASSNLSLIGTIKGNEQF,1
TRBV7-9,TRBJ2-1,ASSNLTGGSYNEQF,1
TRBV7-9,TRBJ2-1,ASSNLTIGRDEQF,1
TRBV7-9,TRBJ2-1,ASSNLTSGGVEQF,1
TRBV7-9,TRBJ2-1,ASSNLTSGIYNEQF,1
TRBV7-9,TRBJ2-1,ASSNLTSGSSYNEQF,1
TRBV7-9,TRBJ2-1,ASSNLVAGARNEQF,1
TRBV7-9,TRBJ2-1,ASSNLVASGGAGNEQF,1
TRBV7-9,TRBJ2-1,ASSNLVDSEQF,5
TRBV7-9,TRBJ2-1,ASSNLVGGVTDEQF,1
TRBV7-9,TRBJ2-1,ASSNLVGTLNNEQF,1
TRBV7-9,TRBJ2-1,ASSNLVGWSSYNEQF,1
TRBV7-9,TRBJ2-1,ASSNLVILGDNEQF,1
TRBV7-9,TRBJ2-1,ASSNLYAGLDRGNEQL,1
TRBV7-9,TRBJ2-1,ASSNLYNEQF,1
TRBV7-9,TRBJ2-1,ASSNLYVSQGARNEQF,1
TRBV7-9,TRBJ2-1,ASSNMAEQF,15
TRBV7-9,TRBJ2-1,ASSNMASGGDEQF,2
TRBV7-9,TRBJ2-1,ASSNMDFSYNEQF,1
TRBV7-9,TRBJ2-1,ASSNMDRAYNEQF,2
TRBV7-9,TRBJ2-1,ASSNMGEFYNDQF,1
TRBV7-9,TRBJ2-1,ASSNMGEGSNEQF,1
TRBV7-9,TRBJ2-1,ASSNMGLHNEQF,1
TRBV7-9,TRBJ2-1,ASSNMGLYDEQF,3
TRBV7-9,TRBJ2-1,ASSNMGPTGDNEQF,1
TRBV7-9,TRBJ2-1,ASSNMGYNEQF,1
TRBV7-9,TRBJ2-1,ASSNMIARRMGYNEQF,1
TRBV7-9,TRBJ2-1,ASSNMKGRNEQF,1
TRBV7-9,TRBJ2-1,ASSNMLNEQF,11
TRBV7-9,TRBJ2-1,ASSNMRDGEQF,2
TRBV7-9,TRBJ2-1,ASSNMRLNEQF,9
TRBV7-9,TRBJ2-1,ASSNMSNEQF,1
TRBV7-9,TRBJ2-1,ASSNNDQF,2
TRBV7-9,TRBJ2-1,ASSNNEHF,1
TRBV7-9,TRBJ2-1,ASSNNELF,1
TRBV7-9,TRBJ2-1,ASSNNEQF,118
TRBV7-9,TRBJ2-1,ASSNNEQGDEQF,1
TRBV7-9,TRBJ2-1,ASSNNFRDNEQF,1
TRBV7-9,TRBJ2-1,ASSNNGKSSYNEQF,1
TRBV7-9,TRBJ2-1,ASSNNGNEQF,1
TRBV7-9,TRBJ2-1,ASSNNGQGNYNEQF,1
TRBV7-9,TRBJ2-1,ASSNNGRGTDSSYNEQF,1
TRBV7-9,TRBJ2-1,ASSNNIGGLSGNEQF,13
TRBV7-9,TRBJ2-1,ASSNNIVGLSGNEQC,1
TRBV7-9,TRBJ2-1,ASSNNLRASDYNEQF,1
TRBV7-9,TRBJ2-1,ASSNNMGQGRNEQF,1
TRBV7-9,TRBJ2-1,ASSNNNEQF,3
TRBV7-9,TRBJ2-1,ASSNNNNEQF,1
TRBV7-9,TRBJ2-1,ASSNNPGNEQC,1
TRBV7-9,TRBJ2-1,ASSNNPGNEQF,11
TRBV7-9,TRBJ2-1,ASSNNPGYEQF,1
TRBV7-9,TRBJ2-1,ASSNNPRQGDTNEQF,3
TRBV7-9,TRBJ2-1,ASSNNPSGYNEQF,1
TRBV7-9,TRBJ2-1,ASSNNPTYEQF,1
TRBV7-9,TRBJ2-1,ASSNNPWVGGGEHNEQF,1
TRBV7-9,TRBJ2-1,ASSNNRDEQF,1
TRBV7-9,TRBJ2-1,ASSNNRDFNEQF,1
TRBV7-9,TRBJ2-1,ASSNNRDPEKLTNSYNEQF,1
TRBV7-9,TRBJ2-1,ASSNNRDRGRNEQF,8
TRBV7-9,TRBJ2-1,ASSNNRDRGSFYNEQF,1
TRBV7-9,TRBJ2-1,ASSNNRDRVRNEQF,1
TRBV7-9,TRBJ2-1,ASSNNRGERHNEQF,1
TRBV7-9,TRBJ2-1,ASSNNRGGNEQF,2
TRBV7-9,TRBJ2-1,ASSNNRGLSYNEQF,1
TRBV7-9,TRBJ2-1,ASSNNRGQAYNEQF,1
TRBV7-9,TRBJ2-1,ASSNNRGQLDNEQF,1
TRBV7-9,TRBJ2-1,ASSNNRGSSSYNEQF,1
TRBV7-9,TRBJ2-1,ASSNNRIGNEQF,1
TRBV7-9,TRBJ2-1,ASSNNRLAGVRSSYNEQF,1
TRBV7-9,TRBJ2-1,ASSNNRRDNEQF,1
TRBV7-9,TRBJ2-1,ASSNNRVFYNEQF,1
TRBV7-9,TRBJ2-1,ASSNNRVGNEQF,1
TRBV7-9,TRBJ2-1,ASSNNRVRRDNEQF,1
TRBV7-9,TRBJ2-1,ASSNNSGGLSGNEQF,1
TRBV7-9,TRBJ2-1,ASSNNSGSLYNEQF,1
TRBV7-9,TRBJ2-1,ASSNNWVTYNEQF,1
TRBV7-9,TRBJ2-1,ASSNNYHNEQF,15
TRBV7-9,TRBJ2-1,ASSNNYHNGQF,1
TRBV7-9,TRBJ2-1,ASSNPAAGDREQF,4
TRBV7-9,TRBJ2-1,ASSNPAGGLRQF,2
TRBV7-9,TRBJ2-1,ASSNPAGGNNEQF,1
TRBV7-9,TRBJ2-1,ASSNPAGGPSYNEQF,1
TRBV7-9,TRBJ2-1,ASSNPAGTGAYNEQF,1
TRBV7-9,TRBJ2-1,ASSNPAGTIGGNEQF,1
TRBV7-9,TRBJ2-1,ASSNPAGTSGYNEQF,1
TRBV7-9,TRBJ2-1,ASSNPAKTGWDEQF,1
TRBV7-9,TRBJ2-1,ASSNPALAGGKNEQF,1
TRBV7-9,TRBJ2-1,ASSNPALPNEQF,1
TRBV7-9,TRBJ2-1,ASSNPAQEQF,1
TRBV7-9,TRBJ2-1,ASSNPAQRGGYNEQF,1
TRBV7-9,TRBJ2-1,ASSNPARDQF,1
TRBV7-9,TRBJ2-1,ASSNPAREEF,1
TRBV7-9,TRBJ2-1,ASSNPAREQF,46
TRBV7-9,TRBJ2-1,ASSNPAREQI,1
TRBV7-9,TRBJ2-1,ASSNPARERF,1
TRBV7-9,TRBJ2-1,ASSNPASGRADEQF,1
TRBV7-9,TRBJ2-1,ASSNPASGWNEQF,5
TRBV7-9,TRBJ2-1,ASSNPASVTYNEQF,4
TRBV7-9,TRBJ2-1,ASSNPDGLAHNEQF,1
TRBV7-9,TRBJ2-1,ASSNPDIEGGYEQF,1
TRBV7-9,TRBJ2-1,ASSNPDRGLLNEQF,1
TRBV7-9,TRBJ2-1,ASSNPDRGPDEQF,9
TRBV7-9,TRBJ2-1,ASSNPDRYKEQF,1
TRBV7-9,TRBJ2-1,ASSNPDRYNEQF,3
TRBV7-9,TRBJ2-1,ASSNPDTGRGGNEQF,2
TRBV7-9,TRBJ2-1,ASSNPEAHSYNEQF,1
TRBV7-9,TRBJ2-1,ASSNPEGLPLNEQF,1
TRBV7-9,TRBJ2-1,ASSNPEGTGRGYNEQF,1
TRBV7-9,TRBJ2-1,ASSNPEQGNEQF,3
TRBV7-9,TRBJ2-1,ASSNPERTGGNEQF,1
TRBV7-9,TRBJ2-1,ASSNPFYHEQF,1
TRBV7-9,TRBJ2-1,ASSNPFYNEQF,11
TRBV7-9,TRBJ2-1,ASSNPGAGQGYNEQF,4
TRBV7-9,TRBJ2-1,ASSNPGAMLNEQF,1
TRBV7-9,TRBJ2-1,ASSNPGAQRDEQF,1
TRBV7-9,TRBJ2-1,ASSNPGARVKNEQF,1
TRBV7-9,TRBJ2-1,ASSNPGASGRDEQF,1
TRBV7-9,TRBJ2-1,ASSNPGASGSSYNEQF,1
TRBV7-9,TRBJ2-1,ASSNPGDNEQF,1
TRBV7-9,TRBJ2-1,ASSNPGGDEQF,9
TRBV7-9,TRBJ2-1,ASSNPGGGSYNEQF,1
TRBV7-9,TRBJ2-1,ASSNPGGIYGEF,1
TRBV7-9,TRBJ2-1,ASSNPGGRVNEQF,1
TRBV7-9,TRBJ2-1,ASSNPGGSLNEQF,1
TRBV7-9,TRBJ2-1,ASSNPGGSSYNEQF,1
TRBV7-9,TRBJ2-1,ASSNPGGSYNEQF,1
TRBV7-9,TRBJ2-1,ASSNPGGYNEQF,1
TRBV7-9,TRBJ2-1,ASSNPGLAANEQF,2
TRBV7-9,TRBJ2-1,ASSNPGLADEQF,1
TRBV7-9,TRBJ2-1,ASSNPGLAEGGSYNEQF,1
TRBV7-9,TRBJ2-1,ASSNPGLAGANEQF,1
TRBV7-9,TRBJ2-1,ASSNPGLAGASYNEQF,1
TRBV7-9,TRBJ2-1,ASSNPGLAGAYNEHF,1
TRBV7-9,TRBJ2-1,ASSNPGLAGAYNEQF,6
TRBV7-9,TRBJ2-1,ASSNPGLAGGEQF,10
TRBV7-9,TRBJ2-1,ASSNPGLAGGPDGDEQF,1
TRBV7-9,TRBJ2-1,ASSNPGLAGGRPDEQF,1
TRBV7-9,TRBJ2-1,ASSNPGLAGGSSYNEQF,3
TRBV7-9,TRBJ2-1,ASSNPGLAGGWVNEQF,1
TRBV7-9,TRBJ2-1,ASSNPGLAGSNEQF,4
TRBV7-9,TRBJ2-1,ASSNPGLAGSNPTYNEQF,1
TRBV7-9,TRBJ2-1,ASSNPGLAGTYNEQF,1
TRBV7-9,TRBJ2-1,ASSNPGLAGVRVLYNEQF,2
TRBV7-9,TRBJ2-1,ASSNPGLAGVYPYNEQF,13
TRBV7-9,TRBJ2-1,ASSNPGLAGVYPYNEQS,1
TRBV7-9,TRBJ2-1,ASSNPGLAGVYTYNKQF,1
TRBV7-9,TRBJ2-1,ASSNPGLALLGDQF,1
TRBV7-9,TRBJ2-1,ASSNPGLASNEQF,9
TRBV7-9,TRBJ2-1,ASSNPGLASNEQY,1
TRBV7-9,TRBJ2-1,ASSNPGLAVQF,1
TRBV7-9,TRBJ2-1,ASSNPGLAVVGPYNEQF,1
TRBV7-9,TRBJ2-1,ASSNPGLAVVGSYNEQF,3
TRBV7-9,TRBJ2-1,ASSNPGLEAYNEQF,1
TRBV7-9,TRBJ2-1,ASSNPGLGGYTYNEQF,1
TRBV7-9,TRBJ2-1,ASSNPGLGLSEQF,12
TRBV7-9,TRBJ2-1,ASSNPGLGTRSYNEQF,1
TRBV7-9,TRBJ2-1,ASSNPGLITYNEQF,4
TRBV7-9,TRBJ2-1,ASSNPGLQKIYNEQF,1
TRBV7-9,TRBJ2-1,ASSNPGLRYNEQF,1
TRBV7-9,TRBJ2-1,ASSNPGLVDNEQF,1
TRBV7-9,TRBJ2-1,ASSNPGLVDYNEQF,8
TRBV7-9,TRBJ2-1,ASSNPGLVPWEQF,8
TRBV7-9,TRBJ2-1,ASSNPGLVSYNEQF,1
TRBV7-9,TRBJ2-1,ASSNPGLVYNEQF,2
TRBV7-9,TRBJ2-1,ASSNPGLYGNEQF,11
TRBV7-9,TRBJ2-1,ASSNPGLYNEQF,1
TRBV7-9,TRBJ2-1,ASSNPGPAGYNEQF,1
TRBV7-9,TRBJ2-1,ASSNPGPLYNEQF,1
TRBV7-9,TRBJ2-1,ASSNPGPPGGNEQF,11
TRBV7-9,TRBJ2-1,ASSNPGPYNEQF,2
TRBV7-9,TRBJ2-1,ASSNPGQDRNEQF,1
TRBV7-9,TRBJ2-1,ASSNPGQESSNEQF,5
TRBV7-9,TRBJ2-1,ASSNPGQEYNEQF,1
TRBV7-9,TRBJ2-1,ASSNPGQGAYNEQF,1
TRBV7-9,TRBJ2-1,ASSNPGQGGDEQF,12
TRBV7-9,TRBJ2-1,ASSNPGQGGYNEQF,1
TRBV7-9,TRBJ2-1,ASSNPGQGHNEQF,1
TRBV7-9,TRBJ2-1,ASSNPGQGKFNEQF,1
TRBV7-9,TRBJ2-1,ASSNPGQGKNEQF,1
TRBV7-9,TRBJ2-1,ASSNPGQGLF,11
TRBV7-9,TRBJ2-1,ASSNPGQGMNEQF,10
TRBV7-9,TRBJ2-1,ASSNPGQGNNEQF,1
TRBV7-9,TRBJ2-1,ASSNPGQGPSYNEQF,3
TRBV7-9,TRBJ2-1,ASSNPGQGQYNEQF,1
TRBV7-9,TRBJ2-1,ASSNPGQGRYEQF,5
TRBV7-9,TRBJ2-1,ASSNPGQGVDEQF,1
TRBV7-9,TRBJ2-1,ASSNPGQINEQF,1
TRBV7-9,TRBJ2-1,ASSNPGQLNNEQF,1
TRBV7-9,TRBJ2-1,ASSNPGQPPYNEQF,1
TRBV7-9,TRBJ2-1,ASSNPGQRSYNEQF,1
TRBV7-9,TRBJ2-1,ASSNPGQRYNEQF,1
TRBV7-9,TRBJ2-1,ASSNPGQSYNEQF,1
TRBV7-9,TRBJ2-1,ASSNPGQVNEQF,18
TRBV7-9,TRBJ2-1,ASSNPGQYNEQF,3
TRBV7-9,TRBJ2-1,ASSNPGRYNEQF,1
TRBV7-9,TRBJ2-1,ASSNPGSGPGNEQF,1
TRBV7-9,TRBJ2-1,ASSNPGSGSEQF,3
TRBV7-9,TRBJ2-1,ASSNPGTAQYNEQF,1
TRBV7-9,TRBJ2-1,ASSNPGTGEANEQF,1
TRBV7-9,TRBJ2-1,ASSNPGTGGALNEQF,1
TRBV7-9,TRBJ2-1,ASSNPGTGHNEQF,1
TRBV7-9,TRBJ2-1,ASSNPGTGLNEQF,1
TRBV7-9,TRBJ2-1,ASSNPGTGNEQF,1
TRBV7-9,TRBJ2-1,ASSNPGTGYNDQF,1
TRBV7-9,TRBJ2-1,ASSNPGTGYNEQF,12
TRBV7-9,TRBJ2-1,ASSNPGTHNNEQF,1
TRBV7-9,TRBJ2-1,ASSNPGTQNGNEQF,2
TRBV7-9,TRBJ2-1,ASSNPGTSDRTHNEQF,1
TRBV7-9,TRBJ2-1,ASSNPGTSGGTYNEQF,1
TRBV7-9,TRBJ2-1,ASSNPGTSGINEQF,1
TRBV7-9,TRBJ2-1,ASSNPGTSGNEQF,7
TRBV7-9,TRBJ2-1,ASSNPGTSGNHNEQF,1
TRBV7-9,TRBJ2-1,ASSNPGTSGRDGNEQF,1
TRBV7-9,TRBJ2-1,ASSNPGTSGRYSSYNEQF,9
TRBV7-9,TRBJ2-1,ASSNPGTSGSIYEQF,1
TRBV7-9,TRBJ2-1,ASSNPGTSIYEQF,10
TRBV7-9,TRBJ2-1,ASSNPGTSLNEQF,1
TRBV7-9,TRBJ2-1,ASSNPGTSLNNEQF,1
TRBV7-9,TRBJ2-1,ASSNPGTSSNEQF,1
TRBV7-9,TRBJ2-1,ASSNPGTTSYNEQF,1
TRBV7-9,TRBJ2-1,ASSNPGVGEQF,13
TRBV7-9,TRBJ2-1,ASSNPGWQGSYNEQF,1
TRBV7-9,TRBJ2-1,ASSNPGYNEQF,1
TRBV7-9,TRBJ2-1,ASSNPHDSNNEQF,1
TRBV7-9,TRBJ2-1,ASSNPHEQF,1
TRBV7-9,TRBJ2-1,ASSNPHGLAGVSNEQF,1
TRBV7-9,TRBJ2-1,ASSNPHGSSYNEQF,1
TRBV7-9,TRBJ2-1,ASSNPHRDEQF,3
TRBV7-9,TRBJ2-1,ASSNPHYHNEQF,1
TRBV7-9,TRBJ2-1,ASSNPIASSGRGTYNEQF,1
TRBV7-9,TRBJ2-1,ASSNPINEQF,1
TRBV7-9,TRBJ2-1,ASSNPIPTNEQF,1
TRBV7-9,TRBJ2-1,ASSNPKEIPNEQF,1
TRBV7-9,TRBJ2-1,ASSNPKGTGGYEQF,1
TRBV7-9,TRBJ2-1,ASSNPKGTNEQF,1
TRBV7-9,TRBJ2-1,ASSNPKSGGDEQF,1
TRBV7-9,TRBJ2-1,ASSNPLAGAVNEQF,1
TRBV7-9,TRBJ2-1,ASSNPLAGDYNEQF,1
TRBV7-9,TRBJ2-1,ASSNPLAGGSNPHEQF,1
TRBV7-9,TRBJ2-1,ASSNPLAGVDNEQF,1
TRBV7-9,TRBJ2-1,ASSNPLAGVYNEQF,1
TRBV7-9,TRBJ2-1,ASSNPLAGYSNEQF,1
TRBV7-9,TRBJ2-1,ASSNPLDGRGSYNEQF,1
TRBV7-9,TRBJ2-1,ASSNPLDNPVGNEQF,1
TRBV7-9,TRBJ2-1,ASSNPLGAWNEQF,1
TRBV7-9,TRBJ2-1,ASSNPLGGDEQF,1
TRBV7-9,TRBJ2-1,ASSNPLGTGVHNEQF,1
TRBV7-9,TRBJ2-1,ASSNPLGTPGTDEQF,10
TRBV7-9,TRBJ2-1,ASSNPLGVSYNEQF,1
TRBV7-9,TRBJ2-1,ASSNPLGWTSVYNEQF,1
TRBV7-9,TRBJ2-1,ASSNPLILANNEQF,1
TRBV7-9,TRBJ2-1,ASSNPLLAHEQF,8
TRBV7-9,TRBJ2-1,ASSNPLMLREVNEQF,1
TRBV7-9,TRBJ2-1,ASSNPLQAGDSNEQF,2
TRBV7-9,TRBJ2-1,ASSNPLQEQF,1
TRBV7-9,TRBJ2-1,ASSNPLRDEQF,1
TRBV7-9,TRBJ2-1,ASSNPLRGNEQF,6
TRBV7-9,TRBJ2-1,ASSNPLRRPLGNEQF,1
TRBV7-9,TRBJ2-1,ASSNPLSGPHEQF,1
TRBV7-9,TRBJ2-1,ASSNPLSGRANEQF,1
TRBV7-9,TRBJ2-1,ASSNPLSPAGALYNEQF,1
TRBV7-9,TRBJ2-1,ASSNPLTSGIGNEQF,1
TRBV7-9,TRBJ2-1,ASSNPLVNEQF,1
TRBV7-9,TRBJ2-1,ASSNPMLGGGATYNEQF,1
TRBV7-9,TRBJ2-1,ASSNPMTGGV,2
TRBV7-9,TRBJ2-1,ASSNPMTGSNEQF,1
TRBV7-9,TRBJ2-1,ASSNPNEQF,3
TRBV7-9,TRBJ2-1,ASSNPNNEQF,9
TRBV7-9,TRBJ2-1,ASSNPNPGTSDNEQF,1
TRBV7-9,TRBJ2-1,ASSNPNWEGTDNEQF,1
TRBV7-9,TRBJ2-1,ASSNPPGGIGSSNEQF,1
TRBV7-9,TRBJ2-1,ASSNPPGLAGDNEQF,1
TRBV7-9,TRBJ2-1,ASSNPPGLAVRGQF,9
TRBV7-9,TRBJ2-1,ASSNPPGLDLLYNEQF,1
TRBV7-9,TRBJ2-1,ASSNPPGPTYNEQF,1
TRBV7-9,TRBJ2-1,ASSNPPGQGGAVGSYNEQF,1
TRBV7-9,TRBJ2-1,ASSNPPGQGRYNEQF,1
TRBV7-9,TRBJ2-1,ASSNPPGQGTYNEQF,1
TRBV7-9,TRBJ2-1,ASSNPPGSGPFEQF,1
TRBV7-9,TRBJ2-1,ASSNPPGTTKGNEQF,1
TRBV7-9,TRBJ2-1,ASSNPPGYTSYNEQF,1
TRBV7-9,TRBJ2-1,ASSNPPNEQF,1
TRBV7-9,TRBJ2-1,ASSNPPSGNYEQF,1
TRBV7-9,TRBJ2-1,ASSNPPSTSYNEQF,1
TRBV7-9,TRBJ2-1,ASSNPPYNEQF,9
TRBV7-9,TRBJ2-1,ASSNPQAGYNEQF,1
TRBV7-9,TRBJ2-1,ASSNPQGANNNEQF,1
TRBV7-9,TRBJ2-1,ASSNPQGDGLEF,10
TRBV7-9,TRBJ2-1,ASSNPQGELAGGPPQPYNEQF,2
TRBV7-9,TRBJ2-1,ASSNPQGEVAGGPPHPYNEQF,1
TRBV7-9,TRBJ2-1,ASSNPQGLALSYNEQF,1
TRBV7-9,TRBJ2-1,ASSNPQGLRYNEQF,1
TRBV7-9,TRBJ2-1,ASSNPQGNEQF,1
TRBV7-9,TRBJ2-1,ASSNPQGPSYNEQF,1
TRBV7-9,TRBJ2-1,ASSNPQREGLPNEQF,4
TRBV7-9,TRBJ2-1,ASSNPQSGGSYNEQF,1
TRBV7-9,TRBJ2-1,ASSNPQSSYNEQF,1
TRBV7-9,TRBJ2-1,ASSNPRADSYNEQF,1
TRBV7-9,TRBJ2-1,ASSNPRDGGLDEQF,1
TRBV7-9,TRBJ2-1,ASSNPRDGIYNEQF,1
TRBV7-9,TRBJ2-1,ASSNPRDHPG,4
TRBV7-9,TRBJ2-1,ASSNPRDRGLDEQF,1
TRBV7-9,TRBJ2-1,ASSNPRDRYNEQF,1
TRBV7-9,TRBJ2-1,ASSNPRDSDPRVGNEQF,1
TRBV7-9,TRBJ2-1,ASSNPRGAPSYNEQF,1
TRBV7-9,TRBJ2-1,ASSNPRGDRVYNEQF,8
TRBV7-9,TRBJ2-1,ASSNPRGEASSNEQF,1
TRBV7-9,TRBJ2-1,ASSNPRGFDEQF,1
TRBV7-9,TRBJ2-1,ASSNPRGGMGNEQF,1
TRBV7-9,TRBJ2-1,ASSNPRGGSSYNEQF,2
TRBV7-9,TRBJ2-1,ASSNPRGLPEQF,17
TRBV7-9,TRBJ2-1,ASSNPRGLYNEQF,3
TRBV7-9,TRBJ2-1,ASSNPRGNEQF,1
TRBV7-9,TRBJ2-1,ASSNPRGRTQEQF,9
TRBV7-9,TRBJ2-1,ASSNPRGVNEQF,4
TRBV7-9,TRBJ2-1,ASSNPRHPYNEQF,1
TRBV7-9,TRBJ2-1,ASSNPRLAGGLYNEQF,1
TRBV7-9,TRBJ2-1,ASSNPRLAGVYNEQF,1
TRBV7-9,TRBJ2-1,ASSNPRLAGVYPYNEQF,1
TRBV7-9,TRBJ2-1,ASSNPRNEQF,2
TRBV7-9,TRBJ2-1,ASSNPRPYNEQF,6
TRBV7-9,TRBJ2-1,ASSNPRQGASYNEQF,1
TRBV7-9,TRBJ2-1,ASSNPRREPPRDEQF,1
TRBV7-9,TRBJ2-1,ASSNPRRLPEQF,1
TRBV7-9,TRBJ2-1,ASSNPRSRDWYNEQF,1
TRBV7-9,TRBJ2-1,ASSNPRSSGSNHEQF,1
TRBV7-9,TRBJ2-1,ASSNPRTGRRSSYNEQF,12
TRBV7-9,TRBJ2-1,ASSNPRTGYNEQF,1
TRBV7-9,TRBJ2-1,ASSNPRTNNEQF,1
TRBV7-9,TRBJ2-1,ASSNPRTRSYNEQF,1
TRBV7-9,TRBJ2-1,ASSNPRTSGTYNEQF,1
TRBV7-9,TRBJ2-1,ASSNPSDEQF,9
TRBV7-9,TRBJ2-1,ASSNPSDNEQF,1
TRBV7-9,TRBJ2-1,ASSNPSGDDNEQF,1
TRBV7-9,TRBJ2-1,ASSNPSGDSYNEQF,1
TRBV7-9,TRBJ2-1,ASSNPSGGASVSYNEQF,1
TRBV7-9,TRBJ2-1,ASSNPSGGQDNEQF,2
TRBV7-9,TRBJ2-1,ASSNPSGGTDNEQF,5
TRBV7-9,TRBJ2-1,ASSNPSGNNEQF,1
TRBV7-9,TRBJ2-1,ASSNPSGPYNEQF,2
TRBV7-9,TRBJ2-1,ASSNPSGRANEQF,1
TRBV7-9,TRBJ2-1,ASSNPSGRASGNEQF,1
TRBV7-9,TRBJ2-1,ASSNPSGRAYNEQF,1
TRBV7-9,TRBJ2-1,ASSNPSGRETGNEQF,1
TRBV7-9,TRBJ2-1,ASSNPSGRGDEQF,1
TRBV7-9,TRBJ2-1,ASSNPSGRKGNEQF,1
TRBV7-9,TRBJ2-1,ASSNPSGRPHEQF,1
TRBV7-9,TRBJ2-1,ASSNPSGRVNEQF,1
TRBV7-9,TRBJ2-1,ASSNPSGSDNEQF,1
TRBV7-9,TRBJ2-1,ASSNPSGSKDNEQF,1
TRBV7-9,TRBJ2-1,ASSNPSGSYNEQF,1
TRBV7-9,TRBJ2-1,ASSNPSGTETYNEQF,4
TRBV7-9,TRBJ2-1,ASSNPSGYNEQF,1
TRBV7-9,TRBJ2-1,ASSNPSLGDEQF,1
TRBV7-9,TRBJ2-1,ASSNPSNEQF,16
TRBV7-9,TRBJ2-1,ASSNPSPGPKEFHEQF,1
TRBV7-9,TRBJ2-1,ASSNPSPRGTVNEQF,10
TRBV7-9,TRBJ2-1,ASSNPSRSYNEQF,1
TRBV7-9,TRBJ2-1,ASSNPSSDEQF,1
TRBV7-9,TRBJ2-1,ASSNPSSLPFNFNEQF,4
TRBV7-9,TRBJ2-1,ASSNPSSSYNEQF,1
TRBV7-9,TRBJ2-1,ASSNPSSYNEQF,1
TRBV7-9,TRBJ2-1,ASSNPSYEQF,1
TRBV7-9,TRBJ2-1,ASSNPTASGRAYSYNDQF,1
TRBV7-9,TRBJ2-1,ASSNPTASGRAYSYNEQF,12
TRBV7-9,TRBJ2-1,ASSNPTDYNEQF,1
TRBV7-9,TRBJ2-1,ASSNPTGLAGYNEQF,1
TRBV7-9,TRBJ2-1,ASSNPTGPSNNEQF,1
TRBV7-9,TRBJ2-1,ASSNPTGPYNEQF,2
TRBV7-9,TRBJ2-1,ASSNPTGQVYNEQF,1
TRBV7-9,TRBJ2-1,ASSNPTGSSYNEQF,1
TRBV7-9,TRBJ2-1,ASSNPTGTNEQF,14
TRBV7-9,TRBJ2-1,ASSNPTGVHEQF,3
TRBV7-9,TRBJ2-1,ASSNPTGVSYNEQF,1
TRBV7-9,TRBJ2-1,ASSNPTGYNEQF,1
TRBV7-9,TRBJ2-1,ASSNPTMPYNEQF,1
TRBV7-9,TRBJ2-1,ASSNPTSEVGNEQF,4
TRBV7-9,TRBJ2-1,ASSNPTSGAYNEQF,1
TRBV7-9,TRBJ2-1,ASSNPTSGGNNEQF,1
TRBV7-9,TRBJ2-1,ASSNPTSGIYNEQF,1
TRBV7-9,TRBJ2-1,ASSNPTSGPVNEQF,1
TRBV7-9,TRBJ2-1,ASSNPTSGSAVNEQF,1
TRBV7-9,TRBJ2-1,ASSNPTSGSLANEQF,1
TRBV7-9,TRBJ2-1,ASSNPTSGSSYNEQF,1
TRBV7-9,TRBJ2-1,ASSNPTWLHEQF,1
TRBV7-9,TRBJ2-1,ASSNPVASSYNEQF,1
TRBV7-9,TRBJ2-1,ASSNPVGGALSYNEQF,14
TRBV7-9,TRBJ2-1,ASSNPVGGGSYNEQF,7
TRBV7-9,TRBJ2-1,ASSNPVGVGLGEISSYNEQF,1
TRBV7-9,TRBJ2-1,ASSNPVIAENSYNEQF,1
TRBV7-9,TRBJ2-1,ASSNPVRTGVYNEQF,1
TRBV7-9,TRBJ2-1,ASSNPVTGYNEQF,1
TRBV7-9,TRBJ2-1,ASSNPWAGGNYEQF,1
TRBV7-9,TRBJ2-1,ASSNPWGNIDEQF,3
TRBV7-9,TRBJ2-1,ASSNPWRDGYNEQL,1
TRBV7-9,TRBJ2-1,ASSNPWRDVYNEQC,1
TRBV7-9,TRBJ2-1,ASSNPWRDVYNEQF,36
TRBV7-9,TRBJ2-1,ASSNPWRDVYSEQF,1
TRBV7-9,TRBJ2-1,ASSNPWRGRNNEQF,1
TRBV7-9,TRBJ2-1,ASSNPWRNVYNEQF,1
TRBV7-9,TRBJ2-1,ASSNPWTGDNEQF,1
TRBV7-9,TRBJ2-1,ASSNPWTGYNEQF,1
TRBV7-9,TRBJ2-1,ASSNPYHYNEQF,2
TRBV7-9,TRBJ2-1,ASSNPYPEF,4
TRBV7-9,TRBJ2-1,ASSNPYREGYNEQF,1
TRBV7-9,TRBJ2-1,ASSNPYRVSTYNEQF,1
TRBV7-9,TRBJ2-1,ASSNPYYNEQF,1
TRBV7-9,TRBJ2-1,ASSNQAGLAYNEQF,1
TRBV7-9,TRBJ2-1,ASSNQAPHNEQF,1
TRBV7-9,TRBJ2-1,ASSNQAPYNEQF,11
TRBV7-9,TRBJ2-1,ASSNQDSSYNEQF,1
TRBV7-9,TRBJ2-1,ASSNQDSYNEQF,16
TRBV7-9,TRBJ2-1,ASSNQDSYNVQF,1
TRBV7-9,TRBJ2-1,ASSNQEGRNEQF,1
TRBV7-9,TRBJ2-1,ASSNQEYPGNEQF,1
TRBV7-9,TRBJ2-1,ASSNQFASGFYNEQF,1
TRBV7-9,TRBJ2-1,ASSNQGAGNEQF,1
TRBV7-9,TRBJ2-1,ASSNQGAGVYNEQF,1
TRBV7-9,TRBJ2-1,ASSNQGDEQF,3
TRBV7-9,TRBJ2-1,ASSNQGEDEQF,1
TRBV7-9,TRBJ2-1,ASSNQGEEQF,8
TRBV7-9,TRBJ2-1,ASSNQGEFNEQF,1
TRBV7-9,TRBJ2-1,ASSNQGGAVPSVEQF,4
TRBV7-9,TRBJ2-1,ASSNQGGDEQF,6
TRBV7-9,TRBJ2-1,ASSNQGGEGGSYNEQF,1
TRBV7-9,TRBJ2-1,ASSNQGGGPAGEQF,13
TRBV7-9,TRBJ2-1,ASSNQGGNEQF,1
TRBV7-9,TRBJ2-1,ASSNQGLVHYEQF,1
TRBV7-9,TRBJ2-1,ASSNQGLYNEQF,1
TRBV7-9,TRBJ2-1,ASSNQGNEQF,10
TRBV7-9,TRBJ2-1,ASSNQGNYNEQF,1
TRBV7-9,TRBJ2-1,ASSNQGPDNEQF,1
TRBV7-9,TRBJ2-1,ASSNQGPNNEQF,2
TRBV7-9,TRBJ2-1,ASSNQGQLNNEQF,1
TRBV7-9,TRBJ2-1,ASSNQGQNHNEQF,1
TRBV7-9,TRBJ2-1,ASSNQGQNNEQF,10
TRBV7-9,TRBJ2-1,ASSNQGQSYGTYNEQF,13
TRBV7-9,TRBJ2-1,ASSNQGQSYGTYNEQV,1
TRBV7-9,TRBJ2-1,ASSNQGRDEQF,1
TRBV7-9,TRBJ2-1,ASSNQGRVNEQF,1
TRBV7-9,TRBJ2-1,ASSNQGSGYEQF,1
TRBV7-9,TRBJ2-1,ASSNQGSRYNEQF,1
TRBV7-9,TRBJ2-1,ASSNQGSSYNEQF,12
TRBV7-9,TRBJ2-1,ASSNQGSYNEQF,1
TRBV7-9,TRBJ2-1,ASSNQGTGGGRAGEQL,1
TRBV7-9,TRBJ2-1,ASSNQGTGGGRDGEQF,26
TRBV7-9,TRBJ2-1,ASSNQINLGEQF,1
TRBV7-9,TRBJ2-1,ASSNQIPASSCNEQF,1
TRBV7-9,TRBJ2-1,ASSNQIPASSYNEQF,10
TRBV7-9,TRBJ2-1,ASSNQIPGTGAYNEQF,1
TRBV7-9,TRBJ2-1,ASSNQLADALNEQF,1
TRBV7-9,TRBJ2-1,ASSNQLAGGDEQF,3
TRBV7-9,TRBJ2-1,ASSNQLATSYNEQF,1
TRBV7-9,TRBJ2-1,ASSNQLGLALTNEQF,12
TRBV7-9,TRBJ2-1,ASSNQLLSTASYNEQF,1
TRBV7-9,TRBJ2-1,ASSNQLPRPDNEQF,1
TRBV7-9,TRBJ2-1,ASSNQLSGHPYNEQF,2
TRBV7-9,TRBJ2-1,ASSNQLSPYNEQF,6
TRBV7-9,TRBJ2-1,ASSNQLSTSGANEQF,1
TRBV7-9,TRBJ2-1,ASSNQNEQF,1
TRBV7-9,TRBJ2-1,ASSNQNNEQF,1
TRBV7-9,TRBJ2-1,ASSNQPAGPYNEQF,1
TRBV7-9,TRBJ2-1,ASSNQPGNEQF,3
TRBV7-9,TRBJ2-1,ASSNQPGQEQF,9
TRBV7-9,TRBJ2-1,ASSNQPGTAYNEQF,1
TRBV7-9,TRBJ2-1,ASSNQPGTPYNEQF,8
TRBV7-9,TRBJ2-1,ASSNQPTSGRASSYNEQF,2
TRBV7-9,TRBJ2-1,ASSNQQGSYNEQF,1
TRBV7-9,TRBJ2-1,ASSNQQTASYNEQF,1
TRBV7-9,TRBJ2-1,ASSNQQVGAVLDNEQF,1
TRBV7-9,TRBJ2-1,ASSNQREDDNEQF,1
TRBV7-9,TRBJ2-1,ASSNQREGRNEQF,10
TRBV7-9,TRBJ2-1,ASSNQRGGYNEQF,6
TRBV7-9,TRBJ2-1,ASSNQSGQEQF,1
TRBV7-9,TRBJ2-1,ASSNQTIAGVENEQF,1
TRBV7-9,TRBJ2-1,ASSNQTPWNEQF,11
TRBV7-9,TRBJ2-1,ASSNQTRYNAQF,2
TRBV7-9,TRBJ2-1,ASSNQTRYNEQF,12
TRBV7-9,TRBJ2-1,ASSNQVARGNYNEQF,1
TRBV7-9,TRBJ2-1,ASSNQVGALNEQF,1
TRBV7-9,TRBJ2-1,ASSNQVGGLNEQF,23
TRBV7-9,TRBJ2-1,ASSNQVGGRNEQF,1
TRBV7-9,TRBJ2-1,ASSNQVGLALTNEQF,1
TRBV7-9,TRBJ2-1,ASSNQWSVDEQF,1
TRBV7-9,TRBJ2-1,ASSNQYNEQF,13
TRBV7-9,TRBJ2-1,ASSNQYRGQRLGGRGDNEQF,1
TRBV7-9,TRBJ2-1,ASSNQYSYNEQF,1
TRBV7-9,TRBJ2-1,ASSNRADNEQF,1
TRBV7-9,TRBJ2-1,ASSNRAEYNEQF,1
TRBV7-9,TRBJ2-1,ASSNRAGEPYEQF,1
TRBV7-9,TRBJ2-1,ASSNRAGGRSYNEQF,1
TRBV7-9,TRBJ2-1,ASSNRAGQPPDNEQF,1
TRBV7-9,TRBJ2-1,ASSNRAGRGELF,1
TRBV7-9,TRBJ2-1,ASSNRAGSSYNEQF,1
TRBV7-9,TRBJ2-1,ASSNRAGTSGRSYNEQF,1
TRBV7-9,TRBJ2-1,ASSNRAGTYNEQF,1
TRBV7-9,TRBJ2-1,ASSNRAGVGNEQF,1
TRBV7-9,TRBJ2-1,ASSNRAGVIDEQF,12
TRBV7-9,TRBJ2-1,ASSNRALDGDEQF,3
TRBV7-9,TRBJ2-1,ASSNRALNLHEQF,1
TRBV7-9,TRBJ2-1,ASSNRAPADNEQF,1
TRBV7-9,TRBJ2-1,ASSNRAPGALYNEQF,1
TRBV7-9,TRBJ2-1,ASSNRAPPGLAASPSYNEQF,1
TRBV7-9,TRBJ2-1,ASSNRAPPYNEQF,14
TRBV7-9,TRBJ2-1,ASSNRAPPYTEQF,1
TRBV7-9,TRBJ2-1,ASSNRAPVSYNEQF,9
TRBV7-9,TRBJ2-1,ASSNRAQTSGVYNEQF,1
TRBV7-9,TRBJ2-1,ASSNRAREHNEQF,1
TRBV7-9,TRBJ2-1,ASSNRARGHNEQF,17
TRBV7-9,TRBJ2-1,ASSNRARVPNEQF,1
TRBV7-9,TRBJ2-1,ASSNRARYNEQF,1
TRBV7-9,TRBJ2-1,ASSNRASAL,1
TRBV7-9,TRBJ2-1,ASSNRASGRNEQF,1
TRBV7-9,TRBJ2-1,ASSNRASHYNEQF,1
TRBV7-9,TRBJ2-1,ASSNRATNEQF,1
TRBV7-9,TRBJ2-1,ASSNRATYNEQF,1
TRBV7-9,TRBJ2-1,ASSNRAVSYNEQF,6
TRBV7-9,TRBJ2-1,ASSNRAYSDNEQF,1
TRBV7-9,TRBJ2-1,ASSNRDAAL,1
TRBV7-9,TRBJ2-1,ASSNRDAGTNEQF,1
TRBV7-9,TRBJ2-1,ASSNRDASSYNEQF,1
TRBV7-9,TRBJ2-1,ASSNRDATYNEQF,1
TRBV7-9,TRBJ2-1,ASSNRDDQF,1
TRBV7-9,TRBJ2-1,ASSNRDDRNEQF,1
TRBV7-9,TRBJ2-1,ASSNRDEQF,12
TRBV7-9,TRBJ2-1,ASSNRDERPFATYNEQF,1
TRBV7-9,TRBJ2-1,ASSNRDFANEQF,1
TRBV7-9,TRBJ2-1,ASSNRDFHNEQF,8
TRBV7-9,TRBJ2-1,ASSNRDFNEQF,1
TRBV7-9,TRBJ2-1,ASSNRDFPDEQF,1
TRBV7-9,TRBJ2-1,ASSNRDFPYNEQF,1
TRBV7-9,TRBJ2-1,ASSNRDGGYNEQF,1
TRBV7-9,TRBJ2-1,ASSNRDGLDNEQF,1
TRBV7-9,TRBJ2-1,ASSNRDGLSYNEQF,1
TRBV7-9,TRBJ2-1,ASSNRDGLYNEQF,1
TRBV7-9,TRBJ2-1,ASSNRDGPPSSYNEQF,1
TRBV7-9,TRBJ2-1,ASSNRDGQGALNEQF,1
TRBV7-9,TRBJ2-1,ASSNRDGRSYNAQF,1
TRBV7-9,TRBJ2-1,ASSNRDGRSYNEEF,1
TRBV7-9,TRBJ2-1,ASSNRDGRSYNEQF,19
TRBV7-9,TRBJ2-1,ASSNRDGSYNEQF,1
TRBV7-9,TRBJ2-1,ASSNRDHLEQF,14
TRBV7-9,TRBJ2-1,ASSNRDHPEQF,1
TRBV7-9,TRBJ2-1,ASSNRDHPFNEKF,2
TRBV7-9,TRBJ2-1,ASSNRDHPFNEQF,14
TRBV7-9,TRBJ2-1,ASSNRDHPYNDQF,1
TRBV7-9,TRBJ2-1,ASSNRDHYNEQF,1
TRBV7-9,TRBJ2-1,ASSNRDLAL,1
TRBV7-9,TRBJ2-1,ASSNRDLALHEQF,1
TRBV7-9,TRBJ2-1,ASSNRDLTYNEQF,1
TRBV7-9,TRBJ2-1,ASSNRDNEQF,43
TRBV7-9,TRBJ2-1,ASSNRDNNEQF,1
TRBV7-9,TRBJ2-1,ASSNRDPAL,2
TRBV7-9,TRBJ2-1,ASSNRDPHNEQF,1
TRBV7-9,TRBJ2-1,ASSNRDPNNEQF,1
TRBV7-9,TRBJ2-1,ASSNRDPNPNEQF,1
TRBV7-9,TRBJ2-1,ASSNRDPNSYNEQF,1
TRBV7-9,TRBJ2-1,ASSNRDPPNEQF,2
TRBV7-9,TRBJ2-1,ASSNRDPSSYNEQF,7
TRBV7-9,TRBJ2-1,ASSNRDPSSYNEQV,1
TRBV7-9,TRBJ2-1,ASSNRDPVLNEQF,16
TRBV7-9,TRBJ2-1,ASSNRDRAYNEQF,4
TRBV7-9,TRBJ2-1,ASSNRDRDINEQF,6
TRBV7-9,TRBJ2-1,ASSNRDRDNEQF,9
TRBV7-9,TRBJ2-1,ASSNRDRDNNEQF,1
TRBV7-9,TRBJ2-1,ASSNRDRDYNEQF,1
TRBV7-9,TRBJ2-1,ASSNRDRENEQF,2
TRBV7-9,TRBJ2-1,ASSNRDREVGDEQF,1
TRBV7-9,TRBJ2-1,ASSNRDREVNEQF,13
TRBV7-9,TRBJ2-1,ASSNRDREVNGQF,1
TRBV7-9,TRBJ2-1,ASSNRDRGEQF,17
TRBV7-9,TRBJ2-1,ASSNRDRGFDEQF,1
TRBV7-9,TRBJ2-1,ASSNRDRGGYEQF,1
TRBV7-9,TRBJ2-1,ASSNRDRGHNEQF,3
TRBV7-9,TRBJ2-1,ASSNRDRGIMDEQF,1
TRBV7-9,TRBJ2-1,ASSNRDRGIRNEQF,1
TRBV7-9,TRBJ2-1,ASSNRDRGLDEQF,1
TRBV7-9,TRBJ2-1,ASSNRDRGLNEQF,7
TRBV7-9,TRBJ2-1,ASSNRDRGNEQF,2
TRBV7-9,TRBJ2-1,ASSNRDRGPNEQF,1
TRBV7-9,TRBJ2-1,ASSNRDRGPSYNEQF,1
TRBV7-9,TRBJ2-1,ASSNRDRGRDEQF,1
TRBV7-9,TRBJ2-1,ASSNRDRGRGEDEQF,1
TRBV7-9,TRBJ2-1,ASSNRDRGRHEQF,1
TRBV7-9,TRBJ2-1,ASSNRDRGRHNEQF,1
TRBV7-9,TRBJ2-1,ASSNRDRGRNEQF,1
TRBV7-9,TRBJ2-1,ASSNRDRGRYNEQF,1
TRBV7-9,TRBJ2-1,ASSNRDRGSDEQF,2
TRBV7-9,TRBJ2-1,ASSNRDRGSHEQF,1
TRBV7-9,TRBJ2-1,ASSNRDRGSNEQF,1
TRBV7-9,TRBJ2-1,ASSNRDRGSPYNEQF,1
TRBV7-9,TRBJ2-1,ASSNRDRGSRDEQC,1
TRBV7-9,TRBJ2-1,ASSNRDRGSRDEQF,17
TRBV7-9,TRBJ2-1,ASSNRDRGSYNEQF,1
TRBV7-9,TRBJ2-1,ASSNRDRGTEQF,9
TRBV7-9,TRBJ2-1,ASSNRDRGTYNEQF,1
TRBV7-9,TRBJ2-1,ASSNRDRGVNEQF,1
TRBV7-9,TRBJ2-1,ASSNRDRGYNEQF,4
TRBV7-9,TRBJ2-1,ASSNRDRLFNEQF,1
TRBV7-9,TRBJ2-1,ASSNRDRNTYNEQF,1
TRBV7-9,TRBJ2-1,ASSNRDRPTNEQF,1
TRBV7-9,TRBJ2-1,ASSNRDRPYNEQF,3
TRBV7-9,TRBJ2-1,ASSNRDRRYNEQF,1
TRBV7-9,TRBJ2-1,ASSNRDRSYNEQF,2
TRBV7-9,TRBJ2-1,ASSNRDRTNAQF,1
TRBV7-9,TRBJ2-1,ASSNRDRTNEQF,14
TRBV7-9,TRBJ2-1,ASSNRDRTYNEQF,2
TRBV7-9,TRBJ2-1,ASSNRDRVANEQF,1
TRBV7-9,TRBJ2-1,ASSNRDRVDNEQF,8
TRBV7-9,TRBJ2-1,ASSNRDRVENEQF,1
TRBV7-9,TRBJ2-1,ASSNRDRVINEQF,1
TRBV7-9,TRBJ2-1,ASSNRDRVNEQF,7
TRBV7-9,TRBJ2-1,ASSNRDRVNNEQF,1
TRBV7-9,TRBJ2-1,ASSNRDRVPNEQF,8
TRBV7-9,TRBJ2-1,ASSNRDRVQNEQF,1
TRBV7-9,TRBJ2-1,ASSNRDRVSYNEQF,1
TRBV7-9,TRBJ2-1,ASSNRDRVVNEQF,1
TRBV7-9,TRBJ2-1,ASSNRDRVYNEQF,2
TRBV7-9,TRBJ2-1,ASSNRDSAH,1
TRBV7-9,TRBJ2-1,ASSNRDSAL,184
TRBV7-9,TRBJ2-1,ASSNRDSAR,2
TRBV7-9,TRBJ2-1,ASSNRDSAYNEQF,16
TRBV7-9,TRBJ2-1,ASSNRDSDNEQF,11
TRBV7-9,TRBJ2-1,ASSNRDSDNKQF,1
TRBV7-9,TRBJ2-1,ASSNRDSEL,1
TRBV7-9,TRBJ2-1,ASSNRDSFSYNEQF,1
TRBV7-9,TRBJ2-1,ASSNRDSLSNEQF,1
TRBV7-9,TRBJ2-1,ASSNRDSLYNEQF,2
TRBV7-9,TRBJ2-1,ASSNRDSPWNNEQF,1
TRBV7-9,TRBJ2-1,ASSNRDSPYNEQF,2
TRBV7-9,TRBJ2-1,ASSNRDSSVDEQF,1
TRBV7-9,TRBJ2-1,ASSNRDSSYNEQF,9
TRBV7-9,TRBJ2-1,ASSNRDSTYNEQF,2
TRBV7-9,TRBJ2-1,ASSNRDSVL,1
TRBV7-9,TRBJ2-1,ASSNRDSYNEQF,4
TRBV7-9,TRBJ2-1,ASSNRDSYTSSSYNEQF,1
TRBV7-9,TRBJ2-1,ASSNRDTLTNEQF,1
TRBV7-9,TRBJ2-1,ASSNRDTQYNEQF,1
TRBV7-9,TRBJ2-1,ASSNRDTSYNEQF,1
TRBV7-9,TRBJ2-1,ASSNRDTTYDEQF,1
TRBV7-9,TRBJ2-1,ASSNRDTTYNEQF,12
TRBV7-9,TRBJ2-1,ASSNRDTYNEQF,1
TRBV7-9,TRBJ2-1,ASSNRDWNEQF,1
TRBV7-9,TRBJ2-1,ASSNRDWPNEQF,9
TRBV7-9,TRBJ2-1,ASSNRDWSSYNEQF,1
TRBV7-9,TRBJ2-1,ASSNRDWTNEQF,5
TRBV7-9,TRBJ2-1,ASSNRDYGNNEQF,1
TRBV7-9,TRBJ2-1,ASSNRDYLDEQF,9
TRBV7-9,TRBJ2-1,ASSNRDYNEQF,2
TRBV7-9,TRBJ2-1,ASSNRDYRANEQF,1
TRBV7-9,TRBJ2-1,ASSNRDYRSKEQF,1
TRBV7-9,TRBJ2-1,ASSNRDYRSNEQC,1
TRBV7-9,TRBJ2-1,ASSNRDYRSNEQF,84
TRBV7-9,TRBJ2-1,ASSNRDYRSNEQV,1
TRBV7-9,TRBJ2-1,ASSNRDYRSYEQF,1
TRBV7-9,TRBJ2-1,ASSNRDYSDEQF,1
TRBV7-9,TRBJ2-1,ASSNRDYYNEQF,2
TRBV7-9,TRBJ2-1,ASSNREASYNEQF,3
TRBV7-9,TRBJ2-1,ASSNREDPNEQF,1
TRBV7-9,TRBJ2-1,ASSNREGAQF,1
TRBV7-9,TRBJ2-1,ASSNREGEQF,15
TRBV7-9,TRBJ2-1,ASSNREGERF,1
TRBV7-9,TRBJ2-1,ASSNREGGNEQF,1
TRBV7-9,TRBJ2-1,ASSNREGLGNEQF,1
TRBV7-9,TRBJ2-1,ASSNREGLYNEQF,1
TRBV7-9,TRBJ2-1,ASSNREGTERSSYNEQF,1
TRBV7-9,TRBJ2-1,ASSNREGVLNEQF,1
TRBV7-9,TRBJ2-1,ASSNRELPNEQF,1
TRBV7-9,TRBJ2-1,ASSNRELPNNEQF,1
TRBV7-9,TRBJ2-1,ASSNRENEQF,2
TRBV7-9,TRBJ2-1,ASSNRENLGSSSDEQF,1
TRBV7-9,TRBJ2-1,ASSNREPGEQF,9
TRBV7-9,TRBJ2-1,ASSNRERGLNEQF,1
TRBV7-9,TRBJ2-1,ASSNRERRGDNEQF,1
TRBV7-9,TRBJ2-1,ASSNRESAL,1
TRBV7-9,TRBJ2-1,ASSNRESSYNAQF,1
TRBV7-9,TRBJ2-1,ASSNRESYNEQF,1
TRBV7-9,TRBJ2-1,ASSNRETAYNEQF,1
TRBV7-9,TRBJ2-1,ASSNRETPYNEQF,1
TRBV7-9,TRBJ2-1,ASSNRETRYNEQF,5
TRBV7-9,TRBJ2-1,ASSNRETYNEQF,3
TRBV7-9,TRBJ2-1,ASSNREVGNEQF,1
TRBV7-9,TRBJ2-1,ASSNREYNEQF,1
TRBV7-9,TRBJ2-1,ASSNREYRSNEQF,1
TRBV7-9,TRBJ2-1,ASSNRFDEQF,1
TRBV7-9,TRBJ2-1,ASSNRFGSYNEQF,1
TRBV7-9,TRBJ2-1,ASSNRFLSSYNEQF,1
TRBV7-9,TRBJ2-1,ASSNRFRDRAYNEQF,13
TRBV7-9,TRBJ2-1,ASSNRGAGYDNEQF,1
TRBV7-9,TRBJ2-1,ASSNRGALPYNEQF,1
TRBV7-9,TRBJ2-1,ASSNRGAYNEQF,1
TRBV7-9,TRBJ2-1,ASSNRGCEQF,1
TRBV7-9,TRBJ2-1,ASSNRGDFTNEQF,1
TRBV7-9,TRBJ2-1,ASSNRGDNEQF,3
TRBV7-9,TRBJ2-1,ASSNRGDYNEQF,4
TRBV7-9,TRBJ2-1,ASSNRGEFYNEQF,5
TRBV7-9,TRBJ2-1,ASSNRGEIYNEQF,5
TRBV7-9,TRBJ2-1,ASSNRGEYYNEQF,1
TRBV7-9,TRBJ2-1,ASSNRGFEQF,16
TRBV7-9,TRBJ2-1,ASSNRGFGDEQF,1
TRBV7-9,TRBJ2-1,ASSNRGFSSYNEQF,1
TRBV7-9,TRBJ2-1,ASSNRGGLTYNEQF,16
TRBV7-9,TRBJ2-1,ASSNRGGNEQF,2
TRBV7-9,TRBJ2-1,ASSNRGGPAGSYNEQF,1
TRBV7-9,TRBJ2-1,ASSNRGGPRNNEQF,1
TRBV7-9,TRBJ2-1,ASSNRGGSSYNEQF,2
TRBV7-9,TRBJ2-1,ASSNRGGSYNEQF,18
TRBV7-9,TRBJ2-1,ASSNRGGYNEQF,1
TRBV7-9,TRBJ2-1,ASSNRGHSYNEQF,1
TRBV7-9,TRBJ2-1,ASSNRGIPYNEQF,15
TRBV7-9,TRBJ2-1,ASSNRGIYNEQF,1
TRBV7-9,TRBJ2-1,ASSNRGKGIYNEQF,1
TRBV7-9,TRBJ2-1,ASSNRGLAGINEQF,1
TRBV7-9,TRBJ2-1,ASSNRGLAGYNEQF,1
TRBV7-9,TRBJ2-1,ASSNRGLHYNEQF,1
TRBV7-9,TRBJ2-1,ASSNRGNEQF,1
TRBV7-9,TRBJ2-1,ASSNRGNNEQF,1
TRBV7-9,TRBJ2-1,ASSNRGPPTYNEQF,1
TRBV7-9,TRBJ2-1,ASSNRGQAHNEQF,1
TRBV7-9,TRBJ2-1,ASSNRGQGKLMYNEQF,1
TRBV7-9,TRBJ2-1,ASSNRGQGTTYNEQF,1
TRBV7-9,TRBJ2-1,ASSNRGQGVYNEQF,11
TRBV7-9,TRBJ2-1,ASSNRGQNDEQF,11
TRBV7-9,TRBJ2-1,ASSNRGQNYNEQF,1
TRBV7-9,TRBJ2-1,ASSNRGRGRLGNEQF,1
TRBV7-9,TRBJ2-1,ASSNRGRGSRDEQF,1
TRBV7-9,TRBJ2-1,ASSNRGRGSSYNEQF,1
TRBV7-9,TRBJ2-1,ASSNRGRSYNEQF,1
TRBV7-9,TRBJ2-1,ASSNRGRTNAQF,3
TRBV7-9,TRBJ2-1,ASSNRGRTNEQF,16
TRBV7-9,TRBJ2-1,ASSNRGRTNGQF,1
TRBV7-9,TRBJ2-1,ASSNRGSANEQF,1
TRBV7-9,TRBJ2-1,ASSNRGSEEQF,4
TRBV7-9,TRBJ2-1,ASSNRGSFNELF,1
TRBV7-9,TRBJ2-1,ASSNRGSFNEQF,11
TRBV7-9,TRBJ2-1,ASSNRGSGRIGDEQF,1
TRBV7-9,TRBJ2-1,ASSNRGSGSSYNEQF,1
TRBV7-9,TRBJ2-1,ASSNRGSGYDNEQF,19
TRBV7-9,TRBJ2-1,ASSNRGSGYDNVQF,2
TRBV7-9,TRBJ2-1,ASSNRGSRYAEVGYNEQF,1
TRBV7-9,TRBJ2-1,ASSNRGSSYNEQC,1
TRBV7-9,TRBJ2-1,ASSNRGSSYNEQF,13
TRBV7-9,TRBJ2-1,ASSNRGSYNEQF,5
TRBV7-9,TRBJ2-1,ASSNRGTAFNEQF,1
TRBV7-9,TRBJ2-1,ASSNRGTANNEHF,1
TRBV7-9,TRBJ2-1,ASSNRGTANNEQF,9
TRBV7-9,TRBJ2-1,ASSNRGTNNGQF,2
TRBV7-9,TRBJ2-1,ASSNRGTSGPTEYEQF,4
TRBV7-9,TRBJ2-1,ASSNRGTSGRPPLSYNEQF,1
TRBV7-9,TRBJ2-1,ASSNRGTTYNEQF,1
TRBV7-9,TRBJ2-1,ASSNRGTYNEQF,9
TRBV7-9,TRBJ2-1,ASSNRGVEAGGYNEQF,1
TRBV7-9,TRBJ2-1,ASSNRGVGYNEQF,17
TRBV7-9,TRBJ2-1,ASSNRGVGYNNQF,1
TRBV7-9,TRBJ2-1,ASSNRGYGENEQF,1
TRBV7-9,TRBJ2-1,ASSNRGYNEQF,5
TRBV7-9,TRBJ2-1,ASSNRHFHNEQF,1
TRBV7-9,TRBJ2-1,ASSNRHRGLNNEQF,5
TRBV7-9,TRBJ2-1,ASSNRHSAL,1
TRBV7-9,TRBJ2-1,ASSNRIAGGYNEQF,10
TRBV7-9,TRBJ2-1,ASSNRIPGNEQF,1
TRBV7-9,TRBJ2-1,ASSNRIRDRAYNEQF,1
TRBV7-9,TRBJ2-1,ASSNRIVYNEQF,1
TRBV7-9,TRBJ2-1,ASSNRKDNEQF,1
TRBV7-9,TRBJ2-1,ASSNRKGRSSYNEQF,1
TRBV7-9,TRBJ2-1,ASSNRKTGRILTEQF,4
TRBV7-9,TRBJ2-1,ASSNRLAAPYNEQF,1
TRBV7-9,TRBJ2-1,ASSNRLAETNEQF,2
TRBV7-9,TRBJ2-1,ASSNRLAEYNDQF,1
TRBV7-9,TRBJ2-1,ASSNRLAEYNEQF,12
TRBV7-9,TRBJ2-1,ASSNRLAGAHEQF,1
TRBV7-9,TRBJ2-1,ASSNRLAGALAEQF,3
TRBV7-9,TRBJ2-1,ASSNRLAGARLNEQF,1
TRBV7-9,TRBJ2-1,ASSNRLAGDLVSYNEQF,1
TRBV7-9,TRBJ2-1,ASSNRLAGDNEQF,3
TRBV7-9,TRBJ2-1,ASSNRLAGDSYNEQF,1
TRBV7-9,TRBJ2-1,ASSNRLAGENNEQF,1
TRBV7-9,TRBJ2-1,ASSNRLAGGGDEQF,1
TRBV7-9,TRBJ2-1,ASSNRLAGGNEQF,1
TRBV7-9,TRBJ2-1,ASSNRLAGGPNEQF,22
TRBV7-9,TRBJ2-1,ASSNRLAGGSNEQF,1
TRBV7-9,TRBJ2-1,ASSNRLAGGYNEQF,4
TRBV7-9,TRBJ2-1,ASSNRLAGLPGDEQF,1
TRBV7-9,TRBJ2-1,ASSNRLAGQYNEQF,1
TRBV7-9,TRBJ2-1,ASSNRLAGSLIDEQF,1
TRBV7-9,TRBJ2-1,ASSNRLAGVDEQF,1
TRBV7-9,TRBJ2-1,ASSNRLAGVSYNEQF,1
TRBV7-9,TRBJ2-1,ASSNRLAGYNEQF,1
TRBV7-9,TRBJ2-1,ASSNRLANNEQF,1
TRBV7-9,TRBJ2-1,ASSNRLAPNDEQF,7
TRBV7-9,TRBJ2-1,ASSNRLAPPNNEQF,1
TRBV7-9,TRBJ2-1,ASSNRLASSYNEQF,1
TRBV7-9,TRBJ2-1,ASSNRLASYNEQF,2
TRBV7-9,TRBJ2-1,ASSNRLAVTYNEQF,1
TRBV7-9,TRBJ2-1,ASSNRLDHEQF,5
TRBV7-9,TRBJ2-1,ASSNRLDRHNEQF,1
TRBV7-9,TRBJ2-1,ASSNRLESYNEKF,1
TRBV7-9,TRBJ2-1,ASSNRLEWYNEQF,1
TRBV7-9,TRBJ2-1,ASSNRLFGTSGSPLNEQF,1
TRBV7-9,TRBJ2-1,ASSNRLGGGDEQF,1
TRBV7-9,TRBJ2-1,ASSNRLGNEQF,1
TRBV7-9,TRBJ2-1,ASSNRLGPAFNEQF,3
TRBV7-9,TRBJ2-1,ASSNRLGRAFNEQF,1
TRBV7-9,TRBJ2-1,ASSNRLGSYNEQF,5
TRBV7-9,TRBJ2-1,ASSNRLKKDNEQF,1
TRBV7-9,TRBJ2-1,ASSNRLRGAGSYNEQF,1
TRBV7-9,TRBJ2-1,ASSNRLRGGNEQF,1
TRBV7-9,TRBJ2-1,ASSNRLSSYNEQF,3
TRBV7-9,TRBJ2-1,ASSNRLTLCNEQF,1
TRBV7-9,TRBJ2-1,ASSNRLTLGNEQF,4
TRBV7-9,TRBJ2-1,ASSNRLVGGPGNEQF,6
TRBV7-9,TRBJ2-1,ASSNRLVGGPVNEQF,1
TRBV7-9,TRBJ2-1,ASSNRLVHPYNEQF,2
TRBV7-9,TRBJ2-1,ASSNRMRGRDGQF,1
TRBV7-9,TRBJ2-1,ASSNRMTGNEQF,1
TRBV7-9,TRBJ2-1,ASSNRNDNEQF,11
TRBV7-9,TRBJ2-1,ASSNRNNEQF,1
TRBV7-9,TRBJ2-1,ASSNRNPLGREWGYNEQF,6
TRBV7-9,TRBJ2-1,ASSNRNRYNEQF,1
TRBV7-9,TRBJ2-1,ASSNRNSAL,2
TRBV7-9,TRBJ2-1,ASSNRPGDNEQF,1
TRBV7-9,TRBJ2-1,ASSNRPGLAVYNEQF,10
TRBV7-9,TRBJ2-1,ASSNRPGQRYNEQF,16
TRBV7-9,TRBJ2-1,ASSNRPGTGGSGEQF,11
TRBV7-9,TRBJ2-1,ASSNRPGTGGSGGQF,1
TRBV7-9,TRBJ2-1,ASSNRPGTSEYNEQF,4
TRBV7-9,TRBJ2-1,ASSNRPLGPVNEQF,1
TRBV7-9,TRBJ2-1,ASSNRPLPDYNEQF,1
TRBV7-9,TRBJ2-1,ASSNRPQGADEQF,1
TRBV7-9,TRBJ2-1,ASSNRPQGTSYNEQF,1
TRBV7-9,TRBJ2-1,ASSNRPREAYNEQF,1
TRBV7-9,TRBJ2-1,ASSNRPRTGVYNEQF,1
TRBV7-9,TRBJ2-1,ASSNRPSGTYNEQF,1
TRBV7-9,TRBJ2-1,ASSNRPSSYNEQF,1
TRBV7-9,TRBJ2-1,ASSNRPTNEQF,1
TRBV7-9,TRBJ2-1,ASSNRPVTYNEQF,1
TRBV7-9,TRBJ2-1,ASSNRPYNEQF,1
TRBV7-9,TRBJ2-1,ASSNRQALYNEHF,1
TRBV7-9,TRBJ2-1,ASSNRQALYNEQF,6
TRBV7-9,TRBJ2-1,ASSNRQALYNEQL,1
TRBV7-9,TRBJ2-1,ASSNRQAYNEQF,1
TRBV7-9,TRBJ2-1,ASSNRQEGYNEQF,1
TRBV7-9,TRBJ2-1,ASSNRQGAENEQF,1
TRBV7-9,TRBJ2-1,ASSNRQGANYNEQF,12
TRBV7-9,TRBJ2-1,ASSNRQGASHEQF,1
TRBV7-9,TRBJ2-1,ASSNRQGASVRNEQF,1
TRBV7-9,TRBJ2-1,ASSNRQGASYNEQF,1
TRBV7-9,TRBJ2-1,ASSNRQGATYNEQF,1
TRBV7-9,TRBJ2-1,ASSNRQGAYYNEQF,1
TRBV7-9,TRBJ2-1,ASSNRQGDEQF,10
TRBV7-9,TRBJ2-1,ASSNRQGFDNNEQF,1
TRBV7-9,TRBJ2-1,ASSNRQGGKNEQF,9
TRBV7-9,TRBJ2-1,ASSNRQGGMNEQF,1
TRBV7-9,TRBJ2-1,ASSNRQGGTYNEQF,1
TRBV7-9,TRBJ2-1,ASSNRQGGTYNEQV,1
TRBV7-9,TRBJ2-1,ASSNRQGHEQF,1
TRBV7-9,TRBJ2-1,ASSNRQGIHEQF,1
TRBV7-9,TRBJ2-1,ASSNRQGLSYNEQF,1
TRBV7-9,TRBJ2-1,ASSNRQGMRNEQF,5
TRBV7-9,TRBJ2-1,ASSNRQGNEQF,10
TRBV7-9,TRBJ2-1,ASSNRQGPKYEQF,1
TRBV7-9,TRBJ2-1,ASSNRQGRGLNEQF,4
TRBV7-9,TRBJ2-1,ASSNRQGSNEQF,3
TRBV7-9,TRBJ2-1,ASSNRQGSSYNEQF,2
TRBV7-9,TRBJ2-1,ASSNRQGSYNEQF,1
TRBV7-9,TRBJ2-1,ASSNRQGTENEQF,29
TRBV7-9,TRBJ2-1,ASSNRQGTGNEQF,1
TRBV7-9,TRBJ2-1,ASSNRQGTYNEQF,1
TRBV7-9,TRBJ2-1,ASSNRQGVRSYNEQF,1
TRBV7-9,TRBJ2-1,ASSNRQGVYENEQF,7
TRBV7-9,TRBJ2-1,ASSNRQGVYNEQF,1
TRBV7-9,TRBJ2-1,ASSNRQGYNEQF,2
TRBV7-9,TRBJ2-1,ASSNRQRGLNNEEI,1
TRBV7-9,TRBJ2-1,ASSNRQRNEQF,1
TRBV7-9,TRBJ2-1,ASSNRQRTASNEQF,1
TRBV7-9,TRBJ2-1,ASSNRQYNEQF,1
TRBV7-9,TRBJ2-1,ASSNRRDSYYNEQF,1
TRBV7-9,TRBJ2-1,ASSNRRDTGNEQF,1
TRBV7-9,TRBJ2-1,ASSNRREDSYNEQF,1
TRBV7-9,TRBJ2-1,ASSNRREGANEQF,1
TRBV7-9,TRBJ2-1,ASSNRRELVGNEQF,1
TRBV7-9,TRBJ2-1,ASSNRRFDRAVDNEQF,1
TRBV7-9,TRBJ2-1,ASSNRRGEKNEQF,1
TRBV7-9,TRBJ2-1,ASSNRRGGNNEQF,1
TRBV7-9,TRBJ2-1,ASSNRRGTSYNEQF,12
TRBV7-9,TRBJ2-1,ASSNRRPFSSYNEQF,1
TRBV7-9,TRBJ2-1,ASSNRRRAAYNEQF,1
TRBV7-9,TRBJ2-1,ASSNRRSQYIASSGNEQF,4
TRBV7-9,TRBJ2-1,ASSNRRTGGPGDEQF,7
TRBV7-9,TRBJ2-1,ASSNRRTGVENEQF,11
TRBV7-9,TRBJ2-1,ASSNRRTRSDNEQF,1
TRBV7-9,TRBJ2-1,ASSNRRVSPYNEQF,1
TRBV7-9,TRBJ2-1,ASSNRRVTENNEQF,1
TRBV7-9,TRBJ2-1,ASSNRRYNEQF,4
TRBV7-9,TRBJ2-1,ASSNRSPLSSYNEQF,1
TRBV7-9,TRBJ2-1,ASSNRSQGNEQF,1
TRBV7-9,TRBJ2-1,ASSNRSTDTYNEQF,1
TRBV7-9,TRBJ2-1,ASSNRSYNEQF,2
TRBV7-9,TRBJ2-1,ASSNRTAATYNEQF,1
TRBV7-9,TRBJ2-1,ASSNRTGAYEQF,1
TRBV7-9,TRBJ2-1,ASSNRTGAYNEQF,1
TRBV7-9,TRBJ2-1,ASSNRTGEQF,14
TRBV7-9,TRBJ2-1,ASSNRTGLSNEQF,1
TRBV7-9,TRBJ2-1,ASSNRTGQLQF,11
TRBV7-9,TRBJ2-1,ASSNRTGVFGNEQF,1
TRBV7-9,TRBJ2-1,ASSNRTGVYKEQF,1
TRBV7-9,TRBJ2-1,ASSNRTGVYNEQF,12
TRBV7-9,TRBJ2-1,ASSNRTRDNEQF,1
TRBV7-9,TRBJ2-1,ASSNRTRGRDKPF,1
TRBV7-9,TRBJ2-1,ASSNRTSAEGDEQF,1
TRBV7-9,TRBJ2-1,ASSNRTSGHYNEQF,9
TRBV7-9,TRBJ2-1,ASSNRTSGIYNEQF,1
TRBV7-9,TRBJ2-1,ASSNRTSGPYNEQF,1
TRBV7-9,TRBJ2-1,ASSNRTSGRDEQF,2
TRBV7-9,TRBJ2-1,ASSNRTSGRNEQF,1
TRBV7-9,TRBJ2-1,ASSNRTSGRYEQF,1
TRBV7-9,TRBJ2-1,ASSNRTSGSGNEQF,1
TRBV7-9,TRBJ2-1,ASSNRTSGSLNEQF,1
TRBV7-9,TRBJ2-1,ASSNRTSGSRNEQF,17
TRBV7-9,TRBJ2-1,ASSNRTSGSYNEQF,7
TRBV7-9,TRBJ2-1,ASSNRTSGTYNEQF,8
TRBV7-9,TRBJ2-1,ASSNRTSHEQF,1
TRBV7-9,TRBJ2-1,ASSNRTSRSYNEQF,1
TRBV7-9,TRBJ2-1,ASSNRTSWYNEQF,1
TRBV7-9,TRBJ2-1,ASSNRTVNNEQF,1
TRBV7-9,TRBJ2-1,ASSNRTVTSGSVEQF,1
TRBV7-9,TRBJ2-1,ASSNRTWLGNEQF,1
TRBV7-9,TRBJ2-1,ASSNRVAGVHEQF,2
TRBV7-9,TRBJ2-1,ASSNRVDEQF,1
TRBV7-9,TRBJ2-1,ASSNRVDNEQF,1
TRBV7-9,TRBJ2-1,ASSNRVDRESGNEQF,1
TRBV7-9,TRBJ2-1,ASSNRVGGTRENNEQF,1
TRBV7-9,TRBJ2-1,ASSNRVGLAGISYNEQF,1
TRBV7-9,TRBJ2-1,ASSNRVGSDNEQF,1
TRBV7-9,TRBJ2-1,ASSNRVGYNEQF,1
TRBV7-9,TRBJ2-1,ASSNRVGYPRYNEQF,1
TRBV7-9,TRBJ2-1,ASSNRVHEQF,1
TRBV7-9,TRBJ2-1,ASSNRVHPFNEQF,1
TRBV7-9,TRBJ2-1,ASSNRVIEF,4
TRBV7-9,TRBJ2-1,ASSNRVIPYNEQF,1
TRBV7-9,TRBJ2-1,ASSNRVLDEQF,1
TRBV7-9,TRBJ2-1,ASSNRVLNNEQF,7
TRBV7-9,TRBJ2-1,ASSNRVMISYNEQF,1
TRBV7-9,TRBJ2-1,ASSNRVNEQF,1
TRBV7-9,TRBJ2-1,ASSNRVPSYNEQF,1
TRBV7-9,TRBJ2-1,ASSNRVSGSDEQF,1
TRBV7-9,TRBJ2-1,ASSNRVSVRDEQF,1
TRBV7-9,TRBJ2-1,ASSNRVSVSDEQF,12
TRBV7-9,TRBJ2-1,ASSNRVSYNEQF,13
TRBV7-9,TRBJ2-1,ASSNRVTGYQHYNEKF,1
TRBV7-9,TRBJ2-1,ASSNRVTGYQPYNEQF,5
TRBV7-9,TRBJ2-1,ASSNRVVRNEQF,1
TRBV7-9,TRBJ2-1,ASSNRVYNEQF,1
TRBV7-9,TRBJ2-1,ASSNRWADRGNEQF,1
TRBV7-9,TRBJ2-1,ASSNRWDSAGSSYNEQF,1
TRBV7-9,TRBJ2-1,ASSNRWRDGAYNEQF,4
TRBV7-9,TRBJ2-1,ASSNRYNEQF,1
TRBV7-9,TRBJ2-1,ASSNRYSPRNYEQF,1
TRBV7-9,TRBJ2-1,ASSNSAASGKQHEQF,1
TRBV7-9,TRBJ2-1,ASSNSAEPYNEQF,1
TRBV7-9,TRBJ2-1,ASSNSAGAHEQF,14
TRBV7-9,TRBJ2-1,ASSNSAGDLTNEQF,1
TRBV7-9,TRBJ2-1,ASSNSANEQF,2
TRBV7-9,TRBJ2-1,ASSNSAPYNEQF,1
TRBV7-9,TRBJ2-1,ASSNSATANLNEQF,1
TRBV7-9,TRBJ2-1,ASSNSAVSYNEQF,3
TRBV7-9,TRBJ2-1,ASSNSDGELDRGNDQF,1
TRBV7-9,TRBJ2-1,ASSNSDGTSSVNEQF,5
TRBV7-9,TRBJ2-1,ASSNSDNEQF,1
TRBV7-9,TRBJ2-1,ASSNSDRGLANEQF,8
TRBV7-9,TRBJ2-1,ASSNSDRGYNEQF,1
TRBV7-9,TRBJ2-1,ASSNSDRRNEQF,1
TRBV7-9,TRBJ2-1,ASSNSDSPSSYNEQF,1
TRBV7-9,TRBJ2-1,ASSNSEANNEQF,16
TRBV7-9,TRBJ2-1,ASSNSEGNEQF,1
TRBV7-9,TRBJ2-1,ASSNSEGTGNNEQF,1
TRBV7-9,TRBJ2-1,ASSNSEGYNEQF,3
TRBV7-9,TRBJ2-1,ASSNSESSYNEQF,1
TRBV7-9,TRBJ2-1,ASSNSEYNEQF,1
TRBV7-9,TRBJ2-1,ASSNSFGNEQF,2
TRBV7-9,TRBJ2-1,ASSNSFGPLGHNEQF,1
TRBV7-9,TRBJ2-1,ASSNSFGSSYNEQF,1
TRBV7-9,TRBJ2-1,ASSNSFVHNEQF,1
TRBV7-9,TRBJ2-1,ASSNSGADSYNEQF,2
TRBV7-9,TRBJ2-1,ASSNSGASGPTYNEQF,1
TRBV7-9,TRBJ2-1,ASSNSGASYNEQF,2
TRBV7-9,TRBJ2-1,ASSNSGDEQF,1
TRBV7-9,TRBJ2-1,ASSNSGDNEQF,7
TRBV7-9,TRBJ2-1,ASSNSGDPSYNEQF,1
TRBV7-9,TRBJ2-1,ASSNSGDRDEQF,16
TRBV7-9,TRBJ2-1,ASSNSGDSYNEQF,1
TRBV7-9,TRBJ2-1,ASSNSGEPDNEQF,1
TRBV7-9,TRBJ2-1,ASSNSGFHNEQF,12
TRBV7-9,TRBJ2-1,ASSNSGFPNEQF,1
TRBV7-9,TRBJ2-1,ASSNSGGAEAEQF,1
TRBV7-9,TRBJ2-1,ASSNSGGAGREQF,9
TRBV7-9,TRBJ2-1,ASSNSGGAGSYNEQF,4
TRBV7-9,TRBJ2-1,ASSNSGGAGVNEQF,2
TRBV7-9,TRBJ2-1,ASSNSGGAPSYNEQF,15
TRBV7-9,TRBJ2-1,ASSNSGGARNEQF,6
TRBV7-9,TRBJ2-1,ASSNSGGAYNEQF,1
TRBV7-9,TRBJ2-1,ASSNSGGEQF,12
TRBV7-9,TRBJ2-1,ASSNSGGFDNEQF,1
TRBV7-9,TRBJ2-1,ASSNSGGFYNEQF,6
TRBV7-9,TRBJ2-1,ASSNSGGGEQF,2
TRBV7-9,TRBJ2-1,ASSNSGGGI,9
TRBV7-9,TRBJ2-1,ASSNSGGGNEQF,6
TRBV7-9,TRBJ2-1,ASSNSGGGPSSYNEQF,1
TRBV7-9,TRBJ2-1,ASSNSGGGRYEQF,1
TRBV7-9,TRBJ2-1,ASSNSGGHYNEQF,1
TRBV7-9,TRBJ2-1,ASSNSGGIEPYNEQF,1
TRBV7-9,TRBJ2-1,ASSNSGGLPNEQF,2
TRBV7-9,TRBJ2-1,ASSNSGGLSSYNEQF,10
TRBV7-9,TRBJ2-1,ASSNSGGLSSYNVQF,1
TRBV7-9,TRBJ2-1,ASSNSGGNEQF,1
TRBV7-9,TRBJ2-1,ASSNSGGPSSYNEQF,1
TRBV7-9,TRBJ2-1,ASSNSGGSYNEQF,1
TRBV7-9,TRBJ2-1,ASSNSGGTEQF,12
TRBV7-9,TRBJ2-1,ASSNSGGTPNEQF,1
TRBV7-9,TRBJ2-1,ASSNSGGTYNEQF,1
TRBV7-9,TRBJ2-1,ASSNSGGVPSYNEQF,1
TRBV7-9,TRBJ2-1,ASSNSGGVSYNEQF,4
TRBV7-9,TRBJ2-1,ASSNSGGYNEQF,8
TRBV7-9,TRBJ2-1,ASSNSGGYNNEQF,2
TRBV7-9,TRBJ2-1,ASSNSGHEQF,8
TRBV7-9,TRBJ2-1,ASSNSGHGYNEQF,1
TRBV7-9,TRBJ2-1,ASSNSGKENNEQF,1
TRBV7-9,TRBJ2-1,ASSNSGKLDNEQF,7
TRBV7-9,TRBJ2-1,ASSNSGKLYNEQF,1
TRBV7-9,TRBJ2-1,ASSNSGKPYEQF,7
TRBV7-9,TRBJ2-1,ASSNSGLADNDQV,1
TRBV7-9,TRBJ2-1,ASSNSGLADNEQF,1
TRBV7-9,TRBJ2-1,ASSNSGLAGLFAYNEQF,1
TRBV7-9,TRBJ2-1,ASSNSGLAGVGNEPF,1
TRBV7-9,TRBJ2-1,ASSNSGLPNEQF,1
TRBV7-9,TRBJ2-1,ASSNSGLQKGNEQF,1
TRBV7-9,TRBJ2-1,ASSNSGLSSYNEQF,1
TRBV7-9,TRBJ2-1,ASSNSGLSYNEQF,1
TRBV7-9,TRBJ2-1,ASSNSGMGYNEQF,1
TRBV7-9,TRBJ2-1,ASSNSGMLDNEQF,1
TRBV7-9,TRBJ2-1,ASSNSGNEQF,13
TRBV7-9,TRBJ2-1,ASSNSGNPNNEQF,6
TRBV7-9,TRBJ2-1,ASSNSGNSYNEQF,4
TRBV7-9,TRBJ2-1,ASSNSGPAYNEQF,1
TRBV7-9,TRBJ2-1,ASSNSGPEDEQF,1
TRBV7-9,TRBJ2-1,ASSNSGPYYNEQF,8
TRBV7-9,TRBJ2-1,ASSNSGQGEQF,2
TRBV7-9,TRBJ2-1,ASSNSGQGNDEQF,10
TRBV7-9,TRBJ2-1,ASSNSGRAGNEQF,1
TRBV7-9,TRBJ2-1,ASSNSGRALGEQF,13
TRBV7-9,TRBJ2-1,ASSNSGRALYEQF,2
TRBV7-9,TRBJ2-1,ASSNSGRANEQF,1
TRBV7-9,TRBJ2-1,ASSNSGRARNEQF,1
TRBV7-9,TRBJ2-1,ASSNSGRASYNEQF,1
TRBV7-9,TRBJ2-1,ASSNSGRAYNEQF,3
TRBV7-9,TRBJ2-1,ASSNSGRDEQF,1
TRBV7-9,TRBJ2-1,ASSNSGRDYEQF,1
TRBV7-9,TRBJ2-1,ASSNSGREDNEQF,5
TRBV7-9,TRBJ2-1,ASSNSGRETSYNEQF,13
TRBV7-9,TRBJ2-1,ASSNSGREVYNEQF,10
TRBV7-9,TRBJ2-1,ASSNSGRGFFEQF,4
TRBV7-9,TRBJ2-1,ASSNSGRGGNEQF,1
TRBV7-9,TRBJ2-1,ASSNSGRGLFEQF,1
TRBV7-9,TRBJ2-1,ASSNSGRGPLSI,1
TRBV7-9,TRBJ2-1,ASSNSGRGTYNEQF,1
TRBV7-9,TRBJ2-1,ASSNSGRLYNEQF,1
TRBV7-9,TRBJ2-1,ASSNSGRNNEQF,1
TRBV7-9,TRBJ2-1,ASSNSGRRYNEQF,1
TRBV7-9,TRBJ2-1,ASSNSGRSYNEQF,1
TRBV7-9,TRBJ2-1,ASSNSGRTLGEQF,1
TRBV7-9,TRBJ2-1,ASSNSGRTLNEQF,1
TRBV7-9,TRBJ2-1,ASSNSGRTYNEQF,2
TRBV7-9,TRBJ2-1,ASSNSGRTYNEQL,1
TRBV7-9,TRBJ2-1,ASSNSGRVINEQF,8
TRBV7-9,TRBJ2-1,ASSNSGSAFNEQF,1
TRBV7-9,TRBJ2-1,ASSNSGSAYNEQF,2
TRBV7-9,TRBJ2-1,ASSNSGSDEQF,1
TRBV7-9,TRBJ2-1,ASSNSGSGPF,5
TRBV7-9,TRBJ2-1,ASSNSGSGYNEQF,1
TRBV7-9,TRBJ2-1,ASSNSGSKNEQF,1
TRBV7-9,TRBJ2-1,ASSNSGSLYNEQF,1
TRBV7-9,TRBJ2-1,ASSNSGSNEQF,1
TRBV7-9,TRBJ2-1,ASSNSGSRNEQF,5
TRBV7-9,TRBJ2-1,ASSNSGSSNEQF,1
TRBV7-9,TRBJ2-1,ASSNSGSSYNEQF,27
TRBV7-9,TRBJ2-1,ASSNSGSSYNVQF,1
TRBV7-9,TRBJ2-1,ASSNSGSTYNEQF,6
TRBV7-9,TRBJ2-1,ASSNSGSYNEQF,1
TRBV7-9,TRBJ2-1,ASSNSGTGENEQF,1
TRBV7-9,TRBJ2-1,ASSNSGTGGNEQF,2
TRBV7-9,TRBJ2-1,ASSNSGTGHNEQF,5
TRBV7-9,TRBJ2-1,ASSNSGTGPEEQF,4
TRBV7-9,TRBJ2-1,ASSNSGTIPYNEQF,1
TRBV7-9,TRBJ2-1,ASSNSGTLTYNEQF,2
TRBV7-9,TRBJ2-1,ASSNSGTLYNEQF,1
TRBV7-9,TRBJ2-1,ASSNSGTPGQQF,1
TRBV7-9,TRBJ2-1,ASSNSGTQSNEQF,1
TRBV7-9,TRBJ2-1,ASSNSGTRNEQC,1
TRBV7-9,TRBJ2-1,ASSNSGTRNEQF,2
TRBV7-9,TRBJ2-1,ASSNSGTSGIGPPVISYNEQF,1
TRBV7-9,TRBJ2-1,ASSNSGTSRKQF,2
TRBV7-9,TRBJ2-1,ASSNSGTSSYNEQF,1
TRBV7-9,TRBJ2-1,ASSNSGTSYNEQF,1
TRBV7-9,TRBJ2-1,ASSNSGTTGDEQF,1
TRBV7-9,TRBJ2-1,ASSNSGTVAGPYNEQF,1
TRBV7-9,TRBJ2-1,ASSNSGTYNEQF,8
TRBV7-9,TRBJ2-1,ASSNSGVDYNEQF,1
TRBV7-9,TRBJ2-1,ASSNSHPGEQPEQF,1
TRBV7-9,TRBJ2-1,ASSNSHTGEEPEQF,8
TRBV7-9,TRBJ2-1,ASSNSIGRVNEQF,1
TRBV7-9,TRBJ2-1,ASSNSIRVSSYNEQF,1
TRBV7-9,TRBJ2-1,ASSNSKGDEQF,1
TRBV7-9,TRBJ2-1,ASSNSLAGHCNEQF,1
TRBV7-9,TRBJ2-1,ASSNSLAGHYNEQF,25
TRBV7-9,TRBJ2-1,ASSNSLAGSDDQF,1
TRBV7-9,TRBJ2-1,ASSNSLAGSDEQF,4
TRBV7-9,TRBJ2-1,ASSNSLAGVYNEQF,1
TRBV7-9,TRBJ2-1,ASSNSLAGYYNEQF,1
TRBV7-9,TRBJ2-1,ASSNSLEGYYNEQF,1
TRBV7-9,TRBJ2-1,ASSNSLPNEQF,10
TRBV7-9,TRBJ2-1,ASSNSMEYNEQF,1
TRBV7-9,TRBJ2-1,ASSNSMEYSEQF,1
TRBV7-9,TRBJ2-1,ASSNSNEQF,1
TRBV7-9,TRBJ2-1,ASSNSNFSATSSYNEQF,1
TRBV7-9,TRBJ2-1,ASSNSNSGRTYNEQF,1
TRBV7-9,TRBJ2-1,ASSNSNYDNEKF,1
TRBV7-9,TRBJ2-1,ASSNSNYDNEQF,13
TRBV7-9,TRBJ2-1,ASSNSNYDTAQF,1
TRBV7-9,TRBJ2-1,ASSNSPLGQGYNEQF,1
TRBV7-9,TRBJ2-1,ASSNSPSGGIYNEQF,16
TRBV7-9,TRBJ2-1,ASSNSPTRANEQF,1
TRBV7-9,TRBJ2-1,ASSNSPTSSYNEQF,1
TRBV7-9,TRBJ2-1,ASSNSPVSGGDEQF,1
TRBV7-9,TRBJ2-1,ASSNSPVSGGDEQI,1
TRBV7-9,TRBJ2-1,ASSNSPYNEQF,1
TRBV7-9,TRBJ2-1,ASSNSQGRYNEQF,1
TRBV7-9,TRBJ2-1,ASSNSQGYNEQF,1
TRBV7-9,TRBJ2-1,ASSNSRDRAYNEQF,1
TRBV7-9,TRBJ2-1,ASSNSRDWSSYNEF,9
TRBV7-9,TRBJ2-1,ASSNSRGNDEQF,1
TRBV7-9,TRBJ2-1,ASSNSRGNEQF,6
TRBV7-9,TRBJ2-1,ASSNSRGQFGNEQF,1
TRBV7-9,TRBJ2-1,ASSNSRGRYNEQF,1
TRBV7-9,TRBJ2-1,ASSNSRHNEQF,1
TRBV7-9,TRBJ2-1,ASSNSRHSADNEQF,1
TRBV7-9,TRBJ2-1,ASSNSRLAELGNEQF,1
TRBV7-9,TRBJ2-1,ASSNSRLAGEINNEQF,1
TRBV7-9,TRBJ2-1,ASSNSRLARKENEQF,1
TRBV7-9,TRBJ2-1,ASSNSRLDNEQF,1
TRBV7-9,TRBJ2-1,ASSNSRLSGLSYNEQF,1
TRBV7-9,TRBJ2-1,ASSNSRPNEQF,1
TRBV7-9,TRBJ2-1,ASSNSRPVDEQF,1
TRBV7-9,TRBJ2-1,ASSNSRRDEQF,1
TRBV7-9,TRBJ2-1,ASSNSRRGRPNEQF,1
TRBV7-9,TRBJ2-1,ASSNSRSGRIVKYNEQF,1
TRBV7-9,TRBJ2-1,ASSNSRSNNEQF,14
TRBV7-9,TRBJ2-1,ASSNSRTSGSPYNEQF,9
TRBV7-9,TRBJ2-1,ASSNSRVADNEQF,1
TRBV7-9,TRBJ2-1,ASSNSRYNEQF,1
TRBV7-9,TRBJ2-1,ASSNSSGGNYNEQF,1
TRBV7-9,TRBJ2-1,ASSNSSGLQSYEQF,1
TRBV7-9,TRBJ2-1,ASSNSSGLTYNEQF,1
TRBV7-9,TRBJ2-1,ASSNSSGNYNEQF,1
TRBV7-9,TRBJ2-1,ASSNSSGRSNNEQF,1
TRBV7-9,TRBJ2-1,ASSNSSGTSFNAQF,1
TRBV7-9,TRBJ2-1,ASSNSSGTSFNEQF,8
TRBV7-9,TRBJ2-1,ASSNSSGTSFYEQF,1
TRBV7-9,TRBJ2-1,ASSNSSLNEQF,1
TRBV7-9,TRBJ2-1,ASSNSSTRPYNEQF,1
TRBV7-9,TRBJ2-1,ASSNSSVYNEQF,1
TRBV7-9,TRBJ2-1,ASSNSSYNEQF,9
TRBV7-9,TRBJ2-1,ASSNSTFPNEQF,1
TRBV7-9,TRBJ2-1,ASSNSTGGNEQF,1
TRBV7-9,TRBJ2-1,ASSNSTGRNEQF,1
TRBV7-9,TRBJ2-1,ASSNSTLGMDEQF,1
TRBV7-9,TRBJ2-1,ASSNSTLRNEQF,1
TRBV7-9,TRBJ2-1,ASSNSTNEQF,1
TRBV7-9,TRBJ2-1,ASSNSTSGTTYNEQF,4
TRBV7-9,TRBJ2-1,ASSNSVAGGPRIDEQF,1
TRBV7-9,TRBJ2-1,ASSNSVANEQF,12
TRBV7-9,TRBJ2-1,ASSNSVATKGGNEQF,1
TRBV7-9,TRBJ2-1,ASSNSVDNEQF,1
TRBV7-9,TRBJ2-1,ASSNSVDRDEQF,1
TRBV7-9,TRBJ2-1,ASSNSVGDPYNEQF,2
TRBV7-9,TRBJ2-1,ASSNSVGDSSYNEQF,1
TRBV7-9,TRBJ2-1,ASSNSVGVSYNEQF,5
TRBV7-9,TRBJ2-1,ASSNSVRSWNEQF,1
TRBV7-9,TRBJ2-1,ASSNSWAEINEQF,1
TRBV7-9,TRBJ2-1,ASSNSWGANEQF,1
TRBV7-9,TRBJ2-1,ASSNSWLPDRHEQF,1
TRBV7-9,TRBJ2-1,ASSNSWSSYNEQF,1
TRBV7-9,TRBJ2-1,ASSNSYNEQF,3
TRBV7-9,TRBJ2-1,ASSNSYRDTNYNEQF,1
TRBV7-9,TRBJ2-1,ASSNSYSGGLDDEQF,1
TRBV7-9,TRBJ2-1,ASSNTAADEQF,1
TRBV7-9,TRBJ2-1,ASSNTAASILGF,13
TRBV7-9,TRBJ2-1,ASSNTADRVLYNEQF,1
TRBV7-9,TRBJ2-1,ASSNTAGGSYNEQF,2
TRBV7-9,TRBJ2-1,ASSNTAGSGYEQF,1
TRBV7-9,TRBJ2-1,ASSNTAGYNEQF,1
TRBV7-9,TRBJ2-1,ASSNTALGSNEQF,1
TRBV7-9,TRBJ2-1,ASSNTASGLDNEQF,1
TRBV7-9,TRBJ2-1,ASSNTATRGGYNEQF,1
TRBV7-9,TRBJ2-1,ASSNTATSGGYNEQF,12
TRBV7-9,TRBJ2-1,ASSNTATSYNEQF,2
TRBV7-9,TRBJ2-1,ASSNTAVDEQF,1
TRBV7-9,TRBJ2-1,ASSNTDAGYNEQF,3
TRBV7-9,TRBJ2-1,ASSNTDEQF,1
TRBV7-9,TRBJ2-1,ASSNTDRDLYNEQF,1
TRBV7-9,TRBJ2-1,ASSNTDRGDEQF,13
TRBV7-9,TRBJ2-1,ASSNTDRGDGQF,1
TRBV7-9,TRBJ2-1,ASSNTDRVYNEQF,1
TRBV7-9,TRBJ2-1,ASSNTDSGDEQF,1
TRBV7-9,TRBJ2-1,ASSNTEDNEQF,1
TRBV7-9,TRBJ2-1,ASSNTEYNEQF,1
TRBV7-9,TRBJ2-1,ASSNTFPRNEQF,1
TRBV7-9,TRBJ2-1,ASSNTGAASYNEQF,7
TRBV7-9,TRBJ2-1,ASSNTGAGEQF,12
TRBV7-9,TRBJ2-1,ASSNTGAGGNNEQF,5
TRBV7-9,TRBJ2-1,ASSNTGAKAGFSSYNEQF,1
TRBV7-9,TRBJ2-1,ASSNTGATYNEQF,3
TRBV7-9,TRBJ2-1,ASSNTGAYNEQF,1
TRBV7-9,TRBJ2-1,ASSNTGDTYNEQF,1
TRBV7-9,TRBJ2-1,ASSNTGEDNEQF,1
TRBV7-9,TRBJ2-1,ASSNTGEGGYYNEQF,2
TRBV7-9,TRBJ2-1,ASSNTGEQF,1
TRBV7-9,TRBJ2-1,ASSNTGGAYNEQF,1
TRBV7-9,TRBJ2-1,ASSNTGGEPYNEQF,1
TRBV7-9,TRBJ2-1,ASSNTGGGEDEQF,1
TRBV7-9,TRBJ2-1,ASSNTGGGNNEQF,1
TRBV7-9,TRBJ2-1,ASSNTGGGSYNEQF,1
TRBV7-9,TRBJ2-1,ASSNTGGIYNEQF,1
TRBV7-9,TRBJ2-1,ASSNTGGLAPMDEQF,3
TRBV7-9,TRBJ2-1,ASSNTGGLTYNEQF,1
TRBV7-9,TRBJ2-1,ASSNTGGSTAAEQF,7
TRBV7-9,TRBJ2-1,ASSNTGGSYNEQF,1
TRBV7-9,TRBJ2-1,ASSNTGGTSSYNEQF,1
TRBV7-9,TRBJ2-1,ASSNTGIVGDEQF,1
TRBV7-9,TRBJ2-1,ASSNTGIYNEQF,1
TRBV7-9,TRBJ2-1,ASSNTGKHNEQF,14
TRBV7-9,TRBJ2-1,ASSNTGLAGENEQF,1
TRBV7-9,TRBJ2-1,ASSNTGLAGGLSYNEQF,1
TRBV7-9,TRBJ2-1,ASSNTGLAGGNEQF,1
TRBV7-9,TRBJ2-1,ASSNTGLAIGFYNEQF,4
TRBV7-9,TRBJ2-1,ASSNTGLALYNEQF,21
TRBV7-9,TRBJ2-1,ASSNTGLANEQF,1
TRBV7-9,TRBJ2-1,ASSNTGLPDYNEQF,4
TRBV7-9,TRBJ2-1,ASSNTGNEQF,4
TRBV7-9,TRBJ2-1,ASSNTGPIGRDEQF,1
TRBV7-9,TRBJ2-1,ASSNTGQAISYNEQF,1
TRBV7-9,TRBJ2-1,ASSNTGQGGHNEQF,1
TRBV7-9,TRBJ2-1,ASSNTGQSNYNEQF,1
TRBV7-9,TRBJ2-1,ASSNTGRLIDEQF,1
TRBV7-9,TRBJ2-1,ASSNTGRSYNEQF,1
TRBV7-9,TRBJ2-1,ASSNTGRVIVDEQF,1
TRBV7-9,TRBJ2-1,ASSNTGSAEQF,4
TRBV7-9,TRBJ2-1,ASSNTGSHNEQF,2
TRBV7-9,TRBJ2-1,ASSNTGSSYNEQF,1
TRBV7-9,TRBJ2-1,ASSNTGTADNEQF,1
TRBV7-9,TRBJ2-1,ASSNTGTDPYNEQF,1
TRBV7-9,TRBJ2-1,ASSNTGTFSVDSLNEQF,1
TRBV7-9,TRBJ2-1,ASSNTGTGAYNEQF,1
TRBV7-9,TRBJ2-1,ASSNTGTGGNNEQF,1
TRBV7-9,TRBJ2-1,ASSNTGTGSHNEQF,11
TRBV7-9,TRBJ2-1,ASSNTGTGSNEQF,1
TRBV7-9,TRBJ2-1,ASSNTGTGSYNEQF,1
TRBV7-9,TRBJ2-1,ASSNTGTLDPSSYNEQF,1
TRBV7-9,TRBJ2-1,ASSNTGTLYNEQF,12
TRBV7-9,TRBJ2-1,ASSNTGTNNEQF,1
TRBV7-9,TRBJ2-1,ASSNTGTPNEQF,7
TRBV7-9,TRBJ2-1,ASSNTGTPWI,2
TRBV7-9,TRBJ2-1,ASSNTGTPYNEQF,1
TRBV7-9,TRBJ2-1,ASSNTGTRGNYNEQF,1
TRBV7-9,TRBJ2-1,ASSNTGTRRGQF,15
TRBV7-9,TRBJ2-1,ASSNTGTSGGSSYNEQF,1
TRBV7-9,TRBJ2-1,ASSNTGTSGPYNEQF,1
TRBV7-9,TRBJ2-1,ASSNTGTSGRDEQF,40
TRBV7-9,TRBJ2-1,ASSNTGTSGRNEQF,1
TRBV7-9,TRBJ2-1,ASSNTGTSGSKDEQF,1
TRBV7-9,TRBJ2-1,ASSNTGTSGSSDEQF,1
TRBV7-9,TRBJ2-1,ASSNTGTSRRSSYNEQF,1
TRBV7-9,TRBJ2-1,ASSNTGTSSYNEQF,1
TRBV7-9,TRBJ2-1,ASSNTGTSYNEQF,9
TRBV7-9,TRBJ2-1,ASSNTGTTYNEQF,1
TRBV7-9,TRBJ2-1,ASSNTGTVGNEQF,1
TRBV7-9,TRBJ2-1,ASSNTGTVLYNEQF,6
TRBV7-9,TRBJ2-1,ASSNTGVGTSGSSYNEQF,1
TRBV7-9,TRBJ2-1,ASSNTGVGYNEQF,7
TRBV7-9,TRBJ2-1,ASSNTGVNEQF,1
TRBV7-9,TRBJ2-1,ASSNTGVSSYNEQF,1
TRBV7-9,TRBJ2-1,ASSNTGWAYNEQF,1
TRBV7-9,TRBJ2-1,ASSNTGYEQF,1
TRBV7-9,TRBJ2-1,ASSNTHGGDRSSYNEQF,1
TRBV7-9,TRBJ2-1,ASSNTHLAGLTENEQF,1
TRBV7-9,TRBJ2-1,ASSNTHSYNEQF,1
TRBV7-9,TRBJ2-1,ASSNTIAGRPPLSYNEQF,1
TRBV7-9,TRBJ2-1,ASSNTKGGRISGNEQF,1
TRBV7-9,TRBJ2-1,ASSNTKSYNEQF,1
TRBV7-9,TRBJ2-1,ASSNTKTGTGVHEQF,1
TRBV7-9,TRBJ2-1,ASSNTLAGGAYNEQF,10
TRBV7-9,TRBJ2-1,ASSNTLAVVYNEQF,1
TRBV7-9,TRBJ2-1,ASSNTLDSNEQF,8
TRBV7-9,TRBJ2-1,ASSNTLFNEQF,14
TRBV7-9,TRBJ2-1,ASSNTLGLAGVDNEQF,1
TRBV7-9,TRBJ2-1,ASSNTLGNMWNEQF,6
TRBV7-9,TRBJ2-1,ASSNTLGPVYNEQF,1
TRBV7-9,TRBJ2-1,ASSNTLGREGYNEQF,1
TRBV7-9,TRBJ2-1,ASSNTLTSGSSNEQF,1
TRBV7-9,TRBJ2-1,ASSNTLVGANEQF,5
TRBV7-9,TRBJ2-1,ASSNTMVTLPYNEQF,1
TRBV7-9,TRBJ2-1,ASSNTNNEQF,3
TRBV7-9,TRBJ2-1,ASSNTPDNEQF,1
TRBV7-9,TRBJ2-1,ASSNTPGFSGWSSYNEQF,1
TRBV7-9,TRBJ2-1,ASSNTPGLNYNEQF,4
TRBV7-9,TRBJ2-1,ASSNTPGQGGLAGVPGSYNEQF,3
TRBV7-9,TRBJ2-1,ASSNTPVGYNEQF,3
TRBV7-9,TRBJ2-1,ASSNTPYEQF,1
TRBV7-9,TRBJ2-1,ASSNTPYNEQF,1
TRBV7-9,TRBJ2-1,ASSNTQAAVKYNEQL,1
TRBV7-9,TRBJ2-1,ASSNTQGVGDNEQF,1
TRBV7-9,TRBJ2-1,ASSNTQGYEQF,2
TRBV7-9,TRBJ2-1,ASSNTQRGSSYNEQF,6
TRBV7-9,TRBJ2-1,ASSNTQTAVKYNEQF,20
TRBV7-9,TRBJ2-1,ASSNTRDEQF,1
TRBV7-9,TRBJ2-1,ASSNTRDGEQF,11
TRBV7-9,TRBJ2-1,ASSNTRDLSYNEQF,3
TRBV7-9,TRBJ2-1,ASSNTRDNEQF,1
TRBV7-9,TRBJ2-1,ASSNTRDRTYNEQF,1
TRBV7-9,TRBJ2-1,ASSNTRDSHNEQF,1
TRBV7-9,TRBJ2-1,ASSNTRDVRYNEQF,14
TRBV7-9,TRBJ2-1,ASSNTREAREEF,1
TRBV7-9,TRBJ2-1,ASSNTREGEQF,2
TRBV7-9,TRBJ2-1,ASSNTRGGPGSDNEQF,1
TRBV7-9,TRBJ2-1,ASSNTRGLGPYNEQF,1
TRBV7-9,TRBJ2-1,ASSNTRGRNEQF,4
TRBV7-9,TRBJ2-1,ASSNTRGSGRPNEQF,1
TRBV7-9,TRBJ2-1,ASSNTRGSGSPIEQF,1
TRBV7-9,TRBJ2-1,ASSNTRGSGSPNEQF,15
TRBV7-9,TRBJ2-1,ASSNTRGSYEQF,16
TRBV7-9,TRBJ2-1,ASSNTRGTSMYNEQF,1
TRBV7-9,TRBJ2-1,ASSNTRLAGGLQF,6
TRBV7-9,TRBJ2-1,ASSNTRLAGRNEQF,1
TRBV7-9,TRBJ2-1,ASSNTRLGPYNEQF,1
TRBV7-9,TRBJ2-1,ASSNTRLNEQF,1
TRBV7-9,TRBJ2-1,ASSNTRMDFDEQF,1
TRBV7-9,TRBJ2-1,ASSNTRNLSYNEQF,1
TRBV7-9,TRBJ2-1,ASSNTRSSYNEQF,2
TRBV7-9,TRBJ2-1,ASSNTRSYNEQF,1
TRBV7-9,TRBJ2-1,ASSNTRTSGRANEQF,1
TRBV7-9,TRBJ2-1,ASSNTRTSGRDEQF,2
TRBV7-9,TRBJ2-1,ASSNTRTSGRTYEQF,1
TRBV7-9,TRBJ2-1,ASSNTRTSYYNEQF,1
TRBV7-9,TRBJ2-1,ASSNTRVAHNEQF,9
TRBV7-9,TRBJ2-1,ASSNTRVGTGHEQF,1
TRBV7-9,TRBJ2-1,ASSNTSAGDNEQF,1
TRBV7-9,TRBJ2-1,ASSNTSGAYNEQF,1
TRBV7-9,TRBJ2-1,ASSNTSGKIYNEQF,1
TRBV7-9,TRBJ2-1,ASSNTSGLYNEQF,1
TRBV7-9,TRBJ2-1,ASSNTSGNNEQF,10
TRBV7-9,TRBJ2-1,ASSNTSGRAFEQF,4
TRBV7-9,TRBJ2-1,ASSNTSGRFNEQF,1
TRBV7-9,TRBJ2-1,ASSNTSGSYNEQF,1
TRBV7-9,TRBJ2-1,ASSNTSGTYNEQF,3
TRBV7-9,TRBJ2-1,ASSNTSNEQF,1
TRBV7-9,TRBJ2-1,ASSNTSRTSGGFNEQF,1
TRBV7-9,TRBJ2-1,ASSNTSSGRALHNEQF,1
TRBV7-9,TRBJ2-1,ASSNTSSVNEQF,1
TRBV7-9,TRBJ2-1,ASSNTTGGNEQF,1
TRBV7-9,TRBJ2-1,ASSNTTGHNEQF,1
TRBV7-9,TRBJ2-1,ASSNTTGNNEQF,1
TRBV7-9,TRBJ2-1,ASSNTTGYNEQF,1
TRBV7-9,TRBJ2-1,ASSNTTLNNEQF,1
TRBV7-9,TRBJ2-1,ASSNTTPTYNEQF,1
TRBV7-9,TRBJ2-1,ASSNTTSGRRYNEQF,1
TRBV7-9,TRBJ2-1,ASSNTTSPDNEQF,1
TRBV7-9,TRBJ2-1,ASSNTTYYSAYNEQF,1
TRBV7-9,TRBJ2-1,ASSNTVDSVYNEQF,1
TRBV7-9,TRBJ2-1,ASSNTVGPAGSRDEQF,10
TRBV7-9,TRBJ2-1,ASSNTVGPGGSRDEQF,1
TRBV7-9,TRBJ2-1,ASSNTVINEQF,1
TRBV7-9,TRBJ2-1,ASSNTVNNEQF,1
TRBV7-9,TRBJ2-1,ASSNTVNPYNEQF,1
TRBV7-9,TRBJ2-1,ASSNTVVNEQF,12
TRBV7-9,TRBJ2-1,ASSNTVWGQARHEQF,1
TRBV7-9,TRBJ2-1,ASSNTYNEQF,2
TRBV7-9,TRBJ2-1,ASSNVAGAYNEQF,4
TRBV7-9,TRBJ2-1,ASSNVAGGEDEQF,5
TRBV7-9,TRBJ2-1,ASSNVAGGFGEQF,1
TRBV7-9,TRBJ2-1,ASSNVAGGLHEQF,1
TRBV7-9,TRBJ2-1,ASSNVAGGVNEQF,1
TRBV7-9,TRBJ2-1,ASSNVAGTYNEQF,1
TRBV7-9,TRBJ2-1,ASSNVATLDEQF,1
TRBV7-9,TRBJ2-1,ASSNVCFGSYNEQF,1
TRBV7-9,TRBJ2-1,ASSNVDAGLDRGNEQF,1
TRBV7-9,TRBJ2-1,ASSNVETGLYEQF,1
TRBV7-9,TRBJ2-1,ASSNVGFSGNEQF,1
TRBV7-9,TRBJ2-1,ASSNVGGAPSYNEQF,1
TRBV7-9,TRBJ2-1,ASSNVGGSSYNEQF,1
TRBV7-9,TRBJ2-1,ASSNVGGSVYNEQF,1
TRBV7-9,TRBJ2-1,ASSNVGLAGGSSYNEQF,1
TRBV7-9,TRBJ2-1,ASSNVGRAFNEQF,1
TRBV7-9,TRBJ2-1,ASSNVGRRDEQF,1
TRBV7-9,TRBJ2-1,ASSNVKTGGPNEQF,1
TRBV7-9,TRBJ2-1,ASSNVLAGALDEQF,1
TRBV7-9,TRBJ2-1,ASSNVLAGSTYNEQF,11
TRBV7-9,TRBJ2-1,ASSNVLSGDEQF,1
TRBV7-9,TRBJ2-1,ASSNVNLALVYNEQF,1
TRBV7-9,TRBJ2-1,ASSNVNRQGGLAGDEQF,1
TRBV7-9,TRBJ2-1,ASSNVPEGDNEQF,11
TRBV7-9,TRBJ2-1,ASSNVPGLAGGFDEQF,3
TRBV7-9,TRBJ2-1,ASSNVPYNEQF,1
TRBV7-9,TRBJ2-1,ASSNVQAPWDEQF,5
TRBV7-9,TRBJ2-1,ASSNVQEGDNEQF,1
TRBV7-9,TRBJ2-1,ASSNVQGASYNEQF,5
TRBV7-9,TRBJ2-1,ASSNVQGEEF,1
TRBV7-9,TRBJ2-1,ASSNVQYNEQF,1
TRBV7-9,TRBJ2-1,ASSNVRGFNEQF,15
TRBV7-9,TRBJ2-1,ASSNVRGFNEQS,1
TRBV7-9,TRBJ2-1,ASSNVRGYSYNEQF,1
TRBV7-9,TRBJ2-1,ASSNVRLGLAYIEQF,1
TRBV7-9,TRBJ2-1,ASSNVRLGLAYNEQF,10
TRBV7-9,TRBJ2-1,ASSNVRRSSYNEQF,1
TRBV7-9,TRBJ2-1,ASSNVRTSGNEQF,1
TRBV7-9,TRBJ2-1,ASSNVRTSGSNEQF,1
TRBV7-9,TRBJ2-1,ASSNVSGSLVYNEQF,1
TRBV7-9,TRBJ2-1,ASSNVSYNEQF,1
TRBV7-9,TRBJ2-1,ASSNVTSGPYNEQF,1
TRBV7-9,TRBJ2-1,ASSNVTYNEQF,1
TRBV7-9,TRBJ2-1,ASSNVVAGYNEQF,1
TRBV7-9,TRBJ2-1,ASSNVVANEQF,5
TRBV7-9,TRBJ2-1,ASSNVVMGDEQF,1
TRBV7-9,TRBJ2-1,ASSNWAEGQNEQF,1
TRBV7-9,TRBJ2-1,ASSNWAGDSYNEQF,1
TRBV7-9,TRBJ2-1,ASSNWDANGPYNEQF,1
TRBV7-9,TRBJ2-1,ASSNWDEQF,1
TRBV7-9,TRBJ2-1,ASSNWDRADEQF,1
TRBV7-9,TRBJ2-1,ASSNWDRENNEQF,1
TRBV7-9,TRBJ2-1,ASSNWDRGRAGSYNEQF,1
TRBV7-9,TRBJ2-1,ASSNWDSPYNEQF,1
TRBV7-9,TRBJ2-1,ASSNWEGQGYTEQF,1
TRBV7-9,TRBJ2-1,ASSNWGGGSYNEQF,1
TRBV7-9,TRBJ2-1,ASSNWGGPGSYNEQF,1
TRBV7-9,TRBJ2-1,ASSNWGGQGAVSYNEQF,1
TRBV7-9,TRBJ2-1,ASSNWGHSYNEQF,1
TRBV7-9,TRBJ2-1,ASSNWGQPHPYNEQF,1
TRBV7-9,TRBJ2-1,ASSNWGRPNEQF,1
TRBV7-9,TRBJ2-1,ASSNWGTSGDLGNEQF,14
TRBV7-9,TRBJ2-1,ASSNWGTSGMVNEQF,1
TRBV7-9,TRBJ2-1,ASSNWGYNEQF,11
TRBV7-9,TRBJ2-1,ASSNWLEDNEQF,10
TRBV7-9,TRBJ2-1,ASSNWNDNYNEQF,1
TRBV7-9,TRBJ2-1,ASSNWRAEYNEQF,1
TRBV7-9,TRBJ2-1,ASSNWRAPSYTNEQF,1
TRBV7-9,TRBJ2-1,ASSNWRGSNNEQF,3
TRBV7-9,TRBJ2-1,ASSNWRTSGSDEQF,2
TRBV7-9,TRBJ2-1,ASSNWSGDEQF,1
TRBV7-9,TRBJ2-1,ASSNWSPEREGRYNEQF,1
TRBV7-9,TRBJ2-1,ASSNWSSDTPYNEQF,1
TRBV7-9,TRBJ2-1,ASSNWTGGNEQF,1
TRBV7-9,TRBJ2-1,ASSNWTSGREQF,6
TRBV7-9,TRBJ2-1,ASSNWTSGRGEQF,1
TRBV7-9,TRBJ2-1,ASSNWTSGRLGNEQF,1
TRBV7-9,TRBJ2-1,ASSNWVVSASYNEQF,3
TRBV7-9,TRBJ2-1,ASSNWWDDSYNEQF,1
TRBV7-9,TRBJ2-1,ASSNYDRHNNEQF,1
TRBV7-9,TRBJ2-1,ASSNYEQF,9
TRBV7-9,TRBJ2-1,ASSNYGDYNEQF,1
TRBV7-9,TRBJ2-1,ASSNYGLSRSYNEQF,1
TRBV7-9,TRBJ2-1,ASSNYGRLTYNEQF,1
TRBV7-9,TRBJ2-1,ASSNYGTSGNEQF,1
TRBV7-9,TRBJ2-1,ASSNYGTSNEQF,1
TRBV7-9,TRBJ2-1,ASSNYGVNEQF,1
TRBV7-9,TRBJ2-1,ASSNYKISYNEQF,1
TRBV7-9,TRBJ2-1,ASSNYLLATIAGNEQF,2
TRBV7-9,TRBJ2-1,ASSNYLNEHF,1
TRBV7-9,TRBJ2-1,ASSNYLNEQF,28
TRBV7-9,TRBJ2-1,ASSNYLNEQS,1
TRBV7-9,TRBJ2-1,ASSNYLRSSYNEQF,1
TRBV7-9,TRBJ2-1,ASSNYNAQF,1
TRBV7-9,TRBJ2-1,ASSNYNEQF,71
TRBV7-9,TRBJ2-1,ASSNYNNEQF,10
TRBV7-9,TRBJ2-1,ASSNYNSYNEQF,1
TRBV7-9,TRBJ2-1,ASSNYPGLAGVDEQF,1
TRBV7-9,TRBJ2-1,ASSNYQRSLINEQF,1
TRBV7-9,TRBJ2-1,ASSNYRALGGNEQF,1
TRBV7-9,TRBJ2-1,ASSNYRASHNEQF,1
TRBV7-9,TRBJ2-1,ASSNYRDHGGNEQF,1
TRBV7-9,TRBJ2-1,ASSNYRDSGNEQF,1
TRBV7-9,TRBJ2-1,ASSNYRDSYNEQF,7
TRBV7-9,TRBJ2-1,ASSNYRGDEQF,1
TRBV7-9,TRBJ2-1,ASSNYRGGHYNEQF,2
TRBV7-9,TRBJ2-1,ASSNYRGGNEQF,1
TRBV7-9,TRBJ2-1,ASSNYRHSADNEQF,10
TRBV7-9,TRBJ2-1,ASSNYRHSANNEQF,1
TRBV7-9,TRBJ2-1,ASSNYRQDNEQF,1
TRBV7-9,TRBJ2-1,ASSNYRQPAENEQF,1
TRBV7-9,TRBJ2-1,ASSNYRRNEQF,1
TRBV7-9,TRBJ2-1,ASSNYRTSGRLNEQF,4
TRBV7-9,TRBJ2-1,ASSNYRVHHEQF,1
TRBV7-9,TRBJ2-1,ASSNYRVRVDDEQF,1
TRBV7-9,TRBJ2-1,ASSNYRVSYNEQF,27
TRBV7-9,TRBJ2-1,ASSNYSEQF,1
TRBV7-9,TRBJ2-1,ASSNYTGTSNEQF,3
TRBV7-9,TRBJ2-1,ASSNYVAGDHEQF,1
TRBV7-9,TRBJ2-1,ASSNYVAGLNEQF,1
TRBV7-9,TRBJ2-1,ASSPAAAGLDEQF,55
TRBV7-9,TRBJ2-1,ASSPAAAGWDEQF,1
TRBV7-9,TRBJ2-1,ASSPAAASYNVQF,1
TRBV7-9,TRBJ2-1,ASSPAAAVAGATYNEQF,1
TRBV7-9,TRBJ2-1,ASSPAAAYNEQF,1
TRBV7-9,TRBJ2-1,ASSPAAAYSYNEQF,7
TRBV7-9,TRBJ2-1,ASSPAADRVLYNEQF,1
TRBV7-9,TRBJ2-1,ASSPAADSGSAHRSYNEQF,1
TRBV7-9,TRBJ2-1,ASSPAADSGSAHSFYNEQF,1
TRBV7-9,TRBJ2-1,ASSPAADSGSAHSSYNEQF,11
TRBV7-9,TRBJ2-1,ASSPAAEGIWYNEQF,3
TRBV7-9,TRBJ2-1,ASSPAAEPNNEQF,1
TRBV7-9,TRBJ2-1,ASSPAAESSYNEQF,1
TRBV7-9,TRBJ2-1,ASSPAAETRSYNEQF,1
TRBV7-9,TRBJ2-1,ASSPAAFHEQF,1
TRBV7-9,TRBJ2-1,ASSPAAGAGNEQF,1
TRBV7-9,TRBJ2-1,ASSPAAGAHNEQF,1
TRBV7-9,TRBJ2-1,ASSPAAGALYNEHF,1
TRBV7-9,TRBJ2-1,ASSPAAGALYNEQF,12
TRBV7-9,TRBJ2-1,ASSPAAGANEQF,4
TRBV7-9,TRBJ2-1,ASSPAAGANNEQF,1
TRBV7-9,TRBJ2-1,ASSPAAGASSYNEQF,1
TRBV7-9,TRBJ2-1,ASSPAAGASYNEQF,1
TRBV7-9,TRBJ2-1,ASSPAAGDHNEQF,8
TRBV7-9,TRBJ2-1,ASSPAAGDHNEQL,1
TRBV7-9,TRBJ2-1,ASSPAAGDVYNEQF,2
TRBV7-9,TRBJ2-1,ASSPAAGEANEQF,1
TRBV7-9,TRBJ2-1,ASSPAAGEAYNEQF,4
TRBV7-9,TRBJ2-1,ASSPAAGENYNEQF,1
TRBV7-9,TRBJ2-1,ASSPAAGESVNEQF,1
TRBV7-9,TRBJ2-1,ASSPAAGGDNEQF,1
TRBV7-9,TRBJ2-1,ASSPAAGGESSYNEQF,1
TRBV7-9,TRBJ2-1,ASSPAAGGFNEQF,1
TRBV7-9,TRBJ2-1,ASSPAAGGGSYNEQF,1
TRBV7-9,TRBJ2-1,ASSPAAGGGYNEQF,1
TRBV7-9,TRBJ2-1,ASSPAAGGHYNEQF,1
TRBV7-9,TRBJ2-1,ASSPAAGGLNEQF,1
TRBV7-9,TRBJ2-1,ASSPAAGGLNNEQF,6
TRBV7-9,TRBJ2-1,ASSPAAGGLYEQF,1
TRBV7-9,TRBJ2-1,ASSPAAGGNEQF,1
TRBV7-9,TRBJ2-1,ASSPAAGGNYNEQF,1
TRBV7-9,TRBJ2-1,ASSPAAGGPGEQF,2
TRBV7-9,TRBJ2-1,ASSPAAGGPGNEQF,9
TRBV7-9,TRBJ2-1,ASSPAAGGPIREYNEQF,4
TRBV7-9,TRBJ2-1,ASSPAAGGPKTYNEQF,1
TRBV7-9,TRBJ2-1,ASSPAAGGRINEQF,1
TRBV7-9,TRBJ2-1,ASSPAAGGRSYNEQF,1
TRBV7-9,TRBJ2-1,ASSPAAGGRYNEQF,16
TRBV7-9,TRBJ2-1,ASSPAAGGSYNEQF,7
TRBV7-9,TRBJ2-1,ASSPAAGGWDNEQF,1
TRBV7-9,TRBJ2-1,ASSPAAGGWNNEQF,1
TRBV7-9,TRBJ2-1,ASSPAAGGYEQF,1
TRBV7-9,TRBJ2-1,ASSPAAGGYNEQF,5
TRBV7-9,TRBJ2-1,ASSPAAGINEQF,1
TRBV7-9,TRBJ2-1,ASSPAAGKDEQF,1
TRBV7-9,TRBJ2-1,ASSPAAGKGNEQF,1
TRBV7-9,TRBJ2-1,ASSPAAGLAGDYEQF,1
TRBV7-9,TRBJ2-1,ASSPAAGLDNEQF,1
TRBV7-9,TRBJ2-1,ASSPAAGLNNEQF,1
TRBV7-9,TRBJ2-1,ASSPAAGLQNNEQF,1
TRBV7-9,TRBJ2-1,ASSPAAGPHTNEQF,1
TRBV7-9,TRBJ2-1,ASSPAAGPIVDEQF,1
TRBV7-9,TRBJ2-1,ASSPAAGPYNEQF,1
TRBV7-9,TRBJ2-1,ASSPAAGQGGYNEQF,1
TRBV7-9,TRBJ2-1,ASSPAAGQHNEQF,1
TRBV7-9,TRBJ2-1,ASSPAAGQSYNEQF,1
TRBV7-9,TRBJ2-1,ASSPAAGRAGYDEQF,1
TRBV7-9,TRBJ2-1,ASSPAAGRGSSYNEQF,1
TRBV7-9,TRBJ2-1,ASSPAAGRNEQF,15
TRBV7-9,TRBJ2-1,ASSPAAGRSYNEQF,1
TRBV7-9,TRBJ2-1,ASSPAAGSFYKEHI,1
TRBV7-9,TRBJ2-1,ASSPAAGSGVYNEQF,1
TRBV7-9,TRBJ2-1,ASSPAAGSSNEQF,1
TRBV7-9,TRBJ2-1,ASSPAAGSSYNEQF,2
TRBV7-9,TRBJ2-1,ASSPAAGSVYNEQF,2
TRBV7-9,TRBJ2-1,ASSPAAGSYHEQF,1
TRBV7-9,TRBJ2-1,ASSPAAGSYNEQF,16
TRBV7-9,TRBJ2-1,ASSPAAGTAYNEQF,1
TRBV7-9,TRBJ2-1,ASSPAAGTGVFEQF,1
TRBV7-9,TRBJ2-1,ASSPAAGTGYLEQF,11
TRBV7-9,TRBJ2-1,ASSPAAGTRYNEQF,9
TRBV7-9,TRBJ2-1,ASSPAAGTRYNKQF,1
TRBV7-9,TRBJ2-1,ASSPAAGTSGRYTYNEQF,1
TRBV7-9,TRBJ2-1,ASSPAAGTSGYNEQF,1
TRBV7-9,TRBJ2-1,ASSPAAGTSWRSTYNEQF,1
TRBV7-9,TRBJ2-1,ASSPAAGTYNEQF,1
TRBV7-9,TRBJ2-1,ASSPAAGVGNEQF,1
TRBV7-9,TRBJ2-1,ASSPAAGVKNEQF,1
TRBV7-9,TRBJ2-1,ASSPAAGVNEQF,18
TRBV7-9,TRBJ2-1,ASSPAAGVSFGSYNEQF,1
TRBV7-9,TRBJ2-1,ASSPAAGYNEQF,2
TRBV7-9,TRBJ2-1,ASSPAAKFYNEQF,1
TRBV7-9,TRBJ2-1,ASSPAALAEEDQF,1
TRBV7-9,TRBJ2-1,ASSPAALAGAYNEQF,1
TRBV7-9,TRBJ2-1,ASSPAALAGGANEQF,1
TRBV7-9,TRBJ2-1,ASSPAALAGVKGNEQF,1
TRBV7-9,TRBJ2-1,ASSPAALAPSSYNEQF,1
TRBV7-9,TRBJ2-1,ASSPAALATHEQF,1
TRBV7-9,TRBJ2-1,ASSPAALGDEQF,1
TRBV7-9,TRBJ2-1,ASSPAALGQGLSYNEQF,1
TRBV7-9,TRBJ2-1,ASSPAALHNEQF,1
TRBV7-9,TRBJ2-1,ASSPAALRTYNEQF,1
TRBV7-9,TRBJ2-1,ASSPAALSYNEQF,1
TRBV7-9,TRBJ2-1,ASSPAAMASGSSYNEQF,1
TRBV7-9,TRBJ2-1,ASSPAANEQF,8
TRBV7-9,TRBJ2-1,ASSPAANGDNEQF,1
TRBV7-9,TRBJ2-1,ASSPAAPDEQF,1
TRBV7-9,TRBJ2-1,ASSPAAPDQLNEQF,1
TRBV7-9,TRBJ2-1,ASSPAAPEQF,1
TRBV7-9,TRBJ2-1,ASSPAAPGAGEGNEQF,1
TRBV7-9,TRBJ2-1,ASSPAAPNEQF,1
TRBV7-9,TRBJ2-1,ASSPAAPPYNEQF,8
TRBV7-9,TRBJ2-1,ASSPAAPSSYNEQF,1
TRBV7-9,TRBJ2-1,ASSPAAPTSYNEQF,1
TRBV7-9,TRBJ2-1,ASSPAAPYTEQF,1
TRBV7-9,TRBJ2-1,ASSPAAQLGSYNEQF,1
TRBV7-9,TRBJ2-1,ASSPAAQSYNEQF,1
TRBV7-9,TRBJ2-1,ASSPAARAGKNEQF,1
TRBV7-9,TRBJ2-1,ASSPAARGHEQF,1
TRBV7-9,TRBJ2-1,ASSPAARGKAYNEQF,1
TRBV7-9,TRBJ2-1,ASSPAARGTYNEQF,1
TRBV7-9,TRBJ2-1,ASSPAARGVGNEQF,1
TRBV7-9,TRBJ2-1,ASSPAARIYNEQF,6
TRBV7-9,TRBJ2-1,ASSPAARLVQDEQF,1
TRBV7-9,TRBJ2-1,ASSPAARSAYNEQF,1
TRBV7-9,TRBJ2-1,ASSPAARSSYNEQF,2
TRBV7-9,TRBJ2-1,ASSPAARSYNEQF,1
TRBV7-9,TRBJ2-1,ASSPAASDQLNEQF,3
TRBV7-9,TRBJ2-1,ASSPAASGGAAYNEQF,11
TRBV7-9,TRBJ2-1,ASSPAASGGSSSNEQF,1
TRBV7-9,TRBJ2-1,ASSPAASGGSSYNEQF,3
TRBV7-9,TRBJ2-1,ASSPAASGKPNEQF,3
TRBV7-9,TRBJ2-1,ASSPAASGNNEQF,10
TRBV7-9,TRBJ2-1,ASSPAASGNYNEQF,1
TRBV7-9,TRBJ2-1,ASSPAASGRALDEQF,1
TRBV7-9,TRBJ2-1,ASSPAASGRNFYNEQF,1
TRBV7-9,TRBJ2-1,ASSPAASGRWDEQF,1
TRBV7-9,TRBJ2-1,ASSPAASGRYEQF,1
TRBV7-9,TRBJ2-1,ASSPAASGSAEQF,10
TRBV7-9,TRBJ2-1,ASSPAASGSSYNEQF,1
TRBV7-9,TRBJ2-1,ASSPAASGSWSYNEQF,1
TRBV7-9,TRBJ2-1,ASSPAASGSYEQF,1
TRBV7-9,TRBJ2-1,ASSPAASGSYNEQF,1
TRBV7-9,TRBJ2-1,ASSPAASGTSYNEQF,1
TRBV7-9,TRBJ2-1,ASSPAASGVDNEQF,1
TRBV7-9,TRBJ2-1,ASSPAASGVLDEQF,1
TRBV7-9,TRBJ2-1,ASSPAASHNEQF,1
TRBV7-9,TRBJ2-1,ASSPAASLIEQF,1
TRBV7-9,TRBJ2-1,ASSPAASLNEQF,14
TRBV7-9,TRBJ2-1,ASSPAASMNEQF,1
TRBV7-9,TRBJ2-1,ASSPAASPSYNEQF,1
TRBV7-9,TRBJ2-1,ASSPAASQSYNEQF,1
TRBV7-9,TRBJ2-1,ASSPAASRNNEQF,1
TRBV7-9,TRBJ2-1,ASSPAASSYNEQF,26
TRBV7-9,TRBJ2-1,ASSPAASVNEQF,1
TRBV7-9,TRBJ2-1,ASSPAASWDFSYNEQF,1
TRBV7-9,TRBJ2-1,ASSPAASYNEQF,1
TRBV7-9,TRBJ2-1,ASSPAATDSYNEQF,14
TRBV7-9,TRBJ2-1,ASSPAATSGSNEQF,2
TRBV7-9,TRBJ2-1,ASSPAATSLGGSYNEQF,1
TRBV7-9,TRBJ2-1,ASSPAATYNEQF,1
TRBV7-9,TRBJ2-1,ASSPAAVLGSYNEQF,2
TRBV7-9,TRBJ2-1,ASSPAAWDNEQF,15
TRBV7-9,TRBJ2-1,ASSPAAWGNEQF,4
TRBV7-9,TRBJ2-1,ASSPAAWSGGSSYNEQF,1
TRBV7-9,TRBJ2-1,ASSPAAYDEQF,14
TRBV7-9,TRBJ2-1,ASSPAAYEQF,2
TRBV7-9,TRBJ2-1,ASSPAAYNEQF,16
TRBV7-9,TRBJ2-1,ASSPAAYYNEQF,1
TRBV7-9,TRBJ2-1,ASSPADASYNEQF,11
TRBV7-9,TRBJ2-1,ASSPADDSYNEQF,1
TRBV7-9,TRBJ2-1,ASSPADEQF,31
TRBV7-9,TRBJ2-1,ASSPADFPNNEQF,1
TRBV7-9,TRBJ2-1,ASSPADFSLSSYNEQF,1
TRBV7-9,TRBJ2-1,ASSPADFYEQF,1
TRBV7-9,TRBJ2-1,ASSPADGGSSYNEQF,1
TRBV7-9,TRBJ2-1,ASSPADGLHYNEQF,1
TRBV7-9,TRBJ2-1,ASSPADGNGYNEQF,1
TRBV7-9,TRBJ2-1,ASSPADGNNEQF,2
TRBV7-9,TRBJ2-1,ASSPADGRNYEQF,1
TRBV7-9,TRBJ2-1,ASSPADGRYNEQF,4
TRBV7-9,TRBJ2-1,ASSPADGTGTYNEQF,1
TRBV7-9,TRBJ2-1,ASSPADGTHNNEQF,1
TRBV7-9,TRBJ2-1,ASSPADGTRESNEQF,1
TRBV7-9,TRBJ2-1,ASSPADGTSYNEQF,1
TRBV7-9,TRBJ2-1,ASSPADGYNEQF,1
TRBV7-9,TRBJ2-1,ASSPADHEQF,1
TRBV7-9,TRBJ2-1,ASSPADHNEQF,1
TRBV7-9,TRBJ2-1,ASSPADIDNEQF,1
TRBV7-9,TRBJ2-1,ASSPADISNEQF,1
TRBV7-9,TRBJ2-1,ASSPADKYNEQF,1
TRBV7-9,TRBJ2-1,ASSPADLPYNEQF,3
TRBV7-9,TRBJ2-1,ASSPADLSPYNEQF,2
TRBV7-9,TRBJ2-1,ASSPADLSSYNEQF,2
TRBV7-9,TRBJ2-1,ASSPADLYSYNEQF,3
TRBV7-9,TRBJ2-1,ASSPADNEQF,18
TRBV7-9,TRBJ2-1,ASSPADPLGEQF,20
TRBV7-9,TRBJ2-1,ASSPADPNEQF,1
TRBV7-9,TRBJ2-1,ASSPADPNNEQF,4
TRBV7-9,TRBJ2-1,ASSPADPRNEQF,1
TRBV7-9,TRBJ2-1,ASSPADPTPLYNEQF,1
TRBV7-9,TRBJ2-1,ASSPADPTRSYNEQF,1
TRBV7-9,TRBJ2-1,ASSPADQMNNDQF,1
TRBV7-9,TRBJ2-1,ASSPADQMNNEQF,7
TRBV7-9,TRBJ2-1,ASSPADQYNEQF,1
TRBV7-9,TRBJ2-1,ASSPADRAFGRNEQF,1
TRBV7-9,TRBJ2-1,ASSPADRAHNEQF,3
TRBV7-9,TRBJ2-1,ASSPADRDHNEQF,1
TRBV7-9,TRBJ2-1,ASSPADRDPYNEQF,1
TRBV7-9,TRBJ2-1,ASSPADRDSYNEQF,1
TRBV7-9,TRBJ2-1,ASSPADRDYNEQF,6
TRBV7-9,TRBJ2-1,ASSPADREAYNEQF,1
TRBV7-9,TRBJ2-1,ASSPADRGLRNEQF,4
TRBV7-9,TRBJ2-1,ASSPADRGPNEQF,1
TRBV7-9,TRBJ2-1,ASSPADRGRDEQF,1
TRBV7-9,TRBJ2-1,ASSPADRHNEEF,1
TRBV7-9,TRBJ2-1,ASSPADRHNEQF,1
TRBV7-9,TRBJ2-1,ASSPADRLGF,9
TRBV7-9,TRBJ2-1,ASSPADRNSYNEQF,4
TRBV7-9,TRBJ2-1,ASSPADRPNEQF,1
TRBV7-9,TRBJ2-1,ASSPADRQNEQF,1
TRBV7-9,TRBJ2-1,ASSPADRSNEQF,1
TRBV7-9,TRBJ2-1,ASSPADRSSYNEQF,1
TRBV7-9,TRBJ2-1,ASSPADRVDEQF,15
TRBV7-9,TRBJ2-1,ASSPADRVDGKF,1
TRBV7-9,TRBJ2-1,ASSPADRVVNEQF,1
TRBV7-9,TRBJ2-1,ASSPADRYNEQF,14
TRBV7-9,TRBJ2-1,ASSPADSDPSHNEQF,1
TRBV7-9,TRBJ2-1,ASSPADSEQF,1
TRBV7-9,TRBJ2-1,ASSPADSGADNEQF,1
TRBV7-9,TRBJ2-1,ASSPADSGAHNEQF,5
TRBV7-9,TRBJ2-1,ASSPADSGANEQF,1
TRBV7-9,TRBJ2-1,ASSPADSLFYNEQF,6
TRBV7-9,TRBJ2-1,ASSPADSNEQF,1
TRBV7-9,TRBJ2-1,ASSPADSPNEQF,2
TRBV7-9,TRBJ2-1,ASSPADSRSYNEQF,1
TRBV7-9,TRBJ2-1,ASSPADSSYNEQF,3
TRBV7-9,TRBJ2-1,ASSPADSYNEQF,3
TRBV7-9,TRBJ2-1,ASSPADTINPYNEQF,1
TRBV7-9,TRBJ2-1,ASSPADTNRNEQF,1
TRBV7-9,TRBJ2-1,ASSPADTSGPQF,4
TRBV7-9,TRBJ2-1,ASSPADTSSYNEQF,2
TRBV7-9,TRBJ2-1,ASSPADTWDVDEQF,1
TRBV7-9,TRBJ2-1,ASSPADTYNEQF,13
TRBV7-9,TRBJ2-1,ASSPADVQNPYNEQF,1
TRBV7-9,TRBJ2-1,ASSPADVRYEQF,2
TRBV7-9,TRBJ2-1,ASSPADWTYNEQF,1
TRBV7-9,TRBJ2-1,ASSPADWYNEQF,2
TRBV7-9,TRBJ2-1,ASSPADYEQF,2
TRBV7-9,TRBJ2-1,ASSPADYNEQF,3
TRBV7-9,TRBJ2-1,ASSPAEAGDNEQF,1
TRBV7-9,TRBJ2-1,ASSPAEAGGKNEQF,1
TRBV7-9,TRBJ2-1,ASSPAEAGPVNEQF,4
TRBV7-9,TRBJ2-1,ASSPAEAGTFPYNEQF,1
TRBV7-9,TRBJ2-1,ASSPAEASYPQI,3
TRBV7-9,TRBJ2-1,ASSPAEDEQF,2
TRBV7-9,TRBJ2-1,ASSPAEDNRNEQF,1
TRBV7-9,TRBJ2-1,ASSPAEDYGEQF,1
TRBV7-9,TRBJ2-1,ASSPAEEQF,7
TRBV7-9,TRBJ2-1,ASSPAEERGIDEQF,1
TRBV7-9,TRBJ2-1,ASSPAEFNEQF,2
TRBV7-9,TRBJ2-1,ASSPAEFYNEQF,2
TRBV7-9,TRBJ2-1,ASSPAEGASYNEQF,1
TRBV7-9,TRBJ2-1,ASSPAEGERINEQF,10
TRBV7-9,TRBJ2-1,ASSPAEGGGLSYNEQF,4
TRBV7-9,TRBJ2-1,ASSPAEGGPHNEQF,4
TRBV7-9,TRBJ2-1,ASSPAEGGRSYNEQF,1
TRBV7-9,TRBJ2-1,ASSPAEGGSMDYNEQF,3
TRBV7-9,TRBJ2-1,ASSPAEGINNEQF,1
TRBV7-9,TRBJ2-1,ASSPAEGISYKEQF,1
TRBV7-9,TRBJ2-1,ASSPAEGISYNEQF,8
TRBV7-9,TRBJ2-1,ASSPAEGLLASYNEQF,9
TRBV7-9,TRBJ2-1,ASSPAEGMSYNEQF,1
TRBV7-9,TRBJ2-1,ASSPAEGNEQF,18
TRBV7-9,TRBJ2-1,ASSPAEGNTNEQF,2
TRBV7-9,TRBJ2-1,ASSPAEGPYEQY,1
TRBV7-9,TRBJ2-1,ASSPAEGRAYNEQF,1
TRBV7-9,TRBJ2-1,ASSPAEGRSSYNEQF,2
TRBV7-9,TRBJ2-1,ASSPAEGSGSGGNEQF,1
TRBV7-9,TRBJ2-1,ASSPAEGSKNEQF,1
TRBV7-9,TRBJ2-1,ASSPAEGSYNEQF,3
TRBV7-9,TRBJ2-1,ASSPAEGTADNEQF,1
TRBV7-9,TRBJ2-1,ASSPAEGTCNNEQF,1
TRBV7-9,TRBJ2-1,ASSPAEGTFYNEQC,1
TRBV7-9,TRBJ2-1,ASSPAEGTRRTEQF,1
TRBV7-9,TRBJ2-1,ASSPAEGTSYKVQI,1
TRBV7-9,TRBJ2-1,ASSPAEGTSYNEQF,5
TRBV7-9,TRBJ2-1,ASSPAEGTSYNVQF,1
TRBV7-9,TRBJ2-1,ASSPAEGTSYSEQF,1
TRBV7-9,TRBJ2-1,ASSPAEGVNEQF,1
TRBV7-9,TRBJ2-1,ASSPAEGVSYNEQF,1
TRBV7-9,TRBJ2-1,ASSPAEGVYNEQF,1
TRBV7-9,TRBJ2-1,ASSPAEGYEQF,6
TRBV7-9,TRBJ2-1,ASSPAEGYNEQF,1
TRBV7-9,TRBJ2-1,ASSPAEHEQF,1
TRBV7-9,TRBJ2-1,ASSPAEHSYNEQF,1
TRBV7-9,TRBJ2-1,ASSPAEISYNEQF,1
TRBV7-9,TRBJ2-1,ASSPAEKYNEQF,18
TRBV7-9,TRBJ2-1,ASSPAEKYNKQF,1
TRBV7-9,TRBJ2-1,ASSPAELAGFYNEQF,1
TRBV7-9,TRBJ2-1,ASSPAELLSYNEQF,1
TRBV7-9,TRBJ2-1,ASSPAELVNNEQF,1
TRBV7-9,TRBJ2-1,ASSPAENAQF,1
TRBV7-9,TRBJ2-1,ASSPAENDQF,1
TRBV7-9,TRBJ2-1,ASSPAENEQF,15
TRBV7-9,TRBJ2-1,ASSPAENRAPWNEQF,1
TRBV7-9,TRBJ2-1,ASSPAENTIYNEQF,1
TRBV7-9,TRBJ2-1,ASSPAEPSYNEQF,1
TRBV7-9,TRBJ2-1,ASSPAEQEYYNEQF,1
TRBV7-9,TRBJ2-1,ASSPAEREPYNEQF,3
TRBV7-9,TRBJ2-1,ASSPAERGVSDEQF,1
TRBV7-9,TRBJ2-1,ASSPAERGYNEQF,1
TRBV7-9,TRBJ2-1,ASSPAERISYNEQF,1
TRBV7-9,TRBJ2-1,ASSPAESAYNEQC,1
TRBV7-9,TRBJ2-1,ASSPAESEQF,15
TRBV7-9,TRBJ2-1,ASSPAESEQV,1
TRBV7-9,TRBJ2-1,ASSPAESGNYNEQF,10
TRBV7-9,TRBJ2-1,ASSPAESSPHRNNEQF,1
TRBV7-9,TRBJ2-1,ASSPAESSPHRYNEQF,16
TRBV7-9,TRBJ2-1,ASSPAESSPRRYNEQF,1
TRBV7-9,TRBJ2-1,ASSPAESSSYNEQF,1
TRBV7-9,TRBJ2-1,ASSPAESSYNEQF,6
TRBV7-9,TRBJ2-1,ASSPAESYNEQF,7
TRBV7-9,TRBJ2-1,ASSPAETAYNEQF,1
TRBV7-9,TRBJ2-1,ASSPAETGITNEQF,1
TRBV7-9,TRBJ2-1,ASSPAETGYNEQF,6
TRBV7-9,TRBJ2-1,ASSPAETSGRFYNEQF,1
TRBV7-9,TRBJ2-1,ASSPAETSNEQF,1
TRBV7-9,TRBJ2-1,ASSPAETYNEQF,1
TRBV7-9,TRBJ2-1,ASSPAEVAEGGDEQF,1
TRBV7-9,TRBJ2-1,ASSPAEVAGDYEQF,2
TRBV7-9,TRBJ2-1,ASSPAEVAGGYNEQC,1
TRBV7-9,TRBJ2-1,ASSPAEVAGGYNEQF,17
TRBV7-9,TRBJ2-1,ASSPAEVGARRRNEQF,3
TRBV7-9,TRBJ2-1,ASSPAEVGLLFNEQF,1
TRBV7-9,TRBJ2-1,ASSPAEVGLLYNEQF,7
TRBV7-9,TRBJ2-1,ASSPAEVYYSEQF,2
TRBV7-9,TRBJ2-1,ASSPAEWSSYNEQF,1
TRBV7-9,TRBJ2-1,ASSPAF,8
TRBV7-9,TRBJ2-1,ASSPAFAGENEQF,1
TRBV7-9,TRBJ2-1,ASSPAFDSLSYNEQF,1
TRBV7-9,TRBJ2-1,ASSPAFEQF,5
TRBV7-9,TRBJ2-1,ASSPAFFSGRAYNEQF,1
TRBV7-9,TRBJ2-1,ASSPAFGALGDNEQF,1
TRBV7-9,TRBJ2-1,ASSPAFGDHEQF,1
TRBV7-9,TRBJ2-1,ASSPAFGDIDNEQF,1
TRBV7-9,TRBJ2-1,ASSPAFGDRHYNEQF,1
TRBV7-9,TRBJ2-1,ASSPAFGEGFYNEQF,1
TRBV7-9,TRBJ2-1,ASSPAFGGIDNEQF,1
TRBV7-9,TRBJ2-1,ASSPAFGQKYNEQF,1
TRBV7-9,TRBJ2-1,ASSPAFISAGGYYNEQF,1
TRBV7-9,TRBJ2-1,ASSPAFISTGGYYNEQF,8
TRBV7-9,TRBJ2-1,ASSPAFLDEQF,1
TRBV7-9,TRBJ2-1,ASSPAFNEQF,6
TRBV7-9,TRBJ2-1,ASSPAFRDAVVNEQF,1
TRBV7-9,TRBJ2-1,ASSPAFRDISYNEQF,5
TRBV7-9,TRBJ2-1,ASSPAFRGRRYNEQF,1
TRBV7-9,TRBJ2-1,ASSPAFRTGDKNEQF,1
TRBV7-9,TRBJ2-1,ASSPAFRVDEQF,1
TRBV7-9,TRBJ2-1,ASSPAFSEQF,1
TRBV7-9,TRBJ2-1,ASSPAFSGAYNEQF,1
TRBV7-9,TRBJ2-1,ASSPAFSGRAGYNEQF,1
TRBV7-9,TRBJ2-1,ASSPAFSGRAYSEQF,1
TRBV7-9,TRBJ2-1,ASSPAFSGSPNEQF,1
TRBV7-9,TRBJ2-1,ASSPAFSGSSDKGQF,1
TRBV7-9,TRBJ2-1,ASSPAFSGSSYNEQF,11
TRBV7-9,TRBJ2-1,ASSPAFSSYNEQF,3
TRBV7-9,TRBJ2-1,ASSPAFSYNEQF,1
TRBV7-9,TRBJ2-1,ASSPAFTSGRHNEQF,1
TRBV7-9,TRBJ2-1,ASSPAFWGTSGSNEQF,1
TRBV7-9,TRBJ2-1,ASSPAFWRGERANEQF,1
TRBV7-9,TRBJ2-1,ASSPAFYAHYNEQF,1
TRBV7-9,TRBJ2-1,ASSPAGAANEQF,1
TRBV7-9,TRBJ2-1,ASSPAGAAYNEQF,4
TRBV7-9,TRBJ2-1,ASSPAGADEQF,1
TRBV7-9,TRBJ2-1,ASSPAGADYNEQF,11
TRBV7-9,TRBJ2-1,ASSPAGAEDNEQF,1
TRBV7-9,TRBJ2-1,ASSPAGAEQF,4
TRBV7-9,TRBJ2-1,ASSPAGAEYNEQF,1
TRBV7-9,TRBJ2-1,ASSPAGAFYNEQF,1
TRBV7-9,TRBJ2-1,ASSPAGAGDNEQF,6
TRBV7-9,TRBJ2-1,ASSPAGAGDRNEQF,1
TRBV7-9,TRBJ2-1,ASSPAGAGDYNEQF,1
TRBV7-9,TRBJ2-1,ASSPAGAGFSYNEQF,1
TRBV7-9,TRBJ2-1,ASSPAGAGGGNEQF,1
TRBV7-9,TRBJ2-1,ASSPAGAGGLNEQF,1
TRBV7-9,TRBJ2-1,ASSPAGAGNEQF,1
TRBV7-9,TRBJ2-1,ASSPAGAGSTNEQF,2
TRBV7-9,TRBJ2-1,ASSPAGAGVASYNEQF,17
TRBV7-9,TRBJ2-1,ASSPAGAGVEQF,15
TRBV7-9,TRBJ2-1,ASSPAGAGYNEQF,15
TRBV7-9,TRBJ2-1,ASSPAGALVDEQF,1
TRBV7-9,TRBJ2-1,ASSPAGALYNEQF,3
TRBV7-9,TRBJ2-1,ASSPAGANEQF,3
TRBV7-9,TRBJ2-1,ASSPAGANYNEQF,2
TRBV7-9,TRBJ2-1,ASSPAGAPGNEQF,1
TRBV7-9,TRBJ2-1,ASSPAGAPNEQF,1
TRBV7-9,TRBJ2-1,ASSPAGAPRDNEQF,1
TRBV7-9,TRBJ2-1,ASSPAGAPYNEQF,1
TRBV7-9,TRBJ2-1,ASSPAGAQYNEQF,1
TRBV7-9,TRBJ2-1,ASSPAGARGDEQF,1
TRBV7-9,TRBJ2-1,ASSPAGARGNEQF,4
TRBV7-9,TRBJ2-1,ASSPAGARHYNEQF,1
TRBV7-9,TRBJ2-1,ASSPAGASDNEQF,1
TRBV7-9,TRBJ2-1,ASSPAGASDYNEQF,1
TRBV7-9,TRBJ2-1,ASSPAGASGANNEQF,1
TRBV7-9,TRBJ2-1,ASSPAGASGGLSNEQF,1
TRBV7-9,TRBJ2-1,ASSPAGASSYNEQF,2
TRBV7-9,TRBJ2-1,ASSPAGASYNEQF,23
TRBV7-9,TRBJ2-1,ASSPAGATYNEQF,8
TRBV7-9,TRBJ2-1,ASSPAGAWAFFNEQF,1
TRBV7-9,TRBJ2-1,ASSPAGAYNEQF,7
TRBV7-9,TRBJ2-1,ASSPAGAYNGEQF,3
TRBV7-9,TRBJ2-1,ASSPAGCGQDNEQF,1
TRBV7-9,TRBJ2-1,ASSPAGDEQF,25
TRBV7-9,TRBJ2-1,ASSPAGDGGNEQF,6
TRBV7-9,TRBJ2-1,ASSPAGDIYNEQF,1
TRBV7-9,TRBJ2-1,ASSPAGDLFDEQF,1
TRBV7-9,TRBJ2-1,ASSPAGDLLNEQF,1
TRBV7-9,TRBJ2-1,ASSPAGDLSYNEQF,7
TRBV7-9,TRBJ2-1,ASSPAGDNEHF,1
TRBV7-9,TRBJ2-1,ASSPAGDNEPC,1
TRBV7-9,TRBJ2-1,ASSPAGDNEQF,33
TRBV7-9,TRBJ2-1,ASSPAGDPYNEQF,1
TRBV7-9,TRBJ2-1,ASSPAGDRAEQF,15
TRBV7-9,TRBJ2-1,ASSPAGDRAYNEQF,1
TRBV7-9,TRBJ2-1,ASSPAGDRTNEQF,1
TRBV7-9,TRBJ2-1,ASSPAGDSYKEQF,1
TRBV7-9,TRBJ2-1,ASSPAGDSYNEQF,17
TRBV7-9,TRBJ2-1,ASSPAGDVYNEQF,1
TRBV7-9,TRBJ2-1,ASSPAGDWYNEQF,1
TRBV7-9,TRBJ2-1,ASSPAGDYGEQF,14
TRBV7-9,TRBJ2-1,ASSPAGDYLSNEQF,10
TRBV7-9,TRBJ2-1,ASSPAGDYNEQF,1
TRBV7-9,TRBJ2-1,ASSPAGDYSYNEQF,1
TRBV7-9,TRBJ2-1,ASSPAGEDEQF,1
TRBV7-9,TRBJ2-1,ASSPAGEERDRDEQF,1
TRBV7-9,TRBJ2-1,ASSPAGEGFGYNEQF,1
TRBV7-9,TRBJ2-1,ASSPAGEGGNEQF,1
TRBV7-9,TRBJ2-1,ASSPAGEGLGNEQF,1
TRBV7-9,TRBJ2-1,ASSPAGEGSYNEQF,1
TRBV7-9,TRBJ2-1,ASSPAGEGTYNEQF,1
TRBV7-9,TRBJ2-1,ASSPAGEKYNEQF,9
TRBV7-9,TRBJ2-1,ASSPAGENAYNEQF,16
TRBV7-9,TRBJ2-1,ASSPAGEPYNEQF,1
TRBV7-9,TRBJ2-1,ASSPAGEQF,27
TRBV7-9,TRBJ2-1,ASSPAGEREVKNEQF,1
TRBV7-9,TRBJ2-1,ASSPAGESSYNEQF,2
TRBV7-9,TRBJ2-1,ASSPAGEVHEQF,1
TRBV7-9,TRBJ2-1,ASSPAGEWNEQF,4
TRBV7-9,TRBJ2-1,ASSPAGFAYNEQF,1
TRBV7-9,TRBJ2-1,ASSPAGFEGTHNEQF,11
TRBV7-9,TRBJ2-1,ASSPAGFGNEQF,1
TRBV7-9,TRBJ2-1,ASSPAGFHEQF,1
TRBV7-9,TRBJ2-1,ASSPAGFHNEQF,1
TRBV7-9,TRBJ2-1,ASSPAGFNEQF,2
TRBV7-9,TRBJ2-1,ASSPAGFRDNEQF,1
TRBV7-9,TRBJ2-1,ASSPAGFSGRANEQF,1
TRBV7-9,TRBJ2-1,ASSPAGFSSYNEQF,1
TRBV7-9,TRBJ2-1,ASSPAGFSYNEQF,11
TRBV7-9,TRBJ2-1,ASSPAGFVLRGNEQF,12
TRBV7-9,TRBJ2-1,ASSPAGFVLRGNEQL,1
TRBV7-9,TRBJ2-1,ASSPAGFYEQF,1
TRBV7-9,TRBJ2-1,ASSPAGFYNEQF,1
TRBV7-9,TRBJ2-1,ASSPAGGAANEQF,1
TRBV7-9,TRBJ2-1,ASSPAGGAAYNEQF,1
TRBV7-9,TRBJ2-1,ASSPAGGADEQF,1
TRBV7-9,TRBJ2-1,ASSPAGGAFNEQF,1
TRBV7-9,TRBJ2-1,ASSPAGGAGSHEQF,1
TRBV7-9,TRBJ2-1,ASSPAGGAKGGNEQF,1
TRBV7-9,TRBJ2-1,ASSPAGGALAGLYNEQF,1
TRBV7-9,TRBJ2-1,ASSPAGGAQSSYNEQF,1
TRBV7-9,TRBJ2-1,ASSPAGGAREQF,1
TRBV7-9,TRBJ2-1,ASSPAGGASSYNEQF,1
TRBV7-9,TRBJ2-1,ASSPAGGASYNEQF,1
TRBV7-9,TRBJ2-1,ASSPAGGAYNEQF,2
TRBV7-9,TRBJ2-1,ASSPAGGDEQF,4
TRBV7-9,TRBJ2-1,ASSPAGGDLYNEQF,1
TRBV7-9,TRBJ2-1,ASSPAGGDNEQF,2
TRBV7-9,TRBJ2-1,ASSPAGGDSYNEQF,1
TRBV7-9,TRBJ2-1,ASSPAGGDTYNEQF,1
TRBV7-9,TRBJ2-1,ASSPAGGEDNEQF,1
TRBV7-9,TRBJ2-1,ASSPAGGEGFNEQF,15
TRBV7-9,TRBJ2-1,ASSPAGGEQF,7
TRBV7-9,TRBJ2-1,ASSPAGGERGEQF,15
TRBV7-9,TRBJ2-1,ASSPAGGESHNEQF,1
TRBV7-9,TRBJ2-1,ASSPAGGESNEQF,1
TRBV7-9,TRBJ2-1,ASSPAGGEYNEQF,1
TRBV7-9,TRBJ2-1,ASSPAGGFDEQF,1
TRBV7-9,TRBJ2-1,ASSPAGGFNNEQF,14
TRBV7-9,TRBJ2-1,ASSPAGGFTYNEQF,1
TRBV7-9,TRBJ2-1,ASSPAGGGAIGEQF,1
TRBV7-9,TRBJ2-1,ASSPAGGGANEQF,1
TRBV7-9,TRBJ2-1,ASSPAGGGDNEQF,1
TRBV7-9,TRBJ2-1,ASSPAGGGFNEQF,5
TRBV7-9,TRBJ2-1,ASSPAGGGGDEQF,1
TRBV7-9,TRBJ2-1,ASSPAGGGGNEQF,4
TRBV7-9,TRBJ2-1,ASSPAGGGLTYNEQF,1
TRBV7-9,TRBJ2-1,ASSPAGGGMDNEQF,10
TRBV7-9,TRBJ2-1,ASSPAGGGNDNEQF,1
TRBV7-9,TRBJ2-1,ASSPAGGGNEQF,6
TRBV7-9,TRBJ2-1,ASSPAGGGNYNEQF,17
TRBV7-9,TRBJ2-1,ASSPAGGGPYNEQF,1
TRBV7-9,TRBJ2-1,ASSPAGGGQF,3
TRBV7-9,TRBJ2-1,ASSPAGGGQYNEQF,1
TRBV7-9,TRBJ2-1,ASSPAGGGRNEQF,1
TRBV7-9,TRBJ2-1,ASSPAGGGRYNEQF,1
TRBV7-9,TRBJ2-1,ASSPAGGGSYNEQF,6
TRBV7-9,TRBJ2-1,ASSPAGGGTNEQF,1
TRBV7-9,TRBJ2-1,ASSPAGGGTYNEQF,11
TRBV7-9,TRBJ2-1,ASSPAGGGTYNERF,1
TRBV7-9,TRBJ2-1,ASSPAGGGWDNEQF,1
TRBV7-9,TRBJ2-1,ASSPAGGGYNEQF,8
TRBV7-9,TRBJ2-1,ASSPAGGGYRNNEQF,1
TRBV7-9,TRBJ2-1,ASSPAGGHEQF,9
TRBV7-9,TRBJ2-1,ASSPAGGHNEQF,8
TRBV7-9,TRBJ2-1,ASSPAGGHQVDNEQF,1
TRBV7-9,TRBJ2-1,ASSPAGGHYNEQF,11
TRBV7-9,TRBJ2-1,ASSPAGGIGGDEQF,1
TRBV7-9,TRBJ2-1,ASSPAGGIINEQF,1
TRBV7-9,TRBJ2-1,ASSPAGGINEQF,1
TRBV7-9,TRBJ2-1,ASSPAGGINNEQF,1
TRBV7-9,TRBJ2-1,ASSPAGGIYNEQF,14
TRBV7-9,TRBJ2-1,ASSPAGGKENNEQF,1
TRBV7-9,TRBJ2-1,ASSPAGGKGNEQF,14
TRBV7-9,TRBJ2-1,ASSPAGGKLAGENEQF,1
TRBV7-9,TRBJ2-1,ASSPAGGKRNDEKF,1
TRBV7-9,TRBJ2-1,ASSPAGGKRNDEQF,11
TRBV7-9,TRBJ2-1,ASSPAGGKRNDEQS,1
TRBV7-9,TRBJ2-1,ASSPAGGLAGGRLNEQF,1
TRBV7-9,TRBJ2-1,ASSPAGGLASYNEQF,14
TRBV7-9,TRBJ2-1,ASSPAGGLAYNEQF,1
TRBV7-9,TRBJ2-1,ASSPAGGLDYNEQF,1
TRBV7-9,TRBJ2-1,ASSPAGGLEEF,1
TRBV7-9,TRBJ2-1,ASSPAGGLEQF,15
TRBV7-9,TRBJ2-1,ASSPAGGLGQF,5
TRBV7-9,TRBJ2-1,ASSPAGGLGYNEQF,1
TRBV7-9,TRBJ2-1,ASSPAGGLHEQF,1
TRBV7-9,TRBJ2-1,ASSPAGGLLASYNEQF,1
TRBV7-9,TRBJ2-1,ASSPAGGLLNEQF,6
TRBV7-9,TRBJ2-1,ASSPAGGLMGNEKF,1
TRBV7-9,TRBJ2-1,ASSPAGGLMGNEQC,1
TRBV7-9,TRBJ2-1,ASSPAGGLMGNEQF,10
TRBV7-9,TRBJ2-1,ASSPAGGLNNEQF,2
TRBV7-9,TRBJ2-1,ASSPAGGLSYNEQF,14
TRBV7-9,TRBJ2-1,ASSPAGGLYNEQF,3
TRBV7-9,TRBJ2-1,ASSPAGGNEQF,16
TRBV7-9,TRBJ2-1,ASSPAGGNNEQF,3
TRBV7-9,TRBJ2-1,ASSPAGGNPYNEQF,1
TRBV7-9,TRBJ2-1,ASSPAGGNYNEQF,5
TRBV7-9,TRBJ2-1,ASSPAGGPAYNEQF,5
TRBV7-9,TRBJ2-1,ASSPAGGPDNEQF,7
TRBV7-9,TRBJ2-1,ASSPAGGPFDEQF,1
TRBV7-9,TRBJ2-1,ASSPAGGPFNEQF,2
TRBV7-9,TRBJ2-1,ASSPAGGPGDEQF,8
TRBV7-9,TRBJ2-1,ASSPAGGPGNEQF,3
TRBV7-9,TRBJ2-1,ASSPAGGPGSYNEQF,18
TRBV7-9,TRBJ2-1,ASSPAGGPHSNEQF,1
TRBV7-9,TRBJ2-1,ASSPAGGPHYNEQF,1
TRBV7-9,TRBJ2-1,ASSPAGGPLGEQF,3
TRBV7-9,TRBJ2-1,ASSPAGGPLNEQF,1
TRBV7-9,TRBJ2-1,ASSPAGGPNEQF,8
TRBV7-9,TRBJ2-1,ASSPAGGPPGDEQF,1
TRBV7-9,TRBJ2-1,ASSPAGGPRSHEF,7
TRBV7-9,TRBJ2-1,ASSPAGGPRYNEQF,1
TRBV7-9,TRBJ2-1,ASSPAGGPSNEQF,2
TRBV7-9,TRBJ2-1,ASSPAGGPTYNEQF,1
TRBV7-9,TRBJ2-1,ASSPAGGPVYNEQF,2
TRBV7-9,TRBJ2-1,ASSPAGGPYNEQF,13
TRBV7-9,TRBJ2-1,ASSPAGGQF,3
TRBV7-9,TRBJ2-1,ASSPAGGQGAYNEQF,1
TRBV7-9,TRBJ2-1,ASSPAGGQGNEQF,1
TRBV7-9,TRBJ2-1,ASSPAGGQGNNEQF,1
TRBV7-9,TRBJ2-1,ASSPAGGQNNEQF,1
TRBV7-9,TRBJ2-1,ASSPAGGQWYEQF,1
TRBV7-9,TRBJ2-1,ASSPAGGRAFNEQF,1
TRBV7-9,TRBJ2-1,ASSPAGGRAGNEQF,39
TRBV7-9,TRBJ2-1,ASSPAGGRAHNEQF,12
TRBV7-9,TRBJ2-1,ASSPAGGRAIGEQF,24
TRBV7-9,TRBJ2-1,ASSPAGGRAIVDQF,1
TRBV7-9,TRBJ2-1,ASSPAGGRALNEQF,25
TRBV7-9,TRBJ2-1,ASSPAGGRANEQF,1
TRBV7-9,TRBJ2-1,ASSPAGGRARNEQF,2
TRBV7-9,TRBJ2-1,ASSPAGGRAVNEQF,1
TRBV7-9,TRBJ2-1,ASSPAGGRAYNEQF,3
TRBV7-9,TRBJ2-1,ASSPAGGRDEQF,3
TRBV7-9,TRBJ2-1,ASSPAGGRDLNEQF,1
TRBV7-9,TRBJ2-1,ASSPAGGRDYNEQF,1
TRBV7-9,TRBJ2-1,ASSPAGGREPTYNEQF,1
TRBV7-9,TRBJ2-1,ASSPAGGREYNEQF,10
TRBV7-9,TRBJ2-1,ASSPAGGRFHEQF,9
TRBV7-9,TRBJ2-1,ASSPAGGRFYNEQF,10
TRBV7-9,TRBJ2-1,ASSPAGGRGNEQF,1
TRBV7-9,TRBJ2-1,ASSPAGGRGTSNEQF,1
TRBV7-9,TRBJ2-1,ASSPAGGRGTYNEQF,11
TRBV7-9,TRBJ2-1,ASSPAGGRHNEQF,1
TRBV7-9,TRBJ2-1,ASSPAGGRPIGEQF,1
TRBV7-9,TRBJ2-1,ASSPAGGRRDSSYNEQF,17
TRBV7-9,TRBJ2-1,ASSPAGGRSSYNEQF,1
TRBV7-9,TRBJ2-1,ASSPAGGRSYNEQF,6
TRBV7-9,TRBJ2-1,ASSPAGGRTYNEQF,1
TRBV7-9,TRBJ2-1,ASSPAGGRVGNEQF,2
TRBV7-9,TRBJ2-1,ASSPAGGRVNEQF,2
TRBV7-9,TRBJ2-1,ASSPAGGRVRDEQF,1
TRBV7-9,TRBJ2-1,ASSPAGGRYEQF,4
TRBV7-9,TRBJ2-1,ASSPAGGRYNEQF,30
TRBV7-9,TRBJ2-1,ASSPAGGSAYNEQF,19
TRBV7-9,TRBJ2-1,ASSPAGGSDEQF,2
TRBV7-9,TRBJ2-1,ASSPAGGSEQF,10
TRBV7-9,TRBJ2-1,ASSPAGGSGNEQF,1
TRBV7-9,TRBJ2-1,ASSPAGGSGRTPNEQF,1
TRBV7-9,TRBJ2-1,ASSPAGGSLKNEQF,1
TRBV7-9,TRBJ2-1,ASSPAGGSNEQF,1
TRBV7-9,TRBJ2-1,ASSPAGGSPGSYNEQF,1
TRBV7-9,TRBJ2-1,ASSPAGGSRDNEQF,1
TRBV7-9,TRBJ2-1,ASSPAGGSSYNEQF,19
TRBV7-9,TRBJ2-1,ASSPAGGSSYSYNEQF,1
TRBV7-9,TRBJ2-1,ASSPAGGSTYNEQF,7
TRBV7-9,TRBJ2-1,ASSPAGGSYHEQF,1
TRBV7-9,TRBJ2-1,ASSPAGGSYNEQF,26
TRBV7-9,TRBJ2-1,ASSPAGGTAYNEQF,1
TRBV7-9,TRBJ2-1,ASSPAGGTIDNEQF,1
TRBV7-9,TRBJ2-1,ASSPAGGTMSSYNEQF,1
TRBV7-9,TRBJ2-1,ASSPAGGTPSYNEQF,1
TRBV7-9,TRBJ2-1,ASSPAGGTRRNEQF,1
TRBV7-9,TRBJ2-1,ASSPAGGTSGTCEQF,1
TRBV7-9,TRBJ2-1,ASSPAGGTTYNEQF,3
TRBV7-9,TRBJ2-1,ASSPAGGTYNEQF,1
TRBV7-9,TRBJ2-1,ASSPAGGTYYNEQF,1
TRBV7-9,TRBJ2-1,ASSPAGGVAGIHEQF,1
TRBV7-9,TRBJ2-1,ASSPAGGVDEQF,1
TRBV7-9,TRBJ2-1,ASSPAGGVERNYNEQF,1
TRBV7-9,TRBJ2-1,ASSPAGGVGNEQF,1
TRBV7-9,TRBJ2-1,ASSPAGGVVSSYNEQF,1
TRBV7-9,TRBJ2-1,ASSPAGGVYNDQF,2
TRBV7-9,TRBJ2-1,ASSPAGGVYNEQF,10
TRBV7-9,TRBJ2-1,ASSPAGGWNEQF,1
TRBV7-9,TRBJ2-1,ASSPAGGWQF,2
TRBV7-9,TRBJ2-1,ASSPAGGYEQF,3
TRBV7-9,TRBJ2-1,ASSPAGGYNEQF,31
TRBV7-9,TRBJ2-1,ASSPAGGYNEQL,1
TRBV7-9,TRBJ2-1,ASSPAGGYYNEQF,2
TRBV7-9,TRBJ2-1,ASSPAGHEQF,2
TRBV7-9,TRBJ2-1,ASSPAGHHNEQF,1
TRBV7-9,TRBJ2-1,ASSPAGHNEQF,1
TRBV7-9,TRBJ2-1,ASSPAGHPNEQF,1
TRBV7-9,TRBJ2-1,ASSPAGHRYNEQF,1
TRBV7-9,TRBJ2-1,ASSPAGHYNEQF,1
TRBV7-9,TRBJ2-1,ASSPAGIAFYNEQF,1
TRBV7-9,TRBJ2-1,ASSPAGIAYNEQF,2
TRBV7-9,TRBJ2-1,ASSPAGIDNEQF,1
TRBV7-9,TRBJ2-1,ASSPAGIHEQF,15
TRBV7-9,TRBJ2-1,ASSPAGINYNEQF,1
TRBV7-9,TRBJ2-1,ASSPAGIPAGYNEQF,1
TRBV7-9,TRBJ2-1,ASSPAGIRLKNEQF,1
TRBV7-9,TRBJ2-1,ASSPAGIRRGWVDEQF,1
TRBV7-9,TRBJ2-1,ASSPAGISSYNEQF,1
TRBV7-9,TRBJ2-1,ASSPAGISVGEQF,11
TRBV7-9,TRBJ2-1,ASSPAGISVGGQF,2
TRBV7-9,TRBJ2-1,ASSPAGISYNEQF,4
TRBV7-9,TRBJ2-1,ASSPAGKFRNEQF,1
TRBV7-9,TRBJ2-1,ASSPAGKREEQF,1
TRBV7-9,TRBJ2-1,ASSPAGKRYNEQF,1
TRBV7-9,TRBJ2-1,ASSPAGKSYNEQF,1
TRBV7-9,TRBJ2-1,ASSPAGLAAFNEQF,5
TRBV7-9,TRBJ2-1,ASSPAGLAANEQF,1
TRBV7-9,TRBJ2-1,ASSPAGLAASEQF,1
TRBV7-9,TRBJ2-1,ASSPAGLADDEQF,1
TRBV7-9,TRBJ2-1,ASSPAGLADEQF,1
TRBV7-9,TRBJ2-1,ASSPAGLADNEQF,5
TRBV7-9,TRBJ2-1,ASSPAGLAEAYNEQF,1
TRBV7-9,TRBJ2-1,ASSPAGLAEYNEQF,1
TRBV7-9,TRBJ2-1,ASSPAGLAGAHNEQF,1
TRBV7-9,TRBJ2-1,ASSPAGLAGAKTGNEQF,1
TRBV7-9,TRBJ2-1,ASSPAGLAGAQDEQF,1
TRBV7-9,TRBJ2-1,ASSPAGLAGAYNEQF,13
TRBV7-9,TRBJ2-1,ASSPAGLAGDDEQF,8
TRBV7-9,TRBJ2-1,ASSPAGLAGDEQF,1
TRBV7-9,TRBJ2-1,ASSPAGLAGDPYSEQF,7
TRBV7-9,TRBJ2-1,ASSPAGLAGEEQF,2
TRBV7-9,TRBJ2-1,ASSPAGLAGEVNEQF,1
TRBV7-9,TRBJ2-1,ASSPAGLAGGLVNEQF,1
TRBV7-9,TRBJ2-1,ASSPAGLAGGPDNEQF,7
TRBV7-9,TRBJ2-1,ASSPAGLAGGVKDEQF,1
TRBV7-9,TRBJ2-1,ASSPAGLAGGVTDEQF,4
TRBV7-9,TRBJ2-1,ASSPAGLAGHSYNEQF,1
TRBV7-9,TRBJ2-1,ASSPAGLAGIHNEQF,1
TRBV7-9,TRBJ2-1,ASSPAGLAGLHEQF,12
TRBV7-9,TRBJ2-1,ASSPAGLAGLNEQF,1
TRBV7-9,TRBJ2-1,ASSPAGLAGLSSYNEQF,1
TRBV7-9,TRBJ2-1,ASSPAGLAGLSYNEQF,1
TRBV7-9,TRBJ2-1,ASSPAGLAGNEQF,2
TRBV7-9,TRBJ2-1,ASSPAGLAGRGSNEQF,1
TRBV7-9,TRBJ2-1,ASSPAGLAGRNEQF,4
TRBV7-9,TRBJ2-1,ASSPAGLAGSEQF,4
TRBV7-9,TRBJ2-1,ASSPAGLAGSSYNEQF,1
TRBV7-9,TRBJ2-1,ASSPAGLAGSYNEQF,1
TRBV7-9,TRBJ2-1,ASSPAGLAGVEQF,2
TRBV7-9,TRBJ2-1,ASSPAGLAGVGTYNEQF,1
TRBV7-9,TRBJ2-1,ASSPAGLAGVKNEQF,1
TRBV7-9,TRBJ2-1,ASSPAGLAGVNEQF,1
TRBV7-9,TRBJ2-1,ASSPAGLAGVNGEF,1
TRBV7-9,TRBJ2-1,ASSPAGLAGVRNEQF,1
TRBV7-9,TRBJ2-1,ASSPAGLAGVYEQF,6
TRBV7-9,TRBJ2-1,ASSPAGLAGWDEQF,35
TRBV7-9,TRBJ2-1,ASSPAGLAGWNEHF,1
TRBV7-9,TRBJ2-1,ASSPAGLAGYNEQC,1
TRBV7-9,TRBJ2-1,ASSPAGLAGYNEQF,6
TRBV7-9,TRBJ2-1,ASSPAGLAGYSSYNEQF,1
TRBV7-9,TRBJ2-1,ASSPAGLAINEQF,4
TRBV7-9,TRBJ2-1,ASSPAGLALLNNEQF,1
TRBV7-9,TRBJ2-1,ASSPAGLAMIDEQF,1
TRBV7-9,TRBJ2-1,ASSPAGLAMNEQF,2
TRBV7-9,TRBJ2-1,ASSPAGLAPNEQF,1
TRBV7-9,TRBJ2-1,ASSPAGLARYNEQF,1
TRBV7-9,TRBJ2-1,ASSPAGLASSEQF,8
TRBV7-9,TRBJ2-1,ASSPAGLATNEQF,1
TRBV7-9,TRBJ2-1,ASSPAGLATSEQF,1
TRBV7-9,TRBJ2-1,ASSPAGLATSSYNEQF,1
TRBV7-9,TRBJ2-1,ASSPAGLATYNEQF,5
TRBV7-9,TRBJ2-1,ASSPAGLAVGDEQF,1
TRBV7-9,TRBJ2-1,ASSPAGLAVGEQF,4
TRBV7-9,TRBJ2-1,ASSPAGLAVHEQF,4
TRBV7-9,TRBJ2-1,ASSPAGLAVYEQF,1
TRBV7-9,TRBJ2-1,ASSPAGLAVYNEQF,1
TRBV7-9,TRBJ2-1,ASSPAGLAWLQYEQF,1
TRBV7-9,TRBJ2-1,ASSPAGLAYEQF,1
TRBV7-9,TRBJ2-1,ASSPAGLAYNEQF,3
TRBV7-9,TRBJ2-1,ASSPAGLDEQF,2
TRBV7-9,TRBJ2-1,ASSPAGLEGNEQF,1
TRBV7-9,TRBJ2-1,ASSPAGLELHEQF,1
TRBV7-9,TRBJ2-1,ASSPAGLEQF,15
TRBV7-9,TRBJ2-1,ASSPAGLEYNEQF,1
TRBV7-9,TRBJ2-1,ASSPAGLFAYNEQF,1
TRBV7-9,TRBJ2-1,ASSPAGLGNEQF,1
TRBV7-9,TRBJ2-1,ASSPAGLGPF,3
TRBV7-9,TRBJ2-1,ASSPAGLGSGNEQF,9
TRBV7-9,TRBJ2-1,ASSPAGLGSNEQC,1
TRBV7-9,TRBJ2-1,ASSPAGLGSNEQF,14
TRBV7-9,TRBJ2-1,ASSPAGLGYNEQF,1
TRBV7-9,TRBJ2-1,ASSPAGLLNEQF,1
TRBV7-9,TRBJ2-1,ASSPAGLLTYNEQF,1
TRBV7-9,TRBJ2-1,ASSPAGLLYNEQF,1
TRBV7-9,TRBJ2-1,ASSPAGLNEQF,2
TRBV7-9,TRBJ2-1,ASSPAGLNSYNEQF,1
TRBV7-9,TRBJ2-1,ASSPAGLPNNEQF,2
TRBV7-9,TRBJ2-1,ASSPAGLQSSSYNEQF,6
TRBV7-9,TRBJ2-1,ASSPAGLQSSYNEQF,6
TRBV7-9,TRBJ2-1,ASSPAGLRDSYNEQF,2
TRBV7-9,TRBJ2-1,ASSPAGLREGRNEQF,1
TRBV7-9,TRBJ2-1,ASSPAGLRGNEQF,2
TRBV7-9,TRBJ2-1,ASSPAGLRTPYNEQF,1
TRBV7-9,TRBJ2-1,ASSPAGLSGRAYNEQF,1
TRBV7-9,TRBJ2-1,ASSPAGLSLGSYNEQF,3
TRBV7-9,TRBJ2-1,ASSPAGLSSYNEQF,1
TRBV7-9,TRBJ2-1,ASSPAGLSYNEQF,28
TRBV7-9,TRBJ2-1,ASSPAGLTGNEQF,1
TRBV7-9,TRBJ2-1,ASSPAGLTNEQF,1
TRBV7-9,TRBJ2-1,ASSPAGLTSSYNEQF,1
TRBV7-9,TRBJ2-1,ASSPAGLVGNEQF,2
TRBV7-9,TRBJ2-1,ASSPAGLVGYNEQF,1
TRBV7-9,TRBJ2-1,ASSPAGLVRNNEQF,9
TRBV7-9,TRBJ2-1,ASSPAGLVSNEQF,1
TRBV7-9,TRBJ2-1,ASSPAGLVYNEQF,1
TRBV7-9,TRBJ2-1,ASSPAGLYNEQF,4
TRBV7-9,TRBJ2-1,ASSPAGLYYNEQF,3
TRBV7-9,TRBJ2-1,ASSPAGMDEQF,1
TRBV7-9,TRBJ2-1,ASSPAGMRGNEQF,4
TRBV7-9,TRBJ2-1,ASSPAGMSDEQF,2
TRBV7-9,TRBJ2-1,ASSPAGNAYNEQF,5
TRBV7-9,TRBJ2-1,ASSPAGNDEQF,1
TRBV7-9,TRBJ2-1,ASSPAGNEDNEQF,1
TRBV7-9,TRBJ2-1,ASSPAGNEQC,1
TRBV7-9,TRBJ2-1,ASSPAGNEQF,60
TRBV7-9,TRBJ2-1,ASSPAGNFEQF,8
TRBV7-9,TRBJ2-1,ASSPAGNIPYNEQF,1
TRBV7-9,TRBJ2-1,ASSPAGNNEQF,2
TRBV7-9,TRBJ2-1,ASSPAGNPYEQF,1
TRBV7-9,TRBJ2-1,ASSPAGNPYNEQF,6
TRBV7-9,TRBJ2-1,ASSPAGNTITDEQF,11
TRBV7-9,TRBJ2-1,ASSPAGNYNEQF,1
TRBV7-9,TRBJ2-1,ASSPAGPAGGNNEQF,1
TRBV7-9,TRBJ2-1,ASSPAGPDNEQF,4
TRBV7-9,TRBJ2-1,ASSPAGPFRNEQF,1
TRBV7-9,TRBJ2-1,ASSPAGPGDEQF,16
TRBV7-9,TRBJ2-1,ASSPAGPGNEQF,1
TRBV7-9,TRBJ2-1,ASSPAGPGQSTNEQF,2
TRBV7-9,TRBJ2-1,ASSPAGPGVFDNEQF,1
TRBV7-9,TRBJ2-1,ASSPAGPHNEQF,17
TRBV7-9,TRBJ2-1,ASSPAGPHNERF,2
TRBV7-9,TRBJ2-1,ASSPAGPNEQF,6
TRBV7-9,TRBJ2-1,ASSPAGPPNNEQF,1
TRBV7-9,TRBJ2-1,ASSPAGPPYNEQF,1
TRBV7-9,TRBJ2-1,ASSPAGPRNNEQF,1
TRBV7-9,TRBJ2-1,ASSPAGPRPYNEQF,1
TRBV7-9,TRBJ2-1,ASSPAGPSGTYNEQF,1
TRBV7-9,TRBJ2-1,ASSPAGPSRGLGYNEQF,1
TRBV7-9,TRBJ2-1,ASSPAGPSRGNEQF,1
TRBV7-9,TRBJ2-1,ASSPAGPSSYNEQF,1
TRBV7-9,TRBJ2-1,ASSPAGPSYNEQF,11
TRBV7-9,TRBJ2-1,ASSPAGPTRGEQF,6
TRBV7-9,TRBJ2-1,ASSPAGPTYNEQF,16
TRBV7-9,TRBJ2-1,ASSPAGPTYSEQF,1
TRBV7-9,TRBJ2-1,ASSPAGPYNEQF,13
TRBV7-9,TRBJ2-1,ASSPAGPYYNEQF,1
TRBV7-9,TRBJ2-1,ASSPAGQDYNEQF,1
TRBV7-9,TRBJ2-1,ASSPAGQENEQF,1
TRBV7-9,TRBJ2-1,ASSPAGQEQF,3
TRBV7-9,TRBJ2-1,ASSPAGQFYNEQF,2
TRBV7-9,TRBJ2-1,ASSPAGQGAYEQF,1
TRBV7-9,TRBJ2-1,ASSPAGQGAYNEQF,18
TRBV7-9,TRBJ2-1,ASSPAGQGAYSGNEQF,1
TRBV7-9,TRBJ2-1,ASSPAGQGDEQF,1
TRBV7-9,TRBJ2-1,ASSPAGQGFARSSYNEQF,9
TRBV7-9,TRBJ2-1,ASSPAGQGGNEQF,2
TRBV7-9,TRBJ2-1,ASSPAGQGGSSYNEQF,1
TRBV7-9,TRBJ2-1,ASSPAGQGGYNEQF,4
TRBV7-9,TRBJ2-1,ASSPAGQGILNEQF,1
TRBV7-9,TRBJ2-1,ASSPAGQGPYNEQF,1
TRBV7-9,TRBJ2-1,ASSPAGQGRGEQF,2
TRBV7-9,TRBJ2-1,ASSPAGQGRNEQF,8
TRBV7-9,TRBJ2-1,ASSPAGQGSAEQF,2
TRBV7-9,TRBJ2-1,ASSPAGQGSDEQF,1
TRBV7-9,TRBJ2-1,ASSPAGQGSYNEQF,1
TRBV7-9,TRBJ2-1,ASSPAGQGTDYNEQF,1
TRBV7-9,TRBJ2-1,ASSPAGQGVDNEQF,1
TRBV7-9,TRBJ2-1,ASSPAGQGVFDEQF,10
TRBV7-9,TRBJ2-1,ASSPAGQGVFYEQF,1
TRBV7-9,TRBJ2-1,ASSPAGQGYHNEQF,1
TRBV7-9,TRBJ2-1,ASSPAGQGYNEQF,11
TRBV7-9,TRBJ2-1,ASSPAGQGYNEQY,2
TRBV7-9,TRBJ2-1,ASSPAGQISNEQF,1
TRBV7-9,TRBJ2-1,ASSPAGQIYNEQF,1
TRBV7-9,TRBJ2-1,ASSPAGQLFGEQF,8
TRBV7-9,TRBJ2-1,ASSPAGQLYNEQF,1
TRBV7-9,TRBJ2-1,ASSPAGQPYNEQF,1
TRBV7-9,TRBJ2-1,ASSPAGQQYNEQF,1
TRBV7-9,TRBJ2-1,ASSPAGQRYNEHF,1
TRBV7-9,TRBJ2-1,ASSPAGQRYNEQF,20
TRBV7-9,TRBJ2-1,ASSPAGQSPGTSGNEQF,1
TRBV7-9,TRBJ2-1,ASSPAGQSSYNEQF,5
TRBV7-9,TRBJ2-1,ASSPAGQSWNEQF,1
TRBV7-9,TRBJ2-1,ASSPAGQSYNEQF,16
TRBV7-9,TRBJ2-1,ASSPAGQTFYNEQF,1
TRBV7-9,TRBJ2-1,ASSPAGQTYNEHF,1
TRBV7-9,TRBJ2-1,ASSPAGQTYNEQF,7
TRBV7-9,TRBJ2-1,ASSPAGQVDNEQF,1
TRBV7-9,TRBJ2-1,ASSPAGQVYNEQF,2
TRBV7-9,TRBJ2-1,ASSPAGQWGLAGGDEQF,1
TRBV7-9,TRBJ2-1,ASSPAGRADEQF,4
TRBV7-9,TRBJ2-1,ASSPAGRAGEEQF,1
TRBV7-9,TRBJ2-1,ASSPAGRAGNEQF,1
TRBV7-9,TRBJ2-1,ASSPAGRDEQF,1
TRBV7-9,TRBJ2-1,ASSPAGRDRHEQF,1
TRBV7-9,TRBJ2-1,ASSPAGRDYNEQF,5
TRBV7-9,TRBJ2-1,ASSPAGREANEQF,1
TRBV7-9,TRBJ2-1,ASSPAGREGGNEQF,1
TRBV7-9,TRBJ2-1,ASSPAGREGHDEQF,1
TRBV7-9,TRBJ2-1,ASSPAGREQF,22
TRBV7-9,TRBJ2-1,ASSPAGRERNEQF,1
TRBV7-9,TRBJ2-1,ASSPAGRETNEQF,1
TRBV7-9,TRBJ2-1,ASSPAGRETYNEQF,1
TRBV7-9,TRBJ2-1,ASSPAGREYNEQF,2
TRBV7-9,TRBJ2-1,ASSPAGREYVEQF,9
TRBV7-9,TRBJ2-1,ASSPAGRFYNEQF,1
TRBV7-9,TRBJ2-1,ASSPAGRGAYNEQF,1
TRBV7-9,TRBJ2-1,ASSPAGRGDEQF,18
TRBV7-9,TRBJ2-1,ASSPAGRGDFYNEQF,1
TRBV7-9,TRBJ2-1,ASSPAGRGDGQF,1
TRBV7-9,TRBJ2-1,ASSPAGRGLKDNEQF,1
TRBV7-9,TRBJ2-1,ASSPAGRGPF,1
TRBV7-9,TRBJ2-1,ASSPAGRGQF,1
TRBV7-9,TRBJ2-1,ASSPAGRGYNEQF,1
TRBV7-9,TRBJ2-1,ASSPAGRKTNEQF,3
TRBV7-9,TRBJ2-1,ASSPAGRLAGIDEQF,1
TRBV7-9,TRBJ2-1,ASSPAGRLGNEQF,13
TRBV7-9,TRBJ2-1,ASSPAGRLHNEQF,7
TRBV7-9,TRBJ2-1,ASSPAGRLNEQF,1
TRBV7-9,TRBJ2-1,ASSPAGRNEQF,14
TRBV7-9,TRBJ2-1,ASSPAGRNNEQF,1
TRBV7-9,TRBJ2-1,ASSPAGRNRESSYNEQF,1
TRBV7-9,TRBJ2-1,ASSPAGRRGNEQF,1
TRBV7-9,TRBJ2-1,ASSPAGRRSYNEQF,1
TRBV7-9,TRBJ2-1,ASSPAGRSHNEQF,1
TRBV7-9,TRBJ2-1,ASSPAGRSLDEQF,3
TRBV7-9,TRBJ2-1,ASSPAGRSSYNEQF,1
TRBV7-9,TRBJ2-1,ASSPAGRSYNEQF,4
TRBV7-9,TRBJ2-1,ASSPAGRTGFEYEQF,1
TRBV7-9,TRBJ2-1,ASSPAGRTGGYLEQF,9
TRBV7-9,TRBJ2-1,ASSPAGRTGYNEQF,1
TRBV7-9,TRBJ2-1,ASSPAGRTYNEQF,1
TRBV7-9,TRBJ2-1,ASSPAGRVAGDEQF,1
TRBV7-9,TRBJ2-1,ASSPAGRVDEQF,1
TRBV7-9,TRBJ2-1,ASSPAGRVSPYNEQF,1
TRBV7-9,TRBJ2-1,ASSPAGRVSYNEQF,1
TRBV7-9,TRBJ2-1,ASSPAGRVYNELF,1
TRBV7-9,TRBJ2-1,ASSPAGRWDEPF,1
TRBV7-9,TRBJ2-1,ASSPAGRWDEQF,14
TRBV7-9,TRBJ2-1,ASSPAGRYNEQF,1
TRBV7-9,TRBJ2-1,ASSPAGSAENEQF,1
TRBV7-9,TRBJ2-1,ASSPAGSDNEQV,1
TRBV7-9,TRBJ2-1,ASSPAGSEQF,1
TRBV7-9,TRBJ2-1,ASSPAGSFYNEQF,1
TRBV7-9,TRBJ2-1,ASSPAGSGAFHNEQF,6
TRBV7-9,TRBJ2-1,ASSPAGSGGINEQF,9
TRBV7-9,TRBJ2-1,ASSPAGSGGPNRYNEQF,3
TRBV7-9,TRBJ2-1,ASSPAGSGGYYNEQF,1
TRBV7-9,TRBJ2-1,ASSPAGSGNEQF,1
TRBV7-9,TRBJ2-1,ASSPAGSGRAGNEQF,1
TRBV7-9,TRBJ2-1,ASSPAGSGRALDEQF,1
TRBV7-9,TRBJ2-1,ASSPAGSGRALNEQF,1
TRBV7-9,TRBJ2-1,ASSPAGSGRPFKQF,11
TRBV7-9,TRBJ2-1,ASSPAGSGRPYMQF,1
TRBV7-9,TRBJ2-1,ASSPAGSGRRFKQF,1
TRBV7-9,TRBJ2-1,ASSPAGSGRSSYNEQF,1
TRBV7-9,TRBJ2-1,ASSPAGSGRYNEQF,1
TRBV7-9,TRBJ2-1,ASSPAGSGSIYNEQF,1
TRBV7-9,TRBJ2-1,ASSPAGSGYNEQF,3
TRBV7-9,TRBJ2-1,ASSPAGSGYNEQY,1
TRBV7-9,TRBJ2-1,ASSPAGSHYNEQF,4
TRBV7-9,TRBJ2-1,ASSPAGSLENNEQF,1
TRBV7-9,TRBJ2-1,ASSPAGSLLLRNEQF,1
TRBV7-9,TRBJ2-1,ASSPAGSNEQF,10
TRBV7-9,TRBJ2-1,ASSPAGSNLDNEQF,9
TRBV7-9,TRBJ2-1,ASSPAGSPYNEQF,1
TRBV7-9,TRBJ2-1,ASSPAGSQGQF,1
TRBV7-9,TRBJ2-1,ASSPAGSQWQF,19
TRBV7-9,TRBJ2-1,ASSPAGSRDYRYNEQF,1
TRBV7-9,TRBJ2-1,ASSPAGSRVNEQF,12
TRBV7-9,TRBJ2-1,ASSPAGSRYEQF,1
TRBV7-9,TRBJ2-1,ASSPAGSSERNNEQF,1
TRBV7-9,TRBJ2-1,ASSPAGSSSYNEQF,2
TRBV7-9,TRBJ2-1,ASSPAGSSYNDQF,1
TRBV7-9,TRBJ2-1,ASSPAGSSYNEQF,66
TRBV7-9,TRBJ2-1,ASSPAGSTFGNEQF,1
TRBV7-9,TRBJ2-1,ASSPAGSTYNDQF,1
TRBV7-9,TRBJ2-1,ASSPAGSTYNEQF,23
TRBV7-9,TRBJ2-1,ASSPAGSVNEQF,1
TRBV7-9,TRBJ2-1,ASSPAGSVYNEQF,1
TRBV7-9,TRBJ2-1,ASSPAGSWEQF,6
TRBV7-9,TRBJ2-1,ASSPAGSYNEQF,26
TRBV7-9,TRBJ2-1,ASSPAGTAGYEQF,2
TRBV7-9,TRBJ2-1,ASSPAGTAINEQF,1
TRBV7-9,TRBJ2-1,ASSPAGTASYNEQF,1
TRBV7-9,TRBJ2-1,ASSPAGTAYNEQF,7
TRBV7-9,TRBJ2-1,ASSPAGTDKINELF,1
TRBV7-9,TRBJ2-1,ASSPAGTDKINEQF,19
TRBV7-9,TRBJ2-1,ASSPAGTDNEQF,10
TRBV7-9,TRBJ2-1,ASSPAGTDSYNEQF,2
TRBV7-9,TRBJ2-1,ASSPAGTDTYNEQF,1
TRBV7-9,TRBJ2-1,ASSPAGTDYNEQF,1
TRBV7-9,TRBJ2-1,ASSPAGTEDNEQF,1
TRBV7-9,TRBJ2-1,ASSPAGTEHNEQF,1
TRBV7-9,TRBJ2-1,ASSPAGTETNEQF,10
TRBV7-9,TRBJ2-1,ASSPAGTEYNEQF,1
TRBV7-9,TRBJ2-1,ASSPAGTFYNEQF,1
TRBV7-9,TRBJ2-1,ASSPAGTGAFNEQF,8
TRBV7-9,TRBJ2-1,ASSPAGTGALNEQF,1
TRBV7-9,TRBJ2-1,ASSPAGTGAYNEQF,1
TRBV7-9,TRBJ2-1,ASSPAGTGDNEQF,10
TRBV7-9,TRBJ2-1,ASSPAGTGDNEQY,1
TRBV7-9,TRBJ2-1,ASSPAGTGDWDEQF,1
TRBV7-9,TRBJ2-1,ASSPAGTGDYNEQF,1
TRBV7-9,TRBJ2-1,ASSPAGTGFDEQF,1
TRBV7-9,TRBJ2-1,ASSPAGTGGDEQF,1
TRBV7-9,TRBJ2-1,ASSPAGTGGFNEQF,2
TRBV7-9,TRBJ2-1,ASSPAGTGGIINEQF,1
TRBV7-9,TRBJ2-1,ASSPAGTGGLYNEQF,1
TRBV7-9,TRBJ2-1,ASSPAGTGGNEQF,1
TRBV7-9,TRBJ2-1,ASSPAGTGGNNEQF,1
TRBV7-9,TRBJ2-1,ASSPAGTGGRDEQF,4
TRBV7-9,TRBJ2-1,ASSPAGTGGYDEQF,1
TRBV7-9,TRBJ2-1,ASSPAGTGGYNEQF,1
TRBV7-9,TRBJ2-1,ASSPAGTGIHNEQF,1
TRBV7-9,TRBJ2-1,ASSPAGTGILDEQF,1
TRBV7-9,TRBJ2-1,ASSPAGTGINNEQF,18
TRBV7-9,TRBJ2-1,ASSPAGTGISYNEQF,1
TRBV7-9,TRBJ2-1,ASSPAGTGIVEQF,9
TRBV7-9,TRBJ2-1,ASSPAGTGKIGEQF,6
TRBV7-9,TRBJ2-1,ASSPAGTGLGDEQF,4
TRBV7-9,TRBJ2-1,ASSPAGTGLNEQF,1
TRBV7-9,TRBJ2-1,ASSPAGTGNGNEQF,1
TRBV7-9,TRBJ2-1,ASSPAGTGNRNEQF,1
TRBV7-9,TRBJ2-1,ASSPAGTGNYNEQF,1
TRBV7-9,TRBJ2-1,ASSPAGTGRNEQF,31
TRBV7-9,TRBJ2-1,ASSPAGTGRNEQL,1
TRBV7-9,TRBJ2-1,ASSPAGTGSFDTGNEQF,3
TRBV7-9,TRBJ2-1,ASSPAGTGSYNEQF,2
TRBV7-9,TRBJ2-1,ASSPAGTGTYNEQF,7
TRBV7-9,TRBJ2-1,ASSPAGTGVFNEQF,1
TRBV7-9,TRBJ2-1,ASSPAGTGVGDEQF,1
TRBV7-9,TRBJ2-1,ASSPAGTGVVNEQF,1
TRBV7-9,TRBJ2-1,ASSPAGTGVYNEQF,2
TRBV7-9,TRBJ2-1,ASSPAGTGWHEQF,1
TRBV7-9,TRBJ2-1,ASSPAGTGYNEQF,9
TRBV7-9,TRBJ2-1,ASSPAGTHDEQF,1
TRBV7-9,TRBJ2-1,ASSPAGTINIVQF,1
TRBV7-9,TRBJ2-1,ASSPAGTINNEQC,1
TRBV7-9,TRBJ2-1,ASSPAGTINNEQF,17
TRBV7-9,TRBJ2-1,ASSPAGTIPDEQF,1
TRBV7-9,TRBJ2-1,ASSPAGTLDEQF,1
TRBV7-9,TRBJ2-1,ASSPAGTLGNEQF,1
TRBV7-9,TRBJ2-1,ASSPAGTLLNEQF,1
TRBV7-9,TRBJ2-1,ASSPAGTLNEQF,1
TRBV7-9,TRBJ2-1,ASSPAGTLSYNEQC,1
TRBV7-9,TRBJ2-1,ASSPAGTLSYNEQF,7
TRBV7-9,TRBJ2-1,ASSPAGTLSYNKQF,1
TRBV7-9,TRBJ2-1,ASSPAGTLYNEQF,5
TRBV7-9,TRBJ2-1,ASSPAGTMKKGNEQF,3
TRBV7-9,TRBJ2-1,ASSPAGTMKVNEQF,1
TRBV7-9,TRBJ2-1,ASSPAGTNEQF,1
TRBV7-9,TRBJ2-1,ASSPAGTNNEQF,1
TRBV7-9,TRBJ2-1,ASSPAGTNYNEQF,1
TRBV7-9,TRBJ2-1,ASSPAGTPINEQF,1
TRBV7-9,TRBJ2-1,ASSPAGTPNNEQF,17
TRBV7-9,TRBJ2-1,ASSPAGTPRGYNEQF,1
TRBV7-9,TRBJ2-1,ASSPAGTPSYNEQF,5
TRBV7-9,TRBJ2-1,ASSPAGTPYNEQF,2
TRBV7-9,TRBJ2-1,ASSPAGTQAYNEQF,1
TRBV7-9,TRBJ2-1,ASSPAGTQVGWNEQF,1
TRBV7-9,TRBJ2-1,ASSPAGTQWNEQF,2
TRBV7-9,TRBJ2-1,ASSPAGTQYNEQF,2
TRBV7-9,TRBJ2-1,ASSPAGTRDDNEQF,1
TRBV7-9,TRBJ2-1,ASSPAGTRDNEQF,1
TRBV7-9,TRBJ2-1,ASSPAGTREAEQF,21
TRBV7-9,TRBJ2-1,ASSPAGTRGNEQF,1
TRBV7-9,TRBJ2-1,ASSPAGTRGYNEQF,3
TRBV7-9,TRBJ2-1,ASSPAGTRNNEQF,1
TRBV7-9,TRBJ2-1,ASSPAGTRQINEQF,3
TRBV7-9,TRBJ2-1,ASSPAGTRSEQF,1
TRBV7-9,TRBJ2-1,ASSPAGTRSYEQF,1
TRBV7-9,TRBJ2-1,ASSPAGTRTYNEQF,1
TRBV7-9,TRBJ2-1,ASSPAGTRYNEQF,4
TRBV7-9,TRBJ2-1,ASSPAGTSADNEQF,1
TRBV7-9,TRBJ2-1,ASSPAGTSASGGPS,1
TRBV7-9,TRBJ2-1,ASSPAGTSASGGQF,16
TRBV7-9,TRBJ2-1,ASSPAGTSAYNEQF,4
TRBV7-9,TRBJ2-1,ASSPAGTSDNEQF,2
TRBV7-9,TRBJ2-1,ASSPAGTSENEQF,2
TRBV7-9,TRBJ2-1,ASSPAGTSERNNEQF,8
TRBV7-9,TRBJ2-1,ASSPAGTSEYNEQF,1
TRBV7-9,TRBJ2-1,ASSPAGTSFNEQF,1
TRBV7-9,TRBJ2-1,ASSPAGTSFYNEQF,1
TRBV7-9,TRBJ2-1,ASSPAGTSGANNEQF,10
TRBV7-9,TRBJ2-1,ASSPAGTSGDNEQF,1
TRBV7-9,TRBJ2-1,ASSPAGTSGERSYNEQF,1
TRBV7-9,TRBJ2-1,ASSPAGTSGFNEEF,1
TRBV7-9,TRBJ2-1,ASSPAGTSGFNEQF,10
TRBV7-9,TRBJ2-1,ASSPAGTSGGAFNEQF,2
TRBV7-9,TRBJ2-1,ASSPAGTSGGFNEQF,1
TRBV7-9,TRBJ2-1,ASSPAGTSGGGYNEQF,1
TRBV7-9,TRBJ2-1,ASSPAGTSGGNEQF,1
TRBV7-9,TRBJ2-1,ASSPAGTSGGYNEQF,1
TRBV7-9,TRBJ2-1,ASSPAGTSGINEQF,1
TRBV7-9,TRBJ2-1,ASSPAGTSGKNEQF,2
TRBV7-9,TRBJ2-1,ASSPAGTSGPGSYNEQF,4
TRBV7-9,TRBJ2-1,ASSPAGTSGPQF,12
TRBV7-9,TRBJ2-1,ASSPAGTSGRAKDNEQF,1
TRBV7-9,TRBJ2-1,ASSPAGTSGRDEQF,8
TRBV7-9,TRBJ2-1,ASSPAGTSGRLSYNEQF,1
TRBV7-9,TRBJ2-1,ASSPAGTSGRREDNEQF,6
TRBV7-9,TRBJ2-1,ASSPAGTSGRSGNEQF,1
TRBV7-9,TRBJ2-1,ASSPAGTSGRSSYNEQF,1
TRBV7-9,TRBJ2-1,ASSPAGTSGRSYNEQF,1
TRBV7-9,TRBJ2-1,ASSPAGTSGSGGHYNEQF,1
TRBV7-9,TRBJ2-1,ASSPAGTSGSNEQF,18
TRBV7-9,TRBJ2-1,ASSPAGTSGSTSYNEQF,1
TRBV7-9,TRBJ2-1,ASSPAGTSGSVGYNEQF,1
TRBV7-9,TRBJ2-1,ASSPAGTSGSYEQF,1
TRBV7-9,TRBJ2-1,ASSPAGTSGTGSYNEQF,1
TRBV7-9,TRBJ2-1,ASSPAGTSGYNEQF,11
TRBV7-9,TRBJ2-1,ASSPAGTSHNNEQF,13
TRBV7-9,TRBJ2-1,ASSPAGTSHNNGQF,1
TRBV7-9,TRBJ2-1,ASSPAGTSINEQF,2
TRBV7-9,TRBJ2-1,ASSPAGTSLNNEQF,1
TRBV7-9,TRBJ2-1,ASSPAGTSNEQF,2
TRBV7-9,TRBJ2-1,ASSPAGTSNNEQF,6
TRBV7-9,TRBJ2-1,ASSPAGTSPDEQF,3
TRBV7-9,TRBJ2-1,ASSPAGTSRNNEQF,1
TRBV7-9,TRBJ2-1,ASSPAGTSSTSEQF,5
TRBV7-9,TRBJ2-1,ASSPAGTSSYNEQF,10
TRBV7-9,TRBJ2-1,ASSPAGTSVLVDEQF,10
TRBV7-9,TRBJ2-1,ASSPAGTSYNEQF,15
TRBV7-9,TRBJ2-1,ASSPAGTTNNEQF,1
TRBV7-9,TRBJ2-1,ASSPAGTTQYEQF,1
TRBV7-9,TRBJ2-1,ASSPAGTTVNEQF,1
TRBV7-9,TRBJ2-1,ASSPAGTVMNEQF,1
TRBV7-9,TRBJ2-1,ASSPAGTVNNEQF,1
TRBV7-9,TRBJ2-1,ASSPAGTVYNEQF,2
TRBV7-9,TRBJ2-1,ASSPAGTWGANEQF,2
TRBV7-9,TRBJ2-1,ASSPAGTWINEQF,1
TRBV7-9,TRBJ2-1,ASSPAGTYNEQF,2
TRBV7-9,TRBJ2-1,ASSPAGTYYNEQF,1
TRBV7-9,TRBJ2-1,ASSPAGVAGNEQF,1
TRBV7-9,TRBJ2-1,ASSPAGVAGVNEQF,1
TRBV7-9,TRBJ2-1,ASSPAGVANEQF,1
TRBV7-9,TRBJ2-1,ASSPAGVATYNEQF,1
TRBV7-9,TRBJ2-1,ASSPAGVDEQF,2
TRBV7-9,TRBJ2-1,ASSPAGVDRDF,17
TRBV7-9,TRBJ2-1,ASSPAGVEQF,13
TRBV7-9,TRBJ2-1,ASSPAGVGSYNEQF,1
TRBV7-9,TRBJ2-1,ASSPAGVGYNEQF,2
TRBV7-9,TRBJ2-1,ASSPAGVHNEQF,1
TRBV7-9,TRBJ2-1,ASSPAGVIEQF,12
TRBV7-9,TRBJ2-1,ASSPAGVIEQS,1
TRBV7-9,TRBJ2-1,ASSPAGVITYNEQF,1
TRBV7-9,TRBJ2-1,ASSPAGVLNEQF,1
TRBV7-9,TRBJ2-1,ASSPAGVLTNNEQF,1
TRBV7-9,TRBJ2-1,ASSPAGVLYNEQF,8
TRBV7-9,TRBJ2-1,ASSPAGVNEQF,1
TRBV7-9,TRBJ2-1,ASSPAGVNNEQF,1
TRBV7-9,TRBJ2-1,ASSPAGVNYNEQF,3
TRBV7-9,TRBJ2-1,ASSPAGVPTHEQF,1
TRBV7-9,TRBJ2-1,ASSPAGVPYNEQF,10
TRBV7-9,TRBJ2-1,ASSPAGVRANEQF,1
TRBV7-9,TRBJ2-1,ASSPAGVRVNEQF,7
TRBV7-9,TRBJ2-1,ASSPAGVSFNEQF,1
TRBV7-9,TRBJ2-1,ASSPAGVSVNEQF,1
TRBV7-9,TRBJ2-1,ASSPAGVSYNEQF,1
TRBV7-9,TRBJ2-1,ASSPAGVTNNEQF,1
TRBV7-9,TRBJ2-1,ASSPAGVVYEQF,1
TRBV7-9,TRBJ2-1,ASSPAGVYNEQF,3
TRBV7-9,TRBJ2-1,ASSPAGWASGSNEQF,1
TRBV7-9,TRBJ2-1,ASSPAGWDYNEQF,1
TRBV7-9,TRBJ2-1,ASSPAGWEGYNEQF,1
TRBV7-9,TRBJ2-1,ASSPAGWGANEQF,1
TRBV7-9,TRBJ2-1,ASSPAGWGEGHRV,1
TRBV7-9,TRBJ2-1,ASSPAGWGPYNEQF,1
TRBV7-9,TRBJ2-1,ASSPAGWGQDNEQF,13
TRBV7-9,TRBJ2-1,ASSPAGWGRAYNEQF,7
TRBV7-9,TRBJ2-1,ASSPAGWGSSYNEQF,9
TRBV7-9,TRBJ2-1,ASSPAGWGVYNEQF,1
TRBV7-9,TRBJ2-1,ASSPAGWGYNEQF,1
TRBV7-9,TRBJ2-1,ASSPAGWNEQF,3
TRBV7-9,TRBJ2-1,ASSPAGWPGDEQF,1
TRBV7-9,TRBJ2-1,ASSPAGWYNEQF,2
TRBV7-9,TRBJ2-1,ASSPAGYDNNEQF,1
TRBV7-9,TRBJ2-1,ASSPAGYDYNEQF,13
TRBV7-9,TRBJ2-1,ASSPAGYEQF,11
TRBV7-9,TRBJ2-1,ASSPAGYGQDEQF,1
TRBV7-9,TRBJ2-1,ASSPAGYHFGQF,3
TRBV7-9,TRBJ2-1,ASSPAGYLAVNNAQF,1
TRBV7-9,TRBJ2-1,ASSPAGYLAVNNEQF,1
TRBV7-9,TRBJ2-1,ASSPAGYNEQF,22
TRBV7-9,TRBJ2-1,ASSPAGYSSYNEQF,1
TRBV7-9,TRBJ2-1,ASSPAGYVQF,1
TRBV7-9,TRBJ2-1,ASSPAGYYNEQF,4
TRBV7-9,TRBJ2-1,ASSPAGYYSYNEQF,1
TRBV7-9,TRBJ2-1,ASSPAHAGESYNEQF,1
TRBV7-9,TRBJ2-1,ASSPAHDEQF,1
TRBV7-9,TRBJ2-1,ASSPAHDNEQF,1
TRBV7-9,TRBJ2-1,ASSPAHEQF,7
TRBV7-9,TRBJ2-1,ASSPAHGGRANEQF,1
TRBV7-9,TRBJ2-1,ASSPAHHEQV,1
TRBV7-9,TRBJ2-1,ASSPAHIAGVQTNEQF,1
TRBV7-9,TRBJ2-1,ASSPAHLAGDEQF,1
TRBV7-9,TRBJ2-1,ASSPAHLAVSSSNEQF,1
TRBV7-9,TRBJ2-1,ASSPAHLAVSSYNEQF,4
TRBV7-9,TRBJ2-1,ASSPAHLSYNEQF,2
TRBV7-9,TRBJ2-1,ASSPAHNEQF,40
TRBV7-9,TRBJ2-1,ASSPAHNEQV,1
TRBV7-9,TRBJ2-1,ASSPAHPARAHNEQF,2
TRBV7-9,TRBJ2-1,ASSPAHPTNEQF,1
TRBV7-9,TRBJ2-1,ASSPAHQTSYNEQF,1
TRBV7-9,TRBJ2-1,ASSPAHREASYNEQF,1
TRBV7-9,TRBJ2-1,ASSPAHRRLYNEQF,1
TRBV7-9,TRBJ2-1,ASSPAHSEQF,1
TRBV7-9,TRBJ2-1,ASSPAHSGIYNEQF,1
TRBV7-9,TRBJ2-1,ASSPAHSGRANEQF,1
TRBV7-9,TRBJ2-1,ASSPAHSGSDEQF,1
TRBV7-9,TRBJ2-1,ASSPAHSGVTDEQF,1
TRBV7-9,TRBJ2-1,ASSPAHSPGNEQF,6
TRBV7-9,TRBJ2-1,ASSPAHSSEQF,11
TRBV7-9,TRBJ2-1,ASSPAHSSYNEQF,1
TRBV7-9,TRBJ2-1,ASSPAHTTELVVYEQF,1
TRBV7-9,TRBJ2-1,ASSPAHVTRDEQF,1
TRBV7-9,TRBJ2-1,ASSPAHYEQF,1
TRBV7-9,TRBJ2-1,ASSPAHYNEQF,3
TRBV7-9,TRBJ2-1,ASSPAHYSTYNEQF,1
TRBV7-9,TRBJ2-1,ASSPAIAGGNNEQF,1
TRBV7-9,TRBJ2-1,ASSPAIAGLYNEQF,1
TRBV7-9,TRBJ2-1,ASSPAIAGNEQF,1
TRBV7-9,TRBJ2-1,ASSPAIAGRDNEQF,1
TRBV7-9,TRBJ2-1,ASSPAIAGSYNEQF,1
TRBV7-9,TRBJ2-1,ASSPAIDEQF,1
TRBV7-9,TRBJ2-1,ASSPAIDNEQF,6
TRBV7-9,TRBJ2-1,ASSPAIEPTYNEQF,1
TRBV7-9,TRBJ2-1,ASSPAIERRDNEQF,4
TRBV7-9,TRBJ2-1,ASSPAIGAASGYNEQF,5
TRBV7-9,TRBJ2-1,ASSPAIGDEQF,1
TRBV7-9,TRBJ2-1,ASSPAIGDSYNEQF,1
TRBV7-9,TRBJ2-1,ASSPAIGERISYNEQF,1
TRBV7-9,TRBJ2-1,ASSPAIGGINEQF,1
TRBV7-9,TRBJ2-1,ASSPAIGLADRYEQF,4
TRBV7-9,TRBJ2-1,ASSPAIGNEQF,1
TRBV7-9,TRBJ2-1,ASSPAIGRHNEQF,1
TRBV7-9,TRBJ2-1,ASSPAIGSINEQF,2
TRBV7-9,TRBJ2-1,ASSPAINEQF,18
TRBV7-9,TRBJ2-1,ASSPAIPPGHEQF,1
TRBV7-9,TRBJ2-1,ASSPAIPSDRGFNEQF,1
TRBV7-9,TRBJ2-1,ASSPAIQLADTYNEQF,1
TRBV7-9,TRBJ2-1,ASSPAIRDRDIYNEQF,1
TRBV7-9,TRBJ2-1,ASSPAISSYNEQF,1
TRBV7-9,TRBJ2-1,ASSPAISYNEQF,1
TRBV7-9,TRBJ2-1,ASSPAISYQGCNEQF,2
TRBV7-9,TRBJ2-1,ASSPAISYQGYNEQF,12
TRBV7-9,TRBJ2-1,ASSPAIVGSYNEQF,4
TRBV7-9,TRBJ2-1,ASSPAIYNEQF,3
TRBV7-9,TRBJ2-1,ASSPAKDIWSSNEQF,1
TRBV7-9,TRBJ2-1,ASSPAKEQF,1
TRBV7-9,TRBJ2-1,ASSPAKGGREQF,4
TRBV7-9,TRBJ2-1,ASSPAKGHEQF,1
TRBV7-9,TRBJ2-1,ASSPAKGLYNEQF,1
TRBV7-9,TRBJ2-1,ASSPAKGPYNEQF,1
TRBV7-9,TRBJ2-1,ASSPAKGQYNEQF,1
TRBV7-9,TRBJ2-1,ASSPAKGYNEQF,1
TRBV7-9,TRBJ2-1,ASSPAKIGVALYNEQF,1
TRBV7-9,TRBJ2-1,ASSPAKLAGGPYNEQF,1
TRBV7-9,TRBJ2-1,ASSPAKLGSGGAYNEQF,1
TRBV7-9,TRBJ2-1,ASSPAKNNEQF,2
TRBV7-9,TRBJ2-1,ASSPAKPEQF,2
TRBV7-9,TRBJ2-1,ASSPAKREANEQF,1
TRBV7-9,TRBJ2-1,ASSPAKREQF,4
TRBV7-9,TRBJ2-1,ASSPAKRGVSDEQF,1
TRBV7-9,TRBJ2-1,ASSPAKSGSSSYNEQF,7
TRBV7-9,TRBJ2-1,ASSPAKTSYNEQF,1
TRBV7-9,TRBJ2-1,ASSPALAADNEQF,3
TRBV7-9,TRBJ2-1,ASSPALAAGTEQF,1
TRBV7-9,TRBJ2-1,ASSPALAASEQF,4
TRBV7-9,TRBJ2-1,ASSPALAAYNEQF,1
TRBV7-9,TRBJ2-1,ASSPALADEQF,1
TRBV7-9,TRBJ2-1,ASSPALADSYNEQF,1
TRBV7-9,TRBJ2-1,ASSPALAEGQANEQF,1
TRBV7-9,TRBJ2-1,ASSPALAEYNEQF,12
TRBV7-9,TRBJ2-1,ASSPALAGAHNEQF,1
TRBV7-9,TRBJ2-1,ASSPALAGAYNEQF,1
TRBV7-9,TRBJ2-1,ASSPALAGDNEQF,1
TRBV7-9,TRBJ2-1,ASSPALAGGGEQF,3
TRBV7-9,TRBJ2-1,ASSPALAGGGGRNEQF,1
TRBV7-9,TRBJ2-1,ASSPALAGGGNEQF,1
TRBV7-9,TRBJ2-1,ASSPALAGGIHEQF,1
TRBV7-9,TRBJ2-1,ASSPALAGGINEQF,1
TRBV7-9,TRBJ2-1,ASSPALAGGIYNEQF,1
TRBV7-9,TRBJ2-1,ASSPALAGGKNYNEQF,2
TRBV7-9,TRBJ2-1,ASSPALAGGLDEQF,1
TRBV7-9,TRBJ2-1,ASSPALAGGLNEQF,1
TRBV7-9,TRBJ2-1,ASSPALAGGMDEQF,1
TRBV7-9,TRBJ2-1,ASSPALAGGNNEQF,1
TRBV7-9,TRBJ2-1,ASSPALAGGPGHNEQF,1
TRBV7-9,TRBJ2-1,ASSPALAGGPSYNEQF,1
TRBV7-9,TRBJ2-1,ASSPALAGGPWQNEQF,1
TRBV7-9,TRBJ2-1,ASSPALAGGQANEQF,13
TRBV7-9,TRBJ2-1,ASSPALAGGRNEQF,2
TRBV7-9,TRBJ2-1,ASSPALAGGSYNEQF,1
TRBV7-9,TRBJ2-1,ASSPALAGGTEQF,14
TRBV7-9,TRBJ2-1,ASSPALAGGTNEQF,6
TRBV7-9,TRBJ2-1,ASSPALAGHDEQF,2
TRBV7-9,TRBJ2-1,ASSPALAGIREQF,3
TRBV7-9,TRBJ2-1,ASSPALAGLNEQF,4
TRBV7-9,TRBJ2-1,ASSPALAGLNNEQF,1
TRBV7-9,TRBJ2-1,ASSPALAGNEQF,2
TRBV7-9,TRBJ2-1,ASSPALAGNNEQF,3
TRBV7-9,TRBJ2-1,ASSPALAGPSGYNEQF,1
TRBV7-9,TRBJ2-1,ASSPALAGPYNAQF,1
TRBV7-9,TRBJ2-1,ASSPALAGPYNEQF,6
TRBV7-9,TRBJ2-1,ASSPALAGQGNEQF,1
TRBV7-9,TRBJ2-1,ASSPALAGRARNEQF,1
TRBV7-9,TRBJ2-1,ASSPALAGSNEQF,7
TRBV7-9,TRBJ2-1,ASSPALAGSYNEQF,2
TRBV7-9,TRBJ2-1,ASSPALAGSYNGQF,2
TRBV7-9,TRBJ2-1,ASSPALAGVDGNNEQF,1
TRBV7-9,TRBJ2-1,ASSPALAGVGEQF,3
TRBV7-9,TRBJ2-1,ASSPALAGVGNEQF,1
TRBV7-9,TRBJ2-1,ASSPALAGVGSEQF,11
TRBV7-9,TRBJ2-1,ASSPALAGVNEQF,1
TRBV7-9,TRBJ2-1,ASSPALAGVNYNEQF,1
TRBV7-9,TRBJ2-1,ASSPALAGVYEQF,1
TRBV7-9,TRBJ2-1,ASSPALAGVYNEQF,1
TRBV7-9,TRBJ2-1,ASSPALALNVNEQF,8
TRBV7-9,TRBJ2-1,ASSPALALPSRYNGQF,1
TRBV7-9,TRBJ2-1,ASSPALALYNEQF,1
TRBV7-9,TRBJ2-1,ASSPALANEQF,1
TRBV7-9,TRBJ2-1,ASSPALAPRGPNEQF,2
TRBV7-9,TRBJ2-1,ASSPALAPYNEQF,1
TRBV7-9,TRBJ2-1,ASSPALAQALDEQF,1
TRBV7-9,TRBJ2-1,ASSPALAQNEQF,1
TRBV7-9,TRBJ2-1,ASSPALARRGPNEQF,1
TRBV7-9,TRBJ2-1,ASSPALARTYNEQF,1
TRBV7-9,TRBJ2-1,ASSPALARVHNEQF,3
TRBV7-9,TRBJ2-1,ASSPALASARNEQF,13
TRBV7-9,TRBJ2-1,ASSPALASGGQDRNEQF,10
TRBV7-9,TRBJ2-1,ASSPALASGKWDNEQF,1
TRBV7-9,TRBJ2-1,ASSPALASGPDNEQF,1
TRBV7-9,TRBJ2-1,ASSPALASGPNNEQF,7
TRBV7-9,TRBJ2-1,ASSPALASGQYNEQF,1
TRBV7-9,TRBJ2-1,ASSPALASGRDNEQF,1
TRBV7-9,TRBJ2-1,ASSPALASSYNEQF,1
TRBV7-9,TRBJ2-1,ASSPALAVDNEQF,2
TRBV7-9,TRBJ2-1,ASSPALAVHDEQF,1
TRBV7-9,TRBJ2-1,ASSPALAVMYNEQF,1
TRBV7-9,TRBJ2-1,ASSPALAVNEQF,9
TRBV7-9,TRBJ2-1,ASSPALAVNGQF,1
TRBV7-9,TRBJ2-1,ASSPALAVNNEQF,1
TRBV7-9,TRBJ2-1,ASSPALAVPYNEQF,1
TRBV7-9,TRBJ2-1,ASSPALAVYNEQF,1
TRBV7-9,TRBJ2-1,ASSPALAYNDQF,1
TRBV7-9,TRBJ2-1,ASSPALAYNEQF,21
TRBV7-9,TRBJ2-1,ASSPALAYSEQF,1
TRBV7-9,TRBJ2-1,ASSPALAYTEQF,1
TRBV7-9,TRBJ2-1,ASSPALDEQF,7
TRBV7-9,TRBJ2-1,ASSPALFLEGGGNEQF,1
TRBV7-9,TRBJ2-1,ASSPALGAGNEQF,1
TRBV7-9,TRBJ2-1,ASSPALGAYNEQF,1
TRBV7-9,TRBJ2-1,ASSPALGDGGYNEQF,2
TRBV7-9,TRBJ2-1,ASSPALGDNEQF,1
TRBV7-9,TRBJ2-1,ASSPALGEQF,23
TRBV7-9,TRBJ2-1,ASSPALGERNEQF,5
TRBV7-9,TRBJ2-1,ASSPALGGFGYNEQF,1
TRBV7-9,TRBJ2-1,ASSPALGGGNEQF,1
TRBV7-9,TRBJ2-1,ASSPALGGLAGGSSYKEQF,1
TRBV7-9,TRBJ2-1,ASSPALGGLAGGSSYNEQF,1
TRBV7-9,TRBJ2-1,ASSPALGGPFNEQF,1
TRBV7-9,TRBJ2-1,ASSPALGGPGYNEQF,1
TRBV7-9,TRBJ2-1,ASSPALGGSSYNEQF,1
TRBV7-9,TRBJ2-1,ASSPALGGTSAYNEQF,7
TRBV7-9,TRBJ2-1,ASSPALGLADNEQF,1
TRBV7-9,TRBJ2-1,ASSPALGLAGRDYNEQF,1
TRBV7-9,TRBJ2-1,ASSPALGLAGVNEQF,4
TRBV7-9,TRBJ2-1,ASSPALGLENEQF,9
TRBV7-9,TRBJ2-1,ASSPALGLLNEQF,1
TRBV7-9,TRBJ2-1,ASSPALGLTYNEQF,1
TRBV7-9,TRBJ2-1,ASSPALGLYNEQF,1
TRBV7-9,TRBJ2-1,ASSPALGNEQF,1
TRBV7-9,TRBJ2-1,ASSPALGNPSYNEQF,1
TRBV7-9,TRBJ2-1,ASSPALGPKNNEQF,1
TRBV7-9,TRBJ2-1,ASSPALGQAPSSYNEQF,1
TRBV7-9,TRBJ2-1,ASSPALGQATYNEQF,6
TRBV7-9,TRBJ2-1,ASSPALGQGDNEQF,1
TRBV7-9,TRBJ2-1,ASSPALGQGYNEQF,1
TRBV7-9,TRBJ2-1,ASSPALGRANEQF,9
TRBV7-9,TRBJ2-1,ASSPALGRGRDNEQF,1
TRBV7-9,TRBJ2-1,ASSPALGRTGSNEQF,1
TRBV7-9,TRBJ2-1,ASSPALGSGFESPYNEQF,2
TRBV7-9,TRBJ2-1,ASSPALGSGRNEQF,1
TRBV7-9,TRBJ2-1,ASSPALGSRSSYNEQF,1
TRBV7-9,TRBJ2-1,ASSPALGSSYNEQF,2
TRBV7-9,TRBJ2-1,ASSPALGSYNEQF,1
TRBV7-9,TRBJ2-1,ASSPALGTGYNEQF,6
TRBV7-9,TRBJ2-1,ASSPALGTRQNEQF,1
TRBV7-9,TRBJ2-1,ASSPALGTSGGEFHNEQF,1
TRBV7-9,TRBJ2-1,ASSPALGTSGGQFHNEQF,8
TRBV7-9,TRBJ2-1,ASSPALGTSGNYNEQF,1
TRBV7-9,TRBJ2-1,ASSPALGTSGRQFHNEQF,1
TRBV7-9,TRBJ2-1,ASSPALGTSYNEQF,2
TRBV7-9,TRBJ2-1,ASSPALGTTSWIYNEQF,1
TRBV7-9,TRBJ2-1,ASSPALGVENGQF,1
TRBV7-9,TRBJ2-1,ASSPALGWSEQF,14
TRBV7-9,TRBJ2-1,ASSPALGYNEQF,1
TRBV7-9,TRBJ2-1,ASSPALHEQF,1
TRBV7-9,TRBJ2-1,ASSPALHWDNEQF,1
TRBV7-9,TRBJ2-1,ASSPALIAGQTRSYNEQF,1
TRBV7-9,TRBJ2-1,ASSPALIAGQTSSYNEQF,12
TRBV7-9,TRBJ2-1,ASSPALIAGQTSYYNEQF,1
TRBV7-9,TRBJ2-1,ASSPALINEQF,11
TRBV7-9,TRBJ2-1,ASSPALINEQS,1
TRBV7-9,TRBJ2-1,ASSPALITRGV,3
TRBV7-9,TRBJ2-1,ASSPALKASLRNEQF,1
TRBV7-9,TRBJ2-1,ASSPALKDEQF,1
TRBV7-9,TRBJ2-1,ASSPALLAATNEQF,1
TRBV7-9,TRBJ2-1,ASSPALLAGDEQF,2
TRBV7-9,TRBJ2-1,ASSPALLAGESNEQF,1
TRBV7-9,TRBJ2-1,ASSPALLAGGLNYNEQF,1
TRBV7-9,TRBJ2-1,ASSPALLARGV,1
TRBV7-9,TRBJ2-1,ASSPALLVYNEQF,1
TRBV7-9,TRBJ2-1,ASSPALNDQF,1
TRBV7-9,TRBJ2-1,ASSPALNEQF,16
TRBV7-9,TRBJ2-1,ASSPALNNEQF,1
TRBV7-9,TRBJ2-1,ASSPALNRDRGNEQF,1
TRBV7-9,TRBJ2-1,ASSPALNSNYNEQF,1
TRBV7-9,TRBJ2-1,ASSPALNSYNEQF,1
TRBV7-9,TRBJ2-1,ASSPALNWDEQF,1
TRBV7-9,TRBJ2-1,ASSPALPAGSYNEQF,1
TRBV7-9,TRBJ2-1,ASSPALPEIAGGNEQF,1
TRBV7-9,TRBJ2-1,ASSPALPETSGVNEQF,1
TRBV7-9,TRBJ2-1,ASSPALPGEHF,1
TRBV7-9,TRBJ2-1,ASSPALPGEQF,14
TRBV7-9,TRBJ2-1,ASSPALPPYNEQF,1
TRBV7-9,TRBJ2-1,ASSPALPRADKEQF,1
TRBV7-9,TRBJ2-1,ASSPALPRADNEQF,30
TRBV7-9,TRBJ2-1,ASSPALPRSSYNEQF,11
TRBV7-9,TRBJ2-1,ASSPALPRSSYNVQF,1
TRBV7-9,TRBJ2-1,ASSPALPSEQF,1
TRBV7-9,TRBJ2-1,ASSPALQGKSGNEQF,1
TRBV7-9,TRBJ2-1,ASSPALRAVRDNEQF,2
TRBV7-9,TRBJ2-1,ASSPALRDNEQF,1
TRBV7-9,TRBJ2-1,ASSPALREDEQF,6
TRBV7-9,TRBJ2-1,ASSPALRESSYNEQF,1
TRBV7-9,TRBJ2-1,ASSPALREVLGNEQF,1
TRBV7-9,TRBJ2-1,ASSPALRGGSYNEQF,1
TRBV7-9,TRBJ2-1,ASSPALRGREEQF,8
TRBV7-9,TRBJ2-1,ASSPALRGRLNEQF,1
TRBV7-9,TRBJ2-1,ASSPALRGSGNEQF,1
TRBV7-9,TRBJ2-1,ASSPALRGVSDEQI,1
TRBV7-9,TRBJ2-1,ASSPALRKREGNEQF,25
TRBV7-9,TRBJ2-1,ASSPALRNEQF,1
TRBV7-9,TRBJ2-1,ASSPALRTADRHEQF,1
TRBV7-9,TRBJ2-1,ASSPALRVDEQF,1
TRBV7-9,TRBJ2-1,ASSPALRYNEQF,1
TRBV7-9,TRBJ2-1,ASSPALSEQF,5
TRBV7-9,TRBJ2-1,ASSPALSGDGEQF,8
TRBV7-9,TRBJ2-1,ASSPALSGGDEQF,1
TRBV7-9,TRBJ2-1,ASSPALSGNEQF,1
TRBV7-9,TRBJ2-1,ASSPALSHYNEQF,1
TRBV7-9,TRBJ2-1,ASSPALSNEQF,1
TRBV7-9,TRBJ2-1,ASSPALSNFGNEQF,1
TRBV7-9,TRBJ2-1,ASSPALSQNEQF,1
TRBV7-9,TRBJ2-1,ASSPALSSGRRYNEQF,1
TRBV7-9,TRBJ2-1,ASSPALSSGRYNEQF,2
TRBV7-9,TRBJ2-1,ASSPALSSYNEQF,7
TRBV7-9,TRBJ2-1,ASSPALSVSSYNEQF,6
TRBV7-9,TRBJ2-1,ASSPALSVSSYNQQF,1
TRBV7-9,TRBJ2-1,ASSPALSYNEQF,4
TRBV7-9,TRBJ2-1,ASSPALTDEQF,1
TRBV7-9,TRBJ2-1,ASSPALTGDGEQF,1
TRBV7-9,TRBJ2-1,ASSPALTGFTNEQF,10
TRBV7-9,TRBJ2-1,ASSPALTGFTNEQS,1
TRBV7-9,TRBJ2-1,ASSPALTGGPHEQF,1
TRBV7-9,TRBJ2-1,ASSPALTSGGDNEQF,1
TRBV7-9,TRBJ2-1,ASSPALTSGRNEQF,21
TRBV7-9,TRBJ2-1,ASSPALTSNEQF,3
TRBV7-9,TRBJ2-1,ASSPALTSNYNEQF,10
TRBV7-9,TRBJ2-1,ASSPALTYNEQF,1
TRBV7-9,TRBJ2-1,ASSPALVFHEQF,1
TRBV7-9,TRBJ2-1,ASSPALVHNEQF,1
TRBV7-9,TRBJ2-1,ASSPALVNEQF,4
TRBV7-9,TRBJ2-1,ASSPALVPAPNEQF,1
TRBV7-9,TRBJ2-1,ASSPALVTRGF,1
TRBV7-9,TRBJ2-1,ASSPALVTRGV,1
TRBV7-9,TRBJ2-1,ASSPALVYSYNEQF,1
TRBV7-9,TRBJ2-1,ASSPALWADSYNEQF,4
TRBV7-9,TRBJ2-1,ASSPALWGNNEQF,1
TRBV7-9,TRBJ2-1,ASSPALWGTPSYNEQF,1
TRBV7-9,TRBJ2-1,ASSPALWGTSGSNEQF,2
TRBV7-9,TRBJ2-1,ASSPALWGTVYNEQF,1
TRBV7-9,TRBJ2-1,ASSPALWVDNEQF,1
TRBV7-9,TRBJ2-1,ASSPALYNEQF,11
TRBV7-9,TRBJ2-1,ASSPALYQGYEQF,1
TRBV7-9,TRBJ2-1,ASSPAMDRRGNEQF,2
TRBV7-9,TRBJ2-1,ASSPAMGGEQF,7
TRBV7-9,TRBJ2-1,ASSPAMGQYNEQF,1
TRBV7-9,TRBJ2-1,ASSPAMGRTGSSYNEQF,1
TRBV7-9,TRBJ2-1,ASSPAMGSFYNDQF,1
TRBV7-9,TRBJ2-1,ASSPAMGSVYDEQF,1
TRBV7-9,TRBJ2-1,ASSPAMGSVYNEQF,19
TRBV7-9,TRBJ2-1,ASSPAMGTSGTEPYNEQF,8
TRBV7-9,TRBJ2-1,ASSPAMGYNEQF,1
TRBV7-9,TRBJ2-1,ASSPAMQGPSYNEQF,1
TRBV7-9,TRBJ2-1,ASSPAMRGRVSAYNEQF,5
TRBV7-9,TRBJ2-1,ASSPAMSHDEQS,1
TRBV7-9,TRBJ2-1,ASSPAMSHNEQF,2
TRBV7-9,TRBJ2-1,ASSPAMSSYNEQF,2
TRBV7-9,TRBJ2-1,ASSPANAGDNEQF,1
TRBV7-9,TRBJ2-1,ASSPANAYNEQF,2
TRBV7-9,TRBJ2-1,ASSPANEQF,35
TRBV7-9,TRBJ2-1,ASSPANFNNEQF,8
TRBV7-9,TRBJ2-1,ASSPANGEQF,1
TRBV7-9,TRBJ2-1,ASSPANGGTYNEQF,1
TRBV7-9,TRBJ2-1,ASSPANGNEQF,1
TRBV7-9,TRBJ2-1,ASSPANGQF,1
TRBV7-9,TRBJ2-1,ASSPANGSLSYNEQF,8
TRBV7-9,TRBJ2-1,ASSPANGTRWGEQV,1
TRBV7-9,TRBJ2-1,ASSPANHGLGGRDNEQF,1
TRBV7-9,TRBJ2-1,ASSPANHGLGGRYNEQF,3
TRBV7-9,TRBJ2-1,ASSPANKDEQF,1
TRBV7-9,TRBJ2-1,ASSPANMNEQF,1
TRBV7-9,TRBJ2-1,ASSPANNAYNEQF,1
TRBV7-9,TRBJ2-1,ASSPANNEQF,24
TRBV7-9,TRBJ2-1,ASSPANRAGATYNEQF,1
TRBV7-9,TRBJ2-1,ASSPANRDKTF,9
TRBV7-9,TRBJ2-1,ASSPANRDNEQF,1
TRBV7-9,TRBJ2-1,ASSPANRGLVNEQF,1
TRBV7-9,TRBJ2-1,ASSPANRGSYNEQF,1
TRBV7-9,TRBJ2-1,ASSPANRPYNEQF,1
TRBV7-9,TRBJ2-1,ASSPANRVTLYNEQF,1
TRBV7-9,TRBJ2-1,ASSPANSGSNEQF,1
TRBV7-9,TRBJ2-1,ASSPANSSSYNEQF,1
TRBV7-9,TRBJ2-1,ASSPANTGASYNEQF,1
TRBV7-9,TRBJ2-1,ASSPANWEF,9
TRBV7-9,TRBJ2-1,ASSPAPAGAYNEQC,1
TRBV7-9,TRBJ2-1,ASSPAPAGAYNEQF,3
TRBV7-9,TRBJ2-1,ASSPAPAGDENEQF,1
TRBV7-9,TRBJ2-1,ASSPAPAGDGKEQF,2
TRBV7-9,TRBJ2-1,ASSPAPAGDGNEEF,1
TRBV7-9,TRBJ2-1,ASSPAPAGDGNEQC,2
TRBV7-9,TRBJ2-1,ASSPAPAGDGNEQF,206
TRBV7-9,TRBJ2-1,ASSPAPAGDGNEQL,1
TRBV7-9,TRBJ2-1,ASSPAPAGDGNERF,1
TRBV7-9,TRBJ2-1,ASSPAPAGDGNVQF,1
TRBV7-9,TRBJ2-1,ASSPAPAGDVNEQF,2
TRBV7-9,TRBJ2-1,ASSPAPAGEYNEQF,1
TRBV7-9,TRBJ2-1,ASSPAPAGGLSDEQF,1
TRBV7-9,TRBJ2-1,ASSPAPAGSNEQF,1
TRBV7-9,TRBJ2-1,ASSPAPAGVHNEQF,1
TRBV7-9,TRBJ2-1,ASSPAPALSNEQF,1
TRBV7-9,TRBJ2-1,ASSPAPARGDYNEQF,9
TRBV7-9,TRBJ2-1,ASSPAPAYNEQF,39
TRBV7-9,TRBJ2-1,ASSPAPDEQF,3
TRBV7-9,TRBJ2-1,ASSPAPDKEQF,1
TRBV7-9,TRBJ2-1,ASSPAPDNEQF,14
TRBV7-9,TRBJ2-1,ASSPAPDNNEQF,1
TRBV7-9,TRBJ2-1,ASSPAPDPLPSNEQF,1
TRBV7-9,TRBJ2-1,ASSPAPDRGPNNEQF,1
TRBV7-9,TRBJ2-1,ASSPAPDRLYNEKF,1
TRBV7-9,TRBJ2-1,ASSPAPDRLYNEQF,4
TRBV7-9,TRBJ2-1,ASSPAPESEQF,4
TRBV7-9,TRBJ2-1,ASSPAPF,1
TRBV7-9,TRBJ2-1,ASSPAPFEGKNEKF,1
TRBV7-9,TRBJ2-1,ASSPAPFEGNNDQF,1
TRBV7-9,TRBJ2-1,ASSPAPFEGNNEKF,1
TRBV7-9,TRBJ2-1,ASSPAPFEGNNEQF,2
TRBV7-9,TRBJ2-1,ASSPAPFGGNNEQF,1
TRBV7-9,TRBJ2-1,ASSPAPFHEQF,1
TRBV7-9,TRBJ2-1,ASSPAPFLAGVENEQF,3
TRBV7-9,TRBJ2-1,ASSPAPFVGNNDHF,1
TRBV7-9,TRBJ2-1,ASSPAPGAAYNEQF,1
TRBV7-9,TRBJ2-1,ASSPAPGANEQF,1
TRBV7-9,TRBJ2-1,ASSPAPGDNEQF,1
TRBV7-9,TRBJ2-1,ASSPAPGDSYNEQF,1
TRBV7-9,TRBJ2-1,ASSPAPGDYGDEQF,1
TRBV7-9,TRBJ2-1,ASSPAPGFNEQF,1
TRBV7-9,TRBJ2-1,ASSPAPGFTVDEQF,3
TRBV7-9,TRBJ2-1,ASSPAPGGIYNEQF,1
TRBV7-9,TRBJ2-1,ASSPAPGGRKF,1
TRBV7-9,TRBJ2-1,ASSPAPGHPPNEQF,17
TRBV7-9,TRBJ2-1,ASSPAPGLAEERANEQF,1
TRBV7-9,TRBJ2-1,ASSPAPGLAGDEQF,1
TRBV7-9,TRBJ2-1,ASSPAPGLAGDNEQF,1
TRBV7-9,TRBJ2-1,ASSPAPGLAGFNEQF,1
TRBV7-9,TRBJ2-1,ASSPAPGLAGGRYNEQF,1
TRBV7-9,TRBJ2-1,ASSPAPGLAGLGAYNEQF,3
TRBV7-9,TRBJ2-1,ASSPAPGLAGNNEQF,1
TRBV7-9,TRBJ2-1,ASSPAPGLAGTYNEQF,1
TRBV7-9,TRBJ2-1,ASSPAPGLALEQF,9
TRBV7-9,TRBJ2-1,ASSPAPGLASSNEQF,3
TRBV7-9,TRBJ2-1,ASSPAPGLDNEQF,1
TRBV7-9,TRBJ2-1,ASSPAPGLESQGQF,1
TRBV7-9,TRBJ2-1,ASSPAPGLPDEQF,1
TRBV7-9,TRBJ2-1,ASSPAPGNEQF,19
TRBV7-9,TRBJ2-1,ASSPAPGPVSYNEQF,1
TRBV7-9,TRBJ2-1,ASSPAPGQAINEQF,12
TRBV7-9,TRBJ2-1,ASSPAPGQAPSSYNEQF,18
TRBV7-9,TRBJ2-1,ASSPAPGQARQEQF,5
TRBV7-9,TRBJ2-1,ASSPAPGQARQEQV,1
TRBV7-9,TRBJ2-1,ASSPAPGQGHNEQF,1
TRBV7-9,TRBJ2-1,ASSPAPGQGSYNEQF,1
TRBV7-9,TRBJ2-1,ASSPAPGQTIHNEQF,1
TRBV7-9,TRBJ2-1,ASSPAPGRGVSEQF,1
TRBV7-9,TRBJ2-1,ASSPAPGRHNQSSYNEQF,3
TRBV7-9,TRBJ2-1,ASSPAPGRKNGDEQF,1
TRBV7-9,TRBJ2-1,ASSPAPGRTYNEQF,2
TRBV7-9,TRBJ2-1,ASSPAPGSPI,1
TRBV7-9,TRBJ2-1,ASSPAPGSPYNEQF,1
TRBV7-9,TRBJ2-1,ASSPAPGSYKELL,1
TRBV7-9,TRBJ2-1,ASSPAPGSYNEQF,15
TRBV7-9,TRBJ2-1,ASSPAPGTAYENEQF,1
TRBV7-9,TRBJ2-1,ASSPAPGTGGTNEQF,1
TRBV7-9,TRBJ2-1,ASSPAPGTGGYNEQF,1
TRBV7-9,TRBJ2-1,ASSPAPGTGNSYNEQF,1
TRBV7-9,TRBJ2-1,ASSPAPGTGVFEQF,2
TRBV7-9,TRBJ2-1,ASSPAPGTNYNEQF,1
TRBV7-9,TRBJ2-1,ASSPAPGTPI,13
TRBV7-9,TRBJ2-1,ASSPAPGTPYNEQF,1
TRBV7-9,TRBJ2-1,ASSPAPGTRWGDQF,1
TRBV7-9,TRBJ2-1,ASSPAPGTSAYNEQF,5
TRBV7-9,TRBJ2-1,ASSPAPGTSGTNEQF,1
TRBV7-9,TRBJ2-1,ASSPAPGTTLYNEQF,1
TRBV7-9,TRBJ2-1,ASSPAPGVMRNEQF,1
TRBV7-9,TRBJ2-1,ASSPAPGVVNYNEQF,1
TRBV7-9,TRBJ2-1,ASSPAPHEQF,1
TRBV7-9,TRBJ2-1,ASSPAPIGAYNEQF,1
TRBV7-9,TRBJ2-1,ASSPAPKDNEQF,1
TRBV7-9,TRBJ2-1,ASSPAPKGVNEQF,3
TRBV7-9,TRBJ2-1,ASSPAPKTSGMYNEQF,1
TRBV7-9,TRBJ2-1,ASSPAPLAADIYNEQF,1
TRBV7-9,TRBJ2-1,ASSPAPLARDNEQF,1
TRBV7-9,TRBJ2-1,ASSPAPLFGQF,4
TRBV7-9,TRBJ2-1,ASSPAPLGLYNEQF,8
TRBV7-9,TRBJ2-1,ASSPAPLLYNEQF,5
TRBV7-9,TRBJ2-1,ASSPAPLNEQF,1
TRBV7-9,TRBJ2-1,ASSPAPLNLHEQF,1
TRBV7-9,TRBJ2-1,ASSPAPLPANEQF,1
TRBV7-9,TRBJ2-1,ASSPAPLVPFYNEQF,1
TRBV7-9,TRBJ2-1,ASSPAPLYEQF,1
TRBV7-9,TRBJ2-1,ASSPAPLYNEQF,1
TRBV7-9,TRBJ2-1,ASSPAPNEQF,14
TRBV7-9,TRBJ2-1,ASSPAPNNEQF,1
TRBV7-9,TRBJ2-1,ASSPAPPISYNEQF,1
TRBV7-9,TRBJ2-1,ASSPAPPRSDEQF,1
TRBV7-9,TRBJ2-1,ASSPAPPSGSYNEQF,1
TRBV7-9,TRBJ2-1,ASSPAPPSGYNEQF,3
TRBV7-9,TRBJ2-1,ASSPAPPVPGDNEQF,1
TRBV7-9,TRBJ2-1,ASSPAPQAEQF,2
TRBV7-9,TRBJ2-1,ASSPAPQPYNEQF,4
TRBV7-9,TRBJ2-1,ASSPAPRDNEQF,9
TRBV7-9,TRBJ2-1,ASSPAPRDYHNEQF,1
TRBV7-9,TRBJ2-1,ASSPAPRGKAYNEQF,3
TRBV7-9,TRBJ2-1,ASSPAPRGNEQF,1
TRBV7-9,TRBJ2-1,ASSPAPRGRNEQF,1
TRBV7-9,TRBJ2-1,ASSPAPRGVVGSYNEQF,1
TRBV7-9,TRBJ2-1,ASSPAPRGYNEQF,1
TRBV7-9,TRBJ2-1,ASSPAPRLAGEQF,9
TRBV7-9,TRBJ2-1,ASSPAPRLAGRGNEQF,1
TRBV7-9,TRBJ2-1,ASSPAPRQPYNEQF,1
TRBV7-9,TRBJ2-1,ASSPAPRSSYNEQF,5
TRBV7-9,TRBJ2-1,ASSPAPRTSARNEQF,2
TRBV7-9,TRBJ2-1,ASSPAPRVNYNEQF,4
TRBV7-9,TRBJ2-1,ASSPAPSAHYNEKF,1
TRBV7-9,TRBJ2-1,ASSPAPSANSYNEQF,4
TRBV7-9,TRBJ2-1,ASSPAPSAPYNEQF,15
TRBV7-9,TRBJ2-1,ASSPAPSEVRNEQF,1
TRBV7-9,TRBJ2-1,ASSPAPSGDGNEQF,3
TRBV7-9,TRBJ2-1,ASSPAPSGGYEQF,1
TRBV7-9,TRBJ2-1,ASSPAPSGGYNEQF,1
TRBV7-9,TRBJ2-1,ASSPAPSGKYNEQF,1
TRBV7-9,TRBJ2-1,ASSPAPSGPAGYNEQF,1
TRBV7-9,TRBJ2-1,ASSPAPSGTPNEQF,1
TRBV7-9,TRBJ2-1,ASSPAPSHEQF,1
TRBV7-9,TRBJ2-1,ASSPAPSKDEQF,1
TRBV7-9,TRBJ2-1,ASSPAPSNEQF,1
TRBV7-9,TRBJ2-1,ASSPAPSSARNEQF,1
TRBV7-9,TRBJ2-1,ASSPAPSSYNEQF,2
TRBV7-9,TRBJ2-1,ASSPAPSVAGGSYEQF,1
TRBV7-9,TRBJ2-1,ASSPAPSYNEQF,3
TRBV7-9,TRBJ2-1,ASSPAPTGNNEQF,1
TRBV7-9,TRBJ2-1,ASSPAPTGRAGNEQF,1
TRBV7-9,TRBJ2-1,ASSPAPTGSSYNEQF,1
TRBV7-9,TRBJ2-1,ASSPAPTKAIEQF,1
TRBV7-9,TRBJ2-1,ASSPAPTKANEQF,5
TRBV7-9,TRBJ2-1,ASSPAPTPHNEQF,1
TRBV7-9,TRBJ2-1,ASSPAPTSGTLDEQF,1
TRBV7-9,TRBJ2-1,ASSPAPTTLYNEQF,1
TRBV7-9,TRBJ2-1,ASSPAPTYNEQF,1
TRBV7-9,TRBJ2-1,ASSPAPVGDGNEQF,1
TRBV7-9,TRBJ2-1,ASSPAPWGMESYNEQF,1
TRBV7-9,TRBJ2-1,ASSPAPWTNSSYNEQF,1
TRBV7-9,TRBJ2-1,ASSPAPWTSGRVNEQF,5
TRBV7-9,TRBJ2-1,ASSPAPYNEQF,6
TRBV7-9,TRBJ2-1,ASSPAQAGDGNEQF,1
TRBV7-9,TRBJ2-1,ASSPAQDNEQF,15
TRBV7-9,TRBJ2-1,ASSPAQDYNEQF,1
TRBV7-9,TRBJ2-1,ASSPAQEGNEQF,1
TRBV7-9,TRBJ2-1,ASSPAQGAAFNEQF,1
TRBV7-9,TRBJ2-1,ASSPAQGALNEQF,1
TRBV7-9,TRBJ2-1,ASSPAQGALSYNEQF,1
TRBV7-9,TRBJ2-1,ASSPAQGARYNELF,1
TRBV7-9,TRBJ2-1,ASSPAQGARYNEQF,5
TRBV7-9,TRBJ2-1,ASSPAQGASYNEQF,1
TRBV7-9,TRBJ2-1,ASSPAQGAWNEQF,1
TRBV7-9,TRBJ2-1,ASSPAQGAYNEQF,23
TRBV7-9,TRBJ2-1,ASSPAQGAYNEQV,1
TRBV7-9,TRBJ2-1,ASSPAQGEKF,1
TRBV7-9,TRBJ2-1,ASSPAQGEQF,1
TRBV7-9,TRBJ2-1,ASSPAQGEYNEQF,1
TRBV7-9,TRBJ2-1,ASSPAQGFHEQF,1
TRBV7-9,TRBJ2-1,ASSPAQGFPSDNEQF,1
TRBV7-9,TRBJ2-1,ASSPAQGFYNEQF,2
TRBV7-9,TRBJ2-1,ASSPAQGGHNEQF,1
TRBV7-9,TRBJ2-1,ASSPAQGGIYNEQF,1
TRBV7-9,TRBJ2-1,ASSPAQGGRNEQF,2
TRBV7-9,TRBJ2-1,ASSPAQGGTDNEQF,1
TRBV7-9,TRBJ2-1,ASSPAQGGTYNEQF,13
TRBV7-9,TRBJ2-1,ASSPAQGGYNEQF,1
TRBV7-9,TRBJ2-1,ASSPAQGHYNEQF,1
TRBV7-9,TRBJ2-1,ASSPAQGLAGAYEQF,1
TRBV7-9,TRBJ2-1,ASSPAQGLGSYNEQF,1
TRBV7-9,TRBJ2-1,ASSPAQGLVSSYNEQF,1
TRBV7-9,TRBJ2-1,ASSPAQGLYNEQF,2
TRBV7-9,TRBJ2-1,ASSPAQGNEQF,1
TRBV7-9,TRBJ2-1,ASSPAQGPYNEQF,1
TRBV7-9,TRBJ2-1,ASSPAQGRDNEQF,2
TRBV7-9,TRBJ2-1,ASSPAQGRPYNEQF,1
TRBV7-9,TRBJ2-1,ASSPAQGSSYNEQF,5
TRBV7-9,TRBJ2-1,ASSPAQGSYNEQF,1
TRBV7-9,TRBJ2-1,ASSPAQGTFAYNEQF,1
TRBV7-9,TRBJ2-1,ASSPAQGTTFYNEQF,1
TRBV7-9,TRBJ2-1,ASSPAQGVYNEQF,2
TRBV7-9,TRBJ2-1,ASSPAQGYNEQF,1
TRBV7-9,TRBJ2-1,ASSPAQIGQGGEQF,5
TRBV7-9,TRBJ2-1,ASSPAQIPYNEQF,2
TRBV7-9,TRBJ2-1,ASSPAQKGGSDEPF,1
TRBV7-9,TRBJ2-1,ASSPAQLAANEQF,10
TRBV7-9,TRBJ2-1,ASSPAQLADNEQF,1
TRBV7-9,TRBJ2-1,ASSPAQLNEQF,1
TRBV7-9,TRBJ2-1,ASSPAQNGNEQF,1
TRBV7-9,TRBJ2-1,ASSPAQNRQF,1
TRBV7-9,TRBJ2-1,ASSPAQPDEQF,1
TRBV7-9,TRBJ2-1,ASSPAQQEGSNEQF,1
TRBV7-9,TRBJ2-1,ASSPAQQGHEQF,4
TRBV7-9,TRBJ2-1,ASSPAQQGRAYNEQF,6
TRBV7-9,TRBJ2-1,ASSPAQQRGANEQF,5
TRBV7-9,TRBJ2-1,ASSPAQQRGSNEQF,1
TRBV7-9,TRBJ2-1,ASSPAQREVSDEQF,1
TRBV7-9,TRBJ2-1,ASSPAQRGESDEQF,1
TRBV7-9,TRBJ2-1,ASSPAQRGGSDEQF,1
TRBV7-9,TRBJ2-1,ASSPAQRGGSDGQF,1
TRBV7-9,TRBJ2-1,ASSPAQRGLSDEQF,3
TRBV7-9,TRBJ2-1,ASSPAQRGLSDYQF,1
TRBV7-9,TRBJ2-1,ASSPAQRGVADEQF,1
TRBV7-9,TRBJ2-1,ASSPAQRGVADGQF,1
TRBV7-9,TRBJ2-1,ASSPAQRGVPDEQF,1
TRBV7-9,TRBJ2-1,ASSPAQRGVSDDQF,1
TRBV7-9,TRBJ2-1,ASSPAQRGVSDEHF,1
TRBV7-9,TRBJ2-1,ASSPAQRGVSDELF,1
TRBV7-9,TRBJ2-1,ASSPAQRGVSDEPF,1
TRBV7-9,TRBJ2-1,ASSPAQRGVSDEQC,2
TRBV7-9,TRBJ2-1,ASSPAQRGVSDEQF,343
TRBV7-9,TRBJ2-1,ASSPAQRGVSDEQL,1
TRBV7-9,TRBJ2-1,ASSPAQRGVSDEQS,1
TRBV7-9,TRBJ2-1,ASSPAQRGVSDEQV,1
TRBV7-9,TRBJ2-1,ASSPAQRGVSDETC,1
TRBV7-9,TRBJ2-1,ASSPAQRGVSDGQF,1
TRBV7-9,TRBJ2-1,ASSPAQRGVSDVQF,1
TRBV7-9,TRBJ2-1,ASSPAQRGVSEEKF,1
TRBV7-9,TRBJ2-1,ASSPAQRGVSEEQF,1
TRBV7-9,TRBJ2-1,ASSPAQRGVSNEQF,1
TRBV7-9,TRBJ2-1,ASSPAQRGVSYEQF,2
TRBV7-9,TRBJ2-1,ASSPAQRQVPYNEQF,1
TRBV7-9,TRBJ2-1,ASSPAQRTSDYNEQF,1
TRBV7-9,TRBJ2-1,ASSPAQRVVSDEQF,1
TRBV7-9,TRBJ2-1,ASSPAQSGGRGAYNEQF,8
TRBV7-9,TRBJ2-1,ASSPAQSGGRGAYSEQF,1
TRBV7-9,TRBJ2-1,ASSPAQSGGRGSYNEQF,1
TRBV7-9,TRBJ2-1,ASSPAQSGVSDEQF,2
TRBV7-9,TRBJ2-1,ASSPAQSPYNEQF,1
TRBV7-9,TRBJ2-1,ASSPAQSRSYNEQF,1
TRBV7-9,TRBJ2-1,ASSPAQSSYNEQF,1
TRBV7-9,TRBJ2-1,ASSPAQTGNEQF,1
TRBV7-9,TRBJ2-1,ASSPAQVAYNEQF,1
TRBV7-9,TRBJ2-1,ASSPAQVSGRSNEQF,1
TRBV7-9,TRBJ2-1,ASSPAQWGDEQF,1
TRBV7-9,TRBJ2-1,ASSPAQYNEQF,2
TRBV7-9,TRBJ2-1,ASSPAQYSEQF,1
TRBV7-9,TRBJ2-1,ASSPAQYYYNEQF,1
TRBV7-9,TRBJ2-1,ASSPARADNEQF,1
TRBV7-9,TRBJ2-1,ASSPARAGDHEHF,1
TRBV7-9,TRBJ2-1,ASSPARAGDNEQF,2
TRBV7-9,TRBJ2-1,ASSPARAGGPTEQF,2
TRBV7-9,TRBJ2-1,ASSPARAGIGNEQF,1
TRBV7-9,TRBJ2-1,ASSPARAGMDEQF,1
TRBV7-9,TRBJ2-1,ASSPARAGRVNEQF,1
TRBV7-9,TRBJ2-1,ASSPARALSSYNEQF,1
TRBV7-9,TRBJ2-1,ASSPARASGHYNEQF,1
TRBV7-9,TRBJ2-1,ASSPARAYDNEQF,1
TRBV7-9,TRBJ2-1,ASSPARAYNEQF,1
TRBV7-9,TRBJ2-1,ASSPARDEQF,27
TRBV7-9,TRBJ2-1,ASSPARDGSRDEQF,1
TRBV7-9,TRBJ2-1,ASSPARDGYNEQF,1
TRBV7-9,TRBJ2-1,ASSPARDHNEQF,1
TRBV7-9,TRBJ2-1,ASSPARDNEQF,4
TRBV7-9,TRBJ2-1,ASSPARDPYNEQF,2
TRBV7-9,TRBJ2-1,ASSPARDRAEPS,1
TRBV7-9,TRBJ2-1,ASSPARDRDLDEQF,1
TRBV7-9,TRBJ2-1,ASSPARDRVYNEQF,1
TRBV7-9,TRBJ2-1,ASSPARDSYNEQF,2
TRBV7-9,TRBJ2-1,ASSPARDTTCEQF,1
TRBV7-9,TRBJ2-1,ASSPARDTTGEQF,9
TRBV7-9,TRBJ2-1,ASSPARDWSYNEQF,4
TRBV7-9,TRBJ2-1,ASSPARDYNEQF,1
TRBV7-9,TRBJ2-1,ASSPAREAYNEQF,1
TRBV7-9,TRBJ2-1,ASSPAREDNEQF,6
TRBV7-9,TRBJ2-1,ASSPAREGGNEQF,1
TRBV7-9,TRBJ2-1,ASSPARENEQF,1
TRBV7-9,TRBJ2-1,ASSPARENNEQF,7
TRBV7-9,TRBJ2-1,ASSPARENYNEQF,1
TRBV7-9,TRBJ2-1,ASSPAREVVYNEQF,1
TRBV7-9,TRBJ2-1,ASSPARGAFIYEQF,1
TRBV7-9,TRBJ2-1,ASSPARGAGTRSSYNEQF,1
TRBV7-9,TRBJ2-1,ASSPARGAKDEQF,10
TRBV7-9,TRBJ2-1,ASSPARGAPSNEQF,1
TRBV7-9,TRBJ2-1,ASSPARGAPYNEEF,2
TRBV7-9,TRBJ2-1,ASSPARGAPYNEQF,6
TRBV7-9,TRBJ2-1,ASSPARGDLRQF,2
TRBV7-9,TRBJ2-1,ASSPARGDNEQF,5
TRBV7-9,TRBJ2-1,ASSPARGEQF,6
TRBV7-9,TRBJ2-1,ASSPARGESYNEQF,2
TRBV7-9,TRBJ2-1,ASSPARGETFYNEQF,1
TRBV7-9,TRBJ2-1,ASSPARGFGYNEQF,1
TRBV7-9,TRBJ2-1,ASSPARGFSYNEQF,1
TRBV7-9,TRBJ2-1,ASSPARGGAGEQF,1
TRBV7-9,TRBJ2-1,ASSPARGGAHNEQF,2
TRBV7-9,TRBJ2-1,ASSPARGGGSQDEQF,1
TRBV7-9,TRBJ2-1,ASSPARGGGTRSSYNEQC,1
TRBV7-9,TRBJ2-1,ASSPARGGGTRSSYNEQF,15
TRBV7-9,TRBJ2-1,ASSPARGGNEQF,1
TRBV7-9,TRBJ2-1,ASSPARGGNNEQF,1
TRBV7-9,TRBJ2-1,ASSPARGGRFHNEQF,1
TRBV7-9,TRBJ2-1,ASSPARGGSNDEQF,1
TRBV7-9,TRBJ2-1,ASSPARGGSYNEQF,1
TRBV7-9,TRBJ2-1,ASSPARGGVNEQF,1
TRBV7-9,TRBJ2-1,ASSPARGGVSEEEF,1
TRBV7-9,TRBJ2-1,ASSPARGGYNEQF,12
TRBV7-9,TRBJ2-1,ASSPARGGYNEQS,1
TRBV7-9,TRBJ2-1,ASSPARGILQYEQF,1
TRBV7-9,TRBJ2-1,ASSPARGIYNEQF,2
TRBV7-9,TRBJ2-1,ASSPARGLAGGEQF,16
TRBV7-9,TRBJ2-1,ASSPARGLAGVNEQF,6
TRBV7-9,TRBJ2-1,ASSPARGLAYNEQF,5
TRBV7-9,TRBJ2-1,ASSPARGLGNEQF,2
TRBV7-9,TRBJ2-1,ASSPARGLGYNEQF,1
TRBV7-9,TRBJ2-1,ASSPARGLNNEQF,1
TRBV7-9,TRBJ2-1,ASSPARGLTYNEQF,1
TRBV7-9,TRBJ2-1,ASSPARGNEQF,1
TRBV7-9,TRBJ2-1,ASSPARGNSYNEQF,12
TRBV7-9,TRBJ2-1,ASSPARGPAYNEQF,1
TRBV7-9,TRBJ2-1,ASSPARGPYNEQF,1
TRBV7-9,TRBJ2-1,ASSPARGRDEQF,9
TRBV7-9,TRBJ2-1,ASSPARGRDNEQF,1
TRBV7-9,TRBJ2-1,ASSPARGRESYNEQF,1
TRBV7-9,TRBJ2-1,ASSPARGRETDNEQF,1
TRBV7-9,TRBJ2-1,ASSPARGRGEQF,4
TRBV7-9,TRBJ2-1,ASSPARGRRDEQF,1
TRBV7-9,TRBJ2-1,ASSPARGRSYNEQF,1
TRBV7-9,TRBJ2-1,ASSPARGRTYNEQF,1
TRBV7-9,TRBJ2-1,ASSPARGRVDEQF,1
TRBV7-9,TRBJ2-1,ASSPARGSGNSYNEQF,1
TRBV7-9,TRBJ2-1,ASSPARGSGTYNEQF,1
TRBV7-9,TRBJ2-1,ASSPARGSGVYNEQF,1
TRBV7-9,TRBJ2-1,ASSPARGSPGNEQF,9
TRBV7-9,TRBJ2-1,ASSPARGSSYNEQF,5
TRBV7-9,TRBJ2-1,ASSPARGSSYSYNEQF,1
TRBV7-9,TRBJ2-1,ASSPARGSYNEQF,2
TRBV7-9,TRBJ2-1,ASSPARGTGVFEQF,1
TRBV7-9,TRBJ2-1,ASSPARGTSDTDNEQF,1
TRBV7-9,TRBJ2-1,ASSPARGTYNEQF,1
TRBV7-9,TRBJ2-1,ASSPARGVRLQF,12
TRBV7-9,TRBJ2-1,ASSPARGVSYNEQF,6
TRBV7-9,TRBJ2-1,ASSPARGVVYNEQF,10
TRBV7-9,TRBJ2-1,ASSPARGYSYNEQF,4
TRBV7-9,TRBJ2-1,ASSPARHEQF,1
TRBV7-9,TRBJ2-1,ASSPARHLNEQF,9
TRBV7-9,TRBJ2-1,ASSPARHRLSYKEQF,1
TRBV7-9,TRBJ2-1,ASSPARHRLSYNEQF,8
TRBV7-9,TRBJ2-1,ASSPARILNYNEQF,1
TRBV7-9,TRBJ2-1,ASSPARISGSPYNEQF,1
TRBV7-9,TRBJ2-1,ASSPARLADNEQF,1
TRBV7-9,TRBJ2-1,ASSPARLAGAYNEQF,1
TRBV7-9,TRBJ2-1,ASSPARLAGGPDNEQF,15
TRBV7-9,TRBJ2-1,ASSPARLAGSYNEQF,1
TRBV7-9,TRBJ2-1,ASSPARLAGWDEQF,1
TRBV7-9,TRBJ2-1,ASSPARLGLRGNEQF,1
TRBV7-9,TRBJ2-1,ASSPARLGYNEQF,8
TRBV7-9,TRBJ2-1,ASSPARLVGGPDNEQF,1
TRBV7-9,TRBJ2-1,ASSPARLVREYNEQF,5
TRBV7-9,TRBJ2-1,ASSPARLVYNEQF,7
TRBV7-9,TRBJ2-1,ASSPARNEQF,17
TRBV7-9,TRBJ2-1,ASSPARNNEQF,2
TRBV7-9,TRBJ2-1,ASSPARNRGYNEQF,1
TRBV7-9,TRBJ2-1,ASSPARPAGDEQF,1
TRBV7-9,TRBJ2-1,ASSPARPAGNEKF,1
TRBV7-9,TRBJ2-1,ASSPARPAGNEQF,17
TRBV7-9,TRBJ2-1,ASSPARPGLAVNEQF,1
TRBV7-9,TRBJ2-1,ASSPARPSSYNEQF,1
TRBV7-9,TRBJ2-1,ASSPARPSTRDEQF,1
TRBV7-9,TRBJ2-1,ASSPARPTSGRVYEQF,1
TRBV7-9,TRBJ2-1,ASSPARQGAGDEQF,1
TRBV7-9,TRBJ2-1,ASSPARQGPRNEQF,1
TRBV7-9,TRBJ2-1,ASSPARQGPYNEQF,1
TRBV7-9,TRBJ2-1,ASSPARQGTYNEQF,1
TRBV7-9,TRBJ2-1,ASSPARRASYNEQF,1
TRBV7-9,TRBJ2-1,ASSPARRDGGNEQF,1
TRBV7-9,TRBJ2-1,ASSPARRDGRNEQF,1
TRBV7-9,TRBJ2-1,ASSPARREFVNEQF,6
TRBV7-9,TRBJ2-1,ASSPARRGEQF,1
TRBV7-9,TRBJ2-1,ASSPARRGNEQF,1
TRBV7-9,TRBJ2-1,ASSPARRGTGFGNEQF,1
TRBV7-9,TRBJ2-1,ASSPARRGVSDEQF,1
TRBV7-9,TRBJ2-1,ASSPARRRDNEQF,7
TRBV7-9,TRBJ2-1,ASSPARRRDYNEQE,1
TRBV7-9,TRBJ2-1,ASSPARRVVYEQF,1
TRBV7-9,TRBJ2-1,ASSPARSAIYNEQF,1
TRBV7-9,TRBJ2-1,ASSPARSAYNEQF,1
TRBV7-9,TRBJ2-1,ASSPARSGGYNEQF,1
TRBV7-9,TRBJ2-1,ASSPARSGPGFGNEQF,1
TRBV7-9,TRBJ2-1,ASSPARSGQLNEQF,10
TRBV7-9,TRBJ2-1,ASSPARSGQNRIIEQF,1
TRBV7-9,TRBJ2-1,ASSPARSGQNRINEQF,12
TRBV7-9,TRBJ2-1,ASSPARSGRDEQF,1
TRBV7-9,TRBJ2-1,ASSPARSGRGDEQF,1
TRBV7-9,TRBJ2-1,ASSPARSGSGFGNEEF,1
TRBV7-9,TRBJ2-1,ASSPARSGSNNEQF,1
TRBV7-9,TRBJ2-1,ASSPARSGTAFGNEQF,1
TRBV7-9,TRBJ2-1,ASSPARSGTGFDNEQF,1
TRBV7-9,TRBJ2-1,ASSPARSGTGFGNEKF,1
TRBV7-9,TRBJ2-1,ASSPARSGTGFGNEQF,47
TRBV7-9,TRBJ2-1,ASSPARSGTGFGNGQF,1
TRBV7-9,TRBJ2-1,ASSPARSGTGFSNEQF,1
TRBV7-9,TRBJ2-1,ASSPARSGTVFGNEQF,1
TRBV7-9,TRBJ2-1,ASSPARSNEQF,1
TRBV7-9,TRBJ2-1,ASSPARSSGSYNEQF,1
TRBV7-9,TRBJ2-1,ASSPARSSYNEQF,10
TRBV7-9,TRBJ2-1,ASSPARSYNEQF,14
TRBV7-9,TRBJ2-1,ASSPARTAGNEQF,5
TRBV7-9,TRBJ2-1,ASSPARTGEPYDEQF,1
TRBV7-9,TRBJ2-1,ASSPARTGGQDEQF,1
TRBV7-9,TRBJ2-1,ASSPARTGGTGEQF,5
TRBV7-9,TRBJ2-1,ASSPARTGQYNEHY,1
TRBV7-9,TRBJ2-1,ASSPARTGQYNEQF,10
TRBV7-9,TRBJ2-1,ASSPARTGSDNEQF,5
TRBV7-9,TRBJ2-1,ASSPARTILFNEQF,2
TRBV7-9,TRBJ2-1,ASSPARTKYNEQF,1
TRBV7-9,TRBJ2-1,ASSPARTSGNEQF,1
TRBV7-9,TRBJ2-1,ASSPARTSGRGGRDEQF,1
TRBV7-9,TRBJ2-1,ASSPARTSGRHEQF,1
TRBV7-9,TRBJ2-1,ASSPARTSGSQDEQF,1
TRBV7-9,TRBJ2-1,ASSPARTSGSQNNEQF,8
TRBV7-9,TRBJ2-1,ASSPARTSGSQNNGQF,1
TRBV7-9,TRBJ2-1,ASSPARTSHNNEQF,1
TRBV7-9,TRBJ2-1,ASSPARTSLNEQF,1
TRBV7-9,TRBJ2-1,ASSPARTSTWNEQF,1
TRBV7-9,TRBJ2-1,ASSPARTSVNNEQF,16
TRBV7-9,TRBJ2-1,ASSPARTYNEQF,1
TRBV7-9,TRBJ2-1,ASSPARVARGNEQF,1
TRBV7-9,TRBJ2-1,ASSPARVASYNEQF,1
TRBV7-9,TRBJ2-1,ASSPARVDEQF,7
TRBV7-9,TRBJ2-1,ASSPARVDNEQF,1
TRBV7-9,TRBJ2-1,ASSPARVGETTYNEQF,1
TRBV7-9,TRBJ2-1,ASSPARVGNEQF,1
TRBV7-9,TRBJ2-1,ASSPARVGVSYNEQF,1
TRBV7-9,TRBJ2-1,ASSPARVLSYNEQF,8
TRBV7-9,TRBJ2-1,ASSPARVPAYNEQF,1
TRBV7-9,TRBJ2-1,ASSPARVPYNEQF,1
TRBV7-9,TRBJ2-1,ASSPARVSASNEQF,1
TRBV7-9,TRBJ2-1,ASSPARVSNNEQF,10
TRBV7-9,TRBJ2-1,ASSPARVTGEQF,16
TRBV7-9,TRBJ2-1,ASSPARVVNEKF,1
TRBV7-9,TRBJ2-1,ASSPARVVNEQF,2
TRBV7-9,TRBJ2-1,ASSPARVVNNEQF,1
TRBV7-9,TRBJ2-1,ASSPARVYNEQF,1
TRBV7-9,TRBJ2-1,ASSPARWNEQF,1
TRBV7-9,TRBJ2-1,ASSPARYNEQF,6
TRBV7-9,TRBJ2-1,ASSPARYRGNEQF,2
TRBV7-9,TRBJ2-1,ASSPASAAYNEQF,1
TRBV7-9,TRBJ2-1,ASSPASADEQF,1
TRBV7-9,TRBJ2-1,ASSPASAFGAYNEQF,1
TRBV7-9,TRBJ2-1,ASSPASAGAHNEQF,1
TRBV7-9,TRBJ2-1,ASSPASAGDDEQF,2
TRBV7-9,TRBJ2-1,ASSPASAGDKEQF,1
TRBV7-9,TRBJ2-1,ASSPASAGDKEQV,1
TRBV7-9,TRBJ2-1,ASSPASAGDNAQF,1
TRBV7-9,TRBJ2-1,ASSPASAGDNEHF,1
TRBV7-9,TRBJ2-1,ASSPASAGDNEQF,98
TRBV7-9,TRBJ2-1,ASSPASAGDNERF,1
TRBV7-9,TRBJ2-1,ASSPASAGDNKQS,2
TRBV7-9,TRBJ2-1,ASSPASAGDTEQF,1
TRBV7-9,TRBJ2-1,ASSPASAGENEKF,1
TRBV7-9,TRBJ2-1,ASSPASAGENEQF,3
TRBV7-9,TRBJ2-1,ASSPASAGIYNEQF,1
TRBV7-9,TRBJ2-1,ASSPASAGVSYNEQF,1
TRBV7-9,TRBJ2-1,ASSPASAGYNEQF,3
TRBV7-9,TRBJ2-1,ASSPASAHEQF,5
TRBV7-9,TRBJ2-1,ASSPASANEQF,9
TRBV7-9,TRBJ2-1,ASSPASASGYNEQF,1
TRBV7-9,TRBJ2-1,ASSPASASSYNEQF,1
TRBV7-9,TRBJ2-1,ASSPASATKYNEQF,1
TRBV7-9,TRBJ2-1,ASSPASATSGRSTYNEQF,2
TRBV7-9,TRBJ2-1,ASSPASATYNEQF,6
TRBV7-9,TRBJ2-1,ASSPASAYNEQF,4
TRBV7-9,TRBJ2-1,ASSPASDEQF,2
TRBV7-9,TRBJ2-1,ASSPASDHNEQF,12
TRBV7-9,TRBJ2-1,ASSPASDNNEQF,1
TRBV7-9,TRBJ2-1,ASSPASDSTYNEQF,1
TRBV7-9,TRBJ2-1,ASSPASDSYNEQF,1
TRBV7-9,TRBJ2-1,ASSPASEGDNDQF,1
TRBV7-9,TRBJ2-1,ASSPASEIYKEQF,1
TRBV7-9,TRBJ2-1,ASSPASELSYNEQF,1
TRBV7-9,TRBJ2-1,ASSPASEVTYNEQF,1
TRBV7-9,TRBJ2-1,ASSPASFNEQF,1
TRBV7-9,TRBJ2-1,ASSPASGANNEQF,1
TRBV7-9,TRBJ2-1,ASSPASGANYNEQF,1
TRBV7-9,TRBJ2-1,ASSPASGASSYNEQF,1
TRBV7-9,TRBJ2-1,ASSPASGAYADEQF,1
TRBV7-9,TRBJ2-1,ASSPASGAYNEQF,2
TRBV7-9,TRBJ2-1,ASSPASGAYYNEQF,1
TRBV7-9,TRBJ2-1,ASSPASGDEQF,1
TRBV7-9,TRBJ2-1,ASSPASGDNYNEQF,17
TRBV7-9,TRBJ2-1,ASSPASGDSYNEQF,1
TRBV7-9,TRBJ2-1,ASSPASGEAHNEQF,1
TRBV7-9,TRBJ2-1,ASSPASGEGDEQF,1
TRBV7-9,TRBJ2-1,ASSPASGEPYEQF,6
TRBV7-9,TRBJ2-1,ASSPASGERNEQF,6
TRBV7-9,TRBJ2-1,ASSPASGESYNEQF,1
TRBV7-9,TRBJ2-1,ASSPASGEYNEQF,5
TRBV7-9,TRBJ2-1,ASSPASGFHEQF,1
TRBV7-9,TRBJ2-1,ASSPASGFSYNEQF,4
TRBV7-9,TRBJ2-1,ASSPASGGADEQF,1
TRBV7-9,TRBJ2-1,ASSPASGGANNEQF,1
TRBV7-9,TRBJ2-1,ASSPASGGARSYNEQF,7
TRBV7-9,TRBJ2-1,ASSPASGGASYNEQF,1
TRBV7-9,TRBJ2-1,ASSPASGGAYNEQF,6
TRBV7-9,TRBJ2-1,ASSPASGGDNEQF,1
TRBV7-9,TRBJ2-1,ASSPASGGGAYNEQF,1
TRBV7-9,TRBJ2-1,ASSPASGGGLNEQF,2
TRBV7-9,TRBJ2-1,ASSPASGGIYNEQF,2
TRBV7-9,TRBJ2-1,ASSPASGGIYYEQF,1
TRBV7-9,TRBJ2-1,ASSPASGGLHEQF,1
TRBV7-9,TRBJ2-1,ASSPASGGLYNEQF,1
TRBV7-9,TRBJ2-1,ASSPASGGNEQF,1
TRBV7-9,TRBJ2-1,ASSPASGGPNEQF,1
TRBV7-9,TRBJ2-1,ASSPASGGPSYNEQF,1
TRBV7-9,TRBJ2-1,ASSPASGGRDEQF,1
TRBV7-9,TRBJ2-1,ASSPASGGRNEQF,2
TRBV7-9,TRBJ2-1,ASSPASGGRTAQYNEQF,3
TRBV7-9,TRBJ2-1,ASSPASGGRYNEQF,1
TRBV7-9,TRBJ2-1,ASSPASGGSNEQF,1
TRBV7-9,TRBJ2-1,ASSPASGGSSYNEQF,1
TRBV7-9,TRBJ2-1,ASSPASGGSYNEQF,1
TRBV7-9,TRBJ2-1,ASSPASGGTEDNEQF,2
TRBV7-9,TRBJ2-1,ASSPASGGTYNEQF,1
TRBV7-9,TRBJ2-1,ASSPASGGVDEQF,1
TRBV7-9,TRBJ2-1,ASSPASGGVYNEQF,1
TRBV7-9,TRBJ2-1,ASSPASGGYNEQF,39
TRBV7-9,TRBJ2-1,ASSPASGHADNEQF,1
TRBV7-9,TRBJ2-1,ASSPASGHDYNEQF,1
TRBV7-9,TRBJ2-1,ASSPASGHISYNEQF,1
TRBV7-9,TRBJ2-1,ASSPASGHNEQF,2
TRBV7-9,TRBJ2-1,ASSPASGIAGAVSNEQF,5
TRBV7-9,TRBJ2-1,ASSPASGIRNEQF,9
TRBV7-9,TRBJ2-1,ASSPASGISDEQF,1
TRBV7-9,TRBJ2-1,ASSPASGISYNEQF,1
TRBV7-9,TRBJ2-1,ASSPASGIYNEQF,9
TRBV7-9,TRBJ2-1,ASSPASGLDEQF,1
TRBV7-9,TRBJ2-1,ASSPASGLGNEQF,1
TRBV7-9,TRBJ2-1,ASSPASGLYNEQF,12
TRBV7-9,TRBJ2-1,ASSPASGMAPNEQF,1
TRBV7-9,TRBJ2-1,ASSPASGMSYNAQF,1
TRBV7-9,TRBJ2-1,ASSPASGMSYNEQF,11
TRBV7-9,TRBJ2-1,ASSPASGNEQF,4
TRBV7-9,TRBJ2-1,ASSPASGNNEQF,1
TRBV7-9,TRBJ2-1,ASSPASGNYNEQF,1
TRBV7-9,TRBJ2-1,ASSPASGPYNEQF,2
TRBV7-9,TRBJ2-1,ASSPASGPYYNEQF,2
TRBV7-9,TRBJ2-1,ASSPASGQSYNEQF,1
TRBV7-9,TRBJ2-1,ASSPASGRAGANEQF,12
TRBV7-9,TRBJ2-1,ASSPASGRAGEEF,1
TRBV7-9,TRBJ2-1,ASSPASGRAGEQF,12
TRBV7-9,TRBJ2-1,ASSPASGRALNEQF,8
TRBV7-9,TRBJ2-1,ASSPASGRALNEQL,1
TRBV7-9,TRBJ2-1,ASSPASGRANEQF,2
TRBV7-9,TRBJ2-1,ASSPASGRAQGNEQF,1
TRBV7-9,TRBJ2-1,ASSPASGRASYNEQF,1
TRBV7-9,TRBJ2-1,ASSPASGRAVNEQF,6
TRBV7-9,TRBJ2-1,ASSPASGRAYNEQF,6
TRBV7-9,TRBJ2-1,ASSPASGRDEQF,1
TRBV7-9,TRBJ2-1,ASSPASGRDNEQF,2
TRBV7-9,TRBJ2-1,ASSPASGREGYNEQF,7
TRBV7-9,TRBJ2-1,ASSPASGRETYNEQF,1
TRBV7-9,TRBJ2-1,ASSPASGRGDNEQF,1
TRBV7-9,TRBJ2-1,ASSPASGRGEQF,1
TRBV7-9,TRBJ2-1,ASSPASGRGNEQF,1
TRBV7-9,TRBJ2-1,ASSPASGRGYNEQF,2
TRBV7-9,TRBJ2-1,ASSPASGRHNEQF,1
TRBV7-9,TRBJ2-1,ASSPASGRINEQF,1
TRBV7-9,TRBJ2-1,ASSPASGRISYNEQF,1
TRBV7-9,TRBJ2-1,ASSPASGRKDEQF,1
TRBV7-9,TRBJ2-1,ASSPASGRKGNEQF,1
TRBV7-9,TRBJ2-1,ASSPASGRKQYNEQF,1
TRBV7-9,TRBJ2-1,ASSPASGRLDEQF,2
TRBV7-9,TRBJ2-1,ASSPASGRLNEQF,2
TRBV7-9,TRBJ2-1,ASSPASGRMISYNEQF,5
TRBV7-9,TRBJ2-1,ASSPASGRNEQF,1
TRBV7-9,TRBJ2-1,ASSPASGRNSYNEQF,1
TRBV7-9,TRBJ2-1,ASSPASGRNYNEQF,1
TRBV7-9,TRBJ2-1,ASSPASGRPHNEQF,1
TRBV7-9,TRBJ2-1,ASSPASGRPNEQF,1
TRBV7-9,TRBJ2-1,ASSPASGRPPSYNEQF,1
TRBV7-9,TRBJ2-1,ASSPASGRRLDNEQF,1
TRBV7-9,TRBJ2-1,ASSPASGRSEQF,5
TRBV7-9,TRBJ2-1,ASSPASGRSSYNEQF,2
TRBV7-9,TRBJ2-1,ASSPASGRSYNEQF,2
TRBV7-9,TRBJ2-1,ASSPASGRTTYNEQF,1
TRBV7-9,TRBJ2-1,ASSPASGRTYNEQF,1
TRBV7-9,TRBJ2-1,ASSPASGRVDAQF,1
TRBV7-9,TRBJ2-1,ASSPASGRVDEQF,2
TRBV7-9,TRBJ2-1,ASSPASGRVGNEQF,15
TRBV7-9,TRBJ2-1,ASSPASGRVNEQF,1
TRBV7-9,TRBJ2-1,ASSPASGRYNEQC,1
TRBV7-9,TRBJ2-1,ASSPASGRYNEQF,3
TRBV7-9,TRBJ2-1,ASSPASGSAYNEQF,9
TRBV7-9,TRBJ2-1,ASSPASGSEDEQF,10
TRBV7-9,TRBJ2-1,ASSPASGSEQF,2
TRBV7-9,TRBJ2-1,ASSPASGSGNEQF,1
TRBV7-9,TRBJ2-1,ASSPASGSHNEQF,14
TRBV7-9,TRBJ2-1,ASSPASGSINEQF,2
TRBV7-9,TRBJ2-1,ASSPASGSLLDQYNEQF,1
TRBV7-9,TRBJ2-1,ASSPASGSRYNEQF,1
TRBV7-9,TRBJ2-1,ASSPASGSSNEQF,4
TRBV7-9,TRBJ2-1,ASSPASGSSYNEQF,37
TRBV7-9,TRBJ2-1,ASSPASGSTNEQF,10
TRBV7-9,TRBJ2-1,ASSPASGSVNEQF,1
TRBV7-9,TRBJ2-1,ASSPASGSWNEQF,1
TRBV7-9,TRBJ2-1,ASSPASGSYNEQF,7
TRBV7-9,TRBJ2-1,ASSPASGTDNEQF,1
TRBV7-9,TRBJ2-1,ASSPASGTEQF,16
TRBV7-9,TRBJ2-1,ASSPASGTEQS,1
TRBV7-9,TRBJ2-1,ASSPASGTGKSNEQF,5
TRBV7-9,TRBJ2-1,ASSPASGTGNNEQF,11
TRBV7-9,TRBJ2-1,ASSPASGTGPHEQF,1
TRBV7-9,TRBJ2-1,ASSPASGTNEQF,1
TRBV7-9,TRBJ2-1,ASSPASGTNNEQF,1
TRBV7-9,TRBJ2-1,ASSPASGTSGRATYNEQF,1
TRBV7-9,TRBJ2-1,ASSPASGTSGRSNYNEQF,1
TRBV7-9,TRBJ2-1,ASSPASGTSGRSSYNEQF,1
TRBV7-9,TRBJ2-1,ASSPASGTSGRSTCNEQL,1
TRBV7-9,TRBJ2-1,ASSPASGTSGRSTHNEQF,1
TRBV7-9,TRBJ2-1,ASSPASGTSGRSTYNDQF,1
TRBV7-9,TRBJ2-1,ASSPASGTSGRSTYNEQF,83
TRBV7-9,TRBJ2-1,ASSPASGTSGRSTYNVQF,1
TRBV7-9,TRBJ2-1,ASSPASGTSGRSTYTEQF,1
TRBV7-9,TRBJ2-1,ASSPASGTSVRTTYNLKF,1
TRBV7-9,TRBJ2-1,ASSPASGTSYNEQF,1
TRBV7-9,TRBJ2-1,ASSPASGTVVFELF,1
TRBV7-9,TRBJ2-1,ASSPASGTYNEQF,12
TRBV7-9,TRBJ2-1,ASSPASGVAGLNEQF,1
TRBV7-9,TRBJ2-1,ASSPASGVDYEQF,1
TRBV7-9,TRBJ2-1,ASSPASGVFYNEQF,1
TRBV7-9,TRBJ2-1,ASSPASGVGYEQF,1
TRBV7-9,TRBJ2-1,ASSPASGVGYNEQF,1
TRBV7-9,TRBJ2-1,ASSPASGVHPDNEQF,3
TRBV7-9,TRBJ2-1,ASSPASGVPSYNEQF,1
TRBV7-9,TRBJ2-1,ASSPASGVPYNEQF,1
TRBV7-9,TRBJ2-1,ASSPASGVSYNEQF,10
TRBV7-9,TRBJ2-1,ASSPASGVYNEQF,2
TRBV7-9,TRBJ2-1,ASSPASGWNEQF,1
TRBV7-9,TRBJ2-1,ASSPASGYNEQF,4
TRBV7-9,TRBJ2-1,ASSPASHEQF,2
TRBV7-9,TRBJ2-1,ASSPASISGSSYNEQF,1
TRBV7-9,TRBJ2-1,ASSPASIYNEQF,1
TRBV7-9,TRBJ2-1,ASSPASKLGRDEQF,1
TRBV7-9,TRBJ2-1,ASSPASLAGSYNEQF,1
TRBV7-9,TRBJ2-1,ASSPASLAGVNEQF,1
TRBV7-9,TRBJ2-1,ASSPASLFSYNEQF,6
TRBV7-9,TRBJ2-1,ASSPASLRDEQF,1
TRBV7-9,TRBJ2-1,ASSPASLSYNEQF,1
TRBV7-9,TRBJ2-1,ASSPASMRLAGLNEQF,1
TRBV7-9,TRBJ2-1,ASSPASNDQF,1
TRBV7-9,TRBJ2-1,ASSPASNEHF,2
TRBV7-9,TRBJ2-1,ASSPASNEQF,21
TRBV7-9,TRBJ2-1,ASSPASNINEQF,5
TRBV7-9,TRBJ2-1,ASSPASNNNEQF,1
TRBV7-9,TRBJ2-1,ASSPASPGQF,9
TRBV7-9,TRBJ2-1,ASSPASPGYNEQC,2
TRBV7-9,TRBJ2-1,ASSPASPGYNEQF,8
TRBV7-9,TRBJ2-1,ASSPASPNEQF,1
TRBV7-9,TRBJ2-1,ASSPASPTYEQF,1
TRBV7-9,TRBJ2-1,ASSPASPTYNEQF,1
TRBV7-9,TRBJ2-1,ASSPASPVSNEQF,1
TRBV7-9,TRBJ2-1,ASSPASPYNEQF,1
TRBV7-9,TRBJ2-1,ASSPASQEYNEQF,1
TRBV7-9,TRBJ2-1,ASSPASQIYNEQF,16
TRBV7-9,TRBJ2-1,ASSPASQTYNEQF,2
TRBV7-9,TRBJ2-1,ASSPASRDNEQF,10
TRBV7-9,TRBJ2-1,ASSPASRDRWYEQF,2
TRBV7-9,TRBJ2-1,ASSPASRERQF,1
TRBV7-9,TRBJ2-1,ASSPASRGINEQF,1
TRBV7-9,TRBJ2-1,ASSPASRNNEQF,5
TRBV7-9,TRBJ2-1,ASSPASRPWQF,1
TRBV7-9,TRBJ2-1,ASSPASRTYNEQF,1
TRBV7-9,TRBJ2-1,ASSPASSENEQF,1
TRBV7-9,TRBJ2-1,ASSPASSEQF,2
TRBV7-9,TRBJ2-1,ASSPASSGISYNEQF,1
TRBV7-9,TRBJ2-1,ASSPASSGPYNEQF,1
TRBV7-9,TRBJ2-1,ASSPASSGTGFGNEQF,1
TRBV7-9,TRBJ2-1,ASSPASSIRNEQF,1
TRBV7-9,TRBJ2-1,ASSPASSMSDEQF,1
TRBV7-9,TRBJ2-1,ASSPASSPFYNEQF,1
TRBV7-9,TRBJ2-1,ASSPASSSYNEQF,4
TRBV7-9,TRBJ2-1,ASSPASSYKEQF,1
TRBV7-9,TRBJ2-1,ASSPASSYNEQF,27
TRBV7-9,TRBJ2-1,ASSPASTGAGIRYNEQF,1
TRBV7-9,TRBJ2-1,ASSPASTGDNEQF,1
TRBV7-9,TRBJ2-1,ASSPASTPYNEQF,1
TRBV7-9,TRBJ2-1,ASSPASTQHGHIYNEQF,8
TRBV7-9,TRBJ2-1,ASSPASTRRNYNEQF,1
TRBV7-9,TRBJ2-1,ASSPASTSGFPSYNEQF,1
TRBV7-9,TRBJ2-1,ASSPASTSSYNEQF,1
TRBV7-9,TRBJ2-1,ASSPASTYNEQF,1
TRBV7-9,TRBJ2-1,ASSPASVDNEQF,1
TRBV7-9,TRBJ2-1,ASSPASVFYNEQF,1
TRBV7-9,TRBJ2-1,ASSPASVGQF,1
TRBV7-9,TRBJ2-1,ASSPASVGSYNEQF,1
TRBV7-9,TRBJ2-1,ASSPASVQRWVQF,4
TRBV7-9,TRBJ2-1,ASSPASVSYNEQF,1
TRBV7-9,TRBJ2-1,ASSPASVTSGHNEQF,1
TRBV7-9,TRBJ2-1,ASSPASVWDEQF,11
TRBV7-9,TRBJ2-1,ASSPASVYEQF,14
TRBV7-9,TRBJ2-1,ASSPASWDEQF,5
TRBV7-9,TRBJ2-1,ASSPASWDNYNEQF,1
TRBV7-9,TRBJ2-1,ASSPASYNAQF,1
TRBV7-9,TRBJ2-1,ASSPASYNEQC,1
TRBV7-9,TRBJ2-1,ASSPASYNEQF,60
TRBV7-9,TRBJ2-1,ASSPASYRHNEQF,1
TRBV7-9,TRBJ2-1,ASSPATAADNEQS,1
TRBV7-9,TRBJ2-1,ASSPATAARLAEYNEQF,12
TRBV7-9,TRBJ2-1,ASSPATAAYNEQF,1
TRBV7-9,TRBJ2-1,ASSPATAGDGNEQF,1
TRBV7-9,TRBJ2-1,ASSPATAGDNEQF,2
TRBV7-9,TRBJ2-1,ASSPATAGLDEQF,1
TRBV7-9,TRBJ2-1,ASSPATATTGNEQF,1
TRBV7-9,TRBJ2-1,ASSPATAWNEQF,7
TRBV7-9,TRBJ2-1,ASSPATDEQF,15
TRBV7-9,TRBJ2-1,ASSPATDLTQF,3
TRBV7-9,TRBJ2-1,ASSPATDNEQF,4
TRBV7-9,TRBJ2-1,ASSPATDRVNEQF,3
TRBV7-9,TRBJ2-1,ASSPATEAYNEQF,1
TRBV7-9,TRBJ2-1,ASSPATEFNYNEKF,1
TRBV7-9,TRBJ2-1,ASSPATEFTYKEQF,1
TRBV7-9,TRBJ2-1,ASSPATEFTYNEQF,10
TRBV7-9,TRBJ2-1,ASSPATEGLYNEQF,1
TRBV7-9,TRBJ2-1,ASSPATEQF,3
TRBV7-9,TRBJ2-1,ASSPATGAGNEQF,1
TRBV7-9,TRBJ2-1,ASSPATGAYNEQF,1
TRBV7-9,TRBJ2-1,ASSPATGDNEQF,1
TRBV7-9,TRBJ2-1,ASSPATGDSNEQF,5
TRBV7-9,TRBJ2-1,ASSPATGEVSYNEQF,1
TRBV7-9,TRBJ2-1,ASSPATGEYNEQF,1
TRBV7-9,TRBJ2-1,ASSPATGFDNEQF,1
TRBV7-9,TRBJ2-1,ASSPATGGAYNEQF,2
TRBV7-9,TRBJ2-1,ASSPATGGDYNEQF,1
TRBV7-9,TRBJ2-1,ASSPATGGEVNEQF,1
TRBV7-9,TRBJ2-1,ASSPATGGMRNEQF,1
TRBV7-9,TRBJ2-1,ASSPATGGSYNEQF,1
TRBV7-9,TRBJ2-1,ASSPATGGVDNEQF,1
TRBV7-9,TRBJ2-1,ASSPATGGWLDEQF,1
TRBV7-9,TRBJ2-1,ASSPATGHSLNEQF,10
TRBV7-9,TRBJ2-1,ASSPATGLAGHNEQF,1
TRBV7-9,TRBJ2-1,ASSPATGLDNEQF,9
TRBV7-9,TRBJ2-1,ASSPATGLSYNEQF,1
TRBV7-9,TRBJ2-1,ASSPATGNNEQF,1
TRBV7-9,TRBJ2-1,ASSPATGNPSYNEQF,1
TRBV7-9,TRBJ2-1,ASSPATGPLNNEQF,19
TRBV7-9,TRBJ2-1,ASSPATGPNEQF,1
TRBV7-9,TRBJ2-1,ASSPATGPYNEQF,1
TRBV7-9,TRBJ2-1,ASSPATGQGGFNEQF,1
TRBV7-9,TRBJ2-1,ASSPATGQGNEQF,1
TRBV7-9,TRBJ2-1,ASSPATGQSLNEQF,1
TRBV7-9,TRBJ2-1,ASSPATGQVWNEQF,1
TRBV7-9,TRBJ2-1,ASSPATGRNEQF,1
TRBV7-9,TRBJ2-1,ASSPATGRYNEQF,1
TRBV7-9,TRBJ2-1,ASSPATGRYYNEQF,1
TRBV7-9,TRBJ2-1,ASSPATGSRGNEQF,1
TRBV7-9,TRBJ2-1,ASSPATGSSYNEQF,1
TRBV7-9,TRBJ2-1,ASSPATGTKGNEQF,11
TRBV7-9,TRBJ2-1,ASSPATGTNEQF,12
TRBV7-9,TRBJ2-1,ASSPATGTRWGEHF,1
TRBV7-9,TRBJ2-1,ASSPATGTRWGEQC,1
TRBV7-9,TRBJ2-1,ASSPATGTRWGEQF,15
TRBV7-9,TRBJ2-1,ASSPATGTSGRAFEEQF,5
TRBV7-9,TRBJ2-1,ASSPATGTSGSNEQF,1
TRBV7-9,TRBJ2-1,ASSPATGTSGSYNEQF,1
TRBV7-9,TRBJ2-1,ASSPATGTSGVSYNEQF,1
TRBV7-9,TRBJ2-1,ASSPATGTSYNEQF,1
TRBV7-9,TRBJ2-1,ASSPATGVNNEQF,1
TRBV7-9,TRBJ2-1,ASSPATGVSYNEQF,11
TRBV7-9,TRBJ2-1,ASSPATGWSYNEQF,1
TRBV7-9,TRBJ2-1,ASSPATGYNEQF,1
TRBV7-9,TRBJ2-1,ASSPATIGSFYNEQF,1
TRBV7-9,TRBJ2-1,ASSPATIYNEQF,1
TRBV7-9,TRBJ2-1,ASSPATKGDEQF,1
TRBV7-9,TRBJ2-1,ASSPATKNEQF,5
TRBV7-9,TRBJ2-1,ASSPATKSNEQF,1
TRBV7-9,TRBJ2-1,ASSPATKTSTYNEQF,1
TRBV7-9,TRBJ2-1,ASSPATLAGANNEQF,1
TRBV7-9,TRBJ2-1,ASSPATLAGHSLYNEQF,1
TRBV7-9,TRBJ2-1,ASSPATLAGPSHYNEQF,1
TRBV7-9,TRBJ2-1,ASSPATLAGPSLYNDQF,1
TRBV7-9,TRBJ2-1,ASSPATLAGPSLYNEQF,75
TRBV7-9,TRBJ2-1,ASSPATLAGPSLYNKQF,1
TRBV7-9,TRBJ2-1,ASSPATLAGPSLYTEQF,1
TRBV7-9,TRBJ2-1,ASSPATLAGPSRYNEQF,1
TRBV7-9,TRBJ2-1,ASSPATLASNEQF,1
TRBV7-9,TRBJ2-1,ASSPATLGGYTNNEQF,11
TRBV7-9,TRBJ2-1,ASSPATLQVGNEQF,1
TRBV7-9,TRBJ2-1,ASSPATLRANEQF,1
TRBV7-9,TRBJ2-1,ASSPATNEQF,4
TRBV7-9,TRBJ2-1,ASSPATPNEQF,1
TRBV7-9,TRBJ2-1,ASSPATPPAYNEQF,1
TRBV7-9,TRBJ2-1,ASSPATQRDYNEQF,1
TRBV7-9,TRBJ2-1,ASSPATQYNEQF,1
TRBV7-9,TRBJ2-1,ASSPATRDYNEQF,7
TRBV7-9,TRBJ2-1,ASSPATRDYNEQS,1
TRBV7-9,TRBJ2-1,ASSPATRGLYNEQF,1
TRBV7-9,TRBJ2-1,ASSPATRGSRDEQF,1
TRBV7-9,TRBJ2-1,ASSPATRTRWGEQF,1
TRBV7-9,TRBJ2-1,ASSPATRYNEQF,16
TRBV7-9,TRBJ2-1,ASSPATSCNEQF,1
TRBV7-9,TRBJ2-1,ASSPATSEPYNEQF,12
TRBV7-9,TRBJ2-1,ASSPATSETYNEQF,1
TRBV7-9,TRBJ2-1,ASSPATSGAFNEQF,1
TRBV7-9,TRBJ2-1,ASSPATSGAYNEQF,1
TRBV7-9,TRBJ2-1,ASSPATSGDNEQF,1
TRBV7-9,TRBJ2-1,ASSPATSGDYNEQF,1
TRBV7-9,TRBJ2-1,ASSPATSGFFVNEQF,1
TRBV7-9,TRBJ2-1,ASSPATSGFNEQF,1
TRBV7-9,TRBJ2-1,ASSPATSGGGSSYNEQF,1
TRBV7-9,TRBJ2-1,ASSPATSGGGYNEQF,23
TRBV7-9,TRBJ2-1,ASSPATSGGLNEQF,7
TRBV7-9,TRBJ2-1,ASSPATSGGSSYNEQF,1
TRBV7-9,TRBJ2-1,ASSPATSGHEQF,1
TRBV7-9,TRBJ2-1,ASSPATSGHYNEQF,7
TRBV7-9,TRBJ2-1,ASSPATSGKRNEQF,1
TRBV7-9,TRBJ2-1,ASSPATSGLQF,4
TRBV7-9,TRBJ2-1,ASSPATSGRHEQF,1
TRBV7-9,TRBJ2-1,ASSPATSGRLGEQF,12
TRBV7-9,TRBJ2-1,ASSPATSGRSYEQF,1
TRBV7-9,TRBJ2-1,ASSPATSGRYNEQF,12
TRBV7-9,TRBJ2-1,ASSPATSGSNNEQF,2
TRBV7-9,TRBJ2-1,ASSPATSGSSYNEQF,1
TRBV7-9,TRBJ2-1,ASSPATSGTRRNEQF,1
TRBV7-9,TRBJ2-1,ASSPATSGTSYNEQF,1
TRBV7-9,TRBJ2-1,ASSPATSGTYNEQF,2
TRBV7-9,TRBJ2-1,ASSPATSGYNEQF,1
TRBV7-9,TRBJ2-1,ASSPATSHNDQF,1
TRBV7-9,TRBJ2-1,ASSPATSHNEQF,16
TRBV7-9,TRBJ2-1,ASSPATSLDEQF,1
TRBV7-9,TRBJ2-1,ASSPATSLYNEQF,8
TRBV7-9,TRBJ2-1,ASSPATSPAYNEQF,2
TRBV7-9,TRBJ2-1,ASSPATSPCLINEQF,1
TRBV7-9,TRBJ2-1,ASSPATSPSLNNEQF,1
TRBV7-9,TRBJ2-1,ASSPATSRDEQF,1
TRBV7-9,TRBJ2-1,ASSPATSRPYNEQF,1
TRBV7-9,TRBJ2-1,ASSPATSRYNEQF,1
TRBV7-9,TRBJ2-1,ASSPATSSYNEQF,6
TRBV7-9,TRBJ2-1,ASSPATSSYNKQF,2
TRBV7-9,TRBJ2-1,ASSPATSVEQF,15
TRBV7-9,TRBJ2-1,ASSPATSVNEQF,1
TRBV7-9,TRBJ2-1,ASSPATSVNNEQF,1
TRBV7-9,TRBJ2-1,ASSPATSVYNEQF,1
TRBV7-9,TRBJ2-1,ASSPATSYNEQF,31
TRBV7-9,TRBJ2-1,ASSPATTRTYNEQF,1
TRBV7-9,TRBJ2-1,ASSPATTSGRRFYDEQF,1
TRBV7-9,TRBJ2-1,ASSPATTSGRRFYNEQF,30
TRBV7-9,TRBJ2-1,ASSPATTSGRRFYYEQF,1
TRBV7-9,TRBJ2-1,ASSPATTTGRRFYSEQI,1
TRBV7-9,TRBJ2-1,ASSPATVPLNNEQF,1
TRBV7-9,TRBJ2-1,ASSPATVSYNEQF,1
TRBV7-9,TRBJ2-1,ASSPATVTRWGEQF,1
TRBV7-9,TRBJ2-1,ASSPATYEQF,1
TRBV7-9,TRBJ2-1,ASSPATYNEQF,2
TRBV7-9,TRBJ2-1,ASSPATYSYNEQF,7
TRBV7-9,TRBJ2-1,ASSPAVAERYNEQF,1
TRBV7-9,TRBJ2-1,ASSPAVAGALDSYNEQF,1
TRBV7-9,TRBJ2-1,ASSPAVAGGLYNEQF,1
TRBV7-9,TRBJ2-1,ASSPAVAGGNEQF,1
TRBV7-9,TRBJ2-1,ASSPAVAGGPSYNEQF,10
TRBV7-9,TRBJ2-1,ASSPAVAGGPSYTEQF,1
TRBV7-9,TRBJ2-1,ASSPAVAGGRDEQF,1
TRBV7-9,TRBJ2-1,ASSPAVAGGVNEQF,1
TRBV7-9,TRBJ2-1,ASSPAVAGLHYNEQF,1
TRBV7-9,TRBJ2-1,ASSPAVAGLNNEQF,1
TRBV7-9,TRBJ2-1,ASSPAVAGNYNEQF,1
TRBV7-9,TRBJ2-1,ASSPAVAGPDNEQF,1
TRBV7-9,TRBJ2-1,ASSPAVAGRKNEQF,1
TRBV7-9,TRBJ2-1,ASSPAVAGVKF,1
TRBV7-9,TRBJ2-1,ASSPAVAGVNEQF,1
TRBV7-9,TRBJ2-1,ASSPAVASGDYNEQF,1
TRBV7-9,TRBJ2-1,ASSPAVDEQF,8
TRBV7-9,TRBJ2-1,ASSPAVEDEQF,19
TRBV7-9,TRBJ2-1,ASSPAVEYEQF,1
TRBV7-9,TRBJ2-1,ASSPAVFSGNEQF,1
TRBV7-9,TRBJ2-1,ASSPAVGAYNEQF,3
TRBV7-9,TRBJ2-1,ASSPAVGDEQF,1
TRBV7-9,TRBJ2-1,ASSPAVGDRFSYNEQF,1
TRBV7-9,TRBJ2-1,ASSPAVGEVRDEQF,1
TRBV7-9,TRBJ2-1,ASSPAVGGPKDNEQF,1
TRBV7-9,TRBJ2-1,ASSPAVGGTNNEQF,1
TRBV7-9,TRBJ2-1,ASSPAVGGVYNEQF,1
TRBV7-9,TRBJ2-1,ASSPAVGGYNEQF,1
TRBV7-9,TRBJ2-1,ASSPAVGLADHNEQF,1
TRBV7-9,TRBJ2-1,ASSPAVGLVGNEQF,1
TRBV7-9,TRBJ2-1,ASSPAVGPLHNEQF,1
TRBV7-9,TRBJ2-1,ASSPAVGQGYNEQF,1
TRBV7-9,TRBJ2-1,ASSPAVGRVNEQF,1
TRBV7-9,TRBJ2-1,ASSPAVGRYNEQF,1
TRBV7-9,TRBJ2-1,ASSPAVGTGFHEQF,1
TRBV7-9,TRBJ2-1,ASSPAVGWSYNEQF,1
TRBV7-9,TRBJ2-1,ASSPAVIAEDSYNEQF,1
TRBV7-9,TRBJ2-1,ASSPAVIGLPENNEQF,1
TRBV7-9,TRBJ2-1,ASSPAVKAGGFRNEQF,1
TRBV7-9,TRBJ2-1,ASSPAVKDEQF,1
TRBV7-9,TRBJ2-1,ASSPAVKDGGFRNEQF,1
TRBV7-9,TRBJ2-1,ASSPAVKEAGFRNEQF,1
TRBV7-9,TRBJ2-1,ASSPAVKEGAFRNEQF,1
TRBV7-9,TRBJ2-1,ASSPAVKEGGFCNEQF,1
TRBV7-9,TRBJ2-1,ASSPAVKEGGFRHEQF,1
TRBV7-9,TRBJ2-1,ASSPAVKEGGFRNDQF,1
TRBV7-9,TRBJ2-1,ASSPAVKEGGFRNEEF,1
TRBV7-9,TRBJ2-1,ASSPAVKEGGFRNELL,1
TRBV7-9,TRBJ2-1,ASSPAVKEGGFRNEPF,1
TRBV7-9,TRBJ2-1,ASSPAVKEGGFRNEQC,1
TRBV7-9,TRBJ2-1,ASSPAVKEGGFRNEQF,403
TRBV7-9,TRBJ2-1,ASSPAVKEGGFRNEQL,3
TRBV7-9,TRBJ2-1,ASSPAVKEGGFRNEQS,1
TRBV7-9,TRBJ2-1,ASSPAVKEGGFRNEQV,2
TRBV7-9,TRBJ2-1,ASSPAVKEGGFRNEQY,1
TRBV7-9,TRBJ2-1,ASSPAVKEGGFRNGQF,1
TRBV7-9,TRBJ2-1,ASSPAVKEGGFRTEQF,2
TRBV7-9,TRBJ2-1,ASSPAVKEGGLRNEQF,2
TRBV7-9,TRBJ2-1,ASSPAVKEGGVRNEQF,1
TRBV7-9,TRBJ2-1,ASSPAVKEGGVRNERF,1
TRBV7-9,TRBJ2-1,ASSPAVKEGVFRNEQF,1
TRBV7-9,TRBJ2-1,ASSPAVKERGFRNEQF,2
TRBV7-9,TRBJ2-1,ASSPAVKEVGFRNEQF,1
TRBV7-9,TRBJ2-1,ASSPAVKGGGFRNEQF,2
TRBV7-9,TRBJ2-1,ASSPAVLAAYNEQF,1
TRBV7-9,TRBJ2-1,ASSPAVLAGAYNEQF,1
TRBV7-9,TRBJ2-1,ASSPAVLAGGAFNEQF,1
TRBV7-9,TRBJ2-1,ASSPAVLAQNNEQF,2
TRBV7-9,TRBJ2-1,ASSPAVLTYYEQF,1
TRBV7-9,TRBJ2-1,ASSPAVMASGSSYNEQF,1
TRBV7-9,TRBJ2-1,ASSPAVNEGGLRNEQF,1
TRBV7-9,TRBJ2-1,ASSPAVNEQF,7
TRBV7-9,TRBJ2-1,ASSPAVNNEQF,1
TRBV7-9,TRBJ2-1,ASSPAVPEQF,8
TRBV7-9,TRBJ2-1,ASSPAVQAGGFRNEQF,1
TRBV7-9,TRBJ2-1,ASSPAVQDEQF,1
TRBV7-9,TRBJ2-1,ASSPAVQGVTYNEQF,1
TRBV7-9,TRBJ2-1,ASSPAVQRGHNEQF,1
TRBV7-9,TRBJ2-1,ASSPAVQVIYNAQF,1
TRBV7-9,TRBJ2-1,ASSPAVQVIYNEQF,6
TRBV7-9,TRBJ2-1,ASSPAVRAGGRSYNEQF,1
TRBV7-9,TRBJ2-1,ASSPAVREGGFRNEQF,1
TRBV7-9,TRBJ2-1,ASSPAVRGGGEQF,1
TRBV7-9,TRBJ2-1,ASSPAVRSYNEQF,1
TRBV7-9,TRBJ2-1,ASSPAVRTLKSYNEQF,1
TRBV7-9,TRBJ2-1,ASSPAVSEPSYNEQF,1
TRBV7-9,TRBJ2-1,ASSPAVSGGGEQF,9
TRBV7-9,TRBJ2-1,ASSPAVSGSYNEQF,5
TRBV7-9,TRBJ2-1,ASSPAVSNEQF,1
TRBV7-9,TRBJ2-1,ASSPAVSNSLPNEQF,1
TRBV7-9,TRBJ2-1,ASSPAVSPYNEQF,1
TRBV7-9,TRBJ2-1,ASSPAVSSGRYNEQF,1
TRBV7-9,TRBJ2-1,ASSPAVSSYNEQF,1
TRBV7-9,TRBJ2-1,ASSPAVSYNEQF,2
TRBV7-9,TRBJ2-1,ASSPAVTAHEQF,1
TRBV7-9,TRBJ2-1,ASSPAVTAYNERF,1
TRBV7-9,TRBJ2-1,ASSPAVTDEQF,1
TRBV7-9,TRBJ2-1,ASSPAVTMAYNEQF,1
TRBV7-9,TRBJ2-1,ASSPAVTPLDEQF,1
TRBV7-9,TRBJ2-1,ASSPAVTSSYNEQF,7
TRBV7-9,TRBJ2-1,ASSPAVTSYNEQF,11
TRBV7-9,TRBJ2-1,ASSPAVVAGASYEQF,1
TRBV7-9,TRBJ2-1,ASSPAVVAGEGNNEQF,1
TRBV7-9,TRBJ2-1,ASSPAVVEQF,6
TRBV7-9,TRBJ2-1,ASSPAVWAGNEQF,1
TRBV7-9,TRBJ2-1,ASSPAVWGEGHRV,4
TRBV7-9,TRBJ2-1,ASSPAVYNEQF,8
TRBV7-9,TRBJ2-1,ASSPAWAASDSNEQF,1
TRBV7-9,TRBJ2-1,ASSPAWAGGQF,13
TRBV7-9,TRBJ2-1,ASSPAWAPSSYNEQF,1
TRBV7-9,TRBJ2-1,ASSPAWARPYNEQF,1
TRBV7-9,TRBJ2-1,ASSPAWASGVRGYNEQF,15
TRBV7-9,TRBJ2-1,ASSPAWASHNEQF,1
TRBV7-9,TRBJ2-1,ASSPAWDFEGYNEQF,1
TRBV7-9,TRBJ2-1,ASSPAWDPRHEQF,1
TRBV7-9,TRBJ2-1,ASSPAWDRGNEQF,4
TRBV7-9,TRBJ2-1,ASSPAWERPYNEQF,5
TRBV7-9,TRBJ2-1,ASSPAWGAENEQF,1
TRBV7-9,TRBJ2-1,ASSPAWGARYNEQF,1
TRBV7-9,TRBJ2-1,ASSPAWGDEQF,1
TRBV7-9,TRBJ2-1,ASSPAWGEYNEQF,1
TRBV7-9,TRBJ2-1,ASSPAWGFYNEQF,1
TRBV7-9,TRBJ2-1,ASSPAWGGGQNNEQF,1
TRBV7-9,TRBJ2-1,ASSPAWGKTNEQF,4
TRBV7-9,TRBJ2-1,ASSPAWGLSWNEQF,1
TRBV7-9,TRBJ2-1,ASSPAWGLYNEQF,7
TRBV7-9,TRBJ2-1,ASSPAWGNEQF,7
TRBV7-9,TRBJ2-1,ASSPAWGNNEQF,2
TRBV7-9,TRBJ2-1,ASSPAWGPNEQF,13
TRBV7-9,TRBJ2-1,ASSPAWGPQVDNEQF,3
TRBV7-9,TRBJ2-1,ASSPAWGPSRVINEQF,1
TRBV7-9,TRBJ2-1,ASSPAWGPYNEQF,1
TRBV7-9,TRBJ2-1,ASSPAWGQLNNEQF,1
TRBV7-9,TRBJ2-1,ASSPAWGQRQF,8
TRBV7-9,TRBJ2-1,ASSPAWGSAYNEQF,1
TRBV7-9,TRBJ2-1,ASSPAWGSYNEQF,1
TRBV7-9,TRBJ2-1,ASSPAWGTEGYEQF,1
TRBV7-9,TRBJ2-1,ASSPAWGTGLNEQF,1
TRBV7-9,TRBJ2-1,ASSPAWGTSGEYNEQF,1
TRBV7-9,TRBJ2-1,ASSPAWGTSMGNEQF,1
TRBV7-9,TRBJ2-1,ASSPAWGVSDEQF,2
TRBV7-9,TRBJ2-1,ASSPAWGYNEQF,2
TRBV7-9,TRBJ2-1,ASSPAWKESYNEQF,1
TRBV7-9,TRBJ2-1,ASSPAWLAGGGDEQF,1
TRBV7-9,TRBJ2-1,ASSPAWLGGRALEQF,1
TRBV7-9,TRBJ2-1,ASSPAWMDEQF,14
TRBV7-9,TRBJ2-1,ASSPAWNEQF,5
TRBV7-9,TRBJ2-1,ASSPAWQDEQF,1
TRBV7-9,TRBJ2-1,ASSPAWQFNEQF,1
TRBV7-9,TRBJ2-1,ASSPAWQGVGDEQF,12
TRBV7-9,TRBJ2-1,ASSPAWQGVGVEQF,1
TRBV7-9,TRBJ2-1,ASSPAWQVYNEQF,1
TRBV7-9,TRBJ2-1,ASSPAWRDPYNEQF,5
TRBV7-9,TRBJ2-1,ASSPAWREDNEQF,1
TRBV7-9,TRBJ2-1,ASSPAWRENEQF,1
TRBV7-9,TRBJ2-1,ASSPAWRGDNEQF,8
TRBV7-9,TRBJ2-1,ASSPAWRGGNNEQF,1
TRBV7-9,TRBJ2-1,ASSPAWRGGYNEQF,9
TRBV7-9,TRBJ2-1,ASSPAWRTYNEQF,5
TRBV7-9,TRBJ2-1,ASSPAWRWDEQF,2
TRBV7-9,TRBJ2-1,ASSPAWSETYNEQF,1
TRBV7-9,TRBJ2-1,ASSPAWSFSYNEQF,2
TRBV7-9,TRBJ2-1,ASSPAWSGRAYNEQF,2
TRBV7-9,TRBJ2-1,ASSPAWSSYNEQF,2
TRBV7-9,TRBJ2-1,ASSPAWTEQF,8
TRBV7-9,TRBJ2-1,ASSPAWTGGNEQF,1
TRBV7-9,TRBJ2-1,ASSPAWTGSNEQF,1
TRBV7-9,TRBJ2-1,ASSPAWTSGLYNEQF,1
TRBV7-9,TRBJ2-1,ASSPAWTSGRPYNEQF,1
TRBV7-9,TRBJ2-1,ASSPAWTSGSNGLNEQF,1
TRBV7-9,TRBJ2-1,ASSPAWTSGTFSYNEQF,7
TRBV7-9,TRBJ2-1,ASSPAWTSIYEQF,1
TRBV7-9,TRBJ2-1,ASSPAWTSVYNEQF,1
TRBV7-9,TRBJ2-1,ASSPAWTSYNEQF,1
TRBV7-9,TRBJ2-1,ASSPAWVASYNEQF,1
TRBV7-9,TRBJ2-1,ASSPAWVIEQF,1
TRBV7-9,TRBJ2-1,ASSPAWYLAVNNEQS,1
TRBV7-9,TRBJ2-1,ASSPAYAAAYNEQF,1
TRBV7-9,TRBJ2-1,ASSPAYASGYNEQF,1
TRBV7-9,TRBJ2-1,ASSPAYEKF,1
TRBV7-9,TRBJ2-1,ASSPAYEQF,11
TRBV7-9,TRBJ2-1,ASSPAYFTGGGEYNEQF,1
TRBV7-9,TRBJ2-1,ASSPAYGTSTNEQF,1
TRBV7-9,TRBJ2-1,ASSPAYGVSYNEQF,1
TRBV7-9,TRBJ2-1,ASSPAYNEQF,65
TRBV7-9,TRBJ2-1,ASSPAYPGGYNEQF,1
TRBV7-9,TRBJ2-1,ASSPAYQAPYNEQF,1
TRBV7-9,TRBJ2-1,ASSPAYRDNEQF,15
TRBV7-9,TRBJ2-1,ASSPAYREGLDEQF,3
TRBV7-9,TRBJ2-1,ASSPAYREVLDGQF,1
TRBV7-9,TRBJ2-1,ASSPAYRGGTYNEQF,1
TRBV7-9,TRBJ2-1,ASSPAYRGLRNEQF,1
TRBV7-9,TRBJ2-1,ASSPAYRPYNEQF,1
TRBV7-9,TRBJ2-1,ASSPAYTGQD,1
TRBV7-9,TRBJ2-1,ASSPAYVISGRSTYNGQV,1
TRBV7-9,TRBJ2-1,ASSPAYYNEQF,2
TRBV7-9,TRBJ2-1,ASSPAYYTEQF,1
TRBV7-9,TRBJ2-1,ASSPCAEQF,1
TRBV7-9,TRBJ2-1,ASSPCATSGSNEQC,1
TRBV7-9,TRBJ2-1,ASSPCATSGSNEQF,2
TRBV7-9,TRBJ2-1,ASSPCDDTQQF,1
TRBV7-9,TRBJ2-1,ASSPCDNEQF,5
TRBV7-9,TRBJ2-1,ASSPCDNEQV,1
TRBV7-9,TRBJ2-1,ASSPCDYNEQF,1
TRBV7-9,TRBJ2-1,ASSPCGAGDNEQF,1
TRBV7-9,TRBJ2-1,ASSPCGGLAFYEQF,1
TRBV7-9,TRBJ2-1,ASSPCGGLYNEQF,1
TRBV7-9,TRBJ2-1,ASSPCGGSAYNEQF,1
TRBV7-9,TRBJ2-1,ASSPCGGTSGRNEQF,1
TRBV7-9,TRBJ2-1,ASSPCGQGAYEQF,1
TRBV7-9,TRBJ2-1,ASSPCGSSYNEQF,1
TRBV7-9,TRBJ2-1,ASSPCGSYNEQF,1
TRBV7-9,TRBJ2-1,ASSPCGTSSNEQF,1
TRBV7-9,TRBJ2-1,ASSPCGVKEQF,1
TRBV7-9,TRBJ2-1,ASSPCGVNEQF,4
TRBV7-9,TRBJ2-1,ASSPCGVVNEQF,1
TRBV7-9,TRBJ2-1,ASSPCHPARAHNEQF,1
TRBV7-9,TRBJ2-1,ASSPCHREAYNEQF,1
TRBV7-9,TRBJ2-1,ASSPCIVYEQF,1
TRBV7-9,TRBJ2-1,ASSPCKGDEQF,1
TRBV7-9,TRBJ2-1,ASSPCNEQF,2
TRBV7-9,TRBJ2-1,ASSPCNHGLGGRYNEQF,3
TRBV7-9,TRBJ2-1,ASSPCNPGDEQF,2
TRBV7-9,TRBJ2-1,ASSPCPLAGYNEQF,1
TRBV7-9,TRBJ2-1,ASSPCPSGRTNEQF,1
TRBV7-9,TRBJ2-1,ASSPCQGGKNYNEQF,1
TRBV7-9,TRBJ2-1,ASSPCRGFFISSYNEQF,1
TRBV7-9,TRBJ2-1,ASSPCRGSPHNEQF,1
TRBV7-9,TRBJ2-1,ASSPCRGVSHNEHF,1
TRBV7-9,TRBJ2-1,ASSPCRQGTVF,1
TRBV7-9,TRBJ2-1,ASSPCSGGRGNEQF,1
TRBV7-9,TRBJ2-1,ASSPCSGRASVHEQF,1
TRBV7-9,TRBJ2-1,ASSPCTATQYNEQF,1
TRBV7-9,TRBJ2-1,ASSPCTGGNEQF,1
TRBV7-9,TRBJ2-1,ASSPCTSADSYNEHF,1
TRBV7-9,TRBJ2-1,ASSPCVGSYNEQF,1
TRBV7-9,TRBJ2-1,ASSPCVGVSYNEQF,1
TRBV7-9,TRBJ2-1,ASSPCVGYNEQF,1
TRBV7-9,TRBJ2-1,ASSPCWVNEQF,1
TRBV7-9,TRBJ2-1,ASSPCYNEQF,1
TRBV7-9,TRBJ2-1,ASSPDADPPQ,9
TRBV7-9,TRBJ2-1,ASSPDADYSYNEQF,1
TRBV7-9,TRBJ2-1,ASSPDAFNEQF,2
TRBV7-9,TRBJ2-1,ASSPDAFSGSYNEQF,1
TRBV7-9,TRBJ2-1,ASSPDAGGTYNEQF,1
TRBV7-9,TRBJ2-1,ASSPDAGLAIYNEQF,1
TRBV7-9,TRBJ2-1,ASSPDAIIVGPYNEQF,9
TRBV7-9,TRBJ2-1,ASSPDAKANSYNEQF,1
TRBV7-9,TRBJ2-1,ASSPDAKRNEQF,1
TRBV7-9,TRBJ2-1,ASSPDALFTYNEQF,11
TRBV7-9,TRBJ2-1,ASSPDALFTYNGQF,1
TRBV7-9,TRBJ2-1,ASSPDALGPLDNEQF,1
TRBV7-9,TRBJ2-1,ASSPDALNEQF,1
TRBV7-9,TRBJ2-1,ASSPDALSSYNEQF,8
TRBV7-9,TRBJ2-1,ASSPDALSVYNEQF,1
TRBV7-9,TRBJ2-1,ASSPDALTRNEQF,10
TRBV7-9,TRBJ2-1,ASSPDANEQF,7
TRBV7-9,TRBJ2-1,ASSPDANNEQF,1
TRBV7-9,TRBJ2-1,ASSPDARRSYNEQF,1
TRBV7-9,TRBJ2-1,ASSPDASGKYNEQF,1
TRBV7-9,TRBJ2-1,ASSPDASGRNEQF,1
TRBV7-9,TRBJ2-1,ASSPDASGRRLEDEQF,1
TRBV7-9,TRBJ2-1,ASSPDASGSYNEQF,1
TRBV7-9,TRBJ2-1,ASSPDASNEQF,12
TRBV7-9,TRBJ2-1,ASSPDASRNNEQF,1
TRBV7-9,TRBJ2-1,ASSPDASSYNEHF,1
TRBV7-9,TRBJ2-1,ASSPDASSYNEQF,21
TRBV7-9,TRBJ2-1,ASSPDASWEQF,1
TRBV7-9,TRBJ2-1,ASSPDATGWEF,7
TRBV7-9,TRBJ2-1,ASSPDATSGSNEQF,1
TRBV7-9,TRBJ2-1,ASSPDAVTRNEQF,1
TRBV7-9,TRBJ2-1,ASSPDAWYGGSSYNEQF,1
TRBV7-9,TRBJ2-1,ASSPDAYEQF,8
TRBV7-9,TRBJ2-1,ASSPDAYNEQF,19
TRBV7-9,TRBJ2-1,ASSPDAYWVSNEQF,2
TRBV7-9,TRBJ2-1,ASSPDCGNNEEF,1
TRBV7-9,TRBJ2-1,ASSPDCGNNEQF,2
TRBV7-9,TRBJ2-1,ASSPDCNEQF,5
TRBV7-9,TRBJ2-1,ASSPDDEQF,2
TRBV7-9,TRBJ2-1,ASSPDDFDYNEQF,6
TRBV7-9,TRBJ2-1,ASSPDDFNEQF,1
TRBV7-9,TRBJ2-1,ASSPDDGGGLPYNEQF,2
TRBV7-9,TRBJ2-1,ASSPDDGLAGVPRVRGDKF,14
TRBV7-9,TRBJ2-1,ASSPDDGYNEQF,6
TRBV7-9,TRBJ2-1,ASSPDDHNEQF,1
TRBV7-9,TRBJ2-1,ASSPDDKEEF,1
TRBV7-9,TRBJ2-1,ASSPDDLNEQF,10
TRBV7-9,TRBJ2-1,ASSPDDNEEF,1
TRBV7-9,TRBJ2-1,ASSPDDNELF,1
TRBV7-9,TRBJ2-1,ASSPDDNEQF,12
TRBV7-9,TRBJ2-1,ASSPDDPKQF,1
TRBV7-9,TRBJ2-1,ASSPDDQQC,1
TRBV7-9,TRBJ2-1,ASSPDDRFYNEQF,1
TRBV7-9,TRBJ2-1,ASSPDDRSSYNEQF,1
TRBV7-9,TRBJ2-1,ASSPDDRYNEQF,1
TRBV7-9,TRBJ2-1,ASSPDDSWEQF,8
TRBV7-9,TRBJ2-1,ASSPDDTHFNEQF,1
TRBV7-9,TRBJ2-1,ASSPDEATAYHKQY,1
TRBV7-9,TRBJ2-1,ASSPDEDEQC,1
TRBV7-9,TRBJ2-1,ASSPDEDEQF,1
TRBV7-9,TRBJ2-1,ASSPDEGEGHNEQF,1
TRBV7-9,TRBJ2-1,ASSPDEGIYNEQF,1
TRBV7-9,TRBJ2-1,ASSPDEGLWYNEQF,1
TRBV7-9,TRBJ2-1,ASSPDEGNPYNEQF,1
TRBV7-9,TRBJ2-1,ASSPDEGQF,8
TRBV7-9,TRBJ2-1,ASSPDEGQGYNEQF,2
TRBV7-9,TRBJ2-1,ASSPDEGRYNEQF,1
TRBV7-9,TRBJ2-1,ASSPDEGYSYNEQF,13
TRBV7-9,TRBJ2-1,ASSPDEHEQF,4
TRBV7-9,TRBJ2-1,ASSPDEIEQF,1
TRBV7-9,TRBJ2-1,ASSPDEKEQF,7
TRBV7-9,TRBJ2-1,ASSPDENAQF,1
TRBV7-9,TRBJ2-1,ASSPDENAQV,1
TRBV7-9,TRBJ2-1,ASSPDENDQF,7
TRBV7-9,TRBJ2-1,ASSPDENEEF,1
TRBV7-9,TRBJ2-1,ASSPDENEHF,4
TRBV7-9,TRBJ2-1,ASSPDENEKF,2
TRBV7-9,TRBJ2-1,ASSPDENEKS,1
TRBV7-9,TRBJ2-1,ASSPDENEPF,1
TRBV7-9,TRBJ2-1,ASSPDENEQC,8
TRBV7-9,TRBJ2-1,ASSPDENEQF,886
TRBV7-9,TRBJ2-1,ASSPDENEQL,5
TRBV7-9,TRBJ2-1,ASSPDENEQV,5
TRBV7-9,TRBJ2-1,ASSPDENEQY,1
TRBV7-9,TRBJ2-1,ASSPDENERF,2
TRBV7-9,TRBJ2-1,ASSPDENGQF,1
TRBV7-9,TRBJ2-1,ASSPDENKQF,3
TRBV7-9,TRBJ2-1,ASSPDENQQF,2
TRBV7-9,TRBJ2-1,ASSPDENVQF,1
TRBV7-9,TRBJ2-1,ASSPDEQF,15
TRBV7-9,TRBJ2-1,ASSPDERDHNEQF,1
TRBV7-9,TRBJ2-1,ASSPDERGGLDEQF,1
TRBV7-9,TRBJ2-1,ASSPDERGRPGHEQF,1
TRBV7-9,TRBJ2-1,ASSPDERGYEQF,1
TRBV7-9,TRBJ2-1,ASSPDESAQYNEQF,7
TRBV7-9,TRBJ2-1,ASSPDESEQF,3
TRBV7-9,TRBJ2-1,ASSPDESLAGEVNNEQF,1
TRBV7-9,TRBJ2-1,ASSPDESRDQFYEQF,1
TRBV7-9,TRBJ2-1,ASSPDESSYNEQF,1
TRBV7-9,TRBJ2-1,ASSPDETEDPSSYNEQF,2
TRBV7-9,TRBJ2-1,ASSPDETEQF,3
TRBV7-9,TRBJ2-1,ASSPDETGSWEQF,1
TRBV7-9,TRBJ2-1,ASSPDETNEQF,1
TRBV7-9,TRBJ2-1,ASSPDETSGPSDEQF,11
TRBV7-9,TRBJ2-1,ASSPDEVANEQF,1
TRBV7-9,TRBJ2-1,ASSPDEVVDEQF,2
TRBV7-9,TRBJ2-1,ASSPDEWPYNEQF,1
TRBV7-9,TRBJ2-1,ASSPDEYGRENEQF,1
TRBV7-9,TRBJ2-1,ASSPDEYNGEQF,1
TRBV7-9,TRBJ2-1,ASSPDEYNVEQF,1
TRBV7-9,TRBJ2-1,ASSPDF,6
TRBV7-9,TRBJ2-1,ASSPDFAGAGDEQF,8
TRBV7-9,TRBJ2-1,ASSPDFDEQF,2
TRBV7-9,TRBJ2-1,ASSPDFDNEQF,2
TRBV7-9,TRBJ2-1,ASSPDFEQF,1
TRBV7-9,TRBJ2-1,ASSPDFFEQF,10
TRBV7-9,TRBJ2-1,ASSPDFFNNEQF,14
TRBV7-9,TRBJ2-1,ASSPDFGAYNEQF,1
TRBV7-9,TRBJ2-1,ASSPDFGGNEQF,1
TRBV7-9,TRBJ2-1,ASSPDFGGYNEQF,1
TRBV7-9,TRBJ2-1,ASSPDFGPVYNEQF,1
TRBV7-9,TRBJ2-1,ASSPDFGQF,2
TRBV7-9,TRBJ2-1,ASSPDFHSYNEQF,1
TRBV7-9,TRBJ2-1,ASSPDFINNEQF,6
TRBV7-9,TRBJ2-1,ASSPDFLGNEQF,1
TRBV7-9,TRBJ2-1,ASSPDFLNEQF,1
TRBV7-9,TRBJ2-1,ASSPDFLRNEQF,13
TRBV7-9,TRBJ2-1,ASSPDFNEQF,15
TRBV7-9,TRBJ2-1,ASSPDFNNEQF,1
TRBV7-9,TRBJ2-1,ASSPDFPFSYNEQF,1
TRBV7-9,TRBJ2-1,ASSPDFPLNEQF,5
TRBV7-9,TRBJ2-1,ASSPDFPPKQF,7
TRBV7-9,TRBJ2-1,ASSPDFPSYNEQF,13
TRBV7-9,TRBJ2-1,ASSPDFRDNEQF,1
TRBV7-9,TRBJ2-1,ASSPDFREQF,4
TRBV7-9,TRBJ2-1,ASSPDFSGNSYNEQF,1
TRBV7-9,TRBJ2-1,ASSPDFSSYNEQF,1
TRBV7-9,TRBJ2-1,ASSPDFSYNEQF,1
TRBV7-9,TRBJ2-1,ASSPDFVGRSSYNEQF,1
TRBV7-9,TRBJ2-1,ASSPDFWGTNEQF,1
TRBV7-9,TRBJ2-1,ASSPDFYNEQF,12
TRBV7-9,TRBJ2-1,ASSPDGAAPQNEQF,1
TRBV7-9,TRBJ2-1,ASSPDGADRVKFLGNEQF,5
TRBV7-9,TRBJ2-1,ASSPDGAGNSSYNEQF,1
TRBV7-9,TRBJ2-1,ASSPDGAGSFNEQF,1
TRBV7-9,TRBJ2-1,ASSPDGAIYNEQF,12
TRBV7-9,TRBJ2-1,ASSPDGAPAYNEQF,6
TRBV7-9,TRBJ2-1,ASSPDGASGRLEPF,1
TRBV7-9,TRBJ2-1,ASSPDGASGRLEQF,11
TRBV7-9,TRBJ2-1,ASSPDGASSYNEQF,10
TRBV7-9,TRBJ2-1,ASSPDGAWNEQF,1
TRBV7-9,TRBJ2-1,ASSPDGDEQF,5
TRBV7-9,TRBJ2-1,ASSPDGDNEQF,17
TRBV7-9,TRBJ2-1,ASSPDGDRRNEQF,1
TRBV7-9,TRBJ2-1,ASSPDGDRVFSYNEQF,1
TRBV7-9,TRBJ2-1,ASSPDGEQF,10
TRBV7-9,TRBJ2-1,ASSPDGFPGEQF,8
TRBV7-9,TRBJ2-1,ASSPDGFSSYNEQF,1
TRBV7-9,TRBJ2-1,ASSPDGFSYNEQF,1
TRBV7-9,TRBJ2-1,ASSPDGFYNEQF,1
TRBV7-9,TRBJ2-1,ASSPDGGALYYEQF,1
TRBV7-9,TRBJ2-1,ASSPDGGANEQF,1
TRBV7-9,TRBJ2-1,ASSPDGGASYNEQF,3
TRBV7-9,TRBJ2-1,ASSPDGGAYNEQF,21
TRBV7-9,TRBJ2-1,ASSPDGGDEQF,3
TRBV7-9,TRBJ2-1,ASSPDGGEQF,7
TRBV7-9,TRBJ2-1,ASSPDGGEYNEQF,2
TRBV7-9,TRBJ2-1,ASSPDGGFGNEQF,1
TRBV7-9,TRBJ2-1,ASSPDGGFHEQF,4
TRBV7-9,TRBJ2-1,ASSPDGGGAGNEQF,1
TRBV7-9,TRBJ2-1,ASSPDGGGATSRSYNEQF,3
TRBV7-9,TRBJ2-1,ASSPDGGGAYNEQF,12
TRBV7-9,TRBJ2-1,ASSPDGGGEQF,1
TRBV7-9,TRBJ2-1,ASSPDGGGFNEQF,17
TRBV7-9,TRBJ2-1,ASSPDGGGGHNEQF,1
TRBV7-9,TRBJ2-1,ASSPDGGGPNEQF,1
TRBV7-9,TRBJ2-1,ASSPDGGGRGNEQF,1
TRBV7-9,TRBJ2-1,ASSPDGGGSEQF,1
TRBV7-9,TRBJ2-1,ASSPDGGGYNEQF,3
TRBV7-9,TRBJ2-1,ASSPDGGHEQF,4
TRBV7-9,TRBJ2-1,ASSPDGGHNEQF,1
TRBV7-9,TRBJ2-1,ASSPDGGHSYNEQF,1
TRBV7-9,TRBJ2-1,ASSPDGGIGNEQF,1
TRBV7-9,TRBJ2-1,ASSPDGGIHEQF,1
TRBV7-9,TRBJ2-1,ASSPDGGLADNEQF,1
TRBV7-9,TRBJ2-1,ASSPDGGLAFYEQF,1
TRBV7-9,TRBJ2-1,ASSPDGGLNEQF,1
TRBV7-9,TRBJ2-1,ASSPDGGLPEQF,1
TRBV7-9,TRBJ2-1,ASSPDGGLSFSEQF,11
TRBV7-9,TRBJ2-1,ASSPDGGLYNEQF,2
TRBV7-9,TRBJ2-1,ASSPDGGNEQF,4
TRBV7-9,TRBJ2-1,ASSPDGGNNEQF,2
TRBV7-9,TRBJ2-1,ASSPDGGPFKGQF,2
TRBV7-9,TRBJ2-1,ASSPDGGPGENEQF,1
TRBV7-9,TRBJ2-1,ASSPDGGPKF,1
TRBV7-9,TRBJ2-1,ASSPDGGPNEQF,1
TRBV7-9,TRBJ2-1,ASSPDGGPYNEQF,6
TRBV7-9,TRBJ2-1,ASSPDGGRAFNEQF,1
TRBV7-9,TRBJ2-1,ASSPDGGRAGNEQF,1
TRBV7-9,TRBJ2-1,ASSPDGGRRNEQF,1
TRBV7-9,TRBJ2-1,ASSPDGGRTYNEQF,1
TRBV7-9,TRBJ2-1,ASSPDGGSSYNEQF,1
TRBV7-9,TRBJ2-1,ASSPDGGSVNEQF,1
TRBV7-9,TRBJ2-1,ASSPDGGSYNEQF,26
TRBV7-9,TRBJ2-1,ASSPDGGTAYNEQF,1
TRBV7-9,TRBJ2-1,ASSPDGGTGYNEQF,1
TRBV7-9,TRBJ2-1,ASSPDGGTIYNEQF,1
TRBV7-9,TRBJ2-1,ASSPDGGTYNEQF,1
TRBV7-9,TRBJ2-1,ASSPDGGWTYNEQF,1
TRBV7-9,TRBJ2-1,ASSPDGGYEQF,1
TRBV7-9,TRBJ2-1,ASSPDGGYKEQF,1
TRBV7-9,TRBJ2-1,ASSPDGGYNEQF,17
TRBV7-9,TRBJ2-1,ASSPDGHIYNEQF,1
TRBV7-9,TRBJ2-1,ASSPDGHNEHF,1
TRBV7-9,TRBJ2-1,ASSPDGHNEQF,6
TRBV7-9,TRBJ2-1,ASSPDGIGIYNEQF,5
TRBV7-9,TRBJ2-1,ASSPDGILVDEQF,26
TRBV7-9,TRBJ2-1,ASSPDGINEQF,4
TRBV7-9,TRBJ2-1,ASSPDGISGTNEQF,1
TRBV7-9,TRBJ2-1,ASSPDGISYNEQF,1
TRBV7-9,TRBJ2-1,ASSPDGIYNEQF,1
TRBV7-9,TRBJ2-1,ASSPDGKDEQF,1
TRBV7-9,TRBJ2-1,ASSPDGLAGEDEQF,1
TRBV7-9,TRBJ2-1,ASSPDGLAGGGLINEQF,1
TRBV7-9,TRBJ2-1,ASSPDGLAGGSSYNEQF,1
TRBV7-9,TRBJ2-1,ASSPDGLAGGYNEQF,3
TRBV7-9,TRBJ2-1,ASSPDGLAGLSYNEQF,1
TRBV7-9,TRBJ2-1,ASSPDGLAGSGQF,1
TRBV7-9,TRBJ2-1,ASSPDGLAGVSEQF,9
TRBV7-9,TRBJ2-1,ASSPDGLAGYNEQF,1
TRBV7-9,TRBJ2-1,ASSPDGLASYNEQF,1
TRBV7-9,TRBJ2-1,ASSPDGLATKGRNEQF,1
TRBV7-9,TRBJ2-1,ASSPDGLATYNEQF,29
TRBV7-9,TRBJ2-1,ASSPDGLAVYNEQF,1
TRBV7-9,TRBJ2-1,ASSPDGLAYNEQF,7
TRBV7-9,TRBJ2-1,ASSPDGLDEQF,1
TRBV7-9,TRBJ2-1,ASSPDGLDNEQF,2
TRBV7-9,TRBJ2-1,ASSPDGLEYNEQF,1
TRBV7-9,TRBJ2-1,ASSPDGLFPYNEQF,1
TRBV7-9,TRBJ2-1,ASSPDGLGIPTNEQF,5
TRBV7-9,TRBJ2-1,ASSPDGLHEQF,1
TRBV7-9,TRBJ2-1,ASSPDGLHYNEQF,1
TRBV7-9,TRBJ2-1,ASSPDGLKYYNEQF,1
TRBV7-9,TRBJ2-1,ASSPDGLLSSYNEQF,1
TRBV7-9,TRBJ2-1,ASSPDGLMANEQF,1
TRBV7-9,TRBJ2-1,ASSPDGLSYNEQF,14
TRBV7-9,TRBJ2-1,ASSPDGLTSGSPLGLYNEQF,1
TRBV7-9,TRBJ2-1,ASSPDGLVLYNEQF,1
TRBV7-9,TRBJ2-1,ASSPDGLVYNEQF,4
TRBV7-9,TRBJ2-1,ASSPDGNEQC,1
TRBV7-9,TRBJ2-1,ASSPDGNEQF,8
TRBV7-9,TRBJ2-1,ASSPDGNGPF,1
TRBV7-9,TRBJ2-1,ASSPDGNGQF,9
TRBV7-9,TRBJ2-1,ASSPDGNNEQF,11
TRBV7-9,TRBJ2-1,ASSPDGNYNEQF,1
TRBV7-9,TRBJ2-1,ASSPDGPGGGKNEQF,1
TRBV7-9,TRBJ2-1,ASSPDGPHNEQF,17
TRBV7-9,TRBJ2-1,ASSPDGPIYEQF,4
TRBV7-9,TRBJ2-1,ASSPDGPKAGGSYNEQF,1
TRBV7-9,TRBJ2-1,ASSPDGPKQF,1
TRBV7-9,TRBJ2-1,ASSPDGPLDEQF,1
TRBV7-9,TRBJ2-1,ASSPDGPNNEQF,1
TRBV7-9,TRBJ2-1,ASSPDGPNYNEQF,1
TRBV7-9,TRBJ2-1,ASSPDGPPGNEQF,4
TRBV7-9,TRBJ2-1,ASSPDGPRGNEQF,1
TRBV7-9,TRBJ2-1,ASSPDGQGSGYNEQF,1
TRBV7-9,TRBJ2-1,ASSPDGQGWDEQF,1
TRBV7-9,TRBJ2-1,ASSPDGQGWNEQF,1
TRBV7-9,TRBJ2-1,ASSPDGQLYNEQF,18
TRBV7-9,TRBJ2-1,ASSPDGRAAYNEQF,1
TRBV7-9,TRBJ2-1,ASSPDGRALDEQF,1
TRBV7-9,TRBJ2-1,ASSPDGRASNEQF,9
TRBV7-9,TRBJ2-1,ASSPDGRAVYNEQF,1
TRBV7-9,TRBJ2-1,ASSPDGREGDEQF,1
TRBV7-9,TRBJ2-1,ASSPDGREQF,5
TRBV7-9,TRBJ2-1,ASSPDGREVYNEQF,8
TRBV7-9,TRBJ2-1,ASSPDGRGDNEQF,1
TRBV7-9,TRBJ2-1,ASSPDGRGGPWGEQF,1
TRBV7-9,TRBJ2-1,ASSPDGRGGQWGEQF,5
TRBV7-9,TRBJ2-1,ASSPDGRGISYNEQF,6
TRBV7-9,TRBJ2-1,ASSPDGRGQYNEQF,1
TRBV7-9,TRBJ2-1,ASSPDGRGRNEQF,1
TRBV7-9,TRBJ2-1,ASSPDGRGYNEQF,2
TRBV7-9,TRBJ2-1,ASSPDGRKNEQF,1
TRBV7-9,TRBJ2-1,ASSPDGRLYNEQF,1
TRBV7-9,TRBJ2-1,ASSPDGRNEQF,1
TRBV7-9,TRBJ2-1,ASSPDGRSGNEQF,1
TRBV7-9,TRBJ2-1,ASSPDGRSLIGGNEQF,1
TRBV7-9,TRBJ2-1,ASSPDGRTSYNEQF,1
TRBV7-9,TRBJ2-1,ASSPDGRVQGAPSSYNEQF,7
TRBV7-9,TRBJ2-1,ASSPDGRVRDEQF,1
TRBV7-9,TRBJ2-1,ASSPDGRVRNEQF,1
TRBV7-9,TRBJ2-1,ASSPDGSFDEQF,1
TRBV7-9,TRBJ2-1,ASSPDGSFNEQF,1
TRBV7-9,TRBJ2-1,ASSPDGSGGRHEQF,1
TRBV7-9,TRBJ2-1,ASSPDGSGRNEQF,1
TRBV7-9,TRBJ2-1,ASSPDGSGRWNEQF,6
TRBV7-9,TRBJ2-1,ASSPDGSLDNEQF,1
TRBV7-9,TRBJ2-1,ASSPDGSNEQF,8
TRBV7-9,TRBJ2-1,ASSPDGSPSHNEQF,1
TRBV7-9,TRBJ2-1,ASSPDGSRSYNEQF,11
TRBV7-9,TRBJ2-1,ASSPDGSSYNDQF,1
TRBV7-9,TRBJ2-1,ASSPDGSSYNEPF,1
TRBV7-9,TRBJ2-1,ASSPDGSSYNEQF,49
TRBV7-9,TRBJ2-1,ASSPDGSYNEQF,13
TRBV7-9,TRBJ2-1,ASSPDGSYSYNEQF,1
TRBV7-9,TRBJ2-1,ASSPDGTAC,5
TRBV7-9,TRBJ2-1,ASSPDGTAYNEQF,1
TRBV7-9,TRBJ2-1,ASSPDGTDNEQF,4
TRBV7-9,TRBJ2-1,ASSPDGTEPNNEQF,1
TRBV7-9,TRBJ2-1,ASSPDGTEQF,1
TRBV7-9,TRBJ2-1,ASSPDGTGGYNEQF,1
TRBV7-9,TRBJ2-1,ASSPDGTGHDKF,1
TRBV7-9,TRBJ2-1,ASSPDGTGHYKF,15
TRBV7-9,TRBJ2-1,ASSPDGTGNNEQF,2
TRBV7-9,TRBJ2-1,ASSPDGTGYNEQF,6
TRBV7-9,TRBJ2-1,ASSPDGTISYNEQF,1
TRBV7-9,TRBJ2-1,ASSPDGTPAHNEQF,1
TRBV7-9,TRBJ2-1,ASSPDGTPNNEQF,1
TRBV7-9,TRBJ2-1,ASSPDGTPYNEQF,2
TRBV7-9,TRBJ2-1,ASSPDGTRHYKF,1
TRBV7-9,TRBJ2-1,ASSPDGTRYNEQF,16
TRBV7-9,TRBJ2-1,ASSPDGTSGKSYNEQF,3
TRBV7-9,TRBJ2-1,ASSPDGTSGMRSYNEQF,1
TRBV7-9,TRBJ2-1,ASSPDGTSGSWNEQF,1
TRBV7-9,TRBJ2-1,ASSPDGTSPDEQF,1
TRBV7-9,TRBJ2-1,ASSPDGTSVDEQF,1
TRBV7-9,TRBJ2-1,ASSPDGTYNEQF,5
TRBV7-9,TRBJ2-1,ASSPDGVEQF,1
TRBV7-9,TRBJ2-1,ASSPDGVGPNEQF,9
TRBV7-9,TRBJ2-1,ASSPDGVGRDEQF,1
TRBV7-9,TRBJ2-1,ASSPDGVGSYNEQF,1
TRBV7-9,TRBJ2-1,ASSPDGVNEQF,5
TRBV7-9,TRBJ2-1,ASSPDGVVNEQF,2
TRBV7-9,TRBJ2-1,ASSPDGVWNNEQF,1
TRBV7-9,TRBJ2-1,ASSPDGVYNEQF,1
TRBV7-9,TRBJ2-1,ASSPDGWANEQF,1
TRBV7-9,TRBJ2-1,ASSPDGWNEQF,9
TRBV7-9,TRBJ2-1,ASSPDGWRGNEQF,3
TRBV7-9,TRBJ2-1,ASSPDGWSINEQF,1
TRBV7-9,TRBJ2-1,ASSPDGYEQF,13
TRBV7-9,TRBJ2-1,ASSPDGYGSYNEQF,4
TRBV7-9,TRBJ2-1,ASSPDGYHNEQF,1
TRBV7-9,TRBJ2-1,ASSPDGYNEQF,20
TRBV7-9,TRBJ2-1,ASSPDGYSSYNEQF,1
TRBV7-9,TRBJ2-1,ASSPDGYSYNEQF,1
TRBV7-9,TRBJ2-1,ASSPDHAANEQV,1
TRBV7-9,TRBJ2-1,ASSPDHAGEQF,11
TRBV7-9,TRBJ2-1,ASSPDHEQF,19
TRBV7-9,TRBJ2-1,ASSPDHFGGFSYNEQF,1
TRBV7-9,TRBJ2-1,ASSPDHGLARNEQF,1
TRBV7-9,TRBJ2-1,ASSPDHGLGEQF,1
TRBV7-9,TRBJ2-1,ASSPDHGWLATGNEQF,1
TRBV7-9,TRBJ2-1,ASSPDHHFYNEQF,16
TRBV7-9,TRBJ2-1,ASSPDHKEQF,2
TRBV7-9,TRBJ2-1,ASSPDHLRVNNEQF,14
TRBV7-9,TRBJ2-1,ASSPDHLSVNNEQF,1
TRBV7-9,TRBJ2-1,ASSPDHNEHC,1
TRBV7-9,TRBJ2-1,ASSPDHNEQF,101
TRBV7-9,TRBJ2-1,ASSPDHRENEQF,2
TRBV7-9,TRBJ2-1,ASSPDHSEQF,2
TRBV7-9,TRBJ2-1,ASSPDHSGSSYNEQF,1
TRBV7-9,TRBJ2-1,ASSPDHSPYNEQF,5
TRBV7-9,TRBJ2-1,ASSPDHSYNEQF,7
TRBV7-9,TRBJ2-1,ASSPDHYEQF,14
TRBV7-9,TRBJ2-1,ASSPDHYNEQF,4
TRBV7-9,TRBJ2-1,ASSPDIAAYNEQF,1
TRBV7-9,TRBJ2-1,ASSPDIADNEQF,1
TRBV7-9,TRBJ2-1,ASSPDIAGGTYNEQF,6
TRBV7-9,TRBJ2-1,ASSPDIDEQF,3
TRBV7-9,TRBJ2-1,ASSPDIDYNEQF,2
TRBV7-9,TRBJ2-1,ASSPDIENEQF,1
TRBV7-9,TRBJ2-1,ASSPDIEQF,14
TRBV7-9,TRBJ2-1,ASSPDIGGAYNEQF,6
TRBV7-9,TRBJ2-1,ASSPDIGGGNEQF,1
TRBV7-9,TRBJ2-1,ASSPDIGGNEQF,6
TRBV7-9,TRBJ2-1,ASSPDIGHNEQF,1
TRBV7-9,TRBJ2-1,ASSPDIGQF,66
TRBV7-9,TRBJ2-1,ASSPDIGQNEQF,1
TRBV7-9,TRBJ2-1,ASSPDIGSRNEQF,1
TRBV7-9,TRBJ2-1,ASSPDIHEQF,3
TRBV7-9,TRBJ2-1,ASSPDIIEHF,1
TRBV7-9,TRBJ2-1,ASSPDIIEQF,7
TRBV7-9,TRBJ2-1,ASSPDILAIVNEQF,1
TRBV7-9,TRBJ2-1,ASSPDILDNEQF,1
TRBV7-9,TRBJ2-1,ASSPDILNEQF,1
TRBV7-9,TRBJ2-1,ASSPDILPYNEQF,1
TRBV7-9,TRBJ2-1,ASSPDILSSYNEQF,1
TRBV7-9,TRBJ2-1,ASSPDIMTGKNEQF,1
TRBV7-9,TRBJ2-1,ASSPDINEQF,8
TRBV7-9,TRBJ2-1,ASSPDIPGLAETYNEQF,1
TRBV7-9,TRBJ2-1,ASSPDIPRDSYNEQF,1
TRBV7-9,TRBJ2-1,ASSPDIPVYNEQF,3
TRBV7-9,TRBJ2-1,ASSPDISEPYVYNEQF,1
TRBV7-9,TRBJ2-1,ASSPDISIWNEQF,1
TRBV7-9,TRBJ2-1,ASSPDISMYNEQF,1
TRBV7-9,TRBJ2-1,ASSPDISNEQF,1
TRBV7-9,TRBJ2-1,ASSPDISRDRSHEQF,1
TRBV7-9,TRBJ2-1,ASSPDITGAREQF,8
TRBV7-9,TRBJ2-1,ASSPDIVAYNEQC,1
TRBV7-9,TRBJ2-1,ASSPDIVAYNEQF,19
TRBV7-9,TRBJ2-1,ASSPDIYNEQF,3
TRBV7-9,TRBJ2-1,ASSPDIYSYNEQF,1
TRBV7-9,TRBJ2-1,ASSPDKAGSYNEQF,1
TRBV7-9,TRBJ2-1,ASSPDKARDEQF,1
TRBV7-9,TRBJ2-1,ASSPDKDNEQF,9
TRBV7-9,TRBJ2-1,ASSPDKFPVQF,5
TRBV7-9,TRBJ2-1,ASSPDKGLAGRNEQF,1
TRBV7-9,TRBJ2-1,ASSPDKGREKNEQF,1
TRBV7-9,TRBJ2-1,ASSPDKGVLNEQF,1
TRBV7-9,TRBJ2-1,ASSPDKHYNEQF,1
TRBV7-9,TRBJ2-1,ASSPDKKGFYNEQF,1
TRBV7-9,TRBJ2-1,ASSPDKNEKF,1
TRBV7-9,TRBJ2-1,ASSPDKNEQF,20
TRBV7-9,TRBJ2-1,ASSPDKPDFVRGEQF,9
TRBV7-9,TRBJ2-1,ASSPDKPYNEQF,1
TRBV7-9,TRBJ2-1,ASSPDKSAQF,1
TRBV7-9,TRBJ2-1,ASSPDKSGSGINEQF,1
TRBV7-9,TRBJ2-1,ASSPDKSNEQF,2
TRBV7-9,TRBJ2-1,ASSPDKSSYNEQF,8
TRBV7-9,TRBJ2-1,ASSPDKTGFGDEQF,1
TRBV7-9,TRBJ2-1,ASSPDKVNEQF,10
TRBV7-9,TRBJ2-1,ASSPDKVNKQF,1
TRBV7-9,TRBJ2-1,ASSPDKVVNEQC,1
TRBV7-9,TRBJ2-1,ASSPDKYNEQF,7
TRBV7-9,TRBJ2-1,ASSPDLADIYNEQF,1
TRBV7-9,TRBJ2-1,ASSPDLAGASGNEQF,1
TRBV7-9,TRBJ2-1,ASSPDLAGASYNEQF,4
TRBV7-9,TRBJ2-1,ASSPDLAGDYNEQF,1
TRBV7-9,TRBJ2-1,ASSPDLAGGNPNEQF,1
TRBV7-9,TRBJ2-1,ASSPDLAGGPYNEQF,16
TRBV7-9,TRBJ2-1,ASSPDLAGHDEQF,1
TRBV7-9,TRBJ2-1,ASSPDLAGKSYNEQF,1
TRBV7-9,TRBJ2-1,ASSPDLAGPNEQF,1
TRBV7-9,TRBJ2-1,ASSPDLAGRHNEQF,1
TRBV7-9,TRBJ2-1,ASSPDLAGRPYNEQF,2
TRBV7-9,TRBJ2-1,ASSPDLAGRYNEQF,2
TRBV7-9,TRBJ2-1,ASSPDLAGYNEQF,13
TRBV7-9,TRBJ2-1,ASSPDLALFNEQF,1
TRBV7-9,TRBJ2-1,ASSPDLASSYNEQF,1
TRBV7-9,TRBJ2-1,ASSPDLASYEQF,1
TRBV7-9,TRBJ2-1,ASSPDLASYYNEQF,1
TRBV7-9,TRBJ2-1,ASSPDLATTYNEQF,1
TRBV7-9,TRBJ2-1,ASSPDLAVQF,6
TRBV7-9,TRBJ2-1,ASSPDLAYNEQF,1
TRBV7-9,TRBJ2-1,ASSPDLCGLAGGSSYNEQF,1
TRBV7-9,TRBJ2-1,ASSPDLDEQF,1
TRBV7-9,TRBJ2-1,ASSPDLDPSYNEQF,1
TRBV7-9,TRBJ2-1,ASSPDLDRGDNEQF,1
TRBV7-9,TRBJ2-1,ASSPDLDRGIHEQF,1
TRBV7-9,TRBJ2-1,ASSPDLDSYNEQF,4
TRBV7-9,TRBJ2-1,ASSPDLEQF,27
TRBV7-9,TRBJ2-1,ASSPDLGALAGGSSYNEQF,1
TRBV7-9,TRBJ2-1,ASSPDLGAYNEQF,1
TRBV7-9,TRBJ2-1,ASSPDLGEQF,2
TRBV7-9,TRBJ2-1,ASSPDLGEVVELF,1
TRBV7-9,TRBJ2-1,ASSPDLGFNEQF,1
TRBV7-9,TRBJ2-1,ASSPDLGGASSYNEQF,9
TRBV7-9,TRBJ2-1,ASSPDLGGASSYNQQF,1
TRBV7-9,TRBJ2-1,ASSPDLGGIAGGSSYNEQF,1
TRBV7-9,TRBJ2-1,ASSPDLGGLAAGSSYNEQF,1
TRBV7-9,TRBJ2-1,ASSPDLGGLAGGCSYNEQF,1
TRBV7-9,TRBJ2-1,ASSPDLGGLAGGGSYNEQF,1
TRBV7-9,TRBJ2-1,ASSPDLGGLAGGRSYNEQF,1
TRBV7-9,TRBJ2-1,ASSPDLGGLAGGRSYNGQF,1
TRBV7-9,TRBJ2-1,ASSPDLGGLAGGSADNEQF,1
TRBV7-9,TRBJ2-1,ASSPDLGGLAGGSAYNEPF,1
TRBV7-9,TRBJ2-1,ASSPDLGGLAGGSAYNEQF,6
TRBV7-9,TRBJ2-1,ASSPDLGGLAGGSSDNEQF,1
TRBV7-9,TRBJ2-1,ASSPDLGGLAGGSSHNEQF,1
TRBV7-9,TRBJ2-1,ASSPDLGGLAGGSSSNEQF,1
TRBV7-9,TRBJ2-1,ASSPDLGGLAGGSSYHEQF,1
TRBV7-9,TRBJ2-1,ASSPDLGGLAGGSSYIEQF,3
TRBV7-9,TRBJ2-1,ASSPDLGGLAGGSSYNAQF,1
TRBV7-9,TRBJ2-1,ASSPDLGGLAGGSSYNDQF,1
TRBV7-9,TRBJ2-1,ASSPDLGGLAGGSSYNEHF,1
TRBV7-9,TRBJ2-1,ASSPDLGGLAGGSSYNEQC,2
TRBV7-9,TRBJ2-1,ASSPDLGGLAGGSSYNEQF,247
TRBV7-9,TRBJ2-1,ASSPDLGGLAGGSSYNEQL,1
TRBV7-9,TRBJ2-1,ASSPDLGGLAGGSSYNEQV,1
TRBV7-9,TRBJ2-1,ASSPDLGGLAGGSSYNGQF,1
TRBV7-9,TRBJ2-1,ASSPDLGGLAGGSSYSEQF,1
TRBV7-9,TRBJ2-1,ASSPDLGGLAGGSSYYEQF,1
TRBV7-9,TRBJ2-1,ASSPDLGGLAGGSTNKEQC,1
TRBV7-9,TRBJ2-1,ASSPDLGGLAGGSTYNEQF,2
TRBV7-9,TRBJ2-1,ASSPDLGGLAGVGSDTEQF,1
TRBV7-9,TRBJ2-1,ASSPDLGGLARGSSSNEQF,1
TRBV7-9,TRBJ2-1,ASSPDLGGLARGSSYNEQF,1
TRBV7-9,TRBJ2-1,ASSPDLGGLAVGSSYNEQF,1
TRBV7-9,TRBJ2-1,ASSPDLGGLGGGSSYNEQF,1
TRBV7-9,TRBJ2-1,ASSPDLGGLNEQF,1
TRBV7-9,TRBJ2-1,ASSPDLGGLVGGSSYNEQF,1
TRBV7-9,TRBJ2-1,ASSPDLGGRAGGISYNEQF,1
TRBV7-9,TRBJ2-1,ASSPDLGGRAGGSSYNEQF,1
TRBV7-9,TRBJ2-1,ASSPDLGGRGNNEQF,1
TRBV7-9,TRBJ2-1,ASSPDLGGSHSYNEQF,3
TRBV7-9,TRBJ2-1,ASSPDLGGSIKGAYNEQF,4
TRBV7-9,TRBJ2-1,ASSPDLGGSYNEQF,1
TRBV7-9,TRBJ2-1,ASSPDLGKYNEQF,1
TRBV7-9,TRBJ2-1,ASSPDLGLAGGYEQF,1
TRBV7-9,TRBJ2-1,ASSPDLGLAGSYNEQF,1
TRBV7-9,TRBJ2-1,ASSPDLGLIEQF,10
TRBV7-9,TRBJ2-1,ASSPDLGLNNEQF,1
TRBV7-9,TRBJ2-1,ASSPDLGQF,10
TRBV7-9,TRBJ2-1,ASSPDLGQGLRNEQF,1
TRBV7-9,TRBJ2-1,ASSPDLGQGRYNEQF,1
TRBV7-9,TRBJ2-1,ASSPDLGSYNEQF,1
TRBV7-9,TRBJ2-1,ASSPDLGTASYNEQF,1
TRBV7-9,TRBJ2-1,ASSPDLGTSNEQF,12
TRBV7-9,TRBJ2-1,ASSPDLHEQF,1
TRBV7-9,TRBJ2-1,ASSPDLHNEQF,1
TRBV7-9,TRBJ2-1,ASSPDLINEQF,8
TRBV7-9,TRBJ2-1,ASSPDLISHEQF,4
TRBV7-9,TRBJ2-1,ASSPDLKGSSYNEQF,1
TRBV7-9,TRBJ2-1,ASSPDLLAGGFEQF,7
TRBV7-9,TRBJ2-1,ASSPDLLAGTYNEQF,1
TRBV7-9,TRBJ2-1,ASSPDLLAGVFEQF,1
TRBV7-9,TRBJ2-1,ASSPDLLEQF,10
TRBV7-9,TRBJ2-1,ASSPDLLKGEQF,14
TRBV7-9,TRBJ2-1,ASSPDLLNEQF,1
TRBV7-9,TRBJ2-1,ASSPDLLRTTGRHEQF,1
TRBV7-9,TRBJ2-1,ASSPDLLVWDEQF,1
TRBV7-9,TRBJ2-1,ASSPDLLYNEQF,1
TRBV7-9,TRBJ2-1,ASSPDLNEQC,1
TRBV7-9,TRBJ2-1,ASSPDLNEQF,69
TRBV7-9,TRBJ2-1,ASSPDLNNEQF,2
TRBV7-9,TRBJ2-1,ASSPDLPAPHEQF,1
TRBV7-9,TRBJ2-1,ASSPDLPDEQF,1
TRBV7-9,TRBJ2-1,ASSPDLPESSYNEQF,1
TRBV7-9,TRBJ2-1,ASSPDLPPPYNEQF,1
TRBV7-9,TRBJ2-1,ASSPDLQYKEQF,1
TRBV7-9,TRBJ2-1,ASSPDLQYNEQF,7
TRBV7-9,TRBJ2-1,ASSPDLRAGLYNEQF,12
TRBV7-9,TRBJ2-1,ASSPDLRFRYNEQF,2
TRBV7-9,TRBJ2-1,ASSPDLRGFNNEQF,1
TRBV7-9,TRBJ2-1,ASSPDLRGNEQF,1
TRBV7-9,TRBJ2-1,ASSPDLRLAEGNEQF,1
TRBV7-9,TRBJ2-1,ASSPDLRLYNEQF,8
TRBV7-9,TRBJ2-1,ASSPDLRNNEQF,1
TRBV7-9,TRBJ2-1,ASSPDLRTRRF,5
TRBV7-9,TRBJ2-1,ASSPDLSGRAGNEQF,8
TRBV7-9,TRBJ2-1,ASSPDLSHNEQF,1
TRBV7-9,TRBJ2-1,ASSPDLSLSSSYNEQF,1
TRBV7-9,TRBJ2-1,ASSPDLSPSLGNEQF,1
TRBV7-9,TRBJ2-1,ASSPDLSSYNEQF,22
TRBV7-9,TRBJ2-1,ASSPDLTDYNEQF,1
TRBV7-9,TRBJ2-1,ASSPDLTSGASYNEQF,1
TRBV7-9,TRBJ2-1,ASSPDLTSGEYNEQF,2
TRBV7-9,TRBJ2-1,ASSPDLTYNEQF,12
TRBV7-9,TRBJ2-1,ASSPDLVFYEQF,1
TRBV7-9,TRBJ2-1,ASSPDLVSNEQF,1
TRBV7-9,TRBJ2-1,ASSPDLVSYNEQF,6
TRBV7-9,TRBJ2-1,ASSPDLWGRAYNEQF,7
TRBV7-9,TRBJ2-1,ASSPDLYEQF,3
TRBV7-9,TRBJ2-1,ASSPDLYNEQF,24
TRBV7-9,TRBJ2-1,ASSPDLYRYNEQF,1
TRBV7-9,TRBJ2-1,ASSPDMDEQF,17
TRBV7-9,TRBJ2-1,ASSPDMDGAYSYNEQF,1
TRBV7-9,TRBJ2-1,ASSPDMGLAGGPVSI,1
TRBV7-9,TRBJ2-1,ASSPDMSSYNEQF,10
TRBV7-9,TRBJ2-1,ASSPDMTGGAYNEQF,2
TRBV7-9,TRBJ2-1,ASSPDMVVNEQF,2
TRBV7-9,TRBJ2-1,ASSPDMVVYEQF,1
TRBV7-9,TRBJ2-1,ASSPDNAYNEQF,1
TRBV7-9,TRBJ2-1,ASSPDNEHF,1
TRBV7-9,TRBJ2-1,ASSPDNEQF,121
TRBV7-9,TRBJ2-1,ASSPDNFGDEQF,3
TRBV7-9,TRBJ2-1,ASSPDNGIYNEQF,1
TRBV7-9,TRBJ2-1,ASSPDNHEQF,1
TRBV7-9,TRBJ2-1,ASSPDNLNEQF,1
TRBV7-9,TRBJ2-1,ASSPDNLSNEQF,1
TRBV7-9,TRBJ2-1,ASSPDNNAQF,1
TRBV7-9,TRBJ2-1,ASSPDNNEQF,9
TRBV7-9,TRBJ2-1,ASSPDNPTNEQF,1
TRBV7-9,TRBJ2-1,ASSPDNSYNEQF,10
TRBV7-9,TRBJ2-1,ASSPDNYNEQF,24
TRBV7-9,TRBJ2-1,ASSPDPAANEQF,13
TRBV7-9,TRBJ2-1,ASSPDPAANGQF,1
TRBV7-9,TRBJ2-1,ASSPDPAVNEQF,1
TRBV7-9,TRBJ2-1,ASSPDPDEQF,1
TRBV7-9,TRBJ2-1,ASSPDPDNNEQF,7
TRBV7-9,TRBJ2-1,ASSPDPDRGRHEQF,3
TRBV7-9,TRBJ2-1,ASSPDPDRSYTWNEQF,1
TRBV7-9,TRBJ2-1,ASSPDPEGNYEQF,1
TRBV7-9,TRBJ2-1,ASSPDPEYGNEQF,1
TRBV7-9,TRBJ2-1,ASSPDPFDEQF,3
TRBV7-9,TRBJ2-1,ASSPDPFYNEQF,1
TRBV7-9,TRBJ2-1,ASSPDPGAGGPNEQF,1
TRBV7-9,TRBJ2-1,ASSPDPGAGRDEQF,1
TRBV7-9,TRBJ2-1,ASSPDPGAKSYNEQF,1
TRBV7-9,TRBJ2-1,ASSPDPGASSYNEQF,1
TRBV7-9,TRBJ2-1,ASSPDPGAYNEQF,1
TRBV7-9,TRBJ2-1,ASSPDPGERGNNEHF,1
TRBV7-9,TRBJ2-1,ASSPDPGERGNNEQF,3
TRBV7-9,TRBJ2-1,ASSPDPGFNEQF,7
TRBV7-9,TRBJ2-1,ASSPDPGGPNSNEQF,1
TRBV7-9,TRBJ2-1,ASSPDPGILYNEQF,1
TRBV7-9,TRBJ2-1,ASSPDPGLAAYNEQF,1
TRBV7-9,TRBJ2-1,ASSPDPGLAGDEHF,2
TRBV7-9,TRBJ2-1,ASSPDPGLAGDEQF,2
TRBV7-9,TRBJ2-1,ASSPDPGLAGDWNEQF,2
TRBV7-9,TRBJ2-1,ASSPDPGLAGGTYNEQF,1
TRBV7-9,TRBJ2-1,ASSPDPGLAGISHAQF,1
TRBV7-9,TRBJ2-1,ASSPDPGLAGISHEEF,1
TRBV7-9,TRBJ2-1,ASSPDPGLAGISHEQF,17
TRBV7-9,TRBJ2-1,ASSPDPGLAGLSSYNEQF,11
TRBV7-9,TRBJ2-1,ASSPDPGLAGLSTYNEQF,1
TRBV7-9,TRBJ2-1,ASSPDPGLAGSPNEQF,1
TRBV7-9,TRBJ2-1,ASSPDPGLAGVNEQF,1
TRBV7-9,TRBJ2-1,ASSPDPGLAS,1
TRBV7-9,TRBJ2-1,ASSPDPGLIEQF,1
TRBV7-9,TRBJ2-1,ASSPDPGLNAQF,1
TRBV7-9,TRBJ2-1,ASSPDPGLNDQF,1
TRBV7-9,TRBJ2-1,ASSPDPGLNEQF,9
TRBV7-9,TRBJ2-1,ASSPDPGLVGISHEQF,1
TRBV7-9,TRBJ2-1,ASSPDPGNEQF,2
TRBV7-9,TRBJ2-1,ASSPDPGNRGRTSSDNEQF,8
TRBV7-9,TRBJ2-1,ASSPDPGPDRLYNEQF,1
TRBV7-9,TRBJ2-1,ASSPDPGPRAF,9
TRBV7-9,TRBJ2-1,ASSPDPGQETSYNEQF,1
TRBV7-9,TRBJ2-1,ASSPDPGQGAPYNEQF,1
TRBV7-9,TRBJ2-1,ASSPDPGQGAQNEQF,1
TRBV7-9,TRBJ2-1,ASSPDPGQGAYNEQF,1
TRBV7-9,TRBJ2-1,ASSPDPGQGAYYYNEQF,1
TRBV7-9,TRBJ2-1,ASSPDPGQGHNEQF,1
TRBV7-9,TRBJ2-1,ASSPDPGQGPDEQF,1
TRBV7-9,TRBJ2-1,ASSPDPGQGTYNEQF,5
TRBV7-9,TRBJ2-1,ASSPDPGQPNNEQF,1
TRBV7-9,TRBJ2-1,ASSPDPGRDEQF,1
TRBV7-9,TRBJ2-1,ASSPDPGRNEQF,1
TRBV7-9,TRBJ2-1,ASSPDPGRTFSSHNEQV,1
TRBV7-9,TRBJ2-1,ASSPDPGRTFSSYNEQF,1
TRBV7-9,TRBJ2-1,ASSPDPGTGGGNEQF,1
TRBV7-9,TRBJ2-1,ASSPDPGTGTYNEQF,1
TRBV7-9,TRBJ2-1,ASSPDPGTRYNEQF,1
TRBV7-9,TRBJ2-1,ASSPDPGTSASYNEQF,3
TRBV7-9,TRBJ2-1,ASSPDPGTSAYNEQF,1
TRBV7-9,TRBJ2-1,ASSPDPGTSGTYNEQF,1
TRBV7-9,TRBJ2-1,ASSPDPGTSSAYNEQF,1
TRBV7-9,TRBJ2-1,ASSPDPGTVSYNEQF,4
TRBV7-9,TRBJ2-1,ASSPDPGVYNEQF,1
TRBV7-9,TRBJ2-1,ASSPDPHNEQF,12
TRBV7-9,TRBJ2-1,ASSPDPHNVQF,1
TRBV7-9,TRBJ2-1,ASSPDPLAVYNEQF,1
TRBV7-9,TRBJ2-1,ASSPDPLGNEQF,1
TRBV7-9,TRBJ2-1,ASSPDPLTTSVFWNEQF,1
TRBV7-9,TRBJ2-1,ASSPDPLYNEQF,7
TRBV7-9,TRBJ2-1,ASSPDPMRQGANEQF,1
TRBV7-9,TRBJ2-1,ASSPDPNELL,1
TRBV7-9,TRBJ2-1,ASSPDPNEQF,9
TRBV7-9,TRBJ2-1,ASSPDPNSLNEQF,1
TRBV7-9,TRBJ2-1,ASSPDPNVNEQF,1
TRBV7-9,TRBJ2-1,ASSPDPPGGPSYNEQF,1
TRBV7-9,TRBJ2-1,ASSPDPPGYNEQF,11
TRBV7-9,TRBJ2-1,ASSPDPPNRGGDEQF,1
TRBV7-9,TRBJ2-1,ASSPDPPWRGEGDEQF,1
TRBV7-9,TRBJ2-1,ASSPDPPYNEQF,1
TRBV7-9,TRBJ2-1,ASSPDPQPRDEQF,7
TRBV7-9,TRBJ2-1,ASSPDPRAGSYNEQF,4
TRBV7-9,TRBJ2-1,ASSPDPRAYNEQF,1
TRBV7-9,TRBJ2-1,ASSPDPRDQQF,1
TRBV7-9,TRBJ2-1,ASSPDPRDTQISYNEQF,1
TRBV7-9,TRBJ2-1,ASSPDPRDTQSSYNEQF,4
TRBV7-9,TRBJ2-1,ASSPDPREPYNEQF,1
TRBV7-9,TRBJ2-1,ASSPDPRGEQF,9
TRBV7-9,TRBJ2-1,ASSPDPRGGSYNEQF,1
TRBV7-9,TRBJ2-1,ASSPDPRGRDEQF,7
TRBV7-9,TRBJ2-1,ASSPDPRGYNEQF,9
TRBV7-9,TRBJ2-1,ASSPDPRIGLNEQF,1
TRBV7-9,TRBJ2-1,ASSPDPRNEQF,4
TRBV7-9,TRBJ2-1,ASSPDPRTGLNEQF,12
TRBV7-9,TRBJ2-1,ASSPDPRTQRRDNEQF,1
TRBV7-9,TRBJ2-1,ASSPDPRTSIFHNEQF,1
TRBV7-9,TRBJ2-1,ASSPDPRYEQF,1
TRBV7-9,TRBJ2-1,ASSPDPSFYNQQF,1
TRBV7-9,TRBJ2-1,ASSPDPSGGYNEQF,1
TRBV7-9,TRBJ2-1,ASSPDPSGRAYIYEQF,14
TRBV7-9,TRBJ2-1,ASSPDPSGRFNEQF,1
TRBV7-9,TRBJ2-1,ASSPDPSGYNEQF,1
TRBV7-9,TRBJ2-1,ASSPDPSNEQF,11
TRBV7-9,TRBJ2-1,ASSPDPSQHNEQF,1
TRBV7-9,TRBJ2-1,ASSPDPSRDEQF,1
TRBV7-9,TRBJ2-1,ASSPDPSRRYNEQF,4
TRBV7-9,TRBJ2-1,ASSPDPSSYNEQF,12
TRBV7-9,TRBJ2-1,ASSPDPSSYNERF,1
TRBV7-9,TRBJ2-1,ASSPDPSYNEQF,11
TRBV7-9,TRBJ2-1,ASSPDPTGVSSYNEQF,1
TRBV7-9,TRBJ2-1,ASSPDPTGYNEQF,5
TRBV7-9,TRBJ2-1,ASSPDPTHEQF,1
TRBV7-9,TRBJ2-1,ASSPDPTLAGSNEQF,1
TRBV7-9,TRBJ2-1,ASSPDPTLNEQF,1
TRBV7-9,TRBJ2-1,ASSPDPTNEQF,3
TRBV7-9,TRBJ2-1,ASSPDPTSGRVNEQF,2
TRBV7-9,TRBJ2-1,ASSPDPTSGYNEQF,1
TRBV7-9,TRBJ2-1,ASSPDPTTSGSPYNEQF,1
TRBV7-9,TRBJ2-1,ASSPDPTYNEQF,4
TRBV7-9,TRBJ2-1,ASSPDPVGPVGNEQF,1
TRBV7-9,TRBJ2-1,ASSPDPWGGNEQF,1
TRBV7-9,TRBJ2-1,ASSPDPWGGPSYNEQF,9
TRBV7-9,TRBJ2-1,ASSPDPWGGSYNEQF,16
TRBV7-9,TRBJ2-1,ASSPDPWGGSYNEQY,1
TRBV7-9,TRBJ2-1,ASSPDPWGNEQF,1
TRBV7-9,TRBJ2-1,ASSPDPWGRANNEQF,1
TRBV7-9,TRBJ2-1,ASSPDPYNEQC,1
TRBV7-9,TRBJ2-1,ASSPDPYNEQF,23
TRBV7-9,TRBJ2-1,ASSPDPYNEQV,2
TRBV7-9,TRBJ2-1,ASSPDQAEQF,1
TRBV7-9,TRBJ2-1,ASSPDQARQF,3
TRBV7-9,TRBJ2-1,ASSPDQARTSGKREQF,3
TRBV7-9,TRBJ2-1,ASSPDQAYNEQF,1
TRBV7-9,TRBJ2-1,ASSPDQDEQF,14
TRBV7-9,TRBJ2-1,ASSPDQDRELHNEQF,1
TRBV7-9,TRBJ2-1,ASSPDQF,1
TRBV7-9,TRBJ2-1,ASSPDQGAINEQF,1
TRBV7-9,TRBJ2-1,ASSPDQGAQF,1
TRBV7-9,TRBJ2-1,ASSPDQGAQLHEQF,1
TRBV7-9,TRBJ2-1,ASSPDQGEQF,83
TRBV7-9,TRBJ2-1,ASSPDQGEQV,1
TRBV7-9,TRBJ2-1,ASSPDQGERF,1
TRBV7-9,TRBJ2-1,ASSPDQGGHNEQF,8
TRBV7-9,TRBJ2-1,ASSPDQGGTYNEQF,1
TRBV7-9,TRBJ2-1,ASSPDQGLAGYNEQF,1
TRBV7-9,TRBJ2-1,ASSPDQGLGDQF,1
TRBV7-9,TRBJ2-1,ASSPDQGLGEQF,9
TRBV7-9,TRBJ2-1,ASSPDQGMRGHEQF,4
TRBV7-9,TRBJ2-1,ASSPDQGRGNEQF,13
TRBV7-9,TRBJ2-1,ASSPDQITPEQF,2
TRBV7-9,TRBJ2-1,ASSPDQIYNEQF,1
TRBV7-9,TRBJ2-1,ASSPDQNEQF,2
TRBV7-9,TRBJ2-1,ASSPDQRAEGNYNEQF,1
TRBV7-9,TRBJ2-1,ASSPDQRGPLDEQF,1
TRBV7-9,TRBJ2-1,ASSPDQRGVSDEQF,1
TRBV7-9,TRBJ2-1,ASSPDQSRENEQF,1
TRBV7-9,TRBJ2-1,ASSPDQSSYNEQF,12
TRBV7-9,TRBJ2-1,ASSPDQVWQF,18
TRBV7-9,TRBJ2-1,ASSPDQVWQI,1
TRBV7-9,TRBJ2-1,ASSPDQYNEQF,1
TRBV7-9,TRBJ2-1,ASSPDRAADNEQF,1
TRBV7-9,TRBJ2-1,ASSPDRAAPQNEQF,10
TRBV7-9,TRBJ2-1,ASSPDRAASPFYNEQF,1
TRBV7-9,TRBJ2-1,ASSPDRAAYNEQF,8
TRBV7-9,TRBJ2-1,ASSPDRADEQF,1
TRBV7-9,TRBJ2-1,ASSPDRADNEQF,1
TRBV7-9,TRBJ2-1,ASSPDRAEQF,8
TRBV7-9,TRBJ2-1,ASSPDRAFINEQF,1
TRBV7-9,TRBJ2-1,ASSPDRAFWNEQF,8
TRBV7-9,TRBJ2-1,ASSPDRAGDPYGNEQF,8
TRBV7-9,TRBJ2-1,ASSPDRAGGHNEQF,1
TRBV7-9,TRBJ2-1,ASSPDRAGGLYEQF,1
TRBV7-9,TRBJ2-1,ASSPDRAGGNEQF,18
TRBV7-9,TRBJ2-1,ASSPDRAGSNEQF,1
TRBV7-9,TRBJ2-1,ASSPDRAGYNEQF,2
TRBV7-9,TRBJ2-1,ASSPDRAHEQF,1
TRBV7-9,TRBJ2-1,ASSPDRAHYNEQF,1
TRBV7-9,TRBJ2-1,ASSPDRAISYNEQF,1
TRBV7-9,TRBJ2-1,ASSPDRAIYNEQF,1
TRBV7-9,TRBJ2-1,ASSPDRALYNEQF,1
TRBV7-9,TRBJ2-1,ASSPDRAMINEQF,14
TRBV7-9,TRBJ2-1,ASSPDRANEQF,8
TRBV7-9,TRBJ2-1,ASSPDRANNEQF,1
TRBV7-9,TRBJ2-1,ASSPDRANYNEQF,2
TRBV7-9,TRBJ2-1,ASSPDRAPSYNEQF,1
TRBV7-9,TRBJ2-1,ASSPDRAPYNEHF,1
TRBV7-9,TRBJ2-1,ASSPDRAPYNEQF,13
TRBV7-9,TRBJ2-1,ASSPDRARIIDEQF,1
TRBV7-9,TRBJ2-1,ASSPDRARINEQF,1
TRBV7-9,TRBJ2-1,ASSPDRARLPYNEQF,1
TRBV7-9,TRBJ2-1,ASSPDRARPHNEQF,2
TRBV7-9,TRBJ2-1,ASSPDRARPYNAQF,1
TRBV7-9,TRBJ2-1,ASSPDRARPYNEQF,17
TRBV7-9,TRBJ2-1,ASSPDRARSDEQF,4
TRBV7-9,TRBJ2-1,ASSPDRARSSYNEQF,1
TRBV7-9,TRBJ2-1,ASSPDRARVNEQF,1
TRBV7-9,TRBJ2-1,ASSPDRARWNEQF,1
TRBV7-9,TRBJ2-1,ASSPDRASSNEQF,1
TRBV7-9,TRBJ2-1,ASSPDRASSYNEQF,19
TRBV7-9,TRBJ2-1,ASSPDRASYNEQF,27
TRBV7-9,TRBJ2-1,ASSPDRATYNEQF,12
TRBV7-9,TRBJ2-1,ASSPDRAVDNEQF,1
TRBV7-9,TRBJ2-1,ASSPDRAVYNEQF,3
TRBV7-9,TRBJ2-1,ASSPDRAYNEQF,32
TRBV7-9,TRBJ2-1,ASSPDRAYSYNEQF,1
TRBV7-9,TRBJ2-1,ASSPDRDALYNEQF,1
TRBV7-9,TRBJ2-1,ASSPDRDAYNEQF,1
TRBV7-9,TRBJ2-1,ASSPDRDDEQF,2
TRBV7-9,TRBJ2-1,ASSPDRDEHF,1
TRBV7-9,TRBJ2-1,ASSPDRDEQF,88
TRBV7-9,TRBJ2-1,ASSPDRDFTIDEQF,1
TRBV7-9,TRBJ2-1,ASSPDRDGDEQF,1
TRBV7-9,TRBJ2-1,ASSPDRDGNEQF,9
TRBV7-9,TRBJ2-1,ASSPDRDGNKQF,1
TRBV7-9,TRBJ2-1,ASSPDRDLYNEQF,22
TRBV7-9,TRBJ2-1,ASSPDRDNEQF,22
TRBV7-9,TRBJ2-1,ASSPDRDNNEQF,10
TRBV7-9,TRBJ2-1,ASSPDRDPYNAQF,1
TRBV7-9,TRBJ2-1,ASSPDRDPYNEQF,5
TRBV7-9,TRBJ2-1,ASSPDRDQGRDEQF,1
TRBV7-9,TRBJ2-1,ASSPDRDRAYNEQF,1
TRBV7-9,TRBJ2-1,ASSPDRDRDSYNEQF,1
TRBV7-9,TRBJ2-1,ASSPDRDRGFYNEQF,1
TRBV7-9,TRBJ2-1,ASSPDRDRNEQF,2
TRBV7-9,TRBJ2-1,ASSPDRDRSYNEQF,10
TRBV7-9,TRBJ2-1,ASSPDRDRYNEQF,3
TRBV7-9,TRBJ2-1,ASSPDRDSNEQF,1
TRBV7-9,TRBJ2-1,ASSPDRDSSYNEQF,1
TRBV7-9,TRBJ2-1,ASSPDRDSYNEQF,9
TRBV7-9,TRBJ2-1,ASSPDRDYNEQF,3
TRBV7-9,TRBJ2-1,ASSPDRDYYNEQF,1
TRBV7-9,TRBJ2-1,ASSPDREEQF,3
TRBV7-9,TRBJ2-1,ASSPDREGEQF,11
TRBV7-9,TRBJ2-1,ASSPDREGNEQF,1
TRBV7-9,TRBJ2-1,ASSPDREGSDEQF,2
TRBV7-9,TRBJ2-1,ASSPDREGVFGNEQF,1
TRBV7-9,TRBJ2-1,ASSPDREGYNEQF,1
TRBV7-9,TRBJ2-1,ASSPDREHEQF,1
TRBV7-9,TRBJ2-1,ASSPDREIYNEQF,1
TRBV7-9,TRBJ2-1,ASSPDREKF,12
TRBV7-9,TRBJ2-1,ASSPDRELVNEQF,1
TRBV7-9,TRBJ2-1,ASSPDRENTYNEQF,8
TRBV7-9,TRBJ2-1,ASSPDREPYNEQF,1
TRBV7-9,TRBJ2-1,ASSPDREQF,8
TRBV7-9,TRBJ2-1,ASSPDREQNYNEHF,2
TRBV7-9,TRBJ2-1,ASSPDREQNYNEQF,8
TRBV7-9,TRBJ2-1,ASSPDRERDNEQF,1
TRBV7-9,TRBJ2-1,ASSPDRERPYNEQF,1
TRBV7-9,TRBJ2-1,ASSPDRERVNEQF,1
TRBV7-9,TRBJ2-1,ASSPDRETYNEQF,1
TRBV7-9,TRBJ2-1,ASSPDREVGEQF,1
TRBV7-9,TRBJ2-1,ASSPDREVLYNEQF,1
TRBV7-9,TRBJ2-1,ASSPDREWNEQF,4
TRBV7-9,TRBJ2-1,ASSPDREYPF,10
TRBV7-9,TRBJ2-1,ASSPDRFDEQF,2
TRBV7-9,TRBJ2-1,ASSPDRFNEQF,1
TRBV7-9,TRBJ2-1,ASSPDRFPYKEQF,2
TRBV7-9,TRBJ2-1,ASSPDRFPYNEQF,5
TRBV7-9,TRBJ2-1,ASSPDRFSSNEQF,2
TRBV7-9,TRBJ2-1,ASSPDRFSYNEQF,28
TRBV7-9,TRBJ2-1,ASSPDRFSYTEQF,1
TRBV7-9,TRBJ2-1,ASSPDRFTYNEQF,6
TRBV7-9,TRBJ2-1,ASSPDRFVNEQF,3
TRBV7-9,TRBJ2-1,ASSPDRFYNEQF,3
TRBV7-9,TRBJ2-1,ASSPDRGAEQF,10
TRBV7-9,TRBJ2-1,ASSPDRGAGDELF,2
TRBV7-9,TRBJ2-1,ASSPDRGAGDEQF,7
TRBV7-9,TRBJ2-1,ASSPDRGASGRQNEQF,1
TRBV7-9,TRBJ2-1,ASSPDRGAVWNEQF,1
TRBV7-9,TRBJ2-1,ASSPDRGAYNEQF,29
TRBV7-9,TRBJ2-1,ASSPDRGDDEQF,1
TRBV7-9,TRBJ2-1,ASSPDRGDEQF,2
TRBV7-9,TRBJ2-1,ASSPDRGDSGAYNEQF,8
TRBV7-9,TRBJ2-1,ASSPDRGDSNEQF,1
TRBV7-9,TRBJ2-1,ASSPDRGDYNEQF,1
TRBV7-9,TRBJ2-1,ASSPDRGEHNEQF,1
TRBV7-9,TRBJ2-1,ASSPDRGEKNEQF,1
TRBV7-9,TRBJ2-1,ASSPDRGEQF,15
TRBV7-9,TRBJ2-1,ASSPDRGFDNEQF,1
TRBV7-9,TRBJ2-1,ASSPDRGFEQF,9
TRBV7-9,TRBJ2-1,ASSPDRGFFISSYNEHF,1
TRBV7-9,TRBJ2-1,ASSPDRGFHNEQF,1
TRBV7-9,TRBJ2-1,ASSPDRGFNNEQF,12
TRBV7-9,TRBJ2-1,ASSPDRGFQNEQF,1
TRBV7-9,TRBJ2-1,ASSPDRGFSYNEQF,1
TRBV7-9,TRBJ2-1,ASSPDRGFYNEQF,9
TRBV7-9,TRBJ2-1,ASSPDRGGDEQF,1
TRBV7-9,TRBJ2-1,ASSPDRGGDNEQF,2
TRBV7-9,TRBJ2-1,ASSPDRGGDNYNEQF,1
TRBV7-9,TRBJ2-1,ASSPDRGGHEQF,1
TRBV7-9,TRBJ2-1,ASSPDRGGHNEQF,1
TRBV7-9,TRBJ2-1,ASSPDRGGIEGEQF,9
TRBV7-9,TRBJ2-1,ASSPDRGGLAGGSSYNAQF,1
TRBV7-9,TRBJ2-1,ASSPDRGGLAGGSSYTEQF,1
TRBV7-9,TRBJ2-1,ASSPDRGGNEQF,3
TRBV7-9,TRBJ2-1,ASSPDRGGNNEQF,1
TRBV7-9,TRBJ2-1,ASSPDRGGPKEQF,1
TRBV7-9,TRBJ2-1,ASSPDRGGPNEQF,11
TRBV7-9,TRBJ2-1,ASSPDRGGRVNEQF,1
TRBV7-9,TRBJ2-1,ASSPDRGGRYNEQF,1
TRBV7-9,TRBJ2-1,ASSPDRGGSEQF,9
TRBV7-9,TRBJ2-1,ASSPDRGGSYNEQF,8
TRBV7-9,TRBJ2-1,ASSPDRGGTTYNEQF,1
TRBV7-9,TRBJ2-1,ASSPDRGGVNEQF,1
TRBV7-9,TRBJ2-1,ASSPDRGGWVNEQF,1
TRBV7-9,TRBJ2-1,ASSPDRGGYNEQF,8
TRBV7-9,TRBJ2-1,ASSPDRGHDEQF,4
TRBV7-9,TRBJ2-1,ASSPDRGHFHNEQF,8
TRBV7-9,TRBJ2-1,ASSPDRGHGNEQF,1
TRBV7-9,TRBJ2-1,ASSPDRGHSYEQF,5
TRBV7-9,TRBJ2-1,ASSPDRGIDEQF,1
TRBV7-9,TRBJ2-1,ASSPDRGILAGGNEQF,1
TRBV7-9,TRBJ2-1,ASSPDRGINNEQF,1
TRBV7-9,TRBJ2-1,ASSPDRGIRNNEQF,4
TRBV7-9,TRBJ2-1,ASSPDRGISYNEQF,10
TRBV7-9,TRBJ2-1,ASSPDRGIVNEQF,6
TRBV7-9,TRBJ2-1,ASSPDRGIYNEQF,5
TRBV7-9,TRBJ2-1,ASSPDRGKNNEQF,2
TRBV7-9,TRBJ2-1,ASSPDRGKREPLNEQF,1
TRBV7-9,TRBJ2-1,ASSPDRGKRYNEQF,1
TRBV7-9,TRBJ2-1,ASSPDRGKTSGSFNEQF,2
TRBV7-9,TRBJ2-1,ASSPDRGLAGDLYNEQF,1
TRBV7-9,TRBJ2-1,ASSPDRGLAGGGYNEQF,1
TRBV7-9,TRBJ2-1,ASSPDRGLAGGPRDEQF,1
TRBV7-9,TRBJ2-1,ASSPDRGLAGGYRSYNEQF,2
TRBV7-9,TRBJ2-1,ASSPDRGLDEQF,1
TRBV7-9,TRBJ2-1,ASSPDRGLDNEQF,1
TRBV7-9,TRBJ2-1,ASSPDRGLDSYNEQF,1
TRBV7-9,TRBJ2-1,ASSPDRGLFSGNEQF,1
TRBV7-9,TRBJ2-1,ASSPDRGLGDEQF,1
TRBV7-9,TRBJ2-1,ASSPDRGLGNEQF,2
TRBV7-9,TRBJ2-1,ASSPDRGLIDNEQF,1
TRBV7-9,TRBJ2-1,ASSPDRGLINEQF,1
TRBV7-9,TRBJ2-1,ASSPDRGLKGEQF,3
TRBV7-9,TRBJ2-1,ASSPDRGLNEQF,11
TRBV7-9,TRBJ2-1,ASSPDRGLNNEQF,3
TRBV7-9,TRBJ2-1,ASSPDRGLRNEQF,6
TRBV7-9,TRBJ2-1,ASSPDRGLVSWYEQF,1
TRBV7-9,TRBJ2-1,ASSPDRGLYEQF,1
TRBV7-9,TRBJ2-1,ASSPDRGLYNEQF,28
TRBV7-9,TRBJ2-1,ASSPDRGLYYNEQF,7
TRBV7-9,TRBJ2-1,ASSPDRGMDEQF,1
TRBV7-9,TRBJ2-1,ASSPDRGMNEQF,1
TRBV7-9,TRBJ2-1,ASSPDRGNEQF,24
TRBV7-9,TRBJ2-1,ASSPDRGNHNEQF,2
TRBV7-9,TRBJ2-1,ASSPDRGNNEQF,2
TRBV7-9,TRBJ2-1,ASSPDRGNYKEQF,1
TRBV7-9,TRBJ2-1,ASSPDRGNYNEKF,1
TRBV7-9,TRBJ2-1,ASSPDRGNYNEQF,14
TRBV7-9,TRBJ2-1,ASSPDRGPENEQF,1
TRBV7-9,TRBJ2-1,ASSPDRGPGYEQF,1
TRBV7-9,TRBJ2-1,ASSPDRGPHNEQF,1
TRBV7-9,TRBJ2-1,ASSPDRGPIVANEQF,1
TRBV7-9,TRBJ2-1,ASSPDRGPKF,7
TRBV7-9,TRBJ2-1,ASSPDRGPLYEQF,1
TRBV7-9,TRBJ2-1,ASSPDRGPNEQF,1
TRBV7-9,TRBJ2-1,ASSPDRGPNF,1
TRBV7-9,TRBJ2-1,ASSPDRGPRYNEQF,1
TRBV7-9,TRBJ2-1,ASSPDRGPSYNEQF,1
TRBV7-9,TRBJ2-1,ASSPDRGPTYNEQF,1
TRBV7-9,TRBJ2-1,ASSPDRGPYNEQF,14
TRBV7-9,TRBJ2-1,ASSPDRGPYSEQF,1
TRBV7-9,TRBJ2-1,ASSPDRGQDEQF,6
TRBV7-9,TRBJ2-1,ASSPDRGQF,12
TRBV7-9,TRBJ2-1,ASSPDRGQGEQF,2
TRBV7-9,TRBJ2-1,ASSPDRGQNEQF,2
TRBV7-9,TRBJ2-1,ASSPDRGQQDEQF,1
TRBV7-9,TRBJ2-1,ASSPDRGQRNEQF,1
TRBV7-9,TRBJ2-1,ASSPDRGQSSYNEQF,1
TRBV7-9,TRBJ2-1,ASSPDRGQTYNEQF,1
TRBV7-9,TRBJ2-1,ASSPDRGQVYNEQF,1
TRBV7-9,TRBJ2-1,ASSPDRGRCNEQF,8
TRBV7-9,TRBJ2-1,ASSPDRGRDEQF,12
TRBV7-9,TRBJ2-1,ASSPDRGRDNEQF,1
TRBV7-9,TRBJ2-1,ASSPDRGRDYEQF,3
TRBV7-9,TRBJ2-1,ASSPDRGRFNEQF,2
TRBV7-9,TRBJ2-1,ASSPDRGRGYEHF,1
TRBV7-9,TRBJ2-1,ASSPDRGRGYEPF,1
TRBV7-9,TRBJ2-1,ASSPDRGRGYEQF,13
TRBV7-9,TRBJ2-1,ASSPDRGRLAGYNEQF,1
TRBV7-9,TRBJ2-1,ASSPDRGRLNEQF,16
TRBV7-9,TRBJ2-1,ASSPDRGRLPNEQF,1
TRBV7-9,TRBJ2-1,ASSPDRGRLSNKQF,1
TRBV7-9,TRBJ2-1,ASSPDRGRLTNEPF,1
TRBV7-9,TRBJ2-1,ASSPDRGRLTNEQF,10
TRBV7-9,TRBJ2-1,ASSPDRGRPPYNEQF,1
TRBV7-9,TRBJ2-1,ASSPDRGRPRNNEQF,1
TRBV7-9,TRBJ2-1,ASSPDRGRRVNEQF,1
TRBV7-9,TRBJ2-1,ASSPDRGRSAEQF,18
TRBV7-9,TRBJ2-1,ASSPDRGRSYNEQF,2
TRBV7-9,TRBJ2-1,ASSPDRGRTDEQF,5
TRBV7-9,TRBJ2-1,ASSPDRGRVNEQF,16
TRBV7-9,TRBJ2-1,ASSPDRGRYEQF,2
TRBV7-9,TRBJ2-1,ASSPDRGRYNEQF,2
TRBV7-9,TRBJ2-1,ASSPDRGSDEQF,1
TRBV7-9,TRBJ2-1,ASSPDRGSFDEQF,1
TRBV7-9,TRBJ2-1,ASSPDRGSGSYNEQF,1
TRBV7-9,TRBJ2-1,ASSPDRGSGYNEQF,1
TRBV7-9,TRBJ2-1,ASSPDRGSINEQF,1
TRBV7-9,TRBJ2-1,ASSPDRGSRNEQF,1
TRBV7-9,TRBJ2-1,ASSPDRGSRVNEQF,1
TRBV7-9,TRBJ2-1,ASSPDRGSSYNEQF,3
TRBV7-9,TRBJ2-1,ASSPDRGSTNEQF,1
TRBV7-9,TRBJ2-1,ASSPDRGSYNEQF,68
TRBV7-9,TRBJ2-1,ASSPDRGSYNERF,3
TRBV7-9,TRBJ2-1,ASSPDRGTGLVGRSYNEQF,2
TRBV7-9,TRBJ2-1,ASSPDRGTHNEQF,1
TRBV7-9,TRBJ2-1,ASSPDRGTILLNEQF,1
TRBV7-9,TRBJ2-1,ASSPDRGTLNEQF,1
TRBV7-9,TRBJ2-1,ASSPDRGTSGDNEQF,1
TRBV7-9,TRBJ2-1,ASSPDRGTSGGDFNEQF,1
TRBV7-9,TRBJ2-1,ASSPDRGTSSYNEQF,1
TRBV7-9,TRBJ2-1,ASSPDRGTTYNEQF,1
TRBV7-9,TRBJ2-1,ASSPDRGTVNNEQF,1
TRBV7-9,TRBJ2-1,ASSPDRGTYNEQF,34
TRBV7-9,TRBJ2-1,ASSPDRGVDEQF,7
TRBV7-9,TRBJ2-1,ASSPDRGVGPFYNEQF,1
TRBV7-9,TRBJ2-1,ASSPDRGVHEQF,1
TRBV7-9,TRBJ2-1,ASSPDRGVLNEQF,1
TRBV7-9,TRBJ2-1,ASSPDRGVNEQF,4
TRBV7-9,TRBJ2-1,ASSPDRGVSTEQF,10
TRBV7-9,TRBJ2-1,ASSPDRGVYEQF,1
TRBV7-9,TRBJ2-1,ASSPDRGVYNEQF,4
TRBV7-9,TRBJ2-1,ASSPDRGWC,1
TRBV7-9,TRBJ2-1,ASSPDRGWDYNEQF,1
TRBV7-9,TRBJ2-1,ASSPDRGWEGEQF,4
TRBV7-9,TRBJ2-1,ASSPDRGWF,14
TRBV7-9,TRBJ2-1,ASSPDRGWNEQF,2
TRBV7-9,TRBJ2-1,ASSPDRGYEQF,1
TRBV7-9,TRBJ2-1,ASSPDRGYNEQF,10
TRBV7-9,TRBJ2-1,ASSPDRGYNEQV,2
TRBV7-9,TRBJ2-1,ASSPDRGYPYNEQF,1
TRBV7-9,TRBJ2-1,ASSPDRGYYEQF,1
TRBV7-9,TRBJ2-1,ASSPDRGYYNEQF,2
TRBV7-9,TRBJ2-1,ASSPDRHNEQF,2
TRBV7-9,TRBJ2-1,ASSPDRHNNEQF,1
TRBV7-9,TRBJ2-1,ASSPDRHYNEQF,2
TRBV7-9,TRBJ2-1,ASSPDRIKLAYNEQF,1
TRBV7-9,TRBJ2-1,ASSPDRIRYNEQF,1
TRBV7-9,TRBJ2-1,ASSPDRISSYNEQF,1
TRBV7-9,TRBJ2-1,ASSPDRISYNEQF,1
TRBV7-9,TRBJ2-1,ASSPDRITVVGGSNEQF,1
TRBV7-9,TRBJ2-1,ASSPDRIVNEQF,1
TRBV7-9,TRBJ2-1,ASSPDRIYNEQF,1
TRBV7-9,TRBJ2-1,ASSPDRKGNEQF,2
TRBV7-9,TRBJ2-1,ASSPDRKNNEQF,1
TRBV7-9,TRBJ2-1,ASSPDRKNYNEQF,1
TRBV7-9,TRBJ2-1,ASSPDRKVYNEQF,1
TRBV7-9,TRBJ2-1,ASSPDRLAGGDHNEQF,1
TRBV7-9,TRBJ2-1,ASSPDRLAGGNEQF,11
TRBV7-9,TRBJ2-1,ASSPDRLAGINEQF,1
TRBV7-9,TRBJ2-1,ASSPDRLAGSNEQF,3
TRBV7-9,TRBJ2-1,ASSPDRLAGTQNEQF,1
TRBV7-9,TRBJ2-1,ASSPDRLAGVKDNEQF,1
TRBV7-9,TRBJ2-1,ASSPDRLATNNEQF,1
TRBV7-9,TRBJ2-1,ASSPDRLDNEQF,1
TRBV7-9,TRBJ2-1,ASSPDRLDYNEQF,1
TRBV7-9,TRBJ2-1,ASSPDRLEYNEQF,1
TRBV7-9,TRBJ2-1,ASSPDRLGSYNEQF,1
TRBV7-9,TRBJ2-1,ASSPDRLGVSYNEQF,1
TRBV7-9,TRBJ2-1,ASSPDRLHNEQF,5
TRBV7-9,TRBJ2-1,ASSPDRLTYNEQF,2
TRBV7-9,TRBJ2-1,ASSPDRLVGGNEQF,4
TRBV7-9,TRBJ2-1,ASSPDRMHYNEQF,1
TRBV7-9,TRBJ2-1,ASSPDRMRNEQF,1
TRBV7-9,TRBJ2-1,ASSPDRMSNEQF,9
TRBV7-9,TRBJ2-1,ASSPDRNEQF,36
TRBV7-9,TRBJ2-1,ASSPDRNGRYNEQF,12
TRBV7-9,TRBJ2-1,ASSPDRNHEQF,1
TRBV7-9,TRBJ2-1,ASSPDRNNEQF,12
TRBV7-9,TRBJ2-1,ASSPDRNNNEQF,1
TRBV7-9,TRBJ2-1,ASSPDRNQRGEQF,17
TRBV7-9,TRBJ2-1,ASSPDRNSYNEQF,10
TRBV7-9,TRBJ2-1,ASSPDRNTYNEQF,3
TRBV7-9,TRBJ2-1,ASSPDRNYNEQF,1
TRBV7-9,TRBJ2-1,ASSPDRPSYHEQF,1
TRBV7-9,TRBJ2-1,ASSPDRPSYNEQC,1
TRBV7-9,TRBJ2-1,ASSPDRPSYNEQF,11
TRBV7-9,TRBJ2-1,ASSPDRPTGNEQF,6
TRBV7-9,TRBJ2-1,ASSPDRPYNEQF,1
TRBV7-9,TRBJ2-1,ASSPDRQGDPNEQF,1
TRBV7-9,TRBJ2-1,ASSPDRQGNEQF,1
TRBV7-9,TRBJ2-1,ASSPDRQGRYEQF,1
TRBV7-9,TRBJ2-1,ASSPDRQKTSGDYNEQF,1
TRBV7-9,TRBJ2-1,ASSPDRQNEQF,1
TRBV7-9,TRBJ2-1,ASSPDRRDEQF,1
TRBV7-9,TRBJ2-1,ASSPDRRGNEQF,1
TRBV7-9,TRBJ2-1,ASSPDRRGRGAYNEKF,1
TRBV7-9,TRBJ2-1,ASSPDRRGRGAYNEQF,9
TRBV7-9,TRBJ2-1,ASSPDRRKSSYNEQF,1
TRBV7-9,TRBJ2-1,ASSPDRRLSYNEQF,1
TRBV7-9,TRBJ2-1,ASSPDRRNEHF,2
TRBV7-9,TRBJ2-1,ASSPDRRNEQF,6
TRBV7-9,TRBJ2-1,ASSPDRRPYNEQF,4
TRBV7-9,TRBJ2-1,ASSPDRRRPYNEQF,1
TRBV7-9,TRBJ2-1,ASSPDRRSENEQF,13
TRBV7-9,TRBJ2-1,ASSPDRRSYNEQF,1
TRBV7-9,TRBJ2-1,ASSPDRRYNEQF,1
TRBV7-9,TRBJ2-1,ASSPDRSEQF,1
TRBV7-9,TRBJ2-1,ASSPDRSGDEQF,3
TRBV7-9,TRBJ2-1,ASSPDRSGGNEQF,1
TRBV7-9,TRBJ2-1,ASSPDRSGNEQF,1
TRBV7-9,TRBJ2-1,ASSPDRSGSYNEQF,1
TRBV7-9,TRBJ2-1,ASSPDRSIYNEQF,8
TRBV7-9,TRBJ2-1,ASSPDRSLAG,4
TRBV7-9,TRBJ2-1,ASSPDRSNEQF,3
TRBV7-9,TRBJ2-1,ASSPDRSPRPYNEQF,1
TRBV7-9,TRBJ2-1,ASSPDRSPYNEQF,9
TRBV7-9,TRBJ2-1,ASSPDRSRSSYNEQF,1
TRBV7-9,TRBJ2-1,ASSPDRSSDNEQF,1
TRBV7-9,TRBJ2-1,ASSPDRSSSYNEQF,2
TRBV7-9,TRBJ2-1,ASSPDRSSYNDQF,1
TRBV7-9,TRBJ2-1,ASSPDRSSYNEQF,49
TRBV7-9,TRBJ2-1,ASSPDRSTYNEQF,1
TRBV7-9,TRBJ2-1,ASSPDRSYNEQF,8
TRBV7-9,TRBJ2-1,ASSPDRTAYLSYNEQF,1
TRBV7-9,TRBJ2-1,ASSPDRTGDEQF,1
TRBV7-9,TRBJ2-1,ASSPDRTKTYNEQF,1
TRBV7-9,TRBJ2-1,ASSPDRTNEQF,2
TRBV7-9,TRBJ2-1,ASSPDRTNNEQF,1
TRBV7-9,TRBJ2-1,ASSPDRTSAGGNEQF,1
TRBV7-9,TRBJ2-1,ASSPDRTSGSYNEKF,1
TRBV7-9,TRBJ2-1,ASSPDRTSGSYNEQF,9
TRBV7-9,TRBJ2-1,ASSPDRTSSPYNEQF,1
TRBV7-9,TRBJ2-1,ASSPDRTSSYKEQV,1
TRBV7-9,TRBJ2-1,ASSPDRTSSYNEQF,12
TRBV7-9,TRBJ2-1,ASSPDRTSYNEQF,1
TRBV7-9,TRBJ2-1,ASSPDRTYNEQF,10
TRBV7-9,TRBJ2-1,ASSPDRVADHNEQF,1
TRBV7-9,TRBJ2-1,ASSPDRVADYNEQF,1
TRBV7-9,TRBJ2-1,ASSPDRVAGGWGNEQF,1
TRBV7-9,TRBJ2-1,ASSPDRVANEQF,1
TRBV7-9,TRBJ2-1,ASSPDRVAYNEQF,2
TRBV7-9,TRBJ2-1,ASSPDRVDDEQF,2
TRBV7-9,TRBJ2-1,ASSPDRVDEQF,12
TRBV7-9,TRBJ2-1,ASSPDRVDEQL,2
TRBV7-9,TRBJ2-1,ASSPDRVDNEQF,5
TRBV7-9,TRBJ2-1,ASSPDRVDYNEQF,8
TRBV7-9,TRBJ2-1,ASSPDRVDYNEQS,2
TRBV7-9,TRBJ2-1,ASSPDRVEDEQF,1
TRBV7-9,TRBJ2-1,ASSPDRVEQF,7
TRBV7-9,TRBJ2-1,ASSPDRVGASEQF,11
TRBV7-9,TRBJ2-1,ASSPDRVGLDNEQF,4
TRBV7-9,TRBJ2-1,ASSPDRVGNEQF,3
TRBV7-9,TRBJ2-1,ASSPDRVGNNEQF,1
TRBV7-9,TRBJ2-1,ASSPDRVGYNEQF,16
TRBV7-9,TRBJ2-1,ASSPDRVHKEQF,1
TRBV7-9,TRBJ2-1,ASSPDRVHNEQF,40
TRBV7-9,TRBJ2-1,ASSPDRVIGNEQF,11
TRBV7-9,TRBJ2-1,ASSPDRVINEQF,1
TRBV7-9,TRBJ2-1,ASSPDRVLADEQF,9
TRBV7-9,TRBJ2-1,ASSPDRVLAVEQF,18
TRBV7-9,TRBJ2-1,ASSPDRVLNEQF,2
TRBV7-9,TRBJ2-1,ASSPDRVLTYKEQF,1
TRBV7-9,TRBJ2-1,ASSPDRVLTYNEQF,9
TRBV7-9,TRBJ2-1,ASSPDRVLYNEQF,1
TRBV7-9,TRBJ2-1,ASSPDRVNEQF,2
TRBV7-9,TRBJ2-1,ASSPDRVNNEQF,3
TRBV7-9,TRBJ2-1,ASSPDRVPYNEQF,5
TRBV7-9,TRBJ2-1,ASSPDRVRDEQF,1
TRBV7-9,TRBJ2-1,ASSPDRVRNEQF,25
TRBV7-9,TRBJ2-1,ASSPDRVRYNEQF,1
TRBV7-9,TRBJ2-1,ASSPDRVSDEQF,7
TRBV7-9,TRBJ2-1,ASSPDRVSHYNEQF,21
TRBV7-9,TRBJ2-1,ASSPDRVSLFGNEQF,1
TRBV7-9,TRBJ2-1,ASSPDRVSNEQF,8
TRBV7-9,TRBJ2-1,ASSPDRVSSYNEQF,1
TRBV7-9,TRBJ2-1,ASSPDRVSYNEQF,25
TRBV7-9,TRBJ2-1,ASSPDRVSYTEQF,1
TRBV7-9,TRBJ2-1,ASSPDRVTDPLSYNEQF,1
TRBV7-9,TRBJ2-1,ASSPDRVTNEQF,1
TRBV7-9,TRBJ2-1,ASSPDRVTYNEQF,1
TRBV7-9,TRBJ2-1,ASSPDRVVDEQF,2
TRBV7-9,TRBJ2-1,ASSPDRVVHEQF,1
TRBV7-9,TRBJ2-1,ASSPDRVVKEQF,2
TRBV7-9,TRBJ2-1,ASSPDRVVNAQF,2
TRBV7-9,TRBJ2-1,ASSPDRVVNDQF,3
TRBV7-9,TRBJ2-1,ASSPDRVVNEQF,330
TRBV7-9,TRBJ2-1,ASSPDRVVNGQF,3
TRBV7-9,TRBJ2-1,ASSPDRVVNGQV,1
TRBV7-9,TRBJ2-1,ASSPDRVWDGNEQF,1
TRBV7-9,TRBJ2-1,ASSPDRVWHEQF,1
TRBV7-9,TRBJ2-1,ASSPDRVWNEQF,1
TRBV7-9,TRBJ2-1,ASSPDRVYNEQF,24
TRBV7-9,TRBJ2-1,ASSPDRWAYNEQF,1
TRBV7-9,TRBJ2-1,ASSPDRWGLADNEQF,1
TRBV7-9,TRBJ2-1,ASSPDRWLYNEQF,2
TRBV7-9,TRBJ2-1,ASSPDRWSNEQF,1
TRBV7-9,TRBJ2-1,ASSPDRYEQF,1
TRBV7-9,TRBJ2-1,ASSPDRYNEQF,13
TRBV7-9,TRBJ2-1,ASSPDRYYNEKF,1
TRBV7-9,TRBJ2-1,ASSPDRYYNEQF,21
TRBV7-9,TRBJ2-1,ASSPDSAGDNEQF,1
TRBV7-9,TRBJ2-1,ASSPDSAGENGEF,1
TRBV7-9,TRBJ2-1,ASSPDSARKNNEQF,1
TRBV7-9,TRBJ2-1,ASSPDSASSYNEQF,4
TRBV7-9,TRBJ2-1,ASSPDSASYNEQF,8
TRBV7-9,TRBJ2-1,ASSPDSAYNEQF,9
TRBV7-9,TRBJ2-1,ASSPDSDEQF,5
TRBV7-9,TRBJ2-1,ASSPDSDNEQF,1
TRBV7-9,TRBJ2-1,ASSPDSDRYNEQF,1
TRBV7-9,TRBJ2-1,ASSPDSEGQF,10
TRBV7-9,TRBJ2-1,ASSPDSEQF,1
TRBV7-9,TRBJ2-1,ASSPDSEVGNEQF,1
TRBV7-9,TRBJ2-1,ASSPDSFEQF,4
TRBV7-9,TRBJ2-1,ASSPDSFNEQF,3
TRBV7-9,TRBJ2-1,ASSPDSFSDNEQF,1
TRBV7-9,TRBJ2-1,ASSPDSFYNEQF,7
TRBV7-9,TRBJ2-1,ASSPDSGARGYNEQF,1
TRBV7-9,TRBJ2-1,ASSPDSGAYNEQF,9
TRBV7-9,TRBJ2-1,ASSPDSGENWVELF,1
TRBV7-9,TRBJ2-1,ASSPDSGENWVEQF,15
TRBV7-9,TRBJ2-1,ASSPDSGENWVERF,1
TRBV7-9,TRBJ2-1,ASSPDSGGGNEQF,15
TRBV7-9,TRBJ2-1,ASSPDSGGNEQF,1
TRBV7-9,TRBJ2-1,ASSPDSGGNNEQF,1
TRBV7-9,TRBJ2-1,ASSPDSGGNYNEQF,1
TRBV7-9,TRBJ2-1,ASSPDSGGPDEQF,6
TRBV7-9,TRBJ2-1,ASSPDSGGRF,3
TRBV7-9,TRBJ2-1,ASSPDSGGSYNEQF,2
TRBV7-9,TRBJ2-1,ASSPDSGGVYNEQF,3
TRBV7-9,TRBJ2-1,ASSPDSGINNEQF,1
TRBV7-9,TRBJ2-1,ASSPDSGMGPYNEQF,1
TRBV7-9,TRBJ2-1,ASSPDSGNEQF,5
TRBV7-9,TRBJ2-1,ASSPDSGPDNEQF,1
TRBV7-9,TRBJ2-1,ASSPDSGPFNNEQF,1
TRBV7-9,TRBJ2-1,ASSPDSGPYHEQF,1
TRBV7-9,TRBJ2-1,ASSPDSGPYNEQF,17
TRBV7-9,TRBJ2-1,ASSPDSGRASYNEQF,1
TRBV7-9,TRBJ2-1,ASSPDSGRAYNEQF,1
TRBV7-9,TRBJ2-1,ASSPDSGREPYNEQF,1
TRBV7-9,TRBJ2-1,ASSPDSGRFYEQF,10
TRBV7-9,TRBJ2-1,ASSPDSGRGNEQF,1
TRBV7-9,TRBJ2-1,ASSPDSGRGPYNEQF,14
TRBV7-9,TRBJ2-1,ASSPDSGRIYEQF,9
TRBV7-9,TRBJ2-1,ASSPDSGRPHEQF,1
TRBV7-9,TRBJ2-1,ASSPDSGRRGEQF,1
TRBV7-9,TRBJ2-1,ASSPDSGRSYSYNEQF,1
TRBV7-9,TRBJ2-1,ASSPDSGRVGNEQF,1
TRBV7-9,TRBJ2-1,ASSPDSGRYSYNEQF,1
TRBV7-9,TRBJ2-1,ASSPDSGSLGNEQF,1
TRBV7-9,TRBJ2-1,ASSPDSGSLPNEQF,1
TRBV7-9,TRBJ2-1,ASSPDSGSNNEQF,15
TRBV7-9,TRBJ2-1,ASSPDSGSSYNEQF,4
TRBV7-9,TRBJ2-1,ASSPDSGSYNEQF,7
TRBV7-9,TRBJ2-1,ASSPDSGTSRWYEQF,1
TRBV7-9,TRBJ2-1,ASSPDSGVYNEQF,1
TRBV7-9,TRBJ2-1,ASSPDSGWEGEQF,2
TRBV7-9,TRBJ2-1,ASSPDSGYNEQF,2
TRBV7-9,TRBJ2-1,ASSPDSGYSYNEQF,1
TRBV7-9,TRBJ2-1,ASSPDSHEQF,3
TRBV7-9,TRBJ2-1,ASSPDSHNEQF,5
TRBV7-9,TRBJ2-1,ASSPDSHYNEQF,1
TRBV7-9,TRBJ2-1,ASSPDSIAGGMNEQF,1
TRBV7-9,TRBJ2-1,ASSPDSIGNEQF,1
TRBV7-9,TRBJ2-1,ASSPDSIHEQF,1
TRBV7-9,TRBJ2-1,ASSPDSINEQF,1
TRBV7-9,TRBJ2-1,ASSPDSISSYNEQF,1
TRBV7-9,TRBJ2-1,ASSPDSKEQF,1
TRBV7-9,TRBJ2-1,ASSPDSLEQF,8
TRBV7-9,TRBJ2-1,ASSPDSLGYNEQF,9
TRBV7-9,TRBJ2-1,ASSPDSLHYNEQF,11
TRBV7-9,TRBJ2-1,ASSPDSLISNEQF,1
TRBV7-9,TRBJ2-1,ASSPDSLNEQF,1
TRBV7-9,TRBJ2-1,ASSPDSLNNEQF,1
TRBV7-9,TRBJ2-1,ASSPDSLNYNEQF,1
TRBV7-9,TRBJ2-1,ASSPDSLRDEQF,1
TRBV7-9,TRBJ2-1,ASSPDSLRLNEQF,1
TRBV7-9,TRBJ2-1,ASSPDSLRNEQF,1
TRBV7-9,TRBJ2-1,ASSPDSLSLYNEQF,1
TRBV7-9,TRBJ2-1,ASSPDSLSVYEQF,1
TRBV7-9,TRBJ2-1,ASSPDSLTQKYNEQF,1
TRBV7-9,TRBJ2-1,ASSPDSLVYNEQF,7
TRBV7-9,TRBJ2-1,ASSPDSLYNEQF,1
TRBV7-9,TRBJ2-1,ASSPDSNDQF,1
TRBV7-9,TRBJ2-1,ASSPDSNEEF,1
TRBV7-9,TRBJ2-1,ASSPDSNEQF,118
TRBV7-9,TRBJ2-1,ASSPDSNFNHEQF,1
TRBV7-9,TRBJ2-1,ASSPDSNNEQF,3
TRBV7-9,TRBJ2-1,ASSPDSNYYNEQF,1
TRBV7-9,TRBJ2-1,ASSPDSPCQF,10
TRBV7-9,TRBJ2-1,ASSPDSPDEQF,1
TRBV7-9,TRBJ2-1,ASSPDSPGSPYNEQF,1
TRBV7-9,TRBJ2-1,ASSPDSPLV,19
TRBV7-9,TRBJ2-1,ASSPDSPPWNEQF,4
TRBV7-9,TRBJ2-1,ASSPDSPRTAYNEQF,7
TRBV7-9,TRBJ2-1,ASSPDSPSARF,2
TRBV7-9,TRBJ2-1,ASSPDSPTYNEQF,1
TRBV7-9,TRBJ2-1,ASSPDSQLGLYNEQF,2
TRBV7-9,TRBJ2-1,ASSPDSRLF,12
TRBV7-9,TRBJ2-1,ASSPDSRLNEQF,1
TRBV7-9,TRBJ2-1,ASSPDSRNEQF,2
TRBV7-9,TRBJ2-1,ASSPDSRPNEQF,1
TRBV7-9,TRBJ2-1,ASSPDSRQC,1
TRBV7-9,TRBJ2-1,ASSPDSRQF,19
TRBV7-9,TRBJ2-1,ASSPDSRRLNEQF,17
TRBV7-9,TRBJ2-1,ASSPDSRWYEQF,5
TRBV7-9,TRBJ2-1,ASSPDSSAYNEQF,1
TRBV7-9,TRBJ2-1,ASSPDSSGGYNEQF,5
TRBV7-9,TRBJ2-1,ASSPDSSGQGGNEQF,2
TRBV7-9,TRBJ2-1,ASSPDSSGRASLNEQF,1
TRBV7-9,TRBJ2-1,ASSPDSSGRDNEQF,1
TRBV7-9,TRBJ2-1,ASSPDSSHEQF,8
TRBV7-9,TRBJ2-1,ASSPDSSINEQF,11
TRBV7-9,TRBJ2-1,ASSPDSSNEQF,16
TRBV7-9,TRBJ2-1,ASSPDSSPSYNEQF,1
TRBV7-9,TRBJ2-1,ASSPDSSSYNEQF,71
TRBV7-9,TRBJ2-1,ASSPDSSYNEQF,45
TRBV7-9,TRBJ2-1,ASSPDSTEF,11
TRBV7-9,TRBJ2-1,ASSPDSTEL,1
TRBV7-9,TRBJ2-1,ASSPDSTNEQF,7
TRBV7-9,TRBJ2-1,ASSPDSTRYEQF,1
TRBV7-9,TRBJ2-1,ASSPDSTYNEQF,2
TRBV7-9,TRBJ2-1,ASSPDSVAGGPYNEQF,1
TRBV7-9,TRBJ2-1,ASSPDSVAYNEQF,3
TRBV7-9,TRBJ2-1,ASSPDSVDEQF,11
TRBV7-9,TRBJ2-1,ASSPDSVEQF,3
TRBV7-9,TRBJ2-1,ASSPDSVISLYNEQF,1
TRBV7-9,TRBJ2-1,ASSPDSVMTNEQF,1
TRBV7-9,TRBJ2-1,ASSPDSVTYNEQF,1
TRBV7-9,TRBJ2-1,ASSPDSVVEQF,5
TRBV7-9,TRBJ2-1,ASSPDSVVNEQF,2
TRBV7-9,TRBJ2-1,ASSPDSVVYNEQF,1
TRBV7-9,TRBJ2-1,ASSPDSYDNEQF,1
TRBV7-9,TRBJ2-1,ASSPDSYEQF,2
TRBV7-9,TRBJ2-1,ASSPDSYLNEQF,14
TRBV7-9,TRBJ2-1,ASSPDSYNAQF,1
TRBV7-9,TRBJ2-1,ASSPDSYNEQC,2
TRBV7-9,TRBJ2-1,ASSPDSYNEQF,108
TRBV7-9,TRBJ2-1,ASSPDSYNERF,1
TRBV7-9,TRBJ2-1,ASSPDSYNNEQF,1
TRBV7-9,TRBJ2-1,ASSPDSYSYNEQF,3
TRBV7-9,TRBJ2-1,ASSPDTAGDRVGNEQF,11
TRBV7-9,TRBJ2-1,ASSPDTDEQF,2
TRBV7-9,TRBJ2-1,ASSPDTDNEQF,1
TRBV7-9,TRBJ2-1,ASSPDTENEQF,1
TRBV7-9,TRBJ2-1,ASSPDTEQF,2
TRBV7-9,TRBJ2-1,ASSPDTFYNEQF,1
TRBV7-9,TRBJ2-1,ASSPDTGAGHNEQF,1
TRBV7-9,TRBJ2-1,ASSPDTGAPYNEQF,5
TRBV7-9,TRBJ2-1,ASSPDTGDNEQF,6
TRBV7-9,TRBJ2-1,ASSPDTGEGNEQF,9
TRBV7-9,TRBJ2-1,ASSPDTGGGNEQF,1
TRBV7-9,TRBJ2-1,ASSPDTGGIENEQF,1
TRBV7-9,TRBJ2-1,ASSPDTGHNEQF,1
TRBV7-9,TRBJ2-1,ASSPDTGIYNEKF,1
TRBV7-9,TRBJ2-1,ASSPDTGIYNEQF,15
TRBV7-9,TRBJ2-1,ASSPDTGLAGGPYNEQF,1
TRBV7-9,TRBJ2-1,ASSPDTGNEQF,2
TRBV7-9,TRBJ2-1,ASSPDTGRSYNEQF,8
TRBV7-9,TRBJ2-1,ASSPDTGTRYNEQF,5
TRBV7-9,TRBJ2-1,ASSPDTGTSGGNEQF,9
TRBV7-9,TRBJ2-1,ASSPDTGVNEQF,1
TRBV7-9,TRBJ2-1,ASSPDTHEQF,1
TRBV7-9,TRBJ2-1,ASSPDTHNEQF,12
TRBV7-9,TRBJ2-1,ASSPDTLTYNEQF,9
TRBV7-9,TRBJ2-1,ASSPDTLYNEQF,1
TRBV7-9,TRBJ2-1,ASSPDTMSGSRYNEQF,1
TRBV7-9,TRBJ2-1,ASSPDTNEQF,27
TRBV7-9,TRBJ2-1,ASSPDTNFNEQF,1
TRBV7-9,TRBJ2-1,ASSPDTNNEQF,1
TRBV7-9,TRBJ2-1,ASSPDTNYNEQF,1
TRBV7-9,TRBJ2-1,ASSPDTPTSGRSYNEQF,1
TRBV7-9,TRBJ2-1,ASSPDTRSSYNEQF,8
TRBV7-9,TRBJ2-1,ASSPDTSEIYNEQF,1
TRBV7-9,TRBJ2-1,ASSPDTSEQF,1
TRBV7-9,TRBJ2-1,ASSPDTSGGALYNEQF,1
TRBV7-9,TRBJ2-1,ASSPDTSGNEQF,1
TRBV7-9,TRBJ2-1,ASSPDTSGRAANEQF,1
TRBV7-9,TRBJ2-1,ASSPDTSGSGDEQF,8
TRBV7-9,TRBJ2-1,ASSPDTSGSYNEQF,1
TRBV7-9,TRBJ2-1,ASSPDTSGVYNEQF,1
TRBV7-9,TRBJ2-1,ASSPDTSKQWRRIHEQF,1
TRBV7-9,TRBJ2-1,ASSPDTSKQWRRINEQF,11
TRBV7-9,TRBJ2-1,ASSPDTSPSYNEQF,11
TRBV7-9,TRBJ2-1,ASSPDTSPTYNEQF,1
TRBV7-9,TRBJ2-1,ASSPDTSSYNEQF,2
TRBV7-9,TRBJ2-1,ASSPDTSYNEQF,28
TRBV7-9,TRBJ2-1,ASSPDTTNEQF,21
TRBV7-9,TRBJ2-1,ASSPDTTRSNEQF,1
TRBV7-9,TRBJ2-1,ASSPDTTSGNRRDNEQF,1
TRBV7-9,TRBJ2-1,ASSPDTVASYNEQF,1
TRBV7-9,TRBJ2-1,ASSPDTVQSWHEQF,1
TRBV7-9,TRBJ2-1,ASSPDTVTQYNEQF,1
TRBV7-9,TRBJ2-1,ASSPDTYEQF,1
TRBV7-9,TRBJ2-1,ASSPDTYGTARDEQF,1
TRBV7-9,TRBJ2-1,ASSPDTYHEQF,1
TRBV7-9,TRBJ2-1,ASSPDTYNEQF,27
TRBV7-9,TRBJ2-1,ASSPDTYSYNEQF,2
TRBV7-9,TRBJ2-1,ASSPDVAEYNEQF,15
TRBV7-9,TRBJ2-1,ASSPDVAGYNEQF,1
TRBV7-9,TRBJ2-1,ASSPDVAREWSNEQF,1
TRBV7-9,TRBJ2-1,ASSPDVASGPSYNEQF,1
TRBV7-9,TRBJ2-1,ASSPDVAYNEQF,1
TRBV7-9,TRBJ2-1,ASSPDVDWDEQF,1
TRBV7-9,TRBJ2-1,ASSPDVERYNEQF,3
TRBV7-9,TRBJ2-1,ASSPDVETEYNEQF,1
TRBV7-9,TRBJ2-1,ASSPDVGAWVNEQF,4
TRBV7-9,TRBJ2-1,ASSPDVGAYNEQF,1
TRBV7-9,TRBJ2-1,ASSPDVGEF,8
TRBV7-9,TRBJ2-1,ASSPDVGGRYNEQF,1
TRBV7-9,TRBJ2-1,ASSPDVGGSVEQF,2
TRBV7-9,TRBJ2-1,ASSPDVGGTYNEQF,1
TRBV7-9,TRBJ2-1,ASSPDVGQF,1
TRBV7-9,TRBJ2-1,ASSPDVGRAGNNEQF,1
TRBV7-9,TRBJ2-1,ASSPDVGRGNEQF,1
TRBV7-9,TRBJ2-1,ASSPDVGSYNEQF,1
TRBV7-9,TRBJ2-1,ASSPDVGTSGSSDEQF,12
TRBV7-9,TRBJ2-1,ASSPDVGTSGSSDEQY,1
TRBV7-9,TRBJ2-1,ASSPDVGTSTRSYNEQF,1
TRBV7-9,TRBJ2-1,ASSPDVGVTYNEQF,1
TRBV7-9,TRBJ2-1,ASSPDVHPDNEQF,2
TRBV7-9,TRBJ2-1,ASSPDVHPYNEQF,6
TRBV7-9,TRBJ2-1,ASSPDVLAGVGNEQF,1
TRBV7-9,TRBJ2-1,ASSPDVLGNNEQF,8
TRBV7-9,TRBJ2-1,ASSPDVLLNEQF,1
TRBV7-9,TRBJ2-1,ASSPDVLNEQF,1
TRBV7-9,TRBJ2-1,ASSPDVLRNDQF,1
TRBV7-9,TRBJ2-1,ASSPDVNEQF,4
TRBV7-9,TRBJ2-1,ASSPDVNNEQF,3
TRBV7-9,TRBJ2-1,ASSPDVPKQF,14
TRBV7-9,TRBJ2-1,ASSPDVPSSYNEQF,1
TRBV7-9,TRBJ2-1,ASSPDVQF,1
TRBV7-9,TRBJ2-1,ASSPDVQGVSDEQF,3
TRBV7-9,TRBJ2-1,ASSPDVREAEF,3
TRBV7-9,TRBJ2-1,ASSPDVRERSYNEQF,1
TRBV7-9,TRBJ2-1,ASSPDVRGADNEQF,1
TRBV7-9,TRBJ2-1,ASSPDVRGAYNEQF,11
TRBV7-9,TRBJ2-1,ASSPDVRLAGPENEQF,1
TRBV7-9,TRBJ2-1,ASSPDVRVYNEQF,1
TRBV7-9,TRBJ2-1,ASSPDVSAHNEQF,1
TRBV7-9,TRBJ2-1,ASSPDVSSGYNDQF,2
TRBV7-9,TRBJ2-1,ASSPDVSSGYNEQF,10
TRBV7-9,TRBJ2-1,ASSPDVSSYNEQF,1
TRBV7-9,TRBJ2-1,ASSPDVTGVNNEQF,1
TRBV7-9,TRBJ2-1,ASSPDVWLNNNEQF,1
TRBV7-9,TRBJ2-1,ASSPDVYEQF,7
TRBV7-9,TRBJ2-1,ASSPDVYNEQF,1
TRBV7-9,TRBJ2-1,ASSPDVYRRNNEQF,1
TRBV7-9,TRBJ2-1,ASSPDWAAFGGRANEQF,3
TRBV7-9,TRBJ2-1,ASSPDWAGEGNEQF,1
TRBV7-9,TRBJ2-1,ASSPDWATYNEQF,1
TRBV7-9,TRBJ2-1,ASSPDWCNNEQF,2
TRBV7-9,TRBJ2-1,ASSPDWDEQF,4
TRBV7-9,TRBJ2-1,ASSPDWEGDNEQF,1
TRBV7-9,TRBJ2-1,ASSPDWENEQF,1
TRBV7-9,TRBJ2-1,ASSPDWEQF,4
TRBV7-9,TRBJ2-1,ASSPDWFNEQC,1
TRBV7-9,TRBJ2-1,ASSPDWFNEQF,8
TRBV7-9,TRBJ2-1,ASSPDWGANEQF,1
TRBV7-9,TRBJ2-1,ASSPDWGDLSLYNEQF,1
TRBV7-9,TRBJ2-1,ASSPDWGFHNEQF,1
TRBV7-9,TRBJ2-1,ASSPDWGLSNEQF,1
TRBV7-9,TRBJ2-1,ASSPDWGNKEQF,1
TRBV7-9,TRBJ2-1,ASSPDWGNKEQV,1
TRBV7-9,TRBJ2-1,ASSPDWGNNAQF,1
TRBV7-9,TRBJ2-1,ASSPDWGNNDQF,1
TRBV7-9,TRBJ2-1,ASSPDWGNNEHF,1
TRBV7-9,TRBJ2-1,ASSPDWGNNEQC,1
TRBV7-9,TRBJ2-1,ASSPDWGNNEQF,126
TRBV7-9,TRBJ2-1,ASSPDWGNNVQF,1
TRBV7-9,TRBJ2-1,ASSPDWGPYNEQF,1
TRBV7-9,TRBJ2-1,ASSPDWGQGPYNEQF,1
TRBV7-9,TRBJ2-1,ASSPDWGRDNEQF,1
TRBV7-9,TRBJ2-1,ASSPDWGREGTNEQF,2
TRBV7-9,TRBJ2-1,ASSPDWGSGPISYNEQF,1
TRBV7-9,TRBJ2-1,ASSPDWGSSSYNEQF,1
TRBV7-9,TRBJ2-1,ASSPDWGSYNEQF,1
TRBV7-9,TRBJ2-1,ASSPDWGTNEQF,1
TRBV7-9,TRBJ2-1,ASSPDWGVQF,9
TRBV7-9,TRBJ2-1,ASSPDWKQF,9
TRBV7-9,TRBJ2-1,ASSPDWLEQF,7
TRBV7-9,TRBJ2-1,ASSPDWLYNEQF,1
TRBV7-9,TRBJ2-1,ASSPDWNAF,15
TRBV7-9,TRBJ2-1,ASSPDWNEQF,59
TRBV7-9,TRBJ2-1,ASSPDWNKQF,1
TRBV7-9,TRBJ2-1,ASSPDWNQQF,1
TRBV7-9,TRBJ2-1,ASSPDWNSADEQF,1
TRBV7-9,TRBJ2-1,ASSPDWPLFVHEQF,1
TRBV7-9,TRBJ2-1,ASSPDWPSYNEQF,1
TRBV7-9,TRBJ2-1,ASSPDWRAYNEQF,2
TRBV7-9,TRBJ2-1,ASSPDWREMDNEQF,8
TRBV7-9,TRBJ2-1,ASSPDWREVGEQF,2
TRBV7-9,TRBJ2-1,ASSPDWRGAYNEQF,1
TRBV7-9,TRBJ2-1,ASSPDWRGNEQF,1
TRBV7-9,TRBJ2-1,ASSPDWSDEQF,1
TRBV7-9,TRBJ2-1,ASSPDWSFDNEQF,1
TRBV7-9,TRBJ2-1,ASSPDWSGDEQF,1
TRBV7-9,TRBJ2-1,ASSPDWSGKEQF,1
TRBV7-9,TRBJ2-1,ASSPDWSGNEQF,14
TRBV7-9,TRBJ2-1,ASSPDWSNEQF,13
TRBV7-9,TRBJ2-1,ASSPDWSRSGRAQDEQF,1
TRBV7-9,TRBJ2-1,ASSPDWSSYNEQF,2
TRBV7-9,TRBJ2-1,ASSPDWSTNYNEQF,1
TRBV7-9,TRBJ2-1,ASSPDWSYNEQF,11
TRBV7-9,TRBJ2-1,ASSPDWTDTYNEQF,1
TRBV7-9,TRBJ2-1,ASSPDWTGNEQF,11
TRBV7-9,TRBJ2-1,ASSPDWTGYNEQF,1
TRBV7-9,TRBJ2-1,ASSPDWTKNEQC,1
TRBV7-9,TRBJ2-1,ASSPDWTKNEQF,11
TRBV7-9,TRBJ2-1,ASSPDWTYNEQF,1
TRBV7-9,TRBJ2-1,ASSPDWVNEQF,2
TRBV7-9,TRBJ2-1,ASSPDWVPENNEQF,1
TRBV7-9,TRBJ2-1,ASSPDWVYEQF,1
TRBV7-9,TRBJ2-1,ASSPDWYNEQF,1
TRBV7-9,TRBJ2-1,ASSPDWYPNEQF,1
TRBV7-9,TRBJ2-1,ASSPDYADRVHEQF,1
TRBV7-9,TRBJ2-1,ASSPDYASYNEQF,1
TRBV7-9,TRBJ2-1,ASSPDYDEQF,9
TRBV7-9,TRBJ2-1,ASSPDYDEQV,1
TRBV7-9,TRBJ2-1,ASSPDYDNEQF,1
TRBV7-9,TRBJ2-1,ASSPDYEQF,12
TRBV7-9,TRBJ2-1,ASSPDYERERRNEQF,1
TRBV7-9,TRBJ2-1,ASSPDYGAYNEQF,1
TRBV7-9,TRBJ2-1,ASSPDYGGGYNEQF,1
TRBV7-9,TRBJ2-1,ASSPDYGLNNEQF,1
TRBV7-9,TRBJ2-1,ASSPDYGRVGSSYNEQF,1
TRBV7-9,TRBJ2-1,ASSPDYGTYNEQF,1
TRBV7-9,TRBJ2-1,ASSPDYGYSYNEQF,5
TRBV7-9,TRBJ2-1,ASSPDYHAYNEQF,1
TRBV7-9,TRBJ2-1,ASSPDYHEQF,2
TRBV7-9,TRBJ2-1,ASSPDYHNEQF,2
TRBV7-9,TRBJ2-1,ASSPDYIEYNEQF,1
TRBV7-9,TRBJ2-1,ASSPDYINEQF,6
TRBV7-9,TRBJ2-1,ASSPDYISEQF,2
TRBV7-9,TRBJ2-1,ASSPDYIYNEQF,1
TRBV7-9,TRBJ2-1,ASSPDYKEQF,6
TRBV7-9,TRBJ2-1,ASSPDYLDEQF,1
TRBV7-9,TRBJ2-1,ASSPDYLDNEQF,1
TRBV7-9,TRBJ2-1,ASSPDYLGDEQF,4
TRBV7-9,TRBJ2-1,ASSPDYLKEQF,1
TRBV7-9,TRBJ2-1,ASSPDYLNAQF,1
TRBV7-9,TRBJ2-1,ASSPDYLNEQF,6
TRBV7-9,TRBJ2-1,ASSPDYLNNEQF,1
TRBV7-9,TRBJ2-1,ASSPDYLSRAEQF,17
TRBV7-9,TRBJ2-1,ASSPDYNAQF,5
TRBV7-9,TRBJ2-1,ASSPDYNDQF,4
TRBV7-9,TRBJ2-1,ASSPDYNEHF,1
TRBV7-9,TRBJ2-1,ASSPDYNEKF,1
TRBV7-9,TRBJ2-1,ASSPDYNELF,1
TRBV7-9,TRBJ2-1,ASSPDYNEPF,1
TRBV7-9,TRBJ2-1,ASSPDYNEQC,3
TRBV7-9,TRBJ2-1,ASSPDYNEQF,569
TRBV7-9,TRBJ2-1,ASSPDYNEQL,2
TRBV7-9,TRBJ2-1,ASSPDYNEQV,2
TRBV7-9,TRBJ2-1,ASSPDYNNEQF,5
TRBV7-9,TRBJ2-1,ASSPDYNQQF,1
TRBV7-9,TRBJ2-1,ASSPDYNVQF,1
TRBV7-9,TRBJ2-1,ASSPDYNYNEQF,1
TRBV7-9,TRBJ2-1,ASSPDYPRYEQF,1
TRBV7-9,TRBJ2-1,ASSPDYPVYNEQF,1
TRBV7-9,TRBJ2-1,ASSPDYQQF,11
TRBV7-9,TRBJ2-1,ASSPDYRDGGF,9
TRBV7-9,TRBJ2-1,ASSPDYRNEQF,11
TRBV7-9,TRBJ2-1,ASSPDYRNYNEQF,1
TRBV7-9,TRBJ2-1,ASSPDYSEQF,4
TRBV7-9,TRBJ2-1,ASSPDYSGYNEQF,1
TRBV7-9,TRBJ2-1,ASSPDYSPHNEQF,11
TRBV7-9,TRBJ2-1,ASSPDYSSYNEQF,1
TRBV7-9,TRBJ2-1,ASSPDYSYNEQF,4
TRBV7-9,TRBJ2-1,ASSPDYTEQC,1
TRBV7-9,TRBJ2-1,ASSPDYTEQF,3
TRBV7-9,TRBJ2-1,ASSPDYYEQF,1
TRBV7-9,TRBJ2-1,ASSPDYYNEQF,10
TRBV7-9,TRBJ2-1,ASSPDYYNGQF,1
TRBV7-9,TRBJ2-1,ASSPEAADYNEQF,1
TRBV7-9,TRBJ2-1,ASSPEAAIAGVSYNEQF,4
TRBV7-9,TRBJ2-1,ASSPEAALNEQF,1
TRBV7-9,TRBJ2-1,ASSPEAAPNEQL,2
TRBV7-9,TRBJ2-1,ASSPEAASWYEQF,1
TRBV7-9,TRBJ2-1,ASSPEAASYNEQF,15
TRBV7-9,TRBJ2-1,ASSPEAAWGYNEQF,1
TRBV7-9,TRBJ2-1,ASSPEAAYNEQF,8
TRBV7-9,TRBJ2-1,ASSPEADEQF,14
TRBV7-9,TRBJ2-1,ASSPEADNEQF,3
TRBV7-9,TRBJ2-1,ASSPEAEGNEQF,1
TRBV7-9,TRBJ2-1,ASSPEAESYNEQF,1
TRBV7-9,TRBJ2-1,ASSPEAFEGKNEQF,1
TRBV7-9,TRBJ2-1,ASSPEAGANEQF,1
TRBV7-9,TRBJ2-1,ASSPEAGASYNEQF,8
TRBV7-9,TRBJ2-1,ASSPEAGDYNEQF,1
TRBV7-9,TRBJ2-1,ASSPEAGEDNEQF,1
TRBV7-9,TRBJ2-1,ASSPEAGEQF,5
TRBV7-9,TRBJ2-1,ASSPEAGERSYNEQF,1
TRBV7-9,TRBJ2-1,ASSPEAGESYNEQF,1
TRBV7-9,TRBJ2-1,ASSPEAGFPYNEQF,8
TRBV7-9,TRBJ2-1,ASSPEAGGFNEQF,1
TRBV7-9,TRBJ2-1,ASSPEAGGLNEQF,1
TRBV7-9,TRBJ2-1,ASSPEAGGLPRVDEQF,1
TRBV7-9,TRBJ2-1,ASSPEAGGNEQF,3
TRBV7-9,TRBJ2-1,ASSPEAGGPGDEQC,2
TRBV7-9,TRBJ2-1,ASSPEAGGPGDEQF,6
TRBV7-9,TRBJ2-1,ASSPEAGGPGNEQF,1
TRBV7-9,TRBJ2-1,ASSPEAGGPHNEQF,3
TRBV7-9,TRBJ2-1,ASSPEAGGPYNEQF,1
TRBV7-9,TRBJ2-1,ASSPEAGGRGDEQF,2
TRBV7-9,TRBJ2-1,ASSPEAGGSYNEQF,1
TRBV7-9,TRBJ2-1,ASSPEAGGYNEQF,6
TRBV7-9,TRBJ2-1,ASSPEAGIYNEQF,1
TRBV7-9,TRBJ2-1,ASSPEAGKAYNELF,1
TRBV7-9,TRBJ2-1,ASSPEAGKAYNEQF,6
TRBV7-9,TRBJ2-1,ASSPEAGLAGDEQF,1
TRBV7-9,TRBJ2-1,ASSPEAGLAGEQF,1
TRBV7-9,TRBJ2-1,ASSPEAGLAGGGSNEQF,4
TRBV7-9,TRBJ2-1,ASSPEAGLVAGNEQF,1
TRBV7-9,TRBJ2-1,ASSPEAGNYNEQF,1
TRBV7-9,TRBJ2-1,ASSPEAGPPRNEQF,1
TRBV7-9,TRBJ2-1,ASSPEAGPTYNEQF,1
TRBV7-9,TRBJ2-1,ASSPEAGQGLYNEQF,1
TRBV7-9,TRBJ2-1,ASSPEAGRGAYNEQF,1
TRBV7-9,TRBJ2-1,ASSPEAGRGYNEQF,1
TRBV7-9,TRBJ2-1,ASSPEAGRNEQF,1
TRBV7-9,TRBJ2-1,ASSPEAGRSYNEQF,1
TRBV7-9,TRBJ2-1,ASSPEAGRTYNEQF,10
TRBV7-9,TRBJ2-1,ASSPEAGSGNNEQF,1
TRBV7-9,TRBJ2-1,ASSPEAGSGYEQF,1
TRBV7-9,TRBJ2-1,ASSPEAGSLGGNEQF,1
TRBV7-9,TRBJ2-1,ASSPEAGTGPYNEQF,1
TRBV7-9,TRBJ2-1,ASSPEAGTRFNEQF,1
TRBV7-9,TRBJ2-1,ASSPEAGTSGNNEQF,1
TRBV7-9,TRBJ2-1,ASSPEAGVDYNEQF,1
TRBV7-9,TRBJ2-1,ASSPEAGVGYNEQF,7
TRBV7-9,TRBJ2-1,ASSPEAGVHNEQF,1
TRBV7-9,TRBJ2-1,ASSPEAGVNEQF,1
TRBV7-9,TRBJ2-1,ASSPEAGVSYNEQF,7
TRBV7-9,TRBJ2-1,ASSPEAGVYNEQF,1
TRBV7-9,TRBJ2-1,ASSPEAGYKNEQF,1
TRBV7-9,TRBJ2-1,ASSPEAGYNEQF,8
TRBV7-9,TRBJ2-1,ASSPEAHNEQF,10
TRBV7-9,TRBJ2-1,ASSPEAHYNEQF,1
TRBV7-9,TRBJ2-1,ASSPEAINEQF,6
TRBV7-9,TRBJ2-1,ASSPEANEQC,1
TRBV7-9,TRBJ2-1,ASSPEANEQF,24
TRBV7-9,TRBJ2-1,ASSPEANQVNEQF,1
TRBV7-9,TRBJ2-1,ASSPEANYNEQF,7
TRBV7-9,TRBJ2-1,ASSPEANYNEQL,1
TRBV7-9,TRBJ2-1,ASSPEAPEQF,10
TRBV7-9,TRBJ2-1,ASSPEAPNEQF,1
TRBV7-9,TRBJ2-1,ASSPEAPVNEQF,7
TRBV7-9,TRBJ2-1,ASSPEAPVNEQS,2
TRBV7-9,TRBJ2-1,ASSPEAQDEQF,1
TRBV7-9,TRBJ2-1,ASSPEAQWDEQF,1
TRBV7-9,TRBJ2-1,ASSPEARIDEQF,1
TRBV7-9,TRBJ2-1,ASSPEARSYNEQF,1
TRBV7-9,TRBJ2-1,ASSPEARTGEDNEQF,1
TRBV7-9,TRBJ2-1,ASSPEASAHEQF,1
TRBV7-9,TRBJ2-1,ASSPEASEYNEQF,10
TRBV7-9,TRBJ2-1,ASSPEASGKF,1
TRBV7-9,TRBJ2-1,ASSPEASGNEQF,1
TRBV7-9,TRBJ2-1,ASSPEASGNYNEQF,12
TRBV7-9,TRBJ2-1,ASSPEASGRANEQF,1
TRBV7-9,TRBJ2-1,ASSPEASGREYNEQF,5
TRBV7-9,TRBJ2-1,ASSPEASGRNEQF,1
TRBV7-9,TRBJ2-1,ASSPEASGRSYNEQF,1
TRBV7-9,TRBJ2-1,ASSPEASGRYNEQF,1
TRBV7-9,TRBJ2-1,ASSPEASGVHQTYNEQF,1
TRBV7-9,TRBJ2-1,ASSPEASLDSRDNEQF,1
TRBV7-9,TRBJ2-1,ASSPEASNEQF,2
TRBV7-9,TRBJ2-1,ASSPEASSSYNEQF,1
TRBV7-9,TRBJ2-1,ASSPEASYNEQF,1
TRBV7-9,TRBJ2-1,ASSPEASYSYNEQF,1
TRBV7-9,TRBJ2-1,ASSPEATREYNEQF,1
TRBV7-9,TRBJ2-1,ASSPEATSSYNEQF,1
TRBV7-9,TRBJ2-1,ASSPEAVRLARDNEQF,1
TRBV7-9,TRBJ2-1,ASSPEAVYNEQF,1
TRBV7-9,TRBJ2-1,ASSPEAYKEQF,1
TRBV7-9,TRBJ2-1,ASSPEAYLAVNNEQF,1
TRBV7-9,TRBJ2-1,ASSPEAYNDQF,2
TRBV7-9,TRBJ2-1,ASSPEAYNEHF,2
TRBV7-9,TRBJ2-1,ASSPEAYNEQC,1
TRBV7-9,TRBJ2-1,ASSPEAYNEQF,89
TRBV7-9,TRBJ2-1,ASSPEAYWVSNEPF,1
TRBV7-9,TRBJ2-1,ASSPEAYWVSNEQF,8
TRBV7-9,TRBJ2-1,ASSPECAGNYNEQF,1
TRBV7-9,TRBJ2-1,ASSPECRGYNEQF,1
TRBV7-9,TRBJ2-1,ASSPEDEQF,2
TRBV7-9,TRBJ2-1,ASSPEDFDEQF,1
TRBV7-9,TRBJ2-1,ASSPEDGLYYNEQF,1
TRBV7-9,TRBJ2-1,ASSPEDGNEQF,1
TRBV7-9,TRBJ2-1,ASSPEDGSGLAGGNEQF,1
TRBV7-9,TRBJ2-1,ASSPEDGSWGYNEQF,3
TRBV7-9,TRBJ2-1,ASSPEDGTGWYNEQF,1
TRBV7-9,TRBJ2-1,ASSPEDGYNEQF,1
TRBV7-9,TRBJ2-1,ASSPEDLAGYNEQF,1
TRBV7-9,TRBJ2-1,ASSPEDLRNEQF,1
TRBV7-9,TRBJ2-1,ASSPEDNEQF,2
TRBV7-9,TRBJ2-1,ASSPEDPLAGGYNEQF,1
TRBV7-9,TRBJ2-1,ASSPEDRAGYNEQF,1
TRBV7-9,TRBJ2-1,ASSPEDRATYNEQF,1
TRBV7-9,TRBJ2-1,ASSPEDRAWGKSNDQF,1
TRBV7-9,TRBJ2-1,ASSPEDRAWGKSNEQF,9
TRBV7-9,TRBJ2-1,ASSPEDRAYNEQF,1
TRBV7-9,TRBJ2-1,ASSPEDRDFYEQF,1
TRBV7-9,TRBJ2-1,ASSPEDREDEQF,1
TRBV7-9,TRBJ2-1,ASSPEDREEYNEQF,11
TRBV7-9,TRBJ2-1,ASSPEDRGENEQF,1
TRBV7-9,TRBJ2-1,ASSPEDRGGNAQF,2
TRBV7-9,TRBJ2-1,ASSPEDRGGNEQF,5
TRBV7-9,TRBJ2-1,ASSPEDRGHEQF,1
TRBV7-9,TRBJ2-1,ASSPEDRGHNEQF,5
TRBV7-9,TRBJ2-1,ASSPEDRGLYNEQF,1
TRBV7-9,TRBJ2-1,ASSPEDRGMDEQF,1
TRBV7-9,TRBJ2-1,ASSPEDRGNEQF,1
TRBV7-9,TRBJ2-1,ASSPEDRGVS,5
TRBV7-9,TRBJ2-1,ASSPEDRGYEQF,1
TRBV7-9,TRBJ2-1,ASSPEDRGYNEQF,1
TRBV7-9,TRBJ2-1,ASSPEDRLEQF,8
TRBV7-9,TRBJ2-1,ASSPEDRNEQF,1
TRBV7-9,TRBJ2-1,ASSPEDRPDEQF,1
TRBV7-9,TRBJ2-1,ASSPEDRPMDEQF,6
TRBV7-9,TRBJ2-1,ASSPEDRPPYNEQF,1
TRBV7-9,TRBJ2-1,ASSPEDRPYNEQF,1
TRBV7-9,TRBJ2-1,ASSPEDRTYNEQF,7
TRBV7-9,TRBJ2-1,ASSPEDRVDEQF,1
TRBV7-9,TRBJ2-1,ASSPEDRVGNEQF,1
TRBV7-9,TRBJ2-1,ASSPEDSGSFHNEQF,1
TRBV7-9,TRBJ2-1,ASSPEDSNEQF,1
TRBV7-9,TRBJ2-1,ASSPEDSNNEQF,2
TRBV7-9,TRBJ2-1,ASSPEDSYNEQF,8
TRBV7-9,TRBJ2-1,ASSPEDTEQF,1
TRBV7-9,TRBJ2-1,ASSPEDTQDYNEQF,1
TRBV7-9,TRBJ2-1,ASSPEDVDEQF,3
TRBV7-9,TRBJ2-1,ASSPEDVSNEQF,2
TRBV7-9,TRBJ2-1,ASSPEDWEQGNEQF,1
TRBV7-9,TRBJ2-1,ASSPEDYNEQF,15
TRBV7-9,TRBJ2-1,ASSPEEAHNEQF,1
TRBV7-9,TRBJ2-1,ASSPEEARYNEQF,1
TRBV7-9,TRBJ2-1,ASSPEEENEQF,7
TRBV7-9,TRBJ2-1,ASSPEEGASSGRWYEQF,1
TRBV7-9,TRBJ2-1,ASSPEEGDSYNEQF,1
TRBV7-9,TRBJ2-1,ASSPEEGLNEQF,1
TRBV7-9,TRBJ2-1,ASSPEEGLTSDKIHEQF,1
TRBV7-9,TRBJ2-1,ASSPEEGLTYNEQF,1
TRBV7-9,TRBJ2-1,ASSPEEGLYNEQF,2
TRBV7-9,TRBJ2-1,ASSPEEGNRLSYNEQF,1
TRBV7-9,TRBJ2-1,ASSPEEGPSYNEQF,1
TRBV7-9,TRBJ2-1,ASSPEEGPYNEQF,3
TRBV7-9,TRBJ2-1,ASSPEEGQPYNEQF,1
TRBV7-9,TRBJ2-1,ASSPEEGRRGEQF,7
TRBV7-9,TRBJ2-1,ASSPEEGRRGEQS,1
TRBV7-9,TRBJ2-1,ASSPEEGSSYNELF,1
TRBV7-9,TRBJ2-1,ASSPEEGSSYNEQF,1
TRBV7-9,TRBJ2-1,ASSPEEGSYNEQF,1
TRBV7-9,TRBJ2-1,ASSPEEGVNEQF,1
TRBV7-9,TRBJ2-1,ASSPEEGYTIWEQF,9
TRBV7-9,TRBJ2-1,ASSPEEHNEQF,1
TRBV7-9,TRBJ2-1,ASSPEEIYANEQF,1
TRBV7-9,TRBJ2-1,ASSPEELNEQF,4
TRBV7-9,TRBJ2-1,ASSPEENDHF,1
TRBV7-9,TRBJ2-1,ASSPEENEQF,3
TRBV7-9,TRBJ2-1,ASSPEENSNEQF,1
TRBV7-9,TRBJ2-1,ASSPEEQF,7
TRBV7-9,TRBJ2-1,ASSPEEREDNEQF,12
TRBV7-9,TRBJ2-1,ASSPEEREGYEQF,10
TRBV7-9,TRBJ2-1,ASSPEERGNEQF,7
TRBV7-9,TRBJ2-1,ASSPEERGVNEQF,1
TRBV7-9,TRBJ2-1,ASSPEERPYNEQF,2
TRBV7-9,TRBJ2-1,ASSPEESRNEQF,1
TRBV7-9,TRBJ2-1,ASSPEESSYNEQF,14
TRBV7-9,TRBJ2-1,ASSPEESYNEQF,19
TRBV7-9,TRBJ2-1,ASSPEETQFYNEQF,1
TRBV7-9,TRBJ2-1,ASSPEEWKVDEQF,1
TRBV7-9,TRBJ2-1,ASSPEEYNEQF,5
TRBV7-9,TRBJ2-1,ASSPEF,16
TRBV7-9,TRBJ2-1,ASSPEFAYNEQF,1
TRBV7-9,TRBJ2-1,ASSPEFDEQF,1
TRBV7-9,TRBJ2-1,ASSPEFETPRRYNEQF,1
TRBV7-9,TRBJ2-1,ASSPEFGTSGLNNEQF,1
TRBV7-9,TRBJ2-1,ASSPEFKGRRDSYNEQF,1
TRBV7-9,TRBJ2-1,ASSPEFLAGTVEQF,8
TRBV7-9,TRBJ2-1,ASSPEFLAVTVEQF,2
TRBV7-9,TRBJ2-1,ASSPEFPLNEQF,1
TRBV7-9,TRBJ2-1,ASSPEFSASYNEQF,19
TRBV7-9,TRBJ2-1,ASSPEFSGGSYNEQF,1
TRBV7-9,TRBJ2-1,ASSPEFSGRSHSYNEQF,1
TRBV7-9,TRBJ2-1,ASSPEFTGTGLNEQF,6
TRBV7-9,TRBJ2-1,ASSPEFWSSYNEQF,1
TRBV7-9,TRBJ2-1,ASSPEGAANEQF,5
TRBV7-9,TRBJ2-1,ASSPEGAAQWNEQF,1
TRBV7-9,TRBJ2-1,ASSPEGAAYVYNEQF,1
TRBV7-9,TRBJ2-1,ASSPEGAEDYNEQF,1
TRBV7-9,TRBJ2-1,ASSPEGAFVNEQF,1
TRBV7-9,TRBJ2-1,ASSPEGAGASYNEQF,1
TRBV7-9,TRBJ2-1,ASSPEGAGFYNEQF,1
TRBV7-9,TRBJ2-1,ASSPEGAGGDEQF,1
TRBV7-9,TRBJ2-1,ASSPEGAGGGNEQF,1
TRBV7-9,TRBJ2-1,ASSPEGAGGYEQF,22
TRBV7-9,TRBJ2-1,ASSPEGAGNEQF,7
TRBV7-9,TRBJ2-1,ASSPEGAGSYNEQF,1
TRBV7-9,TRBJ2-1,ASSPEGAGTYNEQF,1
TRBV7-9,TRBJ2-1,ASSPEGAGYNEQF,2
TRBV7-9,TRBJ2-1,ASSPEGAHKYEQF,1
TRBV7-9,TRBJ2-1,ASSPEGAIHGSTYNEQF,1
TRBV7-9,TRBJ2-1,ASSPEGAIYNEQF,4
TRBV7-9,TRBJ2-1,ASSPEGALYNEQF,1
TRBV7-9,TRBJ2-1,ASSPEGANEQF,1
TRBV7-9,TRBJ2-1,ASSPEGANHYNEQF,1
TRBV7-9,TRBJ2-1,ASSPEGANNEQF,1
TRBV7-9,TRBJ2-1,ASSPEGAPANEQF,1
TRBV7-9,TRBJ2-1,ASSPEGAQGLARNEQF,1
TRBV7-9,TRBJ2-1,ASSPEGAQYDEQF,2
TRBV7-9,TRBJ2-1,ASSPEGARVYNEQF,5
TRBV7-9,TRBJ2-1,ASSPEGASGNNEQF,1
TRBV7-9,TRBJ2-1,ASSPEGASYNEQF,19
TRBV7-9,TRBJ2-1,ASSPEGATLNEQF,1
TRBV7-9,TRBJ2-1,ASSPEGATYNEQF,1
TRBV7-9,TRBJ2-1,ASSPEGAVNEQF,1
TRBV7-9,TRBJ2-1,ASSPEGAVNNEQF,2
TRBV7-9,TRBJ2-1,ASSPEGAWGSYNEQF,9
TRBV7-9,TRBJ2-1,ASSPEGAYNEQF,34
TRBV7-9,TRBJ2-1,ASSPEGAYTYNEQF,1
TRBV7-9,TRBJ2-1,ASSPEGDEQF,18
TRBV7-9,TRBJ2-1,ASSPEGDFFYNEQF,1
TRBV7-9,TRBJ2-1,ASSPEGDGHEQF,4
TRBV7-9,TRBJ2-1,ASSPEGDGSYNEQF,1
TRBV7-9,TRBJ2-1,ASSPEGDNEQF,4
TRBV7-9,TRBJ2-1,ASSPEGDRAEQF,1
TRBV7-9,TRBJ2-1,ASSPEGDRGHEQF,1
TRBV7-9,TRBJ2-1,ASSPEGDRGRDEQF,1
TRBV7-9,TRBJ2-1,ASSPEGEARNEQF,1
TRBV7-9,TRBJ2-1,ASSPEGEGAVEQF,4
TRBV7-9,TRBJ2-1,ASSPEGEGVYNEQF,2
TRBV7-9,TRBJ2-1,ASSPEGEPYNEQF,5
TRBV7-9,TRBJ2-1,ASSPEGEQF,14
TRBV7-9,TRBJ2-1,ASSPEGERGEQF,4
TRBV7-9,TRBJ2-1,ASSPEGFNEQF,1
TRBV7-9,TRBJ2-1,ASSPEGFYNEQF,10
TRBV7-9,TRBJ2-1,ASSPEGGALYNEQF,1
TRBV7-9,TRBJ2-1,ASSPEGGASGSRRGEQF,3
TRBV7-9,TRBJ2-1,ASSPEGGASYNEQF,10
TRBV7-9,TRBJ2-1,ASSPEGGAYNEQF,1
TRBV7-9,TRBJ2-1,ASSPEGGDEQC,1
TRBV7-9,TRBJ2-1,ASSPEGGDEQF,24
TRBV7-9,TRBJ2-1,ASSPEGGDGQF,1
TRBV7-9,TRBJ2-1,ASSPEGGDIDEQF,1
TRBV7-9,TRBJ2-1,ASSPEGGDNEQF,1
TRBV7-9,TRBJ2-1,ASSPEGGDNYNEQF,1
TRBV7-9,TRBJ2-1,ASSPEGGEGYNEQC,2
TRBV7-9,TRBJ2-1,ASSPEGGEGYNEQF,5
TRBV7-9,TRBJ2-1,ASSPEGGENEQF,1
TRBV7-9,TRBJ2-1,ASSPEGGEYNEQF,1
TRBV7-9,TRBJ2-1,ASSPEGGFSYNEQF,1
TRBV7-9,TRBJ2-1,ASSPEGGFYNEQF,2
TRBV7-9,TRBJ2-1,ASSPEGGGDEQF,9
TRBV7-9,TRBJ2-1,ASSPEGGGFYNEQF,7
TRBV7-9,TRBJ2-1,ASSPEGGGNEQF,1
TRBV7-9,TRBJ2-1,ASSPEGGGNYNEQF,1
TRBV7-9,TRBJ2-1,ASSPEGGGRNYNEQF,1
TRBV7-9,TRBJ2-1,ASSPEGGGRTWNEQF,1
TRBV7-9,TRBJ2-1,ASSPEGGGSYNEQF,1
TRBV7-9,TRBJ2-1,ASSPEGGGYNEQF,7
TRBV7-9,TRBJ2-1,ASSPEGGIGGDEQF,3
TRBV7-9,TRBJ2-1,ASSPEGGIGYNEQF,1
TRBV7-9,TRBJ2-1,ASSPEGGLAAYNEQF,1
TRBV7-9,TRBJ2-1,ASSPEGGLAGDEQF,1
TRBV7-9,TRBJ2-1,ASSPEGGLAGEQF,17
TRBV7-9,TRBJ2-1,ASSPEGGLAGGSSYNEQF,1
TRBV7-9,TRBJ2-1,ASSPEGGLAGSSYNEQF,1
TRBV7-9,TRBJ2-1,ASSPEGGLAGVYSYNEQF,17
TRBV7-9,TRBJ2-1,ASSPEGGLAWEQF,1
TRBV7-9,TRBJ2-1,ASSPEGGLDEQF,1
TRBV7-9,TRBJ2-1,ASSPEGGLGGTHNEQF,1
TRBV7-9,TRBJ2-1,ASSPEGGLLVGNEQF,6
TRBV7-9,TRBJ2-1,ASSPEGGLSCYNEQF,1
TRBV7-9,TRBJ2-1,ASSPEGGLSNEQF,2
TRBV7-9,TRBJ2-1,ASSPEGGLSNKQF,1
TRBV7-9,TRBJ2-1,ASSPEGGLSSYNEQF,2
TRBV7-9,TRBJ2-1,ASSPEGGLSYNEQF,1
TRBV7-9,TRBJ2-1,ASSPEGGLTYNEQF,1
TRBV7-9,TRBJ2-1,ASSPEGGNEQF,22
TRBV7-9,TRBJ2-1,ASSPEGGNGPF,1
TRBV7-9,TRBJ2-1,ASSPEGGNNEQF,1
TRBV7-9,TRBJ2-1,ASSPEGGPDNEQF,9
TRBV7-9,TRBJ2-1,ASSPEGGPEHEQF,1
TRBV7-9,TRBJ2-1,ASSPEGGPENELF,1
TRBV7-9,TRBJ2-1,ASSPEGGPENEQF,16
TRBV7-9,TRBJ2-1,ASSPEGGPETEQF,1
TRBV7-9,TRBJ2-1,ASSPEGGPSRDEQF,1
TRBV7-9,TRBJ2-1,ASSPEGGPSSYNEQF,1
TRBV7-9,TRBJ2-1,ASSPEGGPWDEQF,1
TRBV7-9,TRBJ2-1,ASSPEGGPYNEQF,9
TRBV7-9,TRBJ2-1,ASSPEGGQYNEQF,1
TRBV7-9,TRBJ2-1,ASSPEGGRADEQF,1
TRBV7-9,TRBJ2-1,ASSPEGGRASYNEQF,1
TRBV7-9,TRBJ2-1,ASSPEGGRAYNEQF,3
TRBV7-9,TRBJ2-1,ASSPEGGRDNEQF,3
TRBV7-9,TRBJ2-1,ASSPEGGRGNEQC,1
TRBV7-9,TRBJ2-1,ASSPEGGRGNEQF,13
TRBV7-9,TRBJ2-1,ASSPEGGRGRRDEQF,1
TRBV7-9,TRBJ2-1,ASSPEGGRHNEQF,8
TRBV7-9,TRBJ2-1,ASSPEGGRNEQF,3
TRBV7-9,TRBJ2-1,ASSPEGGRNNEQF,1
TRBV7-9,TRBJ2-1,ASSPEGGRRHYYNEQF,1
TRBV7-9,TRBJ2-1,ASSPEGGRRSYNEQF,6
TRBV7-9,TRBJ2-1,ASSPEGGRSSYNEQF,1
TRBV7-9,TRBJ2-1,ASSPEGGRSYNEQF,2
TRBV7-9,TRBJ2-1,ASSPEGGRTPNYNEQF,1
TRBV7-9,TRBJ2-1,ASSPEGGRYNEQF,2
TRBV7-9,TRBJ2-1,ASSPEGGSLSSYNEQF,1
TRBV7-9,TRBJ2-1,ASSPEGGSRYNEQF,1
TRBV7-9,TRBJ2-1,ASSPEGGSSYNEQF,26
TRBV7-9,TRBJ2-1,ASSPEGGSSYSEQF,1
TRBV7-9,TRBJ2-1,ASSPEGGSYNEQF,7
TRBV7-9,TRBJ2-1,ASSPEGGTRMNEQF,1
TRBV7-9,TRBJ2-1,ASSPEGGTRYNEQF,1
TRBV7-9,TRBJ2-1,ASSPEGGTSSYNEQF,1
TRBV7-9,TRBJ2-1,ASSPEGGTTYNEQF,1
TRBV7-9,TRBJ2-1,ASSPEGGTWF,1
TRBV7-9,TRBJ2-1,ASSPEGGTYNEQF,2
TRBV7-9,TRBJ2-1,ASSPEGGVNNEQF,1
TRBV7-9,TRBJ2-1,ASSPEGGVPGHNEQF,1
TRBV7-9,TRBJ2-1,ASSPEGGYDQF,1
TRBV7-9,TRBJ2-1,ASSPEGGYEQF,17
TRBV7-9,TRBJ2-1,ASSPEGHAGDYNEQF,1
TRBV7-9,TRBJ2-1,ASSPEGHEQF,15
TRBV7-9,TRBJ2-1,ASSPEGHIYEQF,1
TRBV7-9,TRBJ2-1,ASSPEGHPTYNEQF,4
TRBV7-9,TRBJ2-1,ASSPEGHTNEQF,1
TRBV7-9,TRBJ2-1,ASSPEGIAGGINEQF,1
TRBV7-9,TRBJ2-1,ASSPEGIGDNEQF,3
TRBV7-9,TRBJ2-1,ASSPEGINNEQF,2
TRBV7-9,TRBJ2-1,ASSPEGISYNEQF,1
TRBV7-9,TRBJ2-1,ASSPEGIVAGEQF,15
TRBV7-9,TRBJ2-1,ASSPEGIVAGEQV,1
TRBV7-9,TRBJ2-1,ASSPEGIYNEHF,1
TRBV7-9,TRBJ2-1,ASSPEGIYNEQF,8
TRBV7-9,TRBJ2-1,ASSPEGKEQF,1
TRBV7-9,TRBJ2-1,ASSPEGKGRTYNEQF,1
TRBV7-9,TRBJ2-1,ASSPEGKNEQF,1
TRBV7-9,TRBJ2-1,ASSPEGKPPHEQF,1
TRBV7-9,TRBJ2-1,ASSPEGKRPHEQF,1
TRBV7-9,TRBJ2-1,ASSPEGKRPYNEQF,1
TRBV7-9,TRBJ2-1,ASSPEGKSYNEQF,1
TRBV7-9,TRBJ2-1,ASSPEGKYNEQF,8
TRBV7-9,TRBJ2-1,ASSPEGLAAYNEQF,4
TRBV7-9,TRBJ2-1,ASSPEGLAEQF,4
TRBV7-9,TRBJ2-1,ASSPEGLAEYNEQF,1
TRBV7-9,TRBJ2-1,ASSPEGLAGDYNEQF,10
TRBV7-9,TRBJ2-1,ASSPEGLAGEENEQF,1
TRBV7-9,TRBJ2-1,ASSPEGLAGEEQF,2
TRBV7-9,TRBJ2-1,ASSPEGLAGGGYNEQF,1
TRBV7-9,TRBJ2-1,ASSPEGLAGGNEQF,1
TRBV7-9,TRBJ2-1,ASSPEGLAGGPFYNEQF,1
TRBV7-9,TRBJ2-1,ASSPEGLAGGPGNEQF,1
TRBV7-9,TRBJ2-1,ASSPEGLAGNEQF,11
TRBV7-9,TRBJ2-1,ASSPEGLAGPNEQF,1
TRBV7-9,TRBJ2-1,ASSPEGLAGPTSWDEQF,1
TRBV7-9,TRBJ2-1,ASSPEGLAGS,3
TRBV7-9,TRBJ2-1,ASSPEGLAGSSYNEQF,1
TRBV7-9,TRBJ2-1,ASSPEGLAGTSYNEQF,1
TRBV7-9,TRBJ2-1,ASSPEGLAGVNEQF,1
TRBV7-9,TRBJ2-1,ASSPEGLAGVRNEQF,1
TRBV7-9,TRBJ2-1,ASSPEGLAGYLSNNEQF,1
TRBV7-9,TRBJ2-1,ASSPEGLAGYNEQF,6
TRBV7-9,TRBJ2-1,ASSPEGLALLYNEQF,4
TRBV7-9,TRBJ2-1,ASSPEGLALSNEQF,1
TRBV7-9,TRBJ2-1,ASSPEGLAMGNEQF,1
TRBV7-9,TRBJ2-1,ASSPEGLASYNEQF,1
TRBV7-9,TRBJ2-1,ASSPEGLAVYNEQF,6
TRBV7-9,TRBJ2-1,ASSPEGLAYEQF,11
TRBV7-9,TRBJ2-1,ASSPEGLDEQF,1
TRBV7-9,TRBJ2-1,ASSPEGLEQF,1
TRBV7-9,TRBJ2-1,ASSPEGLEYNEQF,4
TRBV7-9,TRBJ2-1,ASSPEGLFYNEQF,1
TRBV7-9,TRBJ2-1,ASSPEGLGIYNEQF,1
TRBV7-9,TRBJ2-1,ASSPEGLGKGYNEQF,9
TRBV7-9,TRBJ2-1,ASSPEGLGNDQF,1
TRBV7-9,TRBJ2-1,ASSPEGLGNEQF,13
TRBV7-9,TRBJ2-1,ASSPEGLGPGYEQF,1
TRBV7-9,TRBJ2-1,ASSPEGLGPYNEQF,1
TRBV7-9,TRBJ2-1,ASSPEGLGQAGYNEQF,1
TRBV7-9,TRBJ2-1,ASSPEGLIAGAMGNEQF,1
TRBV7-9,TRBJ2-1,ASSPEGLKYYNEQF,4
TRBV7-9,TRBJ2-1,ASSPEGLPGDEQF,5
TRBV7-9,TRBJ2-1,ASSPEGLPNNEQF,1
TRBV7-9,TRBJ2-1,ASSPEGLSEQF,1
TRBV7-9,TRBJ2-1,ASSPEGLSGRNEQF,1
TRBV7-9,TRBJ2-1,ASSPEGLVYNEQF,1
TRBV7-9,TRBJ2-1,ASSPEGLYNEQF,11
TRBV7-9,TRBJ2-1,ASSPEGMGTGDNEQF,1
TRBV7-9,TRBJ2-1,ASSPEGNEQF,33
TRBV7-9,TRBJ2-1,ASSPEGNEQY,1
TRBV7-9,TRBJ2-1,ASSPEGNNEQF,14
TRBV7-9,TRBJ2-1,ASSPEGNRNEQF,1
TRBV7-9,TRBJ2-1,ASSPEGNSYNEQF,1
TRBV7-9,TRBJ2-1,ASSPEGNVQF,1
TRBV7-9,TRBJ2-1,ASSPEGNWEF,1
TRBV7-9,TRBJ2-1,ASSPEGNYEQF,1
TRBV7-9,TRBJ2-1,ASSPEGNYNEQF,2
TRBV7-9,TRBJ2-1,ASSPEGPFYNEQF,1
TRBV7-9,TRBJ2-1,ASSPEGPGAYNEQF,1
TRBV7-9,TRBJ2-1,ASSPEGPHNEQF,9
TRBV7-9,TRBJ2-1,ASSPEGPPYHEQF,1
TRBV7-9,TRBJ2-1,ASSPEGPRGNEQF,1
TRBV7-9,TRBJ2-1,ASSPEGPSSYNEQF,1
TRBV7-9,TRBJ2-1,ASSPEGPSYNEQC,1
TRBV7-9,TRBJ2-1,ASSPEGPSYNEQF,17
TRBV7-9,TRBJ2-1,ASSPEGPTEQF,3
TRBV7-9,TRBJ2-1,ASSPEGPTNEQF,1
TRBV7-9,TRBJ2-1,ASSPEGPYNEQC,1
TRBV7-9,TRBJ2-1,ASSPEGPYNEQF,12
TRBV7-9,TRBJ2-1,ASSPEGQAAPSYNEQF,1
TRBV7-9,TRBJ2-1,ASSPEGQAVGEQF,14
TRBV7-9,TRBJ2-1,ASSPEGQDEQF,1
TRBV7-9,TRBJ2-1,ASSPEGQDYNEQF,1
TRBV7-9,TRBJ2-1,ASSPEGQGAYNEQF,1
TRBV7-9,TRBJ2-1,ASSPEGQGFSYNEQF,11
TRBV7-9,TRBJ2-1,ASSPEGQGGSYNEQF,1
TRBV7-9,TRBJ2-1,ASSPEGQGKLASF,13
TRBV7-9,TRBJ2-1,ASSPEGQGSYNEQF,1
TRBV7-9,TRBJ2-1,ASSPEGQGTWNEQF,1
TRBV7-9,TRBJ2-1,ASSPEGQGYNEQF,1
TRBV7-9,TRBJ2-1,ASSPEGQGYSYNEQF,1
TRBV7-9,TRBJ2-1,ASSPEGQNYNEQF,4
TRBV7-9,TRBJ2-1,ASSPEGQPPNEQF,1
TRBV7-9,TRBJ2-1,ASSPEGQQYNEQF,1
TRBV7-9,TRBJ2-1,ASSPEGQRYNEQF,1
TRBV7-9,TRBJ2-1,ASSPEGQVAYNEQF,4
TRBV7-9,TRBJ2-1,ASSPEGQVHNEQF,5
TRBV7-9,TRBJ2-1,ASSPEGQVYEQF,1
TRBV7-9,TRBJ2-1,ASSPEGREPHEQF,1
TRBV7-9,TRBJ2-1,ASSPEGREQF,1
TRBV7-9,TRBJ2-1,ASSPEGRESGNEQF,1
TRBV7-9,TRBJ2-1,ASSPEGRGFYNEQF,1
TRBV7-9,TRBJ2-1,ASSPEGRGGNEQF,1
TRBV7-9,TRBJ2-1,ASSPEGRGLYNEQF,1
TRBV7-9,TRBJ2-1,ASSPEGRGNNEQF,1
TRBV7-9,TRBJ2-1,ASSPEGRGPLLSSYNEQF,15
TRBV7-9,TRBJ2-1,ASSPEGRGSDEQF,1
TRBV7-9,TRBJ2-1,ASSPEGRGSYNEQF,1
TRBV7-9,TRBJ2-1,ASSPEGRGTENEQF,1
TRBV7-9,TRBJ2-1,ASSPEGRGTNNEQF,13
TRBV7-9,TRBJ2-1,ASSPEGRGYNEKC,1
TRBV7-9,TRBJ2-1,ASSPEGRGYNEQF,26
TRBV7-9,TRBJ2-1,ASSPEGRHNEQF,12
TRBV7-9,TRBJ2-1,ASSPEGRLAGDYNEQF,1
TRBV7-9,TRBJ2-1,ASSPEGRLAGVSYNEQF,1
TRBV7-9,TRBJ2-1,ASSPEGRLAGYYNEQF,1
TRBV7-9,TRBJ2-1,ASSPEGRLARNEQF,17
TRBV7-9,TRBJ2-1,ASSPEGRLGGSYNEQF,1
TRBV7-9,TRBJ2-1,ASSPEGRNEQF,27
TRBV7-9,TRBJ2-1,ASSPEGRNNEQF,1
TRBV7-9,TRBJ2-1,ASSPEGRQPMDEQF,1
TRBV7-9,TRBJ2-1,ASSPEGRRDNEQF,1
TRBV7-9,TRBJ2-1,ASSPEGRRSSYNEQF,1
TRBV7-9,TRBJ2-1,ASSPEGRSRSSYNEQF,1
TRBV7-9,TRBJ2-1,ASSPEGRSYNEQF,4
TRBV7-9,TRBJ2-1,ASSPEGRTLRSSYNEQF,1
TRBV7-9,TRBJ2-1,ASSPEGRVEQF,5
TRBV7-9,TRBJ2-1,ASSPEGRVHEQF,1
TRBV7-9,TRBJ2-1,ASSPEGRVSYNEQF,1
TRBV7-9,TRBJ2-1,ASSPEGRVYNEQF,1
TRBV7-9,TRBJ2-1,ASSPEGRYEQF,1
TRBV7-9,TRBJ2-1,ASSPEGRYNEQF,6
TRBV7-9,TRBJ2-1,ASSPEGSAPVWNEQF,1
TRBV7-9,TRBJ2-1,ASSPEGSDSYNEQF,2
TRBV7-9,TRBJ2-1,ASSPEGSGAYNEQF,1
TRBV7-9,TRBJ2-1,ASSPEGSGGNEQF,10
TRBV7-9,TRBJ2-1,ASSPEGSGHEQF,1
TRBV7-9,TRBJ2-1,ASSPEGSGIDNEQF,1
TRBV7-9,TRBJ2-1,ASSPEGSGPEQF,5
TRBV7-9,TRBJ2-1,ASSPEGSGQYNEQF,1
TRBV7-9,TRBJ2-1,ASSPEGSGRSAEQF,16
TRBV7-9,TRBJ2-1,ASSPEGSGSDEQF,8
TRBV7-9,TRBJ2-1,ASSPEGSGSGYEQF,1
TRBV7-9,TRBJ2-1,ASSPEGSGSRNEQF,1
TRBV7-9,TRBJ2-1,ASSPEGSGTNEQF,1
TRBV7-9,TRBJ2-1,ASSPEGSGYNEQF,1
TRBV7-9,TRBJ2-1,ASSPEGSIATEQF,3
TRBV7-9,TRBJ2-1,ASSPEGSLAGDNNEQF,4
TRBV7-9,TRBJ2-1,ASSPEGSLAVNNEQF,1
TRBV7-9,TRBJ2-1,ASSPEGSLDYNEQF,5
TRBV7-9,TRBJ2-1,ASSPEGSLYEQF,1
TRBV7-9,TRBJ2-1,ASSPEGSNEQF,3
TRBV7-9,TRBJ2-1,ASSPEGSPDNEQF,1
TRBV7-9,TRBJ2-1,ASSPEGSPDYNEQF,6
TRBV7-9,TRBJ2-1,ASSPEGSQEQF,8
TRBV7-9,TRBJ2-1,ASSPEGSSGDSYNEQF,1
TRBV7-9,TRBJ2-1,ASSPEGSSYNEQF,16
TRBV7-9,TRBJ2-1,ASSPEGSTDYNEQF,1
TRBV7-9,TRBJ2-1,ASSPEGSYNEQF,13
TRBV7-9,TRBJ2-1,ASSPEGTAINEQF,1
TRBV7-9,TRBJ2-1,ASSPEGTDNEQF,1
TRBV7-9,TRBJ2-1,ASSPEGTEGNELF,1
TRBV7-9,TRBJ2-1,ASSPEGTFDEQF,11
TRBV7-9,TRBJ2-1,ASSPEGTFNEQF,1
TRBV7-9,TRBJ2-1,ASSPEGTGAYNEQF,1
TRBV7-9,TRBJ2-1,ASSPEGTGDYNEQF,1
TRBV7-9,TRBJ2-1,ASSPEGTGEQF,3
TRBV7-9,TRBJ2-1,ASSPEGTGGRNEQF,1
TRBV7-9,TRBJ2-1,ASSPEGTGIWYEQF,1
TRBV7-9,TRBJ2-1,ASSPEGTGNWDEQF,1
TRBV7-9,TRBJ2-1,ASSPEGTGRRNEQF,2
TRBV7-9,TRBJ2-1,ASSPEGTGTNEQF,1
TRBV7-9,TRBJ2-1,ASSPEGTGTSYNEQF,9
TRBV7-9,TRBJ2-1,ASSPEGTGVYNEQF,1
TRBV7-9,TRBJ2-1,ASSPEGTHYNEQF,1
TRBV7-9,TRBJ2-1,ASSPEGTIDEQF,1
TRBV7-9,TRBJ2-1,ASSPEGTISYNEQF,10
TRBV7-9,TRBJ2-1,ASSPEGTKGKEQF,1
TRBV7-9,TRBJ2-1,ASSPEGTKGNDKF,2
TRBV7-9,TRBJ2-1,ASSPEGTKGNDQF,1
TRBV7-9,TRBJ2-1,ASSPEGTKGNEQF,35
TRBV7-9,TRBJ2-1,ASSPEGTLDNEQF,1
TRBV7-9,TRBJ2-1,ASSPEGTLREGYNEQF,1
TRBV7-9,TRBJ2-1,ASSPEGTNGNEQF,1
TRBV7-9,TRBJ2-1,ASSPEGTPFDEQF,1
TRBV7-9,TRBJ2-1,ASSPEGTPGARRSYNEQF,14
TRBV7-9,TRBJ2-1,ASSPEGTRELFSYNEQF,1
TRBV7-9,TRBJ2-1,ASSPEGTRGNEQF,1
TRBV7-9,TRBJ2-1,ASSPEGTRGSRKF,1
TRBV7-9,TRBJ2-1,ASSPEGTRYNEQF,1
TRBV7-9,TRBJ2-1,ASSPEGTSAHNEQF,1
TRBV7-9,TRBJ2-1,ASSPEGTSAYNEQF,13
TRBV7-9,TRBJ2-1,ASSPEGTSGGKNEQF,1
TRBV7-9,TRBJ2-1,ASSPEGTSGGKYNEQF,8
TRBV7-9,TRBJ2-1,ASSPEGTSGGPNINEQF,1
TRBV7-9,TRBJ2-1,ASSPEGTSGRNEQF,1
TRBV7-9,TRBJ2-1,ASSPEGTSGSRKF,6
TRBV7-9,TRBJ2-1,ASSPEGTSGYNEQF,1
TRBV7-9,TRBJ2-1,ASSPEGTSIYNEQF,1
TRBV7-9,TRBJ2-1,ASSPEGTSRQF,3
TRBV7-9,TRBJ2-1,ASSPEGTSSYNEQF,2
TRBV7-9,TRBJ2-1,ASSPEGTSVYNEQF,1
TRBV7-9,TRBJ2-1,ASSPEGTSYNEQF,12
TRBV7-9,TRBJ2-1,ASSPEGTVKEF,6
TRBV7-9,TRBJ2-1,ASSPEGTVLTNEQF,1
TRBV7-9,TRBJ2-1,ASSPEGTVNNEQF,11
TRBV7-9,TRBJ2-1,ASSPEGTYNEQF,8
TRBV7-9,TRBJ2-1,ASSPEGTYYNEQF,4
TRBV7-9,TRBJ2-1,ASSPEGVAGVNEQF,1
TRBV7-9,TRBJ2-1,ASSPEGVEQF,15
TRBV7-9,TRBJ2-1,ASSPEGVGNWGNEQF,1
TRBV7-9,TRBJ2-1,ASSPEGVGPLSSYNEQF,1
TRBV7-9,TRBJ2-1,ASSPEGVGPNGRDEQF,1
TRBV7-9,TRBJ2-1,ASSPEGVGVGEQF,3
TRBV7-9,TRBJ2-1,ASSPEGVGVREQF,1
TRBV7-9,TRBJ2-1,ASSPEGVGYNEQF,10
TRBV7-9,TRBJ2-1,ASSPEGVIVGNEQF,10
TRBV7-9,TRBJ2-1,ASSPEGVKHEQF,1
TRBV7-9,TRBJ2-1,ASSPEGVNNEQF,5
TRBV7-9,TRBJ2-1,ASSPEGVNYNEQF,1
TRBV7-9,TRBJ2-1,ASSPEGVPLDNEQF,1
TRBV7-9,TRBJ2-1,ASSPEGVPYNEQF,1
TRBV7-9,TRBJ2-1,ASSPEGVRGGRGF,3
TRBV7-9,TRBJ2-1,ASSPEGVRVYTDEQF,1
TRBV7-9,TRBJ2-1,ASSPEGVSGRRDEQF,1
TRBV7-9,TRBJ2-1,ASSPEGVSSYNEQF,1
TRBV7-9,TRBJ2-1,ASSPEGVSYNEQF,8
TRBV7-9,TRBJ2-1,ASSPEGVVNEQF,13
TRBV7-9,TRBJ2-1,ASSPEGVVNNEQF,1
TRBV7-9,TRBJ2-1,ASSPEGVVYNEQF,1
TRBV7-9,TRBJ2-1,ASSPEGVWGNEQF,6
TRBV7-9,TRBJ2-1,ASSPEGVYNEQF,17
TRBV7-9,TRBJ2-1,ASSPEGWDEQF,10
TRBV7-9,TRBJ2-1,ASSPEGWGGSRNEQF,1
TRBV7-9,TRBJ2-1,ASSPEGWGNEQF,10
TRBV7-9,TRBJ2-1,ASSPEGWGRVTYNEQF,1
TRBV7-9,TRBJ2-1,ASSPEGWLAGDNNEQF,1
TRBV7-9,TRBJ2-1,ASSPEGWQF,6
TRBV7-9,TRBJ2-1,ASSPEGWRGEGYNEQF,1
TRBV7-9,TRBJ2-1,ASSPEGWRGNEQF,1
TRBV7-9,TRBJ2-1,ASSPEGWTSGPNEQF,1
TRBV7-9,TRBJ2-1,ASSPEGWYRQNEQF,1
TRBV7-9,TRBJ2-1,ASSPEGYALNEQF,1
TRBV7-9,TRBJ2-1,ASSPEGYEQF,1
TRBV7-9,TRBJ2-1,ASSPEGYGGNEQF,11
TRBV7-9,TRBJ2-1,ASSPEGYIAVNNEQF,1
TRBV7-9,TRBJ2-1,ASSPEGYLAANNEQF,1
TRBV7-9,TRBJ2-1,ASSPEGYLAFNNEQF,1
TRBV7-9,TRBJ2-1,ASSPEGYLAINNEQF,1
TRBV7-9,TRBJ2-1,ASSPEGYLALNKEQF,1
TRBV7-9,TRBJ2-1,ASSPEGYLAVKNDQF,1
TRBV7-9,TRBJ2-1,ASSPEGYLAVKNEQF,1
TRBV7-9,TRBJ2-1,ASSPEGYLAVNHEQF,1
TRBV7-9,TRBJ2-1,ASSPEGYLAVNKEQF,4
TRBV7-9,TRBJ2-1,ASSPEGYLAVNNDQF,2
TRBV7-9,TRBJ2-1,ASSPEGYLAVNNEEF,2
TRBV7-9,TRBJ2-1,ASSPEGYLAVNNEHS,1
TRBV7-9,TRBJ2-1,ASSPEGYLAVNNEPF,2
TRBV7-9,TRBJ2-1,ASSPEGYLAVNNEQC,2
TRBV7-9,TRBJ2-1,ASSPEGYLAVNNEQF,246
TRBV7-9,TRBJ2-1,ASSPEGYLAVNNEQL,1
TRBV7-9,TRBJ2-1,ASSPEGYLAVNNGQL,1
TRBV7-9,TRBJ2-1,ASSPEGYLAVNNVQF,1
TRBV7-9,TRBJ2-1,ASSPEGYLEVNNEQF,2
TRBV7-9,TRBJ2-1,ASSPEGYLKI,4
TRBV7-9,TRBJ2-1,ASSPEGYLVVNNEQF,1
TRBV7-9,TRBJ2-1,ASSPEGYNEQF,20
TRBV7-9,TRBJ2-1,ASSPEGYPAVNNEQF,1
TRBV7-9,TRBJ2-1,ASSPEGYQAVNNNQF,1
TRBV7-9,TRBJ2-1,ASSPEGYRAVNNEQF,3
TRBV7-9,TRBJ2-1,ASSPEHEQF,1
TRBV7-9,TRBJ2-1,ASSPEHEQV,1
TRBV7-9,TRBJ2-1,ASSPEHKEQF,1
TRBV7-9,TRBJ2-1,ASSPEHKGNEQF,1
TRBV7-9,TRBJ2-1,ASSPEHNEQF,8
TRBV7-9,TRBJ2-1,ASSPEHRSTYNEQF,1
TRBV7-9,TRBJ2-1,ASSPEHSGLGNEQF,1
TRBV7-9,TRBJ2-1,ASSPEIAANNEQF,6
TRBV7-9,TRBJ2-1,ASSPEIAGNEQF,1
TRBV7-9,TRBJ2-1,ASSPEIAGNYNEQF,4
TRBV7-9,TRBJ2-1,ASSPEIASYNEQF,1
TRBV7-9,TRBJ2-1,ASSPEIGHGEQF,6
TRBV7-9,TRBJ2-1,ASSPEIGPIDF,5
TRBV7-9,TRBJ2-1,ASSPEIGSLLF,8
TRBV7-9,TRBJ2-1,ASSPEINNEQF,1
TRBV7-9,TRBJ2-1,ASSPEIQNSMHGEQF,1
TRBV7-9,TRBJ2-1,ASSPEISAYSYNEQF,3
TRBV7-9,TRBJ2-1,ASSPEISRSYNEQF,1
TRBV7-9,TRBJ2-1,ASSPEISYNEQF,1
TRBV7-9,TRBJ2-1,ASSPEITYNEQF,14
TRBV7-9,TRBJ2-1,ASSPEIWTVYNEQF,1
TRBV7-9,TRBJ2-1,ASSPEIYEQF,1
TRBV7-9,TRBJ2-1,ASSPEKAGNYNEQF,1
TRBV7-9,TRBJ2-1,ASSPEKDHNEQF,18
TRBV7-9,TRBJ2-1,ASSPEKDNEQF,1
TRBV7-9,TRBJ2-1,ASSPEKGGLYNEQF,1
TRBV7-9,TRBJ2-1,ASSPEKGSKNYNEQF,5
TRBV7-9,TRBJ2-1,ASSPEKGSNEQF,1
TRBV7-9,TRBJ2-1,ASSPEKGWGFYNEQF,1
TRBV7-9,TRBJ2-1,ASSPEKKGDEQF,17
TRBV7-9,TRBJ2-1,ASSPEKKGEEQF,1
TRBV7-9,TRBJ2-1,ASSPEKLAGPPFYNEQF,1
TRBV7-9,TRBJ2-1,ASSPEKNEQF,8
TRBV7-9,TRBJ2-1,ASSPEKPSSYNEQF,1
TRBV7-9,TRBJ2-1,ASSPEKRGGGANEQF,1
TRBV7-9,TRBJ2-1,ASSPEKRGNEQF,1
TRBV7-9,TRBJ2-1,ASSPEKSYNEQF,10
TRBV7-9,TRBJ2-1,ASSPEKVEGRGAEQF,4
TRBV7-9,TRBJ2-1,ASSPEKVGNEQF,1
TRBV7-9,TRBJ2-1,ASSPEKYSSYNEQF,1
TRBV7-9,TRBJ2-1,ASSPELAAEQF,16
TRBV7-9,TRBJ2-1,ASSPELAAYNEKF,1
TRBV7-9,TRBJ2-1,ASSPELAAYNEQF,1
TRBV7-9,TRBJ2-1,ASSPELADRDEQF,1
TRBV7-9,TRBJ2-1,ASSPELAEYNEQF,2
TRBV7-9,TRBJ2-1,ASSPELAFHEQF,1
TRBV7-9,TRBJ2-1,ASSPELAGDEQF,5
TRBV7-9,TRBJ2-1,ASSPELAGDGVPYSYNEQF,11
TRBV7-9,TRBJ2-1,ASSPELAGDGVQYSYNEQF,1
TRBV7-9,TRBJ2-1,ASSPELAGDNEQF,1
TRBV7-9,TRBJ2-1,ASSPELAGEGDEQF,5
TRBV7-9,TRBJ2-1,ASSPELAGEGEQF,1
TRBV7-9,TRBJ2-1,ASSPELAGENEQF,1
TRBV7-9,TRBJ2-1,ASSPELAGEQF,1
TRBV7-9,TRBJ2-1,ASSPELAGERNDQF,1
TRBV7-9,TRBJ2-1,ASSPELAGERNEQF,11
TRBV7-9,TRBJ2-1,ASSPELAGGDNEQF,1
TRBV7-9,TRBJ2-1,ASSPELAGGEQF,1
TRBV7-9,TRBJ2-1,ASSPELAGGFSHYNEQF,1
TRBV7-9,TRBJ2-1,ASSPELAGGGNEQF,1
TRBV7-9,TRBJ2-1,ASSPELAGGLHEQF,1
TRBV7-9,TRBJ2-1,ASSPELAGGLYNEQF,1
TRBV7-9,TRBJ2-1,ASSPELAGGNEQF,1
TRBV7-9,TRBJ2-1,ASSPELAGGNNEQF,1
TRBV7-9,TRBJ2-1,ASSPELAGGYNEQF,1
TRBV7-9,TRBJ2-1,ASSPELAGHDEQF,1
TRBV7-9,TRBJ2-1,ASSPELAGHDGQF,1
TRBV7-9,TRBJ2-1,ASSPELAGINEQF,1
TRBV7-9,TRBJ2-1,ASSPELAGLYNEQF,1
TRBV7-9,TRBJ2-1,ASSPELAGMNEQF,1
TRBV7-9,TRBJ2-1,ASSPELAGPGDEQF,1
TRBV7-9,TRBJ2-1,ASSPELAGPYNEQF,2
TRBV7-9,TRBJ2-1,ASSPELAGRDNEQF,1
TRBV7-9,TRBJ2-1,ASSPELAGRGNEQF,1
TRBV7-9,TRBJ2-1,ASSPELAGRYDEQF,2
TRBV7-9,TRBJ2-1,ASSPELAGRYKEQF,2
TRBV7-9,TRBJ2-1,ASSPELAGRYNAQF,2
TRBV7-9,TRBJ2-1,ASSPELAGRYNDQF,1
TRBV7-9,TRBJ2-1,ASSPELAGRYNEQF,123
TRBV7-9,TRBJ2-1,ASSPELAGRYNEQL,1
TRBV7-9,TRBJ2-1,ASSPELAGRYNEQV,1
TRBV7-9,TRBJ2-1,ASSPELAGRYNKQF,2
TRBV7-9,TRBJ2-1,ASSPELAGRYQEQF,1
TRBV7-9,TRBJ2-1,ASSPELAGRYSEQF,1
TRBV7-9,TRBJ2-1,ASSPELAGSTDEQF,1
TRBV7-9,TRBJ2-1,ASSPELAGTWSSYNEQF,10
TRBV7-9,TRBJ2-1,ASSPELAGVNEQF,1
TRBV7-9,TRBJ2-1,ASSPELAGVTEQF,5
TRBV7-9,TRBJ2-1,ASSPELAGVTKQF,1
TRBV7-9,TRBJ2-1,ASSPELAGVYNEQF,2
TRBV7-9,TRBJ2-1,ASSPELALAYNEQF,1
TRBV7-9,TRBJ2-1,ASSPELANEQF,12
TRBV7-9,TRBJ2-1,ASSPELANEQI,1
TRBV7-9,TRBJ2-1,ASSPELANGRF,2
TRBV7-9,TRBJ2-1,ASSPELAPEQF,9
TRBV7-9,TRBJ2-1,ASSPELAPSLCNEQF,1
TRBV7-9,TRBJ2-1,ASSPELAPSLDNEKF,1
TRBV7-9,TRBJ2-1,ASSPELAPSLYKEQF,1
TRBV7-9,TRBJ2-1,ASSPELAPSLYNEQF,9
TRBV7-9,TRBJ2-1,ASSPELAPTYNEQF,1
TRBV7-9,TRBJ2-1,ASSPELAPYNEQF,12
TRBV7-9,TRBJ2-1,ASSPELAPYNEQL,1
TRBV7-9,TRBJ2-1,ASSPELAQPHNEQF,1
TRBV7-9,TRBJ2-1,ASSPELASRESSYNEQF,2
TRBV7-9,TRBJ2-1,ASSPELATKYNEQF,1
TRBV7-9,TRBJ2-1,ASSPELAVRYNEQF,1
TRBV7-9,TRBJ2-1,ASSPELAYNEQF,1
TRBV7-9,TRBJ2-1,ASSPELDRDNEQF,1
TRBV7-9,TRBJ2-1,ASSPELEAEQF,1
TRBV7-9,TRBJ2-1,ASSPELEGRYNEQF,1
TRBV7-9,TRBJ2-1,ASSPELFSGSYNAKF,1
TRBV7-9,TRBJ2-1,ASSPELFSGSYNEQF,19
TRBV7-9,TRBJ2-1,ASSPELGADEQF,1
TRBV7-9,TRBJ2-1,ASSPELGANEQF,3
TRBV7-9,TRBJ2-1,ASSPELGASSYNEQF,1
TRBV7-9,TRBJ2-1,ASSPELGESSYNEQF,1
TRBV7-9,TRBJ2-1,ASSPELGGLAGGSSYKEQF,1
TRBV7-9,TRBJ2-1,ASSPELGGSYNEQF,1
TRBV7-9,TRBJ2-1,ASSPELGLNEQF,1
TRBV7-9,TRBJ2-1,ASSPELGPGDEQF,8
TRBV7-9,TRBJ2-1,ASSPELGPVSYNEQF,1
TRBV7-9,TRBJ2-1,ASSPELGQGENEQF,1
TRBV7-9,TRBJ2-1,ASSPELGQGTNEQF,1
TRBV7-9,TRBJ2-1,ASSPELGRAYNEQF,3
TRBV7-9,TRBJ2-1,ASSPELGSSYNEQF,5
TRBV7-9,TRBJ2-1,ASSPELGVHNEQF,1
TRBV7-9,TRBJ2-1,ASSPELGYNEQF,3
TRBV7-9,TRBJ2-1,ASSPELHNEQF,1
TRBV7-9,TRBJ2-1,ASSPELLAGAFNEQF,1
TRBV7-9,TRBJ2-1,ASSPELLAGGFNEQF,1
TRBV7-9,TRBJ2-1,ASSPELLAGGPSYNEQF,1
TRBV7-9,TRBJ2-1,ASSPELLAGVCNEQF,1
TRBV7-9,TRBJ2-1,ASSPELLEQF,1
TRBV7-9,TRBJ2-1,ASSPELLLDEQF,1
TRBV7-9,TRBJ2-1,ASSPELLPYNEQF,1
TRBV7-9,TRBJ2-1,ASSPELLRGSYNEQF,1
TRBV7-9,TRBJ2-1,ASSPELLSLYNEQF,1
TRBV7-9,TRBJ2-1,ASSPELLSSYNEQF,9
TRBV7-9,TRBJ2-1,ASSPELLSYNEQF,2
TRBV7-9,TRBJ2-1,ASSPELLYNEQF,1
TRBV7-9,TRBJ2-1,ASSPELNEQF,2
TRBV7-9,TRBJ2-1,ASSPELPGEQF,12
TRBV7-9,TRBJ2-1,ASSPELPYNEQF,1
TRBV7-9,TRBJ2-1,ASSPELQAYNEQF,1
TRBV7-9,TRBJ2-1,ASSPELQHEQF,4
TRBV7-9,TRBJ2-1,ASSPELRAGLYNEQF,3
TRBV7-9,TRBJ2-1,ASSPELRDGSSYNEQF,9
TRBV7-9,TRBJ2-1,ASSPELRDSSYNEQF,1
TRBV7-9,TRBJ2-1,ASSPELRGPSGSYNEQF,1
TRBV7-9,TRBJ2-1,ASSPELRHEQF,2
TRBV7-9,TRBJ2-1,ASSPELRHNEQF,1
TRBV7-9,TRBJ2-1,ASSPELRLAGTYNEQF,1
TRBV7-9,TRBJ2-1,ASSPELRLFEQF,1
TRBV7-9,TRBJ2-1,ASSPELRNEQF,2
TRBV7-9,TRBJ2-1,ASSPELRRDNEQF,6
TRBV7-9,TRBJ2-1,ASSPELRRGYEQF,1
TRBV7-9,TRBJ2-1,ASSPELRSSYNEQF,1
TRBV7-9,TRBJ2-1,ASSPELSASYNEQF,1
TRBV7-9,TRBJ2-1,ASSPELSGHDEQF,1
TRBV7-9,TRBJ2-1,ASSPELSGRSNEQF,8
TRBV7-9,TRBJ2-1,ASSPELSGRYNEQF,1
TRBV7-9,TRBJ2-1,ASSPELSGTAEQF,1
TRBV7-9,TRBJ2-1,ASSPELSLEF,10
TRBV7-9,TRBJ2-1,ASSPELSSYNEQF,2
TRBV7-9,TRBJ2-1,ASSPELSYIEQF,1
TRBV7-9,TRBJ2-1,ASSPELSYNEQC,1
TRBV7-9,TRBJ2-1,ASSPELSYNEQF,26
TRBV7-9,TRBJ2-1,ASSPELTAYNEQF,1
TRBV7-9,TRBJ2-1,ASSPELTSGGNNEQF,2
TRBV7-9,TRBJ2-1,ASSPELTYNEQF,1
TRBV7-9,TRBJ2-1,ASSPELVGEQF,5
TRBV7-9,TRBJ2-1,ASSPELVSYNEQF,12
TRBV7-9,TRBJ2-1,ASSPELWNEQF,1
TRBV7-9,TRBJ2-1,ASSPELWSLAGGNEQF,1
TRBV7-9,TRBJ2-1,ASSPELYNEQF,6
TRBV7-9,TRBJ2-1,ASSPEMGDEQF,7
TRBV7-9,TRBJ2-1,ASSPEMGFTYNEQF,1
TRBV7-9,TRBJ2-1,ASSPEMGLAGAPVSI,1
TRBV7-9,TRBJ2-1,ASSPEMGLAGGPVSI,29
TRBV7-9,TRBJ2-1,ASSPEMGRVGGPVLF,1
TRBV7-9,TRBJ2-1,ASSPEMGRVNEQF,1
TRBV7-9,TRBJ2-1,ASSPEMGYNEQF,14
TRBV7-9,TRBJ2-1,ASSPEMLQRNEQF,1
TRBV7-9,TRBJ2-1,ASSPEMNPNEQF,1
TRBV7-9,TRBJ2-1,ASSPEMSRSYNEQF,1
TRBV7-9,TRBJ2-1,ASSPEMYTKNEQF,1
TRBV7-9,TRBJ2-1,ASSPENEQF,12
TRBV7-9,TRBJ2-1,ASSPENGAEYRAEF,1
TRBV7-9,TRBJ2-1,ASSPENGDEQF,1
TRBV7-9,TRBJ2-1,ASSPENGNEQF,1
TRBV7-9,TRBJ2-1,ASSPENHNEQF,1
TRBV7-9,TRBJ2-1,ASSPENLIAGGNNEQF,1
TRBV7-9,TRBJ2-1,ASSPENLNEQF,2
TRBV7-9,TRBJ2-1,ASSPENNEQF,5
TRBV7-9,TRBJ2-1,ASSPENNHHEQF,1
TRBV7-9,TRBJ2-1,ASSPENPGLAEQF,3
TRBV7-9,TRBJ2-1,ASSPENQRRNEQF,1
TRBV7-9,TRBJ2-1,ASSPENRENEQF,1
TRBV7-9,TRBJ2-1,ASSPENRGYNEQF,1
TRBV7-9,TRBJ2-1,ASSPENRNNEQF,1
TRBV7-9,TRBJ2-1,ASSPENSAGREQF,9
TRBV7-9,TRBJ2-1,ASSPENSRAYNEQF,6
TRBV7-9,TRBJ2-1,ASSPENSYNEQF,1
TRBV7-9,TRBJ2-1,ASSPENTYNEQF,1
TRBV7-9,TRBJ2-1,ASSPENVDYNEQF,1
TRBV7-9,TRBJ2-1,ASSPENYNEQF,3
TRBV7-9,TRBJ2-1,ASSPENYYNEQF,1
TRBV7-9,TRBJ2-1,ASSPEPARSYNEQF,1
TRBV7-9,TRBJ2-1,ASSPEPAYNEQF,1
TRBV7-9,TRBJ2-1,ASSPEPDEQF,1
TRBV7-9,TRBJ2-1,ASSPEPELAGDEQF,2
TRBV7-9,TRBJ2-1,ASSPEPFEGNNDQF,1
TRBV7-9,TRBJ2-1,ASSPEPFEGNNEQF,3
TRBV7-9,TRBJ2-1,ASSPEPFEGNNEQS,1
TRBV7-9,TRBJ2-1,ASSPEPFLAGANEQF,1
TRBV7-9,TRBJ2-1,ASSPEPFVGGADEQF,1
TRBV7-9,TRBJ2-1,ASSPEPGAPVNEQF,1
TRBV7-9,TRBJ2-1,ASSPEPGGDEQF,1
TRBV7-9,TRBJ2-1,ASSPEPGGNEQF,1
TRBV7-9,TRBJ2-1,ASSPEPGGSYNEQF,1
TRBV7-9,TRBJ2-1,ASSPEPGLAEEYNEQF,1
TRBV7-9,TRBJ2-1,ASSPEPGLAFNNEQF,1
TRBV7-9,TRBJ2-1,ASSPEPGLAGAEQF,1
TRBV7-9,TRBJ2-1,ASSPEPGLAGDEHF,1
TRBV7-9,TRBJ2-1,ASSPEPGLAGDEQC,2
TRBV7-9,TRBJ2-1,ASSPEPGLAGDEQF,164
TRBV7-9,TRBJ2-1,ASSPEPGLAGDEQL,1
TRBV7-9,TRBJ2-1,ASSPEPGLAGDGQF,1
TRBV7-9,TRBJ2-1,ASSPEPGLAGENEQF,1
TRBV7-9,TRBJ2-1,ASSPEPGLAGGGQF,1
TRBV7-9,TRBJ2-1,ASSPEPGLAGGPGDEQF,1
TRBV7-9,TRBJ2-1,ASSPEPGLAGGPINEQF,1
TRBV7-9,TRBJ2-1,ASSPEPGLAGKDNNEQF,1
TRBV7-9,TRBJ2-1,ASSPEPGLAGNAQF,1
TRBV7-9,TRBJ2-1,ASSPEPGLAGVNEQF,5
TRBV7-9,TRBJ2-1,ASSPEPGLASNEQF,1
TRBV7-9,TRBJ2-1,ASSPEPGLASQGQF,13
TRBV7-9,TRBJ2-1,ASSPEPGLASQGQY,1
TRBV7-9,TRBJ2-1,ASSPEPGLAVDEQF,1
TRBV7-9,TRBJ2-1,ASSPEPGLAWDEQF,1
TRBV7-9,TRBJ2-1,ASSPEPGLGGDEQF,1
TRBV7-9,TRBJ2-1,ASSPEPGLNEQF,1
TRBV7-9,TRBJ2-1,ASSPEPGLSGNEQF,1
TRBV7-9,TRBJ2-1,ASSPEPGLVYNEQF,1
TRBV7-9,TRBJ2-1,ASSPEPGNEQF,8
TRBV7-9,TRBJ2-1,ASSPEPGPNNEQF,1
TRBV7-9,TRBJ2-1,ASSPEPGQGGNEQF,1
TRBV7-9,TRBJ2-1,ASSPEPGQGLNEQF,1
TRBV7-9,TRBJ2-1,ASSPEPGQGSEQF,5
TRBV7-9,TRBJ2-1,ASSPEPGQGYNEQF,2
TRBV7-9,TRBJ2-1,ASSPEPGRGVFEQF,1
TRBV7-9,TRBJ2-1,ASSPEPGRGYNEQF,1
TRBV7-9,TRBJ2-1,ASSPEPGRSYNEQF,1
TRBV7-9,TRBJ2-1,ASSPEPGRTRHDEQF,1
TRBV7-9,TRBJ2-1,ASSPEPGSFNEQF,1
TRBV7-9,TRBJ2-1,ASSPEPGTGGFNEQF,1
TRBV7-9,TRBJ2-1,ASSPEPGTGRNEQF,1
TRBV7-9,TRBJ2-1,ASSPEPGTGVFEQF,2
TRBV7-9,TRBJ2-1,ASSPEPGTSAYNEQF,1
TRBV7-9,TRBJ2-1,ASSPEPGTSGYNEQF,1
TRBV7-9,TRBJ2-1,ASSPEPGVAGDEQF,2
TRBV7-9,TRBJ2-1,ASSPEPGVEGYSYNEQF,1
TRBV7-9,TRBJ2-1,ASSPEPGYNEQF,1
TRBV7-9,TRBJ2-1,ASSPEPHEQF,1
TRBV7-9,TRBJ2-1,ASSPEPHNEQF,4
TRBV7-9,TRBJ2-1,ASSPEPIPYHNEQF,1
TRBV7-9,TRBJ2-1,ASSPEPLAGARYNEQF,1
TRBV7-9,TRBJ2-1,ASSPEPLAPNEQF,1
TRBV7-9,TRBJ2-1,ASSPEPLEDEQF,1
TRBV7-9,TRBJ2-1,ASSPEPLEQF,12
TRBV7-9,TRBJ2-1,ASSPEPLGNEQF,2
TRBV7-9,TRBJ2-1,ASSPEPMDYNEQF,1
TRBV7-9,TRBJ2-1,ASSPEPNEQF,1
TRBV7-9,TRBJ2-1,ASSPEPPIHNEQF,1
TRBV7-9,TRBJ2-1,ASSPEPPWANEQF,1
TRBV7-9,TRBJ2-1,ASSPEPQGGLNEQF,15
TRBV7-9,TRBJ2-1,ASSPEPQMGVNEQF,4
TRBV7-9,TRBJ2-1,ASSPEPRPSYNEQF,1
TRBV7-9,TRBJ2-1,ASSPEPSDEQF,1
TRBV7-9,TRBJ2-1,ASSPEPSGGFYNEQF,1
TRBV7-9,TRBJ2-1,ASSPEPSGRLWDNEQF,2
TRBV7-9,TRBJ2-1,ASSPEPSSHEQF,7
TRBV7-9,TRBJ2-1,ASSPEPSSYNEQF,1
TRBV7-9,TRBJ2-1,ASSPEPTPFDEQF,1
TRBV7-9,TRBJ2-1,ASSPEPTSGYYNEQF,1
TRBV7-9,TRBJ2-1,ASSPEPVAVNEQF,1
TRBV7-9,TRBJ2-1,ASSPEPVHSNNEQF,1
TRBV7-9,TRBJ2-1,ASSPEPVLAGDEQF,2
TRBV7-9,TRBJ2-1,ASSPEPWDEQF,2
TRBV7-9,TRBJ2-1,ASSPEPYNAQF,1
TRBV7-9,TRBJ2-1,ASSPEPYNEQF,18
TRBV7-9,TRBJ2-1,ASSPEPYNEQY,1
TRBV7-9,TRBJ2-1,ASSPEQASYNEQF,4
TRBV7-9,TRBJ2-1,ASSPEQESDEQF,1
TRBV7-9,TRBJ2-1,ASSPEQESYEQF,17
TRBV7-9,TRBJ2-1,ASSPEQF,13
TRBV7-9,TRBJ2-1,ASSPEQGAGYNEQF,1
TRBV7-9,TRBJ2-1,ASSPEQGAPDNEQF,1
TRBV7-9,TRBJ2-1,ASSPEQGASYNEQF,1
TRBV7-9,TRBJ2-1,ASSPEQGAVYNEQF,1
TRBV7-9,TRBJ2-1,ASSPEQGFDEQF,1
TRBV7-9,TRBJ2-1,ASSPEQGGTYNEQF,1
TRBV7-9,TRBJ2-1,ASSPEQGHDEQF,7
TRBV7-9,TRBJ2-1,ASSPEQGLAYNEQF,1
TRBV7-9,TRBJ2-1,ASSPEQGLYNEQF,1
TRBV7-9,TRBJ2-1,ASSPEQGNSYNEQF,1
TRBV7-9,TRBJ2-1,ASSPEQGPTEQF,6
TRBV7-9,TRBJ2-1,ASSPEQGRGNEQF,1
TRBV7-9,TRBJ2-1,ASSPEQGSYNEQF,1
TRBV7-9,TRBJ2-1,ASSPEQGVRENEQF,1
TRBV7-9,TRBJ2-1,ASSPEQGVRVNEQF,16
TRBV7-9,TRBJ2-1,ASSPEQGYNEQF,2
TRBV7-9,TRBJ2-1,ASSPEQIYNEQF,1
TRBV7-9,TRBJ2-1,ASSPEQLNGQF,6
TRBV7-9,TRBJ2-1,ASSPEQQAVNEQF,1
TRBV7-9,TRBJ2-1,ASSPEQSQVNEQF,1
TRBV7-9,TRBJ2-1,ASSPEQSSYNEQF,1
TRBV7-9,TRBJ2-1,ASSPEQSYNEQF,1
TRBV7-9,TRBJ2-1,ASSPEQTGGNEQF,4
TRBV7-9,TRBJ2-1,ASSPEQTSSYNEQF,9
TRBV7-9,TRBJ2-1,ASSPEQTTYNEQF,1
TRBV7-9,TRBJ2-1,ASSPEQVHDEQF,1
TRBV7-9,TRBJ2-1,ASSPERAGGNEQF,1
TRBV7-9,TRBJ2-1,ASSPERAGIAYNEQF,1
TRBV7-9,TRBJ2-1,ASSPERAGWYNEQF,1
TRBV7-9,TRBJ2-1,ASSPERALGYNEQF,5
TRBV7-9,TRBJ2-1,ASSPERARVNEQF,3
TRBV7-9,TRBJ2-1,ASSPERATYNEQF,1
TRBV7-9,TRBJ2-1,ASSPERAYNEQF,2
TRBV7-9,TRBJ2-1,ASSPERDEQF,2
TRBV7-9,TRBJ2-1,ASSPERDGYNEQF,2
TRBV7-9,TRBJ2-1,ASSPERDLNNEQF,1
TRBV7-9,TRBJ2-1,ASSPERDLYNEQF,1
TRBV7-9,TRBJ2-1,ASSPERDNEQF,2
TRBV7-9,TRBJ2-1,ASSPERDRNNEQF,9
TRBV7-9,TRBJ2-1,ASSPERDSTYNEQF,1
TRBV7-9,TRBJ2-1,ASSPEREADNEQF,1
TRBV7-9,TRBJ2-1,ASSPEREAYNEQF,1
TRBV7-9,TRBJ2-1,ASSPEREDRNEQF,5
TRBV7-9,TRBJ2-1,ASSPEREFPYNEQF,1
TRBV7-9,TRBJ2-1,ASSPEREGGNEQF,13
TRBV7-9,TRBJ2-1,ASSPEREGLDEQF,1
TRBV7-9,TRBJ2-1,ASSPEREGPNEQF,1
TRBV7-9,TRBJ2-1,ASSPEREGPQSSYNEQF,4
TRBV7-9,TRBJ2-1,ASSPEREGPQSSYNVHF,1
TRBV7-9,TRBJ2-1,ASSPEREGRGDEQF,1
TRBV7-9,TRBJ2-1,ASSPEREGRNEQF,1
TRBV7-9,TRBJ2-1,ASSPEREGTYNEQF,1
TRBV7-9,TRBJ2-1,ASSPEREGYEQF,1
TRBV7-9,TRBJ2-1,ASSPEREGYNEQF,1
TRBV7-9,TRBJ2-1,ASSPEREHDEQF,1
TRBV7-9,TRBJ2-1,ASSPEREIPNEQF,1
TRBV7-9,TRBJ2-1,ASSPEREPYNEQF,1
TRBV7-9,TRBJ2-1,ASSPEREQF,14
TRBV7-9,TRBJ2-1,ASSPERERSYNEQF,1
TRBV7-9,TRBJ2-1,ASSPERESGYNEQF,1
TRBV7-9,TRBJ2-1,ASSPERESSYNEQF,9
TRBV7-9,TRBJ2-1,ASSPERESYNEQF,1
TRBV7-9,TRBJ2-1,ASSPEREVDNEQF,11
TRBV7-9,TRBJ2-1,ASSPEREVENEQF,1
TRBV7-9,TRBJ2-1,ASSPEREVLDYNEQF,1
TRBV7-9,TRBJ2-1,ASSPEREVWGYNEQF,1
TRBV7-9,TRBJ2-1,ASSPEREYNEQF,8
TRBV7-9,TRBJ2-1,ASSPEREYPF,1
TRBV7-9,TRBJ2-1,ASSPERFDEQF,1
TRBV7-9,TRBJ2-1,ASSPERFDNEQF,1
TRBV7-9,TRBJ2-1,ASSPERFSYNEQF,1
TRBV7-9,TRBJ2-1,ASSPERGANEQF,2
TRBV7-9,TRBJ2-1,ASSPERGAYNEQF,3
TRBV7-9,TRBJ2-1,ASSPERGDYNEQF,2
TRBV7-9,TRBJ2-1,ASSPERGENNEQF,1
TRBV7-9,TRBJ2-1,ASSPERGETYNEQF,1
TRBV7-9,TRBJ2-1,ASSPERGGADNEQF,1
TRBV7-9,TRBJ2-1,ASSPERGGAYNEQF,8
TRBV7-9,TRBJ2-1,ASSPERGGDNEQF,9
TRBV7-9,TRBJ2-1,ASSPERGGGRNEQF,1
TRBV7-9,TRBJ2-1,ASSPERGGINGEQF,1
TRBV7-9,TRBJ2-1,ASSPERGGNNEQF,2
TRBV7-9,TRBJ2-1,ASSPERGGPHNEQF,1
TRBV7-9,TRBJ2-1,ASSPERGGSLNEQF,1
TRBV7-9,TRBJ2-1,ASSPERGGSYNEQF,2
TRBV7-9,TRBJ2-1,ASSPERGGWYGYNEQF,1
TRBV7-9,TRBJ2-1,ASSPERGGYSYNEQF,2
TRBV7-9,TRBJ2-1,ASSPERGHNYNEQF,2
TRBV7-9,TRBJ2-1,ASSPERGHYNEQF,1
TRBV7-9,TRBJ2-1,ASSPERGIDEQF,1
TRBV7-9,TRBJ2-1,ASSPERGITYNEQF,1
TRBV7-9,TRBJ2-1,ASSPERGLTSYNEQF,1
TRBV7-9,TRBJ2-1,ASSPERGLYNEQF,12
TRBV7-9,TRBJ2-1,ASSPERGNEQF,6
TRBV7-9,TRBJ2-1,ASSPERGNSYNEQF,10
TRBV7-9,TRBJ2-1,ASSPERGPSSYNEQF,1
TRBV7-9,TRBJ2-1,ASSPERGPYNEQF,7
TRBV7-9,TRBJ2-1,ASSPERGRSYNEQF,1
TRBV7-9,TRBJ2-1,ASSPERGSSYNEQF,4
TRBV7-9,TRBJ2-1,ASSPERGSYNEQF,3
TRBV7-9,TRBJ2-1,ASSPERGTRPYNEQF,1
TRBV7-9,TRBJ2-1,ASSPERGVAGAYEQF,1
TRBV7-9,TRBJ2-1,ASSPERGVGYHEKF,1
TRBV7-9,TRBJ2-1,ASSPERGVINNEQF,14
TRBV7-9,TRBJ2-1,ASSPERGVINSEQF,1
TRBV7-9,TRBJ2-1,ASSPERGVSYNEQF,1
TRBV7-9,TRBJ2-1,ASSPERGWYYNEQF,1
TRBV7-9,TRBJ2-1,ASSPERGYNEQF,1
TRBV7-9,TRBJ2-1,ASSPERGYSYNEQF,1
TRBV7-9,TRBJ2-1,ASSPERHRGRNEQF,1
TRBV7-9,TRBJ2-1,ASSPERIGNEQF,1
TRBV7-9,TRBJ2-1,ASSPERISNEQF,1
TRBV7-9,TRBJ2-1,ASSPERKGYNEQF,12
TRBV7-9,TRBJ2-1,ASSPERLAAGYNEQF,1
TRBV7-9,TRBJ2-1,ASSPERLAGGNEQF,1
TRBV7-9,TRBJ2-1,ASSPERLAGGYNEQF,1
TRBV7-9,TRBJ2-1,ASSPERLENEQF,3
TRBV7-9,TRBJ2-1,ASSPERLGYNEQF,1
TRBV7-9,TRBJ2-1,ASSPERLSSYNEQF,4
TRBV7-9,TRBJ2-1,ASSPERMGYNEQF,2
TRBV7-9,TRBJ2-1,ASSPERNEHF,1
TRBV7-9,TRBJ2-1,ASSPERNEQF,31
TRBV7-9,TRBJ2-1,ASSPERPQRDNEQF,5
TRBV7-9,TRBJ2-1,ASSPERPSPLSYNEQF,1
TRBV7-9,TRBJ2-1,ASSPERPSVNEQF,1
TRBV7-9,TRBJ2-1,ASSPERQGIYNEQF,2
TRBV7-9,TRBJ2-1,ASSPERQGYNEQF,2
TRBV7-9,TRBJ2-1,ASSPERRGYNEQF,1
TRBV7-9,TRBJ2-1,ASSPERRRPRHNEQF,1
TRBV7-9,TRBJ2-1,ASSPERRYNEQF,1
TRBV7-9,TRBJ2-1,ASSPERSEWYNEQF,1
TRBV7-9,TRBJ2-1,ASSPERSGTYNEQF,16
TRBV7-9,TRBJ2-1,ASSPERSSGSNEQF,1
TRBV7-9,TRBJ2-1,ASSPERSSYNEQF,4
TRBV7-9,TRBJ2-1,ASSPERSTYNEQF,1
TRBV7-9,TRBJ2-1,ASSPERSWFHEQF,21
TRBV7-9,TRBJ2-1,ASSPERSWFHGQF,1
TRBV7-9,TRBJ2-1,ASSPERTGAYNEQF,1
TRBV7-9,TRBJ2-1,ASSPERTGSHEQF,1
TRBV7-9,TRBJ2-1,ASSPERTGSYNEQF,1
TRBV7-9,TRBJ2-1,ASSPERTGWWGEQF,12
TRBV7-9,TRBJ2-1,ASSPERTNYNEQF,1
TRBV7-9,TRBJ2-1,ASSPERTRPNEQF,1
TRBV7-9,TRBJ2-1,ASSPERTSGSNEQF,6
TRBV7-9,TRBJ2-1,ASSPERTSGSRYNEQF,1
TRBV7-9,TRBJ2-1,ASSPERTSGSSYNEQF,8
TRBV7-9,TRBJ2-1,ASSPERTSGSSYNEQV,1
TRBV7-9,TRBJ2-1,ASSPERTSGTNEQF,1
TRBV7-9,TRBJ2-1,ASSPERTSSYNEQF,1
TRBV7-9,TRBJ2-1,ASSPERVERGGFNEQF,1
TRBV7-9,TRBJ2-1,ASSPERVGVNEQF,1
TRBV7-9,TRBJ2-1,ASSPERVSYNEQF,2
TRBV7-9,TRBJ2-1,ASSPERVTAGANEQF,13
TRBV7-9,TRBJ2-1,ASSPERVVDNEQF,2
TRBV7-9,TRBJ2-1,ASSPERWAGGFDEQF,1
TRBV7-9,TRBJ2-1,ASSPERWAYNEQF,1
TRBV7-9,TRBJ2-1,ASSPERWIDNEQF,6
TRBV7-9,TRBJ2-1,ASSPERYNEQF,2
TRBV7-9,TRBJ2-1,ASSPESANEQF,1
TRBV7-9,TRBJ2-1,ASSPESDEQF,2
TRBV7-9,TRBJ2-1,ASSPESDSSGNEQF,1
TRBV7-9,TRBJ2-1,ASSPESDSYNEQF,3
TRBV7-9,TRBJ2-1,ASSPESEGSYNEQF,1
TRBV7-9,TRBJ2-1,ASSPESEQF,64
TRBV7-9,TRBJ2-1,ASSPESEQV,2
TRBV7-9,TRBJ2-1,ASSPESESREF,1
TRBV7-9,TRBJ2-1,ASSPESFNEQF,1
TRBV7-9,TRBJ2-1,ASSPESGAGSYNEQF,1
TRBV7-9,TRBJ2-1,ASSPESGARYNEQF,1
TRBV7-9,TRBJ2-1,ASSPESGEISMIFDEQF,1
TRBV7-9,TRBJ2-1,ASSPESGFGLYNEQF,4
TRBV7-9,TRBJ2-1,ASSPESGGAYNEQF,1
TRBV7-9,TRBJ2-1,ASSPESGGEYNEQF,1
TRBV7-9,TRBJ2-1,ASSPESGGFYNEQF,2
TRBV7-9,TRBJ2-1,ASSPESGGGSGSYKEQF,1
TRBV7-9,TRBJ2-1,ASSPESGGGSGSYNEQF,10
TRBV7-9,TRBJ2-1,ASSPESGGGSGYYNEQF,1
TRBV7-9,TRBJ2-1,ASSPESGGISMIFDEQF,7
TRBV7-9,TRBJ2-1,ASSPESGGTYNEQF,4
TRBV7-9,TRBJ2-1,ASSPESGGVNEQF,1
TRBV7-9,TRBJ2-1,ASSPESGGYNEQF,1
TRBV7-9,TRBJ2-1,ASSPESGLAYDNEQF,1
TRBV7-9,TRBJ2-1,ASSPESGLPRDEQF,1
TRBV7-9,TRBJ2-1,ASSPESGNDEQF,1
TRBV7-9,TRBJ2-1,ASSPESGNSYNEQF,7
TRBV7-9,TRBJ2-1,ASSPESGQGSSYNEQF,1
TRBV7-9,TRBJ2-1,ASSPESGQPQGNEQF,4
TRBV7-9,TRBJ2-1,ASSPESGQSSYNEQF,4
TRBV7-9,TRBJ2-1,ASSPESGRAHNEQF,1
TRBV7-9,TRBJ2-1,ASSPESGRARNEQF,16
TRBV7-9,TRBJ2-1,ASSPESGRGGMDEQF,14
TRBV7-9,TRBJ2-1,ASSPESGRKYNEQF,1
TRBV7-9,TRBJ2-1,ASSPESGRSYNEQF,5
TRBV7-9,TRBJ2-1,ASSPESGRTYNEQF,1
TRBV7-9,TRBJ2-1,ASSPESGSLLDEQF,1
TRBV7-9,TRBJ2-1,ASSPESGSRYNEQF,1
TRBV7-9,TRBJ2-1,ASSPESGSSYNEQF,1
TRBV7-9,TRBJ2-1,ASSPESGSYNEQC,1
TRBV7-9,TRBJ2-1,ASSPESGSYNEQF,14
TRBV7-9,TRBJ2-1,ASSPESGSYNQQF,1
TRBV7-9,TRBJ2-1,ASSPESGTSGPSYNEQF,11
TRBV7-9,TRBJ2-1,ASSPESGVGYNEQF,12
TRBV7-9,TRBJ2-1,ASSPESGWYNEQF,1
TRBV7-9,TRBJ2-1,ASSPESHYEQF,1
TRBV7-9,TRBJ2-1,ASSPESKRTTSSYNEQF,1
TRBV7-9,TRBJ2-1,ASSPESKSYNEQF,1
TRBV7-9,TRBJ2-1,ASSPESLAGHNEQF,1
TRBV7-9,TRBJ2-1,ASSPESLASYNEQF,1
TRBV7-9,TRBJ2-1,ASSPESLRARDEQF,1
TRBV7-9,TRBJ2-1,ASSPESNDEQF,1
TRBV7-9,TRBJ2-1,ASSPESNEQF,2
TRBV7-9,TRBJ2-1,ASSPESNQQF,2
TRBV7-9,TRBJ2-1,ASSPESNRAYHYNEQF,11
TRBV7-9,TRBJ2-1,ASSPESPRNNEQF,1
TRBV7-9,TRBJ2-1,ASSPESQRTSGRGNEQF,1
TRBV7-9,TRBJ2-1,ASSPESRGYNEQF,1
TRBV7-9,TRBJ2-1,ASSPESRNEQF,1
TRBV7-9,TRBJ2-1,ASSPESRQEQF,2
TRBV7-9,TRBJ2-1,ASSPESRRVSSYNEQF,1
TRBV7-9,TRBJ2-1,ASSPESRSYNEQF,1
TRBV7-9,TRBJ2-1,ASSPESRVDEQF,1
TRBV7-9,TRBJ2-1,ASSPESSFDEQF,1
TRBV7-9,TRBJ2-1,ASSPESSGYNEQF,2
TRBV7-9,TRBJ2-1,ASSPESSLLSYNEQF,1
TRBV7-9,TRBJ2-1,ASSPESSPF,8
TRBV7-9,TRBJ2-1,ASSPESSYNEQF,24
TRBV7-9,TRBJ2-1,ASSPESTASSYNEQF,5
TRBV7-9,TRBJ2-1,ASSPESTGMSYNEQF,1
TRBV7-9,TRBJ2-1,ASSPESTNYNEQF,1
TRBV7-9,TRBJ2-1,ASSPESTRAYNGQF,1
TRBV7-9,TRBJ2-1,ASSPESVRSYNEQF,1
TRBV7-9,TRBJ2-1,ASSPESVSSYNEQF,1
TRBV7-9,TRBJ2-1,ASSPESYEQF,1
TRBV7-9,TRBJ2-1,ASSPESYNEQF,6
TRBV7-9,TRBJ2-1,ASSPETAGDRVGNEQF,1
TRBV7-9,TRBJ2-1,ASSPETAGSRNEQF,7
TRBV7-9,TRBJ2-1,ASSPETASYNEQF,1
TRBV7-9,TRBJ2-1,ASSPETDEQF,8
TRBV7-9,TRBJ2-1,ASSPETDNEQF,1
TRBV7-9,TRBJ2-1,ASSPETEGNNEQF,1
TRBV7-9,TRBJ2-1,ASSPETGAMGMNEQF,1
TRBV7-9,TRBJ2-1,ASSPETGARYNEQF,1
TRBV7-9,TRBJ2-1,ASSPETGATNEQF,1
TRBV7-9,TRBJ2-1,ASSPETGAYNEQF,1
TRBV7-9,TRBJ2-1,ASSPETGDLYNEQF,1
TRBV7-9,TRBJ2-1,ASSPETGGEKF,11
TRBV7-9,TRBJ2-1,ASSPETGGFDNEQF,1
TRBV7-9,TRBJ2-1,ASSPETGGINGEQF,5
TRBV7-9,TRBJ2-1,ASSPETGGLWQF,1
TRBV7-9,TRBJ2-1,ASSPETGGNEQF,1
TRBV7-9,TRBJ2-1,ASSPETGGPNEQF,1
TRBV7-9,TRBJ2-1,ASSPETGGPRYNEQF,1
TRBV7-9,TRBJ2-1,ASSPETGGRGDEQF,1
TRBV7-9,TRBJ2-1,ASSPETGGRSNEQF,5
TRBV7-9,TRBJ2-1,ASSPETGGSDNEQF,1
TRBV7-9,TRBJ2-1,ASSPETGGWNEQF,2
TRBV7-9,TRBJ2-1,ASSPETGHEQF,1
TRBV7-9,TRBJ2-1,ASSPETGLAGRRNNEQF,17
TRBV7-9,TRBJ2-1,ASSPETGLEQF,5
TRBV7-9,TRBJ2-1,ASSPETGNEQF,6
TRBV7-9,TRBJ2-1,ASSPETGNYNEQF,6
TRBV7-9,TRBJ2-1,ASSPETGQYNAQF,1
TRBV7-9,TRBJ2-1,ASSPETGQYNEQF,7
TRBV7-9,TRBJ2-1,ASSPETGRAYNEQF,1
TRBV7-9,TRBJ2-1,ASSPETGRRGDNEQF,1
TRBV7-9,TRBJ2-1,ASSPETGSAYNEQF,1
TRBV7-9,TRBJ2-1,ASSPETGSRQHEQF,1
TRBV7-9,TRBJ2-1,ASSPETGSSYNEQF,5
TRBV7-9,TRBJ2-1,ASSPETGTADYNEQF,10
TRBV7-9,TRBJ2-1,ASSPETGTADYSEQF,1
TRBV7-9,TRBJ2-1,ASSPETGTFEQF,9
TRBV7-9,TRBJ2-1,ASSPETGTGPYNEQF,1
TRBV7-9,TRBJ2-1,ASSPETGTGVNEQF,6
TRBV7-9,TRBJ2-1,ASSPETGTSNNEQF,1
TRBV7-9,TRBJ2-1,ASSPETGTVEQF,1
TRBV7-9,TRBJ2-1,ASSPETGVLYNEQF,1
TRBV7-9,TRBJ2-1,ASSPETGVNNEQF,1
TRBV7-9,TRBJ2-1,ASSPETGVSYNEQF,1
TRBV7-9,TRBJ2-1,ASSPETGYEQF,1
TRBV7-9,TRBJ2-1,ASSPETGYNEQF,8
TRBV7-9,TRBJ2-1,ASSPETGYYNEQF,1
TRBV7-9,TRBJ2-1,ASSPETHEQF,17
TRBV7-9,TRBJ2-1,ASSPETISYNEQF,7
TRBV7-9,TRBJ2-1,ASSPETKLAGGTYFSYNEQF,1
TRBV7-9,TRBJ2-1,ASSPETLNEQF,8
TRBV7-9,TRBJ2-1,ASSPETLYNEQF,4
TRBV7-9,TRBJ2-1,ASSPETNEQF,13
TRBV7-9,TRBJ2-1,ASSPETNNEQF,1
TRBV7-9,TRBJ2-1,ASSPETNSYNEQF,1
TRBV7-9,TRBJ2-1,ASSPETPRLGEQF,14
TRBV7-9,TRBJ2-1,ASSPETPRNEQF,1
TRBV7-9,TRBJ2-1,ASSPETQYNEQF,1
TRBV7-9,TRBJ2-1,ASSPETRAYEQF,1
TRBV7-9,TRBJ2-1,ASSPETRDNEQF,1
TRBV7-9,TRBJ2-1,ASSPETRPRWRDEQF,1
TRBV7-9,TRBJ2-1,ASSPETRRYNEQF,1
TRBV7-9,TRBJ2-1,ASSPETRSYFNEQF,1
TRBV7-9,TRBJ2-1,ASSPETRSYNEQF,4
TRBV7-9,TRBJ2-1,ASSPETSASYNEQF,1
TRBV7-9,TRBJ2-1,ASSPETSDNEQF,3
TRBV7-9,TRBJ2-1,ASSPETSESYNEQF,1
TRBV7-9,TRBJ2-1,ASSPETSGAKYNEQF,3
TRBV7-9,TRBJ2-1,ASSPETSGAKYTEQF,1
TRBV7-9,TRBJ2-1,ASSPETSGAWNEQF,1
TRBV7-9,TRBJ2-1,ASSPETSGEYNEQF,1
TRBV7-9,TRBJ2-1,ASSPETSGGAVRNSKQF,1
TRBV7-9,TRBJ2-1,ASSPETSGGEF,1
TRBV7-9,TRBJ2-1,ASSPETSGIMNEQF,1
TRBV7-9,TRBJ2-1,ASSPETSGIYNEQF,6
TRBV7-9,TRBJ2-1,ASSPETSGNNEQF,12
TRBV7-9,TRBJ2-1,ASSPETSGPYNEQF,10
TRBV7-9,TRBJ2-1,ASSPETSGRKGIYNEQF,1
TRBV7-9,TRBJ2-1,ASSPETSGRSKGQF,1
TRBV7-9,TRBJ2-1,ASSPETSGRSNEQF,10
TRBV7-9,TRBJ2-1,ASSPETSGRSYNEQF,1
TRBV7-9,TRBJ2-1,ASSPETSGRVNEQF,1
TRBV7-9,TRBJ2-1,ASSPETSGSLAFDEQF,1
TRBV7-9,TRBJ2-1,ASSPETSGSLHEQF,1
TRBV7-9,TRBJ2-1,ASSPETSGSPYNEQF,1
TRBV7-9,TRBJ2-1,ASSPETSGSRNEQF,1
TRBV7-9,TRBJ2-1,ASSPETSGSRYEQF,1
TRBV7-9,TRBJ2-1,ASSPETSGSSYNEQF,1
TRBV7-9,TRBJ2-1,ASSPETSGSYNEQF,1
TRBV7-9,TRBJ2-1,ASSPETSGVYNEQF,1
TRBV7-9,TRBJ2-1,ASSPETSGYNEQF,2
TRBV7-9,TRBJ2-1,ASSPETSLEQF,2
TRBV7-9,TRBJ2-1,ASSPETSLSYNEQF,1
TRBV7-9,TRBJ2-1,ASSPETSNEQF,1
TRBV7-9,TRBJ2-1,ASSPETSPFNEQF,5
TRBV7-9,TRBJ2-1,ASSPETSREQF,9
TRBV7-9,TRBJ2-1,ASSPETSSNEQF,1
TRBV7-9,TRBJ2-1,ASSPETSSYFNEQF,3
TRBV7-9,TRBJ2-1,ASSPETSTYNEQF,5
TRBV7-9,TRBJ2-1,ASSPETSVESRQF,11
TRBV7-9,TRBJ2-1,ASSPETSVNNEQF,1
TRBV7-9,TRBJ2-1,ASSPETSYNEQF,6
TRBV7-9,TRBJ2-1,ASSPETTGINEQF,1
TRBV7-9,TRBJ2-1,ASSPETVLSVFSYNEQF,23
TRBV7-9,TRBJ2-1,ASSPETVNNEQF,1
TRBV7-9,TRBJ2-1,ASSPETVTSGRHNEQF,1
TRBV7-9,TRBJ2-1,ASSPETVYNEQF,1
TRBV7-9,TRBJ2-1,ASSPEVAASYNEQF,1
TRBV7-9,TRBJ2-1,ASSPEVAGAYNEQF,5
TRBV7-9,TRBJ2-1,ASSPEVAGGWNEQF,1
TRBV7-9,TRBJ2-1,ASSPEVAGWYNEQF,2
TRBV7-9,TRBJ2-1,ASSPEVAGYNEQF,2
TRBV7-9,TRBJ2-1,ASSPEVAGYYNEQC,1
TRBV7-9,TRBJ2-1,ASSPEVAGYYNEQF,13
TRBV7-9,TRBJ2-1,ASSPEVALMDEQF,16
TRBV7-9,TRBJ2-1,ASSPEVASGHNEQF,1
TRBV7-9,TRBJ2-1,ASSPEVASGSSYNEQF,1
TRBV7-9,TRBJ2-1,ASSPEVAVNNEQF,1
TRBV7-9,TRBJ2-1,ASSPEVAWNEQF,1
TRBV7-9,TRBJ2-1,ASSPEVAWSYNEQF,1
TRBV7-9,TRBJ2-1,ASSPEVAYEQF,1
TRBV7-9,TRBJ2-1,ASSPEVDEQF,1
TRBV7-9,TRBJ2-1,ASSPEVEAEQF,2
TRBV7-9,TRBJ2-1,ASSPEVEDEQF,1
TRBV7-9,TRBJ2-1,ASSPEVEQF,15
TRBV7-9,TRBJ2-1,ASSPEVGARYNEQF,3
TRBV7-9,TRBJ2-1,ASSPEVGFHNEQF,1
TRBV7-9,TRBJ2-1,ASSPEVGGF,2
TRBV7-9,TRBJ2-1,ASSPEVGGHSYNEQF,1
TRBV7-9,TRBJ2-1,ASSPEVGGNNEQF,1
TRBV7-9,TRBJ2-1,ASSPEVGGVSYNEQF,1
TRBV7-9,TRBJ2-1,ASSPEVGLEGGTVSI,1
TRBV7-9,TRBJ2-1,ASSPEVGLQGAIHNEQF,1
TRBV7-9,TRBJ2-1,ASSPEVGNEQF,1
TRBV7-9,TRBJ2-1,ASSPEVGQEQF,1
TRBV7-9,TRBJ2-1,ASSPEVGQGENEQF,1
TRBV7-9,TRBJ2-1,ASSPEVGRARNEQF,1
TRBV7-9,TRBJ2-1,ASSPEVGRLAGAYNEQF,1
TRBV7-9,TRBJ2-1,ASSPEVGSSSYNEQF,7
TRBV7-9,TRBJ2-1,ASSPEVGSSYYNEQF,1
TRBV7-9,TRBJ2-1,ASSPEVGSYNEQF,12
TRBV7-9,TRBJ2-1,ASSPEVGTGSTYNEQF,9
TRBV7-9,TRBJ2-1,ASSPEVGTSGSSDEQF,1
TRBV7-9,TRBJ2-1,ASSPEVGYNEQF,11
TRBV7-9,TRBJ2-1,ASSPEVGYNGQF,1
TRBV7-9,TRBJ2-1,ASSPEVIAGS,1
TRBV7-9,TRBJ2-1,ASSPEVKEGGFRNEQF,1
TRBV7-9,TRBJ2-1,ASSPEVLAGGRYNEQF,1
TRBV7-9,TRBJ2-1,ASSPEVLAGNHNEQF,2
TRBV7-9,TRBJ2-1,ASSPEVLAGNNNEQF,1
TRBV7-9,TRBJ2-1,ASSPEVLASHNEQF,1
TRBV7-9,TRBJ2-1,ASSPEVLWGSNEQF,1
TRBV7-9,TRBJ2-1,ASSPEVNEQF,4
TRBV7-9,TRBJ2-1,ASSPEVPEGDEQF,1
TRBV7-9,TRBJ2-1,ASSPEVPLGYNEQF,1
TRBV7-9,TRBJ2-1,ASSPEVPSSYNEQF,1
TRBV7-9,TRBJ2-1,ASSPEVPSYNEQF,1
TRBV7-9,TRBJ2-1,ASSPEVQGTENEQF,1
TRBV7-9,TRBJ2-1,ASSPEVQYNEQF,1
TRBV7-9,TRBJ2-1,ASSPEVRDEQF,1
TRBV7-9,TRBJ2-1,ASSPEVRDGNEQF,1
TRBV7-9,TRBJ2-1,ASSPEVRGTENEQF,14
TRBV7-9,TRBJ2-1,ASSPEVRVNEQF,1
TRBV7-9,TRBJ2-1,ASSPEVRVV,8
TRBV7-9,TRBJ2-1,ASSPEVSEQF,1
TRBV7-9,TRBJ2-1,ASSPEVSGSDEQF,1
TRBV7-9,TRBJ2-1,ASSPEVSGYNEQF,4
TRBV7-9,TRBJ2-1,ASSPEVSYNEQF,3
TRBV7-9,TRBJ2-1,ASSPEVTSPSYNEQF,1
TRBV7-9,TRBJ2-1,ASSPEVTSYNEQF,1
TRBV7-9,TRBJ2-1,ASSPEVTVTYNEQF,1
TRBV7-9,TRBJ2-1,ASSPEVVAGGHEQF,10
TRBV7-9,TRBJ2-1,ASSPEVVSGYNEQF,1
TRBV7-9,TRBJ2-1,ASSPEVVSYNEQF,1
TRBV7-9,TRBJ2-1,ASSPEVVYNEQF,5
TRBV7-9,TRBJ2-1,ASSPEVWTTYNEQF,3
TRBV7-9,TRBJ2-1,ASSPEVWVNEQF,1
TRBV7-9,TRBJ2-1,ASSPEVYEQF,9
TRBV7-9,TRBJ2-1,ASSPEVYLAVNNEQF,2
TRBV7-9,TRBJ2-1,ASSPEVYLAVNYEQF,1
TRBV7-9,TRBJ2-1,ASSPEVYNEQF,3
TRBV7-9,TRBJ2-1,ASSPEVYSSYNEQF,2
TRBV7-9,TRBJ2-1,ASSPEWAAYNEQF,1
TRBV7-9,TRBJ2-1,ASSPEWAGGYEQF,1
TRBV7-9,TRBJ2-1,ASSPEWAGNSNEQF,1
TRBV7-9,TRBJ2-1,ASSPEWAGNYNEQF,21
TRBV7-9,TRBJ2-1,ASSPEWAGVSYNEQF,9
TRBV7-9,TRBJ2-1,ASSPEWAPKASYNEQF,1
TRBV7-9,TRBJ2-1,ASSPEWCGMENEQF,1
TRBV7-9,TRBJ2-1,ASSPEWDEQC,1
TRBV7-9,TRBJ2-1,ASSPEWDEQF,15
TRBV7-9,TRBJ2-1,ASSPEWDIYNEQF,1
TRBV7-9,TRBJ2-1,ASSPEWEGNEQF,2
TRBV7-9,TRBJ2-1,ASSPEWEGNYNEQV,1
TRBV7-9,TRBJ2-1,ASSPEWFYEGNEQF,1
TRBV7-9,TRBJ2-1,ASSPEWGEHNEQF,1
TRBV7-9,TRBJ2-1,ASSPEWGGRDNEHF,2
TRBV7-9,TRBJ2-1,ASSPEWGGRDNEQF,6
TRBV7-9,TRBJ2-1,ASSPEWGGYNEQF,28
TRBV7-9,TRBJ2-1,ASSPEWGLAGSSYNEQF,1
TRBV7-9,TRBJ2-1,ASSPEWGLSRGEKF,1
TRBV7-9,TRBJ2-1,ASSPEWGLSRGEQF,11
TRBV7-9,TRBJ2-1,ASSPEWGNEQF,1
TRBV7-9,TRBJ2-1,ASSPEWGQSYNEQF,1
TRBV7-9,TRBJ2-1,ASSPEWGSNEQF,6
TRBV7-9,TRBJ2-1,ASSPEWGVRDNEQF,2
TRBV7-9,TRBJ2-1,ASSPEWKGGYNEQF,1
TRBV7-9,TRBJ2-1,ASSPEWLAGYNEQF,1
TRBV7-9,TRBJ2-1,ASSPEWLFNEQF,1
TRBV7-9,TRBJ2-1,ASSPEWLGGVGEQF,3
TRBV7-9,TRBJ2-1,ASSPEWNEQF,1
TRBV7-9,TRBJ2-1,ASSPEWPTSGRRNEQF,1
TRBV7-9,TRBJ2-1,ASSPEWPTYNEQF,1
TRBV7-9,TRBJ2-1,ASSPEWRGNEQF,1
TRBV7-9,TRBJ2-1,ASSPEWSERTDNEQF,1
TRBV7-9,TRBJ2-1,ASSPEWSGNEHF,1
TRBV7-9,TRBJ2-1,ASSPEWSGNEQF,11
TRBV7-9,TRBJ2-1,ASSPEWSGYHEQF,1
TRBV7-9,TRBJ2-1,ASSPEWSGYNEQF,13
TRBV7-9,TRBJ2-1,ASSPEWSYNEQF,1
TRBV7-9,TRBJ2-1,ASSPEWTTYNEQF,1
TRBV7-9,TRBJ2-1,ASSPEWVGNYNEQF,1
TRBV7-9,TRBJ2-1,ASSPEWVHGQF,4
TRBV7-9,TRBJ2-1,ASSPEWVNEQF,1
TRBV7-9,TRBJ2-1,ASSPEYAQF,10
TRBV7-9,TRBJ2-1,ASSPEYASGNNEQF,1
TRBV7-9,TRBJ2-1,ASSPEYDEQF,1
TRBV7-9,TRBJ2-1,ASSPEYEQF,11
TRBV7-9,TRBJ2-1,ASSPEYFAQF,1
TRBV7-9,TRBJ2-1,ASSPEYFEQF,4
TRBV7-9,TRBJ2-1,ASSPEYGQGEGYNEQF,1
TRBV7-9,TRBJ2-1,ASSPEYGSYNEQF,1
TRBV7-9,TRBJ2-1,ASSPEYNEQF,9
TRBV7-9,TRBJ2-1,ASSPEYRDGGF,1
TRBV7-9,TRBJ2-1,ASSPEYTRKNPYNEQF,1
TRBV7-9,TRBJ2-1,ASSPEYVRYNEQF,1
TRBV7-9,TRBJ2-1,ASSPEYYNEQF,1
TRBV7-9,TRBJ2-1,ASSPFADDNEQF,1
TRBV7-9,TRBJ2-1,ASSPFADEQF,1
TRBV7-9,TRBJ2-1,ASSPFAEQC,1
TRBV7-9,TRBJ2-1,ASSPFAEQF,3
TRBV7-9,TRBJ2-1,ASSPFAFGF,3
TRBV7-9,TRBJ2-1,ASSPFAGADNEQF,1
TRBV7-9,TRBJ2-1,ASSPFAGAGYNEQF,8
TRBV7-9,TRBJ2-1,ASSPFAGAMNEQF,1
TRBV7-9,TRBJ2-1,ASSPFAGAPNEQF,1
TRBV7-9,TRBJ2-1,ASSPFAGASSYNEQF,1
TRBV7-9,TRBJ2-1,ASSPFAGATLNEQF,1
TRBV7-9,TRBJ2-1,ASSPFAGAYNEQF,3
TRBV7-9,TRBJ2-1,ASSPFAGDLYNEQF,19
TRBV7-9,TRBJ2-1,ASSPFAGDNEQF,2
TRBV7-9,TRBJ2-1,ASSPFAGGGEQF,14
TRBV7-9,TRBJ2-1,ASSPFAGGGGQF,1
TRBV7-9,TRBJ2-1,ASSPFAGGLSNEQF,1
TRBV7-9,TRBJ2-1,ASSPFAGGPNEQF,10
TRBV7-9,TRBJ2-1,ASSPFAGGPYEQF,1
TRBV7-9,TRBJ2-1,ASSPFAGGRDHNEQF,1
TRBV7-9,TRBJ2-1,ASSPFAGGVNEQF,1
TRBV7-9,TRBJ2-1,ASSPFAGGYNEQF,2
TRBV7-9,TRBJ2-1,ASSPFAGMGYNEQF,1
TRBV7-9,TRBJ2-1,ASSPFAGPTYNEQF,2
TRBV7-9,TRBJ2-1,ASSPFAGRNEQF,1
TRBV7-9,TRBJ2-1,ASSPFAGSASYNEQF,1
TRBV7-9,TRBJ2-1,ASSPFAGTRDNEQF,1
TRBV7-9,TRBJ2-1,ASSPFAGTSGRENEQF,1
TRBV7-9,TRBJ2-1,ASSPFAGTYNEQF,1
TRBV7-9,TRBJ2-1,ASSPFAGVDEQF,1
TRBV7-9,TRBJ2-1,ASSPFAGVHNEQF,1
TRBV7-9,TRBJ2-1,ASSPFALMGPSVYYEQF,2
TRBV7-9,TRBJ2-1,ASSPFALNNEQF,1
TRBV7-9,TRBJ2-1,ASSPFANEQF,1
TRBV7-9,TRBJ2-1,ASSPFAQGPIYNEQF,2
TRBV7-9,TRBJ2-1,ASSPFARAGNEQF,1
TRBV7-9,TRBJ2-1,ASSPFASAGVNEQF,9
TRBV7-9,TRBJ2-1,ASSPFASAYNEQF,1
TRBV7-9,TRBJ2-1,ASSPFASGFNEQF,1
TRBV7-9,TRBJ2-1,ASSPFASGVIPRNEQF,1
TRBV7-9,TRBJ2-1,ASSPFASVGNEQF,1
TRBV7-9,TRBJ2-1,ASSPFATGSNEQF,2
TRBV7-9,TRBJ2-1,ASSPFAVNNEQF,2
TRBV7-9,TRBJ2-1,ASSPFAVYEQF,1
TRBV7-9,TRBJ2-1,ASSPFAYNEQF,1
TRBV7-9,TRBJ2-1,ASSPFCYYNEQF,1
TRBV7-9,TRBJ2-1,ASSPFDADEQF,1
TRBV7-9,TRBJ2-1,ASSPFDAYNEQF,1
TRBV7-9,TRBJ2-1,ASSPFDEQF,6
TRBV7-9,TRBJ2-1,ASSPFDERYNEQF,1
TRBV7-9,TRBJ2-1,ASSPFDFGADRQENEQF,1
TRBV7-9,TRBJ2-1,ASSPFDFGGTYNEQF,1
TRBV7-9,TRBJ2-1,ASSPFDGGFSYNEQF,1
TRBV7-9,TRBJ2-1,ASSPFDGGHNEQF,1
TRBV7-9,TRBJ2-1,ASSPFDGGISYNEQF,17
TRBV7-9,TRBJ2-1,ASSPFDGGSKSDEQF,2
TRBV7-9,TRBJ2-1,ASSPFDGGSYKEQF,1
TRBV7-9,TRBJ2-1,ASSPFDGGSYNEQF,11
TRBV7-9,TRBJ2-1,ASSPFDGPYNEQF,9
TRBV7-9,TRBJ2-1,ASSPFDGPYNKQF,1
TRBV7-9,TRBJ2-1,ASSPFDGSYNEQF,6
TRBV7-9,TRBJ2-1,ASSPFDGTFDNEQF,1
TRBV7-9,TRBJ2-1,ASSPFDNEQF,1
TRBV7-9,TRBJ2-1,ASSPFDRGTYNEQF,1
TRBV7-9,TRBJ2-1,ASSPFDRQF,12
TRBV7-9,TRBJ2-1,ASSPFDRSYNEQF,1
TRBV7-9,TRBJ2-1,ASSPFDRTSGYNEQF,1
TRBV7-9,TRBJ2-1,ASSPFDRYNEQF,5
TRBV7-9,TRBJ2-1,ASSPFDSYSSNEQF,1
TRBV7-9,TRBJ2-1,ASSPFDTYSYNEQF,3
TRBV7-9,TRBJ2-1,ASSPFDWQYNEQF,1
TRBV7-9,TRBJ2-1,ASSPFDYNEQF,1
TRBV7-9,TRBJ2-1,ASSPFEAGPYNEQF,8
TRBV7-9,TRBJ2-1,ASSPFEAPVSYNEQC,1
TRBV7-9,TRBJ2-1,ASSPFEAPVSYNEQF,12
TRBV7-9,TRBJ2-1,ASSPFEAYNEQF,1
TRBV7-9,TRBJ2-1,ASSPFEDEQF,2
TRBV7-9,TRBJ2-1,ASSPFEGDSYNEQF,2
TRBV7-9,TRBJ2-1,ASSPFEGGINEQF,1
TRBV7-9,TRBJ2-1,ASSPFEGGNPNEQF,1
TRBV7-9,TRBJ2-1,ASSPFEGGSYNEQF,10
TRBV7-9,TRBJ2-1,ASSPFEGGTDNEQF,1
TRBV7-9,TRBJ2-1,ASSPFEGPQWDEQF,1
TRBV7-9,TRBJ2-1,ASSPFEGPRNEQF,1
TRBV7-9,TRBJ2-1,ASSPFEGPYDEQF,1
TRBV7-9,TRBJ2-1,ASSPFEGPYNEQF,8
TRBV7-9,TRBJ2-1,ASSPFEGQGDNEQF,1
TRBV7-9,TRBJ2-1,ASSPFEGSSYNEQF,2
TRBV7-9,TRBJ2-1,ASSPFEHSSYNEQF,1
TRBV7-9,TRBJ2-1,ASSPFEIRGTYNEQF,1
TRBV7-9,TRBJ2-1,ASSPFELAGGPVNEQF,1
TRBV7-9,TRBJ2-1,ASSPFELGQKNYNEQF,1
TRBV7-9,TRBJ2-1,ASSPFEPNEQF,1
TRBV7-9,TRBJ2-1,ASSPFEQF,12
TRBV7-9,TRBJ2-1,ASSPFEQGHEQF,1
TRBV7-9,TRBJ2-1,ASSPFERANTPNEQF,1
TRBV7-9,TRBJ2-1,ASSPFEREGWDEQF,1
TRBV7-9,TRBJ2-1,ASSPFERGANEQF,1
TRBV7-9,TRBJ2-1,ASSPFERHNEQF,1
TRBV7-9,TRBJ2-1,ASSPFERNSDNEQF,1
TRBV7-9,TRBJ2-1,ASSPFERNSYNEQF,6
TRBV7-9,TRBJ2-1,ASSPFETSSYNEQF,1
TRBV7-9,TRBJ2-1,ASSPFEVGGYNEQF,9
TRBV7-9,TRBJ2-1,ASSPFEVRGTYNEQF,12
TRBV7-9,TRBJ2-1,ASSPFEWYNEQF,1
TRBV7-9,TRBJ2-1,ASSPFFAGAYNEQF,5
TRBV7-9,TRBJ2-1,ASSPFFASAYNEQF,1
TRBV7-9,TRBJ2-1,ASSPFFDRGRYNEQF,1
TRBV7-9,TRBJ2-1,ASSPFFDSEWDYNEQF,2
TRBV7-9,TRBJ2-1,ASSPFFGDRVNNEQF,1
TRBV7-9,TRBJ2-1,ASSPFFGIEQF,1
TRBV7-9,TRBJ2-1,ASSPFFGKTYNEQF,1
TRBV7-9,TRBJ2-1,ASSPFFGVEQF,15
TRBV7-9,TRBJ2-1,ASSPFFPDEQF,17
TRBV7-9,TRBJ2-1,ASSPFFPRANEQF,1
TRBV7-9,TRBJ2-1,ASSPFFRDRQDNEQF,1
TRBV7-9,TRBJ2-1,ASSPFFRDTNANEQF,3
TRBV7-9,TRBJ2-1,ASSPFFYYNEQF,11
TRBV7-9,TRBJ2-1,ASSPFGAASSSYNEQF,2
TRBV7-9,TRBJ2-1,ASSPFGADEQF,3
TRBV7-9,TRBJ2-1,ASSPFGAELYNEQF,1
TRBV7-9,TRBJ2-1,ASSPFGAGDNEQF,11
TRBV7-9,TRBJ2-1,ASSPFGAGGHEQF,1
TRBV7-9,TRBJ2-1,ASSPFGAGGLHEQF,1
TRBV7-9,TRBJ2-1,ASSPFGAGSLNEQF,1
TRBV7-9,TRBJ2-1,ASSPFGARDEQF,1
TRBV7-9,TRBJ2-1,ASSPFGASGYNEQF,6
TRBV7-9,TRBJ2-1,ASSPFGASSYNEQF,1
TRBV7-9,TRBJ2-1,ASSPFGASYNEQF,1
TRBV7-9,TRBJ2-1,ASSPFGATSGHYNEQF,1
TRBV7-9,TRBJ2-1,ASSPFGDEQF,2
TRBV7-9,TRBJ2-1,ASSPFGDPYNEQF,1
TRBV7-9,TRBJ2-1,ASSPFGDRGDHEQF,1
TRBV7-9,TRBJ2-1,ASSPFGDRGDNDQF,1
TRBV7-9,TRBJ2-1,ASSPFGDRGDNEKF,1
TRBV7-9,TRBJ2-1,ASSPFGDRGDNEQF,90
TRBV7-9,TRBJ2-1,ASSPFGDRGDNEQI,1
TRBV7-9,TRBJ2-1,ASSPFGDRGENEQF,1
TRBV7-9,TRBJ2-1,ASSPFGEGGQF,11
TRBV7-9,TRBJ2-1,ASSPFGEGLSDNEQF,1
TRBV7-9,TRBJ2-1,ASSPFGEGRNNEQF,1
TRBV7-9,TRBJ2-1,ASSPFGEQF,13
TRBV7-9,TRBJ2-1,ASSPFGERGYNEQF,1
TRBV7-9,TRBJ2-1,ASSPFGFGDNEQF,5
TRBV7-9,TRBJ2-1,ASSPFGFLYNEQF,1
TRBV7-9,TRBJ2-1,ASSPFGFPGNEQF,1
TRBV7-9,TRBJ2-1,ASSPFGGARETNEQF,1
TRBV7-9,TRBJ2-1,ASSPFGGATYNEQF,1
TRBV7-9,TRBJ2-1,ASSPFGGDLNEQF,1
TRBV7-9,TRBJ2-1,ASSPFGGDNEQF,1
TRBV7-9,TRBJ2-1,ASSPFGGDRNEQF,12
TRBV7-9,TRBJ2-1,ASSPFGGDSSHNEQF,1
TRBV7-9,TRBJ2-1,ASSPFGGDSSYNEQF,1
TRBV7-9,TRBJ2-1,ASSPFGGEGQGGNEQF,1
TRBV7-9,TRBJ2-1,ASSPFGGERSSYNEQF,1
TRBV7-9,TRBJ2-1,ASSPFGGFSNEQF,3
TRBV7-9,TRBJ2-1,ASSPFGGGANEQF,20
TRBV7-9,TRBJ2-1,ASSPFGGGNEQF,1
TRBV7-9,TRBJ2-1,ASSPFGGGPGNEQF,1
TRBV7-9,TRBJ2-1,ASSPFGGGTYNEQF,1
TRBV7-9,TRBJ2-1,ASSPFGGGVHNEQF,1
TRBV7-9,TRBJ2-1,ASSPFGGISYNEQF,4
TRBV7-9,TRBJ2-1,ASSPFGGLAGGYNEQF,1
TRBV7-9,TRBJ2-1,ASSPFGGLC,1
TRBV7-9,TRBJ2-1,ASSPFGGLF,3
TRBV7-9,TRBJ2-1,ASSPFGGLNNEQF,8
TRBV7-9,TRBJ2-1,ASSPFGGNEQF,11
TRBV7-9,TRBJ2-1,ASSPFGGQGVNEQF,1
TRBV7-9,TRBJ2-1,ASSPFGGRDNEQF,2
TRBV7-9,TRBJ2-1,ASSPFGGRENEPF,1
TRBV7-9,TRBJ2-1,ASSPFGGRENEQF,3
TRBV7-9,TRBJ2-1,ASSPFGGRPNEQF,1
TRBV7-9,TRBJ2-1,ASSPFGGRPRGEQF,3
TRBV7-9,TRBJ2-1,ASSPFGGRSYNEQF,1
TRBV7-9,TRBJ2-1,ASSPFGGSAYNEQF,1
TRBV7-9,TRBJ2-1,ASSPFGGSDNEQF,5
TRBV7-9,TRBJ2-1,ASSPFGGSGSITYNEQF,1
TRBV7-9,TRBJ2-1,ASSPFGGSGYNEQF,1
TRBV7-9,TRBJ2-1,ASSPFGGSINEQF,1
TRBV7-9,TRBJ2-1,ASSPFGGSSYNEQF,1
TRBV7-9,TRBJ2-1,ASSPFGGSYNEQF,2
TRBV7-9,TRBJ2-1,ASSPFGGTGTYNEQF,1
TRBV7-9,TRBJ2-1,ASSPFGGTPYNEQF,12
TRBV7-9,TRBJ2-1,ASSPFGGTYNEQF,1
TRBV7-9,TRBJ2-1,ASSPFGGVGNEQF,1
TRBV7-9,TRBJ2-1,ASSPFGGVGPGNEQF,1
TRBV7-9,TRBJ2-1,ASSPFGGVYNEQF,11
TRBV7-9,TRBJ2-1,ASSPFGGYEQF,1
TRBV7-9,TRBJ2-1,ASSPFGHNEQF,5
TRBV7-9,TRBJ2-1,ASSPFGIEAYNEQF,1
TRBV7-9,TRBJ2-1,ASSPFGIYNEQF,1
TRBV7-9,TRBJ2-1,ASSPFGLAGGAYEQF,1
TRBV7-9,TRBJ2-1,ASSPFGLAGGPSYNEQF,1
TRBV7-9,TRBJ2-1,ASSPFGLAGNNEQF,1
TRBV7-9,TRBJ2-1,ASSPFGLAGSYNEQF,1
TRBV7-9,TRBJ2-1,ASSPFGLAINEQF,1
TRBV7-9,TRBJ2-1,ASSPFGLALSYNEQF,13
TRBV7-9,TRBJ2-1,ASSPFGLALSYNGQF,1
TRBV7-9,TRBJ2-1,ASSPFGLNNEQF,6
TRBV7-9,TRBJ2-1,ASSPFGLTSTNEQF,1
TRBV7-9,TRBJ2-1,ASSPFGLTYNEQF,1
TRBV7-9,TRBJ2-1,ASSPFGLVGNEQF,1
TRBV7-9,TRBJ2-1,ASSPFGLWYNEQF,1
TRBV7-9,TRBJ2-1,ASSPFGLYNEQF,1
TRBV7-9,TRBJ2-1,ASSPFGNEQF,4
TRBV7-9,TRBJ2-1,ASSPFGPPNEQF,1
TRBV7-9,TRBJ2-1,ASSPFGPSFKL,1
TRBV7-9,TRBJ2-1,ASSPFGPYNEQF,6
TRBV7-9,TRBJ2-1,ASSPFGQGAGNEQF,1
TRBV7-9,TRBJ2-1,ASSPFGQNSYNEQF,1
TRBV7-9,TRBJ2-1,ASSPFGQRSYNEQF,6
TRBV7-9,TRBJ2-1,ASSPFGRADYNEQF,1
TRBV7-9,TRBJ2-1,ASSPFGREGYNEQF,1
TRBV7-9,TRBJ2-1,ASSPFGRGFNEQF,1
TRBV7-9,TRBJ2-1,ASSPFGRGLANEQF,1
TRBV7-9,TRBJ2-1,ASSPFGRGRLYNEQF,1
TRBV7-9,TRBJ2-1,ASSPFGRGTNNEQF,6
TRBV7-9,TRBJ2-1,ASSPFGRPYNEQF,1
TRBV7-9,TRBJ2-1,ASSPFGSGGHNEQF,1
TRBV7-9,TRBJ2-1,ASSPFGSGISYNEQF,1
TRBV7-9,TRBJ2-1,ASSPFGSGNEQF,1
TRBV7-9,TRBJ2-1,ASSPFGSGRGNEEF,1
TRBV7-9,TRBJ2-1,ASSPFGSGRGNEQF,12
TRBV7-9,TRBJ2-1,ASSPFGSGTHNEQF,9
TRBV7-9,TRBJ2-1,ASSPFGSHSYNEQF,6
TRBV7-9,TRBJ2-1,ASSPFGSLEDEQF,1
TRBV7-9,TRBJ2-1,ASSPFGSNEQF,4
TRBV7-9,TRBJ2-1,ASSPFGSSPHNEQF,5
TRBV7-9,TRBJ2-1,ASSPFGSSSNEQF,1
TRBV7-9,TRBJ2-1,ASSPFGSSSYNEQF,1
TRBV7-9,TRBJ2-1,ASSPFGSSYNEQF,12
TRBV7-9,TRBJ2-1,ASSPFGSYNEQF,4
TRBV7-9,TRBJ2-1,ASSPFGTANYNEQF,1
TRBV7-9,TRBJ2-1,ASSPFGTGDEQF,1
TRBV7-9,TRBJ2-1,ASSPFGTGLNEQF,4
TRBV7-9,TRBJ2-1,ASSPFGTGLNNEQF,1
TRBV7-9,TRBJ2-1,ASSPFGTGYNEQF,1
TRBV7-9,TRBJ2-1,ASSPFGTQNNEQF,4
TRBV7-9,TRBJ2-1,ASSPFGTRVTNEQF,1
TRBV7-9,TRBJ2-1,ASSPFGTSFNEQF,1
TRBV7-9,TRBJ2-1,ASSPFGTSGESSYNEQF,1
TRBV7-9,TRBJ2-1,ASSPFGTSGFDEQF,2
TRBV7-9,TRBJ2-1,ASSPFGTSGFNEQF,1
TRBV7-9,TRBJ2-1,ASSPFGTSGNLSRFSYNEQF,7
TRBV7-9,TRBJ2-1,ASSPFGTSGRLNEQF,5
TRBV7-9,TRBJ2-1,ASSPFGTSGRYNEQF,1
TRBV7-9,TRBJ2-1,ASSPFGTSGSSYNEQF,1
TRBV7-9,TRBJ2-1,ASSPFGTSGYNEQF,1
TRBV7-9,TRBJ2-1,ASSPFGTSHNEQF,5
TRBV7-9,TRBJ2-1,ASSPFGTSRNEQF,1
TRBV7-9,TRBJ2-1,ASSPFGTSSYNEQF,2
TRBV7-9,TRBJ2-1,ASSPFGTSYEQF,1
TRBV7-9,TRBJ2-1,ASSPFGTTNEQF,1
TRBV7-9,TRBJ2-1,ASSPFGTYDNEQF,1
TRBV7-9,TRBJ2-1,ASSPFGVNEQF,1
TRBV7-9,TRBJ2-1,ASSPFGVNRESEQF,8
TRBV7-9,TRBJ2-1,ASSPFGVNRGSEQF,2
TRBV7-9,TRBJ2-1,ASSPFGVPMDEQF,1
TRBV7-9,TRBJ2-1,ASSPFGVSGDDEQF,3
TRBV7-9,TRBJ2-1,ASSPFGVSSYNEQF,1
TRBV7-9,TRBJ2-1,ASSPFGVTHEQF,1
TRBV7-9,TRBJ2-1,ASSPFGWAMSSYNEQF,1
TRBV7-9,TRBJ2-1,ASSPFGWGPGHSYNEQF,6
TRBV7-9,TRBJ2-1,ASSPFGYEQF,1
TRBV7-9,TRBJ2-1,ASSPFGYGEQF,9
TRBV7-9,TRBJ2-1,ASSPFHEDEQF,17
TRBV7-9,TRBJ2-1,ASSPFHEQF,2
TRBV7-9,TRBJ2-1,ASSPFHLTNYNEQF,1
TRBV7-9,TRBJ2-1,ASSPFHSSYNEQF,1
TRBV7-9,TRBJ2-1,ASSPFIAGPHKEQF,1
TRBV7-9,TRBJ2-1,ASSPFIAGPHNEQF,1
TRBV7-9,TRBJ2-1,ASSPFIAGVGNEQF,1
TRBV7-9,TRBJ2-1,ASSPFIFDEQF,1
TRBV7-9,TRBJ2-1,ASSPFIGFSYNEQF,1
TRBV7-9,TRBJ2-1,ASSPFIGSYNEQF,1
TRBV7-9,TRBJ2-1,ASSPFIISDYEQF,1
TRBV7-9,TRBJ2-1,ASSPFIPDEQF,1
TRBV7-9,TRBJ2-1,ASSPFIRQGVYNEQF,1
TRBV7-9,TRBJ2-1,ASSPFISSYNEQF,19
TRBV7-9,TRBJ2-1,ASSPFKAGGSNEQF,16
TRBV7-9,TRBJ2-1,ASSPFKEQF,1
TRBV7-9,TRBJ2-1,ASSPFKGLASSYNEQF,1
TRBV7-9,TRBJ2-1,ASSPFKGSFYNEQF,1
TRBV7-9,TRBJ2-1,ASSPFKREGLPYEQF,1
TRBV7-9,TRBJ2-1,ASSPFKVDEQF,1
TRBV7-9,TRBJ2-1,ASSPFKYNEQF,13
TRBV7-9,TRBJ2-1,ASSPFLAEFYNEQF,14
TRBV7-9,TRBJ2-1,ASSPFLAEFYNQKF,1
TRBV7-9,TRBJ2-1,ASSPFLAENEQF,1
TRBV7-9,TRBJ2-1,ASSPFLAGAPNNEQF,1
TRBV7-9,TRBJ2-1,ASSPFLAGASYNEQF,1
TRBV7-9,TRBJ2-1,ASSPFLAGDNEQF,1
TRBV7-9,TRBJ2-1,ASSPFLAGDSYNEQF,1
TRBV7-9,TRBJ2-1,ASSPFLAGEWNEQF,13
TRBV7-9,TRBJ2-1,ASSPFLAGGGYNEQF,1
TRBV7-9,TRBJ2-1,ASSPFLAGGRPYNEQF,1
TRBV7-9,TRBJ2-1,ASSPFLAGGYNEQF,1
TRBV7-9,TRBJ2-1,ASSPFLAGIYNEQF,1
TRBV7-9,TRBJ2-1,ASSPFLAGPGDNEQF,1
TRBV7-9,TRBJ2-1,ASSPFLAGQQF,7
TRBV7-9,TRBJ2-1,ASSPFLAGTDNEQF,11
TRBV7-9,TRBJ2-1,ASSPFLAGVRDEQF,9
TRBV7-9,TRBJ2-1,ASSPFLAGYNEQF,2
TRBV7-9,TRBJ2-1,ASSPFLAPRDEQF,15
TRBV7-9,TRBJ2-1,ASSPFLASSYNEQF,1
TRBV7-9,TRBJ2-1,ASSPFLDEQF,2
TRBV7-9,TRBJ2-1,ASSPFLDNEQF,2
TRBV7-9,TRBJ2-1,ASSPFLDTHNEQF,1
TRBV7-9,TRBJ2-1,ASSPFLGAGGTNEQF,1
TRBV7-9,TRBJ2-1,ASSPFLGDDEQF,1
TRBV7-9,TRBJ2-1,ASSPFLGDEYNEQF,1
TRBV7-9,TRBJ2-1,ASSPFLGDGEQF,65
TRBV7-9,TRBJ2-1,ASSPFLGDSEQF,1
TRBV7-9,TRBJ2-1,ASSPFLGLAGDDEQF,6
TRBV7-9,TRBJ2-1,ASSPFLGLLYNEQF,1
TRBV7-9,TRBJ2-1,ASSPFLGNEQF,7
TRBV7-9,TRBJ2-1,ASSPFLGQGSNEQF,1
TRBV7-9,TRBJ2-1,ASSPFLGQGYNEQF,1
TRBV7-9,TRBJ2-1,ASSPFLGRGSSYNEQF,1
TRBV7-9,TRBJ2-1,ASSPFLGRVGNNEQF,1
TRBV7-9,TRBJ2-1,ASSPFLGSSYNEQF,8
TRBV7-9,TRBJ2-1,ASSPFLGSYNEQF,3
TRBV7-9,TRBJ2-1,ASSPFLGTHNEQF,1
TRBV7-9,TRBJ2-1,ASSPFLIRDEQF,6
TRBV7-9,TRBJ2-1,ASSPFLLGEQF,7
TRBV7-9,TRBJ2-1,ASSPFLLIDEQF,1
TRBV7-9,TRBJ2-1,ASSPFLLMDEQF,38
TRBV7-9,TRBJ2-1,ASSPFLPEEQF,1
TRBV7-9,TRBJ2-1,ASSPFLPGQGISYNEQF,1
TRBV7-9,TRBJ2-1,ASSPFLRGGPQDEQF,4
TRBV7-9,TRBJ2-1,ASSPFLRNEQF,11
TRBV7-9,TRBJ2-1,ASSPFLRPSKFNEQF,1
TRBV7-9,TRBJ2-1,ASSPFLRYYNEQF,1
TRBV7-9,TRBJ2-1,ASSPFLSAGGDNEQF,1
TRBV7-9,TRBJ2-1,ASSPFLSGGTYNEQF,1
TRBV7-9,TRBJ2-1,ASSPFLSGNEQF,1
TRBV7-9,TRBJ2-1,ASSPFLSSYNEQF,8
TRBV7-9,TRBJ2-1,ASSPFLSYNEQF,1
TRBV7-9,TRBJ2-1,ASSPFLTEFYNEQF,1
TRBV7-9,TRBJ2-1,ASSPFLVEQF,3
TRBV7-9,TRBJ2-1,ASSPFLVGVRDEQF,1
TRBV7-9,TRBJ2-1,ASSPFLVIEDNEQF,1
TRBV7-9,TRBJ2-1,ASSPFLWGGNEQF,1
TRBV7-9,TRBJ2-1,ASSPFLYNEQF,16
TRBV7-9,TRBJ2-1,ASSPFMALGDNEQF,2
TRBV7-9,TRBJ2-1,ASSPFMDGYNEQF,1
TRBV7-9,TRBJ2-1,ASSPFMDLRLHEQF,1
TRBV7-9,TRBJ2-1,ASSPFMELLYNEQF,1
TRBV7-9,TRBJ2-1,ASSPFMGANNEQF,1
TRBV7-9,TRBJ2-1,ASSPFMGGLSYNEQF,1
TRBV7-9,TRBJ2-1,ASSPFMGGPEQF,2
TRBV7-9,TRBJ2-1,ASSPFMGGSYNEQF,1
TRBV7-9,TRBJ2-1,ASSPFMGLLYDEQF,1
TRBV7-9,TRBJ2-1,ASSPFMGLLYHEQF,1
TRBV7-9,TRBJ2-1,ASSPFMGLLYKEQF,1
TRBV7-9,TRBJ2-1,ASSPFMGLLYNEQC,3
TRBV7-9,TRBJ2-1,ASSPFMGLLYNEQF,108
TRBV7-9,TRBJ2-1,ASSPFMGLLYNEQI,1
TRBV7-9,TRBJ2-1,ASSPFMGLLYNEQS,1
TRBV7-9,TRBJ2-1,ASSPFMGLLYNVQF,1
TRBV7-9,TRBJ2-1,ASSPFMGLVYNEQF,1
TRBV7-9,TRBJ2-1,ASSPFMGRLYNEQF,1
TRBV7-9,TRBJ2-1,ASSPFMQGAYNEQF,8
TRBV7-9,TRBJ2-1,ASSPFMQGNEQF,10
TRBV7-9,TRBJ2-1,ASSPFMRLLYNEQF,1
TRBV7-9,TRBJ2-1,ASSPFMWRREGSGNEQF,1
TRBV7-9,TRBJ2-1,ASSPFNDQF,1
TRBV7-9,TRBJ2-1,ASSPFNEDYNEQF,1
TRBV7-9,TRBJ2-1,ASSPFNEQF,59
TRBV7-9,TRBJ2-1,ASSPFNHGLGGRYNEQF,1
TRBV7-9,TRBJ2-1,ASSPFNRGDSNEQF,9
TRBV7-9,TRBJ2-1,ASSPFNRGLTYNEQF,25
TRBV7-9,TRBJ2-1,ASSPFNSAGNEQF,16
TRBV7-9,TRBJ2-1,ASSPFNSTYNEQF,1
TRBV7-9,TRBJ2-1,ASSPFPAADNELF,1
TRBV7-9,TRBJ2-1,ASSPFPAGNNEQF,1
TRBV7-9,TRBJ2-1,ASSPFPAGVFNEQF,1
TRBV7-9,TRBJ2-1,ASSPFPAYNEQF,2
TRBV7-9,TRBJ2-1,ASSPFPCGRTNEQF,1
TRBV7-9,TRBJ2-1,ASSPFPDSRSYNEQF,1
TRBV7-9,TRBJ2-1,ASSPFPEGGLKGNEQF,1
TRBV7-9,TRBJ2-1,ASSPFPGEGYNEQF,1
TRBV7-9,TRBJ2-1,ASSPFPGEQSYNEQF,1
TRBV7-9,TRBJ2-1,ASSPFPGFFNEQF,1
TRBV7-9,TRBJ2-1,ASSPFPGGAADEQF,2
TRBV7-9,TRBJ2-1,ASSPFPGGAGDEQF,1
TRBV7-9,TRBJ2-1,ASSPFPGGFSYNEQF,1
TRBV7-9,TRBJ2-1,ASSPFPGGGPGNEQF,1
TRBV7-9,TRBJ2-1,ASSPFPGGPYNEQF,1
TRBV7-9,TRBJ2-1,ASSPFPGGSYNEQF,8
TRBV7-9,TRBJ2-1,ASSPFPGHYNEQF,1
TRBV7-9,TRBJ2-1,ASSPFPGLAGGFYNEQF,5
TRBV7-9,TRBJ2-1,ASSPFPGLVNEQF,1
TRBV7-9,TRBJ2-1,ASSPFPGLVVYEQF,1
TRBV7-9,TRBJ2-1,ASSPFPGQGAHNEQF,1
TRBV7-9,TRBJ2-1,ASSPFPGQGFDEQF,1
TRBV7-9,TRBJ2-1,ASSPFPGQGIHEQF,1
TRBV7-9,TRBJ2-1,ASSPFPGQGNNEQF,1
TRBV7-9,TRBJ2-1,ASSPFPGRNEQF,1
TRBV7-9,TRBJ2-1,ASSPFPGRQSSYNEQF,1
TRBV7-9,TRBJ2-1,ASSPFPGRSYNEQF,1
TRBV7-9,TRBJ2-1,ASSPFPGTKGNEQF,1
TRBV7-9,TRBJ2-1,ASSPFPGTQGGNEQF,1
TRBV7-9,TRBJ2-1,ASSPFPGTSEYNEQF,4
TRBV7-9,TRBJ2-1,ASSPFPGTSVWNEQF,10
TRBV7-9,TRBJ2-1,ASSPFPGVSYNEQF,1
TRBV7-9,TRBJ2-1,ASSPFPGWREGSGYEQF,1
TRBV7-9,TRBJ2-1,ASSPFPGYNEQF,1
TRBV7-9,TRBJ2-1,ASSPFPGYSLFFNEQF,1
TRBV7-9,TRBJ2-1,ASSPFPLAGYNEQF,2
TRBV7-9,TRBJ2-1,ASSPFPLDSYNEQF,1
TRBV7-9,TRBJ2-1,ASSPFPMGGRYNEQF,8
TRBV7-9,TRBJ2-1,ASSPFPMTSGRTNEQF,1
TRBV7-9,TRBJ2-1,ASSPFPNEQF,3
TRBV7-9,TRBJ2-1,ASSPFPPAYNEQF,1
TRBV7-9,TRBJ2-1,ASSPFPPFVAGGDNEQF,4
TRBV7-9,TRBJ2-1,ASSPFPPGNEQF,1
TRBV7-9,TRBJ2-1,ASSPFPPRGKGNEQF,1
TRBV7-9,TRBJ2-1,ASSPFPQASSYNEQF,1
TRBV7-9,TRBJ2-1,ASSPFPQGIKNEQF,1
TRBV7-9,TRBJ2-1,ASSPFPQGPGSYNEQF,1
TRBV7-9,TRBJ2-1,ASSPFPQRDEQF,1
TRBV7-9,TRBJ2-1,ASSPFPRASGGYNEQF,1
TRBV7-9,TRBJ2-1,ASSPFPREASYNEQF,1
TRBV7-9,TRBJ2-1,ASSPFPREQGRNEQF,1
TRBV7-9,TRBJ2-1,ASSPFPRESSYNEQF,1
TRBV7-9,TRBJ2-1,ASSPFPRGPGRNEQF,1
TRBV7-9,TRBJ2-1,ASSPFPRGQGRNAQF,1
TRBV7-9,TRBJ2-1,ASSPFPRGQGRNEQF,11
TRBV7-9,TRBJ2-1,ASSPFPRGSSYNEQF,1
TRBV7-9,TRBJ2-1,ASSPFPRGTHYNEQF,1
TRBV7-9,TRBJ2-1,ASSPFPRRGSLEQF,4
TRBV7-9,TRBJ2-1,ASSPFPRSSYNEQF,2
TRBV7-9,TRBJ2-1,ASSPFPSAGAGTYNEQF,1
TRBV7-9,TRBJ2-1,ASSPFPSAHSYNEQF,1
TRBV7-9,TRBJ2-1,ASSPFPSGRKNEQF,2
TRBV7-9,TRBJ2-1,ASSPFPSGRTNEQF,12
TRBV7-9,TRBJ2-1,ASSPFPSVRTNEQF,1
TRBV7-9,TRBJ2-1,ASSPFPTGNEQF,1
TRBV7-9,TRBJ2-1,ASSPFPYEQF,2
TRBV7-9,TRBJ2-1,ASSPFPYNDQF,1
TRBV7-9,TRBJ2-1,ASSPFPYNEQF,15
TRBV7-9,TRBJ2-1,ASSPFQEDEQF,1
TRBV7-9,TRBJ2-1,ASSPFQEGGGNEQF,1
TRBV7-9,TRBJ2-1,ASSPFQELAGQGLFDEQF,2
TRBV7-9,TRBJ2-1,ASSPFQF,1
TRBV7-9,TRBJ2-1,ASSPFQGAASKEQF,1
TRBV7-9,TRBJ2-1,ASSPFQGAASNEQF,28
TRBV7-9,TRBJ2-1,ASSPFQGAYNEQF,11
TRBV7-9,TRBJ2-1,ASSPFQGAYYEQF,1
TRBV7-9,TRBJ2-1,ASSPFQGGIMNEQF,10
TRBV7-9,TRBJ2-1,ASSPFQGGQGPSYNEQF,1
TRBV7-9,TRBJ2-1,ASSPFQGLYNEQF,1
TRBV7-9,TRBJ2-1,ASSPFQGPTYNEQF,1
TRBV7-9,TRBJ2-1,ASSPFQGRVRPSDEQF,1
TRBV7-9,TRBJ2-1,ASSPFQGSDEQF,1
TRBV7-9,TRBJ2-1,ASSPFQGSHEQF,1
TRBV7-9,TRBJ2-1,ASSPFQGSSSYNEQF,4
TRBV7-9,TRBJ2-1,ASSPFQGSWDEQF,2
TRBV7-9,TRBJ2-1,ASSPFQLAAHPVY,9
TRBV7-9,TRBJ2-1,ASSPFQNRGDEQF,1
TRBV7-9,TRBJ2-1,ASSPFQRAENEQF,1
TRBV7-9,TRBJ2-1,ASSPFQSYNEQF,1
TRBV7-9,TRBJ2-1,ASSPFQTSGSLNEQF,1
TRBV7-9,TRBJ2-1,ASSPFRAGDYNEQF,1
TRBV7-9,TRBJ2-1,ASSPFRAGTGNEQF,1
TRBV7-9,TRBJ2-1,ASSPFRALQSNEQF,10
TRBV7-9,TRBJ2-1,ASSPFRASRYNEQF,1
TRBV7-9,TRBJ2-1,ASSPFRDEQF,3
TRBV7-9,TRBJ2-1,ASSPFRDFYNEQF,1
TRBV7-9,TRBJ2-1,ASSPFRDNDDEQF,1
TRBV7-9,TRBJ2-1,ASSPFRDPEVNEQF,1
TRBV7-9,TRBJ2-1,ASSPFRDRGNEQF,3
TRBV7-9,TRBJ2-1,ASSPFRDRGWNEQF,1
TRBV7-9,TRBJ2-1,ASSPFRDRGYNEQF,1
TRBV7-9,TRBJ2-1,ASSPFRDSVLDEKF,1
TRBV7-9,TRBJ2-1,ASSPFRDSVLDEQF,6
TRBV7-9,TRBJ2-1,ASSPFREDNEQF,16
TRBV7-9,TRBJ2-1,ASSPFRERYNEQF,1
TRBV7-9,TRBJ2-1,ASSPFRESGDNEQF,2
TRBV7-9,TRBJ2-1,ASSPFRGASYNEQF,1
TRBV7-9,TRBJ2-1,ASSPFRGDLYNEQF,10
TRBV7-9,TRBJ2-1,ASSPFRGEGNEQF,9
TRBV7-9,TRBJ2-1,ASSPFRGGHEQF,1
TRBV7-9,TRBJ2-1,ASSPFRGGHNEQF,1
TRBV7-9,TRBJ2-1,ASSPFRGGMNEQF,1
TRBV7-9,TRBJ2-1,ASSPFRGGNEQF,1
TRBV7-9,TRBJ2-1,ASSPFRGGPSYNEQF,2
TRBV7-9,TRBJ2-1,ASSPFRGGRPYNEQF,3
TRBV7-9,TRBJ2-1,ASSPFRGGTSASSYNEQF,8
TRBV7-9,TRBJ2-1,ASSPFRGHSYNEQF,1
TRBV7-9,TRBJ2-1,ASSPFRGKENEQF,6
TRBV7-9,TRBJ2-1,ASSPFRGLADNEQF,6
TRBV7-9,TRBJ2-1,ASSPFRGLAEPRYNEQF,1
TRBV7-9,TRBJ2-1,ASSPFRGLDNEQF,1
TRBV7-9,TRBJ2-1,ASSPFRGLLYNEQC,1
TRBV7-9,TRBJ2-1,ASSPFRGPLGNEQF,12
TRBV7-9,TRBJ2-1,ASSPFRGPLGSEQF,1
TRBV7-9,TRBJ2-1,ASSPFRGPNNEQF,1
TRBV7-9,TRBJ2-1,ASSPFRGPYNEQF,1
TRBV7-9,TRBJ2-1,ASSPFRGQVYNEQF,1
TRBV7-9,TRBJ2-1,ASSPFRGREQF,1
TRBV7-9,TRBJ2-1,ASSPFRGRGYNEQF,1
TRBV7-9,TRBJ2-1,ASSPFRGSSYNEQF,2
TRBV7-9,TRBJ2-1,ASSPFRGSYNEQF,5
TRBV7-9,TRBJ2-1,ASSPFRGTYNEQF,1
TRBV7-9,TRBJ2-1,ASSPFRGWGYNEQF,1
TRBV7-9,TRBJ2-1,ASSPFRGYNEQF,1
TRBV7-9,TRBJ2-1,ASSPFRLAGGNEQF,1
TRBV7-9,TRBJ2-1,ASSPFRLHNEQF,1
TRBV7-9,TRBJ2-1,ASSPFRMTSGANEQF,1
TRBV7-9,TRBJ2-1,ASSPFRNEQF,2
TRBV7-9,TRBJ2-1,ASSPFRNNEQF,1
TRBV7-9,TRBJ2-1,ASSPFRPSNEQF,1
TRBV7-9,TRBJ2-1,ASSPFRQADNEQF,9
TRBV7-9,TRBJ2-1,ASSPFRRAERDEQF,1
TRBV7-9,TRBJ2-1,ASSPFRREGNEQF,7
TRBV7-9,TRBJ2-1,ASSPFRSGRHNEQF,3
TRBV7-9,TRBJ2-1,ASSPFRSPRNEQF,1
TRBV7-9,TRBJ2-1,ASSPFRSRSYNEQF,1
TRBV7-9,TRBJ2-1,ASSPFRTGGTYNEQF,1
TRBV7-9,TRBJ2-1,ASSPFRTGPYNEQF,1
TRBV7-9,TRBJ2-1,ASSPFRTKINEQF,4
TRBV7-9,TRBJ2-1,ASSPFRTSGKNEQF,1
TRBV7-9,TRBJ2-1,ASSPFRTSGTDNEQF,1
TRBV7-9,TRBJ2-1,ASSPFRVNNEQF,1
TRBV7-9,TRBJ2-1,ASSPFRVQYNEQF,1
TRBV7-9,TRBJ2-1,ASSPFRVRSYNEQF,1
TRBV7-9,TRBJ2-1,ASSPFRVYNEQF,1
TRBV7-9,TRBJ2-1,ASSPFSAGRNEQF,1
TRBV7-9,TRBJ2-1,ASSPFSASSYNEQF,7
TRBV7-9,TRBJ2-1,ASSPFSAVDNLQF,1
TRBV7-9,TRBJ2-1,ASSPFSEIDEQF,1
TRBV7-9,TRBJ2-1,ASSPFSERAYNEQF,5
TRBV7-9,TRBJ2-1,ASSPFSERYNEQF,2
TRBV7-9,TRBJ2-1,ASSPFSFDEQF,1
TRBV7-9,TRBJ2-1,ASSPFSGAGAAYNEQF,1
TRBV7-9,TRBJ2-1,ASSPFSGDNEQF,2
TRBV7-9,TRBJ2-1,ASSPFSGEGRDEQF,1
TRBV7-9,TRBJ2-1,ASSPFSGEQF,5
TRBV7-9,TRBJ2-1,ASSPFSGFSYNEQF,6
TRBV7-9,TRBJ2-1,ASSPFSGGDNEQF,4
TRBV7-9,TRBJ2-1,ASSPFSGGGSYNEQF,2
TRBV7-9,TRBJ2-1,ASSPFSGGIPNEQF,1
TRBV7-9,TRBJ2-1,ASSPFSGGNYNEQF,1
TRBV7-9,TRBJ2-1,ASSPFSGGRGNEQF,19
TRBV7-9,TRBJ2-1,ASSPFSGGRWNEQF,1
TRBV7-9,TRBJ2-1,ASSPFSGGSDEQF,1
TRBV7-9,TRBJ2-1,ASSPFSGGSNEQF,1
TRBV7-9,TRBJ2-1,ASSPFSGGSSYNEQF,1
TRBV7-9,TRBJ2-1,ASSPFSGGSYNEQF,1
TRBV7-9,TRBJ2-1,ASSPFSGGYNEQF,1
TRBV7-9,TRBJ2-1,ASSPFSGINDEQF,1
TRBV7-9,TRBJ2-1,ASSPFSGINNEQF,1
TRBV7-9,TRBJ2-1,ASSPFSGLAFNEQF,1
TRBV7-9,TRBJ2-1,ASSPFSGLGYNEQF,1
TRBV7-9,TRBJ2-1,ASSPFSGNEQF,1
TRBV7-9,TRBJ2-1,ASSPFSGNYNEQF,11
TRBV7-9,TRBJ2-1,ASSPFSGNYNEQL,1
TRBV7-9,TRBJ2-1,ASSPFSGPYNEQF,1
TRBV7-9,TRBJ2-1,ASSPFSGQDDEQF,1
TRBV7-9,TRBJ2-1,ASSPFSGQGASYNEQF,1
TRBV7-9,TRBJ2-1,ASSPFSGQPNEQF,1
TRBV7-9,TRBJ2-1,ASSPFSGRAFYEQF,16
TRBV7-9,TRBJ2-1,ASSPFSGRAGDEQF,4
TRBV7-9,TRBJ2-1,ASSPFSGRDEQF,1
TRBV7-9,TRBJ2-1,ASSPFSGRGNNEQF,7
TRBV7-9,TRBJ2-1,ASSPFSGRGSYNEQF,1
TRBV7-9,TRBJ2-1,ASSPFSGRGYNEQF,1
TRBV7-9,TRBJ2-1,ASSPFSGRIDEQF,1
TRBV7-9,TRBJ2-1,ASSPFSGRQYNEQF,1
TRBV7-9,TRBJ2-1,ASSPFSGRRYDEQF,1
TRBV7-9,TRBJ2-1,ASSPFSGRRYNEQF,15
TRBV7-9,TRBJ2-1,ASSPFSGRSYNEQF,1
TRBV7-9,TRBJ2-1,ASSPFSGSFNEQF,1
TRBV7-9,TRBJ2-1,ASSPFSGSGSYNEQF,1
TRBV7-9,TRBJ2-1,ASSPFSGSNNEQF,1
TRBV7-9,TRBJ2-1,ASSPFSGSPYNEQF,5
TRBV7-9,TRBJ2-1,ASSPFSGSSYNEQF,4
TRBV7-9,TRBJ2-1,ASSPFSGSTYNEQF,1
TRBV7-9,TRBJ2-1,ASSPFSGSYNEQF,36
TRBV7-9,TRBJ2-1,ASSPFSGTKPYNEQF,1
TRBV7-9,TRBJ2-1,ASSPFSGTRWDEQF,1
TRBV7-9,TRBJ2-1,ASSPFSGTSGTFANEQF,9
TRBV7-9,TRBJ2-1,ASSPFSGTSYNEQF,1
TRBV7-9,TRBJ2-1,ASSPFSGTVYNEQF,12
TRBV7-9,TRBJ2-1,ASSPFSGVDYNEQF,1
TRBV7-9,TRBJ2-1,ASSPFSGVFNEQF,1
TRBV7-9,TRBJ2-1,ASSPFSGYNEQF,1
TRBV7-9,TRBJ2-1,ASSPFSHGGRDEQF,3
TRBV7-9,TRBJ2-1,ASSPFSILTETNNEQF,1
TRBV7-9,TRBJ2-1,ASSPFSLMGPNFYNEQF,10
TRBV7-9,TRBJ2-1,ASSPFSMEEHYNEQF,1
TRBV7-9,TRBJ2-1,ASSPFSMSSYNEQF,1
TRBV7-9,TRBJ2-1,ASSPFSMYEQF,1
TRBV7-9,TRBJ2-1,ASSPFSNEQF,3
TRBV7-9,TRBJ2-1,ASSPFSPGGPYNEQF,1
TRBV7-9,TRBJ2-1,ASSPFSRAGNEQF,1
TRBV7-9,TRBJ2-1,ASSPFSRDNEQF,12
TRBV7-9,TRBJ2-1,ASSPFSRPFLNNEQF,1
TRBV7-9,TRBJ2-1,ASSPFSRRRYNEQF,1
TRBV7-9,TRBJ2-1,ASSPFSRSYNEQF,1
TRBV7-9,TRBJ2-1,ASSPFSSGPYNEQF,1
TRBV7-9,TRBJ2-1,ASSPFSSRANEQF,2
TRBV7-9,TRBJ2-1,ASSPFSSSYNEQF,2
TRBV7-9,TRBJ2-1,ASSPFSSYNEQF,18
TRBV7-9,TRBJ2-1,ASSPFSTSPSSYNEQF,1
TRBV7-9,TRBJ2-1,ASSPFSTSSSPSNEQF,1
TRBV7-9,TRBJ2-1,ASSPFSYNEQF,7
TRBV7-9,TRBJ2-1,ASSPFSYSYNEQF,1
TRBV7-9,TRBJ2-1,ASSPFTAYNEQF,3
TRBV7-9,TRBJ2-1,ASSPFTDEQF,1
TRBV7-9,TRBJ2-1,ASSPFTEQF,1
TRBV7-9,TRBJ2-1,ASSPFTGDEQF,11
TRBV7-9,TRBJ2-1,ASSPFTGDKQF,1
TRBV7-9,TRBJ2-1,ASSPFTGDNEQF,1
TRBV7-9,TRBJ2-1,ASSPFTGEQF,19
TRBV7-9,TRBJ2-1,ASSPFTGGEYNEQF,3
TRBV7-9,TRBJ2-1,ASSPFTGGPDEQF,1
TRBV7-9,TRBJ2-1,ASSPFTGGRNEQF,1
TRBV7-9,TRBJ2-1,ASSPFTGGRNSNEQF,1
TRBV7-9,TRBJ2-1,ASSPFTGGSYNEQF,1
TRBV7-9,TRBJ2-1,ASSPFTGLATYNEQF,1
TRBV7-9,TRBJ2-1,ASSPFTGNEQF,1
TRBV7-9,TRBJ2-1,ASSPFTGRSYNEQF,1
TRBV7-9,TRBJ2-1,ASSPFTGRTDKEQF,1
TRBV7-9,TRBJ2-1,ASSPFTGRTYNAQF,1
TRBV7-9,TRBJ2-1,ASSPFTGRTYNEQF,17
TRBV7-9,TRBJ2-1,ASSPFTGTGAKNEQF,1
TRBV7-9,TRBJ2-1,ASSPFTGTGGNEQF,3
TRBV7-9,TRBJ2-1,ASSPFTGVNEQF,1
TRBV7-9,TRBJ2-1,ASSPFTGVYNEQF,1
TRBV7-9,TRBJ2-1,ASSPFTGYSYNEQF,1
TRBV7-9,TRBJ2-1,ASSPFTHEQF,6
TRBV7-9,TRBJ2-1,ASSPFTNEQF,1
TRBV7-9,TRBJ2-1,ASSPFTPSSYNEQF,1
TRBV7-9,TRBJ2-1,ASSPFTRYNEQF,1
TRBV7-9,TRBJ2-1,ASSPFTSEQF,9
TRBV7-9,TRBJ2-1,ASSPFTSGGKANEQF,1
TRBV7-9,TRBJ2-1,ASSPFTSGRFDNEQF,1
TRBV7-9,TRBJ2-1,ASSPFTSGRFHEQF,19
TRBV7-9,TRBJ2-1,ASSPFTSGSSYNEQF,1
TRBV7-9,TRBJ2-1,ASSPFTSGSYNEQF,1
TRBV7-9,TRBJ2-1,ASSPFTSGTYNEQF,2
TRBV7-9,TRBJ2-1,ASSPFTSSSWDEQF,1
TRBV7-9,TRBJ2-1,ASSPFTSSYNEQF,1
TRBV7-9,TRBJ2-1,ASSPFTSTNEQF,1
TRBV7-9,TRBJ2-1,ASSPFTSYNEQF,1
TRBV7-9,TRBJ2-1,ASSPFTWREGRNEQF,1
TRBV7-9,TRBJ2-1,ASSPFTYNEQF,1
TRBV7-9,TRBJ2-1,ASSPFVDGNEQF,1
TRBV7-9,TRBJ2-1,ASSPFVEGPLYNEQF,1
TRBV7-9,TRBJ2-1,ASSPFVEQF,7
TRBV7-9,TRBJ2-1,ASSPFVGAEQF,3
TRBV7-9,TRBJ2-1,ASSPFVGAGNEQF,1
TRBV7-9,TRBJ2-1,ASSPFVGANEQF,10
TRBV7-9,TRBJ2-1,ASSPFVGGGLGEQF,2
TRBV7-9,TRBJ2-1,ASSPFVGGGLGIHNEQF,5
TRBV7-9,TRBJ2-1,ASSPFVGGLYNEQF,2
TRBV7-9,TRBJ2-1,ASSPFVGGYNEQF,7
TRBV7-9,TRBJ2-1,ASSPFVGKTYNEQF,1
TRBV7-9,TRBJ2-1,ASSPFVGLSYNEQF,1
TRBV7-9,TRBJ2-1,ASSPFVGQGITGNEQF,1
TRBV7-9,TRBJ2-1,ASSPFVGYNEQF,12
TRBV7-9,TRBJ2-1,ASSPFVGYNERF,1
TRBV7-9,TRBJ2-1,ASSPFVISSYNEQF,1
TRBV7-9,TRBJ2-1,ASSPFVLAGVDEQF,1
TRBV7-9,TRBJ2-1,ASSPFVLTSVYNEQF,1
TRBV7-9,TRBJ2-1,ASSPFVSGVYNEQF,1
TRBV7-9,TRBJ2-1,ASSPFVSSYNEQF,8
TRBV7-9,TRBJ2-1,ASSPFVTLPSYNEQF,1
TRBV7-9,TRBJ2-1,ASSPFVVGNEQF,1
TRBV7-9,TRBJ2-1,ASSPFVVNEQF,6
TRBV7-9,TRBJ2-1,ASSPFVVSDNEQF,10
TRBV7-9,TRBJ2-1,ASSPFVWRTNEQF,1
TRBV7-9,TRBJ2-1,ASSPFVWVEQF,6
TRBV7-9,TRBJ2-1,ASSPFWASGTYNEQF,7
TRBV7-9,TRBJ2-1,ASSPFWDFENNEQF,1
TRBV7-9,TRBJ2-1,ASSPFWDVNEQF,1
TRBV7-9,TRBJ2-1,ASSPFWEAGNEQF,1
TRBV7-9,TRBJ2-1,ASSPFWGPTYNEQF,1
TRBV7-9,TRBJ2-1,ASSPFWGRRDSNEQF,1
TRBV7-9,TRBJ2-1,ASSPFWMRSYNEQF,1
TRBV7-9,TRBJ2-1,ASSPFWNEQF,8
TRBV7-9,TRBJ2-1,ASSPFWNNEQF,1
TRBV7-9,TRBJ2-1,ASSPFWPGLGDEQF,1
TRBV7-9,TRBJ2-1,ASSPFWSALSYNEQF,1
TRBV7-9,TRBJ2-1,ASSPFWTSGRGNEQF,1
TRBV7-9,TRBJ2-1,ASSPFWTSNNEQF,1
TRBV7-9,TRBJ2-1,ASSPFYEQF,7
TRBV7-9,TRBJ2-1,ASSPFYGGSPYNEQF,1
TRBV7-9,TRBJ2-1,ASSPFYINEQF,1
TRBV7-9,TRBJ2-1,ASSPFYNDQF,1
TRBV7-9,TRBJ2-1,ASSPFYNEQF,22
TRBV7-9,TRBJ2-1,ASSPFYPDEQF,1
TRBV7-9,TRBJ2-1,ASSPFYPKRF,8
TRBV7-9,TRBJ2-1,ASSPFYTKWF,1
TRBV7-9,TRBJ2-1,ASSPGAAAYNEQF,1
TRBV7-9,TRBJ2-1,ASSPGAAGGLYNEQF,10
TRBV7-9,TRBJ2-1,ASSPGAAGGNEQF,1
TRBV7-9,TRBJ2-1,ASSPGAAGGNYNEQF,1
TRBV7-9,TRBJ2-1,ASSPGAAGGSSYNEQF,1
TRBV7-9,TRBJ2-1,ASSPGAAGNHEQF,1
TRBV7-9,TRBJ2-1,ASSPGAAGVNEQF,1
TRBV7-9,TRBJ2-1,ASSPGAAGYEQF,1
TRBV7-9,TRBJ2-1,ASSPGAAKGNEPF,1
TRBV7-9,TRBJ2-1,ASSPGAALYNEQF,12
TRBV7-9,TRBJ2-1,ASSPGAANEQF,1
TRBV7-9,TRBJ2-1,ASSPGAANNEQF,1
TRBV7-9,TRBJ2-1,ASSPGAAPHEQF,1
TRBV7-9,TRBJ2-1,ASSPGAARGIVPF,1
TRBV7-9,TRBJ2-1,ASSPGAARRNNEQF,1
TRBV7-9,TRBJ2-1,ASSPGAARYNEQF,3
TRBV7-9,TRBJ2-1,ASSPGAASDRNEQF,1
TRBV7-9,TRBJ2-1,ASSPGAASGASYNEQF,2
TRBV7-9,TRBJ2-1,ASSPGAASGRNEQL,1
TRBV7-9,TRBJ2-1,ASSPGAASGRRRNEQF,1
TRBV7-9,TRBJ2-1,ASSPGAASSYNEQF,1
TRBV7-9,TRBJ2-1,ASSPGACEGNDEQF,1
TRBV7-9,TRBJ2-1,ASSPGACGSSYNEQF,1
TRBV7-9,TRBJ2-1,ASSPGACRGEQF,1
TRBV7-9,TRBJ2-1,ASSPGADEQF,14
TRBV7-9,TRBJ2-1,ASSPGADGRGYNEQF,1
TRBV7-9,TRBJ2-1,ASSPGADHPPNEQF,1
TRBV7-9,TRBJ2-1,ASSPGADLRSYNEQF,1
TRBV7-9,TRBJ2-1,ASSPGADNEQF,10
TRBV7-9,TRBJ2-1,ASSPGADRGPYNEQF,1
TRBV7-9,TRBJ2-1,ASSPGADRGYNEQF,13
TRBV7-9,TRBJ2-1,ASSPGADRGYNEQV,1
TRBV7-9,TRBJ2-1,ASSPGADSAFLNEQF,1
TRBV7-9,TRBJ2-1,ASSPGAEARNEQF,1
TRBV7-9,TRBJ2-1,ASSPGAEDPYNEQF,4
TRBV7-9,TRBJ2-1,ASSPGAEDTYNEQF,1
TRBV7-9,TRBJ2-1,ASSPGAEGKYNEQF,1
TRBV7-9,TRBJ2-1,ASSPGAEGRTYNEQF,5
TRBV7-9,TRBJ2-1,ASSPGAEHYNEQY,1
TRBV7-9,TRBJ2-1,ASSPGAEIGNEQF,1
TRBV7-9,TRBJ2-1,ASSPGAEKGNEQF,1
TRBV7-9,TRBJ2-1,ASSPGAELYNEQF,1
TRBV7-9,TRBJ2-1,ASSPGAEPYNEQF,1
TRBV7-9,TRBJ2-1,ASSPGAEQF,23
TRBV7-9,TRBJ2-1,ASSPGAERYNDQF,1
TRBV7-9,TRBJ2-1,ASSPGAERYNEQC,1
TRBV7-9,TRBJ2-1,ASSPGAERYNEQF,90
TRBV7-9,TRBJ2-1,ASSPGAERYNEQS,1
TRBV7-9,TRBJ2-1,ASSPGAERYTEQF,1
TRBV7-9,TRBJ2-1,ASSPGAETSGSLFNEQF,1
TRBV7-9,TRBJ2-1,ASSPGAETYNEQF,4
TRBV7-9,TRBJ2-1,ASSPGAEYNEQF,2
TRBV7-9,TRBJ2-1,ASSPGAFEGNNEQF,12
TRBV7-9,TRBJ2-1,ASSPGAFEGNNEQW,1
TRBV7-9,TRBJ2-1,ASSPGAFGGNNEQF,1
TRBV7-9,TRBJ2-1,ASSPGAFGQGRNEQF,1
TRBV7-9,TRBJ2-1,ASSPGAFLSNEQF,1
TRBV7-9,TRBJ2-1,ASSPGAFSGDEQF,1
TRBV7-9,TRBJ2-1,ASSPGAFSYNEQF,2
TRBV7-9,TRBJ2-1,ASSPGAGAAYNEQF,3
TRBV7-9,TRBJ2-1,ASSPGAGADNEQF,1
TRBV7-9,TRBJ2-1,ASSPGAGAGEQF,9
TRBV7-9,TRBJ2-1,ASSPGAGAGYNEQF,12
TRBV7-9,TRBJ2-1,ASSPGAGAIDEQF,14
TRBV7-9,TRBJ2-1,ASSPGAGALRWEQF,3
TRBV7-9,TRBJ2-1,ASSPGAGANEQF,1
TRBV7-9,TRBJ2-1,ASSPGAGANNEQF,1
TRBV7-9,TRBJ2-1,ASSPGAGARFNEQF,1
TRBV7-9,TRBJ2-1,ASSPGAGASNEQF,1
TRBV7-9,TRBJ2-1,ASSPGAGASYNEQF,1
TRBV7-9,TRBJ2-1,ASSPGAGATFYNEQF,1
TRBV7-9,TRBJ2-1,ASSPGAGAVDEQF,1
TRBV7-9,TRBJ2-1,ASSPGAGDDEQF,11
TRBV7-9,TRBJ2-1,ASSPGAGDEQF,20
TRBV7-9,TRBJ2-1,ASSPGAGDFYNEQF,1
TRBV7-9,TRBJ2-1,ASSPGAGDNEQF,10
TRBV7-9,TRBJ2-1,ASSPGAGDNEQL,1
TRBV7-9,TRBJ2-1,ASSPGAGDREQF,2
TRBV7-9,TRBJ2-1,ASSPGAGDSNEQF,1
TRBV7-9,TRBJ2-1,ASSPGAGDYEQF,1
TRBV7-9,TRBJ2-1,ASSPGAGDYNEQF,6
TRBV7-9,TRBJ2-1,ASSPGAGEAFDEQF,1
TRBV7-9,TRBJ2-1,ASSPGAGEALYNEQF,1
TRBV7-9,TRBJ2-1,ASSPGAGEEQF,1
TRBV7-9,TRBJ2-1,ASSPGAGEGRNEQF,1
TRBV7-9,TRBJ2-1,ASSPGAGEQVNEQF,1
TRBV7-9,TRBJ2-1,ASSPGAGEWNEQF,12
TRBV7-9,TRBJ2-1,ASSPGAGFSEQF,5
TRBV7-9,TRBJ2-1,ASSPGAGGAGNEQF,1
TRBV7-9,TRBJ2-1,ASSPGAGGAWNEQF,3
TRBV7-9,TRBJ2-1,ASSPGAGGDEQF,1
TRBV7-9,TRBJ2-1,ASSPGAGGFNEQF,1
TRBV7-9,TRBJ2-1,ASSPGAGGGGYNEQF,1
TRBV7-9,TRBJ2-1,ASSPGAGGGNEQF,1
TRBV7-9,TRBJ2-1,ASSPGAGGGSYNEQF,1
TRBV7-9,TRBJ2-1,ASSPGAGGIDEQF,2
TRBV7-9,TRBJ2-1,ASSPGAGGLAGYNEQF,1
TRBV7-9,TRBJ2-1,ASSPGAGGLSNEQF,1
TRBV7-9,TRBJ2-1,ASSPGAGGLSYNEQF,1
TRBV7-9,TRBJ2-1,ASSPGAGGNEQF,3
TRBV7-9,TRBJ2-1,ASSPGAGGNNEQF,7
TRBV7-9,TRBJ2-1,ASSPGAGGNYNEQF,1
TRBV7-9,TRBJ2-1,ASSPGAGGPDEQF,3
TRBV7-9,TRBJ2-1,ASSPGAGGPDNEQV,1
TRBV7-9,TRBJ2-1,ASSPGAGGPEGDEQF,8
TRBV7-9,TRBJ2-1,ASSPGAGGPESYNEQF,1
TRBV7-9,TRBJ2-1,ASSPGAGGPFNEQF,1
TRBV7-9,TRBJ2-1,ASSPGAGGPGEPNEQF,1
TRBV7-9,TRBJ2-1,ASSPGAGGPNEQF,4
TRBV7-9,TRBJ2-1,ASSPGAGGPRNEQF,5
TRBV7-9,TRBJ2-1,ASSPGAGGPSGYNEQF,4
TRBV7-9,TRBJ2-1,ASSPGAGGPVNEQF,2
TRBV7-9,TRBJ2-1,ASSPGAGGPYEQF,1
TRBV7-9,TRBJ2-1,ASSPGAGGPYNEQF,4
TRBV7-9,TRBJ2-1,ASSPGAGGRDEQF,2
TRBV7-9,TRBJ2-1,ASSPGAGGRNEQF,1
TRBV7-9,TRBJ2-1,ASSPGAGGRYNEQF,1
TRBV7-9,TRBJ2-1,ASSPGAGGSSDEQF,1
TRBV7-9,TRBJ2-1,ASSPGAGGSYNEQF,1
TRBV7-9,TRBJ2-1,ASSPGAGGTDEQF,1
TRBV7-9,TRBJ2-1,ASSPGAGGTYNEQF,1
TRBV7-9,TRBJ2-1,ASSPGAGGVGLNEQF,1
TRBV7-9,TRBJ2-1,ASSPGAGGVSYNEQF,1
TRBV7-9,TRBJ2-1,ASSPGAGGVWLNEQF,11
TRBV7-9,TRBJ2-1,ASSPGAGGWNEQF,1
TRBV7-9,TRBJ2-1,ASSPGAGGYNEQF,13
TRBV7-9,TRBJ2-1,ASSPGAGGYYNEQF,9
TRBV7-9,TRBJ2-1,ASSPGAGHNNEQF,1
TRBV7-9,TRBJ2-1,ASSPGAGIEQF,10
TRBV7-9,TRBJ2-1,ASSPGAGIGNEQF,1
TRBV7-9,TRBJ2-1,ASSPGAGKGVFEQF,1
TRBV7-9,TRBJ2-1,ASSPGAGKYNEQF,15
TRBV7-9,TRBJ2-1,ASSPGAGKYNKQF,1
TRBV7-9,TRBJ2-1,ASSPGAGLAAYNEQF,1
TRBV7-9,TRBJ2-1,ASSPGAGLAGPDEQF,1
TRBV7-9,TRBJ2-1,ASSPGAGLAGRDEQF,10
TRBV7-9,TRBJ2-1,ASSPGAGLAGSFNEQF,1
TRBV7-9,TRBJ2-1,ASSPGAGLGNEQF,11
TRBV7-9,TRBJ2-1,ASSPGAGLIYNEQF,1
TRBV7-9,TRBJ2-1,ASSPGAGLNEQF,1
TRBV7-9,TRBJ2-1,ASSPGAGLRDEQF,1
TRBV7-9,TRBJ2-1,ASSPGAGLSSYNEQF,1
TRBV7-9,TRBJ2-1,ASSPGAGLVGNEQF,1
TRBV7-9,TRBJ2-1,ASSPGAGLYNEQF,2
TRBV7-9,TRBJ2-1,ASSPGAGMVGNEQF,1
TRBV7-9,TRBJ2-1,ASSPGAGNEQF,4
TRBV7-9,TRBJ2-1,ASSPGAGNNEQF,1
TRBV7-9,TRBJ2-1,ASSPGAGPGRFEQF,10
TRBV7-9,TRBJ2-1,ASSPGAGPSYNEQF,4
TRBV7-9,TRBJ2-1,ASSPGAGPVLDEQF,1
TRBV7-9,TRBJ2-1,ASSPGAGPYNEQF,4
TRBV7-9,TRBJ2-1,ASSPGAGQGAENEQF,1
TRBV7-9,TRBJ2-1,ASSPGAGQGYNEQF,1
TRBV7-9,TRBJ2-1,ASSPGAGQWVYNEQF,1
TRBV7-9,TRBJ2-1,ASSPGAGQYNEQF,11
TRBV7-9,TRBJ2-1,ASSPGAGRANNEQF,1
TRBV7-9,TRBJ2-1,ASSPGAGRAYNEHF,1
TRBV7-9,TRBJ2-1,ASSPGAGRAYNEQF,16
TRBV7-9,TRBJ2-1,ASSPGAGREYNEQF,1
TRBV7-9,TRBJ2-1,ASSPGAGRGEQF,1
TRBV7-9,TRBJ2-1,ASSPGAGRGYNEQF,1
TRBV7-9,TRBJ2-1,ASSPGAGRHNEQF,1
TRBV7-9,TRBJ2-1,ASSPGAGRNEQF,1
TRBV7-9,TRBJ2-1,ASSPGAGRNNEQF,1
TRBV7-9,TRBJ2-1,ASSPGAGRPSYNEQF,5
TRBV7-9,TRBJ2-1,ASSPGAGRSYNEQF,12
TRBV7-9,TRBJ2-1,ASSPGAGRYNEQF,2
TRBV7-9,TRBJ2-1,ASSPGAGSNNEQF,1
TRBV7-9,TRBJ2-1,ASSPGAGSPYNEQF,1
TRBV7-9,TRBJ2-1,ASSPGAGSRYNEQF,1
TRBV7-9,TRBJ2-1,ASSPGAGSSYNEQF,10
TRBV7-9,TRBJ2-1,ASSPGAGSYNEQF,11
TRBV7-9,TRBJ2-1,ASSPGAGTGGVREQF,6
TRBV7-9,TRBJ2-1,ASSPGAGTGIYNEQF,1
TRBV7-9,TRBJ2-1,ASSPGAGTGVFEQF,6
TRBV7-9,TRBJ2-1,ASSPGAGTGVNEQF,1
TRBV7-9,TRBJ2-1,ASSPGAGTLLNNEQF,1
TRBV7-9,TRBJ2-1,ASSPGAGTLNEQF,1
TRBV7-9,TRBJ2-1,ASSPGAGTLYNEQF,9
TRBV7-9,TRBJ2-1,ASSPGAGTPSNEQF,1
TRBV7-9,TRBJ2-1,ASSPGAGTSGYNEQF,1
TRBV7-9,TRBJ2-1,ASSPGAGTYNEQF,9
TRBV7-9,TRBJ2-1,ASSPGAGVDEQF,1
TRBV7-9,TRBJ2-1,ASSPGAGVGNEQF,2
TRBV7-9,TRBJ2-1,ASSPGAGVGSHEQF,1
TRBV7-9,TRBJ2-1,ASSPGAGVGYEQF,1
TRBV7-9,TRBJ2-1,ASSPGAGVYEQF,1
TRBV7-9,TRBJ2-1,ASSPGAGVYNEQF,1
TRBV7-9,TRBJ2-1,ASSPGAGYDEQF,1
TRBV7-9,TRBJ2-1,ASSPGAGYEQF,1
TRBV7-9,TRBJ2-1,ASSPGAGYGGEQF,20
TRBV7-9,TRBJ2-1,ASSPGAGYGGEQY,1
TRBV7-9,TRBJ2-1,ASSPGAGYNEQF,2
TRBV7-9,TRBJ2-1,ASSPGAGYPNEQF,1
TRBV7-9,TRBJ2-1,ASSPGAGYSGEQF,1
TRBV7-9,TRBJ2-1,ASSPGAHEQF,2
TRBV7-9,TRBJ2-1,ASSPGAHNEQF,2
TRBV7-9,TRBJ2-1,ASSPGAIAYNEQF,1
TRBV7-9,TRBJ2-1,ASSPGAIIYNEQF,1
TRBV7-9,TRBJ2-1,ASSPGAIKEQF,2
TRBV7-9,TRBJ2-1,ASSPGAINEQF,53
TRBV7-9,TRBJ2-1,ASSPGAIRGDEQF,8
TRBV7-9,TRBJ2-1,ASSPGAIRYNEQF,1
TRBV7-9,TRBJ2-1,ASSPGAISGRNEKF,1
TRBV7-9,TRBJ2-1,ASSPGAISNNEQF,1
TRBV7-9,TRBJ2-1,ASSPGAISTYNEQF,1
TRBV7-9,TRBJ2-1,ASSPGAIVNEQF,1
TRBV7-9,TRBJ2-1,ASSPGAKDNEQF,1
TRBV7-9,TRBJ2-1,ASSPGAKGSPHNEQF,6
TRBV7-9,TRBJ2-1,ASSPGALAGEEQF,2
TRBV7-9,TRBJ2-1,ASSPGALAGENNEQF,1
TRBV7-9,TRBJ2-1,ASSPGALAGGGVHNEQF,1
TRBV7-9,TRBJ2-1,ASSPGALAGVSYNEQF,1
TRBV7-9,TRBJ2-1,ASSPGALAGVYNEQF,1
TRBV7-9,TRBJ2-1,ASSPGALGNEQF,4
TRBV7-9,TRBJ2-1,ASSPGALGSYNEQF,5
TRBV7-9,TRBJ2-1,ASSPGALGYNEQF,1
TRBV7-9,TRBJ2-1,ASSPGALLVTDEQF,1
TRBV7-9,TRBJ2-1,ASSPGALLVTNEQF,12
TRBV7-9,TRBJ2-1,ASSPGALNEQF,10
TRBV7-9,TRBJ2-1,ASSPGALNNEQF,1
TRBV7-9,TRBJ2-1,ASSPGALQF,2
TRBV7-9,TRBJ2-1,ASSPGALRSYNEQF,2
TRBV7-9,TRBJ2-1,ASSPGALSYNEQF,3
TRBV7-9,TRBJ2-1,ASSPGALVAGYNEQF,1
TRBV7-9,TRBJ2-1,ASSPGANEQF,28
TRBV7-9,TRBJ2-1,ASSPGANNEQF,12
TRBV7-9,TRBJ2-1,ASSPGANSGHEQF,1
TRBV7-9,TRBJ2-1,ASSPGANSGSNEQF,3
TRBV7-9,TRBJ2-1,ASSPGANYNEQF,12
TRBV7-9,TRBJ2-1,ASSPGAPDSEQF,1
TRBV7-9,TRBJ2-1,ASSPGAPELNEQF,1
TRBV7-9,TRBJ2-1,ASSPGAPHNEQF,1
TRBV7-9,TRBJ2-1,ASSPGAPLYNEQF,1
TRBV7-9,TRBJ2-1,ASSPGAPNEQF,2
TRBV7-9,TRBJ2-1,ASSPGAPPSSVF,10
TRBV7-9,TRBJ2-1,ASSPGAPRDNEQF,1
TRBV7-9,TRBJ2-1,ASSPGAPRYNEQF,11
TRBV7-9,TRBJ2-1,ASSPGAPSGSNEQF,5
TRBV7-9,TRBJ2-1,ASSPGAPSGTTEQF,1
TRBV7-9,TRBJ2-1,ASSPGAPTSVGSYNEQF,1
TRBV7-9,TRBJ2-1,ASSPGAPWDEQF,1
TRBV7-9,TRBJ2-1,ASSPGAPYNEQF,2
TRBV7-9,TRBJ2-1,ASSPGAQGNEQF,1
TRBV7-9,TRBJ2-1,ASSPGAQGYNEQF,9
TRBV7-9,TRBJ2-1,ASSPGAQRSYNEQF,1
TRBV7-9,TRBJ2-1,ASSPGAQSRNEQF,1
TRBV7-9,TRBJ2-1,ASSPGARDNEQF,1
TRBV7-9,TRBJ2-1,ASSPGAREGYNEQF,1
TRBV7-9,TRBJ2-1,ASSPGARELHNEQF,1
TRBV7-9,TRBJ2-1,ASSPGAREYNEQF,1
TRBV7-9,TRBJ2-1,ASSPGARGDEQF,1
TRBV7-9,TRBJ2-1,ASSPGARGDYNEQF,1
TRBV7-9,TRBJ2-1,ASSPGARGGRAYNEQF,1
TRBV7-9,TRBJ2-1,ASSPGARGSSYNEQF,5
TRBV7-9,TRBJ2-1,ASSPGARGTYNEQF,6
TRBV7-9,TRBJ2-1,ASSPGARLAPNEQF,1
TRBV7-9,TRBJ2-1,ASSPGARNEQF,2
TRBV7-9,TRBJ2-1,ASSPGARNSYNDQF,1
TRBV7-9,TRBJ2-1,ASSPGARNSYNEQF,16
TRBV7-9,TRBJ2-1,ASSPGARNSYNGQF,1
TRBV7-9,TRBJ2-1,ASSPGARRL,11
TRBV7-9,TRBJ2-1,ASSPGARRLPHEQF,4
TRBV7-9,TRBJ2-1,ASSPGARRYNEQF,1
TRBV7-9,TRBJ2-1,ASSPGARSYNEQF,2
TRBV7-9,TRBJ2-1,ASSPGARTLYNEQF,1
TRBV7-9,TRBJ2-1,ASSPGARTRGNEQF,1
TRBV7-9,TRBJ2-1,ASSPGARVPTYEQF,1
TRBV7-9,TRBJ2-1,ASSPGARYNEQF,1
TRBV7-9,TRBJ2-1,ASSPGASADNEQF,1
TRBV7-9,TRBJ2-1,ASSPGASAYNEQF,14
TRBV7-9,TRBJ2-1,ASSPGASCPNEQF,1
TRBV7-9,TRBJ2-1,ASSPGASCSNEQY,1
TRBV7-9,TRBJ2-1,ASSPGASDEQF,2
TRBV7-9,TRBJ2-1,ASSPGASDFGNEQF,6
TRBV7-9,TRBJ2-1,ASSPGASEGNNEQF,1
TRBV7-9,TRBJ2-1,ASSPGASFVLDEQF,1
TRBV7-9,TRBJ2-1,ASSPGASGANNEQF,1
TRBV7-9,TRBJ2-1,ASSPGASGDNEQF,1
TRBV7-9,TRBJ2-1,ASSPGASGDTYNEQF,1
TRBV7-9,TRBJ2-1,ASSPGASGDYNEQF,14
TRBV7-9,TRBJ2-1,ASSPGASGFNEKF,1
TRBV7-9,TRBJ2-1,ASSPGASGFNEQF,2
TRBV7-9,TRBJ2-1,ASSPGASGGEQF,8
TRBV7-9,TRBJ2-1,ASSPGASGGLSYNEQF,3
TRBV7-9,TRBJ2-1,ASSPGASGGNEQF,1
TRBV7-9,TRBJ2-1,ASSPGASGGSSYNEQF,3
TRBV7-9,TRBJ2-1,ASSPGASGHNEQF,6
TRBV7-9,TRBJ2-1,ASSPGASGIPEGNEQF,1
TRBV7-9,TRBJ2-1,ASSPGASGISSYNEQF,1
TRBV7-9,TRBJ2-1,ASSPGASGIYNEQF,1
TRBV7-9,TRBJ2-1,ASSPGASGLSSYNEQF,1
TRBV7-9,TRBJ2-1,ASSPGASGLTSYKEQF,1
TRBV7-9,TRBJ2-1,ASSPGASGLTSYNEQF,5
TRBV7-9,TRBJ2-1,ASSPGASGPMDEQF,1
TRBV7-9,TRBJ2-1,ASSPGASGPNEQF,9
TRBV7-9,TRBJ2-1,ASSPGASGPSSYNEQF,1
TRBV7-9,TRBJ2-1,ASSPGASGRAASYNEKF,1
TRBV7-9,TRBJ2-1,ASSPGASGRAASYNEQF,4
TRBV7-9,TRBJ2-1,ASSPGASGRHNEQF,1
TRBV7-9,TRBJ2-1,ASSPGASGRIDEQF,1
TRBV7-9,TRBJ2-1,ASSPGASGRNEQF,2
TRBV7-9,TRBJ2-1,ASSPGASGRPRHEQF,14
TRBV7-9,TRBJ2-1,ASSPGASGRPRHQQF,1
TRBV7-9,TRBJ2-1,ASSPGASGRQWDEQF,1
TRBV7-9,TRBJ2-1,ASSPGASGRRDEQF,1
TRBV7-9,TRBJ2-1,ASSPGASGRSNEQF,1
TRBV7-9,TRBJ2-1,ASSPGASGRSYNEQF,1
TRBV7-9,TRBJ2-1,ASSPGASGRTNEQF,1
TRBV7-9,TRBJ2-1,ASSPGASGRWNEQF,1
TRBV7-9,TRBJ2-1,ASSPGASGRYEQF,1
TRBV7-9,TRBJ2-1,ASSPGASGSKGEQF,3
TRBV7-9,TRBJ2-1,ASSPGASGSMHEQF,1
TRBV7-9,TRBJ2-1,ASSPGASGSNEQF,17
TRBV7-9,TRBJ2-1,ASSPGASGSRDEQF,1
TRBV7-9,TRBJ2-1,ASSPGASGSRDNEQF,1
TRBV7-9,TRBJ2-1,ASSPGASGSSYNEQF,18
TRBV7-9,TRBJ2-1,ASSPGASGSSYTEQF,2
TRBV7-9,TRBJ2-1,ASSPGASGSTEQF,1
TRBV7-9,TRBJ2-1,ASSPGASGSYNEQF,2
TRBV7-9,TRBJ2-1,ASSPGASGTEEQF,5
TRBV7-9,TRBJ2-1,ASSPGASGTNEQF,1
TRBV7-9,TRBJ2-1,ASSPGASGTYNEQF,2
TRBV7-9,TRBJ2-1,ASSPGASGYLGDEQF,1
TRBV7-9,TRBJ2-1,ASSPGASGYNEQF,18
TRBV7-9,TRBJ2-1,ASSPGASHPFEQF,2
TRBV7-9,TRBJ2-1,ASSPGASKIFYNEQF,1
TRBV7-9,TRBJ2-1,ASSPGASNDQF,1
TRBV7-9,TRBJ2-1,ASSPGASNEHF,1
TRBV7-9,TRBJ2-1,ASSPGASNEQF,10
TRBV7-9,TRBJ2-1,ASSPGASNEQS,1
TRBV7-9,TRBJ2-1,ASSPGASNYNEQF,1
TRBV7-9,TRBJ2-1,ASSPGASPNEQF,1
TRBV7-9,TRBJ2-1,ASSPGASQDAYNEQF,1
TRBV7-9,TRBJ2-1,ASSPGASRGDEQF,1
TRBV7-9,TRBJ2-1,ASSPGASRGRNEQF,1
TRBV7-9,TRBJ2-1,ASSPGASRNEQF,2
TRBV7-9,TRBJ2-1,ASSPGASSC,1
TRBV7-9,TRBJ2-1,ASSPGASSF,6
TRBV7-9,TRBJ2-1,ASSPGASSGNYNEQF,1
TRBV7-9,TRBJ2-1,ASSPGASSGSNELF,1
TRBV7-9,TRBJ2-1,ASSPGASSGSNEQF,2
TRBV7-9,TRBJ2-1,ASSPGASSNEQF,17
TRBV7-9,TRBJ2-1,ASSPGASSSEQF,1
TRBV7-9,TRBJ2-1,ASSPGASSYHEQF,1
TRBV7-9,TRBJ2-1,ASSPGASSYNEQF,41
TRBV7-9,TRBJ2-1,ASSPGASTVHNEQF,1
TRBV7-9,TRBJ2-1,ASSPGASTYNEQF,8
TRBV7-9,TRBJ2-1,ASSPGASYNEQF,10
TRBV7-9,TRBJ2-1,ASSPGATFGNEQF,1
TRBV7-9,TRBJ2-1,ASSPGATGANDEQF,1
TRBV7-9,TRBJ2-1,ASSPGATGGSNEQF,5
TRBV7-9,TRBJ2-1,ASSPGATGLADNEQF,1
TRBV7-9,TRBJ2-1,ASSPGATGNEQF,12
TRBV7-9,TRBJ2-1,ASSPGATGSHEQF,1
TRBV7-9,TRBJ2-1,ASSPGATGVYNEQF,1
TRBV7-9,TRBJ2-1,ASSPGATIGNEQF,1
TRBV7-9,TRBJ2-1,ASSPGATIGSNEQF,4
TRBV7-9,TRBJ2-1,ASSPGATNGSNEQF,1
TRBV7-9,TRBJ2-1,ASSPGATRGRNGQF,1
TRBV7-9,TRBJ2-1,ASSPGATRGSNAQF,1
TRBV7-9,TRBJ2-1,ASSPGATRGSNEQF,6
TRBV7-9,TRBJ2-1,ASSPGATRGSNEQL,1
TRBV7-9,TRBJ2-1,ASSPGATSASNEEF,1
TRBV7-9,TRBJ2-1,ASSPGATSASNEQF,1
TRBV7-9,TRBJ2-1,ASSPGATSESNEQF,2
TRBV7-9,TRBJ2-1,ASSPGATSGCNEQF,1
TRBV7-9,TRBJ2-1,ASSPGATSGGNEQF,3
TRBV7-9,TRBJ2-1,ASSPGATSGIEQF,17
TRBV7-9,TRBJ2-1,ASSPGATSGIEQV,1
TRBV7-9,TRBJ2-1,ASSPGATSGINEQF,1
TRBV7-9,TRBJ2-1,ASSPGATSGNNEQF,2
TRBV7-9,TRBJ2-1,ASSPGATSGRNEQF,5
TRBV7-9,TRBJ2-1,ASSPGATSGSDEQF,3
TRBV7-9,TRBJ2-1,ASSPGATSGSIEQF,5
TRBV7-9,TRBJ2-1,ASSPGATSGSKEQF,6
TRBV7-9,TRBJ2-1,ASSPGATSGSKEQL,1
TRBV7-9,TRBJ2-1,ASSPGATSGSNAQF,4
TRBV7-9,TRBJ2-1,ASSPGATSGSNAQV,1
TRBV7-9,TRBJ2-1,ASSPGATSGSNDPF,1
TRBV7-9,TRBJ2-1,ASSPGATSGSNDQF,5
TRBV7-9,TRBJ2-1,ASSPGATSGSNEHF,6
TRBV7-9,TRBJ2-1,ASSPGATSGSNEHV,1
TRBV7-9,TRBJ2-1,ASSPGATSGSNEKF,2
TRBV7-9,TRBJ2-1,ASSPGATSGSNELF,1
TRBV7-9,TRBJ2-1,ASSPGATSGSNENF,1
TRBV7-9,TRBJ2-1,ASSPGATSGSNEPF,3
TRBV7-9,TRBJ2-1,ASSPGATSGSNEQC,10
TRBV7-9,TRBJ2-1,ASSPGATSGSNEQF,1542
TRBV7-9,TRBJ2-1,ASSPGATSGSNEQL,5
TRBV7-9,TRBJ2-1,ASSPGATSGSNEQS,1
TRBV7-9,TRBJ2-1,ASSPGATSGSNEQV,2
TRBV7-9,TRBJ2-1,ASSPGATSGSNEQY,3
TRBV7-9,TRBJ2-1,ASSPGATSGSNERF,4
TRBV7-9,TRBJ2-1,ASSPGATSGSNESF,1
TRBV7-9,TRBJ2-1,ASSPGATSGSNGQF,3
TRBV7-9,TRBJ2-1,ASSPGATSGSNKQF,1
TRBV7-9,TRBJ2-1,ASSPGATSGSNQQF,1
TRBV7-9,TRBJ2-1,ASSPGATSGSPEQF,2
TRBV7-9,TRBJ2-1,ASSPGATSGSSEQF,1
TRBV7-9,TRBJ2-1,ASSPGATSGTNEQF,3
TRBV7-9,TRBJ2-1,ASSPGATSGYNEQF,1
TRBV7-9,TRBJ2-1,ASSPGATSLWNEQF,15
TRBV7-9,TRBJ2-1,ASSPGATSNEQF,1
TRBV7-9,TRBJ2-1,ASSPGATSRSNEQF,3
TRBV7-9,TRBJ2-1,ASSPGATSSYNEQF,1
TRBV7-9,TRBJ2-1,ASSPGATSVSNEQC,1
TRBV7-9,TRBJ2-1,ASSPGATSVSNEQF,4
TRBV7-9,TRBJ2-1,ASSPGATSWSNEQF,7
TRBV7-9,TRBJ2-1,ASSPGATTGSNEQF,1
TRBV7-9,TRBJ2-1,ASSPGATTGYRNEQF,6
TRBV7-9,TRBJ2-1,ASSPGATTNPYNEQF,6
TRBV7-9,TRBJ2-1,ASSPGATYNEQF,9
TRBV7-9,TRBJ2-1,ASSPGAVNEQF,3
TRBV7-9,TRBJ2-1,ASSPGAVPYNEQF,1
TRBV7-9,TRBJ2-1,ASSPGAVQF,1
TRBV7-9,TRBJ2-1,ASSPGAVRSYNEQF,1
TRBV7-9,TRBJ2-1,ASSPGAVSPSYNEQF,2
TRBV7-9,TRBJ2-1,ASSPGAVSSYNEQF,2
TRBV7-9,TRBJ2-1,ASSPGAVSYNEQF,3
TRBV7-9,TRBJ2-1,ASSPGAVTHGEPF,1
TRBV7-9,TRBJ2-1,ASSPGAVTHGEQF,17
TRBV7-9,TRBJ2-1,ASSPGAVTNGEQF,1
TRBV7-9,TRBJ2-1,ASSPGAVTQGEQF,1
TRBV7-9,TRBJ2-1,ASSPGAVYEQF,9
TRBV7-9,TRBJ2-1,ASSPGAVYNEQF,10
TRBV7-9,TRBJ2-1,ASSPGAWDGTYNEQF,1
TRBV7-9,TRBJ2-1,ASSPGAWEFNEQF,9
TRBV7-9,TRBJ2-1,ASSPGAWGNEQF,1
TRBV7-9,TRBJ2-1,ASSPGAWRAYNEQF,1
TRBV7-9,TRBJ2-1,ASSPGAWSYNEQF,1
TRBV7-9,TRBJ2-1,ASSPGAYIGNEQF,1
TRBV7-9,TRBJ2-1,ASSPGAYKEQF,1
TRBV7-9,TRBJ2-1,ASSPGAYNEKF,1
TRBV7-9,TRBJ2-1,ASSPGAYNEQF,124
TRBV7-9,TRBJ2-1,ASSPGAYNEQV,1
TRBV7-9,TRBJ2-1,ASSPGAYNGQF,1
TRBV7-9,TRBJ2-1,ASSPGAYQDEQF,15
TRBV7-9,TRBJ2-1,ASSPGAYQNEQF,1
TRBV7-9,TRBJ2-1,ASSPGCDEQF,1
TRBV7-9,TRBJ2-1,ASSPGCGRSGNEQF,1
TRBV7-9,TRBJ2-1,ASSPGCLAGGKYNEQF,1
TRBV7-9,TRBJ2-1,ASSPGCLAGSAQF,1
TRBV7-9,TRBJ2-1,ASSPGCSYNEQF,1
TRBV7-9,TRBJ2-1,ASSPGDAFYNEQF,1
TRBV7-9,TRBJ2-1,ASSPGDAGNEQF,1
TRBV7-9,TRBJ2-1,ASSPGDAGVPNEQF,1
TRBV7-9,TRBJ2-1,ASSPGDAHNEQF,4
TRBV7-9,TRBJ2-1,ASSPGDAKYNEQF,9
TRBV7-9,TRBJ2-1,ASSPGDDGFYNEQF,7
TRBV7-9,TRBJ2-1,ASSPGDDNEQF,8
TRBV7-9,TRBJ2-1,ASSPGDEGPGDEQF,1
TRBV7-9,TRBJ2-1,ASSPGDEGYNEQF,1
TRBV7-9,TRBJ2-1,ASSPGDEQF,64
TRBV7-9,TRBJ2-1,ASSPGDESGSYNEQF,1
TRBV7-9,TRBJ2-1,ASSPGDFGYNEQF,1
TRBV7-9,TRBJ2-1,ASSPGDFKSSYNEQF,7
TRBV7-9,TRBJ2-1,ASSPGDFNEQF,5
TRBV7-9,TRBJ2-1,ASSPGDFQQF,8
TRBV7-9,TRBJ2-1,ASSPGDFRIGNEQF,1
TRBV7-9,TRBJ2-1,ASSPGDFRLNEQF,1
TRBV7-9,TRBJ2-1,ASSPGDFYNEQF,8
TRBV7-9,TRBJ2-1,ASSPGDGANEQF,1
TRBV7-9,TRBJ2-1,ASSPGDGGGSYNEQF,1
TRBV7-9,TRBJ2-1,ASSPGDGLAGGLSQF,7
TRBV7-9,TRBJ2-1,ASSPGDGLAGWYNEQF,1
TRBV7-9,TRBJ2-1,ASSPGDGLFYNEQF,1
TRBV7-9,TRBJ2-1,ASSPGDGNNEQF,9
TRBV7-9,TRBJ2-1,ASSPGDGPYNEQF,1
TRBV7-9,TRBJ2-1,ASSPGDGRQANNEQF,1
TRBV7-9,TRBJ2-1,ASSPGDGRSYNEQF,1
TRBV7-9,TRBJ2-1,ASSPGDGSRNEQF,1
TRBV7-9,TRBJ2-1,ASSPGDGSSYNEQF,4
TRBV7-9,TRBJ2-1,ASSPGDGTGVFEQF,1
TRBV7-9,TRBJ2-1,ASSPGDGTNEQF,1
TRBV7-9,TRBJ2-1,ASSPGDGTQDYNEQF,1
TRBV7-9,TRBJ2-1,ASSPGDGVSYNEQF,2
TRBV7-9,TRBJ2-1,ASSPGDGWNEQF,1
TRBV7-9,TRBJ2-1,ASSPGDGYNEQF,9
TRBV7-9,TRBJ2-1,ASSPGDGYPNEQF,1
TRBV7-9,TRBJ2-1,ASSPGDHDEQF,1
TRBV7-9,TRBJ2-1,ASSPGDHEQF,1
TRBV7-9,TRBJ2-1,ASSPGDIAGYNEQF,1
TRBV7-9,TRBJ2-1,ASSPGDIKPPDEQF,1
TRBV7-9,TRBJ2-1,ASSPGDIMNNEQF,1
TRBV7-9,TRBJ2-1,ASSPGDKF,14
TRBV7-9,TRBJ2-1,ASSPGDLGYNEQF,1
TRBV7-9,TRBJ2-1,ASSPGDLLNEQF,1
TRBV7-9,TRBJ2-1,ASSPGDLNEQF,1
TRBV7-9,TRBJ2-1,ASSPGDLNNEQF,1
TRBV7-9,TRBJ2-1,ASSPGDLSSYNEQF,1
TRBV7-9,TRBJ2-1,ASSPGDLSYNEQF,9
TRBV7-9,TRBJ2-1,ASSPGDLTGPMYNEQF,5
TRBV7-9,TRBJ2-1,ASSPGDLTLGNEQF,1
TRBV7-9,TRBJ2-1,ASSPGDLVAGSPSSYNEQF,11
TRBV7-9,TRBJ2-1,ASSPGDNDQF,1
TRBV7-9,TRBJ2-1,ASSPGDNEQF,31
TRBV7-9,TRBJ2-1,ASSPGDPDPNEQF,1
TRBV7-9,TRBJ2-1,ASSPGDPLDEQF,1
TRBV7-9,TRBJ2-1,ASSPGDPNEQF,8
TRBV7-9,TRBJ2-1,ASSPGDPPGVGEQF,5
TRBV7-9,TRBJ2-1,ASSPGDPSREQF,5
TRBV7-9,TRBJ2-1,ASSPGDPYNEQF,1
TRBV7-9,TRBJ2-1,ASSPGDRALYNEQF,1
TRBV7-9,TRBJ2-1,ASSPGDRASYNEQF,1
TRBV7-9,TRBJ2-1,ASSPGDRAYNEQF,1
TRBV7-9,TRBJ2-1,ASSPGDRDHNEQF,1
TRBV7-9,TRBJ2-1,ASSPGDRDNEQF,1
TRBV7-9,TRBJ2-1,ASSPGDRDPNEQF,4
TRBV7-9,TRBJ2-1,ASSPGDRDQF,1
TRBV7-9,TRBJ2-1,ASSPGDRDYNEQF,2
TRBV7-9,TRBJ2-1,ASSPGDREENEQF,1
TRBV7-9,TRBJ2-1,ASSPGDREMDEQF,12
TRBV7-9,TRBJ2-1,ASSPGDRENNEQF,1
TRBV7-9,TRBJ2-1,ASSPGDREPWNEQF,1
TRBV7-9,TRBJ2-1,ASSPGDREQF,6
TRBV7-9,TRBJ2-1,ASSPGDREYLNEQF,1
TRBV7-9,TRBJ2-1,ASSPGDREYNEQF,1
TRBV7-9,TRBJ2-1,ASSPGDRFLVEQF,14
TRBV7-9,TRBJ2-1,ASSPGDRFLVEQL,1
TRBV7-9,TRBJ2-1,ASSPGDRFTAGALLNEQF,5
TRBV7-9,TRBJ2-1,ASSPGDRFYNEQF,1
TRBV7-9,TRBJ2-1,ASSPGDRGDEQF,3
TRBV7-9,TRBJ2-1,ASSPGDRGDNEQF,1
TRBV7-9,TRBJ2-1,ASSPGDRGDYEQF,1
TRBV7-9,TRBJ2-1,ASSPGDRGIENDQF,1
TRBV7-9,TRBJ2-1,ASSPGDRGIENEQF,8
TRBV7-9,TRBJ2-1,ASSPGDRGKHNEQF,7
TRBV7-9,TRBJ2-1,ASSPGDRGLAVYNEQF,1
TRBV7-9,TRBJ2-1,ASSPGDRGLGDEQF,11
TRBV7-9,TRBJ2-1,ASSPGDRGLGNEQF,9
TRBV7-9,TRBJ2-1,ASSPGDRGLKDEQF,1
TRBV7-9,TRBJ2-1,ASSPGDRGLNEQF,2
TRBV7-9,TRBJ2-1,ASSPGDRGLYNEQF,4
TRBV7-9,TRBJ2-1,ASSPGDRGNEQF,13
TRBV7-9,TRBJ2-1,ASSPGDRGPYNEQF,6
TRBV7-9,TRBJ2-1,ASSPGDRGQADEQF,1
TRBV7-9,TRBJ2-1,ASSPGDRGRIMSYNEQF,1
TRBV7-9,TRBJ2-1,ASSPGDRGRYNEQF,1
TRBV7-9,TRBJ2-1,ASSPGDRGSMYEQF,1
TRBV7-9,TRBJ2-1,ASSPGDRGSWAVRQF,16
TRBV7-9,TRBJ2-1,ASSPGDRGSYNEQF,5
TRBV7-9,TRBJ2-1,ASSPGDRGTNEQF,11
TRBV7-9,TRBJ2-1,ASSPGDRGTYNEQF,1
TRBV7-9,TRBJ2-1,ASSPGDRGVAGSNEQF,1
TRBV7-9,TRBJ2-1,ASSPGDRGVNEQF,1
TRBV7-9,TRBJ2-1,ASSPGDRGYNEQF,16
TRBV7-9,TRBJ2-1,ASSPGDRGYYNEQF,1
TRBV7-9,TRBJ2-1,ASSPGDRINNEQF,1
TRBV7-9,TRBJ2-1,ASSPGDRLNEQF,1
TRBV7-9,TRBJ2-1,ASSPGDRLQYNEQF,1
TRBV7-9,TRBJ2-1,ASSPGDRLSYNEQF,1
TRBV7-9,TRBJ2-1,ASSPGDRLTYNEQF,1
TRBV7-9,TRBJ2-1,ASSPGDRNEQF,4
TRBV7-9,TRBJ2-1,ASSPGDRNNEQF,7
TRBV7-9,TRBJ2-1,ASSPGDRPNPANEQF,1
TRBV7-9,TRBJ2-1,ASSPGDRPYNEQF,7
TRBV7-9,TRBJ2-1,ASSPGDRRSYNEQF,1
TRBV7-9,TRBJ2-1,ASSPGDRSAYNEQF,1
TRBV7-9,TRBJ2-1,ASSPGDRSSYNEQF,8
TRBV7-9,TRBJ2-1,ASSPGDRSYNEQF,2
TRBV7-9,TRBJ2-1,ASSPGDRTFYNEQF,16
TRBV7-9,TRBJ2-1,ASSPGDRVDEQF,1
TRBV7-9,TRBJ2-1,ASSPGDRVENEQF,17
TRBV7-9,TRBJ2-1,ASSPGDRVGNEQF,2
TRBV7-9,TRBJ2-1,ASSPGDRVGYEQF,1
TRBV7-9,TRBJ2-1,ASSPGDRVHEQF,1
TRBV7-9,TRBJ2-1,ASSPGDRVIYVGNEQF,5
TRBV7-9,TRBJ2-1,ASSPGDRVNQQF,1
TRBV7-9,TRBJ2-1,ASSPGDRVRDEQF,12
TRBV7-9,TRBJ2-1,ASSPGDRVRDGQF,2
TRBV7-9,TRBJ2-1,ASSPGDRVVYYNEQF,1
TRBV7-9,TRBJ2-1,ASSPGDRYNEQF,1
TRBV7-9,TRBJ2-1,ASSPGDSAYNEQF,1
TRBV7-9,TRBJ2-1,ASSPGDSDNEQF,9
TRBV7-9,TRBJ2-1,ASSPGDSDTEQF,1
TRBV7-9,TRBJ2-1,ASSPGDSGINRHEQF,1
TRBV7-9,TRBJ2-1,ASSPGDSGITYNEQF,1
TRBV7-9,TRBJ2-1,ASSPGDSGLYNEQF,1
TRBV7-9,TRBJ2-1,ASSPGDSGNNEQF,7
TRBV7-9,TRBJ2-1,ASSPGDSGRPSSYNEQF,2
TRBV7-9,TRBJ2-1,ASSPGDSGSSYNEQF,1
TRBV7-9,TRBJ2-1,ASSPGDSGTDEQF,1
TRBV7-9,TRBJ2-1,ASSPGDSGVYNEQF,10
TRBV7-9,TRBJ2-1,ASSPGDSLPSYNEQF,1
TRBV7-9,TRBJ2-1,ASSPGDSLSYNEQF,12
TRBV7-9,TRBJ2-1,ASSPGDSLYNEQF,1
TRBV7-9,TRBJ2-1,ASSPGDSNEQF,2
TRBV7-9,TRBJ2-1,ASSPGDSPNEQF,2
TRBV7-9,TRBJ2-1,ASSPGDSPYNEQF,1
TRBV7-9,TRBJ2-1,ASSPGDSRDNEQF,1
TRBV7-9,TRBJ2-1,ASSPGDSRGNEQF,10
TRBV7-9,TRBJ2-1,ASSPGDSSPSYNEQF,2
TRBV7-9,TRBJ2-1,ASSPGDSSYNEQF,19
TRBV7-9,TRBJ2-1,ASSPGDSVWNEQF,8
TRBV7-9,TRBJ2-1,ASSPGDSVYNEQF,1
TRBV7-9,TRBJ2-1,ASSPGDSWDNEQF,1
TRBV7-9,TRBJ2-1,ASSPGDSYEQF,1
TRBV7-9,TRBJ2-1,ASSPGDSYFNNEQF,1
TRBV7-9,TRBJ2-1,ASSPGDSYNEQF,28
TRBV7-9,TRBJ2-1,ASSPGDSYSYNEQF,4
TRBV7-9,TRBJ2-1,ASSPGDTAYNEQF,1
TRBV7-9,TRBJ2-1,ASSPGDTNNEQF,1
TRBV7-9,TRBJ2-1,ASSPGDTPANEQF,16
TRBV7-9,TRBJ2-1,ASSPGDTPSYNEQF,1
TRBV7-9,TRBJ2-1,ASSPGDTRVDEQF,1
TRBV7-9,TRBJ2-1,ASSPGDTSYKEQF,1
TRBV7-9,TRBJ2-1,ASSPGDTSYNEQF,6
TRBV7-9,TRBJ2-1,ASSPGDTYNEQF,1
TRBV7-9,TRBJ2-1,ASSPGDVQQF,1
TRBV7-9,TRBJ2-1,ASSPGDWGEQF,2
TRBV7-9,TRBJ2-1,ASSPGDWGYYNEQF,7
TRBV7-9,TRBJ2-1,ASSPGDWGYYNVQF,1
TRBV7-9,TRBJ2-1,ASSPGDWNNEQF,6
TRBV7-9,TRBJ2-1,ASSPGDYEQF,1
TRBV7-9,TRBJ2-1,ASSPGDYHNEQF,1
TRBV7-9,TRBJ2-1,ASSPGDYKPYNEQF,1
TRBV7-9,TRBJ2-1,ASSPGDYLNNEQF,3
TRBV7-9,TRBJ2-1,ASSPGDYNEHF,1
TRBV7-9,TRBJ2-1,ASSPGDYNEQF,59
TRBV7-9,TRBJ2-1,ASSPGDYQYNEQF,2
TRBV7-9,TRBJ2-1,ASSPGDYRHYNEQF,1
TRBV7-9,TRBJ2-1,ASSPGDYTSRGYEQF,1
TRBV7-9,TRBJ2-1,ASSPGDYTSSYNEQF,1
TRBV7-9,TRBJ2-1,ASSPGDYYNEQF,7
TRBV7-9,TRBJ2-1,ASSPGEAAAYNEQF,1
TRBV7-9,TRBJ2-1,ASSPGEAAEQF,2
TRBV7-9,TRBJ2-1,ASSPGEADEQF,1
TRBV7-9,TRBJ2-1,ASSPGEAEYNEQF,1
TRBV7-9,TRBJ2-1,ASSPGEAGETLSYNEQF,1
TRBV7-9,TRBJ2-1,ASSPGEAGGIYNEQF,1
TRBV7-9,TRBJ2-1,ASSPGEAGGRNEQF,1
TRBV7-9,TRBJ2-1,ASSPGEAPPYNEQF,13
TRBV7-9,TRBJ2-1,ASSPGEAPPYNTKL,1
TRBV7-9,TRBJ2-1,ASSPGEAPQGNEQF,1
TRBV7-9,TRBJ2-1,ASSPGEASYNEQF,4
TRBV7-9,TRBJ2-1,ASSPGEDEQF,3
TRBV7-9,TRBJ2-1,ASSPGEDERRYNEQF,1
TRBV7-9,TRBJ2-1,ASSPGEENTGMQF,14
TRBV7-9,TRBJ2-1,ASSPGEF,4
TRBV7-9,TRBJ2-1,ASSPGEFNEQF,2
TRBV7-9,TRBJ2-1,ASSPGEFNNEQF,1
TRBV7-9,TRBJ2-1,ASSPGEGAAGSSYNEQF,12
TRBV7-9,TRBJ2-1,ASSPGEGAFYNEQF,1
TRBV7-9,TRBJ2-1,ASSPGEGAGNEQF,1
TRBV7-9,TRBJ2-1,ASSPGEGAGSYNEQF,1
TRBV7-9,TRBJ2-1,ASSPGEGALDEQF,1
TRBV7-9,TRBJ2-1,ASSPGEGALNEQF,1
TRBV7-9,TRBJ2-1,ASSPGEGANEQF,10
TRBV7-9,TRBJ2-1,ASSPGEGAVEQF,1
TRBV7-9,TRBJ2-1,ASSPGEGAWEQF,7
TRBV7-9,TRBJ2-1,ASSPGEGAYNEQF,9
TRBV7-9,TRBJ2-1,ASSPGEGEQF,8
TRBV7-9,TRBJ2-1,ASSPGEGERDEQF,1
TRBV7-9,TRBJ2-1,ASSPGEGFKYNEQF,7
TRBV7-9,TRBJ2-1,ASSPGEGGAGSSYNEQF,1
TRBV7-9,TRBJ2-1,ASSPGEGGDAHY,1
TRBV7-9,TRBJ2-1,ASSPGEGGDDQF,1
TRBV7-9,TRBJ2-1,ASSPGEGGDEQF,37
TRBV7-9,TRBJ2-1,ASSPGEGGDVQV,1
TRBV7-9,TRBJ2-1,ASSPGEGGEQF,1
TRBV7-9,TRBJ2-1,ASSPGEGGFNEQF,1
TRBV7-9,TRBJ2-1,ASSPGEGGLNEQF,9
TRBV7-9,TRBJ2-1,ASSPGEGGPNEQF,1
TRBV7-9,TRBJ2-1,ASSPGEGGRYNEQF,1
TRBV7-9,TRBJ2-1,ASSPGEGGSYNEQF,1
TRBV7-9,TRBJ2-1,ASSPGEGGYNEQF,1
TRBV7-9,TRBJ2-1,ASSPGEGHNEQF,1
TRBV7-9,TRBJ2-1,ASSPGEGHYNEQF,1
TRBV7-9,TRBJ2-1,ASSPGEGIDEQF,1
TRBV7-9,TRBJ2-1,ASSPGEGIVPYNEQF,1
TRBV7-9,TRBJ2-1,ASSPGEGIYNEQF,1
TRBV7-9,TRBJ2-1,ASSPGEGKDEQF,1
TRBV7-9,TRBJ2-1,ASSPGEGKVKF,1
TRBV7-9,TRBJ2-1,ASSPGEGLASNEQF,1
TRBV7-9,TRBJ2-1,ASSPGEGLRLTYNEQF,1
TRBV7-9,TRBJ2-1,ASSPGEGLSYNEQF,7
TRBV7-9,TRBJ2-1,ASSPGEGLTYNEQF,4
TRBV7-9,TRBJ2-1,ASSPGEGLYNEQF,3
TRBV7-9,TRBJ2-1,ASSPGEGNEQF,1
TRBV7-9,TRBJ2-1,ASSPGEGNNEQF,8
TRBV7-9,TRBJ2-1,ASSPGEGPGNEQF,10
TRBV7-9,TRBJ2-1,ASSPGEGPRNEQF,1
TRBV7-9,TRBJ2-1,ASSPGEGPRV,2
TRBV7-9,TRBJ2-1,ASSPGEGPVNEQF,3
TRBV7-9,TRBJ2-1,ASSPGEGPYNEQF,6
TRBV7-9,TRBJ2-1,ASSPGEGQDNEQF,10
TRBV7-9,TRBJ2-1,ASSPGEGQENEQF,1
TRBV7-9,TRBJ2-1,ASSPGEGQGAFNEQF,9
TRBV7-9,TRBJ2-1,ASSPGEGQGFDEQF,1
TRBV7-9,TRBJ2-1,ASSPGEGQGGYNEQF,5
TRBV7-9,TRBJ2-1,ASSPGEGQGIYNEQF,1
TRBV7-9,TRBJ2-1,ASSPGEGQGLNEQF,1
TRBV7-9,TRBJ2-1,ASSPGEGQGNEQF,1
TRBV7-9,TRBJ2-1,ASSPGEGQSYNEQF,1
TRBV7-9,TRBJ2-1,ASSPGEGQTQFNEQF,3
TRBV7-9,TRBJ2-1,ASSPGEGQTQFNEQL,1
TRBV7-9,TRBJ2-1,ASSPGEGQWYNEQF,1
TRBV7-9,TRBJ2-1,ASSPGEGRAGYNEQF,10
TRBV7-9,TRBJ2-1,ASSPGEGRGYNEQF,2
TRBV7-9,TRBJ2-1,ASSPGEGRHFDEQF,1
TRBV7-9,TRBJ2-1,ASSPGEGRHYNEQF,3
TRBV7-9,TRBJ2-1,ASSPGEGRNEQF,1
TRBV7-9,TRBJ2-1,ASSPGEGRTSYNEQF,1
TRBV7-9,TRBJ2-1,ASSPGEGRYNEQF,1
TRBV7-9,TRBJ2-1,ASSPGEGSGPRYNEQF,2
TRBV7-9,TRBJ2-1,ASSPGEGSGPRYNEQL,1
TRBV7-9,TRBJ2-1,ASSPGEGSSYNEQF,2
TRBV7-9,TRBJ2-1,ASSPGEGSYNEQF,20
TRBV7-9,TRBJ2-1,ASSPGEGTEYNEQF,1
TRBV7-9,TRBJ2-1,ASSPGEGTGYNEQF,1
TRBV7-9,TRBJ2-1,ASSPGEGTLYNEQF,1
TRBV7-9,TRBJ2-1,ASSPGEGTSYNEQF,8
TRBV7-9,TRBJ2-1,ASSPGEGTYNEQF,3
TRBV7-9,TRBJ2-1,ASSPGEGVGYNEQF,7
TRBV7-9,TRBJ2-1,ASSPGEGVGYNKQF,1
TRBV7-9,TRBJ2-1,ASSPGEGVSSYNEQF,9
TRBV7-9,TRBJ2-1,ASSPGEGVSYNEQF,2
TRBV7-9,TRBJ2-1,ASSPGEGWAYNEQF,1
TRBV7-9,TRBJ2-1,ASSPGEGYEQF,1
TRBV7-9,TRBJ2-1,ASSPGEGYNEQF,1
TRBV7-9,TRBJ2-1,ASSPGEGYSYNEQF,1
TRBV7-9,TRBJ2-1,ASSPGEHNEQF,1
TRBV7-9,TRBJ2-1,ASSPGEIGHNEQF,1
TRBV7-9,TRBJ2-1,ASSPGEIGPNEQF,1
TRBV7-9,TRBJ2-1,ASSPGEILTDEQF,1
TRBV7-9,TRBJ2-1,ASSPGEIYNEQF,1
TRBV7-9,TRBJ2-1,ASSPGEKAGGGNNEQF,1
TRBV7-9,TRBJ2-1,ASSPGEKCEQF,1
TRBV7-9,TRBJ2-1,ASSPGEKGEQF,8
TRBV7-9,TRBJ2-1,ASSPGELAGEEQF,3
TRBV7-9,TRBJ2-1,ASSPGELAGF,1
TRBV7-9,TRBJ2-1,ASSPGELAGFLVDEQF,1
TRBV7-9,TRBJ2-1,ASSPGELAVSYNEQF,1
TRBV7-9,TRBJ2-1,ASSPGELFNEQF,1
TRBV7-9,TRBJ2-1,ASSPGELHEQF,1
TRBV7-9,TRBJ2-1,ASSPGELINEQF,1
TRBV7-9,TRBJ2-1,ASSPGELPDEQF,1
TRBV7-9,TRBJ2-1,ASSPGELQTKYNEQF,1
TRBV7-9,TRBJ2-1,ASSPGELYNEQF,1
TRBV7-9,TRBJ2-1,ASSPGEMQF,1
TRBV7-9,TRBJ2-1,ASSPGENDTQF,1
TRBV7-9,TRBJ2-1,ASSPGENEQF,5
TRBV7-9,TRBJ2-1,ASSPGENEQS,1
TRBV7-9,TRBJ2-1,ASSPGENPYNEQF,1
TRBV7-9,TRBJ2-1,ASSPGENQANEQF,13
TRBV7-9,TRBJ2-1,ASSPGENSGNRNEQF,5
TRBV7-9,TRBJ2-1,ASSPGENSGSNEQC,2
TRBV7-9,TRBJ2-1,ASSPGENYNEQF,1
TRBV7-9,TRBJ2-1,ASSPGEPNNEQF,1
TRBV7-9,TRBJ2-1,ASSPGEPPYNEQF,1
TRBV7-9,TRBJ2-1,ASSPGEPRDSFSYNEQF,1
TRBV7-9,TRBJ2-1,ASSPGEPWVEQF,7
TRBV7-9,TRBJ2-1,ASSPGEQF,24
TRBV7-9,TRBJ2-1,ASSPGEREIDEQF,6
TRBV7-9,TRBJ2-1,ASSPGEREINEQF,5
TRBV7-9,TRBJ2-1,ASSPGERENYNEQF,1
TRBV7-9,TRBJ2-1,ASSPGEREYNEQF,1
TRBV7-9,TRBJ2-1,ASSPGERGANEQF,6
TRBV7-9,TRBJ2-1,ASSPGERGEQF,13
TRBV7-9,TRBJ2-1,ASSPGERGETQF,1
TRBV7-9,TRBJ2-1,ASSPGERGHYNEQF,4
TRBV7-9,TRBJ2-1,ASSPGERGLGGTSGYNEQF,2
TRBV7-9,TRBJ2-1,ASSPGERGLLGTSGYNEQF,2
TRBV7-9,TRBJ2-1,ASSPGERGLVGPSGYNEQF,1
TRBV7-9,TRBJ2-1,ASSPGERGLVGSSGYNEQF,1
TRBV7-9,TRBJ2-1,ASSPGERGLVGTRAYNEQF,1
TRBV7-9,TRBJ2-1,ASSPGERGLVGTSGYDEQF,1
TRBV7-9,TRBJ2-1,ASSPGERGLVGTSGYIEQF,1
TRBV7-9,TRBJ2-1,ASSPGERGLVGTSGYNEQC,1
TRBV7-9,TRBJ2-1,ASSPGERGLVGTSGYNEQF,84
TRBV7-9,TRBJ2-1,ASSPGERGLVGTSGYNQQF,1
TRBV7-9,TRBJ2-1,ASSPGERGLVGTSGYTAQF,1
TRBV7-9,TRBJ2-1,ASSPGERGLVGTSGYTELF,1
TRBV7-9,TRBJ2-1,ASSPGERGLVGTSRYNEQF,1
TRBV7-9,TRBJ2-1,ASSPGERGQF,15
TRBV7-9,TRBJ2-1,ASSPGERGRVGTSGYNEQF,2
TRBV7-9,TRBJ2-1,ASSPGERGSNEQF,1
TRBV7-9,TRBJ2-1,ASSPGERGTYNEQF,1
TRBV7-9,TRBJ2-1,ASSPGERGYLAF,2
TRBV7-9,TRBJ2-1,ASSPGERHNEQF,14
TRBV7-9,TRBJ2-1,ASSPGERLNNEQF,1
TRBV7-9,TRBJ2-1,ASSPGERNNEQF,1
TRBV7-9,TRBJ2-1,ASSPGERQF,10
TRBV7-9,TRBJ2-1,ASSPGERQHNEQF,13
TRBV7-9,TRBJ2-1,ASSPGERRLVGTSGYNEQY,1
TRBV7-9,TRBJ2-1,ASSPGERRNEQF,11
TRBV7-9,TRBJ2-1,ASSPGERRYNEQF,1
TRBV7-9,TRBJ2-1,ASSPGERSSNEQF,3
TRBV7-9,TRBJ2-1,ASSPGERSSYNEQF,7
TRBV7-9,TRBJ2-1,ASSPGERVAFYEQF,1
TRBV7-9,TRBJ2-1,ASSPGERVYNEQF,1
TRBV7-9,TRBJ2-1,ASSPGERWDEQF,1
TRBV7-9,TRBJ2-1,ASSPGERYNEQF,6
TRBV7-9,TRBJ2-1,ASSPGERYSYNEQF,1
TRBV7-9,TRBJ2-1,ASSPGESELYNEQF,9
TRBV7-9,TRBJ2-1,ASSPGESGRSDEQS,1
TRBV7-9,TRBJ2-1,ASSPGESGSSDEQF,6
TRBV7-9,TRBJ2-1,ASSPGESGSSDERF,1
TRBV7-9,TRBJ2-1,ASSPGESIRYNEQF,1
TRBV7-9,TRBJ2-1,ASSPGESLYNEQF,1
TRBV7-9,TRBJ2-1,ASSPGESPALLNEQF,1
TRBV7-9,TRBJ2-1,ASSPGESPYNEQF,1
TRBV7-9,TRBJ2-1,ASSPGESSYNEQF,11
TRBV7-9,TRBJ2-1,ASSPGESYNEQF,2
TRBV7-9,TRBJ2-1,ASSPGETGPYNEQF,1
TRBV7-9,TRBJ2-1,ASSPGETQMVDEQF,1
TRBV7-9,TRBJ2-1,ASSPGETSGFFNEQF,1
TRBV7-9,TRBJ2-1,ASSPGETSGRLNEQF,1
TRBV7-9,TRBJ2-1,ASSPGETSGSNEQF,5
TRBV7-9,TRBJ2-1,ASSPGETSGSNYNEQF,1
TRBV7-9,TRBJ2-1,ASSPGETSLF,4
TRBV7-9,TRBJ2-1,ASSPGETYEQF,9
TRBV7-9,TRBJ2-1,ASSPGETYGQF,1
TRBV7-9,TRBJ2-1,ASSPGETYNEQF,2
TRBV7-9,TRBJ2-1,ASSPGEVDSYNEQF,1
TRBV7-9,TRBJ2-1,ASSPGEVGLNEQF,1
TRBV7-9,TRBJ2-1,ASSPGEVSYNEQF,1
TRBV7-9,TRBJ2-1,ASSPGEVYYEQF,2
TRBV7-9,TRBJ2-1,ASSPGEWARQDNEQF,7
TRBV7-9,TRBJ2-1,ASSPGEWARQDNGQF,2
TRBV7-9,TRBJ2-1,ASSPGEWSYNEQF,1
TRBV7-9,TRBJ2-1,ASSPGEYHNEQF,1
TRBV7-9,TRBJ2-1,ASSPGEYNEQF,14
TRBV7-9,TRBJ2-1,ASSPGEYYNEQF,1
TRBV7-9,TRBJ2-1,ASSPGF,5
TRBV7-9,TRBJ2-1,ASSPGFADEQF,1
TRBV7-9,TRBJ2-1,ASSPGFANEQF,1
TRBV7-9,TRBJ2-1,ASSPGFDEQC,1
TRBV7-9,TRBJ2-1,ASSPGFDEQF,8
TRBV7-9,TRBJ2-1,ASSPGFDSYNEQF,1
TRBV7-9,TRBJ2-1,ASSPGFEGYNEQF,4
TRBV7-9,TRBJ2-1,ASSPGFELVGNEQF,1
TRBV7-9,TRBJ2-1,ASSPGFEQF,11
TRBV7-9,TRBJ2-1,ASSPGFFNEQF,1
TRBV7-9,TRBJ2-1,ASSPGFFYNEQF,5
TRBV7-9,TRBJ2-1,ASSPGFGAGGDNEQF,1
TRBV7-9,TRBJ2-1,ASSPGFGAGYNEQF,12
TRBV7-9,TRBJ2-1,ASSPGFGATYNEQF,1
TRBV7-9,TRBJ2-1,ASSPGFGAYNEQF,1
TRBV7-9,TRBJ2-1,ASSPGFGGENDEQF,1
TRBV7-9,TRBJ2-1,ASSPGFGGENNEQF,14
TRBV7-9,TRBJ2-1,ASSPGFGGTNYNEQF,1
TRBV7-9,TRBJ2-1,ASSPGFGNEQF,1
TRBV7-9,TRBJ2-1,ASSPGFHEQF,2
TRBV7-9,TRBJ2-1,ASSPGFINEQF,1
TRBV7-9,TRBJ2-1,ASSPGFLGLYEQF,1
TRBV7-9,TRBJ2-1,ASSPGFLGSVYNEQF,1
TRBV7-9,TRBJ2-1,ASSPGFLSDNEQF,1
TRBV7-9,TRBJ2-1,ASSPGFLSYNEQF,10
TRBV7-9,TRBJ2-1,ASSPGFLSYNEQL,1
TRBV7-9,TRBJ2-1,ASSPGFNEQF,4
TRBV7-9,TRBJ2-1,ASSPGFNNEQF,1
TRBV7-9,TRBJ2-1,ASSPGFNYNEQF,5
TRBV7-9,TRBJ2-1,ASSPGFPGMVNEQF,1
TRBV7-9,TRBJ2-1,ASSPGFPPNEPF,1
TRBV7-9,TRBJ2-1,ASSPGFPPNEQF,10
TRBV7-9,TRBJ2-1,ASSPGFPPNVQF,1
TRBV7-9,TRBJ2-1,ASSPGFPSGRSYYNEQF,1
TRBV7-9,TRBJ2-1,ASSPGFQIFEQF,1
TRBV7-9,TRBJ2-1,ASSPGFQTFEHF,1
TRBV7-9,TRBJ2-1,ASSPGFQTFEQF,12
TRBV7-9,TRBJ2-1,ASSPGFRAGGLNEQF,1
TRBV7-9,TRBJ2-1,ASSPGFRAPLSYNEQF,1
TRBV7-9,TRBJ2-1,ASSPGFRDRGNGNEQF,1
TRBV7-9,TRBJ2-1,ASSPGFRDRTYNEQF,1
TRBV7-9,TRBJ2-1,ASSPGFRGSWEQF,6
TRBV7-9,TRBJ2-1,ASSPGFRNEQF,4
TRBV7-9,TRBJ2-1,ASSPGFRQGDYNEQF,4
TRBV7-9,TRBJ2-1,ASSPGFRRTSGDRGPYNEQF,16
TRBV7-9,TRBJ2-1,ASSPGFSAGGSYNEQF,1
TRBV7-9,TRBJ2-1,ASSPGFSGDNEQF,1
TRBV7-9,TRBJ2-1,ASSPGFSGGKSSYNEQF,1
TRBV7-9,TRBJ2-1,ASSPGFSGGVYNEQF,1
TRBV7-9,TRBJ2-1,ASSPGFSGNEQF,1
TRBV7-9,TRBJ2-1,ASSPGFSGNPYNEQF,1
TRBV7-9,TRBJ2-1,ASSPGFSGRIDEQF,1
TRBV7-9,TRBJ2-1,ASSPGFSGYEQF,1
TRBV7-9,TRBJ2-1,ASSPGFSHYNEQF,1
TRBV7-9,TRBJ2-1,ASSPGFSNEQF,1
TRBV7-9,TRBJ2-1,ASSPGFSSGSGSYNEQF,1
TRBV7-9,TRBJ2-1,ASSPGFSSYNEQF,4
TRBV7-9,TRBJ2-1,ASSPGFSYNEQF,1
TRBV7-9,TRBJ2-1,ASSPGFTGPFYNEQF,15
TRBV7-9,TRBJ2-1,ASSPGFTPNEQF,1
TRBV7-9,TRBJ2-1,ASSPGFTSGYNEQF,1
TRBV7-9,TRBJ2-1,ASSPGFTSYNEQF,1
TRBV7-9,TRBJ2-1,ASSPGFTYNEQF,1
TRBV7-9,TRBJ2-1,ASSPGFVAGGYNEQF,1
TRBV7-9,TRBJ2-1,ASSPGFVGLPAINEQF,1
TRBV7-9,TRBJ2-1,ASSPGFYEQF,2
TRBV7-9,TRBJ2-1,ASSPGFYNEQF,7
TRBV7-9,TRBJ2-1,ASSPGGAAASNEQF,1
TRBV7-9,TRBJ2-1,ASSPGGAADGLNEQF,7
TRBV7-9,TRBJ2-1,ASSPGGAAGGPYNEQF,9
TRBV7-9,TRBJ2-1,ASSPGGAAYNEQF,1
TRBV7-9,TRBJ2-1,ASSPGGADEQF,1
TRBV7-9,TRBJ2-1,ASSPGGADNEQF,1
TRBV7-9,TRBJ2-1,ASSPGGADYNEQF,1
TRBV7-9,TRBJ2-1,ASSPGGAESNEQF,1
TRBV7-9,TRBJ2-1,ASSPGGAESYNEQF,8
TRBV7-9,TRBJ2-1,ASSPGGAFNEQF,1
TRBV7-9,TRBJ2-1,ASSPGGAFRDEQF,1
TRBV7-9,TRBJ2-1,ASSPGGAGAADNEQF,1
TRBV7-9,TRBJ2-1,ASSPGGAGAHNEQF,1
TRBV7-9,TRBJ2-1,ASSPGGAGASYNEQF,2
TRBV7-9,TRBJ2-1,ASSPGGAGAVDNEQF,1
TRBV7-9,TRBJ2-1,ASSPGGAGAYNEQF,1
TRBV7-9,TRBJ2-1,ASSPGGAGAYYNEQF,1
TRBV7-9,TRBJ2-1,ASSPGGAGDEQF,1
TRBV7-9,TRBJ2-1,ASSPGGAGDNEQF,1
TRBV7-9,TRBJ2-1,ASSPGGAGENYNEQF,5
TRBV7-9,TRBJ2-1,ASSPGGAGESYNEQF,1
TRBV7-9,TRBJ2-1,ASSPGGAGFYNEQF,6
TRBV7-9,TRBJ2-1,ASSPGGAGGANEQF,1
TRBV7-9,TRBJ2-1,ASSPGGAGGDEQF,1
TRBV7-9,TRBJ2-1,ASSPGGAGGDNEQF,1
TRBV7-9,TRBJ2-1,ASSPGGAGGIYNEQF,1
TRBV7-9,TRBJ2-1,ASSPGGAGGNEQF,1
TRBV7-9,TRBJ2-1,ASSPGGAGGPREQF,2
TRBV7-9,TRBJ2-1,ASSPGGAGGPSFYNEQF,1
TRBV7-9,TRBJ2-1,ASSPGGAGGQRDSYNEQF,1
TRBV7-9,TRBJ2-1,ASSPGGAGGQYNEQF,1
TRBV7-9,TRBJ2-1,ASSPGGAGGYNEQF,2
TRBV7-9,TRBJ2-1,ASSPGGAGKYNEQF,1
TRBV7-9,TRBJ2-1,ASSPGGAGLGNEQF,1
TRBV7-9,TRBJ2-1,ASSPGGAGPSYNEQF,5
TRBV7-9,TRBJ2-1,ASSPGGAGSYNEQF,10
TRBV7-9,TRBJ2-1,ASSPGGAGTSGSYNEQF,3
TRBV7-9,TRBJ2-1,ASSPGGAGVFNNEQF,1
TRBV7-9,TRBJ2-1,ASSPGGAGVNEQF,1
TRBV7-9,TRBJ2-1,ASSPGGAGVTYNEQF,1
TRBV7-9,TRBJ2-1,ASSPGGAGVYNEQF,1
TRBV7-9,TRBJ2-1,ASSPGGAGYNEQF,2
TRBV7-9,TRBJ2-1,ASSPGGAIEQF,7
TRBV7-9,TRBJ2-1,ASSPGGAKSSYNEQF,1
TRBV7-9,TRBJ2-1,ASSPGGAKVYNEQF,1
TRBV7-9,TRBJ2-1,ASSPGGALSLDEQF,1
TRBV7-9,TRBJ2-1,ASSPGGANALYNEQF,7
TRBV7-9,TRBJ2-1,ASSPGGANEQF,2
TRBV7-9,TRBJ2-1,ASSPGGANNEQF,1
TRBV7-9,TRBJ2-1,ASSPGGAPDEQF,1
TRBV7-9,TRBJ2-1,ASSPGGAPTDEQF,1
TRBV7-9,TRBJ2-1,ASSPGGAPYKEQF,1
TRBV7-9,TRBJ2-1,ASSPGGAPYNEQF,17
TRBV7-9,TRBJ2-1,ASSPGGAPYYNEQF,1
TRBV7-9,TRBJ2-1,ASSPGGARADEQF,1
TRBV7-9,TRBJ2-1,ASSPGGARDNEQF,1
TRBV7-9,TRBJ2-1,ASSPGGAREGYNEQF,1
TRBV7-9,TRBJ2-1,ASSPGGARF,13
TRBV7-9,TRBJ2-1,ASSPGGARHEQF,3
TRBV7-9,TRBJ2-1,ASSPGGARNEQF,5
TRBV7-9,TRBJ2-1,ASSPGGARQF,3
TRBV7-9,TRBJ2-1,ASSPGGARSYNEQF,2
TRBV7-9,TRBJ2-1,ASSPGGASEQF,10
TRBV7-9,TRBJ2-1,ASSPGGASGNYNEQF,10
TRBV7-9,TRBJ2-1,ASSPGGASGSRNEQF,1
TRBV7-9,TRBJ2-1,ASSPGGASHNEQF,2
TRBV7-9,TRBJ2-1,ASSPGGASNEQF,9
TRBV7-9,TRBJ2-1,ASSPGGASSYNEQF,9
TRBV7-9,TRBJ2-1,ASSPGGASYNEQF,20
TRBV7-9,TRBJ2-1,ASSPGGATAYNEQF,1
TRBV7-9,TRBJ2-1,ASSPGGATGPSYNEQF,1
TRBV7-9,TRBJ2-1,ASSPGGATLNEQF,3
TRBV7-9,TRBJ2-1,ASSPGGATSYNEQF,3
TRBV7-9,TRBJ2-1,ASSPGGAVADLSGTRRYNEQF,17
TRBV7-9,TRBJ2-1,ASSPGGAVDEQF,15
TRBV7-9,TRBJ2-1,ASSPGGAVLNEQF,1
TRBV7-9,TRBJ2-1,ASSPGGAVYNEQF,1
TRBV7-9,TRBJ2-1,ASSPGGAWGNEQF,1
TRBV7-9,TRBJ2-1,ASSPGGAWRGNEQF,2
TRBV7-9,TRBJ2-1,ASSPGGAYEQF,6
TRBV7-9,TRBJ2-1,ASSPGGAYHNEQF,1
TRBV7-9,TRBJ2-1,ASSPGGAYNEQF,25
TRBV7-9,TRBJ2-1,ASSPGGAYPNEQF,1
TRBV7-9,TRBJ2-1,ASSPGGAYVNEQF,3
TRBV7-9,TRBJ2-1,ASSPGGCPYNEPF,2
TRBV7-9,TRBJ2-1,ASSPGGCYNEQF,1
TRBV7-9,TRBJ2-1,ASSPGGDEPF,1
TRBV7-9,TRBJ2-1,ASSPGGDEQF,70
TRBV7-9,TRBJ2-1,ASSPGGDEQL,1
TRBV7-9,TRBJ2-1,ASSPGGDEYNEQF,1
TRBV7-9,TRBJ2-1,ASSPGGDFQNEQF,1
TRBV7-9,TRBJ2-1,ASSPGGDGSNEQF,1
TRBV7-9,TRBJ2-1,ASSPGGDGYNEQF,1
TRBV7-9,TRBJ2-1,ASSPGGDKSYNEQF,1
TRBV7-9,TRBJ2-1,ASSPGGDNEQF,5
TRBV7-9,TRBJ2-1,ASSPGGDPLNAQF,1
TRBV7-9,TRBJ2-1,ASSPGGDPLNEQF,9
TRBV7-9,TRBJ2-1,ASSPGGDPLRVVYNEQF,1
TRBV7-9,TRBJ2-1,ASSPGGDPYNEQF,1
TRBV7-9,TRBJ2-1,ASSPGGDQYSGNEQF,1
TRBV7-9,TRBJ2-1,ASSPGGDRAGNEQF,1
TRBV7-9,TRBJ2-1,ASSPGGDRGHEPF,1
TRBV7-9,TRBJ2-1,ASSPGGDRGHEQF,19
TRBV7-9,TRBJ2-1,ASSPGGDRGNEQF,1
TRBV7-9,TRBJ2-1,ASSPGGDRVVNEQF,1
TRBV7-9,TRBJ2-1,ASSPGGDRYNEQF,1
TRBV7-9,TRBJ2-1,ASSPGGDSFH,9
TRBV7-9,TRBJ2-1,ASSPGGDSLRLVYNEQC,1
TRBV7-9,TRBJ2-1,ASSPGGDSLRLVYNEQF,15
TRBV7-9,TRBJ2-1,ASSPGGDSRGRVNEQF,1
TRBV7-9,TRBJ2-1,ASSPGGDSRRLVYNEQF,1
TRBV7-9,TRBJ2-1,ASSPGGDSYNEQF,4
TRBV7-9,TRBJ2-1,ASSPGGDYNEQF,3
TRBV7-9,TRBJ2-1,ASSPGGDYYNEQF,2
TRBV7-9,TRBJ2-1,ASSPGGEAGGYNEQF,1
TRBV7-9,TRBJ2-1,ASSPGGEAWDEQF,1
TRBV7-9,TRBJ2-1,ASSPGGEEGNEQF,1
TRBV7-9,TRBJ2-1,ASSPGGEELNYNEQF,2
TRBV7-9,TRBJ2-1,ASSPGGEEPFYNEQF,1
TRBV7-9,TRBJ2-1,ASSPGGEEQF,10
TRBV7-9,TRBJ2-1,ASSPGGEF,12
TRBV7-9,TRBJ2-1,ASSPGGEFNEQF,1
TRBV7-9,TRBJ2-1,ASSPGGEGASNNEQF,1
TRBV7-9,TRBJ2-1,ASSPGGEGGDYNEQF,6
TRBV7-9,TRBJ2-1,ASSPGGEGGSANEQF,11
TRBV7-9,TRBJ2-1,ASSPGGEGGSYNEQF,3
TRBV7-9,TRBJ2-1,ASSPGGEGKDRNEQF,1
TRBV7-9,TRBJ2-1,ASSPGGEGLGYNEQF,1
TRBV7-9,TRBJ2-1,ASSPGGEGPRGNEQF,5
TRBV7-9,TRBJ2-1,ASSPGGEGPSYNEQF,7
TRBV7-9,TRBJ2-1,ASSPGGEGQSYNEQF,5
TRBV7-9,TRBJ2-1,ASSPGGEGRDEQF,11
TRBV7-9,TRBJ2-1,ASSPGGEGRDGYNEQF,1
TRBV7-9,TRBJ2-1,ASSPGGEGRGYNEQF,1
TRBV7-9,TRBJ2-1,ASSPGGEGRSSYNEQF,1
TRBV7-9,TRBJ2-1,ASSPGGEGSDEQF,1
TRBV7-9,TRBJ2-1,ASSPGGEGTGIEQF,1
TRBV7-9,TRBJ2-1,ASSPGGEGTGWNEQF,5
TRBV7-9,TRBJ2-1,ASSPGGEGTVIEQF,12
TRBV7-9,TRBJ2-1,ASSPGGEGYNEQF,2
TRBV7-9,TRBJ2-1,ASSPGGEHEQF,1
TRBV7-9,TRBJ2-1,ASSPGGELFGEQF,2
TRBV7-9,TRBJ2-1,ASSPGGELYNEQF,1
TRBV7-9,TRBJ2-1,ASSPGGENEQF,1
TRBV7-9,TRBJ2-1,ASSPGGENHEQF,1
TRBV7-9,TRBJ2-1,ASSPGGEPGHEQF,1
TRBV7-9,TRBJ2-1,ASSPGGEPGYNEQF,1
TRBV7-9,TRBJ2-1,ASSPGGEPHNEQF,6
TRBV7-9,TRBJ2-1,ASSPGGEPLNEQF,1
TRBV7-9,TRBJ2-1,ASSPGGEQF,33
TRBV7-9,TRBJ2-1,ASSPGGERDEQF,1
TRBV7-9,TRBJ2-1,ASSPGGERGNYNEQF,1
TRBV7-9,TRBJ2-1,ASSPGGERYNEQF,4
TRBV7-9,TRBJ2-1,ASSPGGESLRLVYNEQF,1
TRBV7-9,TRBJ2-1,ASSPGGESNEQF,6
TRBV7-9,TRBJ2-1,ASSPGGESSGSNEQF,9
TRBV7-9,TRBJ2-1,ASSPGGESSYNEQF,2
TRBV7-9,TRBJ2-1,ASSPGGESYNEQF,1
TRBV7-9,TRBJ2-1,ASSPGGETLEDEQF,1
TRBV7-9,TRBJ2-1,ASSPGGETSGGASDEQF,1
TRBV7-9,TRBJ2-1,ASSPGGEVARYNEQF,1
TRBV7-9,TRBJ2-1,ASSPGGEVNEQF,1
TRBV7-9,TRBJ2-1,ASSPGGEVYNEQF,1
TRBV7-9,TRBJ2-1,ASSPGGEWMSYNEQF,1
TRBV7-9,TRBJ2-1,ASSPGGEYNEQF,1
TRBV7-9,TRBJ2-1,ASSPGGFAPRSYNEQF,1
TRBV7-9,TRBJ2-1,ASSPGGFAPSSYNEQF,13
TRBV7-9,TRBJ2-1,ASSPGGFAYNEQF,1
TRBV7-9,TRBJ2-1,ASSPGGFGNEQF,1
TRBV7-9,TRBJ2-1,ASSPGGFHEQF,1
TRBV7-9,TRBJ2-1,ASSPGGFKAYNEQF,5
TRBV7-9,TRBJ2-1,ASSPGGFLHDEQF,1
TRBV7-9,TRBJ2-1,ASSPGGFNEQF,2
TRBV7-9,TRBJ2-1,ASSPGGFNNEQF,2
TRBV7-9,TRBJ2-1,ASSPGGFPYNEQF,1
TRBV7-9,TRBJ2-1,ASSPGGFRLAQF,1
TRBV7-9,TRBJ2-1,ASSPGGFRLEQF,19
TRBV7-9,TRBJ2-1,ASSPGGFRSYNEQF,1
TRBV7-9,TRBJ2-1,ASSPGGFSSYNEQF,1
TRBV7-9,TRBJ2-1,ASSPGGFSYNEQF,14
TRBV7-9,TRBJ2-1,ASSPGGFTPYNEQF,1
TRBV7-9,TRBJ2-1,ASSPGGFTYNEQF,2
TRBV7-9,TRBJ2-1,ASSPGGFVDEQF,2
TRBV7-9,TRBJ2-1,ASSPGGFVGDEQF,1
TRBV7-9,TRBJ2-1,ASSPGGFVHDEHF,1
TRBV7-9,TRBJ2-1,ASSPGGFVHDELF,1
TRBV7-9,TRBJ2-1,ASSPGGFVHDEQF,73
TRBV7-9,TRBJ2-1,ASSPGGFVHDEQS,1
TRBV7-9,TRBJ2-1,ASSPGGFVNDEQF,1
TRBV7-9,TRBJ2-1,ASSPGGFVQDEQF,1
TRBV7-9,TRBJ2-1,ASSPGGFYNEQF,5
TRBV7-9,TRBJ2-1,ASSPGGGADYNEQF,1
TRBV7-9,TRBJ2-1,ASSPGGGAEVYNEQF,1
TRBV7-9,TRBJ2-1,ASSPGGGAGEEQF,1
TRBV7-9,TRBJ2-1,ASSPGGGAGGFNEQF,1
TRBV7-9,TRBJ2-1,ASSPGGGAGVCNEQF,1
TRBV7-9,TRBJ2-1,ASSPGGGAGVYNEQC,2
TRBV7-9,TRBJ2-1,ASSPGGGAGVYNEQF,35
TRBV7-9,TRBJ2-1,ASSPGGGAGVYNEQL,1
TRBV7-9,TRBJ2-1,ASSPGGGAGVYSEQF,1
TRBV7-9,TRBJ2-1,ASSPGGGAHNEQF,1
TRBV7-9,TRBJ2-1,ASSPGGGAIDEQF,1
TRBV7-9,TRBJ2-1,ASSPGGGANEQF,16
TRBV7-9,TRBJ2-1,ASSPGGGANHEQF,1
TRBV7-9,TRBJ2-1,ASSPGGGANNEQF,1
TRBV7-9,TRBJ2-1,ASSPGGGAREQF,9
TRBV7-9,TRBJ2-1,ASSPGGGARGSYNEQF,1
TRBV7-9,TRBJ2-1,ASSPGGGASDNEQF,1
TRBV7-9,TRBJ2-1,ASSPGGGASGL,1
TRBV7-9,TRBJ2-1,ASSPGGGASLYNEQF,1
TRBV7-9,TRBJ2-1,ASSPGGGASNEQF,1
TRBV7-9,TRBJ2-1,ASSPGGGASYNEQF,5
TRBV7-9,TRBJ2-1,ASSPGGGATNEQF,1
TRBV7-9,TRBJ2-1,ASSPGGGAWEQF,1
TRBV7-9,TRBJ2-1,ASSPGGGAYNEQF,6
TRBV7-9,TRBJ2-1,ASSPGGGDEQF,2
TRBV7-9,TRBJ2-1,ASSPGGGDGVNEQF,1
TRBV7-9,TRBJ2-1,ASSPGGGDGYNEQF,1
TRBV7-9,TRBJ2-1,ASSPGGGDNEQF,1
TRBV7-9,TRBJ2-1,ASSPGGGDRGWNEQF,1
TRBV7-9,TRBJ2-1,ASSPGGGEKNEQF,1
TRBV7-9,TRBJ2-1,ASSPGGGELGDEQF,4
TRBV7-9,TRBJ2-1,ASSPGGGENNEQF,4
TRBV7-9,TRBJ2-1,ASSPGGGENNEQL,1
TRBV7-9,TRBJ2-1,ASSPGGGEQC,1
TRBV7-9,TRBJ2-1,ASSPGGGEQF,35
TRBV7-9,TRBJ2-1,ASSPGGGERFYEEF,1
TRBV7-9,TRBJ2-1,ASSPGGGERFYEQF,31
TRBV7-9,TRBJ2-1,ASSPGGGF,7
TRBV7-9,TRBJ2-1,ASSPGGGFGNEQF,2
TRBV7-9,TRBJ2-1,ASSPGGGFNEQF,2
TRBV7-9,TRBJ2-1,ASSPGGGFRSYNEQF,1
TRBV7-9,TRBJ2-1,ASSPGGGFYNEQF,1
TRBV7-9,TRBJ2-1,ASSPGGGGANEQF,1
TRBV7-9,TRBJ2-1,ASSPGGGGASSSYNEQF,1
TRBV7-9,TRBJ2-1,ASSPGGGGAVEQF,12
TRBV7-9,TRBJ2-1,ASSPGGGGDNEQF,18
TRBV7-9,TRBJ2-1,ASSPGGGGDTEQF,1
TRBV7-9,TRBJ2-1,ASSPGGGGDYNEQF,13
TRBV7-9,TRBJ2-1,ASSPGGGGEAYNEQF,7
TRBV7-9,TRBJ2-1,ASSPGGGGEAYNGQF,1
TRBV7-9,TRBJ2-1,ASSPGGGGEAYNKQF,1
TRBV7-9,TRBJ2-1,ASSPGGGGEQF,13
TRBV7-9,TRBJ2-1,ASSPGGGGGNEQF,1
TRBV7-9,TRBJ2-1,ASSPGGGGGQF,1
TRBV7-9,TRBJ2-1,ASSPGGGGGRANEQF,1
TRBV7-9,TRBJ2-1,ASSPGGGGGWNEQF,1
TRBV7-9,TRBJ2-1,ASSPGGGGHNEQF,1
TRBV7-9,TRBJ2-1,ASSPGGGGINEQF,2
TRBV7-9,TRBJ2-1,ASSPGGGGLANEQF,1
TRBV7-9,TRBJ2-1,ASSPGGGGLDYNEQF,1
TRBV7-9,TRBJ2-1,ASSPGGGGLHSNEQF,1
TRBV7-9,TRBJ2-1,ASSPGGGGLNEQF,1
TRBV7-9,TRBJ2-1,ASSPGGGGLYNEQF,1
TRBV7-9,TRBJ2-1,ASSPGGGGNEQF,14
TRBV7-9,TRBJ2-1,ASSPGGGGPNNEQF,5
TRBV7-9,TRBJ2-1,ASSPGGGGPYNEQF,1
TRBV7-9,TRBJ2-1,ASSPGGGGRANEQF,1
TRBV7-9,TRBJ2-1,ASSPGGGGRHEQF,1
TRBV7-9,TRBJ2-1,ASSPGGGGRL,1
TRBV7-9,TRBJ2-1,ASSPGGGGRNEQF,8
TRBV7-9,TRBJ2-1,ASSPGGGGRVNEQF,1
TRBV7-9,TRBJ2-1,ASSPGGGGSGRYDEQL,1
TRBV7-9,TRBJ2-1,ASSPGGGGSGRYNEHF,1
TRBV7-9,TRBJ2-1,ASSPGGGGSGRYNEQF,12
TRBV7-9,TRBJ2-1,ASSPGGGGSNYNEQF,4
TRBV7-9,TRBJ2-1,ASSPGGGGSRDEQF,1
TRBV7-9,TRBJ2-1,ASSPGGGGSSYIEQC,1
TRBV7-9,TRBJ2-1,ASSPGGGGSYEQF,1
TRBV7-9,TRBJ2-1,ASSPGGGGSYNEQF,4
TRBV7-9,TRBJ2-1,ASSPGGGGVGNEQF,5
TRBV7-9,TRBJ2-1,ASSPGGGGVIYNEQF,2
TRBV7-9,TRBJ2-1,ASSPGGGGVWLNEQL,1
TRBV7-9,TRBJ2-1,ASSPGGGGWYNEQF,1
TRBV7-9,TRBJ2-1,ASSPGGGGYHNEQF,3
TRBV7-9,TRBJ2-1,ASSPGGGGYNEQF,10
TRBV7-9,TRBJ2-1,ASSPGGGGYYNEQF,1
TRBV7-9,TRBJ2-1,ASSPGGGHDQF,2
TRBV7-9,TRBJ2-1,ASSPGGGHEGDEQF,1
TRBV7-9,TRBJ2-1,ASSPGGGHEQF,11
TRBV7-9,TRBJ2-1,ASSPGGGHNEQF,1
TRBV7-9,TRBJ2-1,ASSPGGGHSYNEQF,3
TRBV7-9,TRBJ2-1,ASSPGGGIAFYEQF,1
TRBV7-9,TRBJ2-1,ASSPGGGISYNEQF,8
TRBV7-9,TRBJ2-1,ASSPGGGITYNEQF,6
TRBV7-9,TRBJ2-1,ASSPGGGIVDEQF,1
TRBV7-9,TRBJ2-1,ASSPGGGIYNEQF,2
TRBV7-9,TRBJ2-1,ASSPGGGKFYNEQF,5
TRBV7-9,TRBJ2-1,ASSPGGGKQF,2
TRBV7-9,TRBJ2-1,ASSPGGGKWHVQF,16
TRBV7-9,TRBJ2-1,ASSPGGGLADDEQF,1
TRBV7-9,TRBJ2-1,ASSPGGGLAEDEQF,6
TRBV7-9,TRBJ2-1,ASSPGGGLAFGNEQF,1
TRBV7-9,TRBJ2-1,ASSPGGGLAFSEQF,1
TRBV7-9,TRBJ2-1,ASSPGGGLAFYAQF,1
TRBV7-9,TRBJ2-1,ASSPGGGLAFYEKF,1
TRBV7-9,TRBJ2-1,ASSPGGGLAFYEPF,1
TRBV7-9,TRBJ2-1,ASSPGGGLAFYEQF,254
TRBV7-9,TRBJ2-1,ASSPGGGLAFYEQI,1
TRBV7-9,TRBJ2-1,ASSPGGGLAFYEQL,1
TRBV7-9,TRBJ2-1,ASSPGGGLAFYEQV,1
TRBV7-9,TRBJ2-1,ASSPGGGLAGFGDEQF,1
TRBV7-9,TRBJ2-1,ASSPGGGLAGGPYNEQF,1
TRBV7-9,TRBJ2-1,ASSPGGGLAGPGYNEQF,1
TRBV7-9,TRBJ2-1,ASSPGGGLAKYNEQF,1
TRBV7-9,TRBJ2-1,ASSPGGGLALYEQF,2
TRBV7-9,TRBJ2-1,ASSPGGGLASYEQF,1
TRBV7-9,TRBJ2-1,ASSPGGGLAVHEQF,1
TRBV7-9,TRBJ2-1,ASSPGGGLAVRDEQF,1
TRBV7-9,TRBJ2-1,ASSPGGGLAVYEQF,1
TRBV7-9,TRBJ2-1,ASSPGGGLDFYEQF,1
TRBV7-9,TRBJ2-1,ASSPGGGLGNEQF,1
TRBV7-9,TRBJ2-1,ASSPGGGLGYNEQF,2
TRBV7-9,TRBJ2-1,ASSPGGGLHYEQF,2
TRBV7-9,TRBJ2-1,ASSPGGGLIYNEQF,1
TRBV7-9,TRBJ2-1,ASSPGGGLLLYNEQF,1
TRBV7-9,TRBJ2-1,ASSPGGGLNEQF,2
TRBV7-9,TRBJ2-1,ASSPGGGLNNEQF,17
TRBV7-9,TRBJ2-1,ASSPGGGLPYNEQF,1
TRBV7-9,TRBJ2-1,ASSPGGGLSFYEQF,2
TRBV7-9,TRBJ2-1,ASSPGGGLSSYNEQF,1
TRBV7-9,TRBJ2-1,ASSPGGGLTASYNEQF,1
TRBV7-9,TRBJ2-1,ASSPGGGLVFYEKF,1
TRBV7-9,TRBJ2-1,ASSPGGGLVYNEQF,7
TRBV7-9,TRBJ2-1,ASSPGGGLYNEQF,14
TRBV7-9,TRBJ2-1,ASSPGGGMAF,14
TRBV7-9,TRBJ2-1,ASSPGGGMALNEQF,1
TRBV7-9,TRBJ2-1,ASSPGGGMGNEQF,1
TRBV7-9,TRBJ2-1,ASSPGGGMNEQF,4
TRBV7-9,TRBJ2-1,ASSPGGGNEQF,58
TRBV7-9,TRBJ2-1,ASSPGGGNFYNEQF,1
TRBV7-9,TRBJ2-1,ASSPGGGNNEQF,2
TRBV7-9,TRBJ2-1,ASSPGGGNPRSYNEQF,1
TRBV7-9,TRBJ2-1,ASSPGGGNRDEQF,1
TRBV7-9,TRBJ2-1,ASSPGGGNYNEQF,1
TRBV7-9,TRBJ2-1,ASSPGGGPEQF,2
TRBV7-9,TRBJ2-1,ASSPGGGPEYNEQF,1
TRBV7-9,TRBJ2-1,ASSPGGGPGNEQF,1
TRBV7-9,TRBJ2-1,ASSPGGGPGVAHYNEQF,1
TRBV7-9,TRBJ2-1,ASSPGGGPHNEQF,2
TRBV7-9,TRBJ2-1,ASSPGGGPIYNEQF,10
TRBV7-9,TRBJ2-1,ASSPGGGPLNEQF,2
TRBV7-9,TRBJ2-1,ASSPGGGPNEQF,1
TRBV7-9,TRBJ2-1,ASSPGGGPPNEQF,1
TRBV7-9,TRBJ2-1,ASSPGGGPPYNEQF,1
TRBV7-9,TRBJ2-1,ASSPGGGPSNEQF,1
TRBV7-9,TRBJ2-1,ASSPGGGPSSYNEQF,8
TRBV7-9,TRBJ2-1,ASSPGGGPTYEQF,1
TRBV7-9,TRBJ2-1,ASSPGGGPTYNEQF,6
TRBV7-9,TRBJ2-1,ASSPGGGPTYNKQF,1
TRBV7-9,TRBJ2-1,ASSPGGGPVYNEQF,1
TRBV7-9,TRBJ2-1,ASSPGGGPYNEHF,1
TRBV7-9,TRBJ2-1,ASSPGGGPYNEQF,16
TRBV7-9,TRBJ2-1,ASSPGGGPYNERF,1
TRBV7-9,TRBJ2-1,ASSPGGGQAYNEQF,1
TRBV7-9,TRBJ2-1,ASSPGGGQEQF,3
TRBV7-9,TRBJ2-1,ASSPGGGQF,11
TRBV7-9,TRBJ2-1,ASSPGGGQGFGAPC,1
TRBV7-9,TRBJ2-1,ASSPGGGQGFGEQF,12
TRBV7-9,TRBJ2-1,ASSPGGGQGPYNEQF,1
TRBV7-9,TRBJ2-1,ASSPGGGQGRNEQF,1
TRBV7-9,TRBJ2-1,ASSPGGGQGSSYNEQF,1
TRBV7-9,TRBJ2-1,ASSPGGGQIWNEQF,1
TRBV7-9,TRBJ2-1,ASSPGGGQRFYEQF,1
TRBV7-9,TRBJ2-1,ASSPGGGQSSYNEQF,1
TRBV7-9,TRBJ2-1,ASSPGGGQWARSYNEQF,1
TRBV7-9,TRBJ2-1,ASSPGGGQYNEQF,2
TRBV7-9,TRBJ2-1,ASSPGGGRAENYNEQF,1
TRBV7-9,TRBJ2-1,ASSPGGGRAGNEQF,1
TRBV7-9,TRBJ2-1,ASSPGGGRAHNEQF,2
TRBV7-9,TRBJ2-1,ASSPGGGRALNDQF,1
TRBV7-9,TRBJ2-1,ASSPGGGRALNEKF,1
TRBV7-9,TRBJ2-1,ASSPGGGRALNEQF,44
TRBV7-9,TRBJ2-1,ASSPGGGRALNEQL,1
TRBV7-9,TRBJ2-1,ASSPGGGRALNGQF,2
TRBV7-9,TRBJ2-1,ASSPGGGRARNEQF,1
TRBV7-9,TRBJ2-1,ASSPGGGRASNEQF,1
TRBV7-9,TRBJ2-1,ASSPGGGRATNEQF,21
TRBV7-9,TRBJ2-1,ASSPGGGRATRLNNEQF,1
TRBV7-9,TRBJ2-1,ASSPGGGRAVDEQF,4
TRBV7-9,TRBJ2-1,ASSPGGGRAYDEQF,1
TRBV7-9,TRBJ2-1,ASSPGGGRAYNEPF,1
TRBV7-9,TRBJ2-1,ASSPGGGRAYNEQF,9
TRBV7-9,TRBJ2-1,ASSPGGGRCEQF,1
TRBV7-9,TRBJ2-1,ASSPGGGRDNEQF,1
TRBV7-9,TRBJ2-1,ASSPGGGRDTNEQF,1
TRBV7-9,TRBJ2-1,ASSPGGGRDYNEQF,4
TRBV7-9,TRBJ2-1,ASSPGGGREF,1
TRBV7-9,TRBJ2-1,ASSPGGGREINNEQF,1
TRBV7-9,TRBJ2-1,ASSPGGGRELDEQF,11
TRBV7-9,TRBJ2-1,ASSPGGGRFSVEQF,6
TRBV7-9,TRBJ2-1,ASSPGGGRGEQF,2
TRBV7-9,TRBJ2-1,ASSPGGGRGGNEQF,1
TRBV7-9,TRBJ2-1,ASSPGGGRGNEQF,2
TRBV7-9,TRBJ2-1,ASSPGGGRGYNEQF,24
TRBV7-9,TRBJ2-1,ASSPGGGRHDQF,1
TRBV7-9,TRBJ2-1,ASSPGGGRHEQF,16
TRBV7-9,TRBJ2-1,ASSPGGGRIGNEQF,1
TRBV7-9,TRBJ2-1,ASSPGGGRKYNEQF,12
TRBV7-9,TRBJ2-1,ASSPGGGRNEQF,3
TRBV7-9,TRBJ2-1,ASSPGGGRNNEQF,2
TRBV7-9,TRBJ2-1,ASSPGGGRPLYNEQF,1
TRBV7-9,TRBJ2-1,ASSPGGGRPYNEQF,3
TRBV7-9,TRBJ2-1,ASSPGGGRRIYNEQF,1
TRBV7-9,TRBJ2-1,ASSPGGGRRYEQF,9
TRBV7-9,TRBJ2-1,ASSPGGGRSGNEQF,4
TRBV7-9,TRBJ2-1,ASSPGGGRSYNEQF,3
TRBV7-9,TRBJ2-1,ASSPGGGRTIAHEQF,1
TRBV7-9,TRBJ2-1,ASSPGGGRTKNSYNEQF,14
TRBV7-9,TRBJ2-1,ASSPGGGRTKNSYNEQY,1
TRBV7-9,TRBJ2-1,ASSPGGGRTYEQF,1
TRBV7-9,TRBJ2-1,ASSPGGGRTYNEQF,4
TRBV7-9,TRBJ2-1,ASSPGGGRVNEQF,1
TRBV7-9,TRBJ2-1,ASSPGGGRVYNEPF,1
TRBV7-9,TRBJ2-1,ASSPGGGRVYNEQF,14
TRBV7-9,TRBJ2-1,ASSPGGGSASNEQF,1
TRBV7-9,TRBJ2-1,ASSPGGGSAYKGQF,1
TRBV7-9,TRBJ2-1,ASSPGGGSAYNEQF,8
TRBV7-9,TRBJ2-1,ASSPGGGSAYYEQF,1
TRBV7-9,TRBJ2-1,ASSPGGGSCENEQF,1
TRBV7-9,TRBJ2-1,ASSPGGGSEQF,1
TRBV7-9,TRBJ2-1,ASSPGGGSGANEQF,1
TRBV7-9,TRBJ2-1,ASSPGGGSGLSWQF,6
TRBV7-9,TRBJ2-1,ASSPGGGSGRSYNEQF,1
TRBV7-9,TRBJ2-1,ASSPGGGSGSNGQL,1
TRBV7-9,TRBJ2-1,ASSPGGGSGYNEQF,1
TRBV7-9,TRBJ2-1,ASSPGGGSHEQF,7
TRBV7-9,TRBJ2-1,ASSPGGGSLNEQF,1
TRBV7-9,TRBJ2-1,ASSPGGGSNEQF,10
TRBV7-9,TRBJ2-1,ASSPGGGSPAYNEQF,1
TRBV7-9,TRBJ2-1,ASSPGGGSPHNEQF,1
TRBV7-9,TRBJ2-1,ASSPGGGSPKNELF,1
TRBV7-9,TRBJ2-1,ASSPGGGSPYNEQF,1
TRBV7-9,TRBJ2-1,ASSPGGGSSDEQF,1
TRBV7-9,TRBJ2-1,ASSPGGGSSNNEQF,1
TRBV7-9,TRBJ2-1,ASSPGGGSSSYNEQF,1
TRBV7-9,TRBJ2-1,ASSPGGGSSYKEHF,1
TRBV7-9,TRBJ2-1,ASSPGGGSSYKEQF,1
TRBV7-9,TRBJ2-1,ASSPGGGSSYNDQF,2
TRBV7-9,TRBJ2-1,ASSPGGGSSYNEQF,76
TRBV7-9,TRBJ2-1,ASSPGGGSTYNEQF,13
TRBV7-9,TRBJ2-1,ASSPGGGSVNEQF,1
TRBV7-9,TRBJ2-1,ASSPGGGSVYNEQF,1
TRBV7-9,TRBJ2-1,ASSPGGGSYEQF,1
TRBV7-9,TRBJ2-1,ASSPGGGSYNEQF,36
TRBV7-9,TRBJ2-1,ASSPGGGTAYEQF,1
TRBV7-9,TRBJ2-1,ASSPGGGTAYNEQF,1
TRBV7-9,TRBJ2-1,ASSPGGGTEQF,1
TRBV7-9,TRBJ2-1,ASSPGGGTGEF,11
TRBV7-9,TRBJ2-1,ASSPGGGTGGAYNEQF,1
TRBV7-9,TRBJ2-1,ASSPGGGTGNINEQF,1
TRBV7-9,TRBJ2-1,ASSPGGGTGVFEQF,1
TRBV7-9,TRBJ2-1,ASSPGGGTGYYNEQF,1
TRBV7-9,TRBJ2-1,ASSPGGGTINEQF,1
TRBV7-9,TRBJ2-1,ASSPGGGTLNEQF,1
TRBV7-9,TRBJ2-1,ASSPGGGTPRYNEQF,1
TRBV7-9,TRBJ2-1,ASSPGGGTSESSYNEQF,1
TRBV7-9,TRBJ2-1,ASSPGGGTSGMNEQF,1
TRBV7-9,TRBJ2-1,ASSPGGGTSGQVHEQF,2
TRBV7-9,TRBJ2-1,ASSPGGGTSGRNEQF,10
TRBV7-9,TRBJ2-1,ASSPGGGTSYNEQF,1
TRBV7-9,TRBJ2-1,ASSPGGGTYNEQF,5
TRBV7-9,TRBJ2-1,ASSPGGGVAFYEQF,1
TRBV7-9,TRBJ2-1,ASSPGGGVDEQF,1
TRBV7-9,TRBJ2-1,ASSPGGGVEQF,12
TRBV7-9,TRBJ2-1,ASSPGGGVGDNEQF,14
TRBV7-9,TRBJ2-1,ASSPGGGVSYNEQF,2
TRBV7-9,TRBJ2-1,ASSPGGGVYNEQF,6
TRBV7-9,TRBJ2-1,ASSPGGGWADNEQF,1
TRBV7-9,TRBJ2-1,ASSPGGGWFSVEQF,1
TRBV7-9,TRBJ2-1,ASSPGGGWGNEQF,1
TRBV7-9,TRBJ2-1,ASSPGGGWNEQF,9
TRBV7-9,TRBJ2-1,ASSPGGGWSHNEQF,7
TRBV7-9,TRBJ2-1,ASSPGGGWSYNEQF,11
TRBV7-9,TRBJ2-1,ASSPGGGYGLHEQF,1
TRBV7-9,TRBJ2-1,ASSPGGGYNEQF,12
TRBV7-9,TRBJ2-1,ASSPGGHAAYEQF,1
TRBV7-9,TRBJ2-1,ASSPGGHEQF,30
TRBV7-9,TRBJ2-1,ASSPGGHLPYNEQF,1
TRBV7-9,TRBJ2-1,ASSPGGHNEQF,12
TRBV7-9,TRBJ2-1,ASSPGGHRDPLGNEQF,1
TRBV7-9,TRBJ2-1,ASSPGGHRNEQF,1
TRBV7-9,TRBJ2-1,ASSPGGHSEQF,8
TRBV7-9,TRBJ2-1,ASSPGGHYWDEQF,2
TRBV7-9,TRBJ2-1,ASSPGGIAGEEEF,1
TRBV7-9,TRBJ2-1,ASSPGGIAGEEQF,9
TRBV7-9,TRBJ2-1,ASSPGGIAGEERF,2
TRBV7-9,TRBJ2-1,ASSPGGIAGEGQF,1
TRBV7-9,TRBJ2-1,ASSPGGIAGEKQF,1
TRBV7-9,TRBJ2-1,ASSPGGIAGGHIYNEQF,1
TRBV7-9,TRBJ2-1,ASSPGGIGGGEQF,1
TRBV7-9,TRBJ2-1,ASSPGGIGYNEQF,1
TRBV7-9,TRBJ2-1,ASSPGGINEQF,12
TRBV7-9,TRBJ2-1,ASSPGGINNEQF,1
TRBV7-9,TRBJ2-1,ASSPGGIQRGYNEQF,1
TRBV7-9,TRBJ2-1,ASSPGGIRLHEQF,8
TRBV7-9,TRBJ2-1,ASSPGGIRYNEQF,1
TRBV7-9,TRBJ2-1,ASSPGGISGSHYNEQF,2
TRBV7-9,TRBJ2-1,ASSPGGISHNEQF,1
TRBV7-9,TRBJ2-1,ASSPGGISSYNEQF,2
TRBV7-9,TRBJ2-1,ASSPGGISYNEQF,2
TRBV7-9,TRBJ2-1,ASSPGGIYNEQF,1
TRBV7-9,TRBJ2-1,ASSPGGKDEQF,1
TRBV7-9,TRBJ2-1,ASSPGGKDNEQF,2
TRBV7-9,TRBJ2-1,ASSPGGKEGPLYNEQF,1
TRBV7-9,TRBJ2-1,ASSPGGKGGGSYNEQF,6
TRBV7-9,TRBJ2-1,ASSPGGKGHYNEQF,1
TRBV7-9,TRBJ2-1,ASSPGGKSNEQF,1
TRBV7-9,TRBJ2-1,ASSPGGKVAYNEQF,1
TRBV7-9,TRBJ2-1,ASSPGGKWNEQF,1
TRBV7-9,TRBJ2-1,ASSPGGLAAAYNEQF,1
TRBV7-9,TRBJ2-1,ASSPGGLAAEDQF,1
TRBV7-9,TRBJ2-1,ASSPGGLAAEEQF,1
TRBV7-9,TRBJ2-1,ASSPGGLAANNEQF,10
TRBV7-9,TRBJ2-1,ASSPGGLAARNEQF,1
TRBV7-9,TRBJ2-1,ASSPGGLAASYNEQF,1
TRBV7-9,TRBJ2-1,ASSPGGLAATQGEQF,8
TRBV7-9,TRBJ2-1,ASSPGGLADNEQF,1
TRBV7-9,TRBJ2-1,ASSPGGLADYNEQF,1
TRBV7-9,TRBJ2-1,ASSPGGLAEANEQF,1
TRBV7-9,TRBJ2-1,ASSPGGLAEEEQF,11
TRBV7-9,TRBJ2-1,ASSPGGLAEEQF,1
TRBV7-9,TRBJ2-1,ASSPGGLAENNEQF,1
TRBV7-9,TRBJ2-1,ASSPGGLAERYNEQF,1
TRBV7-9,TRBJ2-1,ASSPGGLAFNEQF,1
TRBV7-9,TRBJ2-1,ASSPGGLAGAEQF,4
TRBV7-9,TRBJ2-1,ASSPGGLAGAGQF,1
TRBV7-9,TRBJ2-1,ASSPGGLAGAKQF,1
TRBV7-9,TRBJ2-1,ASSPGGLAGANEQF,1
TRBV7-9,TRBJ2-1,ASSPGGLAGAYNEQF,2
TRBV7-9,TRBJ2-1,ASSPGGLAGDEQF,4
TRBV7-9,TRBJ2-1,ASSPGGLAGDHNEQF,1
TRBV7-9,TRBJ2-1,ASSPGGLAGDNEQF,16
TRBV7-9,TRBJ2-1,ASSPGGLAGEAQF,11
TRBV7-9,TRBJ2-1,ASSPGGLAGEASYNEQF,1
TRBV7-9,TRBJ2-1,ASSPGGLAGEDHF,1
TRBV7-9,TRBJ2-1,ASSPGGLAGEDQF,11
TRBV7-9,TRBJ2-1,ASSPGGLAGEEHF,12
TRBV7-9,TRBJ2-1,ASSPGGLAGEEKF,11
TRBV7-9,TRBJ2-1,ASSPGGLAGEEKS,1
TRBV7-9,TRBJ2-1,ASSPGGLAGEELF,3
TRBV7-9,TRBJ2-1,ASSPGGLAGEEPF,6
TRBV7-9,TRBJ2-1,ASSPGGLAGEEQC,12
TRBV7-9,TRBJ2-1,ASSPGGLAGEEQF,1919
TRBV7-9,TRBJ2-1,ASSPGGLAGEEQI,3
TRBV7-9,TRBJ2-1,ASSPGGLAGEEQL,6
TRBV7-9,TRBJ2-1,ASSPGGLAGEEQS,7
TRBV7-9,TRBJ2-1,ASSPGGLAGEEQV,10
TRBV7-9,TRBJ2-1,ASSPGGLAGEERF,5
TRBV7-9,TRBJ2-1,ASSPGGLAGEERV,1
TRBV7-9,TRBJ2-1,ASSPGGLAGEETF,1
TRBV7-9,TRBJ2-1,ASSPGGLAGEGQF,7
TRBV7-9,TRBJ2-1,ASSPGGLAGEGWNEQF,6
TRBV7-9,TRBJ2-1,ASSPGGLAGEKGGNEQF,5
TRBV7-9,TRBJ2-1,ASSPGGLAGEKQF,3
TRBV7-9,TRBJ2-1,ASSPGGLAGEQF,4
TRBV7-9,TRBJ2-1,ASSPGGLAGEQQF,1
TRBV7-9,TRBJ2-1,ASSPGGLAGEVQF,4
TRBV7-9,TRBJ2-1,ASSPGGLAGGEQF,1
TRBV7-9,TRBJ2-1,ASSPGGLAGGFLYNEQF,1
TRBV7-9,TRBJ2-1,ASSPGGLAGGKYNEQF,2
TRBV7-9,TRBJ2-1,ASSPGGLAGGLEQF,8
TRBV7-9,TRBJ2-1,ASSPGGLAGGNDQF,1
TRBV7-9,TRBJ2-1,ASSPGGLAGGNEQF,31
TRBV7-9,TRBJ2-1,ASSPGGLAGGPSYNEQF,1
TRBV7-9,TRBJ2-1,ASSPGGLAGGRNEQF,1
TRBV7-9,TRBJ2-1,ASSPGGLAGGSSYNEQF,2
TRBV7-9,TRBJ2-1,ASSPGGLAGGVNEQF,1
TRBV7-9,TRBJ2-1,ASSPGGLAGGYNEQF,4
TRBV7-9,TRBJ2-1,ASSPGGLAGHGQL,1
TRBV7-9,TRBJ2-1,ASSPGGLAGINEQF,1
TRBV7-9,TRBJ2-1,ASSPGGLAGIYNEQF,2
TRBV7-9,TRBJ2-1,ASSPGGLAGKEQF,6
TRBV7-9,TRBJ2-1,ASSPGGLAGKHNEQF,1
TRBV7-9,TRBJ2-1,ASSPGGLAGKYNEQF,2
TRBV7-9,TRBJ2-1,ASSPGGLAGLDEQF,1
TRBV7-9,TRBJ2-1,ASSPGGLAGLEAAYNEQF,12
TRBV7-9,TRBJ2-1,ASSPGGLAGLPSYNEQF,1
TRBV7-9,TRBJ2-1,ASSPGGLAGLVNEQF,1
TRBV7-9,TRBJ2-1,ASSPGGLAGNEQF,2
TRBV7-9,TRBJ2-1,ASSPGGLAGNHNEQF,1
TRBV7-9,TRBJ2-1,ASSPGGLAGNYSYNEQF,1
TRBV7-9,TRBJ2-1,ASSPGGLAGPYNEQF,1
TRBV7-9,TRBJ2-1,ASSPGGLAGQEQF,2
TRBV7-9,TRBJ2-1,ASSPGGLAGQGEQF,2
TRBV7-9,TRBJ2-1,ASSPGGLAGRFNEQF,1
TRBV7-9,TRBJ2-1,ASSPGGLAGSEHF,1
TRBV7-9,TRBJ2-1,ASSPGGLAGSEKI,1
TRBV7-9,TRBJ2-1,ASSPGGLAGSEQC,1
TRBV7-9,TRBJ2-1,ASSPGGLAGSEQF,102
TRBV7-9,TRBJ2-1,ASSPGGLAGSNEQF,1
TRBV7-9,TRBJ2-1,ASSPGGLAGSYNEQF,4
TRBV7-9,TRBJ2-1,ASSPGGLAGTNEQF,1
TRBV7-9,TRBJ2-1,ASSPGGLAGTYNEQF,2
TRBV7-9,TRBJ2-1,ASSPGGLAGVDEQF,1
TRBV7-9,TRBJ2-1,ASSPGGLAGVEQF,2
TRBV7-9,TRBJ2-1,ASSPGGLAGVGTDEQF,5
TRBV7-9,TRBJ2-1,ASSPGGLAGVGWYNEQF,1
TRBV7-9,TRBJ2-1,ASSPGGLAGVGYNEQF,1
TRBV7-9,TRBJ2-1,ASSPGGLAGVHNEQF,1
TRBV7-9,TRBJ2-1,ASSPGGLAGVSSYNEQF,1
TRBV7-9,TRBJ2-1,ASSPGGLAGVYNEQF,2
TRBV7-9,TRBJ2-1,ASSPGGLAGWSEQF,1
TRBV7-9,TRBJ2-1,ASSPGGLAGWYEQF,3
TRBV7-9,TRBJ2-1,ASSPGGLAGYNEQF,13
TRBV7-9,TRBJ2-1,ASSPGGLAIPEYNEQF,11
TRBV7-9,TRBJ2-1,ASSPGGLALPNEQF,1
TRBV7-9,TRBJ2-1,ASSPGGLALSSYNEQF,1
TRBV7-9,TRBJ2-1,ASSPGGLAMYNEQF,1
TRBV7-9,TRBJ2-1,ASSPGGLANDNEQF,1
TRBV7-9,TRBJ2-1,ASSPGGLANEQF,1
TRBV7-9,TRBJ2-1,ASSPGGLAPTPGNEQF,1
TRBV7-9,TRBJ2-1,ASSPGGLAPYNEQF,1
TRBV7-9,TRBJ2-1,ASSPGGLAQDEDF,1
TRBV7-9,TRBJ2-1,ASSPGGLARDEQF,1
TRBV7-9,TRBJ2-1,ASSPGGLARDNEQF,1
TRBV7-9,TRBJ2-1,ASSPGGLAREEQF,6
TRBV7-9,TRBJ2-1,ASSPGGLAREEQS,1
TRBV7-9,TRBJ2-1,ASSPGGLAREEQY,1
TRBV7-9,TRBJ2-1,ASSPGGLARGEQF,1
TRBV7-9,TRBJ2-1,ASSPGGLARSNEQF,1
TRBV7-9,TRBJ2-1,ASSPGGLARYEQF,1
TRBV7-9,TRBJ2-1,ASSPGGLARYNEQF,15
TRBV7-9,TRBJ2-1,ASSPGGLARYNGQF,1
TRBV7-9,TRBJ2-1,ASSPGGLASNEQF,4
TRBV7-9,TRBJ2-1,ASSPGGLASYNEQF,1
TRBV7-9,TRBJ2-1,ASSPGGLATNEQF,1
TRBV7-9,TRBJ2-1,ASSPGGLAVEDQF,1
TRBV7-9,TRBJ2-1,ASSPGGLAVEEHF,1
TRBV7-9,TRBJ2-1,ASSPGGLAVEEQF,5
TRBV7-9,TRBJ2-1,ASSPGGLAVMDEQF,1
TRBV7-9,TRBJ2-1,ASSPGGLAVNNEQF,4
TRBV7-9,TRBJ2-1,ASSPGGLAVSEQF,1
TRBV7-9,TRBJ2-1,ASSPGGLAVSYNEQF,2
TRBV7-9,TRBJ2-1,ASSPGGLAVVNEQF,1
TRBV7-9,TRBJ2-1,ASSPGGLAVYNEQF,13
TRBV7-9,TRBJ2-1,ASSPGGLAYNEQF,2
TRBV7-9,TRBJ2-1,ASSPGGLAYSYNEQF,1
TRBV7-9,TRBJ2-1,ASSPGGLDEQF,2
TRBV7-9,TRBJ2-1,ASSPGGLDNEQF,1
TRBV7-9,TRBJ2-1,ASSPGGLEGEEKF,1
TRBV7-9,TRBJ2-1,ASSPGGLEGEEQF,11
TRBV7-9,TRBJ2-1,ASSPGGLEGNEQF,1
TRBV7-9,TRBJ2-1,ASSPGGLEGVNNEQF,1
TRBV7-9,TRBJ2-1,ASSPGGLENEQF,1
TRBV7-9,TRBJ2-1,ASSPGGLEQF,4
TRBV7-9,TRBJ2-1,ASSPGGLETHTHSNEQF,1
TRBV7-9,TRBJ2-1,ASSPGGLETHTHTNEQF,13
TRBV7-9,TRBJ2-1,ASSPGGLGANEQF,1
TRBV7-9,TRBJ2-1,ASSPGGLGGDGHEQF,1
TRBV7-9,TRBJ2-1,ASSPGGLGGEEQF,4
TRBV7-9,TRBJ2-1,ASSPGGLGGQGEQF,1
TRBV7-9,TRBJ2-1,ASSPGGLGRGEQF,3
TRBV7-9,TRBJ2-1,ASSPGGLGSYNEQF,11
TRBV7-9,TRBJ2-1,ASSPGGLGYNEQF,1
TRBV7-9,TRBJ2-1,ASSPGGLHFRDEQF,1
TRBV7-9,TRBJ2-1,ASSPGGLHNEQF,1
TRBV7-9,TRBJ2-1,ASSPGGLIDSYF,10
TRBV7-9,TRBJ2-1,ASSPGGLIGSYNEQF,1
TRBV7-9,TRBJ2-1,ASSPGGLISYNEQF,1
TRBV7-9,TRBJ2-1,ASSPGGLKEQF,1
TRBV7-9,TRBJ2-1,ASSPGGLKINEQF,1
TRBV7-9,TRBJ2-1,ASSPGGLLEDEQF,12
TRBV7-9,TRBJ2-1,ASSPGGLLNNEQF,2
TRBV7-9,TRBJ2-1,ASSPGGLLSNEQF,1
TRBV7-9,TRBJ2-1,ASSPGGLLYNEQF,2
TRBV7-9,TRBJ2-1,ASSPGGLNEQF,12
TRBV7-9,TRBJ2-1,ASSPGGLNPNEQF,1
TRBV7-9,TRBJ2-1,ASSPGGLPEQF,2
TRBV7-9,TRBJ2-1,ASSPGGLPGHNEQF,1
TRBV7-9,TRBJ2-1,ASSPGGLPLGEQF,9
TRBV7-9,TRBJ2-1,ASSPGGLPNEQF,1
TRBV7-9,TRBJ2-1,ASSPGGLPWDEQF,1
TRBV7-9,TRBJ2-1,ASSPGGLQPNEQF,1
TRBV7-9,TRBJ2-1,ASSPGGLQPRSYNEQF,1
TRBV7-9,TRBJ2-1,ASSPGGLRESWQF,4
TRBV7-9,TRBJ2-1,ASSPGGLRGDEQF,1
TRBV7-9,TRBJ2-1,ASSPGGLSGEDQF,1
TRBV7-9,TRBJ2-1,ASSPGGLSGEEQC,1
TRBV7-9,TRBJ2-1,ASSPGGLSGEEQF,12
TRBV7-9,TRBJ2-1,ASSPGGLSGSEQF,1
TRBV7-9,TRBJ2-1,ASSPGGLSHYNEQF,1
TRBV7-9,TRBJ2-1,ASSPGGLSNEQF,1
TRBV7-9,TRBJ2-1,ASSPGGLSSYNEQF,1
TRBV7-9,TRBJ2-1,ASSPGGLSTYNEQF,1
TRBV7-9,TRBJ2-1,ASSPGGLSYNEQF,3
TRBV7-9,TRBJ2-1,ASSPGGLTGEEQF,1
TRBV7-9,TRBJ2-1,ASSPGGLTGTNAQF,1
TRBV7-9,TRBJ2-1,ASSPGGLTGTNEQF,7
TRBV7-9,TRBJ2-1,ASSPGGLTNYNEQF,1
TRBV7-9,TRBJ2-1,ASSPGGLTYNEQF,1
TRBV7-9,TRBJ2-1,ASSPGGLVGEALF,1
TRBV7-9,TRBJ2-1,ASSPGGLVGEEQF,6
TRBV7-9,TRBJ2-1,ASSPGGLVGLRKEQF,1
TRBV7-9,TRBJ2-1,ASSPGGLVGLRNEQF,15
TRBV7-9,TRBJ2-1,ASSPGGLVGLRNEQL,1
TRBV7-9,TRBJ2-1,ASSPGGLVGSHEQF,1
TRBV7-9,TRBJ2-1,ASSPGGLVHDEQF,1
TRBV7-9,TRBJ2-1,ASSPGGLVSNEQF,1
TRBV7-9,TRBJ2-1,ASSPGGLVTYNEQF,1
TRBV7-9,TRBJ2-1,ASSPGGLVVYNEQF,1
TRBV7-9,TRBJ2-1,ASSPGGLVYSEQF,1
TRBV7-9,TRBJ2-1,ASSPGGLWRDNEQF,37
TRBV7-9,TRBJ2-1,ASSPGGLWVNNEQF,1
TRBV7-9,TRBJ2-1,ASSPGGLYNEQC,1
TRBV7-9,TRBJ2-1,ASSPGGLYNEQF,21
TRBV7-9,TRBJ2-1,ASSPGGLYSNEQF,1
TRBV7-9,TRBJ2-1,ASSPGGMDEQF,1
TRBV7-9,TRBJ2-1,ASSPGGMGYEQF,1
TRBV7-9,TRBJ2-1,ASSPGGMGYNEQF,1
TRBV7-9,TRBJ2-1,ASSPGGMQYEQF,1
TRBV7-9,TRBJ2-1,ASSPGGMRSEQF,1
TRBV7-9,TRBJ2-1,ASSPGGMSSYNEQF,1
TRBV7-9,TRBJ2-1,ASSPGGMSYNEQF,1
TRBV7-9,TRBJ2-1,ASSPGGMWDEQF,17
TRBV7-9,TRBJ2-1,ASSPGGMWNEQF,1
TRBV7-9,TRBJ2-1,ASSPGGNEHF,1
TRBV7-9,TRBJ2-1,ASSPGGNEKF,1
TRBV7-9,TRBJ2-1,ASSPGGNEQF,260
TRBV7-9,TRBJ2-1,ASSPGGNEQL,2
TRBV7-9,TRBJ2-1,ASSPGGNGNEQF,10
TRBV7-9,TRBJ2-1,ASSPGGNHNEQF,9
TRBV7-9,TRBJ2-1,ASSPGGNIYNEQF,3
TRBV7-9,TRBJ2-1,ASSPGGNLDEQF,1
TRBV7-9,TRBJ2-1,ASSPGGNLQGNEQF,1
TRBV7-9,TRBJ2-1,ASSPGGNNEQF,18
TRBV7-9,TRBJ2-1,ASSPGGNPFYNEQF,1
TRBV7-9,TRBJ2-1,ASSPGGNPGDNEQF,1
TRBV7-9,TRBJ2-1,ASSPGGNRLKNEQF,1
TRBV7-9,TRBJ2-1,ASSPGGNSFDEQF,1
TRBV7-9,TRBJ2-1,ASSPGGNVQF,1
TRBV7-9,TRBJ2-1,ASSPGGNYEQF,1
TRBV7-9,TRBJ2-1,ASSPGGNYNEQF,10
TRBV7-9,TRBJ2-1,ASSPGGPAGEEQF,5
TRBV7-9,TRBJ2-1,ASSPGGPAGVNEQF,3
TRBV7-9,TRBJ2-1,ASSPGGPDEQF,1
TRBV7-9,TRBJ2-1,ASSPGGPDNEQF,11
TRBV7-9,TRBJ2-1,ASSPGGPDNEQL,1
TRBV7-9,TRBJ2-1,ASSPGGPEQF,8
TRBV7-9,TRBJ2-1,ASSPGGPGDEQF,2
TRBV7-9,TRBJ2-1,ASSPGGPGLALHNEQF,1
TRBV7-9,TRBJ2-1,ASSPGGPGLF,3
TRBV7-9,TRBJ2-1,ASSPGGPGNEQF,4
TRBV7-9,TRBJ2-1,ASSPGGPGNNEQF,1
TRBV7-9,TRBJ2-1,ASSPGGPGSSYNEQF,1
TRBV7-9,TRBJ2-1,ASSPGGPGVGQF,17
TRBV7-9,TRBJ2-1,ASSPGGPGVNEQF,1
TRBV7-9,TRBJ2-1,ASSPGGPGVVQF,1
TRBV7-9,TRBJ2-1,ASSPGGPGYNEQF,1
TRBV7-9,TRBJ2-1,ASSPGGPHEQF,1
TRBV7-9,TRBJ2-1,ASSPGGPIYNEQF,2
TRBV7-9,TRBJ2-1,ASSPGGPLAGVNNEQF,1
TRBV7-9,TRBJ2-1,ASSPGGPLDEQF,1
TRBV7-9,TRBJ2-1,ASSPGGPLSSYNEQF,1
TRBV7-9,TRBJ2-1,ASSPGGPNEQF,9
TRBV7-9,TRBJ2-1,ASSPGGPNNEQF,1
TRBV7-9,TRBJ2-1,ASSPGGPPNEQF,1
TRBV7-9,TRBJ2-1,ASSPGGPPSYNEQF,1
TRBV7-9,TRBJ2-1,ASSPGGPPYNEQF,8
TRBV7-9,TRBJ2-1,ASSPGGPQAYNEQF,1
TRBV7-9,TRBJ2-1,ASSPGGPQRAYNEQF,1
TRBV7-9,TRBJ2-1,ASSPGGPQSYNEQF,1
TRBV7-9,TRBJ2-1,ASSPGGPRAYNEQF,1
TRBV7-9,TRBJ2-1,ASSPGGPRLAGGNEQF,1
TRBV7-9,TRBJ2-1,ASSPGGPRLANEQF,1
TRBV7-9,TRBJ2-1,ASSPGGPRNEQF,1
TRBV7-9,TRBJ2-1,ASSPGGPRSYNEQF,2
TRBV7-9,TRBJ2-1,ASSPGGPRYNEQF,1
TRBV7-9,TRBJ2-1,ASSPGGPSGRRNEQF,4
TRBV7-9,TRBJ2-1,ASSPGGPSLDEQF,1
TRBV7-9,TRBJ2-1,ASSPGGPSSYNEQF,1
TRBV7-9,TRBJ2-1,ASSPGGPSYNEQF,4
TRBV7-9,TRBJ2-1,ASSPGGPVLVYNEQF,1
TRBV7-9,TRBJ2-1,ASSPGGPWGTDNEQF,18
TRBV7-9,TRBJ2-1,ASSPGGPWGTDNQQF,1
TRBV7-9,TRBJ2-1,ASSPGGPWGTGNEQF,1
TRBV7-9,TRBJ2-1,ASSPGGPWNEQF,1
TRBV7-9,TRBJ2-1,ASSPGGPWVTDNEQF,1
TRBV7-9,TRBJ2-1,ASSPGGPYEQF,1
TRBV7-9,TRBJ2-1,ASSPGGPYNEQF,30
TRBV7-9,TRBJ2-1,ASSPGGPYSEQF,1
TRBV7-9,TRBJ2-1,ASSPGGQAGEDQF,1
TRBV7-9,TRBJ2-1,ASSPGGQAGEEQF,3
TRBV7-9,TRBJ2-1,ASSPGGQEQF,7
TRBV7-9,TRBJ2-1,ASSPGGQF,12
TRBV7-9,TRBJ2-1,ASSPGGQGARDEQF,1
TRBV7-9,TRBJ2-1,ASSPGGQGAYEQF,14
TRBV7-9,TRBJ2-1,ASSPGGQGAYNEQF,7
TRBV7-9,TRBJ2-1,ASSPGGQGDEQF,1
TRBV7-9,TRBJ2-1,ASSPGGQGFGNEQF,1
TRBV7-9,TRBJ2-1,ASSPGGQGGNEQF,6
TRBV7-9,TRBJ2-1,ASSPGGQGGNNEQF,1
TRBV7-9,TRBJ2-1,ASSPGGQGHKYNEQF,7
TRBV7-9,TRBJ2-1,ASSPGGQGIYNEQF,11
TRBV7-9,TRBJ2-1,ASSPGGQGLPRSYNEQF,1
TRBV7-9,TRBJ2-1,ASSPGGQGNEQF,13
TRBV7-9,TRBJ2-1,ASSPGGQGPYNEQF,1
TRBV7-9,TRBJ2-1,ASSPGGQGRNEQF,1
TRBV7-9,TRBJ2-1,ASSPGGQGVGNEQF,1
TRBV7-9,TRBJ2-1,ASSPGGQGVYNEQF,1
TRBV7-9,TRBJ2-1,ASSPGGQGWNEQF,1
TRBV7-9,TRBJ2-1,ASSPGGQGYNEQF,4
TRBV7-9,TRBJ2-1,ASSPGGQINEQF,4
TRBV7-9,TRBJ2-1,ASSPGGQISNEQF,1
TRBV7-9,TRBJ2-1,ASSPGGQIYNEQF,21
TRBV7-9,TRBJ2-1,ASSPGGQIYNKKF,1
TRBV7-9,TRBJ2-1,ASSPGGQMSLINEQF,8
TRBV7-9,TRBJ2-1,ASSPGGQNYNEQF,2
TRBV7-9,TRBJ2-1,ASSPGGQPNEQF,5
TRBV7-9,TRBJ2-1,ASSPGGQPYNEQF,4
TRBV7-9,TRBJ2-1,ASSPGGQREWNEQF,1
TRBV7-9,TRBJ2-1,ASSPGGQRYDNEQF,1
TRBV7-9,TRBJ2-1,ASSPGGQSYNEQF,1
TRBV7-9,TRBJ2-1,ASSPGGQTYNEQF,1
TRBV7-9,TRBJ2-1,ASSPGGQVAQF,3
TRBV7-9,TRBJ2-1,ASSPGGQVVEQF,6
TRBV7-9,TRBJ2-1,ASSPGGQYNEQF,1
TRBV7-9,TRBJ2-1,ASSPGGRADSYNEQF,1
TRBV7-9,TRBJ2-1,ASSPGGRAGEDQF,1
TRBV7-9,TRBJ2-1,ASSPGGRAGEEQC,1
TRBV7-9,TRBJ2-1,ASSPGGRAGEEQF,11
TRBV7-9,TRBJ2-1,ASSPGGRAGYNEQF,1
TRBV7-9,TRBJ2-1,ASSPGGRAHEQF,1
TRBV7-9,TRBJ2-1,ASSPGGRAHNEQF,1
TRBV7-9,TRBJ2-1,ASSPGGRAINEQF,1
TRBV7-9,TRBJ2-1,ASSPGGRANEQF,1
TRBV7-9,TRBJ2-1,ASSPGGRAQF,1
TRBV7-9,TRBJ2-1,ASSPGGRATYNEQF,1
TRBV7-9,TRBJ2-1,ASSPGGRAYNEQF,6
TRBV7-9,TRBJ2-1,ASSPGGRCYHEQF,1
TRBV7-9,TRBJ2-1,ASSPGGRDDEQF,1
TRBV7-9,TRBJ2-1,ASSPGGRDFHNEQF,7
TRBV7-9,TRBJ2-1,ASSPGGRDNEQF,16
TRBV7-9,TRBJ2-1,ASSPGGRDWNEQF,18
TRBV7-9,TRBJ2-1,ASSPGGREDWNEQF,1
TRBV7-9,TRBJ2-1,ASSPGGREGLFNEQF,1
TRBV7-9,TRBJ2-1,ASSPGGREGSYNEQF,1
TRBV7-9,TRBJ2-1,ASSPGGREQF,15
TRBV7-9,TRBJ2-1,ASSPGGRESLDEQF,1
TRBV7-9,TRBJ2-1,ASSPGGREYDEQF,1
TRBV7-9,TRBJ2-1,ASSPGGRGAYNEQF,1
TRBV7-9,TRBJ2-1,ASSPGGRGDEQF,1
TRBV7-9,TRBJ2-1,ASSPGGRGFRNEQF,1
TRBV7-9,TRBJ2-1,ASSPGGRGGVGWNEQF,1
TRBV7-9,TRBJ2-1,ASSPGGRGGYNEQF,1
TRBV7-9,TRBJ2-1,ASSPGGRGHEQF,1
TRBV7-9,TRBJ2-1,ASSPGGRGLAGAGEQF,1
TRBV7-9,TRBJ2-1,ASSPGGRGLGNEQF,1
TRBV7-9,TRBJ2-1,ASSPGGRGNEQF,1
TRBV7-9,TRBJ2-1,ASSPGGRGNNEQF,1
TRBV7-9,TRBJ2-1,ASSPGGRGPYNEQF,1
TRBV7-9,TRBJ2-1,ASSPGGRGQEDNEQF,2
TRBV7-9,TRBJ2-1,ASSPGGRGRRHNEQF,1
TRBV7-9,TRBJ2-1,ASSPGGRGSNEQF,1
TRBV7-9,TRBJ2-1,ASSPGGRGSSNEQF,1
TRBV7-9,TRBJ2-1,ASSPGGRGSYHEQF,1
TRBV7-9,TRBJ2-1,ASSPGGRGSYNAQF,1
TRBV7-9,TRBJ2-1,ASSPGGRGSYNEKF,5
TRBV7-9,TRBJ2-1,ASSPGGRGSYNEQC,1
TRBV7-9,TRBJ2-1,ASSPGGRGSYNEQF,188
TRBV7-9,TRBJ2-1,ASSPGGRGSYNKQF,2
TRBV7-9,TRBJ2-1,ASSPGGRGTANEQF,1
TRBV7-9,TRBJ2-1,ASSPGGRGTYNEQF,1
TRBV7-9,TRBJ2-1,ASSPGGRGVYNEQF,1
TRBV7-9,TRBJ2-1,ASSPGGRGYNEQF,3
TRBV7-9,TRBJ2-1,ASSPGGRIYNEQF,1
TRBV7-9,TRBJ2-1,ASSPGGRKGNEQF,1
TRBV7-9,TRBJ2-1,ASSPGGRLAFYEQF,1
TRBV7-9,TRBJ2-1,ASSPGGRLGFDEQF,14
TRBV7-9,TRBJ2-1,ASSPGGRLNEQF,1
TRBV7-9,TRBJ2-1,ASSPGGRMYNEQF,7
TRBV7-9,TRBJ2-1,ASSPGGRNEQF,10
TRBV7-9,TRBJ2-1,ASSPGGRNFNEQF,1
TRBV7-9,TRBJ2-1,ASSPGGRNPYNEQF,1
TRBV7-9,TRBJ2-1,ASSPGGRNVHDRYNEQF,1
TRBV7-9,TRBJ2-1,ASSPGGRPGGRSYNEQF,1
TRBV7-9,TRBJ2-1,ASSPGGRPNEQF,1
TRBV7-9,TRBJ2-1,ASSPGGRPYNEQF,1
TRBV7-9,TRBJ2-1,ASSPGGRRNDEHF,1
TRBV7-9,TRBJ2-1,ASSPGGRRNDEQF,14
TRBV7-9,TRBJ2-1,ASSPGGRRSYNEQF,1
TRBV7-9,TRBJ2-1,ASSPGGRSDEQF,1
TRBV7-9,TRBJ2-1,ASSPGGRSGGPYNEQF,1
TRBV7-9,TRBJ2-1,ASSPGGRSNEQF,1
TRBV7-9,TRBJ2-1,ASSPGGRSYNEQF,24
TRBV7-9,TRBJ2-1,ASSPGGRTFDYNEQF,1
TRBV7-9,TRBJ2-1,ASSPGGRTHYNDQF,1
TRBV7-9,TRBJ2-1,ASSPGGRTHYNEQF,13
TRBV7-9,TRBJ2-1,ASSPGGRTSAILYNEQF,1
TRBV7-9,TRBJ2-1,ASSPGGRTYNEQF,1
TRBV7-9,TRBJ2-1,ASSPGGRVDEQF,2
TRBV7-9,TRBJ2-1,ASSPGGRVFNEQF,1
TRBV7-9,TRBJ2-1,ASSPGGRVGDEQF,1
TRBV7-9,TRBJ2-1,ASSPGGRVHYNEQF,1
TRBV7-9,TRBJ2-1,ASSPGGRVNNEQF,2
TRBV7-9,TRBJ2-1,ASSPGGRYEQF,1
TRBV7-9,TRBJ2-1,ASSPGGRYNEQF,11
TRBV7-9,TRBJ2-1,ASSPGGSAIYNEQF,1
TRBV7-9,TRBJ2-1,ASSPGGSAIYTEQF,1
TRBV7-9,TRBJ2-1,ASSPGGSAREQF,2
TRBV7-9,TRBJ2-1,ASSPGGSAYNEQF,23
TRBV7-9,TRBJ2-1,ASSPGGSERGGGNDQF,1
TRBV7-9,TRBJ2-1,ASSPGGSFNEQF,1
TRBV7-9,TRBJ2-1,ASSPGGSGASGEQF,6
TRBV7-9,TRBJ2-1,ASSPGGSGCYNEQF,1
TRBV7-9,TRBJ2-1,ASSPGGSGDSSYNEQF,1
TRBV7-9,TRBJ2-1,ASSPGGSGDSYNEQF,12
TRBV7-9,TRBJ2-1,ASSPGGSGDWDEQF,2
TRBV7-9,TRBJ2-1,ASSPGGSGDWGEQF,1
TRBV7-9,TRBJ2-1,ASSPGGSGEQF,6
TRBV7-9,TRBJ2-1,ASSPGGSGEYEQF,3
TRBV7-9,TRBJ2-1,ASSPGGSGFNEQF,1
TRBV7-9,TRBJ2-1,ASSPGGSGFSYNEQF,1
TRBV7-9,TRBJ2-1,ASSPGGSGGANEQF,5
TRBV7-9,TRBJ2-1,ASSPGGSGGFNEQF,1
TRBV7-9,TRBJ2-1,ASSPGGSGGSNEQF,1
TRBV7-9,TRBJ2-1,ASSPGGSGGSSYNEQF,1
TRBV7-9,TRBJ2-1,ASSPGGSGGSTGDNAQF,1
TRBV7-9,TRBJ2-1,ASSPGGSGGSTGDNEQF,11
TRBV7-9,TRBJ2-1,ASSPGGSGGSTWDNEQF,1
TRBV7-9,TRBJ2-1,ASSPGGSGHNEQF,1
TRBV7-9,TRBJ2-1,ASSPGGSGIDEQF,1
TRBV7-9,TRBJ2-1,ASSPGGSGLGHNEQF,2
TRBV7-9,TRBJ2-1,ASSPGGSGLGIAYNEQF,1
TRBV7-9,TRBJ2-1,ASSPGGSGLYNEQF,4
TRBV7-9,TRBJ2-1,ASSPGGSGMPKDNEQF,4
TRBV7-9,TRBJ2-1,ASSPGGSGNEQF,2
TRBV7-9,TRBJ2-1,ASSPGGSGPQGRNEQF,5
TRBV7-9,TRBJ2-1,ASSPGGSGRDPYNEQF,1
TRBV7-9,TRBJ2-1,ASSPGGSGRFDEQF,1
TRBV7-9,TRBJ2-1,ASSPGGSGRGNEQF,19
TRBV7-9,TRBJ2-1,ASSPGGSGRNSYNEQF,1
TRBV7-9,TRBJ2-1,ASSPGGSGRRNEQF,1
TRBV7-9,TRBJ2-1,ASSPGGSGRSRYNEQF,1
TRBV7-9,TRBJ2-1,ASSPGGSGRSYNEQF,1
TRBV7-9,TRBJ2-1,ASSPGGSGSDEQF,1
TRBV7-9,TRBJ2-1,ASSPGGSGSDNEQF,1
TRBV7-9,TRBJ2-1,ASSPGGSGSFNEQF,1
TRBV7-9,TRBJ2-1,ASSPGGSGSLNEQF,22
TRBV7-9,TRBJ2-1,ASSPGGSGSYNEQF,2
TRBV7-9,TRBJ2-1,ASSPGGSGTGNEQF,1
TRBV7-9,TRBJ2-1,ASSPGGSGTGVANEQF,1
TRBV7-9,TRBJ2-1,ASSPGGSGTGVGNEQF,9
TRBV7-9,TRBJ2-1,ASSPGGSGTHNEQF,12
TRBV7-9,TRBJ2-1,ASSPGGSGTNNEQF,1
TRBV7-9,TRBJ2-1,ASSPGGSGTSRNEQF,1
TRBV7-9,TRBJ2-1,ASSPGGSGVYNEQF,1
TRBV7-9,TRBJ2-1,ASSPGGSGYANEQF,1
TRBV7-9,TRBJ2-1,ASSPGGSGYNEQF,20
TRBV7-9,TRBJ2-1,ASSPGGSHEQF,5
TRBV7-9,TRBJ2-1,ASSPGGSINEQF,9
TRBV7-9,TRBJ2-1,ASSPGGSIYNEQF,3
TRBV7-9,TRBJ2-1,ASSPGGSKSYNEQF,1
TRBV7-9,TRBJ2-1,ASSPGGSLDEQF,1
TRBV7-9,TRBJ2-1,ASSPGGSLENEQF,1
TRBV7-9,TRBJ2-1,ASSPGGSLGNEQF,1
TRBV7-9,TRBJ2-1,ASSPGGSLGRGNAYEQF,1
TRBV7-9,TRBJ2-1,ASSPGGSLNEQF,3
TRBV7-9,TRBJ2-1,ASSPGGSLPNNEQF,1
TRBV7-9,TRBJ2-1,ASSPGGSLRQF,15
TRBV7-9,TRBJ2-1,ASSPGGSLSYNEQF,1
TRBV7-9,TRBJ2-1,ASSPGGSLYNEHF,2
TRBV7-9,TRBJ2-1,ASSPGGSLYNEQF,32
TRBV7-9,TRBJ2-1,ASSPGGSMAYNEQF,13
TRBV7-9,TRBJ2-1,ASSPGGSNEQF,16
TRBV7-9,TRBJ2-1,ASSPGGSNRFGNEQF,9
TRBV7-9,TRBJ2-1,ASSPGGSNSINEQF,1
TRBV7-9,TRBJ2-1,ASSPGGSNSYNEQF,1
TRBV7-9,TRBJ2-1,ASSPGGSPIYNEQF,1
TRBV7-9,TRBJ2-1,ASSPGGSPLQYNEQF,1
TRBV7-9,TRBJ2-1,ASSPGGSPYNEQF,8
TRBV7-9,TRBJ2-1,ASSPGGSQF,10
TRBV7-9,TRBJ2-1,ASSPGGSREQF,7
TRBV7-9,TRBJ2-1,ASSPGGSRGAYNEQF,2
TRBV7-9,TRBJ2-1,ASSPGGSRGNEQF,1
TRBV7-9,TRBJ2-1,ASSPGGSRNEQF,1
TRBV7-9,TRBJ2-1,ASSPGGSRSSYNEQF,1
TRBV7-9,TRBJ2-1,ASSPGGSRSYNEQF,2
TRBV7-9,TRBJ2-1,ASSPGGSRVYNEQF,1
TRBV7-9,TRBJ2-1,ASSPGGSRWNEQF,34
TRBV7-9,TRBJ2-1,ASSPGGSRYNEQF,4
TRBV7-9,TRBJ2-1,ASSPGGSSDNAQF,1
TRBV7-9,TRBJ2-1,ASSPGGSSEQF,5
TRBV7-9,TRBJ2-1,ASSPGGSSGEEDEQF,1
TRBV7-9,TRBJ2-1,ASSPGGSSGGEDEQF,7
TRBV7-9,TRBJ2-1,ASSPGGSSGLYNEQF,1
TRBV7-9,TRBJ2-1,ASSPGGSSGNEQF,1
TRBV7-9,TRBJ2-1,ASSPGGSSGYSYNEQF,1
TRBV7-9,TRBJ2-1,ASSPGGSSSYNEQF,1
TRBV7-9,TRBJ2-1,ASSPGGSSYNAQF,1
TRBV7-9,TRBJ2-1,ASSPGGSSYNELF,1
TRBV7-9,TRBJ2-1,ASSPGGSSYNEQC,1
TRBV7-9,TRBJ2-1,ASSPGGSSYNEQF,144
TRBV7-9,TRBJ2-1,ASSPGGSTNNEQF,1
TRBV7-9,TRBJ2-1,ASSPGGSTYNEQF,2
TRBV7-9,TRBJ2-1,ASSPGGSVADLSGTRRYNEQF,1
TRBV7-9,TRBJ2-1,ASSPGGSVDEQF,1
TRBV7-9,TRBJ2-1,ASSPGGSWDEQF,1
TRBV7-9,TRBJ2-1,ASSPGGSWGNEQF,1
TRBV7-9,TRBJ2-1,ASSPGGSWTHNEQF,1
TRBV7-9,TRBJ2-1,ASSPGGSYNEQF,74
TRBV7-9,TRBJ2-1,ASSPGGTAGDTQF,1
TRBV7-9,TRBJ2-1,ASSPGGTAGNEQF,1
TRBV7-9,TRBJ2-1,ASSPGGTAPYNEQF,1
TRBV7-9,TRBJ2-1,ASSPGGTARYNEQF,1
TRBV7-9,TRBJ2-1,ASSPGGTAYNEQF,3
TRBV7-9,TRBJ2-1,ASSPGGTDPNNEQF,1
TRBV7-9,TRBJ2-1,ASSPGGTENYNEQF,1
TRBV7-9,TRBJ2-1,ASSPGGTESSYNEQF,1
TRBV7-9,TRBJ2-1,ASSPGGTETNEQF,1
TRBV7-9,TRBJ2-1,ASSPGGTEYNEQF,1
TRBV7-9,TRBJ2-1,ASSPGGTFRAEDNEQF,1
TRBV7-9,TRBJ2-1,ASSPGGTGAYNEQF,4
TRBV7-9,TRBJ2-1,ASSPGGTGGHNEQF,1
TRBV7-9,TRBJ2-1,ASSPGGTGGSYNEQF,1
TRBV7-9,TRBJ2-1,ASSPGGTGGYNEQF,8
TRBV7-9,TRBJ2-1,ASSPGGTGKDEQF,6
TRBV7-9,TRBJ2-1,ASSPGGTGLNEQF,2
TRBV7-9,TRBJ2-1,ASSPGGTGLVDEQF,1
TRBV7-9,TRBJ2-1,ASSPGGTGLWDEQF,1
TRBV7-9,TRBJ2-1,ASSPGGTGNEQF,4
TRBV7-9,TRBJ2-1,ASSPGGTGRNEQF,7
TRBV7-9,TRBJ2-1,ASSPGGTGSLSEQF,7
TRBV7-9,TRBJ2-1,ASSPGGTGSNEQF,1
TRBV7-9,TRBJ2-1,ASSPGGTGVYNEQF,1
TRBV7-9,TRBJ2-1,ASSPGGTGWGEQF,5
TRBV7-9,TRBJ2-1,ASSPGGTHNNEQF,11
TRBV7-9,TRBJ2-1,ASSPGGTHNNERF,1
TRBV7-9,TRBJ2-1,ASSPGGTHQF,2
TRBV7-9,TRBJ2-1,ASSPGGTHYNEQF,1
TRBV7-9,TRBJ2-1,ASSPGGTIHSEQF,1
TRBV7-9,TRBJ2-1,ASSPGGTINEQF,1
TRBV7-9,TRBJ2-1,ASSPGGTINNEQF,1
TRBV7-9,TRBJ2-1,ASSPGGTLHEDEQF,1
TRBV7-9,TRBJ2-1,ASSPGGTLNNEQF,1
TRBV7-9,TRBJ2-1,ASSPGGTLRGNSYNEQF,18
TRBV7-9,TRBJ2-1,ASSPGGTLSYNEQF,2
TRBV7-9,TRBJ2-1,ASSPGGTLVNQPF,1
TRBV7-9,TRBJ2-1,ASSPGGTLVNQQF,7
TRBV7-9,TRBJ2-1,ASSPGGTLYNEQF,1
TRBV7-9,TRBJ2-1,ASSPGGTMNNEQF,1
TRBV7-9,TRBJ2-1,ASSPGGTNEQF,7
TRBV7-9,TRBJ2-1,ASSPGGTNNEQF,7
TRBV7-9,TRBJ2-1,ASSPGGTNYNEQF,1
TRBV7-9,TRBJ2-1,ASSPGGTPARREF,8
TRBV7-9,TRBJ2-1,ASSPGGTPSGEQF,1
TRBV7-9,TRBJ2-1,ASSPGGTPWDEQF,1
TRBV7-9,TRBJ2-1,ASSPGGTPYNEQF,3
TRBV7-9,TRBJ2-1,ASSPGGTQF,10
TRBV7-9,TRBJ2-1,ASSPGGTQIKNEQF,1
TRBV7-9,TRBJ2-1,ASSPGGTQINNEQF,17
TRBV7-9,TRBJ2-1,ASSPGGTQSHDEQF,3
TRBV7-9,TRBJ2-1,ASSPGGTQVNEQF,1
TRBV7-9,TRBJ2-1,ASSPGGTRDEQF,1
TRBV7-9,TRBJ2-1,ASSPGGTRGTPLGNEQF,1
TRBV7-9,TRBJ2-1,ASSPGGTRIDEQF,1
TRBV7-9,TRBJ2-1,ASSPGGTRQF,4
TRBV7-9,TRBJ2-1,ASSPGGTRRNEQF,1
TRBV7-9,TRBJ2-1,ASSPGGTRSYNEQF,1
TRBV7-9,TRBJ2-1,ASSPGGTRTLQNNEQF,1
TRBV7-9,TRBJ2-1,ASSPGGTRVANEQF,2
TRBV7-9,TRBJ2-1,ASSPGGTRVNEQF,1
TRBV7-9,TRBJ2-1,ASSPGGTSARRHNEQF,2
TRBV7-9,TRBJ2-1,ASSPGGTSASNEQF,1
TRBV7-9,TRBJ2-1,ASSPGGTSAYNEQF,1
TRBV7-9,TRBJ2-1,ASSPGGTSFNEQF,1
TRBV7-9,TRBJ2-1,ASSPGGTSGDWGYNEQF,1
TRBV7-9,TRBJ2-1,ASSPGGTSGDYNEQF,1
TRBV7-9,TRBJ2-1,ASSPGGTSGIHEQF,1
TRBV7-9,TRBJ2-1,ASSPGGTSGNEQF,1
TRBV7-9,TRBJ2-1,ASSPGGTSGRSSYNEQF,1
TRBV7-9,TRBJ2-1,ASSPGGTSGRYNEQF,1
TRBV7-9,TRBJ2-1,ASSPGGTSGSHYNEQF,12
TRBV7-9,TRBJ2-1,ASSPGGTSGSNEQF,4
TRBV7-9,TRBJ2-1,ASSPGGTSGSNNEQF,1
TRBV7-9,TRBJ2-1,ASSPGGTSGSRNEQF,1
TRBV7-9,TRBJ2-1,ASSPGGTSGTNEQF,1
TRBV7-9,TRBJ2-1,ASSPGGTSGTPLGNEQF,8
TRBV7-9,TRBJ2-1,ASSPGGTSGWTYNEQF,1
TRBV7-9,TRBJ2-1,ASSPGGTSGYNEQF,13
TRBV7-9,TRBJ2-1,ASSPGGTSGYVEQF,2
TRBV7-9,TRBJ2-1,ASSPGGTSLNEQF,1
TRBV7-9,TRBJ2-1,ASSPGGTSLSYNEQF,1
TRBV7-9,TRBJ2-1,ASSPGGTSMVNEQF,1
TRBV7-9,TRBJ2-1,ASSPGGTSNEQF,1
TRBV7-9,TRBJ2-1,ASSPGGTSQNEQF,1
TRBV7-9,TRBJ2-1,ASSPGGTSSYNEQF,2
TRBV7-9,TRBJ2-1,ASSPGGTSVYNEQF,5
TRBV7-9,TRBJ2-1,ASSPGGTSWNEQF,1
TRBV7-9,TRBJ2-1,ASSPGGTSYEQF,1
TRBV7-9,TRBJ2-1,ASSPGGTSYNEQF,12
TRBV7-9,TRBJ2-1,ASSPGGTTIPAYNEQF,1
TRBV7-9,TRBJ2-1,ASSPGGTTNEQF,1
TRBV7-9,TRBJ2-1,ASSPGGTTPYNEQF,4
TRBV7-9,TRBJ2-1,ASSPGGTTYNEQF,22
TRBV7-9,TRBJ2-1,ASSPGGTVPSHEQF,1
TRBV7-9,TRBJ2-1,ASSPGGTVWDEQF,1
TRBV7-9,TRBJ2-1,ASSPGGTVYNEQF,2
TRBV7-9,TRBJ2-1,ASSPGGTYKEQF,1
TRBV7-9,TRBJ2-1,ASSPGGTYNEQF,61
TRBV7-9,TRBJ2-1,ASSPGGTYNERF,1
TRBV7-9,TRBJ2-1,ASSPGGTYNQQF,1
TRBV7-9,TRBJ2-1,ASSPGGTYYNEQF,1
TRBV7-9,TRBJ2-1,ASSPGGVAAEEQF,1
TRBV7-9,TRBJ2-1,ASSPGGVAGEEHF,1
TRBV7-9,TRBJ2-1,ASSPGGVAGEEQF,5
TRBV7-9,TRBJ2-1,ASSPGGVAGEEQV,1
TRBV7-9,TRBJ2-1,ASSPGGVAGEGQF,1
TRBV7-9,TRBJ2-1,ASSPGGVAGSGKF,1
TRBV7-9,TRBJ2-1,ASSPGGVAGYNEQF,12
TRBV7-9,TRBJ2-1,ASSPGGVALYNEQF,1
TRBV7-9,TRBJ2-1,ASSPGGVASGYNEQF,1
TRBV7-9,TRBJ2-1,ASSPGGVATYNEQF,1
TRBV7-9,TRBJ2-1,ASSPGGVAYNEQF,3
TRBV7-9,TRBJ2-1,ASSPGGVDEQF,1
TRBV7-9,TRBJ2-1,ASSPGGVDNEQF,1
TRBV7-9,TRBJ2-1,ASSPGGVEQF,4
TRBV7-9,TRBJ2-1,ASSPGGVFEQF,3
TRBV7-9,TRBJ2-1,ASSPGGVFTSSVSYNEQF,5
TRBV7-9,TRBJ2-1,ASSPGGVGQF,7
TRBV7-9,TRBJ2-1,ASSPGGVGQVVNEQF,1
TRBV7-9,TRBJ2-1,ASSPGGVGSSYNEQF,2
TRBV7-9,TRBJ2-1,ASSPGGVGSYNEQF,1
TRBV7-9,TRBJ2-1,ASSPGGVGYNEQF,1
TRBV7-9,TRBJ2-1,ASSPGGVHNEQF,12
TRBV7-9,TRBJ2-1,ASSPGGVKRDEQF,1
TRBV7-9,TRBJ2-1,ASSPGGVKVYEQF,1
TRBV7-9,TRBJ2-1,ASSPGGVLAAAEQF,31
TRBV7-9,TRBJ2-1,ASSPGGVLAAAEQV,1
TRBV7-9,TRBJ2-1,ASSPGGVLALAEQF,1
TRBV7-9,TRBJ2-1,ASSPGGVLASYNEQF,1
TRBV7-9,TRBJ2-1,ASSPGGVLDEQF,1
TRBV7-9,TRBJ2-1,ASSPGGVLYNEQF,9
TRBV7-9,TRBJ2-1,ASSPGGVMNEQF,1
TRBV7-9,TRBJ2-1,ASSPGGVNEQF,32
TRBV7-9,TRBJ2-1,ASSPGGVNEQL,1
TRBV7-9,TRBJ2-1,ASSPGGVNPYNEQF,1
TRBV7-9,TRBJ2-1,ASSPGGVPMSYFHEQF,1
TRBV7-9,TRBJ2-1,ASSPGGVPNEQF,8
TRBV7-9,TRBJ2-1,ASSPGGVRALNEQF,1
TRBV7-9,TRBJ2-1,ASSPGGVRNEQF,6
TRBV7-9,TRBJ2-1,ASSPGGVRSNEQF,1
TRBV7-9,TRBJ2-1,ASSPGGVSEF,11
TRBV7-9,TRBJ2-1,ASSPGGVSGRYYNEQF,1
TRBV7-9,TRBJ2-1,ASSPGGVSNEQF,3
TRBV7-9,TRBJ2-1,ASSPGGVSQF,14
TRBV7-9,TRBJ2-1,ASSPGGVSSYNEQF,19
TRBV7-9,TRBJ2-1,ASSPGGVSYNEQF,9
TRBV7-9,TRBJ2-1,ASSPGGVTSGPHNEQF,1
TRBV7-9,TRBJ2-1,ASSPGGVTSYNEQF,1
TRBV7-9,TRBJ2-1,ASSPGGVTYNEQF,1
TRBV7-9,TRBJ2-1,ASSPGGVVHDEQF,1
TRBV7-9,TRBJ2-1,ASSPGGVVNEQF,1
TRBV7-9,TRBJ2-1,ASSPGGVYNEQF,4
TRBV7-9,TRBJ2-1,ASSPGGWDEQF,6
TRBV7-9,TRBJ2-1,ASSPGGWDNEQF,2
TRBV7-9,TRBJ2-1,ASSPGGWDPPNSYNEQF,1
TRBV7-9,TRBJ2-1,ASSPGGWDPPSSYDEQF,1
TRBV7-9,TRBJ2-1,ASSPGGWDPPSSYNEQF,15
TRBV7-9,TRBJ2-1,ASSPGGWDYNYNEQF,1
TRBV7-9,TRBJ2-1,ASSPGGWEQF,4
TRBV7-9,TRBJ2-1,ASSPGGWGRGTYNEQF,1
TRBV7-9,TRBJ2-1,ASSPGGWKNEQF,1
TRBV7-9,TRBJ2-1,ASSPGGWNEQF,2
TRBV7-9,TRBJ2-1,ASSPGGWNNEQF,7
TRBV7-9,TRBJ2-1,ASSPGGWREGDEQF,1
TRBV7-9,TRBJ2-1,ASSPGGWTIAYNEQF,1
TRBV7-9,TRBJ2-1,ASSPGGWTSVSNEQF,1
TRBV7-9,TRBJ2-1,ASSPGGWVDEQF,1
TRBV7-9,TRBJ2-1,ASSPGGWVGQSSYNEQF,1
TRBV7-9,TRBJ2-1,ASSPGGWVGTSGYNEQF,1
TRBV7-9,TRBJ2-1,ASSPGGWVVNNEQF,8
TRBV7-9,TRBJ2-1,ASSPGGWWGNEQF,1
TRBV7-9,TRBJ2-1,ASSPGGWYEQF,1
TRBV7-9,TRBJ2-1,ASSPGGYEQF,8
TRBV7-9,TRBJ2-1,ASSPGGYGGNEQF,1
TRBV7-9,TRBJ2-1,ASSPGGYIYNEQF,1
TRBV7-9,TRBJ2-1,ASSPGGYLAVNNEQF,2
TRBV7-9,TRBJ2-1,ASSPGGYLNEQF,5
TRBV7-9,TRBJ2-1,ASSPGGYLNNEQF,8
TRBV7-9,TRBJ2-1,ASSPGGYMAYNEQF,1
TRBV7-9,TRBJ2-1,ASSPGGYMYNEQF,11
TRBV7-9,TRBJ2-1,ASSPGGYNAQF,1
TRBV7-9,TRBJ2-1,ASSPGGYNEKF,1
TRBV7-9,TRBJ2-1,ASSPGGYNEQF,152
TRBV7-9,TRBJ2-1,ASSPGGYRGPDYNEQF,2
TRBV7-9,TRBJ2-1,ASSPGGYSDNEQF,3
TRBV7-9,TRBJ2-1,ASSPGGYSMSYNEQF,1
TRBV7-9,TRBJ2-1,ASSPGGYSYNEQF,1
TRBV7-9,TRBJ2-1,ASSPGGYTHGEQF,6
TRBV7-9,TRBJ2-1,ASSPGGYTRENEQF,1
TRBV7-9,TRBJ2-1,ASSPGGYYNEQF,1
TRBV7-9,TRBJ2-1,ASSPGHAESSYNEQF,1
TRBV7-9,TRBJ2-1,ASSPGHAIYNEQF,1
TRBV7-9,TRBJ2-1,ASSPGHASASYNEQF,1
TRBV7-9,TRBJ2-1,ASSPGHAYNEQF,1
TRBV7-9,TRBJ2-1,ASSPGHDYNEQF,1
TRBV7-9,TRBJ2-1,ASSPGHEQF,30
TRBV7-9,TRBJ2-1,ASSPGHGEVDEQF,1
TRBV7-9,TRBJ2-1,ASSPGHGGLGYNEQF,1
TRBV7-9,TRBJ2-1,ASSPGHGIYNEQF,1
TRBV7-9,TRBJ2-1,ASSPGHGLSYNEQF,1
TRBV7-9,TRBJ2-1,ASSPGHGNEQF,1
TRBV7-9,TRBJ2-1,ASSPGHGPSSYNEQF,1
TRBV7-9,TRBJ2-1,ASSPGHGRVNEQF,1
TRBV7-9,TRBJ2-1,ASSPGHGSSYNEQF,1
TRBV7-9,TRBJ2-1,ASSPGHGSYNEQF,2
TRBV7-9,TRBJ2-1,ASSPGHGTGGFDQF,1
TRBV7-9,TRBJ2-1,ASSPGHGTGVCEQF,1
TRBV7-9,TRBJ2-1,ASSPGHGTGVFDQF,1
TRBV7-9,TRBJ2-1,ASSPGHGTGVFEQF,18
TRBV7-9,TRBJ2-1,ASSPGHGTGVFGQF,1
TRBV7-9,TRBJ2-1,ASSPGHGTVVFEQF,1
TRBV7-9,TRBJ2-1,ASSPGHGTYNEQF,1
TRBV7-9,TRBJ2-1,ASSPGHHNEQF,1
TRBV7-9,TRBJ2-1,ASSPGHHSSYNEQF,1
TRBV7-9,TRBJ2-1,ASSPGHILSGNEQF,1
TRBV7-9,TRBJ2-1,ASSPGHISYKEQF,1
TRBV7-9,TRBJ2-1,ASSPGHISYNEQF,9
TRBV7-9,TRBJ2-1,ASSPGHIYNEQF,1
TRBV7-9,TRBJ2-1,ASSPGHLATNNEQF,1
TRBV7-9,TRBJ2-1,ASSPGHLEVNEQF,1
TRBV7-9,TRBJ2-1,ASSPGHLLSGNEQF,4
TRBV7-9,TRBJ2-1,ASSPGHLNEQF,1
TRBV7-9,TRBJ2-1,ASSPGHLYNEQF,2
TRBV7-9,TRBJ2-1,ASSPGHMEQDEQF,1
TRBV7-9,TRBJ2-1,ASSPGHMGYNEQF,1
TRBV7-9,TRBJ2-1,ASSPGHMLSYNEQF,2
TRBV7-9,TRBJ2-1,ASSPGHMTEGHHEQF,1
TRBV7-9,TRBJ2-1,ASSPGHNEQF,37
TRBV7-9,TRBJ2-1,ASSPGHNEQS,1
TRBV7-9,TRBJ2-1,ASSPGHNNEQF,8
TRBV7-9,TRBJ2-1,ASSPGHNSYNEQF,1
TRBV7-9,TRBJ2-1,ASSPGHPAYNEQF,1
TRBV7-9,TRBJ2-1,ASSPGHPDRYNEQF,1
TRBV7-9,TRBJ2-1,ASSPGHPESEQF,18
TRBV7-9,TRBJ2-1,ASSPGHPGDEQF,1
TRBV7-9,TRBJ2-1,ASSPGHPGLYNEQF,11
TRBV7-9,TRBJ2-1,ASSPGHPGNEQF,13
TRBV7-9,TRBJ2-1,ASSPGHPLGNEQF,1
TRBV7-9,TRBJ2-1,ASSPGHPRDEQF,1
TRBV7-9,TRBJ2-1,ASSPGHPSSYNEQF,1
TRBV7-9,TRBJ2-1,ASSPGHPSYNEQF,1
TRBV7-9,TRBJ2-1,ASSPGHPTFNEQF,1
TRBV7-9,TRBJ2-1,ASSPGHPTYNEQF,1
TRBV7-9,TRBJ2-1,ASSPGHQGYNEQF,1
TRBV7-9,TRBJ2-1,ASSPGHRRSYNAQF,1
TRBV7-9,TRBJ2-1,ASSPGHRRSYNEQF,11
TRBV7-9,TRBJ2-1,ASSPGHRSYNEQF,1
TRBV7-9,TRBJ2-1,ASSPGHRVYNEQF,1
TRBV7-9,TRBJ2-1,ASSPGHSDEQF,1
TRBV7-9,TRBJ2-1,ASSPGHSEANEQF,1
TRBV7-9,TRBJ2-1,ASSPGHSGTYEQF,1
TRBV7-9,TRBJ2-1,ASSPGHSSYNEQF,4
TRBV7-9,TRBJ2-1,ASSPGHSVYNEQF,13
TRBV7-9,TRBJ2-1,ASSPGHSYNEQF,1
TRBV7-9,TRBJ2-1,ASSPGHTGATYNEQF,1
TRBV7-9,TRBJ2-1,ASSPGHTLANEQF,1
TRBV7-9,TRBJ2-1,ASSPGHTLGNEQF,4
TRBV7-9,TRBJ2-1,ASSPGHTNNEQF,2
TRBV7-9,TRBJ2-1,ASSPGHTSYNEQF,1
TRBV7-9,TRBJ2-1,ASSPGHTYNEQF,1
TRBV7-9,TRBJ2-1,ASSPGHVAGGYNEQF,1
TRBV7-9,TRBJ2-1,ASSPGHVNYNEQF,4
TRBV7-9,TRBJ2-1,ASSPGHYDYNEQF,1
TRBV7-9,TRBJ2-1,ASSPGHYEQF,1
TRBV7-9,TRBJ2-1,ASSPGHYEYNEQF,18
TRBV7-9,TRBJ2-1,ASSPGHYNEQF,9
TRBV7-9,TRBJ2-1,ASSPGIAAYNEQF,3
TRBV7-9,TRBJ2-1,ASSPGIAEQF,3
TRBV7-9,TRBJ2-1,ASSPGIAGANEQF,2
TRBV7-9,TRBJ2-1,ASSPGIAGANYNEQF,1
TRBV7-9,TRBJ2-1,ASSPGIAGAWNNEQF,1
TRBV7-9,TRBJ2-1,ASSPGIAGEEQF,1
TRBV7-9,TRBJ2-1,ASSPGIAGFYNEQF,1
TRBV7-9,TRBJ2-1,ASSPGIAGGFRGSNEQF,2
TRBV7-9,TRBJ2-1,ASSPGIAGGGNEQF,1
TRBV7-9,TRBJ2-1,ASSPGIAGGPEGNEQF,1
TRBV7-9,TRBJ2-1,ASSPGIAGGRVYNEQF,1
TRBV7-9,TRBJ2-1,ASSPGIAGGTNDQF,1
TRBV7-9,TRBJ2-1,ASSPGIAGGTNELF,1
TRBV7-9,TRBJ2-1,ASSPGIAGGTNEQF,22
TRBV7-9,TRBJ2-1,ASSPGIAGHDDQF,1
TRBV7-9,TRBJ2-1,ASSPGIAGHDEQF,2
TRBV7-9,TRBJ2-1,ASSPGIAGINEQF,1
TRBV7-9,TRBJ2-1,ASSPGIAGNEQF,1
TRBV7-9,TRBJ2-1,ASSPGIAGNNEQF,1
TRBV7-9,TRBJ2-1,ASSPGIAGPYNEQF,1
TRBV7-9,TRBJ2-1,ASSPGIAGQDEQF,1
TRBV7-9,TRBJ2-1,ASSPGIAGRDEQF,49
TRBV7-9,TRBJ2-1,ASSPGIAGRDEQS,1
TRBV7-9,TRBJ2-1,ASSPGIAGREEQF,1
TRBV7-9,TRBJ2-1,ASSPGIAGRNEQF,1
TRBV7-9,TRBJ2-1,ASSPGIAGSGDEQF,1
TRBV7-9,TRBJ2-1,ASSPGIAGSLSSYNEQF,1
TRBV7-9,TRBJ2-1,ASSPGIAGVYNEQF,3
TRBV7-9,TRBJ2-1,ASSPGIAKSNEQF,1
TRBV7-9,TRBJ2-1,ASSPGIASQYNEQF,10
TRBV7-9,TRBJ2-1,ASSPGIASSGAYNEQF,1
TRBV7-9,TRBJ2-1,ASSPGIASSYNEQF,1
TRBV7-9,TRBJ2-1,ASSPGIASYNEQF,1
TRBV7-9,TRBJ2-1,ASSPGIAYNEQF,12
TRBV7-9,TRBJ2-1,ASSPGIDEQF,2
TRBV7-9,TRBJ2-1,ASSPGIDNEQF,1
TRBV7-9,TRBJ2-1,ASSPGIEAGGPNEQF,1
TRBV7-9,TRBJ2-1,ASSPGIEKREQF,1
TRBV7-9,TRBJ2-1,ASSPGIEVHNEQF,1
TRBV7-9,TRBJ2-1,ASSPGIFGGVGNEQF,3
TRBV7-9,TRBJ2-1,ASSPGIFSSAEQF,1
TRBV7-9,TRBJ2-1,ASSPGIGATNEQF,1
TRBV7-9,TRBJ2-1,ASSPGIGAYNEQF,20
TRBV7-9,TRBJ2-1,ASSPGIGDRASNEQF,1
TRBV7-9,TRBJ2-1,ASSPGIGGAGNEQF,5
TRBV7-9,TRBJ2-1,ASSPGIGGGEQF,5
TRBV7-9,TRBJ2-1,ASSPGIGGYNEQF,1
TRBV7-9,TRBJ2-1,ASSPGIGKGNEQF,1
TRBV7-9,TRBJ2-1,ASSPGIGLSYNEQF,1
TRBV7-9,TRBJ2-1,ASSPGIGQGKNEQF,1
TRBV7-9,TRBJ2-1,ASSPGIGQGSSYNEQF,1
TRBV7-9,TRBJ2-1,ASSPGIGWETPEV,3
TRBV7-9,TRBJ2-1,ASSPGIGYEQF,1
TRBV7-9,TRBJ2-1,ASSPGIHLHNEQF,1
TRBV7-9,TRBJ2-1,ASSPGIHNEQF,1
TRBV7-9,TRBJ2-1,ASSPGIIDEQF,2
TRBV7-9,TRBJ2-1,ASSPGIIGGDRGTYEQF,1
TRBV7-9,TRBJ2-1,ASSPGIINEQF,1
TRBV7-9,TRBJ2-1,ASSPGIINYNEQF,1
TRBV7-9,TRBJ2-1,ASSPGILAETYNEQF,1
TRBV7-9,TRBJ2-1,ASSPGILEGNKEQF,1
TRBV7-9,TRBJ2-1,ASSPGILEQF,1
TRBV7-9,TRBJ2-1,ASSPGILNEQF,1
TRBV7-9,TRBJ2-1,ASSPGILPYNEQF,1
TRBV7-9,TRBJ2-1,ASSPGILSSYKEQF,1
TRBV7-9,TRBJ2-1,ASSPGILSSYNAQF,1
TRBV7-9,TRBJ2-1,ASSPGILSSYNEQC,1
TRBV7-9,TRBJ2-1,ASSPGILSSYNEQF,52
TRBV7-9,TRBJ2-1,ASSPGILSYNEQF,1
TRBV7-9,TRBJ2-1,ASSPGILTYNEQF,1
TRBV7-9,TRBJ2-1,ASSPGILYNEHF,1
TRBV7-9,TRBJ2-1,ASSPGINEQF,6
TRBV7-9,TRBJ2-1,ASSPGINNEQF,1
TRBV7-9,TRBJ2-1,ASSPGINYNEHF,1
TRBV7-9,TRBJ2-1,ASSPGINYNEQF,12
TRBV7-9,TRBJ2-1,ASSPGIPNEQF,3
TRBV7-9,TRBJ2-1,ASSPGIPNNEQF,1
TRBV7-9,TRBJ2-1,ASSPGIPQREGYNEQF,1
TRBV7-9,TRBJ2-1,ASSPGIPVNNEQF,8
TRBV7-9,TRBJ2-1,ASSPGIPYNEQF,2
TRBV7-9,TRBJ2-1,ASSPGIQGLYNEQF,1
TRBV7-9,TRBJ2-1,ASSPGIRAGDNEQF,1
TRBV7-9,TRBJ2-1,ASSPGIRDEQF,2
TRBV7-9,TRBJ2-1,ASSPGIRGANYNEQF,1
TRBV7-9,TRBJ2-1,ASSPGIRNEQF,1
TRBV7-9,TRBJ2-1,ASSPGIRRDRGDNEQF,1
TRBV7-9,TRBJ2-1,ASSPGIRSEQF,5
TRBV7-9,TRBJ2-1,ASSPGIRTGYEQF,6
TRBV7-9,TRBJ2-1,ASSPGIRTKKGNNEQF,1
TRBV7-9,TRBJ2-1,ASSPGISEQF,2
TRBV7-9,TRBJ2-1,ASSPGISGAYNEQF,2
TRBV7-9,TRBJ2-1,ASSPGISGRYNEQF,9
TRBV7-9,TRBJ2-1,ASSPGISGSLRQF,1
TRBV7-9,TRBJ2-1,ASSPGISGVPSYNEQF,1
TRBV7-9,TRBJ2-1,ASSPGISGVSYNEQF,6
TRBV7-9,TRBJ2-1,ASSPGISNEQF,1
TRBV7-9,TRBJ2-1,ASSPGISPYNEQF,1
TRBV7-9,TRBJ2-1,ASSPGISRPD,1
TRBV7-9,TRBJ2-1,ASSPGISSGNEQF,1
TRBV7-9,TRBJ2-1,ASSPGISSYNEQF,14
TRBV7-9,TRBJ2-1,ASSPGISYNEQF,2
TRBV7-9,TRBJ2-1,ASSPGITTYNEQF,1
TRBV7-9,TRBJ2-1,ASSPGITYNEQF,1
TRBV7-9,TRBJ2-1,ASSPGITYSSYNEQF,1
TRBV7-9,TRBJ2-1,ASSPGIVANEQF,1
TRBV7-9,TRBJ2-1,ASSPGIVDEQF,1
TRBV7-9,TRBJ2-1,ASSPGIVESGHNEQF,1
TRBV7-9,TRBJ2-1,ASSPGIVLYNEQF,2
TRBV7-9,TRBJ2-1,ASSPGIVPDNEQF,1
TRBV7-9,TRBJ2-1,ASSPGIVTGDEQF,1
TRBV7-9,TRBJ2-1,ASSPGIVYEQF,5
TRBV7-9,TRBJ2-1,ASSPGIWTGNEQF,1
TRBV7-9,TRBJ2-1,ASSPGIYEQF,1
TRBV7-9,TRBJ2-1,ASSPGIYGGYNEQF,8
TRBV7-9,TRBJ2-1,ASSPGIYHEQF,1
TRBV7-9,TRBJ2-1,ASSPGIYNEQF,14
TRBV7-9,TRBJ2-1,ASSPGIYYNEQF,2
TRBV7-9,TRBJ2-1,ASSPGKAAIAYEQF,3
TRBV7-9,TRBJ2-1,ASSPGKAGVNEQF,1
TRBV7-9,TRBJ2-1,ASSPGKAMREQF,1
TRBV7-9,TRBJ2-1,ASSPGKAVNEQF,4
TRBV7-9,TRBJ2-1,ASSPGKDNEQF,1
TRBV7-9,TRBJ2-1,ASSPGKDPRFGEQF,4
TRBV7-9,TRBJ2-1,ASSPGKDYEQF,1
TRBV7-9,TRBJ2-1,ASSPGKDYNEQF,7
TRBV7-9,TRBJ2-1,ASSPGKEFGFEQF,1
TRBV7-9,TRBJ2-1,ASSPGKELDYNEQF,1
TRBV7-9,TRBJ2-1,ASSPGKEQF,1
TRBV7-9,TRBJ2-1,ASSPGKEYLLGNEQF,1
TRBV7-9,TRBJ2-1,ASSPGKGATNDQF,1
TRBV7-9,TRBJ2-1,ASSPGKGEQF,1
TRBV7-9,TRBJ2-1,ASSPGKGGRNEQF,1
TRBV7-9,TRBJ2-1,ASSPGKGKRNEQF,1
TRBV7-9,TRBJ2-1,ASSPGKGLSSYNEQF,1
TRBV7-9,TRBJ2-1,ASSPGKGLSYNEQF,2
TRBV7-9,TRBJ2-1,ASSPGKGNEQF,2
TRBV7-9,TRBJ2-1,ASSPGKGNSRGAEQF,1
TRBV7-9,TRBJ2-1,ASSPGKGPYNEQF,2
TRBV7-9,TRBJ2-1,ASSPGKGRLNEQF,1
TRBV7-9,TRBJ2-1,ASSPGKGRYNEQF,1
TRBV7-9,TRBJ2-1,ASSPGKGSDEQF,1
TRBV7-9,TRBJ2-1,ASSPGKGSNEQF,1
TRBV7-9,TRBJ2-1,ASSPGKGTSRGAEQF,23
TRBV7-9,TRBJ2-1,ASSPGKGVEQF,1
TRBV7-9,TRBJ2-1,ASSPGKGWGDEQF,1
TRBV7-9,TRBJ2-1,ASSPGKGYNEQF,1
TRBV7-9,TRBJ2-1,ASSPGKHFHNEQF,1
TRBV7-9,TRBJ2-1,ASSPGKLDEQF,1
TRBV7-9,TRBJ2-1,ASSPGKLGGRALNEQF,1
TRBV7-9,TRBJ2-1,ASSPGKLSSYNEQF,1
TRBV7-9,TRBJ2-1,ASSPGKMSYNEQF,1
TRBV7-9,TRBJ2-1,ASSPGKNEQF,3
TRBV7-9,TRBJ2-1,ASSPGKNSDGNEQF,1
TRBV7-9,TRBJ2-1,ASSPGKQYNEQF,1
TRBV7-9,TRBJ2-1,ASSPGKREGDYNEQF,1
TRBV7-9,TRBJ2-1,ASSPGKRTVYEQF,13
TRBV7-9,TRBJ2-1,ASSPGKRVHYNEQF,1
TRBV7-9,TRBJ2-1,ASSPGKRVNENNEQF,1
TRBV7-9,TRBJ2-1,ASSPGKSSSYNEQF,9
TRBV7-9,TRBJ2-1,ASSPGKSYEQF,1
TRBV7-9,TRBJ2-1,ASSPGKSYNEQF,7
TRBV7-9,TRBJ2-1,ASSPGKSYSEQF,1
TRBV7-9,TRBJ2-1,ASSPGKTSDEYNEQF,1
TRBV7-9,TRBJ2-1,ASSPGKTSGRGHEQF,2
TRBV7-9,TRBJ2-1,ASSPGKTSNEQF,1
TRBV7-9,TRBJ2-1,ASSPGKVEQF,8
TRBV7-9,TRBJ2-1,ASSPGKVRSNEQF,1
TRBV7-9,TRBJ2-1,ASSPGKVSSYNEQF,11
TRBV7-9,TRBJ2-1,ASSPGKVSSYNEQL,1
TRBV7-9,TRBJ2-1,ASSPGKYEQF,1
TRBV7-9,TRBJ2-1,ASSPGLAAANEQF,1
TRBV7-9,TRBJ2-1,ASSPGLAADEQF,3
TRBV7-9,TRBJ2-1,ASSPGLAADNEQF,18
TRBV7-9,TRBJ2-1,ASSPGLAAELGYNEQF,1
TRBV7-9,TRBJ2-1,ASSPGLAAFSSYNEQF,1
TRBV7-9,TRBJ2-1,ASSPGLAAGNEQF,10
TRBV7-9,TRBJ2-1,ASSPGLAAHDEQF,1
TRBV7-9,TRBJ2-1,ASSPGLAAHFGEQF,1
TRBV7-9,TRBJ2-1,ASSPGLAAHLGEQF,9
TRBV7-9,TRBJ2-1,ASSPGLAAHNEQF,6
TRBV7-9,TRBJ2-1,ASSPGLAAHYEQF,1
TRBV7-9,TRBJ2-1,ASSPGLAAIYNEQF,1
TRBV7-9,TRBJ2-1,ASSPGLAAKDEQF,1
TRBV7-9,TRBJ2-1,ASSPGLAAKNEQF,1
TRBV7-9,TRBJ2-1,ASSPGLAALRDEQF,1
TRBV7-9,TRBJ2-1,ASSPGLAALTEQF,6
TRBV7-9,TRBJ2-1,ASSPGLAAMYNEQF,1
TRBV7-9,TRBJ2-1,ASSPGLAANDEQF,9
TRBV7-9,TRBJ2-1,ASSPGLAANDNEQF,4
TRBV7-9,TRBJ2-1,ASSPGLAANEQF,7
TRBV7-9,TRBJ2-1,ASSPGLAANNEQF,37
TRBV7-9,TRBJ2-1,ASSPGLAAPEQF,11
TRBV7-9,TRBJ2-1,ASSPGLAAPSCYNEQV,1
TRBV7-9,TRBJ2-1,ASSPGLAAPSSYNEQF,12
TRBV7-9,TRBJ2-1,ASSPGLAAPSYNEQF,1
TRBV7-9,TRBJ2-1,ASSPGLAAPYNEQF,1
TRBV7-9,TRBJ2-1,ASSPGLAAQDEQF,1
TRBV7-9,TRBJ2-1,ASSPGLAARFGRSNEQF,1
TRBV7-9,TRBJ2-1,ASSPGLAARWGNEQF,1
TRBV7-9,TRBJ2-1,ASSPGLAASSYNEQF,3
TRBV7-9,TRBJ2-1,ASSPGLAASYNEQF,3
TRBV7-9,TRBJ2-1,ASSPGLAATPTYNEQF,3
TRBV7-9,TRBJ2-1,ASSPGLAATTTYNEQF,1
TRBV7-9,TRBJ2-1,ASSPGLAAVDEQF,1
TRBV7-9,TRBJ2-1,ASSPGLAAVNEQF,12
TRBV7-9,TRBJ2-1,ASSPGLAAVYNEQF,7
TRBV7-9,TRBJ2-1,ASSPGLAAVYNGQF,1
TRBV7-9,TRBJ2-1,ASSPGLAAWSLF,3
TRBV7-9,TRBJ2-1,ASSPGLAAYNAQF,1
TRBV7-9,TRBJ2-1,ASSPGLAAYNEKF,1
TRBV7-9,TRBJ2-1,ASSPGLAAYNEQF,116
TRBV7-9,TRBJ2-1,ASSPGLAAYNEQI,1
TRBV7-9,TRBJ2-1,ASSPGLAAYNGQF,1
TRBV7-9,TRBJ2-1,ASSPGLAAYSEQF,1
TRBV7-9,TRBJ2-1,ASSPGLADDDEQF,1
TRBV7-9,TRBJ2-1,ASSPGLADEEPF,1
TRBV7-9,TRBJ2-1,ASSPGLADEEQF,44
TRBV7-9,TRBJ2-1,ASSPGLADEQF,17
TRBV7-9,TRBJ2-1,ASSPGLADEVQF,1
TRBV7-9,TRBJ2-1,ASSPGLADFDEQF,1
TRBV7-9,TRBJ2-1,ASSPGLADGWDEQF,1
TRBV7-9,TRBJ2-1,ASSPGLADHNEQF,7
TRBV7-9,TRBJ2-1,ASSPGLADIGGNEQF,1
TRBV7-9,TRBJ2-1,ASSPGLADIYNEQF,1
TRBV7-9,TRBJ2-1,ASSPGLADKNSYNEQF,1
TRBV7-9,TRBJ2-1,ASSPGLADLNEPF,1
TRBV7-9,TRBJ2-1,ASSPGLADLNEQF,22
TRBV7-9,TRBJ2-1,ASSPGLADLPLRNEQF,1
TRBV7-9,TRBJ2-1,ASSPGLADNEQF,34
TRBV7-9,TRBJ2-1,ASSPGLADNNEQF,31
TRBV7-9,TRBJ2-1,ASSPGLADPNEQF,1
TRBV7-9,TRBJ2-1,ASSPGLADPSSYNEQF,1
TRBV7-9,TRBJ2-1,ASSPGLADPYNEQF,7
TRBV7-9,TRBJ2-1,ASSPGLADQQYNEQF,1
TRBV7-9,TRBJ2-1,ASSPGLADQSSYNEQF,1
TRBV7-9,TRBJ2-1,ASSPGLADRLYNEQF,1
TRBV7-9,TRBJ2-1,ASSPGLADRYEQF,10
TRBV7-9,TRBJ2-1,ASSPGLADSDEQF,1
TRBV7-9,TRBJ2-1,ASSPGLADSRYNEQF,1
TRBV7-9,TRBJ2-1,ASSPGLADSYNEQF,2
TRBV7-9,TRBJ2-1,ASSPGLADYNEQF,92
TRBV7-9,TRBJ2-1,ASSPGLAEADEQF,1
TRBV7-9,TRBJ2-1,ASSPGLAEASSYNEQF,2
TRBV7-9,TRBJ2-1,ASSPGLAEAYNEQF,3
TRBV7-9,TRBJ2-1,ASSPGLAEDNEQF,8
TRBV7-9,TRBJ2-1,ASSPGLAEEEQF,2
TRBV7-9,TRBJ2-1,ASSPGLAEGLNEQF,1
TRBV7-9,TRBJ2-1,ASSPGLAEGNEQF,9
TRBV7-9,TRBJ2-1,ASSPGLAEGYGYNEQF,1
TRBV7-9,TRBJ2-1,ASSPGLAEGYNEQF,2
TRBV7-9,TRBJ2-1,ASSPGLAEGYSYNEQF,9
TRBV7-9,TRBJ2-1,ASSPGLAEGYSYNKQF,1
TRBV7-9,TRBJ2-1,ASSPGLAEHDEQF,1
TRBV7-9,TRBJ2-1,ASSPGLAEHNEQF,12
TRBV7-9,TRBJ2-1,ASSPGLAEIDEQF,1
TRBV7-9,TRBJ2-1,ASSPGLAEINEQF,5
TRBV7-9,TRBJ2-1,ASSPGLAEIVDEQF,1
TRBV7-9,TRBJ2-1,ASSPGLAEKSSYNEQF,1
TRBV7-9,TRBJ2-1,ASSPGLAELDNEQF,1
TRBV7-9,TRBJ2-1,ASSPGLAELYNEQF,2
TRBV7-9,TRBJ2-1,ASSPGLAEMYNEQF,1
TRBV7-9,TRBJ2-1,ASSPGLAENDEQF,1
TRBV7-9,TRBJ2-1,ASSPGLAENEQF,1
TRBV7-9,TRBJ2-1,ASSPGLAENNEQF,19
TRBV7-9,TRBJ2-1,ASSPGLAENYKEQF,1
TRBV7-9,TRBJ2-1,ASSPGLAENYNEQF,14
TRBV7-9,TRBJ2-1,ASSPGLAEPFNEQF,1
TRBV7-9,TRBJ2-1,ASSPGLAEPGYNEQF,1
TRBV7-9,TRBJ2-1,ASSPGLAEPHHEQF,1
TRBV7-9,TRBJ2-1,ASSPGLAEPHKEQF,1
TRBV7-9,TRBJ2-1,ASSPGLAEPHNEHF,1
TRBV7-9,TRBJ2-1,ASSPGLAEPHNEQF,16
TRBV7-9,TRBJ2-1,ASSPGLAEPNEQF,1
TRBV7-9,TRBJ2-1,ASSPGLAEPPNEQF,1
TRBV7-9,TRBJ2-1,ASSPGLAEPYNEQF,1
TRBV7-9,TRBJ2-1,ASSPGLAEQC,1
TRBV7-9,TRBJ2-1,ASSPGLAEQF,26
TRBV7-9,TRBJ2-1,ASSPGLAEREQF,10
TRBV7-9,TRBJ2-1,ASSPGLAERITNEQF,1
TRBV7-9,TRBJ2-1,ASSPGLAESNEQF,13
TRBV7-9,TRBJ2-1,ASSPGLAESSYNEQF,3
TRBV7-9,TRBJ2-1,ASSPGLAESYNEQF,1
TRBV7-9,TRBJ2-1,ASSPGLAETNEQF,2
TRBV7-9,TRBJ2-1,ASSPGLAETYNEQF,1
TRBV7-9,TRBJ2-1,ASSPGLAEWNEQF,4
TRBV7-9,TRBJ2-1,ASSPGLAEYNEQF,51
TRBV7-9,TRBJ2-1,ASSPGLAFLPLNEQF,5
TRBV7-9,TRBJ2-1,ASSPGLAFLPLNVQF,1
TRBV7-9,TRBJ2-1,ASSPGLAFLTLNEQF,1
TRBV7-9,TRBJ2-1,ASSPGLAFNEQF,3
TRBV7-9,TRBJ2-1,ASSPGLAFREQF,17
TRBV7-9,TRBJ2-1,ASSPGLAFRGQF,1
TRBV7-9,TRBJ2-1,ASSPGLAFYNEQF,3
TRBV7-9,TRBJ2-1,ASSPGLAGAANYNEQF,1
TRBV7-9,TRBJ2-1,ASSPGLAGAAYNEQF,2
TRBV7-9,TRBJ2-1,ASSPGLAGADDEQF,1
TRBV7-9,TRBJ2-1,ASSPGLAGADDQSSYNEQF,9
TRBV7-9,TRBJ2-1,ASSPGLAGADEQF,20
TRBV7-9,TRBJ2-1,ASSPGLAGADGHEQF,1
TRBV7-9,TRBJ2-1,ASSPGLAGADYNEQF,1
TRBV7-9,TRBJ2-1,ASSPGLAGAEDEQF,4
TRBV7-9,TRBJ2-1,ASSPGLAGAEEQF,23
TRBV7-9,TRBJ2-1,ASSPGLAGAEEQL,1
TRBV7-9,TRBJ2-1,ASSPGLAGAEERF,1
TRBV7-9,TRBJ2-1,ASSPGLAGAEPF,1
TRBV7-9,TRBJ2-1,ASSPGLAGAEQF,35
TRBV7-9,TRBJ2-1,ASSPGLAGAFNEQF,1
TRBV7-9,TRBJ2-1,ASSPGLAGAFSYNEQF,17
TRBV7-9,TRBJ2-1,ASSPGLAGAGAHEQF,1
TRBV7-9,TRBJ2-1,ASSPGLAGAGEQF,10
TRBV7-9,TRBJ2-1,ASSPGLAGAGFNEQF,6
TRBV7-9,TRBJ2-1,ASSPGLAGAGNEQF,1
TRBV7-9,TRBJ2-1,ASSPGLAGAGQF,1
TRBV7-9,TRBJ2-1,ASSPGLAGAHNEQF,4
TRBV7-9,TRBJ2-1,ASSPGLAGAHRNEQF,3
TRBV7-9,TRBJ2-1,ASSPGLAGAKFSYNEQF,1
TRBV7-9,TRBJ2-1,ASSPGLAGALGDNEQF,6
TRBV7-9,TRBJ2-1,ASSPGLAGALSYNEQF,3
TRBV7-9,TRBJ2-1,ASSPGLAGALYNEQF,1
TRBV7-9,TRBJ2-1,ASSPGLAGANEQF,59
TRBV7-9,TRBJ2-1,ASSPGLAGANNEQF,11
TRBV7-9,TRBJ2-1,ASSPGLAGAPLNNAQF,1
TRBV7-9,TRBJ2-1,ASSPGLAGAPLNNEQF,3
TRBV7-9,TRBJ2-1,ASSPGLAGAPTYNEQF,1
TRBV7-9,TRBJ2-1,ASSPGLAGAPYNEQF,1
TRBV7-9,TRBJ2-1,ASSPGLAGAQF,2
TRBV7-9,TRBJ2-1,ASSPGLAGARDEQF,1
TRBV7-9,TRBJ2-1,ASSPGLAGAREQF,6
TRBV7-9,TRBJ2-1,ASSPGLAGARGDYNEQF,1
TRBV7-9,TRBJ2-1,ASSPGLAGARGEQF,3
TRBV7-9,TRBJ2-1,ASSPGLAGARSSYNEQF,1
TRBV7-9,TRBJ2-1,ASSPGLAGARYNEQF,1
TRBV7-9,TRBJ2-1,ASSPGLAGASSYNEQF,6
TRBV7-9,TRBJ2-1,ASSPGLAGASYEQF,1
TRBV7-9,TRBJ2-1,ASSPGLAGASYNEQF,15
TRBV7-9,TRBJ2-1,ASSPGLAGASYNVQF,1
TRBV7-9,TRBJ2-1,ASSPGLAGATFRNEQF,1
TRBV7-9,TRBJ2-1,ASSPGLAGATNEQF,1
TRBV7-9,TRBJ2-1,ASSPGLAGATSSYNEQF,1
TRBV7-9,TRBJ2-1,ASSPGLAGATSYNEQF,1
TRBV7-9,TRBJ2-1,ASSPGLAGAVATYNEQF,1
TRBV7-9,TRBJ2-1,ASSPGLAGAVNEQF,12
TRBV7-9,TRBJ2-1,ASSPGLAGAVSYNEQF,1
TRBV7-9,TRBJ2-1,ASSPGLAGAVYNEQF,2
TRBV7-9,TRBJ2-1,ASSPGLAGAWGAYNEQF,1
TRBV7-9,TRBJ2-1,ASSPGLAGAWGSYNEQF,10
TRBV7-9,TRBJ2-1,ASSPGLAGAWNEQF,16
TRBV7-9,TRBJ2-1,ASSPGLAGAYNDQF,1
TRBV7-9,TRBJ2-1,ASSPGLAGAYNEQF,31
TRBV7-9,TRBJ2-1,ASSPGLAGAYPLNEQF,1
TRBV7-9,TRBJ2-1,ASSPGLAGCEQF,1
TRBV7-9,TRBJ2-1,ASSPGLAGCNEQF,1
TRBV7-9,TRBJ2-1,ASSPGLAGDADGNEQF,1
TRBV7-9,TRBJ2-1,ASSPGLAGDDEQF,5
TRBV7-9,TRBJ2-1,ASSPGLAGDEQF,28
TRBV7-9,TRBJ2-1,ASSPGLAGDEQI,1
TRBV7-9,TRBJ2-1,ASSPGLAGDEQL,1
TRBV7-9,TRBJ2-1,ASSPGLAGDFNEQF,1
TRBV7-9,TRBJ2-1,ASSPGLAGDFYEQF,3
TRBV7-9,TRBJ2-1,ASSPGLAGDGEQF,3
TRBV7-9,TRBJ2-1,ASSPGLAGDHNEQF,1
TRBV7-9,TRBJ2-1,ASSPGLAGDLDEQF,1
TRBV7-9,TRBJ2-1,ASSPGLAGDMNEQF,1
TRBV7-9,TRBJ2-1,ASSPGLAGDNEQF,120
TRBV7-9,TRBJ2-1,ASSPGLAGDPPPDNEQF,1
TRBV7-9,TRBJ2-1,ASSPGLAGDPSTYNEQF,1
TRBV7-9,TRBJ2-1,ASSPGLAGDQF,9
TRBV7-9,TRBJ2-1,ASSPGLAGDRDEQF,1
TRBV7-9,TRBJ2-1,ASSPGLAGDRNEQF,1
TRBV7-9,TRBJ2-1,ASSPGLAGDRTYHEQF,1
TRBV7-9,TRBJ2-1,ASSPGLAGDRTYNAQF,1
TRBV7-9,TRBJ2-1,ASSPGLAGDRTYNEQF,51
TRBV7-9,TRBJ2-1,ASSPGLAGDRTYSEQF,1
TRBV7-9,TRBJ2-1,ASSPGLAGDRTYTEQF,1
TRBV7-9,TRBJ2-1,ASSPGLAGDSSYNEQF,2
TRBV7-9,TRBJ2-1,ASSPGLAGDSYNEQF,10
TRBV7-9,TRBJ2-1,ASSPGLAGDTYNEQF,4
TRBV7-9,TRBJ2-1,ASSPGLAGDVNEQF,6
TRBV7-9,TRBJ2-1,ASSPGLAGDWDNEQF,1
TRBV7-9,TRBJ2-1,ASSPGLAGDWRSYNEQF,1
TRBV7-9,TRBJ2-1,ASSPGLAGDYNDQF,1
TRBV7-9,TRBJ2-1,ASSPGLAGDYNEQF,16
TRBV7-9,TRBJ2-1,ASSPGLAGDYSEQF,1
TRBV7-9,TRBJ2-1,ASSPGLAGEADEQF,2
TRBV7-9,TRBJ2-1,ASSPGLAGEALYNEQF,1
TRBV7-9,TRBJ2-1,ASSPGLAGEDDEQF,1
TRBV7-9,TRBJ2-1,ASSPGLAGEDEQF,1
TRBV7-9,TRBJ2-1,ASSPGLAGEDNEQF,1
TRBV7-9,TRBJ2-1,ASSPGLAGEDTNEQF,1
TRBV7-9,TRBJ2-1,ASSPGLAGEEDNEQF,1
TRBV7-9,TRBJ2-1,ASSPGLAGEEKF,2
TRBV7-9,TRBJ2-1,ASSPGLAGEEQF,18
TRBV7-9,TRBJ2-1,ASSPGLAGEFNEQF,6
TRBV7-9,TRBJ2-1,ASSPGLAGEGEQF,6
TRBV7-9,TRBJ2-1,ASSPGLAGEGGFYNEQF,1
TRBV7-9,TRBJ2-1,ASSPGLAGEGNEQF,19
TRBV7-9,TRBJ2-1,ASSPGLAGEGPYNEQF,8
TRBV7-9,TRBJ2-1,ASSPGLAGEGSSYNEQF,2
TRBV7-9,TRBJ2-1,ASSPGLAGEGSYNEQF,7
TRBV7-9,TRBJ2-1,ASSPGLAGEHEQF,1
TRBV7-9,TRBJ2-1,ASSPGLAGEIAHNEQF,1
TRBV7-9,TRBJ2-1,ASSPGLAGEIGPTYEQF,1
TRBV7-9,TRBJ2-1,ASSPGLAGEIYNEQF,1
TRBV7-9,TRBJ2-1,ASSPGLAGELINEQF,2
TRBV7-9,TRBJ2-1,ASSPGLAGELKDEQF,13
TRBV7-9,TRBJ2-1,ASSPGLAGELNEQF,1
TRBV7-9,TRBJ2-1,ASSPGLAGELQDEQF,1
TRBV7-9,TRBJ2-1,ASSPGLAGELSSYNEQF,1
TRBV7-9,TRBJ2-1,ASSPGLAGELSYNEQF,1
TRBV7-9,TRBJ2-1,ASSPGLAGELTSMGEQF,4
TRBV7-9,TRBJ2-1,ASSPGLAGELTYNEQF,4
TRBV7-9,TRBJ2-1,ASSPGLAGENEQF,10
TRBV7-9,TRBJ2-1,ASSPGLAGEPEGNEQF,1
TRBV7-9,TRBJ2-1,ASSPGLAGEPYNEQF,1
TRBV7-9,TRBJ2-1,ASSPGLAGEQF,28
TRBV7-9,TRBJ2-1,ASSPGLAGEQNEQF,1
TRBV7-9,TRBJ2-1,ASSPGLAGEQYNEQF,1
TRBV7-9,TRBJ2-1,ASSPGLAGERHNEQF,1
TRBV7-9,TRBJ2-1,ASSPGLAGESDNEQF,1
TRBV7-9,TRBJ2-1,ASSPGLAGESEQF,7
TRBV7-9,TRBJ2-1,ASSPGLAGESNYNEQC,1
TRBV7-9,TRBJ2-1,ASSPGLAGESNYNEQF,2
TRBV7-9,TRBJ2-1,ASSPGLAGESYNEQF,2
TRBV7-9,TRBJ2-1,ASSPGLAGEVSAYNEQF,10
TRBV7-9,TRBJ2-1,ASSPGLAGEWSSYNEQF,1
TRBV7-9,TRBJ2-1,ASSPGLAGEWYNEQF,11
TRBV7-9,TRBJ2-1,ASSPGLAGEYEQF,1
TRBV7-9,TRBJ2-1,ASSPGLAGEYNEQF,6
TRBV7-9,TRBJ2-1,ASSPGLAGFDEQF,1
TRBV7-9,TRBJ2-1,ASSPGLAGFGEQF,15
TRBV7-9,TRBJ2-1,ASSPGLAGFGNEQF,1
TRBV7-9,TRBJ2-1,ASSPGLAGFHEQF,1
TRBV7-9,TRBJ2-1,ASSPGLAGFNEQF,5
TRBV7-9,TRBJ2-1,ASSPGLAGFQEQF,1
TRBV7-9,TRBJ2-1,ASSPGLAGFSYNEQF,11
TRBV7-9,TRBJ2-1,ASSPGLAGFVNEQF,1
TRBV7-9,TRBJ2-1,ASSPGLAGFYEQF,5
TRBV7-9,TRBJ2-1,ASSPGLAGGADEQF,2
TRBV7-9,TRBJ2-1,ASSPGLAGGADNEQF,1
TRBV7-9,TRBJ2-1,ASSPGLAGGARGEQF,12
TRBV7-9,TRBJ2-1,ASSPGLAGGASYNEQF,1
TRBV7-9,TRBJ2-1,ASSPGLAGGAVEF,14
TRBV7-9,TRBJ2-1,ASSPGLAGGAYNEQF,3
TRBV7-9,TRBJ2-1,ASSPGLAGGDEQC,1
TRBV7-9,TRBJ2-1,ASSPGLAGGDEQF,55
TRBV7-9,TRBJ2-1,ASSPGLAGGDKSYNAQF,1
TRBV7-9,TRBJ2-1,ASSPGLAGGDKSYNEQF,1
TRBV7-9,TRBJ2-1,ASSPGLAGGDNEQF,3
TRBV7-9,TRBJ2-1,ASSPGLAGGDYEQF,13
TRBV7-9,TRBJ2-1,ASSPGLAGGEDEQF,1
TRBV7-9,TRBJ2-1,ASSPGLAGGEEEQF,10
TRBV7-9,TRBJ2-1,ASSPGLAGGEEQF,15
TRBV7-9,TRBJ2-1,ASSPGLAGGEGGYNEQF,1
TRBV7-9,TRBJ2-1,ASSPGLAGGEHF,1
TRBV7-9,TRBJ2-1,ASSPGLAGGELF,1
TRBV7-9,TRBJ2-1,ASSPGLAGGEQF,102
TRBV7-9,TRBJ2-1,ASSPGLAGGERF,1
TRBV7-9,TRBJ2-1,ASSPGLAGGESSYNEQF,1
TRBV7-9,TRBJ2-1,ASSPGLAGGEWDNEQF,1
TRBV7-9,TRBJ2-1,ASSPGLAGGFDEQF,5
TRBV7-9,TRBJ2-1,ASSPGLAGGFEQF,5
TRBV7-9,TRBJ2-1,ASSPGLAGGFGNEQF,1
TRBV7-9,TRBJ2-1,ASSPGLAGGFNEQF,1
TRBV7-9,TRBJ2-1,ASSPGLAGGFSSYNEQF,1
TRBV7-9,TRBJ2-1,ASSPGLAGGFSYNEQF,4
TRBV7-9,TRBJ2-1,ASSPGLAGGFWNEQF,1
TRBV7-9,TRBJ2-1,ASSPGLAGGGDEQF,7
TRBV7-9,TRBJ2-1,ASSPGLAGGGDNEQF,1
TRBV7-9,TRBJ2-1,ASSPGLAGGGEEQF,1
TRBV7-9,TRBJ2-1,ASSPGLAGGGEQF,15
TRBV7-9,TRBJ2-1,ASSPGLAGGGHNEQF,2
TRBV7-9,TRBJ2-1,ASSPGLAGGGILYEQF,1
TRBV7-9,TRBJ2-1,ASSPGLAGGGNEQF,6
TRBV7-9,TRBJ2-1,ASSPGLAGGGPYNEQF,1
TRBV7-9,TRBJ2-1,ASSPGLAGGGSV,7
TRBV7-9,TRBJ2-1,ASSPGLAGGGSYNEQF,2
TRBV7-9,TRBJ2-1,ASSPGLAGGGTYNEQF,4
TRBV7-9,TRBJ2-1,ASSPGLAGGGYNEQF,11
TRBV7-9,TRBJ2-1,ASSPGLAGGHEQF,9
TRBV7-9,TRBJ2-1,ASSPGLAGGHGNEQF,1
TRBV7-9,TRBJ2-1,ASSPGLAGGHIYNEQF,2
TRBV7-9,TRBJ2-1,ASSPGLAGGHNEQF,16
TRBV7-9,TRBJ2-1,ASSPGLAGGIDEQF,1
TRBV7-9,TRBJ2-1,ASSPGLAGGIGNEQF,1
TRBV7-9,TRBJ2-1,ASSPGLAGGIHEQF,3
TRBV7-9,TRBJ2-1,ASSPGLAGGILPNNEQF,1
TRBV7-9,TRBJ2-1,ASSPGLAGGINEQF,1
TRBV7-9,TRBJ2-1,ASSPGLAGGIPSYNEQF,1
TRBV7-9,TRBJ2-1,ASSPGLAGGISYNEQF,2
TRBV7-9,TRBJ2-1,ASSPGLAGGIYNEQF,1
TRBV7-9,TRBJ2-1,ASSPGLAGGKDEQF,1
TRBV7-9,TRBJ2-1,ASSPGLAGGKEQF,4
TRBV7-9,TRBJ2-1,ASSPGLAGGKF,3
TRBV7-9,TRBJ2-1,ASSPGLAGGKGQF,2
TRBV7-9,TRBJ2-1,ASSPGLAGGKTYNEQF,1
TRBV7-9,TRBJ2-1,ASSPGLAGGKYNEQF,1
TRBV7-9,TRBJ2-1,ASSPGLAGGKYSYNEQF,1
TRBV7-9,TRBJ2-1,ASSPGLAGGLDEQF,19
TRBV7-9,TRBJ2-1,ASSPGLAGGLDYYNEQF,1
TRBV7-9,TRBJ2-1,ASSPGLAGGLEQF,9
TRBV7-9,TRBJ2-1,ASSPGLAGGLGEQF,4
TRBV7-9,TRBJ2-1,ASSPGLAGGLGNEQF,1
TRBV7-9,TRBJ2-1,ASSPGLAGGLGSYNEQF,6
TRBV7-9,TRBJ2-1,ASSPGLAGGLLAEQF,11
TRBV7-9,TRBJ2-1,ASSPGLAGGLLAEQL,1
TRBV7-9,TRBJ2-1,ASSPGLAGGLNEQF,2
TRBV7-9,TRBJ2-1,ASSPGLAGGLSYNEQF,2
TRBV7-9,TRBJ2-1,ASSPGLAGGLTYNEQF,2
TRBV7-9,TRBJ2-1,ASSPGLAGGLWDNEQF,2
TRBV7-9,TRBJ2-1,ASSPGLAGGLYEQF,7
TRBV7-9,TRBJ2-1,ASSPGLAGGLYNEQF,6
TRBV7-9,TRBJ2-1,ASSPGLAGGNDDEQF,9
TRBV7-9,TRBJ2-1,ASSPGLAGGNEQF,110
TRBV7-9,TRBJ2-1,ASSPGLAGGNNEQF,20
TRBV7-9,TRBJ2-1,ASSPGLAGGNPSSYNEQF,14
TRBV7-9,TRBJ2-1,ASSPGLAGGNYNEQF,5
TRBV7-9,TRBJ2-1,ASSPGLAGGPAYNEQF,1
TRBV7-9,TRBJ2-1,ASSPGLAGGPDEQF,2
TRBV7-9,TRBJ2-1,ASSPGLAGGPDNEQF,4
TRBV7-9,TRBJ2-1,ASSPGLAGGPDPYNEQF,1
TRBV7-9,TRBJ2-1,ASSPGLAGGPEGNEQF,4
TRBV7-9,TRBJ2-1,ASSPGLAGGPENEQF,1
TRBV7-9,TRBJ2-1,ASSPGLAGGPEWNEQF,19
TRBV7-9,TRBJ2-1,ASSPGLAGGPFHNEQF,1
TRBV7-9,TRBJ2-1,ASSPGLAGGPFNEQF,1
TRBV7-9,TRBJ2-1,ASSPGLAGGPGDEQF,2
TRBV7-9,TRBJ2-1,ASSPGLAGGPGDNEQF,12
TRBV7-9,TRBJ2-1,ASSPGLAGGPGFREQF,11
TRBV7-9,TRBJ2-1,ASSPGLAGGPGGNEQF,4
TRBV7-9,TRBJ2-1,ASSPGLAGGPGGYNEQF,1
TRBV7-9,TRBJ2-1,ASSPGLAGGPGNEQF,26
TRBV7-9,TRBJ2-1,ASSPGLAGGPGQF,2
TRBV7-9,TRBJ2-1,ASSPGLAGGPGVYEQF,12
TRBV7-9,TRBJ2-1,ASSPGLAGGPGYNEQF,1
TRBV7-9,TRBJ2-1,ASSPGLAGGPHNAQF,1
TRBV7-9,TRBJ2-1,ASSPGLAGGPHNEQF,21
TRBV7-9,TRBJ2-1,ASSPGLAGGPKEQF,4
TRBV7-9,TRBJ2-1,ASSPGLAGGPKWNEQF,1
TRBV7-9,TRBJ2-1,ASSPGLAGGPLYNEQF,1
TRBV7-9,TRBJ2-1,ASSPGLAGGPNEQF,2
TRBV7-9,TRBJ2-1,ASSPGLAGGPNSYNEQF,7
TRBV7-9,TRBJ2-1,ASSPGLAGGPNYNEQF,1
TRBV7-9,TRBJ2-1,ASSPGLAGGPPFNEQF,1
TRBV7-9,TRBJ2-1,ASSPGLAGGPPYNEQF,1
TRBV7-9,TRBJ2-1,ASSPGLAGGPRAYNEQF,1
TRBV7-9,TRBJ2-1,ASSPGLAGGPRDNEQF,3
TRBV7-9,TRBJ2-1,ASSPGLAGGPRLYNEQF,1
TRBV7-9,TRBJ2-1,ASSPGLAGGPRQF,1
TRBV7-9,TRBJ2-1,ASSPGLAGGPRSYNEQF,8
TRBV7-9,TRBJ2-1,ASSPGLAGGPRYEQF,1
TRBV7-9,TRBJ2-1,ASSPGLAGGPRYNEQF,3
TRBV7-9,TRBJ2-1,ASSPGLAGGPSPYNEQF,14
TRBV7-9,TRBJ2-1,ASSPGLAGGPSSYNEQF,3
TRBV7-9,TRBJ2-1,ASSPGLAGGPSYEEQF,1
TRBV7-9,TRBJ2-1,ASSPGLAGGPSYNEQF,44
TRBV7-9,TRBJ2-1,ASSPGLAGGPTNEQF,1
TRBV7-9,TRBJ2-1,ASSPGLAGGPTPYNEQF,1
TRBV7-9,TRBJ2-1,ASSPGLAGGPTWNEQF,1
TRBV7-9,TRBJ2-1,ASSPGLAGGPVWHEQF,2
TRBV7-9,TRBJ2-1,ASSPGLAGGPWNEQF,1
TRBV7-9,TRBJ2-1,ASSPGLAGGPYNEQF,14
TRBV7-9,TRBJ2-1,ASSPGLAGGQEWNEQV,1
TRBV7-9,TRBJ2-1,ASSPGLAGGQF,1
TRBV7-9,TRBJ2-1,ASSPGLAGGQNEQF,28
TRBV7-9,TRBJ2-1,ASSPGLAGGQNNEQF,21
TRBV7-9,TRBJ2-1,ASSPGLAGGQNNEQL,1
TRBV7-9,TRBJ2-1,ASSPGLAGGQNNEQV,1
TRBV7-9,TRBJ2-1,ASSPGLAGGQNNERF,2
TRBV7-9,TRBJ2-1,ASSPGLAGGQSSYNEQF,3
TRBV7-9,TRBJ2-1,ASSPGLAGGQYEQF,1
TRBV7-9,TRBJ2-1,ASSPGLAGGQYNEQF,1
TRBV7-9,TRBJ2-1,ASSPGLAGGRDEQF,2
TRBV7-9,TRBJ2-1,ASSPGLAGGRENEQF,2
TRBV7-9,TRBJ2-1,ASSPGLAGGREQF,1
TRBV7-9,TRBJ2-1,ASSPGLAGGRGASEQF,1
TRBV7-9,TRBJ2-1,ASSPGLAGGRGEGAQF,1
TRBV7-9,TRBJ2-1,ASSPGLAGGRGEGEQF,8
TRBV7-9,TRBJ2-1,ASSPGLAGGRGNEQF,2
TRBV7-9,TRBJ2-1,ASSPGLAGGRGSYNEQF,1
TRBV7-9,TRBJ2-1,ASSPGLAGGRGYNEQF,1
TRBV7-9,TRBJ2-1,ASSPGLAGGRHEQF,1
TRBV7-9,TRBJ2-1,ASSPGLAGGRHYNEQF,1
TRBV7-9,TRBJ2-1,ASSPGLAGGRIYNEQF,1
TRBV7-9,TRBJ2-1,ASSPGLAGGRKGDEQF,1
TRBV7-9,TRBJ2-1,ASSPGLAGGRNEQF,3
TRBV7-9,TRBJ2-1,ASSPGLAGGRNYNEQF,5
TRBV7-9,TRBJ2-1,ASSPGLAGGRPNEQF,1
TRBV7-9,TRBJ2-1,ASSPGLAGGRPTDEQF,1
TRBV7-9,TRBJ2-1,ASSPGLAGGRQF,2
TRBV7-9,TRBJ2-1,ASSPGLAGGRSSYNEQF,2
TRBV7-9,TRBJ2-1,ASSPGLAGGRSYNEQF,4
TRBV7-9,TRBJ2-1,ASSPGLAGGRTYNEQF,9
TRBV7-9,TRBJ2-1,ASSPGLAGGRWNEQF,18
TRBV7-9,TRBJ2-1,ASSPGLAGGRYNEQF,1
TRBV7-9,TRBJ2-1,ASSPGLAGGSANEQF,2
TRBV7-9,TRBJ2-1,ASSPGLAGGSDEQF,1
TRBV7-9,TRBJ2-1,ASSPGLAGGSEQF,19
TRBV7-9,TRBJ2-1,ASSPGLAGGSHEQF,1
TRBV7-9,TRBJ2-1,ASSPGLAGGSLNEQF,2
TRBV7-9,TRBJ2-1,ASSPGLAGGSNEQF,11
TRBV7-9,TRBJ2-1,ASSPGLAGGSPNNEQF,1
TRBV7-9,TRBJ2-1,ASSPGLAGGSPYNEQF,4
TRBV7-9,TRBJ2-1,ASSPGLAGGSRSYNEQF,1
TRBV7-9,TRBJ2-1,ASSPGLAGGSRYNEQF,13
TRBV7-9,TRBJ2-1,ASSPGLAGGSSSYNEQF,2
TRBV7-9,TRBJ2-1,ASSPGLAGGSSYNEQF,18
TRBV7-9,TRBJ2-1,ASSPGLAGGSTYNEQF,1
TRBV7-9,TRBJ2-1,ASSPGLAGGSYNEQF,49
TRBV7-9,TRBJ2-1,ASSPGLAGGTGQF,1
TRBV7-9,TRBJ2-1,ASSPGLAGGTHKPNEQF,1
TRBV7-9,TRBJ2-1,ASSPGLAGGTSYNEQF,1
TRBV7-9,TRBJ2-1,ASSPGLAGGTTYNEQF,9
TRBV7-9,TRBJ2-1,ASSPGLAGGTYNEQF,3
TRBV7-9,TRBJ2-1,ASSPGLAGGVDEQF,1
TRBV7-9,TRBJ2-1,ASSPGLAGGVETQY,1
TRBV7-9,TRBJ2-1,ASSPGLAGGVFRNEQF,10
TRBV7-9,TRBJ2-1,ASSPGLAGGVFYNEQF,1
TRBV7-9,TRBJ2-1,ASSPGLAGGVHEQF,1
TRBV7-9,TRBJ2-1,ASSPGLAGGVNEQF,1
TRBV7-9,TRBJ2-1,ASSPGLAGGVPYNEQF,9
TRBV7-9,TRBJ2-1,ASSPGLAGGVRNEQF,7
TRBV7-9,TRBJ2-1,ASSPGLAGGVYEQF,1
TRBV7-9,TRBJ2-1,ASSPGLAGGVYNEQF,8
TRBV7-9,TRBJ2-1,ASSPGLAGGWEQF,9
TRBV7-9,TRBJ2-1,ASSPGLAGGWKDNEQF,1
TRBV7-9,TRBJ2-1,ASSPGLAGGWNEQF,13
TRBV7-9,TRBJ2-1,ASSPGLAGGYDLNEQF,1
TRBV7-9,TRBJ2-1,ASSPGLAGGYEQF,15
TRBV7-9,TRBJ2-1,ASSPGLAGGYHEQF,2
TRBV7-9,TRBJ2-1,ASSPGLAGGYKEQF,1
TRBV7-9,TRBJ2-1,ASSPGLAGGYNEHF,1
TRBV7-9,TRBJ2-1,ASSPGLAGGYNEKF,1
TRBV7-9,TRBJ2-1,ASSPGLAGGYNELF,1
TRBV7-9,TRBJ2-1,ASSPGLAGGYNEQC,1
TRBV7-9,TRBJ2-1,ASSPGLAGGYNEQF,272
TRBV7-9,TRBJ2-1,ASSPGLAGGYNEQI,1
TRBV7-9,TRBJ2-1,ASSPGLAGGYNEQL,2
TRBV7-9,TRBJ2-1,ASSPGLAGGYNEQV,2
TRBV7-9,TRBJ2-1,ASSPGLAGGYNGQF,1
TRBV7-9,TRBJ2-1,ASSPGLAGGYNVQF,1
TRBV7-9,TRBJ2-1,ASSPGLAGGYYEQF,1
TRBV7-9,TRBJ2-1,ASSPGLAGHAEQF,2
TRBV7-9,TRBJ2-1,ASSPGLAGHAEVF,1
TRBV7-9,TRBJ2-1,ASSPGLAGHDAQF,1
TRBV7-9,TRBJ2-1,ASSPGLAGHDDQF,3
TRBV7-9,TRBJ2-1,ASSPGLAGHDEEF,2
TRBV7-9,TRBJ2-1,ASSPGLAGHDEHF,4
TRBV7-9,TRBJ2-1,ASSPGLAGHDEKF,5
TRBV7-9,TRBJ2-1,ASSPGLAGHDEPF,1
TRBV7-9,TRBJ2-1,ASSPGLAGHDEQC,3
TRBV7-9,TRBJ2-1,ASSPGLAGHDEQF,819
TRBV7-9,TRBJ2-1,ASSPGLAGHDEQL,1
TRBV7-9,TRBJ2-1,ASSPGLAGHDEQV,6
TRBV7-9,TRBJ2-1,ASSPGLAGHDEQY,1
TRBV7-9,TRBJ2-1,ASSPGLAGHDERF,2
TRBV7-9,TRBJ2-1,ASSPGLAGHDGQF,1
TRBV7-9,TRBJ2-1,ASSPGLAGHDKQF,3
TRBV7-9,TRBJ2-1,ASSPGLAGHDVQF,1
TRBV7-9,TRBJ2-1,ASSPGLAGHEEQF,2
TRBV7-9,TRBJ2-1,ASSPGLAGHEQF,4
TRBV7-9,TRBJ2-1,ASSPGLAGHGEQF,3
TRBV7-9,TRBJ2-1,ASSPGLAGHHEQF,2
TRBV7-9,TRBJ2-1,ASSPGLAGHNEQF,54
TRBV7-9,TRBJ2-1,ASSPGLAGHSEQF,1
TRBV7-9,TRBJ2-1,ASSPGLAGHSSYNEQF,11
TRBV7-9,TRBJ2-1,ASSPGLAGHSYNEQF,2
TRBV7-9,TRBJ2-1,ASSPGLAGHVEQF,1
TRBV7-9,TRBJ2-1,ASSPGLAGHYEQF,3
TRBV7-9,TRBJ2-1,ASSPGLAGHYNEQF,5
TRBV7-9,TRBJ2-1,ASSPGLAGIDEQF,4
TRBV7-9,TRBJ2-1,ASSPGLAGIDNEQF,1
TRBV7-9,TRBJ2-1,ASSPGLAGIEQF,17
TRBV7-9,TRBJ2-1,ASSPGLAGIGSYNEQF,1
TRBV7-9,TRBJ2-1,ASSPGLAGIHEQF,1
TRBV7-9,TRBJ2-1,ASSPGLAGILLYNEQF,1
TRBV7-9,TRBJ2-1,ASSPGLAGINEQF,22
TRBV7-9,TRBJ2-1,ASSPGLAGINEQY,1
TRBV7-9,TRBJ2-1,ASSPGLAGINRNEQF,1
TRBV7-9,TRBJ2-1,ASSPGLAGIQGQF,13
TRBV7-9,TRBJ2-1,ASSPGLAGIQNEQF,1
TRBV7-9,TRBJ2-1,ASSPGLAGISGDEQF,1
TRBV7-9,TRBJ2-1,ASSPGLAGISSYNEQF,14
TRBV7-9,TRBJ2-1,ASSPGLAGISYNEQF,3
TRBV7-9,TRBJ2-1,ASSPGLAGISYNKQF,1
TRBV7-9,TRBJ2-1,ASSPGLAGITAGYNEQF,3
TRBV7-9,TRBJ2-1,ASSPGLAGITAYNEQF,1
TRBV7-9,TRBJ2-1,ASSPGLAGIYNEQF,1
TRBV7-9,TRBJ2-1,ASSPGLAGKSSYNEQF,2
TRBV7-9,TRBJ2-1,ASSPGLAGKSYNEQF,1
TRBV7-9,TRBJ2-1,ASSPGLAGLDDQF,1
TRBV7-9,TRBJ2-1,ASSPGLAGLDEQC,1
TRBV7-9,TRBJ2-1,ASSPGLAGLDEQF,3
TRBV7-9,TRBJ2-1,ASSPGLAGLDTWNEQF,1
TRBV7-9,TRBJ2-1,ASSPGLAGLEQF,7
TRBV7-9,TRBJ2-1,ASSPGLAGLFNEQF,1
TRBV7-9,TRBJ2-1,ASSPGLAGLGDNEQF,7
TRBV7-9,TRBJ2-1,ASSPGLAGLGGSLDEQF,1
TRBV7-9,TRBJ2-1,ASSPGLAGLGSYNEQF,5
TRBV7-9,TRBJ2-1,ASSPGLAGLHEQF,2
TRBV7-9,TRBJ2-1,ASSPGLAGLHNEQF,4
TRBV7-9,TRBJ2-1,ASSPGLAGLLYEQF,1
TRBV7-9,TRBJ2-1,ASSPGLAGLNEQF,16
TRBV7-9,TRBJ2-1,ASSPGLAGLPAHPSSYNEQF,3
TRBV7-9,TRBJ2-1,ASSPGLAGLQWHEQF,14
TRBV7-9,TRBJ2-1,ASSPGLAGLRAYNEQF,1
TRBV7-9,TRBJ2-1,ASSPGLAGLRDEQF,3
TRBV7-9,TRBJ2-1,ASSPGLAGLRDEQV,1
TRBV7-9,TRBJ2-1,ASSPGLAGLRNEQF,3
TRBV7-9,TRBJ2-1,ASSPGLAGLRSSYNEQF,1
TRBV7-9,TRBJ2-1,ASSPGLAGLSEQF,4
TRBV7-9,TRBJ2-1,ASSPGLAGLSNEQF,1
TRBV7-9,TRBJ2-1,ASSPGLAGLSSYNEQF,3
TRBV7-9,TRBJ2-1,ASSPGLAGLSYNEQF,14
TRBV7-9,TRBJ2-1,ASSPGLAGLTDNEQF,1
TRBV7-9,TRBJ2-1,ASSPGLAGLTYNEQF,7
TRBV7-9,TRBJ2-1,ASSPGLAGLYNEQF,4
TRBV7-9,TRBJ2-1,ASSPGLAGMANEQF,13
TRBV7-9,TRBJ2-1,ASSPGLAGMGNEQF,1
TRBV7-9,TRBJ2-1,ASSPGLAGMHNEQF,1
TRBV7-9,TRBJ2-1,ASSPGLAGMNEQF,1
TRBV7-9,TRBJ2-1,ASSPGLAGMPSYNEQF,6
TRBV7-9,TRBJ2-1,ASSPGLAGNAQF,1
TRBV7-9,TRBJ2-1,ASSPGLAGNDEQF,1
TRBV7-9,TRBJ2-1,ASSPGLAGNEQF,57
TRBV7-9,TRBJ2-1,ASSPGLAGNEQI,1
TRBV7-9,TRBJ2-1,ASSPGLAGNFDEQF,1
TRBV7-9,TRBJ2-1,ASSPGLAGNIYNEQF,1
TRBV7-9,TRBJ2-1,ASSPGLAGNKEQF,1
TRBV7-9,TRBJ2-1,ASSPGLAGNNEQF,115
TRBV7-9,TRBJ2-1,ASSPGLAGNNEQL,1
TRBV7-9,TRBJ2-1,ASSPGLAGNYNEQF,5
TRBV7-9,TRBJ2-1,ASSPGLAGPANEQF,1
TRBV7-9,TRBJ2-1,ASSPGLAGPAVDNEQF,2
TRBV7-9,TRBJ2-1,ASSPGLAGPDEQF,12
TRBV7-9,TRBJ2-1,ASSPGLAGPDSYNEQF,1
TRBV7-9,TRBJ2-1,ASSPGLAGPDVQF,1
TRBV7-9,TRBJ2-1,ASSPGLAGPFDEQF,1
TRBV7-9,TRBJ2-1,ASSPGLAGPFYNEQF,2
TRBV7-9,TRBJ2-1,ASSPGLAGPGEQF,10
TRBV7-9,TRBJ2-1,ASSPGLAGPGNEQF,1
TRBV7-9,TRBJ2-1,ASSPGLAGPHSSDNEQF,1
TRBV7-9,TRBJ2-1,ASSPGLAGPINEQF,2
TRBV7-9,TRBJ2-1,ASSPGLAGPIQNEQF,1
TRBV7-9,TRBJ2-1,ASSPGLAGPLDEQF,3
TRBV7-9,TRBJ2-1,ASSPGLAGPLNEQF,1
TRBV7-9,TRBJ2-1,ASSPGLAGPNEQF,5
TRBV7-9,TRBJ2-1,ASSPGLAGPPGNEQF,2
TRBV7-9,TRBJ2-1,ASSPGLAGPQEQF,13
TRBV7-9,TRBJ2-1,ASSPGLAGPQF,5
TRBV7-9,TRBJ2-1,ASSPGLAGPQGQF,1
TRBV7-9,TRBJ2-1,ASSPGLAGPQT,4
TRBV7-9,TRBJ2-1,ASSPGLAGPRAYNEQF,1
TRBV7-9,TRBJ2-1,ASSPGLAGPRDYNEQF,5
TRBV7-9,TRBJ2-1,ASSPGLAGPREGYNEQF,1
TRBV7-9,TRBJ2-1,ASSPGLAGPRNEQF,1
TRBV7-9,TRBJ2-1,ASSPGLAGPRRLDEQF,1
TRBV7-9,TRBJ2-1,ASSPGLAGPSNEQF,1
TRBV7-9,TRBJ2-1,ASSPGLAGPSSYNEQF,3
TRBV7-9,TRBJ2-1,ASSPGLAGPSYNEQF,2
TRBV7-9,TRBJ2-1,ASSPGLAGPTSNEQF,7
TRBV7-9,TRBJ2-1,ASSPGLAGPWADNEQF,1
TRBV7-9,TRBJ2-1,ASSPGLAGPYEQF,1
TRBV7-9,TRBJ2-1,ASSPGLAGPYNEQF,43
TRBV7-9,TRBJ2-1,ASSPGLAGQDEQF,3
TRBV7-9,TRBJ2-1,ASSPGLAGQF,1
TRBV7-9,TRBJ2-1,ASSPGLAGQKLNEQF,1
TRBV7-9,TRBJ2-1,ASSPGLAGQNEQF,4
TRBV7-9,TRBJ2-1,ASSPGLAGQSRNEQF,1
TRBV7-9,TRBJ2-1,ASSPGLAGQVDNEQF,1
TRBV7-9,TRBJ2-1,ASSPGLAGQYNEQF,7
TRBV7-9,TRBJ2-1,ASSPGLAGRDEQF,11
TRBV7-9,TRBJ2-1,ASSPGLAGREQF,1
TRBV7-9,TRBJ2-1,ASSPGLAGRERYYNEQF,1
TRBV7-9,TRBJ2-1,ASSPGLAGRGDEQF,1
TRBV7-9,TRBJ2-1,ASSPGLAGRGEQF,4
TRBV7-9,TRBJ2-1,ASSPGLAGRGRVDEQF,1
TRBV7-9,TRBJ2-1,ASSPGLAGRGSYNEQF,1
TRBV7-9,TRBJ2-1,ASSPGLAGRHNEQF,1
TRBV7-9,TRBJ2-1,ASSPGLAGRIEQF,9
TRBV7-9,TRBJ2-1,ASSPGLAGRIHEQF,1
TRBV7-9,TRBJ2-1,ASSPGLAGRKFHEQF,1
TRBV7-9,TRBJ2-1,ASSPGLAGRNEQF,19
TRBV7-9,TRBJ2-1,ASSPGLAGRSYNEQF,9
TRBV7-9,TRBJ2-1,ASSPGLAGRTEQF,5
TRBV7-9,TRBJ2-1,ASSPGLAGRVDEQF,1
TRBV7-9,TRBJ2-1,ASSPGLAGRYNDQC,1
TRBV7-9,TRBJ2-1,ASSPGLAGRYNEQF,15
TRBV7-9,TRBJ2-1,ASSPGLAGRYYNEQF,1
TRBV7-9,TRBJ2-1,ASSPGLAGSDEQF,3
TRBV7-9,TRBJ2-1,ASSPGLAGSDQF,1
TRBV7-9,TRBJ2-1,ASSPGLAGSDSYNEQF,1
TRBV7-9,TRBJ2-1,ASSPGLAGSEQF,42
TRBV7-9,TRBJ2-1,ASSPGLAGSFEQF,3
TRBV7-9,TRBJ2-1,ASSPGLAGSHEQF,1
TRBV7-9,TRBJ2-1,ASSPGLAGSLGYNEQF,1
TRBV7-9,TRBJ2-1,ASSPGLAGSLLQF,1
TRBV7-9,TRBJ2-1,ASSPGLAGSNEQF,28
TRBV7-9,TRBJ2-1,ASSPGLAGSPQGNEQF,8
TRBV7-9,TRBJ2-1,ASSPGLAGSPYNEQF,1
TRBV7-9,TRBJ2-1,ASSPGLAGSQRSYNEQF,1
TRBV7-9,TRBJ2-1,ASSPGLAGSRNEQF,1
TRBV7-9,TRBJ2-1,ASSPGLAGSSGNEQF,1
TRBV7-9,TRBJ2-1,ASSPGLAGSSYNEQF,86
TRBV7-9,TRBJ2-1,ASSPGLAGSWDEQF,1
TRBV7-9,TRBJ2-1,ASSPGLAGSYEQF,2
TRBV7-9,TRBJ2-1,ASSPGLAGSYNEQF,52
TRBV7-9,TRBJ2-1,ASSPGLAGSYYNGQF,2
TRBV7-9,TRBJ2-1,ASSPGLAGTDEQF,48
TRBV7-9,TRBJ2-1,ASSPGLAGTFHGF,1
TRBV7-9,TRBJ2-1,ASSPGLAGTGDEQF,1
TRBV7-9,TRBJ2-1,ASSPGLAGTHNEQF,4
TRBV7-9,TRBJ2-1,ASSPGLAGTLQGC,1
TRBV7-9,TRBJ2-1,ASSPGLAGTLQGF,68
TRBV7-9,TRBJ2-1,ASSPGLAGTLQRF,1
TRBV7-9,TRBJ2-1,ASSPGLAGTLQVF,3
TRBV7-9,TRBJ2-1,ASSPGLAGTNEQF,29
TRBV7-9,TRBJ2-1,ASSPGLAGTNNEQF,1
TRBV7-9,TRBJ2-1,ASSPGLAGTPYNEQF,11
TRBV7-9,TRBJ2-1,ASSPGLAGTPYTEQF,1
TRBV7-9,TRBJ2-1,ASSPGLAGTRHEQF,1
TRBV7-9,TRBJ2-1,ASSPGLAGTRSYNEQF,1
TRBV7-9,TRBJ2-1,ASSPGLAGTSSYNEQF,1
TRBV7-9,TRBJ2-1,ASSPGLAGTSYNDQF,1
TRBV7-9,TRBJ2-1,ASSPGLAGTSYNEQF,7
TRBV7-9,TRBJ2-1,ASSPGLAGTTEQF,4
TRBV7-9,TRBJ2-1,ASSPGLAGTTYNEQF,2
TRBV7-9,TRBJ2-1,ASSPGLAGTVDEQF,4
TRBV7-9,TRBJ2-1,ASSPGLAGTVSYNEQF,1
TRBV7-9,TRBJ2-1,ASSPGLAGTYEQF,3
TRBV7-9,TRBJ2-1,ASSPGLAGTYNEQF,34
TRBV7-9,TRBJ2-1,ASSPGLAGVAYNEQF,6
TRBV7-9,TRBJ2-1,ASSPGLAGVDAYNEQF,1
TRBV7-9,TRBJ2-1,ASSPGLAGVDEQC,1
TRBV7-9,TRBJ2-1,ASSPGLAGVDEQF,30
TRBV7-9,TRBJ2-1,ASSPGLAGVDNEQF,3
TRBV7-9,TRBJ2-1,ASSPGLAGVEEQF,1
TRBV7-9,TRBJ2-1,ASSPGLAGVEQF,7
TRBV7-9,TRBJ2-1,ASSPGLAGVFDEQF,1
TRBV7-9,TRBJ2-1,ASSPGLAGVFEQF,5
TRBV7-9,TRBJ2-1,ASSPGLAGVFGNEQF,2
TRBV7-9,TRBJ2-1,ASSPGLAGVFYNEQF,1
TRBV7-9,TRBJ2-1,ASSPGLAGVGDNEQF,1
TRBV7-9,TRBJ2-1,ASSPGLAGVGEQF,5
TRBV7-9,TRBJ2-1,ASSPGLAGVGNEQF,40
TRBV7-9,TRBJ2-1,ASSPGLAGVGSSYNEQF,6
TRBV7-9,TRBJ2-1,ASSPGLAGVGSYNEKF,1
TRBV7-9,TRBJ2-1,ASSPGLAGVGSYNEQF,17
TRBV7-9,TRBJ2-1,ASSPGLAGVGSYNEQV,1
TRBV7-9,TRBJ2-1,ASSPGLAGVGYFNEQF,1
TRBV7-9,TRBJ2-1,ASSPGLAGVHDNEQF,1
TRBV7-9,TRBJ2-1,ASSPGLAGVHEQF,25
TRBV7-9,TRBJ2-1,ASSPGLAGVIDEQF,11
TRBV7-9,TRBJ2-1,ASSPGLAGVIDNEHF,1
TRBV7-9,TRBJ2-1,ASSPGLAGVIDNEQF,1
TRBV7-9,TRBJ2-1,ASSPGLAGVIEQF,9
TRBV7-9,TRBJ2-1,ASSPGLAGVIGSYNEQF,1
TRBV7-9,TRBJ2-1,ASSPGLAGVKYNEQF,1
TRBV7-9,TRBJ2-1,ASSPGLAGVL,6
TRBV7-9,TRBJ2-1,ASSPGLAGVLFREQF,3
TRBV7-9,TRBJ2-1,ASSPGLAGVLGDNEQF,1
TRBV7-9,TRBJ2-1,ASSPGLAGVLGNEQF,6
TRBV7-9,TRBJ2-1,ASSPGLAGVLNEQF,10
TRBV7-9,TRBJ2-1,ASSPGLAGVLNEQL,1
TRBV7-9,TRBJ2-1,ASSPGLAGVLSYNEQF,1
TRBV7-9,TRBJ2-1,ASSPGLAGVLTYNEQC,1
TRBV7-9,TRBJ2-1,ASSPGLAGVLTYNEQF,16
TRBV7-9,TRBJ2-1,ASSPGLAGVLWNEQF,1
TRBV7-9,TRBJ2-1,ASSPGLAGVLYNEQF,1
TRBV7-9,TRBJ2-1,ASSPGLAGVMDNEQC,1
TRBV7-9,TRBJ2-1,ASSPGLAGVMDNEQF,87
TRBV7-9,TRBJ2-1,ASSPGLAGVMDNEQI,1
TRBV7-9,TRBJ2-1,ASSPGLAGVMDNEQV,1
TRBV7-9,TRBJ2-1,ASSPGLAGVMENEQF,1
TRBV7-9,TRBJ2-1,ASSPGLAGVMKGNEQF,7
TRBV7-9,TRBJ2-1,ASSPGLAGVMNEQF,1
TRBV7-9,TRBJ2-1,ASSPGLAGVNEQF,32
TRBV7-9,TRBJ2-1,ASSPGLAGVNHNEQF,1
TRBV7-9,TRBJ2-1,ASSPGLAGVNLNEQF,11
TRBV7-9,TRBJ2-1,ASSPGLAGVNNEQF,3
TRBV7-9,TRBJ2-1,ASSPGLAGVPHEQF,1
TRBV7-9,TRBJ2-1,ASSPGLAGVPYNEQF,2
TRBV7-9,TRBJ2-1,ASSPGLAGVPYSPNEQF,1
TRBV7-9,TRBJ2-1,ASSPGLAGVRDKEQF,1
TRBV7-9,TRBJ2-1,ASSPGLAGVRDNEQF,1
TRBV7-9,TRBJ2-1,ASSPGLAGVRNEQF,1
TRBV7-9,TRBJ2-1,ASSPGLAGVRYNEQF,3
TRBV7-9,TRBJ2-1,ASSPGLAGVSEQF,1
TRBV7-9,TRBJ2-1,ASSPGLAGVSRYNEQF,1
TRBV7-9,TRBJ2-1,ASSPGLAGVSYNEQF,10
TRBV7-9,TRBJ2-1,ASSPGLAGVSYNEQL,1
TRBV7-9,TRBJ2-1,ASSPGLAGVTNEQF,1
TRBV7-9,TRBJ2-1,ASSPGLAGVTPRPF,10
TRBV7-9,TRBJ2-1,ASSPGLAGVTPRQF,1
TRBV7-9,TRBJ2-1,ASSPGLAGVTSYNEQF,3
TRBV7-9,TRBJ2-1,ASSPGLAGVTYNEQF,1
TRBV7-9,TRBJ2-1,ASSPGLAGVVGNEQF,1
TRBV7-9,TRBJ2-1,ASSPGLAGVVHEQF,1
TRBV7-9,TRBJ2-1,ASSPGLAGVVNEQF,1
TRBV7-9,TRBJ2-1,ASSPGLAGVVVSYNEQF,1
TRBV7-9,TRBJ2-1,ASSPGLAGVVYEQF,1
TRBV7-9,TRBJ2-1,ASSPGLAGVVYNEQF,1
TRBV7-9,TRBJ2-1,ASSPGLAGVWGKNEQF,1
TRBV7-9,TRBJ2-1,ASSPGLAGVWNEQF,1
TRBV7-9,TRBJ2-1,ASSPGLAGVYEQF,24
TRBV7-9,TRBJ2-1,ASSPGLAGVYLYNEQF,1
TRBV7-9,TRBJ2-1,ASSPGLAGVYNEQF,54
TRBV7-9,TRBJ2-1,ASSPGLAGVYNGQS,1
TRBV7-9,TRBJ2-1,ASSPGLAGVYYNEQF,8
TRBV7-9,TRBJ2-1,ASSPGLAGWDEQF,2
TRBV7-9,TRBJ2-1,ASSPGLAGWNEQF,13
TRBV7-9,TRBJ2-1,ASSPGLAGWTYNEQF,1
TRBV7-9,TRBJ2-1,ASSPGLAGYDEQF,1
TRBV7-9,TRBJ2-1,ASSPGLAGYEQF,2
TRBV7-9,TRBJ2-1,ASSPGLAGYGDNEQF,1
TRBV7-9,TRBJ2-1,ASSPGLAGYHEQF,2
TRBV7-9,TRBJ2-1,ASSPGLAGYKEQF,2
TRBV7-9,TRBJ2-1,ASSPGLAGYNEQC,1
TRBV7-9,TRBJ2-1,ASSPGLAGYNEQF,164
TRBV7-9,TRBJ2-1,ASSPGLAGYNVQF,1
TRBV7-9,TRBJ2-1,ASSPGLAGYSSYNEQF,1
TRBV7-9,TRBJ2-1,ASSPGLAGYSYNEQF,1
TRBV7-9,TRBJ2-1,ASSPGLAGYTEQF,1
TRBV7-9,TRBJ2-1,ASSPGLAGYTQNEQF,1
TRBV7-9,TRBJ2-1,ASSPGLAGYYNEQF,1
TRBV7-9,TRBJ2-1,ASSPGLAHEQF,3
TRBV7-9,TRBJ2-1,ASSPGLAHGQF,4
TRBV7-9,TRBJ2-1,ASSPGLAHNEQF,5
TRBV7-9,TRBJ2-1,ASSPGLAHSYNEQF,1
TRBV7-9,TRBJ2-1,ASSPGLAIDEQF,1
TRBV7-9,TRBJ2-1,ASSPGLAIGNEQF,1
TRBV7-9,TRBJ2-1,ASSPGLAINEQF,11
TRBV7-9,TRBJ2-1,ASSPGLAINNEQF,1
TRBV7-9,TRBJ2-1,ASSPGLAIPYNEQF,1
TRBV7-9,TRBJ2-1,ASSPGLAISSSYNEQF,1
TRBV7-9,TRBJ2-1,ASSPGLAISSYNEQF,4
TRBV7-9,TRBJ2-1,ASSPGLAITYNEQF,1
TRBV7-9,TRBJ2-1,ASSPGLAIVSNWEQF,4
TRBV7-9,TRBJ2-1,ASSPGLAIYEQF,1
TRBV7-9,TRBJ2-1,ASSPGLAIYNEQF,9
TRBV7-9,TRBJ2-1,ASSPGLAKHEQF,1
TRBV7-9,TRBJ2-1,ASSPGLAKHNEQF,1
TRBV7-9,TRBJ2-1,ASSPGLAKNNEQF,1
TRBV7-9,TRBJ2-1,ASSPGLAKYNEQF,14
TRBV7-9,TRBJ2-1,ASSPGLALAYNEQF,4
TRBV7-9,TRBJ2-1,ASSPGLALDEQF,1
TRBV7-9,TRBJ2-1,ASSPGLALDNEQF,1
TRBV7-9,TRBJ2-1,ASSPGLALDSHEQF,1
TRBV7-9,TRBJ2-1,ASSPGLALF,1
TRBV7-9,TRBJ2-1,ASSPGLALGEQF,17
TRBV7-9,TRBJ2-1,ASSPGLALGEQV,1
TRBV7-9,TRBJ2-1,ASSPGLALGNEQF,1
TRBV7-9,TRBJ2-1,ASSPGLALNEQF,3
TRBV7-9,TRBJ2-1,ASSPGLALNGNEQF,1
TRBV7-9,TRBJ2-1,ASSPGLALNKEQF,1
TRBV7-9,TRBJ2-1,ASSPGLALNNEKF,1
TRBV7-9,TRBJ2-1,ASSPGLALNNEQF,20
TRBV7-9,TRBJ2-1,ASSPGLALRDEQF,1
TRBV7-9,TRBJ2-1,ASSPGLALRSSYNEQF,1
TRBV7-9,TRBJ2-1,ASSPGLALSSYNEQF,1
TRBV7-9,TRBJ2-1,ASSPGLALSYNEQF,2
TRBV7-9,TRBJ2-1,ASSPGLALWNEQF,1
TRBV7-9,TRBJ2-1,ASSPGLALYNEQF,5
TRBV7-9,TRBJ2-1,ASSPGLAMAPNEQF,1
TRBV7-9,TRBJ2-1,ASSPGLANDEQF,6
TRBV7-9,TRBJ2-1,ASSPGLANEQF,40
TRBV7-9,TRBJ2-1,ASSPGLANEQL,1
TRBV7-9,TRBJ2-1,ASSPGLANGDEQF,1
TRBV7-9,TRBJ2-1,ASSPGLANHEQF,13
TRBV7-9,TRBJ2-1,ASSPGLANLYNEQF,1
TRBV7-9,TRBJ2-1,ASSPGLANNEQF,23
TRBV7-9,TRBJ2-1,ASSPGLANNNEQF,1
TRBV7-9,TRBJ2-1,ASSPGLANPNEQF,1
TRBV7-9,TRBJ2-1,ASSPGLANPYNEQF,2
TRBV7-9,TRBJ2-1,ASSPGLANRQF,1
TRBV7-9,TRBJ2-1,ASSPGLANYNEQF,2
TRBV7-9,TRBJ2-1,ASSPGLAPAYNEQF,1
TRBV7-9,TRBJ2-1,ASSPGLAPDSHEQF,14
TRBV7-9,TRBJ2-1,ASSPGLAPEGNEQF,1
TRBV7-9,TRBJ2-1,ASSPGLAPEQF,6
TRBV7-9,TRBJ2-1,ASSPGLAPGAIDEQF,2
TRBV7-9,TRBJ2-1,ASSPGLAPLDEQF,1
TRBV7-9,TRBJ2-1,ASSPGLAPNEQF,2
TRBV7-9,TRBJ2-1,ASSPGLAPNHEQF,1
TRBV7-9,TRBJ2-1,ASSPGLAPNNEQF,14
TRBV7-9,TRBJ2-1,ASSPGLAPNYEQF,1
TRBV7-9,TRBJ2-1,ASSPGLAPNYNEQF,1
TRBV7-9,TRBJ2-1,ASSPGLAPPERNEQF,1
TRBV7-9,TRBJ2-1,ASSPGLAPRNEQF,19
TRBV7-9,TRBJ2-1,ASSPGLAPRNEQL,1
TRBV7-9,TRBJ2-1,ASSPGLAPSGNEQF,1
TRBV7-9,TRBJ2-1,ASSPGLAPSNEQF,1
TRBV7-9,TRBJ2-1,ASSPGLAPSSYNEQF,8
TRBV7-9,TRBJ2-1,ASSPGLAPSYNEQF,1
TRBV7-9,TRBJ2-1,ASSPGLAPVDEQF,1
TRBV7-9,TRBJ2-1,ASSPGLAPVNEQF,1
TRBV7-9,TRBJ2-1,ASSPGLAPYNDQF,1
TRBV7-9,TRBJ2-1,ASSPGLAPYNEQF,33
TRBV7-9,TRBJ2-1,ASSPGLAPYNNEQF,1
TRBV7-9,TRBJ2-1,ASSPGLAPYYNEQF,2
TRBV7-9,TRBJ2-1,ASSPGLAQANEQF,1
TRBV7-9,TRBJ2-1,ASSPGLAQDEQF,1
TRBV7-9,TRBJ2-1,ASSPGLAQHNEQF,1
TRBV7-9,TRBJ2-1,ASSPGLAQHSYNEQF,1
TRBV7-9,TRBJ2-1,ASSPGLAQMRGNEQF,1
TRBV7-9,TRBJ2-1,ASSPGLAQYNEQF,3
TRBV7-9,TRBJ2-1,ASSPGLARDEQF,7
TRBV7-9,TRBJ2-1,ASSPGLARDNEQF,2
TRBV7-9,TRBJ2-1,ASSPGLARGDEQF,1
TRBV7-9,TRBJ2-1,ASSPGLARGEQF,1
TRBV7-9,TRBJ2-1,ASSPGLARGNEQF,1
TRBV7-9,TRBJ2-1,ASSPGLARMTNEQF,1
TRBV7-9,TRBJ2-1,ASSPGLARNEQF,1
TRBV7-9,TRBJ2-1,ASSPGLARNNEQF,6
TRBV7-9,TRBJ2-1,ASSPGLARPISYNEQF,1
TRBV7-9,TRBJ2-1,ASSPGLARRYEQF,1
TRBV7-9,TRBJ2-1,ASSPGLARSYNEQF,1
TRBV7-9,TRBJ2-1,ASSPGLARTNNEQF,1
TRBV7-9,TRBJ2-1,ASSPGLARTTNPYNEQF,13
TRBV7-9,TRBJ2-1,ASSPGLARYNEQF,11
TRBV7-9,TRBJ2-1,ASSPGLASANEQF,10
TRBV7-9,TRBJ2-1,ASSPGLASAYNEQF,16
TRBV7-9,TRBJ2-1,ASSPGLASDEQF,9
TRBV7-9,TRBJ2-1,ASSPGLASDYNEQF,1
TRBV7-9,TRBJ2-1,ASSPGLASEQF,9
TRBV7-9,TRBJ2-1,ASSPGLASGEQF,8
TRBV7-9,TRBJ2-1,ASSPGLASGNEQF,1
TRBV7-9,TRBJ2-1,ASSPGLASGRPATEPF,1
TRBV7-9,TRBJ2-1,ASSPGLASGRPDNEQF,8
TRBV7-9,TRBJ2-1,ASSPGLASHNEQF,1
TRBV7-9,TRBJ2-1,ASSPGLASLYNEQF,1
TRBV7-9,TRBJ2-1,ASSPGLASNEQF,18
TRBV7-9,TRBJ2-1,ASSPGLASQRSSYNEQF,1
TRBV7-9,TRBJ2-1,ASSPGLASRNEQF,3
TRBV7-9,TRBJ2-1,ASSPGLASSYNEQF,11
TRBV7-9,TRBJ2-1,ASSPGLASTLQGF,1
TRBV7-9,TRBJ2-1,ASSPGLASTLSSYNEQF,1
TRBV7-9,TRBJ2-1,ASSPGLASTYNEQF,14
TRBV7-9,TRBJ2-1,ASSPGLASTYSEQF,1
TRBV7-9,TRBJ2-1,ASSPGLASVDEQF,1
TRBV7-9,TRBJ2-1,ASSPGLASVYNEQF,1
TRBV7-9,TRBJ2-1,ASSPGLASYNEQF,33
TRBV7-9,TRBJ2-1,ASSPGLATDNEQF,3
TRBV7-9,TRBJ2-1,ASSPGLATDSYNEQF,1
TRBV7-9,TRBJ2-1,ASSPGLATEKF,1
TRBV7-9,TRBJ2-1,ASSPGLATEQF,15
TRBV7-9,TRBJ2-1,ASSPGLATGHEQF,1
TRBV7-9,TRBJ2-1,ASSPGLATHNEQF,4
TRBV7-9,TRBJ2-1,ASSPGLATHYNEQF,1
TRBV7-9,TRBJ2-1,ASSPGLATNEQF,17
TRBV7-9,TRBJ2-1,ASSPGLATTYNEQF,1
TRBV7-9,TRBJ2-1,ASSPGLATYNEQF,39
TRBV7-9,TRBJ2-1,ASSPGLAVADEQF,1
TRBV7-9,TRBJ2-1,ASSPGLAVAGDEQF,1
TRBV7-9,TRBJ2-1,ASSPGLAVAYNEQF,2
TRBV7-9,TRBJ2-1,ASSPGLAVCNEQF,1
TRBV7-9,TRBJ2-1,ASSPGLAVDEQF,2
TRBV7-9,TRBJ2-1,ASSPGLAVDNEQF,5
TRBV7-9,TRBJ2-1,ASSPGLAVDRTYNEQF,1
TRBV7-9,TRBJ2-1,ASSPGLAVFNEQF,2
TRBV7-9,TRBJ2-1,ASSPGLAVFYNAQF,1
TRBV7-9,TRBJ2-1,ASSPGLAVFYNEQF,10
TRBV7-9,TRBJ2-1,ASSPGLAVGEQF,25
TRBV7-9,TRBJ2-1,ASSPGLAVGNEQF,2
TRBV7-9,TRBJ2-1,ASSPGLAVGYNEQF,1
TRBV7-9,TRBJ2-1,ASSPGLAVHDEQF,2
TRBV7-9,TRBJ2-1,ASSPGLAVHNEQF,10
TRBV7-9,TRBJ2-1,ASSPGLAVIDEQF,1
TRBV7-9,TRBJ2-1,ASSPGLAVINEQF,1
TRBV7-9,TRBJ2-1,ASSPGLAVKSYNEQF,1
TRBV7-9,TRBJ2-1,ASSPGLAVLLDSYNEQF,1
TRBV7-9,TRBJ2-1,ASSPGLAVLRVGNEQF,1
TRBV7-9,TRBJ2-1,ASSPGLAVLSSYNEQF,1
TRBV7-9,TRBJ2-1,ASSPGLAVLYDEQF,1
TRBV7-9,TRBJ2-1,ASSPGLAVLYNEQF,2
TRBV7-9,TRBJ2-1,ASSPGLAVNEQF,31
TRBV7-9,TRBJ2-1,ASSPGLAVNNEQF,26
TRBV7-9,TRBJ2-1,ASSPGLAVNYNEQF,1
TRBV7-9,TRBJ2-1,ASSPGLAVPSSYNEQF,1
TRBV7-9,TRBJ2-1,ASSPGLAVRYNEQF,1
TRBV7-9,TRBJ2-1,ASSPGLAVSDEQF,9
TRBV7-9,TRBJ2-1,ASSPGLAVSNEQF,1
TRBV7-9,TRBJ2-1,ASSPGLAVSSYNEQF,2
TRBV7-9,TRBJ2-1,ASSPGLAVSYNEQF,1
TRBV7-9,TRBJ2-1,ASSPGLAVTAGHEQF,1
TRBV7-9,TRBJ2-1,ASSPGLAVTEFYNEQF,4
TRBV7-9,TRBJ2-1,ASSPGLAVTLQGF,1
TRBV7-9,TRBJ2-1,ASSPGLAVTYNEQF,3
TRBV7-9,TRBJ2-1,ASSPGLAVVMDNEQF,1
TRBV7-9,TRBJ2-1,ASSPGLAVYEQF,1
TRBV7-9,TRBJ2-1,ASSPGLAVYHEQF,1
TRBV7-9,TRBJ2-1,ASSPGLAVYNEQF,61
TRBV7-9,TRBJ2-1,ASSPGLAWAYNEQF,1
TRBV7-9,TRBJ2-1,ASSPGLAWDEQF,1
TRBV7-9,TRBJ2-1,ASSPGLAWDNEQF,1
TRBV7-9,TRBJ2-1,ASSPGLAWNEQF,1
TRBV7-9,TRBJ2-1,ASSPGLAWNNEQF,1
TRBV7-9,TRBJ2-1,ASSPGLAWYNEQF,1
TRBV7-9,TRBJ2-1,ASSPGLAYEQF,3
TRBV7-9,TRBJ2-1,ASSPGLAYNEQF,69
TRBV7-9,TRBJ2-1,ASSPGLDAREQF,9
TRBV7-9,TRBJ2-1,ASSPGLDDEQF,2
TRBV7-9,TRBJ2-1,ASSPGLDEQF,40
TRBV7-9,TRBJ2-1,ASSPGLDEQV,1
TRBV7-9,TRBJ2-1,ASSPGLDGYNEQF,1
TRBV7-9,TRBJ2-1,ASSPGLDISYNEQF,5
TRBV7-9,TRBJ2-1,ASSPGLDKEQF,1
TRBV7-9,TRBJ2-1,ASSPGLDLGEQF,3
TRBV7-9,TRBJ2-1,ASSPGLDLNEQF,1
TRBV7-9,TRBJ2-1,ASSPGLDLSYNEQF,1
TRBV7-9,TRBJ2-1,ASSPGLDNEQF,28
TRBV7-9,TRBJ2-1,ASSPGLDNGQF,1
TRBV7-9,TRBJ2-1,ASSPGLDPF,9
TRBV7-9,TRBJ2-1,ASSPGLDRNEQF,1
TRBV7-9,TRBJ2-1,ASSPGLDRNNEQF,1
TRBV7-9,TRBJ2-1,ASSPGLDRSMYNEQF,9
TRBV7-9,TRBJ2-1,ASSPGLDSANNEQF,1
TRBV7-9,TRBJ2-1,ASSPGLDSGSYNEHF,1
TRBV7-9,TRBJ2-1,ASSPGLDSGTYNEQF,2
TRBV7-9,TRBJ2-1,ASSPGLDSYNEQF,7
TRBV7-9,TRBJ2-1,ASSPGLDVGRYNEQF,11
TRBV7-9,TRBJ2-1,ASSPGLDVYEQF,4
TRBV7-9,TRBJ2-1,ASSPGLDWSYNEQF,1
TRBV7-9,TRBJ2-1,ASSPGLDYNEQF,11
TRBV7-9,TRBJ2-1,ASSPGLEAHNEQF,1
TRBV7-9,TRBJ2-1,ASSPGLEALTEQF,1
TRBV7-9,TRBJ2-1,ASSPGLEAYNEQF,4
TRBV7-9,TRBJ2-1,ASSPGLEDYNEQF,1
TRBV7-9,TRBJ2-1,ASSPGLEEYEQF,1
TRBV7-9,TRBJ2-1,ASSPGLEFYKEQF,1
TRBV7-9,TRBJ2-1,ASSPGLEFYNEQF,14
TRBV7-9,TRBJ2-1,ASSPGLEGEQF,1
TRBV7-9,TRBJ2-1,ASSPGLEGGHEQF,1
TRBV7-9,TRBJ2-1,ASSPGLEGGRNYNEQF,1
TRBV7-9,TRBJ2-1,ASSPGLEGHAEQF,1
TRBV7-9,TRBJ2-1,ASSPGLEGHDEQF,6
TRBV7-9,TRBJ2-1,ASSPGLEGHEEQF,1
TRBV7-9,TRBJ2-1,ASSPGLEGNEQF,1
TRBV7-9,TRBJ2-1,ASSPGLEGNNEQF,1
TRBV7-9,TRBJ2-1,ASSPGLEGPQF,1
TRBV7-9,TRBJ2-1,ASSPGLEGYNEQF,2
TRBV7-9,TRBJ2-1,ASSPGLEKNEQF,1
TRBV7-9,TRBJ2-1,ASSPGLELGNEQF,10
TRBV7-9,TRBJ2-1,ASSPGLENEQF,2
TRBV7-9,TRBJ2-1,ASSPGLENHNEQF,2
TRBV7-9,TRBJ2-1,ASSPGLENNEQF,14
TRBV7-9,TRBJ2-1,ASSPGLEQF,10
TRBV7-9,TRBJ2-1,ASSPGLERAYEQF,1
TRBV7-9,TRBJ2-1,ASSPGLERNNEQF,1
TRBV7-9,TRBJ2-1,ASSPGLESNEQF,2
TRBV7-9,TRBJ2-1,ASSPGLESYEQF,1
TRBV7-9,TRBJ2-1,ASSPGLESYNEQF,1
TRBV7-9,TRBJ2-1,ASSPGLETYNEQF,1
TRBV7-9,TRBJ2-1,ASSPGLEVDEQF,1
TRBV7-9,TRBJ2-1,ASSPGLEVYNEQF,1
TRBV7-9,TRBJ2-1,ASSPGLEYNEQF,1
TRBV7-9,TRBJ2-1,ASSPGLEYYEQF,1
TRBV7-9,TRBJ2-1,ASSPGLFAGKGDEQF,2
TRBV7-9,TRBJ2-1,ASSPGLFEANNEQF,1
TRBV7-9,TRBJ2-1,ASSPGLFEGNNEKF,1
TRBV7-9,TRBJ2-1,ASSPGLFEGNNEQF,9
TRBV7-9,TRBJ2-1,ASSPGLFEGNNEQL,1
TRBV7-9,TRBJ2-1,ASSPGLFGTYNEQF,12
TRBV7-9,TRBJ2-1,ASSPGLFNEQF,7
TRBV7-9,TRBJ2-1,ASSPGLFTYNEQF,1
TRBV7-9,TRBJ2-1,ASSPGLFYNEQF,5
TRBV7-9,TRBJ2-1,ASSPGLGAENEQF,1
TRBV7-9,TRBJ2-1,ASSPGLGANEQF,6
TRBV7-9,TRBJ2-1,ASSPGLGAYNEQF,3
TRBV7-9,TRBJ2-1,ASSPGLGDANEQF,2
TRBV7-9,TRBJ2-1,ASSPGLGDDEQF,1
TRBV7-9,TRBJ2-1,ASSPGLGDEQF,2
TRBV7-9,TRBJ2-1,ASSPGLGDGGEQF,3
TRBV7-9,TRBJ2-1,ASSPGLGDNEQF,26
TRBV7-9,TRBJ2-1,ASSPGLGDRAYNEQF,1
TRBV7-9,TRBJ2-1,ASSPGLGDSSYNEQF,8
TRBV7-9,TRBJ2-1,ASSPGLGDYNEQF,2
TRBV7-9,TRBJ2-1,ASSPGLGEQF,6
TRBV7-9,TRBJ2-1,ASSPGLGFEQF,8
TRBV7-9,TRBJ2-1,ASSPGLGFFISSYNEQF,4
TRBV7-9,TRBJ2-1,ASSPGLGGDNEQF,15
TRBV7-9,TRBJ2-1,ASSPGLGGEQF,1
TRBV7-9,TRBJ2-1,ASSPGLGGGEF,8
TRBV7-9,TRBJ2-1,ASSPGLGGGYNEQF,2
TRBV7-9,TRBJ2-1,ASSPGLGGHDEHF,1
TRBV7-9,TRBJ2-1,ASSPGLGGHDEQF,1
TRBV7-9,TRBJ2-1,ASSPGLGGHNEQF,1
TRBV7-9,TRBJ2-1,ASSPGLGGKLNEQF,1
TRBV7-9,TRBJ2-1,ASSPGLGGLAGGSSYNEQF,2
TRBV7-9,TRBJ2-1,ASSPGLGGLNEQF,1
TRBV7-9,TRBJ2-1,ASSPGLGGPDNNEQF,12
TRBV7-9,TRBJ2-1,ASSPGLGGQF,10
TRBV7-9,TRBJ2-1,ASSPGLGGSCLGSYNEQF,1
TRBV7-9,TRBJ2-1,ASSPGLGGSGLGSYNEQF,4
TRBV7-9,TRBJ2-1,ASSPGLGGTNEQF,1
TRBV7-9,TRBJ2-1,ASSPGLGGWNEQF,1
TRBV7-9,TRBJ2-1,ASSPGLGGYEQF,1
TRBV7-9,TRBJ2-1,ASSPGLGGYHEQF,1
TRBV7-9,TRBJ2-1,ASSPGLGGYNEQF,16
TRBV7-9,TRBJ2-1,ASSPGLGHGDEQF,1
TRBV7-9,TRBJ2-1,ASSPGLGHNEQF,1
TRBV7-9,TRBJ2-1,ASSPGLGIGNEQF,4
TRBV7-9,TRBJ2-1,ASSPGLGISSYNEQF,1
TRBV7-9,TRBJ2-1,ASSPGLGIYIEQF,1
TRBV7-9,TRBJ2-1,ASSPGLGIYNEQF,31
TRBV7-9,TRBJ2-1,ASSPGLGKNNEQF,1
TRBV7-9,TRBJ2-1,ASSPGLGLADNEQF,1
TRBV7-9,TRBJ2-1,ASSPGLGLAGGGNEQF,2
TRBV7-9,TRBJ2-1,ASSPGLGLAGGGNEQL,1
TRBV7-9,TRBJ2-1,ASSPGLGLAGRSHEQF,1
TRBV7-9,TRBJ2-1,ASSPGLGLF,1
TRBV7-9,TRBJ2-1,ASSPGLGLNEQF,6
TRBV7-9,TRBJ2-1,ASSPGLGLQYNEQF,1
TRBV7-9,TRBJ2-1,ASSPGLGLYNEQF,2
TRBV7-9,TRBJ2-1,ASSPGLGMGVFEQF,1
TRBV7-9,TRBJ2-1,ASSPGLGMVYNEQF,1
TRBV7-9,TRBJ2-1,ASSPGLGMYNEQF,1
TRBV7-9,TRBJ2-1,ASSPGLGNENEQF,1
TRBV7-9,TRBJ2-1,ASSPGLGNEQF,19
TRBV7-9,TRBJ2-1,ASSPGLGNNEQF,1
TRBV7-9,TRBJ2-1,ASSPGLGNYNEQF,1
TRBV7-9,TRBJ2-1,ASSPGLGPF,1
TRBV7-9,TRBJ2-1,ASSPGLGPFNEQF,3
TRBV7-9,TRBJ2-1,ASSPGLGPHNEQF,1
TRBV7-9,TRBJ2-1,ASSPGLGPLHEQF,1
TRBV7-9,TRBJ2-1,ASSPGLGPNNNEQF,4
TRBV7-9,TRBJ2-1,ASSPGLGPQHNEQF,1
TRBV7-9,TRBJ2-1,ASSPGLGPRNEQF,17
TRBV7-9,TRBJ2-1,ASSPGLGPSGVSYNEQF,1
TRBV7-9,TRBJ2-1,ASSPGLGPSNEQF,1
TRBV7-9,TRBJ2-1,ASSPGLGPYNEQF,1
TRBV7-9,TRBJ2-1,ASSPGLGQGGDEQF,10
TRBV7-9,TRBJ2-1,ASSPGLGQGNYNEQF,1
TRBV7-9,TRBJ2-1,ASSPGLGQGRNEQF,1
TRBV7-9,TRBJ2-1,ASSPGLGQINEQF,1
TRBV7-9,TRBJ2-1,ASSPGLGRDEQF,22
TRBV7-9,TRBJ2-1,ASSPGLGRDNEQF,2
TRBV7-9,TRBJ2-1,ASSPGLGRF,21
TRBV7-9,TRBJ2-1,ASSPGLGRGNEQF,9
TRBV7-9,TRBJ2-1,ASSPGLGRLWNEQF,1
TRBV7-9,TRBJ2-1,ASSPGLGRNEQF,3
TRBV7-9,TRBJ2-1,ASSPGLGRYNEQF,1
TRBV7-9,TRBJ2-1,ASSPGLGSDNEQF,1
TRBV7-9,TRBJ2-1,ASSPGLGSFNEQF,1
TRBV7-9,TRBJ2-1,ASSPGLGSGSGNEQF,1
TRBV7-9,TRBJ2-1,ASSPGLGSISYNEQF,1
TRBV7-9,TRBJ2-1,ASSPGLGSNNEQF,7
TRBV7-9,TRBJ2-1,ASSPGLGSSYNEQF,7
TRBV7-9,TRBJ2-1,ASSPGLGSYNEQF,2
TRBV7-9,TRBJ2-1,ASSPGLGTGVCEQF,1
TRBV7-9,TRBJ2-1,ASSPGLGTGVFEQF,8
TRBV7-9,TRBJ2-1,ASSPGLGTNNEQF,1
TRBV7-9,TRBJ2-1,ASSPGLGTPYNEQF,1
TRBV7-9,TRBJ2-1,ASSPGLGTSSSYNEQF,1
TRBV7-9,TRBJ2-1,ASSPGLGTSSYNEQF,1
TRBV7-9,TRBJ2-1,ASSPGLGTYNEQF,2
TRBV7-9,TRBJ2-1,ASSPGLGVDEQF,1
TRBV7-9,TRBJ2-1,ASSPGLGVDHEQF,1
TRBV7-9,TRBJ2-1,ASSPGLGVELDEQF,1
TRBV7-9,TRBJ2-1,ASSPGLGVFNEQF,1
TRBV7-9,TRBJ2-1,ASSPGLGVGNEQF,1
TRBV7-9,TRBJ2-1,ASSPGLGVGSYNEQF,1
TRBV7-9,TRBJ2-1,ASSPGLGVSSYNEQF,1
TRBV7-9,TRBJ2-1,ASSPGLGVSYNEQF,6
TRBV7-9,TRBJ2-1,ASSPGLGVVDEQF,13
TRBV7-9,TRBJ2-1,ASSPGLGVYEQF,9
TRBV7-9,TRBJ2-1,ASSPGLGVYNEQF,1
TRBV7-9,TRBJ2-1,ASSPGLGWDEQF,4
TRBV7-9,TRBJ2-1,ASSPGLGYDEQF,2
TRBV7-9,TRBJ2-1,ASSPGLGYNEQC,1
TRBV7-9,TRBJ2-1,ASSPGLGYNEQF,41
TRBV7-9,TRBJ2-1,ASSPGLGYNEQV,1
TRBV7-9,TRBJ2-1,ASSPGLHEQF,2
TRBV7-9,TRBJ2-1,ASSPGLHKEQF,1
TRBV7-9,TRBJ2-1,ASSPGLHNEEF,1
TRBV7-9,TRBJ2-1,ASSPGLHNEQF,14
TRBV7-9,TRBJ2-1,ASSPGLHPPVDEQF,1
TRBV7-9,TRBJ2-1,ASSPGLHSSNNEQF,8
TRBV7-9,TRBJ2-1,ASSPGLHSYNEQF,2
TRBV7-9,TRBJ2-1,ASSPGLHYNEQF,5
TRBV7-9,TRBJ2-1,ASSPGLIHEQF,1
TRBV7-9,TRBJ2-1,ASSPGLINEQF,1
TRBV7-9,TRBJ2-1,ASSPGLIPHQGLAGNYNEQF,7
TRBV7-9,TRBJ2-1,ASSPGLIQNEQF,8
TRBV7-9,TRBJ2-1,ASSPGLIRADEQF,1
TRBV7-9,TRBJ2-1,ASSPGLIRGNEQF,1
TRBV7-9,TRBJ2-1,ASSPGLITHEQF,16
TRBV7-9,TRBJ2-1,ASSPGLITHKQF,1
TRBV7-9,TRBJ2-1,ASSPGLIVGGDEQF,1
TRBV7-9,TRBJ2-1,ASSPGLIYNEQF,2
TRBV7-9,TRBJ2-1,ASSPGLKALYNEQF,1
TRBV7-9,TRBJ2-1,ASSPGLKANEQF,2
TRBV7-9,TRBJ2-1,ASSPGLKET,1
TRBV7-9,TRBJ2-1,ASSPGLKHNEQF,1
TRBV7-9,TRBJ2-1,ASSPGLKKRSSYNEQF,1
TRBV7-9,TRBJ2-1,ASSPGLKRTYEQF,1
TRBV7-9,TRBJ2-1,ASSPGLKRYNEQF,1
TRBV7-9,TRBJ2-1,ASSPGLLAGADNEQF,1
TRBV7-9,TRBJ2-1,ASSPGLLAGARREQF,1
TRBV7-9,TRBJ2-1,ASSPGLLAGFYNEQF,4
TRBV7-9,TRBJ2-1,ASSPGLLAGNSYNEQF,1
TRBV7-9,TRBJ2-1,ASSPGLLAGPAGYNEQF,7
TRBV7-9,TRBJ2-1,ASSPGLLAGPDEQF,1
TRBV7-9,TRBJ2-1,ASSPGLLAHGEQF,10
TRBV7-9,TRBJ2-1,ASSPGLLASSYNEQF,1
TRBV7-9,TRBJ2-1,ASSPGLLAVTYNEQF,6
TRBV7-9,TRBJ2-1,ASSPGLLDEQF,1
TRBV7-9,TRBJ2-1,ASSPGLLEGNNEQF,1
TRBV7-9,TRBJ2-1,ASSPGLLEQF,3
TRBV7-9,TRBJ2-1,ASSPGLLFNEQF,7
TRBV7-9,TRBJ2-1,ASSPGLLGDEQF,17
TRBV7-9,TRBJ2-1,ASSPGLLGNEQF,5
TRBV7-9,TRBJ2-1,ASSPGLLGQADSYNEQF,1
TRBV7-9,TRBJ2-1,ASSPGLLIYNEQF,1
TRBV7-9,TRBJ2-1,ASSPGLLLSYHEQF,4
TRBV7-9,TRBJ2-1,ASSPGLLLSYNDQF,2
TRBV7-9,TRBJ2-1,ASSPGLLLSYNEEF,1
TRBV7-9,TRBJ2-1,ASSPGLLLSYNEHF,1
TRBV7-9,TRBJ2-1,ASSPGLLLSYNEQF,169
TRBV7-9,TRBJ2-1,ASSPGLLLSYNEQL,1
TRBV7-9,TRBJ2-1,ASSPGLLLSYNEQV,2
TRBV7-9,TRBJ2-1,ASSPGLLLSYNGQF,3
TRBV7-9,TRBJ2-1,ASSPGLLLSYTEQF,1
TRBV7-9,TRBJ2-1,ASSPGLLNEQF,25
TRBV7-9,TRBJ2-1,ASSPGLLNNEQF,7
TRBV7-9,TRBJ2-1,ASSPGLLNYNEQF,1
TRBV7-9,TRBJ2-1,ASSPGLLPYEQF,1
TRBV7-9,TRBJ2-1,ASSPGLLQF,9
TRBV7-9,TRBJ2-1,ASSPGLLQGAFVNEQF,1
TRBV7-9,TRBJ2-1,ASSPGLLRNAQF,1
TRBV7-9,TRBJ2-1,ASSPGLLRNEQF,18
TRBV7-9,TRBJ2-1,ASSPGLLRSYNEQF,1
TRBV7-9,TRBJ2-1,ASSPGLLSDEQF,1
TRBV7-9,TRBJ2-1,ASSPGLLSDNEQF,1
TRBV7-9,TRBJ2-1,ASSPGLLSGRGYNEQF,1
TRBV7-9,TRBJ2-1,ASSPGLLSNEQF,7
TRBV7-9,TRBJ2-1,ASSPGLLSSYNEQF,2
TRBV7-9,TRBJ2-1,ASSPGLLSSYNEQI,1
TRBV7-9,TRBJ2-1,ASSPGLLSYNEQF,8
TRBV7-9,TRBJ2-1,ASSPGLLTNEQF,2
TRBV7-9,TRBJ2-1,ASSPGLLVRVEF,4
TRBV7-9,TRBJ2-1,ASSPGLLWRGKPNEQF,3
TRBV7-9,TRBJ2-1,ASSPGLLWSDEQF,1
TRBV7-9,TRBJ2-1,ASSPGLLYNEQF,21
TRBV7-9,TRBJ2-1,ASSPGLMAGRASYNEQF,1
TRBV7-9,TRBJ2-1,ASSPGLMDEQF,9
TRBV7-9,TRBJ2-1,ASSPGLMHNEQF,1
TRBV7-9,TRBJ2-1,ASSPGLMYNEQF,1
TRBV7-9,TRBJ2-1,ASSPGLNEQF,86
TRBV7-9,TRBJ2-1,ASSPGLNFNEQF,2
TRBV7-9,TRBJ2-1,ASSPGLNKDNEQF,1
TRBV7-9,TRBJ2-1,ASSPGLNLNNEQF,1
TRBV7-9,TRBJ2-1,ASSPGLNNEQF,7
TRBV7-9,TRBJ2-1,ASSPGLNPGNEQF,15
TRBV7-9,TRBJ2-1,ASSPGLNPHEQF,1
TRBV7-9,TRBJ2-1,ASSPGLNPINEQF,1
TRBV7-9,TRBJ2-1,ASSPGLNSNEQF,1
TRBV7-9,TRBJ2-1,ASSPGLNSYNEQF,1
TRBV7-9,TRBJ2-1,ASSPGLNVNEQF,1
TRBV7-9,TRBJ2-1,ASSPGLNYNEQF,3
TRBV7-9,TRBJ2-1,ASSPGLPAYNEQF,1
TRBV7-9,TRBJ2-1,ASSPGLPDEQF,8
TRBV7-9,TRBJ2-1,ASSPGLPDNEQF,11
TRBV7-9,TRBJ2-1,ASSPGLPDRNEQF,1
TRBV7-9,TRBJ2-1,ASSPGLPEQF,8
TRBV7-9,TRBJ2-1,ASSPGLPFNEQF,1
TRBV7-9,TRBJ2-1,ASSPGLPGDEQF,1
TRBV7-9,TRBJ2-1,ASSPGLPGNEQF,3
TRBV7-9,TRBJ2-1,ASSPGLPGTAEQF,1
TRBV7-9,TRBJ2-1,ASSPGLPGTNEQF,1
TRBV7-9,TRBJ2-1,ASSPGLPGYNEQF,4
TRBV7-9,TRBJ2-1,ASSPGLPHEQF,4
TRBV7-9,TRBJ2-1,ASSPGLPHNEQF,3
TRBV7-9,TRBJ2-1,ASSPGLPHPVDEQF,15
TRBV7-9,TRBJ2-1,ASSPGLPHYNEQF,1
TRBV7-9,TRBJ2-1,ASSPGLPLSYNEQF,1
TRBV7-9,TRBJ2-1,ASSPGLPLYNEQF,1
TRBV7-9,TRBJ2-1,ASSPGLPMNSEQF,1
TRBV7-9,TRBJ2-1,ASSPGLPNEQF,21
TRBV7-9,TRBJ2-1,ASSPGLPNPTNNEQF,1
TRBV7-9,TRBJ2-1,ASSPGLPPYNEQF,11
TRBV7-9,TRBJ2-1,ASSPGLPQEQF,22
TRBV7-9,TRBJ2-1,ASSPGLPQLNEQF,4
TRBV7-9,TRBJ2-1,ASSPGLPRNEQF,1
TRBV7-9,TRBJ2-1,ASSPGLPRVVNEQF,1
TRBV7-9,TRBJ2-1,ASSPGLPSSSYNEQF,1
TRBV7-9,TRBJ2-1,ASSPGLPSYNEQF,1
TRBV7-9,TRBJ2-1,ASSPGLPVHEQF,5
TRBV7-9,TRBJ2-1,ASSPGLPYEQF,1
TRBV7-9,TRBJ2-1,ASSPGLPYGQF,8
TRBV7-9,TRBJ2-1,ASSPGLPYNEQF,30
TRBV7-9,TRBJ2-1,ASSPGLQGDEQF,1
TRBV7-9,TRBJ2-1,ASSPGLQHNEQF,1
TRBV7-9,TRBJ2-1,ASSPGLQIDNEQF,1
TRBV7-9,TRBJ2-1,ASSPGLQPYNEQF,1
TRBV7-9,TRBJ2-1,ASSPGLQTSNEQF,6
TRBV7-9,TRBJ2-1,ASSPGLRAGVYYEQF,1
TRBV7-9,TRBJ2-1,ASSPGLRALAGYNEQF,8
TRBV7-9,TRBJ2-1,ASSPGLRDEQF,1
TRBV7-9,TRBJ2-1,ASSPGLRDLEDNEQF,12
TRBV7-9,TRBJ2-1,ASSPGLRDSSYNEQF,12
TRBV7-9,TRBJ2-1,ASSPGLREQF,5
TRBV7-9,TRBJ2-1,ASSPGLRFVDEQF,1
TRBV7-9,TRBJ2-1,ASSPGLRGVYNEQF,1
TRBV7-9,TRBJ2-1,ASSPGLRHKEQF,1
TRBV7-9,TRBJ2-1,ASSPGLRHNEQF,24
TRBV7-9,TRBJ2-1,ASSPGLRHNEQI,1
TRBV7-9,TRBJ2-1,ASSPGLRKGTYNEQF,1
TRBV7-9,TRBJ2-1,ASSPGLRLDNEQF,1
TRBV7-9,TRBJ2-1,ASSPGLRLGNEQF,1
TRBV7-9,TRBJ2-1,ASSPGLRNEQF,16
TRBV7-9,TRBJ2-1,ASSPGLRPASDEQF,1
TRBV7-9,TRBJ2-1,ASSPGLRPNEQF,1
TRBV7-9,TRBJ2-1,ASSPGLRQF,4
TRBV7-9,TRBJ2-1,ASSPGLRQLGNEQF,1
TRBV7-9,TRBJ2-1,ASSPGLRRDEPF,1
TRBV7-9,TRBJ2-1,ASSPGLRRRDEQF,1
TRBV7-9,TRBJ2-1,ASSPGLRSRPDDEQF,1
TRBV7-9,TRBJ2-1,ASSPGLRSWNEQF,1
TRBV7-9,TRBJ2-1,ASSPGLRSYNEQF,5
TRBV7-9,TRBJ2-1,ASSPGLRTGVFEQF,1
TRBV7-9,TRBJ2-1,ASSPGLRVAAFLPHEQF,1
TRBV7-9,TRBJ2-1,ASSPGLRVGDEQF,1
TRBV7-9,TRBJ2-1,ASSPGLRVSNEQF,1
TRBV7-9,TRBJ2-1,ASSPGLRVWRLDNEQF,1
TRBV7-9,TRBJ2-1,ASSPGLRWDEQF,2
TRBV7-9,TRBJ2-1,ASSPGLRYNEQF,8
TRBV7-9,TRBJ2-1,ASSPGLSADEQF,7
TRBV7-9,TRBJ2-1,ASSPGLSAFDEQF,1
TRBV7-9,TRBJ2-1,ASSPGLSAIYNEQF,2
TRBV7-9,TRBJ2-1,ASSPGLSARPVYNEQF,1
TRBV7-9,TRBJ2-1,ASSPGLSDEQF,1
TRBV7-9,TRBJ2-1,ASSPGLSDTAEQF,1
TRBV7-9,TRBJ2-1,ASSPGLSDYNEQF,1
TRBV7-9,TRBJ2-1,ASSPGLSFYNEQF,1
TRBV7-9,TRBJ2-1,ASSPGLSGAWNEQF,1
TRBV7-9,TRBJ2-1,ASSPGLSGGGGNEQF,1
TRBV7-9,TRBJ2-1,ASSPGLSGGNEQF,1
TRBV7-9,TRBJ2-1,ASSPGLSGGTYNEQF,1
TRBV7-9,TRBJ2-1,ASSPGLSGHDEQF,1
TRBV7-9,TRBJ2-1,ASSPGLSGNEQF,1
TRBV7-9,TRBJ2-1,ASSPGLSGPYNEQF,1
TRBV7-9,TRBJ2-1,ASSPGLSGRARDEQF,1
TRBV7-9,TRBJ2-1,ASSPGLSGRASLNEQF,1
TRBV7-9,TRBJ2-1,ASSPGLSGSTSYNEQF,1
TRBV7-9,TRBJ2-1,ASSPGLSGTAEHF,1
TRBV7-9,TRBJ2-1,ASSPGLSGTAEQF,118
TRBV7-9,TRBJ2-1,ASSPGLSGTAEQY,1
TRBV7-9,TRBJ2-1,ASSPGLSGTAGQF,1
TRBV7-9,TRBJ2-1,ASSPGLSGTGEQF,1
TRBV7-9,TRBJ2-1,ASSPGLSGTPEQF,1
TRBV7-9,TRBJ2-1,ASSPGLSGVNLNEQF,1
TRBV7-9,TRBJ2-1,ASSPGLSGVYNEQF,21
TRBV7-9,TRBJ2-1,ASSPGLSILYNEQF,1
TRBV7-9,TRBJ2-1,ASSPGLSKDEQF,1
TRBV7-9,TRBJ2-1,ASSPGLSLGDEQF,1
TRBV7-9,TRBJ2-1,ASSPGLSLYNEQF,1
TRBV7-9,TRBJ2-1,ASSPGLSNEQF,9
TRBV7-9,TRBJ2-1,ASSPGLSNNEQF,2
TRBV7-9,TRBJ2-1,ASSPGLSPGDEQF,3
TRBV7-9,TRBJ2-1,ASSPGLSPYDEQF,1
TRBV7-9,TRBJ2-1,ASSPGLSPYNDEF,1
TRBV7-9,TRBJ2-1,ASSPGLSPYNEQF,4
TRBV7-9,TRBJ2-1,ASSPGLSRYNEQF,1
TRBV7-9,TRBJ2-1,ASSPGLSSWEQF,3
TRBV7-9,TRBJ2-1,ASSPGLSSYNEQF,19
TRBV7-9,TRBJ2-1,ASSPGLSVEQF,10
TRBV7-9,TRBJ2-1,ASSPGLSVEQL,1
TRBV7-9,TRBJ2-1,ASSPGLSVGNEQF,1
TRBV7-9,TRBJ2-1,ASSPGLSWYNEQF,11
TRBV7-9,TRBJ2-1,ASSPGLSYEQF,12
TRBV7-9,TRBJ2-1,ASSPGLSYIEQF,1
TRBV7-9,TRBJ2-1,ASSPGLSYNEQF,32
TRBV7-9,TRBJ2-1,ASSPGLSYYNEQF,1
TRBV7-9,TRBJ2-1,ASSPGLTDSYNEQF,1
TRBV7-9,TRBJ2-1,ASSPGLTEHDEQF,1
TRBV7-9,TRBJ2-1,ASSPGLTFYNEQF,1
TRBV7-9,TRBJ2-1,ASSPGLTGARGEQF,1
TRBV7-9,TRBJ2-1,ASSPGLTGDSDNEQF,1
TRBV7-9,TRBJ2-1,ASSPGLTGGNEQF,1
TRBV7-9,TRBJ2-1,ASSPGLTGGRDNEQF,4
TRBV7-9,TRBJ2-1,ASSPGLTGRSYNEQF,3
TRBV7-9,TRBJ2-1,ASSPGLTGRYNEQF,1
TRBV7-9,TRBJ2-1,ASSPGLTGYYNEQF,3
TRBV7-9,TRBJ2-1,ASSPGLTIITSSYNEQF,1
TRBV7-9,TRBJ2-1,ASSPGLTNEQF,9
TRBV7-9,TRBJ2-1,ASSPGLTPSYNEQF,1
TRBV7-9,TRBJ2-1,ASSPGLTQSYNEQF,1
TRBV7-9,TRBJ2-1,ASSPGLTRANEQF,12
TRBV7-9,TRBJ2-1,ASSPGLTRYNEQF,1
TRBV7-9,TRBJ2-1,ASSPGLTSGRDDEQF,1
TRBV7-9,TRBJ2-1,ASSPGLTSGSNNEQF,1
TRBV7-9,TRBJ2-1,ASSPGLTSYNAQF,1
TRBV7-9,TRBJ2-1,ASSPGLTSYNEQF,3
TRBV7-9,TRBJ2-1,ASSPGLTVGEQF,6
TRBV7-9,TRBJ2-1,ASSPGLTYHEQF,1
TRBV7-9,TRBJ2-1,ASSPGLTYNEKF,1
TRBV7-9,TRBJ2-1,ASSPGLTYNEKL,1
TRBV7-9,TRBJ2-1,ASSPGLTYNEQC,1
TRBV7-9,TRBJ2-1,ASSPGLTYNEQF,118
TRBV7-9,TRBJ2-1,ASSPGLTYNEQL,1
TRBV7-9,TRBJ2-1,ASSPGLTYNVQF,1
TRBV7-9,TRBJ2-1,ASSPGLTYSDQF,1
TRBV7-9,TRBJ2-1,ASSPGLTYTEQF,1
TRBV7-9,TRBJ2-1,ASSPGLVANNEQF,1
TRBV7-9,TRBJ2-1,ASSPGLVAYNEQF,2
TRBV7-9,TRBJ2-1,ASSPGLVDDNEQF,5
TRBV7-9,TRBJ2-1,ASSPGLVDEQF,13
TRBV7-9,TRBJ2-1,ASSPGLVDEQS,1
TRBV7-9,TRBJ2-1,ASSPGLVDLNEQF,1
TRBV7-9,TRBJ2-1,ASSPGLVDNEQF,1
TRBV7-9,TRBJ2-1,ASSPGLVDYNEQF,1
TRBV7-9,TRBJ2-1,ASSPGLVENEQF,1
TRBV7-9,TRBJ2-1,ASSPGLVFGEQF,1
TRBV7-9,TRBJ2-1,ASSPGLVFNEQF,1
TRBV7-9,TRBJ2-1,ASSPGLVFSEQF,2
TRBV7-9,TRBJ2-1,ASSPGLVFYNEQF,1
TRBV7-9,TRBJ2-1,ASSPGLVGANEQF,2
TRBV7-9,TRBJ2-1,ASSPGLVGDEKF,1
TRBV7-9,TRBJ2-1,ASSPGLVGDEQF,14
TRBV7-9,TRBJ2-1,ASSPGLVGDNEQF,4
TRBV7-9,TRBJ2-1,ASSPGLVGEQF,10
TRBV7-9,TRBJ2-1,ASSPGLVGHDEQF,1
TRBV7-9,TRBJ2-1,ASSPGLVGHEQF,1
TRBV7-9,TRBJ2-1,ASSPGLVGI,1
TRBV7-9,TRBJ2-1,ASSPGLVGNEQF,1
TRBV7-9,TRBJ2-1,ASSPGLVGPNEQF,1
TRBV7-9,TRBJ2-1,ASSPGLVGPYNEQF,1
TRBV7-9,TRBJ2-1,ASSPGLVGVYNEHF,1
TRBV7-9,TRBJ2-1,ASSPGLVGYNEQF,1
TRBV7-9,TRBJ2-1,ASSPGLVINEQF,1
TRBV7-9,TRBJ2-1,ASSPGLVKGFYNEQF,1
TRBV7-9,TRBJ2-1,ASSPGLVKGHEQF,5
TRBV7-9,TRBJ2-1,ASSPGLVLGEQF,13
TRBV7-9,TRBJ2-1,ASSPGLVLGFGNEQF,1
TRBV7-9,TRBJ2-1,ASSPGLVLHEQF,1
TRBV7-9,TRBJ2-1,ASSPGLVLMVYNEQF,4
TRBV7-9,TRBJ2-1,ASSPGLVLSYNEQF,1
TRBV7-9,TRBJ2-1,ASSPGLVNEQF,4
TRBV7-9,TRBJ2-1,ASSPGLVNIDNEQF,1
TRBV7-9,TRBJ2-1,ASSPGLVPRNEQF,1
TRBV7-9,TRBJ2-1,ASSPGLVPYNEQF,9
TRBV7-9,TRBJ2-1,ASSPGLVQVDEQF,1
TRBV7-9,TRBJ2-1,ASSPGLVRDNEQF,2
TRBV7-9,TRBJ2-1,ASSPGLVRNEQF,1
TRBV7-9,TRBJ2-1,ASSPGLVSDEQF,1
TRBV7-9,TRBJ2-1,ASSPGLVSEQF,2
TRBV7-9,TRBJ2-1,ASSPGLVSLSYNEQF,1
TRBV7-9,TRBJ2-1,ASSPGLVSNEQF,2
TRBV7-9,TRBJ2-1,ASSPGLVSPPNEQF,8
TRBV7-9,TRBJ2-1,ASSPGLVSYNEQF,8
TRBV7-9,TRBJ2-1,ASSPGLVTNEQF,1
TRBV7-9,TRBJ2-1,ASSPGLVTRYEQF,1
TRBV7-9,TRBJ2-1,ASSPGLVTSNNEQF,1
TRBV7-9,TRBJ2-1,ASSPGLVTYNEQF,1
TRBV7-9,TRBJ2-1,ASSPGLVVDNEQF,1
TRBV7-9,TRBJ2-1,ASSPGLVVNEQF,3
TRBV7-9,TRBJ2-1,ASSPGLVVSGNEQF,3
TRBV7-9,TRBJ2-1,ASSPGLVVVDNEQF,1
TRBV7-9,TRBJ2-1,ASSPGLVYNEQF,6
TRBV7-9,TRBJ2-1,ASSPGLWGGRNEQF,1
TRBV7-9,TRBJ2-1,ASSPGLWNEQF,6
TRBV7-9,TRBJ2-1,ASSPGLWREPYNEQF,1
TRBV7-9,TRBJ2-1,ASSPGLWSSYNEQF,1
TRBV7-9,TRBJ2-1,ASSPGLWVEQF,1
TRBV7-9,TRBJ2-1,ASSPGLYEQF,3
TRBV7-9,TRBJ2-1,ASSPGLYFDEQF,1
TRBV7-9,TRBJ2-1,ASSPGLYGPNEQF,1
TRBV7-9,TRBJ2-1,ASSPGLYGRHEQF,5
TRBV7-9,TRBJ2-1,ASSPGLYLAEQF,16
TRBV7-9,TRBJ2-1,ASSPGLYNEQF,42
TRBV7-9,TRBJ2-1,ASSPGLYRAEQF,1
TRBV7-9,TRBJ2-1,ASSPGLYRDRDVNEQF,1
TRBV7-9,TRBJ2-1,ASSPGLYSSYNEQF,1
TRBV7-9,TRBJ2-1,ASSPGLYSYNEQF,1
TRBV7-9,TRBJ2-1,ASSPGMAGGYNEQF,1
TRBV7-9,TRBJ2-1,ASSPGMAGRDEQF,1
TRBV7-9,TRBJ2-1,ASSPGMAPYNEQF,1
TRBV7-9,TRBJ2-1,ASSPGMAQRDEQF,1
TRBV7-9,TRBJ2-1,ASSPGMASGRVEQF,12
TRBV7-9,TRBJ2-1,ASSPGMDLYSYNEQF,1
TRBV7-9,TRBJ2-1,ASSPGMDYNEQF,1
TRBV7-9,TRBJ2-1,ASSPGMEGPLSNEQF,6
TRBV7-9,TRBJ2-1,ASSPGMEGPYNEQF,1
TRBV7-9,TRBJ2-1,ASSPGMGASYNEQF,1
TRBV7-9,TRBJ2-1,ASSPGMGLTYNEQF,1
TRBV7-9,TRBJ2-1,ASSPGMGPNNEQF,1
TRBV7-9,TRBJ2-1,ASSPGMGQPLNEQF,8
TRBV7-9,TRBJ2-1,ASSPGMGQPLTEQF,1
TRBV7-9,TRBJ2-1,ASSPGMGRDEQF,1
TRBV7-9,TRBJ2-1,ASSPGMGRGMDEQF,2
TRBV7-9,TRBJ2-1,ASSPGMGRGYNEQF,1
TRBV7-9,TRBJ2-1,ASSPGMGSSYNEQF,1
TRBV7-9,TRBJ2-1,ASSPGMGSYNEQF,1
TRBV7-9,TRBJ2-1,ASSPGMGYNEQF,6
TRBV7-9,TRBJ2-1,ASSPGMQGNNEQF,1
TRBV7-9,TRBJ2-1,ASSPGMREAYNEQF,1
TRBV7-9,TRBJ2-1,ASSPGMRETYNEQF,5
TRBV7-9,TRBJ2-1,ASSPGMRGAWGNEQF,1
TRBV7-9,TRBJ2-1,ASSPGMRREGYNEQF,1
TRBV7-9,TRBJ2-1,ASSPGMSAGPYNEQF,1
TRBV7-9,TRBJ2-1,ASSPGMSGSRSYNEQF,1
TRBV7-9,TRBJ2-1,ASSPGMSHIEHF,1
TRBV7-9,TRBJ2-1,ASSPGMSHNEQF,18
TRBV7-9,TRBJ2-1,ASSPGMSSYNEQC,1
TRBV7-9,TRBJ2-1,ASSPGMSSYNEQF,8
TRBV7-9,TRBJ2-1,ASSPGMSYEQF,1
TRBV7-9,TRBJ2-1,ASSPGMSYNEQF,1
TRBV7-9,TRBJ2-1,ASSPGMTGDEQF,1
TRBV7-9,TRBJ2-1,ASSPGMTSGAYNEQF,1
TRBV7-9,TRBJ2-1,ASSPGMYNEQF,2
TRBV7-9,TRBJ2-1,ASSPGNAGGFNEQF,1
TRBV7-9,TRBJ2-1,ASSPGNAGGTNEQF,1
TRBV7-9,TRBJ2-1,ASSPGNANF,1
TRBV7-9,TRBJ2-1,ASSPGNAQQF,2
TRBV7-9,TRBJ2-1,ASSPGNARDNEQF,6
TRBV7-9,TRBJ2-1,ASSPGNEEF,2
TRBV7-9,TRBJ2-1,ASSPGNEQF,132
TRBV7-9,TRBJ2-1,ASSPGNEQV,1
TRBV7-9,TRBJ2-1,ASSPGNERWANEQF,1
TRBV7-9,TRBJ2-1,ASSPGNGAVPSGHNEQF,1
TRBV7-9,TRBJ2-1,ASSPGNGAYNEQF,1
TRBV7-9,TRBJ2-1,ASSPGNGDEQF,1
TRBV7-9,TRBJ2-1,ASSPGNGGGTNEQF,1
TRBV7-9,TRBJ2-1,ASSPGNGVNEQF,1
TRBV7-9,TRBJ2-1,ASSPGNGVYEQF,1
TRBV7-9,TRBJ2-1,ASSPGNGYEQF,6
TRBV7-9,TRBJ2-1,ASSPGNGYNEQF,9
TRBV7-9,TRBJ2-1,ASSPGNHEQF,2
TRBV7-9,TRBJ2-1,ASSPGNLGSLHNEQF,1
TRBV7-9,TRBJ2-1,ASSPGNLQGDEQF,1
TRBV7-9,TRBJ2-1,ASSPGNLRYEQF,1
TRBV7-9,TRBJ2-1,ASSPGNNEQF,61
TRBV7-9,TRBJ2-1,ASSPGNNKSSYNEQF,1
TRBV7-9,TRBJ2-1,ASSPGNNNEQF,1
TRBV7-9,TRBJ2-1,ASSPGNNPYNEQF,1
TRBV7-9,TRBJ2-1,ASSPGNPYNEQF,14
TRBV7-9,TRBJ2-1,ASSPGNQNYNEQF,10
TRBV7-9,TRBJ2-1,ASSPGNQQF,1
TRBV7-9,TRBJ2-1,ASSPGNRGLATYNEQF,1
TRBV7-9,TRBJ2-1,ASSPGNRGNEQF,4
TRBV7-9,TRBJ2-1,ASSPGNRGRRYNEQF,1
TRBV7-9,TRBJ2-1,ASSPGNRYNEQF,1
TRBV7-9,TRBJ2-1,ASSPGNSANEQF,15
TRBV7-9,TRBJ2-1,ASSPGNSDEQF,1
TRBV7-9,TRBJ2-1,ASSPGNSEDNEQF,1
TRBV7-9,TRBJ2-1,ASSPGNSFGEQF,9
TRBV7-9,TRBJ2-1,ASSPGNSGDYNEQF,16
TRBV7-9,TRBJ2-1,ASSPGNSGGYNEQF,1
TRBV7-9,TRBJ2-1,ASSPGNSGLF,1
TRBV7-9,TRBJ2-1,ASSPGNSGRNEQF,1
TRBV7-9,TRBJ2-1,ASSPGNSGSHF,1
TRBV7-9,TRBJ2-1,ASSPGNSGSLDEQF,1
TRBV7-9,TRBJ2-1,ASSPGNSLGNEQF,1
TRBV7-9,TRBJ2-1,ASSPGNSNSYNEKF,1
TRBV7-9,TRBJ2-1,ASSPGNSNSYNEQF,4
TRBV7-9,TRBJ2-1,ASSPGNSYNEQF,7
TRBV7-9,TRBJ2-1,ASSPGNTGPFNEQF,1
TRBV7-9,TRBJ2-1,ASSPGNTYNEQF,1
TRBV7-9,TRBJ2-1,ASSPGNVRDNEQF,1
TRBV7-9,TRBJ2-1,ASSPGNYEQF,1
TRBV7-9,TRBJ2-1,ASSPGNYNAQF,1
TRBV7-9,TRBJ2-1,ASSPGNYNEQF,7
TRBV7-9,TRBJ2-1,ASSPGPADEQF,1
TRBV7-9,TRBJ2-1,ASSPGPADYNEQF,1
TRBV7-9,TRBJ2-1,ASSPGPAGASDEQF,9
TRBV7-9,TRBJ2-1,ASSPGPAGASYNEQF,1
TRBV7-9,TRBJ2-1,ASSPGPAGDANEQF,1
TRBV7-9,TRBJ2-1,ASSPGPAGEPINEQF,1
TRBV7-9,TRBJ2-1,ASSPGPAGGNEQF,1
TRBV7-9,TRBJ2-1,ASSPGPAGGPREQF,14
TRBV7-9,TRBJ2-1,ASSPGPAGGPREQL,1
TRBV7-9,TRBJ2-1,ASSPGPAGGSYNEQF,1
TRBV7-9,TRBJ2-1,ASSPGPAGGTKGTRYNEQF,2
TRBV7-9,TRBJ2-1,ASSPGPAGGTNNEQF,7
TRBV7-9,TRBJ2-1,ASSPGPAGGYNEQF,1
TRBV7-9,TRBJ2-1,ASSPGPAGHYNEQF,1
TRBV7-9,TRBJ2-1,ASSPGPAGNEQF,1
TRBV7-9,TRBJ2-1,ASSPGPAGNNEQF,2
TRBV7-9,TRBJ2-1,ASSPGPAGVSYEQF,1
TRBV7-9,TRBJ2-1,ASSPGPAGYNEQF,1
TRBV7-9,TRBJ2-1,ASSPGPAGYTQNEQF,17
TRBV7-9,TRBJ2-1,ASSPGPAGYTQNVQF,1
TRBV7-9,TRBJ2-1,ASSPGPAKNNEQF,4
TRBV7-9,TRBJ2-1,ASSPGPALNEQC,1
TRBV7-9,TRBJ2-1,ASSPGPANEQF,2
TRBV7-9,TRBJ2-1,ASSPGPAPGNEQF,1
TRBV7-9,TRBJ2-1,ASSPGPAPPNEQF,1
TRBV7-9,TRBJ2-1,ASSPGPAPYEQF,6
TRBV7-9,TRBJ2-1,ASSPGPAQYNEQF,1
TRBV7-9,TRBJ2-1,ASSPGPASGRGDEQF,1
TRBV7-9,TRBJ2-1,ASSPGPASGSNEQF,1
TRBV7-9,TRBJ2-1,ASSPGPASNEQF,1
TRBV7-9,TRBJ2-1,ASSPGPATGLFETS,1
TRBV7-9,TRBJ2-1,ASSPGPATSYNEQF,1
TRBV7-9,TRBJ2-1,ASSPGPAVFNEQF,1
TRBV7-9,TRBJ2-1,ASSPGPAVVNEQF,1
TRBV7-9,TRBJ2-1,ASSPGPAYEQF,13
TRBV7-9,TRBJ2-1,ASSPGPAYLF,1
TRBV7-9,TRBJ2-1,ASSPGPAYNEQF,3
TRBV7-9,TRBJ2-1,ASSPGPAYSF,14
TRBV7-9,TRBJ2-1,ASSPGPCAGNNEQF,1
TRBV7-9,TRBJ2-1,ASSPGPCEGNKEQF,1
TRBV7-9,TRBJ2-1,ASSPGPCEGNNEQF,6
TRBV7-9,TRBJ2-1,ASSPGPCEGTNEQF,2
TRBV7-9,TRBJ2-1,ASSPGPCESNNEQF,1
TRBV7-9,TRBJ2-1,ASSPGPDAGSYNEQF,1
TRBV7-9,TRBJ2-1,ASSPGPDASYNEQF,1
TRBV7-9,TRBJ2-1,ASSPGPDEQF,1
TRBV7-9,TRBJ2-1,ASSPGPDFCNEQF,1
TRBV7-9,TRBJ2-1,ASSPGPDNEQF,18
TRBV7-9,TRBJ2-1,ASSPGPDNNEQF,1
TRBV7-9,TRBJ2-1,ASSPGPDRYNEQF,2
TRBV7-9,TRBJ2-1,ASSPGPDSGNEQF,1
TRBV7-9,TRBJ2-1,ASSPGPDVFNEQF,26
TRBV7-9,TRBJ2-1,ASSPGPDVQS,1
TRBV7-9,TRBJ2-1,ASSPGPDYNEQF,9
TRBV7-9,TRBJ2-1,ASSPGPEADKEQC,1
TRBV7-9,TRBJ2-1,ASSPGPEAGEQF,7
TRBV7-9,TRBJ2-1,ASSPGPEAQF,1
TRBV7-9,TRBJ2-1,ASSPGPEAYNEQF,1
TRBV7-9,TRBJ2-1,ASSPGPEGYNAQL,1
TRBV7-9,TRBJ2-1,ASSPGPELAYDEQF,1
TRBV7-9,TRBJ2-1,ASSPGPENEQF,2
TRBV7-9,TRBJ2-1,ASSPGPEQF,38
TRBV7-9,TRBJ2-1,ASSPGPESSYNEQF,1
TRBV7-9,TRBJ2-1,ASSPGPETGVFEQF,6
TRBV7-9,TRBJ2-1,ASSPGPETVVFEQF,1
TRBV7-9,TRBJ2-1,ASSPGPEWNEQF,1
TRBV7-9,TRBJ2-1,ASSPGPEYNEQF,1
TRBV7-9,TRBJ2-1,ASSPGPFAGNNEQF,8
TRBV7-9,TRBJ2-1,ASSPGPFAYNEQF,1
TRBV7-9,TRBJ2-1,ASSPGPFDGNNEHF,1
TRBV7-9,TRBJ2-1,ASSPGPFDGNNEKF,1
TRBV7-9,TRBJ2-1,ASSPGPFDGNNEQF,14
TRBV7-9,TRBJ2-1,ASSPGPFDVNNEQF,1
TRBV7-9,TRBJ2-1,ASSPGPFEAKNEQF,1
TRBV7-9,TRBJ2-1,ASSPGPFEANNEQF,4
TRBV7-9,TRBJ2-1,ASSPGPFEAYNEQF,1
TRBV7-9,TRBJ2-1,ASSPGPFECKNEQF,1
TRBV7-9,TRBJ2-1,ASSPGPFECNNDQF,1
TRBV7-9,TRBJ2-1,ASSPGPFECNNEKF,1
TRBV7-9,TRBJ2-1,ASSPGPFECNNEQF,17
TRBV7-9,TRBJ2-1,ASSPGPFECQNDQF,1
TRBV7-9,TRBJ2-1,ASSPGPFEDNNEQC,1
TRBV7-9,TRBJ2-1,ASSPGPFEDNNEQF,7
TRBV7-9,TRBJ2-1,ASSPGPFEGDNEQF,4
TRBV7-9,TRBJ2-1,ASSPGPFEGHNEQF,10
TRBV7-9,TRBJ2-1,ASSPGPFEGHNEQS,1
TRBV7-9,TRBJ2-1,ASSPGPFEGINDQF,1
TRBV7-9,TRBJ2-1,ASSPGPFEGINEQF,2
TRBV7-9,TRBJ2-1,ASSPGPFEGKKEQF,2
TRBV7-9,TRBJ2-1,ASSPGPFEGKNEQF,18
TRBV7-9,TRBJ2-1,ASSPGPFEGKNKQF,1
TRBV7-9,TRBJ2-1,ASSPGPFEGKTEQF,1
TRBV7-9,TRBJ2-1,ASSPGPFEGNDEQF,1
TRBV7-9,TRBJ2-1,ASSPGPFEGNDEQV,1
TRBV7-9,TRBJ2-1,ASSPGPFEGNHEQF,5
TRBV7-9,TRBJ2-1,ASSPGPFEGNHEQL,1
TRBV7-9,TRBJ2-1,ASSPGPFEGNIEQF,2
TRBV7-9,TRBJ2-1,ASSPGPFEGNKEQF,17
TRBV7-9,TRBJ2-1,ASSPGPFEGNNAQF,8
TRBV7-9,TRBJ2-1,ASSPGPFEGNNDQF,12
TRBV7-9,TRBJ2-1,ASSPGPFEGNNDQS,1
TRBV7-9,TRBJ2-1,ASSPGPFEGNNDQV,1
TRBV7-9,TRBJ2-1,ASSPGPFEGNNEEF,2
TRBV7-9,TRBJ2-1,ASSPGPFEGNNEHF,9
TRBV7-9,TRBJ2-1,ASSPGPFEGNNEKF,14
TRBV7-9,TRBJ2-1,ASSPGPFEGNNEKI,1
TRBV7-9,TRBJ2-1,ASSPGPFEGNNELF,3
TRBV7-9,TRBJ2-1,ASSPGPFEGNNENF,1
TRBV7-9,TRBJ2-1,ASSPGPFEGNNEPF,6
TRBV7-9,TRBJ2-1,ASSPGPFEGNNEQC,11
TRBV7-9,TRBJ2-1,ASSPGPFEGNNEQF,2693
TRBV7-9,TRBJ2-1,ASSPGPFEGNNEQI,4
TRBV7-9,TRBJ2-1,ASSPGPFEGNNEQL,11
TRBV7-9,TRBJ2-1,ASSPGPFEGNNEQS,7
TRBV7-9,TRBJ2-1,ASSPGPFEGNNEQV,13
TRBV7-9,TRBJ2-1,ASSPGPFEGNNEQY,5
TRBV7-9,TRBJ2-1,ASSPGPFEGNNGQF,4
TRBV7-9,TRBJ2-1,ASSPGPFEGNNKQF,6
TRBV7-9,TRBJ2-1,ASSPGPFEGNNQQF,2
TRBV7-9,TRBJ2-1,ASSPGPFEGNNQRF,1
TRBV7-9,TRBJ2-1,ASSPGPFEGNNVQF,4
TRBV7-9,TRBJ2-1,ASSPGPFEGNSEQF,1
TRBV7-9,TRBJ2-1,ASSPGPFEGNYEQF,2
TRBV7-9,TRBJ2-1,ASSPGPFEGSNEQF,5
TRBV7-9,TRBJ2-1,ASSPGPFEGTNEQF,1
TRBV7-9,TRBJ2-1,ASSPGPFEGYNEQF,3
TRBV7-9,TRBJ2-1,ASSPGPFEGYNEQY,1
TRBV7-9,TRBJ2-1,ASSPGPFENEQF,9
TRBV7-9,TRBJ2-1,ASSPGPFERNNEQF,5
TRBV7-9,TRBJ2-1,ASSPGPFESNKEQF,1
TRBV7-9,TRBJ2-1,ASSPGPFESNNEPF,1
TRBV7-9,TRBJ2-1,ASSPGPFESNNEQF,9
TRBV7-9,TRBJ2-1,ASSPGPFESNNEQV,1
TRBV7-9,TRBJ2-1,ASSPGPFEVNNEQF,17
TRBV7-9,TRBJ2-1,ASSPGPFEVNNEQL,1
TRBV7-9,TRBJ2-1,ASSPGPFEVNNEQV,1
TRBV7-9,TRBJ2-1,ASSPGPFGGNNEQF,11
TRBV7-9,TRBJ2-1,ASSPGPFKGNNEQF,1
TRBV7-9,TRBJ2-1,ASSPGPFLAGEVDEQF,4
TRBV7-9,TRBJ2-1,ASSPGPFLNEQF,1
TRBV7-9,TRBJ2-1,ASSPGPFNEQF,1
TRBV7-9,TRBJ2-1,ASSPGPFQSSYNEQF,1
TRBV7-9,TRBJ2-1,ASSPGPFSGSENEQF,1
TRBV7-9,TRBJ2-1,ASSPGPFTGKNEQF,1
TRBV7-9,TRBJ2-1,ASSPGPFVGNNDQF,2
TRBV7-9,TRBJ2-1,ASSPGPFVGNNEQF,4
TRBV7-9,TRBJ2-1,ASSPGPGAGVFEQF,2
TRBV7-9,TRBJ2-1,ASSPGPGALNEQF,1
TRBV7-9,TRBJ2-1,ASSPGPGAMNNEQF,1
TRBV7-9,TRBJ2-1,ASSPGPGASGRKNEQF,1
TRBV7-9,TRBJ2-1,ASSPGPGASYNEQF,1
TRBV7-9,TRBJ2-1,ASSPGPGCNEQF,1
TRBV7-9,TRBJ2-1,ASSPGPGDEQF,3
TRBV7-9,TRBJ2-1,ASSPGPGDSASSYNEQF,1
TRBV7-9,TRBJ2-1,ASSPGPGEQF,17
TRBV7-9,TRBJ2-1,ASSPGPGGDEQF,18
TRBV7-9,TRBJ2-1,ASSPGPGGDEQL,1
TRBV7-9,TRBJ2-1,ASSPGPGGGSYNEQF,1
TRBV7-9,TRBJ2-1,ASSPGPGGLYEQF,1
TRBV7-9,TRBJ2-1,ASSPGPGGLYNEQF,1
TRBV7-9,TRBJ2-1,ASSPGPGGNDF,1
TRBV7-9,TRBJ2-1,ASSPGPGGNEF,9
TRBV7-9,TRBJ2-1,ASSPGPGGNEQF,16
TRBV7-9,TRBJ2-1,ASSPGPGGNNEQF,13
TRBV7-9,TRBJ2-1,ASSPGPGGQVYNEQF,1
TRBV7-9,TRBJ2-1,ASSPGPGGSRNEQF,1
TRBV7-9,TRBJ2-1,ASSPGPGGSYNEQF,11
TRBV7-9,TRBJ2-1,ASSPGPGGSYYEQF,1
TRBV7-9,TRBJ2-1,ASSPGPGGTSSYNEQF,1
TRBV7-9,TRBJ2-1,ASSPGPGGTYNEQF,3
TRBV7-9,TRBJ2-1,ASSPGPGGVMVNEQF,1
TRBV7-9,TRBJ2-1,ASSPGPGHNEQF,2
TRBV7-9,TRBJ2-1,ASSPGPGHSFNEQF,1
TRBV7-9,TRBJ2-1,ASSPGPGIGVFEQF,4
TRBV7-9,TRBJ2-1,ASSPGPGIVVFDQF,1
TRBV7-9,TRBJ2-1,ASSPGPGKGLFEQF,1
TRBV7-9,TRBJ2-1,ASSPGPGKGVFDQF,1
TRBV7-9,TRBJ2-1,ASSPGPGKGVFEEF,1
TRBV7-9,TRBJ2-1,ASSPGPGKGVFEQF,11
TRBV7-9,TRBJ2-1,ASSPGPGLADYNEQF,2
TRBV7-9,TRBJ2-1,ASSPGPGLAGAHEQF,1
TRBV7-9,TRBJ2-1,ASSPGPGLAGDFNEQF,1
TRBV7-9,TRBJ2-1,ASSPGPGLAGGPDEQF,1
TRBV7-9,TRBJ2-1,ASSPGPGLAGGVYNEQF,1
TRBV7-9,TRBJ2-1,ASSPGPGLAGRNEQF,1
TRBV7-9,TRBJ2-1,ASSPGPGLAGVDEQF,1
TRBV7-9,TRBJ2-1,ASSPGPGLAGVNEQF,2
TRBV7-9,TRBJ2-1,ASSPGPGLAGYNEQF,1
TRBV7-9,TRBJ2-1,ASSPGPGLATHNEQF,1
TRBV7-9,TRBJ2-1,ASSPGPGLAVNEQF,1
TRBV7-9,TRBJ2-1,ASSPGPGLAYDEQC,1
TRBV7-9,TRBJ2-1,ASSPGPGLAYDEQF,13
TRBV7-9,TRBJ2-1,ASSPGPGLEPSDEQF,2
TRBV7-9,TRBJ2-1,ASSPGPGLGALKGQF,12
TRBV7-9,TRBJ2-1,ASSPGPGLGALKGRF,1
TRBV7-9,TRBJ2-1,ASSPGPGLGARKGQF,1
TRBV7-9,TRBJ2-1,ASSPGPGLGNNEQF,9
TRBV7-9,TRBJ2-1,ASSPGPGLLRNEQF,1
TRBV7-9,TRBJ2-1,ASSPGPGLNEQF,1
TRBV7-9,TRBJ2-1,ASSPGPGLNNEQF,1
TRBV7-9,TRBJ2-1,ASSPGPGLSSYNEQF,1
TRBV7-9,TRBJ2-1,ASSPGPGLSYNEQF,1
TRBV7-9,TRBJ2-1,ASSPGPGLTGNEQF,1
TRBV7-9,TRBJ2-1,ASSPGPGLVIGSSYNEQC,1
TRBV7-9,TRBJ2-1,ASSPGPGLVIGSSYNEQF,3
TRBV7-9,TRBJ2-1,ASSPGPGLYNEQF,6
TRBV7-9,TRBJ2-1,ASSPGPGMGVFGRF,1
TRBV7-9,TRBJ2-1,ASSPGPGNEQF,1
TRBV7-9,TRBJ2-1,ASSPGPGNNEQF,4
TRBV7-9,TRBJ2-1,ASSPGPGNWDEQF,1
TRBV7-9,TRBJ2-1,ASSPGPGPGVFEQF,1
TRBV7-9,TRBJ2-1,ASSPGPGPGVVEQC,1
TRBV7-9,TRBJ2-1,ASSPGPGPNEQF,6
TRBV7-9,TRBJ2-1,ASSPGPGQAFFNEQF,1
TRBV7-9,TRBJ2-1,ASSPGPGQAHNEQF,1
TRBV7-9,TRBJ2-1,ASSPGPGQAYNEQF,1
TRBV7-9,TRBJ2-1,ASSPGPGQF,3
TRBV7-9,TRBJ2-1,ASSPGPGQGANEQF,1
TRBV7-9,TRBJ2-1,ASSPGPGQGDNEQF,24
TRBV7-9,TRBJ2-1,ASSPGPGQGGNEQF,1
TRBV7-9,TRBJ2-1,ASSPGPGQGRDEQF,1
TRBV7-9,TRBJ2-1,ASSPGPGQGRYNEQF,1
TRBV7-9,TRBJ2-1,ASSPGPGQGSYNEQF,1
TRBV7-9,TRBJ2-1,ASSPGPGQGTFLYNAQF,1
TRBV7-9,TRBJ2-1,ASSPGPGQGTFLYNEQF,9
TRBV7-9,TRBJ2-1,ASSPGPGQGYNEQF,10
TRBV7-9,TRBJ2-1,ASSPGPGQPHYEQF,1
TRBV7-9,TRBJ2-1,ASSPGPGQRNEQF,1
TRBV7-9,TRBJ2-1,ASSPGPGQVNEQF,4
TRBV7-9,TRBJ2-1,ASSPGPGRDNEQF,2
TRBV7-9,TRBJ2-1,ASSPGPGRESGNEQF,1
TRBV7-9,TRBJ2-1,ASSPGPGREVYNEQF,1
TRBV7-9,TRBJ2-1,ASSPGPGRGFYNEQF,1
TRBV7-9,TRBJ2-1,ASSPGPGRGGFDLF,1
TRBV7-9,TRBJ2-1,ASSPGPGRGSYNEQF,1
TRBV7-9,TRBJ2-1,ASSPGPGRGVCEQF,1
TRBV7-9,TRBJ2-1,ASSPGPGRGVFEHF,1
TRBV7-9,TRBJ2-1,ASSPGPGRGVFEQF,5
TRBV7-9,TRBJ2-1,ASSPGPGRSDNEQV,1
TRBV7-9,TRBJ2-1,ASSPGPGRSYNEQF,11
TRBV7-9,TRBJ2-1,ASSPGPGRTEDEQF,7
TRBV7-9,TRBJ2-1,ASSPGPGSEQF,10
TRBV7-9,TRBJ2-1,ASSPGPGSGVFEQF,1
TRBV7-9,TRBJ2-1,ASSPGPGSPYNEQF,6
TRBV7-9,TRBJ2-1,ASSPGPGSSYNEQF,1
TRBV7-9,TRBJ2-1,ASSPGPGSYNEQF,11
TRBV7-9,TRBJ2-1,ASSPGPGTAINEQF,1
TRBV7-9,TRBJ2-1,ASSPGPGTAVFEQF,3
TRBV7-9,TRBJ2-1,ASSPGPGTEVFEQF,1
TRBV7-9,TRBJ2-1,ASSPGPGTGAFEQF,1
TRBV7-9,TRBJ2-1,ASSPGPGTGAFQPF,1
TRBV7-9,TRBJ2-1,ASSPGPGTGEFDQF,1
TRBV7-9,TRBJ2-1,ASSPGPGTGEFEQF,1
TRBV7-9,TRBJ2-1,ASSPGPGTGGFEQF,5
TRBV7-9,TRBJ2-1,ASSPGPGTGIYNEQF,1
TRBV7-9,TRBJ2-1,ASSPGPGTGLFEQF,8
TRBV7-9,TRBJ2-1,ASSPGPGTGSQNEQF,3
TRBV7-9,TRBJ2-1,ASSPGPGTGVCEQF,7
TRBV7-9,TRBJ2-1,ASSPGPGTGVFAPF,1
TRBV7-9,TRBJ2-1,ASSPGPGTGVFAQF,7
TRBV7-9,TRBJ2-1,ASSPGPGTGVFDHF,1
TRBV7-9,TRBJ2-1,ASSPGPGTGVFDQF,5
TRBV7-9,TRBJ2-1,ASSPGPGTGVFEHF,8
TRBV7-9,TRBJ2-1,ASSPGPGTGVFEKF,3
TRBV7-9,TRBJ2-1,ASSPGPGTGVFELF,6
TRBV7-9,TRBJ2-1,ASSPGPGTGVFEPF,7
TRBV7-9,TRBJ2-1,ASSPGPGTGVFEPS,1
TRBV7-9,TRBJ2-1,ASSPGPGTGVFEQC,5
TRBV7-9,TRBJ2-1,ASSPGPGTGVFEQF,1472
TRBV7-9,TRBJ2-1,ASSPGPGTGVFEQI,1
TRBV7-9,TRBJ2-1,ASSPGPGTGVFEQL,4
TRBV7-9,TRBJ2-1,ASSPGPGTGVFEQV,5
TRBV7-9,TRBJ2-1,ASSPGPGTGVFEQY,3
TRBV7-9,TRBJ2-1,ASSPGPGTGVFERF,8
TRBV7-9,TRBJ2-1,ASSPGPGTGVFERL,1
TRBV7-9,TRBJ2-1,ASSPGPGTGVFGQF,8
TRBV7-9,TRBJ2-1,ASSPGPGTGVFQQF,1
TRBV7-9,TRBJ2-1,ASSPGPGTGVFVPF,1
TRBV7-9,TRBJ2-1,ASSPGPGTGVFVQF,2
TRBV7-9,TRBJ2-1,ASSPGPGTGVFYQF,1
TRBV7-9,TRBJ2-1,ASSPGPGTGVIEQF,2
TRBV7-9,TRBJ2-1,ASSPGPGTGVLDQF,1
TRBV7-9,TRBJ2-1,ASSPGPGTGVLEQF,9
TRBV7-9,TRBJ2-1,ASSPGPGTGVSEQF,2
TRBV7-9,TRBJ2-1,ASSPGPGTGVVEQF,8
TRBV7-9,TRBJ2-1,ASSPGPGTGVWEQF,1
TRBV7-9,TRBJ2-1,ASSPGPGTGVYEQF,5
TRBV7-9,TRBJ2-1,ASSPGPGTLNEQF,1
TRBV7-9,TRBJ2-1,ASSPGPGTRVFEQF,1
TRBV7-9,TRBJ2-1,ASSPGPGTSGRDYNEQF,1
TRBV7-9,TRBJ2-1,ASSPGPGTSGRILNEQF,1
TRBV7-9,TRBJ2-1,ASSPGPGTSGRIWKEQF,2
TRBV7-9,TRBJ2-1,ASSPGPGTSGRIWNEQF,10
TRBV7-9,TRBJ2-1,ASSPGPGTSSYNEQF,1
TRBV7-9,TRBJ2-1,ASSPGPGTVVFEQC,1
TRBV7-9,TRBJ2-1,ASSPGPGTVVFEQF,7
TRBV7-9,TRBJ2-1,ASSPGPGTVVVEQF,1
TRBV7-9,TRBJ2-1,ASSPGPGTWGFEQF,1
TRBV7-9,TRBJ2-1,ASSPGPGTWVFEQF,4
TRBV7-9,TRBJ2-1,ASSPGPGTWVVEQF,1
TRBV7-9,TRBJ2-1,ASSPGPGTYNEQF,1
TRBV7-9,TRBJ2-1,ASSPGPGVNEQF,1
TRBV7-9,TRBJ2-1,ASSPGPGVSNEQF,1
TRBV7-9,TRBJ2-1,ASSPGPGWEFYNEQF,1
TRBV7-9,TRBJ2-1,ASSPGPGYEQF,1
TRBV7-9,TRBJ2-1,ASSPGPGYEQY,1
TRBV7-9,TRBJ2-1,ASSPGPGYNEQF,13
TRBV7-9,TRBJ2-1,ASSPGPHEQF,6
TRBV7-9,TRBJ2-1,ASSPGPHNEQF,7
TRBV7-9,TRBJ2-1,ASSPGPHPDNEQF,1
TRBV7-9,TRBJ2-1,ASSPGPHPNEQF,1
TRBV7-9,TRBJ2-1,ASSPGPHSYNEQF,2
TRBV7-9,TRBJ2-1,ASSPGPIAPDGGNEQF,1
TRBV7-9,TRBJ2-1,ASSPGPIEGNNEQF,3
TRBV7-9,TRBJ2-1,ASSPGPIGEQF,5
TRBV7-9,TRBJ2-1,ASSPGPIGKISSYNEQF,1
TRBV7-9,TRBJ2-1,ASSPGPIGYNEQF,1
TRBV7-9,TRBJ2-1,ASSPGPINEQF,3
TRBV7-9,TRBJ2-1,ASSPGPISLAPNNEQF,2
TRBV7-9,TRBJ2-1,ASSPGPISSYNEQF,1
TRBV7-9,TRBJ2-1,ASSPGPISTYNEQF,1
TRBV7-9,TRBJ2-1,ASSPGPISYNEQF,2
TRBV7-9,TRBJ2-1,ASSPGPIYNEQF,1
TRBV7-9,TRBJ2-1,ASSPGPKASSSYNEQF,1
TRBV7-9,TRBJ2-1,ASSPGPKGPSGDEQF,1
TRBV7-9,TRBJ2-1,ASSPGPKHKEQF,1
TRBV7-9,TRBJ2-1,ASSPGPKHNEQF,10
TRBV7-9,TRBJ2-1,ASSPGPKMRSSYNEQF,1
TRBV7-9,TRBJ2-1,ASSPGPLAGEVNEQF,1
TRBV7-9,TRBJ2-1,ASSPGPLAGGHEEQF,1
TRBV7-9,TRBJ2-1,ASSPGPLAGGLEEQF,13
TRBV7-9,TRBJ2-1,ASSPGPLAGGRNEQF,1
TRBV7-9,TRBJ2-1,ASSPGPLAGGVEEQF,1
TRBV7-9,TRBJ2-1,ASSPGPLATNNEQF,3
TRBV7-9,TRBJ2-1,ASSPGPLDANYEQY,1
TRBV7-9,TRBJ2-1,ASSPGPLDEQF,1
TRBV7-9,TRBJ2-1,ASSPGPLDVNNEQF,1
TRBV7-9,TRBJ2-1,ASSPGPLECNNEQF,2
TRBV7-9,TRBJ2-1,ASSPGPLEGDNEQF,1
TRBV7-9,TRBJ2-1,ASSPGPLEGNHEQF,1
TRBV7-9,TRBJ2-1,ASSPGPLEGNNAQF,1
TRBV7-9,TRBJ2-1,ASSPGPLEGNNEKF,1
TRBV7-9,TRBJ2-1,ASSPGPLEGNNEQF,9
TRBV7-9,TRBJ2-1,ASSPGPLEGNNEQV,1
TRBV7-9,TRBJ2-1,ASSPGPLEGNNKQF,1
TRBV7-9,TRBJ2-1,ASSPGPLEGNNNQF,1
TRBV7-9,TRBJ2-1,ASSPGPLEKF,1
TRBV7-9,TRBJ2-1,ASSPGPLENEQF,1
TRBV7-9,TRBJ2-1,ASSPGPLEQF,24
TRBV7-9,TRBJ2-1,ASSPGPLEVNNAPF,1
TRBV7-9,TRBJ2-1,ASSPGPLGNEQF,1
TRBV7-9,TRBJ2-1,ASSPGPLGTYNEQF,1
TRBV7-9,TRBJ2-1,ASSPGPLHASDEQF,1
TRBV7-9,TRBJ2-1,ASSPGPLHVGNEQF,1
TRBV7-9,TRBJ2-1,ASSPGPLNAQF,1
TRBV7-9,TRBJ2-1,ASSPGPLNEQF,15
TRBV7-9,TRBJ2-1,ASSPGPLNEQL,1
TRBV7-9,TRBJ2-1,ASSPGPLPDEQF,10
TRBV7-9,TRBJ2-1,ASSPGPLRTDEQF,1
TRBV7-9,TRBJ2-1,ASSPGPLSSYNEQF,2
TRBV7-9,TRBJ2-1,ASSPGPLSYHEQF,1
TRBV7-9,TRBJ2-1,ASSPGPLSYKEQF,1
TRBV7-9,TRBJ2-1,ASSPGPLSYNEQC,1
TRBV7-9,TRBJ2-1,ASSPGPLSYNEQF,97
TRBV7-9,TRBJ2-1,ASSPGPLSYNGQF,1
TRBV7-9,TRBJ2-1,ASSPGPLSYSEQF,1
TRBV7-9,TRBJ2-1,ASSPGPLTGAPSSYNEQF,9
TRBV7-9,TRBJ2-1,ASSPGPLTGVFEQF,1
TRBV7-9,TRBJ2-1,ASSPGPLTSGDSYNEQF,1
TRBV7-9,TRBJ2-1,ASSPGPLTYNEQF,1
TRBV7-9,TRBJ2-1,ASSPGPLVDEQF,1
TRBV7-9,TRBJ2-1,ASSPGPLVVNEQF,1
TRBV7-9,TRBJ2-1,ASSPGPLYNEQF,4
TRBV7-9,TRBJ2-1,ASSPGPMGSYNEQF,3
TRBV7-9,TRBJ2-1,ASSPGPMGVADEQF,1
TRBV7-9,TRBJ2-1,ASSPGPMSSYNEQF,1
TRBV7-9,TRBJ2-1,ASSPGPMYNEQF,1
TRBV7-9,TRBJ2-1,ASSPGPNEQF,15
TRBV7-9,TRBJ2-1,ASSPGPNKNFDEQF,1
TRBV7-9,TRBJ2-1,ASSPGPNKYFDEQF,13
TRBV7-9,TRBJ2-1,ASSPGPNLAAEQF,2
TRBV7-9,TRBJ2-1,ASSPGPNLGNEQF,1
TRBV7-9,TRBJ2-1,ASSPGPNNEQF,24
TRBV7-9,TRBJ2-1,ASSPGPNNEQL,1
TRBV7-9,TRBJ2-1,ASSPGPNNNEQF,1
TRBV7-9,TRBJ2-1,ASSPGPNPNSYNEQF,1
TRBV7-9,TRBJ2-1,ASSPGPNSYNEQF,7
TRBV7-9,TRBJ2-1,ASSPGPNYNEQF,1
TRBV7-9,TRBJ2-1,ASSPGPPDEQF,8
TRBV7-9,TRBJ2-1,ASSPGPPEQF,13
TRBV7-9,TRBJ2-1,ASSPGPPF,11
TRBV7-9,TRBJ2-1,ASSPGPPFGTFEGDEQF,1
TRBV7-9,TRBJ2-1,ASSPGPPGGDEQF,1
TRBV7-9,TRBJ2-1,ASSPGPPGVLGNEQF,1
TRBV7-9,TRBJ2-1,ASSPGPPGVLNNEQF,1
TRBV7-9,TRBJ2-1,ASSPGPPGVNEQF,1
TRBV7-9,TRBJ2-1,ASSPGPPGYNEQF,1
TRBV7-9,TRBJ2-1,ASSPGPPHNEQF,1
TRBV7-9,TRBJ2-1,ASSPGPPIENEQF,1
TRBV7-9,TRBJ2-1,ASSPGPPNEQF,1
TRBV7-9,TRBJ2-1,ASSPGPPRGDEQF,2
TRBV7-9,TRBJ2-1,ASSPGPPRNEQF,1
TRBV7-9,TRBJ2-1,ASSPGPPSFGRGNEQF,1
TRBV7-9,TRBJ2-1,ASSPGPPSGISYNEQF,1
TRBV7-9,TRBJ2-1,ASSPGPPSGSYNEQF,1
TRBV7-9,TRBJ2-1,ASSPGPPSHEQF,1
TRBV7-9,TRBJ2-1,ASSPGPPSRGIYNEQF,1
TRBV7-9,TRBJ2-1,ASSPGPPSRNEQF,1
TRBV7-9,TRBJ2-1,ASSPGPPSSGIYNEQF,18
TRBV7-9,TRBJ2-1,ASSPGPPSSGNEQF,1
TRBV7-9,TRBJ2-1,ASSPGPPSSGVYNEQF,1
TRBV7-9,TRBJ2-1,ASSPGPPSSSIYNEQF,1
TRBV7-9,TRBJ2-1,ASSPGPPSSYNEQF,1
TRBV7-9,TRBJ2-1,ASSPGPPSYNEQF,1
TRBV7-9,TRBJ2-1,ASSPGPPTYNEQF,1
TRBV7-9,TRBJ2-1,ASSPGPPYNEQF,5
TRBV7-9,TRBJ2-1,ASSPGPQDEQF,1
TRBV7-9,TRBJ2-1,ASSPGPQEGNEQF,1
TRBV7-9,TRBJ2-1,ASSPGPQF,3
TRBV7-9,TRBJ2-1,ASSPGPQGASSSYNEQF,1
TRBV7-9,TRBJ2-1,ASSPGPQGEISYNEQF,1
TRBV7-9,TRBJ2-1,ASSPGPQGRQF,11
TRBV7-9,TRBJ2-1,ASSPGPQGRQL,1
TRBV7-9,TRBJ2-1,ASSPGPQGTSSSYNEQF,8
TRBV7-9,TRBJ2-1,ASSPGPQGTYNEQF,1
TRBV7-9,TRBJ2-1,ASSPGPQQF,8
TRBV7-9,TRBJ2-1,ASSPGPQRGNEQF,1
TRBV7-9,TRBJ2-1,ASSPGPQSYNEQF,1
TRBV7-9,TRBJ2-1,ASSPGPQVNEQF,1
TRBV7-9,TRBJ2-1,ASSPGPRDEQF,1
TRBV7-9,TRBJ2-1,ASSPGPRDQF,1
TRBV7-9,TRBJ2-1,ASSPGPREQF,16
TRBV7-9,TRBJ2-1,ASSPGPRFDEQF,1
TRBV7-9,TRBJ2-1,ASSPGPRGANEQF,1
TRBV7-9,TRBJ2-1,ASSPGPRGGNEQF,1
TRBV7-9,TRBJ2-1,ASSPGPRGKPYNEQF,1
TRBV7-9,TRBJ2-1,ASSPGPRGQF,13
TRBV7-9,TRBJ2-1,ASSPGPRGQVYNEQF,1
TRBV7-9,TRBJ2-1,ASSPGPRGRLYNEQF,18
TRBV7-9,TRBJ2-1,ASSPGPRGRNEQF,1
TRBV7-9,TRBJ2-1,ASSPGPRLQF,17
TRBV7-9,TRBJ2-1,ASSPGPRNEQF,8
TRBV7-9,TRBJ2-1,ASSPGPRNKQF,1
TRBV7-9,TRBJ2-1,ASSPGPRNSYNEQF,1
TRBV7-9,TRBJ2-1,ASSPGPRRDEQF,1
TRBV7-9,TRBJ2-1,ASSPGPRSHYNEQF,1
TRBV7-9,TRBJ2-1,ASSPGPRSLQF,7
TRBV7-9,TRBJ2-1,ASSPGPRTGITYNEQF,1
TRBV7-9,TRBJ2-1,ASSPGPRTGVFEQF,4
TRBV7-9,TRBJ2-1,ASSPGPRTSGRVSYNEQF,1
TRBV7-9,TRBJ2-1,ASSPGPRYNEQF,4
TRBV7-9,TRBJ2-1,ASSPGPRYYNEQF,1
TRBV7-9,TRBJ2-1,ASSPGPSAGNEQF,4
TRBV7-9,TRBJ2-1,ASSPGPSAHEQF,1
TRBV7-9,TRBJ2-1,ASSPGPSAIYNEQF,1
TRBV7-9,TRBJ2-1,ASSPGPSDEQF,2
TRBV7-9,TRBJ2-1,ASSPGPSEEQF,11
TRBV7-9,TRBJ2-1,ASSPGPSETIGNEQF,1
TRBV7-9,TRBJ2-1,ASSPGPSGAEQF,9
TRBV7-9,TRBJ2-1,ASSPGPSGGSYNEQF,1
TRBV7-9,TRBJ2-1,ASSPGPSGIGNEQF,1
TRBV7-9,TRBJ2-1,ASSPGPSGKISSYNEQF,9
TRBV7-9,TRBJ2-1,ASSPGPSGMNEQF,1
TRBV7-9,TRBJ2-1,ASSPGPSGPNEQF,1
TRBV7-9,TRBJ2-1,ASSPGPSGQGHYNEQF,5
TRBV7-9,TRBJ2-1,ASSPGPSGREAYNEQF,1
TRBV7-9,TRBJ2-1,ASSPGPSGRGHNEQF,1
TRBV7-9,TRBJ2-1,ASSPGPSGRNEQF,3
TRBV7-9,TRBJ2-1,ASSPGPSGRPEF,1
TRBV7-9,TRBJ2-1,ASSPGPSGRPLNEQF,2
TRBV7-9,TRBJ2-1,ASSPGPSGRRSYNEQF,1
TRBV7-9,TRBJ2-1,ASSPGPSGRYNEQF,1
TRBV7-9,TRBJ2-1,ASSPGPSGSFHEQF,1
TRBV7-9,TRBJ2-1,ASSPGPSGSLNEQF,1
TRBV7-9,TRBJ2-1,ASSPGPSGTYNEQF,1
TRBV7-9,TRBJ2-1,ASSPGPSGVYNEQF,1
TRBV7-9,TRBJ2-1,ASSPGPSGYEQF,2
TRBV7-9,TRBJ2-1,ASSPGPSIYNEQF,1
TRBV7-9,TRBJ2-1,ASSPGPSLSSYNEQF,1
TRBV7-9,TRBJ2-1,ASSPGPSMNSYNEQF,1
TRBV7-9,TRBJ2-1,ASSPGPSNEQF,3
TRBV7-9,TRBJ2-1,ASSPGPSNNEQF,1
TRBV7-9,TRBJ2-1,ASSPGPSPRNEQF,1
TRBV7-9,TRBJ2-1,ASSPGPSPSYNELF,1
TRBV7-9,TRBJ2-1,ASSPGPSSYNEQF,34
TRBV7-9,TRBJ2-1,ASSPGPSTVDEQF,1
TRBV7-9,TRBJ2-1,ASSPGPSYNEQF,11
TRBV7-9,TRBJ2-1,ASSPGPTAYNEQF,1
TRBV7-9,TRBJ2-1,ASSPGPTGSYNEQF,1
TRBV7-9,TRBJ2-1,ASSPGPTGVADEQF,14
TRBV7-9,TRBJ2-1,ASSPGPTHELF,1
TRBV7-9,TRBJ2-1,ASSPGPTHEQF,14
TRBV7-9,TRBJ2-1,ASSPGPTKQF,1
TRBV7-9,TRBJ2-1,ASSPGPTLAAEQF,7
TRBV7-9,TRBJ2-1,ASSPGPTLNEQF,36
TRBV7-9,TRBJ2-1,ASSPGPTNEQF,1
TRBV7-9,TRBJ2-1,ASSPGPTQTHEQF,1
TRBV7-9,TRBJ2-1,ASSPGPTRDNEQF,1
TRBV7-9,TRBJ2-1,ASSPGPTRGFYNEQF,1
TRBV7-9,TRBJ2-1,ASSPGPTSGDYNEQF,6
TRBV7-9,TRBJ2-1,ASSPGPTSGDYTEQF,1
TRBV7-9,TRBJ2-1,ASSPGPTSGHYTEQF,1
TRBV7-9,TRBJ2-1,ASSPGPTSGLYNEQF,1
TRBV7-9,TRBJ2-1,ASSPGPTSGSNEQF,1
TRBV7-9,TRBJ2-1,ASSPGPTSGYEQF,1
TRBV7-9,TRBJ2-1,ASSPGPTSYNEQF,1
TRBV7-9,TRBJ2-1,ASSPGPTVAAEQF,1
TRBV7-9,TRBJ2-1,ASSPGPTYEQF,2
TRBV7-9,TRBJ2-1,ASSPGPTYNEQF,13
TRBV7-9,TRBJ2-1,ASSPGPVAGGNEQF,1
TRBV7-9,TRBJ2-1,ASSPGPVECNNEQF,1
TRBV7-9,TRBJ2-1,ASSPGPVEGNKEQF,1
TRBV7-9,TRBJ2-1,ASSPGPVEGNNEQF,15
TRBV7-9,TRBJ2-1,ASSPGPVEGNNEQS,1
TRBV7-9,TRBJ2-1,ASSPGPVLNEQF,1
TRBV7-9,TRBJ2-1,ASSPGPVNEQF,1
TRBV7-9,TRBJ2-1,ASSPGPVNNEQF,1
TRBV7-9,TRBJ2-1,ASSPGPVSHNEQF,5
TRBV7-9,TRBJ2-1,ASSPGPVSYNEQF,1
TRBV7-9,TRBJ2-1,ASSPGPVTGVFEQF,5
TRBV7-9,TRBJ2-1,ASSPGPVYNEQF,12
TRBV7-9,TRBJ2-1,ASSPGPWDEQF,7
TRBV7-9,TRBJ2-1,ASSPGPWGNNEQF,1
TRBV7-9,TRBJ2-1,ASSPGPWRGVFEQF,1
TRBV7-9,TRBJ2-1,ASSPGPWTGVFEQF,4
TRBV7-9,TRBJ2-1,ASSPGPWTSGSLYNEQF,1
TRBV7-9,TRBJ2-1,ASSPGPYEGNNEQF,2
TRBV7-9,TRBJ2-1,ASSPGPYEQF,6
TRBV7-9,TRBJ2-1,ASSPGPYLREGNEQF,1
TRBV7-9,TRBJ2-1,ASSPGPYNEQC,1
TRBV7-9,TRBJ2-1,ASSPGPYNEQF,64
TRBV7-9,TRBJ2-1,ASSPGPYPGNEQF,1
TRBV7-9,TRBJ2-1,ASSPGPYSYNEQF,1
TRBV7-9,TRBJ2-1,ASSPGPYYNEQF,2
TRBV7-9,TRBJ2-1,ASSPGQAAGDEQF,1
TRBV7-9,TRBJ2-1,ASSPGQAAYNEQF,1
TRBV7-9,TRBJ2-1,ASSPGQADGEQF,2
TRBV7-9,TRBJ2-1,ASSPGQAEGEQF,8
TRBV7-9,TRBJ2-1,ASSPGQAFYNEQF,1
TRBV7-9,TRBJ2-1,ASSPGQAGDVYNEQF,5
TRBV7-9,TRBJ2-1,ASSPGQAGGGSNEQF,1
TRBV7-9,TRBJ2-1,ASSPGQAGGPREQF,1
TRBV7-9,TRBJ2-1,ASSPGQAGGYNEQC,1
TRBV7-9,TRBJ2-1,ASSPGQAGHEEQF,1
TRBV7-9,TRBJ2-1,ASSPGQAGSYHEQF,1
TRBV7-9,TRBJ2-1,ASSPGQAGSYNEQF,22
TRBV7-9,TRBJ2-1,ASSPGQAGSYNEQS,1
TRBV7-9,TRBJ2-1,ASSPGQAGSYNEQV,1
TRBV7-9,TRBJ2-1,ASSPGQAGVNAQF,1
TRBV7-9,TRBJ2-1,ASSPGQAGVNDQF,1
TRBV7-9,TRBJ2-1,ASSPGQAGVNEQF,6
TRBV7-9,TRBJ2-1,ASSPGQAGYYNEQF,1
TRBV7-9,TRBJ2-1,ASSPGQAIREQF,1
TRBV7-9,TRBJ2-1,ASSPGQAKYNEQF,1
TRBV7-9,TRBJ2-1,ASSPGQALHF,1
TRBV7-9,TRBJ2-1,ASSPGQAMREQF,14
TRBV7-9,TRBJ2-1,ASSPGQANEQF,19
TRBV7-9,TRBJ2-1,ASSPGQANNEQF,15
TRBV7-9,TRBJ2-1,ASSPGQANYNEQF,1
TRBV7-9,TRBJ2-1,ASSPGQAPEQF,6
TRBV7-9,TRBJ2-1,ASSPGQAPFNEQF,1
TRBV7-9,TRBJ2-1,ASSPGQAPGREQF,3
TRBV7-9,TRBJ2-1,ASSPGQAPSNEQF,1
TRBV7-9,TRBJ2-1,ASSPGQAPYNEQF,2
TRBV7-9,TRBJ2-1,ASSPGQARLVANEQF,1
TRBV7-9,TRBJ2-1,ASSPGQARNEQF,1
TRBV7-9,TRBJ2-1,ASSPGQARRVANEHF,1
TRBV7-9,TRBJ2-1,ASSPGQARRVANEQF,13
TRBV7-9,TRBJ2-1,ASSPGQARRVDNEQF,1
TRBV7-9,TRBJ2-1,ASSPGQASASYNEQF,21
TRBV7-9,TRBJ2-1,ASSPGQASGYNEQF,1
TRBV7-9,TRBJ2-1,ASSPGQASHNEQF,1
TRBV7-9,TRBJ2-1,ASSPGQASNEQF,1
TRBV7-9,TRBJ2-1,ASSPGQASSYNEHF,1
TRBV7-9,TRBJ2-1,ASSPGQASSYNEQF,18
TRBV7-9,TRBJ2-1,ASSPGQASVNEQF,1
TRBV7-9,TRBJ2-1,ASSPGQASYNEQF,1
TRBV7-9,TRBJ2-1,ASSPGQATFDEQF,1
TRBV7-9,TRBJ2-1,ASSPGQATSYNEQF,1
TRBV7-9,TRBJ2-1,ASSPGQAVGNEQF,3
TRBV7-9,TRBJ2-1,ASSPGQAVSYNEQF,1
TRBV7-9,TRBJ2-1,ASSPGQAVTSGF,8
TRBV7-9,TRBJ2-1,ASSPGQAYEQF,2
TRBV7-9,TRBJ2-1,ASSPGQAYNEQF,27
TRBV7-9,TRBJ2-1,ASSPGQAYNEQL,1
TRBV7-9,TRBJ2-1,ASSPGQAYNKQF,1
TRBV7-9,TRBJ2-1,ASSPGQAYNVQV,1
TRBV7-9,TRBJ2-1,ASSPGQAYPYNEQF,4
TRBV7-9,TRBJ2-1,ASSPGQAYTEQF,1
TRBV7-9,TRBJ2-1,ASSPGQCDREQF,1
TRBV7-9,TRBJ2-1,ASSPGQCYNEQF,1
TRBV7-9,TRBJ2-1,ASSPGQDEQF,11
TRBV7-9,TRBJ2-1,ASSPGQDFPNEQF,1
TRBV7-9,TRBJ2-1,ASSPGQDHNEQF,1
TRBV7-9,TRBJ2-1,ASSPGQDLGNEQF,2
TRBV7-9,TRBJ2-1,ASSPGQDNEQF,34
TRBV7-9,TRBJ2-1,ASSPGQDRGDEQF,3
TRBV7-9,TRBJ2-1,ASSPGQDSNEQF,1
TRBV7-9,TRBJ2-1,ASSPGQDSSRSYNEQF,1
TRBV7-9,TRBJ2-1,ASSPGQDSSYNEQF,1
TRBV7-9,TRBJ2-1,ASSPGQDYEQF,14
TRBV7-9,TRBJ2-1,ASSPGQDYHEQF,2
TRBV7-9,TRBJ2-1,ASSPGQDYIGRNEQF,1
TRBV7-9,TRBJ2-1,ASSPGQDYKEQF,2
TRBV7-9,TRBJ2-1,ASSPGQDYNDQC,1
TRBV7-9,TRBJ2-1,ASSPGQDYNEHF,2
TRBV7-9,TRBJ2-1,ASSPGQDYNELF,1
TRBV7-9,TRBJ2-1,ASSPGQDYNEPF,1
TRBV7-9,TRBJ2-1,ASSPGQDYNEQC,1
TRBV7-9,TRBJ2-1,ASSPGQDYNEQF,228
TRBV7-9,TRBJ2-1,ASSPGQDYNGQF,2
TRBV7-9,TRBJ2-1,ASSPGQDYTEQF,1
TRBV7-9,TRBJ2-1,ASSPGQEATEQF,1
TRBV7-9,TRBJ2-1,ASSPGQEGGNEQF,1
TRBV7-9,TRBJ2-1,ASSPGQEGKIYNEQF,1
TRBV7-9,TRBJ2-1,ASSPGQEGSNEQF,4
TRBV7-9,TRBJ2-1,ASSPGQEHNEQF,1
TRBV7-9,TRBJ2-1,ASSPGQEKPTYNEQF,1
TRBV7-9,TRBJ2-1,ASSPGQEKYNEQF,1
TRBV7-9,TRBJ2-1,ASSPGQENEQF,2
TRBV7-9,TRBJ2-1,ASSPGQEQF,28
TRBV7-9,TRBJ2-1,ASSPGQERGYNEQF,1
TRBV7-9,TRBJ2-1,ASSPGQERTIGNELF,1
TRBV7-9,TRBJ2-1,ASSPGQERTIGNEQF,7
TRBV7-9,TRBJ2-1,ASSPGQERYNEQF,1
TRBV7-9,TRBJ2-1,ASSPGQEVINEQC,1
TRBV7-9,TRBJ2-1,ASSPGQEYEQF,1
TRBV7-9,TRBJ2-1,ASSPGQEYNEQF,3
TRBV7-9,TRBJ2-1,ASSPGQFAGNHEQF,1
TRBV7-9,TRBJ2-1,ASSPGQFDANNEQF,1
TRBV7-9,TRBJ2-1,ASSPGQFDDEQF,8
TRBV7-9,TRBJ2-1,ASSPGQFEANNEQF,1
TRBV7-9,TRBJ2-1,ASSPGQFEGNNEEL,1
TRBV7-9,TRBJ2-1,ASSPGQFEGNNEQF,13
TRBV7-9,TRBJ2-1,ASSPGQFEGNNEQV,1
TRBV7-9,TRBJ2-1,ASSPGQFFYNEQF,1
TRBV7-9,TRBJ2-1,ASSPGQFHEQF,1
TRBV7-9,TRBJ2-1,ASSPGQFNEQF,3
TRBV7-9,TRBJ2-1,ASSPGQFSGRGVDEQF,2
TRBV7-9,TRBJ2-1,ASSPGQFSSNEQF,1
TRBV7-9,TRBJ2-1,ASSPGQFYGNNDQL,1
TRBV7-9,TRBJ2-1,ASSPGQFYNEQF,1
TRBV7-9,TRBJ2-1,ASSPGQGAAYNEQF,2
TRBV7-9,TRBJ2-1,ASSPGQGADEQF,13
TRBV7-9,TRBJ2-1,ASSPGQGADHEQF,1
TRBV7-9,TRBJ2-1,ASSPGQGADNEQF,57
TRBV7-9,TRBJ2-1,ASSPGQGADNGQF,1
TRBV7-9,TRBJ2-1,ASSPGQGAEDEQF,4
TRBV7-9,TRBJ2-1,ASSPGQGAENEQF,2
TRBV7-9,TRBJ2-1,ASSPGQGAETQY,1
TRBV7-9,TRBJ2-1,ASSPGQGAFNEQF,16
TRBV7-9,TRBJ2-1,ASSPGQGAFQKDNEQF,1
TRBV7-9,TRBJ2-1,ASSPGQGAFYEQF,1
TRBV7-9,TRBJ2-1,ASSPGQGAGNEQF,2
TRBV7-9,TRBJ2-1,ASSPGQGAGSSYNEQF,1
TRBV7-9,TRBJ2-1,ASSPGQGAGSYNEQF,7
TRBV7-9,TRBJ2-1,ASSPGQGAHHEQF,1
TRBV7-9,TRBJ2-1,ASSPGQGAHNEQF,5
TRBV7-9,TRBJ2-1,ASSPGQGAIDEQF,1
TRBV7-9,TRBJ2-1,ASSPGQGAINEQF,13
TRBV7-9,TRBJ2-1,ASSPGQGAIRYNEQF,2
TRBV7-9,TRBJ2-1,ASSPGQGAISSYNEQF,1
TRBV7-9,TRBJ2-1,ASSPGQGAIYEQF,3
TRBV7-9,TRBJ2-1,ASSPGQGAKNEQF,1
TRBV7-9,TRBJ2-1,ASSPGQGAKVEQF,2
TRBV7-9,TRBJ2-1,ASSPGQGALDNEQF,1
TRBV7-9,TRBJ2-1,ASSPGQGALNEPF,1
TRBV7-9,TRBJ2-1,ASSPGQGALNEQF,16
TRBV7-9,TRBJ2-1,ASSPGQGALYEQF,3
TRBV7-9,TRBJ2-1,ASSPGQGALYNEQF,1
TRBV7-9,TRBJ2-1,ASSPGQGAMGDEQF,1
TRBV7-9,TRBJ2-1,ASSPGQGAMNEQF,1
TRBV7-9,TRBJ2-1,ASSPGQGANDEQF,1
TRBV7-9,TRBJ2-1,ASSPGQGANEQF,6
TRBV7-9,TRBJ2-1,ASSPGQGANILYNEQF,1
TRBV7-9,TRBJ2-1,ASSPGQGANNEQF,36
TRBV7-9,TRBJ2-1,ASSPGQGANYNEQF,1
TRBV7-9,TRBJ2-1,ASSPGQGAPNEQF,5
TRBV7-9,TRBJ2-1,ASSPGQGAPSSYNEQF,8
TRBV7-9,TRBJ2-1,ASSPGQGAQDEQF,1
TRBV7-9,TRBJ2-1,ASSPGQGAQLDQF,1
TRBV7-9,TRBJ2-1,ASSPGQGAQLEQF,8
TRBV7-9,TRBJ2-1,ASSPGQGAQNEEF,1
TRBV7-9,TRBJ2-1,ASSPGQGAQNEQF,85
TRBV7-9,TRBJ2-1,ASSPGQGAQTEQF,1
TRBV7-9,TRBJ2-1,ASSPGQGARDEQF,5
TRBV7-9,TRBJ2-1,ASSPGQGAREGYNEQF,1
TRBV7-9,TRBJ2-1,ASSPGQGARNEQF,19
TRBV7-9,TRBJ2-1,ASSPGQGARSHEQF,1
TRBV7-9,TRBJ2-1,ASSPGQGARSNEQF,11
TRBV7-9,TRBJ2-1,ASSPGQGARYEQF,8
TRBV7-9,TRBJ2-1,ASSPGQGASGRYNEQF,1
TRBV7-9,TRBJ2-1,ASSPGQGASIRNEQF,1
TRBV7-9,TRBJ2-1,ASSPGQGASLSYNEQF,2
TRBV7-9,TRBJ2-1,ASSPGQGASNEQF,7
TRBV7-9,TRBJ2-1,ASSPGQGASPSYNEQF,1
TRBV7-9,TRBJ2-1,ASSPGQGASSTYNEQF,1
TRBV7-9,TRBJ2-1,ASSPGQGASYEQF,5
TRBV7-9,TRBJ2-1,ASSPGQGASYNEQF,4
TRBV7-9,TRBJ2-1,ASSPGQGATDEQC,1
TRBV7-9,TRBJ2-1,ASSPGQGATEQF,5
TRBV7-9,TRBJ2-1,ASSPGQGATNEQF,1
TRBV7-9,TRBJ2-1,ASSPGQGATSSYNEQF,11
TRBV7-9,TRBJ2-1,ASSPGQGATSYNEQF,2
TRBV7-9,TRBJ2-1,ASSPGQGATYNEQF,11
TRBV7-9,TRBJ2-1,ASSPGQGAVEQF,8
TRBV7-9,TRBJ2-1,ASSPGQGAVNEQF,3
TRBV7-9,TRBJ2-1,ASSPGQGAWNEQF,3
TRBV7-9,TRBJ2-1,ASSPGQGAWRYNEQF,24
TRBV7-9,TRBJ2-1,ASSPGQGAYKEQF,1
TRBV7-9,TRBJ2-1,ASSPGQGAYNAQF,1
TRBV7-9,TRBJ2-1,ASSPGQGAYNEQC,1
TRBV7-9,TRBJ2-1,ASSPGQGAYNEQF,113
TRBV7-9,TRBJ2-1,ASSPGQGAYYNEQF,5
TRBV7-9,TRBJ2-1,ASSPGQGCYNEQF,1
TRBV7-9,TRBJ2-1,ASSPGQGDDEQF,1
TRBV7-9,TRBJ2-1,ASSPGQGDEQF,14
TRBV7-9,TRBJ2-1,ASSPGQGDHYNEQF,1
TRBV7-9,TRBJ2-1,ASSPGQGDLNEQF,1
TRBV7-9,TRBJ2-1,ASSPGQGDLNNEQF,10
TRBV7-9,TRBJ2-1,ASSPGQGDNEQF,17
TRBV7-9,TRBJ2-1,ASSPGQGDNEQL,1
TRBV7-9,TRBJ2-1,ASSPGQGDREQF,13
TRBV7-9,TRBJ2-1,ASSPGQGDRNEQF,1
TRBV7-9,TRBJ2-1,ASSPGQGDSYNEQF,3
TRBV7-9,TRBJ2-1,ASSPGQGDVDYNEQF,1
TRBV7-9,TRBJ2-1,ASSPGQGDYNEQF,5
TRBV7-9,TRBJ2-1,ASSPGQGEAYNEQF,2
TRBV7-9,TRBJ2-1,ASSPGQGEDNEQF,8
TRBV7-9,TRBJ2-1,ASSPGQGEFHEQF,7
TRBV7-9,TRBJ2-1,ASSPGQGEFYNEQF,1
TRBV7-9,TRBJ2-1,ASSPGQGEGEQF,2
TRBV7-9,TRBJ2-1,ASSPGQGEGNEQC,1
TRBV7-9,TRBJ2-1,ASSPGQGEGNEQF,13
TRBV7-9,TRBJ2-1,ASSPGQGEGSYNEQF,1
TRBV7-9,TRBJ2-1,ASSPGQGEKVNEQF,1
TRBV7-9,TRBJ2-1,ASSPGQGELNEQF,6
TRBV7-9,TRBJ2-1,ASSPGQGENEQF,11
TRBV7-9,TRBJ2-1,ASSPGQGEPNEQF,14
TRBV7-9,TRBJ2-1,ASSPGQGEQF,2
TRBV7-9,TRBJ2-1,ASSPGQGEQNEQF,1
TRBV7-9,TRBJ2-1,ASSPGQGESYNEQF,2
TRBV7-9,TRBJ2-1,ASSPGQGESYYNEQF,1
TRBV7-9,TRBJ2-1,ASSPGQGETYNEQF,1
TRBV7-9,TRBJ2-1,ASSPGQGEVYEQF,8
TRBV7-9,TRBJ2-1,ASSPGQGEYNEQF,12
TRBV7-9,TRBJ2-1,ASSPGQGFDEQF,6
TRBV7-9,TRBJ2-1,ASSPGQGFDNEQF,9
TRBV7-9,TRBJ2-1,ASSPGQGFFNEQF,2
TRBV7-9,TRBJ2-1,ASSPGQGFHEQF,1
TRBV7-9,TRBJ2-1,ASSPGQGFIHEQF,8
TRBV7-9,TRBJ2-1,ASSPGQGFKSYNEQF,1
TRBV7-9,TRBJ2-1,ASSPGQGFLHEQF,1
TRBV7-9,TRBJ2-1,ASSPGQGFNEQF,3
TRBV7-9,TRBJ2-1,ASSPGQGFNNEQF,2
TRBV7-9,TRBJ2-1,ASSPGQGFYEQC,1
TRBV7-9,TRBJ2-1,ASSPGQGFYEQF,14
TRBV7-9,TRBJ2-1,ASSPGQGFYNEQF,20
TRBV7-9,TRBJ2-1,ASSPGQGGADNEQF,8
TRBV7-9,TRBJ2-1,ASSPGQGGANEQF,5
TRBV7-9,TRBJ2-1,ASSPGQGGAYNEQF,1
TRBV7-9,TRBJ2-1,ASSPGQGGCNEQF,1
TRBV7-9,TRBJ2-1,ASSPGQGGDEQF,11
TRBV7-9,TRBJ2-1,ASSPGQGGDPYNEQF,1
TRBV7-9,TRBJ2-1,ASSPGQGGFDEQF,1
TRBV7-9,TRBJ2-1,ASSPGQGGFNEQF,34
TRBV7-9,TRBJ2-1,ASSPGQGGGDNEQF,1
TRBV7-9,TRBJ2-1,ASSPGQGGGFYDEQF,1
TRBV7-9,TRBJ2-1,ASSPGQGGGRASDEQF,5
TRBV7-9,TRBJ2-1,ASSPGQGGGYNEQF,1
TRBV7-9,TRBJ2-1,ASSPGQGGHDEQF,1
TRBV7-9,TRBJ2-1,ASSPGQGGHEQF,12
TRBV7-9,TRBJ2-1,ASSPGQGGHNEQF,1
TRBV7-9,TRBJ2-1,ASSPGQGGKDEQF,1
TRBV7-9,TRBJ2-1,ASSPGQGGKIEQF,1
TRBV7-9,TRBJ2-1,ASSPGQGGKNYKEQF,1
TRBV7-9,TRBJ2-1,ASSPGQGGKNYNEQF,17
TRBV7-9,TRBJ2-1,ASSPGQGGLNEQF,14
TRBV7-9,TRBJ2-1,ASSPGQGGLTYNEQF,1
TRBV7-9,TRBJ2-1,ASSPGQGGMDNEQF,1
TRBV7-9,TRBJ2-1,ASSPGQGGNEQF,11
TRBV7-9,TRBJ2-1,ASSPGQGGNNEQF,8
TRBV7-9,TRBJ2-1,ASSPGQGGNSYNEQF,1
TRBV7-9,TRBJ2-1,ASSPGQGGPSYNEQF,1
TRBV7-9,TRBJ2-1,ASSPGQGGPYNEQF,1
TRBV7-9,TRBJ2-1,ASSPGQGGQF,5
TRBV7-9,TRBJ2-1,ASSPGQGGQGNEQF,1
TRBV7-9,TRBJ2-1,ASSPGQGGQNEQF,4
TRBV7-9,TRBJ2-1,ASSPGQGGRNEQF,1
TRBV7-9,TRBJ2-1,ASSPGQGGRYNEQF,1
TRBV7-9,TRBJ2-1,ASSPGQGGSDEQF,1
TRBV7-9,TRBJ2-1,ASSPGQGGSYNEQF,23
TRBV7-9,TRBJ2-1,ASSPGQGGTYNEQF,3
TRBV7-9,TRBJ2-1,ASSPGQGGVNEQF,3
TRBV7-9,TRBJ2-1,ASSPGQGGWNEQF,2
TRBV7-9,TRBJ2-1,ASSPGQGGYNEQF,42
TRBV7-9,TRBJ2-1,ASSPGQGGYYEQF,6
TRBV7-9,TRBJ2-1,ASSPGQGHDEQF,2
TRBV7-9,TRBJ2-1,ASSPGQGHEQF,1
TRBV7-9,TRBJ2-1,ASSPGQGHNEQF,16
TRBV7-9,TRBJ2-1,ASSPGQGHYNEQF,7
TRBV7-9,TRBJ2-1,ASSPGQGIDEQF,6
TRBV7-9,TRBJ2-1,ASSPGQGIFNEQF,1
TRBV7-9,TRBJ2-1,ASSPGQGIGNEQF,1
TRBV7-9,TRBJ2-1,ASSPGQGIGYNEQF,1
TRBV7-9,TRBJ2-1,ASSPGQGIHEQF,2
TRBV7-9,TRBJ2-1,ASSPGQGIHNEQF,1
TRBV7-9,TRBJ2-1,ASSPGQGIHSEQF,1
TRBV7-9,TRBJ2-1,ASSPGQGINEQF,3
TRBV7-9,TRBJ2-1,ASSPGQGINNEQF,5
TRBV7-9,TRBJ2-1,ASSPGQGIRNEQF,1
TRBV7-9,TRBJ2-1,ASSPGQGIRQEQF,7
TRBV7-9,TRBJ2-1,ASSPGQGISNEQF,1
TRBV7-9,TRBJ2-1,ASSPGQGIYNEQC,2
TRBV7-9,TRBJ2-1,ASSPGQGIYNEQF,64
TRBV7-9,TRBJ2-1,ASSPGQGKAYNEQF,11
TRBV7-9,TRBJ2-1,ASSPGQGKDEQF,2
TRBV7-9,TRBJ2-1,ASSPGQGKEQF,1
TRBV7-9,TRBJ2-1,ASSPGQGKGNEQF,1
TRBV7-9,TRBJ2-1,ASSPGQGKGTYNEQF,1
TRBV7-9,TRBJ2-1,ASSPGQGKINEQF,3
TRBV7-9,TRBJ2-1,ASSPGQGKKHEQF,7
TRBV7-9,TRBJ2-1,ASSPGQGKLNEQF,2
TRBV7-9,TRBJ2-1,ASSPGQGKNEQF,5
TRBV7-9,TRBJ2-1,ASSPGQGKSNEQF,1
TRBV7-9,TRBJ2-1,ASSPGQGKYEQF,1
TRBV7-9,TRBJ2-1,ASSPGQGKYNEQF,6
TRBV7-9,TRBJ2-1,ASSPGQGLADSYNEQF,9
TRBV7-9,TRBJ2-1,ASSPGQGLAEDNEQF,1
TRBV7-9,TRBJ2-1,ASSPGQGLAYNEQF,4
TRBV7-9,TRBJ2-1,ASSPGQGLDEQF,1
TRBV7-9,TRBJ2-1,ASSPGQGLDNEQF,8
TRBV7-9,TRBJ2-1,ASSPGQGLDYEQF,1
TRBV7-9,TRBJ2-1,ASSPGQGLFNEQF,1
TRBV7-9,TRBJ2-1,ASSPGQGLGDEQF,3
TRBV7-9,TRBJ2-1,ASSPGQGLGNEQF,3
TRBV7-9,TRBJ2-1,ASSPGQGLHF,1
TRBV7-9,TRBJ2-1,ASSPGQGLHNEQF,1
TRBV7-9,TRBJ2-1,ASSPGQGLHYNEQF,4
TRBV7-9,TRBJ2-1,ASSPGQGLINEQF,4
TRBV7-9,TRBJ2-1,ASSPGQGLLNEQF,1
TRBV7-9,TRBJ2-1,ASSPGQGLNDEQF,1
TRBV7-9,TRBJ2-1,ASSPGQGLNEQF,10
TRBV7-9,TRBJ2-1,ASSPGQGLNNEQF,1
TRBV7-9,TRBJ2-1,ASSPGQGLPYNEQF,1
TRBV7-9,TRBJ2-1,ASSPGQGLQF,43
TRBV7-9,TRBJ2-1,ASSPGQGLQI,1
TRBV7-9,TRBJ2-1,ASSPGQGLRDEQF,14
TRBV7-9,TRBJ2-1,ASSPGQGLRNEQF,1
TRBV7-9,TRBJ2-1,ASSPGQGLSYEQF,1
TRBV7-9,TRBJ2-1,ASSPGQGLSYNEQC,1
TRBV7-9,TRBJ2-1,ASSPGQGLSYNEQF,14
TRBV7-9,TRBJ2-1,ASSPGQGLWNEQF,2
TRBV7-9,TRBJ2-1,ASSPGQGLYNEQF,89
TRBV7-9,TRBJ2-1,ASSPGQGLYNEQL,2
TRBV7-9,TRBJ2-1,ASSPGQGLYNEQY,1
TRBV7-9,TRBJ2-1,ASSPGQGMAYNEQF,2
TRBV7-9,TRBJ2-1,ASSPGQGMGDEQF,1
TRBV7-9,TRBJ2-1,ASSPGQGMLNEQF,1
TRBV7-9,TRBJ2-1,ASSPGQGMNEQF,1
TRBV7-9,TRBJ2-1,ASSPGQGMRNEQF,2
TRBV7-9,TRBJ2-1,ASSPGQGMYNEQF,1
TRBV7-9,TRBJ2-1,ASSPGQGNDEQF,1
TRBV7-9,TRBJ2-1,ASSPGQGNEHF,1
TRBV7-9,TRBJ2-1,ASSPGQGNEQF,100
TRBV7-9,TRBJ2-1,ASSPGQGNEQV,1
TRBV7-9,TRBJ2-1,ASSPGQGNEQY,1
TRBV7-9,TRBJ2-1,ASSPGQGNHEQF,1
TRBV7-9,TRBJ2-1,ASSPGQGNHNEQF,1
TRBV7-9,TRBJ2-1,ASSPGQGNMYEQF,3
TRBV7-9,TRBJ2-1,ASSPGQGNNEQF,37
TRBV7-9,TRBJ2-1,ASSPGQGNNNEQF,1
TRBV7-9,TRBJ2-1,ASSPGQGNSHEQF,1
TRBV7-9,TRBJ2-1,ASSPGQGNSYNEQF,2
TRBV7-9,TRBJ2-1,ASSPGQGNWDEQF,1
TRBV7-9,TRBJ2-1,ASSPGQGNYNEQF,11
TRBV7-9,TRBJ2-1,ASSPGQGNYPYNEQF,1
TRBV7-9,TRBJ2-1,ASSPGQGPAGNEQF,1
TRBV7-9,TRBJ2-1,ASSPGQGPDEQF,17
TRBV7-9,TRBJ2-1,ASSPGQGPDKQF,2
TRBV7-9,TRBJ2-1,ASSPGQGPFNEQF,6
TRBV7-9,TRBJ2-1,ASSPGQGPGDEQF,11
TRBV7-9,TRBJ2-1,ASSPGQGPGYEQF,1
TRBV7-9,TRBJ2-1,ASSPGQGPIYNEQF,1
TRBV7-9,TRBJ2-1,ASSPGQGPLHNNEQF,1
TRBV7-9,TRBJ2-1,ASSPGQGPNNEQF,38
TRBV7-9,TRBJ2-1,ASSPGQGPNNVQF,2
TRBV7-9,TRBJ2-1,ASSPGQGPPGAYNEQF,1
TRBV7-9,TRBJ2-1,ASSPGQGPPNEQF,2
TRBV7-9,TRBJ2-1,ASSPGQGPRDEQF,1
TRBV7-9,TRBJ2-1,ASSPGQGPRNEQF,1
TRBV7-9,TRBJ2-1,ASSPGQGPSHSYNEQF,1
TRBV7-9,TRBJ2-1,ASSPGQGPSNEQF,1
TRBV7-9,TRBJ2-1,ASSPGQGPSSYNEQF,2
TRBV7-9,TRBJ2-1,ASSPGQGPSYNEQF,4
TRBV7-9,TRBJ2-1,ASSPGQGPYNEQF,18
TRBV7-9,TRBJ2-1,ASSPGQGPYYGNEQF,1
TRBV7-9,TRBJ2-1,ASSPGQGQF,8
TRBV7-9,TRBJ2-1,ASSPGQGQGEQF,3
TRBV7-9,TRBJ2-1,ASSPGQGQHEQF,1
TRBV7-9,TRBJ2-1,ASSPGQGQINEHF,2
TRBV7-9,TRBJ2-1,ASSPGQGQINEQF,46
TRBV7-9,TRBJ2-1,ASSPGQGQINQQF,1
TRBV7-9,TRBJ2-1,ASSPGQGQLRRYNEQF,1
TRBV7-9,TRBJ2-1,ASSPGQGQMNEQF,1
TRBV7-9,TRBJ2-1,ASSPGQGQNNEQF,1
TRBV7-9,TRBJ2-1,ASSPGQGQQF,1
TRBV7-9,TRBJ2-1,ASSPGQGQYNEQF,5
TRBV7-9,TRBJ2-1,ASSPGQGQYQYNEQF,1
TRBV7-9,TRBJ2-1,ASSPGQGRAYNEQF,1
TRBV7-9,TRBJ2-1,ASSPGQGRCTEQF,1
TRBV7-9,TRBJ2-1,ASSPGQGRDEQF,3
TRBV7-9,TRBJ2-1,ASSPGQGRDNEQF,10
TRBV7-9,TRBJ2-1,ASSPGQGRDRGYNEQF,1
TRBV7-9,TRBJ2-1,ASSPGQGRF,7
TRBV7-9,TRBJ2-1,ASSPGQGRFDEQF,1
TRBV7-9,TRBJ2-1,ASSPGQGRGKEQF,1
TRBV7-9,TRBJ2-1,ASSPGQGRGNDQF,1
TRBV7-9,TRBJ2-1,ASSPGQGRGNEHF,1
TRBV7-9,TRBJ2-1,ASSPGQGRGNEPF,1
TRBV7-9,TRBJ2-1,ASSPGQGRGNEQC,1
TRBV7-9,TRBJ2-1,ASSPGQGRGNEQF,143
TRBV7-9,TRBJ2-1,ASSPGQGRGNERF,1
TRBV7-9,TRBJ2-1,ASSPGQGRGYEQF,1
TRBV7-9,TRBJ2-1,ASSPGQGRHNEQF,6
TRBV7-9,TRBJ2-1,ASSPGQGRNEQF,26
TRBV7-9,TRBJ2-1,ASSPGQGRQF,2
TRBV7-9,TRBJ2-1,ASSPGQGRRNEQF,3
TRBV7-9,TRBJ2-1,ASSPGQGRSFYNEQF,7
TRBV7-9,TRBJ2-1,ASSPGQGRSGNEQF,1
TRBV7-9,TRBJ2-1,ASSPGQGRSNEQF,1
TRBV7-9,TRBJ2-1,ASSPGQGRSYNEQF,23
TRBV7-9,TRBJ2-1,ASSPGQGRTNEQF,1
TRBV7-9,TRBJ2-1,ASSPGQGRVDEQF,1
TRBV7-9,TRBJ2-1,ASSPGQGRVNEQC,1
TRBV7-9,TRBJ2-1,ASSPGQGRVNEQF,20
TRBV7-9,TRBJ2-1,ASSPGQGRVSGNEQF,1
TRBV7-9,TRBJ2-1,ASSPGQGRVSYNEQF,2
TRBV7-9,TRBJ2-1,ASSPGQGRVTEHF,1
TRBV7-9,TRBJ2-1,ASSPGQGRVYNEQF,1
TRBV7-9,TRBJ2-1,ASSPGQGRWDEQF,4
TRBV7-9,TRBJ2-1,ASSPGQGRYNEQF,16
TRBV7-9,TRBJ2-1,ASSPGQGSDKEQF,2
TRBV7-9,TRBJ2-1,ASSPGQGSEVNEQF,2
TRBV7-9,TRBJ2-1,ASSPGQGSFEAQF,1
TRBV7-9,TRBJ2-1,ASSPGQGSFEEQF,6
TRBV7-9,TRBJ2-1,ASSPGQGSFNEQF,3
TRBV7-9,TRBJ2-1,ASSPGQGSGNEQF,1
TRBV7-9,TRBJ2-1,ASSPGQGSGNEQL,5
TRBV7-9,TRBJ2-1,ASSPGQGSGQEQF,2
TRBV7-9,TRBJ2-1,ASSPGQGSGSNEQF,1
TRBV7-9,TRBJ2-1,ASSPGQGSGVNEQF,1
TRBV7-9,TRBJ2-1,ASSPGQGSHNEQF,3
TRBV7-9,TRBJ2-1,ASSPGQGSINEQF,16
TRBV7-9,TRBJ2-1,ASSPGQGSIYNEQF,1
TRBV7-9,TRBJ2-1,ASSPGQGSLFNEQF,4
TRBV7-9,TRBJ2-1,ASSPGQGSNEQF,23
TRBV7-9,TRBJ2-1,ASSPGQGSNEVSYNEQF,1
TRBV7-9,TRBJ2-1,ASSPGQGSNNEQF,8
TRBV7-9,TRBJ2-1,ASSPGQGSPYNEQF,14
TRBV7-9,TRBJ2-1,ASSPGQGSRDEQF,9
TRBV7-9,TRBJ2-1,ASSPGQGSRNEQF,2
TRBV7-9,TRBJ2-1,ASSPGQGSSNEQF,2
TRBV7-9,TRBJ2-1,ASSPGQGSSSYEQF,1
TRBV7-9,TRBJ2-1,ASSPGQGSSYNEQF,14
TRBV7-9,TRBJ2-1,ASSPGQGSYKEQF,2
TRBV7-9,TRBJ2-1,ASSPGQGSYNAQF,1
TRBV7-9,TRBJ2-1,ASSPGQGSYNEQF,146
TRBV7-9,TRBJ2-1,ASSPGQGSYNEQV,1
TRBV7-9,TRBJ2-1,ASSPGQGSYNKQF,1
TRBV7-9,TRBJ2-1,ASSPGQGTDNEQF,1
TRBV7-9,TRBJ2-1,ASSPGQGTFNEQF,1
TRBV7-9,TRBJ2-1,ASSPGQGTGNEQF,1
TRBV7-9,TRBJ2-1,ASSPGQGTHNEQF,14
TRBV7-9,TRBJ2-1,ASSPGQGTIENEQF,1
TRBV7-9,TRBJ2-1,ASSPGQGTIGEQF,9
TRBV7-9,TRBJ2-1,ASSPGQGTINNEQF,15
TRBV7-9,TRBJ2-1,ASSPGQGTISEQF,1
TRBV7-9,TRBJ2-1,ASSPGQGTIYNEQF,1
TRBV7-9,TRBJ2-1,ASSPGQGTNNEQF,1
TRBV7-9,TRBJ2-1,ASSPGQGTPKVRNEQF,23
TRBV7-9,TRBJ2-1,ASSPGQGTRNEQF,1
TRBV7-9,TRBJ2-1,ASSPGQGTSGEQF,1
TRBV7-9,TRBJ2-1,ASSPGQGTSGNSYNEQF,1
TRBV7-9,TRBJ2-1,ASSPGQGTTYNEQF,1
TRBV7-9,TRBJ2-1,ASSPGQGTVNNEQF,1
TRBV7-9,TRBJ2-1,ASSPGQGTVSSYNEQF,1
TRBV7-9,TRBJ2-1,ASSPGQGTYNDQF,1
TRBV7-9,TRBJ2-1,ASSPGQGTYNEQF,98
TRBV7-9,TRBJ2-1,ASSPGQGTYNEQL,1
TRBV7-9,TRBJ2-1,ASSPGQGTYYNEQF,4
TRBV7-9,TRBJ2-1,ASSPGQGVANEQF,1
TRBV7-9,TRBJ2-1,ASSPGQGVAYNEQF,2
TRBV7-9,TRBJ2-1,ASSPGQGVDAINEQF,4
TRBV7-9,TRBJ2-1,ASSPGQGVDEQF,5
TRBV7-9,TRBJ2-1,ASSPGQGVDNEQF,1
TRBV7-9,TRBJ2-1,ASSPGQGVDSYNEQF,1
TRBV7-9,TRBJ2-1,ASSPGQGVGNEQF,1
TRBV7-9,TRBJ2-1,ASSPGQGVHEQF,1
TRBV7-9,TRBJ2-1,ASSPGQGVHNEQF,10
TRBV7-9,TRBJ2-1,ASSPGQGVINEQF,3
TRBV7-9,TRBJ2-1,ASSPGQGVIQNEQF,1
TRBV7-9,TRBJ2-1,ASSPGQGVLAAYNEQF,9
TRBV7-9,TRBJ2-1,ASSPGQGVLGDEQF,3
TRBV7-9,TRBJ2-1,ASSPGQGVLNEQF,1
TRBV7-9,TRBJ2-1,ASSPGQGVLSYNEQF,1
TRBV7-9,TRBJ2-1,ASSPGQGVNEQF,4
TRBV7-9,TRBJ2-1,ASSPGQGVNNEQF,2
TRBV7-9,TRBJ2-1,ASSPGQGVPKRRNEQF,3
TRBV7-9,TRBJ2-1,ASSPGQGVPKRRNERF,1
TRBV7-9,TRBJ2-1,ASSPGQGVPYNEQF,4
TRBV7-9,TRBJ2-1,ASSPGQGVRDPF,1
TRBV7-9,TRBJ2-1,ASSPGQGVSSYNEQF,1
TRBV7-9,TRBJ2-1,ASSPGQGVSYDEQF,1
TRBV7-9,TRBJ2-1,ASSPGQGVSYNEQF,10
TRBV7-9,TRBJ2-1,ASSPGQGVTYNEQF,1
TRBV7-9,TRBJ2-1,ASSPGQGVVDEQF,1
TRBV7-9,TRBJ2-1,ASSPGQGVVNEQF,1
TRBV7-9,TRBJ2-1,ASSPGQGVVVNEQF,1
TRBV7-9,TRBJ2-1,ASSPGQGVWDEQF,2
TRBV7-9,TRBJ2-1,ASSPGQGVWL,5
TRBV7-9,TRBJ2-1,ASSPGQGVWNEQF,2
TRBV7-9,TRBJ2-1,ASSPGQGVYEQF,1
TRBV7-9,TRBJ2-1,ASSPGQGVYNELF,1
TRBV7-9,TRBJ2-1,ASSPGQGVYNEQF,25
TRBV7-9,TRBJ2-1,ASSPGQGWAYNEQF,18
TRBV7-9,TRBJ2-1,ASSPGQGWDEQF,14
TRBV7-9,TRBJ2-1,ASSPGQGWDNEQF,4
TRBV7-9,TRBJ2-1,ASSPGQGWETQY,1
TRBV7-9,TRBJ2-1,ASSPGQGWGDNEQF,1
TRBV7-9,TRBJ2-1,ASSPGQGWGNEQF,6
TRBV7-9,TRBJ2-1,ASSPGQGWHEQF,2
TRBV7-9,TRBJ2-1,ASSPGQGWNEQF,23
TRBV7-9,TRBJ2-1,ASSPGQGWQEQF,1
TRBV7-9,TRBJ2-1,ASSPGQGWRNAHF,1
TRBV7-9,TRBJ2-1,ASSPGQGWSEQF,1
TRBV7-9,TRBJ2-1,ASSPGQGWVNEQF,2
TRBV7-9,TRBJ2-1,ASSPGQGWYNEQF,1
TRBV7-9,TRBJ2-1,ASSPGQGYDEQF,2
TRBV7-9,TRBJ2-1,ASSPGQGYDNEQF,2
TRBV7-9,TRBJ2-1,ASSPGQGYEQF,8
TRBV7-9,TRBJ2-1,ASSPGQGYGEQF,3
TRBV7-9,TRBJ2-1,ASSPGQGYHEQF,1
TRBV7-9,TRBJ2-1,ASSPGQGYHNEQF,1
TRBV7-9,TRBJ2-1,ASSPGQGYIEQF,1
TRBV7-9,TRBJ2-1,ASSPGQGYNEKF,1
TRBV7-9,TRBJ2-1,ASSPGQGYNEQF,78
TRBV7-9,TRBJ2-1,ASSPGQGYSYNEQF,1
TRBV7-9,TRBJ2-1,ASSPGQGYVRDNEQF,1
TRBV7-9,TRBJ2-1,ASSPGQGYYNEQF,2
TRBV7-9,TRBJ2-1,ASSPGQHHNEQF,1
TRBV7-9,TRBJ2-1,ASSPGQHKEQF,1
TRBV7-9,TRBJ2-1,ASSPGQHNEQF,30
TRBV7-9,TRBJ2-1,ASSPGQHRSYNEQF,2
TRBV7-9,TRBJ2-1,ASSPGQHYIEQF,1
TRBV7-9,TRBJ2-1,ASSPGQHYNEQF,2
TRBV7-9,TRBJ2-1,ASSPGQIDNEQF,1
TRBV7-9,TRBJ2-1,ASSPGQIENEQF,15
TRBV7-9,TRBJ2-1,ASSPGQIENKQF,1
TRBV7-9,TRBJ2-1,ASSPGQIHNEQF,1
TRBV7-9,TRBJ2-1,ASSPGQIIYNEQF,1
TRBV7-9,TRBJ2-1,ASSPGQINEQF,5
TRBV7-9,TRBJ2-1,ASSPGQIPYNEQF,1
TRBV7-9,TRBJ2-1,ASSPGQIRWDEQF,5
TRBV7-9,TRBJ2-1,ASSPGQISYNEQF,3
TRBV7-9,TRBJ2-1,ASSPGQIYEQF,4
TRBV7-9,TRBJ2-1,ASSPGQIYNEQF,6
TRBV7-9,TRBJ2-1,ASSPGQKAYQF,3
TRBV7-9,TRBJ2-1,ASSPGQKGTDFSYNEQF,2
TRBV7-9,TRBJ2-1,ASSPGQKNEQF,2
TRBV7-9,TRBJ2-1,ASSPGQKPYNEQF,1
TRBV7-9,TRBJ2-1,ASSPGQKSYNEPF,1
TRBV7-9,TRBJ2-1,ASSPGQKSYNEQF,12
TRBV7-9,TRBJ2-1,ASSPGQKYNEQF,3
TRBV7-9,TRBJ2-1,ASSPGQLAAGVFNEQF,1
TRBV7-9,TRBJ2-1,ASSPGQLDRSYNEQF,1
TRBV7-9,TRBJ2-1,ASSPGQLEQF,1
TRBV7-9,TRBJ2-1,ASSPGQLGNEQF,1
TRBV7-9,TRBJ2-1,ASSPGQLHNEQF,4
TRBV7-9,TRBJ2-1,ASSPGQLLSSYNEQF,5
TRBV7-9,TRBJ2-1,ASSPGQLNDEQF,8
TRBV7-9,TRBJ2-1,ASSPGQLNEQF,5
TRBV7-9,TRBJ2-1,ASSPGQLNNEQF,3
TRBV7-9,TRBJ2-1,ASSPGQLNYNEQF,1
TRBV7-9,TRBJ2-1,ASSPGQLQF,1
TRBV7-9,TRBJ2-1,ASSPGQLRDEHNEQF,1
TRBV7-9,TRBJ2-1,ASSPGQLSFRNSYNEQF,1
TRBV7-9,TRBJ2-1,ASSPGQLSYKEQF,2
TRBV7-9,TRBJ2-1,ASSPGQLSYNEQF,14
TRBV7-9,TRBJ2-1,ASSPGQLYNEQF,9
TRBV7-9,TRBJ2-1,ASSPGQMGDNEQF,1
TRBV7-9,TRBJ2-1,ASSPGQNAYNEQF,1
TRBV7-9,TRBJ2-1,ASSPGQNEQF,7
TRBV7-9,TRBJ2-1,ASSPGQNFYNEQF,1
TRBV7-9,TRBJ2-1,ASSPGQNHEQF,1
TRBV7-9,TRBJ2-1,ASSPGQNKEQF,1
TRBV7-9,TRBJ2-1,ASSPGQNNAQF,1
TRBV7-9,TRBJ2-1,ASSPGQNNEQF,33
TRBV7-9,TRBJ2-1,ASSPGQNNNEQF,1
TRBV7-9,TRBJ2-1,ASSPGQNSYNEQF,3
TRBV7-9,TRBJ2-1,ASSPGQNYNEQF,5
TRBV7-9,TRBJ2-1,ASSPGQPEHQF,1
TRBV7-9,TRBJ2-1,ASSPGQPEQF,13
TRBV7-9,TRBJ2-1,ASSPGQPGDNEQF,11
TRBV7-9,TRBJ2-1,ASSPGQPGNEQF,4
TRBV7-9,TRBJ2-1,ASSPGQPGVRSYNEQF,1
TRBV7-9,TRBJ2-1,ASSPGQPNEQF,40
TRBV7-9,TRBJ2-1,ASSPGQPNNEQF,1
TRBV7-9,TRBJ2-1,ASSPGQPPTNEQF,1
TRBV7-9,TRBJ2-1,ASSPGQPRDEQF,1
TRBV7-9,TRBJ2-1,ASSPGQPSYNEQF,1
TRBV7-9,TRBJ2-1,ASSPGQPYNEQF,6
TRBV7-9,TRBJ2-1,ASSPGQPYSYNEQF,1
TRBV7-9,TRBJ2-1,ASSPGQQANEQF,1
TRBV7-9,TRBJ2-1,ASSPGQQELFYNEQF,6
TRBV7-9,TRBJ2-1,ASSPGQQELLYNEQF,1
TRBV7-9,TRBJ2-1,ASSPGQQFDEQF,1
TRBV7-9,TRBJ2-1,ASSPGQQLSYNEQF,1
TRBV7-9,TRBJ2-1,ASSPGQQSYNEQF,1
TRBV7-9,TRBJ2-1,ASSPGQQTADEQF,1
TRBV7-9,TRBJ2-1,ASSPGQQYHNEQF,1
TRBV7-9,TRBJ2-1,ASSPGQQYNEQF,8
TRBV7-9,TRBJ2-1,ASSPGQRADEQF,3
TRBV7-9,TRBJ2-1,ASSPGQRADGQF,1
TRBV7-9,TRBJ2-1,ASSPGQRAYNEKF,1
TRBV7-9,TRBJ2-1,ASSPGQRAYNEQF,27
TRBV7-9,TRBJ2-1,ASSPGQRDNEQF,1
TRBV7-9,TRBJ2-1,ASSPGQREDEQF,1
TRBV7-9,TRBJ2-1,ASSPGQREGWKEQF,2
TRBV7-9,TRBJ2-1,ASSPGQREGWNEQF,11
TRBV7-9,TRBJ2-1,ASSPGQREGWNEQY,1
TRBV7-9,TRBJ2-1,ASSPGQREHPF,1
TRBV7-9,TRBJ2-1,ASSPGQREHQC,1
TRBV7-9,TRBJ2-1,ASSPGQREHQF,12
TRBV7-9,TRBJ2-1,ASSPGQREHQL,1
TRBV7-9,TRBJ2-1,ASSPGQRESDEQF,1
TRBV7-9,TRBJ2-1,ASSPGQRESNEQF,1
TRBV7-9,TRBJ2-1,ASSPGQREWYEQF,1
TRBV7-9,TRBJ2-1,ASSPGQRFSYNEQF,6
TRBV7-9,TRBJ2-1,ASSPGQRGGNEQF,1
TRBV7-9,TRBJ2-1,ASSPGQRGHQF,1
TRBV7-9,TRBJ2-1,ASSPGQRGVSDEQF,1
TRBV7-9,TRBJ2-1,ASSPGQRKRYNEQF,1
TRBV7-9,TRBJ2-1,ASSPGQRLGDNNEQF,1
TRBV7-9,TRBJ2-1,ASSPGQRNEQF,3
TRBV7-9,TRBJ2-1,ASSPGQRNNEQF,1
TRBV7-9,TRBJ2-1,ASSPGQRPYNEQF,1
TRBV7-9,TRBJ2-1,ASSPGQRQSYNEQF,1
TRBV7-9,TRBJ2-1,ASSPGQRRGNEQF,1
TRBV7-9,TRBJ2-1,ASSPGQRRYNEQF,1
TRBV7-9,TRBJ2-1,ASSPGQRSSNEQF,1
TRBV7-9,TRBJ2-1,ASSPGQRSSYNEQF,1
TRBV7-9,TRBJ2-1,ASSPGQRSYNEQF,3
TRBV7-9,TRBJ2-1,ASSPGQRVLF,8
TRBV7-9,TRBJ2-1,ASSPGQRVYNEQF,1
TRBV7-9,TRBJ2-1,ASSPGQRWVSYEQF,1
TRBV7-9,TRBJ2-1,ASSPGQRYNEQF,1
TRBV7-9,TRBJ2-1,ASSPGQSEQF,9
TRBV7-9,TRBJ2-1,ASSPGQSFYNEQF,1
TRBV7-9,TRBJ2-1,ASSPGQSIYNEQF,2
TRBV7-9,TRBJ2-1,ASSPGQSLSNEQF,2
TRBV7-9,TRBJ2-1,ASSPGQSLSYNEQF,1
TRBV7-9,TRBJ2-1,ASSPGQSLYNEQF,1
TRBV7-9,TRBJ2-1,ASSPGQSNEQF,9
TRBV7-9,TRBJ2-1,ASSPGQSNNEQF,1
TRBV7-9,TRBJ2-1,ASSPGQSSSNEQF,1
TRBV7-9,TRBJ2-1,ASSPGQSSSYNEQF,2
TRBV7-9,TRBJ2-1,ASSPGQSSYNEQF,66
TRBV7-9,TRBJ2-1,ASSPGQSSYNGQF,1
TRBV7-9,TRBJ2-1,ASSPGQSTGNEQF,1
TRBV7-9,TRBJ2-1,ASSPGQSTPNEQF,6
TRBV7-9,TRBJ2-1,ASSPGQSTWNEQF,1
TRBV7-9,TRBJ2-1,ASSPGQSTYNEQF,1
TRBV7-9,TRBJ2-1,ASSPGQSWLTGQF,4
TRBV7-9,TRBJ2-1,ASSPGQSYEQF,1
TRBV7-9,TRBJ2-1,ASSPGQSYNEQF,45
TRBV7-9,TRBJ2-1,ASSPGQSYNVQF,1
TRBV7-9,TRBJ2-1,ASSPGQSYPYNEQF,1
TRBV7-9,TRBJ2-1,ASSPGQTDYNEQF,1
TRBV7-9,TRBJ2-1,ASSPGQTEF,11
TRBV7-9,TRBJ2-1,ASSPGQTHEPF,1
TRBV7-9,TRBJ2-1,ASSPGQTHEQF,16
TRBV7-9,TRBJ2-1,ASSPGQTHNEQF,1
TRBV7-9,TRBJ2-1,ASSPGQTHYHKQF,1
TRBV7-9,TRBJ2-1,ASSPGQTIYNEQF,1
TRBV7-9,TRBJ2-1,ASSPGQTLNEQF,1
TRBV7-9,TRBJ2-1,ASSPGQTLSYNEQF,2
TRBV7-9,TRBJ2-1,ASSPGQTNPYNEQF,1
TRBV7-9,TRBJ2-1,ASSPGQTPDNEQF,1
TRBV7-9,TRBJ2-1,ASSPGQTPYNEQF,82
TRBV7-9,TRBJ2-1,ASSPGQTSGSSYNEQF,1
TRBV7-9,TRBJ2-1,ASSPGQTSWHEQF,1
TRBV7-9,TRBJ2-1,ASSPGQTSYNEQF,4
TRBV7-9,TRBJ2-1,ASSPGQTTPYNEQF,1
TRBV7-9,TRBJ2-1,ASSPGQTTSDEQF,1
TRBV7-9,TRBJ2-1,ASSPGQTTYNEQF,1
TRBV7-9,TRBJ2-1,ASSPGQTWNEQF,1
TRBV7-9,TRBJ2-1,ASSPGQTYNEQF,10
TRBV7-9,TRBJ2-1,ASSPGQTYNEQS,1
TRBV7-9,TRBJ2-1,ASSPGQVAGNNEQV,1
TRBV7-9,TRBJ2-1,ASSPGQVDNEQF,1
TRBV7-9,TRBJ2-1,ASSPGQVDYNEQF,1
TRBV7-9,TRBJ2-1,ASSPGQVEQC,2
TRBV7-9,TRBJ2-1,ASSPGQVEQF,16
TRBV7-9,TRBJ2-1,ASSPGQVGFNEQF,1
TRBV7-9,TRBJ2-1,ASSPGQVIYNEQF,1
TRBV7-9,TRBJ2-1,ASSPGQVLAGLVSYNEQF,6
TRBV7-9,TRBJ2-1,ASSPGQVLNEQF,4
TRBV7-9,TRBJ2-1,ASSPGQVNEQF,10
TRBV7-9,TRBJ2-1,ASSPGQVNEQV,1
TRBV7-9,TRBJ2-1,ASSPGQVNGHEQF,1
TRBV7-9,TRBJ2-1,ASSPGQVNNEQF,1
TRBV7-9,TRBJ2-1,ASSPGQVNRYEQF,1
TRBV7-9,TRBJ2-1,ASSPGQVPWDEQF,1
TRBV7-9,TRBJ2-1,ASSPGQVRAGSYNEQF,10
TRBV7-9,TRBJ2-1,ASSPGQVRDNEQF,1
TRBV7-9,TRBJ2-1,ASSPGQVREQF,6
TRBV7-9,TRBJ2-1,ASSPGQVRGNEQF,1
TRBV7-9,TRBJ2-1,ASSPGQVRRNEQF,1
TRBV7-9,TRBJ2-1,ASSPGQVSLCNEQF,1
TRBV7-9,TRBJ2-1,ASSPGQVSRDNEQF,9
TRBV7-9,TRBJ2-1,ASSPGQVSSYNEQF,1
TRBV7-9,TRBJ2-1,ASSPGQVSYNEQF,4
TRBV7-9,TRBJ2-1,ASSPGQVTHNEQF,1
TRBV7-9,TRBJ2-1,ASSPGQVTYNEQF,12
TRBV7-9,TRBJ2-1,ASSPGQVWGEQF,9
TRBV7-9,TRBJ2-1,ASSPGQVYNEQC,1
TRBV7-9,TRBJ2-1,ASSPGQVYNEQF,52
TRBV7-9,TRBJ2-1,ASSPGQWAQNEQF,1
TRBV7-9,TRBJ2-1,ASSPGQWNEQF,2
TRBV7-9,TRBJ2-1,ASSPGQWRGNEQF,1
TRBV7-9,TRBJ2-1,ASSPGQWSSYNEQF,1
TRBV7-9,TRBJ2-1,ASSPGQYDNEQF,1
TRBV7-9,TRBJ2-1,ASSPGQYIEQF,1
TRBV7-9,TRBJ2-1,ASSPGQYIHEQF,1
TRBV7-9,TRBJ2-1,ASSPGQYKEQF,1
TRBV7-9,TRBJ2-1,ASSPGQYMDEQF,1
TRBV7-9,TRBJ2-1,ASSPGQYNAQF,1
TRBV7-9,TRBJ2-1,ASSPGQYNEQC,1
TRBV7-9,TRBJ2-1,ASSPGQYNEQF,122
TRBV7-9,TRBJ2-1,ASSPGQYNKQF,1
TRBV7-9,TRBJ2-1,ASSPGQYSYNEQF,11
TRBV7-9,TRBJ2-1,ASSPGQYVHLTYNEQF,1
TRBV7-9,TRBJ2-1,ASSPGQYYNEQF,8
TRBV7-9,TRBJ2-1,ASSPGRAAFNEQF,6
TRBV7-9,TRBJ2-1,ASSPGRAAGPYNEQF,1
TRBV7-9,TRBJ2-1,ASSPGRAAIYNEQC,1
TRBV7-9,TRBJ2-1,ASSPGRAAIYNEQF,3
TRBV7-9,TRBJ2-1,ASSPGRAANNEQF,1
TRBV7-9,TRBJ2-1,ASSPGRAAYNEQF,1
TRBV7-9,TRBJ2-1,ASSPGRAEDLSYNEQF,1
TRBV7-9,TRBJ2-1,ASSPGRAFSSYNEQF,1
TRBV7-9,TRBJ2-1,ASSPGRAGAEQF,2
TRBV7-9,TRBJ2-1,ASSPGRAGAFSYNEQF,1
TRBV7-9,TRBJ2-1,ASSPGRAGAYNEQF,2
TRBV7-9,TRBJ2-1,ASSPGRAGDRTYNEQF,1
TRBV7-9,TRBJ2-1,ASSPGRAGETSSYNEQF,1
TRBV7-9,TRBJ2-1,ASSPGRAGGDNEQF,1
TRBV7-9,TRBJ2-1,ASSPGRAGGPGFREQF,1
TRBV7-9,TRBJ2-1,ASSPGRAGGPHNEQF,1
TRBV7-9,TRBJ2-1,ASSPGRAGGTSSYNEQF,1
TRBV7-9,TRBJ2-1,ASSPGRAGGVFRKEQF,1
TRBV7-9,TRBJ2-1,ASSPGRAGHDEQF,6
TRBV7-9,TRBJ2-1,ASSPGRAGHDEQV,1
TRBV7-9,TRBJ2-1,ASSPGRAGISYNEQF,7
TRBV7-9,TRBJ2-1,ASSPGRAGNEQF,2
TRBV7-9,TRBJ2-1,ASSPGRAGPTYNEQF,10
TRBV7-9,TRBJ2-1,ASSPGRAGVDYNEQF,1
TRBV7-9,TRBJ2-1,ASSPGRAGVNYNEQF,1
TRBV7-9,TRBJ2-1,ASSPGRAGWEQF,1
TRBV7-9,TRBJ2-1,ASSPGRAGYNEQF,1
TRBV7-9,TRBJ2-1,ASSPGRAINNEQF,1
TRBV7-9,TRBJ2-1,ASSPGRAKKF,1
TRBV7-9,TRBJ2-1,ASSPGRAKSNEQF,1
TRBV7-9,TRBJ2-1,ASSPGRALEQF,13
TRBV7-9,TRBJ2-1,ASSPGRALLAGRLVLAGHEQF,6
TRBV7-9,TRBJ2-1,ASSPGRALLNEQF,1
TRBV7-9,TRBJ2-1,ASSPGRALYNEQF,1
TRBV7-9,TRBJ2-1,ASSPGRANEQF,1
TRBV7-9,TRBJ2-1,ASSPGRAPEQF,1
TRBV7-9,TRBJ2-1,ASSPGRAPLNEQF,1
TRBV7-9,TRBJ2-1,ASSPGRAPPNEQF,16
TRBV7-9,TRBJ2-1,ASSPGRAPPNEQS,1
TRBV7-9,TRBJ2-1,ASSPGRAPRDEQF,1
TRBV7-9,TRBJ2-1,ASSPGRAQKF,15
TRBV7-9,TRBJ2-1,ASSPGRARINEQF,1
TRBV7-9,TRBJ2-1,ASSPGRARYNEQF,7
TRBV7-9,TRBJ2-1,ASSPGRASEQF,1
TRBV7-9,TRBJ2-1,ASSPGRASGAYEQF,1
TRBV7-9,TRBJ2-1,ASSPGRASGGDEQF,1
TRBV7-9,TRBJ2-1,ASSPGRASGNNEQF,1
TRBV7-9,TRBJ2-1,ASSPGRASGQSSYNEQF,1
TRBV7-9,TRBJ2-1,ASSPGRASGSSYNEQF,1
TRBV7-9,TRBJ2-1,ASSPGRASNEQF,1
TRBV7-9,TRBJ2-1,ASSPGRASVDYNEQF,1
TRBV7-9,TRBJ2-1,ASSPGRASYNEQF,2
TRBV7-9,TRBJ2-1,ASSPGRATGKNEQF,1
TRBV7-9,TRBJ2-1,ASSPGRATTYNEQF,1
TRBV7-9,TRBJ2-1,ASSPGRAWGNNEQF,2
TRBV7-9,TRBJ2-1,ASSPGRAYNEQF,3
TRBV7-9,TRBJ2-1,ASSPGRAYYNEQF,1
TRBV7-9,TRBJ2-1,ASSPGRDEQF,4
TRBV7-9,TRBJ2-1,ASSPGRDHSYDNEQF,9
TRBV7-9,TRBJ2-1,ASSPGRDKSYNEQF,1
TRBV7-9,TRBJ2-1,ASSPGRDLSYNEQF,1
TRBV7-9,TRBJ2-1,ASSPGRDLYNEQF,2
TRBV7-9,TRBJ2-1,ASSPGRDNEQF,6
TRBV7-9,TRBJ2-1,ASSPGRDPGNEQF,6
TRBV7-9,TRBJ2-1,ASSPGRDPNNEQF,1
TRBV7-9,TRBJ2-1,ASSPGRDQEF,1
TRBV7-9,TRBJ2-1,ASSPGRDRAYNAQF,1
TRBV7-9,TRBJ2-1,ASSPGRDRAYNEQF,18
TRBV7-9,TRBJ2-1,ASSPGRDRDYNEQF,1
TRBV7-9,TRBJ2-1,ASSPGRDREFNEQF,1
TRBV7-9,TRBJ2-1,ASSPGRDRGFNEQF,1
TRBV7-9,TRBJ2-1,ASSPGRDRPYNEQF,1
TRBV7-9,TRBJ2-1,ASSPGRDRTYNEQF,1
TRBV7-9,TRBJ2-1,ASSPGRDRYNEQF,14
TRBV7-9,TRBJ2-1,ASSPGRDSPNNEQF,1
TRBV7-9,TRBJ2-1,ASSPGRDSYNEQF,17
TRBV7-9,TRBJ2-1,ASSPGRDTYNEQF,2
TRBV7-9,TRBJ2-1,ASSPGRDWVHHEQF,1
TRBV7-9,TRBJ2-1,ASSPGRDYEQF,1
TRBV7-9,TRBJ2-1,ASSPGRDYIVRNEQF,12
TRBV7-9,TRBJ2-1,ASSPGRDYNEQF,1
TRBV7-9,TRBJ2-1,ASSPGREACNEQF,1
TRBV7-9,TRBJ2-1,ASSPGREAGNEQF,2
TRBV7-9,TRBJ2-1,ASSPGREEYNEQF,1
TRBV7-9,TRBJ2-1,ASSPGREFFISSYNEQF,1
TRBV7-9,TRBJ2-1,ASSPGREGHNEQF,1
TRBV7-9,TRBJ2-1,ASSPGREGIDEQF,1
TRBV7-9,TRBJ2-1,ASSPGREGLNEQF,8
TRBV7-9,TRBJ2-1,ASSPGREGNEQF,4
TRBV7-9,TRBJ2-1,ASSPGREGNNEQF,1
TRBV7-9,TRBJ2-1,ASSPGREGPNEQF,1
TRBV7-9,TRBJ2-1,ASSPGREGPSRDEQF,1
TRBV7-9,TRBJ2-1,ASSPGREGQF,10
TRBV7-9,TRBJ2-1,ASSPGREGQNEQF,1
TRBV7-9,TRBJ2-1,ASSPGREGRGNEQF,1
TRBV7-9,TRBJ2-1,ASSPGREGYNEQF,4
TRBV7-9,TRBJ2-1,ASSPGRELVYNEQF,1
TRBV7-9,TRBJ2-1,ASSPGREQF,3
TRBV7-9,TRBJ2-1,ASSPGRERGDFNEQF,2
TRBV7-9,TRBJ2-1,ASSPGRERYNEQF,1
TRBV7-9,TRBJ2-1,ASSPGRESSYNEQF,17
TRBV7-9,TRBJ2-1,ASSPGRESWYNEQF,11
TRBV7-9,TRBJ2-1,ASSPGRESYNEQF,5
TRBV7-9,TRBJ2-1,ASSPGREVYNEQF,1
TRBV7-9,TRBJ2-1,ASSPGREWYNEQF,1
TRBV7-9,TRBJ2-1,ASSPGRFAGNNAQF,1
TRBV7-9,TRBJ2-1,ASSPGRFAGNNAQG,1
TRBV7-9,TRBJ2-1,ASSPGRFECNNEQF,1
TRBV7-9,TRBJ2-1,ASSPGRFEGNNEQF,3
TRBV7-9,TRBJ2-1,ASSPGRFEGNNGQL,1
TRBV7-9,TRBJ2-1,ASSPGRFGGSVNEQF,1
TRBV7-9,TRBJ2-1,ASSPGRFGNEQF,16
TRBV7-9,TRBJ2-1,ASSPGRFSANEQF,12
TRBV7-9,TRBJ2-1,ASSPGRFVHDEQF,1
TRBV7-9,TRBJ2-1,ASSPGRGADNEQF,1
TRBV7-9,TRBJ2-1,ASSPGRGAEGFYNEQF,1
TRBV7-9,TRBJ2-1,ASSPGRGALAGVNEQF,1
TRBV7-9,TRBJ2-1,ASSPGRGAQNEQF,1
TRBV7-9,TRBJ2-1,ASSPGRGARNEQF,1
TRBV7-9,TRBJ2-1,ASSPGRGARSYNEQF,1
TRBV7-9,TRBJ2-1,ASSPGRGASSYNEQF,1
TRBV7-9,TRBJ2-1,ASSPGRGATNEQF,2
TRBV7-9,TRBJ2-1,ASSPGRGAYNEQF,10
TRBV7-9,TRBJ2-1,ASSPGRGDEQF,5
TRBV7-9,TRBJ2-1,ASSPGRGDLTNNEQF,1
TRBV7-9,TRBJ2-1,ASSPGRGDNEQF,18
TRBV7-9,TRBJ2-1,ASSPGRGDPAYNEQF,1
TRBV7-9,TRBJ2-1,ASSPGRGDQF,8
TRBV7-9,TRBJ2-1,ASSPGRGDSEQF,1
TRBV7-9,TRBJ2-1,ASSPGRGDYNEQF,1
TRBV7-9,TRBJ2-1,ASSPGRGEFLNEQF,1
TRBV7-9,TRBJ2-1,ASSPGRGEGYNEQF,1
TRBV7-9,TRBJ2-1,ASSPGRGENEQF,1
TRBV7-9,TRBJ2-1,ASSPGRGESSYNEQF,1
TRBV7-9,TRBJ2-1,ASSPGRGESYNEQF,7
TRBV7-9,TRBJ2-1,ASSPGRGEYNEQF,1
TRBV7-9,TRBJ2-1,ASSPGRGFCISAYNEPF,1
TRBV7-9,TRBJ2-1,ASSPGRGFCISSYNEQF,1
TRBV7-9,TRBJ2-1,ASSPGRGFFFSSYNEQF,1
TRBV7-9,TRBJ2-1,ASSPGRGFFIISYNEQF,1
TRBV7-9,TRBJ2-1,ASSPGRGFFIRSSNDQF,1
TRBV7-9,TRBJ2-1,ASSPGRGFFIRSYNEQF,2
TRBV7-9,TRBJ2-1,ASSPGRGFFISAYNDQF,1
TRBV7-9,TRBJ2-1,ASSPGRGFFISAYNEQF,5
TRBV7-9,TRBJ2-1,ASSPGRGFFISAYNGQF,1
TRBV7-9,TRBJ2-1,ASSPGRGFFISFYNEQF,1
TRBV7-9,TRBJ2-1,ASSPGRGFFISPYNEQF,1
TRBV7-9,TRBJ2-1,ASSPGRGFFISSCNEQF,1
TRBV7-9,TRBJ2-1,ASSPGRGFFISSDNEQF,7
TRBV7-9,TRBJ2-1,ASSPGRGFFISSFNEQF,3
TRBV7-9,TRBJ2-1,ASSPGRGFFISSHNEHF,1
TRBV7-9,TRBJ2-1,ASSPGRGFFISSNNEQF,1
TRBV7-9,TRBJ2-1,ASSPGRGFFISSSNEQF,3
TRBV7-9,TRBJ2-1,ASSPGRGFFISSYCEQF,2
TRBV7-9,TRBJ2-1,ASSPGRGFFISSYDEQF,1
TRBV7-9,TRBJ2-1,ASSPGRGFFISSYHEQF,1
TRBV7-9,TRBJ2-1,ASSPGRGFFISSYIEQF,1
TRBV7-9,TRBJ2-1,ASSPGRGFFISSYKEQF,4
TRBV7-9,TRBJ2-1,ASSPGRGFFISSYNAQF,5
TRBV7-9,TRBJ2-1,ASSPGRGFFISSYNDQF,4
TRBV7-9,TRBJ2-1,ASSPGRGFFISSYNEEF,2
TRBV7-9,TRBJ2-1,ASSPGRGFFISSYNELF,2
TRBV7-9,TRBJ2-1,ASSPGRGFFISSYNEPF,1
TRBV7-9,TRBJ2-1,ASSPGRGFFISSYNEQF,591
TRBV7-9,TRBJ2-1,ASSPGRGFFISSYNEQI,2
TRBV7-9,TRBJ2-1,ASSPGRGFFISSYNEQL,2
TRBV7-9,TRBJ2-1,ASSPGRGFFISSYNGQF,2
TRBV7-9,TRBJ2-1,ASSPGRGFFISSYNVQF,1
TRBV7-9,TRBJ2-1,ASSPGRGFFISSYSEQF,2
TRBV7-9,TRBJ2-1,ASSPGRGFFISTYNEQF,1
TRBV7-9,TRBJ2-1,ASSPGRGFFISYYNEQF,1
TRBV7-9,TRBJ2-1,ASSPGRGFFLSSYNEQF,3
TRBV7-9,TRBJ2-1,ASSPGRGFFTSSYNEQF,1
TRBV7-9,TRBJ2-1,ASSPGRGFGISSYNEQF,1
TRBV7-9,TRBJ2-1,ASSPGRGFIISSYNEQF,1
TRBV7-9,TRBJ2-1,ASSPGRGFLDEQF,1
TRBV7-9,TRBJ2-1,ASSPGRGFLISSYNEQF,4
TRBV7-9,TRBJ2-1,ASSPGRGFSISSYNEQF,2
TRBV7-9,TRBJ2-1,ASSPGRGFSYNEQF,3
TRBV7-9,TRBJ2-1,ASSPGRGGDYNEQF,1
TRBV7-9,TRBJ2-1,ASSPGRGGEQF,20
TRBV7-9,TRBJ2-1,ASSPGRGGFNEQF,1
TRBV7-9,TRBJ2-1,ASSPGRGGGHEQF,1
TRBV7-9,TRBJ2-1,ASSPGRGGHNEQF,2
TRBV7-9,TRBJ2-1,ASSPGRGGLGEQF,7
TRBV7-9,TRBJ2-1,ASSPGRGGLGGQF,2
TRBV7-9,TRBJ2-1,ASSPGRGGNEQF,1
TRBV7-9,TRBJ2-1,ASSPGRGGRGYNEQF,1
TRBV7-9,TRBJ2-1,ASSPGRGGRNEQF,1
TRBV7-9,TRBJ2-1,ASSPGRGGRSSYNEQF,1
TRBV7-9,TRBJ2-1,ASSPGRGGSSNEQF,9
TRBV7-9,TRBJ2-1,ASSPGRGGSSYNEQF,12
TRBV7-9,TRBJ2-1,ASSPGRGGSYNEQF,5
TRBV7-9,TRBJ2-1,ASSPGRGGTGLYNEQF,20
TRBV7-9,TRBJ2-1,ASSPGRGGTGRYNEQF,1
TRBV7-9,TRBJ2-1,ASSPGRGGTPHNEQF,1
TRBV7-9,TRBJ2-1,ASSPGRGGVYNEQF,7
TRBV7-9,TRBJ2-1,ASSPGRGGYNEQF,8
TRBV7-9,TRBJ2-1,ASSPGRGHQF,1
TRBV7-9,TRBJ2-1,ASSPGRGISYNEQF,21
TRBV7-9,TRBJ2-1,ASSPGRGISYTEQF,1
TRBV7-9,TRBJ2-1,ASSPGRGIYNEQF,1
TRBV7-9,TRBJ2-1,ASSPGRGKANEQF,3
TRBV7-9,TRBJ2-1,ASSPGRGKYNEQF,4
TRBV7-9,TRBJ2-1,ASSPGRGKYNEQL,1
TRBV7-9,TRBJ2-1,ASSPGRGLAGGSYNEQF,1
TRBV7-9,TRBJ2-1,ASSPGRGLALPGSYKEQF,2
TRBV7-9,TRBJ2-1,ASSPGRGLALPGSYNEQF,37
TRBV7-9,TRBJ2-1,ASSPGRGLNGHEQF,1
TRBV7-9,TRBJ2-1,ASSPGRGLRDEQF,1
TRBV7-9,TRBJ2-1,ASSPGRGLRSYNEQF,1
TRBV7-9,TRBJ2-1,ASSPGRGLTGEQF,4
TRBV7-9,TRBJ2-1,ASSPGRGLVNEQF,1
TRBV7-9,TRBJ2-1,ASSPGRGLYNEQF,1
TRBV7-9,TRBJ2-1,ASSPGRGNEQF,11
TRBV7-9,TRBJ2-1,ASSPGRGNEQI,1
TRBV7-9,TRBJ2-1,ASSPGRGNNEQF,2
TRBV7-9,TRBJ2-1,ASSPGRGNRGDNEQF,1
TRBV7-9,TRBJ2-1,ASSPGRGPALPGSYNEQF,1
TRBV7-9,TRBJ2-1,ASSPGRGPANNNEQF,1
TRBV7-9,TRBJ2-1,ASSPGRGPLYNEQF,1
TRBV7-9,TRBJ2-1,ASSPGRGPSYNEQF,8
TRBV7-9,TRBJ2-1,ASSPGRGPYNEQF,1
TRBV7-9,TRBJ2-1,ASSPGRGQF,7
TRBV7-9,TRBJ2-1,ASSPGRGQGDYEQF,1
TRBV7-9,TRBJ2-1,ASSPGRGQGFYNEQF,1
TRBV7-9,TRBJ2-1,ASSPGRGQGYNEQF,1
TRBV7-9,TRBJ2-1,ASSPGRGQLYNEQF,1
TRBV7-9,TRBJ2-1,ASSPGRGQPAHSYNEQF,13
TRBV7-9,TRBJ2-1,ASSPGRGQSNEQF,9
TRBV7-9,TRBJ2-1,ASSPGRGQSYNEQF,1
TRBV7-9,TRBJ2-1,ASSPGRGQVEQF,2
TRBV7-9,TRBJ2-1,ASSPGRGQYYNEQF,1
TRBV7-9,TRBJ2-1,ASSPGRGRAISYNEQF,1
TRBV7-9,TRBJ2-1,ASSPGRGRGSYNEQF,1
TRBV7-9,TRBJ2-1,ASSPGRGRGYNEQF,14
TRBV7-9,TRBJ2-1,ASSPGRGRLYNEQF,1
TRBV7-9,TRBJ2-1,ASSPGRGRNEQF,10
TRBV7-9,TRBJ2-1,ASSPGRGRNVSSYNEQF,1
TRBV7-9,TRBJ2-1,ASSPGRGRPYNEQF,1
TRBV7-9,TRBJ2-1,ASSPGRGRSEQF,14
TRBV7-9,TRBJ2-1,ASSPGRGRSYNEQF,1
TRBV7-9,TRBJ2-1,ASSPGRGRVSYNEQF,1
TRBV7-9,TRBJ2-1,ASSPGRGSDEQF,5
TRBV7-9,TRBJ2-1,ASSPGRGSGADSEQF,2
TRBV7-9,TRBJ2-1,ASSPGRGSSYNEQF,4
TRBV7-9,TRBJ2-1,ASSPGRGSYNEEV,1
TRBV7-9,TRBJ2-1,ASSPGRGSYNEQF,25
TRBV7-9,TRBJ2-1,ASSPGRGSYYEQF,1
TRBV7-9,TRBJ2-1,ASSPGRGTARYNEQF,1
TRBV7-9,TRBJ2-1,ASSPGRGTENNEQF,1
TRBV7-9,TRBJ2-1,ASSPGRGTGDEHF,1
TRBV7-9,TRBJ2-1,ASSPGRGTGDEQF,4
TRBV7-9,TRBJ2-1,ASSPGRGTGRNNEQF,1
TRBV7-9,TRBJ2-1,ASSPGRGTGVFEHF,1
TRBV7-9,TRBJ2-1,ASSPGRGTGVFEQF,9
TRBV7-9,TRBJ2-1,ASSPGRGTPGYNEQF,1
TRBV7-9,TRBJ2-1,ASSPGRGTPKVRNEQF,1
TRBV7-9,TRBJ2-1,ASSPGRGTPLGGSYNEQF,1
TRBV7-9,TRBJ2-1,ASSPGRGTPLGSSYIEQF,1
TRBV7-9,TRBJ2-1,ASSPGRGTPLGSSYNEQF,22
TRBV7-9,TRBJ2-1,ASSPGRGTSSHNEQF,1
TRBV7-9,TRBJ2-1,ASSPGRGTTQYNEQF,1
TRBV7-9,TRBJ2-1,ASSPGRGTYNEQF,5
TRBV7-9,TRBJ2-1,ASSPGRGTYYNEQF,1
TRBV7-9,TRBJ2-1,ASSPGRGVSYNEQF,1
TRBV7-9,TRBJ2-1,ASSPGRGWGNEQF,1
TRBV7-9,TRBJ2-1,ASSPGRGYEQF,1
TRBV7-9,TRBJ2-1,ASSPGRGYNEQF,5
TRBV7-9,TRBJ2-1,ASSPGRHEQF,12
TRBV7-9,TRBJ2-1,ASSPGRHNEQF,2
TRBV7-9,TRBJ2-1,ASSPGRHSGVDEQF,1
TRBV7-9,TRBJ2-1,ASSPGRIDEQF,1
TRBV7-9,TRBJ2-1,ASSPGRILHEQF,1
TRBV7-9,TRBJ2-1,ASSPGRILKPIDEQF,1
TRBV7-9,TRBJ2-1,ASSPGRIMDNEQF,1
TRBV7-9,TRBJ2-1,ASSPGRINQLPPYNEQF,1
TRBV7-9,TRBJ2-1,ASSPGRISYNEQF,1
TRBV7-9,TRBJ2-1,ASSPGRIVGLAANEQF,1
TRBV7-9,TRBJ2-1,ASSPGRIYNEQF,1
TRBV7-9,TRBJ2-1,ASSPGRKQGLSFGNEQF,8
TRBV7-9,TRBJ2-1,ASSPGRKRSGNEQF,1
TRBV7-9,TRBJ2-1,ASSPGRKSSYNEQF,1
TRBV7-9,TRBJ2-1,ASSPGRLAATQGEQF,1
TRBV7-9,TRBJ2-1,ASSPGRLADLYNEQF,1
TRBV7-9,TRBJ2-1,ASSPGRLADNNEQF,1
TRBV7-9,TRBJ2-1,ASSPGRLAEEEQF,1
TRBV7-9,TRBJ2-1,ASSPGRLAGANAQF,1
TRBV7-9,TRBJ2-1,ASSPGRLAGANEQF,9
TRBV7-9,TRBJ2-1,ASSPGRLAGEEHF,1
TRBV7-9,TRBJ2-1,ASSPGRLAGEEQF,11
TRBV7-9,TRBJ2-1,ASSPGRLAGEEQS,1
TRBV7-9,TRBJ2-1,ASSPGRLAGGPFSYNEQF,8
TRBV7-9,TRBJ2-1,ASSPGRLAGGPSDNEQF,1
TRBV7-9,TRBJ2-1,ASSPGRLAGGWDEQF,1
TRBV7-9,TRBJ2-1,ASSPGRLAGGYNEQF,1
TRBV7-9,TRBJ2-1,ASSPGRLAGNEQF,1
TRBV7-9,TRBJ2-1,ASSPGRLAGRNEQF,1
TRBV7-9,TRBJ2-1,ASSPGRLAGSLRSYNEQF,1
TRBV7-9,TRBJ2-1,ASSPGRLAGTNEQF,4
TRBV7-9,TRBJ2-1,ASSPGRLAGTRNEQF,1
TRBV7-9,TRBJ2-1,ASSPGRLAGVDEQF,23
TRBV7-9,TRBJ2-1,ASSPGRLAGVIEQF,1
TRBV7-9,TRBJ2-1,ASSPGRLAGVNEQF,1
TRBV7-9,TRBJ2-1,ASSPGRLAGYNEEF,1
TRBV7-9,TRBJ2-1,ASSPGRLAGYNEQF,13
TRBV7-9,TRBJ2-1,ASSPGRLAIYNEQF,1
TRBV7-9,TRBJ2-1,ASSPGRLALNEQF,5
TRBV7-9,TRBJ2-1,ASSPGRLAREAQF,1
TRBV7-9,TRBJ2-1,ASSPGRLARMHEQF,1
TRBV7-9,TRBJ2-1,ASSPGRLASYSYNEQF,1
TRBV7-9,TRBJ2-1,ASSPGRLAVYNEQF,5
TRBV7-9,TRBJ2-1,ASSPGRLAWNEQF,1
TRBV7-9,TRBJ2-1,ASSPGRLDDEQF,1
TRBV7-9,TRBJ2-1,ASSPGRLDEQF,1
TRBV7-9,TRBJ2-1,ASSPGRLFDNEQF,1
TRBV7-9,TRBJ2-1,ASSPGRLGGKNEQF,1
TRBV7-9,TRBJ2-1,ASSPGRLITYNEQF,5
TRBV7-9,TRBJ2-1,ASSPGRLLINEQF,1
TRBV7-9,TRBJ2-1,ASSPGRLNEQF,1
TRBV7-9,TRBJ2-1,ASSPGRLNYNEQF,2
TRBV7-9,TRBJ2-1,ASSPGRLPGGDEQF,1
TRBV7-9,TRBJ2-1,ASSPGRLPYNEQF,1
TRBV7-9,TRBJ2-1,ASSPGRLRRDIYNEQF,1
TRBV7-9,TRBJ2-1,ASSPGRLSAGELGNEQF,1
TRBV7-9,TRBJ2-1,ASSPGRLSYNEQF,1
TRBV7-9,TRBJ2-1,ASSPGRLVGDEQF,1
TRBV7-9,TRBJ2-1,ASSPGRLYNEQF,4
TRBV7-9,TRBJ2-1,ASSPGRMNNEQF,1
TRBV7-9,TRBJ2-1,ASSPGRMPRGIFNNEQF,1
TRBV7-9,TRBJ2-1,ASSPGRMRGNEQF,1
TRBV7-9,TRBJ2-1,ASSPGRNEQC,1
TRBV7-9,TRBJ2-1,ASSPGRNEQF,73
TRBV7-9,TRBJ2-1,ASSPGRNEQL,1
TRBV7-9,TRBJ2-1,ASSPGRNGGLYNEQF,1
TRBV7-9,TRBJ2-1,ASSPGRNNEQF,19
TRBV7-9,TRBJ2-1,ASSPGRNYNEQF,15
TRBV7-9,TRBJ2-1,ASSPGRPAIYNEQF,1
TRBV7-9,TRBJ2-1,ASSPGRPDNEQF,1
TRBV7-9,TRBJ2-1,ASSPGRPGTLRIHEQF,1
TRBV7-9,TRBJ2-1,ASSPGRPGTSTYNEQF,1
TRBV7-9,TRBJ2-1,ASSPGRPHEQF,1
TRBV7-9,TRBJ2-1,ASSPGRPLDNEQF,1
TRBV7-9,TRBJ2-1,ASSPGRPLPYNEQF,2
TRBV7-9,TRBJ2-1,ASSPGRPNEQF,1
TRBV7-9,TRBJ2-1,ASSPGRPNNEQF,17
TRBV7-9,TRBJ2-1,ASSPGRPNNVQF,1
TRBV7-9,TRBJ2-1,ASSPGRPPSGRVNEQF,1
TRBV7-9,TRBJ2-1,ASSPGRPRDEQF,15
TRBV7-9,TRBJ2-1,ASSPGRPSVDEQF,1
TRBV7-9,TRBJ2-1,ASSPGRPTNEQF,1
TRBV7-9,TRBJ2-1,ASSPGRQEYNEQF,1
TRBV7-9,TRBJ2-1,ASSPGRQGINEQF,1
TRBV7-9,TRBJ2-1,ASSPGRQGPYNEQF,1
TRBV7-9,TRBJ2-1,ASSPGRQGYNEQF,1
TRBV7-9,TRBJ2-1,ASSPGRQTYNEQF,7
TRBV7-9,TRBJ2-1,ASSPGRRAYNEQF,1
TRBV7-9,TRBJ2-1,ASSPGRRDEQF,1
TRBV7-9,TRBJ2-1,ASSPGRREGNEQF,1
TRBV7-9,TRBJ2-1,ASSPGRRETRNEQF,1
TRBV7-9,TRBJ2-1,ASSPGRREVRGYNEQF,1
TRBV7-9,TRBJ2-1,ASSPGRRFFISSYNEQF,5
TRBV7-9,TRBJ2-1,ASSPGRRGFSYNEQF,1
TRBV7-9,TRBJ2-1,ASSPGRRIYNEQF,5
TRBV7-9,TRBJ2-1,ASSPGRRIYSEQF,1
TRBV7-9,TRBJ2-1,ASSPGRRLAEGKNEQF,2
TRBV7-9,TRBJ2-1,ASSPGRRNEQF,1
TRBV7-9,TRBJ2-1,ASSPGRRPTEQF,2
TRBV7-9,TRBJ2-1,ASSPGRRQGHTYNEQF,1
TRBV7-9,TRBJ2-1,ASSPGRRRASPIEQF,1
TRBV7-9,TRBJ2-1,ASSPGRRRASPNEQF,6
TRBV7-9,TRBJ2-1,ASSPGRRSSYNEQF,1
TRBV7-9,TRBJ2-1,ASSPGRRTSEYNEQF,1
TRBV7-9,TRBJ2-1,ASSPGRRTSGFNEQF,1
TRBV7-9,TRBJ2-1,ASSPGRRTTYNEQF,6
TRBV7-9,TRBJ2-1,ASSPGRRVYNEHF,1
TRBV7-9,TRBJ2-1,ASSPGRRVYNEQF,1
TRBV7-9,TRBJ2-1,ASSPGRRWNEQF,5
TRBV7-9,TRBJ2-1,ASSPGRSAIDNEQF,1
TRBV7-9,TRBJ2-1,ASSPGRSAIHNEQF,1
TRBV7-9,TRBJ2-1,ASSPGRSAISNEQF,1
TRBV7-9,TRBJ2-1,ASSPGRSAIYDEQF,2
TRBV7-9,TRBJ2-1,ASSPGRSAIYHEQF,3
TRBV7-9,TRBJ2-1,ASSPGRSAIYIEQF,2
TRBV7-9,TRBJ2-1,ASSPGRSAIYKEQF,2
TRBV7-9,TRBJ2-1,ASSPGRSAIYNDQF,3
TRBV7-9,TRBJ2-1,ASSPGRSAIYNEHF,1
TRBV7-9,TRBJ2-1,ASSPGRSAIYNEQC,1
TRBV7-9,TRBJ2-1,ASSPGRSAIYNEQF,452
TRBV7-9,TRBJ2-1,ASSPGRSAIYNEQI,1
TRBV7-9,TRBJ2-1,ASSPGRSAIYNEQL,1
TRBV7-9,TRBJ2-1,ASSPGRSAIYNEQV,2
TRBV7-9,TRBJ2-1,ASSPGRSAIYNERF,1
TRBV7-9,TRBJ2-1,ASSPGRSAIYNKQF,1
TRBV7-9,TRBJ2-1,ASSPGRSAIYSEQF,2
TRBV7-9,TRBJ2-1,ASSPGRSAIYTEQF,2
TRBV7-9,TRBJ2-1,ASSPGRSALYNEQF,1
TRBV7-9,TRBJ2-1,ASSPGRSASYNEQF,4
TRBV7-9,TRBJ2-1,ASSPGRSASYNQQF,1
TRBV7-9,TRBJ2-1,ASSPGRSATYNEQF,2
TRBV7-9,TRBJ2-1,ASSPGRSAVYNEQF,2
TRBV7-9,TRBJ2-1,ASSPGRSDEQF,3
TRBV7-9,TRBJ2-1,ASSPGRSDIYNEQF,1
TRBV7-9,TRBJ2-1,ASSPGRSEQF,2
TRBV7-9,TRBJ2-1,ASSPGRSEYNEQF,1
TRBV7-9,TRBJ2-1,ASSPGRSGNEQF,1
TRBV7-9,TRBJ2-1,ASSPGRSGSHYNEQF,12
TRBV7-9,TRBJ2-1,ASSPGRSGSPDLNEQF,1
TRBV7-9,TRBJ2-1,ASSPGRSGTAEQF,1
TRBV7-9,TRBJ2-1,ASSPGRSGTYNEQF,11
TRBV7-9,TRBJ2-1,ASSPGRSLVNEQF,9
TRBV7-9,TRBJ2-1,ASSPGRSPNNEQF,1
TRBV7-9,TRBJ2-1,ASSPGRSPPYNEQF,1
TRBV7-9,TRBJ2-1,ASSPGRSRDEQF,1
TRBV7-9,TRBJ2-1,ASSPGRSRSHYNEQF,1
TRBV7-9,TRBJ2-1,ASSPGRSRSYNEQF,1
TRBV7-9,TRBJ2-1,ASSPGRSRWNEQF,1
TRBV7-9,TRBJ2-1,ASSPGRSSF,3
TRBV7-9,TRBJ2-1,ASSPGRSSGRAARDEQF,1
TRBV7-9,TRBJ2-1,ASSPGRSSIYKEQF,1
TRBV7-9,TRBJ2-1,ASSPGRSSYNEQF,73
TRBV7-9,TRBJ2-1,ASSPGRSSYNGQF,1
TRBV7-9,TRBJ2-1,ASSPGRSTIYNEQF,3
TRBV7-9,TRBJ2-1,ASSPGRSTSNEQF,1
TRBV7-9,TRBJ2-1,ASSPGRSVEQF,1
TRBV7-9,TRBJ2-1,ASSPGRSVIYNEQF,3
TRBV7-9,TRBJ2-1,ASSPGRSVSHYNEQF,1
TRBV7-9,TRBJ2-1,ASSPGRSWGNEQF,1
TRBV7-9,TRBJ2-1,ASSPGRSYDEQF,1
TRBV7-9,TRBJ2-1,ASSPGRSYNAQF,1
TRBV7-9,TRBJ2-1,ASSPGRSYNDQF,1
TRBV7-9,TRBJ2-1,ASSPGRSYNEHF,1
TRBV7-9,TRBJ2-1,ASSPGRSYNEQF,111
TRBV7-9,TRBJ2-1,ASSPGRSYNEQL,1
TRBV7-9,TRBJ2-1,ASSPGRSYNEQS,1
TRBV7-9,TRBJ2-1,ASSPGRSYNERF,1
TRBV7-9,TRBJ2-1,ASSPGRSYNVQF,1
TRBV7-9,TRBJ2-1,ASSPGRTAGGRTAYNEQF,5
TRBV7-9,TRBJ2-1,ASSPGRTAIYNEQC,1
TRBV7-9,TRBJ2-1,ASSPGRTAIYNEQF,1
TRBV7-9,TRBJ2-1,ASSPGRTAPIVQC,1
TRBV7-9,TRBJ2-1,ASSPGRTFPNEQF,1
TRBV7-9,TRBJ2-1,ASSPGRTGAEQF,9
TRBV7-9,TRBJ2-1,ASSPGRTGAGNEQF,3
TRBV7-9,TRBJ2-1,ASSPGRTGGDNEQF,16
TRBV7-9,TRBJ2-1,ASSPGRTGGNEQF,1
TRBV7-9,TRBJ2-1,ASSPGRTGGTPLGNEQF,1
TRBV7-9,TRBJ2-1,ASSPGRTGHWNEQF,1
TRBV7-9,TRBJ2-1,ASSPGRTGINNEQF,1
TRBV7-9,TRBJ2-1,ASSPGRTGNNEQF,1
TRBV7-9,TRBJ2-1,ASSPGRTGRLGVDEQF,13
TRBV7-9,TRBJ2-1,ASSPGRTGRLVVDEQF,1
TRBV7-9,TRBJ2-1,ASSPGRTGRNNEQF,1
TRBV7-9,TRBJ2-1,ASSPGRTGVYNEQF,1
TRBV7-9,TRBJ2-1,ASSPGRTGWDEQF,1
TRBV7-9,TRBJ2-1,ASSPGRTGWTEQF,6
TRBV7-9,TRBJ2-1,ASSPGRTHEQF,1
TRBV7-9,TRBJ2-1,ASSPGRTHSSYNEQF,1
TRBV7-9,TRBJ2-1,ASSPGRTISYNEQF,6
TRBV7-9,TRBJ2-1,ASSPGRTLDNEQF,1
TRBV7-9,TRBJ2-1,ASSPGRTLYNEQF,1
TRBV7-9,TRBJ2-1,ASSPGRTNEQF,9
TRBV7-9,TRBJ2-1,ASSPGRTRGGGDEQF,1
TRBV7-9,TRBJ2-1,ASSPGRTRNNEQF,1
TRBV7-9,TRBJ2-1,ASSPGRTSEGGDEQF,1
TRBV7-9,TRBJ2-1,ASSPGRTSGDNEQF,1
TRBV7-9,TRBJ2-1,ASSPGRTSGGARSYNEQF,4
TRBV7-9,TRBJ2-1,ASSPGRTSGGGDEQF,13
TRBV7-9,TRBJ2-1,ASSPGRTSGNNEQF,11
TRBV7-9,TRBJ2-1,ASSPGRTSGYNEQF,7
TRBV7-9,TRBJ2-1,ASSPGRTSPNEQF,9
TRBV7-9,TRBJ2-1,ASSPGRTSPSEQF,1
TRBV7-9,TRBJ2-1,ASSPGRTSYNEQF,1
TRBV7-9,TRBJ2-1,ASSPGRTTAYNEQF,1
TRBV7-9,TRBJ2-1,ASSPGRTTNLHEQF,5
TRBV7-9,TRBJ2-1,ASSPGRTTNNEQF,1
TRBV7-9,TRBJ2-1,ASSPGRTTYNEQF,1
TRBV7-9,TRBJ2-1,ASSPGRTVDNEQF,1
TRBV7-9,TRBJ2-1,ASSPGRTYNEQF,3
TRBV7-9,TRBJ2-1,ASSPGRVAGEEQF,1
TRBV7-9,TRBJ2-1,ASSPGRVASADEQF,1
TRBV7-9,TRBJ2-1,ASSPGRVCEQF,1
TRBV7-9,TRBJ2-1,ASSPGRVDEQC,1
TRBV7-9,TRBJ2-1,ASSPGRVDEQF,6
TRBV7-9,TRBJ2-1,ASSPGRVDNEQF,2
TRBV7-9,TRBJ2-1,ASSPGRVESDEQF,1
TRBV7-9,TRBJ2-1,ASSPGRVFFISSYNEQF,1
TRBV7-9,TRBJ2-1,ASSPGRVGGDYNEQF,1
TRBV7-9,TRBJ2-1,ASSPGRVGGPEYNEQF,2
TRBV7-9,TRBJ2-1,ASSPGRVGGRVYNEQF,1
TRBV7-9,TRBJ2-1,ASSPGRVGNSYNEQF,1
TRBV7-9,TRBJ2-1,ASSPGRVGSNEQF,1
TRBV7-9,TRBJ2-1,ASSPGRVGVTLNNEQF,1
TRBV7-9,TRBJ2-1,ASSPGRVGYNEQF,1
TRBV7-9,TRBJ2-1,ASSPGRVHFNNYNEQF,1
TRBV7-9,TRBJ2-1,ASSPGRVLNEQF,1
TRBV7-9,TRBJ2-1,ASSPGRVLNNEQF,11
TRBV7-9,TRBJ2-1,ASSPGRVLRNEQF,1
TRBV7-9,TRBJ2-1,ASSPGRVNDQF,1
TRBV7-9,TRBJ2-1,ASSPGRVNEPF,1
TRBV7-9,TRBJ2-1,ASSPGRVNEQF,11
TRBV7-9,TRBJ2-1,ASSPGRVPYNEQF,1
TRBV7-9,TRBJ2-1,ASSPGRVQWEDEQF,1
TRBV7-9,TRBJ2-1,ASSPGRVRDNEQF,1
TRBV7-9,TRBJ2-1,ASSPGRVRFNNYNEQF,1
TRBV7-9,TRBJ2-1,ASSPGRVRYEQF,1
TRBV7-9,TRBJ2-1,ASSPGRVSEQF,6
TRBV7-9,TRBJ2-1,ASSPGRVSQF,1
TRBV7-9,TRBJ2-1,ASSPGRVSSYNEQF,1
TRBV7-9,TRBJ2-1,ASSPGRVSYNEQF,3
TRBV7-9,TRBJ2-1,ASSPGRVVSNEQF,12
TRBV7-9,TRBJ2-1,ASSPGRVWFSYNEQF,1
TRBV7-9,TRBJ2-1,ASSPGRVYNNEQF,4
TRBV7-9,TRBJ2-1,ASSPGRWAIYNEQF,1
TRBV7-9,TRBJ2-1,ASSPGRWEGFNEQF,1
TRBV7-9,TRBJ2-1,ASSPGRWGGRGVYNEQF,1
TRBV7-9,TRBJ2-1,ASSPGRWLIYNEQF,1
TRBV7-9,TRBJ2-1,ASSPGRWNEQF,1
TRBV7-9,TRBJ2-1,ASSPGRWRGNEQF,1
TRBV7-9,TRBJ2-1,ASSPGRWVYNEQF,1
TRBV7-9,TRBJ2-1,ASSPGRYEQF,1
TRBV7-9,TRBJ2-1,ASSPGRYGDEQF,1
TRBV7-9,TRBJ2-1,ASSPGRYLAEYNEQF,1
TRBV7-9,TRBJ2-1,ASSPGRYNEKF,1
TRBV7-9,TRBJ2-1,ASSPGRYNEQF,30
TRBV7-9,TRBJ2-1,ASSPGRYNGQF,1
TRBV7-9,TRBJ2-1,ASSPGRYSYNEQF,1
TRBV7-9,TRBJ2-1,ASSPGRYTDEQF,1
TRBV7-9,TRBJ2-1,ASSPGRYYNGQF,1
TRBV7-9,TRBJ2-1,ASSPGSACSGSYEQF,1
TRBV7-9,TRBJ2-1,ASSPGSADEQF,5
TRBV7-9,TRBJ2-1,ASSPGSADNEQF,1
TRBV7-9,TRBJ2-1,ASSPGSAGFSDEQF,6
TRBV7-9,TRBJ2-1,ASSPGSAGGPREQF,1
TRBV7-9,TRBJ2-1,ASSPGSAGRNEQF,1
TRBV7-9,TRBJ2-1,ASSPGSAGRSSYNEQF,4
TRBV7-9,TRBJ2-1,ASSPGSAGRSSYNKQF,1
TRBV7-9,TRBJ2-1,ASSPGSAGSNEQF,6
TRBV7-9,TRBJ2-1,ASSPGSAGSYNEQF,1
TRBV7-9,TRBJ2-1,ASSPGSAGTYYNEQF,1
TRBV7-9,TRBJ2-1,ASSPGSAINEQF,1
TRBV7-9,TRBJ2-1,ASSPGSANEQF,1
TRBV7-9,TRBJ2-1,ASSPGSAQRDYNEQF,1
TRBV7-9,TRBJ2-1,ASSPGSARNNEQF,1
TRBV7-9,TRBJ2-1,ASSPGSASGRPYNEQF,1
TRBV7-9,TRBJ2-1,ASSPGSASHNEQF,1
TRBV7-9,TRBJ2-1,ASSPGSASIGSYEQF,1
TRBV7-9,TRBJ2-1,ASSPGSASSGSFEQF,1
TRBV7-9,TRBJ2-1,ASSPGSASSGSYELF,2
TRBV7-9,TRBJ2-1,ASSPGSASSGSYEQF,23
TRBV7-9,TRBJ2-1,ASSPGSASSGSYERF,1
TRBV7-9,TRBJ2-1,ASSPGSASYNEQF,10
TRBV7-9,TRBJ2-1,ASSPGSATHEQF,1
TRBV7-9,TRBJ2-1,ASSPGSAYNEQF,4
TRBV7-9,TRBJ2-1,ASSPGSDEQF,10
TRBV7-9,TRBJ2-1,ASSPGSDLAGEPF,1
TRBV7-9,TRBJ2-1,ASSPGSDLAGEQF,12
TRBV7-9,TRBJ2-1,ASSPGSDLAGEQV,1
TRBV7-9,TRBJ2-1,ASSPGSDLLSYNEQF,1
TRBV7-9,TRBJ2-1,ASSPGSDNEQF,2
TRBV7-9,TRBJ2-1,ASSPGSDRDYNERF,1
TRBV7-9,TRBJ2-1,ASSPGSDSYNEQF,1
TRBV7-9,TRBJ2-1,ASSPGSDTIHEQF,1
TRBV7-9,TRBJ2-1,ASSPGSEDEQF,1
TRBV7-9,TRBJ2-1,ASSPGSEGERNEQF,2
TRBV7-9,TRBJ2-1,ASSPGSEGLGNEQF,1
TRBV7-9,TRBJ2-1,ASSPGSEGRNEQF,4
TRBV7-9,TRBJ2-1,ASSPGSEGTVDEQF,2
TRBV7-9,TRBJ2-1,ASSPGSEKPYNEQF,1
TRBV7-9,TRBJ2-1,ASSPGSELNEQF,1
TRBV7-9,TRBJ2-1,ASSPGSENEQF,1
TRBV7-9,TRBJ2-1,ASSPGSEQF,29
TRBV7-9,TRBJ2-1,ASSPGSERARNEQF,1
TRBV7-9,TRBJ2-1,ASSPGSERGDEQF,1
TRBV7-9,TRBJ2-1,ASSPGSETSYNEQF,1
TRBV7-9,TRBJ2-1,ASSPGSEVTNEQF,14
TRBV7-9,TRBJ2-1,ASSPGSEYNEQF,1
TRBV7-9,TRBJ2-1,ASSPGSFEGNNEQF,8
TRBV7-9,TRBJ2-1,ASSPGSFEGNNEQS,1
TRBV7-9,TRBJ2-1,ASSPGSFGGNEQF,1
TRBV7-9,TRBJ2-1,ASSPGSFGGYNEQF,1
TRBV7-9,TRBJ2-1,ASSPGSFGSSEHF,1
TRBV7-9,TRBJ2-1,ASSPGSFGSSEQF,3
TRBV7-9,TRBJ2-1,ASSPGSFNEQF,1
TRBV7-9,TRBJ2-1,ASSPGSFSRPNEQF,13
TRBV7-9,TRBJ2-1,ASSPGSGAGSYNEQF,1
TRBV7-9,TRBJ2-1,ASSPGSGAHNEQF,12
TRBV7-9,TRBJ2-1,ASSPGSGANEQF,1
TRBV7-9,TRBJ2-1,ASSPGSGAYNEQF,5
TRBV7-9,TRBJ2-1,ASSPGSGDSYNEQF,1
TRBV7-9,TRBJ2-1,ASSPGSGDYNEQF,17
TRBV7-9,TRBJ2-1,ASSPGSGEGYNEQF,1
TRBV7-9,TRBJ2-1,ASSPGSGEQF,14
TRBV7-9,TRBJ2-1,ASSPGSGGAIYNEQF,3
TRBV7-9,TRBJ2-1,ASSPGSGGAYNEQF,1
TRBV7-9,TRBJ2-1,ASSPGSGGDEQF,1
TRBV7-9,TRBJ2-1,ASSPGSGGDNEQF,21
TRBV7-9,TRBJ2-1,ASSPGSGGGGNEQF,1
TRBV7-9,TRBJ2-1,ASSPGSGGGNEQF,2
TRBV7-9,TRBJ2-1,ASSPGSGGHYNEQF,1
TRBV7-9,TRBJ2-1,ASSPGSGGLPYNEQF,1
TRBV7-9,TRBJ2-1,ASSPGSGGQDNEQF,11
TRBV7-9,TRBJ2-1,ASSPGSGGRDNEQF,1
TRBV7-9,TRBJ2-1,ASSPGSGGRLNEQF,1
TRBV7-9,TRBJ2-1,ASSPGSGGSYNEQF,2
TRBV7-9,TRBJ2-1,ASSPGSGGTDNEQF,32
TRBV7-9,TRBJ2-1,ASSPGSGGTDNGQF,1
TRBV7-9,TRBJ2-1,ASSPGSGGTENEQF,1
TRBV7-9,TRBJ2-1,ASSPGSGGTYNEQF,6
TRBV7-9,TRBJ2-1,ASSPGSGGYNEQF,1
TRBV7-9,TRBJ2-1,ASSPGSGHNEQF,1
TRBV7-9,TRBJ2-1,ASSPGSGHSYNEQF,1
TRBV7-9,TRBJ2-1,ASSPGSGIAYNEQF,1
TRBV7-9,TRBJ2-1,ASSPGSGIFNEQF,1
TRBV7-9,TRBJ2-1,ASSPGSGIGVLFNEPF,1
TRBV7-9,TRBJ2-1,ASSPGSGIGVLFNEQF,9
TRBV7-9,TRBJ2-1,ASSPGSGIHNEQF,1
TRBV7-9,TRBJ2-1,ASSPGSGILNEQF,1
TRBV7-9,TRBJ2-1,ASSPGSGINNEQF,1
TRBV7-9,TRBJ2-1,ASSPGSGKTTFRSYNAQV,1
TRBV7-9,TRBJ2-1,ASSPGSGKTTFRSYNEQF,14
TRBV7-9,TRBJ2-1,ASSPGSGLAEHNEQC,1
TRBV7-9,TRBJ2-1,ASSPGSGLAEYNEQF,6
TRBV7-9,TRBJ2-1,ASSPGSGLAGVWEQF,10
TRBV7-9,TRBJ2-1,ASSPGSGLGNNEQF,11
TRBV7-9,TRBJ2-1,ASSPGSGLVSYNEQF,2
TRBV7-9,TRBJ2-1,ASSPGSGLYNEQF,2
TRBV7-9,TRBJ2-1,ASSPGSGMTYNEQF,1
TRBV7-9,TRBJ2-1,ASSPGSGNEQF,1
TRBV7-9,TRBJ2-1,ASSPGSGNNNEQF,1
TRBV7-9,TRBJ2-1,ASSPGSGNPYNEQF,4
TRBV7-9,TRBJ2-1,ASSPGSGNSYNEQF,1
TRBV7-9,TRBJ2-1,ASSPGSGNTYNEQF,1
TRBV7-9,TRBJ2-1,ASSPGSGPLSPNEQF,1
TRBV7-9,TRBJ2-1,ASSPGSGPRNEQF,8
TRBV7-9,TRBJ2-1,ASSPGSGPRREQF,1
TRBV7-9,TRBJ2-1,ASSPGSGPSFADEQF,1
TRBV7-9,TRBJ2-1,ASSPGSGPSYNEQF,2
TRBV7-9,TRBJ2-1,ASSPGSGPTNNEQF,1
TRBV7-9,TRBJ2-1,ASSPGSGQENNEQF,1
TRBV7-9,TRBJ2-1,ASSPGSGQGDNEQF,1
TRBV7-9,TRBJ2-1,ASSPGSGQTYNEQF,1
TRBV7-9,TRBJ2-1,ASSPGSGRAADEQF,1
TRBV7-9,TRBJ2-1,ASSPGSGRAIEQF,1
TRBV7-9,TRBJ2-1,ASSPGSGRALNEQF,1
TRBV7-9,TRBJ2-1,ASSPGSGRARNEQF,10
TRBV7-9,TRBJ2-1,ASSPGSGRASSDEQF,1
TRBV7-9,TRBJ2-1,ASSPGSGRAYEQF,1
TRBV7-9,TRBJ2-1,ASSPGSGRAYNEQF,11
TRBV7-9,TRBJ2-1,ASSPGSGRDEQF,13
TRBV7-9,TRBJ2-1,ASSPGSGRDSYNEQF,1
TRBV7-9,TRBJ2-1,ASSPGSGRGLYNEQF,1
TRBV7-9,TRBJ2-1,ASSPGSGRGVFEQF,1
TRBV7-9,TRBJ2-1,ASSPGSGRGYNEQF,2
TRBV7-9,TRBJ2-1,ASSPGSGRHLNEQF,1
TRBV7-9,TRBJ2-1,ASSPGSGRIDNEQF,1
TRBV7-9,TRBJ2-1,ASSPGSGRLYNEQF,1
TRBV7-9,TRBJ2-1,ASSPGSGRNEQF,15
TRBV7-9,TRBJ2-1,ASSPGSGRNNEQF,1
TRBV7-9,TRBJ2-1,ASSPGSGRRYNEQF,1
TRBV7-9,TRBJ2-1,ASSPGSGRVFHEQF,1
TRBV7-9,TRBJ2-1,ASSPGSGRVNEQF,1
TRBV7-9,TRBJ2-1,ASSPGSGRVYNEQF,6
TRBV7-9,TRBJ2-1,ASSPGSGSGNEQF,1
TRBV7-9,TRBJ2-1,ASSPGSGSGYNEQF,2
TRBV7-9,TRBJ2-1,ASSPGSGSHEQF,1
TRBV7-9,TRBJ2-1,ASSPGSGSHNEQF,3
TRBV7-9,TRBJ2-1,ASSPGSGSLNEQF,3
TRBV7-9,TRBJ2-1,ASSPGSGSRNEQF,1
TRBV7-9,TRBJ2-1,ASSPGSGSSHNEQF,13
TRBV7-9,TRBJ2-1,ASSPGSGSSSNEQF,1
TRBV7-9,TRBJ2-1,ASSPGSGSSSYNEQF,1
TRBV7-9,TRBJ2-1,ASSPGSGSSYNEQF,19
TRBV7-9,TRBJ2-1,ASSPGSGSVEQF,4
TRBV7-9,TRBJ2-1,ASSPGSGSWNEQF,1
TRBV7-9,TRBJ2-1,ASSPGSGSYNEQF,19
TRBV7-9,TRBJ2-1,ASSPGSGTAYNEQF,1
TRBV7-9,TRBJ2-1,ASSPGSGTDNEQF,1
TRBV7-9,TRBJ2-1,ASSPGSGTGGFEQF,1
TRBV7-9,TRBJ2-1,ASSPGSGTGIHEQF,1
TRBV7-9,TRBJ2-1,ASSPGSGTGRYNEQF,1
TRBV7-9,TRBJ2-1,ASSPGSGTGSYNEQF,1
TRBV7-9,TRBJ2-1,ASSPGSGTGVFDQF,1
TRBV7-9,TRBJ2-1,ASSPGSGTGVFEQF,4
TRBV7-9,TRBJ2-1,ASSPGSGTLNEQF,1
TRBV7-9,TRBJ2-1,ASSPGSGTLNGNEQF,7
TRBV7-9,TRBJ2-1,ASSPGSGTNNEQF,2
TRBV7-9,TRBJ2-1,ASSPGSGTPPDEQF,1
TRBV7-9,TRBJ2-1,ASSPGSGTPYNEQF,1
TRBV7-9,TRBJ2-1,ASSPGSGTRNNEQF,1
TRBV7-9,TRBJ2-1,ASSPGSGTSGYNEQF,11
TRBV7-9,TRBJ2-1,ASSPGSGTSGYNEQY,1
TRBV7-9,TRBJ2-1,ASSPGSGTSPYNEKF,1
TRBV7-9,TRBJ2-1,ASSPGSGTSPYNEQF,1
TRBV7-9,TRBJ2-1,ASSPGSGTSYNEQF,13
TRBV7-9,TRBJ2-1,ASSPGSGTYNEQF,3
TRBV7-9,TRBJ2-1,ASSPGSGVDYNEPF,1
TRBV7-9,TRBJ2-1,ASSPGSGVDYNEQF,6
TRBV7-9,TRBJ2-1,ASSPGSGVPQSYNEQF,1
TRBV7-9,TRBJ2-1,ASSPGSGVYNEQF,1
TRBV7-9,TRBJ2-1,ASSPGSGWNEQF,1
TRBV7-9,TRBJ2-1,ASSPGSGYNEQF,3
TRBV7-9,TRBJ2-1,ASSPGSHEQF,1
TRBV7-9,TRBJ2-1,ASSPGSHGNEQF,1
TRBV7-9,TRBJ2-1,ASSPGSHNDQF,1
TRBV7-9,TRBJ2-1,ASSPGSHNEQF,9
TRBV7-9,TRBJ2-1,ASSPGSIAVYNEQF,1
TRBV7-9,TRBJ2-1,ASSPGSIFADEQF,1
TRBV7-9,TRBJ2-1,ASSPGSISGINEHF,1
TRBV7-9,TRBJ2-1,ASSPGSKDNEQF,1
TRBV7-9,TRBJ2-1,ASSPGSKREINEQF,1
TRBV7-9,TRBJ2-1,ASSPGSKTDDNEQF,4
TRBV7-9,TRBJ2-1,ASSPGSLAEFSYNEQF,1
TRBV7-9,TRBJ2-1,ASSPGSLAFSSYNEQF,1
TRBV7-9,TRBJ2-1,ASSPGSLAGDYNEQF,1
TRBV7-9,TRBJ2-1,ASSPGSLAGGISYKEQF,1
TRBV7-9,TRBJ2-1,ASSPGSLAGGPSYNEQF,1
TRBV7-9,TRBJ2-1,ASSPGSLAGVISFNEKF,1
TRBV7-9,TRBJ2-1,ASSPGSLAGVISYNEQF,4
TRBV7-9,TRBJ2-1,ASSPGSLAPEQF,6
TRBV7-9,TRBJ2-1,ASSPGSLASSYNEQF,1
TRBV7-9,TRBJ2-1,ASSPGSLDEQF,5
TRBV7-9,TRBJ2-1,ASSPGSLDNEQF,1
TRBV7-9,TRBJ2-1,ASSPGSLGFRLNEQF,8
TRBV7-9,TRBJ2-1,ASSPGSLGNEQF,1
TRBV7-9,TRBJ2-1,ASSPGSLGPGSYNEQF,1
TRBV7-9,TRBJ2-1,ASSPGSLGSNEQF,3
TRBV7-9,TRBJ2-1,ASSPGSLNEQF,2
TRBV7-9,TRBJ2-1,ASSPGSLRNEQF,1
TRBV7-9,TRBJ2-1,ASSPGSLSGNEQF,1
TRBV7-9,TRBJ2-1,ASSPGSLSGVRSYNEQF,1
TRBV7-9,TRBJ2-1,ASSPGSLSHEQF,11
TRBV7-9,TRBJ2-1,ASSPGSLSYNEQF,1
TRBV7-9,TRBJ2-1,ASSPGSLTGAPSSYNEHF,1
TRBV7-9,TRBJ2-1,ASSPGSLVNNEQF,1
TRBV7-9,TRBJ2-1,ASSPGSLVSDEQF,1
TRBV7-9,TRBJ2-1,ASSPGSLWYNEQF,1
TRBV7-9,TRBJ2-1,ASSPGSMSSYNEQF,7
TRBV7-9,TRBJ2-1,ASSPGSMSSYTEQC,1
TRBV7-9,TRBJ2-1,ASSPGSMTVHNEQF,1
TRBV7-9,TRBJ2-1,ASSPGSNEQF,48
TRBV7-9,TRBJ2-1,ASSPGSNNEQF,2
TRBV7-9,TRBJ2-1,ASSPGSNNNEQF,1
TRBV7-9,TRBJ2-1,ASSPGSNPYNEQF,1
TRBV7-9,TRBJ2-1,ASSPGSNRGSGLYNEQF,1
TRBV7-9,TRBJ2-1,ASSPGSNSNEQF,1
TRBV7-9,TRBJ2-1,ASSPGSNYNEQF,1
TRBV7-9,TRBJ2-1,ASSPGSPINNEQF,1
TRBV7-9,TRBJ2-1,ASSPGSPLQF,9
TRBV7-9,TRBJ2-1,ASSPGSPLTNEQF,1
TRBV7-9,TRBJ2-1,ASSPGSPNEQF,1
TRBV7-9,TRBJ2-1,ASSPGSPQDNEQF,1
TRBV7-9,TRBJ2-1,ASSPGSPSGPYNEQF,1
TRBV7-9,TRBJ2-1,ASSPGSPSSYNEQF,1
TRBV7-9,TRBJ2-1,ASSPGSPYNEQF,3
TRBV7-9,TRBJ2-1,ASSPGSQFNEQF,1
TRBV7-9,TRBJ2-1,ASSPGSQGNEQF,1
TRBV7-9,TRBJ2-1,ASSPGSQQF,9
TRBV7-9,TRBJ2-1,ASSPGSQRGGEQF,6
TRBV7-9,TRBJ2-1,ASSPGSQSTPDNEQF,1
TRBV7-9,TRBJ2-1,ASSPGSRANEQF,2
TRBV7-9,TRBJ2-1,ASSPGSRATYNEQF,1
TRBV7-9,TRBJ2-1,ASSPGSRDEQF,3
TRBV7-9,TRBJ2-1,ASSPGSRELRNEQF,1
TRBV7-9,TRBJ2-1,ASSPGSREQF,15
TRBV7-9,TRBJ2-1,ASSPGSREQL,1
TRBV7-9,TRBJ2-1,ASSPGSRERRNEQF,1
TRBV7-9,TRBJ2-1,ASSPGSRGHEQF,19
TRBV7-9,TRBJ2-1,ASSPGSRGHKQF,1
TRBV7-9,TRBJ2-1,ASSPGSRGNEQF,1
TRBV7-9,TRBJ2-1,ASSPGSRGRANEQF,1
TRBV7-9,TRBJ2-1,ASSPGSRGRDEQF,4
TRBV7-9,TRBJ2-1,ASSPGSRGVYNEQF,1
TRBV7-9,TRBJ2-1,ASSPGSRGYNEQF,1
TRBV7-9,TRBJ2-1,ASSPGSRNEQF,7
TRBV7-9,TRBJ2-1,ASSPGSRNLLASSYNEQF,2
TRBV7-9,TRBJ2-1,ASSPGSRNNEQF,1
TRBV7-9,TRBJ2-1,ASSPGSRPLNEQF,1
TRBV7-9,TRBJ2-1,ASSPGSRQGANEQF,5
TRBV7-9,TRBJ2-1,ASSPGSRRGRAAIDEQF,1
TRBV7-9,TRBJ2-1,ASSPGSRSYNEQF,1
TRBV7-9,TRBJ2-1,ASSPGSRYNEQF,1
TRBV7-9,TRBJ2-1,ASSPGSSAQRNEQF,1
TRBV7-9,TRBJ2-1,ASSPGSSAYNEQF,4
TRBV7-9,TRBJ2-1,ASSPGSSENEQF,2
TRBV7-9,TRBJ2-1,ASSPGSSGAYNEQC,1
TRBV7-9,TRBJ2-1,ASSPGSSGAYNEQF,1
TRBV7-9,TRBJ2-1,ASSPGSSGFSYNEQF,1
TRBV7-9,TRBJ2-1,ASSPGSSGGANEQF,1
TRBV7-9,TRBJ2-1,ASSPGSSGGRTYNEQF,1
TRBV7-9,TRBJ2-1,ASSPGSSGGRYNEQF,1
TRBV7-9,TRBJ2-1,ASSPGSSGGYNEQF,1
TRBV7-9,TRBJ2-1,ASSPGSSGMDEQF,1
TRBV7-9,TRBJ2-1,ASSPGSSGNEQF,1
TRBV7-9,TRBJ2-1,ASSPGSSGNYEQF,1
TRBV7-9,TRBJ2-1,ASSPGSSGQGINEQF,1
TRBV7-9,TRBJ2-1,ASSPGSSGRASDEQF,2
TRBV7-9,TRBJ2-1,ASSPGSSGRDNEQF,13
TRBV7-9,TRBJ2-1,ASSPGSSGRESYNEQF,1
TRBV7-9,TRBJ2-1,ASSPGSSGRFGNEQF,6
TRBV7-9,TRBJ2-1,ASSPGSSGRGHYNEQF,19
TRBV7-9,TRBJ2-1,ASSPGSSGRKEKF,1
TRBV7-9,TRBJ2-1,ASSPGSSGRKEQF,7
TRBV7-9,TRBJ2-1,ASSPGSSGRYNEQF,1
TRBV7-9,TRBJ2-1,ASSPGSSGSDVDEQF,1
TRBV7-9,TRBJ2-1,ASSPGSSGSEHF,1
TRBV7-9,TRBJ2-1,ASSPGSSGSIRAYNEQF,1
TRBV7-9,TRBJ2-1,ASSPGSSGSRNEQF,1
TRBV7-9,TRBJ2-1,ASSPGSSGSYEKNEQF,1
TRBV7-9,TRBJ2-1,ASSPGSSGSYNEQF,1
TRBV7-9,TRBJ2-1,ASSPGSSGTRRTEQF,1
TRBV7-9,TRBJ2-1,ASSPGSSGVLGEQF,6
TRBV7-9,TRBJ2-1,ASSPGSSGYNEQF,21
TRBV7-9,TRBJ2-1,ASSPGSSGYYEHF,2
TRBV7-9,TRBJ2-1,ASSPGSSGYYEQF,7
TRBV7-9,TRBJ2-1,ASSPGSSIYNEQF,1
TRBV7-9,TRBJ2-1,ASSPGSSKQF,9
TRBV7-9,TRBJ2-1,ASSPGSSLEQF,1
TRBV7-9,TRBJ2-1,ASSPGSSREQF,8
TRBV7-9,TRBJ2-1,ASSPGSSRGDEQF,6
TRBV7-9,TRBJ2-1,ASSPGSSRNEQF,1
TRBV7-9,TRBJ2-1,ASSPGSSSPNEQF,1
TRBV7-9,TRBJ2-1,ASSPGSSSWDNEQF,10
TRBV7-9,TRBJ2-1,ASSPGSSSYNEQF,5
TRBV7-9,TRBJ2-1,ASSPGSSTPSNEQF,1
TRBV7-9,TRBJ2-1,ASSPGSSVSYNEQF,1
TRBV7-9,TRBJ2-1,ASSPGSSWGSYNEQF,1
TRBV7-9,TRBJ2-1,ASSPGSSYKEQF,1
TRBV7-9,TRBJ2-1,ASSPGSSYNEQF,81
TRBV7-9,TRBJ2-1,ASSPGSTGEQF,3
TRBV7-9,TRBJ2-1,ASSPGSTGHFSNEQF,1
TRBV7-9,TRBJ2-1,ASSPGSTGLVYNEQF,1
TRBV7-9,TRBJ2-1,ASSPGSTGNEQF,1
TRBV7-9,TRBJ2-1,ASSPGSTHNEQF,1
TRBV7-9,TRBJ2-1,ASSPGSTIGNEQF,11
TRBV7-9,TRBJ2-1,ASSPGSTNEQF,1
TRBV7-9,TRBJ2-1,ASSPGSTRHNEQF,1
TRBV7-9,TRBJ2-1,ASSPGSTSGRTHEQF,1
TRBV7-9,TRBJ2-1,ASSPGSTSGSNEQF,2
TRBV7-9,TRBJ2-1,ASSPGSTSLWNEQF,1
TRBV7-9,TRBJ2-1,ASSPGSTVGYEQF,1
TRBV7-9,TRBJ2-1,ASSPGSTVVNEQF,1
TRBV7-9,TRBJ2-1,ASSPGSTYNEQF,2
TRBV7-9,TRBJ2-1,ASSPGSVAGIYNEQF,11
TRBV7-9,TRBJ2-1,ASSPGSVAGIYNEQI,1
TRBV7-9,TRBJ2-1,ASSPGSVFYNEQF,1
TRBV7-9,TRBJ2-1,ASSPGSVGSYNEQF,1
TRBV7-9,TRBJ2-1,ASSPGSVGYNEQF,3
TRBV7-9,TRBJ2-1,ASSPGSVNEQF,2
TRBV7-9,TRBJ2-1,ASSPGSVNYNEQF,3
TRBV7-9,TRBJ2-1,ASSPGSVSDEQF,1
TRBV7-9,TRBJ2-1,ASSPGSVSYNEQF,10
TRBV7-9,TRBJ2-1,ASSPGSVVDEQF,12
TRBV7-9,TRBJ2-1,ASSPGSVYNEKF,1
TRBV7-9,TRBJ2-1,ASSPGSVYNEQF,12
TRBV7-9,TRBJ2-1,ASSPGSWERGTYNEQF,2
TRBV7-9,TRBJ2-1,ASSPGSWGLSYNEQF,1
TRBV7-9,TRBJ2-1,ASSPGSWIVYEQF,1
TRBV7-9,TRBJ2-1,ASSPGSWNEHF,2
TRBV7-9,TRBJ2-1,ASSPGSWNEQF,19
TRBV7-9,TRBJ2-1,ASSPGSWSYNEQF,1
TRBV7-9,TRBJ2-1,ASSPGSYEQF,2
TRBV7-9,TRBJ2-1,ASSPGSYIEQF,1
TRBV7-9,TRBJ2-1,ASSPGSYKEQF,1
TRBV7-9,TRBJ2-1,ASSPGSYNEPF,2
TRBV7-9,TRBJ2-1,ASSPGSYNEQF,194
TRBV7-9,TRBJ2-1,ASSPGSYQRSNEQF,1
TRBV7-9,TRBJ2-1,ASSPGSYRGDNEQF,9
TRBV7-9,TRBJ2-1,ASSPGSYRVYNEQF,1
TRBV7-9,TRBJ2-1,ASSPGSYSPHNEQF,1
TRBV7-9,TRBJ2-1,ASSPGSYTEQF,1
TRBV7-9,TRBJ2-1,ASSPGSYVNEQF,1
TRBV7-9,TRBJ2-1,ASSPGTAAPYNEQF,11
TRBV7-9,TRBJ2-1,ASSPGTAAPYSEQF,1
TRBV7-9,TRBJ2-1,ASSPGTAAYNEQF,10
TRBV7-9,TRBJ2-1,ASSPGTADEQF,1
TRBV7-9,TRBJ2-1,ASSPGTADNEQF,22
TRBV7-9,TRBJ2-1,ASSPGTADYKEQF,1
TRBV7-9,TRBJ2-1,ASSPGTADYNEQF,25
TRBV7-9,TRBJ2-1,ASSPGTAEEDEQF,1
TRBV7-9,TRBJ2-1,ASSPGTAEINNEQF,1
TRBV7-9,TRBJ2-1,ASSPGTAEQC,1
TRBV7-9,TRBJ2-1,ASSPGTAEQF,23
TRBV7-9,TRBJ2-1,ASSPGTAFYEQY,1
TRBV7-9,TRBJ2-1,ASSPGTAGHNEQF,1
TRBV7-9,TRBJ2-1,ASSPGTAGINEQF,1
TRBV7-9,TRBJ2-1,ASSPGTAGNEQF,1
TRBV7-9,TRBJ2-1,ASSPGTAGRNELF,1
TRBV7-9,TRBJ2-1,ASSPGTAGRNEQF,12
TRBV7-9,TRBJ2-1,ASSPGTAGTDEQF,1
TRBV7-9,TRBJ2-1,ASSPGTAGVDNEQF,5
TRBV7-9,TRBJ2-1,ASSPGTAGVPYNEQF,1
TRBV7-9,TRBJ2-1,ASSPGTAGWEQF,8
TRBV7-9,TRBJ2-1,ASSPGTAGYNEQF,1
TRBV7-9,TRBJ2-1,ASSPGTAIHEQF,1
TRBV7-9,TRBJ2-1,ASSPGTAIHYNEQF,1
TRBV7-9,TRBJ2-1,ASSPGTAISSYNEQF,1
TRBV7-9,TRBJ2-1,ASSPGTAITLYNEQF,1
TRBV7-9,TRBJ2-1,ASSPGTAKGNEQF,12
TRBV7-9,TRBJ2-1,ASSPGTAKGNERF,1
TRBV7-9,TRBJ2-1,ASSPGTALDYNEQF,1
TRBV7-9,TRBJ2-1,ASSPGTALEQF,14
TRBV7-9,TRBJ2-1,ASSPGTALGSYNEQF,1
TRBV7-9,TRBJ2-1,ASSPGTALPFSNEQF,1
TRBV7-9,TRBJ2-1,ASSPGTALTDEQF,1
TRBV7-9,TRBJ2-1,ASSPGTALYNEQF,2
TRBV7-9,TRBJ2-1,ASSPGTANEQF,15
TRBV7-9,TRBJ2-1,ASSPGTANNEQF,5
TRBV7-9,TRBJ2-1,ASSPGTANYNEQF,8
TRBV7-9,TRBJ2-1,ASSPGTAPDHEQF,13
TRBV7-9,TRBJ2-1,ASSPGTAPGNEQF,14
TRBV7-9,TRBJ2-1,ASSPGTAPYNEQF,1
TRBV7-9,TRBJ2-1,ASSPGTAQNNEQF,8
TRBV7-9,TRBJ2-1,ASSPGTAQSSYNEQF,1
TRBV7-9,TRBJ2-1,ASSPGTARQGTNNEQF,1
TRBV7-9,TRBJ2-1,ASSPGTARVNEQF,7
TRBV7-9,TRBJ2-1,ASSPGTASNEQF,2
TRBV7-9,TRBJ2-1,ASSPGTASSYNEQF,3
TRBV7-9,TRBJ2-1,ASSPGTASYNEQF,49
TRBV7-9,TRBJ2-1,ASSPGTATIPYNEQF,1
TRBV7-9,TRBJ2-1,ASSPGTATQYNEQF,1
TRBV7-9,TRBJ2-1,ASSPGTATSSYNEQF,1
TRBV7-9,TRBJ2-1,ASSPGTATYNEQF,4
TRBV7-9,TRBJ2-1,ASSPGTAVDEQF,1
TRBV7-9,TRBJ2-1,ASSPGTAVVNNEQC,1
TRBV7-9,TRBJ2-1,ASSPGTAVWNEQF,1
TRBV7-9,TRBJ2-1,ASSPGTAYNEQF,21
TRBV7-9,TRBJ2-1,ASSPGTAYYNEQF,1
TRBV7-9,TRBJ2-1,ASSPGTCNEQF,1
TRBV7-9,TRBJ2-1,ASSPGTCSYNEQF,3
TRBV7-9,TRBJ2-1,ASSPGTDDEQF,1
TRBV7-9,TRBJ2-1,ASSPGTDDNEQF,1
TRBV7-9,TRBJ2-1,ASSPGTDENEQF,2
TRBV7-9,TRBJ2-1,ASSPGTDEQF,22
TRBV7-9,TRBJ2-1,ASSPGTDFSF,24
TRBV7-9,TRBJ2-1,ASSPGTDFYNEQF,1
TRBV7-9,TRBJ2-1,ASSPGTDGAANEQF,3
TRBV7-9,TRBJ2-1,ASSPGTDHNEEF,1
TRBV7-9,TRBJ2-1,ASSPGTDHNEQF,18
TRBV7-9,TRBJ2-1,ASSPGTDHNGQF,1
TRBV7-9,TRBJ2-1,ASSPGTDHYEQF,1
TRBV7-9,TRBJ2-1,ASSPGTDIIGIL,9
TRBV7-9,TRBJ2-1,ASSPGTDNEQF,36
TRBV7-9,TRBJ2-1,ASSPGTDPYNEQF,1
TRBV7-9,TRBJ2-1,ASSPGTDRNEQF,11
TRBV7-9,TRBJ2-1,ASSPGTDSYNEQF,3
TRBV7-9,TRBJ2-1,ASSPGTDYHYNEQF,1
TRBV7-9,TRBJ2-1,ASSPGTDYNEQF,20
TRBV7-9,TRBJ2-1,ASSPGTEAYNEQF,1
TRBV7-9,TRBJ2-1,ASSPGTEDGNEQF,12
TRBV7-9,TRBJ2-1,ASSPGTEEHDEQF,1
TRBV7-9,TRBJ2-1,ASSPGTEGDEQF,1
TRBV7-9,TRBJ2-1,ASSPGTEGYNEQF,1
TRBV7-9,TRBJ2-1,ASSPGTEIYNEQF,1
TRBV7-9,TRBJ2-1,ASSPGTELDNEQF,1
TRBV7-9,TRBJ2-1,ASSPGTENNEQF,12
TRBV7-9,TRBJ2-1,ASSPGTEPRF,29
TRBV7-9,TRBJ2-1,ASSPGTEPYNEQF,1
TRBV7-9,TRBJ2-1,ASSPGTEQF,25
TRBV7-9,TRBJ2-1,ASSPGTERSNEQF,1
TRBV7-9,TRBJ2-1,ASSPGTERYNEQF,15
TRBV7-9,TRBJ2-1,ASSPGTEVKNEQF,1
TRBV7-9,TRBJ2-1,ASSPGTEYNEQF,4
TRBV7-9,TRBJ2-1,ASSPGTFAYNEQF,3
TRBV7-9,TRBJ2-1,ASSPGTFDNEQF,1
TRBV7-9,TRBJ2-1,ASSPGTFEGNNEKF,1
TRBV7-9,TRBJ2-1,ASSPGTFEGNNEQC,2
TRBV7-9,TRBJ2-1,ASSPGTFEGNNEQF,17
TRBV7-9,TRBJ2-1,ASSPGTFEGNNEQL,1
TRBV7-9,TRBJ2-1,ASSPGTFGEQF,1
TRBV7-9,TRBJ2-1,ASSPGTFHNEQF,12
TRBV7-9,TRBJ2-1,ASSPGTFKEQF,1
TRBV7-9,TRBJ2-1,ASSPGTFNDQF,1
TRBV7-9,TRBJ2-1,ASSPGTFNEQF,36
TRBV7-9,TRBJ2-1,ASSPGTFNGQF,1
TRBV7-9,TRBJ2-1,ASSPGTFNSYNEQF,1
TRBV7-9,TRBJ2-1,ASSPGTFPDNEQF,1
TRBV7-9,TRBJ2-1,ASSPGTFPFNEQF,1
TRBV7-9,TRBJ2-1,ASSPGTFPYNEQF,1
TRBV7-9,TRBJ2-1,ASSPGTFRGDEQF,4
TRBV7-9,TRBJ2-1,ASSPGTFSDNEQF,1
TRBV7-9,TRBJ2-1,ASSPGTFSYHEQF,1
TRBV7-9,TRBJ2-1,ASSPGTFSYKAQF,1
TRBV7-9,TRBJ2-1,ASSPGTFSYNDQF,1
TRBV7-9,TRBJ2-1,ASSPGTFSYNEHF,1
TRBV7-9,TRBJ2-1,ASSPGTFSYNEPF,1
TRBV7-9,TRBJ2-1,ASSPGTFSYNEQF,204
TRBV7-9,TRBJ2-1,ASSPGTFSYNEQL,2
TRBV7-9,TRBJ2-1,ASSPGTFSYNEQV,1
TRBV7-9,TRBJ2-1,ASSPGTFSYNKQF,1
TRBV7-9,TRBJ2-1,ASSPGTFSYNVQF,2
TRBV7-9,TRBJ2-1,ASSPGTFSYSEQF,2
TRBV7-9,TRBJ2-1,ASSPGTFSYTEHF,1
TRBV7-9,TRBJ2-1,ASSPGTFSYYEQF,1
TRBV7-9,TRBJ2-1,ASSPGTFTPYNEQF,1
TRBV7-9,TRBJ2-1,ASSPGTFTYNEQC,1
TRBV7-9,TRBJ2-1,ASSPGTFYNEQF,3
TRBV7-9,TRBJ2-1,ASSPGTFYYNEKF,1
TRBV7-9,TRBJ2-1,ASSPGTFYYNEQF,2
TRBV7-9,TRBJ2-1,ASSPGTGAADEQF,1
TRBV7-9,TRBJ2-1,ASSPGTGAANEQF,1
TRBV7-9,TRBJ2-1,ASSPGTGAANEQL,1
TRBV7-9,TRBJ2-1,ASSPGTGAFREQF,6
TRBV7-9,TRBJ2-1,ASSPGTGAGEQF,1
TRBV7-9,TRBJ2-1,ASSPGTGAGNEQF,1
TRBV7-9,TRBJ2-1,ASSPGTGAGRAYNEQF,2
TRBV7-9,TRBJ2-1,ASSPGTGAGYNAQF,1
TRBV7-9,TRBJ2-1,ASSPGTGAHNEQF,1
TRBV7-9,TRBJ2-1,ASSPGTGAKYNEQF,9
TRBV7-9,TRBJ2-1,ASSPGTGALAGVFNEQF,1
TRBV7-9,TRBJ2-1,ASSPGTGALEQF,15
TRBV7-9,TRBJ2-1,ASSPGTGALHEQF,1
TRBV7-9,TRBJ2-1,ASSPGTGALNEQF,2
TRBV7-9,TRBJ2-1,ASSPGTGAMYEQF,1
TRBV7-9,TRBJ2-1,ASSPGTGANEQF,1
TRBV7-9,TRBJ2-1,ASSPGTGANNEQF,1
TRBV7-9,TRBJ2-1,ASSPGTGANYNEQF,1
TRBV7-9,TRBJ2-1,ASSPGTGAPALGEQF,4
TRBV7-9,TRBJ2-1,ASSPGTGAPNEQF,23
TRBV7-9,TRBJ2-1,ASSPGTGAPNGQF,1
TRBV7-9,TRBJ2-1,ASSPGTGAPYNEQF,1
TRBV7-9,TRBJ2-1,ASSPGTGARTYNEQF,8
TRBV7-9,TRBJ2-1,ASSPGTGARYNEQF,28
TRBV7-9,TRBJ2-1,ASSPGTGASNEQF,1
TRBV7-9,TRBJ2-1,ASSPGTGASSSYNEQF,1
TRBV7-9,TRBJ2-1,ASSPGTGASYNEQF,4
TRBV7-9,TRBJ2-1,ASSPGTGATEPYNEQF,15
TRBV7-9,TRBJ2-1,ASSPGTGATIEQL,1
TRBV7-9,TRBJ2-1,ASSPGTGATNAQF,2
TRBV7-9,TRBJ2-1,ASSPGTGATNDQF,1
TRBV7-9,TRBJ2-1,ASSPGTGATNEHF,1
TRBV7-9,TRBJ2-1,ASSPGTGATNELF,1
TRBV7-9,TRBJ2-1,ASSPGTGATNEQF,154
TRBV7-9,TRBJ2-1,ASSPGTGATNEQL,1
TRBV7-9,TRBJ2-1,ASSPGTGATNQQF,1
TRBV7-9,TRBJ2-1,ASSPGTGATNVQF,1
TRBV7-9,TRBJ2-1,ASSPGTGATSSSSNEQF,1
TRBV7-9,TRBJ2-1,ASSPGTGATSSSYKEQF,1
TRBV7-9,TRBJ2-1,ASSPGTGATSSSYNEQF,3
TRBV7-9,TRBJ2-1,ASSPGTGATTEQF,1
TRBV7-9,TRBJ2-1,ASSPGTGAVDEQF,5
TRBV7-9,TRBJ2-1,ASSPGTGAVDFYNEQF,1
TRBV7-9,TRBJ2-1,ASSPGTGAYNEQF,52
TRBV7-9,TRBJ2-1,ASSPGTGAYSYNEQF,1
TRBV7-9,TRBJ2-1,ASSPGTGAYYNEQF,1
TRBV7-9,TRBJ2-1,ASSPGTGDALVFYNEQF,1
TRBV7-9,TRBJ2-1,ASSPGTGDDEQF,14
TRBV7-9,TRBJ2-1,ASSPGTGDEQF,5
TRBV7-9,TRBJ2-1,ASSPGTGDGEQF,4
TRBV7-9,TRBJ2-1,ASSPGTGDGGLYNEQF,1
TRBV7-9,TRBJ2-1,ASSPGTGDIHEQF,7
TRBV7-9,TRBJ2-1,ASSPGTGDISYNEQF,5
TRBV7-9,TRBJ2-1,ASSPGTGDLNEQF,1
TRBV7-9,TRBJ2-1,ASSPGTGDNEQF,14
TRBV7-9,TRBJ2-1,ASSPGTGDPSYNEQF,1
TRBV7-9,TRBJ2-1,ASSPGTGDPYHEQF,1
TRBV7-9,TRBJ2-1,ASSPGTGDPYNEQF,9
TRBV7-9,TRBJ2-1,ASSPGTGDRNEQF,1
TRBV7-9,TRBJ2-1,ASSPGTGDSEQF,4
TRBV7-9,TRBJ2-1,ASSPGTGDSNEQF,1
TRBV7-9,TRBJ2-1,ASSPGTGDSSYNEQF,1
TRBV7-9,TRBJ2-1,ASSPGTGDSYNEQF,4
TRBV7-9,TRBJ2-1,ASSPGTGDYEQF,1
TRBV7-9,TRBJ2-1,ASSPGTGDYNEQF,18
TRBV7-9,TRBJ2-1,ASSPGTGDYYNEQF,1
TRBV7-9,TRBJ2-1,ASSPGTGEAGGYNEQF,1
TRBV7-9,TRBJ2-1,ASSPGTGEDEQF,1
TRBV7-9,TRBJ2-1,ASSPGTGEDNEQF,1
TRBV7-9,TRBJ2-1,ASSPGTGEEQF,8
TRBV7-9,TRBJ2-1,ASSPGTGEETQY,1
TRBV7-9,TRBJ2-1,ASSPGTGEFNEQF,1
TRBV7-9,TRBJ2-1,ASSPGTGEGEQF,24
TRBV7-9,TRBJ2-1,ASSPGTGEGNEQF,2
TRBV7-9,TRBJ2-1,ASSPGTGEGQQF,1
TRBV7-9,TRBJ2-1,ASSPGTGEHF,1
TRBV7-9,TRBJ2-1,ASSPGTGELDEQF,4
TRBV7-9,TRBJ2-1,ASSPGTGELVWYNEQF,1
TRBV7-9,TRBJ2-1,ASSPGTGENEQF,4
TRBV7-9,TRBJ2-1,ASSPGTGEPYNEQF,3
TRBV7-9,TRBJ2-1,ASSPGTGEQF,10
TRBV7-9,TRBJ2-1,ASSPGTGEQNEQF,1
TRBV7-9,TRBJ2-1,ASSPGTGEREQF,18
TRBV7-9,TRBJ2-1,ASSPGTGERNEQF,3
TRBV7-9,TRBJ2-1,ASSPGTGESDKF,1
TRBV7-9,TRBJ2-1,ASSPGTGESLSDPHEQF,1
TRBV7-9,TRBJ2-1,ASSPGTGESYNEQF,1
TRBV7-9,TRBJ2-1,ASSPGTGEVNEQF,3
TRBV7-9,TRBJ2-1,ASSPGTGEVYNEQF,2
TRBV7-9,TRBJ2-1,ASSPGTGEYNEQF,3
TRBV7-9,TRBJ2-1,ASSPGTGFDEQF,2
TRBV7-9,TRBJ2-1,ASSPGTGFDNEQF,13
TRBV7-9,TRBJ2-1,ASSPGTGFGNEQF,2
TRBV7-9,TRBJ2-1,ASSPGTGFLSSYNEQF,1
TRBV7-9,TRBJ2-1,ASSPGTGFMANEQF,9
TRBV7-9,TRBJ2-1,ASSPGTGFNEQF,1
TRBV7-9,TRBJ2-1,ASSPGTGFSFEQF,5
TRBV7-9,TRBJ2-1,ASSPGTGFSYNEQF,2
TRBV7-9,TRBJ2-1,ASSPGTGFYNEQF,8
TRBV7-9,TRBJ2-1,ASSPGTGGATGHF,1
TRBV7-9,TRBJ2-1,ASSPGTGGATLYEQF,1
TRBV7-9,TRBJ2-1,ASSPGTGGAYNEQF,2
TRBV7-9,TRBJ2-1,ASSPGTGGDEQF,3
TRBV7-9,TRBJ2-1,ASSPGTGGDHYNEQF,1
TRBV7-9,TRBJ2-1,ASSPGTGGDTEQF,1
TRBV7-9,TRBJ2-1,ASSPGTGGEDEQF,3
TRBV7-9,TRBJ2-1,ASSPGTGGEFNEQF,1
TRBV7-9,TRBJ2-1,ASSPGTGGELTHNEQF,7
TRBV7-9,TRBJ2-1,ASSPGTGGENEQF,7
TRBV7-9,TRBJ2-1,ASSPGTGGFDEQF,15
TRBV7-9,TRBJ2-1,ASSPGTGGFNEQF,4
TRBV7-9,TRBJ2-1,ASSPGTGGFYNEQF,9
TRBV7-9,TRBJ2-1,ASSPGTGGGEYYNEQF,3
TRBV7-9,TRBJ2-1,ASSPGTGGGGHYNEQF,1
TRBV7-9,TRBJ2-1,ASSPGTGGGHRLYNEQF,1
TRBV7-9,TRBJ2-1,ASSPGTGGGKAYNEQF,1
TRBV7-9,TRBJ2-1,ASSPGTGGGNEQF,11
TRBV7-9,TRBJ2-1,ASSPGTGGGSLSYNEQF,3
TRBV7-9,TRBJ2-1,ASSPGTGGGYEQF,1
TRBV7-9,TRBJ2-1,ASSPGTGGHEQF,4
TRBV7-9,TRBJ2-1,ASSPGTGGHNEQF,15
TRBV7-9,TRBJ2-1,ASSPGTGGIDNEQF,2
TRBV7-9,TRBJ2-1,ASSPGTGGINEQC,1
TRBV7-9,TRBJ2-1,ASSPGTGGINEQF,10
TRBV7-9,TRBJ2-1,ASSPGTGGISEQF,1
TRBV7-9,TRBJ2-1,ASSPGTGGIVNEQF,1
TRBV7-9,TRBJ2-1,ASSPGTGGIWQF,2
TRBV7-9,TRBJ2-1,ASSPGTGGIYEQF,10
TRBV7-9,TRBJ2-1,ASSPGTGGKDEQF,1
TRBV7-9,TRBJ2-1,ASSPGTGGKNEQF,5
TRBV7-9,TRBJ2-1,ASSPGTGGKSSYNEQF,1
TRBV7-9,TRBJ2-1,ASSPGTGGLDEQF,1
TRBV7-9,TRBJ2-1,ASSPGTGGLDNEQF,2
TRBV7-9,TRBJ2-1,ASSPGTGGLGEQF,10
TRBV7-9,TRBJ2-1,ASSPGTGGLGEQV,1
TRBV7-9,TRBJ2-1,ASSPGTGGLGPSNEQF,1
TRBV7-9,TRBJ2-1,ASSPGTGGLHFPFNEQF,6
TRBV7-9,TRBJ2-1,ASSPGTGGLNEQF,6
TRBV7-9,TRBJ2-1,ASSPGTGGLNNEQF,1
TRBV7-9,TRBJ2-1,ASSPGTGGLSSYNEQF,1
TRBV7-9,TRBJ2-1,ASSPGTGGLSYNEQF,1
TRBV7-9,TRBJ2-1,ASSPGTGGLTHEQF,5
TRBV7-9,TRBJ2-1,ASSPGTGGLTTYNEQF,1
TRBV7-9,TRBJ2-1,ASSPGTGGLWQF,37
TRBV7-9,TRBJ2-1,ASSPGTGGLYEQF,8
TRBV7-9,TRBJ2-1,ASSPGTGGMDNEQF,1
TRBV7-9,TRBJ2-1,ASSPGTGGMNEQF,1
TRBV7-9,TRBJ2-1,ASSPGTGGNDEQF,2
TRBV7-9,TRBJ2-1,ASSPGTGGNEQF,16
TRBV7-9,TRBJ2-1,ASSPGTGGNNEQF,14
TRBV7-9,TRBJ2-1,ASSPGTGGNYNEQF,1
TRBV7-9,TRBJ2-1,ASSPGTGGPDEQF,9
TRBV7-9,TRBJ2-1,ASSPGTGGPNEQF,5
TRBV7-9,TRBJ2-1,ASSPGTGGPTYNEQF,1
TRBV7-9,TRBJ2-1,ASSPGTGGPYNEQF,1
TRBV7-9,TRBJ2-1,ASSPGTGGQGGNEQF,1
TRBV7-9,TRBJ2-1,ASSPGTGGQGNEQF,1
TRBV7-9,TRBJ2-1,ASSPGTGGRAYNEQF,1
TRBV7-9,TRBJ2-1,ASSPGTGGRDEQF,1
TRBV7-9,TRBJ2-1,ASSPGTGGRDNEQF,1
TRBV7-9,TRBJ2-1,ASSPGTGGRENAQNEQF,1
TRBV7-9,TRBJ2-1,ASSPGTGGRENEQF,1
TRBV7-9,TRBJ2-1,ASSPGTGGRNEQF,33
TRBV7-9,TRBJ2-1,ASSPGTGGRTSVAYNEQF,1
TRBV7-9,TRBJ2-1,ASSPGTGGSEFLF,2
TRBV7-9,TRBJ2-1,ASSPGTGGSNEQF,3
TRBV7-9,TRBJ2-1,ASSPGTGGSRSSYNEQF,1
TRBV7-9,TRBJ2-1,ASSPGTGGSSYNEQF,1
TRBV7-9,TRBJ2-1,ASSPGTGGSYGEQF,1
TRBV7-9,TRBJ2-1,ASSPGTGGSYNEQF,26
TRBV7-9,TRBJ2-1,ASSPGTGGTDEQF,5
TRBV7-9,TRBJ2-1,ASSPGTGGTNEQF,3
TRBV7-9,TRBJ2-1,ASSPGTGGTRDEQF,1
TRBV7-9,TRBJ2-1,ASSPGTGGTRRNEQF,1
TRBV7-9,TRBJ2-1,ASSPGTGGTYEQF,1
TRBV7-9,TRBJ2-1,ASSPGTGGTYNEQF,1
TRBV7-9,TRBJ2-1,ASSPGTGGVDEQF,2
TRBV7-9,TRBJ2-1,ASSPGTGGVDNEQF,1
TRBV7-9,TRBJ2-1,ASSPGTGGVGNEQF,1
TRBV7-9,TRBJ2-1,ASSPGTGGVMEQF,13
TRBV7-9,TRBJ2-1,ASSPGTGGVYNEQF,1
TRBV7-9,TRBJ2-1,ASSPGTGGWDEQF,6
TRBV7-9,TRBJ2-1,ASSPGTGGWGQF,9
TRBV7-9,TRBJ2-1,ASSPGTGGWNEQF,1
TRBV7-9,TRBJ2-1,ASSPGTGGWVDEQF,1
TRBV7-9,TRBJ2-1,ASSPGTGGYEQF,1
TRBV7-9,TRBJ2-1,ASSPGTGGYHYNEQF,11
TRBV7-9,TRBJ2-1,ASSPGTGGYNEQF,86
TRBV7-9,TRBJ2-1,ASSPGTGGYNEQL,1
TRBV7-9,TRBJ2-1,ASSPGTGGYNNEQF,1
TRBV7-9,TRBJ2-1,ASSPGTGGYWDNEQF,3
TRBV7-9,TRBJ2-1,ASSPGTGGYYNEQF,1
TRBV7-9,TRBJ2-1,ASSPGTGHARDEQF,1
TRBV7-9,TRBJ2-1,ASSPGTGHEQF,1
TRBV7-9,TRBJ2-1,ASSPGTGHNEQF,1
TRBV7-9,TRBJ2-1,ASSPGTGHNYNEQF,1
TRBV7-9,TRBJ2-1,ASSPGTGHRNEQF,1
TRBV7-9,TRBJ2-1,ASSPGTGHSSYNEQF,1
TRBV7-9,TRBJ2-1,ASSPGTGHSYNEQF,5
TRBV7-9,TRBJ2-1,ASSPGTGHTYNEQF,1
TRBV7-9,TRBJ2-1,ASSPGTGHYNEQF,2
TRBV7-9,TRBJ2-1,ASSPGTGIANEQF,1
TRBV7-9,TRBJ2-1,ASSPGTGIHNEQF,12
TRBV7-9,TRBJ2-1,ASSPGTGIINEQF,1
TRBV7-9,TRBJ2-1,ASSPGTGIIYNEQF,1
TRBV7-9,TRBJ2-1,ASSPGTGIKSYNEQF,1
TRBV7-9,TRBJ2-1,ASSPGTGIMNEQF,6
TRBV7-9,TRBJ2-1,ASSPGTGINEQF,2
TRBV7-9,TRBJ2-1,ASSPGTGIREQF,2
TRBV7-9,TRBJ2-1,ASSPGTGISYNEQF,2
TRBV7-9,TRBJ2-1,ASSPGTGIVNEQF,6
TRBV7-9,TRBJ2-1,ASSPGTGIVYNEQF,1
TRBV7-9,TRBJ2-1,ASSPGTGIYEQF,4
TRBV7-9,TRBJ2-1,ASSPGTGIYNEQF,44
TRBV7-9,TRBJ2-1,ASSPGTGKANEQF,6
TRBV7-9,TRBJ2-1,ASSPGTGKDNEQF,1
TRBV7-9,TRBJ2-1,ASSPGTGKFNEQF,1
TRBV7-9,TRBJ2-1,ASSPGTGKGDEQF,1
TRBV7-9,TRBJ2-1,ASSPGTGKGYNEQF,1
TRBV7-9,TRBJ2-1,ASSPGTGKHNEQF,13
TRBV7-9,TRBJ2-1,ASSPGTGKIHEQF,1
TRBV7-9,TRBJ2-1,ASSPGTGKRNEQF,1
TRBV7-9,TRBJ2-1,ASSPGTGKTYNEQF,1
TRBV7-9,TRBJ2-1,ASSPGTGKVNEQF,18
TRBV7-9,TRBJ2-1,ASSPGTGKYNEQF,1
TRBV7-9,TRBJ2-1,ASSPGTGLAYNEQF,1
TRBV7-9,TRBJ2-1,ASSPGTGLDEQF,1
TRBV7-9,TRBJ2-1,ASSPGTGLDNEQF,2
TRBV7-9,TRBJ2-1,ASSPGTGLEF,2
TRBV7-9,TRBJ2-1,ASSPGTGLGNEQF,4
TRBV7-9,TRBJ2-1,ASSPGTGLNEQF,8
TRBV7-9,TRBJ2-1,ASSPGTGLQSYNEQF,20
TRBV7-9,TRBJ2-1,ASSPGTGLSDSVHF,1
TRBV7-9,TRBJ2-1,ASSPGTGLSNEQF,1
TRBV7-9,TRBJ2-1,ASSPGTGLSYDEQF,1
TRBV7-9,TRBJ2-1,ASSPGTGLSYKEQF,1
TRBV7-9,TRBJ2-1,ASSPGTGLSYNEQC,1
TRBV7-9,TRBJ2-1,ASSPGTGLSYNEQF,78
TRBV7-9,TRBJ2-1,ASSPGTGLSYNEQY,1
TRBV7-9,TRBJ2-1,ASSPGTGLVDEQF,1
TRBV7-9,TRBJ2-1,ASSPGTGLYEQF,14
TRBV7-9,TRBJ2-1,ASSPGTGLYNEQF,33
TRBV7-9,TRBJ2-1,ASSPGTGMDNEQF,1
TRBV7-9,TRBJ2-1,ASSPGTGMINEQF,1
TRBV7-9,TRBJ2-1,ASSPGTGMNEQF,1
TRBV7-9,TRBJ2-1,ASSPGTGMRDEQF,1
TRBV7-9,TRBJ2-1,ASSPGTGMRNEQF,17
TRBV7-9,TRBJ2-1,ASSPGTGMSYNEQF,1
TRBV7-9,TRBJ2-1,ASSPGTGMTDEQF,1
TRBV7-9,TRBJ2-1,ASSPGTGMTNEQF,1
TRBV7-9,TRBJ2-1,ASSPGTGNEQF,45
TRBV7-9,TRBJ2-1,ASSPGTGNFDEQF,2
TRBV7-9,TRBJ2-1,ASSPGTGNFNEQC,1
TRBV7-9,TRBJ2-1,ASSPGTGNFNEQF,11
TRBV7-9,TRBJ2-1,ASSPGTGNHEQF,14
TRBV7-9,TRBJ2-1,ASSPGTGNHNEQF,2
TRBV7-9,TRBJ2-1,ASSPGTGNINEQF,1
TRBV7-9,TRBJ2-1,ASSPGTGNL,12
TRBV7-9,TRBJ2-1,ASSPGTGNLNEQF,1
TRBV7-9,TRBJ2-1,ASSPGTGNLREQF,14
TRBV7-9,TRBJ2-1,ASSPGTGNLREQY,1
TRBV7-9,TRBJ2-1,ASSPGTGNLYMNEQF,1
TRBV7-9,TRBJ2-1,ASSPGTGNNEQF,13
TRBV7-9,TRBJ2-1,ASSPGTGNRNAQF,1
TRBV7-9,TRBJ2-1,ASSPGTGNRNEQF,133
TRBV7-9,TRBJ2-1,ASSPGTGNRNEQV,1
TRBV7-9,TRBJ2-1,ASSPGTGNRNERF,1
TRBV7-9,TRBJ2-1,ASSPGTGNRSEQF,2
TRBV7-9,TRBJ2-1,ASSPGTGNSYNEQF,1
TRBV7-9,TRBJ2-1,ASSPGTGNYNEQF,8
TRBV7-9,TRBJ2-1,ASSPGTGPANEQF,3
TRBV7-9,TRBJ2-1,ASSPGTGPGDEQF,1
TRBV7-9,TRBJ2-1,ASSPGTGPGNEQF,1
TRBV7-9,TRBJ2-1,ASSPGTGPGQF,3
TRBV7-9,TRBJ2-1,ASSPGTGPKLNEQF,1
TRBV7-9,TRBJ2-1,ASSPGTGPNEQF,1
TRBV7-9,TRBJ2-1,ASSPGTGPNNEQF,6
TRBV7-9,TRBJ2-1,ASSPGTGPSYNEQF,1
TRBV7-9,TRBJ2-1,ASSPGTGPTKQF,10
TRBV7-9,TRBJ2-1,ASSPGTGPYNEQF,34
TRBV7-9,TRBJ2-1,ASSPGTGPYNKQF,1
TRBV7-9,TRBJ2-1,ASSPGTGQEQF,6
TRBV7-9,TRBJ2-1,ASSPGTGQERF,1
TRBV7-9,TRBJ2-1,ASSPGTGQF,1
TRBV7-9,TRBJ2-1,ASSPGTGQGAYEQF,1
TRBV7-9,TRBJ2-1,ASSPGTGQGYNEQF,1
TRBV7-9,TRBJ2-1,ASSPGTGQNYNEQF,1
TRBV7-9,TRBJ2-1,ASSPGTGQSSYNEQF,1
TRBV7-9,TRBJ2-1,ASSPGTGRADEQF,8
TRBV7-9,TRBJ2-1,ASSPGTGRAENEQF,1
TRBV7-9,TRBJ2-1,ASSPGTGRAEQF,5
TRBV7-9,TRBJ2-1,ASSPGTGRAHEQF,12
TRBV7-9,TRBJ2-1,ASSPGTGRANEQF,2
TRBV7-9,TRBJ2-1,ASSPGTGRDEQF,12
TRBV7-9,TRBJ2-1,ASSPGTGRDNEQF,1
TRBV7-9,TRBJ2-1,ASSPGTGREGHNEQF,1
TRBV7-9,TRBJ2-1,ASSPGTGREREQDEQF,1
TRBV7-9,TRBJ2-1,ASSPGTGRFPGNEQF,1
TRBV7-9,TRBJ2-1,ASSPGTGRGGYEQF,1
TRBV7-9,TRBJ2-1,ASSPGTGRGNEQF,5
TRBV7-9,TRBJ2-1,ASSPGTGRGYEQF,1
TRBV7-9,TRBJ2-1,ASSPGTGRGYNEQF,9
TRBV7-9,TRBJ2-1,ASSPGTGRHNEQF,1
TRBV7-9,TRBJ2-1,ASSPGTGRKSYNEQF,6
TRBV7-9,TRBJ2-1,ASSPGTGRLNEQF,7
TRBV7-9,TRBJ2-1,ASSPGTGRNEQF,5
TRBV7-9,TRBJ2-1,ASSPGTGRNNEQF,1
TRBV7-9,TRBJ2-1,ASSPGTGRRAEPF,1
TRBV7-9,TRBJ2-1,ASSPGTGRREGDEHF,1
TRBV7-9,TRBJ2-1,ASSPGTGRREGDEQF,14
TRBV7-9,TRBJ2-1,ASSPGTGRREGDGQF,1
TRBV7-9,TRBJ2-1,ASSPGTGRRNEQF,1
TRBV7-9,TRBJ2-1,ASSPGTGRRRMRF,3
TRBV7-9,TRBJ2-1,ASSPGTGRSESKF,3
TRBV7-9,TRBJ2-1,ASSPGTGRSHPLYNEQF,1
TRBV7-9,TRBJ2-1,ASSPGTGRSSYNEQF,2
TRBV7-9,TRBJ2-1,ASSPGTGRSYEQF,1
TRBV7-9,TRBJ2-1,ASSPGTGRSYNEQF,5
TRBV7-9,TRBJ2-1,ASSPGTGRTYNEQF,14
TRBV7-9,TRBJ2-1,ASSPGTGRVNEQF,13
TRBV7-9,TRBJ2-1,ASSPGTGRWDEQF,9
TRBV7-9,TRBJ2-1,ASSPGTGRYNEQF,28
TRBV7-9,TRBJ2-1,ASSPGTGSFSYNEQF,1
TRBV7-9,TRBJ2-1,ASSPGTGSGEQF,1
TRBV7-9,TRBJ2-1,ASSPGTGSHEQF,1
TRBV7-9,TRBJ2-1,ASSPGTGSHNEQF,1
TRBV7-9,TRBJ2-1,ASSPGTGSIVDEQF,1
TRBV7-9,TRBJ2-1,ASSPGTGSIYNEQF,1
TRBV7-9,TRBJ2-1,ASSPGTGSLYNEQF,5
TRBV7-9,TRBJ2-1,ASSPGTGSNEQF,14
TRBV7-9,TRBJ2-1,ASSPGTGSNNEQF,12
TRBV7-9,TRBJ2-1,ASSPGTGSQHYNEQF,1
TRBV7-9,TRBJ2-1,ASSPGTGSRDEQF,1
TRBV7-9,TRBJ2-1,ASSPGTGSRNEQF,1
TRBV7-9,TRBJ2-1,ASSPGTGSSNEQF,3
TRBV7-9,TRBJ2-1,ASSPGTGSSYNEQF,24
TRBV7-9,TRBJ2-1,ASSPGTGSSYRTNEQF,5
TRBV7-9,TRBJ2-1,ASSPGTGSVNEQF,1
TRBV7-9,TRBJ2-1,ASSPGTGSWNEQF,2
TRBV7-9,TRBJ2-1,ASSPGTGSYNEQF,41
TRBV7-9,TRBJ2-1,ASSPGTGTAYNEQF,1
TRBV7-9,TRBJ2-1,ASSPGTGTDEQF,1
TRBV7-9,TRBJ2-1,ASSPGTGTFNEQF,1
TRBV7-9,TRBJ2-1,ASSPGTGTGFNEQF,5
TRBV7-9,TRBJ2-1,ASSPGTGTGLYNEQF,1
TRBV7-9,TRBJ2-1,ASSPGTGTGSYNEQF,1
TRBV7-9,TRBJ2-1,ASSPGTGTGVFELF,1
TRBV7-9,TRBJ2-1,ASSPGTGTGVFEQF,6
TRBV7-9,TRBJ2-1,ASSPGTGTGYNEQF,1
TRBV7-9,TRBJ2-1,ASSPGTGTINEQF,1
TRBV7-9,TRBJ2-1,ASSPGTGTNEQF,2
TRBV7-9,TRBJ2-1,ASSPGTGTNGQF,7
TRBV7-9,TRBJ2-1,ASSPGTGTNNEQF,1
TRBV7-9,TRBJ2-1,ASSPGTGTPGRNEQF,1
TRBV7-9,TRBJ2-1,ASSPGTGTQHEQF,1
TRBV7-9,TRBJ2-1,ASSPGTGTRNEQF,6
TRBV7-9,TRBJ2-1,ASSPGTGTRVVNEQF,1
TRBV7-9,TRBJ2-1,ASSPGTGTSAEQF,11
TRBV7-9,TRBJ2-1,ASSPGTGTSDEQF,3
TRBV7-9,TRBJ2-1,ASSPGTGTSGINEQF,1
TRBV7-9,TRBJ2-1,ASSPGTGTSTYNEQF,1
TRBV7-9,TRBJ2-1,ASSPGTGTTNEQF,1
TRBV7-9,TRBJ2-1,ASSPGTGTTYNEQF,1
TRBV7-9,TRBJ2-1,ASSPGTGTVNEQF,8
TRBV7-9,TRBJ2-1,ASSPGTGTYNEQF,44
TRBV7-9,TRBJ2-1,ASSPGTGVAGYNEQF,13
TRBV7-9,TRBJ2-1,ASSPGTGVANEQF,2
TRBV7-9,TRBJ2-1,ASSPGTGVFDEQF,1
TRBV7-9,TRBJ2-1,ASSPGTGVFYEQF,1
TRBV7-9,TRBJ2-1,ASSPGTGVGDEQF,4
TRBV7-9,TRBJ2-1,ASSPGTGVGHEQF,1
TRBV7-9,TRBJ2-1,ASSPGTGVGNEQF,7
TRBV7-9,TRBJ2-1,ASSPGTGVGSSYNEQF,1
TRBV7-9,TRBJ2-1,ASSPGTGVGTSPLTYNEQF,5
TRBV7-9,TRBJ2-1,ASSPGTGVHNEQF,1
TRBV7-9,TRBJ2-1,ASSPGTGVLGNEQF,1
TRBV7-9,TRBJ2-1,ASSPGTGVLHEQF,2
TRBV7-9,TRBJ2-1,ASSPGTGVNEQF,8
TRBV7-9,TRBJ2-1,ASSPGTGVNNEQF,22
TRBV7-9,TRBJ2-1,ASSPGTGVNVYEQF,1
TRBV7-9,TRBJ2-1,ASSPGTGVPIEQF,8
TRBV7-9,TRBJ2-1,ASSPGTGVPNEQF,1
TRBV7-9,TRBJ2-1,ASSPGTGVQNEQF,1
TRBV7-9,TRBJ2-1,ASSPGTGVRYNEQF,1
TRBV7-9,TRBJ2-1,ASSPGTGVSYNEQF,23
TRBV7-9,TRBJ2-1,ASSPGTGVSYNERF,1
TRBV7-9,TRBJ2-1,ASSPGTGVTFEQF,2
TRBV7-9,TRBJ2-1,ASSPGTGVTNEQF,1
TRBV7-9,TRBJ2-1,ASSPGTGVTYEQF,1
TRBV7-9,TRBJ2-1,ASSPGTGVTYNEQF,1
TRBV7-9,TRBJ2-1,ASSPGTGVVNEQF,1
TRBV7-9,TRBJ2-1,ASSPGTGVWDEQF,1
TRBV7-9,TRBJ2-1,ASSPGTGVWNEQF,8
TRBV7-9,TRBJ2-1,ASSPGTGVYEQF,1
TRBV7-9,TRBJ2-1,ASSPGTGVYNEQF,37
TRBV7-9,TRBJ2-1,ASSPGTGWDEQF,1
TRBV7-9,TRBJ2-1,ASSPGTGWDNEQF,1
TRBV7-9,TRBJ2-1,ASSPGTGWLDEQF,5
TRBV7-9,TRBJ2-1,ASSPGTGWNEQF,1
TRBV7-9,TRBJ2-1,ASSPGTGWPNNEQF,1
TRBV7-9,TRBJ2-1,ASSPGTGWTYNEQF,1
TRBV7-9,TRBJ2-1,ASSPGTGYDEQF,1
TRBV7-9,TRBJ2-1,ASSPGTGYEQF,10
TRBV7-9,TRBJ2-1,ASSPGTGYGNEQF,4
TRBV7-9,TRBJ2-1,ASSPGTGYNEEF,1
TRBV7-9,TRBJ2-1,ASSPGTGYNEQF,37
TRBV7-9,TRBJ2-1,ASSPGTGYNNNEQF,1
TRBV7-9,TRBJ2-1,ASSPGTGYSYNEQF,2
TRBV7-9,TRBJ2-1,ASSPGTGYYEQF,1
TRBV7-9,TRBJ2-1,ASSPGTGYYNEQF,3
TRBV7-9,TRBJ2-1,ASSPGTHDNEQF,1
TRBV7-9,TRBJ2-1,ASSPGTHEQF,3
TRBV7-9,TRBJ2-1,ASSPGTHGGNEQF,12
TRBV7-9,TRBJ2-1,ASSPGTHGSYNEQF,1
TRBV7-9,TRBJ2-1,ASSPGTHNEQF,24
TRBV7-9,TRBJ2-1,ASSPGTHNNEQF,3
TRBV7-9,TRBJ2-1,ASSPGTHSQQF,4
TRBV7-9,TRBJ2-1,ASSPGTHSYNEQF,3
TRBV7-9,TRBJ2-1,ASSPGTHTYNEQF,5
TRBV7-9,TRBJ2-1,ASSPGTHYNEQF,2
TRBV7-9,TRBJ2-1,ASSPGTIAHNEQF,1
TRBV7-9,TRBJ2-1,ASSPGTIANEQF,1
TRBV7-9,TRBJ2-1,ASSPGTIDEQF,1
TRBV7-9,TRBJ2-1,ASSPGTIDNEQF,10
TRBV7-9,TRBJ2-1,ASSPGTIDYNEQF,1
TRBV7-9,TRBJ2-1,ASSPGTIGSHF,1
TRBV7-9,TRBJ2-1,ASSPGTIGSNEQF,1
TRBV7-9,TRBJ2-1,ASSPGTIHNEQF,1
TRBV7-9,TRBJ2-1,ASSPGTILGDEQF,1
TRBV7-9,TRBJ2-1,ASSPGTILNEQF,2
TRBV7-9,TRBJ2-1,ASSPGTINEQF,33
TRBV7-9,TRBJ2-1,ASSPGTINYNEQF,1
TRBV7-9,TRBJ2-1,ASSPGTIQKHNEQF,1
TRBV7-9,TRBJ2-1,ASSPGTIQNYYNEQF,1
TRBV7-9,TRBJ2-1,ASSPGTIQYNEQF,1
TRBV7-9,TRBJ2-1,ASSPGTIRRDEQF,1
TRBV7-9,TRBJ2-1,ASSPGTISYNEQF,2
TRBV7-9,TRBJ2-1,ASSPGTIVVDNEQF,1
TRBV7-9,TRBJ2-1,ASSPGTIYNEQF,3
TRBV7-9,TRBJ2-1,ASSPGTKEDEQF,1
TRBV7-9,TRBJ2-1,ASSPGTKIRHEQF,4
TRBV7-9,TRBJ2-1,ASSPGTKLNEQF,1
TRBV7-9,TRBJ2-1,ASSPGTKNEQF,8
TRBV7-9,TRBJ2-1,ASSPGTKNEQV,1
TRBV7-9,TRBJ2-1,ASSPGTKNYNEQF,1
TRBV7-9,TRBJ2-1,ASSPGTKPGSYNEQF,1
TRBV7-9,TRBJ2-1,ASSPGTKQF,4
TRBV7-9,TRBJ2-1,ASSPGTKSYNEQF,1
TRBV7-9,TRBJ2-1,ASSPGTKTNEQF,8
TRBV7-9,TRBJ2-1,ASSPGTKTYNEQF,1
TRBV7-9,TRBJ2-1,ASSPGTKWNEQF,1
TRBV7-9,TRBJ2-1,ASSPGTKYNEQF,13
TRBV7-9,TRBJ2-1,ASSPGTLADLSSYNEQF,1
TRBV7-9,TRBJ2-1,ASSPGTLAGNEQF,6
TRBV7-9,TRBJ2-1,ASSPGTLAGVSLYNEQF,2
TRBV7-9,TRBJ2-1,ASSPGTLAYNEQF,1
TRBV7-9,TRBJ2-1,ASSPGTLEQF,15
TRBV7-9,TRBJ2-1,ASSPGTLGEQF,16
TRBV7-9,TRBJ2-1,ASSPGTLGPETQY,2
TRBV7-9,TRBJ2-1,ASSPGTLGQGENDEQF,1
TRBV7-9,TRBJ2-1,ASSPGTLGVNEQF,1
TRBV7-9,TRBJ2-1,ASSPGTLHGGNEQF,1
TRBV7-9,TRBJ2-1,ASSPGTLHNEQF,6
TRBV7-9,TRBJ2-1,ASSPGTLHNKQF,2
TRBV7-9,TRBJ2-1,ASSPGTLHVGNEQF,24
TRBV7-9,TRBJ2-1,ASSPGTLHVGTEQF,1
TRBV7-9,TRBJ2-1,ASSPGTLIITYNEQF,1
TRBV7-9,TRBJ2-1,ASSPGTLIYNEQF,5
TRBV7-9,TRBJ2-1,ASSPGTLIYNEQY,1
TRBV7-9,TRBJ2-1,ASSPGTLLVGYNEQF,2
TRBV7-9,TRBJ2-1,ASSPGTLLWSNEQF,1
TRBV7-9,TRBJ2-1,ASSPGTLNEQF,1
TRBV7-9,TRBJ2-1,ASSPGTLNNEQF,2
TRBV7-9,TRBJ2-1,ASSPGTLPSYNEQF,8
TRBV7-9,TRBJ2-1,ASSPGTLPYNEQF,3
TRBV7-9,TRBJ2-1,ASSPGTLRAYEQF,1
TRBV7-9,TRBJ2-1,ASSPGTLRGDEQF,1
TRBV7-9,TRBJ2-1,ASSPGTLRGHEQF,1
TRBV7-9,TRBJ2-1,ASSPGTLRHNEQF,1
TRBV7-9,TRBJ2-1,ASSPGTLSPF,2
TRBV7-9,TRBJ2-1,ASSPGTLSSYNEQF,3
TRBV7-9,TRBJ2-1,ASSPGTLSYNEQF,6
TRBV7-9,TRBJ2-1,ASSPGTLTYNEQF,6
TRBV7-9,TRBJ2-1,ASSPGTLVGNEQF,1
TRBV7-9,TRBJ2-1,ASSPGTLWGNEQF,1
TRBV7-9,TRBJ2-1,ASSPGTLYNEQF,10
TRBV7-9,TRBJ2-1,ASSPGTMFYNEQF,1
TRBV7-9,TRBJ2-1,ASSPGTMGAYNEQF,5
TRBV7-9,TRBJ2-1,ASSPGTMIYNEQF,12
TRBV7-9,TRBJ2-1,ASSPGTMKSDEQF,1
TRBV7-9,TRBJ2-1,ASSPGTMQDEQF,1
TRBV7-9,TRBJ2-1,ASSPGTMVFNEQF,2
TRBV7-9,TRBJ2-1,ASSPGTMWNEQF,8
TRBV7-9,TRBJ2-1,ASSPGTNAYHEQF,1
TRBV7-9,TRBJ2-1,ASSPGTNAYNEQF,17
TRBV7-9,TRBJ2-1,ASSPGTNAYSEQF,1
TRBV7-9,TRBJ2-1,ASSPGTNEQF,11
TRBV7-9,TRBJ2-1,ASSPGTNFPNEQF,1
TRBV7-9,TRBJ2-1,ASSPGTNGSHF,1
TRBV7-9,TRBJ2-1,ASSPGTNIRDEQF,13
TRBV7-9,TRBJ2-1,ASSPGTNIRHEQF,1
TRBV7-9,TRBJ2-1,ASSPGTNLYNEQF,1
TRBV7-9,TRBJ2-1,ASSPGTNNEQC,1
TRBV7-9,TRBJ2-1,ASSPGTNNEQF,30
TRBV7-9,TRBJ2-1,ASSPGTNNYNEQF,1
TRBV7-9,TRBJ2-1,ASSPGTNPNEQF,19
TRBV7-9,TRBJ2-1,ASSPGTNSKYNEQF,1
TRBV7-9,TRBJ2-1,ASSPGTNSYNEQF,12
TRBV7-9,TRBJ2-1,ASSPGTNYNEQF,3
TRBV7-9,TRBJ2-1,ASSPGTNYREHNEQF,1
TRBV7-9,TRBJ2-1,ASSPGTPAILSNEQF,1
TRBV7-9,TRBJ2-1,ASSPGTPAYNEQF,16
TRBV7-9,TRBJ2-1,ASSPGTPDETSRDEQF,1
TRBV7-9,TRBJ2-1,ASSPGTPDNEQF,6
TRBV7-9,TRBJ2-1,ASSPGTPENEQF,1
TRBV7-9,TRBJ2-1,ASSPGTPEQF,8
TRBV7-9,TRBJ2-1,ASSPGTPGDEQF,1
TRBV7-9,TRBJ2-1,ASSPGTPGHNEQF,1
TRBV7-9,TRBJ2-1,ASSPGTPGLARNYNEQF,1
TRBV7-9,TRBJ2-1,ASSPGTPGPPRGHEQF,1
TRBV7-9,TRBJ2-1,ASSPGTPGRGSRNEQF,1
TRBV7-9,TRBJ2-1,ASSPGTPKDNEQF,1
TRBV7-9,TRBJ2-1,ASSPGTPLTGNEQF,1
TRBV7-9,TRBJ2-1,ASSPGTPLYNEQF,1
TRBV7-9,TRBJ2-1,ASSPGTPNEQF,8
TRBV7-9,TRBJ2-1,ASSPGTPNNEQF,2
TRBV7-9,TRBJ2-1,ASSPGTPNYNEQF,1
TRBV7-9,TRBJ2-1,ASSPGTPPYNEQF,3
TRBV7-9,TRBJ2-1,ASSPGTPQEEQF,2
TRBV7-9,TRBJ2-1,ASSPGTPQWAYNEQF,1
TRBV7-9,TRBJ2-1,ASSPGTPRDEQF,6
TRBV7-9,TRBJ2-1,ASSPGTPRLAGGNEQF,1
TRBV7-9,TRBJ2-1,ASSPGTPRPYNEQF,1
TRBV7-9,TRBJ2-1,ASSPGTPRTGSYNEQF,4
TRBV7-9,TRBJ2-1,ASSPGTPRTSTNNEQF,1
TRBV7-9,TRBJ2-1,ASSPGTPSINEQF,1
TRBV7-9,TRBJ2-1,ASSPGTPSSYNEQF,2
TRBV7-9,TRBJ2-1,ASSPGTPSYKEQF,1
TRBV7-9,TRBJ2-1,ASSPGTPSYNEKF,1
TRBV7-9,TRBJ2-1,ASSPGTPSYNEQF,22
TRBV7-9,TRBJ2-1,ASSPGTPTNEQF,1
TRBV7-9,TRBJ2-1,ASSPGTPTNYNEQF,1
TRBV7-9,TRBJ2-1,ASSPGTPTPYNEQF,1
TRBV7-9,TRBJ2-1,ASSPGTPTSYNEQF,1
TRBV7-9,TRBJ2-1,ASSPGTPTYNEQF,7
TRBV7-9,TRBJ2-1,ASSPGTPVGNEQF,1
TRBV7-9,TRBJ2-1,ASSPGTPVSYNEQF,15
TRBV7-9,TRBJ2-1,ASSPGTPWGNNEQF,1
TRBV7-9,TRBJ2-1,ASSPGTPWMNEQF,1
TRBV7-9,TRBJ2-1,ASSPGTPYADEQF,1
TRBV7-9,TRBJ2-1,ASSPGTPYNEQF,11
TRBV7-9,TRBJ2-1,ASSPGTQANEKF,1
TRBV7-9,TRBJ2-1,ASSPGTQANEQF,10
TRBV7-9,TRBJ2-1,ASSPGTQAYNEQF,1
TRBV7-9,TRBJ2-1,ASSPGTQF,6
TRBV7-9,TRBJ2-1,ASSPGTQGDDNEQF,1
TRBV7-9,TRBJ2-1,ASSPGTQGNEQF,12
TRBV7-9,TRBJ2-1,ASSPGTQGQF,6
TRBV7-9,TRBJ2-1,ASSPGTQGTYNEQF,6
TRBV7-9,TRBJ2-1,ASSPGTQISDEQF,1
TRBV7-9,TRBJ2-1,ASSPGTQKYYNEQF,1
TRBV7-9,TRBJ2-1,ASSPGTQLVVEQF,8
TRBV7-9,TRBJ2-1,ASSPGTQNNEQF,1
TRBV7-9,TRBJ2-1,ASSPGTQPANEQF,1
TRBV7-9,TRBJ2-1,ASSPGTQPYNEQF,1
TRBV7-9,TRBJ2-1,ASSPGTQRNNEQF,1
TRBV7-9,TRBJ2-1,ASSPGTQSYNEQF,9
TRBV7-9,TRBJ2-1,ASSPGTQTYHEQS,1
TRBV7-9,TRBJ2-1,ASSPGTQTYNEQF,14
TRBV7-9,TRBJ2-1,ASSPGTQVYNEQF,1
TRBV7-9,TRBJ2-1,ASSPGTQYNEQF,8
TRBV7-9,TRBJ2-1,ASSPGTRADEQF,1
TRBV7-9,TRBJ2-1,ASSPGTRAFEQF,1
TRBV7-9,TRBJ2-1,ASSPGTRANEQF,1
TRBV7-9,TRBJ2-1,ASSPGTRARRDYNDQF,1
TRBV7-9,TRBJ2-1,ASSPGTRARRDYNEQF,1
TRBV7-9,TRBJ2-1,ASSPGTRAYEQF,15
TRBV7-9,TRBJ2-1,ASSPGTRAYGEQF,3
TRBV7-9,TRBJ2-1,ASSPGTRAYNEQF,1
TRBV7-9,TRBJ2-1,ASSPGTRDEQF,4
TRBV7-9,TRBJ2-1,ASSPGTRDNEQF,2
TRBV7-9,TRBJ2-1,ASSPGTREQF,11
TRBV7-9,TRBJ2-1,ASSPGTRFDVEQF,4
TRBV7-9,TRBJ2-1,ASSPGTRFPHEQF,1
TRBV7-9,TRBJ2-1,ASSPGTRGDDDEQF,1
TRBV7-9,TRBJ2-1,ASSPGTRGDGYNEQF,1
TRBV7-9,TRBJ2-1,ASSPGTRGGDEQF,1
TRBV7-9,TRBJ2-1,ASSPGTRGGGGQF,1
TRBV7-9,TRBJ2-1,ASSPGTRGGNAYNEQF,1
TRBV7-9,TRBJ2-1,ASSPGTRGGNEQF,3
TRBV7-9,TRBJ2-1,ASSPGTRGINEQF,1
TRBV7-9,TRBJ2-1,ASSPGTRGNEQF,2
TRBV7-9,TRBJ2-1,ASSPGTRGNNEQF,1
TRBV7-9,TRBJ2-1,ASSPGTRGNYNEQF,1
TRBV7-9,TRBJ2-1,ASSPGTRGPSSYNEQF,1
TRBV7-9,TRBJ2-1,ASSPGTRGQVGRDEQF,1
TRBV7-9,TRBJ2-1,ASSPGTRGRNEQF,1
TRBV7-9,TRBJ2-1,ASSPGTRGRSSYNEQF,1
TRBV7-9,TRBJ2-1,ASSPGTRGSDEQF,1
TRBV7-9,TRBJ2-1,ASSPGTRGSNEQF,1
TRBV7-9,TRBJ2-1,ASSPGTRGSSYNEQF,1
TRBV7-9,TRBJ2-1,ASSPGTRGSYEQF,1
TRBV7-9,TRBJ2-1,ASSPGTRHNEQF,2
TRBV7-9,TRBJ2-1,ASSPGTRIINNEQF,1
TRBV7-9,TRBJ2-1,ASSPGTRINNEQF,2
TRBV7-9,TRBJ2-1,ASSPGTRIYNEQF,1
TRBV7-9,TRBJ2-1,ASSPGTRKNEQF,2
TRBV7-9,TRBJ2-1,ASSPGTRKRNEQF,2
TRBV7-9,TRBJ2-1,ASSPGTRKYNEQF,1
TRBV7-9,TRBJ2-1,ASSPGTRLLLHNEQF,1
TRBV7-9,TRBJ2-1,ASSPGTRLLNEQF,13
TRBV7-9,TRBJ2-1,ASSPGTRLLRGQF,1
TRBV7-9,TRBJ2-1,ASSPGTRLNEQF,1
TRBV7-9,TRBJ2-1,ASSPGTRMDEQF,1
TRBV7-9,TRBJ2-1,ASSPGTRMQNEQF,1
TRBV7-9,TRBJ2-1,ASSPGTRNEQF,3
TRBV7-9,TRBJ2-1,ASSPGTRNNEQF,45
TRBV7-9,TRBJ2-1,ASSPGTRNSYNEQF,1
TRBV7-9,TRBJ2-1,ASSPGTRNYNEQF,1
TRBV7-9,TRBJ2-1,ASSPGTRPTDEQF,5
TRBV7-9,TRBJ2-1,ASSPGTRPYNEQF,2
TRBV7-9,TRBJ2-1,ASSPGTRQGLNEQF,1
TRBV7-9,TRBJ2-1,ASSPGTRRGDEQF,1
TRBV7-9,TRBJ2-1,ASSPGTRRGNEQF,1
TRBV7-9,TRBJ2-1,ASSPGTRRNNEQF,1
TRBV7-9,TRBJ2-1,ASSPGTRSDEQF,14
TRBV7-9,TRBJ2-1,ASSPGTRSDNEQF,1
TRBV7-9,TRBJ2-1,ASSPGTRSNEQF,1
TRBV7-9,TRBJ2-1,ASSPGTRSRQF,6
TRBV7-9,TRBJ2-1,ASSPGTRSSYNEQF,1
TRBV7-9,TRBJ2-1,ASSPGTRSYKEQF,1
TRBV7-9,TRBJ2-1,ASSPGTRSYNEQF,12
TRBV7-9,TRBJ2-1,ASSPGTRTSAEQF,1
TRBV7-9,TRBJ2-1,ASSPGTRTYNEQF,1
TRBV7-9,TRBJ2-1,ASSPGTRVGNEQF,1
TRBV7-9,TRBJ2-1,ASSPGTRVNEQF,1
TRBV7-9,TRBJ2-1,ASSPGTRVWDEQF,1
TRBV7-9,TRBJ2-1,ASSPGTRVYNEQF,8
TRBV7-9,TRBJ2-1,ASSPGTRWEGDEQF,2
TRBV7-9,TRBJ2-1,ASSPGTRWIDEQF,1
TRBV7-9,TRBJ2-1,ASSPGTRYEQF,2
TRBV7-9,TRBJ2-1,ASSPGTRYNEQF,18
TRBV7-9,TRBJ2-1,ASSPGTSADEQF,18
TRBV7-9,TRBJ2-1,ASSPGTSAEQF,2
TRBV7-9,TRBJ2-1,ASSPGTSAFNEQF,1
TRBV7-9,TRBJ2-1,ASSPGTSAGNEQF,1
TRBV7-9,TRBJ2-1,ASSPGTSAHNEQF,12
TRBV7-9,TRBJ2-1,ASSPGTSALRDYNEQF,1
TRBV7-9,TRBJ2-1,ASSPGTSALYNEQF,1
TRBV7-9,TRBJ2-1,ASSPGTSANEQF,3
TRBV7-9,TRBJ2-1,ASSPGTSANNEQF,2
TRBV7-9,TRBJ2-1,ASSPGTSAPGSYNEQF,1
TRBV7-9,TRBJ2-1,ASSPGTSARDEQF,13
TRBV7-9,TRBJ2-1,ASSPGTSARRDDNEQF,1
TRBV7-9,TRBJ2-1,ASSPGTSARRDYNAQF,1
TRBV7-9,TRBJ2-1,ASSPGTSARRDYNEHF,2
TRBV7-9,TRBJ2-1,ASSPGTSARRDYNEQF,75
TRBV7-9,TRBJ2-1,ASSPGTSARRDYNEQL,1
TRBV7-9,TRBJ2-1,ASSPGTSASDEQF,1
TRBV7-9,TRBJ2-1,ASSPGTSASSHEQF,1
TRBV7-9,TRBJ2-1,ASSPGTSATGSYNEQF,1
TRBV7-9,TRBJ2-1,ASSPGTSATPYNEQF,3
TRBV7-9,TRBJ2-1,ASSPGTSAWNEQF,1
TRBV7-9,TRBJ2-1,ASSPGTSAYNAQF,1
TRBV7-9,TRBJ2-1,ASSPGTSAYNEQF,59
TRBV7-9,TRBJ2-1,ASSPGTSAYNGQF,1
TRBV7-9,TRBJ2-1,ASSPGTSDEQF,2
TRBV7-9,TRBJ2-1,ASSPGTSDGNEQF,2
TRBV7-9,TRBJ2-1,ASSPGTSDHEQF,1
TRBV7-9,TRBJ2-1,ASSPGTSDHNEQF,8
TRBV7-9,TRBJ2-1,ASSPGTSDNEQF,4
TRBV7-9,TRBJ2-1,ASSPGTSDNNEQF,3
TRBV7-9,TRBJ2-1,ASSPGTSDPF,2
TRBV7-9,TRBJ2-1,ASSPGTSDPYNEQF,1
TRBV7-9,TRBJ2-1,ASSPGTSDSYNEQF,1
TRBV7-9,TRBJ2-1,ASSPGTSDYNEQF,41
TRBV7-9,TRBJ2-1,ASSPGTSEANEQF,1
TRBV7-9,TRBJ2-1,ASSPGTSEDNEQF,12
TRBV7-9,TRBJ2-1,ASSPGTSEFDEQF,1
TRBV7-9,TRBJ2-1,ASSPGTSEGNEQF,1
TRBV7-9,TRBJ2-1,ASSPGTSEGRQF,3
TRBV7-9,TRBJ2-1,ASSPGTSENEQF,1
TRBV7-9,TRBJ2-1,ASSPGTSEPRSYNEQF,1
TRBV7-9,TRBJ2-1,ASSPGTSERDEQF,1
TRBV7-9,TRBJ2-1,ASSPGTSERNEQF,1
TRBV7-9,TRBJ2-1,ASSPGTSERRSYNEQF,2
TRBV7-9,TRBJ2-1,ASSPGTSESEQF,1
TRBV7-9,TRBJ2-1,ASSPGTSESQLSYNEQF,1
TRBV7-9,TRBJ2-1,ASSPGTSESSYNEQF,2
TRBV7-9,TRBJ2-1,ASSPGTSESWVYNEQF,1
TRBV7-9,TRBJ2-1,ASSPGTSESYNEQF,1
TRBV7-9,TRBJ2-1,ASSPGTSETYNEQF,1
TRBV7-9,TRBJ2-1,ASSPGTSEVDEQF,1
TRBV7-9,TRBJ2-1,ASSPGTSEVHEQF,14
TRBV7-9,TRBJ2-1,ASSPGTSEVNEQF,7
TRBV7-9,TRBJ2-1,ASSPGTSEYHEQF,1
TRBV7-9,TRBJ2-1,ASSPGTSEYNEQF,27
TRBV7-9,TRBJ2-1,ASSPGTSFLQF,3
TRBV7-9,TRBJ2-1,ASSPGTSFNEQF,10
TRBV7-9,TRBJ2-1,ASSPGTSFRDEQF,8
TRBV7-9,TRBJ2-1,ASSPGTSFRNEQF,1
TRBV7-9,TRBJ2-1,ASSPGTSFSEQF,1
TRBV7-9,TRBJ2-1,ASSPGTSFWQF,1
TRBV7-9,TRBJ2-1,ASSPGTSFYEQF,1
TRBV7-9,TRBJ2-1,ASSPGTSFYNEQF,1
TRBV7-9,TRBJ2-1,ASSPGTSGAANEQF,1
TRBV7-9,TRBJ2-1,ASSPGTSGAASYNEQF,9
TRBV7-9,TRBJ2-1,ASSPGTSGADYNEQF,1
TRBV7-9,TRBJ2-1,ASSPGTSGAKNEQF,12
TRBV7-9,TRBJ2-1,ASSPGTSGAKNKQF,1
TRBV7-9,TRBJ2-1,ASSPGTSGAKSSYNEQF,1
TRBV7-9,TRBJ2-1,ASSPGTSGALHNEQF,1
TRBV7-9,TRBJ2-1,ASSPGTSGALTYNEQF,1
TRBV7-9,TRBJ2-1,ASSPGTSGANEQF,21
TRBV7-9,TRBJ2-1,ASSPGTSGANQQF,1
TRBV7-9,TRBJ2-1,ASSPGTSGAPHNEQF,1
TRBV7-9,TRBJ2-1,ASSPGTSGAPYNEQF,1
TRBV7-9,TRBJ2-1,ASSPGTSGARPHEQF,1
TRBV7-9,TRBJ2-1,ASSPGTSGARSYNEQF,1
TRBV7-9,TRBJ2-1,ASSPGTSGASSYDEQF,1
TRBV7-9,TRBJ2-1,ASSPGTSGASSYNEQF,9
TRBV7-9,TRBJ2-1,ASSPGTSGASYNEQF,3
TRBV7-9,TRBJ2-1,ASSPGTSGATGQF,11
TRBV7-9,TRBJ2-1,ASSPGTSGAVTYNEQF,1
TRBV7-9,TRBJ2-1,ASSPGTSGAYEQF,5
TRBV7-9,TRBJ2-1,ASSPGTSGAYHEQF,1
TRBV7-9,TRBJ2-1,ASSPGTSGAYNEKF,1
TRBV7-9,TRBJ2-1,ASSPGTSGAYNEQF,17
TRBV7-9,TRBJ2-1,ASSPGTSGAYQTYNEQF,7
TRBV7-9,TRBJ2-1,ASSPGTSGDDEQF,1
TRBV7-9,TRBJ2-1,ASSPGTSGDEQF,18
TRBV7-9,TRBJ2-1,ASSPGTSGDHKQF,2
TRBV7-9,TRBJ2-1,ASSPGTSGDHNEQF,1
TRBV7-9,TRBJ2-1,ASSPGTSGDNEQF,37
TRBV7-9,TRBJ2-1,ASSPGTSGDPYNEQF,5
TRBV7-9,TRBJ2-1,ASSPGTSGDPYTEQF,1
TRBV7-9,TRBJ2-1,ASSPGTSGDYEQF,1
TRBV7-9,TRBJ2-1,ASSPGTSGEGSRYNEQF,1
TRBV7-9,TRBJ2-1,ASSPGTSGEHNEQF,1
TRBV7-9,TRBJ2-1,ASSPGTSGENNEQF,1
TRBV7-9,TRBJ2-1,ASSPGTSGESSYNEQF,20
TRBV7-9,TRBJ2-1,ASSPGTSGFDEQF,10
TRBV7-9,TRBJ2-1,ASSPGTSGFGNEQF,1
TRBV7-9,TRBJ2-1,ASSPGTSGFHNEQF,1
TRBV7-9,TRBJ2-1,ASSPGTSGFISYNEQF,1
TRBV7-9,TRBJ2-1,ASSPGTSGFNEQF,5
TRBV7-9,TRBJ2-1,ASSPGTSGFSSYNEQF,3
TRBV7-9,TRBJ2-1,ASSPGTSGFSYNEQF,5
TRBV7-9,TRBJ2-1,ASSPGTSGFYEQF,1
TRBV7-9,TRBJ2-1,ASSPGTSGFYNEQF,25
TRBV7-9,TRBJ2-1,ASSPGTSGGAAYNEQF,12
TRBV7-9,TRBJ2-1,ASSPGTSGGADEQF,13
TRBV7-9,TRBJ2-1,ASSPGTSGGADNEQF,11
TRBV7-9,TRBJ2-1,ASSPGTSGGAEQF,1
TRBV7-9,TRBJ2-1,ASSPGTSGGAIYNEQF,5
TRBV7-9,TRBJ2-1,ASSPGTSGGALYNEQF,6
TRBV7-9,TRBJ2-1,ASSPGTSGGANEQF,2
TRBV7-9,TRBJ2-1,ASSPGTSGGAQNEQF,2
TRBV7-9,TRBJ2-1,ASSPGTSGGASYNEQF,3
TRBV7-9,TRBJ2-1,ASSPGTSGGATYNEQF,4
TRBV7-9,TRBJ2-1,ASSPGTSGGAVTYNEQF,3
TRBV7-9,TRBJ2-1,ASSPGTSGGAVYNEQF,2
TRBV7-9,TRBJ2-1,ASSPGTSGGAYEQF,6
TRBV7-9,TRBJ2-1,ASSPGTSGGDAQF,1
TRBV7-9,TRBJ2-1,ASSPGTSGGDEQF,44
TRBV7-9,TRBJ2-1,ASSPGTSGGDKYNEQF,6
TRBV7-9,TRBJ2-1,ASSPGTSGGDSYNEQF,1
TRBV7-9,TRBJ2-1,ASSPGTSGGDVSYNEQF,2
TRBV7-9,TRBJ2-1,ASSPGTSGGEEQF,12
TRBV7-9,TRBJ2-1,ASSPGTSGGETYNEQF,1
TRBV7-9,TRBJ2-1,ASSPGTSGGEYNEQF,1
TRBV7-9,TRBJ2-1,ASSPGTSGGFNEQF,7
TRBV7-9,TRBJ2-1,ASSPGTSGGFYNEQF,1
TRBV7-9,TRBJ2-1,ASSPGTSGGGDLYNEQF,1
TRBV7-9,TRBJ2-1,ASSPGTSGGGDYNEQF,14
TRBV7-9,TRBJ2-1,ASSPGTSGGGEQF,8
TRBV7-9,TRBJ2-1,ASSPGTSGGGERNEQF,1
TRBV7-9,TRBJ2-1,ASSPGTSGGGGQF,3
TRBV7-9,TRBJ2-1,ASSPGTSGGGNEQF,1
TRBV7-9,TRBJ2-1,ASSPGTSGGGRYNEQF,1
TRBV7-9,TRBJ2-1,ASSPGTSGGGSYNEQF,2
TRBV7-9,TRBJ2-1,ASSPGTSGGGTEQF,2
TRBV7-9,TRBJ2-1,ASSPGTSGGGTYNEQF,1
TRBV7-9,TRBJ2-1,ASSPGTSGGGYNEQF,1
TRBV7-9,TRBJ2-1,ASSPGTSGGHEQF,2
TRBV7-9,TRBJ2-1,ASSPGTSGGHQYEQF,2
TRBV7-9,TRBJ2-1,ASSPGTSGGHRNNEQF,7
TRBV7-9,TRBJ2-1,ASSPGTSGGHYQNEQF,5
TRBV7-9,TRBJ2-1,ASSPGTSGGISMNEQF,1
TRBV7-9,TRBJ2-1,ASSPGTSGGIYNEQF,1
TRBV7-9,TRBJ2-1,ASSPGTSGGKLGNEQF,1
TRBV7-9,TRBJ2-1,ASSPGTSGGKNNEQF,1
TRBV7-9,TRBJ2-1,ASSPGTSGGKPYNEQF,1
TRBV7-9,TRBJ2-1,ASSPGTSGGKSSYNEQF,1
TRBV7-9,TRBJ2-1,ASSPGTSGGKTYNEQF,1
TRBV7-9,TRBJ2-1,ASSPGTSGGLSSSYNEQF,4
TRBV7-9,TRBJ2-1,ASSPGTSGGLSYNEQF,5
TRBV7-9,TRBJ2-1,ASSPGTSGGLTYNEQF,1
TRBV7-9,TRBJ2-1,ASSPGTSGGMAYNEQF,1
TRBV7-9,TRBJ2-1,ASSPGTSGGMSSYNEQF,1
TRBV7-9,TRBJ2-1,ASSPGTSGGNEHF,1
TRBV7-9,TRBJ2-1,ASSPGTSGGNEKL,1
TRBV7-9,TRBJ2-1,ASSPGTSGGNEQF,53
TRBV7-9,TRBJ2-1,ASSPGTSGGNKQF,1
TRBV7-9,TRBJ2-1,ASSPGTSGGNNEQF,8
TRBV7-9,TRBJ2-1,ASSPGTSGGNSYNEQF,7
TRBV7-9,TRBJ2-1,ASSPGTSGGNYNEQF,1
TRBV7-9,TRBJ2-1,ASSPGTSGGPHNEQF,1
TRBV7-9,TRBJ2-1,ASSPGTSGGPNEQF,1
TRBV7-9,TRBJ2-1,ASSPGTSGGPNNEQF,1
TRBV7-9,TRBJ2-1,ASSPGTSGGPSGEQF,1
TRBV7-9,TRBJ2-1,ASSPGTSGGPSSYNEQF,14
TRBV7-9,TRBJ2-1,ASSPGTSGGPSYNEQF,5
TRBV7-9,TRBJ2-1,ASSPGTSGGPYNEQF,1
TRBV7-9,TRBJ2-1,ASSPGTSGGQAYNEQF,6
TRBV7-9,TRBJ2-1,ASSPGTSGGQGYNEQF,1
TRBV7-9,TRBJ2-1,ASSPGTSGGRNEQF,2
TRBV7-9,TRBJ2-1,ASSPGTSGGRSYHEQF,1
TRBV7-9,TRBJ2-1,ASSPGTSGGRSYNEQF,11
TRBV7-9,TRBJ2-1,ASSPGTSGGSGYNEQF,1
TRBV7-9,TRBJ2-1,ASSPGTSGGSSYNEQF,32
TRBV7-9,TRBJ2-1,ASSPGTSGGSTYNEQF,13
TRBV7-9,TRBJ2-1,ASSPGTSGGSYNEQF,3
TRBV7-9,TRBJ2-1,ASSPGTSGGTKGSNEQF,1
TRBV7-9,TRBJ2-1,ASSPGTSGGTLYNEQF,1
TRBV7-9,TRBJ2-1,ASSPGTSGGTPSYNEQF,1
TRBV7-9,TRBJ2-1,ASSPGTSGGTTYNEHF,1
TRBV7-9,TRBJ2-1,ASSPGTSGGTTYNEQF,10
TRBV7-9,TRBJ2-1,ASSPGTSGGVDEQF,1
TRBV7-9,TRBJ2-1,ASSPGTSGGVNEQF,1
TRBV7-9,TRBJ2-1,ASSPGTSGGVSYNEQF,1
TRBV7-9,TRBJ2-1,ASSPGTSGGWVYNEQF,1
TRBV7-9,TRBJ2-1,ASSPGTSGGYNEQF,38
TRBV7-9,TRBJ2-1,ASSPGTSGGYSYNEQF,1
TRBV7-9,TRBJ2-1,ASSPGTSGGYYEHF,1
TRBV7-9,TRBJ2-1,ASSPGTSGHGEQF,1
TRBV7-9,TRBJ2-1,ASSPGTSGHNEQF,14
TRBV7-9,TRBJ2-1,ASSPGTSGHPSSYNEPF,1
TRBV7-9,TRBJ2-1,ASSPGTSGHPSSYNEQF,3
TRBV7-9,TRBJ2-1,ASSPGTSGIDEQF,2
TRBV7-9,TRBJ2-1,ASSPGTSGIENEQF,1
TRBV7-9,TRBJ2-1,ASSPGTSGIEQF,1
TRBV7-9,TRBJ2-1,ASSPGTSGIEYNEQF,1
TRBV7-9,TRBJ2-1,ASSPGTSGIFNEQF,1
TRBV7-9,TRBJ2-1,ASSPGTSGIGGDLEQF,10
TRBV7-9,TRBJ2-1,ASSPGTSGIGGGNEQF,6
TRBV7-9,TRBJ2-1,ASSPGTSGIGHEQF,16
TRBV7-9,TRBJ2-1,ASSPGTSGIGNEQF,1
TRBV7-9,TRBJ2-1,ASSPGTSGILDEQF,1
TRBV7-9,TRBJ2-1,ASSPGTSGILYNEQF,1
TRBV7-9,TRBJ2-1,ASSPGTSGINEQF,18
TRBV7-9,TRBJ2-1,ASSPGTSGINNEQF,2
TRBV7-9,TRBJ2-1,ASSPGTSGIPYNEQF,1
TRBV7-9,TRBJ2-1,ASSPGTSGIQYNEQF,4
TRBV7-9,TRBJ2-1,ASSPGTSGIRIYNEQF,1
TRBV7-9,TRBJ2-1,ASSPGTSGIRSYNEQF,1
TRBV7-9,TRBJ2-1,ASSPGTSGIRYNEQF,1
TRBV7-9,TRBJ2-1,ASSPGTSGISDEQF,1
TRBV7-9,TRBJ2-1,ASSPGTSGISLSYNEQF,20
TRBV7-9,TRBJ2-1,ASSPGTSGISLYNEQF,1
TRBV7-9,TRBJ2-1,ASSPGTSGISNEQF,1
TRBV7-9,TRBJ2-1,ASSPGTSGISYNEQF,3
TRBV7-9,TRBJ2-1,ASSPGTSGITSYNEQF,1
TRBV7-9,TRBJ2-1,ASSPGTSGIVFDEQF,1
TRBV7-9,TRBJ2-1,ASSPGTSGIVGGSEQF,21
TRBV7-9,TRBJ2-1,ASSPGTSGIYNEQF,3
TRBV7-9,TRBJ2-1,ASSPGTSGIYYNEQF,1
TRBV7-9,TRBJ2-1,ASSPGTSGKDEQF,1
TRBV7-9,TRBJ2-1,ASSPGTSGKGAYNEQF,5
TRBV7-9,TRBJ2-1,ASSPGTSGKGNEQF,1
TRBV7-9,TRBJ2-1,ASSPGTSGKGPHNEQF,1
TRBV7-9,TRBJ2-1,ASSPGTSGKISSSNEQF,1
TRBV7-9,TRBJ2-1,ASSPGTSGKMSSYNEQF,1
TRBV7-9,TRBJ2-1,ASSPGTSGKNEQF,1
TRBV7-9,TRBJ2-1,ASSPGTSGKNSYNEQF,1
TRBV7-9,TRBJ2-1,ASSPGTSGKPASRSYNEQF,1
TRBV7-9,TRBJ2-1,ASSPGTSGKPYNEQF,2
TRBV7-9,TRBJ2-1,ASSPGTSGKRYNEQF,1
TRBV7-9,TRBJ2-1,ASSPGTSGKSSYNEQF,5
TRBV7-9,TRBJ2-1,ASSPGTSGKSYNEQF,1
TRBV7-9,TRBJ2-1,ASSPGTSGKTQF,1
TRBV7-9,TRBJ2-1,ASSPGTSGKWDEQF,1
TRBV7-9,TRBJ2-1,ASSPGTSGKYNEQF,14
TRBV7-9,TRBJ2-1,ASSPGTSGLDEQF,2
TRBV7-9,TRBJ2-1,ASSPGTSGLF,17
TRBV7-9,TRBJ2-1,ASSPGTSGLFEQF,2
TRBV7-9,TRBJ2-1,ASSPGTSGLGDNEQF,1
TRBV7-9,TRBJ2-1,ASSPGTSGLGYNEQF,1
TRBV7-9,TRBJ2-1,ASSPGTSGLLDDEQF,1
TRBV7-9,TRBJ2-1,ASSPGTSGLLNEQF,1
TRBV7-9,TRBJ2-1,ASSPGTSGLLYNEQF,9
TRBV7-9,TRBJ2-1,ASSPGTSGLNAYNEQF,1
TRBV7-9,TRBJ2-1,ASSPGTSGLNEQF,10
TRBV7-9,TRBJ2-1,ASSPGTSGLNNEQF,1
TRBV7-9,TRBJ2-1,ASSPGTSGLRDEQF,1
TRBV7-9,TRBJ2-1,ASSPGTSGLRYNEQF,2
TRBV7-9,TRBJ2-1,ASSPGTSGLSEQF,15
TRBV7-9,TRBJ2-1,ASSPGTSGLSSYNEQF,15
TRBV7-9,TRBJ2-1,ASSPGTSGLSYNEQF,1
TRBV7-9,TRBJ2-1,ASSPGTSGLTGNEQF,1
TRBV7-9,TRBJ2-1,ASSPGTSGLYNEQF,5
TRBV7-9,TRBJ2-1,ASSPGTSGLYSEQF,1
TRBV7-9,TRBJ2-1,ASSPGTSGMANEQF,1
TRBV7-9,TRBJ2-1,ASSPGTSGMAPQYNEQF,1
TRBV7-9,TRBJ2-1,ASSPGTSGMDEEF,1
TRBV7-9,TRBJ2-1,ASSPGTSGMDEQF,64
TRBV7-9,TRBJ2-1,ASSPGTSGMDEQS,1
TRBV7-9,TRBJ2-1,ASSPGTSGMGYNEQF,3
TRBV7-9,TRBJ2-1,ASSPGTSGMNEQF,2
TRBV7-9,TRBJ2-1,ASSPGTSGMRDEQF,1
TRBV7-9,TRBJ2-1,ASSPGTSGMSSYNEQF,5
TRBV7-9,TRBJ2-1,ASSPGTSGMVGF,19
TRBV7-9,TRBJ2-1,ASSPGTSGMYNEQF,1
TRBV7-9,TRBJ2-1,ASSPGTSGNDEQF,1
TRBV7-9,TRBJ2-1,ASSPGTSGNDGDYNEQF,9
TRBV7-9,TRBJ2-1,ASSPGTSGNEQF,39
TRBV7-9,TRBJ2-1,ASSPGTSGNNEQF,47
TRBV7-9,TRBJ2-1,ASSPGTSGNRGDEQF,1
TRBV7-9,TRBJ2-1,ASSPGTSGNSYNEQF,1
TRBV7-9,TRBJ2-1,ASSPGTSGNTEQF,4
TRBV7-9,TRBJ2-1,ASSPGTSGNWGYNEQF,1
TRBV7-9,TRBJ2-1,ASSPGTSGNYEQF,1
TRBV7-9,TRBJ2-1,ASSPGTSGNYNEQF,7
TRBV7-9,TRBJ2-1,ASSPGTSGNYYNEQF,1
TRBV7-9,TRBJ2-1,ASSPGTSGPGWSGNEQF,1
TRBV7-9,TRBJ2-1,ASSPGTSGPGYNEQF,1
TRBV7-9,TRBJ2-1,ASSPGTSGPHPSYNEQF,7
TRBV7-9,TRBJ2-1,ASSPGTSGPLGNEQF,1
TRBV7-9,TRBJ2-1,ASSPGTSGPLNEQF,1
TRBV7-9,TRBJ2-1,ASSPGTSGPNEQF,18
TRBV7-9,TRBJ2-1,ASSPGTSGPNNEQF,1
TRBV7-9,TRBJ2-1,ASSPGTSGPRGEQF,2
TRBV7-9,TRBJ2-1,ASSPGTSGPRSSYNEQF,1
TRBV7-9,TRBJ2-1,ASSPGTSGPRWGNEQF,1
TRBV7-9,TRBJ2-1,ASSPGTSGPSCYNEQF,1
TRBV7-9,TRBJ2-1,ASSPGTSGPSSYNEQF,18
TRBV7-9,TRBJ2-1,ASSPGTSGPSSYNGQF,1
TRBV7-9,TRBJ2-1,ASSPGTSGPSYKEQF,1
TRBV7-9,TRBJ2-1,ASSPGTSGPSYNEQF,9
TRBV7-9,TRBJ2-1,ASSPGTSGPTNNEQF,1
TRBV7-9,TRBJ2-1,ASSPGTSGPYNEQC,1
TRBV7-9,TRBJ2-1,ASSPGTSGPYNEQF,29
TRBV7-9,TRBJ2-1,ASSPGTSGQEAYNEQF,1
TRBV7-9,TRBJ2-1,ASSPGTSGQIYNEQF,1
TRBV7-9,TRBJ2-1,ASSPGTSGQYDNEQF,1
TRBV7-9,TRBJ2-1,ASSPGTSGRAAYNEQF,2
TRBV7-9,TRBJ2-1,ASSPGTSGRADEQF,2
TRBV7-9,TRBJ2-1,ASSPGTSGRADNEQF,2
TRBV7-9,TRBJ2-1,ASSPGTSGRAEQF,5
TRBV7-9,TRBJ2-1,ASSPGTSGRAEVYNEQF,16
TRBV7-9,TRBJ2-1,ASSPGTSGRAFYNEQF,13
TRBV7-9,TRBJ2-1,ASSPGTSGRAGHNEQF,1
TRBV7-9,TRBJ2-1,ASSPGTSGRAGMNEQF,1
TRBV7-9,TRBJ2-1,ASSPGTSGRAGNEQF,1
TRBV7-9,TRBJ2-1,ASSPGTSGRAHNEQF,1
TRBV7-9,TRBJ2-1,ASSPGTSGRAIGNNEQF,1
TRBV7-9,TRBJ2-1,ASSPGTSGRAINEQF,6
TRBV7-9,TRBJ2-1,ASSPGTSGRALRLNEQF,1
TRBV7-9,TRBJ2-1,ASSPGTSGRALWDEQF,1
TRBV7-9,TRBJ2-1,ASSPGTSGRANEQF,3
TRBV7-9,TRBJ2-1,ASSPGTSGRAPNNEQF,1
TRBV7-9,TRBJ2-1,ASSPGTSGRAPQYNEQF,15
TRBV7-9,TRBJ2-1,ASSPGTSGRAPQYTEQF,1
TRBV7-9,TRBJ2-1,ASSPGTSGRAPTSNEQF,1
TRBV7-9,TRBJ2-1,ASSPGTSGRAPTYEQF,1
TRBV7-9,TRBJ2-1,ASSPGTSGRAPYNEQF,2
TRBV7-9,TRBJ2-1,ASSPGTSGRARLYNEQF,1
TRBV7-9,TRBJ2-1,ASSPGTSGRARNEQF,1
TRBV7-9,TRBJ2-1,ASSPGTSGRARSNEQF,1
TRBV7-9,TRBJ2-1,ASSPGTSGRASDEQF,6
TRBV7-9,TRBJ2-1,ASSPGTSGRASNEQF,1
TRBV7-9,TRBJ2-1,ASSPGTSGRASYNEQF,4
TRBV7-9,TRBJ2-1,ASSPGTSGRATYNEQF,2
TRBV7-9,TRBJ2-1,ASSPGTSGRAVGYNEQF,1
TRBV7-9,TRBJ2-1,ASSPGTSGRAVNEQC,2
TRBV7-9,TRBJ2-1,ASSPGTSGRAVNEQF,8
TRBV7-9,TRBJ2-1,ASSPGTSGRAVYNEQF,11
TRBV7-9,TRBJ2-1,ASSPGTSGRAYNEQF,1
TRBV7-9,TRBJ2-1,ASSPGTSGRAYPYNEQF,11
TRBV7-9,TRBJ2-1,ASSPGTSGRDANEQF,1
TRBV7-9,TRBJ2-1,ASSPGTSGRDDNEQF,1
TRBV7-9,TRBJ2-1,ASSPGTSGRDEQF,17
TRBV7-9,TRBJ2-1,ASSPGTSGRDKYNEQF,1
TRBV7-9,TRBJ2-1,ASSPGTSGRDNEQF,11
TRBV7-9,TRBJ2-1,ASSPGTSGRDYNEQF,2
TRBV7-9,TRBJ2-1,ASSPGTSGREEF,3
TRBV7-9,TRBJ2-1,ASSPGTSGRENEQF,1
TRBV7-9,TRBJ2-1,ASSPGTSGRENYNEQF,5
TRBV7-9,TRBJ2-1,ASSPGTSGREPYNEQF,1
TRBV7-9,TRBJ2-1,ASSPGTSGRETNEQF,1
TRBV7-9,TRBJ2-1,ASSPGTSGRFHNEQF,1
TRBV7-9,TRBJ2-1,ASSPGTSGRFNEQF,1
TRBV7-9,TRBJ2-1,ASSPGTSGRFRGYNEQF,1
TRBV7-9,TRBJ2-1,ASSPGTSGRFYEQF,1
TRBV7-9,TRBJ2-1,ASSPGTSGRFYNEQF,6
TRBV7-9,TRBJ2-1,ASSPGTSGRGDEQF,1
TRBV7-9,TRBJ2-1,ASSPGTSGRGDNEQF,1
TRBV7-9,TRBJ2-1,ASSPGTSGRGEQF,3
TRBV7-9,TRBJ2-1,ASSPGTSGRGGGDEQF,1
TRBV7-9,TRBJ2-1,ASSPGTSGRGGNNEQF,14
TRBV7-9,TRBJ2-1,ASSPGTSGRGGSNEQF,1
TRBV7-9,TRBJ2-1,ASSPGTSGRGGSYNEQF,1
TRBV7-9,TRBJ2-1,ASSPGTSGRGGYNEQF,1
TRBV7-9,TRBJ2-1,ASSPGTSGRGIDEQF,1
TRBV7-9,TRBJ2-1,ASSPGTSGRGIYNEQF,1
TRBV7-9,TRBJ2-1,ASSPGTSGRGNEQF,13
TRBV7-9,TRBJ2-1,ASSPGTSGRGNNEQF,1
TRBV7-9,TRBJ2-1,ASSPGTSGRGNYNEQF,1
TRBV7-9,TRBJ2-1,ASSPGTSGRGPGYNEQF,1
TRBV7-9,TRBJ2-1,ASSPGTSGRGPYNEQF,1
TRBV7-9,TRBJ2-1,ASSPGTSGRGSHNEQF,1
TRBV7-9,TRBJ2-1,ASSPGTSGRGSYNEQF,4
TRBV7-9,TRBJ2-1,ASSPGTSGRGTYNEQF,1
TRBV7-9,TRBJ2-1,ASSPGTSGRGVDNEQF,1
TRBV7-9,TRBJ2-1,ASSPGTSGRGVNEQF,1
TRBV7-9,TRBJ2-1,ASSPGTSGRGYNAQF,2
TRBV7-9,TRBJ2-1,ASSPGTSGRGYNEQF,15
TRBV7-9,TRBJ2-1,ASSPGTSGRGYYNEQF,5
TRBV7-9,TRBJ2-1,ASSPGTSGRHEQF,12
TRBV7-9,TRBJ2-1,ASSPGTSGRHNEQF,1
TRBV7-9,TRBJ2-1,ASSPGTSGRHSSYNEQF,1
TRBV7-9,TRBJ2-1,ASSPGTSGRIDEQF,1
TRBV7-9,TRBJ2-1,ASSPGTSGRIEQF,2
TRBV7-9,TRBJ2-1,ASSPGTSGRIYNEQF,1
TRBV7-9,TRBJ2-1,ASSPGTSGRKNEQF,1
TRBV7-9,TRBJ2-1,ASSPGTSGRKSYNEQF,1
TRBV7-9,TRBJ2-1,ASSPGTSGRKYEQF,1
TRBV7-9,TRBJ2-1,ASSPGTSGRLDEQF,2
TRBV7-9,TRBJ2-1,ASSPGTSGRLGHYNEQF,1
TRBV7-9,TRBJ2-1,ASSPGTSGRLGNEQF,1
TRBV7-9,TRBJ2-1,ASSPGTSGRLISYNEQF,7
TRBV7-9,TRBJ2-1,ASSPGTSGRLVAYNEQF,1
TRBV7-9,TRBJ2-1,ASSPGTSGRMSDEQF,1
TRBV7-9,TRBJ2-1,ASSPGTSGRNEQF,25
TRBV7-9,TRBJ2-1,ASSPGTSGRNEQV,1
TRBV7-9,TRBJ2-1,ASSPGTSGRNNEQF,14
TRBV7-9,TRBJ2-1,ASSPGTSGRNNEQV,1
TRBV7-9,TRBJ2-1,ASSPGTSGRNYNEQF,1
TRBV7-9,TRBJ2-1,ASSPGTSGRPASRAYNEQF,1
TRBV7-9,TRBJ2-1,ASSPGTSGRPASRSYNEQF,13
TRBV7-9,TRBJ2-1,ASSPGTSGRPDYNEQF,8
TRBV7-9,TRBJ2-1,ASSPGTSGRPEF,15
TRBV7-9,TRBJ2-1,ASSPGTSGRPLKYNEQF,10
TRBV7-9,TRBJ2-1,ASSPGTSGRPNEQF,1
TRBV7-9,TRBJ2-1,ASSPGTSGRPSVYKEQC,1
TRBV7-9,TRBJ2-1,ASSPGTSGRPSVYNEQF,7
TRBV7-9,TRBJ2-1,ASSPGTSGRPSYNEQF,2
TRBV7-9,TRBJ2-1,ASSPGTSGRPWNNEQF,1
TRBV7-9,TRBJ2-1,ASSPGTSGRQNNEQF,1
TRBV7-9,TRBJ2-1,ASSPGTSGRRDEQF,2
TRBV7-9,TRBJ2-1,ASSPGTSGRRDNEQF,5
TRBV7-9,TRBJ2-1,ASSPGTSGRRGPNEQF,1
TRBV7-9,TRBJ2-1,ASSPGTSGRRGSYNEQF,1
TRBV7-9,TRBJ2-1,ASSPGTSGRRGYNEQF,1
TRBV7-9,TRBJ2-1,ASSPGTSGRRNEQF,4
TRBV7-9,TRBJ2-1,ASSPGTSGRRPLYEQF,1
TRBV7-9,TRBJ2-1,ASSPGTSGRRSDEQF,15
TRBV7-9,TRBJ2-1,ASSPGTSGRRSSNEQF,1
TRBV7-9,TRBJ2-1,ASSPGTSGRRSYKEQF,1
TRBV7-9,TRBJ2-1,ASSPGTSGRRSYKEQS,1
TRBV7-9,TRBJ2-1,ASSPGTSGRRSYNEEF,1
TRBV7-9,TRBJ2-1,ASSPGTSGRRSYNEHF,1
TRBV7-9,TRBJ2-1,ASSPGTSGRRSYNEQF,49
TRBV7-9,TRBJ2-1,ASSPGTSGRRSYNERF,1
TRBV7-9,TRBJ2-1,ASSPGTSGRRWDEQF,1
TRBV7-9,TRBJ2-1,ASSPGTSGRRYNEQF,3
TRBV7-9,TRBJ2-1,ASSPGTSGRSDEQF,7
TRBV7-9,TRBJ2-1,ASSPGTSGRSEQF,2
TRBV7-9,TRBJ2-1,ASSPGTSGRSGIINEQF,1
TRBV7-9,TRBJ2-1,ASSPGTSGRSGNEQF,1
TRBV7-9,TRBJ2-1,ASSPGTSGRSGVYNEQF,1
TRBV7-9,TRBJ2-1,ASSPGTSGRSNEQF,1
TRBV7-9,TRBJ2-1,ASSPGTSGRSSSYNEQF,1
TRBV7-9,TRBJ2-1,ASSPGTSGRSSYNEQF,21
TRBV7-9,TRBJ2-1,ASSPGTSGRSVAYNEQF,7
TRBV7-9,TRBJ2-1,ASSPGTSGRSWEQF,5
TRBV7-9,TRBJ2-1,ASSPGTSGRSYNEKF,1
TRBV7-9,TRBJ2-1,ASSPGTSGRSYNEQF,21
TRBV7-9,TRBJ2-1,ASSPGTSGRSYYEQF,1
TRBV7-9,TRBJ2-1,ASSPGTSGRTDYNEQF,2
TRBV7-9,TRBJ2-1,ASSPGTSGRTGELF,1
TRBV7-9,TRBJ2-1,ASSPGTSGRTGEQF,18
TRBV7-9,TRBJ2-1,ASSPGTSGRTGNEQF,1
TRBV7-9,TRBJ2-1,ASSPGTSGRTNYNEQF,1
TRBV7-9,TRBJ2-1,ASSPGTSGRTPSYNEQF,1
TRBV7-9,TRBJ2-1,ASSPGTSGRTSYNEQF,8
TRBV7-9,TRBJ2-1,ASSPGTSGRTYEQF,1
TRBV7-9,TRBJ2-1,ASSPGTSGRTYMYNEQF,9
TRBV7-9,TRBJ2-1,ASSPGTSGRTYNEQF,7
TRBV7-9,TRBJ2-1,ASSPGTSGRVGSYNEQF,1
TRBV7-9,TRBJ2-1,ASSPGTSGRVGYNEQF,1
TRBV7-9,TRBJ2-1,ASSPGTSGRVHEQF,1
TRBV7-9,TRBJ2-1,ASSPGTSGRVI,7
TRBV7-9,TRBJ2-1,ASSPGTSGRVNAEQF,8
TRBV7-9,TRBJ2-1,ASSPGTSGRVNEQF,6
TRBV7-9,TRBJ2-1,ASSPGTSGRVNYNEQF,1
TRBV7-9,TRBJ2-1,ASSPGTSGRVSIYNEQF,1
TRBV7-9,TRBJ2-1,ASSPGTSGRVSSYNEQF,1
TRBV7-9,TRBJ2-1,ASSPGTSGRVSYNEQF,2
TRBV7-9,TRBJ2-1,ASSPGTSGRVTYNEQF,1
TRBV7-9,TRBJ2-1,ASSPGTSGRVVDEQF,1
TRBV7-9,TRBJ2-1,ASSPGTSGRVYEQF,1
TRBV7-9,TRBJ2-1,ASSPGTSGRVYNEQF,3
TRBV7-9,TRBJ2-1,ASSPGTSGRWDEQF,1
TRBV7-9,TRBJ2-1,ASSPGTSGRWEQC,1
TRBV7-9,TRBJ2-1,ASSPGTSGRWEQF,9
TRBV7-9,TRBJ2-1,ASSPGTSGRWSHNEQF,6
TRBV7-9,TRBJ2-1,ASSPGTSGRWSYNEQF,1
TRBV7-9,TRBJ2-1,ASSPGTSGRYEQF,15
TRBV7-9,TRBJ2-1,ASSPGTSGRYINEQF,1
TRBV7-9,TRBJ2-1,ASSPGTSGRYNEQF,18
TRBV7-9,TRBJ2-1,ASSPGTSGRYSYNEQF,1
TRBV7-9,TRBJ2-1,ASSPGTSGRYYEQF,1
TRBV7-9,TRBJ2-1,ASSPGTSGRYYNEQF,1
TRBV7-9,TRBJ2-1,ASSPGTSGSAEQF,9
TRBV7-9,TRBJ2-1,ASSPGTSGSATYNEQF,1
TRBV7-9,TRBJ2-1,ASSPGTSGSDEQF,36
TRBV7-9,TRBJ2-1,ASSPGTSGSDGGYNEQF,1
TRBV7-9,TRBJ2-1,ASSPGTSGSDNEQF,1
TRBV7-9,TRBJ2-1,ASSPGTSGSDSYNEQF,1
TRBV7-9,TRBJ2-1,ASSPGTSGSDYEQF,1
TRBV7-9,TRBJ2-1,ASSPGTSGSEDEQF,1
TRBV7-9,TRBJ2-1,ASSPGTSGSEHNEQF,7
TRBV7-9,TRBJ2-1,ASSPGTSGSENEQF,1
TRBV7-9,TRBJ2-1,ASSPGTSGSEQF,40
TRBV7-9,TRBJ2-1,ASSPGTSGSEQV,1
TRBV7-9,TRBJ2-1,ASSPGTSGSETYNEQF,7
TRBV7-9,TRBJ2-1,ASSPGTSGSEWDEQF,3
TRBV7-9,TRBJ2-1,ASSPGTSGSFDEQF,1
TRBV7-9,TRBJ2-1,ASSPGTSGSFHYNEQF,1
TRBV7-9,TRBJ2-1,ASSPGTSGSFYNEQF,1
TRBV7-9,TRBJ2-1,ASSPGTSGSGDNEQF,3
TRBV7-9,TRBJ2-1,ASSPGTSGSGHEQF,1
TRBV7-9,TRBJ2-1,ASSPGTSGSGNEQF,1
TRBV7-9,TRBJ2-1,ASSPGTSGSGREQF,1
TRBV7-9,TRBJ2-1,ASSPGTSGSGRNNEQF,1
TRBV7-9,TRBJ2-1,ASSPGTSGSGSEQF,3
TRBV7-9,TRBJ2-1,ASSPGTSGSGYNEQF,1
TRBV7-9,TRBJ2-1,ASSPGTSGSHEQF,3
TRBV7-9,TRBJ2-1,ASSPGTSGSHF,90
TRBV7-9,TRBJ2-1,ASSPGTSGSIDEQF,2
TRBV7-9,TRBJ2-1,ASSPGTSGSIEQF,3
TRBV7-9,TRBJ2-1,ASSPGTSGSIIYNEQF,11
TRBV7-9,TRBJ2-1,ASSPGTSGSIQDNEKF,2
TRBV7-9,TRBJ2-1,ASSPGTSGSIQDNEQF,5
TRBV7-9,TRBJ2-1,ASSPGTSGSKF,4
TRBV7-9,TRBJ2-1,ASSPGTSGSKNEQF,5
TRBV7-9,TRBJ2-1,ASSPGTSGSKSYNEQF,1
TRBV7-9,TRBJ2-1,ASSPGTSGSKYNEQF,2
TRBV7-9,TRBJ2-1,ASSPGTSGSLDEQF,9
TRBV7-9,TRBJ2-1,ASSPGTSGSLF,1
TRBV7-9,TRBJ2-1,ASSPGTSGSLMADEQF,1
TRBV7-9,TRBJ2-1,ASSPGTSGSLNEQF,2
TRBV7-9,TRBJ2-1,ASSPGTSGSLNNEQF,1
TRBV7-9,TRBJ2-1,ASSPGTSGSLTYNEQF,1
TRBV7-9,TRBJ2-1,ASSPGTSGSLYNEQF,1
TRBV7-9,TRBJ2-1,ASSPGTSGSNEKF,1
TRBV7-9,TRBJ2-1,ASSPGTSGSNEQF,74
TRBV7-9,TRBJ2-1,ASSPGTSGSNNEQF,1
TRBV7-9,TRBJ2-1,ASSPGTSGSNYNEQF,1
TRBV7-9,TRBJ2-1,ASSPGTSGSPF,1
TRBV7-9,TRBJ2-1,ASSPGTSGSPGEQF,7
TRBV7-9,TRBJ2-1,ASSPGTSGSPNEQF,1
TRBV7-9,TRBJ2-1,ASSPGTSGSPPYNEQF,1
TRBV7-9,TRBJ2-1,ASSPGTSGSPYNEQF,1
TRBV7-9,TRBJ2-1,ASSPGTSGSRDNEQF,1
TRBV7-9,TRBJ2-1,ASSPGTSGSRGPYNEQF,1
TRBV7-9,TRBJ2-1,ASSPGTSGSRGRNEQF,1
TRBV7-9,TRBJ2-1,ASSPGTSGSRNEQF,2
TRBV7-9,TRBJ2-1,ASSPGTSGSRNYNEQF,1
TRBV7-9,TRBJ2-1,ASSPGTSGSRSNEQF,7
TRBV7-9,TRBJ2-1,ASSPGTSGSRSSYNEQF,1
TRBV7-9,TRBJ2-1,ASSPGTSGSRSYNEQF,1
TRBV7-9,TRBJ2-1,ASSPGTSGSRTEQF,13
TRBV7-9,TRBJ2-1,ASSPGTSGSRTYNEQF,1
TRBV7-9,TRBJ2-1,ASSPGTSGSRVEQF,4
TRBV7-9,TRBJ2-1,ASSPGTSGSRYNEQF,1
TRBV7-9,TRBJ2-1,ASSPGTSGSSDEQF,1
TRBV7-9,TRBJ2-1,ASSPGTSGSSEQF,4
TRBV7-9,TRBJ2-1,ASSPGTSGSSHEQF,8
TRBV7-9,TRBJ2-1,ASSPGTSGSSLGNEQF,1
TRBV7-9,TRBJ2-1,ASSPGTSGSSLNEQF,1
TRBV7-9,TRBJ2-1,ASSPGTSGSSNEQF,1
TRBV7-9,TRBJ2-1,ASSPGTSGSSRSYNEQF,1
TRBV7-9,TRBJ2-1,ASSPGTSGSSSYNEQF,4
TRBV7-9,TRBJ2-1,ASSPGTSGSSVNEQF,1
TRBV7-9,TRBJ2-1,ASSPGTSGSSYNEQF,21
TRBV7-9,TRBJ2-1,ASSPGTSGSTGYNEQF,1
TRBV7-9,TRBJ2-1,ASSPGTSGSTSYNEQF,1
TRBV7-9,TRBJ2-1,ASSPGTSGSTYEQF,13
TRBV7-9,TRBJ2-1,ASSPGTSGSTYGQF,1
TRBV7-9,TRBJ2-1,ASSPGTSGSVNEQF,1
TRBV7-9,TRBJ2-1,ASSPGTSGSVYEQF,6
TRBV7-9,TRBJ2-1,ASSPGTSGSVYNEQF,1
TRBV7-9,TRBJ2-1,ASSPGTSGSWDNEQF,1
TRBV7-9,TRBJ2-1,ASSPGTSGSWGYNEQF,1
TRBV7-9,TRBJ2-1,ASSPGTSGSWVYNEQF,9
TRBV7-9,TRBJ2-1,ASSPGTSGSYEQF,18
TRBV7-9,TRBJ2-1,ASSPGTSGSYNEQF,56
TRBV7-9,TRBJ2-1,ASSPGTSGSYQF,2
TRBV7-9,TRBJ2-1,ASSPGTSGSYVDEQF,12
TRBV7-9,TRBJ2-1,ASSPGTSGSYYNEQF,8
TRBV7-9,TRBJ2-1,ASSPGTSGTAGPNEQF,1
TRBV7-9,TRBJ2-1,ASSPGTSGTARRYNEQF,1
TRBV7-9,TRBJ2-1,ASSPGTSGTDDLF,1
TRBV7-9,TRBJ2-1,ASSPGTSGTDEQF,1
TRBV7-9,TRBJ2-1,ASSPGTSGTDNEQF,1
TRBV7-9,TRBJ2-1,ASSPGTSGTGDEQF,1
TRBV7-9,TRBJ2-1,ASSPGTSGTGNEQF,2
TRBV7-9,TRBJ2-1,ASSPGTSGTGPYNEQF,1
TRBV7-9,TRBJ2-1,ASSPGTSGTGSPEF,3
TRBV7-9,TRBJ2-1,ASSPGTSGTGSYNEQF,1
TRBV7-9,TRBJ2-1,ASSPGTSGTGYNEQF,1
TRBV7-9,TRBJ2-1,ASSPGTSGTHEQF,1
TRBV7-9,TRBJ2-1,ASSPGTSGTHNEQF,1
TRBV7-9,TRBJ2-1,ASSPGTSGTHWDEQF,1
TRBV7-9,TRBJ2-1,ASSPGTSGTIGGWNEQF,1
TRBV7-9,TRBJ2-1,ASSPGTSGTLKTYNEQF,2
TRBV7-9,TRBJ2-1,ASSPGTSGTNDQF,2
TRBV7-9,TRBJ2-1,ASSPGTSGTNELL,1
TRBV7-9,TRBJ2-1,ASSPGTSGTNEQF,59
TRBV7-9,TRBJ2-1,ASSPGTSGTNHWNEQF,1
TRBV7-9,TRBJ2-1,ASSPGTSGTNNEQF,2
TRBV7-9,TRBJ2-1,ASSPGTSGTPSNEQF,2
TRBV7-9,TRBJ2-1,ASSPGTSGTRDEQF,1
TRBV7-9,TRBJ2-1,ASSPGTSGTRRNEQF,35
TRBV7-9,TRBJ2-1,ASSPGTSGTRSSYNEQF,1
TRBV7-9,TRBJ2-1,ASSPGTSGTRSYNEQF,2
TRBV7-9,TRBJ2-1,ASSPGTSGTSLGF,13
TRBV7-9,TRBJ2-1,ASSPGTSGTSSYNEQF,4
TRBV7-9,TRBJ2-1,ASSPGTSGTSYNEQF,1
TRBV7-9,TRBJ2-1,ASSPGTSGTTSDNEQF,1
TRBV7-9,TRBJ2-1,ASSPGTSGTTYNEQF,2
TRBV7-9,TRBJ2-1,ASSPGTSGTVDKEQF,1
TRBV7-9,TRBJ2-1,ASSPGTSGTVDNEQF,8
TRBV7-9,TRBJ2-1,ASSPGTSGTVESYNEQF,1
TRBV7-9,TRBJ2-1,ASSPGTSGTVNNEQF,1
TRBV7-9,TRBJ2-1,ASSPGTSGTVSYNEQF,1
TRBV7-9,TRBJ2-1,ASSPGTSGTVYEQF,7
TRBV7-9,TRBJ2-1,ASSPGTSGTYEQF,1
TRBV7-9,TRBJ2-1,ASSPGTSGTYNEQF,21
TRBV7-9,TRBJ2-1,ASSPGTSGTYYNEQF,1
TRBV7-9,TRBJ2-1,ASSPGTSGVAGEQF,19
TRBV7-9,TRBJ2-1,ASSPGTSGVAGEQV,1
TRBV7-9,TRBJ2-1,ASSPGTSGVDEQF,2
TRBV7-9,TRBJ2-1,ASSPGTSGVDYNEQF,1
TRBV7-9,TRBJ2-1,ASSPGTSGVFSSYNEQF,1
TRBV7-9,TRBJ2-1,ASSPGTSGVFYNEQF,1
TRBV7-9,TRBJ2-1,ASSPGTSGVGDEQF,1
TRBV7-9,TRBJ2-1,ASSPGTSGVGGEQF,6
TRBV7-9,TRBJ2-1,ASSPGTSGVGSYNEQF,1
TRBV7-9,TRBJ2-1,ASSPGTSGVHEQF,1
TRBV7-9,TRBJ2-1,ASSPGTSGVNEKF,1
TRBV7-9,TRBJ2-1,ASSPGTSGVNEQF,8
TRBV7-9,TRBJ2-1,ASSPGTSGVNNEQF,1
TRBV7-9,TRBJ2-1,ASSPGTSGVSNEQF,1
TRBV7-9,TRBJ2-1,ASSPGTSGVSSYNEQF,1
TRBV7-9,TRBJ2-1,ASSPGTSGVTSYNEQF,5
TRBV7-9,TRBJ2-1,ASSPGTSGVYNEQF,16
TRBV7-9,TRBJ2-1,ASSPGTSGWAEVYNEQF,1
TRBV7-9,TRBJ2-1,ASSPGTSGWDEQF,2
TRBV7-9,TRBJ2-1,ASSPGTSGWEDDEQF,9
TRBV7-9,TRBJ2-1,ASSPGTSGWNEQF,1
TRBV7-9,TRBJ2-1,ASSPGTSGWRKF,12
TRBV7-9,TRBJ2-1,ASSPGTSGWTPNYNEQF,1
TRBV7-9,TRBJ2-1,ASSPGTSGWTSYNEQF,1
TRBV7-9,TRBJ2-1,ASSPGTSGWYNEQF,1
TRBV7-9,TRBJ2-1,ASSPGTSGYADEQF,1
TRBV7-9,TRBJ2-1,ASSPGTSGYEPF,1
TRBV7-9,TRBJ2-1,ASSPGTSGYEQF,13
TRBV7-9,TRBJ2-1,ASSPGTSGYGYNEQF,1
TRBV7-9,TRBJ2-1,ASSPGTSGYHEQF,3
TRBV7-9,TRBJ2-1,ASSPGTSGYKEQF,3
TRBV7-9,TRBJ2-1,ASSPGTSGYLNEQF,2
TRBV7-9,TRBJ2-1,ASSPGTSGYNEQF,297
TRBV7-9,TRBJ2-1,ASSPGTSGYNEQV,1
TRBV7-9,TRBJ2-1,ASSPGTSGYPYNEQF,1
TRBV7-9,TRBJ2-1,ASSPGTSGYSSYNEQF,1
TRBV7-9,TRBJ2-1,ASSPGTSGYSYNEQF,14
TRBV7-9,TRBJ2-1,ASSPGTSGYSYNGQF,1
TRBV7-9,TRBJ2-1,ASSPGTSGYYNEQF,2
TRBV7-9,TRBJ2-1,ASSPGTSHGLGEKF,1
TRBV7-9,TRBJ2-1,ASSPGTSHGLGEQF,13
TRBV7-9,TRBJ2-1,ASSPGTSIDGNEQF,1
TRBV7-9,TRBJ2-1,ASSPGTSILHEQF,1
TRBV7-9,TRBJ2-1,ASSPGTSILNEQF,1
TRBV7-9,TRBJ2-1,ASSPGTSINEQF,11
TRBV7-9,TRBJ2-1,ASSPGTSINEQL,2
TRBV7-9,TRBJ2-1,ASSPGTSIVNEQF,1
TRBV7-9,TRBJ2-1,ASSPGTSIYNEQF,2
TRBV7-9,TRBJ2-1,ASSPGTSKLYNEQF,1
TRBV7-9,TRBJ2-1,ASSPGTSKNEQF,2
TRBV7-9,TRBJ2-1,ASSPGTSKNEQL,1
TRBV7-9,TRBJ2-1,ASSPGTSKPDGSYNEQF,1
TRBV7-9,TRBJ2-1,ASSPGTSKRNEQF,3
TRBV7-9,TRBJ2-1,ASSPGTSLADEQF,1
TRBV7-9,TRBJ2-1,ASSPGTSLANEQF,1
TRBV7-9,TRBJ2-1,ASSPGTSLAQF,11
TRBV7-9,TRBJ2-1,ASSPGTSLDNEQF,1
TRBV7-9,TRBJ2-1,ASSPGTSLEQF,9
TRBV7-9,TRBJ2-1,ASSPGTSLIDEQF,1
TRBV7-9,TRBJ2-1,ASSPGTSLLLDEQF,1
TRBV7-9,TRBJ2-1,ASSPGTSLLNEQF,1
TRBV7-9,TRBJ2-1,ASSPGTSLLRGQF,1
TRBV7-9,TRBJ2-1,ASSPGTSLNEQF,1
TRBV7-9,TRBJ2-1,ASSPGTSLNNEQF,1
TRBV7-9,TRBJ2-1,ASSPGTSLPNEQF,1
TRBV7-9,TRBJ2-1,ASSPGTSLSNEQF,1
TRBV7-9,TRBJ2-1,ASSPGTSLSREQF,1
TRBV7-9,TRBJ2-1,ASSPGTSLSYNEQF,10
TRBV7-9,TRBJ2-1,ASSPGTSLTLSSYNEQF,1
TRBV7-9,TRBJ2-1,ASSPGTSLTYNEQF,1
TRBV7-9,TRBJ2-1,ASSPGTSLWNEQF,13
TRBV7-9,TRBJ2-1,ASSPGTSLYEQF,12
TRBV7-9,TRBJ2-1,ASSPGTSLYNEQF,10
TRBV7-9,TRBJ2-1,ASSPGTSMAENEQF,1
TRBV7-9,TRBJ2-1,ASSPGTSNDNEQF,8
TRBV7-9,TRBJ2-1,ASSPGTSNEQF,19
TRBV7-9,TRBJ2-1,ASSPGTSNEQS,1
TRBV7-9,TRBJ2-1,ASSPGTSNNEQF,3
TRBV7-9,TRBJ2-1,ASSPGTSNQKGSYNEQF,1
TRBV7-9,TRBJ2-1,ASSPGTSNYNEQF,2
TRBV7-9,TRBJ2-1,ASSPGTSPADEQF,1
TRBV7-9,TRBJ2-1,ASSPGTSPDEQF,1
TRBV7-9,TRBJ2-1,ASSPGTSPDNEQF,1
TRBV7-9,TRBJ2-1,ASSPGTSPFDEQF,1
TRBV7-9,TRBJ2-1,ASSPGTSPLDEQF,1
TRBV7-9,TRBJ2-1,ASSPGTSPLGNEQF,15
TRBV7-9,TRBJ2-1,ASSPGTSPLSNEQF,1
TRBV7-9,TRBJ2-1,ASSPGTSPNEQF,2
TRBV7-9,TRBJ2-1,ASSPGTSPNNEQF,1
TRBV7-9,TRBJ2-1,ASSPGTSPPEQF,6
TRBV7-9,TRBJ2-1,ASSPGTSPRDEQF,5
TRBV7-9,TRBJ2-1,ASSPGTSPSQDEQF,1
TRBV7-9,TRBJ2-1,ASSPGTSPVNNEQF,1
TRBV7-9,TRBJ2-1,ASSPGTSPYNEQF,12
TRBV7-9,TRBJ2-1,ASSPGTSQWAYDEPF,1
TRBV7-9,TRBJ2-1,ASSPGTSQWAYNEQF,17
TRBV7-9,TRBJ2-1,ASSPGTSQYEQF,1
TRBV7-9,TRBJ2-1,ASSPGTSRANEQF,1
TRBV7-9,TRBJ2-1,ASSPGTSRDEQF,9
TRBV7-9,TRBJ2-1,ASSPGTSREQF,3
TRBV7-9,TRBJ2-1,ASSPGTSREVDEQF,1
TRBV7-9,TRBJ2-1,ASSPGTSRFNEQF,1
TRBV7-9,TRBJ2-1,ASSPGTSRGDEQF,1
TRBV7-9,TRBJ2-1,ASSPGTSRIDEQF,1
TRBV7-9,TRBJ2-1,ASSPGTSRLNEQF,5
TRBV7-9,TRBJ2-1,ASSPGTSRNEQF,4
TRBV7-9,TRBJ2-1,ASSPGTSRNNEQF,2
TRBV7-9,TRBJ2-1,ASSPGTSRNYNEQF,1
TRBV7-9,TRBJ2-1,ASSPGTSRPD,14
TRBV7-9,TRBJ2-1,ASSPGTSRRTYMYNEQF,1
TRBV7-9,TRBJ2-1,ASSPGTSRSREQF,15
TRBV7-9,TRBJ2-1,ASSPGTSRTGNLYNEQF,1
TRBV7-9,TRBJ2-1,ASSPGTSRTVYNEQF,1
TRBV7-9,TRBJ2-1,ASSPGTSRTYNEQF,1
TRBV7-9,TRBJ2-1,ASSPGTSRVNEQF,1
TRBV7-9,TRBJ2-1,ASSPGTSRYNEQF,5
TRBV7-9,TRBJ2-1,ASSPGTSRYYNEQF,1
TRBV7-9,TRBJ2-1,ASSPGTSSAGMDEQF,1
TRBV7-9,TRBJ2-1,ASSPGTSSGDEQF,2
TRBV7-9,TRBJ2-1,ASSPGTSSGYNEQF,5
TRBV7-9,TRBJ2-1,ASSPGTSSGYNERF,1
TRBV7-9,TRBJ2-1,ASSPGTSSHNEQF,1
TRBV7-9,TRBJ2-1,ASSPGTSSNEQF,3
TRBV7-9,TRBJ2-1,ASSPGTSSPSSYNEQF,13
TRBV7-9,TRBJ2-1,ASSPGTSSPSYYNEQF,1
TRBV7-9,TRBJ2-1,ASSPGTSSPYNEQF,6
TRBV7-9,TRBJ2-1,ASSPGTSSQF,9
TRBV7-9,TRBJ2-1,ASSPGTSSRNEQF,1
TRBV7-9,TRBJ2-1,ASSPGTSSRTHNEQF,1
TRBV7-9,TRBJ2-1,ASSPGTSSSNEQF,15
TRBV7-9,TRBJ2-1,ASSPGTSSSYNEQF,3
TRBV7-9,TRBJ2-1,ASSPGTSSVYNEQF,1
TRBV7-9,TRBJ2-1,ASSPGTSSYEQF,1
TRBV7-9,TRBJ2-1,ASSPGTSSYNDQF,1
TRBV7-9,TRBJ2-1,ASSPGTSSYNEQF,51
TRBV7-9,TRBJ2-1,ASSPGTSTGTVGF,9
TRBV7-9,TRBJ2-1,ASSPGTSTNEQF,1
TRBV7-9,TRBJ2-1,ASSPGTSTYNEQF,1
TRBV7-9,TRBJ2-1,ASSPGTSVAEQF,6
TRBV7-9,TRBJ2-1,ASSPGTSVANEQF,1
TRBV7-9,TRBJ2-1,ASSPGTSVAWGGNEQF,1
TRBV7-9,TRBJ2-1,ASSPGTSVDDEQF,1
TRBV7-9,TRBJ2-1,ASSPGTSVDEQF,12
TRBV7-9,TRBJ2-1,ASSPGTSVDNEQF,6
TRBV7-9,TRBJ2-1,ASSPGTSVEQC,1
TRBV7-9,TRBJ2-1,ASSPGTSVEQF,48
TRBV7-9,TRBJ2-1,ASSPGTSVEQL,2
TRBV7-9,TRBJ2-1,ASSPGTSVFDEQF,1
TRBV7-9,TRBJ2-1,ASSPGTSVGNEQF,1
TRBV7-9,TRBJ2-1,ASSPGTSVHEQF,1
TRBV7-9,TRBJ2-1,ASSPGTSVIPYNEQF,1
TRBV7-9,TRBJ2-1,ASSPGTSVLGANEQF,2
TRBV7-9,TRBJ2-1,ASSPGTSVLHNEQF,1
TRBV7-9,TRBJ2-1,ASSPGTSVLRGQF,12
TRBV7-9,TRBJ2-1,ASSPGTSVNEQF,14
TRBV7-9,TRBJ2-1,ASSPGTSVNNEHF,1
TRBV7-9,TRBJ2-1,ASSPGTSVNNEQF,21
TRBV7-9,TRBJ2-1,ASSPGTSVNNGQF,1
TRBV7-9,TRBJ2-1,ASSPGTSVPSSYNEQF,1
TRBV7-9,TRBJ2-1,ASSPGTSVQGEQF,3
TRBV7-9,TRBJ2-1,ASSPGTSVREQF,7
TRBV7-9,TRBJ2-1,ASSPGTSVRRSYNEQF,1
TRBV7-9,TRBJ2-1,ASSPGTSVRYNEQF,1
TRBV7-9,TRBJ2-1,ASSPGTSVSEQF,1
TRBV7-9,TRBJ2-1,ASSPGTSVSNEQF,1
TRBV7-9,TRBJ2-1,ASSPGTSVSYNEQF,5
TRBV7-9,TRBJ2-1,ASSPGTSVTHYNEQF,1
TRBV7-9,TRBJ2-1,ASSPGTSVTNEQF,1
TRBV7-9,TRBJ2-1,ASSPGTSVYEQF,7
TRBV7-9,TRBJ2-1,ASSPGTSVYNEQF,35
TRBV7-9,TRBJ2-1,ASSPGTSWDEQF,1
TRBV7-9,TRBJ2-1,ASSPGTSWLSEQF,1
TRBV7-9,TRBJ2-1,ASSPGTSWNEQF,7
TRBV7-9,TRBJ2-1,ASSPGTSWNLDEQF,1
TRBV7-9,TRBJ2-1,ASSPGTSWRNNEQF,1
TRBV7-9,TRBJ2-1,ASSPGTSWRRSYNEQF,1
TRBV7-9,TRBJ2-1,ASSPGTSYDEQF,1
TRBV7-9,TRBJ2-1,ASSPGTSYEQF,7
TRBV7-9,TRBJ2-1,ASSPGTSYEQY,1
TRBV7-9,TRBJ2-1,ASSPGTSYNEQF,54
TRBV7-9,TRBJ2-1,ASSPGTSYNNEQF,1
TRBV7-9,TRBJ2-1,ASSPGTSYPYNEQF,1
TRBV7-9,TRBJ2-1,ASSPGTSYYNEQF,3
TRBV7-9,TRBJ2-1,ASSPGTTAEQF,4
TRBV7-9,TRBJ2-1,ASSPGTTAHNEQF,1
TRBV7-9,TRBJ2-1,ASSPGTTASYNEQF,1
TRBV7-9,TRBJ2-1,ASSPGTTDGNEQF,6
TRBV7-9,TRBJ2-1,ASSPGTTEQF,17
TRBV7-9,TRBJ2-1,ASSPGTTFFNEQF,10
TRBV7-9,TRBJ2-1,ASSPGTTFNEQF,7
TRBV7-9,TRBJ2-1,ASSPGTTGDEQF,1
TRBV7-9,TRBJ2-1,ASSPGTTGGAYNEQF,1
TRBV7-9,TRBJ2-1,ASSPGTTGGFYNEQF,1
TRBV7-9,TRBJ2-1,ASSPGTTGGWHNEQF,1
TRBV7-9,TRBJ2-1,ASSPGTTGLDEQF,1
TRBV7-9,TRBJ2-1,ASSPGTTGLGDNEQF,1
TRBV7-9,TRBJ2-1,ASSPGTTGLKYNEQF,6
TRBV7-9,TRBJ2-1,ASSPGTTGRDEQF,1
TRBV7-9,TRBJ2-1,ASSPGTTGRKEQC,1
TRBV7-9,TRBJ2-1,ASSPGTTGSHEQF,12
TRBV7-9,TRBJ2-1,ASSPGTTGSHERF,1
TRBV7-9,TRBJ2-1,ASSPGTTGVYNEQF,1
TRBV7-9,TRBJ2-1,ASSPGTTHNEQF,1
TRBV7-9,TRBJ2-1,ASSPGTTIIYNEQF,1
TRBV7-9,TRBJ2-1,ASSPGTTISNEQF,1
TRBV7-9,TRBJ2-1,ASSPGTTKNNEQF,1
TRBV7-9,TRBJ2-1,ASSPGTTKQF,8
TRBV7-9,TRBJ2-1,ASSPGTTLENEQF,1
TRBV7-9,TRBJ2-1,ASSPGTTLHSSYNEQF,1
TRBV7-9,TRBJ2-1,ASSPGTTLNEQF,5
TRBV7-9,TRBJ2-1,ASSPGTTNEQF,48
TRBV7-9,TRBJ2-1,ASSPGTTNNEQF,3
TRBV7-9,TRBJ2-1,ASSPGTTPGDEQF,1
TRBV7-9,TRBJ2-1,ASSPGTTPNNDQF,1
TRBV7-9,TRBJ2-1,ASSPGTTPNNEQF,10
TRBV7-9,TRBJ2-1,ASSPGTTPWDEQF,1
TRBV7-9,TRBJ2-1,ASSPGTTPYNEQF,2
TRBV7-9,TRBJ2-1,ASSPGTTQNEQF,1
TRBV7-9,TRBJ2-1,ASSPGTTQSYNEQF,1
TRBV7-9,TRBJ2-1,ASSPGTTRDNEQF,1
TRBV7-9,TRBJ2-1,ASSPGTTRGNEQF,3
TRBV7-9,TRBJ2-1,ASSPGTTRNEQF,1
TRBV7-9,TRBJ2-1,ASSPGTTRTYNEQF,1
TRBV7-9,TRBJ2-1,ASSPGTTSGNEQF,1
TRBV7-9,TRBJ2-1,ASSPGTTSGSNEQF,1
TRBV7-9,TRBJ2-1,ASSPGTTSSYNEQF,2
TRBV7-9,TRBJ2-1,ASSPGTTSTPSPYNEQF,1
TRBV7-9,TRBJ2-1,ASSPGTTSYNEQF,2
TRBV7-9,TRBJ2-1,ASSPGTTTGDEQF,2
TRBV7-9,TRBJ2-1,ASSPGTTTRNEQF,1
TRBV7-9,TRBJ2-1,ASSPGTTTSSYNEKF,1
TRBV7-9,TRBJ2-1,ASSPGTTTYNEQF,7
TRBV7-9,TRBJ2-1,ASSPGTTVVDEQF,1
TRBV7-9,TRBJ2-1,ASSPGTTWDEQF,1
TRBV7-9,TRBJ2-1,ASSPGTTYNEQF,33
TRBV7-9,TRBJ2-1,ASSPGTVADEQF,1
TRBV7-9,TRBJ2-1,ASSPGTVATNEQF,3
TRBV7-9,TRBJ2-1,ASSPGTVAYNEQF,1
TRBV7-9,TRBJ2-1,ASSPGTVDEQF,2
TRBV7-9,TRBJ2-1,ASSPGTVDNEQF,1
TRBV7-9,TRBJ2-1,ASSPGTVDSEQF,1
TRBV7-9,TRBJ2-1,ASSPGTVEQF,11
TRBV7-9,TRBJ2-1,ASSPGTVEWDEQF,11
TRBV7-9,TRBJ2-1,ASSPGTVFNEQF,2
TRBV7-9,TRBJ2-1,ASSPGTVFSNEQF,1
TRBV7-9,TRBJ2-1,ASSPGTVFTYNEQF,1
TRBV7-9,TRBJ2-1,ASSPGTVGGNEQF,1
TRBV7-9,TRBJ2-1,ASSPGTVGGSYNEQF,1
TRBV7-9,TRBJ2-1,ASSPGTVGLNEQF,1
TRBV7-9,TRBJ2-1,ASSPGTVGLWQF,1
TRBV7-9,TRBJ2-1,ASSPGTVGRNDQF,1
TRBV7-9,TRBJ2-1,ASSPGTVGSDEQF,1
TRBV7-9,TRBJ2-1,ASSPGTVGVGSYNEQF,1
TRBV7-9,TRBJ2-1,ASSPGTVHEQF,3
TRBV7-9,TRBJ2-1,ASSPGTVHRVYNEQF,1
TRBV7-9,TRBJ2-1,ASSPGTVHSYNEQF,1
TRBV7-9,TRBJ2-1,ASSPGTVIHNEQF,1
TRBV7-9,TRBJ2-1,ASSPGTVKSYNEQF,1
TRBV7-9,TRBJ2-1,ASSPGTVLAGGPHNEQF,1
TRBV7-9,TRBJ2-1,ASSPGTVLGEQF,3
TRBV7-9,TRBJ2-1,ASSPGTVLGNEQF,1
TRBV7-9,TRBJ2-1,ASSPGTVLHEQF,2
TRBV7-9,TRBJ2-1,ASSPGTVNEQF,39
TRBV7-9,TRBJ2-1,ASSPGTVNEQL,1
TRBV7-9,TRBJ2-1,ASSPGTVNNEQF,1
TRBV7-9,TRBJ2-1,ASSPGTVNYNEQF,3
TRBV7-9,TRBJ2-1,ASSPGTVPDNEQF,15
TRBV7-9,TRBJ2-1,ASSPGTVPTHEQF,1
TRBV7-9,TRBJ2-1,ASSPGTVPYNEQF,1
TRBV7-9,TRBJ2-1,ASSPGTVRDEQF,1
TRBV7-9,TRBJ2-1,ASSPGTVRFMDEQF,6
TRBV7-9,TRBJ2-1,ASSPGTVRRNEQF,1
TRBV7-9,TRBJ2-1,ASSPGTVRWDEQF,1
TRBV7-9,TRBJ2-1,ASSPGTVRYNEQF,1
TRBV7-9,TRBJ2-1,ASSPGTVSLQDNEQF,5
TRBV7-9,TRBJ2-1,ASSPGTVSSSYNEQF,1
TRBV7-9,TRBJ2-1,ASSPGTVSSYNEQF,1
TRBV7-9,TRBJ2-1,ASSPGTVSVDEQF,1
TRBV7-9,TRBJ2-1,ASSPGTVSYNEQC,1
TRBV7-9,TRBJ2-1,ASSPGTVSYNEQF,28
TRBV7-9,TRBJ2-1,ASSPGTVTGVFEQF,1
TRBV7-9,TRBJ2-1,ASSPGTVTYNEQF,1
TRBV7-9,TRBJ2-1,ASSPGTVVYNEQF,2
TRBV7-9,TRBJ2-1,ASSPGTVYNEQF,12
TRBV7-9,TRBJ2-1,ASSPGTVYQNEQF,1
TRBV7-9,TRBJ2-1,ASSPGTWANEQF,3
TRBV7-9,TRBJ2-1,ASSPGTWAYNEQF,3
TRBV7-9,TRBJ2-1,ASSPGTWENEQF,3
TRBV7-9,TRBJ2-1,ASSPGTWGGPSYNEQF,1
TRBV7-9,TRBJ2-1,ASSPGTWGSRNEQF,1
TRBV7-9,TRBJ2-1,ASSPGTWIVNEQF,18
TRBV7-9,TRBJ2-1,ASSPGTWIVNVQF,1
TRBV7-9,TRBJ2-1,ASSPGTWKVNEQF,1
TRBV7-9,TRBJ2-1,ASSPGTWNEQF,13
TRBV7-9,TRBJ2-1,ASSPGTWSSYNEQF,1
TRBV7-9,TRBJ2-1,ASSPGTYAYNEQF,1
TRBV7-9,TRBJ2-1,ASSPGTYDSYNEQF,1
TRBV7-9,TRBJ2-1,ASSPGTYEQF,1
TRBV7-9,TRBJ2-1,ASSPGTYFLGEQF,8
TRBV7-9,TRBJ2-1,ASSPGTYLNEQF,1
TRBV7-9,TRBJ2-1,ASSPGTYLRDEQF,1
TRBV7-9,TRBJ2-1,ASSPGTYNEQF,99
TRBV7-9,TRBJ2-1,ASSPGTYSSYNEQF,10
TRBV7-9,TRBJ2-1,ASSPGTYSSYNKQF,1
TRBV7-9,TRBJ2-1,ASSPGTYSYNEQF,2
TRBV7-9,TRBJ2-1,ASSPGTYTYNEQF,1
TRBV7-9,TRBJ2-1,ASSPGTYYNEQF,14
TRBV7-9,TRBJ2-1,ASSPGVAADNEQF,1
TRBV7-9,TRBJ2-1,ASSPGVAAGSDNEQF,1
TRBV7-9,TRBJ2-1,ASSPGVAAGSYNEQF,7
TRBV7-9,TRBJ2-1,ASSPGVAALNEQF,1
TRBV7-9,TRBJ2-1,ASSPGVAAYNEQF,4
TRBV7-9,TRBJ2-1,ASSPGVADEEQF,1
TRBV7-9,TRBJ2-1,ASSPGVADNEQF,1
TRBV7-9,TRBJ2-1,ASSPGVAEVYNEQF,1
TRBV7-9,TRBJ2-1,ASSPGVAGAGYNEQF,1
TRBV7-9,TRBJ2-1,ASSPGVAGANEQF,2
TRBV7-9,TRBJ2-1,ASSPGVAGANYNEQF,1
TRBV7-9,TRBJ2-1,ASSPGVAGASSYNEQF,1
TRBV7-9,TRBJ2-1,ASSPGVAGASYNEQF,2
TRBV7-9,TRBJ2-1,ASSPGVAGAYEQF,1
TRBV7-9,TRBJ2-1,ASSPGVAGDNEQF,1
TRBV7-9,TRBJ2-1,ASSPGVAGDVDNEQF,1
TRBV7-9,TRBJ2-1,ASSPGVAGEGEDEQF,1
TRBV7-9,TRBJ2-1,ASSPGVAGENEQF,1
TRBV7-9,TRBJ2-1,ASSPGVAGENHEQF,1
TRBV7-9,TRBJ2-1,ASSPGVAGESYNEQF,1
TRBV7-9,TRBJ2-1,ASSPGVAGGARGEQF,1
TRBV7-9,TRBJ2-1,ASSPGVAGGGRSSYNEQF,14
TRBV7-9,TRBJ2-1,ASSPGVAGGILNEQF,1
TRBV7-9,TRBJ2-1,ASSPGVAGGIYNEQF,9
TRBV7-9,TRBJ2-1,ASSPGVAGGLSYNEQF,1
TRBV7-9,TRBJ2-1,ASSPGVAGGNEQF,3
TRBV7-9,TRBJ2-1,ASSPGVAGGPGYNEQF,2
TRBV7-9,TRBJ2-1,ASSPGVAGGPVNEQF,1
TRBV7-9,TRBJ2-1,ASSPGVAGGPVRNEQF,1
TRBV7-9,TRBJ2-1,ASSPGVAGGPYNEQF,1
TRBV7-9,TRBJ2-1,ASSPGVAGGQF,3
TRBV7-9,TRBJ2-1,ASSPGVAGGRSCNEQF,1
TRBV7-9,TRBJ2-1,ASSPGVAGGRSYNEQF,5
TRBV7-9,TRBJ2-1,ASSPGVAGGSNEQF,1
TRBV7-9,TRBJ2-1,ASSPGVAGGTGNEQF,1
TRBV7-9,TRBJ2-1,ASSPGVAGGTYNEQF,1
TRBV7-9,TRBJ2-1,ASSPGVAGGVDEQF,1
TRBV7-9,TRBJ2-1,ASSPGVAGGYGNEQF,1
TRBV7-9,TRBJ2-1,ASSPGVAGGYNELF,1
TRBV7-9,TRBJ2-1,ASSPGVAGGYNEQF,1
TRBV7-9,TRBJ2-1,ASSPGVAGHDEQF,1
TRBV7-9,TRBJ2-1,ASSPGVAGHNEQF,1
TRBV7-9,TRBJ2-1,ASSPGVAGKSSSYNEQF,1
TRBV7-9,TRBJ2-1,ASSPGVAGMNEQF,2
TRBV7-9,TRBJ2-1,ASSPGVAGNEQF,1
TRBV7-9,TRBJ2-1,ASSPGVAGNNEQF,1
TRBV7-9,TRBJ2-1,ASSPGVAGRIYNEQF,1
TRBV7-9,TRBJ2-1,ASSPGVAGRNEQF,1
TRBV7-9,TRBJ2-1,ASSPGVAGRYNEQF,1
TRBV7-9,TRBJ2-1,ASSPGVAGSSYNEQF,7
TRBV7-9,TRBJ2-1,ASSPGVAGTHYNEQF,1
TRBV7-9,TRBJ2-1,ASSPGVAGVDEQF,1
TRBV7-9,TRBJ2-1,ASSPGVAGVKF,6
TRBV7-9,TRBJ2-1,ASSPGVAGVNEQF,1
TRBV7-9,TRBJ2-1,ASSPGVAGVNYNEQF,1
TRBV7-9,TRBJ2-1,ASSPGVAGVRSNEQF,1
TRBV7-9,TRBJ2-1,ASSPGVAGVRSSYNEQF,1
TRBV7-9,TRBJ2-1,ASSPGVAGVSNEQF,1
TRBV7-9,TRBJ2-1,ASSPGVAGVTYNEQF,1
TRBV7-9,TRBJ2-1,ASSPGVAGWYEQF,1
TRBV7-9,TRBJ2-1,ASSPGVAGYNEQF,3
TRBV7-9,TRBJ2-1,ASSPGVAHYNEQF,1
TRBV7-9,TRBJ2-1,ASSPGVANEQF,1
TRBV7-9,TRBJ2-1,ASSPGVANNNEQF,1
TRBV7-9,TRBJ2-1,ASSPGVAPFYNEQF,9
TRBV7-9,TRBJ2-1,ASSPGVAPFYNGQF,1
TRBV7-9,TRBJ2-1,ASSPGVAPGNEQF,1
TRBV7-9,TRBJ2-1,ASSPGVAREEENEQF,1
TRBV7-9,TRBJ2-1,ASSPGVASGSYNEQF,8
TRBV7-9,TRBJ2-1,ASSPGVASGYNEQF,1
TRBV7-9,TRBJ2-1,ASSPGVASRGGSYNEQF,1
TRBV7-9,TRBJ2-1,ASSPGVASSYNEQF,12
TRBV7-9,TRBJ2-1,ASSPGVATDNEQF,1
TRBV7-9,TRBJ2-1,ASSPGVAVINEQF,1
TRBV7-9,TRBJ2-1,ASSPGVAVSDEQF,7
TRBV7-9,TRBJ2-1,ASSPGVAVYNEQF,3
TRBV7-9,TRBJ2-1,ASSPGVAYNEQF,1
TRBV7-9,TRBJ2-1,ASSPGVAYYNEQF,5
TRBV7-9,TRBJ2-1,ASSPGVDEQF,4
TRBV7-9,TRBJ2-1,ASSPGVDFRSFNEHF,1
TRBV7-9,TRBJ2-1,ASSPGVDFRSFNEQF,15
TRBV7-9,TRBJ2-1,ASSPGVDGARGHEQF,1
TRBV7-9,TRBJ2-1,ASSPGVDNEQF,2
TRBV7-9,TRBJ2-1,ASSPGVDRGHEQF,1
TRBV7-9,TRBJ2-1,ASSPGVDTDEQF,1
TRBV7-9,TRBJ2-1,ASSPGVEAYNEQF,1
TRBV7-9,TRBJ2-1,ASSPGVEKF,1
TRBV7-9,TRBJ2-1,ASSPGVELPYNEQF,8
TRBV7-9,TRBJ2-1,ASSPGVELYNEQF,1
TRBV7-9,TRBJ2-1,ASSPGVEQC,1
TRBV7-9,TRBJ2-1,ASSPGVEQF,73
TRBV7-9,TRBJ2-1,ASSPGVERGYNEQF,1
TRBV7-9,TRBJ2-1,ASSPGVFGLADPYNEQF,1
TRBV7-9,TRBJ2-1,ASSPGVFGNEQF,1
TRBV7-9,TRBJ2-1,ASSPGVFGTPSMGEQF,4
TRBV7-9,TRBJ2-1,ASSPGVFGTSTYNEQF,1
TRBV7-9,TRBJ2-1,ASSPGVFNEQF,1
TRBV7-9,TRBJ2-1,ASSPGVFSYNEQF,2
TRBV7-9,TRBJ2-1,ASSPGVFTYNEQF,1
TRBV7-9,TRBJ2-1,ASSPGVGAFNEQF,6
TRBV7-9,TRBJ2-1,ASSPGVGAGTEQF,1
TRBV7-9,TRBJ2-1,ASSPGVGAGYYNEQF,1
TRBV7-9,TRBJ2-1,ASSPGVGATTDNEQF,1
TRBV7-9,TRBJ2-1,ASSPGVGDAYNEQF,9
TRBV7-9,TRBJ2-1,ASSPGVGDGINEQF,1
TRBV7-9,TRBJ2-1,ASSPGVGDNEQF,1
TRBV7-9,TRBJ2-1,ASSPGVGDRDYNEQF,1
TRBV7-9,TRBJ2-1,ASSPGVGEMEF,15
TRBV7-9,TRBJ2-1,ASSPGVGEPHYNEQF,1
TRBV7-9,TRBJ2-1,ASSPGVGEPSAHEQF,1
TRBV7-9,TRBJ2-1,ASSPGVGEQF,11
TRBV7-9,TRBJ2-1,ASSPGVGERSHEQF,1
TRBV7-9,TRBJ2-1,ASSPGVGESYNEQF,6
TRBV7-9,TRBJ2-1,ASSPGVGFGHEQF,2
TRBV7-9,TRBJ2-1,ASSPGVGFGNEQF,11
TRBV7-9,TRBJ2-1,ASSPGVGGAYNEQF,1
TRBV7-9,TRBJ2-1,ASSPGVGGEQF,2
TRBV7-9,TRBJ2-1,ASSPGVGGGRRYEQF,1
TRBV7-9,TRBJ2-1,ASSPGVGGPNEQF,1
TRBV7-9,TRBJ2-1,ASSPGVGGRARSYNEQF,1
TRBV7-9,TRBJ2-1,ASSPGVGGRWNEQF,1
TRBV7-9,TRBJ2-1,ASSPGVGGSYNEQF,1
TRBV7-9,TRBJ2-1,ASSPGVGIRYNEQF,1
TRBV7-9,TRBJ2-1,ASSPGVGIYNEQF,1
TRBV7-9,TRBJ2-1,ASSPGVGLADNEQF,1
TRBV7-9,TRBJ2-1,ASSPGVGLAGVNEQF,3
TRBV7-9,TRBJ2-1,ASSPGVGLAGVNEQY,1
TRBV7-9,TRBJ2-1,ASSPGVGLPYNEQF,1
TRBV7-9,TRBJ2-1,ASSPGVGLSSYNEQF,2
TRBV7-9,TRBJ2-1,ASSPGVGLVEQF,12
TRBV7-9,TRBJ2-1,ASSPGVGNEQF,15
TRBV7-9,TRBJ2-1,ASSPGVGPTYNEQF,1
TRBV7-9,TRBJ2-1,ASSPGVGQEYNEQF,2
TRBV7-9,TRBJ2-1,ASSPGVGQF,2
TRBV7-9,TRBJ2-1,ASSPGVGQGAPSYNEQF,1
TRBV7-9,TRBJ2-1,ASSPGVGQGETYNEQF,1
TRBV7-9,TRBJ2-1,ASSPGVGQGMYNEQF,4
TRBV7-9,TRBJ2-1,ASSPGVGQGMYTEQF,1
TRBV7-9,TRBJ2-1,ASSPGVGQGNEQF,1
TRBV7-9,TRBJ2-1,ASSPGVGQGPYNEQF,11
TRBV7-9,TRBJ2-1,ASSPGVGQGYNEQF,4
TRBV7-9,TRBJ2-1,ASSPGVGQRYNEQF,1
TRBV7-9,TRBJ2-1,ASSPGVGRALNEQF,1
TRBV7-9,TRBJ2-1,ASSPGVGRLNNEQF,3
TRBV7-9,TRBJ2-1,ASSPGVGRRINNEQF,1
TRBV7-9,TRBJ2-1,ASSPGVGRSSNEQF,1
TRBV7-9,TRBJ2-1,ASSPGVGRSSYNEQF,4
TRBV7-9,TRBJ2-1,ASSPGVGSAEQF,18
TRBV7-9,TRBJ2-1,ASSPGVGSDEQF,1
TRBV7-9,TRBJ2-1,ASSPGVGSNEQF,1
TRBV7-9,TRBJ2-1,ASSPGVGSNNEQF,10
TRBV7-9,TRBJ2-1,ASSPGVGSSYNEQF,1
TRBV7-9,TRBJ2-1,ASSPGVGSYNEQF,3
TRBV7-9,TRBJ2-1,ASSPGVGTINEQF,1
TRBV7-9,TRBJ2-1,ASSPGVGTLIYNEQF,9
TRBV7-9,TRBJ2-1,ASSPGVGTLNEQF,1
TRBV7-9,TRBJ2-1,ASSPGVGTRLADEQF,2
TRBV7-9,TRBJ2-1,ASSPGVGTSVRNEQF,1
TRBV7-9,TRBJ2-1,ASSPGVGTSYNEQF,2
TRBV7-9,TRBJ2-1,ASSPGVGTVYNEQF,1
TRBV7-9,TRBJ2-1,ASSPGVGTYNEQF,2
TRBV7-9,TRBJ2-1,ASSPGVGVAYNEQF,1
TRBV7-9,TRBJ2-1,ASSPGVGVISYNEQF,6
TRBV7-9,TRBJ2-1,ASSPGVGVTAYNEQF,1
TRBV7-9,TRBJ2-1,ASSPGVGVVGYNEQF,1
TRBV7-9,TRBJ2-1,ASSPGVGYEQF,1
TRBV7-9,TRBJ2-1,ASSPGVGYNEQF,6
TRBV7-9,TRBJ2-1,ASSPGVHEQF,1
TRBV7-9,TRBJ2-1,ASSPGVHNEQF,1
TRBV7-9,TRBJ2-1,ASSPGVIAGGPGGNEQF,1
TRBV7-9,TRBJ2-1,ASSPGVINNEQF,1
TRBV7-9,TRBJ2-1,ASSPGVKEGGFRNEQF,2
TRBV7-9,TRBJ2-1,ASSPGVKEQF,3
TRBV7-9,TRBJ2-1,ASSPGVLAATQGEQF,2
TRBV7-9,TRBJ2-1,ASSPGVLAGDYNEQF,1
TRBV7-9,TRBJ2-1,ASSPGVLAGEAQF,1
TRBV7-9,TRBJ2-1,ASSPGVLAGEEQF,5
TRBV7-9,TRBJ2-1,ASSPGVLAGEWYNEQF,1
TRBV7-9,TRBJ2-1,ASSPGVLANEQF,1
TRBV7-9,TRBJ2-1,ASSPGVLAVEEQF,1
TRBV7-9,TRBJ2-1,ASSPGVLGVDEQF,1
TRBV7-9,TRBJ2-1,ASSPGVLINEQF,1
TRBV7-9,TRBJ2-1,ASSPGVLNEQF,9
TRBV7-9,TRBJ2-1,ASSPGVLQF,1
TRBV7-9,TRBJ2-1,ASSPGVLRDNEQF,1
TRBV7-9,TRBJ2-1,ASSPGVLSGEEQF,1
TRBV7-9,TRBJ2-1,ASSPGVLSSYNEQF,2
TRBV7-9,TRBJ2-1,ASSPGVLWDNEQF,6
TRBV7-9,TRBJ2-1,ASSPGVMGQVQF,3
TRBV7-9,TRBJ2-1,ASSPGVNEQF,34
TRBV7-9,TRBJ2-1,ASSPGVNLIYNEQF,1
TRBV7-9,TRBJ2-1,ASSPGVNNEQF,2
TRBV7-9,TRBJ2-1,ASSPGVNYHEQF,1
TRBV7-9,TRBJ2-1,ASSPGVNYNEQF,2
TRBV7-9,TRBJ2-1,ASSPGVPGDEQF,1
TRBV7-9,TRBJ2-1,ASSPGVPGNEQF,1
TRBV7-9,TRBJ2-1,ASSPGVPGQGAYEQF,1
TRBV7-9,TRBJ2-1,ASSPGVPHNEQF,1
TRBV7-9,TRBJ2-1,ASSPGVPIYKEQF,1
TRBV7-9,TRBJ2-1,ASSPGVPIYNEQF,13
TRBV7-9,TRBJ2-1,ASSPGVPNEQF,1
TRBV7-9,TRBJ2-1,ASSPGVPSYNEQF,1
TRBV7-9,TRBJ2-1,ASSPGVPTYNEQF,1
TRBV7-9,TRBJ2-1,ASSPGVPWGTDNEQF,1
TRBV7-9,TRBJ2-1,ASSPGVPYNEQF,1
TRBV7-9,TRBJ2-1,ASSPGVQGTDEQF,4
TRBV7-9,TRBJ2-1,ASSPGVQGWNEQF,1
TRBV7-9,TRBJ2-1,ASSPGVQLINEQF,1
TRBV7-9,TRBJ2-1,ASSPGVQPLYNEQF,1
TRBV7-9,TRBJ2-1,ASSPGVQSYNEQF,4
TRBV7-9,TRBJ2-1,ASSPGVRDEQF,3
TRBV7-9,TRBJ2-1,ASSPGVRDREYNEQF,1
TRBV7-9,TRBJ2-1,ASSPGVREGYSYNEQF,3
TRBV7-9,TRBJ2-1,ASSPGVREQF,20
TRBV7-9,TRBJ2-1,ASSPGVRGAYNEQF,1
TRBV7-9,TRBJ2-1,ASSPGVRGLDEQF,1
TRBV7-9,TRBJ2-1,ASSPGVRGSYNEQF,1
TRBV7-9,TRBJ2-1,ASSPGVRISSYNEQF,9
TRBV7-9,TRBJ2-1,ASSPGVRPAYNEQF,1
TRBV7-9,TRBJ2-1,ASSPGVRPYNEQF,1
TRBV7-9,TRBJ2-1,ASSPGVRRWSSYNEQF,1
TRBV7-9,TRBJ2-1,ASSPGVRRYNEQF,6
TRBV7-9,TRBJ2-1,ASSPGVRRYNVQF,1
TRBV7-9,TRBJ2-1,ASSPGVRSSYNEQF,5
TRBV7-9,TRBJ2-1,ASSPGVRSYNAQC,1
TRBV7-9,TRBJ2-1,ASSPGVRSYNEQF,12
TRBV7-9,TRBJ2-1,ASSPGVRTSGRAYNEQF,1
TRBV7-9,TRBJ2-1,ASSPGVRVDEQF,1
TRBV7-9,TRBJ2-1,ASSPGVRYNEQF,3
TRBV7-9,TRBJ2-1,ASSPGVSDDEQF,11
TRBV7-9,TRBJ2-1,ASSPGVSDDKQF,2
TRBV7-9,TRBJ2-1,ASSPGVSDEQF,1
TRBV7-9,TRBJ2-1,ASSPGVSEIYNEQF,1
TRBV7-9,TRBJ2-1,ASSPGVSEQF,9
TRBV7-9,TRBJ2-1,ASSPGVSFNEQF,3
TRBV7-9,TRBJ2-1,ASSPGVSGGMVLNEQF,1
TRBV7-9,TRBJ2-1,ASSPGVSGLNEQF,1
TRBV7-9,TRBJ2-1,ASSPGVSGNEQF,1
TRBV7-9,TRBJ2-1,ASSPGVSGQGDYNEQF,12
TRBV7-9,TRBJ2-1,ASSPGVSGREDNEQF,7
TRBV7-9,TRBJ2-1,ASSPGVSGSNEQF,1
TRBV7-9,TRBJ2-1,ASSPGVSGSPYNEQF,7
TRBV7-9,TRBJ2-1,ASSPGVSGTAEQF,1
TRBV7-9,TRBJ2-1,ASSPGVSNEQF,1
TRBV7-9,TRBJ2-1,ASSPGVSRGPYNEQF,10
TRBV7-9,TRBJ2-1,ASSPGVSRLYNEQF,1
TRBV7-9,TRBJ2-1,ASSPGVSSGSEQF,2
TRBV7-9,TRBJ2-1,ASSPGVSSYNEQF,10
TRBV7-9,TRBJ2-1,ASSPGVSVYEQF,1
TRBV7-9,TRBJ2-1,ASSPGVSVYNEQF,1
TRBV7-9,TRBJ2-1,ASSPGVSYKGDSYNEQF,1
TRBV7-9,TRBJ2-1,ASSPGVSYNEQF,11
TRBV7-9,TRBJ2-1,ASSPGVTAHNEQF,1
TRBV7-9,TRBJ2-1,ASSPGVTDNEQF,2
TRBV7-9,TRBJ2-1,ASSPGVTRVNEQF,1
TRBV7-9,TRBJ2-1,ASSPGVTSGSNEQF,5
TRBV7-9,TRBJ2-1,ASSPGVTSGSYNEQF,1
TRBV7-9,TRBJ2-1,ASSPGVTSNEQF,1
TRBV7-9,TRBJ2-1,ASSPGVTYNEQF,4
TRBV7-9,TRBJ2-1,ASSPGVVAEAEEQF,3
TRBV7-9,TRBJ2-1,ASSPGVVAGDNEQF,1
TRBV7-9,TRBJ2-1,ASSPGVVEGEQF,7
TRBV7-9,TRBJ2-1,ASSPGVVEMDNEQF,1
TRBV7-9,TRBJ2-1,ASSPGVVEQF,8
TRBV7-9,TRBJ2-1,ASSPGVVGDNEQF,1
TRBV7-9,TRBJ2-1,ASSPGVVGGSDNEQF,1
TRBV7-9,TRBJ2-1,ASSPGVVGNEQF,1
TRBV7-9,TRBJ2-1,ASSPGVVLHEQF,18
TRBV7-9,TRBJ2-1,ASSPGVVLMVYNEQF,1
TRBV7-9,TRBJ2-1,ASSPGVVNEQF,4
TRBV7-9,TRBJ2-1,ASSPGVVQF,10
TRBV7-9,TRBJ2-1,ASSPGVVQYNEQF,1
TRBV7-9,TRBJ2-1,ASSPGVVSSYNEQF,2
TRBV7-9,TRBJ2-1,ASSPGVVVEF,4
TRBV7-9,TRBJ2-1,ASSPGVWDEQF,8
TRBV7-9,TRBJ2-1,ASSPGVWGRNEQF,14
TRBV7-9,TRBJ2-1,ASSPGVWGRNEQI,1
TRBV7-9,TRBJ2-1,ASSPGVWGSNEQF,1
TRBV7-9,TRBJ2-1,ASSPGVWTSGPNEQF,1
TRBV7-9,TRBJ2-1,ASSPGVWVNEQF,20
TRBV7-9,TRBJ2-1,ASSPGVYAYNEQF,2
TRBV7-9,TRBJ2-1,ASSPGVYEQF,4
TRBV7-9,TRBJ2-1,ASSPGVYLAVNNEQF,1
TRBV7-9,TRBJ2-1,ASSPGVYNEQF,24
TRBV7-9,TRBJ2-1,ASSPGVYSDSNEQF,1
TRBV7-9,TRBJ2-1,ASSPGVYSDYNEQF,7
TRBV7-9,TRBJ2-1,ASSPGVYSYNEQF,11
TRBV7-9,TRBJ2-1,ASSPGWAARSYNEQF,1
TRBV7-9,TRBJ2-1,ASSPGWAGGPLNNEQF,1
TRBV7-9,TRBJ2-1,ASSPGWAGKNEQF,1
TRBV7-9,TRBJ2-1,ASSPGWAGQF,1
TRBV7-9,TRBJ2-1,ASSPGWAGSSYNEQF,1
TRBV7-9,TRBJ2-1,ASSPGWAGVDYNEQF,8
TRBV7-9,TRBJ2-1,ASSPGWARGSEDEQF,1
TRBV7-9,TRBJ2-1,ASSPGWASGIVNEQF,1
TRBV7-9,TRBJ2-1,ASSPGWASGNNEQF,1
TRBV7-9,TRBJ2-1,ASSPGWASGRNEQF,1
TRBV7-9,TRBJ2-1,ASSPGWASGRSHEQF,1
TRBV7-9,TRBJ2-1,ASSPGWASGRSYNEQF,3
TRBV7-9,TRBJ2-1,ASSPGWAYNEQF,1
TRBV7-9,TRBJ2-1,ASSPGWDDNEQF,9
TRBV7-9,TRBJ2-1,ASSPGWDDNEQV,1
TRBV7-9,TRBJ2-1,ASSPGWDEQF,6
TRBV7-9,TRBJ2-1,ASSPGWDGKYNEQF,12
TRBV7-9,TRBJ2-1,ASSPGWDLGGRRNEQF,1
TRBV7-9,TRBJ2-1,ASSPGWDNEQF,6
TRBV7-9,TRBJ2-1,ASSPGWDPSNNEQF,1
TRBV7-9,TRBJ2-1,ASSPGWDRANEQF,1
TRBV7-9,TRBJ2-1,ASSPGWDSGGEQF,7
TRBV7-9,TRBJ2-1,ASSPGWDSGGEQV,2
TRBV7-9,TRBJ2-1,ASSPGWDSGPYNEQF,1
TRBV7-9,TRBJ2-1,ASSPGWDSNNEQF,1
TRBV7-9,TRBJ2-1,ASSPGWDTLYNEQF,1
TRBV7-9,TRBJ2-1,ASSPGWDYNEQF,1
TRBV7-9,TRBJ2-1,ASSPGWEGQNEQF,2
TRBV7-9,TRBJ2-1,ASSPGWEGSYNEQF,1
TRBV7-9,TRBJ2-1,ASSPGWENEQF,1
TRBV7-9,TRBJ2-1,ASSPGWEQF,6
TRBV7-9,TRBJ2-1,ASSPGWGAQYNEQF,1
TRBV7-9,TRBJ2-1,ASSPGWGATYNEQF,6
TRBV7-9,TRBJ2-1,ASSPGWGDEQF,1
TRBV7-9,TRBJ2-1,ASSPGWGDNNEQF,6
TRBV7-9,TRBJ2-1,ASSPGWGEQF,3
TRBV7-9,TRBJ2-1,ASSPGWGGLYNEQF,1
TRBV7-9,TRBJ2-1,ASSPGWGGSFYNEQF,1
TRBV7-9,TRBJ2-1,ASSPGWGGSSYDEQC,1
TRBV7-9,TRBJ2-1,ASSPGWGGSSYDGQF,1
TRBV7-9,TRBJ2-1,ASSPGWGGSSYNEQC,1
TRBV7-9,TRBJ2-1,ASSPGWGGSSYNEQF,86
TRBV7-9,TRBJ2-1,ASSPGWGGSSYNGQF,1
TRBV7-9,TRBJ2-1,ASSPGWGGSYNEQF,1
TRBV7-9,TRBJ2-1,ASSPGWGGYNEQF,7
TRBV7-9,TRBJ2-1,ASSPGWGHNEQF,1
TRBV7-9,TRBJ2-1,ASSPGWGKGNEQF,1
TRBV7-9,TRBJ2-1,ASSPGWGLADNEQF,1
TRBV7-9,TRBJ2-1,ASSPGWGLGLYNEQF,1
TRBV7-9,TRBJ2-1,ASSPGWGNEQF,4
TRBV7-9,TRBJ2-1,ASSPGWGNNEQF,2
TRBV7-9,TRBJ2-1,ASSPGWGPAYNEQF,1
TRBV7-9,TRBJ2-1,ASSPGWGPIVNEQF,1
TRBV7-9,TRBJ2-1,ASSPGWGPTNNEQF,1
TRBV7-9,TRBJ2-1,ASSPGWGQENNNEQF,1
TRBV7-9,TRBJ2-1,ASSPGWGQGADNEQF,1
TRBV7-9,TRBJ2-1,ASSPGWGQTSRNEQF,2
TRBV7-9,TRBJ2-1,ASSPGWGQTTRNEQF,1
TRBV7-9,TRBJ2-1,ASSPGWGRASNEQF,16
TRBV7-9,TRBJ2-1,ASSPGWGRASNEQV,1
TRBV7-9,TRBJ2-1,ASSPGWGRASYNEQF,8
TRBV7-9,TRBJ2-1,ASSPGWGRDEQF,1
TRBV7-9,TRBJ2-1,ASSPGWGRDNVDNEQF,1
TRBV7-9,TRBJ2-1,ASSPGWGSNEQF,1
TRBV7-9,TRBJ2-1,ASSPGWGSSYNEQF,1
TRBV7-9,TRBJ2-1,ASSPGWGSYNEQF,16
TRBV7-9,TRBJ2-1,ASSPGWGTGSYNEQF,1
TRBV7-9,TRBJ2-1,ASSPGWGTNNEQF,1
TRBV7-9,TRBJ2-1,ASSPGWGVAGMNEQF,7
TRBV7-9,TRBJ2-1,ASSPGWGVGSNNEQF,1
TRBV7-9,TRBJ2-1,ASSPGWGVSSYNEQF,1
TRBV7-9,TRBJ2-1,ASSPGWGVTNEQF,4
TRBV7-9,TRBJ2-1,ASSPGWGYNEQF,2
TRBV7-9,TRBJ2-1,ASSPGWLAGGDNEQF,1
TRBV7-9,TRBJ2-1,ASSPGWLAGGYEQF,9
TRBV7-9,TRBJ2-1,ASSPGWLATYNEQF,1
TRBV7-9,TRBJ2-1,ASSPGWLEQF,14
TRBV7-9,TRBJ2-1,ASSPGWLKNEQF,1
TRBV7-9,TRBJ2-1,ASSPGWLQGPKLHNEQF,1
TRBV7-9,TRBJ2-1,ASSPGWLRTYNEQF,1
TRBV7-9,TRBJ2-1,ASSPGWLSSYNEQF,1
TRBV7-9,TRBJ2-1,ASSPGWLTYNEQF,1
TRBV7-9,TRBJ2-1,ASSPGWLVGNEQF,1
TRBV7-9,TRBJ2-1,ASSPGWNEQF,24
TRBV7-9,TRBJ2-1,ASSPGWNERF,2
TRBV7-9,TRBJ2-1,ASSPGWNSYNEQF,1
TRBV7-9,TRBJ2-1,ASSPGWPDLEQF,4
TRBV7-9,TRBJ2-1,ASSPGWPYNEQF,1
TRBV7-9,TRBJ2-1,ASSPGWQGYLNEQF,1
TRBV7-9,TRBJ2-1,ASSPGWQQF,4
TRBV7-9,TRBJ2-1,ASSPGWQVNEQF,1
TRBV7-9,TRBJ2-1,ASSPGWRGEF,1
TRBV7-9,TRBJ2-1,ASSPGWRNEQF,3
TRBV7-9,TRBJ2-1,ASSPGWRSYNDQF,1
TRBV7-9,TRBJ2-1,ASSPGWRSYNEQF,8
TRBV7-9,TRBJ2-1,ASSPGWRTSYNEQF,1
TRBV7-9,TRBJ2-1,ASSPGWRVIDNEQF,1
TRBV7-9,TRBJ2-1,ASSPGWRVVTNEQF,1
TRBV7-9,TRBJ2-1,ASSPGWRYNEQF,1
TRBV7-9,TRBJ2-1,ASSPGWSDNEQF,2
TRBV7-9,TRBJ2-1,ASSPGWSPQGNEQF,1
TRBV7-9,TRBJ2-1,ASSPGWSQSSYNEQF,1
TRBV7-9,TRBJ2-1,ASSPGWSSDRNSNNEQF,1
TRBV7-9,TRBJ2-1,ASSPGWSSYNEQF,1
TRBV7-9,TRBJ2-1,ASSPGWSYNEQF,6
TRBV7-9,TRBJ2-1,ASSPGWTGALDNEQF,11
TRBV7-9,TRBJ2-1,ASSPGWTGSTLSYNEQF,1
TRBV7-9,TRBJ2-1,ASSPGWTNYNEQF,1
TRBV7-9,TRBJ2-1,ASSPGWTSGGQFRNEQF,8
TRBV7-9,TRBJ2-1,ASSPGWTTREQF,12
TRBV7-9,TRBJ2-1,ASSPGWTVGDEQF,2
TRBV7-9,TRBJ2-1,ASSPGWTVYNEQF,1
TRBV7-9,TRBJ2-1,ASSPGWVELVNEQF,1
TRBV7-9,TRBJ2-1,ASSPGWVLAYNEQF,1
TRBV7-9,TRBJ2-1,ASSPGWVNEQF,2
TRBV7-9,TRBJ2-1,ASSPGWWNEQF,1
TRBV7-9,TRBJ2-1,ASSPGWYDYNEQF,1
TRBV7-9,TRBJ2-1,ASSPGWYQRDGNEQF,6
TRBV7-9,TRBJ2-1,ASSPGYAGNEQF,4
TRBV7-9,TRBJ2-1,ASSPGYAVFSYNEQF,1
TRBV7-9,TRBJ2-1,ASSPGYDEQF,3
TRBV7-9,TRBJ2-1,ASSPGYDSNEHF,1
TRBV7-9,TRBJ2-1,ASSPGYDSNEQF,14
TRBV7-9,TRBJ2-1,ASSPGYDSSYNEQF,1
TRBV7-9,TRBJ2-1,ASSPGYEGYNEQF,1
TRBV7-9,TRBJ2-1,ASSPGYEQF,69
TRBV7-9,TRBJ2-1,ASSPGYESSYNEQF,10
TRBV7-9,TRBJ2-1,ASSPGYFGGEPGDEQF,1
TRBV7-9,TRBJ2-1,ASSPGYGGSYNEQF,1
TRBV7-9,TRBJ2-1,ASSPGYGMNEQF,1
TRBV7-9,TRBJ2-1,ASSPGYGRRRSYNEQF,1
TRBV7-9,TRBJ2-1,ASSPGYGSFNEQF,1
TRBV7-9,TRBJ2-1,ASSPGYGSSYNEQF,1
TRBV7-9,TRBJ2-1,ASSPGYGVYNEQF,1
TRBV7-9,TRBJ2-1,ASSPGYHGNEQF,1
TRBV7-9,TRBJ2-1,ASSPGYIEQF,4
TRBV7-9,TRBJ2-1,ASSPGYIGDEQF,3
TRBV7-9,TRBJ2-1,ASSPGYKEANEQF,9
TRBV7-9,TRBJ2-1,ASSPGYKF,1
TRBV7-9,TRBJ2-1,ASSPGYLAASSYNEQF,1
TRBV7-9,TRBJ2-1,ASSPGYLNEQF,11
TRBV7-9,TRBJ2-1,ASSPGYLSSYNEQF,1
TRBV7-9,TRBJ2-1,ASSPGYLTYNEQF,1
TRBV7-9,TRBJ2-1,ASSPGYNEQF,122
TRBV7-9,TRBJ2-1,ASSPGYNEQV,1
TRBV7-9,TRBJ2-1,ASSPGYNKQF,1
TRBV7-9,TRBJ2-1,ASSPGYPSYKEQF,1
TRBV7-9,TRBJ2-1,ASSPGYPSYNEQF,18
TRBV7-9,TRBJ2-1,ASSPGYQAWNEQF,1
TRBV7-9,TRBJ2-1,ASSPGYQNNEQF,1
TRBV7-9,TRBJ2-1,ASSPGYQPYNEQF,1
TRBV7-9,TRBJ2-1,ASSPGYRDKQHEQF,6
TRBV7-9,TRBJ2-1,ASSPGYRDTEQF,1
TRBV7-9,TRBJ2-1,ASSPGYREGHNEQF,1
TRBV7-9,TRBJ2-1,ASSPGYRGDNEQF,9
TRBV7-9,TRBJ2-1,ASSPGYRSYNEQF,1
TRBV7-9,TRBJ2-1,ASSPGYSDTEQF,1
TRBV7-9,TRBJ2-1,ASSPGYSEQF,1
TRBV7-9,TRBJ2-1,ASSPGYSGATSSYNEQF,1
TRBV7-9,TRBJ2-1,ASSPGYSGREFNEQF,1
TRBV7-9,TRBJ2-1,ASSPGYSGVSYNEQF,1
TRBV7-9,TRBJ2-1,ASSPGYSSYNEQF,19
TRBV7-9,TRBJ2-1,ASSPGYSTFDNEQF,1
TRBV7-9,TRBJ2-1,ASSPGYSTQYNEQF,1
TRBV7-9,TRBJ2-1,ASSPGYSYNEQF,1
TRBV7-9,TRBJ2-1,ASSPGYTSYNEQF,1
TRBV7-9,TRBJ2-1,ASSPGYYEQF,15
TRBV7-9,TRBJ2-1,ASSPHAAFYNEQF,1
TRBV7-9,TRBJ2-1,ASSPHAASGPDNEQF,2
TRBV7-9,TRBJ2-1,ASSPHADEQF,1
TRBV7-9,TRBJ2-1,ASSPHAFVGQGDDEQF,1
TRBV7-9,TRBJ2-1,ASSPHAFYNEQC,1
TRBV7-9,TRBJ2-1,ASSPHAFYNEQF,11
TRBV7-9,TRBJ2-1,ASSPHAGAPYNEQF,2
TRBV7-9,TRBJ2-1,ASSPHAGARDEQF,1
TRBV7-9,TRBJ2-1,ASSPHAGDNEQF,1
TRBV7-9,TRBJ2-1,ASSPHAGFQNNEQF,1
TRBV7-9,TRBJ2-1,ASSPHAGGFVYNEQF,1
TRBV7-9,TRBJ2-1,ASSPHAGGSSFGYNEQF,2
TRBV7-9,TRBJ2-1,ASSPHAGLAGVAYNEQF,1
TRBV7-9,TRBJ2-1,ASSPHAGPSYNEQF,1
TRBV7-9,TRBJ2-1,ASSPHAGRAGENYNEQF,1
TRBV7-9,TRBJ2-1,ASSPHAGSDYNEQF,1
TRBV7-9,TRBJ2-1,ASSPHAGSSYNEQF,1
TRBV7-9,TRBJ2-1,ASSPHAGTGANEQF,5
TRBV7-9,TRBJ2-1,ASSPHAGTSGSPHNEQF,2
TRBV7-9,TRBJ2-1,ASSPHALGSYNEQF,1
TRBV7-9,TRBJ2-1,ASSPHANSYNEQF,1
TRBV7-9,TRBJ2-1,ASSPHAPGGNEQF,1
TRBV7-9,TRBJ2-1,ASSPHAQTRFFNEQF,1
TRBV7-9,TRBJ2-1,ASSPHARLAGSSYNEQF,1
TRBV7-9,TRBJ2-1,ASSPHARLVSYIHEQF,1
TRBV7-9,TRBJ2-1,ASSPHARTTISYNEQF,10
TRBV7-9,TRBJ2-1,ASSPHARTYNEQC,1
TRBV7-9,TRBJ2-1,ASSPHASGRVYEQF,1
TRBV7-9,TRBJ2-1,ASSPHASGSSSEQF,9
TRBV7-9,TRBJ2-1,ASSPHATNEQF,1
TRBV7-9,TRBJ2-1,ASSPHATSGNSYNEQF,1
TRBV7-9,TRBJ2-1,ASSPHAVGDEQF,1
TRBV7-9,TRBJ2-1,ASSPHCNEQF,2
TRBV7-9,TRBJ2-1,ASSPHDDEQF,1
TRBV7-9,TRBJ2-1,ASSPHDEQF,15
TRBV7-9,TRBJ2-1,ASSPHDFYYNEQF,9
TRBV7-9,TRBJ2-1,ASSPHDGGRNEQF,1
TRBV7-9,TRBJ2-1,ASSPHDGPFNEQF,1
TRBV7-9,TRBJ2-1,ASSPHDHNEQF,1
TRBV7-9,TRBJ2-1,ASSPHDKEQF,1
TRBV7-9,TRBJ2-1,ASSPHDNEKF,1
TRBV7-9,TRBJ2-1,ASSPHDNEQF,4
TRBV7-9,TRBJ2-1,ASSPHDQLALRNEQF,15
TRBV7-9,TRBJ2-1,ASSPHDQRREQF,4
TRBV7-9,TRBJ2-1,ASSPHDRADEQF,8
TRBV7-9,TRBJ2-1,ASSPHDRDRRYNEQF,1
TRBV7-9,TRBJ2-1,ASSPHDREGEQF,2
TRBV7-9,TRBJ2-1,ASSPHDRETYNEQF,1
TRBV7-9,TRBJ2-1,ASSPHDRGNEQF,1
TRBV7-9,TRBJ2-1,ASSPHDRRNEQF,1
TRBV7-9,TRBJ2-1,ASSPHDRVNEQF,1
TRBV7-9,TRBJ2-1,ASSPHDSGRAHEQF,2
TRBV7-9,TRBJ2-1,ASSPHDSSYNEQF,3
TRBV7-9,TRBJ2-1,ASSPHDSWEPF,1
TRBV7-9,TRBJ2-1,ASSPHDYKEQF,1
TRBV7-9,TRBJ2-1,ASSPHDYSYNEQF,1
TRBV7-9,TRBJ2-1,ASSPHEAMRELGNEQF,1
TRBV7-9,TRBJ2-1,ASSPHEASGTGNEQF,1
TRBV7-9,TRBJ2-1,ASSPHEF,1
TRBV7-9,TRBJ2-1,ASSPHEFGGLNEQF,7
TRBV7-9,TRBJ2-1,ASSPHEGASYNEQF,1
TRBV7-9,TRBJ2-1,ASSPHEGAYNEQF,5
TRBV7-9,TRBJ2-1,ASSPHEGDLNNEQF,8
TRBV7-9,TRBJ2-1,ASSPHEGGQNEQF,3
TRBV7-9,TRBJ2-1,ASSPHEGGVYNEQF,1
TRBV7-9,TRBJ2-1,ASSPHEGISYYGQF,1
TRBV7-9,TRBJ2-1,ASSPHEGLNEQF,1
TRBV7-9,TRBJ2-1,ASSPHEGNNEQF,2
TRBV7-9,TRBJ2-1,ASSPHEGPNYNEQF,1
TRBV7-9,TRBJ2-1,ASSPHEGPSNSELF,1
TRBV7-9,TRBJ2-1,ASSPHEGPSVNDQF,1
TRBV7-9,TRBJ2-1,ASSPHEGPSYNEQF,1
TRBV7-9,TRBJ2-1,ASSPHEGSSYNEQF,1
TRBV7-9,TRBJ2-1,ASSPHEGTAYNAEF,1
TRBV7-9,TRBJ2-1,ASSPHEGTAYNEQF,1
TRBV7-9,TRBJ2-1,ASSPHEGTPYNEQF,1
TRBV7-9,TRBJ2-1,ASSPHEGTSDNEQF,1
TRBV7-9,TRBJ2-1,ASSPHEGTSYNAQF,2
TRBV7-9,TRBJ2-1,ASSPHEGTSYNDQF,2
TRBV7-9,TRBJ2-1,ASSPHEGTSYNEQF,8
TRBV7-9,TRBJ2-1,ASSPHEGTSYSEQF,1
TRBV7-9,TRBJ2-1,ASSPHEGTSYTEQF,1
TRBV7-9,TRBJ2-1,ASSPHEGTYYNEQF,1
TRBV7-9,TRBJ2-1,ASSPHEMENEQF,1
TRBV7-9,TRBJ2-1,ASSPHEMPNEQF,1
TRBV7-9,TRBJ2-1,ASSPHEMSNAQF,2
TRBV7-9,TRBJ2-1,ASSPHEMSNEQC,1
TRBV7-9,TRBJ2-1,ASSPHEMSNEQF,36
TRBV7-9,TRBJ2-1,ASSPHENDEF,1
TRBV7-9,TRBJ2-1,ASSPHENEQF,2
TRBV7-9,TRBJ2-1,ASSPHENSYNEQF,1
TRBV7-9,TRBJ2-1,ASSPHENVQF,1
TRBV7-9,TRBJ2-1,ASSPHEQF,10
TRBV7-9,TRBJ2-1,ASSPHERASGGNEQF,1
TRBV7-9,TRBJ2-1,ASSPHERNSYNEQF,1
TRBV7-9,TRBJ2-1,ASSPHERTSYNEQF,1
TRBV7-9,TRBJ2-1,ASSPHERYNNEQF,1
TRBV7-9,TRBJ2-1,ASSPHESTGALNNEQF,1
TRBV7-9,TRBJ2-1,ASSPHETGPNEQF,1
TRBV7-9,TRBJ2-1,ASSPHETSGTYNEQF,9
TRBV7-9,TRBJ2-1,ASSPHEWGDEQF,1
TRBV7-9,TRBJ2-1,ASSPHFAATYNEQF,2
TRBV7-9,TRBJ2-1,ASSPHFAEHF,1
TRBV7-9,TRBJ2-1,ASSPHFAGGGNEQF,6
TRBV7-9,TRBJ2-1,ASSPHFALEHEQF,1
TRBV7-9,TRBJ2-1,ASSPHFARRNYNEQF,1
TRBV7-9,TRBJ2-1,ASSPHFDTRKNEEF,1
TRBV7-9,TRBJ2-1,ASSPHFDTRRNEQF,1
TRBV7-9,TRBJ2-1,ASSPHFEQV,1
TRBV7-9,TRBJ2-1,ASSPHFGSGKTSFNEQF,1
TRBV7-9,TRBJ2-1,ASSPHFGSGKTSYNEQF,5
TRBV7-9,TRBJ2-1,ASSPHFGTSNEQF,1
TRBV7-9,TRBJ2-1,ASSPHFNEQF,9
TRBV7-9,TRBJ2-1,ASSPHFNGQS,1
TRBV7-9,TRBJ2-1,ASSPHFPPYNEQF,1
TRBV7-9,TRBJ2-1,ASSPHFRAKSSYNEQF,1
TRBV7-9,TRBJ2-1,ASSPHFRREGHNDQF,1
TRBV7-9,TRBJ2-1,ASSPHFRREGHNEQF,46
TRBV7-9,TRBJ2-1,ASSPHFRRLSYNEQF,1
TRBV7-9,TRBJ2-1,ASSPHFRRQGHNEQF,1
TRBV7-9,TRBJ2-1,ASSPHFRSGGRYNEQF,1
TRBV7-9,TRBJ2-1,ASSPHFSGKGTNEQF,1
TRBV7-9,TRBJ2-1,ASSPHFSPSNEQF,1
TRBV7-9,TRBJ2-1,ASSPHFSSGRANEQF,1
TRBV7-9,TRBJ2-1,ASSPHFSSGTYNEQF,3
TRBV7-9,TRBJ2-1,ASSPHFSSYNEQF,1
TRBV7-9,TRBJ2-1,ASSPHFTGAYNEQF,7
TRBV7-9,TRBJ2-1,ASSPHFWTRGNNEQF,1
TRBV7-9,TRBJ2-1,ASSPHGAAINEQF,1
TRBV7-9,TRBJ2-1,ASSPHGAAIYNEQF,1
TRBV7-9,TRBJ2-1,ASSPHGAGADYNEQF,9
TRBV7-9,TRBJ2-1,ASSPHGAGEFNEQF,5
TRBV7-9,TRBJ2-1,ASSPHGAGGPHSYNEQF,1
TRBV7-9,TRBJ2-1,ASSPHGAGYNEQF,1
TRBV7-9,TRBJ2-1,ASSPHGANEQF,1
TRBV7-9,TRBJ2-1,ASSPHGAPDIFDEQF,3
TRBV7-9,TRBJ2-1,ASSPHGASGISDNEQF,1
TRBV7-9,TRBJ2-1,ASSPHGASGSPYNEQF,1
TRBV7-9,TRBJ2-1,ASSPHGAYNEQF,2
TRBV7-9,TRBJ2-1,ASSPHGDEQF,3
TRBV7-9,TRBJ2-1,ASSPHGDLAATWGQF,1
TRBV7-9,TRBJ2-1,ASSPHGDNEQF,2
TRBV7-9,TRBJ2-1,ASSPHGDRTYNEQF,8
TRBV7-9,TRBJ2-1,ASSPHGEATGNEQF,1
TRBV7-9,TRBJ2-1,ASSPHGERTYNEQF,1
TRBV7-9,TRBJ2-1,ASSPHGERTYNKQF,1
TRBV7-9,TRBJ2-1,ASSPHGGAPDNEQF,1
TRBV7-9,TRBJ2-1,ASSPHGGCYNEQF,1
TRBV7-9,TRBJ2-1,ASSPHGGEDEQF,7
TRBV7-9,TRBJ2-1,ASSPHGGEGPNEQF,1
TRBV7-9,TRBJ2-1,ASSPHGGGDNEQF,7
TRBV7-9,TRBJ2-1,ASSPHGGGNEQF,4
TRBV7-9,TRBJ2-1,ASSPHGGGPRNEQF,1
TRBV7-9,TRBJ2-1,ASSPHGGGPTRSYNEQF,6
TRBV7-9,TRBJ2-1,ASSPHGGGRPAVSSYHEQF,1
TRBV7-9,TRBJ2-1,ASSPHGGGRSYNEQF,1
TRBV7-9,TRBJ2-1,ASSPHGGGRYNEQF,1
TRBV7-9,TRBJ2-1,ASSPHGGGSSYNEQF,1
TRBV7-9,TRBJ2-1,ASSPHGGGYNEQF,1
TRBV7-9,TRBJ2-1,ASSPHGGIYNEQF,1
TRBV7-9,TRBJ2-1,ASSPHGGLNEQF,3
TRBV7-9,TRBJ2-1,ASSPHGGLSSYNEQF,1
TRBV7-9,TRBJ2-1,ASSPHGGNEQF,2
TRBV7-9,TRBJ2-1,ASSPHGGNLYNEQF,1
TRBV7-9,TRBJ2-1,ASSPHGGQASNEQF,1
TRBV7-9,TRBJ2-1,ASSPHGGQF,18
TRBV7-9,TRBJ2-1,ASSPHGGQGDNEQF,1
TRBV7-9,TRBJ2-1,ASSPHGGQYNEQF,1
TRBV7-9,TRBJ2-1,ASSPHGGRDNEQF,1
TRBV7-9,TRBJ2-1,ASSPHGGRNHNEQF,5
TRBV7-9,TRBJ2-1,ASSPHGGRSNEQF,1
TRBV7-9,TRBJ2-1,ASSPHGGRVFDEQF,1
TRBV7-9,TRBJ2-1,ASSPHGGRYNEQF,14
TRBV7-9,TRBJ2-1,ASSPHGGSDNEQF,1
TRBV7-9,TRBJ2-1,ASSPHGGSGDEQF,1
TRBV7-9,TRBJ2-1,ASSPHGGSGRSSYNEQF,1
TRBV7-9,TRBJ2-1,ASSPHGGSSYNEQF,2
TRBV7-9,TRBJ2-1,ASSPHGGSYNEQF,2
TRBV7-9,TRBJ2-1,ASSPHGGTGDEQF,1
TRBV7-9,TRBJ2-1,ASSPHGGTSDEQF,1
TRBV7-9,TRBJ2-1,ASSPHGGTTAGNEQF,1
TRBV7-9,TRBJ2-1,ASSPHGGVAGSNEQF,3
TRBV7-9,TRBJ2-1,ASSPHGGWVC,1
TRBV7-9,TRBJ2-1,ASSPHGGWVF,12
TRBV7-9,TRBJ2-1,ASSPHGGYNEQF,1
TRBV7-9,TRBJ2-1,ASSPHGINEQF,1
TRBV7-9,TRBJ2-1,ASSPHGINYNEQF,1
TRBV7-9,TRBJ2-1,ASSPHGKNNEQF,1
TRBV7-9,TRBJ2-1,ASSPHGKRFTYNEQF,1
TRBV7-9,TRBJ2-1,ASSPHGLAAYNEQF,1
TRBV7-9,TRBJ2-1,ASSPHGLADYNEQF,2
TRBV7-9,TRBJ2-1,ASSPHGLAEDNEQF,1
TRBV7-9,TRBJ2-1,ASSPHGLAGAINEQF,1
TRBV7-9,TRBJ2-1,ASSPHGLAGDYNEPF,1
TRBV7-9,TRBJ2-1,ASSPHGLAGDYNEQF,11
TRBV7-9,TRBJ2-1,ASSPHGLAGGYEQF,1
TRBV7-9,TRBJ2-1,ASSPHGLAGSYNEQF,5
TRBV7-9,TRBJ2-1,ASSPHGLAGYNEQF,1
TRBV7-9,TRBJ2-1,ASSPHGLANEQF,1
TRBV7-9,TRBJ2-1,ASSPHGLAVNNEQF,1
TRBV7-9,TRBJ2-1,ASSPHGLGNEQF,1
TRBV7-9,TRBJ2-1,ASSPHGLGYNEQF,3
TRBV7-9,TRBJ2-1,ASSPHGLQGWENNEQF,1
TRBV7-9,TRBJ2-1,ASSPHGNEQF,15
TRBV7-9,TRBJ2-1,ASSPHGPFNEQF,1
TRBV7-9,TRBJ2-1,ASSPHGPGYEQF,1
TRBV7-9,TRBJ2-1,ASSPHGPYNEQF,2
TRBV7-9,TRBJ2-1,ASSPHGQGAMDEQF,1
TRBV7-9,TRBJ2-1,ASSPHGQGKGSEQF,7
TRBV7-9,TRBJ2-1,ASSPHGQGNVDEQF,1
TRBV7-9,TRBJ2-1,ASSPHGQGSNEQF,1
TRBV7-9,TRBJ2-1,ASSPHGQISYNEQF,4
TRBV7-9,TRBJ2-1,ASSPHGQVYNEQF,1
TRBV7-9,TRBJ2-1,ASSPHGRAAGNEQF,12
TRBV7-9,TRBJ2-1,ASSPHGRASGNEQF,1
TRBV7-9,TRBJ2-1,ASSPHGREQF,8
TRBV7-9,TRBJ2-1,ASSPHGRTGGNEQF,1
TRBV7-9,TRBJ2-1,ASSPHGSAYNEQF,1
TRBV7-9,TRBJ2-1,ASSPHGSIGNEQF,1
TRBV7-9,TRBJ2-1,ASSPHGSNDEQF,2
TRBV7-9,TRBJ2-1,ASSPHGSNHEQF,1
TRBV7-9,TRBJ2-1,ASSPHGSNNEQF,11
TRBV7-9,TRBJ2-1,ASSPHGSNNEQS,1
TRBV7-9,TRBJ2-1,ASSPHGSQQNEQF,1
TRBV7-9,TRBJ2-1,ASSPHGSRSPYNEQF,1
TRBV7-9,TRBJ2-1,ASSPHGSSGKEQF,1
TRBV7-9,TRBJ2-1,ASSPHGSSGNEKF,1
TRBV7-9,TRBJ2-1,ASSPHGSSGNEQF,13
TRBV7-9,TRBJ2-1,ASSPHGSSYNEQF,7
TRBV7-9,TRBJ2-1,ASSPHGSYHNEQF,1
TRBV7-9,TRBJ2-1,ASSPHGSYNEQF,1
TRBV7-9,TRBJ2-1,ASSPHGTANNEQF,1
TRBV7-9,TRBJ2-1,ASSPHGTAPGNEQF,1
TRBV7-9,TRBJ2-1,ASSPHGTDNEQF,1
TRBV7-9,TRBJ2-1,ASSPHGTEYNEQF,1
TRBV7-9,TRBJ2-1,ASSPHGTFGNEQF,1
TRBV7-9,TRBJ2-1,ASSPHGTGAYNEQF,2
TRBV7-9,TRBJ2-1,ASSPHGTGGNTMWNEQF,3
TRBV7-9,TRBJ2-1,ASSPHGTGRGGEQF,10
TRBV7-9,TRBJ2-1,ASSPHGTGRGGKQF,1
TRBV7-9,TRBJ2-1,ASSPHGTLYNEQF,1
TRBV7-9,TRBJ2-1,ASSPHGTPSYNEQF,1
TRBV7-9,TRBJ2-1,ASSPHGTPYNEQF,1
TRBV7-9,TRBJ2-1,ASSPHGTRFDNEQF,17
TRBV7-9,TRBJ2-1,ASSPHGTSDEQF,1
TRBV7-9,TRBJ2-1,ASSPHGTSEGGNEQF,5
TRBV7-9,TRBJ2-1,ASSPHGTSGRASYNEQF,1
TRBV7-9,TRBJ2-1,ASSPHGTSGTHEQF,1
TRBV7-9,TRBJ2-1,ASSPHGTSGYNEQF,1
TRBV7-9,TRBJ2-1,ASSPHGTSNEQF,1
TRBV7-9,TRBJ2-1,ASSPHGTTNEQF,1
TRBV7-9,TRBJ2-1,ASSPHGTVSSYNEQF,1
TRBV7-9,TRBJ2-1,ASSPHGTYNEQF,1
TRBV7-9,TRBJ2-1,ASSPHGVAGEGEQF,8
TRBV7-9,TRBJ2-1,ASSPHGVAGGGEQF,1
TRBV7-9,TRBJ2-1,ASSPHGVAGPPNNEQF,1
TRBV7-9,TRBJ2-1,ASSPHGVGNPFSYNEQF,1
TRBV7-9,TRBJ2-1,ASSPHGVQDNEQF,1
TRBV7-9,TRBJ2-1,ASSPHGVSYNEQF,1
TRBV7-9,TRBJ2-1,ASSPHGWAYNEQF,1
TRBV7-9,TRBJ2-1,ASSPHGWERPYNEQF,1
TRBV7-9,TRBJ2-1,ASSPHGWNEQF,1
TRBV7-9,TRBJ2-1,ASSPHGYEQF,2
TRBV7-9,TRBJ2-1,ASSPHHGAPSYNEQF,4
TRBV7-9,TRBJ2-1,ASSPHHGGDNEQF,14
TRBV7-9,TRBJ2-1,ASSPHHGSLAGEYNEQF,1
TRBV7-9,TRBJ2-1,ASSPHHLAGVLFDNEQF,1
TRBV7-9,TRBJ2-1,ASSPHHNEQF,1
TRBV7-9,TRBJ2-1,ASSPHHNNNEQF,1
TRBV7-9,TRBJ2-1,ASSPHHPDYNEQF,1
TRBV7-9,TRBJ2-1,ASSPHHYTPTSDEQF,1
TRBV7-9,TRBJ2-1,ASSPHIAGGGNEQF,1
TRBV7-9,TRBJ2-1,ASSPHIAGGYEQF,1
TRBV7-9,TRBJ2-1,ASSPHIDEQF,1
TRBV7-9,TRBJ2-1,ASSPHIDRGRSYNEQF,1
TRBV7-9,TRBJ2-1,ASSPHIDTGSNEQF,1
TRBV7-9,TRBJ2-1,ASSPHIGEQF,12
TRBV7-9,TRBJ2-1,ASSPHIGQAYNEQF,1
TRBV7-9,TRBJ2-1,ASSPHIGTVTYNEQF,1
TRBV7-9,TRBJ2-1,ASSPHIGYSSEQF,12
TRBV7-9,TRBJ2-1,ASSPHIIEGTNEQF,1
TRBV7-9,TRBJ2-1,ASSPHILVFFSNEQF,1
TRBV7-9,TRBJ2-1,ASSPHINEQF,2
TRBV7-9,TRBJ2-1,ASSPHINNNEQF,1
TRBV7-9,TRBJ2-1,ASSPHIRDRTYNEQF,1
TRBV7-9,TRBJ2-1,ASSPHISDEQF,1
TRBV7-9,TRBJ2-1,ASSPHIYHGIYNEHF,2
TRBV7-9,TRBJ2-1,ASSPHIYHGIYNEQF,8
TRBV7-9,TRBJ2-1,ASSPHKGLAGLNEQF,1
TRBV7-9,TRBJ2-1,ASSPHKGSMNEQF,1
TRBV7-9,TRBJ2-1,ASSPHKGSYNEQF,1
TRBV7-9,TRBJ2-1,ASSPHLAAYNEQF,1
TRBV7-9,TRBJ2-1,ASSPHLAEGYNEQF,1
TRBV7-9,TRBJ2-1,ASSPHLAESSYNEQF,1
TRBV7-9,TRBJ2-1,ASSPHLAGAVNEQF,1
TRBV7-9,TRBJ2-1,ASSPHLAGAYNEQF,1
TRBV7-9,TRBJ2-1,ASSPHLAGEDEQF,1
TRBV7-9,TRBJ2-1,ASSPHLAGGLYNEQF,4
TRBV7-9,TRBJ2-1,ASSPHLAGGMNEQF,1
TRBV7-9,TRBJ2-1,ASSPHLAGGTRSYNEQF,1
TRBV7-9,TRBJ2-1,ASSPHLAGGYEQF,15
TRBV7-9,TRBJ2-1,ASSPHLAGKSYNEQF,1
TRBV7-9,TRBJ2-1,ASSPHLAGSYNEQF,1
TRBV7-9,TRBJ2-1,ASSPHLAGTGNEQF,1
TRBV7-9,TRBJ2-1,ASSPHLAGTYNEQF,1
TRBV7-9,TRBJ2-1,ASSPHLAGVANEQF,1
TRBV7-9,TRBJ2-1,ASSPHLAGVDNEQF,1
TRBV7-9,TRBJ2-1,ASSPHLAGVGNEQF,1
TRBV7-9,TRBJ2-1,ASSPHLALDYNAQF,1
TRBV7-9,TRBJ2-1,ASSPHLALDYNEQF,16
TRBV7-9,TRBJ2-1,ASSPHLANNEQF,1
TRBV7-9,TRBJ2-1,ASSPHLARTSYNEQF,1
TRBV7-9,TRBJ2-1,ASSPHLAVGYEQF,1
TRBV7-9,TRBJ2-1,ASSPHLDEQF,2
TRBV7-9,TRBJ2-1,ASSPHLDNEQF,1
TRBV7-9,TRBJ2-1,ASSPHLDPKNEQF,1
TRBV7-9,TRBJ2-1,ASSPHLDTRRNEQF,1
TRBV7-9,TRBJ2-1,ASSPHLEDRGTNEQF,1
TRBV7-9,TRBJ2-1,ASSPHLEGRDEQF,1
TRBV7-9,TRBJ2-1,ASSPHLEYNEQF,8
TRBV7-9,TRBJ2-1,ASSPHLFSGKRYNEQF,1
TRBV7-9,TRBJ2-1,ASSPHLGANEQF,1
TRBV7-9,TRBJ2-1,ASSPHLGASGYSYNEQF,1
TRBV7-9,TRBJ2-1,ASSPHLGDEQF,3
TRBV7-9,TRBJ2-1,ASSPHLGDNEQF,1
TRBV7-9,TRBJ2-1,ASSPHLGEDSYNEQF,1
TRBV7-9,TRBJ2-1,ASSPHLGGLNEQF,1
TRBV7-9,TRBJ2-1,ASSPHLGGSSYNEQF,1
TRBV7-9,TRBJ2-1,ASSPHLGKEQF,5
TRBV7-9,TRBJ2-1,ASSPHLGLAGKNEQF,1
TRBV7-9,TRBJ2-1,ASSPHLGLAPVNYNEQF,1
TRBV7-9,TRBJ2-1,ASSPHLGLGTPEYNEQF,1
TRBV7-9,TRBJ2-1,ASSPHLGLNEQF,1
TRBV7-9,TRBJ2-1,ASSPHLGNNEQF,1
TRBV7-9,TRBJ2-1,ASSPHLGSLSYNEQF,1
TRBV7-9,TRBJ2-1,ASSPHLGTGGFNEQF,1
TRBV7-9,TRBJ2-1,ASSPHLGTNEQF,1
TRBV7-9,TRBJ2-1,ASSPHLGVRYNEQF,5
TRBV7-9,TRBJ2-1,ASSPHLGYNEQF,1
TRBV7-9,TRBJ2-1,ASSPHLKGLGRFNEQF,1
TRBV7-9,TRBJ2-1,ASSPHLLAGGRNEQF,8
TRBV7-9,TRBJ2-1,ASSPHLLGRARPYNEQF,7
TRBV7-9,TRBJ2-1,ASSPHLLSNNEQF,1
TRBV7-9,TRBJ2-1,ASSPHLLSTGRDEQF,1
TRBV7-9,TRBJ2-1,ASSPHLLSYNEQF,8
TRBV7-9,TRBJ2-1,ASSPHLLTNPHNEQF,1
TRBV7-9,TRBJ2-1,ASSPHLNEKF,1
TRBV7-9,TRBJ2-1,ASSPHLNEPF,1
TRBV7-9,TRBJ2-1,ASSPHLNEQF,13
TRBV7-9,TRBJ2-1,ASSPHLQRNEQF,1
TRBV7-9,TRBJ2-1,ASSPHLRAHNEQF,1
TRBV7-9,TRBJ2-1,ASSPHLRALNEQF,1
TRBV7-9,TRBJ2-1,ASSPHLRAREWNEQF,1
TRBV7-9,TRBJ2-1,ASSPHLRDYINEQF,1
TRBV7-9,TRBJ2-1,ASSPHLRGSSYNEQF,1
TRBV7-9,TRBJ2-1,ASSPHLRQGPYNEQF,1
TRBV7-9,TRBJ2-1,ASSPHLRREGHNEQF,1
TRBV7-9,TRBJ2-1,ASSPHLRRSSYNEQF,1
TRBV7-9,TRBJ2-1,ASSPHLSGRPNEQF,1
TRBV7-9,TRBJ2-1,ASSPHLSGSIYNEQF,1
TRBV7-9,TRBJ2-1,ASSPHLSGTSGRNEQF,1
TRBV7-9,TRBJ2-1,ASSPHLSSGGYNEQF,1
TRBV7-9,TRBJ2-1,ASSPHLSSYNEQF,14
TRBV7-9,TRBJ2-1,ASSPHLTEQF,1
TRBV7-9,TRBJ2-1,ASSPHLTGPWRNEQF,1
TRBV7-9,TRBJ2-1,ASSPHLTKTSGDNEQF,1
TRBV7-9,TRBJ2-1,ASSPHLTSYNEQF,1
TRBV7-9,TRBJ2-1,ASSPHLVGSPREQF,5
TRBV7-9,TRBJ2-1,ASSPHLVLNEQF,1
TRBV7-9,TRBJ2-1,ASSPHLVRDNEQF,1
TRBV7-9,TRBJ2-1,ASSPHLYNEQF,1
TRBV7-9,TRBJ2-1,ASSPHMAGGFDEQF,7
TRBV7-9,TRBJ2-1,ASSPHMAGSKNEQF,6
TRBV7-9,TRBJ2-1,ASSPHMAGSQHEQF,1
TRBV7-9,TRBJ2-1,ASSPHMGAYNEQF,1
TRBV7-9,TRBJ2-1,ASSPHMGGEQF,1
TRBV7-9,TRBJ2-1,ASSPHMGGNKNCQY,1
TRBV7-9,TRBJ2-1,ASSPHMGLAGYNEQF,1
TRBV7-9,TRBJ2-1,ASSPHMLAGDTEQF,1
TRBV7-9,TRBJ2-1,ASSPHMNAGASYNEQF,1
TRBV7-9,TRBJ2-1,ASSPHMRSGSSYNEQF,1
TRBV7-9,TRBJ2-1,ASSPHMSSYNEQF,1
TRBV7-9,TRBJ2-1,ASSPHMVYNEQF,1
TRBV7-9,TRBJ2-1,ASSPHNDNKEQF,1
TRBV7-9,TRBJ2-1,ASSPHNDNNEQF,1
TRBV7-9,TRBJ2-1,ASSPHNEQF,40
TRBV7-9,TRBJ2-1,ASSPHNFEQF,12
TRBV7-9,TRBJ2-1,ASSPHNGIKSYEQF,1
TRBV7-9,TRBJ2-1,ASSPHNGKQF,5
TRBV7-9,TRBJ2-1,ASSPHNGMYNEQF,8
TRBV7-9,TRBJ2-1,ASSPHNGQF,1
TRBV7-9,TRBJ2-1,ASSPHNHNNEQF,4
TRBV7-9,TRBJ2-1,ASSPHNLLYNEQF,1
TRBV7-9,TRBJ2-1,ASSPHNNDNEQF,1
TRBV7-9,TRBJ2-1,ASSPHNNEQF,3
TRBV7-9,TRBJ2-1,ASSPHNNHNEQF,1
TRBV7-9,TRBJ2-1,ASSPHNNINEQF,1
TRBV7-9,TRBJ2-1,ASSPHNNNDEQF,1
TRBV7-9,TRBJ2-1,ASSPHNNNHEQF,1
TRBV7-9,TRBJ2-1,ASSPHNNNKEQF,1
TRBV7-9,TRBJ2-1,ASSPHNNNNAQF,2
TRBV7-9,TRBJ2-1,ASSPHNNNNEQF,164
TRBV7-9,TRBJ2-1,ASSPHNNNNGQF,1
TRBV7-9,TRBJ2-1,ASSPHNNNNKQF,1
TRBV7-9,TRBJ2-1,ASSPHNNNNVQF,1
TRBV7-9,TRBJ2-1,ASSPHNNSNEQF,2
TRBV7-9,TRBJ2-1,ASSPHNNTNEQF,2
TRBV7-9,TRBJ2-1,ASSPHNSNNEQF,2
TRBV7-9,TRBJ2-1,ASSPHNTNKEQF,1
TRBV7-9,TRBJ2-1,ASSPHNTYNEHF,1
TRBV7-9,TRBJ2-1,ASSPHPAGAYNEQF,1
TRBV7-9,TRBJ2-1,ASSPHPAYNEQF,1
TRBV7-9,TRBJ2-1,ASSPHPDLAFVPQF,13
TRBV7-9,TRBJ2-1,ASSPHPDRGLAGVHEQF,1
TRBV7-9,TRBJ2-1,ASSPHPDRNNEQF,1
TRBV7-9,TRBJ2-1,ASSPHPDRVIHNEQF,1
TRBV7-9,TRBJ2-1,ASSPHPDSYNEQF,1
TRBV7-9,TRBJ2-1,ASSPHPDYNEQF,1
TRBV7-9,TRBJ2-1,ASSPHPGDEQF,1
TRBV7-9,TRBJ2-1,ASSPHPGEMRNEQF,1
TRBV7-9,TRBJ2-1,ASSPHPGEQF,14
TRBV7-9,TRBJ2-1,ASSPHPGGAYNEQF,1
TRBV7-9,TRBJ2-1,ASSPHPGGGKNNEQF,5
TRBV7-9,TRBJ2-1,ASSPHPGGGTNNEEF,1
TRBV7-9,TRBJ2-1,ASSPHPGGRENEQF,1
TRBV7-9,TRBJ2-1,ASSPHPGKYNEQF,1
TRBV7-9,TRBJ2-1,ASSPHPGLAAYNEQF,1
TRBV7-9,TRBJ2-1,ASSPHPGLADEQF,1
TRBV7-9,TRBJ2-1,ASSPHPGLAFSYNEQF,1
TRBV7-9,TRBJ2-1,ASSPHPGLAGDYEQF,18
TRBV7-9,TRBJ2-1,ASSPHPGLAGETYNEQF,1
TRBV7-9,TRBJ2-1,ASSPHPGLAGGSFNEQF,1
TRBV7-9,TRBJ2-1,ASSPHPGLAGRDEQF,1
TRBV7-9,TRBJ2-1,ASSPHPGLAGSTRYNEQF,1
TRBV7-9,TRBJ2-1,ASSPHPGLAGYYEQF,1
TRBV7-9,TRBJ2-1,ASSPHPGLASIDEQF,1
TRBV7-9,TRBJ2-1,ASSPHPGLELNEQF,1
TRBV7-9,TRBJ2-1,ASSPHPGPGLAGVRYNEQF,1
TRBV7-9,TRBJ2-1,ASSPHPGQDYNEQF,1
TRBV7-9,TRBJ2-1,ASSPHPGQGINEQF,1
TRBV7-9,TRBJ2-1,ASSPHPGQGLYNEQF,8
TRBV7-9,TRBJ2-1,ASSPHPGQRTYNEQF,1
TRBV7-9,TRBJ2-1,ASSPHPGQVDNEQF,1
TRBV7-9,TRBJ2-1,ASSPHPGRDVSGEQF,4
TRBV7-9,TRBJ2-1,ASSPHPGREGRIDEQF,3
TRBV7-9,TRBJ2-1,ASSPHPGRGYNEQF,2
TRBV7-9,TRBJ2-1,ASSPHPGSTNEQF,1
TRBV7-9,TRBJ2-1,ASSPHPGTGDSNEQF,7
TRBV7-9,TRBJ2-1,ASSPHPGTGDSYEQF,2
TRBV7-9,TRBJ2-1,ASSPHPGTGGPNEQF,17
TRBV7-9,TRBJ2-1,ASSPHPGTGMSSYNEQF,1
TRBV7-9,TRBJ2-1,ASSPHPGTGVPNEQF,1
TRBV7-9,TRBJ2-1,ASSPHPGTHNEQF,1
TRBV7-9,TRBJ2-1,ASSPHPGTSEYNEQF,1
TRBV7-9,TRBJ2-1,ASSPHPGTSGSYNEQF,1
TRBV7-9,TRBJ2-1,ASSPHPGTSGYNEQF,1
TRBV7-9,TRBJ2-1,ASSPHPGTVSYNEQF,1
TRBV7-9,TRBJ2-1,ASSPHPGVRNEQF,1
TRBV7-9,TRBJ2-1,ASSPHPGVYNEQF,1
TRBV7-9,TRBJ2-1,ASSPHPGYNEQF,9
TRBV7-9,TRBJ2-1,ASSPHPHITGSSYNEQF,1
TRBV7-9,TRBJ2-1,ASSPHPKGAPNEQF,1
TRBV7-9,TRBJ2-1,ASSPHPKIGNEQF,1
TRBV7-9,TRBJ2-1,ASSPHPLADNEQF,1
TRBV7-9,TRBJ2-1,ASSPHPLAFDEQF,1
TRBV7-9,TRBJ2-1,ASSPHPLAGRTDEQF,1
TRBV7-9,TRBJ2-1,ASSPHPLAGVYKEQF,1
TRBV7-9,TRBJ2-1,ASSPHPLAGVYNEQF,12
TRBV7-9,TRBJ2-1,ASSPHPLEPYYNEQF,1
TRBV7-9,TRBJ2-1,ASSPHPLGLATEQF,10
TRBV7-9,TRBJ2-1,ASSPHPLGLGTSNEQF,1
TRBV7-9,TRBJ2-1,ASSPHPLGLGTYNEQF,2
TRBV7-9,TRBJ2-1,ASSPHPLGLLDEQF,1
TRBV7-9,TRBJ2-1,ASSPHPLGNEQF,1
TRBV7-9,TRBJ2-1,ASSPHPLLATSYNEQF,1
TRBV7-9,TRBJ2-1,ASSPHPLQGIYNEQF,6
TRBV7-9,TRBJ2-1,ASSPHPLRANNEQF,1
TRBV7-9,TRBJ2-1,ASSPHPLRIYNEQF,1
TRBV7-9,TRBJ2-1,ASSPHPLSGLAIHNEQF,1
TRBV7-9,TRBJ2-1,ASSPHPLSYNEQF,1
TRBV7-9,TRBJ2-1,ASSPHPMRRYNEQF,1
TRBV7-9,TRBJ2-1,ASSPHPMVAGDYNEQF,1
TRBV7-9,TRBJ2-1,ASSPHPNEQF,2
TRBV7-9,TRBJ2-1,ASSPHPPDGDYNEQF,1
TRBV7-9,TRBJ2-1,ASSPHPPDGYYNEQF,5
TRBV7-9,TRBJ2-1,ASSPHPPLAGASLYNEQF,4
TRBV7-9,TRBJ2-1,ASSPHPQGFNEQF,1
TRBV7-9,TRBJ2-1,ASSPHPQGGRNAQF,1
TRBV7-9,TRBJ2-1,ASSPHPQGGRNEPF,1
TRBV7-9,TRBJ2-1,ASSPHPQGGRNEQF,31
TRBV7-9,TRBJ2-1,ASSPHPQPGTSNEQF,1
TRBV7-9,TRBJ2-1,ASSPHPRDDNEQF,10
TRBV7-9,TRBJ2-1,ASSPHPRDRPYNEQF,1
TRBV7-9,TRBJ2-1,ASSPHPRDTYSYNEQF,1
TRBV7-9,TRBJ2-1,ASSPHPREPSYNEQF,4
TRBV7-9,TRBJ2-1,ASSPHPRGSTSHNEQF,1
TRBV7-9,TRBJ2-1,ASSPHPRLAGEDEQF,1
TRBV7-9,TRBJ2-1,ASSPHPRQVDVNEQF,3
TRBV7-9,TRBJ2-1,ASSPHPRRGNEQF,7
TRBV7-9,TRBJ2-1,ASSPHPRSSYNEQF,2
TRBV7-9,TRBJ2-1,ASSPHPRTGYNEQF,1
TRBV7-9,TRBJ2-1,ASSPHPSEQF,14
TRBV7-9,TRBJ2-1,ASSPHPSGGGDEQF,1
TRBV7-9,TRBJ2-1,ASSPHPSGGPNEQF,1
TRBV7-9,TRBJ2-1,ASSPHPSGGRDEQF,8
TRBV7-9,TRBJ2-1,ASSPHPSGGSSYNEQF,1
TRBV7-9,TRBJ2-1,ASSPHPSGRAGNEQF,1
TRBV7-9,TRBJ2-1,ASSPHPSGSFHEQF,17
TRBV7-9,TRBJ2-1,ASSPHPSILRAYNEQF,1
TRBV7-9,TRBJ2-1,ASSPHPSLAASYNEQF,10
TRBV7-9,TRBJ2-1,ASSPHPSLAGVPYNEQF,1
TRBV7-9,TRBJ2-1,ASSPHPSNEQF,1
TRBV7-9,TRBJ2-1,ASSPHPSVPSYNEQF,1
TRBV7-9,TRBJ2-1,ASSPHPSYNEQF,1
TRBV7-9,TRBJ2-1,ASSPHPTDYNEQF,1
TRBV7-9,TRBJ2-1,ASSPHPTGMEF,5
TRBV7-9,TRBJ2-1,ASSPHPTILSGGAPTKQF,1
TRBV7-9,TRBJ2-1,ASSPHPTIYNEQF,1
TRBV7-9,TRBJ2-1,ASSPHPTNEQF,2
TRBV7-9,TRBJ2-1,ASSPHPTNGQF,1
TRBV7-9,TRBJ2-1,ASSPHPTRNNEQF,1
TRBV7-9,TRBJ2-1,ASSPHPTSGLYNEQF,1
TRBV7-9,TRBJ2-1,ASSPHPTSLLYNEQF,1
TRBV7-9,TRBJ2-1,ASSPHPTSREVLNEQF,1
TRBV7-9,TRBJ2-1,ASSPHPTSWVEQF,6
TRBV7-9,TRBJ2-1,ASSPHPTSYNEQF,1
TRBV7-9,TRBJ2-1,ASSPHPTYEQF,1
TRBV7-9,TRBJ2-1,ASSPHPYEQF,1
TRBV7-9,TRBJ2-1,ASSPHQAGNEQF,6
TRBV7-9,TRBJ2-1,ASSPHQAGQGRNEQF,1
TRBV7-9,TRBJ2-1,ASSPHQASFGNEQF,1
TRBV7-9,TRBJ2-1,ASSPHQEQF,6
TRBV7-9,TRBJ2-1,ASSPHQFYNEQF,1
TRBV7-9,TRBJ2-1,ASSPHQGASNEQF,1
TRBV7-9,TRBJ2-1,ASSPHQGEQF,1
TRBV7-9,TRBJ2-1,ASSPHQGESSYNEQF,10
TRBV7-9,TRBJ2-1,ASSPHQGFDANEQF,1
TRBV7-9,TRBJ2-1,ASSPHQGGYEQF,1
TRBV7-9,TRBJ2-1,ASSPHQGKGPNEQF,1
TRBV7-9,TRBJ2-1,ASSPHQGNSYNQQF,1
TRBV7-9,TRBJ2-1,ASSPHQGQGNTYNEQF,1
TRBV7-9,TRBJ2-1,ASSPHQGREGWDEQF,1
TRBV7-9,TRBJ2-1,ASSPHQGSGSYNEQF,1
TRBV7-9,TRBJ2-1,ASSPHQGSTYNEQF,1
TRBV7-9,TRBJ2-1,ASSPHQGSYNEQF,1
TRBV7-9,TRBJ2-1,ASSPHQPDYNEQF,24
TRBV7-9,TRBJ2-1,ASSPHQPDYTEQF,1
TRBV7-9,TRBJ2-1,ASSPHQQDFLTQF,4
TRBV7-9,TRBJ2-1,ASSPHQQGASHNEQF,9
TRBV7-9,TRBJ2-1,ASSPHQQRPQGNEQF,1
TRBV7-9,TRBJ2-1,ASSPHQSGEGPNEQF,1
TRBV7-9,TRBJ2-1,ASSPHQTRVAYNEQF,1
TRBV7-9,TRBJ2-1,ASSPHQTSGSWDEQF,1
TRBV7-9,TRBJ2-1,ASSPHQVGAYNEQF,1
TRBV7-9,TRBJ2-1,ASSPHQVNEQF,1
TRBV7-9,TRBJ2-1,ASSPHQWQGLSNEQF,1
TRBV7-9,TRBJ2-1,ASSPHRAGALPNNEQF,1
TRBV7-9,TRBJ2-1,ASSPHRAGDNEQF,8
TRBV7-9,TRBJ2-1,ASSPHRAGDYNEQF,1
TRBV7-9,TRBJ2-1,ASSPHRAGENEQF,1
TRBV7-9,TRBJ2-1,ASSPHRAPEQF,13
TRBV7-9,TRBJ2-1,ASSPHRASYNEQF,1
TRBV7-9,TRBJ2-1,ASSPHRATGEQF,1
TRBV7-9,TRBJ2-1,ASSPHRDEQF,5
TRBV7-9,TRBJ2-1,ASSPHRDGSSYNEQF,1
TRBV7-9,TRBJ2-1,ASSPHRDNEQF,3
TRBV7-9,TRBJ2-1,ASSPHRDPGPNEQF,1
TRBV7-9,TRBJ2-1,ASSPHRDPYGEQF,3
TRBV7-9,TRBJ2-1,ASSPHRDPYNEQF,3
TRBV7-9,TRBJ2-1,ASSPHRDRADFTYNEQF,1
TRBV7-9,TRBJ2-1,ASSPHRDRAYNEQF,13
TRBV7-9,TRBJ2-1,ASSPHRDRAYNVQF,1
TRBV7-9,TRBJ2-1,ASSPHRDRGYNEQF,2
TRBV7-9,TRBJ2-1,ASSPHRDRSYNEQF,1
TRBV7-9,TRBJ2-1,ASSPHRDSSHEQF,1
TRBV7-9,TRBJ2-1,ASSPHRDSSYNEQF,2
TRBV7-9,TRBJ2-1,ASSPHREGHYEQF,1
TRBV7-9,TRBJ2-1,ASSPHRELAGINEQF,2
TRBV7-9,TRBJ2-1,ASSPHRGAGDEQF,1
TRBV7-9,TRBJ2-1,ASSPHRGAGGANEQF,1
TRBV7-9,TRBJ2-1,ASSPHRGATYNEQF,1
TRBV7-9,TRBJ2-1,ASSPHRGDYNEQF,2
TRBV7-9,TRBJ2-1,ASSPHRGENSEQF,1
TRBV7-9,TRBJ2-1,ASSPHRGETQNEQF,1
TRBV7-9,TRBJ2-1,ASSPHRGGDEQF,5
TRBV7-9,TRBJ2-1,ASSPHRGGSSYNEQF,7
TRBV7-9,TRBJ2-1,ASSPHRGGVYAEQF,3
TRBV7-9,TRBJ2-1,ASSPHRGHEQF,1
TRBV7-9,TRBJ2-1,ASSPHRGLAGGPRDEQF,7
TRBV7-9,TRBJ2-1,ASSPHRGLDEQF,1
TRBV7-9,TRBJ2-1,ASSPHRGLYNEQF,1
TRBV7-9,TRBJ2-1,ASSPHRGQALYNEQF,1
TRBV7-9,TRBJ2-1,ASSPHRGQGFNEQF,1
TRBV7-9,TRBJ2-1,ASSPHRGQGKDNEQF,1
TRBV7-9,TRBJ2-1,ASSPHRGQGNEQF,1
TRBV7-9,TRBJ2-1,ASSPHRGQNYNEQF,1
TRBV7-9,TRBJ2-1,ASSPHRGRDNEQF,1
TRBV7-9,TRBJ2-1,ASSPHRGREYNEQF,1
TRBV7-9,TRBJ2-1,ASSPHRGRGDEQF,1
TRBV7-9,TRBJ2-1,ASSPHRGRLLYNEQF,2
TRBV7-9,TRBJ2-1,ASSPHRGRTNEQF,1
TRBV7-9,TRBJ2-1,ASSPHRGSGVNNEQF,1
TRBV7-9,TRBJ2-1,ASSPHRGSSYNEQF,1
TRBV7-9,TRBJ2-1,ASSPHRGSYNEQF,3
TRBV7-9,TRBJ2-1,ASSPHRGTIRDEQF,1
TRBV7-9,TRBJ2-1,ASSPHRGTLSEQF,8
TRBV7-9,TRBJ2-1,ASSPHRGTLSERF,1
TRBV7-9,TRBJ2-1,ASSPHRGTPYNEQF,1
TRBV7-9,TRBJ2-1,ASSPHRGTRAEQF,1
TRBV7-9,TRBJ2-1,ASSPHRGTRSSYNEQF,1
TRBV7-9,TRBJ2-1,ASSPHRGTTPYNEQF,1
TRBV7-9,TRBJ2-1,ASSPHRGVDNEQF,5
TRBV7-9,TRBJ2-1,ASSPHRGVYNEQF,1
TRBV7-9,TRBJ2-1,ASSPHRGYSYNEQF,1
TRBV7-9,TRBJ2-1,ASSPHRLADNEQF,9
TRBV7-9,TRBJ2-1,ASSPHRLAFYNEQF,1
TRBV7-9,TRBJ2-1,ASSPHRLAGARYNEQF,1
TRBV7-9,TRBJ2-1,ASSPHRLAGDSYNEQF,4
TRBV7-9,TRBJ2-1,ASSPHRLAGLYNEQF,1
TRBV7-9,TRBJ2-1,ASSPHRLAGNEQF,1
TRBV7-9,TRBJ2-1,ASSPHRLAGPHNEQF,1
TRBV7-9,TRBJ2-1,ASSPHRLGFSYNEQF,1
TRBV7-9,TRBJ2-1,ASSPHRLGSDEQF,1
TRBV7-9,TRBJ2-1,ASSPHRLLEQF,8
TRBV7-9,TRBJ2-1,ASSPHRLLEQL,1
TRBV7-9,TRBJ2-1,ASSPHRLRLAGVRNEQF,1
TRBV7-9,TRBJ2-1,ASSPHRNEQF,9
TRBV7-9,TRBJ2-1,ASSPHRPDYNEQF,1
TRBV7-9,TRBJ2-1,ASSPHRPGGNEQF,12
TRBV7-9,TRBJ2-1,ASSPHRPSGIRDEQF,1
TRBV7-9,TRBJ2-1,ASSPHRPYNEQF,1
TRBV7-9,TRBJ2-1,ASSPHRRARYTDQF,1
TRBV7-9,TRBJ2-1,ASSPHRRGSYNEQF,1
TRBV7-9,TRBJ2-1,ASSPHRRSDNEQF,1
TRBV7-9,TRBJ2-1,ASSPHRSGFYEQF,1
TRBV7-9,TRBJ2-1,ASSPHRSGRVMKDEQF,1
TRBV7-9,TRBJ2-1,ASSPHRSSYNEQF,1
TRBV7-9,TRBJ2-1,ASSPHRSYNEQF,4
TRBV7-9,TRBJ2-1,ASSPHRTGGIDEQF,1
TRBV7-9,TRBJ2-1,ASSPHRTPQYNEQF,1
TRBV7-9,TRBJ2-1,ASSPHRTSGIHNEQF,1
TRBV7-9,TRBJ2-1,ASSPHRTSGTSYNEQF,1
TRBV7-9,TRBJ2-1,ASSPHRTSGTYNEQF,1
TRBV7-9,TRBJ2-1,ASSPHRTSGYNEQF,2
TRBV7-9,TRBJ2-1,ASSPHRTSMYNEQF,5
TRBV7-9,TRBJ2-1,ASSPHRTSVDNEQF,11
TRBV7-9,TRBJ2-1,ASSPHRTSYNEQF,11
TRBV7-9,TRBJ2-1,ASSPHRVAGLEDNEQF,1
TRBV7-9,TRBJ2-1,ASSPHRVDYYKEQF,1
TRBV7-9,TRBJ2-1,ASSPHRVDYYNDQF,1
TRBV7-9,TRBJ2-1,ASSPHRVDYYNEQF,10
TRBV7-9,TRBJ2-1,ASSPHRVGNEQF,1
TRBV7-9,TRBJ2-1,ASSPHRVPYNEQF,1
TRBV7-9,TRBJ2-1,ASSPHRVSYNEQF,14
TRBV7-9,TRBJ2-1,ASSPHRYNEQF,1
TRBV7-9,TRBJ2-1,ASSPHSADEQF,1
TRBV7-9,TRBJ2-1,ASSPHSAGDNEQF,3
TRBV7-9,TRBJ2-1,ASSPHSAGDYNEQF,1
TRBV7-9,TRBJ2-1,ASSPHSAGENEQF,2
TRBV7-9,TRBJ2-1,ASSPHSAGPENEQF,1
TRBV7-9,TRBJ2-1,ASSPHSASYNEQF,6
TRBV7-9,TRBJ2-1,ASSPHSDRGRYNEQF,1
TRBV7-9,TRBJ2-1,ASSPHSDSYNEQF,1
TRBV7-9,TRBJ2-1,ASSPHSEGDNEQF,1
TRBV7-9,TRBJ2-1,ASSPHSERDNEQF,1
TRBV7-9,TRBJ2-1,ASSPHSFASSYNEQF,3
TRBV7-9,TRBJ2-1,ASSPHSGAGNEQF,11
TRBV7-9,TRBJ2-1,ASSPHSGALRDNEQF,1
TRBV7-9,TRBJ2-1,ASSPHSGAMGNEQF,1
TRBV7-9,TRBJ2-1,ASSPHSGAVGNEQF,1
TRBV7-9,TRBJ2-1,ASSPHSGGEFDEQF,1
TRBV7-9,TRBJ2-1,ASSPHSGGHKDNEQF,5
TRBV7-9,TRBJ2-1,ASSPHSGGPHNEQF,1
TRBV7-9,TRBJ2-1,ASSPHSGGPLSYNEQF,9
TRBV7-9,TRBJ2-1,ASSPHSGGSDEQF,1
TRBV7-9,TRBJ2-1,ASSPHSGGSYNEQF,2
TRBV7-9,TRBJ2-1,ASSPHSGGVNEQF,4
TRBV7-9,TRBJ2-1,ASSPHSGGYNEQF,1
TRBV7-9,TRBJ2-1,ASSPHSGIKSYEQF,17
TRBV7-9,TRBJ2-1,ASSPHSGINNEQF,5
TRBV7-9,TRBJ2-1,ASSPHSGISYNEQF,2
TRBV7-9,TRBJ2-1,ASSPHSGITEQF,4
TRBV7-9,TRBJ2-1,ASSPHSGLAGSAYNEQF,1
TRBV7-9,TRBJ2-1,ASSPHSGLAGSSYNEQF,13
TRBV7-9,TRBJ2-1,ASSPHSGLSSYNEQF,1
TRBV7-9,TRBJ2-1,ASSPHSGNEQF,15
TRBV7-9,TRBJ2-1,ASSPHSGNSYNEQF,1
TRBV7-9,TRBJ2-1,ASSPHSGPYNEQF,1
TRBV7-9,TRBJ2-1,ASSPHSGQF,1
TRBV7-9,TRBJ2-1,ASSPHSGRADDNEQF,1
TRBV7-9,TRBJ2-1,ASSPHSGRAGNEQF,1
TRBV7-9,TRBJ2-1,ASSPHSGRALNEQF,1
TRBV7-9,TRBJ2-1,ASSPHSGRERNEQF,1
TRBV7-9,TRBJ2-1,ASSPHSGRERNNEQF,1
TRBV7-9,TRBJ2-1,ASSPHSGRGEQF,5
TRBV7-9,TRBJ2-1,ASSPHSGRGYNEQF,1
TRBV7-9,TRBJ2-1,ASSPHSGRHPYNEQF,1
TRBV7-9,TRBJ2-1,ASSPHSGRPSIEQF,1
TRBV7-9,TRBJ2-1,ASSPHSGRTPHEQF,1
TRBV7-9,TRBJ2-1,ASSPHSGRTYNEQF,1
TRBV7-9,TRBJ2-1,ASSPHSGRVYEQF,1
TRBV7-9,TRBJ2-1,ASSPHSGSLLYNEQF,1
TRBV7-9,TRBJ2-1,ASSPHSGSSSYNEQF,1
TRBV7-9,TRBJ2-1,ASSPHSGSSYNEQF,5
TRBV7-9,TRBJ2-1,ASSPHSGSYNEQF,3
TRBV7-9,TRBJ2-1,ASSPHSGTGVDEQF,1
TRBV7-9,TRBJ2-1,ASSPHSGTGYNEQF,2
TRBV7-9,TRBJ2-1,ASSPHSGTSNNEQF,1
TRBV7-9,TRBJ2-1,ASSPHSGTSYNEQF,1
TRBV7-9,TRBJ2-1,ASSPHSGTYNEQF,17
TRBV7-9,TRBJ2-1,ASSPHSGTYYEQF,1
TRBV7-9,TRBJ2-1,ASSPHSGVDYNEQF,1
TRBV7-9,TRBJ2-1,ASSPHSGVSYNEQF,3
TRBV7-9,TRBJ2-1,ASSPHSGVVENEQF,1
TRBV7-9,TRBJ2-1,ASSPHSGWVYNEQF,2
TRBV7-9,TRBJ2-1,ASSPHSLAGGASSYNEQF,2
TRBV7-9,TRBJ2-1,ASSPHSLAGSYNEQF,1
TRBV7-9,TRBJ2-1,ASSPHSLGEQF,2
TRBV7-9,TRBJ2-1,ASSPHSLGHEQF,1
TRBV7-9,TRBJ2-1,ASSPHSLGLAKTYNEQF,1
TRBV7-9,TRBJ2-1,ASSPHSLRLDEQF,1
TRBV7-9,TRBJ2-1,ASSPHSLSYNEQF,1
TRBV7-9,TRBJ2-1,ASSPHSNEQF,3
TRBV7-9,TRBJ2-1,ASSPHSNPNEQF,1
TRBV7-9,TRBJ2-1,ASSPHSNYSSYNEQF,4
TRBV7-9,TRBJ2-1,ASSPHSPGLADYNEQF,1
TRBV7-9,TRBJ2-1,ASSPHSPTSGPSDEQF,1
TRBV7-9,TRBJ2-1,ASSPHSQGPYNEQF,1
TRBV7-9,TRBJ2-1,ASSPHSQYNEQF,1
TRBV7-9,TRBJ2-1,ASSPHSRAGYNEQF,1
TRBV7-9,TRBJ2-1,ASSPHSREHNEQF,5
TRBV7-9,TRBJ2-1,ASSPHSRLHNEQF,1
TRBV7-9,TRBJ2-1,ASSPHSRQAYNEQF,1
TRBV7-9,TRBJ2-1,ASSPHSRQHHNEQF,1
TRBV7-9,TRBJ2-1,ASSPHSRTENNEQF,1
TRBV7-9,TRBJ2-1,ASSPHSSAGYNEQF,16
TRBV7-9,TRBJ2-1,ASSPHSSGAYNEQF,13
TRBV7-9,TRBJ2-1,ASSPHSSGFGNEQF,1
TRBV7-9,TRBJ2-1,ASSPHSSGGYNEQF,1
TRBV7-9,TRBJ2-1,ASSPHSSGRRTNEQF,1
TRBV7-9,TRBJ2-1,ASSPHSSGTYNEQF,1
TRBV7-9,TRBJ2-1,ASSPHSSGVSYNEQF,6
TRBV7-9,TRBJ2-1,ASSPHSSSYNEQF,10
TRBV7-9,TRBJ2-1,ASSPHSSYNEQF,15
TRBV7-9,TRBJ2-1,ASSPHSTGNNEQF,6
TRBV7-9,TRBJ2-1,ASSPHSVRGYNEQF,1
TRBV7-9,TRBJ2-1,ASSPHSWNYNEQF,1
TRBV7-9,TRBJ2-1,ASSPHSYDEQF,1
TRBV7-9,TRBJ2-1,ASSPHSYNEQF,22
TRBV7-9,TRBJ2-1,ASSPHTAGFNEQF,1
TRBV7-9,TRBJ2-1,ASSPHTAVTYNEQF,1
TRBV7-9,TRBJ2-1,ASSPHTEGGYNEQF,1
TRBV7-9,TRBJ2-1,ASSPHTGDSYNEQF,6
TRBV7-9,TRBJ2-1,ASSPHTGFGRNEQF,1
TRBV7-9,TRBJ2-1,ASSPHTGGSYNEQF,2
TRBV7-9,TRBJ2-1,ASSPHTGGTGLYNEQF,1
TRBV7-9,TRBJ2-1,ASSPHTGIFYNEQF,1
TRBV7-9,TRBJ2-1,ASSPHTGLAGETYNEQF,1
TRBV7-9,TRBJ2-1,ASSPHTGQGNNEQF,1
TRBV7-9,TRBJ2-1,ASSPHTGSSYNEQF,1
TRBV7-9,TRBJ2-1,ASSPHTGTSPDEQF,1
TRBV7-9,TRBJ2-1,ASSPHTGYNEQF,1
TRBV7-9,TRBJ2-1,ASSPHTLAGAYNEQF,6
TRBV7-9,TRBJ2-1,ASSPHTLALVNEQF,1
TRBV7-9,TRBJ2-1,ASSPHTNEQF,2
TRBV7-9,TRBJ2-1,ASSPHTNNEQF,1
TRBV7-9,TRBJ2-1,ASSPHTNNNEQF,1
TRBV7-9,TRBJ2-1,ASSPHTPGRSSYNEQF,1
TRBV7-9,TRBJ2-1,ASSPHTPLGDEQF,1
TRBV7-9,TRBJ2-1,ASSPHTPLNEQF,1
TRBV7-9,TRBJ2-1,ASSPHTQDNEQF,1
TRBV7-9,TRBJ2-1,ASSPHTRHNEQF,1
TRBV7-9,TRBJ2-1,ASSPHTRTYNDQF,1
TRBV7-9,TRBJ2-1,ASSPHTRTYNEQF,10
TRBV7-9,TRBJ2-1,ASSPHTSDDEQF,1
TRBV7-9,TRBJ2-1,ASSPHTSGGIDEQF,3
TRBV7-9,TRBJ2-1,ASSPHTSGGNEQF,1
TRBV7-9,TRBJ2-1,ASSPHTSGGVYNEQF,1
TRBV7-9,TRBJ2-1,ASSPHTSGRAYNEQF,1
TRBV7-9,TRBJ2-1,ASSPHTSGSLNEQF,1
TRBV7-9,TRBJ2-1,ASSPHTSGSRDHEQF,1
TRBV7-9,TRBJ2-1,ASSPHTSLRANEQF,1
TRBV7-9,TRBJ2-1,ASSPHTSPHNEQF,1
TRBV7-9,TRBJ2-1,ASSPHTSSYNEQF,2
TRBV7-9,TRBJ2-1,ASSPHTYSYNEQF,1
TRBV7-9,TRBJ2-1,ASSPHVADRTGSYNEQF,6
TRBV7-9,TRBJ2-1,ASSPHVAGDSYNEQF,1
TRBV7-9,TRBJ2-1,ASSPHVAGGWDEQF,1
TRBV7-9,TRBJ2-1,ASSPHVAGHNEQF,1
TRBV7-9,TRBJ2-1,ASSPHVASYNEQF,1
TRBV7-9,TRBJ2-1,ASSPHVDEQF,15
TRBV7-9,TRBJ2-1,ASSPHVDGQF,1
TRBV7-9,TRBJ2-1,ASSPHVGAGPYNEQF,1
TRBV7-9,TRBJ2-1,ASSPHVGGRDEQF,1
TRBV7-9,TRBJ2-1,ASSPHVGGTYNEQF,1
TRBV7-9,TRBJ2-1,ASSPHVGLGAHNEQF,1
TRBV7-9,TRBJ2-1,ASSPHVGLSGSSYNEQF,1
TRBV7-9,TRBJ2-1,ASSPHVGLVGYEQF,13
TRBV7-9,TRBJ2-1,ASSPHVGRDNEQF,2
TRBV7-9,TRBJ2-1,ASSPHVGRDTEKF,1
TRBV7-9,TRBJ2-1,ASSPHVMASGSDYNEQF,1
TRBV7-9,TRBJ2-1,ASSPHVMASGSSYKEQF,1
TRBV7-9,TRBJ2-1,ASSPHVNEQF,3
TRBV7-9,TRBJ2-1,ASSPHVPAGEDNEQF,1
TRBV7-9,TRBJ2-1,ASSPHVRAYNEQF,1
TRBV7-9,TRBJ2-1,ASSPHVRGQF,11
TRBV7-9,TRBJ2-1,ASSPHVRLARNEQF,1
TRBV7-9,TRBJ2-1,ASSPHVSGGSYNEQF,4
TRBV7-9,TRBJ2-1,ASSPHVSGRAGNEQF,1
TRBV7-9,TRBJ2-1,ASSPHVSPGNEQF,1
TRBV7-9,TRBJ2-1,ASSPHVSSYNEQF,1
TRBV7-9,TRBJ2-1,ASSPHWAGVYNEQF,1
TRBV7-9,TRBJ2-1,ASSPHWALSYNEQF,1
TRBV7-9,TRBJ2-1,ASSPHWDEQF,14
TRBV7-9,TRBJ2-1,ASSPHWDRNNEQF,1
TRBV7-9,TRBJ2-1,ASSPHWGANEQF,6
TRBV7-9,TRBJ2-1,ASSPHWGATEQF,1
TRBV7-9,TRBJ2-1,ASSPHWGDSSYNEQF,1
TRBV7-9,TRBJ2-1,ASSPHWGNEQF,1
TRBV7-9,TRBJ2-1,ASSPHWGNKRGSYNEQF,1
TRBV7-9,TRBJ2-1,ASSPHWGPSGAGGDNEQF,11
TRBV7-9,TRBJ2-1,ASSPHWGPSGAGGDNVQF,1
TRBV7-9,TRBJ2-1,ASSPHWGPYKEQF,1
TRBV7-9,TRBJ2-1,ASSPHWGPYNEKF,1
TRBV7-9,TRBJ2-1,ASSPHWGPYNEQF,25
TRBV7-9,TRBJ2-1,ASSPHWGPYNKQF,1
TRBV7-9,TRBJ2-1,ASSPHWLAGGKTFNEQF,1
TRBV7-9,TRBJ2-1,ASSPHWLAGVRDEQF,1
TRBV7-9,TRBJ2-1,ASSPHWLYNEQF,2
TRBV7-9,TRBJ2-1,ASSPHWNEQF,9
TRBV7-9,TRBJ2-1,ASSPHWRENVHEQF,1
TRBV7-9,TRBJ2-1,ASSPHWRERYNEQF,1
TRBV7-9,TRBJ2-1,ASSPHWRGPDIYNEQF,1
TRBV7-9,TRBJ2-1,ASSPHWSQGSYNEQF,1
TRBV7-9,TRBJ2-1,ASSPHWTDQYYNEQF,1
TRBV7-9,TRBJ2-1,ASSPHWTSGGNEQF,1
TRBV7-9,TRBJ2-1,ASSPHWTSGLSNEQF,1
TRBV7-9,TRBJ2-1,ASSPHWTSSNEQF,1
TRBV7-9,TRBJ2-1,ASSPHWVAGGGYNEQF,1
TRBV7-9,TRBJ2-1,ASSPHWVAGIYNEQF,1
TRBV7-9,TRBJ2-1,ASSPHYADEQF,9
TRBV7-9,TRBJ2-1,ASSPHYAPGNEQF,1
TRBV7-9,TRBJ2-1,ASSPHYDEQF,8
TRBV7-9,TRBJ2-1,ASSPHYEQF,1
TRBV7-9,TRBJ2-1,ASSPHYEYNEQF,1
TRBV7-9,TRBJ2-1,ASSPHYGVYDNEQF,1
TRBV7-9,TRBJ2-1,ASSPHYKDQF,1
TRBV7-9,TRBJ2-1,ASSPHYKEQF,2
TRBV7-9,TRBJ2-1,ASSPHYLTSGRNNEQF,1
TRBV7-9,TRBJ2-1,ASSPHYMNNEQF,1
TRBV7-9,TRBJ2-1,ASSPHYNAQF,2
TRBV7-9,TRBJ2-1,ASSPHYNDQF,2
TRBV7-9,TRBJ2-1,ASSPHYNEHF,2
TRBV7-9,TRBJ2-1,ASSPHYNEPF,1
TRBV7-9,TRBJ2-1,ASSPHYNEQC,1
TRBV7-9,TRBJ2-1,ASSPHYNEQF,269
TRBV7-9,TRBJ2-1,ASSPHYNEQL,1
TRBV7-9,TRBJ2-1,ASSPHYNEQY,1
TRBV7-9,TRBJ2-1,ASSPHYNGQF,3
TRBV7-9,TRBJ2-1,ASSPHYNKQF,1
TRBV7-9,TRBJ2-1,ASSPHYNNNEQF,1
TRBV7-9,TRBJ2-1,ASSPHYNQQC,1
TRBV7-9,TRBJ2-1,ASSPHYNVQF,1
TRBV7-9,TRBJ2-1,ASSPHYQREYNEQF,1
TRBV7-9,TRBJ2-1,ASSPHYRGQGRINEQF,1
TRBV7-9,TRBJ2-1,ASSPHYRQGYNEQF,1
TRBV7-9,TRBJ2-1,ASSPHYSEQF,2
TRBV7-9,TRBJ2-1,ASSPHYSGGNYNEQF,2
TRBV7-9,TRBJ2-1,ASSPHYTDQF,1
TRBV7-9,TRBJ2-1,ASSPHYTEQF,1
TRBV7-9,TRBJ2-1,ASSPHYYEQF,2
TRBV7-9,TRBJ2-1,ASSPIAAEQGSYNEQF,5
TRBV7-9,TRBJ2-1,ASSPIAAGDYNEQF,1
TRBV7-9,TRBJ2-1,ASSPIAAGSHNEQF,1
TRBV7-9,TRBJ2-1,ASSPIAAIYNEQF,1
TRBV7-9,TRBJ2-1,ASSPIAALWNEQF,1
TRBV7-9,TRBJ2-1,ASSPIAANEQF,13
TRBV7-9,TRBJ2-1,ASSPIAARDHPHEQF,1
TRBV7-9,TRBJ2-1,ASSPIAASYNEQF,1
TRBV7-9,TRBJ2-1,ASSPIAAYNEQF,1
TRBV7-9,TRBJ2-1,ASSPIADSYNEQF,1
TRBV7-9,TRBJ2-1,ASSPIADWIYNEQF,1
TRBV7-9,TRBJ2-1,ASSPIADYNEQF,1
TRBV7-9,TRBJ2-1,ASSPIAEKSYNEQF,1
TRBV7-9,TRBJ2-1,ASSPIAEPGYNEQF,1
TRBV7-9,TRBJ2-1,ASSPIAEQQYNEQF,1
TRBV7-9,TRBJ2-1,ASSPIAESSYNEQF,1
TRBV7-9,TRBJ2-1,ASSPIAESYNEQF,1
TRBV7-9,TRBJ2-1,ASSPIAESYRNNEQF,1
TRBV7-9,TRBJ2-1,ASSPIAETSYNEHF,1
TRBV7-9,TRBJ2-1,ASSPIAETSYNEQC,1
TRBV7-9,TRBJ2-1,ASSPIAETSYNEQF,18
TRBV7-9,TRBJ2-1,ASSPIAETSYNEQI,1
TRBV7-9,TRBJ2-1,ASSPIAEVGYNEQF,1
TRBV7-9,TRBJ2-1,ASSPIAEWNEQF,1
TRBV7-9,TRBJ2-1,ASSPIAFDEQF,1
TRBV7-9,TRBJ2-1,ASSPIAGAANEQF,1
TRBV7-9,TRBJ2-1,ASSPIAGAEF,8
TRBV7-9,TRBJ2-1,ASSPIAGAEYNEQF,1
TRBV7-9,TRBJ2-1,ASSPIAGAFPYEQF,1
TRBV7-9,TRBJ2-1,ASSPIAGAGDEQF,6
TRBV7-9,TRBJ2-1,ASSPIAGAGGGKF,15
TRBV7-9,TRBJ2-1,ASSPIAGAGGYEQF,13
TRBV7-9,TRBJ2-1,ASSPIAGAGRGKF,1
TRBV7-9,TRBJ2-1,ASSPIAGARANEQF,1
TRBV7-9,TRBJ2-1,ASSPIAGARNEQF,1
TRBV7-9,TRBJ2-1,ASSPIAGASVNELF,2
TRBV7-9,TRBJ2-1,ASSPIAGASVNEQF,15
TRBV7-9,TRBJ2-1,ASSPIAGASVNEQL,1
TRBV7-9,TRBJ2-1,ASSPIAGASYNEQF,1
TRBV7-9,TRBJ2-1,ASSPIAGAVNEQF,1
TRBV7-9,TRBJ2-1,ASSPIAGAYNEQF,22
TRBV7-9,TRBJ2-1,ASSPIAGAYNGQF,1
TRBV7-9,TRBJ2-1,ASSPIAGAYYNEQF,1
TRBV7-9,TRBJ2-1,ASSPIAGDGNEQF,1
TRBV7-9,TRBJ2-1,ASSPIAGDGSPYNEQF,1
TRBV7-9,TRBJ2-1,ASSPIAGDGVGYNEQF,1
TRBV7-9,TRBJ2-1,ASSPIAGDGYNEQF,1
TRBV7-9,TRBJ2-1,ASSPIAGDNEQF,3
TRBV7-9,TRBJ2-1,ASSPIAGDRYNEQF,4
TRBV7-9,TRBJ2-1,ASSPIAGDSNEQF,1
TRBV7-9,TRBJ2-1,ASSPIAGDSYNEQF,2
TRBV7-9,TRBJ2-1,ASSPIAGDYNEQF,4
TRBV7-9,TRBJ2-1,ASSPIAGEAANEQF,1
TRBV7-9,TRBJ2-1,ASSPIAGEDYNEQF,8
TRBV7-9,TRBJ2-1,ASSPIAGEGGSYNEQF,1
TRBV7-9,TRBJ2-1,ASSPIAGEGHNEQF,1
TRBV7-9,TRBJ2-1,ASSPIAGEQF,2
TRBV7-9,TRBJ2-1,ASSPIAGERYNEQF,5
TRBV7-9,TRBJ2-1,ASSPIAGESRNEQF,3
TRBV7-9,TRBJ2-1,ASSPIAGETYNEQF,1
TRBV7-9,TRBJ2-1,ASSPIAGEVNEQF,10
TRBV7-9,TRBJ2-1,ASSPIAGEYNEQF,4
TRBV7-9,TRBJ2-1,ASSPIAGGAHNEQF,16
TRBV7-9,TRBJ2-1,ASSPIAGGANEQF,1
TRBV7-9,TRBJ2-1,ASSPIAGGASNEQF,1
TRBV7-9,TRBJ2-1,ASSPIAGGAYNEQF,12
TRBV7-9,TRBJ2-1,ASSPIAGGAYNEQV,1
TRBV7-9,TRBJ2-1,ASSPIAGGDNDQF,1
TRBV7-9,TRBJ2-1,ASSPIAGGDNEQF,1
TRBV7-9,TRBJ2-1,ASSPIAGGFHEQF,1
TRBV7-9,TRBJ2-1,ASSPIAGGGNEQF,1
TRBV7-9,TRBJ2-1,ASSPIAGGGSHEQF,1
TRBV7-9,TRBJ2-1,ASSPIAGGGSNEQF,7
TRBV7-9,TRBJ2-1,ASSPIAGGGSTEQF,1
TRBV7-9,TRBJ2-1,ASSPIAGGGWNEQF,6
TRBV7-9,TRBJ2-1,ASSPIAGGGYNEQF,2
TRBV7-9,TRBJ2-1,ASSPIAGGHNEQF,15
TRBV7-9,TRBJ2-1,ASSPIAGGHNKQF,1
TRBV7-9,TRBJ2-1,ASSPIAGGIEQF,18
TRBV7-9,TRBJ2-1,ASSPIAGGINEQF,2
TRBV7-9,TRBJ2-1,ASSPIAGGIYNEQF,1
TRBV7-9,TRBJ2-1,ASSPIAGGKHNEQF,1
TRBV7-9,TRBJ2-1,ASSPIAGGLDNEQF,11
TRBV7-9,TRBJ2-1,ASSPIAGGLNEQF,8
TRBV7-9,TRBJ2-1,ASSPIAGGLSYKEQF,2
TRBV7-9,TRBJ2-1,ASSPIAGGLSYNEQF,4
TRBV7-9,TRBJ2-1,ASSPIAGGLTGNEQF,1
TRBV7-9,TRBJ2-1,ASSPIAGGLVNEQF,1
TRBV7-9,TRBJ2-1,ASSPIAGGLYNEQF,9
TRBV7-9,TRBJ2-1,ASSPIAGGNCNEQF,1
TRBV7-9,TRBJ2-1,ASSPIAGGNEQF,1
TRBV7-9,TRBJ2-1,ASSPIAGGNGNEQF,28
TRBV7-9,TRBJ2-1,ASSPIAGGNNEQF,1
TRBV7-9,TRBJ2-1,ASSPIAGGNSYNEQF,1
TRBV7-9,TRBJ2-1,ASSPIAGGPANEQF,1
TRBV7-9,TRBJ2-1,ASSPIAGGPDEQF,1
TRBV7-9,TRBJ2-1,ASSPIAGGPDNEQF,1
TRBV7-9,TRBJ2-1,ASSPIAGGPEFSNEQF,1
TRBV7-9,TRBJ2-1,ASSPIAGGPGEQF,6
TRBV7-9,TRBJ2-1,ASSPIAGGPGNEQF,2
TRBV7-9,TRBJ2-1,ASSPIAGGPGVYNEQF,1
TRBV7-9,TRBJ2-1,ASSPIAGGPGYEQF,5
TRBV7-9,TRBJ2-1,ASSPIAGGPHEQF,1
TRBV7-9,TRBJ2-1,ASSPIAGGPHSYNEQF,26
TRBV7-9,TRBJ2-1,ASSPIAGGPLNEQF,1
TRBV7-9,TRBJ2-1,ASSPIAGGPNEQF,1
TRBV7-9,TRBJ2-1,ASSPIAGGPNNEQF,17
TRBV7-9,TRBJ2-1,ASSPIAGGPNREQF,11
TRBV7-9,TRBJ2-1,ASSPIAGGPQKSYNEQF,1
TRBV7-9,TRBJ2-1,ASSPIAGGPVDEQF,4
TRBV7-9,TRBJ2-1,ASSPIAGGPVNEQF,2
TRBV7-9,TRBJ2-1,ASSPIAGGRGEQF,1
TRBV7-9,TRBJ2-1,ASSPIAGGRNEQF,3
TRBV7-9,TRBJ2-1,ASSPIAGGRYNEQF,9
TRBV7-9,TRBJ2-1,ASSPIAGGSDEQF,1
TRBV7-9,TRBJ2-1,ASSPIAGGSFNEQF,1
TRBV7-9,TRBJ2-1,ASSPIAGGSNEQF,1
TRBV7-9,TRBJ2-1,ASSPIAGGSYNEQF,26
TRBV7-9,TRBJ2-1,ASSPIAGGTYNEQF,18
TRBV7-9,TRBJ2-1,ASSPIAGGVNEQF,9
TRBV7-9,TRBJ2-1,ASSPIAGGVNNEQF,1
TRBV7-9,TRBJ2-1,ASSPIAGGVYNEQF,1
TRBV7-9,TRBJ2-1,ASSPIAGGWDEQF,1
TRBV7-9,TRBJ2-1,ASSPIAGGYNEQF,4
TRBV7-9,TRBJ2-1,ASSPIAGHYSEQF,4
TRBV7-9,TRBJ2-1,ASSPIAGIAYNEQF,1
TRBV7-9,TRBJ2-1,ASSPIAGILYNEQF,1
TRBV7-9,TRBJ2-1,ASSPIAGISYNEQF,2
TRBV7-9,TRBJ2-1,ASSPIAGIYNEQF,4
TRBV7-9,TRBJ2-1,ASSPIAGKSYNEQF,8
TRBV7-9,TRBJ2-1,ASSPIAGLAVYNEQF,1
TRBV7-9,TRBJ2-1,ASSPIAGLEPDEQF,1
TRBV7-9,TRBJ2-1,ASSPIAGLFYNEQF,1
TRBV7-9,TRBJ2-1,ASSPIAGLGKNEQF,1
TRBV7-9,TRBJ2-1,ASSPIAGLINEQF,4
TRBV7-9,TRBJ2-1,ASSPIAGLSYNEQF,1
TRBV7-9,TRBJ2-1,ASSPIAGLYNEQF,2
TRBV7-9,TRBJ2-1,ASSPIAGNEQF,4
TRBV7-9,TRBJ2-1,ASSPIAGNNEQF,1
TRBV7-9,TRBJ2-1,ASSPIAGNYNEQF,1
TRBV7-9,TRBJ2-1,ASSPIAGPAGGYNEQF,1
TRBV7-9,TRBJ2-1,ASSPIAGPLDEQF,3
TRBV7-9,TRBJ2-1,ASSPIAGPNEQF,3
TRBV7-9,TRBJ2-1,ASSPIAGPQF,1
TRBV7-9,TRBJ2-1,ASSPIAGPSYNEQF,2
TRBV7-9,TRBJ2-1,ASSPIAGQGLDEQF,1
TRBV7-9,TRBJ2-1,ASSPIAGQGMSNEQF,2
TRBV7-9,TRBJ2-1,ASSPIAGRDEQF,1
TRBV7-9,TRBJ2-1,ASSPIAGRGTYNEQF,3
TRBV7-9,TRBJ2-1,ASSPIAGRSYNEQF,1
TRBV7-9,TRBJ2-1,ASSPIAGSFSYNEQF,1
TRBV7-9,TRBJ2-1,ASSPIAGSGNEQF,1
TRBV7-9,TRBJ2-1,ASSPIAGSNEQF,1
TRBV7-9,TRBJ2-1,ASSPIAGSSYNEQF,2
TRBV7-9,TRBJ2-1,ASSPIAGSTYNEQF,1
TRBV7-9,TRBJ2-1,ASSPIAGSYNEQF,8
TRBV7-9,TRBJ2-1,ASSPIAGTGGRDEQF,1
TRBV7-9,TRBJ2-1,ASSPIAGTRDEQF,1
TRBV7-9,TRBJ2-1,ASSPIAGTRNNEQF,1
TRBV7-9,TRBJ2-1,ASSPIAGTSGRTGNEQF,1
TRBV7-9,TRBJ2-1,ASSPIAGTSVYNNEQF,1
TRBV7-9,TRBJ2-1,ASSPIAGTTYNEQF,8
TRBV7-9,TRBJ2-1,ASSPIAGTYNEQF,3
TRBV7-9,TRBJ2-1,ASSPIAGVARYNEQF,1
TRBV7-9,TRBJ2-1,ASSPIAGVAYNEQF,1
TRBV7-9,TRBJ2-1,ASSPIAGVDEQF,16
TRBV7-9,TRBJ2-1,ASSPIAGVGYNEQF,12
TRBV7-9,TRBJ2-1,ASSPIAGVHNEQF,1
TRBV7-9,TRBJ2-1,ASSPIAGVMNEQF,1
TRBV7-9,TRBJ2-1,ASSPIAGVRNEQF,1
TRBV7-9,TRBJ2-1,ASSPIAGVRYNEQF,1
TRBV7-9,TRBJ2-1,ASSPIAGVSSYNEQF,5
TRBV7-9,TRBJ2-1,ASSPIAGVSVNEQF,1
TRBV7-9,TRBJ2-1,ASSPIAGVSYNEQF,7
TRBV7-9,TRBJ2-1,ASSPIAGVTYNEQF,1
TRBV7-9,TRBJ2-1,ASSPIAGVYNEQF,20
TRBV7-9,TRBJ2-1,ASSPIAGVYNERF,1
TRBV7-9,TRBJ2-1,ASSPIAGWGDNEQF,1
TRBV7-9,TRBJ2-1,ASSPIAGWYNEQF,2
TRBV7-9,TRBJ2-1,ASSPIAHTGRGSYNEQF,5
TRBV7-9,TRBJ2-1,ASSPIAILNDEQF,1
TRBV7-9,TRBJ2-1,ASSPIAITYNEQF,5
TRBV7-9,TRBJ2-1,ASSPIALGSISYNEQF,1
TRBV7-9,TRBJ2-1,ASSPIANEQF,2
TRBV7-9,TRBJ2-1,ASSPIANYNEQF,1
TRBV7-9,TRBJ2-1,ASSPIAPTSNEQF,1
TRBV7-9,TRBJ2-1,ASSPIARLDEQF,1
TRBV7-9,TRBJ2-1,ASSPIARLYNEQF,2
TRBV7-9,TRBJ2-1,ASSPIASAYNEQF,1
TRBV7-9,TRBJ2-1,ASSPIASEQF,1
TRBV7-9,TRBJ2-1,ASSPIASFTLDEQF,1
TRBV7-9,TRBJ2-1,ASSPIASGRGSYNEQF,1
TRBV7-9,TRBJ2-1,ASSPIASGWDYNEQF,1
TRBV7-9,TRBJ2-1,ASSPIASRAYNEQF,1
TRBV7-9,TRBJ2-1,ASSPIASSSYNEQF,1
TRBV7-9,TRBJ2-1,ASSPIASSYNEQF,1
TRBV7-9,TRBJ2-1,ASSPIASVTLDEQF,2
TRBV7-9,TRBJ2-1,ASSPIASYNEQF,1
TRBV7-9,TRBJ2-1,ASSPIATEQF,3
TRBV7-9,TRBJ2-1,ASSPIATGISSYNEQF,1
TRBV7-9,TRBJ2-1,ASSPIATSSYNEQF,2
TRBV7-9,TRBJ2-1,ASSPIAVNNEQF,2
TRBV7-9,TRBJ2-1,ASSPIAVRNTYNEQF,1
TRBV7-9,TRBJ2-1,ASSPIAVVQAQF,1
TRBV7-9,TRBJ2-1,ASSPIAWGGYNEQF,1
TRBV7-9,TRBJ2-1,ASSPIAWGNEQF,6
TRBV7-9,TRBJ2-1,ASSPIAYNEQF,2
TRBV7-9,TRBJ2-1,ASSPIAYPGTVDHEQF,1
TRBV7-9,TRBJ2-1,ASSPICRDTNANEQF,3
TRBV7-9,TRBJ2-1,ASSPICRDTNANEQL,1
TRBV7-9,TRBJ2-1,ASSPICVPQF,1
TRBV7-9,TRBJ2-1,ASSPIDDNEQF,1
TRBV7-9,TRBJ2-1,ASSPIDEQF,5
TRBV7-9,TRBJ2-1,ASSPIDGFYNEQF,1
TRBV7-9,TRBJ2-1,ASSPIDGNNEQF,1
TRBV7-9,TRBJ2-1,ASSPIDGSSYNEQF,1
TRBV7-9,TRBJ2-1,ASSPIDLNEQF,1
TRBV7-9,TRBJ2-1,ASSPIDNEQF,1
TRBV7-9,TRBJ2-1,ASSPIDNYNEQF,1
TRBV7-9,TRBJ2-1,ASSPIDPAGYTYNEQF,1
TRBV7-9,TRBJ2-1,ASSPIDPYNEQF,1
TRBV7-9,TRBJ2-1,ASSPIDRGDEQF,1
TRBV7-9,TRBJ2-1,ASSPIDRGDLNEQF,1
TRBV7-9,TRBJ2-1,ASSPIDRGGTHEQF,1
TRBV7-9,TRBJ2-1,ASSPIDRGPYNEQF,1
TRBV7-9,TRBJ2-1,ASSPIDRGSYNEQF,1
TRBV7-9,TRBJ2-1,ASSPIDRGVGNEQF,1
TRBV7-9,TRBJ2-1,ASSPIDRGVNEQF,1
TRBV7-9,TRBJ2-1,ASSPIDRNEQF,8
TRBV7-9,TRBJ2-1,ASSPIDRVHNEQF,1
TRBV7-9,TRBJ2-1,ASSPIDRVRHNEQF,1
TRBV7-9,TRBJ2-1,ASSPIDSNNEQF,4
TRBV7-9,TRBJ2-1,ASSPIDSYEQF,1
TRBV7-9,TRBJ2-1,ASSPIDSYNEQF,23
TRBV7-9,TRBJ2-1,ASSPIDWQGLYNEQF,1
TRBV7-9,TRBJ2-1,ASSPIEAGSPDNEQF,1
TRBV7-9,TRBJ2-1,ASSPIEARNEQF,1
TRBV7-9,TRBJ2-1,ASSPIEAVTYNEQF,1
TRBV7-9,TRBJ2-1,ASSPIEDEQF,1
TRBV7-9,TRBJ2-1,ASSPIEDLDNEQF,1
TRBV7-9,TRBJ2-1,ASSPIEDRNEQF,1
TRBV7-9,TRBJ2-1,ASSPIEDRYNEQF,3
TRBV7-9,TRBJ2-1,ASSPIEEPNEQF,1
TRBV7-9,TRBJ2-1,ASSPIEGASSYNEQF,1
TRBV7-9,TRBJ2-1,ASSPIEGDRHSYNEQF,7
TRBV7-9,TRBJ2-1,ASSPIEGGLDNEQF,10
TRBV7-9,TRBJ2-1,ASSPIEGLRYNEQF,1
TRBV7-9,TRBJ2-1,ASSPIEGQGYNEQF,1
TRBV7-9,TRBJ2-1,ASSPIEGRTDPFNEQF,1
TRBV7-9,TRBJ2-1,ASSPIEGTAYNEQF,10
TRBV7-9,TRBJ2-1,ASSPIEKDRVYEQF,1
TRBV7-9,TRBJ2-1,ASSPIELAGETYNEQF,1
TRBV7-9,TRBJ2-1,ASSPIELANEQF,1
TRBV7-9,TRBJ2-1,ASSPIENSYNEQF,1
TRBV7-9,TRBJ2-1,ASSPIEPDNEQF,5
TRBV7-9,TRBJ2-1,ASSPIEQF,2
TRBV7-9,TRBJ2-1,ASSPIERAHYNEQF,1
TRBV7-9,TRBJ2-1,ASSPIEREADEQF,1
TRBV7-9,TRBJ2-1,ASSPIERGHNNEQF,1
TRBV7-9,TRBJ2-1,ASSPIERYNEQF,1
TRBV7-9,TRBJ2-1,ASSPIESGLANEQF,1
TRBV7-9,TRBJ2-1,ASSPIETGSANEQF,7
TRBV7-9,TRBJ2-1,ASSPIETPESYNEQF,1
TRBV7-9,TRBJ2-1,ASSPIETPGYEQF,1
TRBV7-9,TRBJ2-1,ASSPIEVAGASYNEQF,1
TRBV7-9,TRBJ2-1,ASSPIEVGGSRHEQF,1
TRBV7-9,TRBJ2-1,ASSPIEVSSYNEQF,1
TRBV7-9,TRBJ2-1,ASSPIFAGQGSNEQF,1
TRBV7-9,TRBJ2-1,ASSPIFGAPYF,1
TRBV7-9,TRBJ2-1,ASSPIFGDTNANEQF,1
TRBV7-9,TRBJ2-1,ASSPIFGGHDNEQF,1
TRBV7-9,TRBJ2-1,ASSPIFGLREPYNEQF,12
TRBV7-9,TRBJ2-1,ASSPIFGLYNEQF,5
TRBV7-9,TRBJ2-1,ASSPIFGSDNEQF,1
TRBV7-9,TRBJ2-1,ASSPIFGSGPLDEQF,1
TRBV7-9,TRBJ2-1,ASSPIFLAGGSSYNEQF,1
TRBV7-9,TRBJ2-1,ASSPIFLDTNANEQF,2
TRBV7-9,TRBJ2-1,ASSPIFNEQF,5
TRBV7-9,TRBJ2-1,ASSPIFPDTNANEQF,1
TRBV7-9,TRBJ2-1,ASSPIFRDANANEQF,1
TRBV7-9,TRBJ2-1,ASSPIFRDINANEQF,1
TRBV7-9,TRBJ2-1,ASSPIFRDNNANEQF,1
TRBV7-9,TRBJ2-1,ASSPIFRDSDANEQF,1
TRBV7-9,TRBJ2-1,ASSPIFRDTDAKEQF,1
TRBV7-9,TRBJ2-1,ASSPIFRDTHAHEQF,1
TRBV7-9,TRBJ2-1,ASSPIFRDTHANEQF,1
TRBV7-9,TRBJ2-1,ASSPIFRDTIANEQF,1
TRBV7-9,TRBJ2-1,ASSPIFRDTNADEQF,1
TRBV7-9,TRBJ2-1,ASSPIFRDTNAHEQF,1
TRBV7-9,TRBJ2-1,ASSPIFRDTNAKEKV,1
TRBV7-9,TRBJ2-1,ASSPIFRDTNAKEQF,5
TRBV7-9,TRBJ2-1,ASSPIFRDTNAKQQF,1
TRBV7-9,TRBJ2-1,ASSPIFRDTNANAQF,2
TRBV7-9,TRBJ2-1,ASSPIFRDTNANAQL,1
TRBV7-9,TRBJ2-1,ASSPIFRDTNANDQF,2
TRBV7-9,TRBJ2-1,ASSPIFRDTNANEEF,1
TRBV7-9,TRBJ2-1,ASSPIFRDTNANEKF,1
TRBV7-9,TRBJ2-1,ASSPIFRDTNANEQF,217
TRBV7-9,TRBJ2-1,ASSPIFRDTNANKQF,1
TRBV7-9,TRBJ2-1,ASSPIFRDTNAYEQF,1
TRBV7-9,TRBJ2-1,ASSPIFRDTNDNEQF,2
TRBV7-9,TRBJ2-1,ASSPIFRDTNSNEQF,1
TRBV7-9,TRBJ2-1,ASSPIFRDTNVNEQF,1
TRBV7-9,TRBJ2-1,ASSPIFRETNGNEQF,1
TRBV7-9,TRBJ2-1,ASSPIFWDTHANEQF,1
TRBV7-9,TRBJ2-1,ASSPIFWDTNANEQF,2
TRBV7-9,TRBJ2-1,ASSPIGAASPDNEQF,1
TRBV7-9,TRBJ2-1,ASSPIGADNEQF,1
TRBV7-9,TRBJ2-1,ASSPIGAEKRDNEQF,11
TRBV7-9,TRBJ2-1,ASSPIGAGATYNEQF,1
TRBV7-9,TRBJ2-1,ASSPIGAGGAYEQF,1
TRBV7-9,TRBJ2-1,ASSPIGAGGDNEQF,11
TRBV7-9,TRBJ2-1,ASSPIGAGGLNEQF,15
TRBV7-9,TRBJ2-1,ASSPIGAGGPDEQF,1
TRBV7-9,TRBJ2-1,ASSPIGAGGPGGSYNEQF,5
TRBV7-9,TRBJ2-1,ASSPIGAGGPGVSYNEQF,1
TRBV7-9,TRBJ2-1,ASSPIGAGGPVDEQF,1
TRBV7-9,TRBJ2-1,ASSPIGAGGYTYNEQF,1
TRBV7-9,TRBJ2-1,ASSPIGAGMGNEQF,1
TRBV7-9,TRBJ2-1,ASSPIGAGNEQF,1
TRBV7-9,TRBJ2-1,ASSPIGAGSPANEQF,1
TRBV7-9,TRBJ2-1,ASSPIGAGSPDNEEF,1
TRBV7-9,TRBJ2-1,ASSPIGAGSPDNEHF,1
TRBV7-9,TRBJ2-1,ASSPIGAGSPDNEPF,1
TRBV7-9,TRBJ2-1,ASSPIGAGSPDNEQF,92
TRBV7-9,TRBJ2-1,ASSPIGAGSPDNEQL,1
TRBV7-9,TRBJ2-1,ASSPIGAGSPDNQQF,1
TRBV7-9,TRBJ2-1,ASSPIGAGSPENEQF,1
TRBV7-9,TRBJ2-1,ASSPIGAGSTDNEQF,1
TRBV7-9,TRBJ2-1,ASSPIGAGSYNEQF,1
TRBV7-9,TRBJ2-1,ASSPIGAKAGGDNEQF,7
TRBV7-9,TRBJ2-1,ASSPIGANGDEQF,1
TRBV7-9,TRBJ2-1,ASSPIGARVDEQF,13
TRBV7-9,TRBJ2-1,ASSPIGASSYNEQF,1
TRBV7-9,TRBJ2-1,ASSPIGASYNEQF,1
TRBV7-9,TRBJ2-1,ASSPIGAYNEQF,1
TRBV7-9,TRBJ2-1,ASSPIGDANEQF,8
TRBV7-9,TRBJ2-1,ASSPIGDEQF,5
TRBV7-9,TRBJ2-1,ASSPIGDGVNEQF,1
TRBV7-9,TRBJ2-1,ASSPIGDRGNEQF,1
TRBV7-9,TRBJ2-1,ASSPIGDRVYNEQF,1
TRBV7-9,TRBJ2-1,ASSPIGDSNEQF,1
TRBV7-9,TRBJ2-1,ASSPIGDSYNEQF,5
TRBV7-9,TRBJ2-1,ASSPIGDYNEQF,3
TRBV7-9,TRBJ2-1,ASSPIGEADEQF,1
TRBV7-9,TRBJ2-1,ASSPIGERSYNEQF,1
TRBV7-9,TRBJ2-1,ASSPIGESSYNEQF,8
TRBV7-9,TRBJ2-1,ASSPIGGAGSNEQF,1
TRBV7-9,TRBJ2-1,ASSPIGGARVKYNEQF,1
TRBV7-9,TRBJ2-1,ASSPIGGAYNEQF,1
TRBV7-9,TRBJ2-1,ASSPIGGDNNEQF,2
TRBV7-9,TRBJ2-1,ASSPIGGDYNEQF,1
TRBV7-9,TRBJ2-1,ASSPIGGEQF,11
TRBV7-9,TRBJ2-1,ASSPIGGFAYNEQF,1
TRBV7-9,TRBJ2-1,ASSPIGGGAAGNEQF,1
TRBV7-9,TRBJ2-1,ASSPIGGGGNEQF,1
TRBV7-9,TRBJ2-1,ASSPIGGGGPGGSYNEQF,1
TRBV7-9,TRBJ2-1,ASSPIGGGGVDEQF,1
TRBV7-9,TRBJ2-1,ASSPIGGGHYNEQF,1
TRBV7-9,TRBJ2-1,ASSPIGGGLDGGKDIYNEQF,18
TRBV7-9,TRBJ2-1,ASSPIGGGLLVDEQF,4
TRBV7-9,TRBJ2-1,ASSPIGGGLNYNEQF,1
TRBV7-9,TRBJ2-1,ASSPIGGGLSYNEQF,1
TRBV7-9,TRBJ2-1,ASSPIGGGNNEQF,1
TRBV7-9,TRBJ2-1,ASSPIGGGRGNEQF,1
TRBV7-9,TRBJ2-1,ASSPIGGGRNEQF,1
TRBV7-9,TRBJ2-1,ASSPIGGGSSYNEQF,1
TRBV7-9,TRBJ2-1,ASSPIGGGTFNEQF,1
TRBV7-9,TRBJ2-1,ASSPIGGGTTYNEQF,2
TRBV7-9,TRBJ2-1,ASSPIGGGVNEQF,1
TRBV7-9,TRBJ2-1,ASSPIGGHNEQF,3
TRBV7-9,TRBJ2-1,ASSPIGGIYNEQF,1
TRBV7-9,TRBJ2-1,ASSPIGGLASGYNEQF,1
TRBV7-9,TRBJ2-1,ASSPIGGLAVDEQF,1
TRBV7-9,TRBJ2-1,ASSPIGGLAYNEQF,12
TRBV7-9,TRBJ2-1,ASSPIGGLAYSEQF,1
TRBV7-9,TRBJ2-1,ASSPIGGLNNEQF,1
TRBV7-9,TRBJ2-1,ASSPIGGLRPLSSYNEQF,6
TRBV7-9,TRBJ2-1,ASSPIGGLSYNEQF,1
TRBV7-9,TRBJ2-1,ASSPIGGLYHEKF,1
TRBV7-9,TRBJ2-1,ASSPIGGLYNEQF,7
TRBV7-9,TRBJ2-1,ASSPIGGNEQF,6
TRBV7-9,TRBJ2-1,ASSPIGGPPNEQF,1
TRBV7-9,TRBJ2-1,ASSPIGGPYNEQF,1
TRBV7-9,TRBJ2-1,ASSPIGGQGANEQF,3
TRBV7-9,TRBJ2-1,ASSPIGGQGSYNEQF,1
TRBV7-9,TRBJ2-1,ASSPIGGQHEQF,1
TRBV7-9,TRBJ2-1,ASSPIGGQNNEQF,1
TRBV7-9,TRBJ2-1,ASSPIGGQYNEQF,1
TRBV7-9,TRBJ2-1,ASSPIGGRANEQF,1
TRBV7-9,TRBJ2-1,ASSPIGGRASYNEQF,1
TRBV7-9,TRBJ2-1,ASSPIGGRDGNEQF,1
TRBV7-9,TRBJ2-1,ASSPIGGRDNEQF,1
TRBV7-9,TRBJ2-1,ASSPIGGRGYNEQF,1
TRBV7-9,TRBJ2-1,ASSPIGGRKVDEQF,1
TRBV7-9,TRBJ2-1,ASSPIGGRLINEQF,1
TRBV7-9,TRBJ2-1,ASSPIGGRQYNEQF,3
TRBV7-9,TRBJ2-1,ASSPIGGSAEQF,17
TRBV7-9,TRBJ2-1,ASSPIGGSDEQF,1
TRBV7-9,TRBJ2-1,ASSPIGGSLRNEQF,1
TRBV7-9,TRBJ2-1,ASSPIGGSLYNEQF,2
TRBV7-9,TRBJ2-1,ASSPIGGSSEQF,1
TRBV7-9,TRBJ2-1,ASSPIGGSSYNEQF,3
TRBV7-9,TRBJ2-1,ASSPIGGSYNEQF,3
TRBV7-9,TRBJ2-1,ASSPIGGTPTKKDNEQF,5
TRBV7-9,TRBJ2-1,ASSPIGGTSGYNEQF,1
TRBV7-9,TRBJ2-1,ASSPIGGTSLTNEQF,1
TRBV7-9,TRBJ2-1,ASSPIGGVSSYNEQF,2
TRBV7-9,TRBJ2-1,ASSPIGGYNEQF,2
TRBV7-9,TRBJ2-1,ASSPIGHRDNEQF,14
TRBV7-9,TRBJ2-1,ASSPIGHYNEQF,1
TRBV7-9,TRBJ2-1,ASSPIGISDNEQF,15
TRBV7-9,TRBJ2-1,ASSPIGISSYNEQF,1
TRBV7-9,TRBJ2-1,ASSPIGKDEQF,1
TRBV7-9,TRBJ2-1,ASSPIGKISEQF,17
TRBV7-9,TRBJ2-1,ASSPIGKLAVSYNEQF,1
TRBV7-9,TRBJ2-1,ASSPIGLAANEQF,1
TRBV7-9,TRBJ2-1,ASSPIGLAAYNEQF,4
TRBV7-9,TRBJ2-1,ASSPIGLADNEQF,1
TRBV7-9,TRBJ2-1,ASSPIGLADVYNEQF,2
TRBV7-9,TRBJ2-1,ASSPIGLAEDNEQF,1
TRBV7-9,TRBJ2-1,ASSPIGLAESYNEQF,1
TRBV7-9,TRBJ2-1,ASSPIGLAGAHEQF,1
TRBV7-9,TRBJ2-1,ASSPIGLAGAYNEQF,15
TRBV7-9,TRBJ2-1,ASSPIGLAGDNEQF,1
TRBV7-9,TRBJ2-1,ASSPIGLAGESYNEQF,7
TRBV7-9,TRBJ2-1,ASSPIGLAGESYNEQV,1
TRBV7-9,TRBJ2-1,ASSPIGLAGFYNEQF,1
TRBV7-9,TRBJ2-1,ASSPIGLAGGNEQF,4
TRBV7-9,TRBJ2-1,ASSPIGLAGINEQF,1
TRBV7-9,TRBJ2-1,ASSPIGLAGNEQF,1
TRBV7-9,TRBJ2-1,ASSPIGLAGPRGKNEQF,1
TRBV7-9,TRBJ2-1,ASSPIGLAGPYNEQF,1
TRBV7-9,TRBJ2-1,ASSPIGLAGTEQF,10
TRBV7-9,TRBJ2-1,ASSPIGLAGVNEQF,2
TRBV7-9,TRBJ2-1,ASSPIGLAGYNEQF,3
TRBV7-9,TRBJ2-1,ASSPIGLAHNEQF,1
TRBV7-9,TRBJ2-1,ASSPIGLAKGNEQF,1
TRBV7-9,TRBJ2-1,ASSPIGLALAYNEQF,10
TRBV7-9,TRBJ2-1,ASSPIGLAPPNLSYNEQF,15
TRBV7-9,TRBJ2-1,ASSPIGLAVYNEQF,6
TRBV7-9,TRBJ2-1,ASSPIGLGVRNEQF,1
TRBV7-9,TRBJ2-1,ASSPIGLHGTNEQF,1
TRBV7-9,TRBJ2-1,ASSPIGLIDEQF,1
TRBV7-9,TRBJ2-1,ASSPIGLLDEQF,1
TRBV7-9,TRBJ2-1,ASSPIGLLSLNEQF,1
TRBV7-9,TRBJ2-1,ASSPIGLSYNEQF,6
TRBV7-9,TRBJ2-1,ASSPIGLVYNEQF,1
TRBV7-9,TRBJ2-1,ASSPIGNEQF,8
TRBV7-9,TRBJ2-1,ASSPIGNQKF,1
TRBV7-9,TRBJ2-1,ASSPIGNSYNEQF,1
TRBV7-9,TRBJ2-1,ASSPIGPDNEQF,11
TRBV7-9,TRBJ2-1,ASSPIGPGGNEQF,1
TRBV7-9,TRBJ2-1,ASSPIGPGTSGRNEQF,1
TRBV7-9,TRBJ2-1,ASSPIGPQYNEQC,1
TRBV7-9,TRBJ2-1,ASSPIGPQYNEQF,7
TRBV7-9,TRBJ2-1,ASSPIGPTYNEQF,1
TRBV7-9,TRBJ2-1,ASSPIGPYAEQF,1
TRBV7-9,TRBJ2-1,ASSPIGPYNEQF,1
TRBV7-9,TRBJ2-1,ASSPIGPYYNEQF,1
TRBV7-9,TRBJ2-1,ASSPIGQGAGYNEQF,2
TRBV7-9,TRBJ2-1,ASSPIGQGGYNEQF,1
TRBV7-9,TRBJ2-1,ASSPIGQGPYNEQF,1
TRBV7-9,TRBJ2-1,ASSPIGQGTRNEQF,1
TRBV7-9,TRBJ2-1,ASSPIGQGYNEQF,1
TRBV7-9,TRBJ2-1,ASSPIGQGYWNEQF,11
TRBV7-9,TRBJ2-1,ASSPIGQIIPNEQF,8
TRBV7-9,TRBJ2-1,ASSPIGQNYNEQF,1
TRBV7-9,TRBJ2-1,ASSPIGQPVNDEQF,1
TRBV7-9,TRBJ2-1,ASSPIGQVNRN,2
TRBV7-9,TRBJ2-1,ASSPIGQVRDEQF,8
TRBV7-9,TRBJ2-1,ASSPIGRAHNEQF,1
TRBV7-9,TRBJ2-1,ASSPIGREGHNEQF,17
TRBV7-9,TRBJ2-1,ASSPIGRENEQF,8
TRBV7-9,TRBJ2-1,ASSPIGRESVNEQF,1
TRBV7-9,TRBJ2-1,ASSPIGRGSSSYNEQF,1
TRBV7-9,TRBJ2-1,ASSPIGRGYNEQF,1
TRBV7-9,TRBJ2-1,ASSPIGRNEQF,1
TRBV7-9,TRBJ2-1,ASSPIGRRNNEQF,1
TRBV7-9,TRBJ2-1,ASSPIGRSDNEQF,5
TRBV7-9,TRBJ2-1,ASSPIGRYEQF,1
TRBV7-9,TRBJ2-1,ASSPIGSDEQF,1
TRBV7-9,TRBJ2-1,ASSPIGSEQF,3
TRBV7-9,TRBJ2-1,ASSPIGSGMSNEQF,1
TRBV7-9,TRBJ2-1,ASSPIGSGRNEQF,1
TRBV7-9,TRBJ2-1,ASSPIGSGRNNEQF,1
TRBV7-9,TRBJ2-1,ASSPIGSGRTNEQF,1
TRBV7-9,TRBJ2-1,ASSPIGSGSNEQF,1
TRBV7-9,TRBJ2-1,ASSPIGSGSYNEQF,1
TRBV7-9,TRBJ2-1,ASSPIGSGTAWRGSYNEQF,9
TRBV7-9,TRBJ2-1,ASSPIGSGTYNEQF,1
TRBV7-9,TRBJ2-1,ASSPIGSITNYNEQF,12
TRBV7-9,TRBJ2-1,ASSPIGSLASYNEQF,1
TRBV7-9,TRBJ2-1,ASSPIGSRDNEQF,1
TRBV7-9,TRBJ2-1,ASSPIGSRGSYNEQF,1
TRBV7-9,TRBJ2-1,ASSPIGSRRYNEQF,1
TRBV7-9,TRBJ2-1,ASSPIGSSYNEQF,14
TRBV7-9,TRBJ2-1,ASSPIGSWGNEQF,1
TRBV7-9,TRBJ2-1,ASSPIGSYNEQF,2
TRBV7-9,TRBJ2-1,ASSPIGTADNEQF,1
TRBV7-9,TRBJ2-1,ASSPIGTDNEQF,1
TRBV7-9,TRBJ2-1,ASSPIGTEQF,2
TRBV7-9,TRBJ2-1,ASSPIGTGAFNEQF,12
TRBV7-9,TRBJ2-1,ASSPIGTGEYNEQF,1
TRBV7-9,TRBJ2-1,ASSPIGTGFYEQF,6
TRBV7-9,TRBJ2-1,ASSPIGTGGYNEQF,2
TRBV7-9,TRBJ2-1,ASSPIGTGSKDEQF,1
TRBV7-9,TRBJ2-1,ASSPIGTGSYNEQF,1
TRBV7-9,TRBJ2-1,ASSPIGTGYDQF,1
TRBV7-9,TRBJ2-1,ASSPIGTGYEQF,10
TRBV7-9,TRBJ2-1,ASSPIGTGYEQY,1
TRBV7-9,TRBJ2-1,ASSPIGTGYNEQF,1
TRBV7-9,TRBJ2-1,ASSPIGTKLNNEQF,1
TRBV7-9,TRBJ2-1,ASSPIGTLLDNEQF,1
TRBV7-9,TRBJ2-1,ASSPIGTNYNEQF,1
TRBV7-9,TRBJ2-1,ASSPIGTPTPQF,9
TRBV7-9,TRBJ2-1,ASSPIGTRDGDEQF,1
TRBV7-9,TRBJ2-1,ASSPIGTRPNEQF,1
TRBV7-9,TRBJ2-1,ASSPIGTSGGFYNEQF,1
TRBV7-9,TRBJ2-1,ASSPIGTSGGHEQF,4
TRBV7-9,TRBJ2-1,ASSPIGTSGNEQF,2
TRBV7-9,TRBJ2-1,ASSPIGTSGNNEQF,1
TRBV7-9,TRBJ2-1,ASSPIGTSGPGGEQF,2
TRBV7-9,TRBJ2-1,ASSPIGTSGRKNEQF,3
TRBV7-9,TRBJ2-1,ASSPIGTSGRNEQF,1
TRBV7-9,TRBJ2-1,ASSPIGTSGRRNNEQF,1
TRBV7-9,TRBJ2-1,ASSPIGTSGSSYNEQF,1
TRBV7-9,TRBJ2-1,ASSPIGTSGVGDEQF,1
TRBV7-9,TRBJ2-1,ASSPIGTSHNEQF,1
TRBV7-9,TRBJ2-1,ASSPIGTSSYNEQF,1
TRBV7-9,TRBJ2-1,ASSPIGTSVVNEQF,1
TRBV7-9,TRBJ2-1,ASSPIGTVSYNEQF,7
TRBV7-9,TRBJ2-1,ASSPIGVEQF,7
TRBV7-9,TRBJ2-1,ASSPIGVGNNEQF,1
TRBV7-9,TRBJ2-1,ASSPIGVIAGGYYNEQF,1
TRBV7-9,TRBJ2-1,ASSPIGVNYNEQF,1
TRBV7-9,TRBJ2-1,ASSPIGVRVYGTGNEQF,9
TRBV7-9,TRBJ2-1,ASSPIGVTEGYNEQF,1
TRBV7-9,TRBJ2-1,ASSPIGVTGETYNEQF,1
TRBV7-9,TRBJ2-1,ASSPIGVWAGGGHNEQF,1
TRBV7-9,TRBJ2-1,ASSPIGWGDGNEQF,1
TRBV7-9,TRBJ2-1,ASSPIGWSSYNEQF,1
TRBV7-9,TRBJ2-1,ASSPIGYNEQF,6
TRBV7-9,TRBJ2-1,ASSPIGYYQF,1
TRBV7-9,TRBJ2-1,ASSPIHDWSSYNEQF,1
TRBV7-9,TRBJ2-1,ASSPIHEQF,3
TRBV7-9,TRBJ2-1,ASSPIHGDLPGSNEQF,2
TRBV7-9,TRBJ2-1,ASSPIHGRALDNEQF,1
TRBV7-9,TRBJ2-1,ASSPIHLAGGSNNNEQF,1
TRBV7-9,TRBJ2-1,ASSPIHLTRSSYNEQF,1
TRBV7-9,TRBJ2-1,ASSPIHSGPSSYNEQF,8
TRBV7-9,TRBJ2-1,ASSPIHTGGNNEQF,17
TRBV7-9,TRBJ2-1,ASSPIHTGGNNGQF,1
TRBV7-9,TRBJ2-1,ASSPIHTGGNNKQF,1
TRBV7-9,TRBJ2-1,ASSPIHWAHNEQF,1
TRBV7-9,TRBJ2-1,ASSPIIAGALVYEQF,1
TRBV7-9,TRBJ2-1,ASSPIIAGNYNEQF,4
TRBV7-9,TRBJ2-1,ASSPIIAGSYNEQF,8
TRBV7-9,TRBJ2-1,ASSPIIAGWPPF,1
TRBV7-9,TRBJ2-1,ASSPIIAVNEQF,1
TRBV7-9,TRBJ2-1,ASSPIIAVYNEQF,1
TRBV7-9,TRBJ2-1,ASSPIIEGSYNEQF,1
TRBV7-9,TRBJ2-1,ASSPIIGAYNEQF,1
TRBV7-9,TRBJ2-1,ASSPIIGLGDGGTNEQF,2
TRBV7-9,TRBJ2-1,ASSPIIGPYNEQF,1
TRBV7-9,TRBJ2-1,ASSPIIGQKNEQF,1
TRBV7-9,TRBJ2-1,ASSPIIGTGSSYNEQF,1
TRBV7-9,TRBJ2-1,ASSPIIGTSGRYEQF,1
TRBV7-9,TRBJ2-1,ASSPIILGNEQF,1
TRBV7-9,TRBJ2-1,ASSPIINEQF,1
TRBV7-9,TRBJ2-1,ASSPIIQYNEQF,11
TRBV7-9,TRBJ2-1,ASSPIIRGRRDEQF,1
TRBV7-9,TRBJ2-1,ASSPIIRGVGLNEQF,1
TRBV7-9,TRBJ2-1,ASSPIISFNEQF,1
TRBV7-9,TRBJ2-1,ASSPIISGFYNEQF,1
TRBV7-9,TRBJ2-1,ASSPIISGSGDNEQF,1
TRBV7-9,TRBJ2-1,ASSPIISNEQF,1
TRBV7-9,TRBJ2-1,ASSPIITGGNEQF,1
TRBV7-9,TRBJ2-1,ASSPIIVYNEQF,1
TRBV7-9,TRBJ2-1,ASSPIKAAGGYSEQF,1
TRBV7-9,TRBJ2-1,ASSPIKAGPFRSYNDQF,1
TRBV7-9,TRBJ2-1,ASSPIKAGPFRSYNEQF,5
TRBV7-9,TRBJ2-1,ASSPIKAGPFRSYNEQL,1
TRBV7-9,TRBJ2-1,ASSPIKDEQF,1
TRBV7-9,TRBJ2-1,ASSPIKGDPSNEQF,1
TRBV7-9,TRBJ2-1,ASSPIKGFNEQF,1
TRBV7-9,TRBJ2-1,ASSPIKGFSYNEQF,1
TRBV7-9,TRBJ2-1,ASSPIKGPSYNEQF,1
TRBV7-9,TRBJ2-1,ASSPIKGQYNEQF,1
TRBV7-9,TRBJ2-1,ASSPIKGRGTNNEQF,1
TRBV7-9,TRBJ2-1,ASSPIKGRSYNEQF,1
TRBV7-9,TRBJ2-1,ASSPIKLAGYNEQF,1
TRBV7-9,TRBJ2-1,ASSPIKNEQF,2
TRBV7-9,TRBJ2-1,ASSPIKREVHELF,1
TRBV7-9,TRBJ2-1,ASSPIKREVHEQF,8
TRBV7-9,TRBJ2-1,ASSPIKRLNEQF,1
TRBV7-9,TRBJ2-1,ASSPIKRNEQF,1
TRBV7-9,TRBJ2-1,ASSPIKRSSYNEQF,1
TRBV7-9,TRBJ2-1,ASSPILAANDF,1
TRBV7-9,TRBJ2-1,ASSPILAANSYNEQF,1
TRBV7-9,TRBJ2-1,ASSPILAAPYF,1
TRBV7-9,TRBJ2-1,ASSPILAARDEQF,3
TRBV7-9,TRBJ2-1,ASSPILAASYNEQF,1
TRBV7-9,TRBJ2-1,ASSPILAAYNEQF,8
TRBV7-9,TRBJ2-1,ASSPILADIRNEQF,1
TRBV7-9,TRBJ2-1,ASSPILADPYNEQF,6
TRBV7-9,TRBJ2-1,ASSPILADVYNEQF,6
TRBV7-9,TRBJ2-1,ASSPILAENDF,17
TRBV7-9,TRBJ2-1,ASSPILAEQF,14
TRBV7-9,TRBJ2-1,ASSPILAESYNEQF,1
TRBV7-9,TRBJ2-1,ASSPILAGADEQF,1
TRBV7-9,TRBJ2-1,ASSPILAGAGNEQF,1
TRBV7-9,TRBJ2-1,ASSPILAGAHEQF,1
TRBV7-9,TRBJ2-1,ASSPILAGAIYNEQF,1
TRBV7-9,TRBJ2-1,ASSPILAGAYNEQF,7
TRBV7-9,TRBJ2-1,ASSPILAGDEQF,1
TRBV7-9,TRBJ2-1,ASSPILAGDRHEQF,1
TRBV7-9,TRBJ2-1,ASSPILAGEDEQF,2
TRBV7-9,TRBJ2-1,ASSPILAGENNNEQF,1
TRBV7-9,TRBJ2-1,ASSPILAGFDNEQF,4
TRBV7-9,TRBJ2-1,ASSPILAGGDNEQF,1
TRBV7-9,TRBJ2-1,ASSPILAGGISSYNEQF,1
TRBV7-9,TRBJ2-1,ASSPILAGGLNEQF,4
TRBV7-9,TRBJ2-1,ASSPILAGGNFNEQF,9
TRBV7-9,TRBJ2-1,ASSPILAGGPDEQF,1
TRBV7-9,TRBJ2-1,ASSPILAGGPFLGNEQF,1
TRBV7-9,TRBJ2-1,ASSPILAGGPLGNEQF,2
TRBV7-9,TRBJ2-1,ASSPILAGGPNEQF,1
TRBV7-9,TRBJ2-1,ASSPILAGGPNKLGNEQF,2
TRBV7-9,TRBJ2-1,ASSPILAGGPYNEQF,1
TRBV7-9,TRBJ2-1,ASSPILAGGSSYNEQF,1
TRBV7-9,TRBJ2-1,ASSPILAGGVNEQF,2
TRBV7-9,TRBJ2-1,ASSPILAGGYNEQF,1
TRBV7-9,TRBJ2-1,ASSPILAGKGAYNEQF,1
TRBV7-9,TRBJ2-1,ASSPILAGPLYNEQF,5
TRBV7-9,TRBJ2-1,ASSPILAGRGNEQF,1
TRBV7-9,TRBJ2-1,ASSPILAGRNFNEQF,1
TRBV7-9,TRBJ2-1,ASSPILAGSGYNEQF,1
TRBV7-9,TRBJ2-1,ASSPILAGVDEQF,1
TRBV7-9,TRBJ2-1,ASSPILAGVGNEQF,9
TRBV7-9,TRBJ2-1,ASSPILAGVRYNEQF,1
TRBV7-9,TRBJ2-1,ASSPILAGVYNEQF,1
TRBV7-9,TRBJ2-1,ASSPILAGYKEQF,1
TRBV7-9,TRBJ2-1,ASSPILAGYNEQF,13
TRBV7-9,TRBJ2-1,ASSPILAINEQF,1
TRBV7-9,TRBJ2-1,ASSPILAISNNEQF,1
TRBV7-9,TRBJ2-1,ASSPILAPRAYNEQF,1
TRBV7-9,TRBJ2-1,ASSPILARYNEQF,1
TRBV7-9,TRBJ2-1,ASSPILATNEQF,1
TRBV7-9,TRBJ2-1,ASSPILAVPRDEQF,10
TRBV7-9,TRBJ2-1,ASSPILAVYYNEQF,1
TRBV7-9,TRBJ2-1,ASSPILAWAYNEQF,1
TRBV7-9,TRBJ2-1,ASSPILAYNEQF,1
TRBV7-9,TRBJ2-1,ASSPILDEQF,1
TRBV7-9,TRBJ2-1,ASSPILDHNEQF,1
TRBV7-9,TRBJ2-1,ASSPILDKEQF,1
TRBV7-9,TRBJ2-1,ASSPILDNEQF,12
TRBV7-9,TRBJ2-1,ASSPILEQF,8
TRBV7-9,TRBJ2-1,ASSPILERGDYNEQF,1
TRBV7-9,TRBJ2-1,ASSPILFNEQF,1
TRBV7-9,TRBJ2-1,ASSPILGAGDGNEQF,1
TRBV7-9,TRBJ2-1,ASSPILGALYF,1
TRBV7-9,TRBJ2-1,ASSPILGAPDF,1
TRBV7-9,TRBJ2-1,ASSPILGAPSF,1
TRBV7-9,TRBJ2-1,ASSPILGAPYC,3
TRBV7-9,TRBJ2-1,ASSPILGAPYF,217
TRBV7-9,TRBJ2-1,ASSPILGAPYNEQF,1
TRBV7-9,TRBJ2-1,ASSPILGAQYF,2
TRBV7-9,TRBJ2-1,ASSPILGARYF,1
TRBV7-9,TRBJ2-1,ASSPILGARYNEQF,11
TRBV7-9,TRBJ2-1,ASSPILGATYF,4
TRBV7-9,TRBJ2-1,ASSPILGEPDF,1
TRBV7-9,TRBJ2-1,ASSPILGEPYF,1
TRBV7-9,TRBJ2-1,ASSPILGGAYNEQF,1
TRBV7-9,TRBJ2-1,ASSPILGGGAIEQF,2
TRBV7-9,TRBJ2-1,ASSPILGGGLAPYNEQF,1
TRBV7-9,TRBJ2-1,ASSPILGGNEQF,1
TRBV7-9,TRBJ2-1,ASSPILGGPYF,1
TRBV7-9,TRBJ2-1,ASSPILGGSSYNEQF,1
TRBV7-9,TRBJ2-1,ASSPILGGTSVLNEQF,5
TRBV7-9,TRBJ2-1,ASSPILGLAGSYNEQF,2
TRBV7-9,TRBJ2-1,ASSPILGLAGVSYNEQF,1
TRBV7-9,TRBJ2-1,ASSPILGLTNEQF,1
TRBV7-9,TRBJ2-1,ASSPILGPGGVHNEQF,1
TRBV7-9,TRBJ2-1,ASSPILGPGNNEQF,1
TRBV7-9,TRBJ2-1,ASSPILGRDNEQF,4
TRBV7-9,TRBJ2-1,ASSPILGRDNKQF,1
TRBV7-9,TRBJ2-1,ASSPILGSFYNEQF,1
TRBV7-9,TRBJ2-1,ASSPILGSLYF,1
TRBV7-9,TRBJ2-1,ASSPILGSNEQF,7
TRBV7-9,TRBJ2-1,ASSPILGSPYF,1
TRBV7-9,TRBJ2-1,ASSPILGSSYNEQF,2
TRBV7-9,TRBJ2-1,ASSPILGTFNEQF,1
TRBV7-9,TRBJ2-1,ASSPILGTGIYNEQF,1
TRBV7-9,TRBJ2-1,ASSPILGTNEQF,1
TRBV7-9,TRBJ2-1,ASSPILGTSGRSEQF,7
TRBV7-9,TRBJ2-1,ASSPILGTSSYNEQF,1
TRBV7-9,TRBJ2-1,ASSPILGTYNEQF,2
TRBV7-9,TRBJ2-1,ASSPILGVPYF,1
TRBV7-9,TRBJ2-1,ASSPILHRADNEQF,1
TRBV7-9,TRBJ2-1,ASSPILISAHNEQF,14
TRBV7-9,TRBJ2-1,ASSPILLAGNYNEQF,1
TRBV7-9,TRBJ2-1,ASSPILLNEQF,2
TRBV7-9,TRBJ2-1,ASSPILLREGKTYNEQF,1
TRBV7-9,TRBJ2-1,ASSPILLSGVSYIEQF,1
TRBV7-9,TRBJ2-1,ASSPILLTPQGLYEQF,1
TRBV7-9,TRBJ2-1,ASSPILNEQF,4
TRBV7-9,TRBJ2-1,ASSPILPGAGLYNEQF,1
TRBV7-9,TRBJ2-1,ASSPILPGNEQF,1
TRBV7-9,TRBJ2-1,ASSPILPGPNNEQF,1
TRBV7-9,TRBJ2-1,ASSPILPGQGRNEQF,1
TRBV7-9,TRBJ2-1,ASSPILPSAGGWNEQF,1
TRBV7-9,TRBJ2-1,ASSPILQRSNEQF,1
TRBV7-9,TRBJ2-1,ASSPILRDRTQGPHNEQF,1
TRBV7-9,TRBJ2-1,ASSPILRDRTQGPYNEQF,12
TRBV7-9,TRBJ2-1,ASSPILREGNEQF,1
TRBV7-9,TRBJ2-1,ASSPILRFSGDNEQF,1
TRBV7-9,TRBJ2-1,ASSPILRNRTQGPYNEQF,1
TRBV7-9,TRBJ2-1,ASSPILRQARSSYNEQF,15
TRBV7-9,TRBJ2-1,ASSPILRQGDEQF,1
TRBV7-9,TRBJ2-1,ASSPILRREGVNEQF,7
TRBV7-9,TRBJ2-1,ASSPILRREWVNEQF,1
TRBV7-9,TRBJ2-1,ASSPILRSEQF,2
TRBV7-9,TRBJ2-1,ASSPILRSYNEQF,1
TRBV7-9,TRBJ2-1,ASSPILSGRSYNEQF,3
TRBV7-9,TRBJ2-1,ASSPILSGSDQDEQF,1
TRBV7-9,TRBJ2-1,ASSPILSGSGYNEQF,1
TRBV7-9,TRBJ2-1,ASSPILSGSRGNEQF,1
TRBV7-9,TRBJ2-1,ASSPILSLDEQF,1
TRBV7-9,TRBJ2-1,ASSPILSNEQF,2
TRBV7-9,TRBJ2-1,ASSPILSRLPSYNEQF,1
TRBV7-9,TRBJ2-1,ASSPILSSYNEQF,3
TRBV7-9,TRBJ2-1,ASSPILTENEQF,1
TRBV7-9,TRBJ2-1,ASSPILTESSYNEQF,8
TRBV7-9,TRBJ2-1,ASSPILTGTSGRVDEQF,1
TRBV7-9,TRBJ2-1,ASSPILTSYNEQF,1
TRBV7-9,TRBJ2-1,ASSPILTTGQGTYNEQF,8
TRBV7-9,TRBJ2-1,ASSPILTYNEQF,1
TRBV7-9,TRBJ2-1,ASSPILVAEYNEQF,7
TRBV7-9,TRBJ2-1,ASSPILVAEYNEQL,1
TRBV7-9,TRBJ2-1,ASSPILVAPYF,2
TRBV7-9,TRBJ2-1,ASSPILVDPYNEQF,1
TRBV7-9,TRBJ2-1,ASSPILVGPYF,1
TRBV7-9,TRBJ2-1,ASSPILVPEQF,2
TRBV7-9,TRBJ2-1,ASSPILVRETF,1
TRBV7-9,TRBJ2-1,ASSPILWAPYF,2
TRBV7-9,TRBJ2-1,ASSPILWDEQF,1
TRBV7-9,TRBJ2-1,ASSPILYNEQF,2
TRBV7-9,TRBJ2-1,ASSPIMASGPYNEQF,1
TRBV7-9,TRBJ2-1,ASSPIMASYNEQF,1
TRBV7-9,TRBJ2-1,ASSPIMGAPYF,1
TRBV7-9,TRBJ2-1,ASSPIMGGNHNEQF,1
TRBV7-9,TRBJ2-1,ASSPIMGNEQF,1
TRBV7-9,TRBJ2-1,ASSPIMGTERRF,13
TRBV7-9,TRBJ2-1,ASSPIMGTGIRHHEQF,1
TRBV7-9,TRBJ2-1,ASSPIMGTGSRHHEQF,1
TRBV7-9,TRBJ2-1,ASSPIMGTGTRHHEQF,19
TRBV7-9,TRBJ2-1,ASSPIMGTGTRQHEQF,1
TRBV7-9,TRBJ2-1,ASSPIMHEQF,2
TRBV7-9,TRBJ2-1,ASSPIMNEQF,15
TRBV7-9,TRBJ2-1,ASSPIMRSYNEQF,1
TRBV7-9,TRBJ2-1,ASSPIMSGSYEQF,1
TRBV7-9,TRBJ2-1,ASSPIMSVMNEQF,11
TRBV7-9,TRBJ2-1,ASSPIMTETTRNEQF,1
TRBV7-9,TRBJ2-1,ASSPIMTSGRNEQF,1
TRBV7-9,TRBJ2-1,ASSPINAGVRYNEQF,1
TRBV7-9,TRBJ2-1,ASSPINDEQF,1
TRBV7-9,TRBJ2-1,ASSPINEQF,21
TRBV7-9,TRBJ2-1,ASSPINGGNEQF,1
TRBV7-9,TRBJ2-1,ASSPINGGSSYNEQF,1
TRBV7-9,TRBJ2-1,ASSPINLAGAAINEQF,1
TRBV7-9,TRBJ2-1,ASSPINLAGANEQF,1
TRBV7-9,TRBJ2-1,ASSPINNEQF,6
TRBV7-9,TRBJ2-1,ASSPINPRGAYNEQF,1
TRBV7-9,TRBJ2-1,ASSPINPSGSLYNEQF,1
TRBV7-9,TRBJ2-1,ASSPINQGPYNEQF,1
TRBV7-9,TRBJ2-1,ASSPINRDNEHF,1
TRBV7-9,TRBJ2-1,ASSPINRDNEQF,21
TRBV7-9,TRBJ2-1,ASSPINREDEQF,1
TRBV7-9,TRBJ2-1,ASSPINSDNEQF,1
TRBV7-9,TRBJ2-1,ASSPINSNNEQF,1
TRBV7-9,TRBJ2-1,ASSPINSPYNEQF,1
TRBV7-9,TRBJ2-1,ASSPINSSYNEQF,1
TRBV7-9,TRBJ2-1,ASSPINTGFYNEQF,1
TRBV7-9,TRBJ2-1,ASSPINTGGNNEQF,1
TRBV7-9,TRBJ2-1,ASSPINVNEQF,4
TRBV7-9,TRBJ2-1,ASSPIPAELNNEQF,1
TRBV7-9,TRBJ2-1,ASSPIPAGVDEQF,1
TRBV7-9,TRBJ2-1,ASSPIPAGWDEQF,10
TRBV7-9,TRBJ2-1,ASSPIPAGYNEQF,4
TRBV7-9,TRBJ2-1,ASSPIPASGTLRGNEQF,7
TRBV7-9,TRBJ2-1,ASSPIPASYNEQF,2
TRBV7-9,TRBJ2-1,ASSPIPDRSSYNEQF,4
TRBV7-9,TRBJ2-1,ASSPIPDTASYNEQF,1
TRBV7-9,TRBJ2-1,ASSPIPGDNEQF,1
TRBV7-9,TRBJ2-1,ASSPIPGGKRSYNEQF,1
TRBV7-9,TRBJ2-1,ASSPIPGGLIYNEQF,1
TRBV7-9,TRBJ2-1,ASSPIPGGNEQF,1
TRBV7-9,TRBJ2-1,ASSPIPGGQEAEQF,8
TRBV7-9,TRBJ2-1,ASSPIPGGSNEQF,1
TRBV7-9,TRBJ2-1,ASSPIPGGYEVNEQF,8
TRBV7-9,TRBJ2-1,ASSPIPGHIYNEQF,1
TRBV7-9,TRBJ2-1,ASSPIPGIAEPGGYNEQV,1
TRBV7-9,TRBJ2-1,ASSPIPGLADLEQF,9
TRBV7-9,TRBJ2-1,ASSPIPGLADPGGYNEQF,1
TRBV7-9,TRBJ2-1,ASSPIPGLADYNEQF,1
TRBV7-9,TRBJ2-1,ASSPIPGLAEPGGYNEQC,1
TRBV7-9,TRBJ2-1,ASSPIPGLAEPGGYNEQF,16
TRBV7-9,TRBJ2-1,ASSPIPGLAEPGGYTEQF,1
TRBV7-9,TRBJ2-1,ASSPIPGLAGATYNEQF,1
TRBV7-9,TRBJ2-1,ASSPIPGLAGAYNEQF,1
TRBV7-9,TRBJ2-1,ASSPIPGLAGGYNEQF,1
TRBV7-9,TRBJ2-1,ASSPIPGLALDNEQF,1
TRBV7-9,TRBJ2-1,ASSPIPGLANEQF,1
TRBV7-9,TRBJ2-1,ASSPIPGLAVNEQF,1
TRBV7-9,TRBJ2-1,ASSPIPGLKPVEQF,4
TRBV7-9,TRBJ2-1,ASSPIPGLVNEQF,1
TRBV7-9,TRBJ2-1,ASSPIPGNEQF,3
TRBV7-9,TRBJ2-1,ASSPIPGPKSSYNEQF,1
TRBV7-9,TRBJ2-1,ASSPIPGPPRGNEQF,1
TRBV7-9,TRBJ2-1,ASSPIPGPRYNEQF,1
TRBV7-9,TRBJ2-1,ASSPIPGPWKYNEQF,1
TRBV7-9,TRBJ2-1,ASSPIPGQAPISYNEQF,17
TRBV7-9,TRBJ2-1,ASSPIPGQAYNEQF,1
TRBV7-9,TRBJ2-1,ASSPIPGQDILAYNEQF,1
TRBV7-9,TRBJ2-1,ASSPIPGQEYNEQF,2
TRBV7-9,TRBJ2-1,ASSPIPGQGANEQF,1
TRBV7-9,TRBJ2-1,ASSPIPGQGAPEQF,6
TRBV7-9,TRBJ2-1,ASSPIPGQGGNEQF,3
TRBV7-9,TRBJ2-1,ASSPIPGQGLKDEQF,1
TRBV7-9,TRBJ2-1,ASSPIPGQGLTEQF,9
TRBV7-9,TRBJ2-1,ASSPIPGQGSNELF,1
TRBV7-9,TRBJ2-1,ASSPIPGQGSNEQF,8
TRBV7-9,TRBJ2-1,ASSPIPGQGVVGNEQF,1
TRBV7-9,TRBJ2-1,ASSPIPGQHNEQF,1
TRBV7-9,TRBJ2-1,ASSPIPGQRYNEQF,1
TRBV7-9,TRBJ2-1,ASSPIPGRAYNEQF,1
TRBV7-9,TRBJ2-1,ASSPIPGRERGNEQF,1
TRBV7-9,TRBJ2-1,ASSPIPGRGQGNEQF,1
TRBV7-9,TRBJ2-1,ASSPIPGRGRSNEQF,1
TRBV7-9,TRBJ2-1,ASSPIPGRPRNNEQF,1
TRBV7-9,TRBJ2-1,ASSPIPGRRNEQF,1
TRBV7-9,TRBJ2-1,ASSPIPGSYNEQF,1
TRBV7-9,TRBJ2-1,ASSPIPGTGFYNEQF,1
TRBV7-9,TRBJ2-1,ASSPIPGTGGYNEQF,1
TRBV7-9,TRBJ2-1,ASSPIPGTGMYNEQF,4
TRBV7-9,TRBJ2-1,ASSPIPGTGVYNEQF,4
TRBV7-9,TRBJ2-1,ASSPIPGTRGGGYNEQF,1
TRBV7-9,TRBJ2-1,ASSPIPGTSGDNEQF,1
TRBV7-9,TRBJ2-1,ASSPIPGTSGEAYNEQF,1
TRBV7-9,TRBJ2-1,ASSPIPGTSGGHEQF,1
TRBV7-9,TRBJ2-1,ASSPIPGTSGNEQF,1
TRBV7-9,TRBJ2-1,ASSPIPGTSYNEQF,1
TRBV7-9,TRBJ2-1,ASSPIPGTVIQFWF,4
TRBV7-9,TRBJ2-1,ASSPIPGWDNEQF,1
TRBV7-9,TRBJ2-1,ASSPIPISDEQF,1
TRBV7-9,TRBJ2-1,ASSPIPISREQTYNEQF,1
TRBV7-9,TRBJ2-1,ASSPIPKGNEQF,1
TRBV7-9,TRBJ2-1,ASSPIPLAGGRNEQF,8
TRBV7-9,TRBJ2-1,ASSPIPLAGYNEQF,1
TRBV7-9,TRBJ2-1,ASSPIPLLNEQF,5
TRBV7-9,TRBJ2-1,ASSPIPLSGVSYNAQF,1
TRBV7-9,TRBJ2-1,ASSPIPLSGVSYNEQF,16
TRBV7-9,TRBJ2-1,ASSPIPNEQF,3
TRBV7-9,TRBJ2-1,ASSPIPNNEQF,1
TRBV7-9,TRBJ2-1,ASSPIPPGQIYNEQF,1
TRBV7-9,TRBJ2-1,ASSPIPPLAGGYNEQF,1
TRBV7-9,TRBJ2-1,ASSPIPRGGRVGNEQF,1
TRBV7-9,TRBJ2-1,ASSPIPRLDYNEQF,1
TRBV7-9,TRBJ2-1,ASSPIPSAPWPGEQF,1
TRBV7-9,TRBJ2-1,ASSPIPSDNNEQF,3
TRBV7-9,TRBJ2-1,ASSPIPSFDEQF,2
TRBV7-9,TRBJ2-1,ASSPIPSGFNEQF,1
TRBV7-9,TRBJ2-1,ASSPIPSGGDNEQF,1
TRBV7-9,TRBJ2-1,ASSPIPSGLDNEQF,1
TRBV7-9,TRBJ2-1,ASSPIPSGNEQF,10
TRBV7-9,TRBJ2-1,ASSPIPSGPWPGEQF,10
TRBV7-9,TRBJ2-1,ASSPIPSGREGQF,3
TRBV7-9,TRBJ2-1,ASSPIPSGRTYNEQF,1
TRBV7-9,TRBJ2-1,ASSPIPSGSSYNEQF,1
TRBV7-9,TRBJ2-1,ASSPIPSGYYNEQF,1
TRBV7-9,TRBJ2-1,ASSPIPSIKGNEQF,1
TRBV7-9,TRBJ2-1,ASSPIPSNEQF,10
TRBV7-9,TRBJ2-1,ASSPIPSSYDEQF,1
TRBV7-9,TRBJ2-1,ASSPIPSSYNEQF,2
TRBV7-9,TRBJ2-1,ASSPIPSTSGSHEQF,12
TRBV7-9,TRBJ2-1,ASSPIPTAYNEQF,1
TRBV7-9,TRBJ2-1,ASSPIPTGTSGWNEQF,17
TRBV7-9,TRBJ2-1,ASSPIPTGTSGWNGQF,1
TRBV7-9,TRBJ2-1,ASSPIPTKEQF,1
TRBV7-9,TRBJ2-1,ASSPIPTNEQF,3
TRBV7-9,TRBJ2-1,ASSPIPTPNGYNEQF,1
TRBV7-9,TRBJ2-1,ASSPIPTPRRWRNNEQF,1
TRBV7-9,TRBJ2-1,ASSPIPTQRRRRNNEQF,1
TRBV7-9,TRBJ2-1,ASSPIPTQRRWRNNEQF,15
TRBV7-9,TRBJ2-1,ASSPIPTSDNEQF,10
TRBV7-9,TRBJ2-1,ASSPIPTSGFLNEQF,1
TRBV7-9,TRBJ2-1,ASSPIPTSGRVNEQF,1
TRBV7-9,TRBJ2-1,ASSPIPTSVNEQF,6
TRBV7-9,TRBJ2-1,ASSPIPVGDEQF,1
TRBV7-9,TRBJ2-1,ASSPIPWTGYNEQF,1
TRBV7-9,TRBJ2-1,ASSPIPYNEQF,16
TRBV7-9,TRBJ2-1,ASSPIQAYNEQF,1
TRBV7-9,TRBJ2-1,ASSPIQDRDNEQF,1
TRBV7-9,TRBJ2-1,ASSPIQDRYNEQF,1
TRBV7-9,TRBJ2-1,ASSPIQGADEQF,1
TRBV7-9,TRBJ2-1,ASSPIQGAEFYEQF,1
TRBV7-9,TRBJ2-1,ASSPIQGAFDEQF,7
TRBV7-9,TRBJ2-1,ASSPIQGAGYNEQF,1
TRBV7-9,TRBJ2-1,ASSPIQGAHAYPNNEQF,1
TRBV7-9,TRBJ2-1,ASSPIQGASFYNEQF,1
TRBV7-9,TRBJ2-1,ASSPIQGAYNEQF,1
TRBV7-9,TRBJ2-1,ASSPIQGFSYNEQF,1
TRBV7-9,TRBJ2-1,ASSPIQGKVNEQF,1
TRBV7-9,TRBJ2-1,ASSPIQGLAGENEQF,14
TRBV7-9,TRBJ2-1,ASSPIQGLINEQF,2
TRBV7-9,TRBJ2-1,ASSPIQGLTYNEQF,4
TRBV7-9,TRBJ2-1,ASSPIQGLVRGNEQF,1
TRBV7-9,TRBJ2-1,ASSPIQGMSYNEQF,4
TRBV7-9,TRBJ2-1,ASSPIQGNEQF,2
TRBV7-9,TRBJ2-1,ASSPIQGPTYNEQF,7
TRBV7-9,TRBJ2-1,ASSPIQGRISYNEQF,1
TRBV7-9,TRBJ2-1,ASSPIQGRSYNEQF,1
TRBV7-9,TRBJ2-1,ASSPIQGRYNEQF,1
TRBV7-9,TRBJ2-1,ASSPIQGSPSNEQF,1
TRBV7-9,TRBJ2-1,ASSPIQGSSYNEQF,10
TRBV7-9,TRBJ2-1,ASSPIQGTYNEQF,2
TRBV7-9,TRBJ2-1,ASSPIQGVNEQF,4
TRBV7-9,TRBJ2-1,ASSPIQGWGMNEQF,1
TRBV7-9,TRBJ2-1,ASSPIQGYNEQF,1
TRBV7-9,TRBJ2-1,ASSPIQLAGGNEQF,1
TRBV7-9,TRBJ2-1,ASSPIQLDRWYNEQF,9
TRBV7-9,TRBJ2-1,ASSPIQPVPGDEQF,1
TRBV7-9,TRBJ2-1,ASSPIQRAGYNEQF,1
TRBV7-9,TRBJ2-1,ASSPIQREGRSYNEQF,1
TRBV7-9,TRBJ2-1,ASSPIQRGEQF,2
TRBV7-9,TRBJ2-1,ASSPIQRISYNEQF,1
TRBV7-9,TRBJ2-1,ASSPIQRSYNEQF,1
TRBV7-9,TRBJ2-1,ASSPIQSHNEQF,1
TRBV7-9,TRBJ2-1,ASSPIQSTGAGDNEQF,7
TRBV7-9,TRBJ2-1,ASSPIQTSSLDNEQF,1
TRBV7-9,TRBJ2-1,ASSPIQVAVNEQF,11
TRBV7-9,TRBJ2-1,ASSPIRAAEQF,2
TRBV7-9,TRBJ2-1,ASSPIRADSYNEQF,1
TRBV7-9,TRBJ2-1,ASSPIRAGAYNEQF,1
TRBV7-9,TRBJ2-1,ASSPIRDNEQF,1
TRBV7-9,TRBJ2-1,ASSPIRDREWSPYNEPF,1
TRBV7-9,TRBJ2-1,ASSPIRDREWSPYNEQF,6
TRBV7-9,TRBJ2-1,ASSPIRDRGEQF,6
TRBV7-9,TRBJ2-1,ASSPIRDRGYNEQF,1
TRBV7-9,TRBJ2-1,ASSPIRDRHTYNAQF,1
TRBV7-9,TRBJ2-1,ASSPIRDRHTYNEQF,10
TRBV7-9,TRBJ2-1,ASSPIRDRNEQF,3
TRBV7-9,TRBJ2-1,ASSPIRDTLAGVYNEQF,1
TRBV7-9,TRBJ2-1,ASSPIRDTYNEQF,1
TRBV7-9,TRBJ2-1,ASSPIREALGDNEQF,1
TRBV7-9,TRBJ2-1,ASSPIREFNEQF,3
TRBV7-9,TRBJ2-1,ASSPIREGHEQF,1
TRBV7-9,TRBJ2-1,ASSPIREGLSYNEQF,1
TRBV7-9,TRBJ2-1,ASSPIREGTYNEQF,1
TRBV7-9,TRBJ2-1,ASSPIREPGLWYNEQF,1
TRBV7-9,TRBJ2-1,ASSPIRESSNEQF,11
TRBV7-9,TRBJ2-1,ASSPIRGAGGPIVDEQF,1
TRBV7-9,TRBJ2-1,ASSPIRGDEQF,1
TRBV7-9,TRBJ2-1,ASSPIRGDPTLYNEQF,1
TRBV7-9,TRBJ2-1,ASSPIRGDSYNEQF,3
TRBV7-9,TRBJ2-1,ASSPIRGEQF,1
TRBV7-9,TRBJ2-1,ASSPIRGGAYNEQF,1
TRBV7-9,TRBJ2-1,ASSPIRGGDNEQF,1
TRBV7-9,TRBJ2-1,ASSPIRGGDRVDEQF,1
TRBV7-9,TRBJ2-1,ASSPIRGGGVDEQC,1
TRBV7-9,TRBJ2-1,ASSPIRGGGVDEQF,13
TRBV7-9,TRBJ2-1,ASSPIRGGNEQF,2
TRBV7-9,TRBJ2-1,ASSPIRGGNNEQF,1
TRBV7-9,TRBJ2-1,ASSPIRGGNYNEQF,1
TRBV7-9,TRBJ2-1,ASSPIRGGSYNEQF,2
TRBV7-9,TRBJ2-1,ASSPIRGGTDNEQF,1
TRBV7-9,TRBJ2-1,ASSPIRGGTSNEQF,1
TRBV7-9,TRBJ2-1,ASSPIRGGTYNDQC,1
TRBV7-9,TRBJ2-1,ASSPIRGGTYNEHF,1
TRBV7-9,TRBJ2-1,ASSPIRGGTYNELF,1
TRBV7-9,TRBJ2-1,ASSPIRGGTYNEQF,147
TRBV7-9,TRBJ2-1,ASSPIRGGVVCEQF,1
TRBV7-9,TRBJ2-1,ASSPIRGGVVGEQF,13
TRBV7-9,TRBJ2-1,ASSPIRGHEQF,14
TRBV7-9,TRBJ2-1,ASSPIRGILYNEQF,1
TRBV7-9,TRBJ2-1,ASSPIRGLDYNEQF,1
TRBV7-9,TRBJ2-1,ASSPIRGLGGHNEQF,1
TRBV7-9,TRBJ2-1,ASSPIRGLSYNEQF,1
TRBV7-9,TRBJ2-1,ASSPIRGNEQF,2
TRBV7-9,TRBJ2-1,ASSPIRGPLYNEQF,2
TRBV7-9,TRBJ2-1,ASSPIRGPSSYNEQF,1
TRBV7-9,TRBJ2-1,ASSPIRGPSYNEQF,14
TRBV7-9,TRBJ2-1,ASSPIRGQGRINDNEQF,1
TRBV7-9,TRBJ2-1,ASSPIRGQTSGNEQF,3
TRBV7-9,TRBJ2-1,ASSPIRGRGGHNEQF,2
TRBV7-9,TRBJ2-1,ASSPIRGRLAGTNEQF,1
TRBV7-9,TRBJ2-1,ASSPIRGRRYNEQF,1
TRBV7-9,TRBJ2-1,ASSPIRGSANNEQF,1
TRBV7-9,TRBJ2-1,ASSPIRGSGNEQF,1
TRBV7-9,TRBJ2-1,ASSPIRGSIYNEQF,1
TRBV7-9,TRBJ2-1,ASSPIRGSLYNEQF,1
TRBV7-9,TRBJ2-1,ASSPIRGSSYNEQF,2
TRBV7-9,TRBJ2-1,ASSPIRGTGGSYNEQF,3
TRBV7-9,TRBJ2-1,ASSPIRGTGTRHHEQF,1
TRBV7-9,TRBJ2-1,ASSPIRGTGYNEQF,1
TRBV7-9,TRBJ2-1,ASSPIRGVTYNEQF,1
TRBV7-9,TRBJ2-1,ASSPIRGYNEQF,1
TRBV7-9,TRBJ2-1,ASSPIRGYYNEQF,1
TRBV7-9,TRBJ2-1,ASSPIRHEQF,1
TRBV7-9,TRBJ2-1,ASSPIRHPSYNEQF,1
TRBV7-9,TRBJ2-1,ASSPIRIDDVYNEQF,1
TRBV7-9,TRBJ2-1,ASSPIRIGGYNEQF,1
TRBV7-9,TRBJ2-1,ASSPIRIYNEQF,1
TRBV7-9,TRBJ2-1,ASSPIRKGDRYNEQF,1
TRBV7-9,TRBJ2-1,ASSPIRLADLYNEQF,1
TRBV7-9,TRBJ2-1,ASSPIRLAGGDEQF,1
TRBV7-9,TRBJ2-1,ASSPIRLAGNNEQF,8
TRBV7-9,TRBJ2-1,ASSPIRLAGVNEQF,1
TRBV7-9,TRBJ2-1,ASSPIRLAGYNEQF,1
TRBV7-9,TRBJ2-1,ASSPIRLSGNEQF,1
TRBV7-9,TRBJ2-1,ASSPIRLSGSMYNEQF,1
TRBV7-9,TRBJ2-1,ASSPIRLSGSRYNEQF,21
TRBV7-9,TRBJ2-1,ASSPIRMGGGNEQF,9
TRBV7-9,TRBJ2-1,ASSPIRNEQF,1
TRBV7-9,TRBJ2-1,ASSPIRPESNEQF,1
TRBV7-9,TRBJ2-1,ASSPIRPLTGGRRNEQF,1
TRBV7-9,TRBJ2-1,ASSPIRPSSYNEQF,7
TRBV7-9,TRBJ2-1,ASSPIRPYNEQF,2
TRBV7-9,TRBJ2-1,ASSPIRQGFWDEQF,1
TRBV7-9,TRBJ2-1,ASSPIRQGLYNEQF,3
TRBV7-9,TRBJ2-1,ASSPIRQGSYNEQF,1
TRBV7-9,TRBJ2-1,ASSPIRQMFNEQF,1
TRBV7-9,TRBJ2-1,ASSPIRRDEQF,1
TRBV7-9,TRBJ2-1,ASSPIRREVYNEQF,1
TRBV7-9,TRBJ2-1,ASSPIRSAGSYNEQF,6
TRBV7-9,TRBJ2-1,ASSPIRSDYNEQF,1
TRBV7-9,TRBJ2-1,ASSPIRSGETYNEQF,1
TRBV7-9,TRBJ2-1,ASSPIRSGGYNEQF,15
TRBV7-9,TRBJ2-1,ASSPIRSNEHF,1
TRBV7-9,TRBJ2-1,ASSPIRSNEQF,10
TRBV7-9,TRBJ2-1,ASSPIRSSGNEQF,1
TRBV7-9,TRBJ2-1,ASSPIRSSGSRYNEQF,1
TRBV7-9,TRBJ2-1,ASSPIRSSYNEQF,1
TRBV7-9,TRBJ2-1,ASSPIRSYNEQF,1
TRBV7-9,TRBJ2-1,ASSPIRTATYNEQF,1
TRBV7-9,TRBJ2-1,ASSPIRTGGYNEQF,1
TRBV7-9,TRBJ2-1,ASSPIRTGGYYNEQF,1
TRBV7-9,TRBJ2-1,ASSPIRTGLVPHEQF,8
TRBV7-9,TRBJ2-1,ASSPIRTRENNEQF,1
TRBV7-9,TRBJ2-1,ASSPIRTSAGGEQF,7
TRBV7-9,TRBJ2-1,ASSPIRTSAYNEQF,1
TRBV7-9,TRBJ2-1,ASSPIRTSGANEQF,1
TRBV7-9,TRBJ2-1,ASSPIRTSGDNEQF,1
TRBV7-9,TRBJ2-1,ASSPIRTSGETNEQF,1
TRBV7-9,TRBJ2-1,ASSPIRTSGHNEQF,2
TRBV7-9,TRBJ2-1,ASSPIRTSGRENEQF,1
TRBV7-9,TRBJ2-1,ASSPIRTSGRSSANEQF,2
TRBV7-9,TRBJ2-1,ASSPIRTSGSEDEQF,4
TRBV7-9,TRBJ2-1,ASSPIRTSGSSYNEQC,1
TRBV7-9,TRBJ2-1,ASSPIRTSGSSYNEQF,14
TRBV7-9,TRBJ2-1,ASSPIRTSNYNEQF,1
TRBV7-9,TRBJ2-1,ASSPIRTSSDNEQF,1
TRBV7-9,TRBJ2-1,ASSPIRTSSYNEQF,1
TRBV7-9,TRBJ2-1,ASSPIRTSTTSYNEQF,1
TRBV7-9,TRBJ2-1,ASSPIRTYNEQF,1
TRBV7-9,TRBJ2-1,ASSPIRVAGVANEQF,5
TRBV7-9,TRBJ2-1,ASSPIRVEAYNEQF,1
TRBV7-9,TRBJ2-1,ASSPIRVGFNEQF,1
TRBV7-9,TRBJ2-1,ASSPIRVGYLDNEQF,1
TRBV7-9,TRBJ2-1,ASSPIRVNEQF,1
TRBV7-9,TRBJ2-1,ASSPIRVSNEQF,8
TRBV7-9,TRBJ2-1,ASSPIRVTYNEQF,1
TRBV7-9,TRBJ2-1,ASSPIRWVDNNEQF,5
TRBV7-9,TRBJ2-1,ASSPISAAYNEQF,3
TRBV7-9,TRBJ2-1,ASSPISAGDNEQF,35
TRBV7-9,TRBJ2-1,ASSPISAGDNEQL,1
TRBV7-9,TRBJ2-1,ASSPISAGDNEQV,1
TRBV7-9,TRBJ2-1,ASSPISAGGGALNEQF,6
TRBV7-9,TRBJ2-1,ASSPISAGGLSYNEQF,4
TRBV7-9,TRBJ2-1,ASSPISAGGNYNEQF,8
TRBV7-9,TRBJ2-1,ASSPISAGGNYNEQI,1
TRBV7-9,TRBJ2-1,ASSPISAGILNNEQF,1
TRBV7-9,TRBJ2-1,ASSPISASSYNEQF,1
TRBV7-9,TRBJ2-1,ASSPISAVDNEQF,1
TRBV7-9,TRBJ2-1,ASSPISAYNEQF,1
TRBV7-9,TRBJ2-1,ASSPISDRGTYNEQF,1
TRBV7-9,TRBJ2-1,ASSPISDRTYNEQF,11
TRBV7-9,TRBJ2-1,ASSPISEGGPIYEQF,19
TRBV7-9,TRBJ2-1,ASSPISEQF,7
TRBV7-9,TRBJ2-1,ASSPISFDEQF,12
TRBV7-9,TRBJ2-1,ASSPISGALPPKQF,11
TRBV7-9,TRBJ2-1,ASSPISGAPYF,1
TRBV7-9,TRBJ2-1,ASSPISGAVPNEQF,1
TRBV7-9,TRBJ2-1,ASSPISGAYNEQF,3
TRBV7-9,TRBJ2-1,ASSPISGDEQF,3
TRBV7-9,TRBJ2-1,ASSPISGDLPPKQF,1
TRBV7-9,TRBJ2-1,ASSPISGDSYNEQF,4
TRBV7-9,TRBJ2-1,ASSPISGEQDEQF,1
TRBV7-9,TRBJ2-1,ASSPISGESSYNEQF,1
TRBV7-9,TRBJ2-1,ASSPISGGASNEQF,1
TRBV7-9,TRBJ2-1,ASSPISGGAYNEQF,1
TRBV7-9,TRBJ2-1,ASSPISGGDNEQF,2
TRBV7-9,TRBJ2-1,ASSPISGGDYNEQF,1
TRBV7-9,TRBJ2-1,ASSPISGGLYNEQF,5
TRBV7-9,TRBJ2-1,ASSPISGGNNEQF,5
TRBV7-9,TRBJ2-1,ASSPISGGNNEQL,1
TRBV7-9,TRBJ2-1,ASSPISGGRDEQC,1
TRBV7-9,TRBJ2-1,ASSPISGGRDEQF,9
TRBV7-9,TRBJ2-1,ASSPISGGRDNEQF,1
TRBV7-9,TRBJ2-1,ASSPISGGRNHNEQF,1
TRBV7-9,TRBJ2-1,ASSPISGGRYNEQF,1
TRBV7-9,TRBJ2-1,ASSPISGGSSYNEQF,1
TRBV7-9,TRBJ2-1,ASSPISGGSYNEQF,3
TRBV7-9,TRBJ2-1,ASSPISGGSYSYNEQF,2
TRBV7-9,TRBJ2-1,ASSPISGGTYNEQF,1
TRBV7-9,TRBJ2-1,ASSPISGGVNEQF,1
TRBV7-9,TRBJ2-1,ASSPISGINEQF,1
TRBV7-9,TRBJ2-1,ASSPISGIPYNEQF,1
TRBV7-9,TRBJ2-1,ASSPISGISYNEQF,2
TRBV7-9,TRBJ2-1,ASSPISGLADHSYNEQF,1
TRBV7-9,TRBJ2-1,ASSPISGLAEF,5
TRBV7-9,TRBJ2-1,ASSPISGLSSYNEQF,1
TRBV7-9,TRBJ2-1,ASSPISGMVKNNEQF,1
TRBV7-9,TRBJ2-1,ASSPISGNEQF,9
TRBV7-9,TRBJ2-1,ASSPISGNKYNEQF,1
TRBV7-9,TRBJ2-1,ASSPISGNSYNEQF,1
TRBV7-9,TRBJ2-1,ASSPISGNTYNEQF,1
TRBV7-9,TRBJ2-1,ASSPISGQSNNYNEQF,1
TRBV7-9,TRBJ2-1,ASSPISGRAGYNEQF,2
TRBV7-9,TRBJ2-1,ASSPISGRAYNEQF,2
TRBV7-9,TRBJ2-1,ASSPISGRDYNEQF,1
TRBV7-9,TRBJ2-1,ASSPISGRGPHNEQF,1
TRBV7-9,TRBJ2-1,ASSPISGRGYEQF,2
TRBV7-9,TRBJ2-1,ASSPISGRGYNEQF,11
TRBV7-9,TRBJ2-1,ASSPISGRHNEQF,1
TRBV7-9,TRBJ2-1,ASSPISGRIDEQF,1
TRBV7-9,TRBJ2-1,ASSPISGRISYNEQF,1
TRBV7-9,TRBJ2-1,ASSPISGRSSYNEQF,1
TRBV7-9,TRBJ2-1,ASSPISGRSYNEQF,12
TRBV7-9,TRBJ2-1,ASSPISGRTYNEQF,1
TRBV7-9,TRBJ2-1,ASSPISGSGGNEQF,1
TRBV7-9,TRBJ2-1,ASSPISGSHSYNEQF,1
TRBV7-9,TRBJ2-1,ASSPISGSIQYEQF,1
TRBV7-9,TRBJ2-1,ASSPISGSPYNEQF,1
TRBV7-9,TRBJ2-1,ASSPISGSRGNEQF,6
TRBV7-9,TRBJ2-1,ASSPISGSSYHEQF,1
TRBV7-9,TRBJ2-1,ASSPISGSSYNEQF,17
TRBV7-9,TRBJ2-1,ASSPISGSYNEQF,1
TRBV7-9,TRBJ2-1,ASSPISGTAYNEQF,8
TRBV7-9,TRBJ2-1,ASSPISGTHNEQF,1
TRBV7-9,TRBJ2-1,ASSPISGTPNNEQF,1
TRBV7-9,TRBJ2-1,ASSPISGTRCNEQF,1
TRBV7-9,TRBJ2-1,ASSPISGTRWNEQF,3
TRBV7-9,TRBJ2-1,ASSPISGTSLYEQF,1
TRBV7-9,TRBJ2-1,ASSPISGVAYNEQF,1
TRBV7-9,TRBJ2-1,ASSPISGYSYNEQF,1
TRBV7-9,TRBJ2-1,ASSPISIEQF,1
TRBV7-9,TRBJ2-1,ASSPISKPARAGVGYNEQF,4
TRBV7-9,TRBJ2-1,ASSPISKRGYNEQF,1
TRBV7-9,TRBJ2-1,ASSPISLADSYNEQF,1
TRBV7-9,TRBJ2-1,ASSPISLNEQF,2
TRBV7-9,TRBJ2-1,ASSPISLSSYNEQF,1
TRBV7-9,TRBJ2-1,ASSPISLTYNEQF,9
TRBV7-9,TRBJ2-1,ASSPISNEQF,17
TRBV7-9,TRBJ2-1,ASSPISPAIYNEQF,1
TRBV7-9,TRBJ2-1,ASSPISPGEQF,3
TRBV7-9,TRBJ2-1,ASSPISPGLANNNEQF,1
TRBV7-9,TRBJ2-1,ASSPISPGTSSGNEQF,1
TRBV7-9,TRBJ2-1,ASSPISPSNEQF,1
TRBV7-9,TRBJ2-1,ASSPISPSYNEQF,1
TRBV7-9,TRBJ2-1,ASSPISPYDEQF,1
TRBV7-9,TRBJ2-1,ASSPISPYNDQF,1
TRBV7-9,TRBJ2-1,ASSPISPYNEQF,42
TRBV7-9,TRBJ2-1,ASSPISPYNEQL,1
TRBV7-9,TRBJ2-1,ASSPISPYNEQS,1
TRBV7-9,TRBJ2-1,ASSPISQGAFYNEQF,2
TRBV7-9,TRBJ2-1,ASSPISRDTNANEQF,1
TRBV7-9,TRBJ2-1,ASSPISRNEEF,2
TRBV7-9,TRBJ2-1,ASSPISRNEQF,16
TRBV7-9,TRBJ2-1,ASSPISRSYNEQF,5
TRBV7-9,TRBJ2-1,ASSPISSGAYNEQF,2
TRBV7-9,TRBJ2-1,ASSPISSGRSYNEQF,1
TRBV7-9,TRBJ2-1,ASSPISSGRWNEQF,1
TRBV7-9,TRBJ2-1,ASSPISSGSLHNEQF,5
TRBV7-9,TRBJ2-1,ASSPISSGVYNEQF,3
TRBV7-9,TRBJ2-1,ASSPISSNEQF,1
TRBV7-9,TRBJ2-1,ASSPISSNYNEQF,1
TRBV7-9,TRBJ2-1,ASSPISSSGRHNEQF,1
TRBV7-9,TRBJ2-1,ASSPISSYNDQF,1
TRBV7-9,TRBJ2-1,ASSPISSYNEQF,36
TRBV7-9,TRBJ2-1,ASSPISSYNKQF,1
TRBV7-9,TRBJ2-1,ASSPISTGENEQF,1
TRBV7-9,TRBJ2-1,ASSPISTGNNEQF,1
TRBV7-9,TRBJ2-1,ASSPISTSGYNEQF,7
TRBV7-9,TRBJ2-1,ASSPISTTYNEQF,1
TRBV7-9,TRBJ2-1,ASSPISVLAGESHEQF,1
TRBV7-9,TRBJ2-1,ASSPISVNEQF,1
TRBV7-9,TRBJ2-1,ASSPISVSDEQF,1
TRBV7-9,TRBJ2-1,ASSPISWSSYNEQF,1
TRBV7-9,TRBJ2-1,ASSPISYKEQF,1
TRBV7-9,TRBJ2-1,ASSPISYNEQF,13
TRBV7-9,TRBJ2-1,ASSPIT,15
TRBV7-9,TRBJ2-1,ASSPITDEQF,13
TRBV7-9,TRBJ2-1,ASSPITEQF,7
TRBV7-9,TRBJ2-1,ASSPITGEHNEQF,1
TRBV7-9,TRBJ2-1,ASSPITGGAWDEQF,5
TRBV7-9,TRBJ2-1,ASSPITGGLIYNEQF,1
TRBV7-9,TRBJ2-1,ASSPITGGSGNSYNEQF,1
TRBV7-9,TRBJ2-1,ASSPITGKVLNEQF,1
TRBV7-9,TRBJ2-1,ASSPITGLAEPGGYNEQF,1
TRBV7-9,TRBJ2-1,ASSPITGLYNEQF,1
TRBV7-9,TRBJ2-1,ASSPITGRNEQF,1
TRBV7-9,TRBJ2-1,ASSPITGSSYNEQF,1
TRBV7-9,TRBJ2-1,ASSPITGTGYNEQF,1
TRBV7-9,TRBJ2-1,ASSPITGTSGANEQF,1
TRBV7-9,TRBJ2-1,ASSPITGTSGSNEQF,1
TRBV7-9,TRBJ2-1,ASSPITGTSIHEQF,1
TRBV7-9,TRBJ2-1,ASSPITGTSSYNEQF,1
TRBV7-9,TRBJ2-1,ASSPITGTVSEQF,1
TRBV7-9,TRBJ2-1,ASSPITGWNDEQF,1
TRBV7-9,TRBJ2-1,ASSPITLAGRYNEQF,1
TRBV7-9,TRBJ2-1,ASSPITLILAGEEQF,1
TRBV7-9,TRBJ2-1,ASSPITLSSGTTYNEQF,1
TRBV7-9,TRBJ2-1,ASSPITLTSGRSYNEQF,1
TRBV7-9,TRBJ2-1,ASSPITNEQF,2
TRBV7-9,TRBJ2-1,ASSPITPANYNEQF,1
TRBV7-9,TRBJ2-1,ASSPITPSGVHNEQF,5
TRBV7-9,TRBJ2-1,ASSPITQGNEQF,12
TRBV7-9,TRBJ2-1,ASSPITRAGEDYNEQF,1
TRBV7-9,TRBJ2-1,ASSPITREVHEQF,1
TRBV7-9,TRBJ2-1,ASSPITRGAGNEQF,1
TRBV7-9,TRBJ2-1,ASSPITRSGGSYNEQF,1
TRBV7-9,TRBJ2-1,ASSPITSGHYNEQF,1
TRBV7-9,TRBJ2-1,ASSPITSGLSSYNEQF,1
TRBV7-9,TRBJ2-1,ASSPITSGLYNEQF,1
TRBV7-9,TRBJ2-1,ASSPITSGNEQF,2
TRBV7-9,TRBJ2-1,ASSPITSGRANEQF,1
TRBV7-9,TRBJ2-1,ASSPITSGRGNEQF,2
TRBV7-9,TRBJ2-1,ASSPITSGRNNEQF,1
TRBV7-9,TRBJ2-1,ASSPITSGSYNEQF,1
TRBV7-9,TRBJ2-1,ASSPITSRNEQF,1
TRBV7-9,TRBJ2-1,ASSPITSRSYNEQF,1
TRBV7-9,TRBJ2-1,ASSPITSSSYNEQF,1
TRBV7-9,TRBJ2-1,ASSPITSSYNEQC,1
TRBV7-9,TRBJ2-1,ASSPITSSYNEQF,79
TRBV7-9,TRBJ2-1,ASSPITSSYNERF,1
TRBV7-9,TRBJ2-1,ASSPITSSYYEQF,1
TRBV7-9,TRBJ2-1,ASSPITSVAIYNEQF,2
TRBV7-9,TRBJ2-1,ASSPITSVLNEQF,1
TRBV7-9,TRBJ2-1,ASSPITTGWNEQF,1
TRBV7-9,TRBJ2-1,ASSPITTSGASNEQF,1
TRBV7-9,TRBJ2-1,ASSPITVSSYNEQF,1
TRBV7-9,TRBJ2-1,ASSPITWTSGSHNEQF,1
TRBV7-9,TRBJ2-1,ASSPITYAGRVSYNEQF,1
TRBV7-9,TRBJ2-1,ASSPITYYNEQF,1
TRBV7-9,TRBJ2-1,ASSPIVAGARNEQF,1
TRBV7-9,TRBJ2-1,ASSPIVAGASSNEQF,1
TRBV7-9,TRBJ2-1,ASSPIVAGAWNEQF,1
TRBV7-9,TRBJ2-1,ASSPIVAGDDNEQF,2
TRBV7-9,TRBJ2-1,ASSPIVAGNEQC,1
TRBV7-9,TRBJ2-1,ASSPIVAGNEQF,11
TRBV7-9,TRBJ2-1,ASSPIVAGVHEQF,1
TRBV7-9,TRBJ2-1,ASSPIVASGRKNEQF,1
TRBV7-9,TRBJ2-1,ASSPIVAVAIYNEQF,4
TRBV7-9,TRBJ2-1,ASSPIVEGRYNEQF,1
TRBV7-9,TRBJ2-1,ASSPIVERTPYNEQF,8
TRBV7-9,TRBJ2-1,ASSPIVGAPYC,1
TRBV7-9,TRBJ2-1,ASSPIVGAPYF,4
TRBV7-9,TRBJ2-1,ASSPIVGARYF,1
TRBV7-9,TRBJ2-1,ASSPIVGENNEQF,9
TRBV7-9,TRBJ2-1,ASSPIVGGANEQF,1
TRBV7-9,TRBJ2-1,ASSPIVGGEF,1
TRBV7-9,TRBJ2-1,ASSPIVGGPHYNEQF,1
TRBV7-9,TRBJ2-1,ASSPIVGGSTNEQF,1
TRBV7-9,TRBJ2-1,ASSPIVGGSYNEQF,1
TRBV7-9,TRBJ2-1,ASSPIVGLAGGLYNEQF,1
TRBV7-9,TRBJ2-1,ASSPIVGNEQF,1
TRBV7-9,TRBJ2-1,ASSPIVGNYNEQF,1
TRBV7-9,TRBJ2-1,ASSPIVGPGNEQF,1
TRBV7-9,TRBJ2-1,ASSPIVGPISYNEQF,1
TRBV7-9,TRBJ2-1,ASSPIVGPNTYHEQS,1
TRBV7-9,TRBJ2-1,ASSPIVGPSAYNEQF,2
TRBV7-9,TRBJ2-1,ASSPIVGPSSYLEPV,1
TRBV7-9,TRBJ2-1,ASSPIVGPSSYNEQF,30
TRBV7-9,TRBJ2-1,ASSPIVGSRHNEQF,1
TRBV7-9,TRBJ2-1,ASSPIVGSSYNEQF,1
TRBV7-9,TRBJ2-1,ASSPIVGTGSYEQF,1
TRBV7-9,TRBJ2-1,ASSPIVGVSSYNEQF,2
TRBV7-9,TRBJ2-1,ASSPIVGYLGNEQF,1
TRBV7-9,TRBJ2-1,ASSPIVLAGNEQF,1
TRBV7-9,TRBJ2-1,ASSPIVNEQF,1
TRBV7-9,TRBJ2-1,ASSPIVPNEQF,1
TRBV7-9,TRBJ2-1,ASSPIVPTDEQF,1
TRBV7-9,TRBJ2-1,ASSPIVQGARTEQF,9
TRBV7-9,TRBJ2-1,ASSPIVQIENSYNEQF,1
TRBV7-9,TRBJ2-1,ASSPIVRDRDPHEQF,1
TRBV7-9,TRBJ2-1,ASSPIVREGRNEQF,1
TRBV7-9,TRBJ2-1,ASSPIVSGRNLNEQF,1
TRBV7-9,TRBJ2-1,ASSPIVSQLNSYNEQF,3
TRBV7-9,TRBJ2-1,ASSPIVSSGRANEQF,14
TRBV7-9,TRBJ2-1,ASSPIVSSGRTNEQF,1
TRBV7-9,TRBJ2-1,ASSPIVSTATYNEQF,1
TRBV7-9,TRBJ2-1,ASSPIVTGYNEQF,1
TRBV7-9,TRBJ2-1,ASSPIVTSGENEQF,1
TRBV7-9,TRBJ2-1,ASSPIVWGHNEQF,1
TRBV7-9,TRBJ2-1,ASSPIVWPIGNEQF,1
TRBV7-9,TRBJ2-1,ASSPIVWRDNEQF,1
TRBV7-9,TRBJ2-1,ASSPIVYDEQF,1
TRBV7-9,TRBJ2-1,ASSPIVYNEQF,2
TRBV7-9,TRBJ2-1,ASSPIWDREDNEQF,7
TRBV7-9,TRBJ2-1,ASSPIWDSIYNEQF,1
TRBV7-9,TRBJ2-1,ASSPIWEGYNEQF,1
TRBV7-9,TRBJ2-1,ASSPIWGAPYF,1
TRBV7-9,TRBJ2-1,ASSPIWGELYNEQF,1
TRBV7-9,TRBJ2-1,ASSPIWGESSYNEQF,3
TRBV7-9,TRBJ2-1,ASSPIWGGPGNEQF,1
TRBV7-9,TRBJ2-1,ASSPIWGNEQF,6
TRBV7-9,TRBJ2-1,ASSPIWGSSYNEQF,1
TRBV7-9,TRBJ2-1,ASSPIWGVGHEQF,1
TRBV7-9,TRBJ2-1,ASSPIWGVGIEQF,2
TRBV7-9,TRBJ2-1,ASSPIWGVGNAQF,1
TRBV7-9,TRBJ2-1,ASSPIWGVGNEQF,104
TRBV7-9,TRBJ2-1,ASSPIWIRGYNEQF,1
TRBV7-9,TRBJ2-1,ASSPIWNEQF,2
TRBV7-9,TRBJ2-1,ASSPIWNLPYNEQF,6
TRBV7-9,TRBJ2-1,ASSPIWNSYNEQF,1
TRBV7-9,TRBJ2-1,ASSPIWPVAGGGYEQF,1
TRBV7-9,TRBJ2-1,ASSPIWSEQF,3
TRBV7-9,TRBJ2-1,ASSPIWSGQENEQF,9
TRBV7-9,TRBJ2-1,ASSPIWSYNEQF,1
TRBV7-9,TRBJ2-1,ASSPIWTEQF,7
TRBV7-9,TRBJ2-1,ASSPIWTEQS,1
TRBV7-9,TRBJ2-1,ASSPIWTGLDEQF,1
TRBV7-9,TRBJ2-1,ASSPIWTHEQF,1
TRBV7-9,TRBJ2-1,ASSPIWTSGRANEQF,1
TRBV7-9,TRBJ2-1,ASSPIWTSGYNEQF,1
TRBV7-9,TRBJ2-1,ASSPIWTYNEQF,8
TRBV7-9,TRBJ2-1,ASSPIWVAGGPWDNEQF,1
TRBV7-9,TRBJ2-1,ASSPIWVRSYNEQF,1
TRBV7-9,TRBJ2-1,ASSPIWVVDGSYNEQF,1
TRBV7-9,TRBJ2-1,ASSPIWYGAGGKNEQF,3
TRBV7-9,TRBJ2-1,ASSPIYEQF,2
TRBV7-9,TRBJ2-1,ASSPIYGTGHYNEQF,1
TRBV7-9,TRBJ2-1,ASSPIYGYNEQF,1
TRBV7-9,TRBJ2-1,ASSPIYKYRESEGYEQF,1
TRBV7-9,TRBJ2-1,ASSPIYLAADNEQF,12
TRBV7-9,TRBJ2-1,ASSPIYNAQF,1
TRBV7-9,TRBJ2-1,ASSPIYNEQC,1
TRBV7-9,TRBJ2-1,ASSPIYNEQF,42
TRBV7-9,TRBJ2-1,ASSPIYRANEQF,1
TRBV7-9,TRBJ2-1,ASSPIYREGRDVNEQF,1
TRBV7-9,TRBJ2-1,ASSPIYRGLSGNEQF,1
TRBV7-9,TRBJ2-1,ASSPIYRGQYNEQF,1
TRBV7-9,TRBJ2-1,ASSPIYRYNEQF,1
TRBV7-9,TRBJ2-1,ASSPIYSGNEQF,1
TRBV7-9,TRBJ2-1,ASSPIYSNEQF,1
TRBV7-9,TRBJ2-1,ASSPIYYEQF,1
TRBV7-9,TRBJ2-1,ASSPKAAGDDNEQF,1
TRBV7-9,TRBJ2-1,ASSPKAAGISYNEQF,1
TRBV7-9,TRBJ2-1,ASSPKAAGPSYNEQF,1
TRBV7-9,TRBJ2-1,ASSPKAARDEQF,1
TRBV7-9,TRBJ2-1,ASSPKAASGNYNEQF,39
TRBV7-9,TRBJ2-1,ASSPKADETGGEQF,9
TRBV7-9,TRBJ2-1,ASSPKADPDEQF,1
TRBV7-9,TRBJ2-1,ASSPKADSPYNEQF,1
TRBV7-9,TRBJ2-1,ASSPKAEGARDEQF,15
TRBV7-9,TRBJ2-1,ASSPKAEKSYNEQF,1
TRBV7-9,TRBJ2-1,ASSPKAEQF,13
TRBV7-9,TRBJ2-1,ASSPKAFSGSYNEQF,10
TRBV7-9,TRBJ2-1,ASSPKAGAGGSYNEQF,1
TRBV7-9,TRBJ2-1,ASSPKAGAGNEQF,1
TRBV7-9,TRBJ2-1,ASSPKAGAHYNEQF,18
TRBV7-9,TRBJ2-1,ASSPKAGASYNEQF,1
TRBV7-9,TRBJ2-1,ASSPKAGAYNEQF,1
TRBV7-9,TRBJ2-1,ASSPKAGDGQNEQF,1
TRBV7-9,TRBJ2-1,ASSPKAGDHYNEQF,10
TRBV7-9,TRBJ2-1,ASSPKAGDHYNGQF,1
TRBV7-9,TRBJ2-1,ASSPKAGDSYNEQF,1
TRBV7-9,TRBJ2-1,ASSPKAGEYHEQF,1
TRBV7-9,TRBJ2-1,ASSPKAGEYNEQF,8
TRBV7-9,TRBJ2-1,ASSPKAGFPNEQF,1
TRBV7-9,TRBJ2-1,ASSPKAGGAYNEQF,1
TRBV7-9,TRBJ2-1,ASSPKAGGEYNEQF,1
TRBV7-9,TRBJ2-1,ASSPKAGGFNEQF,2
TRBV7-9,TRBJ2-1,ASSPKAGGGEQF,15
TRBV7-9,TRBJ2-1,ASSPKAGGGINEQF,1
TRBV7-9,TRBJ2-1,ASSPKAGGGIYNEQF,1
TRBV7-9,TRBJ2-1,ASSPKAGGGYNEQF,1
TRBV7-9,TRBJ2-1,ASSPKAGGHNEQF,1
TRBV7-9,TRBJ2-1,ASSPKAGGINEQF,1
TRBV7-9,TRBJ2-1,ASSPKAGGLDNEQF,1
TRBV7-9,TRBJ2-1,ASSPKAGGNEQF,1
TRBV7-9,TRBJ2-1,ASSPKAGGPPAYNEQF,1
TRBV7-9,TRBJ2-1,ASSPKAGGPSNEQF,1
TRBV7-9,TRBJ2-1,ASSPKAGGPSYNEQF,1
TRBV7-9,TRBJ2-1,ASSPKAGGPYNEQF,1
TRBV7-9,TRBJ2-1,ASSPKAGGSSYNEQF,1
TRBV7-9,TRBJ2-1,ASSPKAGGSYNEQF,2
TRBV7-9,TRBJ2-1,ASSPKAGGTYNEQF,1
TRBV7-9,TRBJ2-1,ASSPKAGGYEQF,1
TRBV7-9,TRBJ2-1,ASSPKAGGYNEQF,1
TRBV7-9,TRBJ2-1,ASSPKAGHSYNEQF,1
TRBV7-9,TRBJ2-1,ASSPKAGHYNEQF,1
TRBV7-9,TRBJ2-1,ASSPKAGIHLNEQF,1
TRBV7-9,TRBJ2-1,ASSPKAGISYNEQF,5
TRBV7-9,TRBJ2-1,ASSPKAGLAINNEQF,1
TRBV7-9,TRBJ2-1,ASSPKAGLPYNEQF,1
TRBV7-9,TRBJ2-1,ASSPKAGLSYNEQF,1
TRBV7-9,TRBJ2-1,ASSPKAGNEQF,1
TRBV7-9,TRBJ2-1,ASSPKAGPYNEQF,1
TRBV7-9,TRBJ2-1,ASSPKAGQGASGSYNEQF,2
TRBV7-9,TRBJ2-1,ASSPKAGQGFYNEQF,18
TRBV7-9,TRBJ2-1,ASSPKAGQGFYSEQF,1
TRBV7-9,TRBJ2-1,ASSPKAGQVFYNEQF,1
TRBV7-9,TRBJ2-1,ASSPKAGRGSSYNEQF,1
TRBV7-9,TRBJ2-1,ASSPKAGRSYKEQF,1
TRBV7-9,TRBJ2-1,ASSPKAGRSYNEQF,16
TRBV7-9,TRBJ2-1,ASSPKAGSGTYNEQF,1
TRBV7-9,TRBJ2-1,ASSPKAGSSYNEQF,1
TRBV7-9,TRBJ2-1,ASSPKAGSYNEQF,1
TRBV7-9,TRBJ2-1,ASSPKAGTGFNNEQF,1
TRBV7-9,TRBJ2-1,ASSPKAGTGGGNEQF,1
TRBV7-9,TRBJ2-1,ASSPKAGTSGSNEQF,1
TRBV7-9,TRBJ2-1,ASSPKAGTYNEQF,1
TRBV7-9,TRBJ2-1,ASSPKAGVGDQF,1
TRBV7-9,TRBJ2-1,ASSPKAGVGEQF,14
TRBV7-9,TRBJ2-1,ASSPKAGVVYEQF,1
TRBV7-9,TRBJ2-1,ASSPKAGVYNEQF,13
TRBV7-9,TRBJ2-1,ASSPKAGYNEQF,1
TRBV7-9,TRBJ2-1,ASSPKAHNEQF,11
TRBV7-9,TRBJ2-1,ASSPKAIAGGLYNEQF,1
TRBV7-9,TRBJ2-1,ASSPKALAGGSPYNEQF,1
TRBV7-9,TRBJ2-1,ASSPKALAGVKGYNEQF,1
TRBV7-9,TRBJ2-1,ASSPKALGPHNEQF,1
TRBV7-9,TRBJ2-1,ASSPKALGTTYNEQF,2
TRBV7-9,TRBJ2-1,ASSPKALWGENEQF,1
TRBV7-9,TRBJ2-1,ASSPKANEQF,3
TRBV7-9,TRBJ2-1,ASSPKAPGAYNEQF,1
TRBV7-9,TRBJ2-1,ASSPKAPGLPYNEQF,1
TRBV7-9,TRBJ2-1,ASSPKAPGNYNEQF,1
TRBV7-9,TRBJ2-1,ASSPKAPLDEQF,1
TRBV7-9,TRBJ2-1,ASSPKAQGGNEQF,1
TRBV7-9,TRBJ2-1,ASSPKAQNEQF,1
TRBV7-9,TRBJ2-1,ASSPKARAANEQF,1
TRBV7-9,TRBJ2-1,ASSPKARASYNEQF,1
TRBV7-9,TRBJ2-1,ASSPKAREGPYNEQF,1
TRBV7-9,TRBJ2-1,ASSPKARGGNEQF,1
TRBV7-9,TRBJ2-1,ASSPKARGNEQF,1
TRBV7-9,TRBJ2-1,ASSPKARNEQF,1
TRBV7-9,TRBJ2-1,ASSPKARQGLYNEQF,1
TRBV7-9,TRBJ2-1,ASSPKARSSYNEQF,1
TRBV7-9,TRBJ2-1,ASSPKARTAYNEQF,1
TRBV7-9,TRBJ2-1,ASSPKARVANEQF,11
TRBV7-9,TRBJ2-1,ASSPKASAGTQYNEQF,1
TRBV7-9,TRBJ2-1,ASSPKASAYNEQF,1
TRBV7-9,TRBJ2-1,ASSPKASFYNEQF,1
TRBV7-9,TRBJ2-1,ASSPKASGANEQF,5
TRBV7-9,TRBJ2-1,ASSPKASGFNYNEQF,1
TRBV7-9,TRBJ2-1,ASSPKASGGYNEQF,1
TRBV7-9,TRBJ2-1,ASSPKASGLNEQF,1
TRBV7-9,TRBJ2-1,ASSPKASGRRKLFDEQF,1
TRBV7-9,TRBJ2-1,ASSPKASGRSSYNEQF,1
TRBV7-9,TRBJ2-1,ASSPKASGSGFNEQF,1
TRBV7-9,TRBJ2-1,ASSPKASGSPRSYNEQF,1
TRBV7-9,TRBJ2-1,ASSPKASGSRSSYNEQF,1
TRBV7-9,TRBJ2-1,ASSPKASGVGDEQF,1
TRBV7-9,TRBJ2-1,ASSPKASGVRGSYNEQF,2
TRBV7-9,TRBJ2-1,ASSPKASGYNEQF,1
TRBV7-9,TRBJ2-1,ASSPKASPGGNEQF,1
TRBV7-9,TRBJ2-1,ASSPKASRSYNEQF,1
TRBV7-9,TRBJ2-1,ASSPKASSYEYNEQF,4
TRBV7-9,TRBJ2-1,ASSPKASYNEQF,25
TRBV7-9,TRBJ2-1,ASSPKATGGWYNEQF,1
TRBV7-9,TRBJ2-1,ASSPKATSGSSYNEQF,1
TRBV7-9,TRBJ2-1,ASSPKAVFEHNEQF,1
TRBV7-9,TRBJ2-1,ASSPKAVSYNEQF,12
TRBV7-9,TRBJ2-1,ASSPKAVVFNEQF,1
TRBV7-9,TRBJ2-1,ASSPKAVVVNEQF,14
TRBV7-9,TRBJ2-1,ASSPKAWGSGRSEQC,1
TRBV7-9,TRBJ2-1,ASSPKAWGSGRSEQF,3
TRBV7-9,TRBJ2-1,ASSPKAWVGVRNEQF,1
TRBV7-9,TRBJ2-1,ASSPKAWVNEQF,1
TRBV7-9,TRBJ2-1,ASSPKAYNEQF,2
TRBV7-9,TRBJ2-1,ASSPKCDTRRNEQF,1
TRBV7-9,TRBJ2-1,ASSPKCSLEEF,1
TRBV7-9,TRBJ2-1,ASSPKDEDSYNEQF,1
TRBV7-9,TRBJ2-1,ASSPKDEPSYNEQF,1
TRBV7-9,TRBJ2-1,ASSPKDGAEVSYNEQF,1
TRBV7-9,TRBJ2-1,ASSPKDGARGYNEQF,2
TRBV7-9,TRBJ2-1,ASSPKDGGYSYNEQF,1
TRBV7-9,TRBJ2-1,ASSPKDGIQWGNEQF,1
TRBV7-9,TRBJ2-1,ASSPKDGNNEQF,6
TRBV7-9,TRBJ2-1,ASSPKDGPSYNEQF,1
TRBV7-9,TRBJ2-1,ASSPKDGQVAYNEQF,1
TRBV7-9,TRBJ2-1,ASSPKDGRAYNEQF,2
TRBV7-9,TRBJ2-1,ASSPKDGSSYNAQF,1
TRBV7-9,TRBJ2-1,ASSPKDGSSYNEQF,21
TRBV7-9,TRBJ2-1,ASSPKDGTGLDEQF,1
TRBV7-9,TRBJ2-1,ASSPKDGYNEQF,1
TRBV7-9,TRBJ2-1,ASSPKDGYSYNEQF,14
TRBV7-9,TRBJ2-1,ASSPKDHNEQF,1
TRBV7-9,TRBJ2-1,ASSPKDHSPNNEQF,1
TRBV7-9,TRBJ2-1,ASSPKDIAGVKYNEQF,1
TRBV7-9,TRBJ2-1,ASSPKDKLAAHSYNEQF,1
TRBV7-9,TRBJ2-1,ASSPKDKLSSEQF,1
TRBV7-9,TRBJ2-1,ASSPKDLGPYNEQF,1
TRBV7-9,TRBJ2-1,ASSPKDMVAHNEQF,1
TRBV7-9,TRBJ2-1,ASSPKDNEQF,10
TRBV7-9,TRBJ2-1,ASSPKDPGGRYEQF,1
TRBV7-9,TRBJ2-1,ASSPKDPHKGGYNEQF,1
TRBV7-9,TRBJ2-1,ASSPKDPPGVNEQF,1
TRBV7-9,TRBJ2-1,ASSPKDPPSYNEQF,11
TRBV7-9,TRBJ2-1,ASSPKDPSSYNEQF,1
TRBV7-9,TRBJ2-1,ASSPKDQGGPHTYNEQF,1
TRBV7-9,TRBJ2-1,ASSPKDRAFSYNEQF,1
TRBV7-9,TRBJ2-1,ASSPKDRAGNEQF,1
TRBV7-9,TRBJ2-1,ASSPKDRANEQF,1
TRBV7-9,TRBJ2-1,ASSPKDRAPYNEQF,4
TRBV7-9,TRBJ2-1,ASSPKDRAQNEQF,13
TRBV7-9,TRBJ2-1,ASSPKDRAYNEQF,2
TRBV7-9,TRBJ2-1,ASSPKDRDFNEQF,3
TRBV7-9,TRBJ2-1,ASSPKDRDPLNEQF,1
TRBV7-9,TRBJ2-1,ASSPKDRDYEQF,1
TRBV7-9,TRBJ2-1,ASSPKDRDYNEQF,2
TRBV7-9,TRBJ2-1,ASSPKDREFYNEQF,9
TRBV7-9,TRBJ2-1,ASSPKDREGYNEQF,1
TRBV7-9,TRBJ2-1,ASSPKDRETYNEQF,8
TRBV7-9,TRBJ2-1,ASSPKDRFVNEQF,1
TRBV7-9,TRBJ2-1,ASSPKDRGNEQF,1
TRBV7-9,TRBJ2-1,ASSPKDRGNNNEQF,1
TRBV7-9,TRBJ2-1,ASSPKDRGPLHNEQF,1
TRBV7-9,TRBJ2-1,ASSPKDRGQYHNEQF,1
TRBV7-9,TRBJ2-1,ASSPKDRGQYSNEQF,1
TRBV7-9,TRBJ2-1,ASSPKDRGQYYNEQF,9
TRBV7-9,TRBJ2-1,ASSPKDRGRADEQF,3
TRBV7-9,TRBJ2-1,ASSPKDRGRKEQF,1
TRBV7-9,TRBJ2-1,ASSPKDRGRNEQF,10
TRBV7-9,TRBJ2-1,ASSPKDRITHEQF,1
TRBV7-9,TRBJ2-1,ASSPKDRLASEQF,2
TRBV7-9,TRBJ2-1,ASSPKDRLCSEQF,1
TRBV7-9,TRBJ2-1,ASSPKDRLPSEQF,1
TRBV7-9,TRBJ2-1,ASSPKDRLSDNEQF,1
TRBV7-9,TRBJ2-1,ASSPKDRLSREQF,1
TRBV7-9,TRBJ2-1,ASSPKDRLSSEKF,1
TRBV7-9,TRBJ2-1,ASSPKDRLSSEQF,106
TRBV7-9,TRBJ2-1,ASSPKDRLSSEQV,1
TRBV7-9,TRBJ2-1,ASSPKDRLSSGQF,1
TRBV7-9,TRBJ2-1,ASSPKDRLYSEQF,1
TRBV7-9,TRBJ2-1,ASSPKDRMSSEPF,1
TRBV7-9,TRBJ2-1,ASSPKDRMSSEQF,1
TRBV7-9,TRBJ2-1,ASSPKDRNEQF,1
TRBV7-9,TRBJ2-1,ASSPKDRSSLTDEQF,1
TRBV7-9,TRBJ2-1,ASSPKDRSSYNEQF,1
TRBV7-9,TRBJ2-1,ASSPKDRTLYNEQF,4
TRBV7-9,TRBJ2-1,ASSPKDRTRRYNEQF,1
TRBV7-9,TRBJ2-1,ASSPKDRVAHNEQF,18
TRBV7-9,TRBJ2-1,ASSPKDRVGYNEQF,1
TRBV7-9,TRBJ2-1,ASSPKDRVNEQF,3
TRBV7-9,TRBJ2-1,ASSPKDRVRLWNEQF,1
TRBV7-9,TRBJ2-1,ASSPKDRVVNEQF,1
TRBV7-9,TRBJ2-1,ASSPKDRYEQF,2
TRBV7-9,TRBJ2-1,ASSPKDSFYYNEQF,12
TRBV7-9,TRBJ2-1,ASSPKDSLSSEQF,2
TRBV7-9,TRBJ2-1,ASSPKDSQTYNEQF,1
TRBV7-9,TRBJ2-1,ASSPKDSSSSYNEQF,1
TRBV7-9,TRBJ2-1,ASSPKDSSYNEQF,1
TRBV7-9,TRBJ2-1,ASSPKDSTYNEQF,2
TRBV7-9,TRBJ2-1,ASSPKDSYFNEQF,5
TRBV7-9,TRBJ2-1,ASSPKDVGGYEQF,1
TRBV7-9,TRBJ2-1,ASSPKDWGYNEQF,1
TRBV7-9,TRBJ2-1,ASSPKDWLSREQF,1
TRBV7-9,TRBJ2-1,ASSPKDYNEQF,1
TRBV7-9,TRBJ2-1,ASSPKDYSDEQF,7
TRBV7-9,TRBJ2-1,ASSPKEADEQF,1
TRBV7-9,TRBJ2-1,ASSPKEAGHSYNEQF,1
TRBV7-9,TRBJ2-1,ASSPKEAIYNEQF,11
TRBV7-9,TRBJ2-1,ASSPKEANEQF,1
TRBV7-9,TRBJ2-1,ASSPKEARTYNEQF,13
TRBV7-9,TRBJ2-1,ASSPKEDGGRNEQF,1
TRBV7-9,TRBJ2-1,ASSPKEDRGRNEQF,6
TRBV7-9,TRBJ2-1,ASSPKEDSRLDNEQF,1
TRBV7-9,TRBJ2-1,ASSPKEDSSYNEQF,1
TRBV7-9,TRBJ2-1,ASSPKEGEAYNEQF,1
TRBV7-9,TRBJ2-1,ASSPKEGFRANEQF,5
TRBV7-9,TRBJ2-1,ASSPKEGGHYNEQF,1
TRBV7-9,TRBJ2-1,ASSPKEGGLGLNEQF,1
TRBV7-9,TRBJ2-1,ASSPKEGHGRANNEQF,2
TRBV7-9,TRBJ2-1,ASSPKEGKTYNEQF,1
TRBV7-9,TRBJ2-1,ASSPKEGLAGGLF,7
TRBV7-9,TRBJ2-1,ASSPKEGPDYNEQF,6
TRBV7-9,TRBJ2-1,ASSPKEGQNEQF,1
TRBV7-9,TRBJ2-1,ASSPKEGRAGDNEQF,1
TRBV7-9,TRBJ2-1,ASSPKEGRGAYNEQF,6
TRBV7-9,TRBJ2-1,ASSPKEGRTYNEQF,1
TRBV7-9,TRBJ2-1,ASSPKEGSGSNEQF,1
TRBV7-9,TRBJ2-1,ASSPKEGTDEQF,1
TRBV7-9,TRBJ2-1,ASSPKEGTYNEQF,1
TRBV7-9,TRBJ2-1,ASSPKEGVEYNEQF,1
TRBV7-9,TRBJ2-1,ASSPKEGVLNEQF,2
TRBV7-9,TRBJ2-1,ASSPKEGVTYNEQF,1
TRBV7-9,TRBJ2-1,ASSPKEGWNEQF,1
TRBV7-9,TRBJ2-1,ASSPKEIATYNEQF,1
TRBV7-9,TRBJ2-1,ASSPKEIGTPSDEQF,1
TRBV7-9,TRBJ2-1,ASSPKELADINEQF,1
TRBV7-9,TRBJ2-1,ASSPKELAGAVEQF,7
TRBV7-9,TRBJ2-1,ASSPKELAGYNEQF,1
TRBV7-9,TRBJ2-1,ASSPKELRGYNEQF,1
TRBV7-9,TRBJ2-1,ASSPKELSYNEQF,1
TRBV7-9,TRBJ2-1,ASSPKELYNEQF,1
TRBV7-9,TRBJ2-1,ASSPKEPAEGREGPPNEQF,17
TRBV7-9,TRBJ2-1,ASSPKEPRGNEQF,1
TRBV7-9,TRBJ2-1,ASSPKERDVNEQF,2
TRBV7-9,TRBJ2-1,ASSPKEREDYNEQF,1
TRBV7-9,TRBJ2-1,ASSPKEREPYNEQF,1
TRBV7-9,TRBJ2-1,ASSPKERLNEQF,1
TRBV7-9,TRBJ2-1,ASSPKERLSSEQF,1
TRBV7-9,TRBJ2-1,ASSPKERNDEQF,1
TRBV7-9,TRBJ2-1,ASSPKERSSYNEQF,1
TRBV7-9,TRBJ2-1,ASSPKESINNEQF,9
TRBV7-9,TRBJ2-1,ASSPKESSNEQF,1
TRBV7-9,TRBJ2-1,ASSPKESVSSYNEQF,1
TRBV7-9,TRBJ2-1,ASSPKETGTGNEQF,1
TRBV7-9,TRBJ2-1,ASSPKETSAYNEQF,1
TRBV7-9,TRBJ2-1,ASSPKETSFGNEQF,1
TRBV7-9,TRBJ2-1,ASSPKETSGSDEQF,1
TRBV7-9,TRBJ2-1,ASSPKEVAEDYNEQF,1
TRBV7-9,TRBJ2-1,ASSPKEVVVNEQF,1
TRBV7-9,TRBJ2-1,ASSPKEWGGGAWNEQF,1
TRBV7-9,TRBJ2-1,ASSPKEYRAYEKF,1
TRBV7-9,TRBJ2-1,ASSPKEYRAYEQF,9
TRBV7-9,TRBJ2-1,ASSPKFAASGDEQF,1
TRBV7-9,TRBJ2-1,ASSPKFASYNEQF,1
TRBV7-9,TRBJ2-1,ASSPKFDNRRNEKF,1
TRBV7-9,TRBJ2-1,ASSPKFDTKRNEQF,1
TRBV7-9,TRBJ2-1,ASSPKFDTRRNEQF,3
TRBV7-9,TRBJ2-1,ASSPKFEGPSYNEQF,1
TRBV7-9,TRBJ2-1,ASSPKFGGYEQF,1
TRBV7-9,TRBJ2-1,ASSPKFGTGDNEQF,1
TRBV7-9,TRBJ2-1,ASSPKFKVRDEQF,6
TRBV7-9,TRBJ2-1,ASSPKFLAGGAYNEQF,1
TRBV7-9,TRBJ2-1,ASSPKFLAGGHSYNEQF,14
TRBV7-9,TRBJ2-1,ASSPKFLYNEQF,1
TRBV7-9,TRBJ2-1,ASSPKFMREGHNEQF,1
TRBV7-9,TRBJ2-1,ASSPKFNAQF,1
TRBV7-9,TRBJ2-1,ASSPKFNEQF,4
TRBV7-9,TRBJ2-1,ASSPKFQAFGRGEQF,1
TRBV7-9,TRBJ2-1,ASSPKFQGFGRGEQF,9
TRBV7-9,TRBJ2-1,ASSPKFRATPSSYNEQF,13
TRBV7-9,TRBJ2-1,ASSPKFRLAPYNEQF,1
TRBV7-9,TRBJ2-1,ASSPKFRQRDSSPGEQF,7
TRBV7-9,TRBJ2-1,ASSPKFTEVSYNEQF,1
TRBV7-9,TRBJ2-1,ASSPKFTGTSGDNEQF,1
TRBV7-9,TRBJ2-1,ASSPKFWASGSEDNEQF,1
TRBV7-9,TRBJ2-1,ASSPKGAAKAYNEQF,1
TRBV7-9,TRBJ2-1,ASSPKGAAWPQF,3
TRBV7-9,TRBJ2-1,ASSPKGADEQF,2
TRBV7-9,TRBJ2-1,ASSPKGAGAIYNEQF,1
TRBV7-9,TRBJ2-1,ASSPKGAGAPNEQF,1
TRBV7-9,TRBJ2-1,ASSPKGAGGALYNEQF,2
TRBV7-9,TRBJ2-1,ASSPKGAGGDNEQF,1
TRBV7-9,TRBJ2-1,ASSPKGAGGPHEQF,1
TRBV7-9,TRBJ2-1,ASSPKGAGIANEQF,12
TRBV7-9,TRBJ2-1,ASSPKGAGLGNEQF,1
TRBV7-9,TRBJ2-1,ASSPKGAGNEQF,1
TRBV7-9,TRBJ2-1,ASSPKGAGNSYNEQF,1
TRBV7-9,TRBJ2-1,ASSPKGAGVNEQF,9
TRBV7-9,TRBJ2-1,ASSPKGAGYNEQF,1
TRBV7-9,TRBJ2-1,ASSPKGAIEQF,15
TRBV7-9,TRBJ2-1,ASSPKGALYNEQF,1
TRBV7-9,TRBJ2-1,ASSPKGANEQF,1
TRBV7-9,TRBJ2-1,ASSPKGANSYNEQF,1
TRBV7-9,TRBJ2-1,ASSPKGAQGLYNEQF,1
TRBV7-9,TRBJ2-1,ASSPKGARSYNEQF,1
TRBV7-9,TRBJ2-1,ASSPKGASGDNEQF,1
TRBV7-9,TRBJ2-1,ASSPKGASGGQNNEQF,1
TRBV7-9,TRBJ2-1,ASSPKGASYNEQF,9
TRBV7-9,TRBJ2-1,ASSPKGAVGNEQF,1
TRBV7-9,TRBJ2-1,ASSPKGAYNEQF,9
TRBV7-9,TRBJ2-1,ASSPKGAYNVQF,1
TRBV7-9,TRBJ2-1,ASSPKGDDEQF,1
TRBV7-9,TRBJ2-1,ASSPKGDEQF,2
TRBV7-9,TRBJ2-1,ASSPKGDFYNEQF,1
TRBV7-9,TRBJ2-1,ASSPKGDGGSSYNEQF,1
TRBV7-9,TRBJ2-1,ASSPKGDGHEQF,10
TRBV7-9,TRBJ2-1,ASSPKGDLGNEQF,1
TRBV7-9,TRBJ2-1,ASSPKGDNEQF,3
TRBV7-9,TRBJ2-1,ASSPKGDRESNEQF,5
TRBV7-9,TRBJ2-1,ASSPKGDRINEQF,1
TRBV7-9,TRBJ2-1,ASSPKGDYNEQF,3
TRBV7-9,TRBJ2-1,ASSPKGEAHYNEQF,1
TRBV7-9,TRBJ2-1,ASSPKGEGAYNEQF,1
TRBV7-9,TRBJ2-1,ASSPKGEGKF,2
TRBV7-9,TRBJ2-1,ASSPKGEGLGPYNEQF,1
TRBV7-9,TRBJ2-1,ASSPKGEGLRNYNEQF,10
TRBV7-9,TRBJ2-1,ASSPKGEGSYNEQF,2
TRBV7-9,TRBJ2-1,ASSPKGELGYNEQF,1
TRBV7-9,TRBJ2-1,ASSPKGEPTYNEQF,5
TRBV7-9,TRBJ2-1,ASSPKGESIYYNEQF,1
TRBV7-9,TRBJ2-1,ASSPKGESSYNEQF,1
TRBV7-9,TRBJ2-1,ASSPKGEVLRNYNEQF,1
TRBV7-9,TRBJ2-1,ASSPKGFGGEEQF,1
TRBV7-9,TRBJ2-1,ASSPKGGADLDEQF,1
TRBV7-9,TRBJ2-1,ASSPKGGAGPSYNEQF,6
TRBV7-9,TRBJ2-1,ASSPKGGAGSSYNEQF,1
TRBV7-9,TRBJ2-1,ASSPKGGAGYNEQF,23
TRBV7-9,TRBJ2-1,ASSPKGGAIAYNEQF,3
TRBV7-9,TRBJ2-1,ASSPKGGASDEQF,11
TRBV7-9,TRBJ2-1,ASSPKGGASGTPHAYNEQF,1
TRBV7-9,TRBJ2-1,ASSPKGGAYNEQF,12
TRBV7-9,TRBJ2-1,ASSPKGGDESYNEQF,1
TRBV7-9,TRBJ2-1,ASSPKGGDGLNEQF,1
TRBV7-9,TRBJ2-1,ASSPKGGDSNNEQF,1
TRBV7-9,TRBJ2-1,ASSPKGGDSYNEQF,4
TRBV7-9,TRBJ2-1,ASSPKGGDYNEQF,6
TRBV7-9,TRBJ2-1,ASSPKGGESNEQF,1
TRBV7-9,TRBJ2-1,ASSPKGGFAGYYNEQF,1
TRBV7-9,TRBJ2-1,ASSPKGGGDEQF,2
TRBV7-9,TRBJ2-1,ASSPKGGGFDEQF,14
TRBV7-9,TRBJ2-1,ASSPKGGGFNEQF,1
TRBV7-9,TRBJ2-1,ASSPKGGGNEQF,1
TRBV7-9,TRBJ2-1,ASSPKGGGNNEQF,1
TRBV7-9,TRBJ2-1,ASSPKGGGRYNEQF,1
TRBV7-9,TRBJ2-1,ASSPKGGGTKTYNEQF,1
TRBV7-9,TRBJ2-1,ASSPKGGGTLTYNEQF,1
TRBV7-9,TRBJ2-1,ASSPKGGGTSYNEQF,11
TRBV7-9,TRBJ2-1,ASSPKGGGTYNEQF,2
TRBV7-9,TRBJ2-1,ASSPKGGGYNEQF,3
TRBV7-9,TRBJ2-1,ASSPKGGHNEQF,1
TRBV7-9,TRBJ2-1,ASSPKGGIDRDNEQF,1
TRBV7-9,TRBJ2-1,ASSPKGGISYNEQF,1
TRBV7-9,TRBJ2-1,ASSPKGGKANNEQF,1
TRBV7-9,TRBJ2-1,ASSPKGGKHYNEQF,1
TRBV7-9,TRBJ2-1,ASSPKGGLADYNEQF,23
TRBV7-9,TRBJ2-1,ASSPKGGLAYNEQF,1
TRBV7-9,TRBJ2-1,ASSPKGGLSNEQF,1
TRBV7-9,TRBJ2-1,ASSPKGGLVHNEQF,1
TRBV7-9,TRBJ2-1,ASSPKGGLYNEQF,31
TRBV7-9,TRBJ2-1,ASSPKGGNEQF,3
TRBV7-9,TRBJ2-1,ASSPKGGNHNEQF,1
TRBV7-9,TRBJ2-1,ASSPKGGNSYNEQF,1
TRBV7-9,TRBJ2-1,ASSPKGGPHNEQF,1
TRBV7-9,TRBJ2-1,ASSPKGGPPYNEQF,1
TRBV7-9,TRBJ2-1,ASSPKGGPTYNEQF,1
TRBV7-9,TRBJ2-1,ASSPKGGQF,8
TRBV7-9,TRBJ2-1,ASSPKGGQGDNEQF,8
TRBV7-9,TRBJ2-1,ASSPKGGQGWDEQF,1
TRBV7-9,TRBJ2-1,ASSPKGGQNEQF,4
TRBV7-9,TRBJ2-1,ASSPKGGQRYNEQF,1
TRBV7-9,TRBJ2-1,ASSPKGGQSSYNEQF,1
TRBV7-9,TRBJ2-1,ASSPKGGRANTHEQF,1
TRBV7-9,TRBJ2-1,ASSPKGGRAYNEQF,2
TRBV7-9,TRBJ2-1,ASSPKGGRGNTYNEQF,1
TRBV7-9,TRBJ2-1,ASSPKGGRKYNEQF,1
TRBV7-9,TRBJ2-1,ASSPKGGRQDYNEQF,12
TRBV7-9,TRBJ2-1,ASSPKGGRSYNEQF,10
TRBV7-9,TRBJ2-1,ASSPKGGRYKEQF,1
TRBV7-9,TRBJ2-1,ASSPKGGRYNEQF,1
TRBV7-9,TRBJ2-1,ASSPKGGSGYNEQF,5
TRBV7-9,TRBJ2-1,ASSPKGGSHEQF,1
TRBV7-9,TRBJ2-1,ASSPKGGSIFDEQF,1
TRBV7-9,TRBJ2-1,ASSPKGGSKSSYNEQF,1
TRBV7-9,TRBJ2-1,ASSPKGGSLYNEQF,1
TRBV7-9,TRBJ2-1,ASSPKGGSNEQF,17
TRBV7-9,TRBJ2-1,ASSPKGGSPYNEQF,1
TRBV7-9,TRBJ2-1,ASSPKGGSQDNEQF,1
TRBV7-9,TRBJ2-1,ASSPKGGSRYNEQF,9
TRBV7-9,TRBJ2-1,ASSPKGGSSGSYNEQF,1
TRBV7-9,TRBJ2-1,ASSPKGGSSYNEQF,15
TRBV7-9,TRBJ2-1,ASSPKGGSVNEQF,1
TRBV7-9,TRBJ2-1,ASSPKGGSYNEQF,2
TRBV7-9,TRBJ2-1,ASSPKGGTATNEQF,12
TRBV7-9,TRBJ2-1,ASSPKGGTGKALGNEQF,1
TRBV7-9,TRBJ2-1,ASSPKGGTGPNNEQF,1
TRBV7-9,TRBJ2-1,ASSPKGGTGRGSYNEQF,1
TRBV7-9,TRBJ2-1,ASSPKGGTLYNEQF,1
TRBV7-9,TRBJ2-1,ASSPKGGTNSAPSSYNEQF,2
TRBV7-9,TRBJ2-1,ASSPKGGTSFDEQF,4
TRBV7-9,TRBJ2-1,ASSPKGGTSGYNEQF,1
TRBV7-9,TRBJ2-1,ASSPKGGTVYNEQF,4
TRBV7-9,TRBJ2-1,ASSPKGGTWF,19
TRBV7-9,TRBJ2-1,ASSPKGGTYNEQF,1
TRBV7-9,TRBJ2-1,ASSPKGGVYNEQF,3
TRBV7-9,TRBJ2-1,ASSPKGGWAVNEQF,1
TRBV7-9,TRBJ2-1,ASSPKGGYNEQF,1
TRBV7-9,TRBJ2-1,ASSPKGGYQTYNEQF,1
TRBV7-9,TRBJ2-1,ASSPKGHEQF,1
TRBV7-9,TRBJ2-1,ASSPKGHKLYNEQF,1
TRBV7-9,TRBJ2-1,ASSPKGHLNEQF,7
TRBV7-9,TRBJ2-1,ASSPKGHNEQF,1
TRBV7-9,TRBJ2-1,ASSPKGIADHEQF,2
TRBV7-9,TRBJ2-1,ASSPKGIGDEQF,1
TRBV7-9,TRBJ2-1,ASSPKGILAGYYNEQF,1
TRBV7-9,TRBJ2-1,ASSPKGISYNEQF,1
TRBV7-9,TRBJ2-1,ASSPKGIYNEQF,1
TRBV7-9,TRBJ2-1,ASSPKGKGQGDSYNEQF,14
TRBV7-9,TRBJ2-1,ASSPKGKPYNEQF,1
TRBV7-9,TRBJ2-1,ASSPKGLAAIYEQF,1
TRBV7-9,TRBJ2-1,ASSPKGLAANNEQF,1
TRBV7-9,TRBJ2-1,ASSPKGLAASRPNNEQF,1
TRBV7-9,TRBJ2-1,ASSPKGLADYNEQF,3
TRBV7-9,TRBJ2-1,ASSPKGLAFRVDTGSYNEQF,10
TRBV7-9,TRBJ2-1,ASSPKGLAGAGGNEQF,1
TRBV7-9,TRBJ2-1,ASSPKGLAGANEQF,1
TRBV7-9,TRBJ2-1,ASSPKGLAGAPFYNEQF,1
TRBV7-9,TRBJ2-1,ASSPKGLAGASSYNEQF,2
TRBV7-9,TRBJ2-1,ASSPKGLAGDEQF,1
TRBV7-9,TRBJ2-1,ASSPKGLAGDNEQF,1
TRBV7-9,TRBJ2-1,ASSPKGLAGDYEQF,1
TRBV7-9,TRBJ2-1,ASSPKGLAGDYSYNEQF,1
TRBV7-9,TRBJ2-1,ASSPKGLAGENEQF,1
TRBV7-9,TRBJ2-1,ASSPKGLAGEYSYNEQF,1
TRBV7-9,TRBJ2-1,ASSPKGLAGGADEQF,1
TRBV7-9,TRBJ2-1,ASSPKGLAGGDEQF,1
TRBV7-9,TRBJ2-1,ASSPKGLAGGGGYNEQF,2
TRBV7-9,TRBJ2-1,ASSPKGLAGGKEQF,1
TRBV7-9,TRBJ2-1,ASSPKGLAGGNEQF,12
TRBV7-9,TRBJ2-1,ASSPKGLAGGNNEQF,1
TRBV7-9,TRBJ2-1,ASSPKGLAGGSSYNEQF,5
TRBV7-9,TRBJ2-1,ASSPKGLAGGTHNEQF,1
TRBV7-9,TRBJ2-1,ASSPKGLAGGYNEQF,1
TRBV7-9,TRBJ2-1,ASSPKGLAGHEQF,1
TRBV7-9,TRBJ2-1,ASSPKGLAGHYNEQF,1
TRBV7-9,TRBJ2-1,ASSPKGLAGIGEQF,8
TRBV7-9,TRBJ2-1,ASSPKGLAGLNEQF,2
TRBV7-9,TRBJ2-1,ASSPKGLAGLYNEQF,1
TRBV7-9,TRBJ2-1,ASSPKGLAGPRGSYNEQF,2
TRBV7-9,TRBJ2-1,ASSPKGLAGSHNEQF,2
TRBV7-9,TRBJ2-1,ASSPKGLAGTYNEQF,2
TRBV7-9,TRBJ2-1,ASSPKGLAGVDEQF,2
TRBV7-9,TRBJ2-1,ASSPKGLAGVNSYNEQF,1
TRBV7-9,TRBJ2-1,ASSPKGLAGVYNEQF,3
TRBV7-9,TRBJ2-1,ASSPKGLAGYHEQF,1
TRBV7-9,TRBJ2-1,ASSPKGLAGYNEQF,36
TRBV7-9,TRBJ2-1,ASSPKGLAGYNGQF,1
TRBV7-9,TRBJ2-1,ASSPKGLAKVMGNEQF,1
TRBV7-9,TRBJ2-1,ASSPKGLALYNEQF,1
TRBV7-9,TRBJ2-1,ASSPKGLAQGNEQF,1
TRBV7-9,TRBJ2-1,ASSPKGLARSDEQF,1
TRBV7-9,TRBJ2-1,ASSPKGLARSYNEQF,1
TRBV7-9,TRBJ2-1,ASSPKGLASSYNEQF,2
TRBV7-9,TRBJ2-1,ASSPKGLASYNEQF,2
TRBV7-9,TRBJ2-1,ASSPKGLATTNEQF,1
TRBV7-9,TRBJ2-1,ASSPKGLAVNNEQF,6
TRBV7-9,TRBJ2-1,ASSPKGLAVRVDTGSYNEQF,1
TRBV7-9,TRBJ2-1,ASSPKGLAVSYNEQF,1
TRBV7-9,TRBJ2-1,ASSPKGLAYNEQF,7
TRBV7-9,TRBJ2-1,ASSPKGLDEQF,1
TRBV7-9,TRBJ2-1,ASSPKGLEQF,1
TRBV7-9,TRBJ2-1,ASSPKGLESPNEQF,1
TRBV7-9,TRBJ2-1,ASSPKGLGGRPNNEQF,1
TRBV7-9,TRBJ2-1,ASSPKGLGLYNEQF,1
TRBV7-9,TRBJ2-1,ASSPKGLGRNEQF,1
TRBV7-9,TRBJ2-1,ASSPKGLGTYNEQF,1
TRBV7-9,TRBJ2-1,ASSPKGLGYNEQF,2
TRBV7-9,TRBJ2-1,ASSPKGLPDGEQF,8
TRBV7-9,TRBJ2-1,ASSPKGLRDNEQF,1
TRBV7-9,TRBJ2-1,ASSPKGLRGNNEQF,1
TRBV7-9,TRBJ2-1,ASSPKGLRSSYNEQF,1
TRBV7-9,TRBJ2-1,ASSPKGLTYNEQF,5
TRBV7-9,TRBJ2-1,ASSPKGLVGNEQF,1
TRBV7-9,TRBJ2-1,ASSPKGLVSYNEQF,1
TRBV7-9,TRBJ2-1,ASSPKGLVVNEQF,1
TRBV7-9,TRBJ2-1,ASSPKGMRVDNEQF,1
TRBV7-9,TRBJ2-1,ASSPKGMSSYNEQF,1
TRBV7-9,TRBJ2-1,ASSPKGNEQF,26
TRBV7-9,TRBJ2-1,ASSPKGNSYNEQF,1
TRBV7-9,TRBJ2-1,ASSPKGPADEQF,4
TRBV7-9,TRBJ2-1,ASSPKGPASYNEQF,1
TRBV7-9,TRBJ2-1,ASSPKGPEGYNEQF,1
TRBV7-9,TRBJ2-1,ASSPKGPFEQF,2
TRBV7-9,TRBJ2-1,ASSPKGPGGLYNEQF,11
TRBV7-9,TRBJ2-1,ASSPKGPGLATNEQF,1
TRBV7-9,TRBJ2-1,ASSPKGPGVGYNEQF,1
TRBV7-9,TRBJ2-1,ASSPKGPLPSYNEQF,1
TRBV7-9,TRBJ2-1,ASSPKGPNNEQF,2
TRBV7-9,TRBJ2-1,ASSPKGPPAVVGCEQF,1
TRBV7-9,TRBJ2-1,ASSPKGPPAVVGGDQF,1
TRBV7-9,TRBJ2-1,ASSPKGPPAVVGGEQF,18
TRBV7-9,TRBJ2-1,ASSPKGPPKARNYNEQF,1
TRBV7-9,TRBJ2-1,ASSPKGPPNEQF,1
TRBV7-9,TRBJ2-1,ASSPKGPQGNEQF,1
TRBV7-9,TRBJ2-1,ASSPKGPSLGDPYNEQF,1
TRBV7-9,TRBJ2-1,ASSPKGPSNEQF,19
TRBV7-9,TRBJ2-1,ASSPKGPSSYNEQF,1
TRBV7-9,TRBJ2-1,ASSPKGPSYNEQF,6
TRBV7-9,TRBJ2-1,ASSPKGPSYTEQF,1
TRBV7-9,TRBJ2-1,ASSPKGPTIRSSNEQF,1
TRBV7-9,TRBJ2-1,ASSPKGPTIRSYNEQF,15
TRBV7-9,TRBJ2-1,ASSPKGPVF,9
TRBV7-9,TRBJ2-1,ASSPKGPYNEQF,1
TRBV7-9,TRBJ2-1,ASSPKGQAYEQY,1
TRBV7-9,TRBJ2-1,ASSPKGQDNEQF,1
TRBV7-9,TRBJ2-1,ASSPKGQETYNEQF,1
TRBV7-9,TRBJ2-1,ASSPKGQFWNEQF,4
TRBV7-9,TRBJ2-1,ASSPKGQGAYNEQF,4
TRBV7-9,TRBJ2-1,ASSPKGQGDEQF,1
TRBV7-9,TRBJ2-1,ASSPKGQGFIHEQF,1
TRBV7-9,TRBJ2-1,ASSPKGQGGAAGDYEQF,1
TRBV7-9,TRBJ2-1,ASSPKGQGGHEQF,12
TRBV7-9,TRBJ2-1,ASSPKGQGGNEQF,4
TRBV7-9,TRBJ2-1,ASSPKGQGGSYNEQF,1
TRBV7-9,TRBJ2-1,ASSPKGQGHYNEQF,1
TRBV7-9,TRBJ2-1,ASSPKGQGLNEQF,1
TRBV7-9,TRBJ2-1,ASSPKGQGNNEQF,1
TRBV7-9,TRBJ2-1,ASSPKGQGPYNEQF,1
TRBV7-9,TRBJ2-1,ASSPKGQGSYNEQF,2
TRBV7-9,TRBJ2-1,ASSPKGQGTYNEQF,1
TRBV7-9,TRBJ2-1,ASSPKGQGYNEQF,10
TRBV7-9,TRBJ2-1,ASSPKGQHYNEQF,1
TRBV7-9,TRBJ2-1,ASSPKGQIRYNEQF,2
TRBV7-9,TRBJ2-1,ASSPKGQISYNEQF,1
TRBV7-9,TRBJ2-1,ASSPKGQLYNEQF,12
TRBV7-9,TRBJ2-1,ASSPKGQNNEQF,1
TRBV7-9,TRBJ2-1,ASSPKGQPAVVGGEQL,1
TRBV7-9,TRBJ2-1,ASSPKGQPFRDEQF,1
TRBV7-9,TRBJ2-1,ASSPKGQPFSYNEQF,1
TRBV7-9,TRBJ2-1,ASSPKGQPYNEQF,1
TRBV7-9,TRBJ2-1,ASSPKGQRDNEQF,12
TRBV7-9,TRBJ2-1,ASSPKGQSSYNEQF,1
TRBV7-9,TRBJ2-1,ASSPKGQSYNEQF,2
TRBV7-9,TRBJ2-1,ASSPKGQTYNEQF,2
TRBV7-9,TRBJ2-1,ASSPKGQVHNEQF,1
TRBV7-9,TRBJ2-1,ASSPKGQWINEQF,5
TRBV7-9,TRBJ2-1,ASSPKGREGPEQF,10
TRBV7-9,TRBJ2-1,ASSPKGREGSNEQF,1
TRBV7-9,TRBJ2-1,ASSPKGREGSYNEQF,1
TRBV7-9,TRBJ2-1,ASSPKGREGYNEQF,1
TRBV7-9,TRBJ2-1,ASSPKGRENNEQF,1
TRBV7-9,TRBJ2-1,ASSPKGREPPNEQF,1
TRBV7-9,TRBJ2-1,ASSPKGREPPSYNEQF,1
TRBV7-9,TRBJ2-1,ASSPKGREYNEQF,1
TRBV7-9,TRBJ2-1,ASSPKGRGDEQF,1
TRBV7-9,TRBJ2-1,ASSPKGRGIYNEQF,4
TRBV7-9,TRBJ2-1,ASSPKGRHNEQF,1
TRBV7-9,TRBJ2-1,ASSPKGRLAGLGNEQF,1
TRBV7-9,TRBJ2-1,ASSPKGRLAGLLNEQF,2
TRBV7-9,TRBJ2-1,ASSPKGRLAGLPNEQF,1
TRBV7-9,TRBJ2-1,ASSPKGRLAGLRHEQF,2
TRBV7-9,TRBJ2-1,ASSPKGRLAGLRIEQF,2
TRBV7-9,TRBJ2-1,ASSPKGRLAGLRKEQF,2
TRBV7-9,TRBJ2-1,ASSPKGRLAGLRNEEF,1
TRBV7-9,TRBJ2-1,ASSPKGRLAGLRNEHF,2
TRBV7-9,TRBJ2-1,ASSPKGRLAGLRNEQC,1
TRBV7-9,TRBJ2-1,ASSPKGRLAGLRNEQF,350
TRBV7-9,TRBJ2-1,ASSPKGRLAGLRNGQF,1
TRBV7-9,TRBJ2-1,ASSPKGRLAGPRNEQF,1
TRBV7-9,TRBJ2-1,ASSPKGRLAGRRNEQF,2
TRBV7-9,TRBJ2-1,ASSPKGRLARLRNEQF,2
TRBV7-9,TRBJ2-1,ASSPKGRLEGLRNEQF,4
TRBV7-9,TRBJ2-1,ASSPKGRLGGLRNEQF,1
TRBV7-9,TRBJ2-1,ASSPKGRLVGLRNEQF,3
TRBV7-9,TRBJ2-1,ASSPKGRPAGLRNEQF,1
TRBV7-9,TRBJ2-1,ASSPKGRPGTAYNEQF,1
TRBV7-9,TRBJ2-1,ASSPKGRRAGLRNEQF,1
TRBV7-9,TRBJ2-1,ASSPKGRTDNEQF,1
TRBV7-9,TRBJ2-1,ASSPKGRYEGHEQF,1
TRBV7-9,TRBJ2-1,ASSPKGSASNEQF,1
TRBV7-9,TRBJ2-1,ASSPKGSDEQF,1
TRBV7-9,TRBJ2-1,ASSPKGSDNEQF,1
TRBV7-9,TRBJ2-1,ASSPKGSEMNEQF,1
TRBV7-9,TRBJ2-1,ASSPKGSGGDNEQF,1
TRBV7-9,TRBJ2-1,ASSPKGSGRYNEQF,1
TRBV7-9,TRBJ2-1,ASSPKGSGSGYNEQF,1
TRBV7-9,TRBJ2-1,ASSPKGSGSSYNEQF,1
TRBV7-9,TRBJ2-1,ASSPKGSGYNEQF,1
TRBV7-9,TRBJ2-1,ASSPKGSINNEQF,1
TRBV7-9,TRBJ2-1,ASSPKGSNYNEQF,1
TRBV7-9,TRBJ2-1,ASSPKGSRALYNEQF,1
TRBV7-9,TRBJ2-1,ASSPKGSSGYNEQF,1
TRBV7-9,TRBJ2-1,ASSPKGSSPYNEHF,1
TRBV7-9,TRBJ2-1,ASSPKGSSPYNEQF,1
TRBV7-9,TRBJ2-1,ASSPKGSSSYNEQF,2
TRBV7-9,TRBJ2-1,ASSPKGSSYNEQF,12
TRBV7-9,TRBJ2-1,ASSPKGSTYNEQF,31
TRBV7-9,TRBJ2-1,ASSPKGSYNEQF,1
TRBV7-9,TRBJ2-1,ASSPKGTADEQF,1
TRBV7-9,TRBJ2-1,ASSPKGTADYNEQF,1
TRBV7-9,TRBJ2-1,ASSPKGTDNNEQF,8
TRBV7-9,TRBJ2-1,ASSPKGTGALNAQF,1
TRBV7-9,TRBJ2-1,ASSPKGTGALNEQF,15
TRBV7-9,TRBJ2-1,ASSPKGTGDSYNEQF,1
TRBV7-9,TRBJ2-1,ASSPKGTGGLYEQF,1
TRBV7-9,TRBJ2-1,ASSPKGTGLDEQF,1
TRBV7-9,TRBJ2-1,ASSPKGTGRDEQF,1
TRBV7-9,TRBJ2-1,ASSPKGTKSYNEQF,1
TRBV7-9,TRBJ2-1,ASSPKGTLYNEQF,1
TRBV7-9,TRBJ2-1,ASSPKGTRHYNEQF,1
TRBV7-9,TRBJ2-1,ASSPKGTRIDNEQF,1
TRBV7-9,TRBJ2-1,ASSPKGTSAGQNNEQF,1
TRBV7-9,TRBJ2-1,ASSPKGTSFYNEQF,1
TRBV7-9,TRBJ2-1,ASSPKGTSGAYNEQF,1
TRBV7-9,TRBJ2-1,ASSPKGTSGENEQF,1
TRBV7-9,TRBJ2-1,ASSPKGTSGGPNNEQF,1
TRBV7-9,TRBJ2-1,ASSPKGTSGGQNNDQF,1
TRBV7-9,TRBJ2-1,ASSPKGTSGGQNNEQF,22
TRBV7-9,TRBJ2-1,ASSPKGTSGGVNEQF,1
TRBV7-9,TRBJ2-1,ASSPKGTSGLGEQF,2
TRBV7-9,TRBJ2-1,ASSPKGTSGNEQF,1
TRBV7-9,TRBJ2-1,ASSPKGTSGNNEQF,11
TRBV7-9,TRBJ2-1,ASSPKGTSGSSYNEQF,1
TRBV7-9,TRBJ2-1,ASSPKGTSGSWEQF,5
TRBV7-9,TRBJ2-1,ASSPKGTSGTTYNEQF,1
TRBV7-9,TRBJ2-1,ASSPKGTSIDNEQF,1
TRBV7-9,TRBJ2-1,ASSPKGTSRYEQF,1
TRBV7-9,TRBJ2-1,ASSPKGTYDYYNEQF,10
TRBV7-9,TRBJ2-1,ASSPKGTYNEQF,5
TRBV7-9,TRBJ2-1,ASSPKGVAGVNEQF,1
TRBV7-9,TRBJ2-1,ASSPKGVAGYNEQF,1
TRBV7-9,TRBJ2-1,ASSPKGVASVSEQF,3
TRBV7-9,TRBJ2-1,ASSPKGVAVSHNEQF,1
TRBV7-9,TRBJ2-1,ASSPKGVAVSYDEQF,1
TRBV7-9,TRBJ2-1,ASSPKGVAVSYNEQF,16
TRBV7-9,TRBJ2-1,ASSPKGVDEQF,1
TRBV7-9,TRBJ2-1,ASSPKGVDFNEQF,1
TRBV7-9,TRBJ2-1,ASSPKGVEYNEQF,1
TRBV7-9,TRBJ2-1,ASSPKGVGAVNEQF,1
TRBV7-9,TRBJ2-1,ASSPKGVGGVNEQF,1
TRBV7-9,TRBJ2-1,ASSPKGVGQF,5
TRBV7-9,TRBJ2-1,ASSPKGVGTYNEQF,1
TRBV7-9,TRBJ2-1,ASSPKGVNEQF,1
TRBV7-9,TRBJ2-1,ASSPKGVPADNNEQF,1
TRBV7-9,TRBJ2-1,ASSPKGVQDNEQF,3
TRBV7-9,TRBJ2-1,ASSPKGVRLAGNEQF,1
TRBV7-9,TRBJ2-1,ASSPKGVRNNEQF,1
TRBV7-9,TRBJ2-1,ASSPKGVRSNEQF,1
TRBV7-9,TRBJ2-1,ASSPKGVSSYNEQF,2
TRBV7-9,TRBJ2-1,ASSPKGVTYNEQF,4
TRBV7-9,TRBJ2-1,ASSPKGWGKGNNEQF,1
TRBV7-9,TRBJ2-1,ASSPKGWGSSYNEQF,1
TRBV7-9,TRBJ2-1,ASSPKGWSSYNEQF,1
TRBV7-9,TRBJ2-1,ASSPKGYAGGSSYNEQF,1
TRBV7-9,TRBJ2-1,ASSPKGYEQF,1
TRBV7-9,TRBJ2-1,ASSPKGYGGEEQF,4
TRBV7-9,TRBJ2-1,ASSPKGYLAVNNDQF,1
TRBV7-9,TRBJ2-1,ASSPKGYLAVNNEQF,1
TRBV7-9,TRBJ2-1,ASSPKGYNEQF,2
TRBV7-9,TRBJ2-1,ASSPKHEQF,1
TRBV7-9,TRBJ2-1,ASSPKHLLAGYTYNEQF,1
TRBV7-9,TRBJ2-1,ASSPKHRDRGRNEQF,1
TRBV7-9,TRBJ2-1,ASSPKHSGRVDNEQF,5
TRBV7-9,TRBJ2-1,ASSPKHTSGGGNEQF,1
TRBV7-9,TRBJ2-1,ASSPKIAGRVNEQF,1
TRBV7-9,TRBJ2-1,ASSPKIATGNEQF,1
TRBV7-9,TRBJ2-1,ASSPKIDKSSYNEQF,13
TRBV7-9,TRBJ2-1,ASSPKIEDEQF,1
TRBV7-9,TRBJ2-1,ASSPKIEGSYNEQF,1
TRBV7-9,TRBJ2-1,ASSPKIEQF,5
TRBV7-9,TRBJ2-1,ASSPKIERTLYNEQF,1
TRBV7-9,TRBJ2-1,ASSPKIGGADNEQF,8
TRBV7-9,TRBJ2-1,ASSPKIGGRASYNEQF,1
TRBV7-9,TRBJ2-1,ASSPKIGGWEEQF,9
TRBV7-9,TRBJ2-1,ASSPKIGGWVEQF,1
TRBV7-9,TRBJ2-1,ASSPKIGLAAVNEQF,1
TRBV7-9,TRBJ2-1,ASSPKIGLAGFLGDEQF,2
TRBV7-9,TRBJ2-1,ASSPKIGLAGNEQF,1
TRBV7-9,TRBJ2-1,ASSPKIGQGSNEQF,1
TRBV7-9,TRBJ2-1,ASSPKIGRFYNEQF,1
TRBV7-9,TRBJ2-1,ASSPKIGSEQF,1
TRBV7-9,TRBJ2-1,ASSPKIGSYNEQF,1
TRBV7-9,TRBJ2-1,ASSPKIGTKGNEQF,1
TRBV7-9,TRBJ2-1,ASSPKIGYSYNEQF,1
TRBV7-9,TRBJ2-1,ASSPKIHYNEQF,1
TRBV7-9,TRBJ2-1,ASSPKILAGGSNEQF,1
TRBV7-9,TRBJ2-1,ASSPKILSYNEQF,1
TRBV7-9,TRBJ2-1,ASSPKIPGQGYNEQF,1
TRBV7-9,TRBJ2-1,ASSPKIRAGDNYNEQF,1
TRBV7-9,TRBJ2-1,ASSPKISGGDYNEQF,1
TRBV7-9,TRBJ2-1,ASSPKISGIYNEQF,1
TRBV7-9,TRBJ2-1,ASSPKISGKLEQF,1
TRBV7-9,TRBJ2-1,ASSPKISGSYDEQF,15
TRBV7-9,TRBJ2-1,ASSPKISLADNEQF,6
TRBV7-9,TRBJ2-1,ASSPKISLASPYNEQF,1
TRBV7-9,TRBJ2-1,ASSPKISTNEQF,3
TRBV7-9,TRBJ2-1,ASSPKITGSYNEQF,1
TRBV7-9,TRBJ2-1,ASSPKITSGPYNEQF,1
TRBV7-9,TRBJ2-1,ASSPKITYNEQF,1
TRBV7-9,TRBJ2-1,ASSPKIWIGGSSYNEQF,1
TRBV7-9,TRBJ2-1,ASSPKKAGVVNEQF,1
TRBV7-9,TRBJ2-1,ASSPKKGDRESDEQF,8
TRBV7-9,TRBJ2-1,ASSPKKGGLQLYNEQF,1
TRBV7-9,TRBJ2-1,ASSPKKGPASYNEQF,1
TRBV7-9,TRBJ2-1,ASSPKKGPGYEQF,1
TRBV7-9,TRBJ2-1,ASSPKKGRNSYNEQF,1
TRBV7-9,TRBJ2-1,ASSPKKGSYNEQF,1
TRBV7-9,TRBJ2-1,ASSPKKGTEYNEQF,13
TRBV7-9,TRBJ2-1,ASSPKKQGNEQF,1
TRBV7-9,TRBJ2-1,ASSPKKRGNEQF,1
TRBV7-9,TRBJ2-1,ASSPKKRVSYNEQF,1
TRBV7-9,TRBJ2-1,ASSPKKSGLVGNEQF,2
TRBV7-9,TRBJ2-1,ASSPKKSRGEQF,3
TRBV7-9,TRBJ2-1,ASSPKKSYNEQF,16
TRBV7-9,TRBJ2-1,ASSPKKTSGSYNEQF,1
TRBV7-9,TRBJ2-1,ASSPKLAAYNEQF,2
TRBV7-9,TRBJ2-1,ASSPKLADAYNEQF,1
TRBV7-9,TRBJ2-1,ASSPKLADRYNEQF,1
TRBV7-9,TRBJ2-1,ASSPKLADSYKEQF,1
TRBV7-9,TRBJ2-1,ASSPKLADSYNEQF,7
TRBV7-9,TRBJ2-1,ASSPKLAEKYNEQF,1
TRBV7-9,TRBJ2-1,ASSPKLAESSYNEQF,2
TRBV7-9,TRBJ2-1,ASSPKLAESYNEQF,1
TRBV7-9,TRBJ2-1,ASSPKLAGANTPSYNEQF,10
TRBV7-9,TRBJ2-1,ASSPKLAGANTPSYTEQF,1
TRBV7-9,TRBJ2-1,ASSPKLAGARSYNEQF,1
TRBV7-9,TRBJ2-1,ASSPKLAGAYNEQF,11
TRBV7-9,TRBJ2-1,ASSPKLAGDLTSYNEQF,8
TRBV7-9,TRBJ2-1,ASSPKLAGDNNEQF,1
TRBV7-9,TRBJ2-1,ASSPKLAGEGAYNEQF,5
TRBV7-9,TRBJ2-1,ASSPKLAGERHEQF,1
TRBV7-9,TRBJ2-1,ASSPKLAGFKNEQF,1
TRBV7-9,TRBJ2-1,ASSPKLAGGISSDNEQF,1
TRBV7-9,TRBJ2-1,ASSPKLAGGISSYNEQF,9
TRBV7-9,TRBJ2-1,ASSPKLAGGNEQF,1
TRBV7-9,TRBJ2-1,ASSPKLAGGPGNYNEQF,1
TRBV7-9,TRBJ2-1,ASSPKLAGGPHEQF,2
TRBV7-9,TRBJ2-1,ASSPKLAGGPNEQF,2
TRBV7-9,TRBJ2-1,ASSPKLAGGPQNEQF,1
TRBV7-9,TRBJ2-1,ASSPKLAGGPSSYNEQF,5
TRBV7-9,TRBJ2-1,ASSPKLAGGRGDEQF,1
TRBV7-9,TRBJ2-1,ASSPKLAGGSNEQF,4
TRBV7-9,TRBJ2-1,ASSPKLAGGTNEQF,1
TRBV7-9,TRBJ2-1,ASSPKLAGGYNEQF,11
TRBV7-9,TRBJ2-1,ASSPKLAGLHNEQF,2
TRBV7-9,TRBJ2-1,ASSPKLAGQYNEQF,1
TRBV7-9,TRBJ2-1,ASSPKLAGSDNEQF,1
TRBV7-9,TRBJ2-1,ASSPKLAGSYNEQF,3
TRBV7-9,TRBJ2-1,ASSPKLAGTSYNEQF,1
TRBV7-9,TRBJ2-1,ASSPKLAGVGNEQF,1
TRBV7-9,TRBJ2-1,ASSPKLAGVIDEQF,1
TRBV7-9,TRBJ2-1,ASSPKLAGVNEQF,1
TRBV7-9,TRBJ2-1,ASSPKLAGVSYNEQF,3
TRBV7-9,TRBJ2-1,ASSPKLAGVYNEQF,1
TRBV7-9,TRBJ2-1,ASSPKLAGYLASYNEHF,1
TRBV7-9,TRBJ2-1,ASSPKLAGYNEQF,1
TRBV7-9,TRBJ2-1,ASSPKLALSYNEQC,1
TRBV7-9,TRBJ2-1,ASSPKLALSYNEQF,13
TRBV7-9,TRBJ2-1,ASSPKLAPEANEQF,2
TRBV7-9,TRBJ2-1,ASSPKLAPEPNEQC,1
TRBV7-9,TRBJ2-1,ASSPKLAPEPNEQF,17
TRBV7-9,TRBJ2-1,ASSPKLASNEQF,5
TRBV7-9,TRBJ2-1,ASSPKLASRGNEQF,1
TRBV7-9,TRBJ2-1,ASSPKLASYNEQF,2
TRBV7-9,TRBJ2-1,ASSPKLAVIYNEQF,11
TRBV7-9,TRBJ2-1,ASSPKLAVIYSEQF,1
TRBV7-9,TRBJ2-1,ASSPKLAYKEQF,1
TRBV7-9,TRBJ2-1,ASSPKLAYNEQF,7
TRBV7-9,TRBJ2-1,ASSPKLAYSERF,1
TRBV7-9,TRBJ2-1,ASSPKLAYSYNEQF,11
TRBV7-9,TRBJ2-1,ASSPKLDRNEQF,1
TRBV7-9,TRBJ2-1,ASSPKLFHNEQF,1
TRBV7-9,TRBJ2-1,ASSPKLGALAKNEQF,1
TRBV7-9,TRBJ2-1,ASSPKLGASYNEQF,6
TRBV7-9,TRBJ2-1,ASSPKLGEQF,13
TRBV7-9,TRBJ2-1,ASSPKLGGANEQF,14
TRBV7-9,TRBJ2-1,ASSPKLGGEQF,2
TRBV7-9,TRBJ2-1,ASSPKLGGGSYNEQF,1
TRBV7-9,TRBJ2-1,ASSPKLGGRALSYNEQF,3
TRBV7-9,TRBJ2-1,ASSPKLGGRALSYNEQV,1
TRBV7-9,TRBJ2-1,ASSPKLGGTGIINEQF,1
TRBV7-9,TRBJ2-1,ASSPKLGLAGLGYNEQF,1
TRBV7-9,TRBJ2-1,ASSPKLGLSHSYNEQF,1
TRBV7-9,TRBJ2-1,ASSPKLGNEQF,1
TRBV7-9,TRBJ2-1,ASSPKLGPTYNEQF,1
TRBV7-9,TRBJ2-1,ASSPKLGQVTYNEQF,1
TRBV7-9,TRBJ2-1,ASSPKLGSGSSYNEQF,1
TRBV7-9,TRBJ2-1,ASSPKLGSYNEQF,10
TRBV7-9,TRBJ2-1,ASSPKLGSYYEQF,1
TRBV7-9,TRBJ2-1,ASSPKLGTGTRSYNEQF,1
TRBV7-9,TRBJ2-1,ASSPKLGTSGSTYNEQF,1
TRBV7-9,TRBJ2-1,ASSPKLGTYYNEQF,1
TRBV7-9,TRBJ2-1,ASSPKLIGTGVNNEQF,1
TRBV7-9,TRBJ2-1,ASSPKLLAAGVGNEQF,1
TRBV7-9,TRBJ2-1,ASSPKLLAGAYYNEQF,3
TRBV7-9,TRBJ2-1,ASSPKLLAGVARNEQF,1
TRBV7-9,TRBJ2-1,ASSPKLLESSYNEQF,1
TRBV7-9,TRBJ2-1,ASSPKLLSSYNEQF,14
TRBV7-9,TRBJ2-1,ASSPKLLVDEQF,9
TRBV7-9,TRBJ2-1,ASSPKLNEQC,1
TRBV7-9,TRBJ2-1,ASSPKLPSGRANEQF,1
TRBV7-9,TRBJ2-1,ASSPKLPSSYNEQF,1
TRBV7-9,TRBJ2-1,ASSPKLQARYNEQF,1
TRBV7-9,TRBJ2-1,ASSPKLQGRDEQF,3
TRBV7-9,TRBJ2-1,ASSPKLRDSNINEQF,1
TRBV7-9,TRBJ2-1,ASSPKLRDSNVNEQF,1
TRBV7-9,TRBJ2-1,ASSPKLRESNEQF,10
TRBV7-9,TRBJ2-1,ASSPKLRLAGGRNEQF,2
TRBV7-9,TRBJ2-1,ASSPKLRLGDNEQF,1
TRBV7-9,TRBJ2-1,ASSPKLSDSYNEQF,1
TRBV7-9,TRBJ2-1,ASSPKLSRESSYNEQF,1
TRBV7-9,TRBJ2-1,ASSPKLSSYNEQF,4
TRBV7-9,TRBJ2-1,ASSPKLTDEQF,6
TRBV7-9,TRBJ2-1,ASSPKLTDSYNEQF,18
TRBV7-9,TRBJ2-1,ASSPKLTPNEQF,1
TRBV7-9,TRBJ2-1,ASSPKLTSGSSNEQF,1
TRBV7-9,TRBJ2-1,ASSPKLTSPDNEQF,1
TRBV7-9,TRBJ2-1,ASSPKLTSYNEQF,1
TRBV7-9,TRBJ2-1,ASSPKLVERYEQF,1
TRBV7-9,TRBJ2-1,ASSPKLVHRDEQF,1
TRBV7-9,TRBJ2-1,ASSPKLWREDSYNEQF,2
TRBV7-9,TRBJ2-1,ASSPKLYEVSYNEQF,1
TRBV7-9,TRBJ2-1,ASSPKLYTYNEQF,1
TRBV7-9,TRBJ2-1,ASSPKMANEQF,1
TRBV7-9,TRBJ2-1,ASSPKMASGRMEQF,4
TRBV7-9,TRBJ2-1,ASSPKMGDRYNEQF,1
TRBV7-9,TRBJ2-1,ASSPKMGGRSYNEQF,2
TRBV7-9,TRBJ2-1,ASSPKMGGSSYNEQF,4
TRBV7-9,TRBJ2-1,ASSPKMGQPPYNEQF,1
TRBV7-9,TRBJ2-1,ASSPKMGRDYNEQF,2
TRBV7-9,TRBJ2-1,ASSPKMREGGIGNEQF,1
TRBV7-9,TRBJ2-1,ASSPKMTPSSYIEQF,2
TRBV7-9,TRBJ2-1,ASSPKMTPSSYNEQF,3
TRBV7-9,TRBJ2-1,ASSPKMTSGKSSYNEQF,1
TRBV7-9,TRBJ2-1,ASSPKNEKF,1
TRBV7-9,TRBJ2-1,ASSPKNEQF,25
TRBV7-9,TRBJ2-1,ASSPKNGLISKVFNEQF,2
TRBV7-9,TRBJ2-1,ASSPKNGPGGDEQF,1
TRBV7-9,TRBJ2-1,ASSPKNGRAYNEQF,1
TRBV7-9,TRBJ2-1,ASSPKNGRVNEQF,1
TRBV7-9,TRBJ2-1,ASSPKNGVSSGQF,1
TRBV7-9,TRBJ2-1,ASSPKNLLAGSSYNEQF,1
TRBV7-9,TRBJ2-1,ASSPKNLLNEQF,1
TRBV7-9,TRBJ2-1,ASSPKNPGLNEQF,4
TRBV7-9,TRBJ2-1,ASSPKNQGNEQF,1
TRBV7-9,TRBJ2-1,ASSPKNRDEQF,1
TRBV7-9,TRBJ2-1,ASSPKNRGGNEQF,1
TRBV7-9,TRBJ2-1,ASSPKNRGNEQF,26
TRBV7-9,TRBJ2-1,ASSPKNRGNKQF,1
TRBV7-9,TRBJ2-1,ASSPKNRRNEQF,1
TRBV7-9,TRBJ2-1,ASSPKNSANEQF,1
TRBV7-9,TRBJ2-1,ASSPKNTAHNEQF,1
TRBV7-9,TRBJ2-1,ASSPKNWGRTIHEQF,1
TRBV7-9,TRBJ2-1,ASSPKNYNEQF,1
TRBV7-9,TRBJ2-1,ASSPKNYRNEQF,1
TRBV7-9,TRBJ2-1,ASSPKPAFRAPNEQF,1
TRBV7-9,TRBJ2-1,ASSPKPAGAAKEQF,1
TRBV7-9,TRBJ2-1,ASSPKPAGACNEQF,1
TRBV7-9,TRBJ2-1,ASSPKPAGASNDQF,1
TRBV7-9,TRBJ2-1,ASSPKPAGASNEQF,8
TRBV7-9,TRBJ2-1,ASSPKPASGSREQF,8
TRBV7-9,TRBJ2-1,ASSPKPDEQF,1
TRBV7-9,TRBJ2-1,ASSPKPDNEQF,9
TRBV7-9,TRBJ2-1,ASSPKPDRAPYNEQF,7
TRBV7-9,TRBJ2-1,ASSPKPDSYNEQF,1
TRBV7-9,TRBJ2-1,ASSPKPEGHGAYNEQF,1
TRBV7-9,TRBJ2-1,ASSPKPGADNEQF,12
TRBV7-9,TRBJ2-1,ASSPKPGAENEQF,1
TRBV7-9,TRBJ2-1,ASSPKPGCHGSYNEQF,1
TRBV7-9,TRBJ2-1,ASSPKPGEGTSYNEQF,9
TRBV7-9,TRBJ2-1,ASSPKPGEYNEQF,1
TRBV7-9,TRBJ2-1,ASSPKPGGAYNEQF,1
TRBV7-9,TRBJ2-1,ASSPKPGGHGFYNKQF,1
TRBV7-9,TRBJ2-1,ASSPKPGGHGSYNEQF,93
TRBV7-9,TRBJ2-1,ASSPKPGGHGSYSEQF,1
TRBV7-9,TRBJ2-1,ASSPKPGGPGSYNEQF,1
TRBV7-9,TRBJ2-1,ASSPKPGGTYNEQF,1
TRBV7-9,TRBJ2-1,ASSPKPGIRETYNEQF,1
TRBV7-9,TRBJ2-1,ASSPKPGLAANEQF,1
TRBV7-9,TRBJ2-1,ASSPKPGLAAYNEQF,1
TRBV7-9,TRBJ2-1,ASSPKPGLAGEVGHNEQF,12
TRBV7-9,TRBJ2-1,ASSPKPGLAGNSYNEQF,9
TRBV7-9,TRBJ2-1,ASSPKPGLAGNSYNEQL,1
TRBV7-9,TRBJ2-1,ASSPKPGLAGSNEQF,1
TRBV7-9,TRBJ2-1,ASSPKPGLAGVNYNEQF,1
TRBV7-9,TRBJ2-1,ASSPKPGLAGVYNEQF,1
TRBV7-9,TRBJ2-1,ASSPKPGLASYNEQF,1
TRBV7-9,TRBJ2-1,ASSPKPGLGSWEQF,10
TRBV7-9,TRBJ2-1,ASSPKPGQGALF,4
TRBV7-9,TRBJ2-1,ASSPKPGQGAYEQF,1
TRBV7-9,TRBJ2-1,ASSPKPGQGGNEQF,1
TRBV7-9,TRBJ2-1,ASSPKPGQGKDNEQF,1
TRBV7-9,TRBJ2-1,ASSPKPGQGKNEQF,1
TRBV7-9,TRBJ2-1,ASSPKPGQGLNEQF,1
TRBV7-9,TRBJ2-1,ASSPKPGQGNNEQF,1
TRBV7-9,TRBJ2-1,ASSPKPGQGRNEQF,1
TRBV7-9,TRBJ2-1,ASSPKPGQGYNEQF,43
TRBV7-9,TRBJ2-1,ASSPKPGQPDNEQF,1
TRBV7-9,TRBJ2-1,ASSPKPGQSYNEQF,1
TRBV7-9,TRBJ2-1,ASSPKPGQWYNEQF,1
TRBV7-9,TRBJ2-1,ASSPKPGQYNEQF,2
TRBV7-9,TRBJ2-1,ASSPKPGRAPCNEQF,1
TRBV7-9,TRBJ2-1,ASSPKPGRDDNAQF,1
TRBV7-9,TRBJ2-1,ASSPKPGRDDNEEF,2
TRBV7-9,TRBJ2-1,ASSPKPGRDDNEQF,15
TRBV7-9,TRBJ2-1,ASSPKPGRHGSYNEQF,1
TRBV7-9,TRBJ2-1,ASSPKPGSVGHNEQF,1
TRBV7-9,TRBJ2-1,ASSPKPGTDTYNEQF,1
TRBV7-9,TRBJ2-1,ASSPKPGTFDNEQF,1
TRBV7-9,TRBJ2-1,ASSPKPGTGSHNEQF,1
TRBV7-9,TRBJ2-1,ASSPKPGTGTYNEQF,1
TRBV7-9,TRBJ2-1,ASSPKPGTPDNEQF,1
TRBV7-9,TRBJ2-1,ASSPKPGTPNEQF,1
TRBV7-9,TRBJ2-1,ASSPKPGTPVDEQF,1
TRBV7-9,TRBJ2-1,ASSPKPGTSAGHNEQF,14
TRBV7-9,TRBJ2-1,ASSPKPGTTGGADNEQF,1
TRBV7-9,TRBJ2-1,ASSPKPIKAGGANEQF,1
TRBV7-9,TRBJ2-1,ASSPKPIQPSYNEQF,1
TRBV7-9,TRBJ2-1,ASSPKPIYKEQF,1
TRBV7-9,TRBJ2-1,ASSPKPIYNAQF,1
TRBV7-9,TRBJ2-1,ASSPKPIYNEQF,15
TRBV7-9,TRBJ2-1,ASSPKPLAGERYNEQF,1
TRBV7-9,TRBJ2-1,ASSPKPLAPSSYNEQF,1
TRBV7-9,TRBJ2-1,ASSPKPLGRNEQF,3
TRBV7-9,TRBJ2-1,ASSPKPMGGTSYNEQF,1
TRBV7-9,TRBJ2-1,ASSPKPNEQF,2
TRBV7-9,TRBJ2-1,ASSPKPPDPSNEQF,1
TRBV7-9,TRBJ2-1,ASSPKPPGLAFNEQF,1
TRBV7-9,TRBJ2-1,ASSPKPPGYNEQF,11
TRBV7-9,TRBJ2-1,ASSPKPPLAGVDNEQF,1
TRBV7-9,TRBJ2-1,ASSPKPQTSGNYNEQF,1
TRBV7-9,TRBJ2-1,ASSPKPRDRNHSYNEQF,1
TRBV7-9,TRBJ2-1,ASSPKPRGAGSYIEQF,1
TRBV7-9,TRBJ2-1,ASSPKPRGAGSYNEQF,10
TRBV7-9,TRBJ2-1,ASSPKPRGAGSYNEQL,1
TRBV7-9,TRBJ2-1,ASSPKPRLAEGSHNEQF,1
TRBV7-9,TRBJ2-1,ASSPKPRRGPENEQF,1
TRBV7-9,TRBJ2-1,ASSPKPSGGITYNEQF,1
TRBV7-9,TRBJ2-1,ASSPKPSGGSYNEQF,1
TRBV7-9,TRBJ2-1,ASSPKPSGKMVNEQF,1
TRBV7-9,TRBJ2-1,ASSPKPSGLAGVNEQF,1
TRBV7-9,TRBJ2-1,ASSPKPSGLVDEQF,8
TRBV7-9,TRBJ2-1,ASSPKPSGRASYNEQF,1
TRBV7-9,TRBJ2-1,ASSPKPSGRRDEQF,1
TRBV7-9,TRBJ2-1,ASSPKPSGRSYNEQF,1
TRBV7-9,TRBJ2-1,ASSPKPSNNEQF,1
TRBV7-9,TRBJ2-1,ASSPKPTGAAYNEQF,1
TRBV7-9,TRBJ2-1,ASSPKPTGALDTYNEQF,1
TRBV7-9,TRBJ2-1,ASSPKPTGGSYNEQF,1
TRBV7-9,TRBJ2-1,ASSPKPTGGWYNEQF,1
TRBV7-9,TRBJ2-1,ASSPKPTSGIIVSYNEQF,4
TRBV7-9,TRBJ2-1,ASSPKPTSGSGYNEQF,1
TRBV7-9,TRBJ2-1,ASSPKPVAGTGVLNEQF,1
TRBV7-9,TRBJ2-1,ASSPKPVEGTSYNEQF,1
TRBV7-9,TRBJ2-1,ASSPKPVLGSWEQF,1
TRBV7-9,TRBJ2-1,ASSPKPVTSAGHNEQF,1
TRBV7-9,TRBJ2-1,ASSPKPVVPF,7
TRBV7-9,TRBJ2-1,ASSPKPWDEQF,2
TRBV7-9,TRBJ2-1,ASSPKPWEEQF,1
TRBV7-9,TRBJ2-1,ASSPKPWGHGSYNEQF,1
TRBV7-9,TRBJ2-1,ASSPKQDTLSYNEQF,1
TRBV7-9,TRBJ2-1,ASSPKQF,3
TRBV7-9,TRBJ2-1,ASSPKQGALGNEQF,1
TRBV7-9,TRBJ2-1,ASSPKQGARNEQF,1
TRBV7-9,TRBJ2-1,ASSPKQGAYNEQF,1
TRBV7-9,TRBJ2-1,ASSPKQGDSSYNEQF,1
TRBV7-9,TRBJ2-1,ASSPKQGENYNEQF,1
TRBV7-9,TRBJ2-1,ASSPKQGESYNEQF,10
TRBV7-9,TRBJ2-1,ASSPKQGKAYNEQF,1
TRBV7-9,TRBJ2-1,ASSPKQGLAGSPYNEQF,9
TRBV7-9,TRBJ2-1,ASSPKQGLEGSPYNEQF,1
TRBV7-9,TRBJ2-1,ASSPKQGMAYNEQF,8
TRBV7-9,TRBJ2-1,ASSPKQGMAYNEQL,1
TRBV7-9,TRBJ2-1,ASSPKQGNEQF,1
TRBV7-9,TRBJ2-1,ASSPKQGRGTFLYNEQF,1
TRBV7-9,TRBJ2-1,ASSPKQGRNEQS,1
TRBV7-9,TRBJ2-1,ASSPKQGRPYNEQF,1
TRBV7-9,TRBJ2-1,ASSPKQGSSSNEQF,1
TRBV7-9,TRBJ2-1,ASSPKQGSSYNEQF,6
TRBV7-9,TRBJ2-1,ASSPKQGSYNEQF,2
TRBV7-9,TRBJ2-1,ASSPKQGTYNEQF,8
TRBV7-9,TRBJ2-1,ASSPKQGVGSNEQF,1
TRBV7-9,TRBJ2-1,ASSPKQGVGSTEQF,14
TRBV7-9,TRBJ2-1,ASSPKQGVGSTEQV,1
TRBV7-9,TRBJ2-1,ASSPKQGWALNEQF,10
TRBV7-9,TRBJ2-1,ASSPKQGYNNEQF,1
TRBV7-9,TRBJ2-1,ASSPKQLGRSYNEQF,1
TRBV7-9,TRBJ2-1,ASSPKQPQLYNEQF,1
TRBV7-9,TRBJ2-1,ASSPKQRTSGGGNEQF,1
TRBV7-9,TRBJ2-1,ASSPKQSGSPI,5
TRBV7-9,TRBJ2-1,ASSPKQSSYNEQF,10
TRBV7-9,TRBJ2-1,ASSPKQTDPSYNEQF,9
TRBV7-9,TRBJ2-1,ASSPKQVSSYNEQF,1
TRBV7-9,TRBJ2-1,ASSPKRAAYNEQF,1
TRBV7-9,TRBJ2-1,ASSPKRADYNEQF,2
TRBV7-9,TRBJ2-1,ASSPKRAEPYNEQF,6
TRBV7-9,TRBJ2-1,ASSPKRAGGSNEQF,1
TRBV7-9,TRBJ2-1,ASSPKRALYNEQF,1
TRBV7-9,TRBJ2-1,ASSPKRATYNEQF,1
TRBV7-9,TRBJ2-1,ASSPKRAYNEQF,2
TRBV7-9,TRBJ2-1,ASSPKRDAYNEQF,3
TRBV7-9,TRBJ2-1,ASSPKRDFSNEQF,1
TRBV7-9,TRBJ2-1,ASSPKRDHNEQF,1
TRBV7-9,TRBJ2-1,ASSPKRDIMSNEQF,1
TRBV7-9,TRBJ2-1,ASSPKRDNEKF,1
TRBV7-9,TRBJ2-1,ASSPKRDNEQF,3
TRBV7-9,TRBJ2-1,ASSPKRDNEVNEQF,1
TRBV7-9,TRBJ2-1,ASSPKRDRGYNEQF,1
TRBV7-9,TRBJ2-1,ASSPKRDSYNEQF,8
TRBV7-9,TRBJ2-1,ASSPKRDVSSYNEQF,16
TRBV7-9,TRBJ2-1,ASSPKRDYNEQF,1
TRBV7-9,TRBJ2-1,ASSPKREAYNEQF,1
TRBV7-9,TRBJ2-1,ASSPKREEAAYNEQF,1
TRBV7-9,TRBJ2-1,ASSPKREEASYNDQF,1
TRBV7-9,TRBJ2-1,ASSPKREEASYNEQF,13
TRBV7-9,TRBJ2-1,ASSPKREEYNEQF,2
TRBV7-9,TRBJ2-1,ASSPKREGDYNEQF,10
TRBV7-9,TRBJ2-1,ASSPKREGGNEQF,1
TRBV7-9,TRBJ2-1,ASSPKREGHYEQF,5
TRBV7-9,TRBJ2-1,ASSPKREGLNEQC,1
TRBV7-9,TRBJ2-1,ASSPKREGLNEQF,4
TRBV7-9,TRBJ2-1,ASSPKREGNNEQF,1
TRBV7-9,TRBJ2-1,ASSPKREGNYEQF,1
TRBV7-9,TRBJ2-1,ASSPKREGQRDNEQF,9
TRBV7-9,TRBJ2-1,ASSPKREGRDEQF,1
TRBV7-9,TRBJ2-1,ASSPKREGRGWSYNEQF,1
TRBV7-9,TRBJ2-1,ASSPKREGSSTEQF,1
TRBV7-9,TRBJ2-1,ASSPKREGSYNEQF,2
TRBV7-9,TRBJ2-1,ASSPKREGTYNEQF,2
TRBV7-9,TRBJ2-1,ASSPKREGYNEQF,1
TRBV7-9,TRBJ2-1,ASSPKREHDNEQF,2
TRBV7-9,TRBJ2-1,ASSPKREIYNEQF,15
TRBV7-9,TRBJ2-1,ASSPKREKRNEQF,1
TRBV7-9,TRBJ2-1,ASSPKRELDNEQF,1
TRBV7-9,TRBJ2-1,ASSPKRELKDEQF,1
TRBV7-9,TRBJ2-1,ASSPKREPDNEQF,1
TRBV7-9,TRBJ2-1,ASSPKREPYNEQF,1
TRBV7-9,TRBJ2-1,ASSPKRERWYEQF,1
TRBV7-9,TRBJ2-1,ASSPKRERYNEQF,1
TRBV7-9,TRBJ2-1,ASSPKRESPSSYNEQF,1
TRBV7-9,TRBJ2-1,ASSPKRESSYNEQF,1
TRBV7-9,TRBJ2-1,ASSPKRESYNEQF,1
TRBV7-9,TRBJ2-1,ASSPKREVIEEPTGEQF,4
TRBV7-9,TRBJ2-1,ASSPKREWASYNEQF,1
TRBV7-9,TRBJ2-1,ASSPKREWDNEQF,1
TRBV7-9,TRBJ2-1,ASSPKREWLNEQF,1
TRBV7-9,TRBJ2-1,ASSPKRFGTGNNEQF,1
TRBV7-9,TRBJ2-1,ASSPKRGAGADNEQF,1
TRBV7-9,TRBJ2-1,ASSPKRGDYNEQF,1
TRBV7-9,TRBJ2-1,ASSPKRGEWGRNEQF,1
TRBV7-9,TRBJ2-1,ASSPKRGGGVYNEQF,5
TRBV7-9,TRBJ2-1,ASSPKRGGVDEQF,3
TRBV7-9,TRBJ2-1,ASSPKRGGYNEQF,1
TRBV7-9,TRBJ2-1,ASSPKRGLAINEQF,1
TRBV7-9,TRBJ2-1,ASSPKRGNEQF,2
TRBV7-9,TRBJ2-1,ASSPKRGPGLGSYNEQF,1
TRBV7-9,TRBJ2-1,ASSPKRGPSDNEQF,1
TRBV7-9,TRBJ2-1,ASSPKRGPSNNEQF,9
TRBV7-9,TRBJ2-1,ASSPKRGQGAYNEQF,1
TRBV7-9,TRBJ2-1,ASSPKRGQGMNNEQF,6
TRBV7-9,TRBJ2-1,ASSPKRGQGSDNEQF,1
TRBV7-9,TRBJ2-1,ASSPKRGQGYNEQF,1
TRBV7-9,TRBJ2-1,ASSPKRGRADDEQF,1
TRBV7-9,TRBJ2-1,ASSPKRGRGGSDEQF,4
TRBV7-9,TRBJ2-1,ASSPKRGRGLDNEQF,1
TRBV7-9,TRBJ2-1,ASSPKRGSDSSYNEQF,1
TRBV7-9,TRBJ2-1,ASSPKRGSSYNEQF,3
TRBV7-9,TRBJ2-1,ASSPKRGSTNEQF,8
TRBV7-9,TRBJ2-1,ASSPKRGSVYNEQF,16
TRBV7-9,TRBJ2-1,ASSPKRGSYNEQF,1
TRBV7-9,TRBJ2-1,ASSPKRGTGANNEQF,1
TRBV7-9,TRBJ2-1,ASSPKRGVSYNEQF,2
TRBV7-9,TRBJ2-1,ASSPKRGWVYNEQF,1
TRBV7-9,TRBJ2-1,ASSPKRHDEQF,1
TRBV7-9,TRBJ2-1,ASSPKRIAGGGNEQF,12
TRBV7-9,TRBJ2-1,ASSPKRIGGSNEQF,1
TRBV7-9,TRBJ2-1,ASSPKRISYNEQF,3
TRBV7-9,TRBJ2-1,ASSPKRITYNEQF,1
TRBV7-9,TRBJ2-1,ASSPKRLAEQNNEQF,1
TRBV7-9,TRBJ2-1,ASSPKRLAGADSPSYNEQF,4
TRBV7-9,TRBJ2-1,ASSPKRLAGAPGNEQF,11
TRBV7-9,TRBJ2-1,ASSPKRLAGGLNEQF,3
TRBV7-9,TRBJ2-1,ASSPKRLAGGSVEQF,12
TRBV7-9,TRBJ2-1,ASSPKRLAGGYNEQF,7
TRBV7-9,TRBJ2-1,ASSPKRLAGVHNEQF,2
TRBV7-9,TRBJ2-1,ASSPKRLAGVSNEQF,1
TRBV7-9,TRBJ2-1,ASSPKRLAGYNEQF,1
TRBV7-9,TRBJ2-1,ASSPKRLARDNEQF,1
TRBV7-9,TRBJ2-1,ASSPKRLARYNEQF,1
TRBV7-9,TRBJ2-1,ASSPKRLDSRLSYNEQF,1
TRBV7-9,TRBJ2-1,ASSPKRLGADNEQF,1
TRBV7-9,TRBJ2-1,ASSPKRLNEQF,1
TRBV7-9,TRBJ2-1,ASSPKRLQGYNEQF,1
TRBV7-9,TRBJ2-1,ASSPKRNEQF,2
TRBV7-9,TRBJ2-1,ASSPKRNLNEQF,1
TRBV7-9,TRBJ2-1,ASSPKRPAVNEQF,1
TRBV7-9,TRBJ2-1,ASSPKRPEHNEQF,18
TRBV7-9,TRBJ2-1,ASSPKRPSSYNEQF,1
TRBV7-9,TRBJ2-1,ASSPKRPYNEQF,1
TRBV7-9,TRBJ2-1,ASSPKRQDYNEQF,8
TRBV7-9,TRBJ2-1,ASSPKRQGLSYNEQF,1
TRBV7-9,TRBJ2-1,ASSPKRQGPGNEQF,1
TRBV7-9,TRBJ2-1,ASSPKRRDADEQF,1
TRBV7-9,TRBJ2-1,ASSPKRRELNEQF,1
TRBV7-9,TRBJ2-1,ASSPKRRELVNEQF,1
TRBV7-9,TRBJ2-1,ASSPKRREPYNDQF,1
TRBV7-9,TRBJ2-1,ASSPKRREPYNEQF,2
TRBV7-9,TRBJ2-1,ASSPKRRLAEYNEQF,16
TRBV7-9,TRBJ2-1,ASSPKRRLAGLLNEQF,1
TRBV7-9,TRBJ2-1,ASSPKRRPRGNEQF,6
TRBV7-9,TRBJ2-1,ASSPKRRSINEQF,3
TRBV7-9,TRBJ2-1,ASSPKRSATYNEQF,1
TRBV7-9,TRBJ2-1,ASSPKRSAYNEQF,1
TRBV7-9,TRBJ2-1,ASSPKRSEQFPYNEQF,11
TRBV7-9,TRBJ2-1,ASSPKRSEQVPYNEQF,1
TRBV7-9,TRBJ2-1,ASSPKRSGGPNNEQF,4
TRBV7-9,TRBJ2-1,ASSPKRSGTDYNEQF,1
TRBV7-9,TRBJ2-1,ASSPKRSLAVGHNEQF,1
TRBV7-9,TRBJ2-1,ASSPKRSNNNEQF,1
TRBV7-9,TRBJ2-1,ASSPKRSPTYNEQF,1
TRBV7-9,TRBJ2-1,ASSPKRSSGAYNEQF,1
TRBV7-9,TRBJ2-1,ASSPKRSSYNEQF,2
TRBV7-9,TRBJ2-1,ASSPKRSTGFNEQF,1
TRBV7-9,TRBJ2-1,ASSPKRSYNEQF,3
TRBV7-9,TRBJ2-1,ASSPKRTATYNEQF,12
TRBV7-9,TRBJ2-1,ASSPKRTFEQF,2
TRBV7-9,TRBJ2-1,ASSPKRTGGKYEQF,1
TRBV7-9,TRBJ2-1,ASSPKRTGPYNEQF,1
TRBV7-9,TRBJ2-1,ASSPKRTGSIPSYNEQF,1
TRBV7-9,TRBJ2-1,ASSPKRTGSRVNEQF,1
TRBV7-9,TRBJ2-1,ASSPKRTSGANEQF,1
TRBV7-9,TRBJ2-1,ASSPKRTSGEGSYNEQF,1
TRBV7-9,TRBJ2-1,ASSPKRTSGRAYNEQF,3
TRBV7-9,TRBJ2-1,ASSPKRTSGRNEQF,1
TRBV7-9,TRBJ2-1,ASSPKRTSGSDEQF,8
TRBV7-9,TRBJ2-1,ASSPKRTSSGSYNEQF,1
TRBV7-9,TRBJ2-1,ASSPKRTVRDEQF,1
TRBV7-9,TRBJ2-1,ASSPKRVLSYNEQF,1
TRBV7-9,TRBJ2-1,ASSPKRVNEQF,1
TRBV7-9,TRBJ2-1,ASSPKRVPDNEQF,1
TRBV7-9,TRBJ2-1,ASSPKRVPEQF,3
TRBV7-9,TRBJ2-1,ASSPKRVPYNEQF,1
TRBV7-9,TRBJ2-1,ASSPKRVRAYNEQF,1
TRBV7-9,TRBJ2-1,ASSPKRVSYNEQF,2
TRBV7-9,TRBJ2-1,ASSPKRWAALNNEQF,1
TRBV7-9,TRBJ2-1,ASSPKRWTGRDEQF,1
TRBV7-9,TRBJ2-1,ASSPKRYEQF,11
TRBV7-9,TRBJ2-1,ASSPKRYLGDNEQF,7
TRBV7-9,TRBJ2-1,ASSPKRYLGENEQF,1
TRBV7-9,TRBJ2-1,ASSPKSADNEQF,1
TRBV7-9,TRBJ2-1,ASSPKSAGGNEQF,1
TRBV7-9,TRBJ2-1,ASSPKSAGSYHEQF,1
TRBV7-9,TRBJ2-1,ASSPKSAGYNEQF,1
TRBV7-9,TRBJ2-1,ASSPKSAYNEQF,1
TRBV7-9,TRBJ2-1,ASSPKSDNNEQF,1
TRBV7-9,TRBJ2-1,ASSPKSDRGDNEQF,1
TRBV7-9,TRBJ2-1,ASSPKSDSYNERF,1
TRBV7-9,TRBJ2-1,ASSPKSECSYNEQC,1
TRBV7-9,TRBJ2-1,ASSPKSECSYNEQF,1
TRBV7-9,TRBJ2-1,ASSPKSEDSYNEQF,2
TRBV7-9,TRBJ2-1,ASSPKSEGALYNEQF,1
TRBV7-9,TRBJ2-1,ASSPKSEGAYKEQF,1
TRBV7-9,TRBJ2-1,ASSPKSEGAYNEQF,2
TRBV7-9,TRBJ2-1,ASSPKSEGFYNEQF,1
TRBV7-9,TRBJ2-1,ASSPKSEGPYKEQF,1
TRBV7-9,TRBJ2-1,ASSPKSEGSDNEQF,1
TRBV7-9,TRBJ2-1,ASSPKSEGSSNEQF,2
TRBV7-9,TRBJ2-1,ASSPKSEGSSTEQF,1
TRBV7-9,TRBJ2-1,ASSPKSEGSYHEQC,1
TRBV7-9,TRBJ2-1,ASSPKSEGSYKEQF,2
TRBV7-9,TRBJ2-1,ASSPKSEGSYNAQF,2
TRBV7-9,TRBJ2-1,ASSPKSEGSYNEHF,1
TRBV7-9,TRBJ2-1,ASSPKSEGSYNEKF,2
TRBV7-9,TRBJ2-1,ASSPKSEGSYNEPF,1
TRBV7-9,TRBJ2-1,ASSPKSEGSYNEQF,219
TRBV7-9,TRBJ2-1,ASSPKSEGSYNEQL,1
TRBV7-9,TRBJ2-1,ASSPKSEGSYNEQV,3
TRBV7-9,TRBJ2-1,ASSPKSEGSYNERF,1
TRBV7-9,TRBJ2-1,ASSPKSEGSYNGQF,5
TRBV7-9,TRBJ2-1,ASSPKSEGSYNQQF,1
TRBV7-9,TRBJ2-1,ASSPKSERSYNEQF,1
TRBV7-9,TRBJ2-1,ASSPKSEVSYKEQF,1
TRBV7-9,TRBJ2-1,ASSPKSEVSYNEQF,1
TRBV7-9,TRBJ2-1,ASSPKSGATHHSYNEQF,1
TRBV7-9,TRBJ2-1,ASSPKSGATPYNEQF,9
TRBV7-9,TRBJ2-1,ASSPKSGDSYNEQF,7
TRBV7-9,TRBJ2-1,ASSPKSGDYNEQF,1
TRBV7-9,TRBJ2-1,ASSPKSGGENEQF,1
TRBV7-9,TRBJ2-1,ASSPKSGGEQF,2
TRBV7-9,TRBJ2-1,ASSPKSGGLGNEQF,1
TRBV7-9,TRBJ2-1,ASSPKSGGSYNEQF,1
TRBV7-9,TRBJ2-1,ASSPKSGGYNEQF,2
TRBV7-9,TRBJ2-1,ASSPKSGLAGGYEQF,1
TRBV7-9,TRBJ2-1,ASSPKSGLAGVYNEQF,1
TRBV7-9,TRBJ2-1,ASSPKSGLAKDNEQF,1
TRBV7-9,TRBJ2-1,ASSPKSGLYNEQF,1
TRBV7-9,TRBJ2-1,ASSPKSGNSYNEQF,1
TRBV7-9,TRBJ2-1,ASSPKSGPANEQF,8
TRBV7-9,TRBJ2-1,ASSPKSGRAFYEQF,1
TRBV7-9,TRBJ2-1,ASSPKSGRALYNEQF,1
TRBV7-9,TRBJ2-1,ASSPKSGRAYEQF,1
TRBV7-9,TRBJ2-1,ASSPKSGRAYNEQF,1
TRBV7-9,TRBJ2-1,ASSPKSGREAYNEQF,7
TRBV7-9,TRBJ2-1,ASSPKSGRESSYNEQF,1
TRBV7-9,TRBJ2-1,ASSPKSGRGPNEQF,1
TRBV7-9,TRBJ2-1,ASSPKSGRGRNEQF,6
TRBV7-9,TRBJ2-1,ASSPKSGRRSYNEQF,1
TRBV7-9,TRBJ2-1,ASSPKSGSANEQF,1
TRBV7-9,TRBJ2-1,ASSPKSGSAYNEQF,1
TRBV7-9,TRBJ2-1,ASSPKSGSNEQF,1
TRBV7-9,TRBJ2-1,ASSPKSGSSYNEQF,2
TRBV7-9,TRBJ2-1,ASSPKSGSYNEQF,1
TRBV7-9,TRBJ2-1,ASSPKSGTPNEQF,11
TRBV7-9,TRBJ2-1,ASSPKSGTSGIFPEQF,3
TRBV7-9,TRBJ2-1,ASSPKSGTSGVDEQF,1
TRBV7-9,TRBJ2-1,ASSPKSGTSIDEQF,1
TRBV7-9,TRBJ2-1,ASSPKSGTYNEQF,1
TRBV7-9,TRBJ2-1,ASSPKSGTYYNEQF,6
TRBV7-9,TRBJ2-1,ASSPKSGVDNEQF,1
TRBV7-9,TRBJ2-1,ASSPKSGWGPYNEQF,1
TRBV7-9,TRBJ2-1,ASSPKSGYEQF,1
TRBV7-9,TRBJ2-1,ASSPKSLAGAYNEQF,1
TRBV7-9,TRBJ2-1,ASSPKSLAGGHSYNEQF,1
TRBV7-9,TRBJ2-1,ASSPKSLGGYNEQF,1
TRBV7-9,TRBJ2-1,ASSPKSLGSYNEQF,7
TRBV7-9,TRBJ2-1,ASSPKSLLAGPSYNEQF,1
TRBV7-9,TRBJ2-1,ASSPKSLVASGPMLV,2
TRBV7-9,TRBJ2-1,ASSPKSNEQF,4
TRBV7-9,TRBJ2-1,ASSPKSPGLADNEQF,1
TRBV7-9,TRBJ2-1,ASSPKSPGQESIGSYNEQF,3
TRBV7-9,TRBJ2-1,ASSPKSPGSYNEQF,1
TRBV7-9,TRBJ2-1,ASSPKSPLYNEQF,1
TRBV7-9,TRBJ2-1,ASSPKSPPSGSSYNEQF,1
TRBV7-9,TRBJ2-1,ASSPKSQGDEQF,5
TRBV7-9,TRBJ2-1,ASSPKSQGSHNEQF,1
TRBV7-9,TRBJ2-1,ASSPKSQGSYMGQC,1
TRBV7-9,TRBJ2-1,ASSPKSQQFYNEQF,9
TRBV7-9,TRBJ2-1,ASSPKSQRSYNEQF,1
TRBV7-9,TRBJ2-1,ASSPKSRASGRAGDEQF,1
TRBV7-9,TRBJ2-1,ASSPKSRGGRAYNEQF,1
TRBV7-9,TRBJ2-1,ASSPKSRGLKRGYNEQF,1
TRBV7-9,TRBJ2-1,ASSPKSRGPPIHNEQF,1
TRBV7-9,TRBJ2-1,ASSPKSRHLSYNEQF,4
TRBV7-9,TRBJ2-1,ASSPKSRHPLGHNEQF,19
TRBV7-9,TRBJ2-1,ASSPKSRHPLGQNEQF,1
TRBV7-9,TRBJ2-1,ASSPKSRLGVLGNEQF,1
TRBV7-9,TRBJ2-1,ASSPKSRNSYNEQF,6
TRBV7-9,TRBJ2-1,ASSPKSSGRYNEQF,1
TRBV7-9,TRBJ2-1,ASSPKSSGVNEQF,1
TRBV7-9,TRBJ2-1,ASSPKSSGWSSYNEQF,1
TRBV7-9,TRBJ2-1,ASSPKSSNEQF,1
TRBV7-9,TRBJ2-1,ASSPKSSYNEQF,19
TRBV7-9,TRBJ2-1,ASSPKSTGINEQF,1
TRBV7-9,TRBJ2-1,ASSPKSTYNEQF,1
TRBV7-9,TRBJ2-1,ASSPKSVASYNEQV,1
TRBV7-9,TRBJ2-1,ASSPKSVDEQF,1
TRBV7-9,TRBJ2-1,ASSPKSVGLGINEQF,1
TRBV7-9,TRBJ2-1,ASSPKSVLAGPHEQF,1
TRBV7-9,TRBJ2-1,ASSPKSVLRDRLNNEQF,7
TRBV7-9,TRBJ2-1,ASSPKSWGYNEQF,1
TRBV7-9,TRBJ2-1,ASSPKSWTPNEQF,1
TRBV7-9,TRBJ2-1,ASSPKSYEQF,2
TRBV7-9,TRBJ2-1,ASSPKTAGDNGQF,2
TRBV7-9,TRBJ2-1,ASSPKTANEQF,1
TRBV7-9,TRBJ2-1,ASSPKTASSYNEQF,1
TRBV7-9,TRBJ2-1,ASSPKTAYNEQF,2
TRBV7-9,TRBJ2-1,ASSPKTCLEQF,1
TRBV7-9,TRBJ2-1,ASSPKTDYNEQF,1
TRBV7-9,TRBJ2-1,ASSPKTEGSNNEQF,3
TRBV7-9,TRBJ2-1,ASSPKTFLAGGEDEQF,1
TRBV7-9,TRBJ2-1,ASSPKTGAAYNEQF,1
TRBV7-9,TRBJ2-1,ASSPKTGAGPSYNEQF,1
TRBV7-9,TRBJ2-1,ASSPKTGAGTYNEQF,1
TRBV7-9,TRBJ2-1,ASSPKTGDEQF,9
TRBV7-9,TRBJ2-1,ASSPKTGDSYNEQF,1
TRBV7-9,TRBJ2-1,ASSPKTGENEQF,1
TRBV7-9,TRBJ2-1,ASSPKTGESYNEQF,1
TRBV7-9,TRBJ2-1,ASSPKTGFNEQF,1
TRBV7-9,TRBJ2-1,ASSPKTGFRHEQF,1
TRBV7-9,TRBJ2-1,ASSPKTGFTYNEQF,1
TRBV7-9,TRBJ2-1,ASSPKTGGDNEQF,3
TRBV7-9,TRBJ2-1,ASSPKTGGGRAYNEQF,5
TRBV7-9,TRBJ2-1,ASSPKTGGGSAYNEQF,1
TRBV7-9,TRBJ2-1,ASSPKTGGHINEQF,1
TRBV7-9,TRBJ2-1,ASSPKTGGIPYNEQF,1
TRBV7-9,TRBJ2-1,ASSPKTGGLSYNEQF,1
TRBV7-9,TRBJ2-1,ASSPKTGGQRNYNEQF,1
TRBV7-9,TRBJ2-1,ASSPKTGGQYNEQF,1
TRBV7-9,TRBJ2-1,ASSPKTGGRNEQF,1
TRBV7-9,TRBJ2-1,ASSPKTGGSYNEQF,2
TRBV7-9,TRBJ2-1,ASSPKTGGVNEQF,1
TRBV7-9,TRBJ2-1,ASSPKTGGVYYEQF,1
TRBV7-9,TRBJ2-1,ASSPKTGGYNEQF,1
TRBV7-9,TRBJ2-1,ASSPKTGHSSNEQF,1
TRBV7-9,TRBJ2-1,ASSPKTGIDSYNEQF,1
TRBV7-9,TRBJ2-1,ASSPKTGISYNEQF,15
TRBV7-9,TRBJ2-1,ASSPKTGIYYNEQF,1
TRBV7-9,TRBJ2-1,ASSPKTGLAYNEQF,1
TRBV7-9,TRBJ2-1,ASSPKTGLIYNEQF,1
TRBV7-9,TRBJ2-1,ASSPKTGLYNEQF,1
TRBV7-9,TRBJ2-1,ASSPKTGNEQF,2
TRBV7-9,TRBJ2-1,ASSPKTGNSYNGQF,1
TRBV7-9,TRBJ2-1,ASSPKTGPNDDEQF,1
TRBV7-9,TRBJ2-1,ASSPKTGPNEQF,1
TRBV7-9,TRBJ2-1,ASSPKTGRDNEQF,1
TRBV7-9,TRBJ2-1,ASSPKTGRGAYNEQF,1
TRBV7-9,TRBJ2-1,ASSPKTGRSLNEQF,1
TRBV7-9,TRBJ2-1,ASSPKTGRSYNEQF,1
TRBV7-9,TRBJ2-1,ASSPKTGRVYNEQF,1
TRBV7-9,TRBJ2-1,ASSPKTGSEQF,1
TRBV7-9,TRBJ2-1,ASSPKTGSGSAYNEQF,1
TRBV7-9,TRBJ2-1,ASSPKTGSSYNEQF,2
TRBV7-9,TRBJ2-1,ASSPKTGTGIYNEQF,1
TRBV7-9,TRBJ2-1,ASSPKTGTKDNEQF,1
TRBV7-9,TRBJ2-1,ASSPKTGTNEQF,1
TRBV7-9,TRBJ2-1,ASSPKTGTPSYNEQF,8
TRBV7-9,TRBJ2-1,ASSPKTGTSAFHEQF,1
TRBV7-9,TRBJ2-1,ASSPKTGTSGDNEQF,6
TRBV7-9,TRBJ2-1,ASSPKTGVEYNEQF,1
TRBV7-9,TRBJ2-1,ASSPKTGVKRDEQF,1
TRBV7-9,TRBJ2-1,ASSPKTGVNEQF,1
TRBV7-9,TRBJ2-1,ASSPKTGVSYNEQF,1
TRBV7-9,TRBJ2-1,ASSPKTGVVGEQF,14
TRBV7-9,TRBJ2-1,ASSPKTGVVVEQF,1
TRBV7-9,TRBJ2-1,ASSPKTGVVYNEQF,1
TRBV7-9,TRBJ2-1,ASSPKTGVYNEQF,14
TRBV7-9,TRBJ2-1,ASSPKTGWDEQF,1
TRBV7-9,TRBJ2-1,ASSPKTGYMYNEQF,1
TRBV7-9,TRBJ2-1,ASSPKTGYNEQF,12
TRBV7-9,TRBJ2-1,ASSPKTIGVNEQF,1
TRBV7-9,TRBJ2-1,ASSPKTIRVNEQF,3
TRBV7-9,TRBJ2-1,ASSPKTISTAYNEQF,1
TRBV7-9,TRBJ2-1,ASSPKTISTYNEQF,1
TRBV7-9,TRBJ2-1,ASSPKTLQF,8
TRBV7-9,TRBJ2-1,ASSPKTLQTSGYYNEQF,1
TRBV7-9,TRBJ2-1,ASSPKTPGLAESYNEQF,1
TRBV7-9,TRBJ2-1,ASSPKTPGTSNNEQF,1
TRBV7-9,TRBJ2-1,ASSPKTPKGRAYNEQF,1
TRBV7-9,TRBJ2-1,ASSPKTPLSVPNEQF,1
TRBV7-9,TRBJ2-1,ASSPKTPPVMNEQF,1
TRBV7-9,TRBJ2-1,ASSPKTPSYNEQF,1
TRBV7-9,TRBJ2-1,ASSPKTPVYNEQF,4
TRBV7-9,TRBJ2-1,ASSPKTQYNEQF,1
TRBV7-9,TRBJ2-1,ASSPKTRASGSDNEQF,1
TRBV7-9,TRBJ2-1,ASSPKTRDRNNEQF,1
TRBV7-9,TRBJ2-1,ASSPKTRDSGYNEQF,1
TRBV7-9,TRBJ2-1,ASSPKTRDYNEQF,7
TRBV7-9,TRBJ2-1,ASSPKTRGGITYNEQF,1
TRBV7-9,TRBJ2-1,ASSPKTRLAGFSDNEQF,1
TRBV7-9,TRBJ2-1,ASSPKTRLAGFSYNEQF,3
TRBV7-9,TRBJ2-1,ASSPKTRNEQF,1
TRBV7-9,TRBJ2-1,ASSPKTRSNEQC,1
TRBV7-9,TRBJ2-1,ASSPKTRSYNEQF,1
TRBV7-9,TRBJ2-1,ASSPKTRTSSGNEQF,1
TRBV7-9,TRBJ2-1,ASSPKTSDRNNEQF,19
TRBV7-9,TRBJ2-1,ASSPKTSEFYNEQF,1
TRBV7-9,TRBJ2-1,ASSPKTSESSYNAQF,1
TRBV7-9,TRBJ2-1,ASSPKTSESSYNEQF,12
TRBV7-9,TRBJ2-1,ASSPKTSEYSYNEQF,1
TRBV7-9,TRBJ2-1,ASSPKTSGAERYNEQF,4
TRBV7-9,TRBJ2-1,ASSPKTSGFYNEQF,1
TRBV7-9,TRBJ2-1,ASSPKTSGGAGNEQF,1
TRBV7-9,TRBJ2-1,ASSPKTSGGEGVKYNEQF,4
TRBV7-9,TRBJ2-1,ASSPKTSGGITYNEQF,17
TRBV7-9,TRBJ2-1,ASSPKTSGGNEQF,1
TRBV7-9,TRBJ2-1,ASSPKTSGKLEQF,18
TRBV7-9,TRBJ2-1,ASSPKTSGMGNEQF,1
TRBV7-9,TRBJ2-1,ASSPKTSGMRYNEQF,1
TRBV7-9,TRBJ2-1,ASSPKTSGNEQF,5
TRBV7-9,TRBJ2-1,ASSPKTSGQNNEQF,1
TRBV7-9,TRBJ2-1,ASSPKTSGQTYNEQF,1
TRBV7-9,TRBJ2-1,ASSPKTSGRAGNEQF,1
TRBV7-9,TRBJ2-1,ASSPKTSGRAYEQF,1
TRBV7-9,TRBJ2-1,ASSPKTSGRDNEQF,1
TRBV7-9,TRBJ2-1,ASSPKTSGREDEQF,2
TRBV7-9,TRBJ2-1,ASSPKTSGREYNEQF,1
TRBV7-9,TRBJ2-1,ASSPKTSGRFYNEQF,1
TRBV7-9,TRBJ2-1,ASSPKTSGRINEQF,1
TRBV7-9,TRBJ2-1,ASSPKTSGRLNEQF,1
TRBV7-9,TRBJ2-1,ASSPKTSGRPYNEQF,1
TRBV7-9,TRBJ2-1,ASSPKTSGRRYYYNEQF,1
TRBV7-9,TRBJ2-1,ASSPKTSGRVNEQF,1
TRBV7-9,TRBJ2-1,ASSPKTSGRWDEQF,1
TRBV7-9,TRBJ2-1,ASSPKTSGSFNEQF,1
TRBV7-9,TRBJ2-1,ASSPKTSGSLNEQF,1
TRBV7-9,TRBJ2-1,ASSPKTSGSMDEQF,1
TRBV7-9,TRBJ2-1,ASSPKTSGSPGSYNEQF,1
TRBV7-9,TRBJ2-1,ASSPKTSGSRSSYNEQF,1
TRBV7-9,TRBJ2-1,ASSPKTSGSRTNEQF,1
TRBV7-9,TRBJ2-1,ASSPKTSGSSYNEQF,3
TRBV7-9,TRBJ2-1,ASSPKTSGSTYNEQF,1
TRBV7-9,TRBJ2-1,ASSPKTSGTNEQF,1
TRBV7-9,TRBJ2-1,ASSPKTSGTYNEQF,3
TRBV7-9,TRBJ2-1,ASSPKTSGVLNEQF,1
TRBV7-9,TRBJ2-1,ASSPKTSGVYNEQF,3
TRBV7-9,TRBJ2-1,ASSPKTSGYKEQF,1
TRBV7-9,TRBJ2-1,ASSPKTSGYNEQF,11
TRBV7-9,TRBJ2-1,ASSPKTSGYNKQF,2
TRBV7-9,TRBJ2-1,ASSPKTSISYNEQF,1
TRBV7-9,TRBJ2-1,ASSPKTSKSSYNEQF,1
TRBV7-9,TRBJ2-1,ASSPKTSLAYNEQF,1
TRBV7-9,TRBJ2-1,ASSPKTSLEQF,8
TRBV7-9,TRBJ2-1,ASSPKTSNEQF,37
TRBV7-9,TRBJ2-1,ASSPKTSRDEQF,1
TRBV7-9,TRBJ2-1,ASSPKTSREVNEQF,1
TRBV7-9,TRBJ2-1,ASSPKTSSDEQF,1
TRBV7-9,TRBJ2-1,ASSPKTSSGGYNEQF,1
TRBV7-9,TRBJ2-1,ASSPKTSSGSPTYNEQF,1
TRBV7-9,TRBJ2-1,ASSPKTSSNEQF,1
TRBV7-9,TRBJ2-1,ASSPKTSSYNEQF,18
TRBV7-9,TRBJ2-1,ASSPKTSYNEQF,2
TRBV7-9,TRBJ2-1,ASSPKTTAYNEQF,1
TRBV7-9,TRBJ2-1,ASSPKTTSGKPVGEQF,14
TRBV7-9,TRBJ2-1,ASSPKTTSGKPVSEQF,1
TRBV7-9,TRBJ2-1,ASSPKTTYNEQF,1
TRBV7-9,TRBJ2-1,ASSPKTVDGYNEQF,1
TRBV7-9,TRBJ2-1,ASSPKTVGEQF,17
TRBV7-9,TRBJ2-1,ASSPKTVNSYNEQF,1
TRBV7-9,TRBJ2-1,ASSPKTVPYNEQF,1
TRBV7-9,TRBJ2-1,ASSPKTWVVGEQV,1
TRBV7-9,TRBJ2-1,ASSPKTYKSYNEQF,1
TRBV7-9,TRBJ2-1,ASSPKVAAKTYNEQF,1
TRBV7-9,TRBJ2-1,ASSPKVAGGLDYEQF,1
TRBV7-9,TRBJ2-1,ASSPKVAGGPNEQF,1
TRBV7-9,TRBJ2-1,ASSPKVAGGPYNEQF,4
TRBV7-9,TRBJ2-1,ASSPKVAGLHNEQF,1
TRBV7-9,TRBJ2-1,ASSPKVAGPHRDEQF,2
TRBV7-9,TRBJ2-1,ASSPKVAGSSYNEQF,1
TRBV7-9,TRBJ2-1,ASSPKVAPSGTYNEQF,1
TRBV7-9,TRBJ2-1,ASSPKVASYNEQF,4
TRBV7-9,TRBJ2-1,ASSPKVAVLYNEQF,3
TRBV7-9,TRBJ2-1,ASSPKVDSGSHYNEQF,1
TRBV7-9,TRBJ2-1,ASSPKVEDEQF,1
TRBV7-9,TRBJ2-1,ASSPKVEGGRSYNEQF,1
TRBV7-9,TRBJ2-1,ASSPKVEIRWGEQF,5
TRBV7-9,TRBJ2-1,ASSPKVFGEQF,7
TRBV7-9,TRBJ2-1,ASSPKVGAREVTYNEQF,1
TRBV7-9,TRBJ2-1,ASSPKVGFNEQF,15
TRBV7-9,TRBJ2-1,ASSPKVGGLWANEQF,1
TRBV7-9,TRBJ2-1,ASSPKVGGPHNEQF,1
TRBV7-9,TRBJ2-1,ASSPKVGGSSYNEQF,1
TRBV7-9,TRBJ2-1,ASSPKVGLADYNEQF,1
TRBV7-9,TRBJ2-1,ASSPKVGLAGVNEQF,1
TRBV7-9,TRBJ2-1,ASSPKVGLGVNEQF,1
TRBV7-9,TRBJ2-1,ASSPKVGNEQF,1
TRBV7-9,TRBJ2-1,ASSPKVGPRYNEQF,1
TRBV7-9,TRBJ2-1,ASSPKVGPYNEQF,1
TRBV7-9,TRBJ2-1,ASSPKVGQGDNEQF,16
TRBV7-9,TRBJ2-1,ASSPKVGQGENEQF,1
TRBV7-9,TRBJ2-1,ASSPKVGRESSYNEQF,2
TRBV7-9,TRBJ2-1,ASSPKVGRQGDYNEQF,1
TRBV7-9,TRBJ2-1,ASSPKVGRTFNEQF,1
TRBV7-9,TRBJ2-1,ASSPKVGSGSYNEQF,1
TRBV7-9,TRBJ2-1,ASSPKVGSSYNEQF,1
TRBV7-9,TRBJ2-1,ASSPKVGTGAENEQF,1
TRBV7-9,TRBJ2-1,ASSPKVHSNEQF,1
TRBV7-9,TRBJ2-1,ASSPKVLAGGNEQF,1
TRBV7-9,TRBJ2-1,ASSPKVLAGGPLYNEQF,1
TRBV7-9,TRBJ2-1,ASSPKVLAGNNEQF,1
TRBV7-9,TRBJ2-1,ASSPKVLAGPPGNEQF,1
TRBV7-9,TRBJ2-1,ASSPKVLAGYNEQF,1
TRBV7-9,TRBJ2-1,ASSPKVLANEQF,1
TRBV7-9,TRBJ2-1,ASSPKVLGTRSSYNEQF,1
TRBV7-9,TRBJ2-1,ASSPKVNEQF,1
TRBV7-9,TRBJ2-1,ASSPKVPGFYNEQF,1
TRBV7-9,TRBJ2-1,ASSPKVPRGSSYNEQF,1
TRBV7-9,TRBJ2-1,ASSPKVQDRGSYNEQF,9
TRBV7-9,TRBJ2-1,ASSPKVQDRGYYNEQF,1
TRBV7-9,TRBJ2-1,ASSPKVQGVYNEQF,1
TRBV7-9,TRBJ2-1,ASSPKVQIYNEQF,1
TRBV7-9,TRBJ2-1,ASSPKVRANEQF,10
TRBV7-9,TRBJ2-1,ASSPKVRDNEQF,1
TRBV7-9,TRBJ2-1,ASSPKVREGNEQF,5
TRBV7-9,TRBJ2-1,ASSPKVRGSNEQF,1
TRBV7-9,TRBJ2-1,ASSPKVRISNEQF,6
TRBV7-9,TRBJ2-1,ASSPKVRLGEQF,46
TRBV7-9,TRBJ2-1,ASSPKVRLSNRSYNEQF,1
TRBV7-9,TRBJ2-1,ASSPKVRRNEQF,1
TRBV7-9,TRBJ2-1,ASSPKVRSASSYNEQF,1
TRBV7-9,TRBJ2-1,ASSPKVSAGGYYNEQF,1
TRBV7-9,TRBJ2-1,ASSPKVSGADTEQF,1
TRBV7-9,TRBJ2-1,ASSPKVSGSDVNEQF,1
TRBV7-9,TRBJ2-1,ASSPKVSGTGGNEQF,1
TRBV7-9,TRBJ2-1,ASSPKVSRGPNEQF,1
TRBV7-9,TRBJ2-1,ASSPKVSSYNEQF,8
TRBV7-9,TRBJ2-1,ASSPKVTAGAYNEQF,7
TRBV7-9,TRBJ2-1,ASSPKVTGLSYNEQF,1
TRBV7-9,TRBJ2-1,ASSPKVTSGNEQF,1
TRBV7-9,TRBJ2-1,ASSPKVVAVSYNEQF,1
TRBV7-9,TRBJ2-1,ASSPKVVRTNNEQF,1
TRBV7-9,TRBJ2-1,ASSPKVVVAGDNEQF,1
TRBV7-9,TRBJ2-1,ASSPKVYSEQF,2
TRBV7-9,TRBJ2-1,ASSPKWDGRNNEQF,1
TRBV7-9,TRBJ2-1,ASSPKWDRGLWNEQF,2
TRBV7-9,TRBJ2-1,ASSPKWDRGYNEQF,1
TRBV7-9,TRBJ2-1,ASSPKWDRSYNEQF,1
TRBV7-9,TRBJ2-1,ASSPKWDSYNEQF,2
TRBV7-9,TRBJ2-1,ASSPKWEASSYNEQF,1
TRBV7-9,TRBJ2-1,ASSPKWEDYNEQF,3
TRBV7-9,TRBJ2-1,ASSPKWGANRNEQF,1
TRBV7-9,TRBJ2-1,ASSPKWGEREGYNEQF,1
TRBV7-9,TRBJ2-1,ASSPKWGRQVNEQF,1
TRBV7-9,TRBJ2-1,ASSPKWGSSYNEQF,7
TRBV7-9,TRBJ2-1,ASSPKWGTLYNEQF,2
TRBV7-9,TRBJ2-1,ASSPKWGTSDYNEQF,2
TRBV7-9,TRBJ2-1,ASSPKWNEQF,2
TRBV7-9,TRBJ2-1,ASSPKWPNNEQF,9
TRBV7-9,TRBJ2-1,ASSPKWRGGLAYNEQF,1
TRBV7-9,TRBJ2-1,ASSPKWRLAGLRNEQF,1
TRBV7-9,TRBJ2-1,ASSPKWRLGIEQF,1
TRBV7-9,TRBJ2-1,ASSPKWRLGNEQF,20
TRBV7-9,TRBJ2-1,ASSPKWRLGNEQL,1
TRBV7-9,TRBJ2-1,ASSPKWSPSSYNEQF,1
TRBV7-9,TRBJ2-1,ASSPKWSYNEQF,2
TRBV7-9,TRBJ2-1,ASSPKWTDEQF,6
TRBV7-9,TRBJ2-1,ASSPKWTDNYNEQF,1
TRBV7-9,TRBJ2-1,ASSPKWTLLYNEQF,12
TRBV7-9,TRBJ2-1,ASSPKWTLLYNEQL,1
TRBV7-9,TRBJ2-1,ASSPKWTSEYNEQF,1
TRBV7-9,TRBJ2-1,ASSPKWTSGDGSYNEQF,1
TRBV7-9,TRBJ2-1,ASSPKWTSGSPSYNEQF,2
TRBV7-9,TRBJ2-1,ASSPKWVAVSYNEQF,1
TRBV7-9,TRBJ2-1,ASSPKWWGEGNEQF,1
TRBV7-9,TRBJ2-1,ASSPKYEQF,2
TRBV7-9,TRBJ2-1,ASSPKYGFSYNEQF,1
TRBV7-9,TRBJ2-1,ASSPKYGLAGESYNEQF,1
TRBV7-9,TRBJ2-1,ASSPKYGNNEQF,1
TRBV7-9,TRBJ2-1,ASSPKYISSYNEQF,1
TRBV7-9,TRBJ2-1,ASSPKYKGQGDNEQF,4
TRBV7-9,TRBJ2-1,ASSPKYLPYNEQF,1
TRBV7-9,TRBJ2-1,ASSPKYNEQF,4
TRBV7-9,TRBJ2-1,ASSPKYPGSNEQF,1
TRBV7-9,TRBJ2-1,ASSPKYRLAGNEQF,1
TRBV7-9,TRBJ2-1,ASSPKYRLSSEQF,2
TRBV7-9,TRBJ2-1,ASSPKYRTDNEQF,1
TRBV7-9,TRBJ2-1,ASSPKYSGSSYNEQF,1
TRBV7-9,TRBJ2-1,ASSPKYVGIDSINEQF,1
TRBV7-9,TRBJ2-1,ASSPLAADEQF,1
TRBV7-9,TRBJ2-1,ASSPLAADNEQF,4
TRBV7-9,TRBJ2-1,ASSPLAADYNEEF,1
TRBV7-9,TRBJ2-1,ASSPLAAFHNEQF,10
TRBV7-9,TRBJ2-1,ASSPLAAGDRNEQF,1
TRBV7-9,TRBJ2-1,ASSPLAAGEQF,16
TRBV7-9,TRBJ2-1,ASSPLAAGGSSYNEQF,1
TRBV7-9,TRBJ2-1,ASSPLAAGNNEQF,12
TRBV7-9,TRBJ2-1,ASSPLAAGPPGNEQF,11
TRBV7-9,TRBJ2-1,ASSPLAAGPTGNEQF,1
TRBV7-9,TRBJ2-1,ASSPLAAGPYNEQF,1
TRBV7-9,TRBJ2-1,ASSPLAAGTYNEQF,4
TRBV7-9,TRBJ2-1,ASSPLAAGYNEHF,1
TRBV7-9,TRBJ2-1,ASSPLAAGYNEQF,27
TRBV7-9,TRBJ2-1,ASSPLAAKGWDEQF,1
TRBV7-9,TRBJ2-1,ASSPLAALGNEQF,1
TRBV7-9,TRBJ2-1,ASSPLAALNEQF,11
TRBV7-9,TRBJ2-1,ASSPLAAMGNEQF,3
TRBV7-9,TRBJ2-1,ASSPLAAPNEQF,1
TRBV7-9,TRBJ2-1,ASSPLAASNSYNEQF,2
TRBV7-9,TRBJ2-1,ASSPLAASSYNEQF,19
TRBV7-9,TRBJ2-1,ASSPLAASSYYEQF,1
TRBV7-9,TRBJ2-1,ASSPLAASTYNEQF,1
TRBV7-9,TRBJ2-1,ASSPLAASYNEQF,3
TRBV7-9,TRBJ2-1,ASSPLAATGGSYNEQF,1
TRBV7-9,TRBJ2-1,ASSPLAATHNEQF,3
TRBV7-9,TRBJ2-1,ASSPLAATIDEQF,1
TRBV7-9,TRBJ2-1,ASSPLAATLQQF,11
TRBV7-9,TRBJ2-1,ASSPLAATVQQF,1
TRBV7-9,TRBJ2-1,ASSPLAAVKAQF,3
TRBV7-9,TRBJ2-1,ASSPLAAVYYNEQF,1
TRBV7-9,TRBJ2-1,ASSPLAAYNEQF,2
TRBV7-9,TRBJ2-1,ASSPLACNNEQV,1
TRBV7-9,TRBJ2-1,ASSPLADAYKEQY,1
TRBV7-9,TRBJ2-1,ASSPLADAYNEQF,3
TRBV7-9,TRBJ2-1,ASSPLADEQF,5
TRBV7-9,TRBJ2-1,ASSPLADFYNEQF,6
TRBV7-9,TRBJ2-1,ASSPLADGGNEQF,1
TRBV7-9,TRBJ2-1,ASSPLADGNEQF,1
TRBV7-9,TRBJ2-1,ASSPLADGSYNEQF,2
TRBV7-9,TRBJ2-1,ASSPLADKKNNEQF,1
TRBV7-9,TRBJ2-1,ASSPLADLWF,1
TRBV7-9,TRBJ2-1,ASSPLADLYNEQF,4
TRBV7-9,TRBJ2-1,ASSPLADNEQF,49
TRBV7-9,TRBJ2-1,ASSPLADNNEQF,1
TRBV7-9,TRBJ2-1,ASSPLADPSNEQF,13
TRBV7-9,TRBJ2-1,ASSPLADPYNEQF,1
TRBV7-9,TRBJ2-1,ASSPLADSDKEQF,1
TRBV7-9,TRBJ2-1,ASSPLADSSYNEQF,2
TRBV7-9,TRBJ2-1,ASSPLADSYHEQF,1
TRBV7-9,TRBJ2-1,ASSPLADSYKEQF,1
TRBV7-9,TRBJ2-1,ASSPLADSYNAQF,2
TRBV7-9,TRBJ2-1,ASSPLADSYNDQF,2
TRBV7-9,TRBJ2-1,ASSPLADSYNEQC,2
TRBV7-9,TRBJ2-1,ASSPLADSYNEQF,123
TRBV7-9,TRBJ2-1,ASSPLADSYNGQF,1
TRBV7-9,TRBJ2-1,ASSPLADTLNEQF,1
TRBV7-9,TRBJ2-1,ASSPLADTYNEQF,1
TRBV7-9,TRBJ2-1,ASSPLADWSNEQF,1
TRBV7-9,TRBJ2-1,ASSPLADYYNEQF,1
TRBV7-9,TRBJ2-1,ASSPLAEAYNEQF,2
TRBV7-9,TRBJ2-1,ASSPLAEDHNEQF,1
TRBV7-9,TRBJ2-1,ASSPLAEENNEQF,1
TRBV7-9,TRBJ2-1,ASSPLAEGAYNEQF,8
TRBV7-9,TRBJ2-1,ASSPLAEGGEQF,8
TRBV7-9,TRBJ2-1,ASSPLAEGGKQF,1
TRBV7-9,TRBJ2-1,ASSPLAEGNNEQF,1
TRBV7-9,TRBJ2-1,ASSPLAEGSYNEQF,1
TRBV7-9,TRBJ2-1,ASSPLAEGYEQF,1
TRBV7-9,TRBJ2-1,ASSPLAEGYNEQF,2
TRBV7-9,TRBJ2-1,ASSPLAEIHNEQF,1
TRBV7-9,TRBJ2-1,ASSPLAELDNEQF,2
TRBV7-9,TRBJ2-1,ASSPLAELYNEQF,1
TRBV7-9,TRBJ2-1,ASSPLAENEQF,1
TRBV7-9,TRBJ2-1,ASSPLAEPYNEQF,1
TRBV7-9,TRBJ2-1,ASSPLAEQF,27
TRBV7-9,TRBJ2-1,ASSPLAEQRDEQF,6
TRBV7-9,TRBJ2-1,ASSPLAERFNEQF,1
TRBV7-9,TRBJ2-1,ASSPLAESSCNEQF,1
TRBV7-9,TRBJ2-1,ASSPLAESSYNEQF,13
TRBV7-9,TRBJ2-1,ASSPLAESSYNEQV,1
TRBV7-9,TRBJ2-1,ASSPLAESSYTEQF,1
TRBV7-9,TRBJ2-1,ASSPLAESYNEQF,1
TRBV7-9,TRBJ2-1,ASSPLAETDNEQF,1
TRBV7-9,TRBJ2-1,ASSPLAETYNEQF,1
TRBV7-9,TRBJ2-1,ASSPLAEVKALF,1
TRBV7-9,TRBJ2-1,ASSPLAEVNNEQF,1
TRBV7-9,TRBJ2-1,ASSPLAEYEQF,1
TRBV7-9,TRBJ2-1,ASSPLAEYNEQF,1
TRBV7-9,TRBJ2-1,ASSPLAFNNEQF,1
TRBV7-9,TRBJ2-1,ASSPLAFSSYNEQF,8
TRBV7-9,TRBJ2-1,ASSPLAFSYNEQF,3
TRBV7-9,TRBJ2-1,ASSPLAFTYNEQF,1
TRBV7-9,TRBJ2-1,ASSPLAGAARNEQF,20
TRBV7-9,TRBJ2-1,ASSPLAGAAYNEQF,3
TRBV7-9,TRBJ2-1,ASSPLAGADEQF,14
TRBV7-9,TRBJ2-1,ASSPLAGADHEQF,1
TRBV7-9,TRBJ2-1,ASSPLAGADNEQF,13
TRBV7-9,TRBJ2-1,ASSPLAGAEF,1
TRBV7-9,TRBJ2-1,ASSPLAGAEGNEQF,1
TRBV7-9,TRBJ2-1,ASSPLAGAEQF,10
TRBV7-9,TRBJ2-1,ASSPLAGAFNEQF,3
TRBV7-9,TRBJ2-1,ASSPLAGAFYNEQF,4
TRBV7-9,TRBJ2-1,ASSPLAGAGNEQF,16
TRBV7-9,TRBJ2-1,ASSPLAGAHNEQF,1
TRBV7-9,TRBJ2-1,ASSPLAGAHYNEQF,8
TRBV7-9,TRBJ2-1,ASSPLAGAIHNEQF,1
TRBV7-9,TRBJ2-1,ASSPLAGAINEQF,2
TRBV7-9,TRBJ2-1,ASSPLAGAIYYNEQF,3
TRBV7-9,TRBJ2-1,ASSPLAGAKNEQF,1
TRBV7-9,TRBJ2-1,ASSPLAGALVNEQF,15
TRBV7-9,TRBJ2-1,ASSPLAGANNEQF,3
TRBV7-9,TRBJ2-1,ASSPLAGANRTSYNEQF,1
TRBV7-9,TRBJ2-1,ASSPLAGAPDEQF,1
TRBV7-9,TRBJ2-1,ASSPLAGAPDEQY,1
TRBV7-9,TRBJ2-1,ASSPLAGAPYNEQF,2
TRBV7-9,TRBJ2-1,ASSPLAGARHNEQF,1
TRBV7-9,TRBJ2-1,ASSPLAGARNEQF,2
TRBV7-9,TRBJ2-1,ASSPLAGASDEQF,2
TRBV7-9,TRBJ2-1,ASSPLAGASNEQF,9
TRBV7-9,TRBJ2-1,ASSPLAGASQRNEQF,1
TRBV7-9,TRBJ2-1,ASSPLAGASRSYNEQF,1
TRBV7-9,TRBJ2-1,ASSPLAGASYNEQF,18
TRBV7-9,TRBJ2-1,ASSPLAGATEQF,13
TRBV7-9,TRBJ2-1,ASSPLAGATYNEQF,1
TRBV7-9,TRBJ2-1,ASSPLAGAVDEQF,1
TRBV7-9,TRBJ2-1,ASSPLAGAVNEQF,1
TRBV7-9,TRBJ2-1,ASSPLAGAVYNEQF,1
TRBV7-9,TRBJ2-1,ASSPLAGAYHEQF,1
TRBV7-9,TRBJ2-1,ASSPLAGAYNEQF,66
TRBV7-9,TRBJ2-1,ASSPLAGAYYNEQF,2
TRBV7-9,TRBJ2-1,ASSPLAGCAFEQF,1
TRBV7-9,TRBJ2-1,ASSPLAGCYNEQF,1
TRBV7-9,TRBJ2-1,ASSPLAGDEQF,22
TRBV7-9,TRBJ2-1,ASSPLAGDFEQF,10
TRBV7-9,TRBJ2-1,ASSPLAGDFNEQF,1
TRBV7-9,TRBJ2-1,ASSPLAGDIPYNEQF,1
TRBV7-9,TRBJ2-1,ASSPLAGDIYEQF,1
TRBV7-9,TRBJ2-1,ASSPLAGDLDNEQF,1
TRBV7-9,TRBJ2-1,ASSPLAGDLNEQF,1
TRBV7-9,TRBJ2-1,ASSPLAGDLSYNEQF,1
TRBV7-9,TRBJ2-1,ASSPLAGDNEQF,1
TRBV7-9,TRBJ2-1,ASSPLAGDPSYNEQF,3
TRBV7-9,TRBJ2-1,ASSPLAGDRSNEQF,1
TRBV7-9,TRBJ2-1,ASSPLAGDRSYNEQF,1
TRBV7-9,TRBJ2-1,ASSPLAGDSYNEQF,4
TRBV7-9,TRBJ2-1,ASSPLAGDTLHNEQF,1
TRBV7-9,TRBJ2-1,ASSPLAGDVADEQF,6
TRBV7-9,TRBJ2-1,ASSPLAGDVYEQF,1
TRBV7-9,TRBJ2-1,ASSPLAGDWNEQF,1
TRBV7-9,TRBJ2-1,ASSPLAGDYEQF,14
TRBV7-9,TRBJ2-1,ASSPLAGDYNEQF,25
TRBV7-9,TRBJ2-1,ASSPLAGDYSGRNEQF,1
TRBV7-9,TRBJ2-1,ASSPLAGDYTEQF,1
TRBV7-9,TRBJ2-1,ASSPLAGDYYNEQF,1
TRBV7-9,TRBJ2-1,ASSPLAGEADEQF,1
TRBV7-9,TRBJ2-1,ASSPLAGEATYNEQF,1
TRBV7-9,TRBJ2-1,ASSPLAGEAYNEQF,14
TRBV7-9,TRBJ2-1,ASSPLAGEDVYEQF,11
TRBV7-9,TRBJ2-1,ASSPLAGEFHEQF,1
TRBV7-9,TRBJ2-1,ASSPLAGEGDEQF,1
TRBV7-9,TRBJ2-1,ASSPLAGEGHNEQF,1
TRBV7-9,TRBJ2-1,ASSPLAGEGIGNEQF,1
TRBV7-9,TRBJ2-1,ASSPLAGEGLNEQF,1
TRBV7-9,TRBJ2-1,ASSPLAGEGSYNEQF,2
TRBV7-9,TRBJ2-1,ASSPLAGEGWNEQF,1
TRBV7-9,TRBJ2-1,ASSPLAGEGYNEQF,1
TRBV7-9,TRBJ2-1,ASSPLAGEHYNEQF,1
TRBV7-9,TRBJ2-1,ASSPLAGEIDEQF,1
TRBV7-9,TRBJ2-1,ASSPLAGEKGNEQF,1
TRBV7-9,TRBJ2-1,ASSPLAGEKGYNEQF,2
TRBV7-9,TRBJ2-1,ASSPLAGEKNEQF,1
TRBV7-9,TRBJ2-1,ASSPLAGEKSGEQF,7
TRBV7-9,TRBJ2-1,ASSPLAGELLNEQF,1
TRBV7-9,TRBJ2-1,ASSPLAGELSYNEQF,3
TRBV7-9,TRBJ2-1,ASSPLAGELYNEQF,1
TRBV7-9,TRBJ2-1,ASSPLAGENHNEQF,1
TRBV7-9,TRBJ2-1,ASSPLAGEPPSYNEQF,1
TRBV7-9,TRBJ2-1,ASSPLAGEPYNEQF,1
TRBV7-9,TRBJ2-1,ASSPLAGEQF,10
TRBV7-9,TRBJ2-1,ASSPLAGEQYNEQF,1
TRBV7-9,TRBJ2-1,ASSPLAGERNEQF,1
TRBV7-9,TRBJ2-1,ASSPLAGERRDEQF,1
TRBV7-9,TRBJ2-1,ASSPLAGESDEQF,7
TRBV7-9,TRBJ2-1,ASSPLAGESNQQF,1
TRBV7-9,TRBJ2-1,ASSPLAGESSSYNEQF,1
TRBV7-9,TRBJ2-1,ASSPLAGESSYNEQF,1
TRBV7-9,TRBJ2-1,ASSPLAGESYNEQF,11
TRBV7-9,TRBJ2-1,ASSPLAGESYNGQF,1
TRBV7-9,TRBJ2-1,ASSPLAGETYNEQF,10
TRBV7-9,TRBJ2-1,ASSPLAGEVDEQF,1
TRBV7-9,TRBJ2-1,ASSPLAGEVGNEQF,1
TRBV7-9,TRBJ2-1,ASSPLAGEVLDEQF,5
TRBV7-9,TRBJ2-1,ASSPLAGEVNEQF,8
TRBV7-9,TRBJ2-1,ASSPLAGEVYNEQF,3
TRBV7-9,TRBJ2-1,ASSPLAGEYHEQF,1
TRBV7-9,TRBJ2-1,ASSPLAGEYKEQF,1
TRBV7-9,TRBJ2-1,ASSPLAGEYKVQF,1
TRBV7-9,TRBJ2-1,ASSPLAGEYNEQF,54
TRBV7-9,TRBJ2-1,ASSPLAGEYNEQV,1
TRBV7-9,TRBJ2-1,ASSPLAGFDNEQF,1
TRBV7-9,TRBJ2-1,ASSPLAGFGYSYNEQF,1
TRBV7-9,TRBJ2-1,ASSPLAGFMDEQF,10
TRBV7-9,TRBJ2-1,ASSPLAGFNNEQF,1
TRBV7-9,TRBJ2-1,ASSPLAGFRYEQF,1
TRBV7-9,TRBJ2-1,ASSPLAGFSYNEQF,9
TRBV7-9,TRBJ2-1,ASSPLAGFYNEQF,6
TRBV7-9,TRBJ2-1,ASSPLAGGADEQF,11
TRBV7-9,TRBJ2-1,ASSPLAGGADVQF,1
TRBV7-9,TRBJ2-1,ASSPLAGGANEQF,18
TRBV7-9,TRBJ2-1,ASSPLAGGASSYNEQF,1
TRBV7-9,TRBJ2-1,ASSPLAGGAYNEQF,4
TRBV7-9,TRBJ2-1,ASSPLAGGDNEQF,25
TRBV7-9,TRBJ2-1,ASSPLAGGDQEQF,9
TRBV7-9,TRBJ2-1,ASSPLAGGDYNEQF,1
TRBV7-9,TRBJ2-1,ASSPLAGGEQF,2
TRBV7-9,TRBJ2-1,ASSPLAGGEYNEQF,2
TRBV7-9,TRBJ2-1,ASSPLAGGFFYNEQF,1
TRBV7-9,TRBJ2-1,ASSPLAGGFNEQF,19
TRBV7-9,TRBJ2-1,ASSPLAGGFRDEQF,1
TRBV7-9,TRBJ2-1,ASSPLAGGFYNEQF,1
TRBV7-9,TRBJ2-1,ASSPLAGGGGEQF,1
TRBV7-9,TRBJ2-1,ASSPLAGGGHEQF,3
TRBV7-9,TRBJ2-1,ASSPLAGGGLNEQF,1
TRBV7-9,TRBJ2-1,ASSPLAGGGMNEQF,4
TRBV7-9,TRBJ2-1,ASSPLAGGGNEQF,9
TRBV7-9,TRBJ2-1,ASSPLAGGGSEQF,9
TRBV7-9,TRBJ2-1,ASSPLAGGGVNEQF,4
TRBV7-9,TRBJ2-1,ASSPLAGGGYNEQF,23
TRBV7-9,TRBJ2-1,ASSPLAGGHEQF,4
TRBV7-9,TRBJ2-1,ASSPLAGGHNEQF,24
TRBV7-9,TRBJ2-1,ASSPLAGGIDNEQF,1
TRBV7-9,TRBJ2-1,ASSPLAGGINEQF,14
TRBV7-9,TRBJ2-1,ASSPLAGGIRNEQF,1
TRBV7-9,TRBJ2-1,ASSPLAGGIYNEQF,7
TRBV7-9,TRBJ2-1,ASSPLAGGKDEQF,1
TRBV7-9,TRBJ2-1,ASSPLAGGKYNEQF,1
TRBV7-9,TRBJ2-1,ASSPLAGGLDEQF,17
TRBV7-9,TRBJ2-1,ASSPLAGGLDNEQF,1
TRBV7-9,TRBJ2-1,ASSPLAGGLGNEQF,5
TRBV7-9,TRBJ2-1,ASSPLAGGLINEQF,1
TRBV7-9,TRBJ2-1,ASSPLAGGLMDEQF,10
TRBV7-9,TRBJ2-1,ASSPLAGGLMDKQF,1
TRBV7-9,TRBJ2-1,ASSPLAGGLNEQF,36
TRBV7-9,TRBJ2-1,ASSPLAGGLSNEQF,1
TRBV7-9,TRBJ2-1,ASSPLAGGLVNEQF,2
TRBV7-9,TRBJ2-1,ASSPLAGGLYNEQF,34
TRBV7-9,TRBJ2-1,ASSPLAGGMDEQF,1
TRBV7-9,TRBJ2-1,ASSPLAGGMGNEQF,1
TRBV7-9,TRBJ2-1,ASSPLAGGNDEQF,10
TRBV7-9,TRBJ2-1,ASSPLAGGNEQF,24
TRBV7-9,TRBJ2-1,ASSPLAGGNNAQF,1
TRBV7-9,TRBJ2-1,ASSPLAGGNNDQF,1
TRBV7-9,TRBJ2-1,ASSPLAGGNNEQF,51
TRBV7-9,TRBJ2-1,ASSPLAGGNNVQF,1
TRBV7-9,TRBJ2-1,ASSPLAGGNYNEQF,1
TRBV7-9,TRBJ2-1,ASSPLAGGPAYNEQF,1
TRBV7-9,TRBJ2-1,ASSPLAGGPDEQF,8
TRBV7-9,TRBJ2-1,ASSPLAGGPDNEQF,2
TRBV7-9,TRBJ2-1,ASSPLAGGPDTSYNEQF,1
TRBV7-9,TRBJ2-1,ASSPLAGGPERYNEQF,1
TRBV7-9,TRBJ2-1,ASSPLAGGPEYNEQF,3
TRBV7-9,TRBJ2-1,ASSPLAGGPFHNEQF,1
TRBV7-9,TRBJ2-1,ASSPLAGGPFRNEQF,3
TRBV7-9,TRBJ2-1,ASSPLAGGPGEQF,10
TRBV7-9,TRBJ2-1,ASSPLAGGPGNEQF,38
TRBV7-9,TRBJ2-1,ASSPLAGGPGSSYNEQF,1
TRBV7-9,TRBJ2-1,ASSPLAGGPHEQC,1
TRBV7-9,TRBJ2-1,ASSPLAGGPHEQF,30
TRBV7-9,TRBJ2-1,ASSPLAGGPHNEQF,1
TRBV7-9,TRBJ2-1,ASSPLAGGPHRRHEQF,1
TRBV7-9,TRBJ2-1,ASSPLAGGPIGEQF,9
TRBV7-9,TRBJ2-1,ASSPLAGGPKDNEQF,1
TRBV7-9,TRBJ2-1,ASSPLAGGPLFEQF,3
TRBV7-9,TRBJ2-1,ASSPLAGGPLNEQF,12
TRBV7-9,TRBJ2-1,ASSPLAGGPLSYNEQF,11
TRBV7-9,TRBJ2-1,ASSPLAGGPLYNEQF,1
TRBV7-9,TRBJ2-1,ASSPLAGGPNEQF,75
TRBV7-9,TRBJ2-1,ASSPLAGGPNNEQF,9
TRBV7-9,TRBJ2-1,ASSPLAGGPSDNEQF,4
TRBV7-9,TRBJ2-1,ASSPLAGGPSSDNEQF,1
TRBV7-9,TRBJ2-1,ASSPLAGGPSSYKEQF,2
TRBV7-9,TRBJ2-1,ASSPLAGGPSSYNAQF,1
TRBV7-9,TRBJ2-1,ASSPLAGGPSSYNELF,2
TRBV7-9,TRBJ2-1,ASSPLAGGPSSYNEPF,1
TRBV7-9,TRBJ2-1,ASSPLAGGPSSYNEQF,92
TRBV7-9,TRBJ2-1,ASSPLAGGPSSYTEQL,1
TRBV7-9,TRBJ2-1,ASSPLAGGPSYNEQF,15
TRBV7-9,TRBJ2-1,ASSPLAGGPTEEF,1
TRBV7-9,TRBJ2-1,ASSPLAGGPTYNEQF,1
TRBV7-9,TRBJ2-1,ASSPLAGGPVDEQF,5
TRBV7-9,TRBJ2-1,ASSPLAGGPVFNEQF,1
TRBV7-9,TRBJ2-1,ASSPLAGGPWEQF,1
TRBV7-9,TRBJ2-1,ASSPLAGGPWNEQF,1
TRBV7-9,TRBJ2-1,ASSPLAGGPYEQF,15
TRBV7-9,TRBJ2-1,ASSPLAGGPYNEQF,13
TRBV7-9,TRBJ2-1,ASSPLAGGRDEQF,5
TRBV7-9,TRBJ2-1,ASSPLAGGRGNEQF,10
TRBV7-9,TRBJ2-1,ASSPLAGGRI,3
TRBV7-9,TRBJ2-1,ASSPLAGGRNEQF,18
TRBV7-9,TRBJ2-1,ASSPLAGGRRNEQF,1
TRBV7-9,TRBJ2-1,ASSPLAGGRSYNEQF,1
TRBV7-9,TRBJ2-1,ASSPLAGGRTNEQF,1
TRBV7-9,TRBJ2-1,ASSPLAGGRVEQF,2
TRBV7-9,TRBJ2-1,ASSPLAGGRWNEQF,4
TRBV7-9,TRBJ2-1,ASSPLAGGRYNEQF,2
TRBV7-9,TRBJ2-1,ASSPLAGGSDEQF,1
TRBV7-9,TRBJ2-1,ASSPLAGGSFTSNEQF,2
TRBV7-9,TRBJ2-1,ASSPLAGGSGEQF,3
TRBV7-9,TRBJ2-1,ASSPLAGGSKYEQF,1
TRBV7-9,TRBJ2-1,ASSPLAGGSNEQF,13
TRBV7-9,TRBJ2-1,ASSPLAGGSNYNEQF,1
TRBV7-9,TRBJ2-1,ASSPLAGGSSGNELI,1
TRBV7-9,TRBJ2-1,ASSPLAGGSSGNEQF,4
TRBV7-9,TRBJ2-1,ASSPLAGGSSYNEQF,2
TRBV7-9,TRBJ2-1,ASSPLAGGSVYNEQF,1
TRBV7-9,TRBJ2-1,ASSPLAGGSYDEQF,1
TRBV7-9,TRBJ2-1,ASSPLAGGSYEQF,9
TRBV7-9,TRBJ2-1,ASSPLAGGSYNAQF,1
TRBV7-9,TRBJ2-1,ASSPLAGGSYNEHF,2
TRBV7-9,TRBJ2-1,ASSPLAGGSYNEQF,70
TRBV7-9,TRBJ2-1,ASSPLAGGTDEQF,1
TRBV7-9,TRBJ2-1,ASSPLAGGTDNEQF,2
TRBV7-9,TRBJ2-1,ASSPLAGGTHNEQF,1
TRBV7-9,TRBJ2-1,ASSPLAGGTIYEQF,1
TRBV7-9,TRBJ2-1,ASSPLAGGTNEQF,17
TRBV7-9,TRBJ2-1,ASSPLAGGTPDEQF,7
TRBV7-9,TRBJ2-1,ASSPLAGGTRNEQF,1
TRBV7-9,TRBJ2-1,ASSPLAGGTSSYNEQF,8
TRBV7-9,TRBJ2-1,ASSPLAGGTYNEQF,23
TRBV7-9,TRBJ2-1,ASSPLAGGVKEQF,1
TRBV7-9,TRBJ2-1,ASSPLAGGVNEQF,4
TRBV7-9,TRBJ2-1,ASSPLAGGVRNEQF,1
TRBV7-9,TRBJ2-1,ASSPLAGGVSYNEQF,1
TRBV7-9,TRBJ2-1,ASSPLAGGVTTYNEQF,1
TRBV7-9,TRBJ2-1,ASSPLAGGVVSYNEQF,1
TRBV7-9,TRBJ2-1,ASSPLAGGVYNEQF,1
TRBV7-9,TRBJ2-1,ASSPLAGGWNEQF,1
TRBV7-9,TRBJ2-1,ASSPLAGGWYNEQF,2
TRBV7-9,TRBJ2-1,ASSPLAGGYEQF,3
TRBV7-9,TRBJ2-1,ASSPLAGGYNEEF,2
TRBV7-9,TRBJ2-1,ASSPLAGGYNEQF,135
TRBV7-9,TRBJ2-1,ASSPLAGGYNEQL,2
TRBV7-9,TRBJ2-1,ASSPLAGGYSEQF,1
TRBV7-9,TRBJ2-1,ASSPLAGGYSYNEQF,10
TRBV7-9,TRBJ2-1,ASSPLAGGYTSYNEQF,1
TRBV7-9,TRBJ2-1,ASSPLAGGYYNEQF,1
TRBV7-9,TRBJ2-1,ASSPLAGHDNEQF,4
TRBV7-9,TRBJ2-1,ASSPLAGHEQF,1
TRBV7-9,TRBJ2-1,ASSPLAGHNEQF,2
TRBV7-9,TRBJ2-1,ASSPLAGHRDNEQF,1
TRBV7-9,TRBJ2-1,ASSPLAGHSYNEQF,2
TRBV7-9,TRBJ2-1,ASSPLAGHYEQF,13
TRBV7-9,TRBJ2-1,ASSPLAGHYNEQF,1
TRBV7-9,TRBJ2-1,ASSPLAGIEQF,28
TRBV7-9,TRBJ2-1,ASSPLAGIFNEQF,2
TRBV7-9,TRBJ2-1,ASSPLAGIGPNEQF,8
TRBV7-9,TRBJ2-1,ASSPLAGIHEQF,1
TRBV7-9,TRBJ2-1,ASSPLAGILQDEQF,1
TRBV7-9,TRBJ2-1,ASSPLAGIPNAQF,1
TRBV7-9,TRBJ2-1,ASSPLAGIPNEQF,18
TRBV7-9,TRBJ2-1,ASSPLAGIPYNEQF,1
TRBV7-9,TRBJ2-1,ASSPLAGISYNEQF,1
TRBV7-9,TRBJ2-1,ASSPLAGIVQF,2
TRBV7-9,TRBJ2-1,ASSPLAGIYNEQF,16
TRBV7-9,TRBJ2-1,ASSPLAGKANEQF,1
TRBV7-9,TRBJ2-1,ASSPLAGKAYNEQF,1
TRBV7-9,TRBJ2-1,ASSPLAGKGNEQF,5
TRBV7-9,TRBJ2-1,ASSPLAGKNEQF,1
TRBV7-9,TRBJ2-1,ASSPLAGKWNEQF,1
TRBV7-9,TRBJ2-1,ASSPLAGKYNEQF,1
TRBV7-9,TRBJ2-1,ASSPLAGLAGEGTYNEQF,5
TRBV7-9,TRBJ2-1,ASSPLAGLARNEQF,1
TRBV7-9,TRBJ2-1,ASSPLAGLERSYNEQF,1
TRBV7-9,TRBJ2-1,ASSPLAGLGDEQF,1
TRBV7-9,TRBJ2-1,ASSPLAGLGNEQF,5
TRBV7-9,TRBJ2-1,ASSPLAGLGPLYNEQF,3
TRBV7-9,TRBJ2-1,ASSPLAGLIFNEQF,1
TRBV7-9,TRBJ2-1,ASSPLAGLLYNEQF,1
TRBV7-9,TRBJ2-1,ASSPLAGLNEQF,1
TRBV7-9,TRBJ2-1,ASSPLAGLNNEQF,2
TRBV7-9,TRBJ2-1,ASSPLAGLPNEQF,1
TRBV7-9,TRBJ2-1,ASSPLAGLPYNEQF,1
TRBV7-9,TRBJ2-1,ASSPLAGLSDEQF,2
TRBV7-9,TRBJ2-1,ASSPLAGLSYKEQF,1
TRBV7-9,TRBJ2-1,ASSPLAGLSYNEHF,1
TRBV7-9,TRBJ2-1,ASSPLAGLSYNEQF,8
TRBV7-9,TRBJ2-1,ASSPLAGLVVDEQF,11
TRBV7-9,TRBJ2-1,ASSPLAGLWF,15
TRBV7-9,TRBJ2-1,ASSPLAGLWNEQF,1
TRBV7-9,TRBJ2-1,ASSPLAGLWYEQF,1
TRBV7-9,TRBJ2-1,ASSPLAGLYNEQF,5
TRBV7-9,TRBJ2-1,ASSPLAGNDNEQF,1
TRBV7-9,TRBJ2-1,ASSPLAGNEQF,13
TRBV7-9,TRBJ2-1,ASSPLAGNNEQF,2
TRBV7-9,TRBJ2-1,ASSPLAGNSYNEQF,1
TRBV7-9,TRBJ2-1,ASSPLAGNYEQF,1
TRBV7-9,TRBJ2-1,ASSPLAGNYNEQF,33
TRBV7-9,TRBJ2-1,ASSPLAGPDNEQF,2
TRBV7-9,TRBJ2-1,ASSPLAGPFNEQF,1
TRBV7-9,TRBJ2-1,ASSPLAGPFYNEQF,1
TRBV7-9,TRBJ2-1,ASSPLAGPGLAYNEQF,12
TRBV7-9,TRBJ2-1,ASSPLAGPGNEQF,6
TRBV7-9,TRBJ2-1,ASSPLAGPGWNEQF,1
TRBV7-9,TRBJ2-1,ASSPLAGPGYEQF,1
TRBV7-9,TRBJ2-1,ASSPLAGPHNEQF,4
TRBV7-9,TRBJ2-1,ASSPLAGPHYNEQF,1
TRBV7-9,TRBJ2-1,ASSPLAGPNYNEQF,1
TRBV7-9,TRBJ2-1,ASSPLAGPPANEQF,1
TRBV7-9,TRBJ2-1,ASSPLAGPPTNEQF,1
TRBV7-9,TRBJ2-1,ASSPLAGPRANEQF,1
TRBV7-9,TRBJ2-1,ASSPLAGPRYDEQF,1
TRBV7-9,TRBJ2-1,ASSPLAGPSGQF,10
TRBV7-9,TRBJ2-1,ASSPLAGPSWQF,1
TRBV7-9,TRBJ2-1,ASSPLAGPSYNEQF,2
TRBV7-9,TRBJ2-1,ASSPLAGPTYNEQF,1
TRBV7-9,TRBJ2-1,ASSPLAGPVGWDNEQF,1
TRBV7-9,TRBJ2-1,ASSPLAGPVVNEQF,1
TRBV7-9,TRBJ2-1,ASSPLAGPWPPPNEQF,1
TRBV7-9,TRBJ2-1,ASSPLAGPYEQF,9
TRBV7-9,TRBJ2-1,ASSPLAGPYNEQF,17
TRBV7-9,TRBJ2-1,ASSPLAGPYTEQF,1
TRBV7-9,TRBJ2-1,ASSPLAGQEYNEQF,1
TRBV7-9,TRBJ2-1,ASSPLAGQGDEQF,15
TRBV7-9,TRBJ2-1,ASSPLAGQGISTYNEQF,1
TRBV7-9,TRBJ2-1,ASSPLAGQGYNEQF,2
TRBV7-9,TRBJ2-1,ASSPLAGQSSRSYNEQF,9
TRBV7-9,TRBJ2-1,ASSPLAGQTSRSYNEQF,1
TRBV7-9,TRBJ2-1,ASSPLAGRANEQF,12
TRBV7-9,TRBJ2-1,ASSPLAGRDEQF,1
TRBV7-9,TRBJ2-1,ASSPLAGRDNEQC,1
TRBV7-9,TRBJ2-1,ASSPLAGRDNEQF,12
TRBV7-9,TRBJ2-1,ASSPLAGREDEQF,1
TRBV7-9,TRBJ2-1,ASSPLAGRFDEQF,5
TRBV7-9,TRBJ2-1,ASSPLAGRGMI,11
TRBV7-9,TRBJ2-1,ASSPLAGRGNEQF,1
TRBV7-9,TRBJ2-1,ASSPLAGRGVSYNEQF,7
TRBV7-9,TRBJ2-1,ASSPLAGRGYNEQF,1
TRBV7-9,TRBJ2-1,ASSPLAGRHYNEQF,1
TRBV7-9,TRBJ2-1,ASSPLAGRKDNEQF,1
TRBV7-9,TRBJ2-1,ASSPLAGRNEQF,2
TRBV7-9,TRBJ2-1,ASSPLAGRPNPDEQF,1
TRBV7-9,TRBJ2-1,ASSPLAGRSYNEQF,6
TRBV7-9,TRBJ2-1,ASSPLAGRVSSYNEQF,1
TRBV7-9,TRBJ2-1,ASSPLAGRVVDEQF,1
TRBV7-9,TRBJ2-1,ASSPLAGRYNEQF,1
TRBV7-9,TRBJ2-1,ASSPLAGRYYNEQF,2
TRBV7-9,TRBJ2-1,ASSPLAGSDNEQF,1
TRBV7-9,TRBJ2-1,ASSPLAGSDYNEQF,1
TRBV7-9,TRBJ2-1,ASSPLAGSENEQF,17
TRBV7-9,TRBJ2-1,ASSPLAGSFNEQF,1
TRBV7-9,TRBJ2-1,ASSPLAGSGVDEQF,1
TRBV7-9,TRBJ2-1,ASSPLAGSHHEQF,1
TRBV7-9,TRBJ2-1,ASSPLAGSHIKQI,1
TRBV7-9,TRBJ2-1,ASSPLAGSHNEQF,3
TRBV7-9,TRBJ2-1,ASSPLAGSHNVQF,1
TRBV7-9,TRBJ2-1,ASSPLAGSKDEQF,1
TRBV7-9,TRBJ2-1,ASSPLAGSLKQF,4
TRBV7-9,TRBJ2-1,ASSPLAGSLLTNEQF,1
TRBV7-9,TRBJ2-1,ASSPLAGSLRQF,1
TRBV7-9,TRBJ2-1,ASSPLAGSLYNEQF,1
TRBV7-9,TRBJ2-1,ASSPLAGSNNEQF,1
TRBV7-9,TRBJ2-1,ASSPLAGSPLINEQF,1
TRBV7-9,TRBJ2-1,ASSPLAGSSHEQF,1
TRBV7-9,TRBJ2-1,ASSPLAGSSNEQF,2
TRBV7-9,TRBJ2-1,ASSPLAGSSSYNEQF,5
TRBV7-9,TRBJ2-1,ASSPLAGSSYNEQC,1
TRBV7-9,TRBJ2-1,ASSPLAGSSYNEQF,50
TRBV7-9,TRBJ2-1,ASSPLAGSSYNKQF,1
TRBV7-9,TRBJ2-1,ASSPLAGSVLNEQF,1
TRBV7-9,TRBJ2-1,ASSPLAGSYNEEF,1
TRBV7-9,TRBJ2-1,ASSPLAGSYNEQC,1
TRBV7-9,TRBJ2-1,ASSPLAGSYNEQF,158
TRBV7-9,TRBJ2-1,ASSPLAGTGGYNEQF,1
TRBV7-9,TRBJ2-1,ASSPLAGTGPNEQF,1
TRBV7-9,TRBJ2-1,ASSPLAGTINEQF,1
TRBV7-9,TRBJ2-1,ASSPLAGTLYNEQF,1
TRBV7-9,TRBJ2-1,ASSPLAGTNEQF,1
TRBV7-9,TRBJ2-1,ASSPLAGTPGYNEQF,3
TRBV7-9,TRBJ2-1,ASSPLAGTPSYNEQF,2
TRBV7-9,TRBJ2-1,ASSPLAGTQNEQF,1
TRBV7-9,TRBJ2-1,ASSPLAGTRTYNEQF,1
TRBV7-9,TRBJ2-1,ASSPLAGTSDSYNEQF,1
TRBV7-9,TRBJ2-1,ASSPLAGTSGYNEQF,9
TRBV7-9,TRBJ2-1,ASSPLAGTTDNEQF,1
TRBV7-9,TRBJ2-1,ASSPLAGTVSNEQF,1
TRBV7-9,TRBJ2-1,ASSPLAGTYNEQF,18
TRBV7-9,TRBJ2-1,ASSPLAGTYYNEQF,6
TRBV7-9,TRBJ2-1,ASSPLAGVANEQF,2
TRBV7-9,TRBJ2-1,ASSPLAGVAYNEQF,1
TRBV7-9,TRBJ2-1,ASSPLAGVDEQF,8
TRBV7-9,TRBJ2-1,ASSPLAGVDNEQF,2
TRBV7-9,TRBJ2-1,ASSPLAGVDVYEQF,1
TRBV7-9,TRBJ2-1,ASSPLAGVFFHEQF,1
TRBV7-9,TRBJ2-1,ASSPLAGVFNEQF,1
TRBV7-9,TRBJ2-1,ASSPLAGVFSEQF,2
TRBV7-9,TRBJ2-1,ASSPLAGVFYNEQF,1
TRBV7-9,TRBJ2-1,ASSPLAGVGC,1
TRBV7-9,TRBJ2-1,ASSPLAGVGF,108
TRBV7-9,TRBJ2-1,ASSPLAGVGNEQF,18
TRBV7-9,TRBJ2-1,ASSPLAGVGNNEQF,1
TRBV7-9,TRBJ2-1,ASSPLAGVGNYNEQF,1
TRBV7-9,TRBJ2-1,ASSPLAGVGSYNEQF,1
TRBV7-9,TRBJ2-1,ASSPLAGVGYNEQF,1
TRBV7-9,TRBJ2-1,ASSPLAGVHEQF,1
TRBV7-9,TRBJ2-1,ASSPLAGVHNEQF,1
TRBV7-9,TRBJ2-1,ASSPLAGVHSNEQF,16
TRBV7-9,TRBJ2-1,ASSPLAGVINEQF,2
TRBV7-9,TRBJ2-1,ASSPLAGVIRDNEQF,1
TRBV7-9,TRBJ2-1,ASSPLAGVIYNEQF,1
TRBV7-9,TRBJ2-1,ASSPLAGVKAQC,1
TRBV7-9,TRBJ2-1,ASSPLAGVKAQF,1
TRBV7-9,TRBJ2-1,ASSPLAGVKGNEQF,1
TRBV7-9,TRBJ2-1,ASSPLAGVLNEQF,2
TRBV7-9,TRBJ2-1,ASSPLAGVLSEQF,1
TRBV7-9,TRBJ2-1,ASSPLAGVLYNEQF,1
TRBV7-9,TRBJ2-1,ASSPLAGVNEQF,6
TRBV7-9,TRBJ2-1,ASSPLAGVNEQS,2
TRBV7-9,TRBJ2-1,ASSPLAGVNNEQF,3
TRBV7-9,TRBJ2-1,ASSPLAGVPHEQF,4
TRBV7-9,TRBJ2-1,ASSPLAGVPKGQF,5
TRBV7-9,TRBJ2-1,ASSPLAGVPNEQF,1
TRBV7-9,TRBJ2-1,ASSPLAGVPSYNEQF,1
TRBV7-9,TRBJ2-1,ASSPLAGVQF,1
TRBV7-9,TRBJ2-1,ASSPLAGVRNEQF,8
TRBV7-9,TRBJ2-1,ASSPLAGVRYNEQF,1
TRBV7-9,TRBJ2-1,ASSPLAGVSNEQF,4
TRBV7-9,TRBJ2-1,ASSPLAGVSPGSYNEQF,3
TRBV7-9,TRBJ2-1,ASSPLAGVSSYNEQF,11
TRBV7-9,TRBJ2-1,ASSPLAGVSYEQF,2
TRBV7-9,TRBJ2-1,ASSPLAGVSYNEQF,30
TRBV7-9,TRBJ2-1,ASSPLAGVTDEQF,1
TRBV7-9,TRBJ2-1,ASSPLAGVTLSSYNEQF,1
TRBV7-9,TRBJ2-1,ASSPLAGVTYNEQF,9
TRBV7-9,TRBJ2-1,ASSPLAGVVDEQF,1
TRBV7-9,TRBJ2-1,ASSPLAGVVF,3
TRBV7-9,TRBJ2-1,ASSPLAGVVFNEQF,1
TRBV7-9,TRBJ2-1,ASSPLAGVVNEQF,11
TRBV7-9,TRBJ2-1,ASSPLAGVVYNEQF,1
TRBV7-9,TRBJ2-1,ASSPLAGVWNEQF,4
TRBV7-9,TRBJ2-1,ASSPLAGVYNEQF,12
TRBV7-9,TRBJ2-1,ASSPLAGWGNEQF,1
TRBV7-9,TRBJ2-1,ASSPLAGWNNEQF,1
TRBV7-9,TRBJ2-1,ASSPLAGWVYNEQF,1
TRBV7-9,TRBJ2-1,ASSPLAGYEQF,2
TRBV7-9,TRBJ2-1,ASSPLAGYKEQV,1
TRBV7-9,TRBJ2-1,ASSPLAGYNEQF,52
TRBV7-9,TRBJ2-1,ASSPLAGYNEQV,1
TRBV7-9,TRBJ2-1,ASSPLAGYYNEQF,3
TRBV7-9,TRBJ2-1,ASSPLAHNNEQF,1
TRBV7-9,TRBJ2-1,ASSPLAINEQF,1
TRBV7-9,TRBJ2-1,ASSPLAINNKQF,1
TRBV7-9,TRBJ2-1,ASSPLAIPYNEQF,1
TRBV7-9,TRBJ2-1,ASSPLAIQTHNEQF,1
TRBV7-9,TRBJ2-1,ASSPLAKEQF,10
TRBV7-9,TRBJ2-1,ASSPLAKEQL,1
TRBV7-9,TRBJ2-1,ASSPLAKLNNEQF,1
TRBV7-9,TRBJ2-1,ASSPLAKLYNEQF,1
TRBV7-9,TRBJ2-1,ASSPLAKNEQF,1
TRBV7-9,TRBJ2-1,ASSPLAKPYNEQF,1
TRBV7-9,TRBJ2-1,ASSPLAKYNEQF,4
TRBV7-9,TRBJ2-1,ASSPLALAGSFFDEQF,7
TRBV7-9,TRBJ2-1,ASSPLALEQC,1
TRBV7-9,TRBJ2-1,ASSPLALEQF,15
TRBV7-9,TRBJ2-1,ASSPLALFHNEQF,1
TRBV7-9,TRBJ2-1,ASSPLALFPNEHF,2
TRBV7-9,TRBJ2-1,ASSPLALFPNEKF,1
TRBV7-9,TRBJ2-1,ASSPLALFPNEQF,39
TRBV7-9,TRBJ2-1,ASSPLALFPNQQF,1
TRBV7-9,TRBJ2-1,ASSPLALGSYNEQF,1
TRBV7-9,TRBJ2-1,ASSPLALHNEQF,1
TRBV7-9,TRBJ2-1,ASSPLALNEQF,1
TRBV7-9,TRBJ2-1,ASSPLALPDNEQF,1
TRBV7-9,TRBJ2-1,ASSPLALSPNEQF,1
TRBV7-9,TRBJ2-1,ASSPLALSSYNEQF,1
TRBV7-9,TRBJ2-1,ASSPLALSYNEQF,1
TRBV7-9,TRBJ2-1,ASSPLALTYNEQF,1
TRBV7-9,TRBJ2-1,ASSPLALVGEQF,6
TRBV7-9,TRBJ2-1,ASSPLALVKAQF,4
TRBV7-9,TRBJ2-1,ASSPLALVKSQF,1
TRBV7-9,TRBJ2-1,ASSPLALYNEQF,2
TRBV7-9,TRBJ2-1,ASSPLAMYNEQF,1
TRBV7-9,TRBJ2-1,ASSPLANEQF,35
TRBV7-9,TRBJ2-1,ASSPLANETNNEQF,1
TRBV7-9,TRBJ2-1,ASSPLANGQF,1
TRBV7-9,TRBJ2-1,ASSPLANLSYNEQF,1
TRBV7-9,TRBJ2-1,ASSPLANNEQF,4
TRBV7-9,TRBJ2-1,ASSPLANPGEGPF,2
TRBV7-9,TRBJ2-1,ASSPLANSNEQF,1
TRBV7-9,TRBJ2-1,ASSPLANSYNEQF,1
TRBV7-9,TRBJ2-1,ASSPLANYNEQF,1
TRBV7-9,TRBJ2-1,ASSPLAPEGEQF,4
TRBV7-9,TRBJ2-1,ASSPLAPEQF,2
TRBV7-9,TRBJ2-1,ASSPLAPLGNEQF,1
TRBV7-9,TRBJ2-1,ASSPLAPNEQF,2
TRBV7-9,TRBJ2-1,ASSPLAPNPSYNEQF,1
TRBV7-9,TRBJ2-1,ASSPLAPNYKEQF,1
TRBV7-9,TRBJ2-1,ASSPLAPNYNEQF,25
TRBV7-9,TRBJ2-1,ASSPLAPNYNEQY,1
TRBV7-9,TRBJ2-1,ASSPLAPSSYNEQF,1
TRBV7-9,TRBJ2-1,ASSPLAPWNEQF,9
TRBV7-9,TRBJ2-1,ASSPLAPYNEQF,2
TRBV7-9,TRBJ2-1,ASSPLAQAVEQF,1
TRBV7-9,TRBJ2-1,ASSPLAQAYNEQF,1
TRBV7-9,TRBJ2-1,ASSPLAQGLGGEQF,1
TRBV7-9,TRBJ2-1,ASSPLAQQGAHNEQF,1
TRBV7-9,TRBJ2-1,ASSPLAQSGNEQF,17
TRBV7-9,TRBJ2-1,ASSPLAQSSYNEQF,2
TRBV7-9,TRBJ2-1,ASSPLARAYNEQF,5
TRBV7-9,TRBJ2-1,ASSPLARDEQF,1
TRBV7-9,TRBJ2-1,ASSPLARDNEQF,1
TRBV7-9,TRBJ2-1,ASSPLARDRYNEQF,1
TRBV7-9,TRBJ2-1,ASSPLAREGSNEQF,1
TRBV7-9,TRBJ2-1,ASSPLARELNEQF,1
TRBV7-9,TRBJ2-1,ASSPLARGNEQF,1
TRBV7-9,TRBJ2-1,ASSPLARGTNEQF,1
TRBV7-9,TRBJ2-1,ASSPLARGYEQF,1
TRBV7-9,TRBJ2-1,ASSPLARGYNEQF,1
TRBV7-9,TRBJ2-1,ASSPLARLVVDEQF,1
TRBV7-9,TRBJ2-1,ASSPLARLYNEQF,1
TRBV7-9,TRBJ2-1,ASSPLARSENEQF,1
TRBV7-9,TRBJ2-1,ASSPLARSYNEQF,7
TRBV7-9,TRBJ2-1,ASSPLARTGYYNEQF,1
TRBV7-9,TRBJ2-1,ASSPLARTNEQF,1
TRBV7-9,TRBJ2-1,ASSPLARTTYNEQF,1
TRBV7-9,TRBJ2-1,ASSPLARVFDEQF,1
TRBV7-9,TRBJ2-1,ASSPLARVQF,2
TRBV7-9,TRBJ2-1,ASSPLARVYNEQF,1
TRBV7-9,TRBJ2-1,ASSPLARYTGLNEQF,1
TRBV7-9,TRBJ2-1,ASSPLASAGEQF,3
TRBV7-9,TRBJ2-1,ASSPLASASYNEQF,1
TRBV7-9,TRBJ2-1,ASSPLASDEQF,1
TRBV7-9,TRBJ2-1,ASSPLASEANEQF,5
TRBV7-9,TRBJ2-1,ASSPLASEGTYNEQF,1
TRBV7-9,TRBJ2-1,ASSPLASEKF,1
TRBV7-9,TRBJ2-1,ASSPLASEQF,38
TRBV7-9,TRBJ2-1,ASSPLASEVNEQF,8
TRBV7-9,TRBJ2-1,ASSPLASEYNEQF,1
TRBV7-9,TRBJ2-1,ASSPLASFGYNEQF,1
TRBV7-9,TRBJ2-1,ASSPLASGDYNEQF,1
TRBV7-9,TRBJ2-1,ASSPLASGFSYNEQF,1
TRBV7-9,TRBJ2-1,ASSPLASGGAIYNEQF,1
TRBV7-9,TRBJ2-1,ASSPLASGGFYNEQF,10
TRBV7-9,TRBJ2-1,ASSPLASGLYDEQF,2
TRBV7-9,TRBJ2-1,ASSPLASGNEQF,1
TRBV7-9,TRBJ2-1,ASSPLASGNNEQF,1
TRBV7-9,TRBJ2-1,ASSPLASGNYNEQF,1
TRBV7-9,TRBJ2-1,ASSPLASGQNEQF,8
TRBV7-9,TRBJ2-1,ASSPLASGRAEQF,6
TRBV7-9,TRBJ2-1,ASSPLASGRENEQF,1
TRBV7-9,TRBJ2-1,ASSPLASGRGNEQF,1
TRBV7-9,TRBJ2-1,ASSPLASGRYGGNEQF,12
TRBV7-9,TRBJ2-1,ASSPLASGSGDSYNEQF,1
TRBV7-9,TRBJ2-1,ASSPLASGSNNEQF,1
TRBV7-9,TRBJ2-1,ASSPLASGSSF,12
TRBV7-9,TRBJ2-1,ASSPLASGSWDEQF,1
TRBV7-9,TRBJ2-1,ASSPLASGSYNEQF,3
TRBV7-9,TRBJ2-1,ASSPLASGTNNEQF,16
TRBV7-9,TRBJ2-1,ASSPLASGTNNEQS,1
TRBV7-9,TRBJ2-1,ASSPLASGTYSYNEQF,1
TRBV7-9,TRBJ2-1,ASSPLASGVDEQF,2
TRBV7-9,TRBJ2-1,ASSPLASGVNEQF,1
TRBV7-9,TRBJ2-1,ASSPLASGVSYNEQF,1
TRBV7-9,TRBJ2-1,ASSPLASINEQF,1
TRBV7-9,TRBJ2-1,ASSPLASLEQF,3
TRBV7-9,TRBJ2-1,ASSPLASLGIYNEQF,1
TRBV7-9,TRBJ2-1,ASSPLASNEQF,3
TRBV7-9,TRBJ2-1,ASSPLASPLYNEQF,1
TRBV7-9,TRBJ2-1,ASSPLASRNNEQF,1
TRBV7-9,TRBJ2-1,ASSPLASSYNEQF,25
TRBV7-9,TRBJ2-1,ASSPLASTYNEQF,4
TRBV7-9,TRBJ2-1,ASSPLASYNEQF,6
TRBV7-9,TRBJ2-1,ASSPLATEQF,12
TRBV7-9,TRBJ2-1,ASSPLATGAAYNEQF,1
TRBV7-9,TRBJ2-1,ASSPLATGASYDEQF,1
TRBV7-9,TRBJ2-1,ASSPLATGASYNEQF,11
TRBV7-9,TRBJ2-1,ASSPLATGHEQF,1
TRBV7-9,TRBJ2-1,ASSPLATPFSSYNEQF,14
TRBV7-9,TRBJ2-1,ASSPLATPFSSYSEQF,1
TRBV7-9,TRBJ2-1,ASSPLATPVGEQF,2
TRBV7-9,TRBJ2-1,ASSPLATPYNEQF,1
TRBV7-9,TRBJ2-1,ASSPLATQYNEQF,1
TRBV7-9,TRBJ2-1,ASSPLATRSSYNEQF,1
TRBV7-9,TRBJ2-1,ASSPLATSSYNEQF,1
TRBV7-9,TRBJ2-1,ASSPLATSYNEQF,4
TRBV7-9,TRBJ2-1,ASSPLATVGNEQF,1
TRBV7-9,TRBJ2-1,ASSPLAVAKAQF,2
TRBV7-9,TRBJ2-1,ASSPLAVANEQF,1
TRBV7-9,TRBJ2-1,ASSPLAVASDNEQF,1
TRBV7-9,TRBJ2-1,ASSPLAVASYNEQF,12
TRBV7-9,TRBJ2-1,ASSPLAVASYSEQF,1
TRBV7-9,TRBJ2-1,ASSPLAVCNNEQF,1
TRBV7-9,TRBJ2-1,ASSPLAVGDEQF,1
TRBV7-9,TRBJ2-1,ASSPLAVGKAQF,3
TRBV7-9,TRBJ2-1,ASSPLAVGKNEQF,1
TRBV7-9,TRBJ2-1,ASSPLAVGYNEQF,1
TRBV7-9,TRBJ2-1,ASSPLAVKNEQF,2
TRBV7-9,TRBJ2-1,ASSPLAVLKAQF,4
TRBV7-9,TRBJ2-1,ASSPLAVLSSYNEQF,8
TRBV7-9,TRBJ2-1,ASSPLAVLYNEQF,1
TRBV7-9,TRBJ2-1,ASSPLAVNDEQF,1
TRBV7-9,TRBJ2-1,ASSPLAVNEQF,1
TRBV7-9,TRBJ2-1,ASSPLAVNHEQF,2
TRBV7-9,TRBJ2-1,ASSPLAVNNAQF,1
TRBV7-9,TRBJ2-1,ASSPLAVNNDQF,3
TRBV7-9,TRBJ2-1,ASSPLAVNNEEF,1
TRBV7-9,TRBJ2-1,ASSPLAVNNEHF,1
TRBV7-9,TRBJ2-1,ASSPLAVNNEKF,2
TRBV7-9,TRBJ2-1,ASSPLAVNNELF,2
TRBV7-9,TRBJ2-1,ASSPLAVNNEPC,1
TRBV7-9,TRBJ2-1,ASSPLAVNNEQC,3
TRBV7-9,TRBJ2-1,ASSPLAVNNEQF,291
TRBV7-9,TRBJ2-1,ASSPLAVNNEQL,2
TRBV7-9,TRBJ2-1,ASSPLAVNNEQS,1
TRBV7-9,TRBJ2-1,ASSPLAVNNEQV,1
TRBV7-9,TRBJ2-1,ASSPLAVNNKQF,1
TRBV7-9,TRBJ2-1,ASSPLAVNTEQC,1
TRBV7-9,TRBJ2-1,ASSPLAVNYEQC,1
TRBV7-9,TRBJ2-1,ASSPLAVPNEQF,1
TRBV7-9,TRBJ2-1,ASSPLAVPWDEQF,1
TRBV7-9,TRBJ2-1,ASSPLAVPYNEQF,2
TRBV7-9,TRBJ2-1,ASSPLAVQSYNEQF,1
TRBV7-9,TRBJ2-1,ASSPLAVQYNEQF,1
TRBV7-9,TRBJ2-1,ASSPLAVSGNEQF,1
TRBV7-9,TRBJ2-1,ASSPLAVSNEQF,1
TRBV7-9,TRBJ2-1,ASSPLAVSSYNEQF,3
TRBV7-9,TRBJ2-1,ASSPLAVSYNEQF,3
TRBV7-9,TRBJ2-1,ASSPLAVTNEQF,1
TRBV7-9,TRBJ2-1,ASSPLAVTYNEQF,8
TRBV7-9,TRBJ2-1,ASSPLAVVEAQF,1
TRBV7-9,TRBJ2-1,ASSPLAVVGF,1
TRBV7-9,TRBJ2-1,ASSPLAVVHSNEQF,1
TRBV7-9,TRBJ2-1,ASSPLAVVKAHF,3
TRBV7-9,TRBJ2-1,ASSPLAVVKALF,4
TRBV7-9,TRBJ2-1,ASSPLAVVKAQC,3
TRBV7-9,TRBJ2-1,ASSPLAVVKAQF,825
TRBV7-9,TRBJ2-1,ASSPLAVVKAQL,1
TRBV7-9,TRBJ2-1,ASSPLAVVKARF,4
TRBV7-9,TRBJ2-1,ASSPLAVVKEHY,1
TRBV7-9,TRBJ2-1,ASSPLAVVKEQF,1
TRBV7-9,TRBJ2-1,ASSPLAVVKPQF,1
TRBV7-9,TRBJ2-1,ASSPLAVVKSQF,1
TRBV7-9,TRBJ2-1,ASSPLAVVKTQF,1
TRBV7-9,TRBJ2-1,ASSPLAVVKVQF,3
TRBV7-9,TRBJ2-1,ASSPLAVVMAQF,1
TRBV7-9,TRBJ2-1,ASSPLAVVNAQF,3
TRBV7-9,TRBJ2-1,ASSPLAVVQAQF,1
TRBV7-9,TRBJ2-1,ASSPLAVVRAQF,1
TRBV7-9,TRBJ2-1,ASSPLAVVTAQF,3
TRBV7-9,TRBJ2-1,ASSPLAVVYNEQF,1
TRBV7-9,TRBJ2-1,ASSPLAVYGNEQF,12
TRBV7-9,TRBJ2-1,ASSPLAVYNEQF,2
TRBV7-9,TRBJ2-1,ASSPLAWGDRYNEQF,1
TRBV7-9,TRBJ2-1,ASSPLAWRSSYNEQF,1
TRBV7-9,TRBJ2-1,ASSPLAWSSYNEQF,2
TRBV7-9,TRBJ2-1,ASSPLAYNEQF,32
TRBV7-9,TRBJ2-1,ASSPLAYNNNEQF,2
TRBV7-9,TRBJ2-1,ASSPLAYPTYNEQF,1
TRBV7-9,TRBJ2-1,ASSPLAYSYNEQF,3
TRBV7-9,TRBJ2-1,ASSPLAYVNEQF,9
TRBV7-9,TRBJ2-1,ASSPLCGYYNEQF,1
TRBV7-9,TRBJ2-1,ASSPLDAAYNEQF,1
TRBV7-9,TRBJ2-1,ASSPLDADEQF,1
TRBV7-9,TRBJ2-1,ASSPLDAEQF,1
TRBV7-9,TRBJ2-1,ASSPLDAQF,1
TRBV7-9,TRBJ2-1,ASSPLDDTEQF,1
TRBV7-9,TRBJ2-1,ASSPLDDTYNEQF,1
TRBV7-9,TRBJ2-1,ASSPLDDVGEEEQF,1
TRBV7-9,TRBJ2-1,ASSPLDEGDEQF,1
TRBV7-9,TRBJ2-1,ASSPLDEQF,157
TRBV7-9,TRBJ2-1,ASSPLDGAFSEQF,2
TRBV7-9,TRBJ2-1,ASSPLDGDNEQF,1
TRBV7-9,TRBJ2-1,ASSPLDGGAGGGEQF,10
TRBV7-9,TRBJ2-1,ASSPLDGGNYNEQF,1
TRBV7-9,TRBJ2-1,ASSPLDGGRDNEQF,13
TRBV7-9,TRBJ2-1,ASSPLDGGRENEQF,1
TRBV7-9,TRBJ2-1,ASSPLDGGRNEQF,1
TRBV7-9,TRBJ2-1,ASSPLDGLSYNEQF,1
TRBV7-9,TRBJ2-1,ASSPLDGNEQF,1
TRBV7-9,TRBJ2-1,ASSPLDGRGSYNEQF,2
TRBV7-9,TRBJ2-1,ASSPLDGRVDNEQF,1
TRBV7-9,TRBJ2-1,ASSPLDGSAYNEQF,1
TRBV7-9,TRBJ2-1,ASSPLDGSGKF,8
TRBV7-9,TRBJ2-1,ASSPLDGSNEQF,1
TRBV7-9,TRBJ2-1,ASSPLDGSSYNEQF,8
TRBV7-9,TRBJ2-1,ASSPLDGSYNEQF,1
TRBV7-9,TRBJ2-1,ASSPLDGVSYNEQF,5
TRBV7-9,TRBJ2-1,ASSPLDGYNEQF,17
TRBV7-9,TRBJ2-1,ASSPLDLPGLAVINEQF,1
TRBV7-9,TRBJ2-1,ASSPLDLPTPNEQF,1
TRBV7-9,TRBJ2-1,ASSPLDLVSYNEQF,1
TRBV7-9,TRBJ2-1,ASSPLDLVYYNEQF,1
TRBV7-9,TRBJ2-1,ASSPLDNEQF,42
TRBV7-9,TRBJ2-1,ASSPLDNLNNEQF,1
TRBV7-9,TRBJ2-1,ASSPLDNNEQF,10
TRBV7-9,TRBJ2-1,ASSPLDNNKQF,2
TRBV7-9,TRBJ2-1,ASSPLDNRFDEQF,9
TRBV7-9,TRBJ2-1,ASSPLDNYNEQF,1
TRBV7-9,TRBJ2-1,ASSPLDPGNEQF,1
TRBV7-9,TRBJ2-1,ASSPLDPISYNEQF,1
TRBV7-9,TRBJ2-1,ASSPLDPLNEQF,1
TRBV7-9,TRBJ2-1,ASSPLDPPPNNEQF,1
TRBV7-9,TRBJ2-1,ASSPLDPSSYNEQF,10
TRBV7-9,TRBJ2-1,ASSPLDQREAYGEQF,7
TRBV7-9,TRBJ2-1,ASSPLDQYNEQF,1
TRBV7-9,TRBJ2-1,ASSPLDRAGSYNEQF,1
TRBV7-9,TRBJ2-1,ASSPLDRANTNEQF,3
TRBV7-9,TRBJ2-1,ASSPLDRDNEQF,5
TRBV7-9,TRBJ2-1,ASSPLDRDRFYNEQF,1
TRBV7-9,TRBJ2-1,ASSPLDRDSGQF,5
TRBV7-9,TRBJ2-1,ASSPLDRDSYNEQF,1
TRBV7-9,TRBJ2-1,ASSPLDRDTYNEQF,17
TRBV7-9,TRBJ2-1,ASSPLDRENEQF,1
TRBV7-9,TRBJ2-1,ASSPLDREPVDEQF,7
TRBV7-9,TRBJ2-1,ASSPLDREQF,3
TRBV7-9,TRBJ2-1,ASSPLDRGAYNEQF,1
TRBV7-9,TRBJ2-1,ASSPLDRGDNEQF,1
TRBV7-9,TRBJ2-1,ASSPLDRGIINEQF,14
TRBV7-9,TRBJ2-1,ASSPLDRGLNEQF,1
TRBV7-9,TRBJ2-1,ASSPLDRGLSYNEQF,1
TRBV7-9,TRBJ2-1,ASSPLDRGLYNEQF,20
TRBV7-9,TRBJ2-1,ASSPLDRGNEQF,3
TRBV7-9,TRBJ2-1,ASSPLDRGNNEQF,1
TRBV7-9,TRBJ2-1,ASSPLDRGRGNEQF,3
TRBV7-9,TRBJ2-1,ASSPLDRGRINEQF,6
TRBV7-9,TRBJ2-1,ASSPLDRGSTYNEQF,1
TRBV7-9,TRBJ2-1,ASSPLDRGTYNEQF,2
TRBV7-9,TRBJ2-1,ASSPLDRIELGTYNEQF,1
TRBV7-9,TRBJ2-1,ASSPLDRIYNEQF,6
TRBV7-9,TRBJ2-1,ASSPLDRLNEQF,2
TRBV7-9,TRBJ2-1,ASSPLDRNNEQF,1
TRBV7-9,TRBJ2-1,ASSPLDRRASGRAGEQF,20
TRBV7-9,TRBJ2-1,ASSPLDRRSSDEQF,1
TRBV7-9,TRBJ2-1,ASSPLDRSDNKQF,1
TRBV7-9,TRBJ2-1,ASSPLDRSGNEQF,3
TRBV7-9,TRBJ2-1,ASSPLDRSSYNEQF,1
TRBV7-9,TRBJ2-1,ASSPLDRSYNEQF,18
TRBV7-9,TRBJ2-1,ASSPLDRTGAYNEQF,1
TRBV7-9,TRBJ2-1,ASSPLDRTNLNEQF,1
TRBV7-9,TRBJ2-1,ASSPLDRTSVYNEQF,1
TRBV7-9,TRBJ2-1,ASSPLDRVAYNEQF,1
TRBV7-9,TRBJ2-1,ASSPLDRVGDEQF,5
TRBV7-9,TRBJ2-1,ASSPLDRVHEQF,4
TRBV7-9,TRBJ2-1,ASSPLDRVHNEQF,16
TRBV7-9,TRBJ2-1,ASSPLDRVLYNEQF,1
TRBV7-9,TRBJ2-1,ASSPLDRVNEQF,2
TRBV7-9,TRBJ2-1,ASSPLDRVYNEQF,17
TRBV7-9,TRBJ2-1,ASSPLDRYEQF,1
TRBV7-9,TRBJ2-1,ASSPLDSAYNEQF,1
TRBV7-9,TRBJ2-1,ASSPLDSDNEQF,9
TRBV7-9,TRBJ2-1,ASSPLDSFSYNEQF,1
TRBV7-9,TRBJ2-1,ASSPLDSGAYNEQF,1
TRBV7-9,TRBJ2-1,ASSPLDSGIHEQF,1
TRBV7-9,TRBJ2-1,ASSPLDSGRVGTYNEQF,1
TRBV7-9,TRBJ2-1,ASSPLDSSNEQF,1
TRBV7-9,TRBJ2-1,ASSPLDSSSYNEQF,1
TRBV7-9,TRBJ2-1,ASSPLDSSYNEQF,1
TRBV7-9,TRBJ2-1,ASSPLDSTSYNEQF,1
TRBV7-9,TRBJ2-1,ASSPLDSYDNEQF,5
TRBV7-9,TRBJ2-1,ASSPLDSYGYNEQF,1
TRBV7-9,TRBJ2-1,ASSPLDSYKEQF,1
TRBV7-9,TRBJ2-1,ASSPLDSYNEQF,6
TRBV7-9,TRBJ2-1,ASSPLDTLSYNEQF,1
TRBV7-9,TRBJ2-1,ASSPLDTPSEQF,1
TRBV7-9,TRBJ2-1,ASSPLDTSYNEQF,3
TRBV7-9,TRBJ2-1,ASSPLDVAGGGHEQF,1
TRBV7-9,TRBJ2-1,ASSPLDVEQF,3
TRBV7-9,TRBJ2-1,ASSPLDVGHPINEQF,1
TRBV7-9,TRBJ2-1,ASSPLDVKTSNEQF,2
TRBV7-9,TRBJ2-1,ASSPLDVLGSYNEQF,5
TRBV7-9,TRBJ2-1,ASSPLDVNEQF,1
TRBV7-9,TRBJ2-1,ASSPLDVQF,1
TRBV7-9,TRBJ2-1,ASSPLDVRYNEQF,6
TRBV7-9,TRBJ2-1,ASSPLDVWGNNEQF,1
TRBV7-9,TRBJ2-1,ASSPLDWAEGIVNEQF,1
TRBV7-9,TRBJ2-1,ASSPLDWMGANEQF,1
TRBV7-9,TRBJ2-1,ASSPLDYKSDNEQF,8
TRBV7-9,TRBJ2-1,ASSPLDYKSHNEQF,1
TRBV7-9,TRBJ2-1,ASSPLDYPYNEQF,5
TRBV7-9,TRBJ2-1,ASSPLDYSYNEQF,2
TRBV7-9,TRBJ2-1,ASSPLDYYNEQF,1
TRBV7-9,TRBJ2-1,ASSPLEADEQF,1
TRBV7-9,TRBJ2-1,ASSPLEAGGPAENEQF,1
TRBV7-9,TRBJ2-1,ASSPLEAGGRLNEQF,1
TRBV7-9,TRBJ2-1,ASSPLEAGHHNEQF,1
TRBV7-9,TRBJ2-1,ASSPLEAGYNEQF,1
TRBV7-9,TRBJ2-1,ASSPLEASFNEQF,1
TRBV7-9,TRBJ2-1,ASSPLEASRNNEQF,1
TRBV7-9,TRBJ2-1,ASSPLEASYNEQF,4
TRBV7-9,TRBJ2-1,ASSPLEAYNEQF,1
TRBV7-9,TRBJ2-1,ASSPLEDEQF,2
TRBV7-9,TRBJ2-1,ASSPLEDSYNEQF,1
TRBV7-9,TRBJ2-1,ASSPLEDYNEQF,1
TRBV7-9,TRBJ2-1,ASSPLEEDEQF,1
TRBV7-9,TRBJ2-1,ASSPLEEGRHNEQF,1
TRBV7-9,TRBJ2-1,ASSPLEETHNEQF,1
TRBV7-9,TRBJ2-1,ASSPLEETSYNEQF,1
TRBV7-9,TRBJ2-1,ASSPLEGAGLALNEQF,1
TRBV7-9,TRBJ2-1,ASSPLEGAGLAPNEQF,14
TRBV7-9,TRBJ2-1,ASSPLEGAGYNEQF,1
TRBV7-9,TRBJ2-1,ASSPLEGASGWSYNEQF,4
TRBV7-9,TRBJ2-1,ASSPLEGASYNEQF,2
TRBV7-9,TRBJ2-1,ASSPLEGEAYNEQF,1
TRBV7-9,TRBJ2-1,ASSPLEGEKF,1
TRBV7-9,TRBJ2-1,ASSPLEGGEYNEQF,1
TRBV7-9,TRBJ2-1,ASSPLEGGGNEQF,1
TRBV7-9,TRBJ2-1,ASSPLEGGLTDEQF,1
TRBV7-9,TRBJ2-1,ASSPLEGGNNEQF,1
TRBV7-9,TRBJ2-1,ASSPLEGGQGNEQF,1
TRBV7-9,TRBJ2-1,ASSPLEGGRSYNEQF,1
TRBV7-9,TRBJ2-1,ASSPLEGGSSSYNEQF,1
TRBV7-9,TRBJ2-1,ASSPLEGGVRSYNEQF,1
TRBV7-9,TRBJ2-1,ASSPLEGHIEQF,1
TRBV7-9,TRBJ2-1,ASSPLEGHNEQF,6
TRBV7-9,TRBJ2-1,ASSPLEGILYNEQF,1
TRBV7-9,TRBJ2-1,ASSPLEGLAFEQF,3
TRBV7-9,TRBJ2-1,ASSPLEGLHYNEQF,1
TRBV7-9,TRBJ2-1,ASSPLEGLIYNEQF,1
TRBV7-9,TRBJ2-1,ASSPLEGLNEQF,1
TRBV7-9,TRBJ2-1,ASSPLEGLNNEQF,1
TRBV7-9,TRBJ2-1,ASSPLEGMNEQF,1
TRBV7-9,TRBJ2-1,ASSPLEGNEQF,12
TRBV7-9,TRBJ2-1,ASSPLEGPDYNEQF,1
TRBV7-9,TRBJ2-1,ASSPLEGPSYNEQF,5
TRBV7-9,TRBJ2-1,ASSPLEGQLRNEQF,1
TRBV7-9,TRBJ2-1,ASSPLEGQVGGNEQF,1
TRBV7-9,TRBJ2-1,ASSPLEGRDEQF,2
TRBV7-9,TRBJ2-1,ASSPLEGRGGYNEQF,12
TRBV7-9,TRBJ2-1,ASSPLEGRKNEQF,1
TRBV7-9,TRBJ2-1,ASSPLEGRNEQS,1
TRBV7-9,TRBJ2-1,ASSPLEGRNIEQF,2
TRBV7-9,TRBJ2-1,ASSPLEGRNNAQF,1
TRBV7-9,TRBJ2-1,ASSPLEGRNNDQF,1
TRBV7-9,TRBJ2-1,ASSPLEGRNNEQF,27
TRBV7-9,TRBJ2-1,ASSPLEGRNNKQF,1
TRBV7-9,TRBJ2-1,ASSPLEGRNTEQF,1
TRBV7-9,TRBJ2-1,ASSPLEGRNYNEQF,3
TRBV7-9,TRBJ2-1,ASSPLEGRRDNEQF,1
TRBV7-9,TRBJ2-1,ASSPLEGRSYNEQF,2
TRBV7-9,TRBJ2-1,ASSPLEGRYNEQF,11
TRBV7-9,TRBJ2-1,ASSPLEGSDNEQF,1
TRBV7-9,TRBJ2-1,ASSPLEGSGRVDNEQF,15
TRBV7-9,TRBJ2-1,ASSPLEGSSEQF,1
TRBV7-9,TRBJ2-1,ASSPLEGSSYNEQF,11
TRBV7-9,TRBJ2-1,ASSPLEGSYNEQF,1
TRBV7-9,TRBJ2-1,ASSPLEGTFYNEQF,1
TRBV7-9,TRBJ2-1,ASSPLEGTGHNEQF,11
TRBV7-9,TRBJ2-1,ASSPLEGTSYNEQF,9
TRBV7-9,TRBJ2-1,ASSPLEGTSYTEQF,1
TRBV7-9,TRBJ2-1,ASSPLEGTYYNEQF,1
TRBV7-9,TRBJ2-1,ASSPLEGVDYNEQF,1
TRBV7-9,TRBJ2-1,ASSPLEGVGF,1
TRBV7-9,TRBJ2-1,ASSPLEGVTALTEQF,6
TRBV7-9,TRBJ2-1,ASSPLEGVWNEQF,1
TRBV7-9,TRBJ2-1,ASSPLEGVYNEQF,14
TRBV7-9,TRBJ2-1,ASSPLEGVYNKQF,1
TRBV7-9,TRBJ2-1,ASSPLEGWDEQF,1
TRBV7-9,TRBJ2-1,ASSPLEGYNEQF,1
TRBV7-9,TRBJ2-1,ASSPLEGYSYNEQF,1
TRBV7-9,TRBJ2-1,ASSPLEHSYNEQF,1
TRBV7-9,TRBJ2-1,ASSPLEIGSYNEQF,1
TRBV7-9,TRBJ2-1,ASSPLEINEQF,1
TRBV7-9,TRBJ2-1,ASSPLEISYNEQF,1
TRBV7-9,TRBJ2-1,ASSPLEKGRGYNEQF,7
TRBV7-9,TRBJ2-1,ASSPLELAGGLRNEQF,1
TRBV7-9,TRBJ2-1,ASSPLELAGVHIYEQF,2
TRBV7-9,TRBJ2-1,ASSPLELFPNEQF,1
TRBV7-9,TRBJ2-1,ASSPLELRGDNEQF,1
TRBV7-9,TRBJ2-1,ASSPLELTTGLAGPAGSYNEQF,12
TRBV7-9,TRBJ2-1,ASSPLELVSYNEQF,10
TRBV7-9,TRBJ2-1,ASSPLELVSYNVQF,1
TRBV7-9,TRBJ2-1,ASSPLENEQF,1
TRBV7-9,TRBJ2-1,ASSPLEPAVYNEQF,1
TRBV7-9,TRBJ2-1,ASSPLEPPSSYNEQF,1
TRBV7-9,TRBJ2-1,ASSPLEPSSYNEQF,1
TRBV7-9,TRBJ2-1,ASSPLEPSVPFSYNEQF,1
TRBV7-9,TRBJ2-1,ASSPLEPSYNEQF,3
TRBV7-9,TRBJ2-1,ASSPLEQSYEQF,1
TRBV7-9,TRBJ2-1,ASSPLERAGVVV,3
TRBV7-9,TRBJ2-1,ASSPLERAHYEQF,1
TRBV7-9,TRBJ2-1,ASSPLERDEQF,1
TRBV7-9,TRBJ2-1,ASSPLEREDNEQF,1
TRBV7-9,TRBJ2-1,ASSPLEREWYNEQF,1
TRBV7-9,TRBJ2-1,ASSPLERGARPSDEQF,1
TRBV7-9,TRBJ2-1,ASSPLERGRPYNEQF,1
TRBV7-9,TRBJ2-1,ASSPLERNEQF,1
TRBV7-9,TRBJ2-1,ASSPLERYNEQF,1
TRBV7-9,TRBJ2-1,ASSPLESAGEQF,1
TRBV7-9,TRBJ2-1,ASSPLESGHQYNEQF,3
TRBV7-9,TRBJ2-1,ASSPLESRPVNNEQF,11
TRBV7-9,TRBJ2-1,ASSPLESSNDNEQF,1
TRBV7-9,TRBJ2-1,ASSPLESSYNEQF,4
TRBV7-9,TRBJ2-1,ASSPLESYNEEC,1
TRBV7-9,TRBJ2-1,ASSPLESYNEQF,2
TRBV7-9,TRBJ2-1,ASSPLETAYNEQF,7
TRBV7-9,TRBJ2-1,ASSPLETAYNYQF,1
TRBV7-9,TRBJ2-1,ASSPLETCYHEQF,1
TRBV7-9,TRBJ2-1,ASSPLETFYNEQF,4
TRBV7-9,TRBJ2-1,ASSPLETGSYNEQF,1
TRBV7-9,TRBJ2-1,ASSPLETLNEQF,1
TRBV7-9,TRBJ2-1,ASSPLETPWEQF,12
TRBV7-9,TRBJ2-1,ASSPLETPYNEQF,1
TRBV7-9,TRBJ2-1,ASSPLETSCNEQF,2
TRBV7-9,TRBJ2-1,ASSPLETSDNEQF,3
TRBV7-9,TRBJ2-1,ASSPLETSFNEQF,2
TRBV7-9,TRBJ2-1,ASSPLETSHNEQF,1
TRBV7-9,TRBJ2-1,ASSPLETSNEQF,1
TRBV7-9,TRBJ2-1,ASSPLETSSNEQF,2
TRBV7-9,TRBJ2-1,ASSPLETSSYNEQF,3
TRBV7-9,TRBJ2-1,ASSPLETSYDEQF,6
TRBV7-9,TRBJ2-1,ASSPLETSYDEQI,1
TRBV7-9,TRBJ2-1,ASSPLETSYHEQF,4
TRBV7-9,TRBJ2-1,ASSPLETSYIEQF,2
TRBV7-9,TRBJ2-1,ASSPLETSYKEQF,3
TRBV7-9,TRBJ2-1,ASSPLETSYNAHF,1
TRBV7-9,TRBJ2-1,ASSPLETSYNAQF,11
TRBV7-9,TRBJ2-1,ASSPLETSYNDQF,9
TRBV7-9,TRBJ2-1,ASSPLETSYNEKF,1
TRBV7-9,TRBJ2-1,ASSPLETSYNEPF,4
TRBV7-9,TRBJ2-1,ASSPLETSYNEQC,5
TRBV7-9,TRBJ2-1,ASSPLETSYNEQF,1019
TRBV7-9,TRBJ2-1,ASSPLETSYNEQL,3
TRBV7-9,TRBJ2-1,ASSPLETSYNEQV,4
TRBV7-9,TRBJ2-1,ASSPLETSYNERF,1
TRBV7-9,TRBJ2-1,ASSPLETSYNGNF,1
TRBV7-9,TRBJ2-1,ASSPLETSYNGQF,10
TRBV7-9,TRBJ2-1,ASSPLETSYNKQF,1
TRBV7-9,TRBJ2-1,ASSPLETSYNYQF,1
TRBV7-9,TRBJ2-1,ASSPLETSYSEQF,3
TRBV7-9,TRBJ2-1,ASSPLETSYTEQF,7
TRBV7-9,TRBJ2-1,ASSPLETSYYEQF,2
TRBV7-9,TRBJ2-1,ASSPLETTYNEQF,3
TRBV7-9,TRBJ2-1,ASSPLETTYNEQS,1
TRBV7-9,TRBJ2-1,ASSPLETYYNEQF,2
TRBV7-9,TRBJ2-1,ASSPLEVDNEQF,5
TRBV7-9,TRBJ2-1,ASSPLEVNNDQF,1
TRBV7-9,TRBJ2-1,ASSPLEVNNEKF,1
TRBV7-9,TRBJ2-1,ASSPLEVNNEQF,2
TRBV7-9,TRBJ2-1,ASSPLEVNNVQL,1
TRBV7-9,TRBJ2-1,ASSPLEVPRSYNEQF,8
TRBV7-9,TRBJ2-1,ASSPLEVQGYNEQF,1
TRBV7-9,TRBJ2-1,ASSPLEVVKAQF,1
TRBV7-9,TRBJ2-1,ASSPLEYEHF,1
TRBV7-9,TRBJ2-1,ASSPLEYEQF,43
TRBV7-9,TRBJ2-1,ASSPLEYNEQF,1
TRBV7-9,TRBJ2-1,ASSPLEYVQF,1
TRBV7-9,TRBJ2-1,ASSPLFAGGSAYNEQF,1
TRBV7-9,TRBJ2-1,ASSPLFAGKAREQF,2
TRBV7-9,TRBJ2-1,ASSPLFAGLAGVYEQF,4
TRBV7-9,TRBJ2-1,ASSPLFAQSRYNEHF,1
TRBV7-9,TRBJ2-1,ASSPLFAREGVDEQF,5
TRBV7-9,TRBJ2-1,ASSPLFAREGVDEQV,1
TRBV7-9,TRBJ2-1,ASSPLFDPSGGDEQF,3
TRBV7-9,TRBJ2-1,ASSPLFDTKRNEQF,1
TRBV7-9,TRBJ2-1,ASSPLFDTRRNEQF,1
TRBV7-9,TRBJ2-1,ASSPLFDYNEQF,1
TRBV7-9,TRBJ2-1,ASSPLFEQF,11
TRBV7-9,TRBJ2-1,ASSPLFFGRYEQF,1
TRBV7-9,TRBJ2-1,ASSPLFGAAYNEQF,5
TRBV7-9,TRBJ2-1,ASSPLFGAQNYNEQF,1
TRBV7-9,TRBJ2-1,ASSPLFGDAYNEQF,1
TRBV7-9,TRBJ2-1,ASSPLFGDHNEQF,1
TRBV7-9,TRBJ2-1,ASSPLFGDYNEQF,9
TRBV7-9,TRBJ2-1,ASSPLFGGAEYEQF,7
TRBV7-9,TRBJ2-1,ASSPLFGGANNEQF,1
TRBV7-9,TRBJ2-1,ASSPLFGGTYNEQF,3
TRBV7-9,TRBJ2-1,ASSPLFGGVPYNEQF,1
TRBV7-9,TRBJ2-1,ASSPLFGLAGGGNEQF,1
TRBV7-9,TRBJ2-1,ASSPLFGLVSSYNEQF,1
TRBV7-9,TRBJ2-1,ASSPLFGRAGSYNEQF,4
TRBV7-9,TRBJ2-1,ASSPLFGRAVSYNQQF,1
TRBV7-9,TRBJ2-1,ASSPLFGRERDNEQF,1
TRBV7-9,TRBJ2-1,ASSPLFGSGDNEQF,8
TRBV7-9,TRBJ2-1,ASSPLFGTGFYNEQF,2
TRBV7-9,TRBJ2-1,ASSPLFGTYNEQF,1
TRBV7-9,TRBJ2-1,ASSPLFLAGNEQF,4
TRBV7-9,TRBJ2-1,ASSPLFLAGTGNNEQF,1
TRBV7-9,TRBJ2-1,ASSPLFLDEQF,8
TRBV7-9,TRBJ2-1,ASSPLFLGTNEQF,1
TRBV7-9,TRBJ2-1,ASSPLFMAAYNEQF,1
TRBV7-9,TRBJ2-1,ASSPLFNEQF,2
TRBV7-9,TRBJ2-1,ASSPLFPDEQF,1
TRBV7-9,TRBJ2-1,ASSPLFPGLAAPYNEQF,1
TRBV7-9,TRBJ2-1,ASSPLFPGQGSGNEQF,1
TRBV7-9,TRBJ2-1,ASSPLFPNEQF,8
TRBV7-9,TRBJ2-1,ASSPLFPSYNEQF,1
TRBV7-9,TRBJ2-1,ASSPLFQGNEQF,1
TRBV7-9,TRBJ2-1,ASSPLFRDPRANEQF,9
TRBV7-9,TRBJ2-1,ASSPLFRDRTPDEQF,1
TRBV7-9,TRBJ2-1,ASSPLFRNNGSESHNEQF,1
TRBV7-9,TRBJ2-1,ASSPLFSAGGHNKEQF,12
TRBV7-9,TRBJ2-1,ASSPLFSASYNEQF,1
TRBV7-9,TRBJ2-1,ASSPLFSGGDNEQF,1
TRBV7-9,TRBJ2-1,ASSPLFSGGTLSYNEQF,1
TRBV7-9,TRBJ2-1,ASSPLFSGPEDYYNEQF,6
TRBV7-9,TRBJ2-1,ASSPLFSLAGNNEQF,1
TRBV7-9,TRBJ2-1,ASSPLFSMDRAGSGEQF,8
TRBV7-9,TRBJ2-1,ASSPLFSYNEQF,1
TRBV7-9,TRBJ2-1,ASSPLFTYNEQF,1
TRBV7-9,TRBJ2-1,ASSPLFVGNEQF,1
TRBV7-9,TRBJ2-1,ASSPLGAAAYNEQF,1
TRBV7-9,TRBJ2-1,ASSPLGAALLNEQF,1
TRBV7-9,TRBJ2-1,ASSPLGAANEQF,1
TRBV7-9,TRBJ2-1,ASSPLGAATYNEQC,1
TRBV7-9,TRBJ2-1,ASSPLGAATYNEQF,5
TRBV7-9,TRBJ2-1,ASSPLGAAYGEQF,1
TRBV7-9,TRBJ2-1,ASSPLGAAYNEQF,1
TRBV7-9,TRBJ2-1,ASSPLGADNEQF,1
TRBV7-9,TRBJ2-1,ASSPLGADYNEQF,1
TRBV7-9,TRBJ2-1,ASSPLGAELYNEQF,1
TRBV7-9,TRBJ2-1,ASSPLGAGAENEQF,1
TRBV7-9,TRBJ2-1,ASSPLGAGAYNEQF,1
TRBV7-9,TRBJ2-1,ASSPLGAGDSYNEQF,1
TRBV7-9,TRBJ2-1,ASSPLGAGEINEQF,5
TRBV7-9,TRBJ2-1,ASSPLGAGFHNEQF,1
TRBV7-9,TRBJ2-1,ASSPLGAGGDNEQF,4
TRBV7-9,TRBJ2-1,ASSPLGAGGLDEQF,1
TRBV7-9,TRBJ2-1,ASSPLGAGGNEQF,2
TRBV7-9,TRBJ2-1,ASSPLGAGGNNEQF,11
TRBV7-9,TRBJ2-1,ASSPLGAGGYDEQF,1
TRBV7-9,TRBJ2-1,ASSPLGAGGYNEQF,13
TRBV7-9,TRBJ2-1,ASSPLGAGLAGSYNEQF,11
TRBV7-9,TRBJ2-1,ASSPLGAGLQF,1
TRBV7-9,TRBJ2-1,ASSPLGAGPPNNEQF,1
TRBV7-9,TRBJ2-1,ASSPLGAGSEQF,1
TRBV7-9,TRBJ2-1,ASSPLGAGSHNEQF,1
TRBV7-9,TRBJ2-1,ASSPLGAGSLNEQF,11
TRBV7-9,TRBJ2-1,ASSPLGAGSYNEQF,1
TRBV7-9,TRBJ2-1,ASSPLGAGTYNEQF,1
TRBV7-9,TRBJ2-1,ASSPLGAGVDGEQF,17
TRBV7-9,TRBJ2-1,ASSPLGAGVENKQF,1
TRBV7-9,TRBJ2-1,ASSPLGAGVNEQF,1
TRBV7-9,TRBJ2-1,ASSPLGAGVYYNEQF,1
TRBV7-9,TRBJ2-1,ASSPLGAGYGNEQF,1
TRBV7-9,TRBJ2-1,ASSPLGAIHNEQF,1
TRBV7-9,TRBJ2-1,ASSPLGAIVYNEQF,2
TRBV7-9,TRBJ2-1,ASSPLGALAENEQF,9
TRBV7-9,TRBJ2-1,ASSPLGALSSYNEQF,5
TRBV7-9,TRBJ2-1,ASSPLGALYNEQF,2
TRBV7-9,TRBJ2-1,ASSPLGANEQF,3
TRBV7-9,TRBJ2-1,ASSPLGAPGNEQF,1
TRBV7-9,TRBJ2-1,ASSPLGAPHNEQF,1
TRBV7-9,TRBJ2-1,ASSPLGAPNEQF,14
TRBV7-9,TRBJ2-1,ASSPLGAPRGPYNEQF,1
TRBV7-9,TRBJ2-1,ASSPLGAPSYNEQF,1
TRBV7-9,TRBJ2-1,ASSPLGARASNEQL,1
TRBV7-9,TRBJ2-1,ASSPLGARAYGEQF,2
TRBV7-9,TRBJ2-1,ASSPLGARAYHEQF,1
TRBV7-9,TRBJ2-1,ASSPLGARAYKEQF,1
TRBV7-9,TRBJ2-1,ASSPLGARAYNEQF,112
TRBV7-9,TRBJ2-1,ASSPLGARDYNEQF,1
TRBV7-9,TRBJ2-1,ASSPLGARLEDEQF,1
TRBV7-9,TRBJ2-1,ASSPLGARPYNEQF,2
TRBV7-9,TRBJ2-1,ASSPLGASGKVSYNEQF,1
TRBV7-9,TRBJ2-1,ASSPLGASGRARYNEQF,1
TRBV7-9,TRBJ2-1,ASSPLGASGSNEQF,1
TRBV7-9,TRBJ2-1,ASSPLGASSNEQF,1
TRBV7-9,TRBJ2-1,ASSPLGASSYNEQF,1
TRBV7-9,TRBJ2-1,ASSPLGASYNEQF,4
TRBV7-9,TRBJ2-1,ASSPLGATSYNEQF,1
TRBV7-9,TRBJ2-1,ASSPLGATTDEQF,6
TRBV7-9,TRBJ2-1,ASSPLGATYNEQF,6
TRBV7-9,TRBJ2-1,ASSPLGAVPPNEQF,1
TRBV7-9,TRBJ2-1,ASSPLGAVPYNEQF,1
TRBV7-9,TRBJ2-1,ASSPLGAVTNEQF,10
TRBV7-9,TRBJ2-1,ASSPLGAYNEQF,4
TRBV7-9,TRBJ2-1,ASSPLGDEQF,56
TRBV7-9,TRBJ2-1,ASSPLGDNEQF,2
TRBV7-9,TRBJ2-1,ASSPLGDPMDEQF,1
TRBV7-9,TRBJ2-1,ASSPLGDRGSYNEQF,1
TRBV7-9,TRBJ2-1,ASSPLGDRGYNEQF,1
TRBV7-9,TRBJ2-1,ASSPLGDRLNEQF,1
TRBV7-9,TRBJ2-1,ASSPLGDRTGVYNEQF,1
TRBV7-9,TRBJ2-1,ASSPLGDSQF,6
TRBV7-9,TRBJ2-1,ASSPLGDSSYNEQF,10
TRBV7-9,TRBJ2-1,ASSPLGDSYNEQF,6
TRBV7-9,TRBJ2-1,ASSPLGDYEQF,1
TRBV7-9,TRBJ2-1,ASSPLGDYNEQF,1
TRBV7-9,TRBJ2-1,ASSPLGEANEQF,1
TRBV7-9,TRBJ2-1,ASSPLGEAVDEQF,1
TRBV7-9,TRBJ2-1,ASSPLGEAYNEQF,3
TRBV7-9,TRBJ2-1,ASSPLGEDNEQF,1
TRBV7-9,TRBJ2-1,ASSPLGEFGNEQF,1
TRBV7-9,TRBJ2-1,ASSPLGEFLAGHNEQF,3
TRBV7-9,TRBJ2-1,ASSPLGEFYNEQF,1
TRBV7-9,TRBJ2-1,ASSPLGEGFFDNEQF,1
TRBV7-9,TRBJ2-1,ASSPLGEGLNEQF,1
TRBV7-9,TRBJ2-1,ASSPLGEGLTYNEQF,1
TRBV7-9,TRBJ2-1,ASSPLGEGNEQF,1
TRBV7-9,TRBJ2-1,ASSPLGEGPFDEQF,3
TRBV7-9,TRBJ2-1,ASSPLGEHYNEQF,1
TRBV7-9,TRBJ2-1,ASSPLGEKADEQF,1
TRBV7-9,TRBJ2-1,ASSPLGEQF,21
TRBV7-9,TRBJ2-1,ASSPLGERLGNEQF,1
TRBV7-9,TRBJ2-1,ASSPLGERNNEQF,1
TRBV7-9,TRBJ2-1,ASSPLGERVSSYNEQF,10
TRBV7-9,TRBJ2-1,ASSPLGETLGNEQF,1
TRBV7-9,TRBJ2-1,ASSPLGETWNEQF,1
TRBV7-9,TRBJ2-1,ASSPLGETYNEQF,1
TRBV7-9,TRBJ2-1,ASSPLGEVGYNEQF,1
TRBV7-9,TRBJ2-1,ASSPLGEVPGNEQF,4
TRBV7-9,TRBJ2-1,ASSPLGFFDEQF,1
TRBV7-9,TRBJ2-1,ASSPLGFQGDNNEQF,1
TRBV7-9,TRBJ2-1,ASSPLGFSGRSYNEQF,1
TRBV7-9,TRBJ2-1,ASSPLGFVGNEQF,4
TRBV7-9,TRBJ2-1,ASSPLGFVNEQF,1
TRBV7-9,TRBJ2-1,ASSPLGFYNEQF,1
TRBV7-9,TRBJ2-1,ASSPLGGADEQF,1
TRBV7-9,TRBJ2-1,ASSPLGGAF,12
TRBV7-9,TRBJ2-1,ASSPLGGAFNEKF,1
TRBV7-9,TRBJ2-1,ASSPLGGAFNEQF,12
TRBV7-9,TRBJ2-1,ASSPLGGAGEQF,1
TRBV7-9,TRBJ2-1,ASSPLGGAGGLYEQF,1
TRBV7-9,TRBJ2-1,ASSPLGGAGGSDEQF,12
TRBV7-9,TRBJ2-1,ASSPLGGAGNEQF,1
TRBV7-9,TRBJ2-1,ASSPLGGAHYNEQF,1
TRBV7-9,TRBJ2-1,ASSPLGGALNNEQF,8
TRBV7-9,TRBJ2-1,ASSPLGGALYNEQF,1
TRBV7-9,TRBJ2-1,ASSPLGGAQNEQF,13
TRBV7-9,TRBJ2-1,ASSPLGGARDEQF,1
TRBV7-9,TRBJ2-1,ASSPLGGARNEQF,1
TRBV7-9,TRBJ2-1,ASSPLGGARYNEQF,1
TRBV7-9,TRBJ2-1,ASSPLGGASELF,1
TRBV7-9,TRBJ2-1,ASSPLGGASEQF,2
TRBV7-9,TRBJ2-1,ASSPLGGASYNEQF,2
TRBV7-9,TRBJ2-1,ASSPLGGATYNEQF,1
TRBV7-9,TRBJ2-1,ASSPLGGAVYNEQF,1
TRBV7-9,TRBJ2-1,ASSPLGGAYNEEF,1
TRBV7-9,TRBJ2-1,ASSPLGGAYNEQF,21
TRBV7-9,TRBJ2-1,ASSPLGGAYNGQF,1
TRBV7-9,TRBJ2-1,ASSPLGGAYSEQF,1
TRBV7-9,TRBJ2-1,ASSPLGGDDVYNEQF,1
TRBV7-9,TRBJ2-1,ASSPLGGDEQF,1
TRBV7-9,TRBJ2-1,ASSPLGGDLDEQF,1
TRBV7-9,TRBJ2-1,ASSPLGGDNEQF,9
TRBV7-9,TRBJ2-1,ASSPLGGDRAHEQF,1
TRBV7-9,TRBJ2-1,ASSPLGGDSNEQF,11
TRBV7-9,TRBJ2-1,ASSPLGGEDNEQF,7
TRBV7-9,TRBJ2-1,ASSPLGGEGYNEQF,7
TRBV7-9,TRBJ2-1,ASSPLGGEIYNEQF,16
TRBV7-9,TRBJ2-1,ASSPLGGELRYNEQF,1
TRBV7-9,TRBJ2-1,ASSPLGGEQF,133
TRBV7-9,TRBJ2-1,ASSPLGGERF,1
TRBV7-9,TRBJ2-1,ASSPLGGEWYNEQF,1
TRBV7-9,TRBJ2-1,ASSPLGGEYNEQF,1
TRBV7-9,TRBJ2-1,ASSPLGGFHYNEQF,1
TRBV7-9,TRBJ2-1,ASSPLGGGAGDDEQF,6
TRBV7-9,TRBJ2-1,ASSPLGGGAREQF,4
TRBV7-9,TRBJ2-1,ASSPLGGGASGSYNEQF,3
TRBV7-9,TRBJ2-1,ASSPLGGGASSSYNEQF,5
TRBV7-9,TRBJ2-1,ASSPLGGGAYNEQF,1
TRBV7-9,TRBJ2-1,ASSPLGGGFNEQF,3
TRBV7-9,TRBJ2-1,ASSPLGGGGGSYNEQF,1
TRBV7-9,TRBJ2-1,ASSPLGGGGYNEQF,8
TRBV7-9,TRBJ2-1,ASSPLGGGHEQF,1
TRBV7-9,TRBJ2-1,ASSPLGGGHYNEQF,1
TRBV7-9,TRBJ2-1,ASSPLGGGISYNEQF,1
TRBV7-9,TRBJ2-1,ASSPLGGGIYEQF,1
TRBV7-9,TRBJ2-1,ASSPLGGGLSYNEQF,1
TRBV7-9,TRBJ2-1,ASSPLGGGNEQF,2
TRBV7-9,TRBJ2-1,ASSPLGGGNNEQF,1
TRBV7-9,TRBJ2-1,ASSPLGGGNSYNEQF,3
TRBV7-9,TRBJ2-1,ASSPLGGGPSYNEQF,1
TRBV7-9,TRBJ2-1,ASSPLGGGPWNEQF,4
TRBV7-9,TRBJ2-1,ASSPLGGGPYNEHF,1
TRBV7-9,TRBJ2-1,ASSPLGGGPYNEQF,1
TRBV7-9,TRBJ2-1,ASSPLGGGQAYNEQF,1
TRBV7-9,TRBJ2-1,ASSPLGGGQETQY,1
TRBV7-9,TRBJ2-1,ASSPLGGGQL,1
TRBV7-9,TRBJ2-1,ASSPLGGGRGEQF,6
TRBV7-9,TRBJ2-1,ASSPLGGGRGYNEQF,1
TRBV7-9,TRBJ2-1,ASSPLGGGRVVADEQF,1
TRBV7-9,TRBJ2-1,ASSPLGGGSLNEQF,1
TRBV7-9,TRBJ2-1,ASSPLGGGSNNEQF,6
TRBV7-9,TRBJ2-1,ASSPLGGGSSSYNEQF,1
TRBV7-9,TRBJ2-1,ASSPLGGGSTYNEQF,5
TRBV7-9,TRBJ2-1,ASSPLGGGSYNEQF,6
TRBV7-9,TRBJ2-1,ASSPLGGGVNEQF,1
TRBV7-9,TRBJ2-1,ASSPLGGGVVNEQF,9
TRBV7-9,TRBJ2-1,ASSPLGGGYNEQF,20
TRBV7-9,TRBJ2-1,ASSPLGGGYYNEQF,1
TRBV7-9,TRBJ2-1,ASSPLGGHDWNEQF,1
TRBV7-9,TRBJ2-1,ASSPLGGHNEQF,2
TRBV7-9,TRBJ2-1,ASSPLGGHPYNEQF,1
TRBV7-9,TRBJ2-1,ASSPLGGHSTNEQF,2
TRBV7-9,TRBJ2-1,ASSPLGGIDEQF,1
TRBV7-9,TRBJ2-1,ASSPLGGIFNEQF,1
TRBV7-9,TRBJ2-1,ASSPLGGINEQC,1
TRBV7-9,TRBJ2-1,ASSPLGGINEQF,39
TRBV7-9,TRBJ2-1,ASSPLGGINEQL,2
TRBV7-9,TRBJ2-1,ASSPLGGINSYNEQF,1
TRBV7-9,TRBJ2-1,ASSPLGGITEQF,1
TRBV7-9,TRBJ2-1,ASSPLGGKAYNEQF,1
TRBV7-9,TRBJ2-1,ASSPLGGKF,11
TRBV7-9,TRBJ2-1,ASSPLGGKHEQF,1
TRBV7-9,TRBJ2-1,ASSPLGGKKSYNEQF,1
TRBV7-9,TRBJ2-1,ASSPLGGLEYNEQF,1
TRBV7-9,TRBJ2-1,ASSPLGGLGNEQF,1
TRBV7-9,TRBJ2-1,ASSPLGGLGSDNEQF,2
TRBV7-9,TRBJ2-1,ASSPLGGLRNNEQF,1
TRBV7-9,TRBJ2-1,ASSPLGGLYNEQF,2
TRBV7-9,TRBJ2-1,ASSPLGGMAQWYNEQF,1
TRBV7-9,TRBJ2-1,ASSPLGGMGNEQF,1
TRBV7-9,TRBJ2-1,ASSPLGGMSYNEQF,1
TRBV7-9,TRBJ2-1,ASSPLGGMVNEQF,1
TRBV7-9,TRBJ2-1,ASSPLGGNEQF,9
TRBV7-9,TRBJ2-1,ASSPLGGNGNEQF,1
TRBV7-9,TRBJ2-1,ASSPLGGNNEQF,3
TRBV7-9,TRBJ2-1,ASSPLGGNSYEQF,1
TRBV7-9,TRBJ2-1,ASSPLGGNYNEQF,1
TRBV7-9,TRBJ2-1,ASSPLGGPFDNEQF,1
TRBV7-9,TRBJ2-1,ASSPLGGPKHNEQF,1
TRBV7-9,TRBJ2-1,ASSPLGGPLNNEQF,1
TRBV7-9,TRBJ2-1,ASSPLGGPNEQF,8
TRBV7-9,TRBJ2-1,ASSPLGGPNNEQF,1
TRBV7-9,TRBJ2-1,ASSPLGGPRYEQF,7
TRBV7-9,TRBJ2-1,ASSPLGGPSNEQF,3
TRBV7-9,TRBJ2-1,ASSPLGGPSSYNEQF,1
TRBV7-9,TRBJ2-1,ASSPLGGPSYNEQF,1
TRBV7-9,TRBJ2-1,ASSPLGGPTGSGSYNEQF,12
TRBV7-9,TRBJ2-1,ASSPLGGPWNEQF,1
TRBV7-9,TRBJ2-1,ASSPLGGPYENEQF,4
TRBV7-9,TRBJ2-1,ASSPLGGPYNEQF,19
TRBV7-9,TRBJ2-1,ASSPLGGQDTYNEQF,1
TRBV7-9,TRBJ2-1,ASSPLGGQF,1
TRBV7-9,TRBJ2-1,ASSPLGGQGANEQF,1
TRBV7-9,TRBJ2-1,ASSPLGGQGRYNEQF,6
TRBV7-9,TRBJ2-1,ASSPLGGQHNEQF,1
TRBV7-9,TRBJ2-1,ASSPLGGQNNEQF,1
TRBV7-9,TRBJ2-1,ASSPLGGQSYNEQF,6
TRBV7-9,TRBJ2-1,ASSPLGGQTNEQF,1
TRBV7-9,TRBJ2-1,ASSPLGGQYNEQF,13
TRBV7-9,TRBJ2-1,ASSPLGGQYNERF,1
TRBV7-9,TRBJ2-1,ASSPLGGQYYNEQF,1
TRBV7-9,TRBJ2-1,ASSPLGGRAEWYNEQF,1
TRBV7-9,TRBJ2-1,ASSPLGGRAGNEQF,1
TRBV7-9,TRBJ2-1,ASSPLGGRALYNEQF,1
TRBV7-9,TRBJ2-1,ASSPLGGRANEKF,1
TRBV7-9,TRBJ2-1,ASSPLGGRANEKI,1
TRBV7-9,TRBJ2-1,ASSPLGGRANEQF,24
TRBV7-9,TRBJ2-1,ASSPLGGRAQWCNEQL,1
TRBV7-9,TRBJ2-1,ASSPLGGRAQWYNEQF,10
TRBV7-9,TRBJ2-1,ASSPLGGRAVSNEQF,1
TRBV7-9,TRBJ2-1,ASSPLGGRESYNEQF,1
TRBV7-9,TRBJ2-1,ASSPLGGREYNEQF,1
TRBV7-9,TRBJ2-1,ASSPLGGRGNEQF,2
TRBV7-9,TRBJ2-1,ASSPLGGRGYNEQF,2
TRBV7-9,TRBJ2-1,ASSPLGGRHNEQF,6
TRBV7-9,TRBJ2-1,ASSPLGGRLNEQF,1
TRBV7-9,TRBJ2-1,ASSPLGGRNEQF,3
TRBV7-9,TRBJ2-1,ASSPLGGRNNEQF,1
TRBV7-9,TRBJ2-1,ASSPLGGRPNEQF,1
TRBV7-9,TRBJ2-1,ASSPLGGRRYNEQF,1
TRBV7-9,TRBJ2-1,ASSPLGGRSYNEQF,2
TRBV7-9,TRBJ2-1,ASSPLGGRTRDEQF,1
TRBV7-9,TRBJ2-1,ASSPLGGRTVNEQF,1
TRBV7-9,TRBJ2-1,ASSPLGGRTYNEQF,1
TRBV7-9,TRBJ2-1,ASSPLGGRVRSYNDQF,1
TRBV7-9,TRBJ2-1,ASSPLGGRVRSYNEQF,30
TRBV7-9,TRBJ2-1,ASSPLGGRVSNEQF,1
TRBV7-9,TRBJ2-1,ASSPLGGRYNEQF,1
TRBV7-9,TRBJ2-1,ASSPLGGSAYNEQF,5
TRBV7-9,TRBJ2-1,ASSPLGGSFSEEF,1
TRBV7-9,TRBJ2-1,ASSPLGGSFSEQF,8
TRBV7-9,TRBJ2-1,ASSPLGGSGNEQF,1
TRBV7-9,TRBJ2-1,ASSPLGGSGNNEPF,1
TRBV7-9,TRBJ2-1,ASSPLGGSGNNEQF,15
TRBV7-9,TRBJ2-1,ASSPLGGSGYNEQF,6
TRBV7-9,TRBJ2-1,ASSPLGGSHEQF,4
TRBV7-9,TRBJ2-1,ASSPLGGSIEQF,1
TRBV7-9,TRBJ2-1,ASSPLGGSLSEQF,1
TRBV7-9,TRBJ2-1,ASSPLGGSLYNEQF,1
TRBV7-9,TRBJ2-1,ASSPLGGSNEQF,1
TRBV7-9,TRBJ2-1,ASSPLGGSNYNEQF,1
TRBV7-9,TRBJ2-1,ASSPLGGSQYNEQF,3
TRBV7-9,TRBJ2-1,ASSPLGGSRGWDEQF,12
TRBV7-9,TRBJ2-1,ASSPLGGSRNEQF,1
TRBV7-9,TRBJ2-1,ASSPLGGSRYNEQF,1
TRBV7-9,TRBJ2-1,ASSPLGGSSDNEQF,1
TRBV7-9,TRBJ2-1,ASSPLGGSSEQC,1
TRBV7-9,TRBJ2-1,ASSPLGGSSEQF,48
TRBV7-9,TRBJ2-1,ASSPLGGSSPYNEQF,1
TRBV7-9,TRBJ2-1,ASSPLGGSSSYNEQF,1
TRBV7-9,TRBJ2-1,ASSPLGGSSYKEQF,1
TRBV7-9,TRBJ2-1,ASSPLGGSSYNEQC,1
TRBV7-9,TRBJ2-1,ASSPLGGSSYNEQF,44
TRBV7-9,TRBJ2-1,ASSPLGGSTYEQF,15
TRBV7-9,TRBJ2-1,ASSPLGGSTYNEQF,13
TRBV7-9,TRBJ2-1,ASSPLGGSVNEQF,1
TRBV7-9,TRBJ2-1,ASSPLGGSYNEQF,42
TRBV7-9,TRBJ2-1,ASSPLGGSYYNDQF,1
TRBV7-9,TRBJ2-1,ASSPLGGSYYNEQF,1
TRBV7-9,TRBJ2-1,ASSPLGGTAYNEQF,4
TRBV7-9,TRBJ2-1,ASSPLGGTGLNEQF,1
TRBV7-9,TRBJ2-1,ASSPLGGTGREQF,8
TRBV7-9,TRBJ2-1,ASSPLGGTGYNEQF,1
TRBV7-9,TRBJ2-1,ASSPLGGTNNEQF,1
TRBV7-9,TRBJ2-1,ASSPLGGTRGYNEQF,1
TRBV7-9,TRBJ2-1,ASSPLGGTSGNNEQF,1
TRBV7-9,TRBJ2-1,ASSPLGGTSGRNEQF,1
TRBV7-9,TRBJ2-1,ASSPLGGTSSYNEQF,1
TRBV7-9,TRBJ2-1,ASSPLGGTYNEQF,11
TRBV7-9,TRBJ2-1,ASSPLGGVAYNEQF,6
TRBV7-9,TRBJ2-1,ASSPLGGVGDEQF,10
TRBV7-9,TRBJ2-1,ASSPLGGVGNEQF,11
TRBV7-9,TRBJ2-1,ASSPLGGVGTDYNEQF,1
TRBV7-9,TRBJ2-1,ASSPLGGVHNEQF,3
TRBV7-9,TRBJ2-1,ASSPLGGVNLNEQF,1
TRBV7-9,TRBJ2-1,ASSPLGGVRNEQF,1
TRBV7-9,TRBJ2-1,ASSPLGGVWGNEQF,2
TRBV7-9,TRBJ2-1,ASSPLGGVYNEQF,1
TRBV7-9,TRBJ2-1,ASSPLGGYNEQF,15
TRBV7-9,TRBJ2-1,ASSPLGHEQF,1
TRBV7-9,TRBJ2-1,ASSPLGHFYNEQF,1
TRBV7-9,TRBJ2-1,ASSPLGHGGGNEQF,1
TRBV7-9,TRBJ2-1,ASSPLGHLHEQF,10
TRBV7-9,TRBJ2-1,ASSPLGHNEQF,4
TRBV7-9,TRBJ2-1,ASSPLGHRYNEQF,1
TRBV7-9,TRBJ2-1,ASSPLGHSYNEQF,1
TRBV7-9,TRBJ2-1,ASSPLGHTLDNEQF,1
TRBV7-9,TRBJ2-1,ASSPLGIAGPTAGQF,1
TRBV7-9,TRBJ2-1,ASSPLGIAGPTPGQF,2
TRBV7-9,TRBJ2-1,ASSPLGIDEQF,1
TRBV7-9,TRBJ2-1,ASSPLGIGEQC,1
TRBV7-9,TRBJ2-1,ASSPLGIGEQF,9
TRBV7-9,TRBJ2-1,ASSPLGIGLQDNEQF,4
TRBV7-9,TRBJ2-1,ASSPLGIHEQF,1
TRBV7-9,TRBJ2-1,ASSPLGIKGNEQF,2
TRBV7-9,TRBJ2-1,ASSPLGIMNSEQF,1
TRBV7-9,TRBJ2-1,ASSPLGINEQF,1
TRBV7-9,TRBJ2-1,ASSPLGINYNEQF,1
TRBV7-9,TRBJ2-1,ASSPLGIPGQQIYNEQF,1
TRBV7-9,TRBJ2-1,ASSPLGIRGTHEQF,1
TRBV7-9,TRBJ2-1,ASSPLGIRSGKNNEQF,1
TRBV7-9,TRBJ2-1,ASSPLGISNDNEQF,1
TRBV7-9,TRBJ2-1,ASSPLGISYNEQF,10
TRBV7-9,TRBJ2-1,ASSPLGIYNEQF,18
TRBV7-9,TRBJ2-1,ASSPLGKDRYNEQF,1
TRBV7-9,TRBJ2-1,ASSPLGKGDEQF,1
TRBV7-9,TRBJ2-1,ASSPLGKGGYNEQF,1
TRBV7-9,TRBJ2-1,ASSPLGKPYNEQF,1
TRBV7-9,TRBJ2-1,ASSPLGKQVYIEQF,1
TRBV7-9,TRBJ2-1,ASSPLGKQVYNEQF,14
TRBV7-9,TRBJ2-1,ASSPLGKSSYNEQF,1
TRBV7-9,TRBJ2-1,ASSPLGKSYNEQF,5
TRBV7-9,TRBJ2-1,ASSPLGLAANEQF,8
TRBV7-9,TRBJ2-1,ASSPLGLAATEQF,1
TRBV7-9,TRBJ2-1,ASSPLGLADYNEQF,1
TRBV7-9,TRBJ2-1,ASSPLGLAEFSYNEQF,1
TRBV7-9,TRBJ2-1,ASSPLGLAEYNEQF,14
TRBV7-9,TRBJ2-1,ASSPLGLAEYTSYNEQF,1
TRBV7-9,TRBJ2-1,ASSPLGLAFGEQF,33
TRBV7-9,TRBJ2-1,ASSPLGLAGAGEQF,15
TRBV7-9,TRBJ2-1,ASSPLGLAGALNEQF,1
TRBV7-9,TRBJ2-1,ASSPLGLAGAWNEQF,2
TRBV7-9,TRBJ2-1,ASSPLGLAGDEEF,1
TRBV7-9,TRBJ2-1,ASSPLGLAGDEQF,22
TRBV7-9,TRBJ2-1,ASSPLGLAGEESYNEQF,1
TRBV7-9,TRBJ2-1,ASSPLGLAGFSYNEQF,1
TRBV7-9,TRBJ2-1,ASSPLGLAGFYDEQF,1
TRBV7-9,TRBJ2-1,ASSPLGLAGFYNEQF,2
TRBV7-9,TRBJ2-1,ASSPLGLAGGAYNEQF,1
TRBV7-9,TRBJ2-1,ASSPLGLAGGENLNEQF,1
TRBV7-9,TRBJ2-1,ASSPLGLAGGEPF,1
TRBV7-9,TRBJ2-1,ASSPLGLAGGEQF,12
TRBV7-9,TRBJ2-1,ASSPLGLAGGGGPF,2
TRBV7-9,TRBJ2-1,ASSPLGLAGGNEQF,14
TRBV7-9,TRBJ2-1,ASSPLGLAGGPNNEQF,7
TRBV7-9,TRBJ2-1,ASSPLGLAGGPSYNEQF,2
TRBV7-9,TRBJ2-1,ASSPLGLAGGSEQF,12
TRBV7-9,TRBJ2-1,ASSPLGLAGGSYNEQF,4
TRBV7-9,TRBJ2-1,ASSPLGLAGGVYNEQF,1
TRBV7-9,TRBJ2-1,ASSPLGLAGGYNEQF,1
TRBV7-9,TRBJ2-1,ASSPLGLAGHNEQF,1
TRBV7-9,TRBJ2-1,ASSPLGLAGHVSYNEQF,1
TRBV7-9,TRBJ2-1,ASSPLGLAGISYNEQF,1
TRBV7-9,TRBJ2-1,ASSPLGLAGKASNEQF,1
TRBV7-9,TRBJ2-1,ASSPLGLAGLHNEQF,2
TRBV7-9,TRBJ2-1,ASSPLGLAGLNEQF,1
TRBV7-9,TRBJ2-1,ASSPLGLAGLRNEQF,1
TRBV7-9,TRBJ2-1,ASSPLGLAGLSNEQF,1
TRBV7-9,TRBJ2-1,ASSPLGLAGLYNEQF,1
TRBV7-9,TRBJ2-1,ASSPLGLAGPGHNEQF,3
TRBV7-9,TRBJ2-1,ASSPLGLAGPNEQF,1
TRBV7-9,TRBJ2-1,ASSPLGLAGPSNEQF,1
TRBV7-9,TRBJ2-1,ASSPLGLAGPYNEQF,11
TRBV7-9,TRBJ2-1,ASSPLGLAGRNEQF,2
TRBV7-9,TRBJ2-1,ASSPLGLAGSNEQF,1
TRBV7-9,TRBJ2-1,ASSPLGLAGSSSYNEQF,1
TRBV7-9,TRBJ2-1,ASSPLGLAGSSYNEQF,4
TRBV7-9,TRBJ2-1,ASSPLGLAGSYNEQF,2
TRBV7-9,TRBJ2-1,ASSPLGLAGTSYNEQF,1
TRBV7-9,TRBJ2-1,ASSPLGLAGVAEQF,5
TRBV7-9,TRBJ2-1,ASSPLGLAGVANDEQF,1
TRBV7-9,TRBJ2-1,ASSPLGLAGVGNEQF,1
TRBV7-9,TRBJ2-1,ASSPLGLAGVNEQF,14
TRBV7-9,TRBJ2-1,ASSPLGLAGVPYNEQF,1
TRBV7-9,TRBJ2-1,ASSPLGLAGVRYNEQF,9
TRBV7-9,TRBJ2-1,ASSPLGLAGVSNDEQF,12
TRBV7-9,TRBJ2-1,ASSPLGLAGVYNEQF,2
TRBV7-9,TRBJ2-1,ASSPLGLAGYNEQF,16
TRBV7-9,TRBJ2-1,ASSPLGLAHNEQF,1
TRBV7-9,TRBJ2-1,ASSPLGLALYNEQF,1
TRBV7-9,TRBJ2-1,ASSPLGLARTSYNEQF,6
TRBV7-9,TRBJ2-1,ASSPLGLASGGDEQF,1
TRBV7-9,TRBJ2-1,ASSPLGLASGPGYNEMF,1
TRBV7-9,TRBJ2-1,ASSPLGLASGPGYNEQF,8
TRBV7-9,TRBJ2-1,ASSPLGLASGPGYNVPF,1
TRBV7-9,TRBJ2-1,ASSPLGLASKVGNEQF,1
TRBV7-9,TRBJ2-1,ASSPLGLASNEQF,4
TRBV7-9,TRBJ2-1,ASSPLGLASYNEQF,1
TRBV7-9,TRBJ2-1,ASSPLGLATYNEQF,20
TRBV7-9,TRBJ2-1,ASSPLGLAVGEQF,1
TRBV7-9,TRBJ2-1,ASSPLGLAVHPNEQF,1
TRBV7-9,TRBJ2-1,ASSPLGLAVNEQF,1
TRBV7-9,TRBJ2-1,ASSPLGLAVSYNEQF,1
TRBV7-9,TRBJ2-1,ASSPLGLAVYNEQF,2
TRBV7-9,TRBJ2-1,ASSPLGLDEAEQF,5
TRBV7-9,TRBJ2-1,ASSPLGLDEQF,1
TRBV7-9,TRBJ2-1,ASSPLGLDNEQF,1
TRBV7-9,TRBJ2-1,ASSPLGLDYYNEQF,1
TRBV7-9,TRBJ2-1,ASSPLGLEDNEQF,1
TRBV7-9,TRBJ2-1,ASSPLGLEGYNEQF,3
TRBV7-9,TRBJ2-1,ASSPLGLEHNEQF,1
TRBV7-9,TRBJ2-1,ASSPLGLEIYEQF,1
TRBV7-9,TRBJ2-1,ASSPLGLEKDNEQF,1
TRBV7-9,TRBJ2-1,ASSPLGLENNEQF,10
TRBV7-9,TRBJ2-1,ASSPLGLESGTGYNEQF,1
TRBV7-9,TRBJ2-1,ASSPLGLGAGYNEQF,1
TRBV7-9,TRBJ2-1,ASSPLGLGGHNEQF,1
TRBV7-9,TRBJ2-1,ASSPLGLGLANEQF,1
TRBV7-9,TRBJ2-1,ASSPLGLGRDEQF,1
TRBV7-9,TRBJ2-1,ASSPLGLGSRSDNEQF,1
TRBV7-9,TRBJ2-1,ASSPLGLGSSYNEQF,1
TRBV7-9,TRBJ2-1,ASSPLGLGTYNEQF,1
TRBV7-9,TRBJ2-1,ASSPLGLGVYNEQF,1
TRBV7-9,TRBJ2-1,ASSPLGLHNEQF,1
TRBV7-9,TRBJ2-1,ASSPLGLHSYNEQF,1
TRBV7-9,TRBJ2-1,ASSPLGLLGGNEQF,13
TRBV7-9,TRBJ2-1,ASSPLGLLNEQF,4
TRBV7-9,TRBJ2-1,ASSPLGLLNQQF,1
TRBV7-9,TRBJ2-1,ASSPLGLLYNEQF,6
TRBV7-9,TRBJ2-1,ASSPLGLNEQF,3
TRBV7-9,TRBJ2-1,ASSPLGLNNEQF,12
TRBV7-9,TRBJ2-1,ASSPLGLPAYNEQF,1
TRBV7-9,TRBJ2-1,ASSPLGLPGHEQF,1
TRBV7-9,TRBJ2-1,ASSPLGLPSCNEQF,1
TRBV7-9,TRBJ2-1,ASSPLGLPSYNEQF,6
TRBV7-9,TRBJ2-1,ASSPLGLRAYNEQF,1
TRBV7-9,TRBJ2-1,ASSPLGLRDEQF,1
TRBV7-9,TRBJ2-1,ASSPLGLRGFDEQF,5
TRBV7-9,TRBJ2-1,ASSPLGLRGVEQF,1
TRBV7-9,TRBJ2-1,ASSPLGLRIKYNEQF,1
TRBV7-9,TRBJ2-1,ASSPLGLSEGNEQF,1
TRBV7-9,TRBJ2-1,ASSPLGLSGFYNEQF,1
TRBV7-9,TRBJ2-1,ASSPLGLSNEQF,1
TRBV7-9,TRBJ2-1,ASSPLGLSSYNEQF,1
TRBV7-9,TRBJ2-1,ASSPLGLSYNEQF,2
TRBV7-9,TRBJ2-1,ASSPLGLTGTGSYNEQF,1
TRBV7-9,TRBJ2-1,ASSPLGLTVSPNEQF,1
TRBV7-9,TRBJ2-1,ASSPLGLVDNEQF,1
TRBV7-9,TRBJ2-1,ASSPLGLVIYNEQF,1
TRBV7-9,TRBJ2-1,ASSPLGLVPF,9
TRBV7-9,TRBJ2-1,ASSPLGLYNEQF,1
TRBV7-9,TRBJ2-1,ASSPLGMAGTYEQF,3
TRBV7-9,TRBJ2-1,ASSPLGMAPSYNEQF,1
TRBV7-9,TRBJ2-1,ASSPLGMAYNEQF,4
TRBV7-9,TRBJ2-1,ASSPLGMDMNEQF,1
TRBV7-9,TRBJ2-1,ASSPLGMDRYNAQF,1
TRBV7-9,TRBJ2-1,ASSPLGMGYNEQF,1
TRBV7-9,TRBJ2-1,ASSPLGNAYEQF,1
TRBV7-9,TRBJ2-1,ASSPLGNEQF,88
TRBV7-9,TRBJ2-1,ASSPLGNEQV,1
TRBV7-9,TRBJ2-1,ASSPLGNLYNEQF,7
TRBV7-9,TRBJ2-1,ASSPLGNNEQF,1
TRBV7-9,TRBJ2-1,ASSPLGNPGSNEQF,1
TRBV7-9,TRBJ2-1,ASSPLGNPNNEQF,1
TRBV7-9,TRBJ2-1,ASSPLGNRQNNEQF,1
TRBV7-9,TRBJ2-1,ASSPLGNSGIYNEQF,1
TRBV7-9,TRBJ2-1,ASSPLGNSNYNEQF,1
TRBV7-9,TRBJ2-1,ASSPLGNTYNEQF,1
TRBV7-9,TRBJ2-1,ASSPLGNYNEQF,1
TRBV7-9,TRBJ2-1,ASSPLGPAYNEQF,2
TRBV7-9,TRBJ2-1,ASSPLGPGLNNEQF,1
TRBV7-9,TRBJ2-1,ASSPLGPGNEQF,9
TRBV7-9,TRBJ2-1,ASSPLGPGNNEQF,1
TRBV7-9,TRBJ2-1,ASSPLGPGTGKNEQF,18
TRBV7-9,TRBJ2-1,ASSPLGPKF,1
TRBV7-9,TRBJ2-1,ASSPLGPKGDRLGDEQF,16
TRBV7-9,TRBJ2-1,ASSPLGPKRSNEQF,2
TRBV7-9,TRBJ2-1,ASSPLGPLDNEQF,1
TRBV7-9,TRBJ2-1,ASSPLGPLNEQF,1
TRBV7-9,TRBJ2-1,ASSPLGPLYNEKF,1
TRBV7-9,TRBJ2-1,ASSPLGPLYNEQC,1
TRBV7-9,TRBJ2-1,ASSPLGPLYNEQF,39
TRBV7-9,TRBJ2-1,ASSPLGPLYNVQF,1
TRBV7-9,TRBJ2-1,ASSPLGPLYTEQF,1
TRBV7-9,TRBJ2-1,ASSPLGPNEQF,2
TRBV7-9,TRBJ2-1,ASSPLGPNGDRLGDEQF,1
TRBV7-9,TRBJ2-1,ASSPLGPNLNEQF,13
TRBV7-9,TRBJ2-1,ASSPLGPNNEQF,1
TRBV7-9,TRBJ2-1,ASSPLGPPFFNEQF,1
TRBV7-9,TRBJ2-1,ASSPLGPQALNEQF,1
TRBV7-9,TRBJ2-1,ASSPLGPQF,62
TRBV7-9,TRBJ2-1,ASSPLGPRDYNEQF,4
TRBV7-9,TRBJ2-1,ASSPLGPRNEQF,1
TRBV7-9,TRBJ2-1,ASSPLGPSYNEQF,1
TRBV7-9,TRBJ2-1,ASSPLGPTGDEQF,1
TRBV7-9,TRBJ2-1,ASSPLGPTYNEQF,1
TRBV7-9,TRBJ2-1,ASSPLGPYNEQF,3
TRBV7-9,TRBJ2-1,ASSPLGQANEQF,8
TRBV7-9,TRBJ2-1,ASSPLGQANNEQF,1
TRBV7-9,TRBJ2-1,ASSPLGQAYNEQF,2
TRBV7-9,TRBJ2-1,ASSPLGQEGQKNEQF,6
TRBV7-9,TRBJ2-1,ASSPLGQGAGNEQF,1
TRBV7-9,TRBJ2-1,ASSPLGQGALNEQF,1
TRBV7-9,TRBJ2-1,ASSPLGQGANEQF,4
TRBV7-9,TRBJ2-1,ASSPLGQGATNEQF,1
TRBV7-9,TRBJ2-1,ASSPLGQGDNEQF,1
TRBV7-9,TRBJ2-1,ASSPLGQGESYNEQF,4
TRBV7-9,TRBJ2-1,ASSPLGQGFKNEQF,1
TRBV7-9,TRBJ2-1,ASSPLGQGFNNEQF,4
TRBV7-9,TRBJ2-1,ASSPLGQGFSYNEQF,5
TRBV7-9,TRBJ2-1,ASSPLGQGFYEQF,1
TRBV7-9,TRBJ2-1,ASSPLGQGGGNEQF,8
TRBV7-9,TRBJ2-1,ASSPLGQGGGYNEQF,7
TRBV7-9,TRBJ2-1,ASSPLGQGGLNEQF,1
TRBV7-9,TRBJ2-1,ASSPLGQGGNEQF,20
TRBV7-9,TRBJ2-1,ASSPLGQGGSNEQF,1
TRBV7-9,TRBJ2-1,ASSPLGQGGYNEQF,1
TRBV7-9,TRBJ2-1,ASSPLGQGHEQF,1
TRBV7-9,TRBJ2-1,ASSPLGQGHNEQF,1
TRBV7-9,TRBJ2-1,ASSPLGQGIDEQF,1
TRBV7-9,TRBJ2-1,ASSPLGQGIDNEQF,1
TRBV7-9,TRBJ2-1,ASSPLGQGKGNEQF,1
TRBV7-9,TRBJ2-1,ASSPLGQGKYNEQF,13
TRBV7-9,TRBJ2-1,ASSPLGQGLEEQF,14
TRBV7-9,TRBJ2-1,ASSPLGQGLHNEQF,1
TRBV7-9,TRBJ2-1,ASSPLGQGLYNEQF,1
TRBV7-9,TRBJ2-1,ASSPLGQGMGDNEQF,4
TRBV7-9,TRBJ2-1,ASSPLGQGNNEQF,7
TRBV7-9,TRBJ2-1,ASSPLGQGPYNEQF,2
TRBV7-9,TRBJ2-1,ASSPLGQGRFWNEQF,1
TRBV7-9,TRBJ2-1,ASSPLGQGRGPSNEQF,1
TRBV7-9,TRBJ2-1,ASSPLGQGSNEQF,1
TRBV7-9,TRBJ2-1,ASSPLGQGSYNEQF,1
TRBV7-9,TRBJ2-1,ASSPLGQGTGNEQC,1
TRBV7-9,TRBJ2-1,ASSPLGQGTGNEQF,5
TRBV7-9,TRBJ2-1,ASSPLGQGTNEQF,1
TRBV7-9,TRBJ2-1,ASSPLGQGTYNEQF,1
TRBV7-9,TRBJ2-1,ASSPLGQGVYNEQF,1
TRBV7-9,TRBJ2-1,ASSPLGQGWYNEQF,1
TRBV7-9,TRBJ2-1,ASSPLGQGYNEQF,29
TRBV7-9,TRBJ2-1,ASSPLGQITYNEKF,1
TRBV7-9,TRBJ2-1,ASSPLGQITYNEQF,1
TRBV7-9,TRBJ2-1,ASSPLGQIYNEQF,1
TRBV7-9,TRBJ2-1,ASSPLGQKENEQF,7
TRBV7-9,TRBJ2-1,ASSPLGQKGDRLGDEQF,1
TRBV7-9,TRBJ2-1,ASSPLGQKNNEQF,1
TRBV7-9,TRBJ2-1,ASSPLGQMYNEQF,2
TRBV7-9,TRBJ2-1,ASSPLGQPLNEQF,1
TRBV7-9,TRBJ2-1,ASSPLGQRNEQF,5
TRBV7-9,TRBJ2-1,ASSPLGQRNIYNEQF,1
TRBV7-9,TRBJ2-1,ASSPLGQRPPYNEQC,2
TRBV7-9,TRBJ2-1,ASSPLGQRPPYNEQF,13
TRBV7-9,TRBJ2-1,ASSPLGQRYNEQF,3
TRBV7-9,TRBJ2-1,ASSPLGQSGNEQF,1
TRBV7-9,TRBJ2-1,ASSPLGQSIAGTNEQF,1
TRBV7-9,TRBJ2-1,ASSPLGQSSSYNEQF,1
TRBV7-9,TRBJ2-1,ASSPLGQSSYNEQF,1
TRBV7-9,TRBJ2-1,ASSPLGQTGGNEQF,1
TRBV7-9,TRBJ2-1,ASSPLGQTRYNEQF,1
TRBV7-9,TRBJ2-1,ASSPLGQVYNEQF,1
TRBV7-9,TRBJ2-1,ASSPLGQWQF,14
TRBV7-9,TRBJ2-1,ASSPLGRAADEQF,1
TRBV7-9,TRBJ2-1,ASSPLGRADNEQF,13
TRBV7-9,TRBJ2-1,ASSPLGRADSEQF,1
TRBV7-9,TRBJ2-1,ASSPLGRAENEQF,1
TRBV7-9,TRBJ2-1,ASSPLGRAGHNEQF,1
TRBV7-9,TRBJ2-1,ASSPLGRANEQF,1
TRBV7-9,TRBJ2-1,ASSPLGRARYNDQF,1
TRBV7-9,TRBJ2-1,ASSPLGRATVDEQF,1
TRBV7-9,TRBJ2-1,ASSPLGRDEQF,1
TRBV7-9,TRBJ2-1,ASSPLGRDGYNEQF,2
TRBV7-9,TRBJ2-1,ASSPLGRDMYNEQF,6
TRBV7-9,TRBJ2-1,ASSPLGRDRDNEQF,1
TRBV7-9,TRBJ2-1,ASSPLGRDRENEQF,1
TRBV7-9,TRBJ2-1,ASSPLGRDRHNEQF,2
TRBV7-9,TRBJ2-1,ASSPLGRDRNNEQF,1
TRBV7-9,TRBJ2-1,ASSPLGRDRSNEQF,1
TRBV7-9,TRBJ2-1,ASSPLGRDRYHEQF,2
TRBV7-9,TRBJ2-1,ASSPLGRDRYNDQF,2
TRBV7-9,TRBJ2-1,ASSPLGRDRYNEHF,4
TRBV7-9,TRBJ2-1,ASSPLGRDRYNEKF,2
TRBV7-9,TRBJ2-1,ASSPLGRDRYNEKV,1
TRBV7-9,TRBJ2-1,ASSPLGRDRYNEQC,1
TRBV7-9,TRBJ2-1,ASSPLGRDRYNEQF,735
TRBV7-9,TRBJ2-1,ASSPLGRDRYNEQL,1
TRBV7-9,TRBJ2-1,ASSPLGRDRYNEQS,1
TRBV7-9,TRBJ2-1,ASSPLGRDRYNEQV,11
TRBV7-9,TRBJ2-1,ASSPLGRDRYNKQF,2
TRBV7-9,TRBJ2-1,ASSPLGRDRYNVQF,2
TRBV7-9,TRBJ2-1,ASSPLGRDRYYEQF,1
TRBV7-9,TRBJ2-1,ASSPLGRDSYNEQF,1
TRBV7-9,TRBJ2-1,ASSPLGRDTYNEQF,1
TRBV7-9,TRBJ2-1,ASSPLGRDWYNEQF,1
TRBV7-9,TRBJ2-1,ASSPLGRDYNEQF,1
TRBV7-9,TRBJ2-1,ASSPLGRDYPNEQF,1
TRBV7-9,TRBJ2-1,ASSPLGREAPPVDEQF,8
TRBV7-9,TRBJ2-1,ASSPLGREAVNEQF,1
TRBV7-9,TRBJ2-1,ASSPLGREAYNEQF,1
TRBV7-9,TRBJ2-1,ASSPLGREDHNEQF,1
TRBV7-9,TRBJ2-1,ASSPLGREESNEQF,1
TRBV7-9,TRBJ2-1,ASSPLGREGEANEQF,1
TRBV7-9,TRBJ2-1,ASSPLGREGLNEQF,1
TRBV7-9,TRBJ2-1,ASSPLGREGQF,8
TRBV7-9,TRBJ2-1,ASSPLGREGRREQF,12
TRBV7-9,TRBJ2-1,ASSPLGREIHNEQF,1
TRBV7-9,TRBJ2-1,ASSPLGRENEQF,8
TRBV7-9,TRBJ2-1,ASSPLGREQF,6
TRBV7-9,TRBJ2-1,ASSPLGREQL,2
TRBV7-9,TRBJ2-1,ASSPLGRERYNEQF,2
TRBV7-9,TRBJ2-1,ASSPLGRESSYNEQF,3
TRBV7-9,TRBJ2-1,ASSPLGRGEQF,7
TRBV7-9,TRBJ2-1,ASSPLGRGERGEQF,5
TRBV7-9,TRBJ2-1,ASSPLGRGGNEQF,4
TRBV7-9,TRBJ2-1,ASSPLGRGGYNEQF,1
TRBV7-9,TRBJ2-1,ASSPLGRGHEQF,5
TRBV7-9,TRBJ2-1,ASSPLGRGHPYNEQF,1
TRBV7-9,TRBJ2-1,ASSPLGRGIEQF,1
TRBV7-9,TRBJ2-1,ASSPLGRGNNEQF,1
TRBV7-9,TRBJ2-1,ASSPLGRGRGVDEQF,1
TRBV7-9,TRBJ2-1,ASSPLGRGRYNEQF,4
TRBV7-9,TRBJ2-1,ASSPLGRGSYNEQF,1
TRBV7-9,TRBJ2-1,ASSPLGRGYNEQF,1
TRBV7-9,TRBJ2-1,ASSPLGRHNEQF,1
TRBV7-9,TRBJ2-1,ASSPLGRISSYNEQF,1
TRBV7-9,TRBJ2-1,ASSPLGRKQF,5
TRBV7-9,TRBJ2-1,ASSPLGRKRGTYNEQF,3
TRBV7-9,TRBJ2-1,ASSPLGRLDRSYNEQF,1
TRBV7-9,TRBJ2-1,ASSPLGRLMAWNEQF,1
TRBV7-9,TRBJ2-1,ASSPLGRLSSYNEQF,13
TRBV7-9,TRBJ2-1,ASSPLGRLSYNEQF,1
TRBV7-9,TRBJ2-1,ASSPLGRLSYYNEHF,1
TRBV7-9,TRBJ2-1,ASSPLGRLYNEQC,1
TRBV7-9,TRBJ2-1,ASSPLGRMQF,5
TRBV7-9,TRBJ2-1,ASSPLGRNEQF,2
TRBV7-9,TRBJ2-1,ASSPLGRNNEQF,1
TRBV7-9,TRBJ2-1,ASSPLGRNRYNEQF,2
TRBV7-9,TRBJ2-1,ASSPLGRNYNEQF,1
TRBV7-9,TRBJ2-1,ASSPLGRRDNYNEQF,1
TRBV7-9,TRBJ2-1,ASSPLGRSDLDEQF,1
TRBV7-9,TRBJ2-1,ASSPLGRSGSGNEQF,1
TRBV7-9,TRBJ2-1,ASSPLGRSGSYNEQF,1
TRBV7-9,TRBJ2-1,ASSPLGRSNEQF,1
TRBV7-9,TRBJ2-1,ASSPLGRSPYNEQF,1
TRBV7-9,TRBJ2-1,ASSPLGRSSYNEQF,2
TRBV7-9,TRBJ2-1,ASSPLGRSYNEQF,3
TRBV7-9,TRBJ2-1,ASSPLGRSYYNEQF,1
TRBV7-9,TRBJ2-1,ASSPLGRTGINEQF,1
TRBV7-9,TRBJ2-1,ASSPLGRTNEQF,1
TRBV7-9,TRBJ2-1,ASSPLGRTQF,1
TRBV7-9,TRBJ2-1,ASSPLGRTSSDEQF,1
TRBV7-9,TRBJ2-1,ASSPLGRTYNEQF,7
TRBV7-9,TRBJ2-1,ASSPLGRVRYNEQF,2
TRBV7-9,TRBJ2-1,ASSPLGRVSYNEQF,15
TRBV7-9,TRBJ2-1,ASSPLGRYNEQF,3
TRBV7-9,TRBJ2-1,ASSPLGRYRYNEQF,1
TRBV7-9,TRBJ2-1,ASSPLGSANNEQF,5
TRBV7-9,TRBJ2-1,ASSPLGSATYNEQF,1
TRBV7-9,TRBJ2-1,ASSPLGSCYNEQF,1
TRBV7-9,TRBJ2-1,ASSPLGSDEQF,6
TRBV7-9,TRBJ2-1,ASSPLGSEQF,1
TRBV7-9,TRBJ2-1,ASSPLGSGEYNEQF,1
TRBV7-9,TRBJ2-1,ASSPLGSGGADYEQF,1
TRBV7-9,TRBJ2-1,ASSPLGSGGAGEQF,4
TRBV7-9,TRBJ2-1,ASSPLGSGGLSYNEQF,1
TRBV7-9,TRBJ2-1,ASSPLGSGGNEQF,1
TRBV7-9,TRBJ2-1,ASSPLGSGGVFEQF,3
TRBV7-9,TRBJ2-1,ASSPLGSGIYEQF,3
TRBV7-9,TRBJ2-1,ASSPLGSGKGDNEQF,1
TRBV7-9,TRBJ2-1,ASSPLGSGLDNEQF,1
TRBV7-9,TRBJ2-1,ASSPLGSGLQF,2
TRBV7-9,TRBJ2-1,ASSPLGSGLSYNEQF,1
TRBV7-9,TRBJ2-1,ASSPLGSGNEQF,2
TRBV7-9,TRBJ2-1,ASSPLGSGNNEQF,1
TRBV7-9,TRBJ2-1,ASSPLGSGPYNEQF,1
TRBV7-9,TRBJ2-1,ASSPLGSGQLYNEQF,1
TRBV7-9,TRBJ2-1,ASSPLGSGRDNEQF,1
TRBV7-9,TRBJ2-1,ASSPLGSGRGYNEQF,1
TRBV7-9,TRBJ2-1,ASSPLGSGRLNEQF,2
TRBV7-9,TRBJ2-1,ASSPLGSGRSSYNEQF,1
TRBV7-9,TRBJ2-1,ASSPLGSGRYNEQF,3
TRBV7-9,TRBJ2-1,ASSPLGSGSDEQF,8
TRBV7-9,TRBJ2-1,ASSPLGSGSESSYNEQF,5
TRBV7-9,TRBJ2-1,ASSPLGSGVEYNEQF,1
TRBV7-9,TRBJ2-1,ASSPLGSGYNEQC,1
TRBV7-9,TRBJ2-1,ASSPLGSGYNEQF,16
TRBV7-9,TRBJ2-1,ASSPLGSITNYNEQF,1
TRBV7-9,TRBJ2-1,ASSPLGSLFSYNEQF,1
TRBV7-9,TRBJ2-1,ASSPLGSLIDEQF,1
TRBV7-9,TRBJ2-1,ASSPLGSLLNEQF,1
TRBV7-9,TRBJ2-1,ASSPLGSLSSYNEQF,7
TRBV7-9,TRBJ2-1,ASSPLGSLSSYNGQF,2
TRBV7-9,TRBJ2-1,ASSPLGSLSYNEQF,1
TRBV7-9,TRBJ2-1,ASSPLGSLYNEQF,1
TRBV7-9,TRBJ2-1,ASSPLGSNEQF,3
TRBV7-9,TRBJ2-1,ASSPLGSPPYNEQF,1
TRBV7-9,TRBJ2-1,ASSPLGSPRSSYNEQF,1
TRBV7-9,TRBJ2-1,ASSPLGSPSDEQF,1
TRBV7-9,TRBJ2-1,ASSPLGSQYNEQF,1
TRBV7-9,TRBJ2-1,ASSPLGSRDNEQC,1
TRBV7-9,TRBJ2-1,ASSPLGSRDNEQF,12
TRBV7-9,TRBJ2-1,ASSPLGSRGEHEQF,1
TRBV7-9,TRBJ2-1,ASSPLGSRYNEQF,1
TRBV7-9,TRBJ2-1,ASSPLGSSDNEQF,2
TRBV7-9,TRBJ2-1,ASSPLGSSGLYNEQF,1
TRBV7-9,TRBJ2-1,ASSPLGSSGSDEQF,1
TRBV7-9,TRBJ2-1,ASSPLGSSGSSYNEQF,1
TRBV7-9,TRBJ2-1,ASSPLGSSSNEQF,1
TRBV7-9,TRBJ2-1,ASSPLGSSSSYNEQF,1
TRBV7-9,TRBJ2-1,ASSPLGSSYNEQF,68
TRBV7-9,TRBJ2-1,ASSPLGSVDNEQF,2
TRBV7-9,TRBJ2-1,ASSPLGSYNEQF,25
TRBV7-9,TRBJ2-1,ASSPLGTADSNEQF,1
TRBV7-9,TRBJ2-1,ASSPLGTAGFNEQF,1
TRBV7-9,TRBJ2-1,ASSPLGTAGHEQF,1
TRBV7-9,TRBJ2-1,ASSPLGTDNYNEQF,1
TRBV7-9,TRBJ2-1,ASSPLGTDSYNEQF,1
TRBV7-9,TRBJ2-1,ASSPLGTEAPGLYNEQF,1
TRBV7-9,TRBJ2-1,ASSPLGTEQF,1
TRBV7-9,TRBJ2-1,ASSPLGTESYNEQF,5
TRBV7-9,TRBJ2-1,ASSPLGTESYYEQF,1
TRBV7-9,TRBJ2-1,ASSPLGTEYHEQF,1
TRBV7-9,TRBJ2-1,ASSPLGTFGNEQF,1
TRBV7-9,TRBJ2-1,ASSPLGTFPYNEQF,5
TRBV7-9,TRBJ2-1,ASSPLGTFYNEQF,2
TRBV7-9,TRBJ2-1,ASSPLGTGAYEQF,1
TRBV7-9,TRBJ2-1,ASSPLGTGAYNEQF,1
TRBV7-9,TRBJ2-1,ASSPLGTGGARNEQF,1
TRBV7-9,TRBJ2-1,ASSPLGTGGFNEQF,1
TRBV7-9,TRBJ2-1,ASSPLGTGGNEQF,1
TRBV7-9,TRBJ2-1,ASSPLGTGGNEQY,1
TRBV7-9,TRBJ2-1,ASSPLGTGGPNEQF,7
TRBV7-9,TRBJ2-1,ASSPLGTGHNEQF,1
TRBV7-9,TRBJ2-1,ASSPLGTGINEQF,1
TRBV7-9,TRBJ2-1,ASSPLGTGLGNEQF,8
TRBV7-9,TRBJ2-1,ASSPLGTGMFKPEQF,5
TRBV7-9,TRBJ2-1,ASSPLGTGPNNEQF,5
TRBV7-9,TRBJ2-1,ASSPLGTGRFNNEQF,6
TRBV7-9,TRBJ2-1,ASSPLGTGSGNEQF,1
TRBV7-9,TRBJ2-1,ASSPLGTGTNEQF,1
TRBV7-9,TRBJ2-1,ASSPLGTGTYNEQF,7
TRBV7-9,TRBJ2-1,ASSPLGTGVDGEQF,1
TRBV7-9,TRBJ2-1,ASSPLGTGVEKEQF,1
TRBV7-9,TRBJ2-1,ASSPLGTGVENEQF,16
TRBV7-9,TRBJ2-1,ASSPLGTGYNEQF,76
TRBV7-9,TRBJ2-1,ASSPLGTIYNEQF,2
TRBV7-9,TRBJ2-1,ASSPLGTKHNEQF,1
TRBV7-9,TRBJ2-1,ASSPLGTLRRDSEQF,8
TRBV7-9,TRBJ2-1,ASSPLGTLYNEQF,2
TRBV7-9,TRBJ2-1,ASSPLGTNEQF,11
TRBV7-9,TRBJ2-1,ASSPLGTNSYNEQF,3
TRBV7-9,TRBJ2-1,ASSPLGTPGGSYNEQF,1
TRBV7-9,TRBJ2-1,ASSPLGTPGSYNEQF,1
TRBV7-9,TRBJ2-1,ASSPLGTPYNEQF,1
TRBV7-9,TRBJ2-1,ASSPLGTRANEQF,16
TRBV7-9,TRBJ2-1,ASSPLGTRSNEQF,1
TRBV7-9,TRBJ2-1,ASSPLGTRTSGGVYNEQF,2
TRBV7-9,TRBJ2-1,ASSPLGTRVSNEQF,1
TRBV7-9,TRBJ2-1,ASSPLGTRYNEQF,1
TRBV7-9,TRBJ2-1,ASSPLGTSAGERWDEQF,1
TRBV7-9,TRBJ2-1,ASSPLGTSANEQF,1
TRBV7-9,TRBJ2-1,ASSPLGTSASAEF,1
TRBV7-9,TRBJ2-1,ASSPLGTSATYNEQF,1
TRBV7-9,TRBJ2-1,ASSPLGTSDNEQF,9
TRBV7-9,TRBJ2-1,ASSPLGTSESDEQF,1
TRBV7-9,TRBJ2-1,ASSPLGTSGANEQF,8
TRBV7-9,TRBJ2-1,ASSPLGTSGDNEQF,10
TRBV7-9,TRBJ2-1,ASSPLGTSGGYNEQF,1
TRBV7-9,TRBJ2-1,ASSPLGTSGIGNEQF,1
TRBV7-9,TRBJ2-1,ASSPLGTSGLYNEQF,1
TRBV7-9,TRBJ2-1,ASSPLGTSGNNEQF,1
TRBV7-9,TRBJ2-1,ASSPLGTSGPYNEQF,1
TRBV7-9,TRBJ2-1,ASSPLGTSGRAGYNEQF,2
TRBV7-9,TRBJ2-1,ASSPLGTSGRASYNEQF,3
TRBV7-9,TRBJ2-1,ASSPLGTSGRDEQF,11
TRBV7-9,TRBJ2-1,ASSPLGTSGREQF,7
TRBV7-9,TRBJ2-1,ASSPLGTSGRFSYNEQF,1
TRBV7-9,TRBJ2-1,ASSPLGTSGRNEQF,10
TRBV7-9,TRBJ2-1,ASSPLGTSGRRNNEQF,1
TRBV7-9,TRBJ2-1,ASSPLGTSGSAEF,8
TRBV7-9,TRBJ2-1,ASSPLGTSGSGSYNDQF,1
TRBV7-9,TRBJ2-1,ASSPLGTSGSGSYNEQF,4
TRBV7-9,TRBJ2-1,ASSPLGTSGTYNEQF,1
TRBV7-9,TRBJ2-1,ASSPLGTSGWNEQF,1
TRBV7-9,TRBJ2-1,ASSPLGTSGYNEQF,1
TRBV7-9,TRBJ2-1,ASSPLGTSLF,13
TRBV7-9,TRBJ2-1,ASSPLGTSNCNEQF,1
TRBV7-9,TRBJ2-1,ASSPLGTSNDNEQF,1
TRBV7-9,TRBJ2-1,ASSPLGTSNEQF,1
TRBV7-9,TRBJ2-1,ASSPLGTSNYHAQF,1
TRBV7-9,TRBJ2-1,ASSPLGTSNYHEQF,1
TRBV7-9,TRBJ2-1,ASSPLGTSNYNDQF,1
TRBV7-9,TRBJ2-1,ASSPLGTSNYNEQC,1
TRBV7-9,TRBJ2-1,ASSPLGTSNYNEQF,75
TRBV7-9,TRBJ2-1,ASSPLGTSNYNEQY,1
TRBV7-9,TRBJ2-1,ASSPLGTSNYTEQF,1
TRBV7-9,TRBJ2-1,ASSPLGTSRSYEQF,1
TRBV7-9,TRBJ2-1,ASSPLGTSRYNEQF,1
TRBV7-9,TRBJ2-1,ASSPLGTSSSDEQF,1
TRBV7-9,TRBJ2-1,ASSPLGTSTHNEQF,4
TRBV7-9,TRBJ2-1,ASSPLGTSVHEQF,1
TRBV7-9,TRBJ2-1,ASSPLGTSVNNEQF,1
TRBV7-9,TRBJ2-1,ASSPLGTSYNEQF,3
TRBV7-9,TRBJ2-1,ASSPLGTSYYNVHF,1
TRBV7-9,TRBJ2-1,ASSPLGTTFEEFDEQF,1
TRBV7-9,TRBJ2-1,ASSPLGTTFEQF,4
TRBV7-9,TRBJ2-1,ASSPLGTTYNEQF,2
TRBV7-9,TRBJ2-1,ASSPLGTVDNEQF,1
TRBV7-9,TRBJ2-1,ASSPLGTVENEQF,1
TRBV7-9,TRBJ2-1,ASSPLGTVGGNEQF,1
TRBV7-9,TRBJ2-1,ASSPLGTVSSYNEQF,1
TRBV7-9,TRBJ2-1,ASSPLGTVVNEQF,1
TRBV7-9,TRBJ2-1,ASSPLGTVYNEQF,11
TRBV7-9,TRBJ2-1,ASSPLGTYNEKF,1
TRBV7-9,TRBJ2-1,ASSPLGTYNEQF,13
TRBV7-9,TRBJ2-1,ASSPLGVADEQF,1
TRBV7-9,TRBJ2-1,ASSPLGVAGALNNEQF,1
TRBV7-9,TRBJ2-1,ASSPLGVARHITNEQF,1
TRBV7-9,TRBJ2-1,ASSPLGVARNEQF,1
TRBV7-9,TRBJ2-1,ASSPLGVAYNEQF,1
TRBV7-9,TRBJ2-1,ASSPLGVDEQF,1
TRBV7-9,TRBJ2-1,ASSPLGVEQF,18
TRBV7-9,TRBJ2-1,ASSPLGVERNEQF,8
TRBV7-9,TRBJ2-1,ASSPLGVFYNEQF,1
TRBV7-9,TRBJ2-1,ASSPLGVGNEQF,4
TRBV7-9,TRBJ2-1,ASSPLGVGQF,10
TRBV7-9,TRBJ2-1,ASSPLGVGSLDNEQF,1
TRBV7-9,TRBJ2-1,ASSPLGVGTSGSPDEQF,5
TRBV7-9,TRBJ2-1,ASSPLGVGTTYNEQF,1
TRBV7-9,TRBJ2-1,ASSPLGVGWANEQF,16
TRBV7-9,TRBJ2-1,ASSPLGVGWDNEQF,1
TRBV7-9,TRBJ2-1,ASSPLGVGYNEQF,1
TRBV7-9,TRBJ2-1,ASSPLGVHGEQF,2
TRBV7-9,TRBJ2-1,ASSPLGVISYNEQF,7
TRBV7-9,TRBJ2-1,ASSPLGVLGYNEQF,1
TRBV7-9,TRBJ2-1,ASSPLGVLQIPNEQF,2
TRBV7-9,TRBJ2-1,ASSPLGVLYNEQF,1
TRBV7-9,TRBJ2-1,ASSPLGVNEQF,1
TRBV7-9,TRBJ2-1,ASSPLGVNNEQF,2
TRBV7-9,TRBJ2-1,ASSPLGVPNNEQF,1
TRBV7-9,TRBJ2-1,ASSPLGVPYNEQF,11
TRBV7-9,TRBJ2-1,ASSPLGVRANEQF,1
TRBV7-9,TRBJ2-1,ASSPLGVRFYEQF,1
TRBV7-9,TRBJ2-1,ASSPLGVRGVEQF,12
TRBV7-9,TRBJ2-1,ASSPLGVRISSYNEQF,1
TRBV7-9,TRBJ2-1,ASSPLGVRNNEQF,40
TRBV7-9,TRBJ2-1,ASSPLGVRNNGQF,1
TRBV7-9,TRBJ2-1,ASSPLGVRYNEQF,18
TRBV7-9,TRBJ2-1,ASSPLGVSFSEQF,1
TRBV7-9,TRBJ2-1,ASSPLGVSGPAYNEQF,1
TRBV7-9,TRBJ2-1,ASSPLGVSNNEQF,1
TRBV7-9,TRBJ2-1,ASSPLGVSSYNEQF,3
TRBV7-9,TRBJ2-1,ASSPLGVSTTYNEQF,1
TRBV7-9,TRBJ2-1,ASSPLGVSWDNEQF,1
TRBV7-9,TRBJ2-1,ASSPLGVSYNEQF,15
TRBV7-9,TRBJ2-1,ASSPLGVVLRNEQF,1
TRBV7-9,TRBJ2-1,ASSPLGVVSNEQF,10
TRBV7-9,TRBJ2-1,ASSPLGVYNEQF,4
TRBV7-9,TRBJ2-1,ASSPLGVYYNEQF,1
TRBV7-9,TRBJ2-1,ASSPLGWAEQF,5
TRBV7-9,TRBJ2-1,ASSPLGWASGREAYNEQF,6
TRBV7-9,TRBJ2-1,ASSPLGWDEQF,1
TRBV7-9,TRBJ2-1,ASSPLGWDRYNEQF,1
TRBV7-9,TRBJ2-1,ASSPLGWDYNEQC,1
TRBV7-9,TRBJ2-1,ASSPLGWDYNEQF,12
TRBV7-9,TRBJ2-1,ASSPLGWGFQAAEQF,1
TRBV7-9,TRBJ2-1,ASSPLGWGLPYSYNEQF,1
TRBV7-9,TRBJ2-1,ASSPLGWGSSYNEQF,12
TRBV7-9,TRBJ2-1,ASSPLGWHEQF,1
TRBV7-9,TRBJ2-1,ASSPLGWRNEQF,1
TRBV7-9,TRBJ2-1,ASSPLGWSYNEQF,2
TRBV7-9,TRBJ2-1,ASSPLGWVTFNEQF,1
TRBV7-9,TRBJ2-1,ASSPLGWVTVNEQF,7
TRBV7-9,TRBJ2-1,ASSPLGYEQF,2
TRBV7-9,TRBJ2-1,ASSPLGYNEQF,47
TRBV7-9,TRBJ2-1,ASSPLGYRTYNEQF,1
TRBV7-9,TRBJ2-1,ASSPLGYTSGRDEQF,1
TRBV7-9,TRBJ2-1,ASSPLGYTYNEQF,1
TRBV7-9,TRBJ2-1,ASSPLGYYNEQF,1
TRBV7-9,TRBJ2-1,ASSPLHAVSYNEQF,2
TRBV7-9,TRBJ2-1,ASSPLHEQF,3
TRBV7-9,TRBJ2-1,ASSPLHFEQF,8
TRBV7-9,TRBJ2-1,ASSPLHGQC,1
TRBV7-9,TRBJ2-1,ASSPLHGQGPYNEQF,8
TRBV7-9,TRBJ2-1,ASSPLHGSSYNEQF,1
TRBV7-9,TRBJ2-1,ASSPLHISTHEQF,1
TRBV7-9,TRBJ2-1,ASSPLHLSYNEQF,4
TRBV7-9,TRBJ2-1,ASSPLHNEQF,5
TRBV7-9,TRBJ2-1,ASSPLHPEQF,1
TRBV7-9,TRBJ2-1,ASSPLHPGERDQF,7
TRBV7-9,TRBJ2-1,ASSPLHPGERHQF,1
TRBV7-9,TRBJ2-1,ASSPLHPGPTYNEQF,1
TRBV7-9,TRBJ2-1,ASSPLHRGEQF,2
TRBV7-9,TRBJ2-1,ASSPLHRVYYNEQF,1
TRBV7-9,TRBJ2-1,ASSPLHSTLPNEQF,1
TRBV7-9,TRBJ2-1,ASSPLHSYNEQF,1
TRBV7-9,TRBJ2-1,ASSPLHTEFNEQF,1
TRBV7-9,TRBJ2-1,ASSPLHVVGVKEQF,1
TRBV7-9,TRBJ2-1,ASSPLHYEQF,1
TRBV7-9,TRBJ2-1,ASSPLHYNEQF,2
TRBV7-9,TRBJ2-1,ASSPLIADNEQF,2
TRBV7-9,TRBJ2-1,ASSPLIAEWNEQF,1
TRBV7-9,TRBJ2-1,ASSPLIAGDAYNEQF,1
TRBV7-9,TRBJ2-1,ASSPLIAGDVGYNEQF,1
TRBV7-9,TRBJ2-1,ASSPLIAGLPNNEQF,1
TRBV7-9,TRBJ2-1,ASSPLIAGVNEQF,4
TRBV7-9,TRBJ2-1,ASSPLIAGVRYNEQF,1
TRBV7-9,TRBJ2-1,ASSPLIDEQF,5
TRBV7-9,TRBJ2-1,ASSPLIEGQDNEQF,1
TRBV7-9,TRBJ2-1,ASSPLIGAGAVSYNEQF,1
TRBV7-9,TRBJ2-1,ASSPLIGDEQF,1
TRBV7-9,TRBJ2-1,ASSPLIGERDYNEQF,1
TRBV7-9,TRBJ2-1,ASSPLIGETYNEQF,1
TRBV7-9,TRBJ2-1,ASSPLIGGIDNEQF,1
TRBV7-9,TRBJ2-1,ASSPLIGGRYTYNEQF,1
TRBV7-9,TRBJ2-1,ASSPLIGGSYNEQF,1
TRBV7-9,TRBJ2-1,ASSPLIGKVDNEQF,1
TRBV7-9,TRBJ2-1,ASSPLIGLADNYNEQF,1
TRBV7-9,TRBJ2-1,ASSPLIGLAGAYNEQF,1
TRBV7-9,TRBJ2-1,ASSPLIGRGNHEQF,6
TRBV7-9,TRBJ2-1,ASSPLIGRSYNEQF,1
TRBV7-9,TRBJ2-1,ASSPLIGSSYNEQF,3
TRBV7-9,TRBJ2-1,ASSPLIGTVYNEQF,6
TRBV7-9,TRBJ2-1,ASSPLIGYSSEQF,1
TRBV7-9,TRBJ2-1,ASSPLIIDEQF,1
TRBV7-9,TRBJ2-1,ASSPLIIGRNEQF,1
TRBV7-9,TRBJ2-1,ASSPLIISNEQF,1
TRBV7-9,TRBJ2-1,ASSPLILMYNEQF,5
TRBV7-9,TRBJ2-1,ASSPLIMRSYNEQF,1
TRBV7-9,TRBJ2-1,ASSPLINEQF,2
TRBV7-9,TRBJ2-1,ASSPLIPGSGINEQF,1
TRBV7-9,TRBJ2-1,ASSPLIPLLRGGDEQF,7
TRBV7-9,TRBJ2-1,ASSPLIPYNEQF,1
TRBV7-9,TRBJ2-1,ASSPLIQDEQF,1
TRBV7-9,TRBJ2-1,ASSPLIRDNEQF,1
TRBV7-9,TRBJ2-1,ASSPLIREAANEQF,1
TRBV7-9,TRBJ2-1,ASSPLIRGGDEQF,1
TRBV7-9,TRBJ2-1,ASSPLIRGHEQF,1
TRBV7-9,TRBJ2-1,ASSPLIRLARSSYNEQF,1
TRBV7-9,TRBJ2-1,ASSPLIRRQGASEQF,10
TRBV7-9,TRBJ2-1,ASSPLIRTHGPSYNEQF,1
TRBV7-9,TRBJ2-1,ASSPLISGNEQF,1
TRBV7-9,TRBJ2-1,ASSPLISGSSYNEQF,1
TRBV7-9,TRBJ2-1,ASSPLISSGTFYNEQF,1
TRBV7-9,TRBJ2-1,ASSPLISSSYNEQF,1
TRBV7-9,TRBJ2-1,ASSPLITEGDEQF,11
TRBV7-9,TRBJ2-1,ASSPLITEGEEQF,1
TRBV7-9,TRBJ2-1,ASSPLITGGPL,1
TRBV7-9,TRBJ2-1,ASSPLITYNEQF,7
TRBV7-9,TRBJ2-1,ASSPLIVGNEQF,4
TRBV7-9,TRBJ2-1,ASSPLIWGGNEQF,1
TRBV7-9,TRBJ2-1,ASSPLIWTSGGANEQF,1
TRBV7-9,TRBJ2-1,ASSPLIYNEQF,4
TRBV7-9,TRBJ2-1,ASSPLIYSEQF,1
TRBV7-9,TRBJ2-1,ASSPLKAEGPRNEQF,13
TRBV7-9,TRBJ2-1,ASSPLKAEGPRTEQF,1
TRBV7-9,TRBJ2-1,ASSPLKAGAKYNEQF,1
TRBV7-9,TRBJ2-1,ASSPLKDEQF,1
TRBV7-9,TRBJ2-1,ASSPLKEAVNEQF,1
TRBV7-9,TRBJ2-1,ASSPLKGDNEQF,1
TRBV7-9,TRBJ2-1,ASSPLKGGGFYNEQF,1
TRBV7-9,TRBJ2-1,ASSPLKGGGHNEQF,1
TRBV7-9,TRBJ2-1,ASSPLKGGGYNEQF,1
TRBV7-9,TRBJ2-1,ASSPLKGGSYNEQF,1
TRBV7-9,TRBJ2-1,ASSPLKGLASYNEQF,1
TRBV7-9,TRBJ2-1,ASSPLKGLDQHNEQF,1
TRBV7-9,TRBJ2-1,ASSPLKGLDYNEQF,1
TRBV7-9,TRBJ2-1,ASSPLKGNEQF,2
TRBV7-9,TRBJ2-1,ASSPLKGNNEQF,1
TRBV7-9,TRBJ2-1,ASSPLKGNYNEQF,2
TRBV7-9,TRBJ2-1,ASSPLKGPYNEQF,2
TRBV7-9,TRBJ2-1,ASSPLKGQGFNEQF,1
TRBV7-9,TRBJ2-1,ASSPLKGRDNEQF,1
TRBV7-9,TRBJ2-1,ASSPLKGRDSYNEQF,1
TRBV7-9,TRBJ2-1,ASSPLKGRSYNEQF,6
TRBV7-9,TRBJ2-1,ASSPLKGRTYNEQF,2
TRBV7-9,TRBJ2-1,ASSPLKGRWQNEQF,1
TRBV7-9,TRBJ2-1,ASSPLKGRYNEQF,1
TRBV7-9,TRBJ2-1,ASSPLKGSGRYNEQF,1
TRBV7-9,TRBJ2-1,ASSPLKGVSSYNEQF,1
TRBV7-9,TRBJ2-1,ASSPLKGYNEQF,12
TRBV7-9,TRBJ2-1,ASSPLKIAGTYNEQF,1
TRBV7-9,TRBJ2-1,ASSPLKISSYNEQF,1
TRBV7-9,TRBJ2-1,ASSPLKLNEQF,1
TRBV7-9,TRBJ2-1,ASSPLKPRYEQF,1
TRBV7-9,TRBJ2-1,ASSPLKPYNEQF,5
TRBV7-9,TRBJ2-1,ASSPLKQGTVHEQF,1
TRBV7-9,TRBJ2-1,ASSPLKQGYEQF,1
TRBV7-9,TRBJ2-1,ASSPLKQRGPYNEQF,1
TRBV7-9,TRBJ2-1,ASSPLKRAFYNEQF,1
TRBV7-9,TRBJ2-1,ASSPLKREINRNEQF,1
TRBV7-9,TRBJ2-1,ASSPLKRNSYNEQF,1
TRBV7-9,TRBJ2-1,ASSPLKRVDEQF,1
TRBV7-9,TRBJ2-1,ASSPLKSGSYNEQF,2
TRBV7-9,TRBJ2-1,ASSPLKSTYDEQF,1
TRBV7-9,TRBJ2-1,ASSPLKTSGKNNEQF,1
TRBV7-9,TRBJ2-1,ASSPLKTSYNEQF,3
TRBV7-9,TRBJ2-1,ASSPLKTTLAYNEQF,1
TRBV7-9,TRBJ2-1,ASSPLKTYNEQF,1
TRBV7-9,TRBJ2-1,ASSPLKVAGVEQF,4
TRBV7-9,TRBJ2-1,ASSPLKVGF,9
TRBV7-9,TRBJ2-1,ASSPLKVGRGSYNEQF,1
TRBV7-9,TRBJ2-1,ASSPLKVWEGRDEQF,1
TRBV7-9,TRBJ2-1,ASSPLKVYHEQF,1
TRBV7-9,TRBJ2-1,ASSPLKVYNEQF,12
TRBV7-9,TRBJ2-1,ASSPLLAADEQF,1
TRBV7-9,TRBJ2-1,ASSPLLAAIGRDEQF,1
TRBV7-9,TRBJ2-1,ASSPLLAAPYNEQF,1
TRBV7-9,TRBJ2-1,ASSPLLAASYNAQF,1
TRBV7-9,TRBJ2-1,ASSPLLAASYNEQF,7
TRBV7-9,TRBJ2-1,ASSPLLAATFYNEQF,1
TRBV7-9,TRBJ2-1,ASSPLLAAYNAQF,1
TRBV7-9,TRBJ2-1,ASSPLLAAYNEQF,12
TRBV7-9,TRBJ2-1,ASSPLLADNAQF,1
TRBV7-9,TRBJ2-1,ASSPLLADNEQF,6
TRBV7-9,TRBJ2-1,ASSPLLAEGYNEQF,1
TRBV7-9,TRBJ2-1,ASSPLLAESYNEQF,1
TRBV7-9,TRBJ2-1,ASSPLLAFTYNEQF,1
TRBV7-9,TRBJ2-1,ASSPLLAFYNEQF,3
TRBV7-9,TRBJ2-1,ASSPLLAGAHNEQF,1
TRBV7-9,TRBJ2-1,ASSPLLAGANNEQF,2
TRBV7-9,TRBJ2-1,ASSPLLAGASDLNNEQF,1
TRBV7-9,TRBJ2-1,ASSPLLAGATSSYNEQF,1
TRBV7-9,TRBJ2-1,ASSPLLAGAYNEQF,4
TRBV7-9,TRBJ2-1,ASSPLLAGDDEQF,1
TRBV7-9,TRBJ2-1,ASSPLLAGDFDEQF,1
TRBV7-9,TRBJ2-1,ASSPLLAGDNEQF,11
TRBV7-9,TRBJ2-1,ASSPLLAGDSYNEQF,4
TRBV7-9,TRBJ2-1,ASSPLLAGDYNEQF,3
TRBV7-9,TRBJ2-1,ASSPLLAGENEQF,18
TRBV7-9,TRBJ2-1,ASSPLLAGETSSYNEQF,1
TRBV7-9,TRBJ2-1,ASSPLLAGEVGEQF,9
TRBV7-9,TRBJ2-1,ASSPLLAGEVNEQF,1
TRBV7-9,TRBJ2-1,ASSPLLAGEWNEQF,1
TRBV7-9,TRBJ2-1,ASSPLLAGGAYNEQF,4
TRBV7-9,TRBJ2-1,ASSPLLAGGDEQF,1
TRBV7-9,TRBJ2-1,ASSPLLAGGDHNEQF,1
TRBV7-9,TRBJ2-1,ASSPLLAGGDNEQF,1
TRBV7-9,TRBJ2-1,ASSPLLAGGHGRF,1
TRBV7-9,TRBJ2-1,ASSPLLAGGHNEQF,1
TRBV7-9,TRBJ2-1,ASSPLLAGGLIYNEQF,8
TRBV7-9,TRBJ2-1,ASSPLLAGGLNEQF,1
TRBV7-9,TRBJ2-1,ASSPLLAGGLQDEQF,1
TRBV7-9,TRBJ2-1,ASSPLLAGGLRNEQF,7
TRBV7-9,TRBJ2-1,ASSPLLAGGLSYNEQF,3
TRBV7-9,TRBJ2-1,ASSPLLAGGLYNEQF,1
TRBV7-9,TRBJ2-1,ASSPLLAGGNEQF,15
TRBV7-9,TRBJ2-1,ASSPLLAGGPHYNEQF,1
TRBV7-9,TRBJ2-1,ASSPLLAGGPLGNEQF,1
TRBV7-9,TRBJ2-1,ASSPLLAGGPSYNEQF,1
TRBV7-9,TRBJ2-1,ASSPLLAGGPYEQF,1
TRBV7-9,TRBJ2-1,ASSPLLAGGPYNEQF,1
TRBV7-9,TRBJ2-1,ASSPLLAGGSHEQF,10
TRBV7-9,TRBJ2-1,ASSPLLAGGTHEQF,1
TRBV7-9,TRBJ2-1,ASSPLLAGGVTNEQF,3
TRBV7-9,TRBJ2-1,ASSPLLAGGWNEQF,1
TRBV7-9,TRBJ2-1,ASSPLLAGGYNEQF,2
TRBV7-9,TRBJ2-1,ASSPLLAGKYNEQF,1
TRBV7-9,TRBJ2-1,ASSPLLAGLAGNEQF,1
TRBV7-9,TRBJ2-1,ASSPLLAGLYNEQF,13
TRBV7-9,TRBJ2-1,ASSPLLAGNEQF,2
TRBV7-9,TRBJ2-1,ASSPLLAGNLYNEQF,1
TRBV7-9,TRBJ2-1,ASSPLLAGNNEQF,1
TRBV7-9,TRBJ2-1,ASSPLLAGPDEQY,1
TRBV7-9,TRBJ2-1,ASSPLLAGPDNEQF,1
TRBV7-9,TRBJ2-1,ASSPLLAGPNEQF,1
TRBV7-9,TRBJ2-1,ASSPLLAGRYNEQF,1
TRBV7-9,TRBJ2-1,ASSPLLAGSSYNEQF,9
TRBV7-9,TRBJ2-1,ASSPLLAGSTMKQF,10
TRBV7-9,TRBJ2-1,ASSPLLAGSYNEQF,3
TRBV7-9,TRBJ2-1,ASSPLLAGTNEQF,1
TRBV7-9,TRBJ2-1,ASSPLLAGTPTSYNEQF,1
TRBV7-9,TRBJ2-1,ASSPLLAGVFNEQF,1
TRBV7-9,TRBJ2-1,ASSPLLAGVGAQF,1
TRBV7-9,TRBJ2-1,ASSPLLAGVGEQF,18
TRBV7-9,TRBJ2-1,ASSPLLAGVGHNEQF,1
TRBV7-9,TRBJ2-1,ASSPLLAGVLNEQF,1
TRBV7-9,TRBJ2-1,ASSPLLAGVNEQF,1
TRBV7-9,TRBJ2-1,ASSPLLAGVPHEQF,1
TRBV7-9,TRBJ2-1,ASSPLLAGVPNEQF,2
TRBV7-9,TRBJ2-1,ASSPLLAGVTYNEQF,1
TRBV7-9,TRBJ2-1,ASSPLLAGVYEQF,1
TRBV7-9,TRBJ2-1,ASSPLLAGVYNEQF,8
TRBV7-9,TRBJ2-1,ASSPLLAGWDEQF,2
TRBV7-9,TRBJ2-1,ASSPLLAGWEEQF,1
TRBV7-9,TRBJ2-1,ASSPLLAGWYNERF,1
TRBV7-9,TRBJ2-1,ASSPLLAGYNEQF,23
TRBV7-9,TRBJ2-1,ASSPLLAHEQF,1
TRBV7-9,TRBJ2-1,ASSPLLAHGEQF,4
TRBV7-9,TRBJ2-1,ASSPLLALAGDEQF,1
TRBV7-9,TRBJ2-1,ASSPLLALGNEQF,9
TRBV7-9,TRBJ2-1,ASSPLLAMVDEQF,1
TRBV7-9,TRBJ2-1,ASSPLLAPNSRNEQF,2
TRBV7-9,TRBJ2-1,ASSPLLARYNEQF,1
TRBV7-9,TRBJ2-1,ASSPLLASGRSYEQF,1
TRBV7-9,TRBJ2-1,ASSPLLASGRVNEQF,1
TRBV7-9,TRBJ2-1,ASSPLLASHYEKF,1
TRBV7-9,TRBJ2-1,ASSPLLASYNEQF,1
TRBV7-9,TRBJ2-1,ASSPLLATNEQF,1
TRBV7-9,TRBJ2-1,ASSPLLATNNEQF,1
TRBV7-9,TRBJ2-1,ASSPLLAVLDNEQF,1
TRBV7-9,TRBJ2-1,ASSPLLAVYNKQV,1
TRBV7-9,TRBJ2-1,ASSPLLAYNEQF,1
TRBV7-9,TRBJ2-1,ASSPLLDEQF,3
TRBV7-9,TRBJ2-1,ASSPLLDIYNEQF,2
TRBV7-9,TRBJ2-1,ASSPLLDNEQF,2
TRBV7-9,TRBJ2-1,ASSPLLDRNEQF,1
TRBV7-9,TRBJ2-1,ASSPLLDSSYNEQF,1
TRBV7-9,TRBJ2-1,ASSPLLDSYNEQF,13
TRBV7-9,TRBJ2-1,ASSPLLEAGREF,1
TRBV7-9,TRBJ2-1,ASSPLLEDGGGGNEQF,1
TRBV7-9,TRBJ2-1,ASSPLLEDRGGGNEQF,10
TRBV7-9,TRBJ2-1,ASSPLLEDRGGGNQQF,1
TRBV7-9,TRBJ2-1,ASSPLLEGHYEQF,1
TRBV7-9,TRBJ2-1,ASSPLLEGLGNEQF,3
TRBV7-9,TRBJ2-1,ASSPLLEGYNEQF,1
TRBV7-9,TRBJ2-1,ASSPLLEQF,6
TRBV7-9,TRBJ2-1,ASSPLLESSYNEQF,1
TRBV7-9,TRBJ2-1,ASSPLLFERYEQF,12
TRBV7-9,TRBJ2-1,ASSPLLFGSYNEQF,1
TRBV7-9,TRBJ2-1,ASSPLLGAHVKSSYNEQF,1
TRBV7-9,TRBJ2-1,ASSPLLGALSYNEQF,7
TRBV7-9,TRBJ2-1,ASSPLLGANYNEQF,1
TRBV7-9,TRBJ2-1,ASSPLLGARSYNEQF,1
TRBV7-9,TRBJ2-1,ASSPLLGDLHNEQF,1
TRBV7-9,TRBJ2-1,ASSPLLGDSYNEQF,2
TRBV7-9,TRBJ2-1,ASSPLLGEDNEQF,1
TRBV7-9,TRBJ2-1,ASSPLLGEGGEQF,9
TRBV7-9,TRBJ2-1,ASSPLLGEYNEQF,1
TRBV7-9,TRBJ2-1,ASSPLLGFANEQF,1
TRBV7-9,TRBJ2-1,ASSPLLGFYNEQF,1
TRBV7-9,TRBJ2-1,ASSPLLGGGINEQF,9
TRBV7-9,TRBJ2-1,ASSPLLGGGLSYNEQF,3
TRBV7-9,TRBJ2-1,ASSPLLGGGRDEQF,1
TRBV7-9,TRBJ2-1,ASSPLLGGLANEQF,1
TRBV7-9,TRBJ2-1,ASSPLLGGNPGNEQF,1
TRBV7-9,TRBJ2-1,ASSPLLGGRTYNEQF,1
TRBV7-9,TRBJ2-1,ASSPLLGGRVSNEQF,1
TRBV7-9,TRBJ2-1,ASSPLLGGRYNEQF,10
TRBV7-9,TRBJ2-1,ASSPLLGGTRGNEQF,1
TRBV7-9,TRBJ2-1,ASSPLLGGTYNEQF,1
TRBV7-9,TRBJ2-1,ASSPLLGGYNEQF,2
TRBV7-9,TRBJ2-1,ASSPLLGHRSSYNEQF,1
TRBV7-9,TRBJ2-1,ASSPLLGIAGNNEQF,7
TRBV7-9,TRBJ2-1,ASSPLLGIAGNNQQF,1
TRBV7-9,TRBJ2-1,ASSPLLGIGVRQF,1
TRBV7-9,TRBJ2-1,ASSPLLGISYNEQF,1
TRBV7-9,TRBJ2-1,ASSPLLGLAAHEQF,1
TRBV7-9,TRBJ2-1,ASSPLLGLALVVNEQF,1
TRBV7-9,TRBJ2-1,ASSPLLGLDEQF,1
TRBV7-9,TRBJ2-1,ASSPLLGLVAGFNNEQF,7
TRBV7-9,TRBJ2-1,ASSPLLGPAGANNEQF,1
TRBV7-9,TRBJ2-1,ASSPLLGPRYNEQF,1
TRBV7-9,TRBJ2-1,ASSPLLGQAGDEQF,1
TRBV7-9,TRBJ2-1,ASSPLLGQENNEQF,4
TRBV7-9,TRBJ2-1,ASSPLLGQGANEQF,1
TRBV7-9,TRBJ2-1,ASSPLLGQGFGDEQF,5
TRBV7-9,TRBJ2-1,ASSPLLGQGGGNEQF,1
TRBV7-9,TRBJ2-1,ASSPLLGQGMNEQF,5
TRBV7-9,TRBJ2-1,ASSPLLGQGPYNEQF,10
TRBV7-9,TRBJ2-1,ASSPLLGQGSNEQF,1
TRBV7-9,TRBJ2-1,ASSPLLGQKVSYNEQF,7
TRBV7-9,TRBJ2-1,ASSPLLGQYYDEQF,15
TRBV7-9,TRBJ2-1,ASSPLLGRRSYNEQF,1
TRBV7-9,TRBJ2-1,ASSPLLGSNSYNEQF,4
TRBV7-9,TRBJ2-1,ASSPLLGSRSYNEQF,1
TRBV7-9,TRBJ2-1,ASSPLLGTFSYNEQF,6
TRBV7-9,TRBJ2-1,ASSPLLGTGDEQF,1
TRBV7-9,TRBJ2-1,ASSPLLGTGVGQF,11
TRBV7-9,TRBJ2-1,ASSPLLGTNYNEQF,1
TRBV7-9,TRBJ2-1,ASSPLLGTSGLNEQF,1
TRBV7-9,TRBJ2-1,ASSPLLGTSVNNEQF,1
TRBV7-9,TRBJ2-1,ASSPLLGTVDNEQF,1
TRBV7-9,TRBJ2-1,ASSPLLGVDSHYNEQF,3
TRBV7-9,TRBJ2-1,ASSPLLGVSYNEQF,1
TRBV7-9,TRBJ2-1,ASSPLLGYEYNEQF,2
TRBV7-9,TRBJ2-1,ASSPLLGYSYNEQF,7
TRBV7-9,TRBJ2-1,ASSPLLHNEQF,16
TRBV7-9,TRBJ2-1,ASSPLLIIREV,1
TRBV7-9,TRBJ2-1,ASSPLLITRGF,1
TRBV7-9,TRBJ2-1,ASSPLLITRGV,5
TRBV7-9,TRBJ2-1,ASSPLLKQTYNEQF,2
TRBV7-9,TRBJ2-1,ASSPLLLAGDNNEQF,1
TRBV7-9,TRBJ2-1,ASSPLLLAGNEQF,1
TRBV7-9,TRBJ2-1,ASSPLLLGDYNEQF,1
TRBV7-9,TRBJ2-1,ASSPLLLLAAHNEQF,1
TRBV7-9,TRBJ2-1,ASSPLLLSLHEQF,2
TRBV7-9,TRBJ2-1,ASSPLLLTSGRANEQF,1
TRBV7-9,TRBJ2-1,ASSPLLNEQF,11
TRBV7-9,TRBJ2-1,ASSPLLNPGEGPF,1
TRBV7-9,TRBJ2-1,ASSPLLNRGPYNEQF,1
TRBV7-9,TRBJ2-1,ASSPLLNSRGDNEQF,1
TRBV7-9,TRBJ2-1,ASSPLLNSYNEQF,1
TRBV7-9,TRBJ2-1,ASSPLLPAYNEQF,1
TRBV7-9,TRBJ2-1,ASSPLLPETGTSPHEQF,1
TRBV7-9,TRBJ2-1,ASSPLLPGQGSLNEQF,1
TRBV7-9,TRBJ2-1,ASSPLLPGVASYNEQF,1
TRBV7-9,TRBJ2-1,ASSPLLPIRNEQF,1
TRBV7-9,TRBJ2-1,ASSPLLPSSYNEQF,9
TRBV7-9,TRBJ2-1,ASSPLLPYNEQF,1
TRBV7-9,TRBJ2-1,ASSPLLQNNEQF,1
TRBV7-9,TRBJ2-1,ASSPLLQRGF,6
TRBV7-9,TRBJ2-1,ASSPLLQSYNEQF,5
TRBV7-9,TRBJ2-1,ASSPLLRDAYNEQF,1
TRBV7-9,TRBJ2-1,ASSPLLRDWTYNEQF,1
TRBV7-9,TRBJ2-1,ASSPLLRENNEQF,1
TRBV7-9,TRBJ2-1,ASSPLLRGTYNEQF,1
TRBV7-9,TRBJ2-1,ASSPLLRLAYNEQF,1
TRBV7-9,TRBJ2-1,ASSPLLRNEQF,1
TRBV7-9,TRBJ2-1,ASSPLLRNNEQF,1
TRBV7-9,TRBJ2-1,ASSPLLRQGAHANEQF,1
TRBV7-9,TRBJ2-1,ASSPLLRQLGVSIDEQF,1
TRBV7-9,TRBJ2-1,ASSPLLRRDWRGVNEQF,1
TRBV7-9,TRBJ2-1,ASSPLLRSSYNEQF,1
TRBV7-9,TRBJ2-1,ASSPLLRSYNEQF,1
TRBV7-9,TRBJ2-1,ASSPLLRVSSYNEQF,1
TRBV7-9,TRBJ2-1,ASSPLLRYEQF,1
TRBV7-9,TRBJ2-1,ASSPLLSDNEQF,1
TRBV7-9,TRBJ2-1,ASSPLLSGRADEQF,1
TRBV7-9,TRBJ2-1,ASSPLLSGRDNEQF,1
TRBV7-9,TRBJ2-1,ASSPLLSGRGYEQF,8
TRBV7-9,TRBJ2-1,ASSPLLSGSSYNEQF,1
TRBV7-9,TRBJ2-1,ASSPLLSHEQF,1
TRBV7-9,TRBJ2-1,ASSPLLSMDRAGSGEQF,1
TRBV7-9,TRBJ2-1,ASSPLLSNEQF,2
TRBV7-9,TRBJ2-1,ASSPLLSPSHEQF,1
TRBV7-9,TRBJ2-1,ASSPLLSPYNEQF,1
TRBV7-9,TRBJ2-1,ASSPLLSQKEQF,1
TRBV7-9,TRBJ2-1,ASSPLLSSYNEQF,21
TRBV7-9,TRBJ2-1,ASSPLLSVNYNEQF,10
TRBV7-9,TRBJ2-1,ASSPLLSYNEQF,5
TRBV7-9,TRBJ2-1,ASSPLLTGSQISFSPNEQF,14
TRBV7-9,TRBJ2-1,ASSPLLTGSQISVSPNEQF,1
TRBV7-9,TRBJ2-1,ASSPLLTGSQITFSPNEQF,1
TRBV7-9,TRBJ2-1,ASSPLLTGYSRNEQF,2
TRBV7-9,TRBJ2-1,ASSPLLTLGNEQF,2
TRBV7-9,TRBJ2-1,ASSPLLTNGRSYEQF,1
TRBV7-9,TRBJ2-1,ASSPLLTPTLNEQF,1
TRBV7-9,TRBJ2-1,ASSPLLTRGRSYEQF,1
TRBV7-9,TRBJ2-1,ASSPLLTSGRSYEQF,41
TRBV7-9,TRBJ2-1,ASSPLLTSGRYYEQF,1
TRBV7-9,TRBJ2-1,ASSPLLTSGSSDEQL,1
TRBV7-9,TRBJ2-1,ASSPLLTSGSYEKF,1
TRBV7-9,TRBJ2-1,ASSPLLTSGSYEQF,16
TRBV7-9,TRBJ2-1,ASSPLLTSHEQF,2
TRBV7-9,TRBJ2-1,ASSPLLTSPEQF,4
TRBV7-9,TRBJ2-1,ASSPLLTSPEQL,1
TRBV7-9,TRBJ2-1,ASSPLLTSSEQF,1
TRBV7-9,TRBJ2-1,ASSPLLVADEQF,1
TRBV7-9,TRBJ2-1,ASSPLLVAGTYNEQF,5
TRBV7-9,TRBJ2-1,ASSPLLVAHVKSSYNEQF,11
TRBV7-9,TRBJ2-1,ASSPLLVDYNEQF,1
TRBV7-9,TRBJ2-1,ASSPLLVENEQF,7
TRBV7-9,TRBJ2-1,ASSPLLVEPYNEQF,2
TRBV7-9,TRBJ2-1,ASSPLLVGENEQF,1
TRBV7-9,TRBJ2-1,ASSPLLVGGNEQF,1
TRBV7-9,TRBJ2-1,ASSPLLVGTADTDNEQF,8
TRBV7-9,TRBJ2-1,ASSPLLVRHEQF,1
TRBV7-9,TRBJ2-1,ASSPLLVTGTDPYNEQF,13
TRBV7-9,TRBJ2-1,ASSPLLVWDNEQF,1
TRBV7-9,TRBJ2-1,ASSPLLWAGEDNEQF,1
TRBV7-9,TRBJ2-1,ASSPLLWAGYNEQF,1
TRBV7-9,TRBJ2-1,ASSPLLYNEQF,1
TRBV7-9,TRBJ2-1,ASSPLMAAGGNEQF,1
TRBV7-9,TRBJ2-1,ASSPLMAGGPDNEQF,1
TRBV7-9,TRBJ2-1,ASSPLMAGISYNEQF,1
TRBV7-9,TRBJ2-1,ASSPLMAGVGYNEQF,1
TRBV7-9,TRBJ2-1,ASSPLMASGNAYNEQF,1
TRBV7-9,TRBJ2-1,ASSPLMASGNSYNEQF,11
TRBV7-9,TRBJ2-1,ASSPLMDGRGNEQF,3
TRBV7-9,TRBJ2-1,ASSPLMDNEQF,1
TRBV7-9,TRBJ2-1,ASSPLMEQF,9
TRBV7-9,TRBJ2-1,ASSPLMETANNEQF,1
TRBV7-9,TRBJ2-1,ASSPLMFNEQF,7
TRBV7-9,TRBJ2-1,ASSPLMGDEQF,1
TRBV7-9,TRBJ2-1,ASSPLMGEANNEQF,1
TRBV7-9,TRBJ2-1,ASSPLMGFARGNEQF,4
TRBV7-9,TRBJ2-1,ASSPLMGGGNEQF,1
TRBV7-9,TRBJ2-1,ASSPLMGGGSDNEQF,14
TRBV7-9,TRBJ2-1,ASSPLMGGNEQF,1
TRBV7-9,TRBJ2-1,ASSPLMGLAPNEQF,1
TRBV7-9,TRBJ2-1,ASSPLMGLTYNEQF,1
TRBV7-9,TRBJ2-1,ASSPLMGREQF,4
TRBV7-9,TRBJ2-1,ASSPLMGTSGKNNEQF,1
TRBV7-9,TRBJ2-1,ASSPLMGYNEQF,6
TRBV7-9,TRBJ2-1,ASSPLMKADNEQF,6
TRBV7-9,TRBJ2-1,ASSPLMKVDNEQF,1
TRBV7-9,TRBJ2-1,ASSPLMNEQF,1
TRBV7-9,TRBJ2-1,ASSPLMRATGYNEQF,1
TRBV7-9,TRBJ2-1,ASSPLMRESRYNEQF,4
TRBV7-9,TRBJ2-1,ASSPLMRNEQF,6
TRBV7-9,TRBJ2-1,ASSPLMSSYNEQF,6
TRBV7-9,TRBJ2-1,ASSPLMVAEGASYNEQF,1
TRBV7-9,TRBJ2-1,ASSPLMYEQF,3
TRBV7-9,TRBJ2-1,ASSPLNAREGISYNEQF,1
TRBV7-9,TRBJ2-1,ASSPLNEKF,1
TRBV7-9,TRBJ2-1,ASSPLNEPF,1
TRBV7-9,TRBJ2-1,ASSPLNEQF,169
TRBV7-9,TRBJ2-1,ASSPLNEQL,2
TRBV7-9,TRBJ2-1,ASSPLNGDEQF,1
TRBV7-9,TRBJ2-1,ASSPLNGGNEQF,1
TRBV7-9,TRBJ2-1,ASSPLNGGYNEQF,1
TRBV7-9,TRBJ2-1,ASSPLNGLAGVNNEQF,1
TRBV7-9,TRBJ2-1,ASSPLNGQF,1
TRBV7-9,TRBJ2-1,ASSPLNGRGEQF,15
TRBV7-9,TRBJ2-1,ASSPLNGRGQQF,1
TRBV7-9,TRBJ2-1,ASSPLNGSYNEQF,2
TRBV7-9,TRBJ2-1,ASSPLNGTTSYNEQF,1
TRBV7-9,TRBJ2-1,ASSPLNGYNEQF,1
TRBV7-9,TRBJ2-1,ASSPLNHEQF,1
TRBV7-9,TRBJ2-1,ASSPLNIDEQF,1
TRBV7-9,TRBJ2-1,ASSPLNLDGF,9
TRBV7-9,TRBJ2-1,ASSPLNLGDEQF,1
TRBV7-9,TRBJ2-1,ASSPLNNEQF,21
TRBV7-9,TRBJ2-1,ASSPLNNRAGAYNEQF,1
TRBV7-9,TRBJ2-1,ASSPLNPSNEQF,1
TRBV7-9,TRBJ2-1,ASSPLNPYNEQF,16
TRBV7-9,TRBJ2-1,ASSPLNQASGSAATYNEQF,11
TRBV7-9,TRBJ2-1,ASSPLNQQF,1
TRBV7-9,TRBJ2-1,ASSPLNRGHEQF,1
TRBV7-9,TRBJ2-1,ASSPLNRGLDVEQF,6
TRBV7-9,TRBJ2-1,ASSPLNRVLDNEQF,1
TRBV7-9,TRBJ2-1,ASSPLNRYNEQF,3
TRBV7-9,TRBJ2-1,ASSPLNSYNEQF,1
TRBV7-9,TRBJ2-1,ASSPLNTNEQF,5
TRBV7-9,TRBJ2-1,ASSPLNVVGVNDQF,1
TRBV7-9,TRBJ2-1,ASSPLNVVGVNEQC,1
TRBV7-9,TRBJ2-1,ASSPLNVVGVNEQF,48
TRBV7-9,TRBJ2-1,ASSPLNVVGVNEQI,2
TRBV7-9,TRBJ2-1,ASSPLNYNEQF,1
TRBV7-9,TRBJ2-1,ASSPLPAGANEQF,1
TRBV7-9,TRBJ2-1,ASSPLPAGAYNEQF,2
TRBV7-9,TRBJ2-1,ASSPLPAGGRNEQF,1
TRBV7-9,TRBJ2-1,ASSPLPAGSHSNEQF,1
TRBV7-9,TRBJ2-1,ASSPLPAGSPSNDQF,2
TRBV7-9,TRBJ2-1,ASSPLPAGSPSNEQF,9
TRBV7-9,TRBJ2-1,ASSPLPAGTTLYEQF,12
TRBV7-9,TRBJ2-1,ASSPLPAGTTMYVQF,1
TRBV7-9,TRBJ2-1,ASSPLPARGPYNEQF,14
TRBV7-9,TRBJ2-1,ASSPLPARGYNEQF,1
TRBV7-9,TRBJ2-1,ASSPLPARSYNEQF,1
TRBV7-9,TRBJ2-1,ASSPLPASIQHNEQF,1
TRBV7-9,TRBJ2-1,ASSPLPAVAQF,1
TRBV7-9,TRBJ2-1,ASSPLPAVEQF,9
TRBV7-9,TRBJ2-1,ASSPLPAWGPEQF,2
TRBV7-9,TRBJ2-1,ASSPLPDASSYNEQF,1
TRBV7-9,TRBJ2-1,ASSPLPDEQF,1
TRBV7-9,TRBJ2-1,ASSPLPDPGEGPF,1
TRBV7-9,TRBJ2-1,ASSPLPDREGKF,1
TRBV7-9,TRBJ2-1,ASSPLPDRESYNEQF,1
TRBV7-9,TRBJ2-1,ASSPLPDSSNNEQF,1
TRBV7-9,TRBJ2-1,ASSPLPDSYNEQF,1
TRBV7-9,TRBJ2-1,ASSPLPDYNEQF,2
TRBV7-9,TRBJ2-1,ASSPLPFEGNNEQF,1
TRBV7-9,TRBJ2-1,ASSPLPFGGSSYNEQF,1
TRBV7-9,TRBJ2-1,ASSPLPGAGDGKAEQF,15
TRBV7-9,TRBJ2-1,ASSPLPGAGGDNEQF,11
TRBV7-9,TRBJ2-1,ASSPLPGAGRANEQF,1
TRBV7-9,TRBJ2-1,ASSPLPGASYNEQF,1
TRBV7-9,TRBJ2-1,ASSPLPGDYNEQF,16
TRBV7-9,TRBJ2-1,ASSPLPGEARTASYNEQF,10
TRBV7-9,TRBJ2-1,ASSPLPGEAYNEQF,1
TRBV7-9,TRBJ2-1,ASSPLPGEGAGGAVEQF,1
TRBV7-9,TRBJ2-1,ASSPLPGEQF,3
TRBV7-9,TRBJ2-1,ASSPLPGGDNEQF,1
TRBV7-9,TRBJ2-1,ASSPLPGGGYNEQF,24
TRBV7-9,TRBJ2-1,ASSPLPGGKRYNEQF,1
TRBV7-9,TRBJ2-1,ASSPLPGGPGGGNEQF,1
TRBV7-9,TRBJ2-1,ASSPLPGGPNEQF,1
TRBV7-9,TRBJ2-1,ASSPLPGGRSYNEQF,1
TRBV7-9,TRBJ2-1,ASSPLPGGSNNEQF,10
TRBV7-9,TRBJ2-1,ASSPLPGGSSYNEQF,1
TRBV7-9,TRBJ2-1,ASSPLPGGTYNEQY,1
TRBV7-9,TRBJ2-1,ASSPLPGHEQF,1
TRBV7-9,TRBJ2-1,ASSPLPGHNEQF,4
TRBV7-9,TRBJ2-1,ASSPLPGHYNEQF,1
TRBV7-9,TRBJ2-1,ASSPLPGIEGGREQL,1
TRBV7-9,TRBJ2-1,ASSPLPGKVGYEQF,1
TRBV7-9,TRBJ2-1,ASSPLPGLAANEQF,1
TRBV7-9,TRBJ2-1,ASSPLPGLADAEQF,1
TRBV7-9,TRBJ2-1,ASSPLPGLADSEQF,17
TRBV7-9,TRBJ2-1,ASSPLPGLAENEQF,1
TRBV7-9,TRBJ2-1,ASSPLPGLAENNEQF,1
TRBV7-9,TRBJ2-1,ASSPLPGLAGAYNEQF,1
TRBV7-9,TRBJ2-1,ASSPLPGLAGCREQF,1
TRBV7-9,TRBJ2-1,ASSPLPGLAGDEQF,15
TRBV7-9,TRBJ2-1,ASSPLPGLAGGHEQF,1
TRBV7-9,TRBJ2-1,ASSPLPGLAGGNEQF,11
TRBV7-9,TRBJ2-1,ASSPLPGLAGGREQF,31
TRBV7-9,TRBJ2-1,ASSPLPGLAGGREQL,2
TRBV7-9,TRBJ2-1,ASSPLPGLAGGSEQF,1
TRBV7-9,TRBJ2-1,ASSPLPGLAGGSNEQF,1
TRBV7-9,TRBJ2-1,ASSPLPGLAGSNEQF,1
TRBV7-9,TRBJ2-1,ASSPLPGLAGTAGYNDQF,1
TRBV7-9,TRBJ2-1,ASSPLPGLAGTAGYNEQF,3
TRBV7-9,TRBJ2-1,ASSPLPGLAGVTYNEQF,1
TRBV7-9,TRBJ2-1,ASSPLPGLAGVYEQF,1
TRBV7-9,TRBJ2-1,ASSPLPGLAGYEQF,1
TRBV7-9,TRBJ2-1,ASSPLPGLALFGSSYNEQF,9
TRBV7-9,TRBJ2-1,ASSPLPGLAVNEQF,9
TRBV7-9,TRBJ2-1,ASSPLPGLEGGREQF,2
TRBV7-9,TRBJ2-1,ASSPLPGLGFHEQF,1
TRBV7-9,TRBJ2-1,ASSPLPGLGGEQF,4
TRBV7-9,TRBJ2-1,ASSPLPGLLSHEQF,8
TRBV7-9,TRBJ2-1,ASSPLPGLPRGNEQF,1
TRBV7-9,TRBJ2-1,ASSPLPGLPYNEQF,1
TRBV7-9,TRBJ2-1,ASSPLPGLVGDEQF,1
TRBV7-9,TRBJ2-1,ASSPLPGLVSYNEQF,6
TRBV7-9,TRBJ2-1,ASSPLPGNEQF,4
TRBV7-9,TRBJ2-1,ASSPLPGPSGRLYNEQF,1
TRBV7-9,TRBJ2-1,ASSPLPGQANNEQF,3
TRBV7-9,TRBJ2-1,ASSPLPGQDLNEQF,1
TRBV7-9,TRBJ2-1,ASSPLPGQGADEQF,1
TRBV7-9,TRBJ2-1,ASSPLPGQGAGGAVEQF,3
TRBV7-9,TRBJ2-1,ASSPLPGQGANEQF,3
TRBV7-9,TRBJ2-1,ASSPLPGQGDNEQF,6
TRBV7-9,TRBJ2-1,ASSPLPGQGEF,9
TRBV7-9,TRBJ2-1,ASSPLPGQGEL,1
TRBV7-9,TRBJ2-1,ASSPLPGQGEYNEQF,1
TRBV7-9,TRBJ2-1,ASSPLPGQGGNEQF,1
TRBV7-9,TRBJ2-1,ASSPLPGQGKNEQF,1
TRBV7-9,TRBJ2-1,ASSPLPGQGLNNEQF,1
TRBV7-9,TRBJ2-1,ASSPLPGQGNEQF,1
TRBV7-9,TRBJ2-1,ASSPLPGQGNNEQF,2
TRBV7-9,TRBJ2-1,ASSPLPGQGPMYNEQF,1
TRBV7-9,TRBJ2-1,ASSPLPGQGRKDNEQF,1
TRBV7-9,TRBJ2-1,ASSPLPGQGSYNEQF,1
TRBV7-9,TRBJ2-1,ASSPLPGQGTNEQF,3
TRBV7-9,TRBJ2-1,ASSPLPGQGYNEQF,13
TRBV7-9,TRBJ2-1,ASSPLPGQLSSYNEQF,1
TRBV7-9,TRBJ2-1,ASSPLPGQNNEQF,2
TRBV7-9,TRBJ2-1,ASSPLPGQVSNEQF,9
TRBV7-9,TRBJ2-1,ASSPLPGRGYNEQF,1
TRBV7-9,TRBJ2-1,ASSPLPGRNEQF,1
TRBV7-9,TRBJ2-1,ASSPLPGRNNEQF,4
TRBV7-9,TRBJ2-1,ASSPLPGSFNEQF,1
TRBV7-9,TRBJ2-1,ASSPLPGSGQGSNEQF,1
TRBV7-9,TRBJ2-1,ASSPLPGSPSSYNEQF,1
TRBV7-9,TRBJ2-1,ASSPLPGSSYNEQF,18
TRBV7-9,TRBJ2-1,ASSPLPGSSYNGQF,1
TRBV7-9,TRBJ2-1,ASSPLPGTDLHGEQF,8
TRBV7-9,TRBJ2-1,ASSPLPGTDYNEQF,2
TRBV7-9,TRBJ2-1,ASSPLPGTGDFNEQF,1
TRBV7-9,TRBJ2-1,ASSPLPGTGGSNEQF,1
TRBV7-9,TRBJ2-1,ASSPLPGTGGYEQF,1
TRBV7-9,TRBJ2-1,ASSPLPGTGGYNEQF,1
TRBV7-9,TRBJ2-1,ASSPLPGTNNEQF,1
TRBV7-9,TRBJ2-1,ASSPLPGTSDHSYNEQF,1
TRBV7-9,TRBJ2-1,ASSPLPGTSFYEQF,9
TRBV7-9,TRBJ2-1,ASSPLPGTSGPPGGYNEQF,12
TRBV7-9,TRBJ2-1,ASSPLPGTSGSGNEQF,1
TRBV7-9,TRBJ2-1,ASSPLPGTSGSGSYNEQF,1
TRBV7-9,TRBJ2-1,ASSPLPGTSHSYNEQF,1
TRBV7-9,TRBJ2-1,ASSPLPGTTSYNEQF,1
TRBV7-9,TRBJ2-1,ASSPLPGVAGKYNEQF,6
TRBV7-9,TRBJ2-1,ASSPLPGVGNEQF,1
TRBV7-9,TRBJ2-1,ASSPLPGWADNEQF,1
TRBV7-9,TRBJ2-1,ASSPLPGWVGNEQF,1
TRBV7-9,TRBJ2-1,ASSPLPGYNEQF,1
TRBV7-9,TRBJ2-1,ASSPLPHEQF,4
TRBV7-9,TRBJ2-1,ASSPLPHNEQF,15
TRBV7-9,TRBJ2-1,ASSPLPHPGEGPF,1
TRBV7-9,TRBJ2-1,ASSPLPHRVMNEQF,9
TRBV7-9,TRBJ2-1,ASSPLPIAGGIYNEQF,1
TRBV7-9,TRBJ2-1,ASSPLPKGNNEQF,1
TRBV7-9,TRBJ2-1,ASSPLPKGQGNEQF,1
TRBV7-9,TRBJ2-1,ASSPLPKPAERTF,1
TRBV7-9,TRBJ2-1,ASSPLPKPGEGPF,7
TRBV7-9,TRBJ2-1,ASSPLPKPGEGQF,1
TRBV7-9,TRBJ2-1,ASSPLPKPGEGTF,1
TRBV7-9,TRBJ2-1,ASSPLPKSSYNEQF,2
TRBV7-9,TRBJ2-1,ASSPLPLAEYYNEQF,1
TRBV7-9,TRBJ2-1,ASSPLPLAGLYNEQF,1
TRBV7-9,TRBJ2-1,ASSPLPLANTYNEQF,1
TRBV7-9,TRBJ2-1,ASSPLPLAPANEQF,1
TRBV7-9,TRBJ2-1,ASSPLPLAPSNEQC,1
TRBV7-9,TRBJ2-1,ASSPLPLAPSNEQF,9
TRBV7-9,TRBJ2-1,ASSPLPLARRDNEQF,5
TRBV7-9,TRBJ2-1,ASSPLPLDEQF,1
TRBV7-9,TRBJ2-1,ASSPLPLDRSWHNEQF,1
TRBV7-9,TRBJ2-1,ASSPLPLGDNEQF,12
TRBV7-9,TRBJ2-1,ASSPLPLGQGEQF,1
TRBV7-9,TRBJ2-1,ASSPLPLGQGKHF,2
TRBV7-9,TRBJ2-1,ASSPLPLGQGKQF,21
TRBV7-9,TRBJ2-1,ASSPLPLGYNEQF,1
TRBV7-9,TRBJ2-1,ASSPLPLLWREGGDEQF,1
TRBV7-9,TRBJ2-1,ASSPLPLQGGSYNEQF,1
TRBV7-9,TRBJ2-1,ASSPLPLVRSYNEQF,1
TRBV7-9,TRBJ2-1,ASSPLPMTGERFNEQF,1
TRBV7-9,TRBJ2-1,ASSPLPMTGERLNEKF,1
TRBV7-9,TRBJ2-1,ASSPLPMTGERLNEQF,11
TRBV7-9,TRBJ2-1,ASSPLPNAGEGAF,1
TRBV7-9,TRBJ2-1,ASSPLPNAGEGPF,1
TRBV7-9,TRBJ2-1,ASSPLPNEQF,8
TRBV7-9,TRBJ2-1,ASSPLPNLAADEQF,1
TRBV7-9,TRBJ2-1,ASSPLPNLGEGPF,2
TRBV7-9,TRBJ2-1,ASSPLPNPAEGPF,1
TRBV7-9,TRBJ2-1,ASSPLPNPGAGPF,2
TRBV7-9,TRBJ2-1,ASSPLPNPGDCPF,1
TRBV7-9,TRBJ2-1,ASSPLPNPGEAPF,1
TRBV7-9,TRBJ2-1,ASSPLPNPGECPC,1
TRBV7-9,TRBJ2-1,ASSPLPNPGECPF,3
TRBV7-9,TRBJ2-1,ASSPLPNPGECPV,1
TRBV7-9,TRBJ2-1,ASSPLPNPGEGAF,2
TRBV7-9,TRBJ2-1,ASSPLPNPGEGAL,1
TRBV7-9,TRBJ2-1,ASSPLPNPGEGPC,4
TRBV7-9,TRBJ2-1,ASSPLPNPGEGPF,682
TRBV7-9,TRBJ2-1,ASSPLPNPGEGPL,2
TRBV7-9,TRBJ2-1,ASSPLPNPGEGQF,7
TRBV7-9,TRBJ2-1,ASSPLPNPGEGSF,1
TRBV7-9,TRBJ2-1,ASSPLPNPGEGTF,9
TRBV7-9,TRBJ2-1,ASSPLPNPGESPF,2
TRBV7-9,TRBJ2-1,ASSPLPNPGEVPF,4
TRBV7-9,TRBJ2-1,ASSPLPNPGGGPF,4
TRBV7-9,TRBJ2-1,ASSPLPNPGKGPF,1
TRBV7-9,TRBJ2-1,ASSPLPNPVEGPF,4
TRBV7-9,TRBJ2-1,ASSPLPNPWEGPF,2
TRBV7-9,TRBJ2-1,ASSPLPNPWKGPF,1
TRBV7-9,TRBJ2-1,ASSPLPNQGEGPF,3
TRBV7-9,TRBJ2-1,ASSPLPNRGEGPF,2
TRBV7-9,TRBJ2-1,ASSPLPNSGEGPF,3
TRBV7-9,TRBJ2-1,ASSPLPNTGEGAF,1
TRBV7-9,TRBJ2-1,ASSPLPNTGEGPF,4
TRBV7-9,TRBJ2-1,ASSPLPPGLAAHNEQF,3
TRBV7-9,TRBJ2-1,ASSPLPPGQGSDNEQF,1
TRBV7-9,TRBJ2-1,ASSPLPPRDEQF,6
TRBV7-9,TRBJ2-1,ASSPLPPRSGGSYNEQF,1
TRBV7-9,TRBJ2-1,ASSPLPPSYNEQF,1
TRBV7-9,TRBJ2-1,ASSPLPPYNEQF,2
TRBV7-9,TRBJ2-1,ASSPLPQGKNEQF,1
TRBV7-9,TRBJ2-1,ASSPLPQNEQF,1
TRBV7-9,TRBJ2-1,ASSPLPQPGEGPF,1
TRBV7-9,TRBJ2-1,ASSPLPQQF,1
TRBV7-9,TRBJ2-1,ASSPLPQRSNEQF,1
TRBV7-9,TRBJ2-1,ASSPLPQVRRNEQF,8
TRBV7-9,TRBJ2-1,ASSPLPRDRGEYEQF,1
TRBV7-9,TRBJ2-1,ASSPLPRDRVSYKEQF,1
TRBV7-9,TRBJ2-1,ASSPLPRDRVSYNEQF,4
TRBV7-9,TRBJ2-1,ASSPLPREQF,1
TRBV7-9,TRBJ2-1,ASSPLPRGNEQF,3
TRBV7-9,TRBJ2-1,ASSPLPRLADNEQF,1
TRBV7-9,TRBJ2-1,ASSPLPRLAPSNEQF,1
TRBV7-9,TRBJ2-1,ASSPLPRLGGSRNEQF,2
TRBV7-9,TRBJ2-1,ASSPLPRPGDNEQF,9
TRBV7-9,TRBJ2-1,ASSPLPRRGSNEQF,10
TRBV7-9,TRBJ2-1,ASSPLPRRNEQF,1
TRBV7-9,TRBJ2-1,ASSPLPRRYNEQF,1
TRBV7-9,TRBJ2-1,ASSPLPRTSGRKDEQF,7
TRBV7-9,TRBJ2-1,ASSPLPSARNEQF,1
TRBV7-9,TRBJ2-1,ASSPLPSEKGNEQF,17
TRBV7-9,TRBJ2-1,ASSPLPSETGNEQF,1
TRBV7-9,TRBJ2-1,ASSPLPSGEYNEQF,2
TRBV7-9,TRBJ2-1,ASSPLPSGGLYNEEF,2
TRBV7-9,TRBJ2-1,ASSPLPSGGLYNEQF,61
TRBV7-9,TRBJ2-1,ASSPLPSGGLYNVQF,2
TRBV7-9,TRBJ2-1,ASSPLPSGLNNEQF,2
TRBV7-9,TRBJ2-1,ASSPLPSGPPEQF,12
TRBV7-9,TRBJ2-1,ASSPLPSGPSYNEQF,1
TRBV7-9,TRBJ2-1,ASSPLPSGRGNEQF,2
TRBV7-9,TRBJ2-1,ASSPLPSGRKSNEQF,1
TRBV7-9,TRBJ2-1,ASSPLPSGRNEQF,1
TRBV7-9,TRBJ2-1,ASSPLPSGRPNEQA,1
TRBV7-9,TRBJ2-1,ASSPLPSGRVNEQF,1
TRBV7-9,TRBJ2-1,ASSPLPSGSRSYNEQF,5
TRBV7-9,TRBJ2-1,ASSPLPSGSSYNEQF,13
TRBV7-9,TRBJ2-1,ASSPLPSGTNNEQF,1
TRBV7-9,TRBJ2-1,ASSPLPSGYNEQF,1
TRBV7-9,TRBJ2-1,ASSPLPSPGEGPF,3
TRBV7-9,TRBJ2-1,ASSPLPSPGQGPF,1
TRBV7-9,TRBJ2-1,ASSPLPSSFNEPF,2
TRBV7-9,TRBJ2-1,ASSPLPSSYNEQF,4
TRBV7-9,TRBJ2-1,ASSPLPSTFNEQF,4
TRBV7-9,TRBJ2-1,ASSPLPSTSGSSHEQF,1
TRBV7-9,TRBJ2-1,ASSPLPSTYNEQF,2
TRBV7-9,TRBJ2-1,ASSPLPSVGLYNEQF,1
TRBV7-9,TRBJ2-1,ASSPLPSYNEQF,3
TRBV7-9,TRBJ2-1,ASSPLPTGGPPYEQF,1
TRBV7-9,TRBJ2-1,ASSPLPTGGQVNEQF,4
TRBV7-9,TRBJ2-1,ASSPLPTPGEGPF,2
TRBV7-9,TRBJ2-1,ASSPLPTQGNEQF,1
TRBV7-9,TRBJ2-1,ASSPLPTRSYNEQF,8
TRBV7-9,TRBJ2-1,ASSPLPTSGIVDEQF,1
TRBV7-9,TRBJ2-1,ASSPLPTSSYNEQF,1
TRBV7-9,TRBJ2-1,ASSPLPTWGNEQF,1
TRBV7-9,TRBJ2-1,ASSPLPTYNEQF,3
TRBV7-9,TRBJ2-1,ASSPLPVAAYNEQF,1
TRBV7-9,TRBJ2-1,ASSPLPVAGGYNEQF,4
TRBV7-9,TRBJ2-1,ASSPLPVEQF,1
TRBV7-9,TRBJ2-1,ASSPLPVGQGKQF,2
TRBV7-9,TRBJ2-1,ASSPLPVWANEQF,1
TRBV7-9,TRBJ2-1,ASSPLPVYNEQF,1
TRBV7-9,TRBJ2-1,ASSPLPWERNNNEQF,1
TRBV7-9,TRBJ2-1,ASSPLPWGLHNEQF,8
TRBV7-9,TRBJ2-1,ASSPLPWRGQYNEQF,1
TRBV7-9,TRBJ2-1,ASSPLPYNEQF,24
TRBV7-9,TRBJ2-1,ASSPLPYPSSGSNEQF,1
TRBV7-9,TRBJ2-1,ASSPLQADNEQF,1
TRBV7-9,TRBJ2-1,ASSPLQAEQF,2
TRBV7-9,TRBJ2-1,ASSPLQAGGPGNEQF,1
TRBV7-9,TRBJ2-1,ASSPLQAGGPNNEQF,1
TRBV7-9,TRBJ2-1,ASSPLQAGSSYNEQF,2
TRBV7-9,TRBJ2-1,ASSPLQASGYEFNEQF,1
TRBV7-9,TRBJ2-1,ASSPLQDYEQF,1
TRBV7-9,TRBJ2-1,ASSPLQFGNSYNEQF,1
TRBV7-9,TRBJ2-1,ASSPLQGAFYNEQF,1
TRBV7-9,TRBJ2-1,ASSPLQGALNDQF,1
TRBV7-9,TRBJ2-1,ASSPLQGALNEQC,1
TRBV7-9,TRBJ2-1,ASSPLQGALNEQF,20
TRBV7-9,TRBJ2-1,ASSPLQGANNEQF,1
TRBV7-9,TRBJ2-1,ASSPLQGAPENEQF,1
TRBV7-9,TRBJ2-1,ASSPLQGARYNEQF,1
TRBV7-9,TRBJ2-1,ASSPLQGASPSPLNEQF,1
TRBV7-9,TRBJ2-1,ASSPLQGDLNEQY,1
TRBV7-9,TRBJ2-1,ASSPLQGDSYNEQF,14
TRBV7-9,TRBJ2-1,ASSPLQGEQF,2
TRBV7-9,TRBJ2-1,ASSPLQGERPYNEQF,1
TRBV7-9,TRBJ2-1,ASSPLQGESYNEQF,1
TRBV7-9,TRBJ2-1,ASSPLQGFGNNEQF,18
TRBV7-9,TRBJ2-1,ASSPLQGGAPRNEQF,1
TRBV7-9,TRBJ2-1,ASSPLQGGEQF,3
TRBV7-9,TRBJ2-1,ASSPLQGGGNEQF,2
TRBV7-9,TRBJ2-1,ASSPLQGGGSYNEQF,1
TRBV7-9,TRBJ2-1,ASSPLQGGKDNEQF,1
TRBV7-9,TRBJ2-1,ASSPLQGGPYNEQF,1
TRBV7-9,TRBJ2-1,ASSPLQGGVGNEQF,5
TRBV7-9,TRBJ2-1,ASSPLQGHPGNEQF,2
TRBV7-9,TRBJ2-1,ASSPLQGIYNEQF,1
TRBV7-9,TRBJ2-1,ASSPLQGKGRNNEQF,1
TRBV7-9,TRBJ2-1,ASSPLQGLTYNEQF,3
TRBV7-9,TRBJ2-1,ASSPLQGNEQF,1
TRBV7-9,TRBJ2-1,ASSPLQGPNEQF,1
TRBV7-9,TRBJ2-1,ASSPLQGPSYNEQF,1
TRBV7-9,TRBJ2-1,ASSPLQGPYNEQF,1
TRBV7-9,TRBJ2-1,ASSPLQGQQF,5
TRBV7-9,TRBJ2-1,ASSPLQGRHEQF,1
TRBV7-9,TRBJ2-1,ASSPLQGRSYNEQF,1
TRBV7-9,TRBJ2-1,ASSPLQGSSYNEQF,2
TRBV7-9,TRBJ2-1,ASSPLQGTGYDEQF,1
TRBV7-9,TRBJ2-1,ASSPLQGTGYNEQF,1
TRBV7-9,TRBJ2-1,ASSPLQGVINEQF,1
TRBV7-9,TRBJ2-1,ASSPLQGVSAF,5
TRBV7-9,TRBJ2-1,ASSPLQGVSYNEQF,1
TRBV7-9,TRBJ2-1,ASSPLQGWKNNEQF,1
TRBV7-9,TRBJ2-1,ASSPLQGYEQF,2
TRBV7-9,TRBJ2-1,ASSPLQHNEQF,1
TRBV7-9,TRBJ2-1,ASSPLQLAGTYDEQF,1
TRBV7-9,TRBJ2-1,ASSPLQLAGVYNEQF,10
TRBV7-9,TRBJ2-1,ASSPLQLHEQF,4
TRBV7-9,TRBJ2-1,ASSPLQMAYNEQF,8
TRBV7-9,TRBJ2-1,ASSPLQNEQF,1
TRBV7-9,TRBJ2-1,ASSPLQNPGEGPF,4
TRBV7-9,TRBJ2-1,ASSPLQPGDEQF,1
TRBV7-9,TRBJ2-1,ASSPLQQGKSSYNEQF,8
TRBV7-9,TRBJ2-1,ASSPLQRDGNEQF,1
TRBV7-9,TRBJ2-1,ASSPLQRDGWGQF,12
TRBV7-9,TRBJ2-1,ASSPLQRDGWRQF,1
TRBV7-9,TRBJ2-1,ASSPLQREFWNEHF,2
TRBV7-9,TRBJ2-1,ASSPLQREFWNEQF,6
TRBV7-9,TRBJ2-1,ASSPLQRGTPLNEQF,1
TRBV7-9,TRBJ2-1,ASSPLQRLNEQF,1
TRBV7-9,TRBJ2-1,ASSPLQRNNEQF,1
TRBV7-9,TRBJ2-1,ASSPLQRNNNEQF,6
TRBV7-9,TRBJ2-1,ASSPLQRNRTYEQF,1
TRBV7-9,TRBJ2-1,ASSPLQRTSGRANEQF,10
TRBV7-9,TRBJ2-1,ASSPLQRVYNEQF,1
TRBV7-9,TRBJ2-1,ASSPLQRYNEQF,1
TRBV7-9,TRBJ2-1,ASSPLQSGAPRNEEF,1
TRBV7-9,TRBJ2-1,ASSPLQSGAPRNEQF,17
TRBV7-9,TRBJ2-1,ASSPLQSGTEYNEQF,1
TRBV7-9,TRBJ2-1,ASSPLQTDEQF,1
TRBV7-9,TRBJ2-1,ASSPLQTGGSPTYNEQF,2
TRBV7-9,TRBJ2-1,ASSPLQTGTSAYNEQF,1
TRBV7-9,TRBJ2-1,ASSPLQTSGSNEQF,1
TRBV7-9,TRBJ2-1,ASSPLQTSHSYNEQF,1
TRBV7-9,TRBJ2-1,ASSPLQTYNEHF,1
TRBV7-9,TRBJ2-1,ASSPLQTYNEKL,1
TRBV7-9,TRBJ2-1,ASSPLQTYNEQF,9
TRBV7-9,TRBJ2-1,ASSPLQTYNGQF,1
TRBV7-9,TRBJ2-1,ASSPLQVAYNEQF,1
TRBV7-9,TRBJ2-1,ASSPLQVGTNMF,5
TRBV7-9,TRBJ2-1,ASSPLQVTTYNEQF,5
TRBV7-9,TRBJ2-1,ASSPLQWGNEQF,1
TRBV7-9,TRBJ2-1,ASSPLRADNEQF,1
TRBV7-9,TRBJ2-1,ASSPLRAFQAASYNEQF,14
TRBV7-9,TRBJ2-1,ASSPLRAFQAASYSEQF,1
TRBV7-9,TRBJ2-1,ASSPLRAFQAASYSEQV,1
TRBV7-9,TRBJ2-1,ASSPLRAFQAASYTEQF,1
TRBV7-9,TRBJ2-1,ASSPLRAGALDEQF,13
TRBV7-9,TRBJ2-1,ASSPLRAGEQF,1
TRBV7-9,TRBJ2-1,ASSPLRAGGSYNEQF,1
TRBV7-9,TRBJ2-1,ASSPLRAGRDEQF,18
TRBV7-9,TRBJ2-1,ASSPLRAGRQYNEQF,11
TRBV7-9,TRBJ2-1,ASSPLRAGSSYNEQF,1
TRBV7-9,TRBJ2-1,ASSPLRAHNEQF,1
TRBV7-9,TRBJ2-1,ASSPLRALDEQF,1
TRBV7-9,TRBJ2-1,ASSPLRALGALSYNEQF,1
TRBV7-9,TRBJ2-1,ASSPLRANEQF,2
TRBV7-9,TRBJ2-1,ASSPLRARRAWDEQF,6
TRBV7-9,TRBJ2-1,ASSPLRASGRHEQF,1
TRBV7-9,TRBJ2-1,ASSPLRASGTSSGEQF,5
TRBV7-9,TRBJ2-1,ASSPLRAVSMNEQF,5
TRBV7-9,TRBJ2-1,ASSPLRAYNEQF,1
TRBV7-9,TRBJ2-1,ASSPLRAYYNEQF,1
TRBV7-9,TRBJ2-1,ASSPLRDDNEQF,1
TRBV7-9,TRBJ2-1,ASSPLRDEQF,5
TRBV7-9,TRBJ2-1,ASSPLRDEQY,1
TRBV7-9,TRBJ2-1,ASSPLRDGHEQF,1
TRBV7-9,TRBJ2-1,ASSPLRDGNNEQF,1
TRBV7-9,TRBJ2-1,ASSPLRDHNEQF,1
TRBV7-9,TRBJ2-1,ASSPLRDLDNEQF,16
TRBV7-9,TRBJ2-1,ASSPLRDLDNERF,1
TRBV7-9,TRBJ2-1,ASSPLRDLSNEQF,2
TRBV7-9,TRBJ2-1,ASSPLRDLYNEQF,2
TRBV7-9,TRBJ2-1,ASSPLRDNEHF,1
TRBV7-9,TRBJ2-1,ASSPLRDNEQF,11
TRBV7-9,TRBJ2-1,ASSPLRDNSDEQF,15
TRBV7-9,TRBJ2-1,ASSPLRDPHNEQF,1
TRBV7-9,TRBJ2-1,ASSPLRDPLQRKNEQF,2
TRBV7-9,TRBJ2-1,ASSPLRDREPEQF,2
TRBV7-9,TRBJ2-1,ASSPLRDRGPHEQF,2
TRBV7-9,TRBJ2-1,ASSPLRDRGPSYNEQF,1
TRBV7-9,TRBJ2-1,ASSPLRDRNEQF,1
TRBV7-9,TRBJ2-1,ASSPLRDRRPYNEQF,1
TRBV7-9,TRBJ2-1,ASSPLRDRVVNEQF,1
TRBV7-9,TRBJ2-1,ASSPLRDSLQYNEQF,1
TRBV7-9,TRBJ2-1,ASSPLRDSLTYNEQF,1
TRBV7-9,TRBJ2-1,ASSPLRDSLYNEQF,1
TRBV7-9,TRBJ2-1,ASSPLRDSQNEQF,8
TRBV7-9,TRBJ2-1,ASSPLRDSSGNNEQF,1
TRBV7-9,TRBJ2-1,ASSPLRDSSYNEQF,1
TRBV7-9,TRBJ2-1,ASSPLRDSYNEQF,1
TRBV7-9,TRBJ2-1,ASSPLRDTDNEQF,2
TRBV7-9,TRBJ2-1,ASSPLRDTNDEQF,1
TRBV7-9,TRBJ2-1,ASSPLRDTNNEQF,1
TRBV7-9,TRBJ2-1,ASSPLRDVYNEQF,1
TRBV7-9,TRBJ2-1,ASSPLRDYAQNEQF,1
TRBV7-9,TRBJ2-1,ASSPLRDYNEQF,1
TRBV7-9,TRBJ2-1,ASSPLRDYSDEQF,1
TRBV7-9,TRBJ2-1,ASSPLRECHEQF,1
TRBV7-9,TRBJ2-1,ASSPLREFGNEQF,1
TRBV7-9,TRBJ2-1,ASSPLREGDNEQF,5
TRBV7-9,TRBJ2-1,ASSPLREGEQF,1
TRBV7-9,TRBJ2-1,ASSPLREGHEQF,10
TRBV7-9,TRBJ2-1,ASSPLREGLWGNEQF,1
TRBV7-9,TRBJ2-1,ASSPLREGLYEQF,3
TRBV7-9,TRBJ2-1,ASSPLREGLYNEQF,2
TRBV7-9,TRBJ2-1,ASSPLREGRGSSYNEQF,1
TRBV7-9,TRBJ2-1,ASSPLREGYNEQF,1
TRBV7-9,TRBJ2-1,ASSPLREIDEQF,1
TRBV7-9,TRBJ2-1,ASSPLRELAYNEQF,3
TRBV7-9,TRBJ2-1,ASSPLRELSYNEQF,1
TRBV7-9,TRBJ2-1,ASSPLRENGYNEQF,1
TRBV7-9,TRBJ2-1,ASSPLRENSYNEQF,1
TRBV7-9,TRBJ2-1,ASSPLREQF,13
TRBV7-9,TRBJ2-1,ASSPLRERAYNEQF,1
TRBV7-9,TRBJ2-1,ASSPLRERNEQF,1
TRBV7-9,TRBJ2-1,ASSPLREVTHEQF,1
TRBV7-9,TRBJ2-1,ASSPLREYNEQF,1
TRBV7-9,TRBJ2-1,ASSPLRFDEQF,1
TRBV7-9,TRBJ2-1,ASSPLRFGSVDEQF,1
TRBV7-9,TRBJ2-1,ASSPLRFNEQF,9
TRBV7-9,TRBJ2-1,ASSPLRFPSSYNEQF,1
TRBV7-9,TRBJ2-1,ASSPLRGAAYNEQF,1
TRBV7-9,TRBJ2-1,ASSPLRGAEDEHF,1
TRBV7-9,TRBJ2-1,ASSPLRGAEDEQF,1
TRBV7-9,TRBJ2-1,ASSPLRGALNEQF,1
TRBV7-9,TRBJ2-1,ASSPLRGAPYNEQF,1
TRBV7-9,TRBJ2-1,ASSPLRGASGSYNEQF,1
TRBV7-9,TRBJ2-1,ASSPLRGATFRATYNEQF,2
TRBV7-9,TRBJ2-1,ASSPLRGCDEQF,2
TRBV7-9,TRBJ2-1,ASSPLRGDEQF,2
TRBV7-9,TRBJ2-1,ASSPLRGDNEQF,1
TRBV7-9,TRBJ2-1,ASSPLRGDSYNEQF,3
TRBV7-9,TRBJ2-1,ASSPLRGEAGEENEQF,1
TRBV7-9,TRBJ2-1,ASSPLRGEGSYNEQF,2
TRBV7-9,TRBJ2-1,ASSPLRGEQF,11
TRBV7-9,TRBJ2-1,ASSPLRGESSYNEQF,4
TRBV7-9,TRBJ2-1,ASSPLRGESYNEQF,1
TRBV7-9,TRBJ2-1,ASSPLRGEVSSYNEQF,1
TRBV7-9,TRBJ2-1,ASSPLRGFDEQF,14
TRBV7-9,TRBJ2-1,ASSPLRGFGNNEQF,1
TRBV7-9,TRBJ2-1,ASSPLRGFQVHEQF,1
TRBV7-9,TRBJ2-1,ASSPLRGGDSSYNEQF,1
TRBV7-9,TRBJ2-1,ASSPLRGGGDEQF,1
TRBV7-9,TRBJ2-1,ASSPLRGGGYEQF,1
TRBV7-9,TRBJ2-1,ASSPLRGGGYNEQF,1
TRBV7-9,TRBJ2-1,ASSPLRGGILNEQF,1
TRBV7-9,TRBJ2-1,ASSPLRGGLYWQF,1
TRBV7-9,TRBJ2-1,ASSPLRGGPSVYNEQF,1
TRBV7-9,TRBJ2-1,ASSPLRGGRDEQF,2
TRBV7-9,TRBJ2-1,ASSPLRGGSNEQF,1
TRBV7-9,TRBJ2-1,ASSPLRGGVNEQC,1
TRBV7-9,TRBJ2-1,ASSPLRGGVNEQF,1
TRBV7-9,TRBJ2-1,ASSPLRGGYNEQF,1
TRBV7-9,TRBJ2-1,ASSPLRGKDNEQF,1
TRBV7-9,TRBJ2-1,ASSPLRGLAGLSTLSHEQF,5
TRBV7-9,TRBJ2-1,ASSPLRGLDNEQF,1
TRBV7-9,TRBJ2-1,ASSPLRGLGTHEQF,2
TRBV7-9,TRBJ2-1,ASSPLRGLNHNEQF,1
TRBV7-9,TRBJ2-1,ASSPLRGLVDEQF,1
TRBV7-9,TRBJ2-1,ASSPLRGMAYNEQF,1
TRBV7-9,TRBJ2-1,ASSPLRGNEQF,8
TRBV7-9,TRBJ2-1,ASSPLRGNSYNEQF,1
TRBV7-9,TRBJ2-1,ASSPLRGPDLNEQF,1
TRBV7-9,TRBJ2-1,ASSPLRGPNEQF,8
TRBV7-9,TRBJ2-1,ASSPLRGPNGQF,1
TRBV7-9,TRBJ2-1,ASSPLRGPSYNEQF,2
TRBV7-9,TRBJ2-1,ASSPLRGQF,9
TRBV7-9,TRBJ2-1,ASSPLRGQGAEGEQF,9
TRBV7-9,TRBJ2-1,ASSPLRGQGGNEQF,1
TRBV7-9,TRBJ2-1,ASSPLRGQVNEQF,1
TRBV7-9,TRBJ2-1,ASSPLRGRAFNEQF,1
TRBV7-9,TRBJ2-1,ASSPLRGRALPNEQF,1
TRBV7-9,TRBJ2-1,ASSPLRGRDNEQF,1
TRBV7-9,TRBJ2-1,ASSPLRGRGKVNEQF,4
TRBV7-9,TRBJ2-1,ASSPLRGRNEQF,4
TRBV7-9,TRBJ2-1,ASSPLRGRRNEQF,1
TRBV7-9,TRBJ2-1,ASSPLRGRYNEQF,1
TRBV7-9,TRBJ2-1,ASSPLRGSEAFNNEQF,1
TRBV7-9,TRBJ2-1,ASSPLRGSGQENNEQF,1
TRBV7-9,TRBJ2-1,ASSPLRGSGSRSTNEQF,1
TRBV7-9,TRBJ2-1,ASSPLRGSKYNEQF,1
TRBV7-9,TRBJ2-1,ASSPLRGSNEQF,2
TRBV7-9,TRBJ2-1,ASSPLRGSSGRVNEQF,1
TRBV7-9,TRBJ2-1,ASSPLRGSSYNEQF,18
TRBV7-9,TRBJ2-1,ASSPLRGSVNEQF,2
TRBV7-9,TRBJ2-1,ASSPLRGSYNEQF,18
TRBV7-9,TRBJ2-1,ASSPLRGTGVGYNEQF,1
TRBV7-9,TRBJ2-1,ASSPLRGTSGSDEQF,1
TRBV7-9,TRBJ2-1,ASSPLRGTSSNNEQF,1
TRBV7-9,TRBJ2-1,ASSPLRGTTYNEQF,10
TRBV7-9,TRBJ2-1,ASSPLRGTYNEQF,3
TRBV7-9,TRBJ2-1,ASSPLRGVDNEQF,1
TRBV7-9,TRBJ2-1,ASSPLRGVMYNEQF,1
TRBV7-9,TRBJ2-1,ASSPLRGWDNEQF,15
TRBV7-9,TRBJ2-1,ASSPLRGYDDEQF,1
TRBV7-9,TRBJ2-1,ASSPLRGYNEQF,1
TRBV7-9,TRBJ2-1,ASSPLRHEQF,2
TRBV7-9,TRBJ2-1,ASSPLRIKAQGSCNEQF,1
TRBV7-9,TRBJ2-1,ASSPLRIKAQGSYNEQF,15
TRBV7-9,TRBJ2-1,ASSPLRINEQF,1
TRBV7-9,TRBJ2-1,ASSPLRLADEQF,2
TRBV7-9,TRBJ2-1,ASSPLRLADYNEQF,6
TRBV7-9,TRBJ2-1,ASSPLRLAERSYNEQF,1
TRBV7-9,TRBJ2-1,ASSPLRLAFGEQF,1
TRBV7-9,TRBJ2-1,ASSPLRLAGDEQF,1
TRBV7-9,TRBJ2-1,ASSPLRLAGDNEQF,9
TRBV7-9,TRBJ2-1,ASSPLRLAGGHNEQF,1
TRBV7-9,TRBJ2-1,ASSPLRLAGGLDEQF,1
TRBV7-9,TRBJ2-1,ASSPLRLAGGNAQF,1
TRBV7-9,TRBJ2-1,ASSPLRLAGGNEQF,12
TRBV7-9,TRBJ2-1,ASSPLRLAGGVNEQF,5
TRBV7-9,TRBJ2-1,ASSPLRLAGRYNEQF,1
TRBV7-9,TRBJ2-1,ASSPLRLAGVDEQF,1
TRBV7-9,TRBJ2-1,ASSPLRLAGYNEQF,5
TRBV7-9,TRBJ2-1,ASSPLRLALGNEQF,1
TRBV7-9,TRBJ2-1,ASSPLRLDEQF,1
TRBV7-9,TRBJ2-1,ASSPLRLGHEQF,1
TRBV7-9,TRBJ2-1,ASSPLRLGSGYEQF,1
TRBV7-9,TRBJ2-1,ASSPLRLGYSNEQF,18
TRBV7-9,TRBJ2-1,ASSPLRLRDREYNEQF,1
TRBV7-9,TRBJ2-1,ASSPLRLSSYNEQF,1
TRBV7-9,TRBJ2-1,ASSPLRLSYNEQF,1
TRBV7-9,TRBJ2-1,ASSPLRLTLEQF,11
TRBV7-9,TRBJ2-1,ASSPLRLTLEQV,1
TRBV7-9,TRBJ2-1,ASSPLRLTYNEQF,1
TRBV7-9,TRBJ2-1,ASSPLRLYNEQF,1
TRBV7-9,TRBJ2-1,ASSPLRMKAQGSYNEQF,1
TRBV7-9,TRBJ2-1,ASSPLRNEQF,40
TRBV7-9,TRBJ2-1,ASSPLRNPGEGPF,3
TRBV7-9,TRBJ2-1,ASSPLRNSSNEQF,1
TRBV7-9,TRBJ2-1,ASSPLRPDHEQF,1
TRBV7-9,TRBJ2-1,ASSPLRPDNEQF,1
TRBV7-9,TRBJ2-1,ASSPLRPGISSYNEQF,1
TRBV7-9,TRBJ2-1,ASSPLRPGSYNEQF,1
TRBV7-9,TRBJ2-1,ASSPLRPSYNEQF,2
TRBV7-9,TRBJ2-1,ASSPLRPTGANEQF,3
TRBV7-9,TRBJ2-1,ASSPLRPTGGSRNQQF,1
TRBV7-9,TRBJ2-1,ASSPLRPTSGSRNEQF,13
TRBV7-9,TRBJ2-1,ASSPLRPTSGSRTEQF,1
TRBV7-9,TRBJ2-1,ASSPLRPTTGSRNEQF,1
TRBV7-9,TRBJ2-1,ASSPLRPVYNEQF,2
TRBV7-9,TRBJ2-1,ASSPLRPYNEQF,1
TRBV7-9,TRBJ2-1,ASSPLRQGASNEQF,1
TRBV7-9,TRBJ2-1,ASSPLRQGGRNEQF,1
TRBV7-9,TRBJ2-1,ASSPLRQGIGESYNEQF,1
TRBV7-9,TRBJ2-1,ASSPLRQGQASNDQF,1
TRBV7-9,TRBJ2-1,ASSPLRQGQASNEQF,6
TRBV7-9,TRBJ2-1,ASSPLRQTYNEQF,1
TRBV7-9,TRBJ2-1,ASSPLRQVIGNEQF,1
TRBV7-9,TRBJ2-1,ASSPLRRASGGDSYNEQF,1
TRBV7-9,TRBJ2-1,ASSPLRRDGNEQF,7
TRBV7-9,TRBJ2-1,ASSPLRRDGWGQF,1
TRBV7-9,TRBJ2-1,ASSPLRRDRYNEQF,1
TRBV7-9,TRBJ2-1,ASSPLRRDYPNEQF,1
TRBV7-9,TRBJ2-1,ASSPLRRGASNNEQF,1
TRBV7-9,TRBJ2-1,ASSPLRRGEDEQF,1
TRBV7-9,TRBJ2-1,ASSPLRRGYNEQF,1
TRBV7-9,TRBJ2-1,ASSPLRRMGLGDEQF,11
TRBV7-9,TRBJ2-1,ASSPLRRNEQF,1
TRBV7-9,TRBJ2-1,ASSPLRRRGSNEQF,1
TRBV7-9,TRBJ2-1,ASSPLRRSGRGNEQF,12
TRBV7-9,TRBJ2-1,ASSPLRRSSYNEKF,1
TRBV7-9,TRBJ2-1,ASSPLRRSSYNEQF,2
TRBV7-9,TRBJ2-1,ASSPLRRTTYNEQF,5
TRBV7-9,TRBJ2-1,ASSPLRSAHNEQF,1
TRBV7-9,TRBJ2-1,ASSPLRSDNEKF,1
TRBV7-9,TRBJ2-1,ASSPLRSDNEQF,9
TRBV7-9,TRBJ2-1,ASSPLRSGADNEQF,9
TRBV7-9,TRBJ2-1,ASSPLRSGDLGEQF,16
TRBV7-9,TRBJ2-1,ASSPLRSGKDLWGQF,1
TRBV7-9,TRBJ2-1,ASSPLRSGLNEQF,1
TRBV7-9,TRBJ2-1,ASSPLRSGPKEEQF,5
TRBV7-9,TRBJ2-1,ASSPLRSGRGNEQF,1
TRBV7-9,TRBJ2-1,ASSPLRSLGREGRNEQF,1
TRBV7-9,TRBJ2-1,ASSPLRSLPYNEQF,1
TRBV7-9,TRBJ2-1,ASSPLRSPGTIYNEQF,11
TRBV7-9,TRBJ2-1,ASSPLRSPYNEQF,2
TRBV7-9,TRBJ2-1,ASSPLRSRDGYNEQF,1
TRBV7-9,TRBJ2-1,ASSPLRSRGNEQF,1
TRBV7-9,TRBJ2-1,ASSPLRSSHNEQF,2
TRBV7-9,TRBJ2-1,ASSPLRSSSPDEQF,1
TRBV7-9,TRBJ2-1,ASSPLRSSSYNEQF,1
TRBV7-9,TRBJ2-1,ASSPLRSSYNEQF,4
TRBV7-9,TRBJ2-1,ASSPLRSYNEQF,1
TRBV7-9,TRBJ2-1,ASSPLRTADTVNEQF,1
TRBV7-9,TRBJ2-1,ASSPLRTANEQF,1
TRBV7-9,TRBJ2-1,ASSPLRTAQSNEQF,1
TRBV7-9,TRBJ2-1,ASSPLRTDHEQF,9
TRBV7-9,TRBJ2-1,ASSPLRTDYNEQF,1
TRBV7-9,TRBJ2-1,ASSPLRTENEQF,9
TRBV7-9,TRBJ2-1,ASSPLRTGGPYNEQF,7
TRBV7-9,TRBJ2-1,ASSPLRTGGSSYNEQF,1
TRBV7-9,TRBJ2-1,ASSPLRTGGVQHEQF,1
TRBV7-9,TRBJ2-1,ASSPLRTGLYNEQF,3
TRBV7-9,TRBJ2-1,ASSPLRTGNEQF,6
TRBV7-9,TRBJ2-1,ASSPLRTGREQF,19
TRBV7-9,TRBJ2-1,ASSPLRTGREQV,1
TRBV7-9,TRBJ2-1,ASSPLRTGSSYNEQF,1
TRBV7-9,TRBJ2-1,ASSPLRTGVYNEQF,1
TRBV7-9,TRBJ2-1,ASSPLRTHINEQF,1
TRBV7-9,TRBJ2-1,ASSPLRTINNEQF,1
TRBV7-9,TRBJ2-1,ASSPLRTIYNEHF,1
TRBV7-9,TRBJ2-1,ASSPLRTIYNEQF,12
TRBV7-9,TRBJ2-1,ASSPLRTSAPLLNNEQF,1
TRBV7-9,TRBJ2-1,ASSPLRTSEKNEQF,16
TRBV7-9,TRBJ2-1,ASSPLRTSFNEQF,1
TRBV7-9,TRBJ2-1,ASSPLRTSGRSSYNEQF,1
TRBV7-9,TRBJ2-1,ASSPLRTSGSLFVNEQF,1
TRBV7-9,TRBJ2-1,ASSPLRTSGYNEQF,1
TRBV7-9,TRBJ2-1,ASSPLRTSSYNEQF,1
TRBV7-9,TRBJ2-1,ASSPLRTTLYNEQF,8
TRBV7-9,TRBJ2-1,ASSPLRTYNEQF,1
TRBV7-9,TRBJ2-1,ASSPLRVADNEQF,14
TRBV7-9,TRBJ2-1,ASSPLRVAGGVNEQF,2
TRBV7-9,TRBJ2-1,ASSPLRVAVYEQF,2
TRBV7-9,TRBJ2-1,ASSPLRVAYNEQF,2
TRBV7-9,TRBJ2-1,ASSPLRVERADNEQF,6
TRBV7-9,TRBJ2-1,ASSPLRVGSYNEQF,1
TRBV7-9,TRBJ2-1,ASSPLRVIAEGNEQF,6
TRBV7-9,TRBJ2-1,ASSPLRVLQGAFNEQF,1
TRBV7-9,TRBJ2-1,ASSPLRVNWTDPYNEQF,1
TRBV7-9,TRBJ2-1,ASSPLRVQGDYNEQF,4
TRBV7-9,TRBJ2-1,ASSPLRVSEQF,1
TRBV7-9,TRBJ2-1,ASSPLRVSSNEQF,1
TRBV7-9,TRBJ2-1,ASSPLRVTPYNEQF,1
TRBV7-9,TRBJ2-1,ASSPLRWGSSYNEQF,1
TRBV7-9,TRBJ2-1,ASSPLRYDEQF,1
TRBV7-9,TRBJ2-1,ASSPLRYGSNEQF,1
TRBV7-9,TRBJ2-1,ASSPLRYKEQF,1
TRBV7-9,TRBJ2-1,ASSPLRYNDQF,1
TRBV7-9,TRBJ2-1,ASSPLRYNEPF,1
TRBV7-9,TRBJ2-1,ASSPLRYNEQF,40
TRBV7-9,TRBJ2-1,ASSPLSAERDNEQF,1
TRBV7-9,TRBJ2-1,ASSPLSAFNEQF,1
TRBV7-9,TRBJ2-1,ASSPLSAGDNEQF,1
TRBV7-9,TRBJ2-1,ASSPLSAGNEQF,1
TRBV7-9,TRBJ2-1,ASSPLSAGTTYNEQF,1
TRBV7-9,TRBJ2-1,ASSPLSAREGCAEQC,1
TRBV7-9,TRBJ2-1,ASSPLSASGDYNEQF,1
TRBV7-9,TRBJ2-1,ASSPLSASYNEQF,1
TRBV7-9,TRBJ2-1,ASSPLSATLDDEQF,5
TRBV7-9,TRBJ2-1,ASSPLSDEQF,4
TRBV7-9,TRBJ2-1,ASSPLSDNEQF,2
TRBV7-9,TRBJ2-1,ASSPLSDRVVYNEQF,1
TRBV7-9,TRBJ2-1,ASSPLSDSYNEQF,1
TRBV7-9,TRBJ2-1,ASSPLSDTYNEQF,1
TRBV7-9,TRBJ2-1,ASSPLSEDEQF,1
TRBV7-9,TRBJ2-1,ASSPLSEQF,7
TRBV7-9,TRBJ2-1,ASSPLSFGGVGEQF,10
TRBV7-9,TRBJ2-1,ASSPLSFGSYNEQF,1
TRBV7-9,TRBJ2-1,ASSPLSGAGGRNEQF,3
TRBV7-9,TRBJ2-1,ASSPLSGAGGYNEQF,5
TRBV7-9,TRBJ2-1,ASSPLSGANEQF,1
TRBV7-9,TRBJ2-1,ASSPLSGARSYNEQF,1
TRBV7-9,TRBJ2-1,ASSPLSGASYNEQF,8
TRBV7-9,TRBJ2-1,ASSPLSGASYNEQL,1
TRBV7-9,TRBJ2-1,ASSPLSGAYNEQF,1
TRBV7-9,TRBJ2-1,ASSPLSGEQF,29
TRBV7-9,TRBJ2-1,ASSPLSGFNEQF,1
TRBV7-9,TRBJ2-1,ASSPLSGGAHNEQF,2
TRBV7-9,TRBJ2-1,ASSPLSGGDWNEQF,1
TRBV7-9,TRBJ2-1,ASSPLSGGEQF,8
TRBV7-9,TRBJ2-1,ASSPLSGGGWNEQF,9
TRBV7-9,TRBJ2-1,ASSPLSGGHNEQF,2
TRBV7-9,TRBJ2-1,ASSPLSGGIGDEQF,1
TRBV7-9,TRBJ2-1,ASSPLSGGLREQF,5
TRBV7-9,TRBJ2-1,ASSPLSGGNEQF,1
TRBV7-9,TRBJ2-1,ASSPLSGGNYNEQF,2
TRBV7-9,TRBJ2-1,ASSPLSGGPGNEQF,1
TRBV7-9,TRBJ2-1,ASSPLSGGPSSYNEQF,9
TRBV7-9,TRBJ2-1,ASSPLSGGSYNEQF,1
TRBV7-9,TRBJ2-1,ASSPLSGGTKSSYNEQF,1
TRBV7-9,TRBJ2-1,ASSPLSGGTLDEQF,7
TRBV7-9,TRBJ2-1,ASSPLSGGTYHEQF,1
TRBV7-9,TRBJ2-1,ASSPLSGGTYNAQF,1
TRBV7-9,TRBJ2-1,ASSPLSGGTYNEQF,10
TRBV7-9,TRBJ2-1,ASSPLSGGYNEQF,16
TRBV7-9,TRBJ2-1,ASSPLSGINLYNEQF,1
TRBV7-9,TRBJ2-1,ASSPLSGINPYNEQF,4
TRBV7-9,TRBJ2-1,ASSPLSGKRYNEQF,1
TRBV7-9,TRBJ2-1,ASSPLSGLADYNEQF,12
TRBV7-9,TRBJ2-1,ASSPLSGLAMNEQF,1
TRBV7-9,TRBJ2-1,ASSPLSGLGAGGQF,15
TRBV7-9,TRBJ2-1,ASSPLSGLGAQLNEQF,1
TRBV7-9,TRBJ2-1,ASSPLSGLGTNYNEQF,1
TRBV7-9,TRBJ2-1,ASSPLSGLVAYEQF,1
TRBV7-9,TRBJ2-1,ASSPLSGMLFDEQF,1
TRBV7-9,TRBJ2-1,ASSPLSGMPSYNEQF,1
TRBV7-9,TRBJ2-1,ASSPLSGMRYNEQF,1
TRBV7-9,TRBJ2-1,ASSPLSGNEQF,1
TRBV7-9,TRBJ2-1,ASSPLSGNHNEEF,1
TRBV7-9,TRBJ2-1,ASSPLSGNHNEQF,4
TRBV7-9,TRBJ2-1,ASSPLSGNLYNEQF,7
TRBV7-9,TRBJ2-1,ASSPLSGPDEQF,1
TRBV7-9,TRBJ2-1,ASSPLSGPSEQF,5
TRBV7-9,TRBJ2-1,ASSPLSGPYNEQF,1
TRBV7-9,TRBJ2-1,ASSPLSGQGANEQF,3
TRBV7-9,TRBJ2-1,ASSPLSGQGLDEQF,1
TRBV7-9,TRBJ2-1,ASSPLSGRAIRDNEQF,1
TRBV7-9,TRBJ2-1,ASSPLSGRALDEQF,3
TRBV7-9,TRBJ2-1,ASSPLSGRALEQF,5
TRBV7-9,TRBJ2-1,ASSPLSGRARNEQF,1
TRBV7-9,TRBJ2-1,ASSPLSGRATNEQF,1
TRBV7-9,TRBJ2-1,ASSPLSGRAVNEQF,1
TRBV7-9,TRBJ2-1,ASSPLSGRAVYNEQF,1
TRBV7-9,TRBJ2-1,ASSPLSGRAYNEQF,13
TRBV7-9,TRBJ2-1,ASSPLSGRDLDEQF,1
TRBV7-9,TRBJ2-1,ASSPLSGREDNEQF,1
TRBV7-9,TRBJ2-1,ASSPLSGRFMDEQF,1
TRBV7-9,TRBJ2-1,ASSPLSGRGDEQF,1
TRBV7-9,TRBJ2-1,ASSPLSGRGGAYNEQF,1
TRBV7-9,TRBJ2-1,ASSPLSGRGGNEQF,5
TRBV7-9,TRBJ2-1,ASSPLSGRGLDEQF,1
TRBV7-9,TRBJ2-1,ASSPLSGRGNEQF,1
TRBV7-9,TRBJ2-1,ASSPLSGRGSYNEQF,1
TRBV7-9,TRBJ2-1,ASSPLSGRISYNEQF,1
TRBV7-9,TRBJ2-1,ASSPLSGRKSHNEQF,5
TRBV7-9,TRBJ2-1,ASSPLSGRPLNEQF,1
TRBV7-9,TRBJ2-1,ASSPLSGRRHEQF,1
TRBV7-9,TRBJ2-1,ASSPLSGRSSYNEQF,1
TRBV7-9,TRBJ2-1,ASSPLSGRSYNEQF,6
TRBV7-9,TRBJ2-1,ASSPLSGRTSYNEQF,1
TRBV7-9,TRBJ2-1,ASSPLSGRTYNEQF,1
TRBV7-9,TRBJ2-1,ASSPLSGRYSYNEQF,1
TRBV7-9,TRBJ2-1,ASSPLSGSAYNEQF,12
TRBV7-9,TRBJ2-1,ASSPLSGSDEQF,1
TRBV7-9,TRBJ2-1,ASSPLSGSDYNEQF,1
TRBV7-9,TRBJ2-1,ASSPLSGSGANEQF,1
TRBV7-9,TRBJ2-1,ASSPLSGSGPPEQF,6
TRBV7-9,TRBJ2-1,ASSPLSGSNREQF,1
TRBV7-9,TRBJ2-1,ASSPLSGSRNEQF,1
TRBV7-9,TRBJ2-1,ASSPLSGSRWNEQF,1
TRBV7-9,TRBJ2-1,ASSPLSGSSPHNEQF,1
TRBV7-9,TRBJ2-1,ASSPLSGSSYNDQF,1
TRBV7-9,TRBJ2-1,ASSPLSGSSYNEQF,26
TRBV7-9,TRBJ2-1,ASSPLSGSYEQF,1
TRBV7-9,TRBJ2-1,ASSPLSGSYHEQF,1
TRBV7-9,TRBJ2-1,ASSPLSGSYNEQF,43
TRBV7-9,TRBJ2-1,ASSPLSGTDSIAHYNEQF,3
TRBV7-9,TRBJ2-1,ASSPLSGTEYNEQF,1
TRBV7-9,TRBJ2-1,ASSPLSGTGRVNEQF,1
TRBV7-9,TRBJ2-1,ASSPLSGTIDNEQF,1
TRBV7-9,TRBJ2-1,ASSPLSGTSGGNTNEQF,1
TRBV7-9,TRBJ2-1,ASSPLSGTYNEQF,2
TRBV7-9,TRBJ2-1,ASSPLSGVNEQF,1
TRBV7-9,TRBJ2-1,ASSPLSGVYNEQF,8
TRBV7-9,TRBJ2-1,ASSPLSGYEQF,1
TRBV7-9,TRBJ2-1,ASSPLSGYNEQF,5
TRBV7-9,TRBJ2-1,ASSPLSHEQF,1
TRBV7-9,TRBJ2-1,ASSPLSHNEQF,1
TRBV7-9,TRBJ2-1,ASSPLSLAGFPNEQF,9
TRBV7-9,TRBJ2-1,ASSPLSLAGGYNEQF,1
TRBV7-9,TRBJ2-1,ASSPLSLASEQF,6
TRBV7-9,TRBJ2-1,ASSPLSLGRGGSYNEQF,4
TRBV7-9,TRBJ2-1,ASSPLSLMRGPLYNEQF,1
TRBV7-9,TRBJ2-1,ASSPLSLPHEQF,1
TRBV7-9,TRBJ2-1,ASSPLSLRGQNEQF,1
TRBV7-9,TRBJ2-1,ASSPLSLSFYNEQF,1
TRBV7-9,TRBJ2-1,ASSPLSLWLYNEQF,12
TRBV7-9,TRBJ2-1,ASSPLSLYNEQF,2
TRBV7-9,TRBJ2-1,ASSPLSMAGAYNEQF,1
TRBV7-9,TRBJ2-1,ASSPLSMGSGDNEQF,8
TRBV7-9,TRBJ2-1,ASSPLSMISYNEQF,1
TRBV7-9,TRBJ2-1,ASSPLSNEQF,15
TRBV7-9,TRBJ2-1,ASSPLSNPGEGPF,3
TRBV7-9,TRBJ2-1,ASSPLSPGLEYNEQF,1
TRBV7-9,TRBJ2-1,ASSPLSPGNEQF,1
TRBV7-9,TRBJ2-1,ASSPLSPHNEQF,1
TRBV7-9,TRBJ2-1,ASSPLSPRRADNEQF,1
TRBV7-9,TRBJ2-1,ASSPLSPSGSSYNEQF,1
TRBV7-9,TRBJ2-1,ASSPLSPSSYNEQF,1
TRBV7-9,TRBJ2-1,ASSPLSPYNEQF,2
TRBV7-9,TRBJ2-1,ASSPLSQEQF,11
TRBV7-9,TRBJ2-1,ASSPLSQGVDEQF,1
TRBV7-9,TRBJ2-1,ASSPLSQTSGRNEQF,2
TRBV7-9,TRBJ2-1,ASSPLSREIKNEQF,1
TRBV7-9,TRBJ2-1,ASSPLSRERDNEQF,1
TRBV7-9,TRBJ2-1,ASSPLSRGGLNEQF,1
TRBV7-9,TRBJ2-1,ASSPLSRIGRNEQF,1
TRBV7-9,TRBJ2-1,ASSPLSRSVYNEQF,1
TRBV7-9,TRBJ2-1,ASSPLSSAFYNEQF,1
TRBV7-9,TRBJ2-1,ASSPLSSANYNEQF,1
TRBV7-9,TRBJ2-1,ASSPLSSELGNEQF,25
TRBV7-9,TRBJ2-1,ASSPLSSELSNEQF,1
TRBV7-9,TRBJ2-1,ASSPLSSEQF,2
TRBV7-9,TRBJ2-1,ASSPLSSEWGNAQF,1
TRBV7-9,TRBJ2-1,ASSPLSSGARDEQF,6
TRBV7-9,TRBJ2-1,ASSPLSSGARDGQF,1
TRBV7-9,TRBJ2-1,ASSPLSSGGDGYNEQF,2
TRBV7-9,TRBJ2-1,ASSPLSSGLGDEQF,1
TRBV7-9,TRBJ2-1,ASSPLSSGMGEQF,12
TRBV7-9,TRBJ2-1,ASSPLSSGNYNEQF,1
TRBV7-9,TRBJ2-1,ASSPLSSGQLF,1
TRBV7-9,TRBJ2-1,ASSPLSSGQQF,13
TRBV7-9,TRBJ2-1,ASSPLSSGRLDEQF,1
TRBV7-9,TRBJ2-1,ASSPLSSGRLNDEQF,1
TRBV7-9,TRBJ2-1,ASSPLSSGRSYNEQF,2
TRBV7-9,TRBJ2-1,ASSPLSSGTTGGNEQF,1
TRBV7-9,TRBJ2-1,ASSPLSSGVYNEQF,4
TRBV7-9,TRBJ2-1,ASSPLSSHEQF,6
TRBV7-9,TRBJ2-1,ASSPLSSHNEQF,1
TRBV7-9,TRBJ2-1,ASSPLSSLALSYNEQF,1
TRBV7-9,TRBJ2-1,ASSPLSSNEQF,1
TRBV7-9,TRBJ2-1,ASSPLSSPYNKQF,1
TRBV7-9,TRBJ2-1,ASSPLSSPYYNEQF,1
TRBV7-9,TRBJ2-1,ASSPLSSRSYNEQF,1
TRBV7-9,TRBJ2-1,ASSPLSSRYNEQF,15
TRBV7-9,TRBJ2-1,ASSPLSSSYNEQF,2
TRBV7-9,TRBJ2-1,ASSPLSSTYNEQF,1
TRBV7-9,TRBJ2-1,ASSPLSSVSSYNEQF,1
TRBV7-9,TRBJ2-1,ASSPLSSYHEQF,2
TRBV7-9,TRBJ2-1,ASSPLSSYNDQF,1
TRBV7-9,TRBJ2-1,ASSPLSSYNELF,1
TRBV7-9,TRBJ2-1,ASSPLSSYNEQF,73
TRBV7-9,TRBJ2-1,ASSPLSSYNEQL,1
TRBV7-9,TRBJ2-1,ASSPLSTDEQF,9
TRBV7-9,TRBJ2-1,ASSPLSTGAIYNEQF,2
TRBV7-9,TRBJ2-1,ASSPLSTPSYNEQF,7
TRBV7-9,TRBJ2-1,ASSPLSTSGGVYNEQF,1
TRBV7-9,TRBJ2-1,ASSPLSTSGRSSYNEQF,1
TRBV7-9,TRBJ2-1,ASSPLSTSLGEQF,12
TRBV7-9,TRBJ2-1,ASSPLSVGGDQF,1
TRBV7-9,TRBJ2-1,ASSPLSVGGEQF,16
TRBV7-9,TRBJ2-1,ASSPLSVGGVQF,1
TRBV7-9,TRBJ2-1,ASSPLSVGYYNEQF,1
TRBV7-9,TRBJ2-1,ASSPLSVNHNEQF,1
TRBV7-9,TRBJ2-1,ASSPLSVRRINEQF,1
TRBV7-9,TRBJ2-1,ASSPLSVSGEQF,13
TRBV7-9,TRBJ2-1,ASSPLSVSYNEQF,7
TRBV7-9,TRBJ2-1,ASSPLSVTRSENEQF,1
TRBV7-9,TRBJ2-1,ASSPLSVVGVNEQF,1
TRBV7-9,TRBJ2-1,ASSPLSVVKAQF,1
TRBV7-9,TRBJ2-1,ASSPLSVYGNEQF,1
TRBV7-9,TRBJ2-1,ASSPLSWEQF,1
TRBV7-9,TRBJ2-1,ASSPLSWGDEQF,1
TRBV7-9,TRBJ2-1,ASSPLSWLAAVGGNEQF,1
TRBV7-9,TRBJ2-1,ASSPLSWNSLRGNEQF,1
TRBV7-9,TRBJ2-1,ASSPLSWRNQGYNEQF,1
TRBV7-9,TRBJ2-1,ASSPLSYNEQF,24
TRBV7-9,TRBJ2-1,ASSPLSYPYNEQF,1
TRBV7-9,TRBJ2-1,ASSPLSYSSYNEQF,1
TRBV7-9,TRBJ2-1,ASSPLSYSYNEQF,8
TRBV7-9,TRBJ2-1,ASSPLSYYNEQF,1
TRBV7-9,TRBJ2-1,ASSPLTAEQF,24
TRBV7-9,TRBJ2-1,ASSPLTAGDEQF,1
TRBV7-9,TRBJ2-1,ASSPLTAGDHEQF,1
TRBV7-9,TRBJ2-1,ASSPLTAGESYNEQF,1
TRBV7-9,TRBJ2-1,ASSPLTAGGPNEQF,1
TRBV7-9,TRBJ2-1,ASSPLTAGGSSYNEQF,4
TRBV7-9,TRBJ2-1,ASSPLTAGSYNEQF,1
TRBV7-9,TRBJ2-1,ASSPLTAGTGDGNEQF,3
TRBV7-9,TRBJ2-1,ASSPLTAGVGNEQF,1
TRBV7-9,TRBJ2-1,ASSPLTANEQF,1
TRBV7-9,TRBJ2-1,ASSPLTAPNNEQF,1
TRBV7-9,TRBJ2-1,ASSPLTASSYNEHF,2
TRBV7-9,TRBJ2-1,ASSPLTASSYNEPF,1
TRBV7-9,TRBJ2-1,ASSPLTASSYNEQF,12
TRBV7-9,TRBJ2-1,ASSPLTASYNEQF,1
TRBV7-9,TRBJ2-1,ASSPLTATRYNEQF,10
TRBV7-9,TRBJ2-1,ASSPLTAYNEQF,3
TRBV7-9,TRBJ2-1,ASSPLTAYSYNEQF,8
TRBV7-9,TRBJ2-1,ASSPLTDEQF,2
TRBV7-9,TRBJ2-1,ASSPLTDGGWYDNEQF,1
TRBV7-9,TRBJ2-1,ASSPLTDNEQF,2
TRBV7-9,TRBJ2-1,ASSPLTDNGQF,2
TRBV7-9,TRBJ2-1,ASSPLTDRYNEQF,1
TRBV7-9,TRBJ2-1,ASSPLTDYNEQF,40
TRBV7-9,TRBJ2-1,ASSPLTDYNEQL,1
TRBV7-9,TRBJ2-1,ASSPLTEAYNEQF,1
TRBV7-9,TRBJ2-1,ASSPLTEGRGFTYNEQF,1
TRBV7-9,TRBJ2-1,ASSPLTEISYNEQF,1
TRBV7-9,TRBJ2-1,ASSPLTELFNEQF,1
TRBV7-9,TRBJ2-1,ASSPLTFTGNEQF,1
TRBV7-9,TRBJ2-1,ASSPLTGALYNEQF,1
TRBV7-9,TRBJ2-1,ASSPLTGASYNEQF,1
TRBV7-9,TRBJ2-1,ASSPLTGATFNEQF,1
TRBV7-9,TRBJ2-1,ASSPLTGATRLSYNEQF,1
TRBV7-9,TRBJ2-1,ASSPLTGAYNEQF,1
TRBV7-9,TRBJ2-1,ASSPLTGDNEQF,2
TRBV7-9,TRBJ2-1,ASSPLTGDSRNEQF,1
TRBV7-9,TRBJ2-1,ASSPLTGDYNEQF,1
TRBV7-9,TRBJ2-1,ASSPLTGEGRNEQF,1
TRBV7-9,TRBJ2-1,ASSPLTGEQF,10
TRBV7-9,TRBJ2-1,ASSPLTGERAYNEQF,8
TRBV7-9,TRBJ2-1,ASSPLTGETNEQF,1
TRBV7-9,TRBJ2-1,ASSPLTGEYDEQF,1
TRBV7-9,TRBJ2-1,ASSPLTGFDEQF,8
TRBV7-9,TRBJ2-1,ASSPLTGGAYNEQF,2
TRBV7-9,TRBJ2-1,ASSPLTGGDEQF,3
TRBV7-9,TRBJ2-1,ASSPLTGGDYNEQF,4
TRBV7-9,TRBJ2-1,ASSPLTGGGEQF,3
TRBV7-9,TRBJ2-1,ASSPLTGGGYNEQF,3
TRBV7-9,TRBJ2-1,ASSPLTGGIYNEQF,5
TRBV7-9,TRBJ2-1,ASSPLTGGKEQF,8
TRBV7-9,TRBJ2-1,ASSPLTGGMGRRDEQF,1
TRBV7-9,TRBJ2-1,ASSPLTGGNEQF,4
TRBV7-9,TRBJ2-1,ASSPLTGGNNEQF,1
TRBV7-9,TRBJ2-1,ASSPLTGGNYNEQF,1
TRBV7-9,TRBJ2-1,ASSPLTGGPNEQF,2
TRBV7-9,TRBJ2-1,ASSPLTGGRDEQF,9
TRBV7-9,TRBJ2-1,ASSPLTGGRSNEQF,1
TRBV7-9,TRBJ2-1,ASSPLTGGSPSSYNEQF,1
TRBV7-9,TRBJ2-1,ASSPLTGGSSDDEQF,1
TRBV7-9,TRBJ2-1,ASSPLTGGSSYNEQF,6
TRBV7-9,TRBJ2-1,ASSPLTGGSYNEQF,6
TRBV7-9,TRBJ2-1,ASSPLTGGTYNEQF,1
TRBV7-9,TRBJ2-1,ASSPLTGGWDNEQF,1
TRBV7-9,TRBJ2-1,ASSPLTGGYNEQF,1
TRBV7-9,TRBJ2-1,ASSPLTGHAYKEQF,1
TRBV7-9,TRBJ2-1,ASSPLTGIAPNEQF,1
TRBV7-9,TRBJ2-1,ASSPLTGISPYNEQF,9
TRBV7-9,TRBJ2-1,ASSPLTGISYNEQF,1
TRBV7-9,TRBJ2-1,ASSPLTGIVDIVHEQF,2
TRBV7-9,TRBJ2-1,ASSPLTGKKADEQF,1
TRBV7-9,TRBJ2-1,ASSPLTGLAGAYNEQF,2
TRBV7-9,TRBJ2-1,ASSPLTGLAGEGTYNEQF,1
TRBV7-9,TRBJ2-1,ASSPLTGLAGGPYEQF,1
TRBV7-9,TRBJ2-1,ASSPLTGLFGDEQF,1
TRBV7-9,TRBJ2-1,ASSPLTGLLFNEQF,13
TRBV7-9,TRBJ2-1,ASSPLTGLYEQF,1
TRBV7-9,TRBJ2-1,ASSPLTGLYNEQF,2
TRBV7-9,TRBJ2-1,ASSPLTGMEQF,2
TRBV7-9,TRBJ2-1,ASSPLTGMYNEQF,1
TRBV7-9,TRBJ2-1,ASSPLTGNEQF,8
TRBV7-9,TRBJ2-1,ASSPLTGPGEQF,2
TRBV7-9,TRBJ2-1,ASSPLTGPGYEQF,3
TRBV7-9,TRBJ2-1,ASSPLTGPKYNEQF,1
TRBV7-9,TRBJ2-1,ASSPLTGPNNEQF,1
TRBV7-9,TRBJ2-1,ASSPLTGPWAGGYNEQF,1
TRBV7-9,TRBJ2-1,ASSPLTGQF,1
TRBV7-9,TRBJ2-1,ASSPLTGQGANEQF,1
TRBV7-9,TRBJ2-1,ASSPLTGRAEGINEQF,1
TRBV7-9,TRBJ2-1,ASSPLTGRDYNEQF,1
TRBV7-9,TRBJ2-1,ASSPLTGRGEAINEQF,1
TRBV7-9,TRBJ2-1,ASSPLTGRGEGINEQF,16
TRBV7-9,TRBJ2-1,ASSPLTGRGPNEQF,1
TRBV7-9,TRBJ2-1,ASSPLTGRLSYNEQF,5
TRBV7-9,TRBJ2-1,ASSPLTGRNEQF,1
TRBV7-9,TRBJ2-1,ASSPLTGRSYNEQF,1
TRBV7-9,TRBJ2-1,ASSPLTGSEF,6
TRBV7-9,TRBJ2-1,ASSPLTGSGYNEQF,1
TRBV7-9,TRBJ2-1,ASSPLTGSHPNEQF,1
TRBV7-9,TRBJ2-1,ASSPLTGSNEQF,1
TRBV7-9,TRBJ2-1,ASSPLTGSNNEQF,1
TRBV7-9,TRBJ2-1,ASSPLTGSPYNEQF,1
TRBV7-9,TRBJ2-1,ASSPLTGSRLAGRVSYNEQF,4
TRBV7-9,TRBJ2-1,ASSPLTGSSYNEQF,9
TRBV7-9,TRBJ2-1,ASSPLTGSYNEQF,6
TRBV7-9,TRBJ2-1,ASSPLTGTDNEQF,1
TRBV7-9,TRBJ2-1,ASSPLTGTEYNEQF,4
TRBV7-9,TRBJ2-1,ASSPLTGTGYNEQF,1
TRBV7-9,TRBJ2-1,ASSPLTGTNEQF,1
TRBV7-9,TRBJ2-1,ASSPLTGTPKDEQF,1
TRBV7-9,TRBJ2-1,ASSPLTGTRLDEQF,1
TRBV7-9,TRBJ2-1,ASSPLTGTRNEQF,1
TRBV7-9,TRBJ2-1,ASSPLTGTRVVGEQF,8
TRBV7-9,TRBJ2-1,ASSPLTGTSGVHEQF,1
TRBV7-9,TRBJ2-1,ASSPLTGTSGYNEQF,1
TRBV7-9,TRBJ2-1,ASSPLTGTTSWEQF,3
TRBV7-9,TRBJ2-1,ASSPLTGVHNEQF,2
TRBV7-9,TRBJ2-1,ASSPLTGVLEAF,3
TRBV7-9,TRBJ2-1,ASSPLTGVSYNEQF,3
TRBV7-9,TRBJ2-1,ASSPLTGVVYNEQF,1
TRBV7-9,TRBJ2-1,ASSPLTGVYNEQF,7
TRBV7-9,TRBJ2-1,ASSPLTGYNEQF,13
TRBV7-9,TRBJ2-1,ASSPLTGYYNEQF,1
TRBV7-9,TRBJ2-1,ASSPLTHEQF,1
TRBV7-9,TRBJ2-1,ASSPLTHGGGSYNEQF,1
TRBV7-9,TRBJ2-1,ASSPLTHRDRNYNEQF,1
TRBV7-9,TRBJ2-1,ASSPLTHRGPYNEQF,1
TRBV7-9,TRBJ2-1,ASSPLTIAYNEQF,1
TRBV7-9,TRBJ2-1,ASSPLTIGRNEQF,1
TRBV7-9,TRBJ2-1,ASSPLTIHGNNEQF,1
TRBV7-9,TRBJ2-1,ASSPLTINEQF,1
TRBV7-9,TRBJ2-1,ASSPLTIPNNEQF,1
TRBV7-9,TRBJ2-1,ASSPLTIRGDIGYNEQF,1
TRBV7-9,TRBJ2-1,ASSPLTISNEQF,3
TRBV7-9,TRBJ2-1,ASSPLTKPGEGPF,1
TRBV7-9,TRBJ2-1,ASSPLTKPRGNEQF,1
TRBV7-9,TRBJ2-1,ASSPLTLAGGSPNEQF,1
TRBV7-9,TRBJ2-1,ASSPLTLANEQF,9
TRBV7-9,TRBJ2-1,ASSPLTLGAPSDEQF,1
TRBV7-9,TRBJ2-1,ASSPLTLQGNEQF,8
TRBV7-9,TRBJ2-1,ASSPLTLQREGLREQF,1
TRBV7-9,TRBJ2-1,ASSPLTLRSPSSEQF,5
TRBV7-9,TRBJ2-1,ASSPLTLVNEQF,1
TRBV7-9,TRBJ2-1,ASSPLTLYNEQF,4
TRBV7-9,TRBJ2-1,ASSPLTNEQF,1
TRBV7-9,TRBJ2-1,ASSPLTNNEQF,2
TRBV7-9,TRBJ2-1,ASSPLTNPGEGPF,3
TRBV7-9,TRBJ2-1,ASSPLTNYNEQF,1
TRBV7-9,TRBJ2-1,ASSPLTPGLEGTDEQF,1
TRBV7-9,TRBJ2-1,ASSPLTPGQVGNNEQF,1
TRBV7-9,TRBJ2-1,ASSPLTPHREPSYNEQF,1
TRBV7-9,TRBJ2-1,ASSPLTPLGVVYNEQF,14
TRBV7-9,TRBJ2-1,ASSPLTPPRYNEQF,1
TRBV7-9,TRBJ2-1,ASSPLTPSSSYNEQF,1
TRBV7-9,TRBJ2-1,ASSPLTPSSYNEQF,5
TRBV7-9,TRBJ2-1,ASSPLTPSYNEQF,1
TRBV7-9,TRBJ2-1,ASSPLTPYNEQF,1
TRBV7-9,TRBJ2-1,ASSPLTQGGNEQF,1
TRBV7-9,TRBJ2-1,ASSPLTQLLYNEQF,1
TRBV7-9,TRBJ2-1,ASSPLTRFPYNEQF,1
TRBV7-9,TRBJ2-1,ASSPLTRGGNEQF,1
TRBV7-9,TRBJ2-1,ASSPLTRGLGMGEQF,1
TRBV7-9,TRBJ2-1,ASSPLTRGLHNEQF,1
TRBV7-9,TRBJ2-1,ASSPLTRGRMNEQF,1
TRBV7-9,TRBJ2-1,ASSPLTRGRNEQF,1
TRBV7-9,TRBJ2-1,ASSPLTRHSSIPSYNEQF,1
TRBV7-9,TRBJ2-1,ASSPLTRKSSIHSYNEQF,1
TRBV7-9,TRBJ2-1,ASSPLTRLSSIPSYNEQF,1
TRBV7-9,TRBJ2-1,ASSPLTRLTYNEQF,1
TRBV7-9,TRBJ2-1,ASSPLTRLVGNEQF,1
TRBV7-9,TRBJ2-1,ASSPLTRNPNEQF,4
TRBV7-9,TRBJ2-1,ASSPLTRPHEQF,1
TRBV7-9,TRBJ2-1,ASSPLTRQSAIPSYNEQF,1
TRBV7-9,TRBJ2-1,ASSPLTRQSSIHSYNEQF,1
TRBV7-9,TRBJ2-1,ASSPLTRQSSIPPYNEQF,1
TRBV7-9,TRBJ2-1,ASSPLTRQSSIPSSNEQF,1
TRBV7-9,TRBJ2-1,ASSPLTRQSSIPSYNEQC,1
TRBV7-9,TRBJ2-1,ASSPLTRQSSIPSYNEQF,70
TRBV7-9,TRBJ2-1,ASSPLTRQSSIPSYNQQF,1
TRBV7-9,TRBJ2-1,ASSPLTRQSSMPSYNEQF,1
TRBV7-9,TRBJ2-1,ASSPLTRSLPYEQF,1
TRBV7-9,TRBJ2-1,ASSPLTRSNEQF,1
TRBV7-9,TRBJ2-1,ASSPLTRVNEPF,1
TRBV7-9,TRBJ2-1,ASSPLTRVNEQF,14
TRBV7-9,TRBJ2-1,ASSPLTSAGGEQF,9
TRBV7-9,TRBJ2-1,ASSPLTSAMDNEQF,1
TRBV7-9,TRBJ2-1,ASSPLTSANEQF,1
TRBV7-9,TRBJ2-1,ASSPLTSANYNEQF,1
TRBV7-9,TRBJ2-1,ASSPLTSAQTSEQF,4
TRBV7-9,TRBJ2-1,ASSPLTSARNEQF,1
TRBV7-9,TRBJ2-1,ASSPLTSASSYNEQF,1
TRBV7-9,TRBJ2-1,ASSPLTSAYHEQF,1
TRBV7-9,TRBJ2-1,ASSPLTSAYNEQF,32
TRBV7-9,TRBJ2-1,ASSPLTSDEQF,1
TRBV7-9,TRBJ2-1,ASSPLTSEEYNEQF,1
TRBV7-9,TRBJ2-1,ASSPLTSEQF,7
TRBV7-9,TRBJ2-1,ASSPLTSGADEQF,6
TRBV7-9,TRBJ2-1,ASSPLTSGAYNEQF,1
TRBV7-9,TRBJ2-1,ASSPLTSGDYNEQF,1
TRBV7-9,TRBJ2-1,ASSPLTSGEASYNEQF,1
TRBV7-9,TRBJ2-1,ASSPLTSGEGNEQF,1
TRBV7-9,TRBJ2-1,ASSPLTSGFDEQF,1
TRBV7-9,TRBJ2-1,ASSPLTSGGANEQF,1
TRBV7-9,TRBJ2-1,ASSPLTSGGDGYNEQF,7
TRBV7-9,TRBJ2-1,ASSPLTSGGPHEQF,7
TRBV7-9,TRBJ2-1,ASSPLTSGGPINEQF,1
TRBV7-9,TRBJ2-1,ASSPLTSGGPLYNEQF,1
TRBV7-9,TRBJ2-1,ASSPLTSGGPMTYNEQF,1
TRBV7-9,TRBJ2-1,ASSPLTSGGPNEQF,5
TRBV7-9,TRBJ2-1,ASSPLTSGGTDEQF,1
TRBV7-9,TRBJ2-1,ASSPLTSGGYNEQF,1
TRBV7-9,TRBJ2-1,ASSPLTSGIDDEQF,1
TRBV7-9,TRBJ2-1,ASSPLTSGIDNEQF,11
TRBV7-9,TRBJ2-1,ASSPLTSGIESSYNEQF,1
TRBV7-9,TRBJ2-1,ASSPLTSGINEQF,5
TRBV7-9,TRBJ2-1,ASSPLTSGITNEQF,1
TRBV7-9,TRBJ2-1,ASSPLTSGKNEQF,1
TRBV7-9,TRBJ2-1,ASSPLTSGKPYNEQF,2
TRBV7-9,TRBJ2-1,ASSPLTSGKYNEQF,1
TRBV7-9,TRBJ2-1,ASSPLTSGLAYNEQF,1
TRBV7-9,TRBJ2-1,ASSPLTSGLNNEQF,1
TRBV7-9,TRBJ2-1,ASSPLTSGLSSYNEQF,1
TRBV7-9,TRBJ2-1,ASSPLTSGLYNEQF,2
TRBV7-9,TRBJ2-1,ASSPLTSGNEQF,5
TRBV7-9,TRBJ2-1,ASSPLTSGNSYNEQF,1
TRBV7-9,TRBJ2-1,ASSPLTSGNYNEQF,1
TRBV7-9,TRBJ2-1,ASSPLTSGPSYNEQF,1
TRBV7-9,TRBJ2-1,ASSPLTSGPTYNEQF,9
TRBV7-9,TRBJ2-1,ASSPLTSGPYYNEQF,1
TRBV7-9,TRBJ2-1,ASSPLTSGQDYEQF,1
TRBV7-9,TRBJ2-1,ASSPLTSGQSNEQF,1
TRBV7-9,TRBJ2-1,ASSPLTSGQYNGNEQF,1
TRBV7-9,TRBJ2-1,ASSPLTSGRADEQF,8
TRBV7-9,TRBJ2-1,ASSPLTSGRAGDQNEQF,2
TRBV7-9,TRBJ2-1,ASSPLTSGRAKNEQF,12
TRBV7-9,TRBJ2-1,ASSPLTSGRASYNEQF,1
TRBV7-9,TRBJ2-1,ASSPLTSGRAYNEQF,1
TRBV7-9,TRBJ2-1,ASSPLTSGRENEQF,8
TRBV7-9,TRBJ2-1,ASSPLTSGRFNEQF,1
TRBV7-9,TRBJ2-1,ASSPLTSGRGNEQF,1
TRBV7-9,TRBJ2-1,ASSPLTSGRGRYNEQF,1
TRBV7-9,TRBJ2-1,ASSPLTSGRHAQF,1
TRBV7-9,TRBJ2-1,ASSPLTSGRHNEQF,1
TRBV7-9,TRBJ2-1,ASSPLTSGRHSYNEQF,1
TRBV7-9,TRBJ2-1,ASSPLTSGRINEQF,1
TRBV7-9,TRBJ2-1,ASSPLTSGRKSNEQF,4
TRBV7-9,TRBJ2-1,ASSPLTSGRNEQF,16
TRBV7-9,TRBJ2-1,ASSPLTSGRNEQL,1
TRBV7-9,TRBJ2-1,ASSPLTSGRNEQV,1
TRBV7-9,TRBJ2-1,ASSPLTSGRNQQF,1
TRBV7-9,TRBJ2-1,ASSPLTSGRNYEQF,1
TRBV7-9,TRBJ2-1,ASSPLTSGRTDEQF,6
TRBV7-9,TRBJ2-1,ASSPLTSGRTNEQF,9
TRBV7-9,TRBJ2-1,ASSPLTSGRYNEQF,1
TRBV7-9,TRBJ2-1,ASSPLTSGRYYNEQF,1
TRBV7-9,TRBJ2-1,ASSPLTSGSENEQF,1
TRBV7-9,TRBJ2-1,ASSPLTSGSGSEQF,1
TRBV7-9,TRBJ2-1,ASSPLTSGSGYNEQF,9
TRBV7-9,TRBJ2-1,ASSPLTSGSHEQF,1
TRBV7-9,TRBJ2-1,ASSPLTSGSNEKF,1
TRBV7-9,TRBJ2-1,ASSPLTSGSNEQF,1
TRBV7-9,TRBJ2-1,ASSPLTSGSNNEQF,1
TRBV7-9,TRBJ2-1,ASSPLTSGSRHEQF,1
TRBV7-9,TRBJ2-1,ASSPLTSGSRNNEQF,1
TRBV7-9,TRBJ2-1,ASSPLTSGSSYEQF,1
TRBV7-9,TRBJ2-1,ASSPLTSGSSYNEQF,1
TRBV7-9,TRBJ2-1,ASSPLTSGSYNEQF,2
TRBV7-9,TRBJ2-1,ASSPLTSGTNNEQF,5
TRBV7-9,TRBJ2-1,ASSPLTSGTSSYNEQF,1
TRBV7-9,TRBJ2-1,ASSPLTSGTSYNEQF,1
TRBV7-9,TRBJ2-1,ASSPLTSGTYNEQF,23
TRBV7-9,TRBJ2-1,ASSPLTSGVNEQF,1
TRBV7-9,TRBJ2-1,ASSPLTSGVNNEQF,1
TRBV7-9,TRBJ2-1,ASSPLTSGYEQF,1
TRBV7-9,TRBJ2-1,ASSPLTSGYNEQF,8
TRBV7-9,TRBJ2-1,ASSPLTSGYYNEQF,1
TRBV7-9,TRBJ2-1,ASSPLTSHEQF,1
TRBV7-9,TRBJ2-1,ASSPLTSHNEQF,1
TRBV7-9,TRBJ2-1,ASSPLTSISDNEQF,1
TRBV7-9,TRBJ2-1,ASSPLTSPGGLHNEQF,4
TRBV7-9,TRBJ2-1,ASSPLTSPGLAGYNEQF,14
TRBV7-9,TRBJ2-1,ASSPLTSPGLSGYNEQF,1
TRBV7-9,TRBJ2-1,ASSPLTSPYNEQF,1
TRBV7-9,TRBJ2-1,ASSPLTSQRVSLGDEQF,1
TRBV7-9,TRBJ2-1,ASSPLTSQSSIPAYNEQF,1
TRBV7-9,TRBJ2-1,ASSPLTSRHYNEQF,1
TRBV7-9,TRBJ2-1,ASSPLTSRNEQF,1
TRBV7-9,TRBJ2-1,ASSPLTSRTINEQF,1
TRBV7-9,TRBJ2-1,ASSPLTSRYNEQF,1
TRBV7-9,TRBJ2-1,ASSPLTSSAGGDEQF,2
TRBV7-9,TRBJ2-1,ASSPLTSSFNEQF,1
TRBV7-9,TRBJ2-1,ASSPLTSSPNEQF,7
TRBV7-9,TRBJ2-1,ASSPLTSSYNEQF,1
TRBV7-9,TRBJ2-1,ASSPLTSVQF,9
TRBV7-9,TRBJ2-1,ASSPLTSVRNEQF,1
TRBV7-9,TRBJ2-1,ASSPLTSYNEQF,1
TRBV7-9,TRBJ2-1,ASSPLTTDGNEQF,1
TRBV7-9,TRBJ2-1,ASSPLTTGSSYNEQF,12
TRBV7-9,TRBJ2-1,ASSPLTTGSSYNEQV,1
TRBV7-9,TRBJ2-1,ASSPLTTPLDDEQF,1
TRBV7-9,TRBJ2-1,ASSPLTTPNEQF,1
TRBV7-9,TRBJ2-1,ASSPLTTSGYNEQF,1
TRBV7-9,TRBJ2-1,ASSPLTTSSYNEPF,1
TRBV7-9,TRBJ2-1,ASSPLTTSSYNEQF,18
TRBV7-9,TRBJ2-1,ASSPLTTYNEQF,3
TRBV7-9,TRBJ2-1,ASSPLTVEQF,22
TRBV7-9,TRBJ2-1,ASSPLTVGLYTGNEQF,1
TRBV7-9,TRBJ2-1,ASSPLTVKRDEQF,1
TRBV7-9,TRBJ2-1,ASSPLTVNEQF,1
TRBV7-9,TRBJ2-1,ASSPLTVRRGMEGQF,8
TRBV7-9,TRBJ2-1,ASSPLTVSGMNEQF,1
TRBV7-9,TRBJ2-1,ASSPLTVVGVNEQF,1
TRBV7-9,TRBJ2-1,ASSPLTVWTSVYNEQF,1
TRBV7-9,TRBJ2-1,ASSPLTVYNEQF,1
TRBV7-9,TRBJ2-1,ASSPLTYNEQF,2
TRBV7-9,TRBJ2-1,ASSPLTYYNEQF,6
TRBV7-9,TRBJ2-1,ASSPLVAAGLAENNEQF,1
TRBV7-9,TRBJ2-1,ASSPLVAATTSYNEQF,11
TRBV7-9,TRBJ2-1,ASSPLVAEHNEQF,1
TRBV7-9,TRBJ2-1,ASSPLVAELSSYNEQF,1
TRBV7-9,TRBJ2-1,ASSPLVAGAQDEQF,1
TRBV7-9,TRBJ2-1,ASSPLVAGETNEQF,1
TRBV7-9,TRBJ2-1,ASSPLVAGGDEQF,1
TRBV7-9,TRBJ2-1,ASSPLVAGGHNEQF,2
TRBV7-9,TRBJ2-1,ASSPLVAGGYNEQF,4
TRBV7-9,TRBJ2-1,ASSPLVAGQGRSYNEQF,1
TRBV7-9,TRBJ2-1,ASSPLVAGTPTTYNEQF,16
TRBV7-9,TRBJ2-1,ASSPLVAGVNNEQF,1
TRBV7-9,TRBJ2-1,ASSPLVAGVSNEQF,1
TRBV7-9,TRBJ2-1,ASSPLVAHEQF,3
TRBV7-9,TRBJ2-1,ASSPLVANEQF,1
TRBV7-9,TRBJ2-1,ASSPLVAREDNEQF,1
TRBV7-9,TRBJ2-1,ASSPLVASSYNEQF,1
TRBV7-9,TRBJ2-1,ASSPLVATDGNEQF,1
TRBV7-9,TRBJ2-1,ASSPLVCRVNNEQF,1
TRBV7-9,TRBJ2-1,ASSPLVDEQF,7
TRBV7-9,TRBJ2-1,ASSPLVDGERAYNEQF,1
TRBV7-9,TRBJ2-1,ASSPLVDGSSYNEQF,1
TRBV7-9,TRBJ2-1,ASSPLVDLADNEQF,1
TRBV7-9,TRBJ2-1,ASSPLVDRGHGNEQF,1
TRBV7-9,TRBJ2-1,ASSPLVDSYNEQF,1
TRBV7-9,TRBJ2-1,ASSPLVDYNEQF,1
TRBV7-9,TRBJ2-1,ASSPLVEANNEQF,1
TRBV7-9,TRBJ2-1,ASSPLVEDEQF,14
TRBV7-9,TRBJ2-1,ASSPLVEEEQF,1
TRBV7-9,TRBJ2-1,ASSPLVEF,6
TRBV7-9,TRBJ2-1,ASSPLVEGAQF,1
TRBV7-9,TRBJ2-1,ASSPLVENEQF,1
TRBV7-9,TRBJ2-1,ASSPLVEQF,17
TRBV7-9,TRBJ2-1,ASSPLVEREGPYNEQF,13
TRBV7-9,TRBJ2-1,ASSPLVETHEQF,1
TRBV7-9,TRBJ2-1,ASSPLVFPYNEQF,1
TRBV7-9,TRBJ2-1,ASSPLVFRDRANEQF,1
TRBV7-9,TRBJ2-1,ASSPLVFRVNKEQF,1
TRBV7-9,TRBJ2-1,ASSPLVFRVNKGQF,1
TRBV7-9,TRBJ2-1,ASSPLVFRVNNEQF,13
TRBV7-9,TRBJ2-1,ASSPLVFSVNEQF,1
TRBV7-9,TRBJ2-1,ASSPLVGAF,1
TRBV7-9,TRBJ2-1,ASSPLVGAGNEQF,1
TRBV7-9,TRBJ2-1,ASSPLVGAGNYNEQF,1
TRBV7-9,TRBJ2-1,ASSPLVGDEQF,1
TRBV7-9,TRBJ2-1,ASSPLVGDGQF,1
TRBV7-9,TRBJ2-1,ASSPLVGEKGYNEQF,1
TRBV7-9,TRBJ2-1,ASSPLVGELF,1
TRBV7-9,TRBJ2-1,ASSPLVGEQF,13
TRBV7-9,TRBJ2-1,ASSPLVGEVKNEQF,1
TRBV7-9,TRBJ2-1,ASSPLVGGAYNEQF,1
TRBV7-9,TRBJ2-1,ASSPLVGGFNEQF,1
TRBV7-9,TRBJ2-1,ASSPLVGGGWNEQF,1
TRBV7-9,TRBJ2-1,ASSPLVGGNEQF,5
TRBV7-9,TRBJ2-1,ASSPLVGGSGTYNEQF,1
TRBV7-9,TRBJ2-1,ASSPLVGGTPQF,7
TRBV7-9,TRBJ2-1,ASSPLVGGVDNEEF,1
TRBV7-9,TRBJ2-1,ASSPLVGGVDNEQF,1
TRBV7-9,TRBJ2-1,ASSPLVGINEQF,1
TRBV7-9,TRBJ2-1,ASSPLVGKREFYEQF,1
TRBV7-9,TRBJ2-1,ASSPLVGLAGGNDNEQF,2
TRBV7-9,TRBJ2-1,ASSPLVGLELF,1
TRBV7-9,TRBJ2-1,ASSPLVGNEQF,5
TRBV7-9,TRBJ2-1,ASSPLVGNSYNEQF,1
TRBV7-9,TRBJ2-1,ASSPLVGNYNEQF,2
TRBV7-9,TRBJ2-1,ASSPLVGPSYNEQF,1
TRBV7-9,TRBJ2-1,ASSPLVGQGAGSYNEQF,1
TRBV7-9,TRBJ2-1,ASSPLVGRDESHEQF,4
TRBV7-9,TRBJ2-1,ASSPLVGRGYNEQF,1
TRBV7-9,TRBJ2-1,ASSPLVGRLYNEQF,1
TRBV7-9,TRBJ2-1,ASSPLVGSRVQF,1
TRBV7-9,TRBJ2-1,ASSPLVGSYNEQF,4
TRBV7-9,TRBJ2-1,ASSPLVGTGISNEQF,1
TRBV7-9,TRBJ2-1,ASSPLVGTSGRYERNGQC,1
TRBV7-9,TRBJ2-1,ASSPLVGVDYNEQF,6
TRBV7-9,TRBJ2-1,ASSPLVGVGF,2
TRBV7-9,TRBJ2-1,ASSPLVGVHNEQF,1
TRBV7-9,TRBJ2-1,ASSPLVGWDEQF,1
TRBV7-9,TRBJ2-1,ASSPLVGYGTWSYNEQF,1
TRBV7-9,TRBJ2-1,ASSPLVHEQF,1
TRBV7-9,TRBJ2-1,ASSPLVHNAQF,1
TRBV7-9,TRBJ2-1,ASSPLVHNEQF,15
TRBV7-9,TRBJ2-1,ASSPLVHPRRDLYNEQF,1
TRBV7-9,TRBJ2-1,ASSPLVHRYNEQF,1
TRBV7-9,TRBJ2-1,ASSPLVIDEQF,19
TRBV7-9,TRBJ2-1,ASSPLVILGSYNEQF,1
TRBV7-9,TRBJ2-1,ASSPLVILRNEQF,1
TRBV7-9,TRBJ2-1,ASSPLVILSNEQF,13
TRBV7-9,TRBJ2-1,ASSPLVKAVGNEQF,5
TRBV7-9,TRBJ2-1,ASSPLVLAFGEQF,1
TRBV7-9,TRBJ2-1,ASSPLVLAGGSYNEQF,1
TRBV7-9,TRBJ2-1,ASSPLVLEQF,1
TRBV7-9,TRBJ2-1,ASSPLVLFPNEQF,1
TRBV7-9,TRBJ2-1,ASSPLVLLAGGSNEQF,1
TRBV7-9,TRBJ2-1,ASSPLVLPGYNEQF,1
TRBV7-9,TRBJ2-1,ASSPLVLREESYNEQF,1
TRBV7-9,TRBJ2-1,ASSPLVLSSYNEQF,1
TRBV7-9,TRBJ2-1,ASSPLVMADMGHNEQF,1
TRBV7-9,TRBJ2-1,ASSPLVMASGSSYNEQF,1
TRBV7-9,TRBJ2-1,ASSPLVMASRNEQF,1
TRBV7-9,TRBJ2-1,ASSPLVNAVGNEQF,1
TRBV7-9,TRBJ2-1,ASSPLVNEQF,14
TRBV7-9,TRBJ2-1,ASSPLVNIGNEQF,1
TRBV7-9,TRBJ2-1,ASSPLVNNEQF,1
TRBV7-9,TRBJ2-1,ASSPLVPSGRVRGYEQF,1
TRBV7-9,TRBJ2-1,ASSPLVPYNEQF,1
TRBV7-9,TRBJ2-1,ASSPLVQATYNEQF,1
TRBV7-9,TRBJ2-1,ASSPLVQGARNEQF,1
TRBV7-9,TRBJ2-1,ASSPLVQGSHHNEQF,1
TRBV7-9,TRBJ2-1,ASSPLVQGVNEQF,1
TRBV7-9,TRBJ2-1,ASSPLVQSGNEQF,1
TRBV7-9,TRBJ2-1,ASSPLVRDNYNEQF,13
TRBV7-9,TRBJ2-1,ASSPLVRDRYNEQF,1
TRBV7-9,TRBJ2-1,ASSPLVRDTYNEQF,1
TRBV7-9,TRBJ2-1,ASSPLVRGEQF,2
TRBV7-9,TRBJ2-1,ASSPLVRPEGSYNEQF,1
TRBV7-9,TRBJ2-1,ASSPLVRSYNEQF,1
TRBV7-9,TRBJ2-1,ASSPLVRVSYNEQF,1
TRBV7-9,TRBJ2-1,ASSPLVRYNEQF,1
TRBV7-9,TRBJ2-1,ASSPLVSDRANEQF,1
TRBV7-9,TRBJ2-1,ASSPLVSFDEQF,1
TRBV7-9,TRBJ2-1,ASSPLVSGGPDEQF,8
TRBV7-9,TRBJ2-1,ASSPLVSGLADNEQF,1
TRBV7-9,TRBJ2-1,ASSPLVSGVGGNEQF,1
TRBV7-9,TRBJ2-1,ASSPLVSNEQF,2
TRBV7-9,TRBJ2-1,ASSPLVSPYNEQF,1
TRBV7-9,TRBJ2-1,ASSPLVSSGRVNEQF,1
TRBV7-9,TRBJ2-1,ASSPLVSSGSNEQF,1
TRBV7-9,TRBJ2-1,ASSPLVSSYNEQF,2
TRBV7-9,TRBJ2-1,ASSPLVTLGEQF,2
TRBV7-9,TRBJ2-1,ASSPLVTNEQF,1
TRBV7-9,TRBJ2-1,ASSPLVTSGNEQF,1
TRBV7-9,TRBJ2-1,ASSPLVTSGRSCEQF,1
TRBV7-9,TRBJ2-1,ASSPLVTSTYDEQF,1
TRBV7-9,TRBJ2-1,ASSPLVTSVSHSYNEQF,1
TRBV7-9,TRBJ2-1,ASSPLVTSYNEQF,3
TRBV7-9,TRBJ2-1,ASSPLVVAGADEQF,1
TRBV7-9,TRBJ2-1,ASSPLVVAGSSYNEQF,1
TRBV7-9,TRBJ2-1,ASSPLVVAYNEQF,1
TRBV7-9,TRBJ2-1,ASSPLVVGYNEQF,1
TRBV7-9,TRBJ2-1,ASSPLVVNNEQF,1
TRBV7-9,TRBJ2-1,ASSPLVVVKAQF,4
TRBV7-9,TRBJ2-1,ASSPLVVYNEQF,1
TRBV7-9,TRBJ2-1,ASSPLVYNEQF,8
TRBV7-9,TRBJ2-1,ASSPLVYVSNEQF,1
TRBV7-9,TRBJ2-1,ASSPLWAGANYNEQF,5
TRBV7-9,TRBJ2-1,ASSPLWAGNRSYNEQF,1
TRBV7-9,TRBJ2-1,ASSPLWANEQF,1
TRBV7-9,TRBJ2-1,ASSPLWDEQF,2
TRBV7-9,TRBJ2-1,ASSPLWDGGYNEQF,1
TRBV7-9,TRBJ2-1,ASSPLWDKGLYEQF,1
TRBV7-9,TRBJ2-1,ASSPLWDLRVEQF,8
TRBV7-9,TRBJ2-1,ASSPLWDNEQF,1
TRBV7-9,TRBJ2-1,ASSPLWDRENEQF,6
TRBV7-9,TRBJ2-1,ASSPLWDRSYNEQF,1
TRBV7-9,TRBJ2-1,ASSPLWDSLEQF,5
TRBV7-9,TRBJ2-1,ASSPLWEGNDEQF,1
TRBV7-9,TRBJ2-1,ASSPLWENEQF,1
TRBV7-9,TRBJ2-1,ASSPLWERSSNEQF,1
TRBV7-9,TRBJ2-1,ASSPLWESHEQF,1
TRBV7-9,TRBJ2-1,ASSPLWETGAYNEQF,1
TRBV7-9,TRBJ2-1,ASSPLWGAGHNEQF,1
TRBV7-9,TRBJ2-1,ASSPLWGANEQF,1
TRBV7-9,TRBJ2-1,ASSPLWGDGDNEQF,1
TRBV7-9,TRBJ2-1,ASSPLWGDNEQF,1
TRBV7-9,TRBJ2-1,ASSPLWGDPNEQF,1
TRBV7-9,TRBJ2-1,ASSPLWGESESIYNEQF,1
TRBV7-9,TRBJ2-1,ASSPLWGGGSSYNEQF,1
TRBV7-9,TRBJ2-1,ASSPLWGGSYEQF,1
TRBV7-9,TRBJ2-1,ASSPLWGKKDHEQF,6
TRBV7-9,TRBJ2-1,ASSPLWGLAVSSYNEQF,1
TRBV7-9,TRBJ2-1,ASSPLWGLGNEQF,3
TRBV7-9,TRBJ2-1,ASSPLWGLIANNEQF,1
TRBV7-9,TRBJ2-1,ASSPLWGQAGDEQF,17
TRBV7-9,TRBJ2-1,ASSPLWGQDNEQF,1
TRBV7-9,TRBJ2-1,ASSPLWGQGRNEQF,1
TRBV7-9,TRBJ2-1,ASSPLWGRGVDEQF,1
TRBV7-9,TRBJ2-1,ASSPLWGRVDEQF,1
TRBV7-9,TRBJ2-1,ASSPLWGSGFREHHEQF,1
TRBV7-9,TRBJ2-1,ASSPLWGSGSDEQF,1
TRBV7-9,TRBJ2-1,ASSPLWGSSYNEQF,1
TRBV7-9,TRBJ2-1,ASSPLWGSYNEQF,2
TRBV7-9,TRBJ2-1,ASSPLWGTDYNEQF,1
TRBV7-9,TRBJ2-1,ASSPLWGVPGNEQF,1
TRBV7-9,TRBJ2-1,ASSPLWLAGGSGEQF,1
TRBV7-9,TRBJ2-1,ASSPLWNAVASYNEQF,1
TRBV7-9,TRBJ2-1,ASSPLWPPNEQF,1
TRBV7-9,TRBJ2-1,ASSPLWQEVNEQF,1
TRBV7-9,TRBJ2-1,ASSPLWRDEQF,1
TRBV7-9,TRBJ2-1,ASSPLWRDLSYNEQF,5
TRBV7-9,TRBJ2-1,ASSPLWRDSNEQF,9
TRBV7-9,TRBJ2-1,ASSPLWREDYNEQF,1
TRBV7-9,TRBJ2-1,ASSPLWREGYNEQF,1
TRBV7-9,TRBJ2-1,ASSPLWRGPRSSYNEQF,1
TRBV7-9,TRBJ2-1,ASSPLWRPSSYNEQF,1
TRBV7-9,TRBJ2-1,ASSPLWRVSYNEQF,1
TRBV7-9,TRBJ2-1,ASSPLWSANNNEQF,1
TRBV7-9,TRBJ2-1,ASSPLWSDSSYNEQF,6
TRBV7-9,TRBJ2-1,ASSPLWSEKRYEQF,1
TRBV7-9,TRBJ2-1,ASSPLWSSYDEQF,1
TRBV7-9,TRBJ2-1,ASSPLWSSYNEQF,12
TRBV7-9,TRBJ2-1,ASSPLWSSYTEQF,1
TRBV7-9,TRBJ2-1,ASSPLWSYPNEQF,1
TRBV7-9,TRBJ2-1,ASSPLWTGDYNEQF,2
TRBV7-9,TRBJ2-1,ASSPLWTGGYNEQF,1
TRBV7-9,TRBJ2-1,ASSPLWTGINAQF,1
TRBV7-9,TRBJ2-1,ASSPLWTGINEQF,7
TRBV7-9,TRBJ2-1,ASSPLWTRLGNEQF,10
TRBV7-9,TRBJ2-1,ASSPLWTSDDEQF,1
TRBV7-9,TRBJ2-1,ASSPLWTSGDNEQF,1
TRBV7-9,TRBJ2-1,ASSPLWTSGISYNEQF,1
TRBV7-9,TRBJ2-1,ASSPLWTSGMYNEQF,1
TRBV7-9,TRBJ2-1,ASSPLWTSGRAGNEQF,1
TRBV7-9,TRBJ2-1,ASSPLWTSNYNEQF,1
TRBV7-9,TRBJ2-1,ASSPLWTSPYNEQF,1
TRBV7-9,TRBJ2-1,ASSPLWTSYEQF,4
TRBV7-9,TRBJ2-1,ASSPLWTVGSYNEQF,2
TRBV7-9,TRBJ2-1,ASSPLWVAGRGNNEQF,1
TRBV7-9,TRBJ2-1,ASSPLWWGSYNEHF,1
TRBV7-9,TRBJ2-1,ASSPLWWQVNEQF,1
TRBV7-9,TRBJ2-1,ASSPLYAGTTRDEQF,1
TRBV7-9,TRBJ2-1,ASSPLYASFSDNEQF,10
TRBV7-9,TRBJ2-1,ASSPLYASSYNEQF,1
TRBV7-9,TRBJ2-1,ASSPLYDEQF,1
TRBV7-9,TRBJ2-1,ASSPLYEQF,25
TRBV7-9,TRBJ2-1,ASSPLYGASGSHKGDEQF,10
TRBV7-9,TRBJ2-1,ASSPLYGEDNEQF,1
TRBV7-9,TRBJ2-1,ASSPLYGGSGNEQF,1
TRBV7-9,TRBJ2-1,ASSPLYGGSVFDEQF,1
TRBV7-9,TRBJ2-1,ASSPLYGNSYNEQF,1
TRBV7-9,TRBJ2-1,ASSPLYGQWTSSNEQF,1
TRBV7-9,TRBJ2-1,ASSPLYGRHNEQF,1
TRBV7-9,TRBJ2-1,ASSPLYGSGHNEQF,1
TRBV7-9,TRBJ2-1,ASSPLYGSGYNEQF,14
TRBV7-9,TRBJ2-1,ASSPLYHEQF,1
TRBV7-9,TRBJ2-1,ASSPLYHNEQF,3
TRBV7-9,TRBJ2-1,ASSPLYLLSYNEQF,13
TRBV7-9,TRBJ2-1,ASSPLYNEEF,1
TRBV7-9,TRBJ2-1,ASSPLYNEHV,1
TRBV7-9,TRBJ2-1,ASSPLYNEQF,61
TRBV7-9,TRBJ2-1,ASSPLYNGQF,1
TRBV7-9,TRBJ2-1,ASSPLYPEQF,1
TRBV7-9,TRBJ2-1,ASSPLYRGERDNNEQF,1
TRBV7-9,TRBJ2-1,ASSPLYRGNNEQF,4
TRBV7-9,TRBJ2-1,ASSPLYRGRSSYNEQF,1
TRBV7-9,TRBJ2-1,ASSPLYRVSLYNEQF,1
TRBV7-9,TRBJ2-1,ASSPLYSYNEQF,1
TRBV7-9,TRBJ2-1,ASSPLYVGGEQF,1
TRBV7-9,TRBJ2-1,ASSPMAAGASYNEQF,1
TRBV7-9,TRBJ2-1,ASSPMAANEQF,1
TRBV7-9,TRBJ2-1,ASSPMAASRWHLRF,6
TRBV7-9,TRBJ2-1,ASSPMADAGQQF,1
TRBV7-9,TRBJ2-1,ASSPMAEPYNEQF,1
TRBV7-9,TRBJ2-1,ASSPMAGAGSSYNEQF,1
TRBV7-9,TRBJ2-1,ASSPMAGALYNEQF,1
TRBV7-9,TRBJ2-1,ASSPMAGEDYNEQF,5
TRBV7-9,TRBJ2-1,ASSPMAGGFYNEQF,1
TRBV7-9,TRBJ2-1,ASSPMAGGPTNEQF,1
TRBV7-9,TRBJ2-1,ASSPMAGGSNEQF,1
TRBV7-9,TRBJ2-1,ASSPMAGGSSYNEQF,1
TRBV7-9,TRBJ2-1,ASSPMAGGYNEQF,2
TRBV7-9,TRBJ2-1,ASSPMAGIEQL,1
TRBV7-9,TRBJ2-1,ASSPMAGLFRNEQF,7
TRBV7-9,TRBJ2-1,ASSPMAGLIYNEQF,1
TRBV7-9,TRBJ2-1,ASSPMAGQGASNEQF,3
TRBV7-9,TRBJ2-1,ASSPMAGRQF,5
TRBV7-9,TRBJ2-1,ASSPMAGRRNEQF,1
TRBV7-9,TRBJ2-1,ASSPMAGSFYNEQF,1
TRBV7-9,TRBJ2-1,ASSPMAGSHEQF,6
TRBV7-9,TRBJ2-1,ASSPMAGSNEQF,1
TRBV7-9,TRBJ2-1,ASSPMAGSSYNEQF,1
TRBV7-9,TRBJ2-1,ASSPMAGVAYNEQF,1
TRBV7-9,TRBJ2-1,ASSPMAGVSYNEQF,1
TRBV7-9,TRBJ2-1,ASSPMALAGANEQF,1
TRBV7-9,TRBJ2-1,ASSPMALAGIYNEQF,1
TRBV7-9,TRBJ2-1,ASSPMALANEQF,1
TRBV7-9,TRBJ2-1,ASSPMANEQF,5
TRBV7-9,TRBJ2-1,ASSPMAQRSSYNEQF,1
TRBV7-9,TRBJ2-1,ASSPMAQTSVFVNEQF,1
TRBV7-9,TRBJ2-1,ASSPMARGGNEQF,1
TRBV7-9,TRBJ2-1,ASSPMARGSYNEQF,1
TRBV7-9,TRBJ2-1,ASSPMARNRYNEQF,3
TRBV7-9,TRBJ2-1,ASSPMASFYNEQF,1
TRBV7-9,TRBJ2-1,ASSPMASGDNEQF,1
TRBV7-9,TRBJ2-1,ASSPMASGIRYNEQF,2
TRBV7-9,TRBJ2-1,ASSPMASGRNLLLDEQF,13
TRBV7-9,TRBJ2-1,ASSPMASGRYNEQF,1
TRBV7-9,TRBJ2-1,ASSPMASSNINEQF,1
TRBV7-9,TRBJ2-1,ASSPMATRQINEQF,1
TRBV7-9,TRBJ2-1,ASSPMATYNEQF,1
TRBV7-9,TRBJ2-1,ASSPMAVNNEQC,1
TRBV7-9,TRBJ2-1,ASSPMAVSYNEQF,2
TRBV7-9,TRBJ2-1,ASSPMCVSSYKEQF,1
TRBV7-9,TRBJ2-1,ASSPMDDEQF,1
TRBV7-9,TRBJ2-1,ASSPMDERGDNEQF,1
TRBV7-9,TRBJ2-1,ASSPMDGRRYNEQF,1
TRBV7-9,TRBJ2-1,ASSPMDGSSYNEQF,1
TRBV7-9,TRBJ2-1,ASSPMDIPNEQF,6
TRBV7-9,TRBJ2-1,ASSPMDLLNGQF,1
TRBV7-9,TRBJ2-1,ASSPMDNEQF,14
TRBV7-9,TRBJ2-1,ASSPMDPGRLYNEPF,1
TRBV7-9,TRBJ2-1,ASSPMDPGSFYDEQF,1
TRBV7-9,TRBJ2-1,ASSPMDPGSFYNEQF,15
TRBV7-9,TRBJ2-1,ASSPMDPGSVYNEQF,2
TRBV7-9,TRBJ2-1,ASSPMDPSYNEQF,1
TRBV7-9,TRBJ2-1,ASSPMDRDRPYNEQF,1
TRBV7-9,TRBJ2-1,ASSPMDRDSYNEQF,1
TRBV7-9,TRBJ2-1,ASSPMDRGPEQF,12
TRBV7-9,TRBJ2-1,ASSPMDRLTSYNEQF,4
TRBV7-9,TRBJ2-1,ASSPMDRVRSYNEQF,13
TRBV7-9,TRBJ2-1,ASSPMDRVRSYSEQF,1
TRBV7-9,TRBJ2-1,ASSPMDRYNEQF,4
TRBV7-9,TRBJ2-1,ASSPMDSGGNEQF,1
TRBV7-9,TRBJ2-1,ASSPMDSGSYNEQF,8
TRBV7-9,TRBJ2-1,ASSPMDSLLNEQF,7
TRBV7-9,TRBJ2-1,ASSPMDSLRSNNEQF,1
TRBV7-9,TRBJ2-1,ASSPMDSNEQF,2
TRBV7-9,TRBJ2-1,ASSPMDSYTSYNEQF,1
TRBV7-9,TRBJ2-1,ASSPMDTSSYNEQF,1
TRBV7-9,TRBJ2-1,ASSPMDTYNEQF,7
TRBV7-9,TRBJ2-1,ASSPMDTYTEQF,1
TRBV7-9,TRBJ2-1,ASSPMDWNNEQF,1
TRBV7-9,TRBJ2-1,ASSPMDWTIYNEQF,7
TRBV7-9,TRBJ2-1,ASSPMEAGGDSNEQF,18
TRBV7-9,TRBJ2-1,ASSPMEALGEQF,7
TRBV7-9,TRBJ2-1,ASSPMEASGVYNEQF,1
TRBV7-9,TRBJ2-1,ASSPMEDNYNEQF,1
TRBV7-9,TRBJ2-1,ASSPMEGLPSYNEQF,1
TRBV7-9,TRBJ2-1,ASSPMEGPLYNEQF,5
TRBV7-9,TRBJ2-1,ASSPMEGPSYNEQF,1
TRBV7-9,TRBJ2-1,ASSPMEGSAFLYNEQF,1
TRBV7-9,TRBJ2-1,ASSPMEGSYNEQF,1
TRBV7-9,TRBJ2-1,ASSPMELRVGNEQF,1
TRBV7-9,TRBJ2-1,ASSPMEMRDYNEQF,1
TRBV7-9,TRBJ2-1,ASSPMENPLYNEQF,1
TRBV7-9,TRBJ2-1,ASSPMEQSSYNEQF,1
TRBV7-9,TRBJ2-1,ASSPMERDGYNEQF,1
TRBV7-9,TRBJ2-1,ASSPMEREFRDEQF,1
TRBV7-9,TRBJ2-1,ASSPMERLDYNEQF,1
TRBV7-9,TRBJ2-1,ASSPMERRAYNEKF,1
TRBV7-9,TRBJ2-1,ASSPMERRDHNEQF,1
TRBV7-9,TRBJ2-1,ASSPMERRDNNEQF,1
TRBV7-9,TRBJ2-1,ASSPMERRDYNEQF,23
TRBV7-9,TRBJ2-1,ASSPMERTTYINEQF,1
TRBV7-9,TRBJ2-1,ASSPMESALDEQF,1
TRBV7-9,TRBJ2-1,ASSPMESYNEQF,7
TRBV7-9,TRBJ2-1,ASSPMFGVIAGVVNEQF,12
TRBV7-9,TRBJ2-1,ASSPMFLLADNEQF,12
TRBV7-9,TRBJ2-1,ASSPMGAEQF,22
TRBV7-9,TRBJ2-1,ASSPMGAEVDIYEQF,1
TRBV7-9,TRBJ2-1,ASSPMGAGGLSYNEQF,1
TRBV7-9,TRBJ2-1,ASSPMGAGGPNDEQF,1
TRBV7-9,TRBJ2-1,ASSPMGAKGAGYNEQF,10
TRBV7-9,TRBJ2-1,ASSPMGAKGARYNEQF,1
TRBV7-9,TRBJ2-1,ASSPMGAKGAVYNEQF,2
TRBV7-9,TRBJ2-1,ASSPMGAPSYNEQF,2
TRBV7-9,TRBJ2-1,ASSPMGARSDEQF,1
TRBV7-9,TRBJ2-1,ASSPMGARTSGHNEQF,4
TRBV7-9,TRBJ2-1,ASSPMGASGGQDNEQF,9
TRBV7-9,TRBJ2-1,ASSPMGASGRYNEQF,1
TRBV7-9,TRBJ2-1,ASSPMGASSYNEQF,1
TRBV7-9,TRBJ2-1,ASSPMGAVNEQF,1
TRBV7-9,TRBJ2-1,ASSPMGAVYNEQF,5
TRBV7-9,TRBJ2-1,ASSPMGAVYNEQS,1
TRBV7-9,TRBJ2-1,ASSPMGAYNEQF,2
TRBV7-9,TRBJ2-1,ASSPMGDAGQQF,11
TRBV7-9,TRBJ2-1,ASSPMGDYNEQF,1
TRBV7-9,TRBJ2-1,ASSPMGESYNEQF,1
TRBV7-9,TRBJ2-1,ASSPMGGADEQF,1
TRBV7-9,TRBJ2-1,ASSPMGGADNEQF,1
TRBV7-9,TRBJ2-1,ASSPMGGDEQF,2
TRBV7-9,TRBJ2-1,ASSPMGGDWQF,12
TRBV7-9,TRBJ2-1,ASSPMGGGEQF,5
TRBV7-9,TRBJ2-1,ASSPMGGGNEQF,1
TRBV7-9,TRBJ2-1,ASSPMGGGQDEQF,1
TRBV7-9,TRBJ2-1,ASSPMGGGYNEQF,9
TRBV7-9,TRBJ2-1,ASSPMGGIYNEQF,1
TRBV7-9,TRBJ2-1,ASSPMGGLADEQF,1
TRBV7-9,TRBJ2-1,ASSPMGGLGYNEQF,1
TRBV7-9,TRBJ2-1,ASSPMGGLYNEQF,6
TRBV7-9,TRBJ2-1,ASSPMGGNEQF,1
TRBV7-9,TRBJ2-1,ASSPMGGNSDNEQF,1
TRBV7-9,TRBJ2-1,ASSPMGGPGLAGNHEQF,1
TRBV7-9,TRBJ2-1,ASSPMGGPSYNEQF,1
TRBV7-9,TRBJ2-1,ASSPMGGQGSEQF,17
TRBV7-9,TRBJ2-1,ASSPMGGRDNEQF,1
TRBV7-9,TRBJ2-1,ASSPMGGRNEQF,1
TRBV7-9,TRBJ2-1,ASSPMGGSAYNEQF,2
TRBV7-9,TRBJ2-1,ASSPMGGSGHNEQF,1
TRBV7-9,TRBJ2-1,ASSPMGGSGRSNEQF,1
TRBV7-9,TRBJ2-1,ASSPMGGSSYNEQF,1
TRBV7-9,TRBJ2-1,ASSPMGGSVNEQF,1
TRBV7-9,TRBJ2-1,ASSPMGGTADEQF,1
TRBV7-9,TRBJ2-1,ASSPMGGTAKYNEQF,1
TRBV7-9,TRBJ2-1,ASSPMGGTNNEQF,1
TRBV7-9,TRBJ2-1,ASSPMGGTRGVNNEQF,1
TRBV7-9,TRBJ2-1,ASSPMGGTSYNEQF,1
TRBV7-9,TRBJ2-1,ASSPMGGVYNEQF,4
TRBV7-9,TRBJ2-1,ASSPMGGYEQF,2
TRBV7-9,TRBJ2-1,ASSPMGKAYNEQF,1
TRBV7-9,TRBJ2-1,ASSPMGLAASYNEQF,4
TRBV7-9,TRBJ2-1,ASSPMGLADNEQF,1
TRBV7-9,TRBJ2-1,ASSPMGLAGAGNEQF,1
TRBV7-9,TRBJ2-1,ASSPMGLAGGGEQF,7
TRBV7-9,TRBJ2-1,ASSPMGLAGGPRNEQF,1
TRBV7-9,TRBJ2-1,ASSPMGLAGGPSYNEQF,1
TRBV7-9,TRBJ2-1,ASSPMGLAGNEQF,2
TRBV7-9,TRBJ2-1,ASSPMGLAGSNEQF,1
TRBV7-9,TRBJ2-1,ASSPMGLAGVNEQF,11
TRBV7-9,TRBJ2-1,ASSPMGLAGYNEQF,1
TRBV7-9,TRBJ2-1,ASSPMGLASPNEQF,3
TRBV7-9,TRBJ2-1,ASSPMGLAVANEQF,3
TRBV7-9,TRBJ2-1,ASSPMGLAVTNEQF,1
TRBV7-9,TRBJ2-1,ASSPMGLAVYNEQF,1
TRBV7-9,TRBJ2-1,ASSPMGLAWDEQF,11
TRBV7-9,TRBJ2-1,ASSPMGLFSYNEQF,14
TRBV7-9,TRBJ2-1,ASSPMGLGDEQF,1
TRBV7-9,TRBJ2-1,ASSPMGLPYDEQF,1
TRBV7-9,TRBJ2-1,ASSPMGLQIYNEQF,6
TRBV7-9,TRBJ2-1,ASSPMGLSGNEQF,1
TRBV7-9,TRBJ2-1,ASSPMGLSSYNEQF,1
TRBV7-9,TRBJ2-1,ASSPMGLVGEQF,4
TRBV7-9,TRBJ2-1,ASSPMGLVSYNEQF,1
TRBV7-9,TRBJ2-1,ASSPMGNEQF,3
TRBV7-9,TRBJ2-1,ASSPMGNNEQF,3
TRBV7-9,TRBJ2-1,ASSPMGPDEQF,2
TRBV7-9,TRBJ2-1,ASSPMGPGLVRFDEQF,1
TRBV7-9,TRBJ2-1,ASSPMGPHNEQF,1
TRBV7-9,TRBJ2-1,ASSPMGPKTYNEQF,1
TRBV7-9,TRBJ2-1,ASSPMGPQYNEQF,1
TRBV7-9,TRBJ2-1,ASSPMGPSSYNEQF,1
TRBV7-9,TRBJ2-1,ASSPMGPTEQF,6
TRBV7-9,TRBJ2-1,ASSPMGPTEQV,2
TRBV7-9,TRBJ2-1,ASSPMGPWGGGNEQF,1
TRBV7-9,TRBJ2-1,ASSPMGPYNEQF,1
TRBV7-9,TRBJ2-1,ASSPMGQGAGNEQF,1
TRBV7-9,TRBJ2-1,ASSPMGQGAPNEQF,1
TRBV7-9,TRBJ2-1,ASSPMGQGAYNEQF,1
TRBV7-9,TRBJ2-1,ASSPMGQGEGWMNNEQF,1
TRBV7-9,TRBJ2-1,ASSPMGQGGSYNEQF,1
TRBV7-9,TRBJ2-1,ASSPMGQGHGNEQF,1
TRBV7-9,TRBJ2-1,ASSPMGQGRFNEQF,1
TRBV7-9,TRBJ2-1,ASSPMGQGYNEQF,6
TRBV7-9,TRBJ2-1,ASSPMGQKYNEQF,1
TRBV7-9,TRBJ2-1,ASSPMGQSYNEQF,1
TRBV7-9,TRBJ2-1,ASSPMGRATYNEQF,1
TRBV7-9,TRBJ2-1,ASSPMGRAYGNEQF,1
TRBV7-9,TRBJ2-1,ASSPMGRGLDNEQF,1
TRBV7-9,TRBJ2-1,ASSPMGRGPKFYNEQF,1
TRBV7-9,TRBJ2-1,ASSPMGRHEQF,1
TRBV7-9,TRBJ2-1,ASSPMGRINEQF,1
TRBV7-9,TRBJ2-1,ASSPMGRLDLNEQF,1
TRBV7-9,TRBJ2-1,ASSPMGRNEQF,1
TRBV7-9,TRBJ2-1,ASSPMGRSPYNEQF,1
TRBV7-9,TRBJ2-1,ASSPMGSAWDEQF,2
TRBV7-9,TRBJ2-1,ASSPMGSGRVNEQF,5
TRBV7-9,TRBJ2-1,ASSPMGSGTYNEQF,1
TRBV7-9,TRBJ2-1,ASSPMGSITNYNEQF,1
TRBV7-9,TRBJ2-1,ASSPMGSPSYNEQF,1
TRBV7-9,TRBJ2-1,ASSPMGSSGNNEQF,1
TRBV7-9,TRBJ2-1,ASSPMGSSYNEQF,3
TRBV7-9,TRBJ2-1,ASSPMGSYNEQF,4
TRBV7-9,TRBJ2-1,ASSPMGTGASNEQF,4
TRBV7-9,TRBJ2-1,ASSPMGTGEHEQF,1
TRBV7-9,TRBJ2-1,ASSPMGTGIYNEQF,9
TRBV7-9,TRBJ2-1,ASSPMGTGKSSYNEQF,1
TRBV7-9,TRBJ2-1,ASSPMGTGRNEQF,1
TRBV7-9,TRBJ2-1,ASSPMGTGVNEQF,1
TRBV7-9,TRBJ2-1,ASSPMGTGVYNEQF,1
TRBV7-9,TRBJ2-1,ASSPMGTIHNEQF,1
TRBV7-9,TRBJ2-1,ASSPMGTIYNEQF,7
TRBV7-9,TRBJ2-1,ASSPMGTRKENEQF,1
TRBV7-9,TRBJ2-1,ASSPMGTSARRGDEQF,1
TRBV7-9,TRBJ2-1,ASSPMGTSASHEQF,12
TRBV7-9,TRBJ2-1,ASSPMGTSASNEQF,1
TRBV7-9,TRBJ2-1,ASSPMGTSGRESYNEQF,1
TRBV7-9,TRBJ2-1,ASSPMGTSSYNEQF,19
TRBV7-9,TRBJ2-1,ASSPMGTSSYNGQF,1
TRBV7-9,TRBJ2-1,ASSPMGVAGGHEQF,1
TRBV7-9,TRBJ2-1,ASSPMGVGLANEQF,1
TRBV7-9,TRBJ2-1,ASSPMGVHHGYNEQF,5
TRBV7-9,TRBJ2-1,ASSPMGVHNEQF,1
TRBV7-9,TRBJ2-1,ASSPMGVNEQF,1
TRBV7-9,TRBJ2-1,ASSPMGVRGNEQF,1
TRBV7-9,TRBJ2-1,ASSPMGVSGSGYNEQF,1
TRBV7-9,TRBJ2-1,ASSPMGVSYNEQF,1
TRBV7-9,TRBJ2-1,ASSPMGVVDNEQF,2
TRBV7-9,TRBJ2-1,ASSPMGWDEQF,1
TRBV7-9,TRBJ2-1,ASSPMGYLHNEQF,1
TRBV7-9,TRBJ2-1,ASSPMGYNEQF,2
TRBV7-9,TRBJ2-1,ASSPMGYSPRGNEQF,1
TRBV7-9,TRBJ2-1,ASSPMGYSYNEQF,4
TRBV7-9,TRBJ2-1,ASSPMGYYNEQF,4
TRBV7-9,TRBJ2-1,ASSPMHATYNEQF,1
TRBV7-9,TRBJ2-1,ASSPMHEQF,2
TRBV7-9,TRBJ2-1,ASSPMHSKTSWSYNEQF,1
TRBV7-9,TRBJ2-1,ASSPMIGGWDEQF,1
TRBV7-9,TRBJ2-1,ASSPMIGYNEQF,1
TRBV7-9,TRBJ2-1,ASSPMIQGANEQF,1
TRBV7-9,TRBJ2-1,ASSPMIRGRDEQF,1
TRBV7-9,TRBJ2-1,ASSPMIRLAGVYNEQF,1
TRBV7-9,TRBJ2-1,ASSPMIVRTRLNEQF,1
TRBV7-9,TRBJ2-1,ASSPMIYNEQF,1
TRBV7-9,TRBJ2-1,ASSPMKAGVAYNEQF,1
TRBV7-9,TRBJ2-1,ASSPMKGRNEQF,1
TRBV7-9,TRBJ2-1,ASSPMKGSNEQF,3
TRBV7-9,TRBJ2-1,ASSPMKGSTEQF,1
TRBV7-9,TRBJ2-1,ASSPMLAGGNEQF,1
TRBV7-9,TRBJ2-1,ASSPMLAGGRLNEQF,6
TRBV7-9,TRBJ2-1,ASSPMLAGSYNEQF,4
TRBV7-9,TRBJ2-1,ASSPMLAGYNEQF,8
TRBV7-9,TRBJ2-1,ASSPMLALAGLLNEQF,1
TRBV7-9,TRBJ2-1,ASSPMLDEQF,2
TRBV7-9,TRBJ2-1,ASSPMLDGSYNEQF,9
TRBV7-9,TRBJ2-1,ASSPMLGAPYF,3
TRBV7-9,TRBJ2-1,ASSPMLGARYNEQF,5
TRBV7-9,TRBJ2-1,ASSPMLGEYNEQF,11
TRBV7-9,TRBJ2-1,ASSPMLGEYNEQS,2
TRBV7-9,TRBJ2-1,ASSPMLGLQNEQF,1
TRBV7-9,TRBJ2-1,ASSPMLGSSYNEQF,1
TRBV7-9,TRBJ2-1,ASSPMLGYEQC,1
TRBV7-9,TRBJ2-1,ASSPMLGYEQF,7
TRBV7-9,TRBJ2-1,ASSPMLLYNEQF,1
TRBV7-9,TRBJ2-1,ASSPMLNDEQF,1
TRBV7-9,TRBJ2-1,ASSPMLRRGYNEQF,1
TRBV7-9,TRBJ2-1,ASSPMLSSYNEQF,1
TRBV7-9,TRBJ2-1,ASSPMLTGTSYNEQF,1
TRBV7-9,TRBJ2-1,ASSPMLVSVLPYNEQF,3
TRBV7-9,TRBJ2-1,ASSPMMGGEF,3
TRBV7-9,TRBJ2-1,ASSPMMGLAGVNEQF,4
TRBV7-9,TRBJ2-1,ASSPMMGTGTRHHEQF,1
TRBV7-9,TRBJ2-1,ASSPMNEQF,14
TRBV7-9,TRBJ2-1,ASSPMNFYNEQF,1
TRBV7-9,TRBJ2-1,ASSPMNGQF,1
TRBV7-9,TRBJ2-1,ASSPMNGSSYNEQF,1
TRBV7-9,TRBJ2-1,ASSPMNNEQF,6
TRBV7-9,TRBJ2-1,ASSPMNRDEQF,4
TRBV7-9,TRBJ2-1,ASSPMNRGSNKQF,1
TRBV7-9,TRBJ2-1,ASSPMNYGGGLSYNEQF,5
TRBV7-9,TRBJ2-1,ASSPMPETINEQF,5
TRBV7-9,TRBJ2-1,ASSPMPGDDEQF,7
TRBV7-9,TRBJ2-1,ASSPMPGLGKNEQF,1
TRBV7-9,TRBJ2-1,ASSPMPGRRNEQF,12
TRBV7-9,TRBJ2-1,ASSPMPGTLDEQF,1
TRBV7-9,TRBJ2-1,ASSPMPKDRVYNEQF,1
TRBV7-9,TRBJ2-1,ASSPMPNPGECPF,1
TRBV7-9,TRBJ2-1,ASSPMPNTGEGPF,1
TRBV7-9,TRBJ2-1,ASSPMPPGTSGSNEQF,1
TRBV7-9,TRBJ2-1,ASSPMPPSGRYNEQF,1
TRBV7-9,TRBJ2-1,ASSPMPSAYNEQF,1
TRBV7-9,TRBJ2-1,ASSPMPTRRNEQF,1
TRBV7-9,TRBJ2-1,ASSPMPTSGVYNEQF,1
TRBV7-9,TRBJ2-1,ASSPMPWDREKTNEQF,1
TRBV7-9,TRBJ2-1,ASSPMQGAVYNEQF,1
TRBV7-9,TRBJ2-1,ASSPMQGRGYNEQF,1
TRBV7-9,TRBJ2-1,ASSPMQGSSYNEQF,1
TRBV7-9,TRBJ2-1,ASSPMQLAGAYNEQF,4
TRBV7-9,TRBJ2-1,ASSPMQPYRAYNEQF,1
TRBV7-9,TRBJ2-1,ASSPMQRGNNEQF,1
TRBV7-9,TRBJ2-1,ASSPMQSSGHNEQF,4
TRBV7-9,TRBJ2-1,ASSPMRADDNEQF,1
TRBV7-9,TRBJ2-1,ASSPMRDEQF,1
TRBV7-9,TRBJ2-1,ASSPMRDNEQF,1
TRBV7-9,TRBJ2-1,ASSPMRDRDEQF,1
TRBV7-9,TRBJ2-1,ASSPMRELYNEQF,1
TRBV7-9,TRBJ2-1,ASSPMRERPNNEQF,1
TRBV7-9,TRBJ2-1,ASSPMREVNEQF,5
TRBV7-9,TRBJ2-1,ASSPMREWDSNEQF,7
TRBV7-9,TRBJ2-1,ASSPMRGGSYNEQF,1
TRBV7-9,TRBJ2-1,ASSPMRGGTYNEQF,2
TRBV7-9,TRBJ2-1,ASSPMRGGYNEQF,1
TRBV7-9,TRBJ2-1,ASSPMRGKGGNEQF,1
TRBV7-9,TRBJ2-1,ASSPMRGLGNEQF,1
TRBV7-9,TRBJ2-1,ASSPMRGNNEQF,1
TRBV7-9,TRBJ2-1,ASSPMRGPSSYNEQF,12
TRBV7-9,TRBJ2-1,ASSPMRGPYNEQF,1
TRBV7-9,TRBJ2-1,ASSPMRGRYNEQF,1
TRBV7-9,TRBJ2-1,ASSPMRGTYNEQF,1
TRBV7-9,TRBJ2-1,ASSPMRGYNEQF,6
TRBV7-9,TRBJ2-1,ASSPMRLAGYNEQF,9
TRBV7-9,TRBJ2-1,ASSPMRLASGQYNEQF,1
TRBV7-9,TRBJ2-1,ASSPMRSYNEQF,1
TRBV7-9,TRBJ2-1,ASSPMRTEPNEQF,5
TRBV7-9,TRBJ2-1,ASSPMRVTVGDDQF,1
TRBV7-9,TRBJ2-1,ASSPMRVTVGDEQF,11
TRBV7-9,TRBJ2-1,ASSPMSAADEQF,4
TRBV7-9,TRBJ2-1,ASSPMSAGDKEEF,1
TRBV7-9,TRBJ2-1,ASSPMSGNDNEQF,1
TRBV7-9,TRBJ2-1,ASSPMSGPDYNEQF,1
TRBV7-9,TRBJ2-1,ASSPMSGRAF,2
TRBV7-9,TRBJ2-1,ASSPMSGRDEQF,1
TRBV7-9,TRBJ2-1,ASSPMSGRVMDEQF,16
TRBV7-9,TRBJ2-1,ASSPMSGSHNNEQF,1
TRBV7-9,TRBJ2-1,ASSPMSGSSPYNEQF,1
TRBV7-9,TRBJ2-1,ASSPMSGSSYNEQF,2
TRBV7-9,TRBJ2-1,ASSPMSGSYNEQF,9
TRBV7-9,TRBJ2-1,ASSPMSGTYNEQF,1
TRBV7-9,TRBJ2-1,ASSPMSGVGNEQF,14
TRBV7-9,TRBJ2-1,ASSPMSGVTSYNEQF,9
TRBV7-9,TRBJ2-1,ASSPMSGYSYNEQF,1
TRBV7-9,TRBJ2-1,ASSPMSGYYNEQF,1
TRBV7-9,TRBJ2-1,ASSPMSHNEQF,1
TRBV7-9,TRBJ2-1,ASSPMSNEQF,2
TRBV7-9,TRBJ2-1,ASSPMSNNEQF,7
TRBV7-9,TRBJ2-1,ASSPMSSYNEQF,4
TRBV7-9,TRBJ2-1,ASSPMSTNEQF,1
TRBV7-9,TRBJ2-1,ASSPMSVSGNEQF,1
TRBV7-9,TRBJ2-1,ASSPMSYNEQF,2
TRBV7-9,TRBJ2-1,ASSPMTAFNNEQF,1
TRBV7-9,TRBJ2-1,ASSPMTASGSNEQF,17
TRBV7-9,TRBJ2-1,ASSPMTDSYNEQF,13
TRBV7-9,TRBJ2-1,ASSPMTDYNEQF,14
TRBV7-9,TRBJ2-1,ASSPMTEEYNEQF,1
TRBV7-9,TRBJ2-1,ASSPMTEYNEQF,1
TRBV7-9,TRBJ2-1,ASSPMTGAQQF,16
TRBV7-9,TRBJ2-1,ASSPMTGDSYNEQF,1
TRBV7-9,TRBJ2-1,ASSPMTGFYNEQF,1
TRBV7-9,TRBJ2-1,ASSPMTGGAIDNEQF,1
TRBV7-9,TRBJ2-1,ASSPMTGGLKGDEQF,1
TRBV7-9,TRBJ2-1,ASSPMTGGNYNEQF,1
TRBV7-9,TRBJ2-1,ASSPMTGGSYNEQF,1
TRBV7-9,TRBJ2-1,ASSPMTGIDEQF,1
TRBV7-9,TRBJ2-1,ASSPMTGLAAYNEQF,1
TRBV7-9,TRBJ2-1,ASSPMTGLEGQPYNEQF,1
TRBV7-9,TRBJ2-1,ASSPMTGNSDNEQF,3
TRBV7-9,TRBJ2-1,ASSPMTGRKGGNEQF,1
TRBV7-9,TRBJ2-1,ASSPMTGSTEQF,27
TRBV7-9,TRBJ2-1,ASSPMTGTGANEQF,1
TRBV7-9,TRBJ2-1,ASSPMTGTSYNEQF,1
TRBV7-9,TRBJ2-1,ASSPMTGYNEQF,14
TRBV7-9,TRBJ2-1,ASSPMTHGGNEQF,1
TRBV7-9,TRBJ2-1,ASSPMTHNEQF,1
TRBV7-9,TRBJ2-1,ASSPMTHRFYNEQF,1
TRBV7-9,TRBJ2-1,ASSPMTLPGRSYNEQF,1
TRBV7-9,TRBJ2-1,ASSPMTLSNEQF,1
TRBV7-9,TRBJ2-1,ASSPMTLSYNEQF,1
TRBV7-9,TRBJ2-1,ASSPMTPGDEQF,1
TRBV7-9,TRBJ2-1,ASSPMTPLRIGDEQF,1
TRBV7-9,TRBJ2-1,ASSPMTPVDEQF,1
TRBV7-9,TRBJ2-1,ASSPMTRGGHEQF,1
TRBV7-9,TRBJ2-1,ASSPMTRGGNEQF,40
TRBV7-9,TRBJ2-1,ASSPMTRGNEQF,1
TRBV7-9,TRBJ2-1,ASSPMTRRGTYNEQF,1
TRBV7-9,TRBJ2-1,ASSPMTSFGRDEQF,1
TRBV7-9,TRBJ2-1,ASSPMTSFNEQF,1
TRBV7-9,TRBJ2-1,ASSPMTSGASSYNEQF,1
TRBV7-9,TRBJ2-1,ASSPMTSGFGNEQF,1
TRBV7-9,TRBJ2-1,ASSPMTSGGRRNEQF,1
TRBV7-9,TRBJ2-1,ASSPMTSGGRYNEQF,1
TRBV7-9,TRBJ2-1,ASSPMTSGGYNEQF,3
TRBV7-9,TRBJ2-1,ASSPMTSGILPNEQF,2
TRBV7-9,TRBJ2-1,ASSPMTSGIMGDEQF,16
TRBV7-9,TRBJ2-1,ASSPMTSGIMGDEQI,1
TRBV7-9,TRBJ2-1,ASSPMTSGKSNYNEQF,1
TRBV7-9,TRBJ2-1,ASSPMTSGKSSYNEQF,1
TRBV7-9,TRBJ2-1,ASSPMTSGLKNEQF,1
TRBV7-9,TRBJ2-1,ASSPMTSGMYNEQF,2
TRBV7-9,TRBJ2-1,ASSPMTSGNEQF,4
TRBV7-9,TRBJ2-1,ASSPMTSGNNEQF,3
TRBV7-9,TRBJ2-1,ASSPMTSGNSEQF,2
TRBV7-9,TRBJ2-1,ASSPMTSGNYNEQF,5
TRBV7-9,TRBJ2-1,ASSPMTSGRAREQF,1
TRBV7-9,TRBJ2-1,ASSPMTSGRASYNEQF,1
TRBV7-9,TRBJ2-1,ASSPMTSGRGYNEQF,1
TRBV7-9,TRBJ2-1,ASSPMTSGRNEQF,1
TRBV7-9,TRBJ2-1,ASSPMTSGRRNEQF,1
TRBV7-9,TRBJ2-1,ASSPMTSGRSHEQF,1
TRBV7-9,TRBJ2-1,ASSPMTSGRSREQF,9
TRBV7-9,TRBJ2-1,ASSPMTSGRSYNEQF,1
TRBV7-9,TRBJ2-1,ASSPMTSGRVNYNEQF,1
TRBV7-9,TRBJ2-1,ASSPMTSGSAYEQF,1
TRBV7-9,TRBJ2-1,ASSPMTSGSHEQF,1
TRBV7-9,TRBJ2-1,ASSPMTSGSSYNEQF,1
TRBV7-9,TRBJ2-1,ASSPMTSGTIYNEQF,1
TRBV7-9,TRBJ2-1,ASSPMTSGTYNEQF,2
TRBV7-9,TRBJ2-1,ASSPMTSGYYNEQF,1
TRBV7-9,TRBJ2-1,ASSPMTSVDYNEQF,1
TRBV7-9,TRBJ2-1,ASSPMTSVYNEQF,1
TRBV7-9,TRBJ2-1,ASSPMTSWRQF,1
TRBV7-9,TRBJ2-1,ASSPMTTEGHEQF,1
TRBV7-9,TRBJ2-1,ASSPMTTLGLYNEQF,1
TRBV7-9,TRBJ2-1,ASSPMTVNEQF,1
TRBV7-9,TRBJ2-1,ASSPMTVSSYNEQF,6
TRBV7-9,TRBJ2-1,ASSPMTVTTAGGHEQF,10
TRBV7-9,TRBJ2-1,ASSPMTVYNEQF,2
TRBV7-9,TRBJ2-1,ASSPMVAGANEQF,1
TRBV7-9,TRBJ2-1,ASSPMVAGGGNEQF,1
TRBV7-9,TRBJ2-1,ASSPMVAGLYNEQF,1
TRBV7-9,TRBJ2-1,ASSPMVAGVNEQF,14
TRBV7-9,TRBJ2-1,ASSPMVAGVNEQV,1
TRBV7-9,TRBJ2-1,ASSPMVAVLEVEQF,11
TRBV7-9,TRBJ2-1,ASSPMVAYEQF,1
TRBV7-9,TRBJ2-1,ASSPMVGDEQF,1
TRBV7-9,TRBJ2-1,ASSPMVGFVEEQF,5
TRBV7-9,TRBJ2-1,ASSPMVGLANEQF,5
TRBV7-9,TRBJ2-1,ASSPMVLADNEQF,1
TRBV7-9,TRBJ2-1,ASSPMVLINEQF,5
TRBV7-9,TRBJ2-1,ASSPMVNEQF,8
TRBV7-9,TRBJ2-1,ASSPMVPSYNEQF,1
TRBV7-9,TRBJ2-1,ASSPMVQSAYNEQF,1
TRBV7-9,TRBJ2-1,ASSPMVQSSYKEQF,1
TRBV7-9,TRBJ2-1,ASSPMVQSSYNEQF,28
TRBV7-9,TRBJ2-1,ASSPMVRECDEQF,1
TRBV7-9,TRBJ2-1,ASSPMVREWDEQF,74
TRBV7-9,TRBJ2-1,ASSPMVREWDEQY,1
TRBV7-9,TRBJ2-1,ASSPMVREWDERF,1
TRBV7-9,TRBJ2-1,ASSPMVRGEQF,12
TRBV7-9,TRBJ2-1,ASSPMVRGGLYNEQF,1
TRBV7-9,TRBJ2-1,ASSPMVSFTNEQF,1
TRBV7-9,TRBJ2-1,ASSPMVSGFYNEQF,1
TRBV7-9,TRBJ2-1,ASSPMVSGSSYNEQF,2
TRBV7-9,TRBJ2-1,ASSPMVSSYNEQF,1
TRBV7-9,TRBJ2-1,ASSPMVSVGQRYNEQF,1
TRBV7-9,TRBJ2-1,ASSPMVSYNEQF,1
TRBV7-9,TRBJ2-1,ASSPMVTGTSMVEQF,3
TRBV7-9,TRBJ2-1,ASSPMVVGSRSYNEQF,3
TRBV7-9,TRBJ2-1,ASSPMVVHEQF,1
TRBV7-9,TRBJ2-1,ASSPMWDRVYNEQF,1
TRBV7-9,TRBJ2-1,ASSPMWDSGVYNEQF,1
TRBV7-9,TRBJ2-1,ASSPMWGQRYNEQF,1
TRBV7-9,TRBJ2-1,ASSPMWGVGNEQF,2
TRBV7-9,TRBJ2-1,ASSPMWGVMGQHEQF,1
TRBV7-9,TRBJ2-1,ASSPMWNEQF,1
TRBV7-9,TRBJ2-1,ASSPMWRPYNEQF,1
TRBV7-9,TRBJ2-1,ASSPMWRSGYNEQF,1
TRBV7-9,TRBJ2-1,ASSPMWSEQF,1
TRBV7-9,TRBJ2-1,ASSPMWTSAYNEQF,1
TRBV7-9,TRBJ2-1,ASSPMWTSGTSYNEQF,1
TRBV7-9,TRBJ2-1,ASSPMYGSYNEQF,1
TRBV7-9,TRBJ2-1,ASSPMYYYNEQF,1
TRBV7-9,TRBJ2-1,ASSPNAAGAYNEQF,1
TRBV7-9,TRBJ2-1,ASSPNAAGEYEQF,1
TRBV7-9,TRBJ2-1,ASSPNAAGGNYEQF,1
TRBV7-9,TRBJ2-1,ASSPNADNEQF,1
TRBV7-9,TRBJ2-1,ASSPNADSQYNEQF,1
TRBV7-9,TRBJ2-1,ASSPNAFRATYNEQF,4
TRBV7-9,TRBJ2-1,ASSPNAFVPPNEQF,1
TRBV7-9,TRBJ2-1,ASSPNAGAGNEQF,1
TRBV7-9,TRBJ2-1,ASSPNAGDAYNEQF,1
TRBV7-9,TRBJ2-1,ASSPNAGDYEQF,1
TRBV7-9,TRBJ2-1,ASSPNAGGRASDEQF,5
TRBV7-9,TRBJ2-1,ASSPNAGGSYNEQF,2
TRBV7-9,TRBJ2-1,ASSPNAGRPLSNEQF,1
TRBV7-9,TRBJ2-1,ASSPNAGSSYNEQF,1
TRBV7-9,TRBJ2-1,ASSPNAGSYNEQF,1
TRBV7-9,TRBJ2-1,ASSPNAGTIYEQF,1
TRBV7-9,TRBJ2-1,ASSPNAGTLSYNEQF,9
TRBV7-9,TRBJ2-1,ASSPNAGTSGDNEQF,7
TRBV7-9,TRBJ2-1,ASSPNAGTSRYNEQF,1
TRBV7-9,TRBJ2-1,ASSPNAGVGGFYNEQF,1
TRBV7-9,TRBJ2-1,ASSPNAGVTYNEQF,1
TRBV7-9,TRBJ2-1,ASSPNAGWDEQF,1
TRBV7-9,TRBJ2-1,ASSPNAHDNEQF,1
TRBV7-9,TRBJ2-1,ASSPNAIGEQF,1
TRBV7-9,TRBJ2-1,ASSPNAKEQG,1
TRBV7-9,TRBJ2-1,ASSPNALAGSYNEQF,1
TRBV7-9,TRBJ2-1,ASSPNALANEQF,1
TRBV7-9,TRBJ2-1,ASSPNALGEQF,2
TRBV7-9,TRBJ2-1,ASSPNANNEQF,1
TRBV7-9,TRBJ2-1,ASSPNAPGLLYNEQF,1
TRBV7-9,TRBJ2-1,ASSPNARNEQF,1
TRBV7-9,TRBJ2-1,ASSPNASPYNEQF,4
TRBV7-9,TRBJ2-1,ASSPNATNEQF,1
TRBV7-9,TRBJ2-1,ASSPNAVVVNEQF,1
TRBV7-9,TRBJ2-1,ASSPNAWREGVNEQF,1
TRBV7-9,TRBJ2-1,ASSPNAWTSGNEQF,1
TRBV7-9,TRBJ2-1,ASSPNCNEQC,2
TRBV7-9,TRBJ2-1,ASSPNCNEQF,6
TRBV7-9,TRBJ2-1,ASSPNCSPGERVQF,1
TRBV7-9,TRBJ2-1,ASSPNCYEQF,2
TRBV7-9,TRBJ2-1,ASSPNDCLFSEQV,1
TRBV7-9,TRBJ2-1,ASSPNDDRYNEQF,1
TRBV7-9,TRBJ2-1,ASSPNDEQF,3
TRBV7-9,TRBJ2-1,ASSPNDGDYNEQF,1
TRBV7-9,TRBJ2-1,ASSPNDGNSYNEQF,1
TRBV7-9,TRBJ2-1,ASSPNDGSSYNEQF,1
TRBV7-9,TRBJ2-1,ASSPNDLARNEQF,1
TRBV7-9,TRBJ2-1,ASSPNDLSDEQF,2
TRBV7-9,TRBJ2-1,ASSPNDLYNEQF,1
TRBV7-9,TRBJ2-1,ASSPNDNEQF,1
TRBV7-9,TRBJ2-1,ASSPNDPRGNEQF,11
TRBV7-9,TRBJ2-1,ASSPNDQGWNEQF,1
TRBV7-9,TRBJ2-1,ASSPNDREFYNEQF,1
TRBV7-9,TRBJ2-1,ASSPNDRGNYNEQF,1
TRBV7-9,TRBJ2-1,ASSPNDRGPYYNEQF,12
TRBV7-9,TRBJ2-1,ASSPNDRGSYNEQF,1
TRBV7-9,TRBJ2-1,ASSPNDRKYEQF,1
TRBV7-9,TRBJ2-1,ASSPNDRLANDEQF,1
TRBV7-9,TRBJ2-1,ASSPNDRTEQF,16
TRBV7-9,TRBJ2-1,ASSPNDTSGRRNEQF,1
TRBV7-9,TRBJ2-1,ASSPNEAYNEQF,1
TRBV7-9,TRBJ2-1,ASSPNEGAFLNEQF,8
TRBV7-9,TRBJ2-1,ASSPNEGGFLNEQF,1
TRBV7-9,TRBJ2-1,ASSPNEGLAREQF,11
TRBV7-9,TRBJ2-1,ASSPNEGPYNEQF,5
TRBV7-9,TRBJ2-1,ASSPNEGSSYNEQF,3
TRBV7-9,TRBJ2-1,ASSPNEGTSSNEQF,1
TRBV7-9,TRBJ2-1,ASSPNEGYEQF,14
TRBV7-9,TRBJ2-1,ASSPNELF,1
TRBV7-9,TRBJ2-1,ASSPNELPYNEQF,4
TRBV7-9,TRBJ2-1,ASSPNENEQF,2
TRBV7-9,TRBJ2-1,ASSPNEQF,59
TRBV7-9,TRBJ2-1,ASSPNEQGNNEQF,1
TRBV7-9,TRBJ2-1,ASSPNERDVYNEQF,7
TRBV7-9,TRBJ2-1,ASSPNETGDEQF,2
TRBV7-9,TRBJ2-1,ASSPNEWDEQF,1
TRBV7-9,TRBJ2-1,ASSPNEWSNEQF,1
TRBV7-9,TRBJ2-1,ASSPNFAGGPNEQF,1
TRBV7-9,TRBJ2-1,ASSPNFCSGGRYNEQF,1
TRBV7-9,TRBJ2-1,ASSPNFDNEQF,1
TRBV7-9,TRBJ2-1,ASSPNFEGWTNEQF,1
TRBV7-9,TRBJ2-1,ASSPNFEIHEQF,1
TRBV7-9,TRBJ2-1,ASSPNFGGRSNEQF,1
TRBV7-9,TRBJ2-1,ASSPNFGRYYNEQF,1
TRBV7-9,TRBJ2-1,ASSPNFGTAYNEQF,1
TRBV7-9,TRBJ2-1,ASSPNFHEQF,1
TRBV7-9,TRBJ2-1,ASSPNFKDPF,1
TRBV7-9,TRBJ2-1,ASSPNFKEHF,1
TRBV7-9,TRBJ2-1,ASSPNFKEQF,6
TRBV7-9,TRBJ2-1,ASSPNFKKQF,1
TRBV7-9,TRBJ2-1,ASSPNFKVQF,1
TRBV7-9,TRBJ2-1,ASSPNFLAGVGNEQF,1
TRBV7-9,TRBJ2-1,ASSPNFNAQF,5
TRBV7-9,TRBJ2-1,ASSPNFNDQF,2
TRBV7-9,TRBJ2-1,ASSPNFNEEF,1
TRBV7-9,TRBJ2-1,ASSPNFNEHF,2
TRBV7-9,TRBJ2-1,ASSPNFNEKF,2
TRBV7-9,TRBJ2-1,ASSPNFNELF,1
TRBV7-9,TRBJ2-1,ASSPNFNEPF,1
TRBV7-9,TRBJ2-1,ASSPNFNEQA,1
TRBV7-9,TRBJ2-1,ASSPNFNEQC,8
TRBV7-9,TRBJ2-1,ASSPNFNEQF,450
TRBV7-9,TRBJ2-1,ASSPNFNEQL,1
TRBV7-9,TRBJ2-1,ASSPNFNGKF,1
TRBV7-9,TRBJ2-1,ASSPNFNGQF,2
TRBV7-9,TRBJ2-1,ASSPNFNKQF,3
TRBV7-9,TRBJ2-1,ASSPNFNQQF,1
TRBV7-9,TRBJ2-1,ASSPNFNVQF,1
TRBV7-9,TRBJ2-1,ASSPNFQAVAVYNEQF,1
TRBV7-9,TRBJ2-1,ASSPNFRDDISYNEQF,1
TRBV7-9,TRBJ2-1,ASSPNFRDSVYNEQF,1
TRBV7-9,TRBJ2-1,ASSPNFRENLKNEQF,2
TRBV7-9,TRBJ2-1,ASSPNFRETYNEQF,2
TRBV7-9,TRBJ2-1,ASSPNFRGTSSDNAQF,1
TRBV7-9,TRBJ2-1,ASSPNFRGTSSYNEQF,4
TRBV7-9,TRBJ2-1,ASSPNFRSGGRYNEQF,29
TRBV7-9,TRBJ2-1,ASSPNFRSGGRYNGQF,1
TRBV7-9,TRBJ2-1,ASSPNFRSGGRYNQQF,1
TRBV7-9,TRBJ2-1,ASSPNFRSRGRYNEQF,1
TRBV7-9,TRBJ2-1,ASSPNFSEQF,2
TRBV7-9,TRBJ2-1,ASSPNFSPGERVQF,16
TRBV7-9,TRBJ2-1,ASSPNFTEHF,1
TRBV7-9,TRBJ2-1,ASSPNFTEQF,3
TRBV7-9,TRBJ2-1,ASSPNFTQQF,1
TRBV7-9,TRBJ2-1,ASSPNFVYEQF,1
TRBV7-9,TRBJ2-1,ASSPNFYNEQF,1
TRBV7-9,TRBJ2-1,ASSPNGAAYNEQF,1
TRBV7-9,TRBJ2-1,ASSPNGAGNEQF,3
TRBV7-9,TRBJ2-1,ASSPNGAGVFDEQF,1
TRBV7-9,TRBJ2-1,ASSPNGASYNEQF,10
TRBV7-9,TRBJ2-1,ASSPNGATSNEQF,1
TRBV7-9,TRBJ2-1,ASSPNGDGHEQF,1
TRBV7-9,TRBJ2-1,ASSPNGDYENEQF,1
TRBV7-9,TRBJ2-1,ASSPNGFGAHEQF,1
TRBV7-9,TRBJ2-1,ASSPNGFPRYNEQF,6
TRBV7-9,TRBJ2-1,ASSPNGGDGRAYNEQF,1
TRBV7-9,TRBJ2-1,ASSPNGGGAQF,22
TRBV7-9,TRBJ2-1,ASSPNGGGEQF,6
TRBV7-9,TRBJ2-1,ASSPNGGGFDEQF,1
TRBV7-9,TRBJ2-1,ASSPNGGGINEQF,1
TRBV7-9,TRBJ2-1,ASSPNGGGLNNEQF,1
TRBV7-9,TRBJ2-1,ASSPNGGGPGEQF,3
TRBV7-9,TRBJ2-1,ASSPNGGGQYNEQF,1
TRBV7-9,TRBJ2-1,ASSPNGGGSYNEQF,1
TRBV7-9,TRBJ2-1,ASSPNGGGYEQF,1
TRBV7-9,TRBJ2-1,ASSPNGGISSRIDEQF,1
TRBV7-9,TRBJ2-1,ASSPNGGKGEQF,1
TRBV7-9,TRBJ2-1,ASSPNGGLEANEQF,1
TRBV7-9,TRBJ2-1,ASSPNGGLHGGNEQF,1
TRBV7-9,TRBJ2-1,ASSPNGGLRYNEQF,1
TRBV7-9,TRBJ2-1,ASSPNGGLSYNEKF,1
TRBV7-9,TRBJ2-1,ASSPNGGLSYNEQC,1
TRBV7-9,TRBJ2-1,ASSPNGGLSYNEQF,11
TRBV7-9,TRBJ2-1,ASSPNGGLVDEQF,1
TRBV7-9,TRBJ2-1,ASSPNGGNEQF,1
TRBV7-9,TRBJ2-1,ASSPNGGPHNEQF,1
TRBV7-9,TRBJ2-1,ASSPNGGPKLNEQF,1
TRBV7-9,TRBJ2-1,ASSPNGGPYNEQF,6
TRBV7-9,TRBJ2-1,ASSPNGGRGEQF,17
TRBV7-9,TRBJ2-1,ASSPNGGRLAIYNEQF,1
TRBV7-9,TRBJ2-1,ASSPNGGRVHEQF,1
TRBV7-9,TRBJ2-1,ASSPNGGSAEQF,1
TRBV7-9,TRBJ2-1,ASSPNGGSNEQF,1
TRBV7-9,TRBJ2-1,ASSPNGGSSYNEQF,1
TRBV7-9,TRBJ2-1,ASSPNGHEQF,1
TRBV7-9,TRBJ2-1,ASSPNGHYSGNNEQF,1
TRBV7-9,TRBJ2-1,ASSPNGKQGKSYNEQF,1
TRBV7-9,TRBJ2-1,ASSPNGLAGGNEQF,1
TRBV7-9,TRBJ2-1,ASSPNGLAGLYNEQF,4
TRBV7-9,TRBJ2-1,ASSPNGLAGTYNEQF,1
TRBV7-9,TRBJ2-1,ASSPNGLASDNEQF,1
TRBV7-9,TRBJ2-1,ASSPNGLASYNEQF,6
TRBV7-9,TRBJ2-1,ASSPNGLAVEQF,6
TRBV7-9,TRBJ2-1,ASSPNGLAVNEQF,1
TRBV7-9,TRBJ2-1,ASSPNGLNEQF,1
TRBV7-9,TRBJ2-1,ASSPNGLNNEQF,1
TRBV7-9,TRBJ2-1,ASSPNGLTGNEQF,1
TRBV7-9,TRBJ2-1,ASSPNGNEQF,1
TRBV7-9,TRBJ2-1,ASSPNGPDLF,5
TRBV7-9,TRBJ2-1,ASSPNGPLGNEQF,1
TRBV7-9,TRBJ2-1,ASSPNGPVSDEQF,1
TRBV7-9,TRBJ2-1,ASSPNGPYNEQF,17
TRBV7-9,TRBJ2-1,ASSPNGQF,1
TRBV7-9,TRBJ2-1,ASSPNGQGACNEQF,1
TRBV7-9,TRBJ2-1,ASSPNGQGADNEQF,1
TRBV7-9,TRBJ2-1,ASSPNGQGAYHEQF,1
TRBV7-9,TRBJ2-1,ASSPNGQGAYNAQF,1
TRBV7-9,TRBJ2-1,ASSPNGQGAYNEQF,33
TRBV7-9,TRBJ2-1,ASSPNGQGAYTEQF,1
TRBV7-9,TRBJ2-1,ASSPNGQGGYNEQF,3
TRBV7-9,TRBJ2-1,ASSPNGQGLGYNEQF,1
TRBV7-9,TRBJ2-1,ASSPNGQGLTYNEQF,1
TRBV7-9,TRBJ2-1,ASSPNGQGSYNEQF,5
TRBV7-9,TRBJ2-1,ASSPNGQGVDNEQF,1
TRBV7-9,TRBJ2-1,ASSPNGQITYNEQF,1
TRBV7-9,TRBJ2-1,ASSPNGQPYNEQF,1
TRBV7-9,TRBJ2-1,ASSPNGRAYNEQF,1
TRBV7-9,TRBJ2-1,ASSPNGRDKHF,1
TRBV7-9,TRBJ2-1,ASSPNGRDKQF,14
TRBV7-9,TRBJ2-1,ASSPNGRDNQF,1
TRBV7-9,TRBJ2-1,ASSPNGRF,4
TRBV7-9,TRBJ2-1,ASSPNGRLAGLRNEQF,1
TRBV7-9,TRBJ2-1,ASSPNGRNEQF,1
TRBV7-9,TRBJ2-1,ASSPNGRRNNEQF,1
TRBV7-9,TRBJ2-1,ASSPNGRRSYNEQF,5
TRBV7-9,TRBJ2-1,ASSPNGRTGEYNEQF,1
TRBV7-9,TRBJ2-1,ASSPNGRTSSYNEQF,1
TRBV7-9,TRBJ2-1,ASSPNGSAGFSYNEQF,5
TRBV7-9,TRBJ2-1,ASSPNGSSVGNEQF,1
TRBV7-9,TRBJ2-1,ASSPNGTFNNEQF,9
TRBV7-9,TRBJ2-1,ASSPNGTNEQF,1
TRBV7-9,TRBJ2-1,ASSPNGTQYNEQF,1
TRBV7-9,TRBJ2-1,ASSPNGTRFDNEQF,1
TRBV7-9,TRBJ2-1,ASSPNGTSGRNEQF,1
TRBV7-9,TRBJ2-1,ASSPNGTSGSRSYNEQF,1
TRBV7-9,TRBJ2-1,ASSPNGTSIHEQF,1
TRBV7-9,TRBJ2-1,ASSPNGTSRNEQF,1
TRBV7-9,TRBJ2-1,ASSPNGVGEQF,5
TRBV7-9,TRBJ2-1,ASSPNGVSGGNEQF,10
TRBV7-9,TRBJ2-1,ASSPNGYEQF,2
TRBV7-9,TRBJ2-1,ASSPNGYNEQF,3
TRBV7-9,TRBJ2-1,ASSPNHEQF,2
TRBV7-9,TRBJ2-1,ASSPNHGGNEQF,10
TRBV7-9,TRBJ2-1,ASSPNHGQVVSSYNEQF,1
TRBV7-9,TRBJ2-1,ASSPNHNEQF,24
TRBV7-9,TRBJ2-1,ASSPNHRDEQF,9
TRBV7-9,TRBJ2-1,ASSPNHRDYRYNEQF,2
TRBV7-9,TRBJ2-1,ASSPNHRKTGVGKGQF,1
TRBV7-9,TRBJ2-1,ASSPNIAGDFLHEQF,1
TRBV7-9,TRBJ2-1,ASSPNIAGGSYNEQF,12
TRBV7-9,TRBJ2-1,ASSPNIAGGSYNEQS,1
TRBV7-9,TRBJ2-1,ASSPNIAGYNEQC,1
TRBV7-9,TRBJ2-1,ASSPNIAGYNEQF,1
TRBV7-9,TRBJ2-1,ASSPNIAYNEQF,1
TRBV7-9,TRBJ2-1,ASSPNIGGGNRNEQF,1
TRBV7-9,TRBJ2-1,ASSPNIGLAGSSYNEQF,1
TRBV7-9,TRBJ2-1,ASSPNIGNEQF,1
TRBV7-9,TRBJ2-1,ASSPNIGQF,36
TRBV7-9,TRBJ2-1,ASSPNIGTSGFNEQF,1
TRBV7-9,TRBJ2-1,ASSPNILAGGNEQF,1
TRBV7-9,TRBJ2-1,ASSPNILAGGYNEQF,1
TRBV7-9,TRBJ2-1,ASSPNILGTRSSFNEQF,1
TRBV7-9,TRBJ2-1,ASSPNILGTRSSYNEQF,1
TRBV7-9,TRBJ2-1,ASSPNIRRGAF,4
TRBV7-9,TRBJ2-1,ASSPNIVTSGAYNEQF,1
TRBV7-9,TRBJ2-1,ASSPNIWTSPYNEQF,1
TRBV7-9,TRBJ2-1,ASSPNKAGDNAQF,1
TRBV7-9,TRBJ2-1,ASSPNKAGEYNEQF,1
TRBV7-9,TRBJ2-1,ASSPNKDLSYNEQF,1
TRBV7-9,TRBJ2-1,ASSPNKDRLEMQSSYNEQF,5
TRBV7-9,TRBJ2-1,ASSPNKGLAGDSYNEQF,1
TRBV7-9,TRBJ2-1,ASSPNKGLLARGSYEQF,1
TRBV7-9,TRBJ2-1,ASSPNKGRDNEQF,1
TRBV7-9,TRBJ2-1,ASSPNKGRNYNEQF,1
TRBV7-9,TRBJ2-1,ASSPNKKSSVNEQF,1
TRBV7-9,TRBJ2-1,ASSPNKRDLHEQF,1
TRBV7-9,TRBJ2-1,ASSPNKRDWDEQF,1
TRBV7-9,TRBJ2-1,ASSPNKWLAGYNEQF,1
TRBV7-9,TRBJ2-1,ASSPNLAAYYNEQF,1
TRBV7-9,TRBJ2-1,ASSPNLAELYNEQF,8
TRBV7-9,TRBJ2-1,ASSPNLAFLAGANNEQF,1
TRBV7-9,TRBJ2-1,ASSPNLAGAHNEQF,2
TRBV7-9,TRBJ2-1,ASSPNLAGAPYNEQF,1
TRBV7-9,TRBJ2-1,ASSPNLAGDNEQF,1
TRBV7-9,TRBJ2-1,ASSPNLAGEFYNEQF,1
TRBV7-9,TRBJ2-1,ASSPNLAGESNEQF,1
TRBV7-9,TRBJ2-1,ASSPNLAGGGNEQF,1
TRBV7-9,TRBJ2-1,ASSPNLAGGLF,1
TRBV7-9,TRBJ2-1,ASSPNLAGGLNEQF,1
TRBV7-9,TRBJ2-1,ASSPNLAGGNEQF,1
TRBV7-9,TRBJ2-1,ASSPNLAGGRNEQF,2
TRBV7-9,TRBJ2-1,ASSPNLAGGSEQF,1
TRBV7-9,TRBJ2-1,ASSPNLAGGSQYNEQF,3
TRBV7-9,TRBJ2-1,ASSPNLAGGSYNEQF,1
TRBV7-9,TRBJ2-1,ASSPNLAGGTNEQF,4
TRBV7-9,TRBJ2-1,ASSPNLAGIAYNEQF,1
TRBV7-9,TRBJ2-1,ASSPNLAGNEQF,3
TRBV7-9,TRBJ2-1,ASSPNLAGNEQV,1
TRBV7-9,TRBJ2-1,ASSPNLAGPAGNEQF,1
TRBV7-9,TRBJ2-1,ASSPNLAGRSYEQF,1
TRBV7-9,TRBJ2-1,ASSPNLAGSQVDEQF,1
TRBV7-9,TRBJ2-1,ASSPNLAGSYNEQF,1
TRBV7-9,TRBJ2-1,ASSPNLAGVSHNEQF,1
TRBV7-9,TRBJ2-1,ASSPNLAGVYNEQF,16
TRBV7-9,TRBJ2-1,ASSPNLAGYNEQF,1
TRBV7-9,TRBJ2-1,ASSPNLAHNEQF,1
TRBV7-9,TRBJ2-1,ASSPNLAIARNNEQF,1
TRBV7-9,TRBJ2-1,ASSPNLAKEFHEQF,1
TRBV7-9,TRBJ2-1,ASSPNLAKTYNEQF,1
TRBV7-9,TRBJ2-1,ASSPNLAMSSYNEQF,1
TRBV7-9,TRBJ2-1,ASSPNLAPDEQF,1
TRBV7-9,TRBJ2-1,ASSPNLASFLNEQF,1
TRBV7-9,TRBJ2-1,ASSPNLASLEGSYNEQF,1
TRBV7-9,TRBJ2-1,ASSPNLAVSSYNEQF,1
TRBV7-9,TRBJ2-1,ASSPNLAYSYNEQF,1
TRBV7-9,TRBJ2-1,ASSPNLDHHYNEQF,1
TRBV7-9,TRBJ2-1,ASSPNLDSYNEQF,1
TRBV7-9,TRBJ2-1,ASSPNLEGDEQF,1
TRBV7-9,TRBJ2-1,ASSPNLGAEQF,1
TRBV7-9,TRBJ2-1,ASSPNLGDEQF,1
TRBV7-9,TRBJ2-1,ASSPNLGDRFYNEQF,1
TRBV7-9,TRBJ2-1,ASSPNLGEMGYNEQF,1
TRBV7-9,TRBJ2-1,ASSPNLGEQF,1
TRBV7-9,TRBJ2-1,ASSPNLGESSYNEQF,1
TRBV7-9,TRBJ2-1,ASSPNLGGAQF,1
TRBV7-9,TRBJ2-1,ASSPNLGGDNYNEQF,1
TRBV7-9,TRBJ2-1,ASSPNLGGDPYNEQF,1
TRBV7-9,TRBJ2-1,ASSPNLGGEKF,1
TRBV7-9,TRBJ2-1,ASSPNLGGEQC,1
TRBV7-9,TRBJ2-1,ASSPNLGGEQF,101
TRBV7-9,TRBJ2-1,ASSPNLGGEQS,1
TRBV7-9,TRBJ2-1,ASSPNLGGRDSSYNEQF,1
TRBV7-9,TRBJ2-1,ASSPNLGGSLYNEQF,1
TRBV7-9,TRBJ2-1,ASSPNLGGSSYNEQF,1
TRBV7-9,TRBJ2-1,ASSPNLGLAGGTNEQF,14
TRBV7-9,TRBJ2-1,ASSPNLGLAGNEQF,1
TRBV7-9,TRBJ2-1,ASSPNLGLTSSYNEQF,1
TRBV7-9,TRBJ2-1,ASSPNLGLVFNEQF,1
TRBV7-9,TRBJ2-1,ASSPNLGNEQF,2
TRBV7-9,TRBJ2-1,ASSPNLGQGGNNEQF,1
TRBV7-9,TRBJ2-1,ASSPNLGREGDEQF,1
TRBV7-9,TRBJ2-1,ASSPNLGRGQNEQF,1
TRBV7-9,TRBJ2-1,ASSPNLGSDEQF,3
TRBV7-9,TRBJ2-1,ASSPNLGSGGPHNEQF,11
TRBV7-9,TRBJ2-1,ASSPNLGSGTYNEQF,1
TRBV7-9,TRBJ2-1,ASSPNLGSSYNEQF,1
TRBV7-9,TRBJ2-1,ASSPNLGSYNEQF,1
TRBV7-9,TRBJ2-1,ASSPNLGTAYNEQF,1
TRBV7-9,TRBJ2-1,ASSPNLGTIFYNEQF,5
TRBV7-9,TRBJ2-1,ASSPNLGTKESLRNEQF,1
TRBV7-9,TRBJ2-1,ASSPNLGTLNEQF,1
TRBV7-9,TRBJ2-1,ASSPNLGTRSYNEQF,1
TRBV7-9,TRBJ2-1,ASSPNLGTYNEQF,1
TRBV7-9,TRBJ2-1,ASSPNLGVAGVLRSYNEQF,10
TRBV7-9,TRBJ2-1,ASSPNLGVMNEQF,1
TRBV7-9,TRBJ2-1,ASSPNLGVYEQF,3
TRBV7-9,TRBJ2-1,ASSPNLGYNEQF,3
TRBV7-9,TRBJ2-1,ASSPNLHEQF,9
TRBV7-9,TRBJ2-1,ASSPNLHERF,1
TRBV7-9,TRBJ2-1,ASSPNLIETGGEQF,1
TRBV7-9,TRBJ2-1,ASSPNLKGPSGSGGEQF,6
TRBV7-9,TRBJ2-1,ASSPNLKGPSGSGGEQL,1
TRBV7-9,TRBJ2-1,ASSPNLKGPSGSGGEQY,1
TRBV7-9,TRBJ2-1,ASSPNLKPSSYNEQF,1
TRBV7-9,TRBJ2-1,ASSPNLNEQF,8
TRBV7-9,TRBJ2-1,ASSPNLPGAYEQF,1
TRBV7-9,TRBJ2-1,ASSPNLPGPENEQF,5
TRBV7-9,TRBJ2-1,ASSPNLPYNEQF,1
TRBV7-9,TRBJ2-1,ASSPNLQARNEQF,1
TRBV7-9,TRBJ2-1,ASSPNLQDKEQF,1
TRBV7-9,TRBJ2-1,ASSPNLQDNEQF,4
TRBV7-9,TRBJ2-1,ASSPNLQGDEQF,1
TRBV7-9,TRBJ2-1,ASSPNLQTRNEQF,7
TRBV7-9,TRBJ2-1,ASSPNLQYNEQF,1
TRBV7-9,TRBJ2-1,ASSPNLRDWETPNEQF,1
TRBV7-9,TRBJ2-1,ASSPNLRGEYSYNEQF,5
TRBV7-9,TRBJ2-1,ASSPNLRGISYNEQF,1
TRBV7-9,TRBJ2-1,ASSPNLRGNEQF,1
TRBV7-9,TRBJ2-1,ASSPNLRISYNEQF,1
TRBV7-9,TRBJ2-1,ASSPNLRLAGPTRNEQF,1
TRBV7-9,TRBJ2-1,ASSPNLRTSGPSYNEQF,6
TRBV7-9,TRBJ2-1,ASSPNLSAGVFNEQF,1
TRBV7-9,TRBJ2-1,ASSPNLSGPMYSYNEQF,11
TRBV7-9,TRBJ2-1,ASSPNLSYNEQF,1
TRBV7-9,TRBJ2-1,ASSPNLTGNEQF,5
TRBV7-9,TRBJ2-1,ASSPNLTNDQF,1
TRBV7-9,TRBJ2-1,ASSPNLTNEQF,1
TRBV7-9,TRBJ2-1,ASSPNLVEQF,7
TRBV7-9,TRBJ2-1,ASSPNLVGSNEQF,1
TRBV7-9,TRBJ2-1,ASSPNLVGSSYNEQF,1
TRBV7-9,TRBJ2-1,ASSPNLVGTVYNEQF,1
TRBV7-9,TRBJ2-1,ASSPNLVSLSYNEQF,1
TRBV7-9,TRBJ2-1,ASSPNLYNEQF,12
TRBV7-9,TRBJ2-1,ASSPNLYTTLYNEQF,1
TRBV7-9,TRBJ2-1,ASSPNMDEQF,1
TRBV7-9,TRBJ2-1,ASSPNMDGISYNEQF,1
TRBV7-9,TRBJ2-1,ASSPNMERRMNEQF,1
TRBV7-9,TRBJ2-1,ASSPNMGDEQF,1
TRBV7-9,TRBJ2-1,ASSPNMGGAQF,1
TRBV7-9,TRBJ2-1,ASSPNMGGEHF,1
TRBV7-9,TRBJ2-1,ASSPNMGGEQC,1
TRBV7-9,TRBJ2-1,ASSPNMGGEQF,199
TRBV7-9,TRBJ2-1,ASSPNMGGKQF,1
TRBV7-9,TRBJ2-1,ASSPNMGGNEQF,1
TRBV7-9,TRBJ2-1,ASSPNMLFRTWSNEQF,1
TRBV7-9,TRBJ2-1,ASSPNMNEQF,1
TRBV7-9,TRBJ2-1,ASSPNMPSAYNEQF,1
TRBV7-9,TRBJ2-1,ASSPNMRGEHF,1
TRBV7-9,TRBJ2-1,ASSPNMRLAGYNEQF,1
TRBV7-9,TRBJ2-1,ASSPNMSPSYNEQF,1
TRBV7-9,TRBJ2-1,ASSPNMYDRDKFYNEQF,1
TRBV7-9,TRBJ2-1,ASSPNNAGENEQF,1
TRBV7-9,TRBJ2-1,ASSPNNAQF,1
TRBV7-9,TRBJ2-1,ASSPNNEQC,2
TRBV7-9,TRBJ2-1,ASSPNNEQF,193
TRBV7-9,TRBJ2-1,ASSPNNEQL,2
TRBV7-9,TRBJ2-1,ASSPNNHEQF,1
TRBV7-9,TRBJ2-1,ASSPNNKLSGTPTYNEQF,1
TRBV7-9,TRBJ2-1,ASSPNNLNEKF,1
TRBV7-9,TRBJ2-1,ASSPNNLNEQF,16
TRBV7-9,TRBJ2-1,ASSPNNLQEQF,1
TRBV7-9,TRBJ2-1,ASSPNNNEQF,17
TRBV7-9,TRBJ2-1,ASSPNNQDRSSYNEQF,1
TRBV7-9,TRBJ2-1,ASSPNNRGDYYNEQF,1
TRBV7-9,TRBJ2-1,ASSPNNRGRSYNEQF,1
TRBV7-9,TRBJ2-1,ASSPNNRGRYNEQF,17
TRBV7-9,TRBJ2-1,ASSPNNRGVLHNEQF,5
TRBV7-9,TRBJ2-1,ASSPNNRLAGNEQF,2
TRBV7-9,TRBJ2-1,ASSPNNRNEQF,1
TRBV7-9,TRBJ2-1,ASSPNNSSYNEHF,2
TRBV7-9,TRBJ2-1,ASSPNNSSYNEQF,3
TRBV7-9,TRBJ2-1,ASSPNNYLKEQF,10
TRBV7-9,TRBJ2-1,ASSPNNYLKEQI,1
TRBV7-9,TRBJ2-1,ASSPNNYNEQF,8
TRBV7-9,TRBJ2-1,ASSPNPAGAYNEQF,1
TRBV7-9,TRBJ2-1,ASSPNPAGGFNNEQF,1
TRBV7-9,TRBJ2-1,ASSPNPAGGRGTYNEQF,1
TRBV7-9,TRBJ2-1,ASSPNPAGRNEQF,11
TRBV7-9,TRBJ2-1,ASSPNPAGTVNNEQF,1
TRBV7-9,TRBJ2-1,ASSPNPAKEQC,1
TRBV7-9,TRBJ2-1,ASSPNPANEKF,1
TRBV7-9,TRBJ2-1,ASSPNPANEQF,5
TRBV7-9,TRBJ2-1,ASSPNPANEWF,1
TRBV7-9,TRBJ2-1,ASSPNPANGQF,1
TRBV7-9,TRBJ2-1,ASSPNPATSGSYNEQF,1
TRBV7-9,TRBJ2-1,ASSPNPCFALSSYNEQF,1
TRBV7-9,TRBJ2-1,ASSPNPDRGTDEQF,7
TRBV7-9,TRBJ2-1,ASSPNPGAPGNEQF,1
TRBV7-9,TRBJ2-1,ASSPNPGAPHHEQF,9
TRBV7-9,TRBJ2-1,ASSPNPGAPNHEQF,1
TRBV7-9,TRBJ2-1,ASSPNPGDPSYNEQF,4
TRBV7-9,TRBJ2-1,ASSPNPGDRPSYNEQF,1
TRBV7-9,TRBJ2-1,ASSPNPGGEQF,2
TRBV7-9,TRBJ2-1,ASSPNPGGGNEQF,1
TRBV7-9,TRBJ2-1,ASSPNPGGGRNEQF,1
TRBV7-9,TRBJ2-1,ASSPNPGGPYNEQF,1
TRBV7-9,TRBJ2-1,ASSPNPGGRNEQF,1
TRBV7-9,TRBJ2-1,ASSPNPGIGDEQF,1
TRBV7-9,TRBJ2-1,ASSPNPGLAGGNEQF,6
TRBV7-9,TRBJ2-1,ASSPNPGLAGGQYNEQF,1
TRBV7-9,TRBJ2-1,ASSPNPGLAGIEQF,9
TRBV7-9,TRBJ2-1,ASSPNPGLAGNSYNEQF,1
TRBV7-9,TRBJ2-1,ASSPNPGLAGSTYNEQF,1
TRBV7-9,TRBJ2-1,ASSPNPGLAGVNEQF,1
TRBV7-9,TRBJ2-1,ASSPNPGLAHNEQF,1
TRBV7-9,TRBJ2-1,ASSPNPGLVNEQF,5
TRBV7-9,TRBJ2-1,ASSPNPGLVSYNEQF,2
TRBV7-9,TRBJ2-1,ASSPNPGNEQF,1
TRBV7-9,TRBJ2-1,ASSPNPGNGDEQF,2
TRBV7-9,TRBJ2-1,ASSPNPGNNEQF,1
TRBV7-9,TRBJ2-1,ASSPNPGQASYNEQF,1
TRBV7-9,TRBJ2-1,ASSPNPGQEYNEQF,1
TRBV7-9,TRBJ2-1,ASSPNPGQGAYNEQF,4
TRBV7-9,TRBJ2-1,ASSPNPGQGGNEQF,1
TRBV7-9,TRBJ2-1,ASSPNPGQGIHNEQF,12
TRBV7-9,TRBJ2-1,ASSPNPGQGYHNEQF,1
TRBV7-9,TRBJ2-1,ASSPNPGQGYNEQF,1
TRBV7-9,TRBJ2-1,ASSPNPGRAYNEQF,20
TRBV7-9,TRBJ2-1,ASSPNPGRAYNQQF,1
TRBV7-9,TRBJ2-1,ASSPNPGRGHPHNEQF,1
TRBV7-9,TRBJ2-1,ASSPNPGRVSYNEQF,1
TRBV7-9,TRBJ2-1,ASSPNPGSSLYNEQC,1
TRBV7-9,TRBJ2-1,ASSPNPGSSLYNEQF,30
TRBV7-9,TRBJ2-1,ASSPNPGSYNEQF,1
TRBV7-9,TRBJ2-1,ASSPNPGTGDEQF,13
TRBV7-9,TRBJ2-1,ASSPNPGTGINEQF,1
TRBV7-9,TRBJ2-1,ASSPNPGTRKF,5
TRBV7-9,TRBJ2-1,ASSPNPGTSGSTTYNEQF,10
TRBV7-9,TRBJ2-1,ASSPNPGTSGSYEQF,1
TRBV7-9,TRBJ2-1,ASSPNPGTSGYNEQF,1
TRBV7-9,TRBJ2-1,ASSPNPGTVPYNEQF,2
TRBV7-9,TRBJ2-1,ASSPNPGTVSYNEQF,12
TRBV7-9,TRBJ2-1,ASSPNPHEQF,1
TRBV7-9,TRBJ2-1,ASSPNPLAGPYNEQF,1
TRBV7-9,TRBJ2-1,ASSPNPLGGKHEQF,1
TRBV7-9,TRBJ2-1,ASSPNPLGHEQF,1
TRBV7-9,TRBJ2-1,ASSPNPLGTYNEQF,1
TRBV7-9,TRBJ2-1,ASSPNPLISGSRYNEQF,1
TRBV7-9,TRBJ2-1,ASSPNPLSGVRSYNEQF,1
TRBV7-9,TRBJ2-1,ASSPNPLSYNEQF,1
TRBV7-9,TRBJ2-1,ASSPNPLTGPLRNEQF,1
TRBV7-9,TRBJ2-1,ASSPNPLVPF,1
TRBV7-9,TRBJ2-1,ASSPNPMNEQF,1
TRBV7-9,TRBJ2-1,ASSPNPNEQF,2
TRBV7-9,TRBJ2-1,ASSPNPNNEQF,3
TRBV7-9,TRBJ2-1,ASSPNPPGTATYNEQF,1
TRBV7-9,TRBJ2-1,ASSPNPPGYNEQF,10
TRBV7-9,TRBJ2-1,ASSPNPPHEQF,1
TRBV7-9,TRBJ2-1,ASSPNPPNEHF,1
TRBV7-9,TRBJ2-1,ASSPNPPNEQF,9
TRBV7-9,TRBJ2-1,ASSPNPPNEQV,1
TRBV7-9,TRBJ2-1,ASSPNPPSYNEQF,1
TRBV7-9,TRBJ2-1,ASSPNPPYEQF,1
TRBV7-9,TRBJ2-1,ASSPNPQGSGVNEQF,1
TRBV7-9,TRBJ2-1,ASSPNPQGSPRAAYNEQF,4
TRBV7-9,TRBJ2-1,ASSPNPQSYNEQF,1
TRBV7-9,TRBJ2-1,ASSPNPRDFNEQF,1
TRBV7-9,TRBJ2-1,ASSPNPRDRFHEQF,1
TRBV7-9,TRBJ2-1,ASSPNPRDRSYNEQF,1
TRBV7-9,TRBJ2-1,ASSPNPRGATYNEQF,2
TRBV7-9,TRBJ2-1,ASSPNPRGRVSYNEQF,1
TRBV7-9,TRBJ2-1,ASSPNPRSTLYNKQF,1
TRBV7-9,TRBJ2-1,ASSPNPRTGGNEQF,1
TRBV7-9,TRBJ2-1,ASSPNPRTSGIYNEQF,1
TRBV7-9,TRBJ2-1,ASSPNPRTSGSSYNEQF,1
TRBV7-9,TRBJ2-1,ASSPNPSDEQF,1
TRBV7-9,TRBJ2-1,ASSPNPSDNPEQF,1
TRBV7-9,TRBJ2-1,ASSPNPSGDYNEQF,4
TRBV7-9,TRBJ2-1,ASSPNPSGGAGNEQF,5
TRBV7-9,TRBJ2-1,ASSPNPSGGALDEQF,8
TRBV7-9,TRBJ2-1,ASSPNPSNEQF,3
TRBV7-9,TRBJ2-1,ASSPNPSRAYNEQF,1
TRBV7-9,TRBJ2-1,ASSPNPSYNEQF,2
TRBV7-9,TRBJ2-1,ASSPNPTDQF,1
TRBV7-9,TRBJ2-1,ASSPNPTFEEEQF,10
TRBV7-9,TRBJ2-1,ASSPNPTGNEQF,1
TRBV7-9,TRBJ2-1,ASSPNPTHEQF,3
TRBV7-9,TRBJ2-1,ASSPNPTIEQF,1
TRBV7-9,TRBJ2-1,ASSPNPTKEQC,2
TRBV7-9,TRBJ2-1,ASSPNPTKEQF,11
TRBV7-9,TRBJ2-1,ASSPNPTNAQF,5
TRBV7-9,TRBJ2-1,ASSPNPTNDQF,3
TRBV7-9,TRBJ2-1,ASSPNPTNEEF,5
TRBV7-9,TRBJ2-1,ASSPNPTNEHF,1
TRBV7-9,TRBJ2-1,ASSPNPTNEKF,2
TRBV7-9,TRBJ2-1,ASSPNPTNEQC,2
TRBV7-9,TRBJ2-1,ASSPNPTNEQF,457
TRBV7-9,TRBJ2-1,ASSPNPTNEQL,1
TRBV7-9,TRBJ2-1,ASSPNPTNGLF,1
TRBV7-9,TRBJ2-1,ASSPNPTNGQF,4
TRBV7-9,TRBJ2-1,ASSPNPTNKQF,1
TRBV7-9,TRBJ2-1,ASSPNPTNVKL,1
TRBV7-9,TRBJ2-1,ASSPNPTSEQF,2
TRBV7-9,TRBJ2-1,ASSPNPTSRNEQF,1
TRBV7-9,TRBJ2-1,ASSPNPTSYNEQF,10
TRBV7-9,TRBJ2-1,ASSPNPTTEQF,3
TRBV7-9,TRBJ2-1,ASSPNPTYEQF,6
TRBV7-9,TRBJ2-1,ASSPNPVFDEQF,1
TRBV7-9,TRBJ2-1,ASSPNPWGAGDYNEQF,1
TRBV7-9,TRBJ2-1,ASSPNPYNEQF,1
TRBV7-9,TRBJ2-1,ASSPNQARDMRHEQF,1
TRBV7-9,TRBJ2-1,ASSPNQDGFTYNDQF,1
TRBV7-9,TRBJ2-1,ASSPNQDGFTYNEQF,2
TRBV7-9,TRBJ2-1,ASSPNQDRLYNEQF,1
TRBV7-9,TRBJ2-1,ASSPNQFNEQF,11
TRBV7-9,TRBJ2-1,ASSPNQGGSYNEQF,1
TRBV7-9,TRBJ2-1,ASSPNQGKPDGISEQF,1
TRBV7-9,TRBJ2-1,ASSPNQGKRDGISEQF,17
TRBV7-9,TRBJ2-1,ASSPNQGLAGMDEQF,1
TRBV7-9,TRBJ2-1,ASSPNQGNEQF,3
TRBV7-9,TRBJ2-1,ASSPNQGPFYNEQF,1
TRBV7-9,TRBJ2-1,ASSPNQGSHYNEQF,2
TRBV7-9,TRBJ2-1,ASSPNQGSSYNEQF,2
TRBV7-9,TRBJ2-1,ASSPNQLAGSSYNEQF,1
TRBV7-9,TRBJ2-1,ASSPNQLFKMMKF,3
TRBV7-9,TRBJ2-1,ASSPNQLYNEQF,1
TRBV7-9,TRBJ2-1,ASSPNQNEQF,1
TRBV7-9,TRBJ2-1,ASSPNQPGTSGIPHEQF,1
TRBV7-9,TRBJ2-1,ASSPNQRDNEQF,1
TRBV7-9,TRBJ2-1,ASSPNQRDYNEQF,1
TRBV7-9,TRBJ2-1,ASSPNQREGDEQF,1
TRBV7-9,TRBJ2-1,ASSPNQRNEQF,1
TRBV7-9,TRBJ2-1,ASSPNQRSSGMRNEQF,1
TRBV7-9,TRBJ2-1,ASSPNQRTSGMLNEQF,1
TRBV7-9,TRBJ2-1,ASSPNQRTSGMRNEQF,14
TRBV7-9,TRBJ2-1,ASSPNQRTSGMRSEQF,1
TRBV7-9,TRBJ2-1,ASSPNRAGDNEQF,1
TRBV7-9,TRBJ2-1,ASSPNRAGEQF,8
TRBV7-9,TRBJ2-1,ASSPNRAGIGNEQF,1
TRBV7-9,TRBJ2-1,ASSPNRAGTDEQF,1
TRBV7-9,TRBJ2-1,ASSPNRANEQF,1
TRBV7-9,TRBJ2-1,ASSPNRAPYNEQF,2
TRBV7-9,TRBJ2-1,ASSPNRARADEQF,1
TRBV7-9,TRBJ2-1,ASSPNRASYNEQF,2
TRBV7-9,TRBJ2-1,ASSPNRAYTYNEQF,1
TRBV7-9,TRBJ2-1,ASSPNRDLNEQF,1
TRBV7-9,TRBJ2-1,ASSPNRDLSYNEQF,1
TRBV7-9,TRBJ2-1,ASSPNRDMPYNEQF,1
TRBV7-9,TRBJ2-1,ASSPNRDNEQF,2
TRBV7-9,TRBJ2-1,ASSPNRDPSYNEQF,2
TRBV7-9,TRBJ2-1,ASSPNRDPYNEQF,8
TRBV7-9,TRBJ2-1,ASSPNRDREF,1
TRBV7-9,TRBJ2-1,ASSPNRDRGNEQF,1
TRBV7-9,TRBJ2-1,ASSPNRDRGYEQF,1
TRBV7-9,TRBJ2-1,ASSPNRDRNEQF,1
TRBV7-9,TRBJ2-1,ASSPNRDRRNEQF,1
TRBV7-9,TRBJ2-1,ASSPNRDRTPGLASNAQF,1
TRBV7-9,TRBJ2-1,ASSPNRDRTPGLASNEQF,13
TRBV7-9,TRBJ2-1,ASSPNRDRTPVLASNEQF,1
TRBV7-9,TRBJ2-1,ASSPNRDRTSGRASNEQF,1
TRBV7-9,TRBJ2-1,ASSPNRDRYNEQF,1
TRBV7-9,TRBJ2-1,ASSPNRDSNNEQF,1
TRBV7-9,TRBJ2-1,ASSPNRDSYNEQF,12
TRBV7-9,TRBJ2-1,ASSPNRDSYNVQF,2
TRBV7-9,TRBJ2-1,ASSPNRDVYNEQF,1
TRBV7-9,TRBJ2-1,ASSPNRDYNNEQF,4
TRBV7-9,TRBJ2-1,ASSPNRDYTYNEQF,22
TRBV7-9,TRBJ2-1,ASSPNRDYVYNDQF,1
TRBV7-9,TRBJ2-1,ASSPNRDYVYNEQF,6
TRBV7-9,TRBJ2-1,ASSPNREALNEQF,1
TRBV7-9,TRBJ2-1,ASSPNREFYNEQF,1
TRBV7-9,TRBJ2-1,ASSPNREGDNEQL,1
TRBV7-9,TRBJ2-1,ASSPNREGSYNEQF,1
TRBV7-9,TRBJ2-1,ASSPNREGYNEQF,1
TRBV7-9,TRBJ2-1,ASSPNREIINEQF,2
TRBV7-9,TRBJ2-1,ASSPNREPYNEQF,1
TRBV7-9,TRBJ2-1,ASSPNRERGEQF,1
TRBV7-9,TRBJ2-1,ASSPNRESNEQF,1
TRBV7-9,TRBJ2-1,ASSPNRESYNEQF,2
TRBV7-9,TRBJ2-1,ASSPNRETYNEQF,13
TRBV7-9,TRBJ2-1,ASSPNREVEQF,14
TRBV7-9,TRBJ2-1,ASSPNRGAAYNEQF,3
TRBV7-9,TRBJ2-1,ASSPNRGADNEQF,5
TRBV7-9,TRBJ2-1,ASSPNRGAFNAQF,1
TRBV7-9,TRBJ2-1,ASSPNRGAFNEQF,1
TRBV7-9,TRBJ2-1,ASSPNRGAGASYHEQF,1
TRBV7-9,TRBJ2-1,ASSPNRGAGASYNEQF,28
TRBV7-9,TRBJ2-1,ASSPNRGALAGNNEQF,1
TRBV7-9,TRBJ2-1,ASSPNRGANYNEQF,1
TRBV7-9,TRBJ2-1,ASSPNRGAPYNEQF,2
TRBV7-9,TRBJ2-1,ASSPNRGARASYNEQF,1
TRBV7-9,TRBJ2-1,ASSPNRGARTYNEQF,1
TRBV7-9,TRBJ2-1,ASSPNRGASPSSYNEQF,1
TRBV7-9,TRBJ2-1,ASSPNRGASYNEQF,2
TRBV7-9,TRBJ2-1,ASSPNRGDYNEQF,2
TRBV7-9,TRBJ2-1,ASSPNRGEGASYNEQF,1
TRBV7-9,TRBJ2-1,ASSPNRGGATEQF,1
TRBV7-9,TRBJ2-1,ASSPNRGGEQF,3
TRBV7-9,TRBJ2-1,ASSPNRGGGPGNEQF,1
TRBV7-9,TRBJ2-1,ASSPNRGGGPRHNEQF,5
TRBV7-9,TRBJ2-1,ASSPNRGGLFYEQF,1
TRBV7-9,TRBJ2-1,ASSPNRGGNEQF,1
TRBV7-9,TRBJ2-1,ASSPNRGGPNEQF,1
TRBV7-9,TRBJ2-1,ASSPNRGGRLNEQF,1
TRBV7-9,TRBJ2-1,ASSPNRGGSYNEQF,8
TRBV7-9,TRBJ2-1,ASSPNRGGTYNEQF,2
TRBV7-9,TRBJ2-1,ASSPNRGGVENEQF,1
TRBV7-9,TRBJ2-1,ASSPNRGGYAYNEQF,2
TRBV7-9,TRBJ2-1,ASSPNRGGYNEQF,1
TRBV7-9,TRBJ2-1,ASSPNRGHNNEQF,3
TRBV7-9,TRBJ2-1,ASSPNRGITNEQF,1
TRBV7-9,TRBJ2-1,ASSPNRGLAIRDEQC,1
TRBV7-9,TRBJ2-1,ASSPNRGLAIRDEQF,9
TRBV7-9,TRBJ2-1,ASSPNRGLANNEQF,1
TRBV7-9,TRBJ2-1,ASSPNRGLGFNEQF,8
TRBV7-9,TRBJ2-1,ASSPNRGLGNEQF,1
TRBV7-9,TRBJ2-1,ASSPNRGLHEQF,1
TRBV7-9,TRBJ2-1,ASSPNRGLVHEQF,1
TRBV7-9,TRBJ2-1,ASSPNRGLYNEQF,2
TRBV7-9,TRBJ2-1,ASSPNRGNEQF,5
TRBV7-9,TRBJ2-1,ASSPNRGNYNEQF,1
TRBV7-9,TRBJ2-1,ASSPNRGPAFNEQF,1
TRBV7-9,TRBJ2-1,ASSPNRGPINEQF,1
TRBV7-9,TRBJ2-1,ASSPNRGPNNEQF,1
TRBV7-9,TRBJ2-1,ASSPNRGPRLMFNEQF,2
TRBV7-9,TRBJ2-1,ASSPNRGPSYNEQF,1
TRBV7-9,TRBJ2-1,ASSPNRGPWYNEQF,1
TRBV7-9,TRBJ2-1,ASSPNRGPYNEQF,2
TRBV7-9,TRBJ2-1,ASSPNRGQGGLAGGEQF,17
TRBV7-9,TRBJ2-1,ASSPNRGQGGLAGGEQL,1
TRBV7-9,TRBJ2-1,ASSPNRGQGSYNEQF,1
TRBV7-9,TRBJ2-1,ASSPNRGQNPQF,3
TRBV7-9,TRBJ2-1,ASSPNRGQNPRF,1
TRBV7-9,TRBJ2-1,ASSPNRGQYNEQF,3
TRBV7-9,TRBJ2-1,ASSPNRGRAHYNEQF,11
TRBV7-9,TRBJ2-1,ASSPNRGRAHYTEQF,1
TRBV7-9,TRBJ2-1,ASSPNRGRAYNEQF,1
TRBV7-9,TRBJ2-1,ASSPNRGRGLAYNEQF,30
TRBV7-9,TRBJ2-1,ASSPNRGRGREYNEQF,8
TRBV7-9,TRBJ2-1,ASSPNRGRINEQF,1
TRBV7-9,TRBJ2-1,ASSPNRGRKNEQF,1
TRBV7-9,TRBJ2-1,ASSPNRGRMNNEQF,1
TRBV7-9,TRBJ2-1,ASSPNRGRPNEQF,8
TRBV7-9,TRBJ2-1,ASSPNRGRRLAYNEQF,1
TRBV7-9,TRBJ2-1,ASSPNRGRSYNEQF,1
TRBV7-9,TRBJ2-1,ASSPNRGRTNNEQF,1
TRBV7-9,TRBJ2-1,ASSPNRGRTYNEQF,1
TRBV7-9,TRBJ2-1,ASSPNRGRVYEQF,1
TRBV7-9,TRBJ2-1,ASSPNRGSEQF,8
TRBV7-9,TRBJ2-1,ASSPNRGSGTYNAQF,1
TRBV7-9,TRBJ2-1,ASSPNRGSGTYNEQF,8
TRBV7-9,TRBJ2-1,ASSPNRGSSYNAQF,1
TRBV7-9,TRBJ2-1,ASSPNRGSSYNEQF,16
TRBV7-9,TRBJ2-1,ASSPNRGSYNEQF,2
TRBV7-9,TRBJ2-1,ASSPNRGTFNEQF,8
TRBV7-9,TRBJ2-1,ASSPNRGTSSDEQF,1
TRBV7-9,TRBJ2-1,ASSPNRGTYNEQF,2
TRBV7-9,TRBJ2-1,ASSPNRGVIGAYNEQF,4
TRBV7-9,TRBJ2-1,ASSPNRGWAYNEQF,4
TRBV7-9,TRBJ2-1,ASSPNRGWSYNEQF,1
TRBV7-9,TRBJ2-1,ASSPNRGYEQF,1
TRBV7-9,TRBJ2-1,ASSPNRGYGNEQF,1
TRBV7-9,TRBJ2-1,ASSPNRGYSNNEQF,1
TRBV7-9,TRBJ2-1,ASSPNRGYYNEQF,1
TRBV7-9,TRBJ2-1,ASSPNRHEQF,1
TRBV7-9,TRBJ2-1,ASSPNRI,8
TRBV7-9,TRBJ2-1,ASSPNRIAGGGNEQF,1
TRBV7-9,TRBJ2-1,ASSPNRKGHSSYNEQF,1
TRBV7-9,TRBJ2-1,ASSPNRKPNYNEQF,1
TRBV7-9,TRBJ2-1,ASSPNRLAEYNEQF,1
TRBV7-9,TRBJ2-1,ASSPNRLAGADEQF,1
TRBV7-9,TRBJ2-1,ASSPNRLAGGNEQF,1
TRBV7-9,TRBJ2-1,ASSPNRLAGLNEQF,1
TRBV7-9,TRBJ2-1,ASSPNRLAGSYNEQF,1
TRBV7-9,TRBJ2-1,ASSPNRLAGTPNEPF,1
TRBV7-9,TRBJ2-1,ASSPNRLAGTPNEQF,6
TRBV7-9,TRBJ2-1,ASSPNRLAGYNEQF,1
TRBV7-9,TRBJ2-1,ASSPNRLDEQF,1
TRBV7-9,TRBJ2-1,ASSPNRLEKYNEQF,1
TRBV7-9,TRBJ2-1,ASSPNRLSGTNNEQF,1
TRBV7-9,TRBJ2-1,ASSPNRLYNEQF,1
TRBV7-9,TRBJ2-1,ASSPNRNEQF,8
TRBV7-9,TRBJ2-1,ASSPNRNYNEQF,1
TRBV7-9,TRBJ2-1,ASSPNRPDYNEQF,6
TRBV7-9,TRBJ2-1,ASSPNRPLSTGAYNEQF,1
TRBV7-9,TRBJ2-1,ASSPNRQGAGNEQF,1
TRBV7-9,TRBJ2-1,ASSPNRQGANNEQF,1
TRBV7-9,TRBJ2-1,ASSPNRQGIRINEQF,1
TRBV7-9,TRBJ2-1,ASSPNRQNEQF,1
TRBV7-9,TRBJ2-1,ASSPNRQTRNEQF,1
TRBV7-9,TRBJ2-1,ASSPNRQYNEQF,1
TRBV7-9,TRBJ2-1,ASSPNRREGNEHF,1
TRBV7-9,TRBJ2-1,ASSPNRREGNEQF,17
TRBV7-9,TRBJ2-1,ASSPNRRGRDEQF,11
TRBV7-9,TRBJ2-1,ASSPNRRLANNEQF,1
TRBV7-9,TRBJ2-1,ASSPNRRYNEQF,1
TRBV7-9,TRBJ2-1,ASSPNRSGNEQF,1
TRBV7-9,TRBJ2-1,ASSPNRSGRGNEQF,1
TRBV7-9,TRBJ2-1,ASSPNRSTGMRYNEQF,1
TRBV7-9,TRBJ2-1,ASSPNRTGGRHEQF,7
TRBV7-9,TRBJ2-1,ASSPNRTGVGNEQF,1
TRBV7-9,TRBJ2-1,ASSPNRTGYNEQF,1
TRBV7-9,TRBJ2-1,ASSPNRTSGKYEQF,1
TRBV7-9,TRBJ2-1,ASSPNRTSGRNEEF,1
TRBV7-9,TRBJ2-1,ASSPNRVANEQF,1
TRBV7-9,TRBJ2-1,ASSPNRVGYNEQF,1
TRBV7-9,TRBJ2-1,ASSPNRVHEQF,2
TRBV7-9,TRBJ2-1,ASSPNRVHVRNEQF,1
TRBV7-9,TRBJ2-1,ASSPNRVNEKF,1
TRBV7-9,TRBJ2-1,ASSPNRVNEQF,17
TRBV7-9,TRBJ2-1,ASSPNRVNEQV,1
TRBV7-9,TRBJ2-1,ASSPNRVNNYNEQF,1
TRBV7-9,TRBJ2-1,ASSPNRVSYNEQF,7
TRBV7-9,TRBJ2-1,ASSPNRVVNEQF,1
TRBV7-9,TRBJ2-1,ASSPNRVYYNEQF,1
TRBV7-9,TRBJ2-1,ASSPNRWDRVSYEQF,9
TRBV7-9,TRBJ2-1,ASSPNRWGVSNEQF,1
TRBV7-9,TRBJ2-1,ASSPNRWQYNEQF,1
TRBV7-9,TRBJ2-1,ASSPNRYNAQF,2
TRBV7-9,TRBJ2-1,ASSPNRYNEQF,2
TRBV7-9,TRBJ2-1,ASSPNRYSYNEQF,1
TRBV7-9,TRBJ2-1,ASSPNSAAYNEQF,3
TRBV7-9,TRBJ2-1,ASSPNSAAYNERF,1
TRBV7-9,TRBJ2-1,ASSPNSAGANEQF,1
TRBV7-9,TRBJ2-1,ASSPNSAGDHEEF,1
TRBV7-9,TRBJ2-1,ASSPNSAGDHEQF,1
TRBV7-9,TRBJ2-1,ASSPNSAGDIEQF,1
TRBV7-9,TRBJ2-1,ASSPNSAGDKEEV,1
TRBV7-9,TRBJ2-1,ASSPNSAGDNAKF,1
TRBV7-9,TRBJ2-1,ASSPNSAGDNAQF,2
TRBV7-9,TRBJ2-1,ASSPNSAGDNEHF,1
TRBV7-9,TRBJ2-1,ASSPNSAGDNEQF,51
TRBV7-9,TRBJ2-1,ASSPNSAGDNEQL,1
TRBV7-9,TRBJ2-1,ASSPNSAGENEQF,3
TRBV7-9,TRBJ2-1,ASSPNSAGYNEQF,1
TRBV7-9,TRBJ2-1,ASSPNSARENAQF,1
TRBV7-9,TRBJ2-1,ASSPNSARFYNEQF,1
TRBV7-9,TRBJ2-1,ASSPNSAVDNEQF,1
TRBV7-9,TRBJ2-1,ASSPNSAYNEQF,1
TRBV7-9,TRBJ2-1,ASSPNSDAYNEQF,1
TRBV7-9,TRBJ2-1,ASSPNSDNEQF,8
TRBV7-9,TRBJ2-1,ASSPNSDRNNEQF,5
TRBV7-9,TRBJ2-1,ASSPNSDRVNEWF,1
TRBV7-9,TRBJ2-1,ASSPNSDSYNEQF,7
TRBV7-9,TRBJ2-1,ASSPNSDWPRRRDEQF,1
TRBV7-9,TRBJ2-1,ASSPNSEAYNEQF,1
TRBV7-9,TRBJ2-1,ASSPNSEGSYYEQF,1
TRBV7-9,TRBJ2-1,ASSPNSEVEQF,1
TRBV7-9,TRBJ2-1,ASSPNSFGAHEQF,2
TRBV7-9,TRBJ2-1,ASSPNSFQGDEQF,1
TRBV7-9,TRBJ2-1,ASSPNSGAGYNEQF,1
TRBV7-9,TRBJ2-1,ASSPNSGASYNEQF,1
TRBV7-9,TRBJ2-1,ASSPNSGAYNEQF,1
TRBV7-9,TRBJ2-1,ASSPNSGDEQF,1
TRBV7-9,TRBJ2-1,ASSPNSGEQF,11
TRBV7-9,TRBJ2-1,ASSPNSGGALKEQF,1
TRBV7-9,TRBJ2-1,ASSPNSGGDNEQF,1
TRBV7-9,TRBJ2-1,ASSPNSGGDYNEQF,1
TRBV7-9,TRBJ2-1,ASSPNSGGEPF,1
TRBV7-9,TRBJ2-1,ASSPNSGGEQF,118
TRBV7-9,TRBJ2-1,ASSPNSGGEQL,1
TRBV7-9,TRBJ2-1,ASSPNSGGEQS,1
TRBV7-9,TRBJ2-1,ASSPNSGGGSRNNEQF,5
TRBV7-9,TRBJ2-1,ASSPNSGGKQF,1
TRBV7-9,TRBJ2-1,ASSPNSGGNEQF,26
TRBV7-9,TRBJ2-1,ASSPNSGGNGQF,1
TRBV7-9,TRBJ2-1,ASSPNSGGPMLYEQF,1
TRBV7-9,TRBJ2-1,ASSPNSGGSYNEQF,8
TRBV7-9,TRBJ2-1,ASSPNSGHEQF,1
TRBV7-9,TRBJ2-1,ASSPNSGIPWDEQF,1
TRBV7-9,TRBJ2-1,ASSPNSGKARNEQF,9
TRBV7-9,TRBJ2-1,ASSPNSGKASNEQF,1
TRBV7-9,TRBJ2-1,ASSPNSGKGYNEQF,1
TRBV7-9,TRBJ2-1,ASSPNSGKNEQF,1
TRBV7-9,TRBJ2-1,ASSPNSGLAEEYNEQF,3
TRBV7-9,TRBJ2-1,ASSPNSGLAGSYNEQF,1
TRBV7-9,TRBJ2-1,ASSPNSGLQVWNNEQF,1
TRBV7-9,TRBJ2-1,ASSPNSGMVYNEQF,1
TRBV7-9,TRBJ2-1,ASSPNSGNGYNEQF,1
TRBV7-9,TRBJ2-1,ASSPNSGPSYNEQF,1
TRBV7-9,TRBJ2-1,ASSPNSGQLF,5
TRBV7-9,TRBJ2-1,ASSPNSGQTYNEQF,1
TRBV7-9,TRBJ2-1,ASSPNSGRADEQF,1
TRBV7-9,TRBJ2-1,ASSPNSGRAFNEQF,1
TRBV7-9,TRBJ2-1,ASSPNSGRAGEQF,10
TRBV7-9,TRBJ2-1,ASSPNSGRAGEQY,1
TRBV7-9,TRBJ2-1,ASSPNSGRALNEHF,1
TRBV7-9,TRBJ2-1,ASSPNSGRALNEQF,12
TRBV7-9,TRBJ2-1,ASSPNSGRAYNEQF,2
TRBV7-9,TRBJ2-1,ASSPNSGRDLNEQF,12
TRBV7-9,TRBJ2-1,ASSPNSGRDNNEQF,1
TRBV7-9,TRBJ2-1,ASSPNSGRGDNEQF,1
TRBV7-9,TRBJ2-1,ASSPNSGRHHNEQF,8
TRBV7-9,TRBJ2-1,ASSPNSGRLNEQF,1
TRBV7-9,TRBJ2-1,ASSPNSGRLSNEQF,1
TRBV7-9,TRBJ2-1,ASSPNSGRNRNEQF,1
TRBV7-9,TRBJ2-1,ASSPNSGRRLAGGKDNEQF,4
TRBV7-9,TRBJ2-1,ASSPNSGRSYNEQF,2
TRBV7-9,TRBJ2-1,ASSPNSGRTNNEQF,1
TRBV7-9,TRBJ2-1,ASSPNSGRVSYEQF,1
TRBV7-9,TRBJ2-1,ASSPNSGRWIRGQF,1
TRBV7-9,TRBJ2-1,ASSPNSGRYNEQF,1
TRBV7-9,TRBJ2-1,ASSPNSGSALNEQF,1
TRBV7-9,TRBJ2-1,ASSPNSGSFYNEQF,1
TRBV7-9,TRBJ2-1,ASSPNSGSIYNEQF,7
TRBV7-9,TRBJ2-1,ASSPNSGSKNEQF,1
TRBV7-9,TRBJ2-1,ASSPNSGSLNNEQF,6
TRBV7-9,TRBJ2-1,ASSPNSGSLRNEQF,1
TRBV7-9,TRBJ2-1,ASSPNSGSNPTDEQF,1
TRBV7-9,TRBJ2-1,ASSPNSGSPYNEQF,1
TRBV7-9,TRBJ2-1,ASSPNSGSRNNEQF,1
TRBV7-9,TRBJ2-1,ASSPNSGSRYNEQF,1
TRBV7-9,TRBJ2-1,ASSPNSGSSYNEQF,9
TRBV7-9,TRBJ2-1,ASSPNSGSTYNEQF,1
TRBV7-9,TRBJ2-1,ASSPNSGSVYEQF,1
TRBV7-9,TRBJ2-1,ASSPNSGSYNEQF,5
TRBV7-9,TRBJ2-1,ASSPNSGTDYNEQF,1
TRBV7-9,TRBJ2-1,ASSPNSGTGRNEQF,1
TRBV7-9,TRBJ2-1,ASSPNSGTIHNEQF,1
TRBV7-9,TRBJ2-1,ASSPNSGTRTGDEQF,1
TRBV7-9,TRBJ2-1,ASSPNSGTSGVYEQF,1
TRBV7-9,TRBJ2-1,ASSPNSGTTYNEQF,1
TRBV7-9,TRBJ2-1,ASSPNSGTYNEQF,3
TRBV7-9,TRBJ2-1,ASSPNSGVIGAYDEHF,1
TRBV7-9,TRBJ2-1,ASSPNSGVIGAYKEQF,2
TRBV7-9,TRBJ2-1,ASSPNSGVIGAYNEEF,1
TRBV7-9,TRBJ2-1,ASSPNSGVIGAYNEHF,1
TRBV7-9,TRBJ2-1,ASSPNSGVIGAYNEQF,110
TRBV7-9,TRBJ2-1,ASSPNSGVIGAYNEQI,1
TRBV7-9,TRBJ2-1,ASSPNSGVIRAYNEQF,1
TRBV7-9,TRBJ2-1,ASSPNSGVLGAYNEQF,1
TRBV7-9,TRBJ2-1,ASSPNSGVRGACNEQF,1
TRBV7-9,TRBJ2-1,ASSPNSGVSYNEQF,11
TRBV7-9,TRBJ2-1,ASSPNSGVYNEQF,1
TRBV7-9,TRBJ2-1,ASSPNSGYNEQF,5
TRBV7-9,TRBJ2-1,ASSPNSISAWNEQF,1
TRBV7-9,TRBJ2-1,ASSPNSIWGEQF,7
TRBV7-9,TRBJ2-1,ASSPNSKRTGWDEQF,1
TRBV7-9,TRBJ2-1,ASSPNSKSSYNEQF,1
TRBV7-9,TRBJ2-1,ASSPNSLAGAYNEQF,1
TRBV7-9,TRBJ2-1,ASSPNSLAGDEQF,9
TRBV7-9,TRBJ2-1,ASSPNSLANYNEQF,1
TRBV7-9,TRBJ2-1,ASSPNSLGTSGSDEQF,1
TRBV7-9,TRBJ2-1,ASSPNSLLSSYNEQF,1
TRBV7-9,TRBJ2-1,ASSPNSNEQF,11
TRBV7-9,TRBJ2-1,ASSPNSPGDNEQF,2
TRBV7-9,TRBJ2-1,ASSPNSPLAGNNEQF,1
TRBV7-9,TRBJ2-1,ASSPNSPLV,1
TRBV7-9,TRBJ2-1,ASSPNSPSGGRYNEQF,1
TRBV7-9,TRBJ2-1,ASSPNSQGIHEQF,14
TRBV7-9,TRBJ2-1,ASSPNSQGPAYNEQF,1
TRBV7-9,TRBJ2-1,ASSPNSQPYNEQF,1
TRBV7-9,TRBJ2-1,ASSPNSRAGDEQF,1
TRBV7-9,TRBJ2-1,ASSPNSRDEQC,1
TRBV7-9,TRBJ2-1,ASSPNSRGGINHNEQF,1
TRBV7-9,TRBJ2-1,ASSPNSRGGTYNEQF,1
TRBV7-9,TRBJ2-1,ASSPNSSGSFNEQF,1
TRBV7-9,TRBJ2-1,ASSPNSSSYNEQF,1
TRBV7-9,TRBJ2-1,ASSPNSSVDEQF,1
TRBV7-9,TRBJ2-1,ASSPNSTNEQF,1
TRBV7-9,TRBJ2-1,ASSPNSTTLHEQF,3
TRBV7-9,TRBJ2-1,ASSPNSVSYNEQF,1
TRBV7-9,TRBJ2-1,ASSPNSVYNEQF,1
TRBV7-9,TRBJ2-1,ASSPNSWTGAVDNEQF,1
TRBV7-9,TRBJ2-1,ASSPNSYEQF,12
TRBV7-9,TRBJ2-1,ASSPNSYNEQF,46
TRBV7-9,TRBJ2-1,ASSPNSYVDEQF,19
TRBV7-9,TRBJ2-1,ASSPNTAGFYNEQF,1
TRBV7-9,TRBJ2-1,ASSPNTAGGQSYNEQF,9
TRBV7-9,TRBJ2-1,ASSPNTAGMHEQF,1
TRBV7-9,TRBJ2-1,ASSPNTARGNEQF,1
TRBV7-9,TRBJ2-1,ASSPNTAYRSYSYNEQF,1
TRBV7-9,TRBJ2-1,ASSPNTDHEQF,1
TRBV7-9,TRBJ2-1,ASSPNTESFVFNEQF,1
TRBV7-9,TRBJ2-1,ASSPNTGDEQF,2
TRBV7-9,TRBJ2-1,ASSPNTGGEQF,25
TRBV7-9,TRBJ2-1,ASSPNTGGFYNEQF,16
TRBV7-9,TRBJ2-1,ASSPNTGGFYNEQL,1
TRBV7-9,TRBJ2-1,ASSPNTGGSYNEQF,1
TRBV7-9,TRBJ2-1,ASSPNTGIGSAEQF,1
TRBV7-9,TRBJ2-1,ASSPNTGIIYNEQF,3
TRBV7-9,TRBJ2-1,ASSPNTGLSYNEQF,6
TRBV7-9,TRBJ2-1,ASSPNTGLSYNVQF,1
TRBV7-9,TRBJ2-1,ASSPNTGNAVEQF,15
TRBV7-9,TRBJ2-1,ASSPNTGNEQF,1
TRBV7-9,TRBJ2-1,ASSPNTGQPYNEQF,1
TRBV7-9,TRBJ2-1,ASSPNTGQSYNEQF,9
TRBV7-9,TRBJ2-1,ASSPNTGQSYTEQF,1
TRBV7-9,TRBJ2-1,ASSPNTGRTYNEQF,1
TRBV7-9,TRBJ2-1,ASSPNTGSSYNEQF,1
TRBV7-9,TRBJ2-1,ASSPNTGTACGEQF,1
TRBV7-9,TRBJ2-1,ASSPNTGTAFGEQF,9
TRBV7-9,TRBJ2-1,ASSPNTGTSGRAYNEQF,1
TRBV7-9,TRBJ2-1,ASSPNTGTYNEQF,1
TRBV7-9,TRBJ2-1,ASSPNTGVSYNEQF,1
TRBV7-9,TRBJ2-1,ASSPNTGVWNEQF,1
TRBV7-9,TRBJ2-1,ASSPNTGYNEQF,2
TRBV7-9,TRBJ2-1,ASSPNTHNEQF,1
TRBV7-9,TRBJ2-1,ASSPNTISYIAQF,1
TRBV7-9,TRBJ2-1,ASSPNTISYNEQF,12
TRBV7-9,TRBJ2-1,ASSPNTISYTEQF,1
TRBV7-9,TRBJ2-1,ASSPNTLCEQF,1
TRBV7-9,TRBJ2-1,ASSPNTLGEKF,1
TRBV7-9,TRBJ2-1,ASSPNTLGEQF,23
TRBV7-9,TRBJ2-1,ASSPNTLGGQF,1
TRBV7-9,TRBJ2-1,ASSPNTLNEQF,1
TRBV7-9,TRBJ2-1,ASSPNTLVEQF,1
TRBV7-9,TRBJ2-1,ASSPNTNEQF,1
TRBV7-9,TRBJ2-1,ASSPNTNSYNEQF,1
TRBV7-9,TRBJ2-1,ASSPNTPAGVWYNEQF,14
TRBV7-9,TRBJ2-1,ASSPNTPRGLARGNEQF,1
TRBV7-9,TRBJ2-1,ASSPNTPSYNEQF,1
TRBV7-9,TRBJ2-1,ASSPNTPTDEQF,2
TRBV7-9,TRBJ2-1,ASSPNTREDNEQF,1
TRBV7-9,TRBJ2-1,ASSPNTRGGLEQF,10
TRBV7-9,TRBJ2-1,ASSPNTRGGLGQF,1
TRBV7-9,TRBJ2-1,ASSPNTRSYNEQF,1
TRBV7-9,TRBJ2-1,ASSPNTRYNEQF,1
TRBV7-9,TRBJ2-1,ASSPNTSDRNNEQF,1
TRBV7-9,TRBJ2-1,ASSPNTSGRARGNEQF,1
TRBV7-9,TRBJ2-1,ASSPNTSGRIRHEQF,1
TRBV7-9,TRBJ2-1,ASSPNTSGSYNEQF,1
TRBV7-9,TRBJ2-1,ASSPNTSNEHF,1
TRBV7-9,TRBJ2-1,ASSPNTSNNEQF,6
TRBV7-9,TRBJ2-1,ASSPNTSRGLRYNEQF,1
TRBV7-9,TRBJ2-1,ASSPNTSSYNEQF,1
TRBV7-9,TRBJ2-1,ASSPNTTNEQF,2
TRBV7-9,TRBJ2-1,ASSPNTTNVQF,1
TRBV7-9,TRBJ2-1,ASSPNTYNEQF,2
TRBV7-9,TRBJ2-1,ASSPNVAGGPYNEQF,1
TRBV7-9,TRBJ2-1,ASSPNVAGPTYNEQF,1
TRBV7-9,TRBJ2-1,ASSPNVAYNEQF,1
TRBV7-9,TRBJ2-1,ASSPNVDNEQF,1
TRBV7-9,TRBJ2-1,ASSPNVDSGEQF,12
TRBV7-9,TRBJ2-1,ASSPNVENEQF,1
TRBV7-9,TRBJ2-1,ASSPNVFGTYNEQF,1
TRBV7-9,TRBJ2-1,ASSPNVGENEQF,1
TRBV7-9,TRBJ2-1,ASSPNVGGAYNEQF,1
TRBV7-9,TRBJ2-1,ASSPNVGGEQF,1
TRBV7-9,TRBJ2-1,ASSPNVGGGNNEQF,1
TRBV7-9,TRBJ2-1,ASSPNVGIYNEQF,16
TRBV7-9,TRBJ2-1,ASSPNVGLAGGNEQF,1
TRBV7-9,TRBJ2-1,ASSPNVGLASYEQF,1
TRBV7-9,TRBJ2-1,ASSPNVGLDGNEQF,1
TRBV7-9,TRBJ2-1,ASSPNVGPPYDNEQF,1
TRBV7-9,TRBJ2-1,ASSPNVGPYNEQF,1
TRBV7-9,TRBJ2-1,ASSPNVGQGPYNEQF,1
TRBV7-9,TRBJ2-1,ASSPNVGRGSYNEQF,1
TRBV7-9,TRBJ2-1,ASSPNVGSDNEQF,1
TRBV7-9,TRBJ2-1,ASSPNVGTGGNEQF,2
TRBV7-9,TRBJ2-1,ASSPNVLATRSSYNEQF,1
TRBV7-9,TRBJ2-1,ASSPNVLGIRSSYNEQF,1
TRBV7-9,TRBJ2-1,ASSPNVLGKRSSYNEQF,1
TRBV7-9,TRBJ2-1,ASSPNVLGTMSSYNEQF,2
TRBV7-9,TRBJ2-1,ASSPNVLGTRGSYNEQF,1
TRBV7-9,TRBJ2-1,ASSPNVLGTRRSYNEQF,1
TRBV7-9,TRBJ2-1,ASSPNVLGTRRSYSEQF,1
TRBV7-9,TRBJ2-1,ASSPNVLGTRRSYTEQF,1
TRBV7-9,TRBJ2-1,ASSPNVLGTRSSYDGQF,1
TRBV7-9,TRBJ2-1,ASSPNVLGTRSSYHEQF,3
TRBV7-9,TRBJ2-1,ASSPNVLGTRSSYKEQF,1
TRBV7-9,TRBJ2-1,ASSPNVLGTRSSYNAQF,3
TRBV7-9,TRBJ2-1,ASSPNVLGTRSSYNEHF,2
TRBV7-9,TRBJ2-1,ASSPNVLGTRSSYNEPF,1
TRBV7-9,TRBJ2-1,ASSPNVLGTRSSYNEQC,1
TRBV7-9,TRBJ2-1,ASSPNVLGTRSSYNEQF,198
TRBV7-9,TRBJ2-1,ASSPNVLGTRSSYNGQF,1
TRBV7-9,TRBJ2-1,ASSPNVLGTRSSYNQQF,1
TRBV7-9,TRBJ2-1,ASSPNVLGTSSSYKEQF,1
TRBV7-9,TRBJ2-1,ASSPNVLGTSSSYNEQF,1
TRBV7-9,TRBJ2-1,ASSPNVLVTRSSYNEQF,1
TRBV7-9,TRBJ2-1,ASSPNVLWTRSSYNEQF,1
TRBV7-9,TRBJ2-1,ASSPNVNEQF,4
TRBV7-9,TRBJ2-1,ASSPNVPLATYNEQF,1
TRBV7-9,TRBJ2-1,ASSPNVPWDEQF,1
TRBV7-9,TRBJ2-1,ASSPNVQGEQF,8
TRBV7-9,TRBJ2-1,ASSPNVRAYNEQF,1
TRBV7-9,TRBJ2-1,ASSPNVRNEHV,1
TRBV7-9,TRBJ2-1,ASSPNVRNEQF,13
TRBV7-9,TRBJ2-1,ASSPNVSGRVYNEQF,1
TRBV7-9,TRBJ2-1,ASSPNVSGSPYNEQF,1
TRBV7-9,TRBJ2-1,ASSPNVSSGSFSYNEQF,1
TRBV7-9,TRBJ2-1,ASSPNVTGVLDEQF,1
TRBV7-9,TRBJ2-1,ASSPNVVSSGASYNEQF,2
TRBV7-9,TRBJ2-1,ASSPNVVSYNEQF,2
TRBV7-9,TRBJ2-1,ASSPNVVTKAYNEQF,1
TRBV7-9,TRBJ2-1,ASSPNVWGTRSAYNEQC,1
TRBV7-9,TRBJ2-1,ASSPNVYEQF,1
TRBV7-9,TRBJ2-1,ASSPNVYNEQF,1
TRBV7-9,TRBJ2-1,ASSPNVYSYNEQF,1
TRBV7-9,TRBJ2-1,ASSPNWAEYNEQF,1
TRBV7-9,TRBJ2-1,ASSPNWAGAGNEQF,1
TRBV7-9,TRBJ2-1,ASSPNWATYNEQF,2
TRBV7-9,TRBJ2-1,ASSPNWDEQF,9
TRBV7-9,TRBJ2-1,ASSPNWDSYNEQF,1
TRBV7-9,TRBJ2-1,ASSPNWGAAYNEQF,1
TRBV7-9,TRBJ2-1,ASSPNWGAPSYNEQF,1
TRBV7-9,TRBJ2-1,ASSPNWGAVGYNEQF,1
TRBV7-9,TRBJ2-1,ASSPNWGGAREQF,3
TRBV7-9,TRBJ2-1,ASSPNWGGDNEQF,1
TRBV7-9,TRBJ2-1,ASSPNWGGGSYNEQF,2
TRBV7-9,TRBJ2-1,ASSPNWGGSYNEQF,1
TRBV7-9,TRBJ2-1,ASSPNWGPLDSNEQF,1
TRBV7-9,TRBJ2-1,ASSPNWGPYNEQF,8
TRBV7-9,TRBJ2-1,ASSPNWGRGNEQF,1
TRBV7-9,TRBJ2-1,ASSPNWGSVYNEQF,1
TRBV7-9,TRBJ2-1,ASSPNWGSYNEQF,1
TRBV7-9,TRBJ2-1,ASSPNWLAGHNEQF,1
TRBV7-9,TRBJ2-1,ASSPNWNEQF,1
TRBV7-9,TRBJ2-1,ASSPNWQENEQF,1
TRBV7-9,TRBJ2-1,ASSPNWRLADNNEQF,1
TRBV7-9,TRBJ2-1,ASSPNWRQGAIIYEQF,1
TRBV7-9,TRBJ2-1,ASSPNWRVAYNEQF,1
TRBV7-9,TRBJ2-1,ASSPNWTPYNEQF,1
TRBV7-9,TRBJ2-1,ASSPNWTSGRNEQF,14
TRBV7-9,TRBJ2-1,ASSPNYDNYNEQF,1
TRBV7-9,TRBJ2-1,ASSPNYEQF,14
TRBV7-9,TRBJ2-1,ASSPNYFAGLYNEQF,1
TRBV7-9,TRBJ2-1,ASSPNYGNEQF,1
TRBV7-9,TRBJ2-1,ASSPNYHNEQF,1
TRBV7-9,TRBJ2-1,ASSPNYIAGLGPGDEQF,1
TRBV7-9,TRBJ2-1,ASSPNYNEQF,101
TRBV7-9,TRBJ2-1,ASSPNYNEQL,1
TRBV7-9,TRBJ2-1,ASSPNYNGQF,1
TRBV7-9,TRBJ2-1,ASSPNYNVQF,2
TRBV7-9,TRBJ2-1,ASSPNYPGQGNNEQF,1
TRBV7-9,TRBJ2-1,ASSPNYRVRNNEQF,11
TRBV7-9,TRBJ2-1,ASSPNYTEEF,1
TRBV7-9,TRBJ2-1,ASSPNYTPASGGRMDEQF,1
TRBV7-9,TRBJ2-1,ASSPNYTPASGSRMDEQF,11
TRBV7-9,TRBJ2-1,ASSPPAAAYNEQF,1
TRBV7-9,TRBJ2-1,ASSPPAADNEQF,1
TRBV7-9,TRBJ2-1,ASSPPAADPYNEQF,1
TRBV7-9,TRBJ2-1,ASSPPAAGEQF,4
TRBV7-9,TRBJ2-1,ASSPPAAGEWNEQF,1
TRBV7-9,TRBJ2-1,ASSPPAAGFDEQF,1
TRBV7-9,TRBJ2-1,ASSPPAAGGHNEQF,10
TRBV7-9,TRBJ2-1,ASSPPAAGNEQF,1
TRBV7-9,TRBJ2-1,ASSPPAAGQGYNEQF,1
TRBV7-9,TRBJ2-1,ASSPPAAGSYNEQF,1
TRBV7-9,TRBJ2-1,ASSPPAAGTNEQF,1
TRBV7-9,TRBJ2-1,ASSPPAAGVDEQF,1
TRBV7-9,TRBJ2-1,ASSPPAAHLISYNEQF,1
TRBV7-9,TRBJ2-1,ASSPPAANEQF,1
TRBV7-9,TRBJ2-1,ASSPPAANYNEQF,1
TRBV7-9,TRBJ2-1,ASSPPAAQRLVTYNEQF,1
TRBV7-9,TRBJ2-1,ASSPPAARDEQF,1
TRBV7-9,TRBJ2-1,ASSPPAASGGNEQF,1
TRBV7-9,TRBJ2-1,ASSPPAASGTSYNEQF,1
TRBV7-9,TRBJ2-1,ASSPPAASGYYNEQF,1
TRBV7-9,TRBJ2-1,ASSPPAASYNEQF,1
TRBV7-9,TRBJ2-1,ASSPPAASYSYNEQF,1
TRBV7-9,TRBJ2-1,ASSPPAATYNEQF,1
TRBV7-9,TRBJ2-1,ASSPPAAVYNEQF,8
TRBV7-9,TRBJ2-1,ASSPPACIQQF,1
TRBV7-9,TRBJ2-1,ASSPPADDEQF,1
TRBV7-9,TRBJ2-1,ASSPPADEQF,14
TRBV7-9,TRBJ2-1,ASSPPADHSYNEQF,1
TRBV7-9,TRBJ2-1,ASSPPADNEQF,15
TRBV7-9,TRBJ2-1,ASSPPADNYNEQF,1
TRBV7-9,TRBJ2-1,ASSPPADSFSYNEQF,6
TRBV7-9,TRBJ2-1,ASSPPADYNEQF,5
TRBV7-9,TRBJ2-1,ASSPPAEARNEQF,16
TRBV7-9,TRBJ2-1,ASSPPAEAYNEQF,1
TRBV7-9,TRBJ2-1,ASSPPAEDEQF,5
TRBV7-9,TRBJ2-1,ASSPPAEEQF,1
TRBV7-9,TRBJ2-1,ASSPPAEGRHEQF,7
TRBV7-9,TRBJ2-1,ASSPPAEGRNEQF,1
TRBV7-9,TRBJ2-1,ASSPPAEGVIYNEQF,1
TRBV7-9,TRBJ2-1,ASSPPAEQGPNNEQF,3
TRBV7-9,TRBJ2-1,ASSPPAERSYNEQF,1
TRBV7-9,TRBJ2-1,ASSPPAETGVNNEQF,1
TRBV7-9,TRBJ2-1,ASSPPAETSYNEQF,1
TRBV7-9,TRBJ2-1,ASSPPAFDSYNEQF,1
TRBV7-9,TRBJ2-1,ASSPPAFGNEQF,1
TRBV7-9,TRBJ2-1,ASSPPAFNEQF,1
TRBV7-9,TRBJ2-1,ASSPPAFSYNEQF,1
TRBV7-9,TRBJ2-1,ASSPPAFWNEQF,1
TRBV7-9,TRBJ2-1,ASSPPAFYNEQF,1
TRBV7-9,TRBJ2-1,ASSPPAGADYNEQF,1
TRBV7-9,TRBJ2-1,ASSPPAGAENNEQF,25
TRBV7-9,TRBJ2-1,ASSPPAGAGEAYNEQF,1
TRBV7-9,TRBJ2-1,ASSPPAGAGETYNEQF,8
TRBV7-9,TRBJ2-1,ASSPPAGAGNAQF,1
TRBV7-9,TRBJ2-1,ASSPPAGAGNEQF,14
TRBV7-9,TRBJ2-1,ASSPPAGAIYNEQF,1
TRBV7-9,TRBJ2-1,ASSPPAGAKYNEQF,1
TRBV7-9,TRBJ2-1,ASSPPAGANNEQF,1
TRBV7-9,TRBJ2-1,ASSPPAGANSYNEQF,1
TRBV7-9,TRBJ2-1,ASSPPAGAPYNEQF,7
TRBV7-9,TRBJ2-1,ASSPPAGARFNEQF,22
TRBV7-9,TRBJ2-1,ASSPPAGAVDEQF,1
TRBV7-9,TRBJ2-1,ASSPPAGAYNEQF,19
TRBV7-9,TRBJ2-1,ASSPPAGCSLADAQF,1
TRBV7-9,TRBJ2-1,ASSPPAGCSYNVQF,1
TRBV7-9,TRBJ2-1,ASSPPAGDEQF,8
TRBV7-9,TRBJ2-1,ASSPPAGDLDNEQF,9
TRBV7-9,TRBJ2-1,ASSPPAGDNEQF,2
TRBV7-9,TRBJ2-1,ASSPPAGDNNEQF,2
TRBV7-9,TRBJ2-1,ASSPPAGDRYNEQF,1
TRBV7-9,TRBJ2-1,ASSPPAGDSSYNEQF,1
TRBV7-9,TRBJ2-1,ASSPPAGEANEQF,1
TRBV7-9,TRBJ2-1,ASSPPAGEAYNEQF,7
TRBV7-9,TRBJ2-1,ASSPPAGEENEQF,1
TRBV7-9,TRBJ2-1,ASSPPAGEFSYNEQF,4
TRBV7-9,TRBJ2-1,ASSPPAGEGDEQF,6
TRBV7-9,TRBJ2-1,ASSPPAGEGEDSSYNEQF,5
TRBV7-9,TRBJ2-1,ASSPPAGEGFNEQF,1
TRBV7-9,TRBJ2-1,ASSPPAGEGNEQF,6
TRBV7-9,TRBJ2-1,ASSPPAGEGYNEQF,1
TRBV7-9,TRBJ2-1,ASSPPAGEHYNDQF,1
TRBV7-9,TRBJ2-1,ASSPPAGEHYNEQF,3
TRBV7-9,TRBJ2-1,ASSPPAGEIRYNEQF,1
TRBV7-9,TRBJ2-1,ASSPPAGEIYNEQF,1
TRBV7-9,TRBJ2-1,ASSPPAGEKVWNEQF,1
TRBV7-9,TRBJ2-1,ASSPPAGESSYNEQF,1
TRBV7-9,TRBJ2-1,ASSPPAGESYNEQF,1
TRBV7-9,TRBJ2-1,ASSPPAGETLVYNEQF,2
TRBV7-9,TRBJ2-1,ASSPPAGETSSYNEQF,1
TRBV7-9,TRBJ2-1,ASSPPAGETYNEQF,3
TRBV7-9,TRBJ2-1,ASSPPAGFNEQF,1
TRBV7-9,TRBJ2-1,ASSPPAGFPYNEQF,1
TRBV7-9,TRBJ2-1,ASSPPAGFQNNEQF,11
TRBV7-9,TRBJ2-1,ASSPPAGFSDNEQF,1
TRBV7-9,TRBJ2-1,ASSPPAGFSYNAQF,1
TRBV7-9,TRBJ2-1,ASSPPAGFSYNEQF,14
TRBV7-9,TRBJ2-1,ASSPPAGGADSYNEQF,1
TRBV7-9,TRBJ2-1,ASSPPAGGAHEQF,1
TRBV7-9,TRBJ2-1,ASSPPAGGASEQF,1
TRBV7-9,TRBJ2-1,ASSPPAGGAYEQF,6
TRBV7-9,TRBJ2-1,ASSPPAGGAYNEQF,2
TRBV7-9,TRBJ2-1,ASSPPAGGDEQF,1
TRBV7-9,TRBJ2-1,ASSPPAGGEINEQF,5
TRBV7-9,TRBJ2-1,ASSPPAGGFDEQF,1
TRBV7-9,TRBJ2-1,ASSPPAGGFYNEQF,3
TRBV7-9,TRBJ2-1,ASSPPAGGGEQF,13
TRBV7-9,TRBJ2-1,ASSPPAGGGNEQF,5
TRBV7-9,TRBJ2-1,ASSPPAGGGYNEQF,8
TRBV7-9,TRBJ2-1,ASSPPAGGHNEQF,9
TRBV7-9,TRBJ2-1,ASSPPAGGHYNEQF,1
TRBV7-9,TRBJ2-1,ASSPPAGGIYNEQF,3
TRBV7-9,TRBJ2-1,ASSPPAGGLNEQF,16
TRBV7-9,TRBJ2-1,ASSPPAGGLYNEQF,14
TRBV7-9,TRBJ2-1,ASSPPAGGNEQF,1
TRBV7-9,TRBJ2-1,ASSPPAGGNNEQF,2
TRBV7-9,TRBJ2-1,ASSPPAGGPGEQF,10
TRBV7-9,TRBJ2-1,ASSPPAGGPGNEQF,2
TRBV7-9,TRBJ2-1,ASSPPAGGPNEQF,6
TRBV7-9,TRBJ2-1,ASSPPAGGPRNEQF,5
TRBV7-9,TRBJ2-1,ASSPPAGGPSYNEQF,1
TRBV7-9,TRBJ2-1,ASSPPAGGPYEQF,4
TRBV7-9,TRBJ2-1,ASSPPAGGPYNEQF,3
TRBV7-9,TRBJ2-1,ASSPPAGGQNEQF,1
TRBV7-9,TRBJ2-1,ASSPPAGGQYEQF,1
TRBV7-9,TRBJ2-1,ASSPPAGGRDEQF,1
TRBV7-9,TRBJ2-1,ASSPPAGGRGGQF,2
TRBV7-9,TRBJ2-1,ASSPPAGGSGRTYNEQF,1
TRBV7-9,TRBJ2-1,ASSPPAGGSLADEQF,13
TRBV7-9,TRBJ2-1,ASSPPAGGSNEQF,7
TRBV7-9,TRBJ2-1,ASSPPAGGSSFGYNEQF,11
TRBV7-9,TRBJ2-1,ASSPPAGGSSYNEQF,11
TRBV7-9,TRBJ2-1,ASSPPAGGSYNEQF,8
TRBV7-9,TRBJ2-1,ASSPPAGGTGIYNEQF,1
TRBV7-9,TRBJ2-1,ASSPPAGGTNEQF,2
TRBV7-9,TRBJ2-1,ASSPPAGGTYNEQF,1
TRBV7-9,TRBJ2-1,ASSPPAGGVDEQF,17
TRBV7-9,TRBJ2-1,ASSPPAGGVF,12
TRBV7-9,TRBJ2-1,ASSPPAGGVISYNEQF,5
TRBV7-9,TRBJ2-1,ASSPPAGGVNEQF,1
TRBV7-9,TRBJ2-1,ASSPPAGGWDEQF,2
TRBV7-9,TRBJ2-1,ASSPPAGGYNEQF,21
TRBV7-9,TRBJ2-1,ASSPPAGHEQF,1
TRBV7-9,TRBJ2-1,ASSPPAGHNEQF,7
TRBV7-9,TRBJ2-1,ASSPPAGHSSYNEQF,1
TRBV7-9,TRBJ2-1,ASSPPAGHSYNEQF,1
TRBV7-9,TRBJ2-1,ASSPPAGIDYNEQF,1
TRBV7-9,TRBJ2-1,ASSPPAGINEQF,1
TRBV7-9,TRBJ2-1,ASSPPAGIYNEQF,1
TRBV7-9,TRBJ2-1,ASSPPAGKGRNEQF,1
TRBV7-9,TRBJ2-1,ASSPPAGLADYNEQF,2
TRBV7-9,TRBJ2-1,ASSPPAGLAGVFDEQF,10
TRBV7-9,TRBJ2-1,ASSPPAGLATYNEQF,1
TRBV7-9,TRBJ2-1,ASSPPAGLDNEQF,4
TRBV7-9,TRBJ2-1,ASSPPAGLFNEQF,1
TRBV7-9,TRBJ2-1,ASSPPAGLNEQF,1
TRBV7-9,TRBJ2-1,ASSPPAGLQNEQF,1
TRBV7-9,TRBJ2-1,ASSPPAGLVGDEQF,1
TRBV7-9,TRBJ2-1,ASSPPAGLYNEQF,2
TRBV7-9,TRBJ2-1,ASSPPAGMSYNEQF,1
TRBV7-9,TRBJ2-1,ASSPPAGNEQF,14
TRBV7-9,TRBJ2-1,ASSPPAGNSYNEQF,1
TRBV7-9,TRBJ2-1,ASSPPAGPGLAYTEHF,1
TRBV7-9,TRBJ2-1,ASSPPAGPNNEQF,1
TRBV7-9,TRBJ2-1,ASSPPAGPSSCNEQF,1
TRBV7-9,TRBJ2-1,ASSPPAGPSYNEQF,4
TRBV7-9,TRBJ2-1,ASSPPAGPYNEQF,10
TRBV7-9,TRBJ2-1,ASSPPAGPYNEQL,2
TRBV7-9,TRBJ2-1,ASSPPAGQAIYNEQF,1
TRBV7-9,TRBJ2-1,ASSPPAGQASYNEQF,1
TRBV7-9,TRBJ2-1,ASSPPAGQNYNEQF,1
TRBV7-9,TRBJ2-1,ASSPPAGQSSYNEQF,20
TRBV7-9,TRBJ2-1,ASSPPAGRGMNEQF,1
TRBV7-9,TRBJ2-1,ASSPPAGRGYEQF,2
TRBV7-9,TRBJ2-1,ASSPPAGRINNEQF,1
TRBV7-9,TRBJ2-1,ASSPPAGRKNEQF,1
TRBV7-9,TRBJ2-1,ASSPPAGRPPYNEQF,1
TRBV7-9,TRBJ2-1,ASSPPAGRRYNELF,1
TRBV7-9,TRBJ2-1,ASSPPAGRRYNEQF,16
TRBV7-9,TRBJ2-1,ASSPPAGSEQF,1
TRBV7-9,TRBJ2-1,ASSPPAGSFDSYNEQF,1
TRBV7-9,TRBJ2-1,ASSPPAGSGMISNEQF,1
TRBV7-9,TRBJ2-1,ASSPPAGSGNEQF,11
TRBV7-9,TRBJ2-1,ASSPPAGSGSGGYNEQF,4
TRBV7-9,TRBJ2-1,ASSPPAGSGYNEQF,2
TRBV7-9,TRBJ2-1,ASSPPAGSHNEQF,1
TRBV7-9,TRBJ2-1,ASSPPAGSNEQF,1
TRBV7-9,TRBJ2-1,ASSPPAGSPGNEQF,1
TRBV7-9,TRBJ2-1,ASSPPAGSPNEQF,2
TRBV7-9,TRBJ2-1,ASSPPAGSQQF,8
TRBV7-9,TRBJ2-1,ASSPPAGSRANNEQF,1
TRBV7-9,TRBJ2-1,ASSPPAGSSGNEQF,1
TRBV7-9,TRBJ2-1,ASSPPAGSSNEQF,1
TRBV7-9,TRBJ2-1,ASSPPAGSSYNEQF,12
TRBV7-9,TRBJ2-1,ASSPPAGSTTSYNEQF,1
TRBV7-9,TRBJ2-1,ASSPPAGSYNEQF,25
TRBV7-9,TRBJ2-1,ASSPPAGTAANEQF,1
TRBV7-9,TRBJ2-1,ASSPPAGTAGTEQF,1
TRBV7-9,TRBJ2-1,ASSPPAGTDKDNEQF,1
TRBV7-9,TRBJ2-1,ASSPPAGTDNEQF,1
TRBV7-9,TRBJ2-1,ASSPPAGTGFNEQF,1
TRBV7-9,TRBJ2-1,ASSPPAGTGGWNEQF,1
TRBV7-9,TRBJ2-1,ASSPPAGTGMNEQF,7
TRBV7-9,TRBJ2-1,ASSPPAGTNEQF,1
TRBV7-9,TRBJ2-1,ASSPPAGTNNEQF,1
TRBV7-9,TRBJ2-1,ASSPPAGTPYKEQA,1
TRBV7-9,TRBJ2-1,ASSPPAGTRTYNEQF,1
TRBV7-9,TRBJ2-1,ASSPPAGTSDEQF,1
TRBV7-9,TRBJ2-1,ASSPPAGTSGIYNEQF,1
TRBV7-9,TRBJ2-1,ASSPPAGTSGSYEQF,1
TRBV7-9,TRBJ2-1,ASSPPAGTSGYNEQF,11
TRBV7-9,TRBJ2-1,ASSPPAGTSLNEQF,1
TRBV7-9,TRBJ2-1,ASSPPAGTSPINEQF,1
TRBV7-9,TRBJ2-1,ASSPPAGTSSNEQF,1
TRBV7-9,TRBJ2-1,ASSPPAGTSYNDQF,1
TRBV7-9,TRBJ2-1,ASSPPAGTSYNEKF,1
TRBV7-9,TRBJ2-1,ASSPPAGTSYNEQC,1
TRBV7-9,TRBJ2-1,ASSPPAGTSYNEQF,10
TRBV7-9,TRBJ2-1,ASSPPAGTSYNGQF,1
TRBV7-9,TRBJ2-1,ASSPPAGTSYNMQF,1
TRBV7-9,TRBJ2-1,ASSPPAGTYEQF,1
TRBV7-9,TRBJ2-1,ASSPPAGTYNEQF,23
TRBV7-9,TRBJ2-1,ASSPPAGVADQF,1
TRBV7-9,TRBJ2-1,ASSPPAGVAEQF,12
TRBV7-9,TRBJ2-1,ASSPPAGVDRYEQF,1
TRBV7-9,TRBJ2-1,ASSPPAGVGF,1
TRBV7-9,TRBJ2-1,ASSPPAGVGNEQF,1
TRBV7-9,TRBJ2-1,ASSPPAGVGYNEQF,2
TRBV7-9,TRBJ2-1,ASSPPAGVKYNEQF,1
TRBV7-9,TRBJ2-1,ASSPPAGVLAEEGNEQF,1
TRBV7-9,TRBJ2-1,ASSPPAGVNEQF,1
TRBV7-9,TRBJ2-1,ASSPPAGVRAYNEQF,1
TRBV7-9,TRBJ2-1,ASSPPAGVSSYNEQF,1
TRBV7-9,TRBJ2-1,ASSPPAGVSYNEQF,1
TRBV7-9,TRBJ2-1,ASSPPAGVVDEQF,1
TRBV7-9,TRBJ2-1,ASSPPAGVVYNEQF,2
TRBV7-9,TRBJ2-1,ASSPPAGVYNEQF,2
TRBV7-9,TRBJ2-1,ASSPPAGWGSYNEQF,1
TRBV7-9,TRBJ2-1,ASSPPAGYEQF,9
TRBV7-9,TRBJ2-1,ASSPPAGYMGWEDEQF,1
TRBV7-9,TRBJ2-1,ASSPPAGYNEQF,7
TRBV7-9,TRBJ2-1,ASSPPAGYSSYNEQF,1
TRBV7-9,TRBJ2-1,ASSPPAGYSYNEQF,1
TRBV7-9,TRBJ2-1,ASSPPAGYYNEQF,1
TRBV7-9,TRBJ2-1,ASSPPAHEQF,1
TRBV7-9,TRBJ2-1,ASSPPAHNEQF,1
TRBV7-9,TRBJ2-1,ASSPPAHNYNEQF,1
TRBV7-9,TRBJ2-1,ASSPPAIAGGNNEQF,1
TRBV7-9,TRBJ2-1,ASSPPAIAGNGL,9
TRBV7-9,TRBJ2-1,ASSPPAINEQF,9
TRBV7-9,TRBJ2-1,ASSPPAKASYNEQF,1
TRBV7-9,TRBJ2-1,ASSPPAKFGEQF,12
TRBV7-9,TRBJ2-1,ASSPPAKNEQF,8
TRBV7-9,TRBJ2-1,ASSPPALAAGGNEQF,1
TRBV7-9,TRBJ2-1,ASSPPALAASNEQF,1
TRBV7-9,TRBJ2-1,ASSPPALAEDNEQF,1
TRBV7-9,TRBJ2-1,ASSPPALAEDNKQF,1
TRBV7-9,TRBJ2-1,ASSPPALAGAFNEQF,1
TRBV7-9,TRBJ2-1,ASSPPALAGSNEQL,1
TRBV7-9,TRBJ2-1,ASSPPALAPNEQF,1
TRBV7-9,TRBJ2-1,ASSPPALASYNEQF,1
TRBV7-9,TRBJ2-1,ASSPPALDEQF,1
TRBV7-9,TRBJ2-1,ASSPPALEQF,1
TRBV7-9,TRBJ2-1,ASSPPALESHNEQF,5
TRBV7-9,TRBJ2-1,ASSPPALFSYNEQF,1
TRBV7-9,TRBJ2-1,ASSPPALGADLYNEQF,1
TRBV7-9,TRBJ2-1,ASSPPALGNEQF,1
TRBV7-9,TRBJ2-1,ASSPPALGNYNEQF,7
TRBV7-9,TRBJ2-1,ASSPPALGTMSNEQF,1
TRBV7-9,TRBJ2-1,ASSPPALGYEQF,9
TRBV7-9,TRBJ2-1,ASSPPALISYNEQF,1
TRBV7-9,TRBJ2-1,ASSPPALLLTSGSRDEQF,7
TRBV7-9,TRBJ2-1,ASSPPALNEQF,1
TRBV7-9,TRBJ2-1,ASSPPALRFYNEQF,1
TRBV7-9,TRBJ2-1,ASSPPALSRSYNEQF,1
TRBV7-9,TRBJ2-1,ASSPPALSYNEQF,1
TRBV7-9,TRBJ2-1,ASSPPALVRSEQF,1
TRBV7-9,TRBJ2-1,ASSPPAMASGSSYNEQF,2
TRBV7-9,TRBJ2-1,ASSPPAMIEQF,2
TRBV7-9,TRBJ2-1,ASSPPAMISYNEQF,14
TRBV7-9,TRBJ2-1,ASSPPAMSYNEQF,1
TRBV7-9,TRBJ2-1,ASSPPANEGGQENNEQF,12
TRBV7-9,TRBJ2-1,ASSPPANEQF,11
TRBV7-9,TRBJ2-1,ASSPPANGLGRNEQF,1
TRBV7-9,TRBJ2-1,ASSPPANNEQF,2
TRBV7-9,TRBJ2-1,ASSPPAPDNEQF,1
TRBV7-9,TRBJ2-1,ASSPPAPGANEQF,1
TRBV7-9,TRBJ2-1,ASSPPAPHNEQF,1
TRBV7-9,TRBJ2-1,ASSPPAPLESSYNEQF,12
TRBV7-9,TRBJ2-1,ASSPPAPSSYNEQF,1
TRBV7-9,TRBJ2-1,ASSPPAPTSGSDEQF,4
TRBV7-9,TRBJ2-1,ASSPPAPVISNEQF,1
TRBV7-9,TRBJ2-1,ASSPPAPVNEQF,1
TRBV7-9,TRBJ2-1,ASSPPAPVTVGGEQF,7
TRBV7-9,TRBJ2-1,ASSPPAPYNEQF,2
TRBV7-9,TRBJ2-1,ASSPPAQGKDEQF,1
TRBV7-9,TRBJ2-1,ASSPPAQSYNEQF,1
TRBV7-9,TRBJ2-1,ASSPPAQVYNEQF,1
TRBV7-9,TRBJ2-1,ASSPPARDEQF,16
TRBV7-9,TRBJ2-1,ASSPPARDRGGRDEQF,1
TRBV7-9,TRBJ2-1,ASSPPARDRLFSYNEQF,1
TRBV7-9,TRBJ2-1,ASSPPARDRYNEQF,1
TRBV7-9,TRBJ2-1,ASSPPARDVSNEQF,2
TRBV7-9,TRBJ2-1,ASSPPAREGLGGQNEQF,1
TRBV7-9,TRBJ2-1,ASSPPAREPYNEQF,1
TRBV7-9,TRBJ2-1,ASSPPARGEQF,6
TRBV7-9,TRBJ2-1,ASSPPARGGGGDEQF,1
TRBV7-9,TRBJ2-1,ASSPPARGNNEQF,7
TRBV7-9,TRBJ2-1,ASSPPARGPSNEQF,1
TRBV7-9,TRBJ2-1,ASSPPARGQF,11
TRBV7-9,TRBJ2-1,ASSPPARGRNEQF,13
TRBV7-9,TRBJ2-1,ASSPPARGYSNEQF,2
TRBV7-9,TRBJ2-1,ASSPPARHNEQF,8
TRBV7-9,TRBJ2-1,ASSPPARLAGLYNEQF,11
TRBV7-9,TRBJ2-1,ASSPPARLANEQF,1
TRBV7-9,TRBJ2-1,ASSPPARLAPSNEQF,1
TRBV7-9,TRBJ2-1,ASSPPARLLYNEQF,1
TRBV7-9,TRBJ2-1,ASSPPARNEQF,1
TRBV7-9,TRBJ2-1,ASSPPARPNEQF,1
TRBV7-9,TRBJ2-1,ASSPPARRADYNEQF,1
TRBV7-9,TRBJ2-1,ASSPPARRGLVDEQF,1
TRBV7-9,TRBJ2-1,ASSPPARRYNEQF,1
TRBV7-9,TRBJ2-1,ASSPPARSSYNEQF,2
TRBV7-9,TRBJ2-1,ASSPPARSYNEQF,1
TRBV7-9,TRBJ2-1,ASSPPARVSYNEQF,12
TRBV7-9,TRBJ2-1,ASSPPASASGRKYNEQF,1
TRBV7-9,TRBJ2-1,ASSPPASAYNEQF,13
TRBV7-9,TRBJ2-1,ASSPPASGAYNEQF,1
TRBV7-9,TRBJ2-1,ASSPPASGDYNEQF,1
TRBV7-9,TRBJ2-1,ASSPPASGENEQF,1
TRBV7-9,TRBJ2-1,ASSPPASGEYDEQF,1
TRBV7-9,TRBJ2-1,ASSPPASGEYNEQF,13
TRBV7-9,TRBJ2-1,ASSPPASGEYNEQV,1
TRBV7-9,TRBJ2-1,ASSPPASGEYNGQF,2
TRBV7-9,TRBJ2-1,ASSPPASGGGGDEQF,1
TRBV7-9,TRBJ2-1,ASSPPASGGNEQF,1
TRBV7-9,TRBJ2-1,ASSPPASGGPNEQF,5
TRBV7-9,TRBJ2-1,ASSPPASGIFYKEQF,1
TRBV7-9,TRBJ2-1,ASSPPASGIFYNEQF,8
TRBV7-9,TRBJ2-1,ASSPPASGINEQF,1
TRBV7-9,TRBJ2-1,ASSPPASGIYEQF,1
TRBV7-9,TRBJ2-1,ASSPPASGNNEQF,1
TRBV7-9,TRBJ2-1,ASSPPASGNYNEQF,10
TRBV7-9,TRBJ2-1,ASSPPASGRAGSYNEQF,1
TRBV7-9,TRBJ2-1,ASSPPASGRGAPYNEQF,1
TRBV7-9,TRBJ2-1,ASSPPASGRHNEQF,1
TRBV7-9,TRBJ2-1,ASSPPASGRLGNEQF,1
TRBV7-9,TRBJ2-1,ASSPPASGRLHEQF,5
TRBV7-9,TRBJ2-1,ASSPPASGRNNEQF,2
TRBV7-9,TRBJ2-1,ASSPPASGRVNEQF,1
TRBV7-9,TRBJ2-1,ASSPPASGSFNEQF,1
TRBV7-9,TRBJ2-1,ASSPPASGSGDEQF,1
TRBV7-9,TRBJ2-1,ASSPPASGSGYEQF,1
TRBV7-9,TRBJ2-1,ASSPPASGSPQF,7
TRBV7-9,TRBJ2-1,ASSPPASGSSYNEQF,1
TRBV7-9,TRBJ2-1,ASSPPASGSYNEQF,8
TRBV7-9,TRBJ2-1,ASSPPASGTGYNEQF,1
TRBV7-9,TRBJ2-1,ASSPPASGTPNEQF,1
TRBV7-9,TRBJ2-1,ASSPPASGTPVYNEQF,1
TRBV7-9,TRBJ2-1,ASSPPASGVNNEQF,1
TRBV7-9,TRBJ2-1,ASSPPASGYNEQF,2
TRBV7-9,TRBJ2-1,ASSPPASINEQF,4
TRBV7-9,TRBJ2-1,ASSPPASLAASYNEQF,1
TRBV7-9,TRBJ2-1,ASSPPASLAGVDEQF,1
TRBV7-9,TRBJ2-1,ASSPPASLKIYNEQF,1
TRBV7-9,TRBJ2-1,ASSPPASNEQF,2
TRBV7-9,TRBJ2-1,ASSPPASQKF,6
TRBV7-9,TRBJ2-1,ASSPPASQNEQF,9
TRBV7-9,TRBJ2-1,ASSPPASSSYHEQF,1
TRBV7-9,TRBJ2-1,ASSPPASSSYNEQF,7
TRBV7-9,TRBJ2-1,ASSPPASSYNEQF,25
TRBV7-9,TRBJ2-1,ASSPPASTGRISYNEQF,1
TRBV7-9,TRBJ2-1,ASSPPASVDEQF,2
TRBV7-9,TRBJ2-1,ASSPPASVNYNEQF,1
TRBV7-9,TRBJ2-1,ASSPPASYHNEQC,1
TRBV7-9,TRBJ2-1,ASSPPASYHNEQF,8
TRBV7-9,TRBJ2-1,ASSPPASYNEQF,5
TRBV7-9,TRBJ2-1,ASSPPASYSYNEQF,1
TRBV7-9,TRBJ2-1,ASSPPATEALGANEQF,1
TRBV7-9,TRBJ2-1,ASSPPATFGSYNEQF,1
TRBV7-9,TRBJ2-1,ASSPPATGGNEQF,1
TRBV7-9,TRBJ2-1,ASSPPATGPFYNEQF,6
TRBV7-9,TRBJ2-1,ASSPPATGPYNEQF,3
TRBV7-9,TRBJ2-1,ASSPPATGVNEQF,1
TRBV7-9,TRBJ2-1,ASSPPATLSYNEQF,8
TRBV7-9,TRBJ2-1,ASSPPATLWGGNNEQF,1
TRBV7-9,TRBJ2-1,ASSPPATNEQF,2
TRBV7-9,TRBJ2-1,ASSPPATNPLSSYNEQF,1
TRBV7-9,TRBJ2-1,ASSPPATNYEQF,1
TRBV7-9,TRBJ2-1,ASSPPATRYNEQF,1
TRBV7-9,TRBJ2-1,ASSPPATSGSASHNEQF,5
TRBV7-9,TRBJ2-1,ASSPPATSGSNEQF,1
TRBV7-9,TRBJ2-1,ASSPPATSGTNEQF,1
TRBV7-9,TRBJ2-1,ASSPPATSGVYNEQF,13
TRBV7-9,TRBJ2-1,ASSPPATSSF,1
TRBV7-9,TRBJ2-1,ASSPPATYNEQF,10
TRBV7-9,TRBJ2-1,ASSPPAVADNEQF,1
TRBV7-9,TRBJ2-1,ASSPPAVASWSYNEQF,9
TRBV7-9,TRBJ2-1,ASSPPAVEQF,1
TRBV7-9,TRBJ2-1,ASSPPAVFSYNEQF,1
TRBV7-9,TRBJ2-1,ASSPPAVGGYNEQF,1
TRBV7-9,TRBJ2-1,ASSPPAVGYNEQF,1
TRBV7-9,TRBJ2-1,ASSPPAVKYNEQF,1
TRBV7-9,TRBJ2-1,ASSPPAVNEQF,5
TRBV7-9,TRBJ2-1,ASSPPAVPSYNEQF,4
TRBV7-9,TRBJ2-1,ASSPPAVSSYNEQF,1
TRBV7-9,TRBJ2-1,ASSPPAVSYNEQF,3
TRBV7-9,TRBJ2-1,ASSPPAVTGSYNEQF,7
TRBV7-9,TRBJ2-1,ASSPPAVTSSYNEQF,1
TRBV7-9,TRBJ2-1,ASSPPAVTTVYNEQF,1
TRBV7-9,TRBJ2-1,ASSPPAVVKAQF,3
TRBV7-9,TRBJ2-1,ASSPPAVVMDEQF,11
TRBV7-9,TRBJ2-1,ASSPPAVVMYEQF,1
TRBV7-9,TRBJ2-1,ASSPPAVVRNEQF,2
TRBV7-9,TRBJ2-1,ASSPPAVVYNEQF,1
TRBV7-9,TRBJ2-1,ASSPPAVYNEQF,1
TRBV7-9,TRBJ2-1,ASSPPAWGGYNEQF,3
TRBV7-9,TRBJ2-1,ASSPPAWQGTNNEQF,1
TRBV7-9,TRBJ2-1,ASSPPAWQTSSNEQF,5
TRBV7-9,TRBJ2-1,ASSPPAYENEQF,7
TRBV7-9,TRBJ2-1,ASSPPAYNEQF,63
TRBV7-9,TRBJ2-1,ASSPPAYNEQI,1
TRBV7-9,TRBJ2-1,ASSPPCETRRNEQF,1
TRBV7-9,TRBJ2-1,ASSPPCGGELRVSYNEQF,1
TRBV7-9,TRBJ2-1,ASSPPCGINYNEQF,1
TRBV7-9,TRBJ2-1,ASSPPCGRARNEQF,1
TRBV7-9,TRBJ2-1,ASSPPCGREQF,1
TRBV7-9,TRBJ2-1,ASSPPCGRIDEQF,1
TRBV7-9,TRBJ2-1,ASSPPCGSAYNEQF,1
TRBV7-9,TRBJ2-1,ASSPPCGSSYNEQF,1
TRBV7-9,TRBJ2-1,ASSPPCLLSF,1
TRBV7-9,TRBJ2-1,ASSPPCNLNHEQF,1
TRBV7-9,TRBJ2-1,ASSPPCREDYNEQF,1
TRBV7-9,TRBJ2-1,ASSPPCRLAGGDEQF,2
TRBV7-9,TRBJ2-1,ASSPPDAEANEQF,1
TRBV7-9,TRBJ2-1,ASSPPDAGANEQF,18
TRBV7-9,TRBJ2-1,ASSPPDAGRNNEQF,12
TRBV7-9,TRBJ2-1,ASSPPDAQANNEQF,9
TRBV7-9,TRBJ2-1,ASSPPDASAYNEQF,1
TRBV7-9,TRBJ2-1,ASSPPDCDEQF,2
TRBV7-9,TRBJ2-1,ASSPPDDEQF,10
TRBV7-9,TRBJ2-1,ASSPPDDPYNEQF,1
TRBV7-9,TRBJ2-1,ASSPPDDSYNEQF,3
TRBV7-9,TRBJ2-1,ASSPPDEQF,14
TRBV7-9,TRBJ2-1,ASSPPDEYNEQF,8
TRBV7-9,TRBJ2-1,ASSPPDFRSYNEQF,1
TRBV7-9,TRBJ2-1,ASSPPDFSRGNEQF,1
TRBV7-9,TRBJ2-1,ASSPPDGAADSEQS,1
TRBV7-9,TRBJ2-1,ASSPPDGDNEQF,1
TRBV7-9,TRBJ2-1,ASSPPDGDSYNEQF,1
TRBV7-9,TRBJ2-1,ASSPPDGFYNEQF,1
TRBV7-9,TRBJ2-1,ASSPPDGGHYNEQF,7
TRBV7-9,TRBJ2-1,ASSPPDGGLAGAISSYNEQF,3
TRBV7-9,TRBJ2-1,ASSPPDGGLDAQF,1
TRBV7-9,TRBJ2-1,ASSPPDGGLDEQF,7
TRBV7-9,TRBJ2-1,ASSPPDGGSYNEQF,2
TRBV7-9,TRBJ2-1,ASSPPDGGYYNEQY,1
TRBV7-9,TRBJ2-1,ASSPPDGHNAQF,1
TRBV7-9,TRBJ2-1,ASSPPDGILSYNEQF,1
TRBV7-9,TRBJ2-1,ASSPPDGLYNEQF,9
TRBV7-9,TRBJ2-1,ASSPPDGLYYEQF,1
TRBV7-9,TRBJ2-1,ASSPPDGNEQF,2
TRBV7-9,TRBJ2-1,ASSPPDGPLGNEQF,1
TRBV7-9,TRBJ2-1,ASSPPDGQGNEQF,1
TRBV7-9,TRBJ2-1,ASSPPDGQGYNEQF,1
TRBV7-9,TRBJ2-1,ASSPPDGRALVEQF,7
TRBV7-9,TRBJ2-1,ASSPPDGRANNEQF,1
TRBV7-9,TRBJ2-1,ASSPPDGRHYNEQF,1
TRBV7-9,TRBJ2-1,ASSPPDGRNEQF,7
TRBV7-9,TRBJ2-1,ASSPPDGSAYNEQF,7
TRBV7-9,TRBJ2-1,ASSPPDGSSYNEQF,8
TRBV7-9,TRBJ2-1,ASSPPDGSYNEQF,3
TRBV7-9,TRBJ2-1,ASSPPDGTAYNEQF,1
TRBV7-9,TRBJ2-1,ASSPPDGTSDNEQF,2
TRBV7-9,TRBJ2-1,ASSPPDGTSFNEQF,1
TRBV7-9,TRBJ2-1,ASSPPDGTSSNEQF,3
TRBV7-9,TRBJ2-1,ASSPPDGTSYNEQF,34
TRBV7-9,TRBJ2-1,ASSPPDGTSYNGQF,1
TRBV7-9,TRBJ2-1,ASSPPDGVSYNEQF,1
TRBV7-9,TRBJ2-1,ASSPPDGYSYNEQF,1
TRBV7-9,TRBJ2-1,ASSPPDGYTYNEQF,1
TRBV7-9,TRBJ2-1,ASSPPDGYYNEQF,1
TRBV7-9,TRBJ2-1,ASSPPDHNEQF,1
TRBV7-9,TRBJ2-1,ASSPPDHRDYNEQF,1
TRBV7-9,TRBJ2-1,ASSPPDHSYNEQF,1
TRBV7-9,TRBJ2-1,ASSPPDIHNEQF,1
TRBV7-9,TRBJ2-1,ASSPPDILPFNEQF,1
TRBV7-9,TRBJ2-1,ASSPPDINEQF,1
TRBV7-9,TRBJ2-1,ASSPPDIRSSYNEQF,3
TRBV7-9,TRBJ2-1,ASSPPDITTNKQF,19
TRBV7-9,TRBJ2-1,ASSPPDIYNEQF,10
TRBV7-9,TRBJ2-1,ASSPPDKDYNEQF,1
TRBV7-9,TRBJ2-1,ASSPPDKTYNEQF,1
TRBV7-9,TRBJ2-1,ASSPPDLDYNEQF,16
TRBV7-9,TRBJ2-1,ASSPPDLGYNEQF,2
TRBV7-9,TRBJ2-1,ASSPPDLIRNEQF,11
TRBV7-9,TRBJ2-1,ASSPPDLLEQF,1
TRBV7-9,TRBJ2-1,ASSPPDLLGQF,9
TRBV7-9,TRBJ2-1,ASSPPDLMRNEQF,1
TRBV7-9,TRBJ2-1,ASSPPDLPGLDEQF,1
TRBV7-9,TRBJ2-1,ASSPPDLRAYNEQF,6
TRBV7-9,TRBJ2-1,ASSPPDLRAYNEQV,1
TRBV7-9,TRBJ2-1,ASSPPDLSEQF,2
TRBV7-9,TRBJ2-1,ASSPPDLSSYNEQF,2
TRBV7-9,TRBJ2-1,ASSPPDNEQF,36
TRBV7-9,TRBJ2-1,ASSPPDNNEQF,1
TRBV7-9,TRBJ2-1,ASSPPDNYLNEQF,1
TRBV7-9,TRBJ2-1,ASSPPDPANEQF,9
TRBV7-9,TRBJ2-1,ASSPPDPLSYNEQF,1
TRBV7-9,TRBJ2-1,ASSPPDPNEQF,1
TRBV7-9,TRBJ2-1,ASSPPDPPGDNEQF,1
TRBV7-9,TRBJ2-1,ASSPPDPRSYNEQF,1
TRBV7-9,TRBJ2-1,ASSPPDPSSYNEQF,1
TRBV7-9,TRBJ2-1,ASSPPDPTSGRSYNEQF,1
TRBV7-9,TRBJ2-1,ASSPPDPTSYNEQF,2
TRBV7-9,TRBJ2-1,ASSPPDPYDEQF,1
TRBV7-9,TRBJ2-1,ASSPPDQAGAYNEQF,1
TRBV7-9,TRBJ2-1,ASSPPDQAYNEQF,14
TRBV7-9,TRBJ2-1,ASSPPDQDNEQF,1
TRBV7-9,TRBJ2-1,ASSPPDQGEQF,1
TRBV7-9,TRBJ2-1,ASSPPDQSSYNEQF,6
TRBV7-9,TRBJ2-1,ASSPPDQVESNEQF,1
TRBV7-9,TRBJ2-1,ASSPPDRADNEQF,2
TRBV7-9,TRBJ2-1,ASSPPDRAGNEQF,1
TRBV7-9,TRBJ2-1,ASSPPDRAGRDEQF,1
TRBV7-9,TRBJ2-1,ASSPPDRALYNEQF,1
TRBV7-9,TRBJ2-1,ASSPPDRANEQF,1
TRBV7-9,TRBJ2-1,ASSPPDRAPEQF,2
TRBV7-9,TRBJ2-1,ASSPPDRAPRDEQF,2
TRBV7-9,TRBJ2-1,ASSPPDRAPYNEQF,2
TRBV7-9,TRBJ2-1,ASSPPDRASYNEQF,11
TRBV7-9,TRBJ2-1,ASSPPDRATNEQF,18
TRBV7-9,TRBJ2-1,ASSPPDRAYKEQF,1
TRBV7-9,TRBJ2-1,ASSPPDRAYNEQF,36
TRBV7-9,TRBJ2-1,ASSPPDRDDEQF,1
TRBV7-9,TRBJ2-1,ASSPPDRDDYNEQF,1
TRBV7-9,TRBJ2-1,ASSPPDRDNEPF,1
TRBV7-9,TRBJ2-1,ASSPPDRDNEQF,27
TRBV7-9,TRBJ2-1,ASSPPDRDNNEQF,1
TRBV7-9,TRBJ2-1,ASSPPDRDPYNEQF,1
TRBV7-9,TRBJ2-1,ASSPPDREIFNEQF,1
TRBV7-9,TRBJ2-1,ASSPPDRENEQF,1
TRBV7-9,TRBJ2-1,ASSPPDRENNEQF,1
TRBV7-9,TRBJ2-1,ASSPPDREQF,5
TRBV7-9,TRBJ2-1,ASSPPDRERRWNEQF,1
TRBV7-9,TRBJ2-1,ASSPPDRETYNEQF,5
TRBV7-9,TRBJ2-1,ASSPPDRFPNEQF,1
TRBV7-9,TRBJ2-1,ASSPPDRFYNEQF,2
TRBV7-9,TRBJ2-1,ASSPPDRGADEQF,1
TRBV7-9,TRBJ2-1,ASSPPDRGDEQF,1
TRBV7-9,TRBJ2-1,ASSPPDRGEQF,1
TRBV7-9,TRBJ2-1,ASSPPDRGGNEQF,1
TRBV7-9,TRBJ2-1,ASSPPDRGHNEQF,2
TRBV7-9,TRBJ2-1,ASSPPDRGIYNEQF,7
TRBV7-9,TRBJ2-1,ASSPPDRGLDEQF,1
TRBV7-9,TRBJ2-1,ASSPPDRGNEQF,16
TRBV7-9,TRBJ2-1,ASSPPDRGNNEQF,14
TRBV7-9,TRBJ2-1,ASSPPDRGNNGQF,1
TRBV7-9,TRBJ2-1,ASSPPDRGPDNEQF,10
TRBV7-9,TRBJ2-1,ASSPPDRGPNEQF,2
TRBV7-9,TRBJ2-1,ASSPPDRGPYNEQF,4
TRBV7-9,TRBJ2-1,ASSPPDRGQGNEQF,16
TRBV7-9,TRBJ2-1,ASSPPDRGRLEQC,1
TRBV7-9,TRBJ2-1,ASSPPDRGRLEQF,13
TRBV7-9,TRBJ2-1,ASSPPDRGRPDEQF,1
TRBV7-9,TRBJ2-1,ASSPPDRGRRDEQF,14
TRBV7-9,TRBJ2-1,ASSPPDRGRRGAQF,1
TRBV7-9,TRBJ2-1,ASSPPDRGSGNEQF,1
TRBV7-9,TRBJ2-1,ASSPPDRGSHEQF,1
TRBV7-9,TRBJ2-1,ASSPPDRGSSEQF,15
TRBV7-9,TRBJ2-1,ASSPPDRGTNEQF,1
TRBV7-9,TRBJ2-1,ASSPPDRGVYNEQF,1
TRBV7-9,TRBJ2-1,ASSPPDRGWDEQF,8
TRBV7-9,TRBJ2-1,ASSPPDRGYNEQF,1
TRBV7-9,TRBJ2-1,ASSPPDRHDEQF,1
TRBV7-9,TRBJ2-1,ASSPPDRHNDQF,2
TRBV7-9,TRBJ2-1,ASSPPDRHNEHF,1
TRBV7-9,TRBJ2-1,ASSPPDRHNEQC,2
TRBV7-9,TRBJ2-1,ASSPPDRHNEQF,135
TRBV7-9,TRBJ2-1,ASSPPDRHSEQF,1
TRBV7-9,TRBJ2-1,ASSPPDRISYNEQF,4
TRBV7-9,TRBJ2-1,ASSPPDRKELDEQF,1
TRBV7-9,TRBJ2-1,ASSPPDRKYEQF,1
TRBV7-9,TRBJ2-1,ASSPPDRLASYNEQF,8
TRBV7-9,TRBJ2-1,ASSPPDRLVRTSEQF,6
TRBV7-9,TRBJ2-1,ASSPPDRNEQF,2
TRBV7-9,TRBJ2-1,ASSPPDRNNEQF,1
TRBV7-9,TRBJ2-1,ASSPPDRNYNEQF,2
TRBV7-9,TRBJ2-1,ASSPPDRPFYNEQF,1
TRBV7-9,TRBJ2-1,ASSPPDRPLLNEQF,1
TRBV7-9,TRBJ2-1,ASSPPDRPNEQF,1
TRBV7-9,TRBJ2-1,ASSPPDRPYNEQF,1
TRBV7-9,TRBJ2-1,ASSPPDRQNEQF,1
TRBV7-9,TRBJ2-1,ASSPPDRQNGQF,1
TRBV7-9,TRBJ2-1,ASSPPDRQYNEQF,1
TRBV7-9,TRBJ2-1,ASSPPDRRDNEQF,1
TRBV7-9,TRBJ2-1,ASSPPDRSGNEQF,2
TRBV7-9,TRBJ2-1,ASSPPDRSSNEQF,1
TRBV7-9,TRBJ2-1,ASSPPDRSSYNEQF,1
TRBV7-9,TRBJ2-1,ASSPPDRSYFNEQF,8
TRBV7-9,TRBJ2-1,ASSPPDRSYNEQF,1
TRBV7-9,TRBJ2-1,ASSPPDRTANEQF,1
TRBV7-9,TRBJ2-1,ASSPPDRTNEQF,10
TRBV7-9,TRBJ2-1,ASSPPDRVFFNEQF,1
TRBV7-9,TRBJ2-1,ASSPPDRVFPNEQF,6
TRBV7-9,TRBJ2-1,ASSPPDRVGNEQF,1
TRBV7-9,TRBJ2-1,ASSPPDRVGYNEQF,1
TRBV7-9,TRBJ2-1,ASSPPDRVILDEQF,2
TRBV7-9,TRBJ2-1,ASSPPDRVLNEQF,1
TRBV7-9,TRBJ2-1,ASSPPDRVNEQF,12
TRBV7-9,TRBJ2-1,ASSPPDRVNNEQF,8
TRBV7-9,TRBJ2-1,ASSPPDRVRRNEQF,1
TRBV7-9,TRBJ2-1,ASSPPDRVTYNEQF,1
TRBV7-9,TRBJ2-1,ASSPPDRVVEQF,1
TRBV7-9,TRBJ2-1,ASSPPDRVVNEQF,1
TRBV7-9,TRBJ2-1,ASSPPDRVYNEQF,1
TRBV7-9,TRBJ2-1,ASSPPDRWDEQF,1
TRBV7-9,TRBJ2-1,ASSPPDRYNEQF,24
TRBV7-9,TRBJ2-1,ASSPPDRYSYNEQF,6
TRBV7-9,TRBJ2-1,ASSPPDSDEQF,1
TRBV7-9,TRBJ2-1,ASSPPDSDNEQF,2
TRBV7-9,TRBJ2-1,ASSPPDSESASNEQF,1
TRBV7-9,TRBJ2-1,ASSPPDSGAYNEQF,1
TRBV7-9,TRBJ2-1,ASSPPDSGNNEQF,7
TRBV7-9,TRBJ2-1,ASSPPDSHGNEQF,1
TRBV7-9,TRBJ2-1,ASSPPDSHNEQF,1
TRBV7-9,TRBJ2-1,ASSPPDSILSYNEQF,7
TRBV7-9,TRBJ2-1,ASSPPDSISSYNEQF,1
TRBV7-9,TRBJ2-1,ASSPPDSKEGEQF,2
TRBV7-9,TRBJ2-1,ASSPPDSLSDNEQF,1
TRBV7-9,TRBJ2-1,ASSPPDSLSYNEQF,3
TRBV7-9,TRBJ2-1,ASSPPDSLYNEQF,6
TRBV7-9,TRBJ2-1,ASSPPDSNEQF,1
TRBV7-9,TRBJ2-1,ASSPPDSNNEQF,1
TRBV7-9,TRBJ2-1,ASSPPDSNSYNEQF,1
TRBV7-9,TRBJ2-1,ASSPPDSPPGEQF,8
TRBV7-9,TRBJ2-1,ASSPPDSRGNEQF,1
TRBV7-9,TRBJ2-1,ASSPPDSSNEQF,1
TRBV7-9,TRBJ2-1,ASSPPDSSSSYNEQF,1
TRBV7-9,TRBJ2-1,ASSPPDSSTYNEQF,3
TRBV7-9,TRBJ2-1,ASSPPDSSYDEQF,1
TRBV7-9,TRBJ2-1,ASSPPDSSYNEQF,44
TRBV7-9,TRBJ2-1,ASSPPDSSYNEQV,1
TRBV7-9,TRBJ2-1,ASSPPDSTSYNEQF,9
TRBV7-9,TRBJ2-1,ASSPPDSVNEQF,1
TRBV7-9,TRBJ2-1,ASSPPDSYNEQF,11
TRBV7-9,TRBJ2-1,ASSPPDSYSYHEQF,1
TRBV7-9,TRBJ2-1,ASSPPDSYSYNEQC,1
TRBV7-9,TRBJ2-1,ASSPPDSYSYNEQF,12
TRBV7-9,TRBJ2-1,ASSPPDTAINEQF,1
TRBV7-9,TRBJ2-1,ASSPPDTANNEQF,12
TRBV7-9,TRBJ2-1,ASSPPDTASNEQF,1
TRBV7-9,TRBJ2-1,ASSPPDTFSYNEQF,1
TRBV7-9,TRBJ2-1,ASSPPDTKEKF,1
TRBV7-9,TRBJ2-1,ASSPPDTLGSYNEQF,2
TRBV7-9,TRBJ2-1,ASSPPDTLHYNEQF,1
TRBV7-9,TRBJ2-1,ASSPPDTNEQF,20
TRBV7-9,TRBJ2-1,ASSPPDTNKYNEQF,2
TRBV7-9,TRBJ2-1,ASSPPDTPIVYNEQF,1
TRBV7-9,TRBJ2-1,ASSPPDTSSYNEQF,9
TRBV7-9,TRBJ2-1,ASSPPDTVNYNEQF,3
TRBV7-9,TRBJ2-1,ASSPPDTVNYNGQF,1
TRBV7-9,TRBJ2-1,ASSPPDTVPYNEQF,1
TRBV7-9,TRBJ2-1,ASSPPDTYSYNEQF,1
TRBV7-9,TRBJ2-1,ASSPPDVNEQF,3
TRBV7-9,TRBJ2-1,ASSPPDVYNEQF,3
TRBV7-9,TRBJ2-1,ASSPPDWAQHNEQF,1
TRBV7-9,TRBJ2-1,ASSPPDWGPNYNEQF,1
TRBV7-9,TRBJ2-1,ASSPPDWIRNEQF,1
TRBV7-9,TRBJ2-1,ASSPPDWNEQF,12
TRBV7-9,TRBJ2-1,ASSPPDWNKQF,2
TRBV7-9,TRBJ2-1,ASSPPDWSYNEQF,12
TRBV7-9,TRBJ2-1,ASSPPDYANNEQF,1
TRBV7-9,TRBJ2-1,ASSPPDYLNEQF,1
TRBV7-9,TRBJ2-1,ASSPPDYNEQF,17
TRBV7-9,TRBJ2-1,ASSPPDYPYNEQF,10
TRBV7-9,TRBJ2-1,ASSPPDYPYNGPF,1
TRBV7-9,TRBJ2-1,ASSPPDYQEQF,7
TRBV7-9,TRBJ2-1,ASSPPDYTSDEQF,1
TRBV7-9,TRBJ2-1,ASSPPDYYNEQF,2
TRBV7-9,TRBJ2-1,ASSPPEADEQF,1
TRBV7-9,TRBJ2-1,ASSPPEADYNEQF,1
TRBV7-9,TRBJ2-1,ASSPPEAGENDEQF,1
TRBV7-9,TRBJ2-1,ASSPPEAGGPYNEQF,9
TRBV7-9,TRBJ2-1,ASSPPEAGIYEQF,1
TRBV7-9,TRBJ2-1,ASSPPEAGRGNEQF,7
TRBV7-9,TRBJ2-1,ASSPPEAGVYNEQF,11
TRBV7-9,TRBJ2-1,ASSPPEAIDEQF,1
TRBV7-9,TRBJ2-1,ASSPPEAINEQF,1
TRBV7-9,TRBJ2-1,ASSPPEALEQF,6
TRBV7-9,TRBJ2-1,ASSPPEALGQF,1
TRBV7-9,TRBJ2-1,ASSPPEARIYNEQF,1
TRBV7-9,TRBJ2-1,ASSPPEASGPYNEQF,1
TRBV7-9,TRBJ2-1,ASSPPEATGYNEQF,1
TRBV7-9,TRBJ2-1,ASSPPEATSDLEEF,1
TRBV7-9,TRBJ2-1,ASSPPEATSQHEQF,1
TRBV7-9,TRBJ2-1,ASSPPEATSYNEHF,1
TRBV7-9,TRBJ2-1,ASSPPEATSYNEQF,7
TRBV7-9,TRBJ2-1,ASSPPEATSYNQQF,1
TRBV7-9,TRBJ2-1,ASSPPEATSYSEPF,1
TRBV7-9,TRBJ2-1,ASSPPEATSYSGQF,1
TRBV7-9,TRBJ2-1,ASSPPEATYYNAQF,1
TRBV7-9,TRBJ2-1,ASSPPECIFYNEQF,1
TRBV7-9,TRBJ2-1,ASSPPECTSANEQC,1
TRBV7-9,TRBJ2-1,ASSPPEDDEQF,2
TRBV7-9,TRBJ2-1,ASSPPEDGNNEQF,1
TRBV7-9,TRBJ2-1,ASSPPEDGTRTNEQF,1
TRBV7-9,TRBJ2-1,ASSPPEDLYNEQF,2
TRBV7-9,TRBJ2-1,ASSPPEDNEQF,1
TRBV7-9,TRBJ2-1,ASSPPEDRRYNEQF,1
TRBV7-9,TRBJ2-1,ASSPPEEDEQF,4
TRBV7-9,TRBJ2-1,ASSPPEEEPNEQF,1
TRBV7-9,TRBJ2-1,ASSPPEEGNEQF,5
TRBV7-9,TRBJ2-1,ASSPPEEGPYNEQF,1
TRBV7-9,TRBJ2-1,ASSPPEEISYNDQF,1
TRBV7-9,TRBJ2-1,ASSPPEETFYNEQF,1
TRBV7-9,TRBJ2-1,ASSPPEETSDNEQF,1
TRBV7-9,TRBJ2-1,ASSPPEETSYIEQF,1
TRBV7-9,TRBJ2-1,ASSPPEETSYKEQF,2
TRBV7-9,TRBJ2-1,ASSPPEETSYNDQF,1
TRBV7-9,TRBJ2-1,ASSPPEETSYNEQF,9
TRBV7-9,TRBJ2-1,ASSPPEETSYNEQV,1
TRBV7-9,TRBJ2-1,ASSPPEETSYTVHV,1
TRBV7-9,TRBJ2-1,ASSPPEF,14
TRBV7-9,TRBJ2-1,ASSPPEFVDEQF,3
TRBV7-9,TRBJ2-1,ASSPPEGAQAYEQF,5
TRBV7-9,TRBJ2-1,ASSPPEGASSDAQC,1
TRBV7-9,TRBJ2-1,ASSPPEGASYNAQF,1
TRBV7-9,TRBJ2-1,ASSPPEGASYNEQF,10
TRBV7-9,TRBJ2-1,ASSPPEGASYNVQF,1
TRBV7-9,TRBJ2-1,ASSPPEGAYNEQF,5
TRBV7-9,TRBJ2-1,ASSPPEGAYYNVQF,1
TRBV7-9,TRBJ2-1,ASSPPEGEDNEQF,13
TRBV7-9,TRBJ2-1,ASSPPEGEDVNEQF,1
TRBV7-9,TRBJ2-1,ASSPPEGEGNNEQF,6
TRBV7-9,TRBJ2-1,ASSPPEGEGSYNEQF,3
TRBV7-9,TRBJ2-1,ASSPPEGEIYNEQF,1
TRBV7-9,TRBJ2-1,ASSPPEGERGYNEQF,8
TRBV7-9,TRBJ2-1,ASSPPEGETYNEQF,1
TRBV7-9,TRBJ2-1,ASSPPEGGGDEQF,1
TRBV7-9,TRBJ2-1,ASSPPEGGPYNEQF,1
TRBV7-9,TRBJ2-1,ASSPPEGGRTDNEQF,1
TRBV7-9,TRBJ2-1,ASSPPEGGSHNEQF,1
TRBV7-9,TRBJ2-1,ASSPPEGGSSSYNEQF,14
TRBV7-9,TRBJ2-1,ASSPPEGGSYNEQF,2
TRBV7-9,TRBJ2-1,ASSPPEGGTYNEQF,1
TRBV7-9,TRBJ2-1,ASSPPEGGYNEQF,3
TRBV7-9,TRBJ2-1,ASSPPEGHLYNEQF,1
TRBV7-9,TRBJ2-1,ASSPPEGHQINEQF,1
TRBV7-9,TRBJ2-1,ASSPPEGIERDEQL,1
TRBV7-9,TRBJ2-1,ASSPPEGISDKVQF,1
TRBV7-9,TRBJ2-1,ASSPPEGISYKEQF,1
TRBV7-9,TRBJ2-1,ASSPPEGISYNELF,1
TRBV7-9,TRBJ2-1,ASSPPEGISYNEPF,1
TRBV7-9,TRBJ2-1,ASSPPEGISYNEQF,14
TRBV7-9,TRBJ2-1,ASSPPEGLAERNEQF,1
TRBV7-9,TRBJ2-1,ASSPPEGLAEYNEQF,1
TRBV7-9,TRBJ2-1,ASSPPEGLAGEAGC,17
TRBV7-9,TRBJ2-1,ASSPPEGLAGNEQF,1
TRBV7-9,TRBJ2-1,ASSPPEGLAGWNEQF,1
TRBV7-9,TRBJ2-1,ASSPPEGLAYNEQF,3
TRBV7-9,TRBJ2-1,ASSPPEGLEYNEQF,9
TRBV7-9,TRBJ2-1,ASSPPEGLNEQF,1
TRBV7-9,TRBJ2-1,ASSPPEGLVGEAGC,1
TRBV7-9,TRBJ2-1,ASSPPEGLYNEQF,1
TRBV7-9,TRBJ2-1,ASSPPEGMHEF,1
TRBV7-9,TRBJ2-1,ASSPPEGMNEQF,1
TRBV7-9,TRBJ2-1,ASSPPEGMQEC,1
TRBV7-9,TRBJ2-1,ASSPPEGMQEF,14
TRBV7-9,TRBJ2-1,ASSPPEGNAYNEQF,2
TRBV7-9,TRBJ2-1,ASSPPEGNEQF,2
TRBV7-9,TRBJ2-1,ASSPPEGNPYYNEQF,1
TRBV7-9,TRBJ2-1,ASSPPEGNSYKEHF,1
TRBV7-9,TRBJ2-1,ASSPPEGNSYKRQF,1
TRBV7-9,TRBJ2-1,ASSPPEGNSYNAQF,1
TRBV7-9,TRBJ2-1,ASSPPEGNSYNEQF,30
TRBV7-9,TRBJ2-1,ASSPPEGNTYNEQF,9
TRBV7-9,TRBJ2-1,ASSPPEGPAYNEQF,2
TRBV7-9,TRBJ2-1,ASSPPEGPAYTEQF,1
TRBV7-9,TRBJ2-1,ASSPPEGPFYNEQF,1
TRBV7-9,TRBJ2-1,ASSPPEGPPSSYNEQF,1
TRBV7-9,TRBJ2-1,ASSPPEGPPYNEQL,1
TRBV7-9,TRBJ2-1,ASSPPEGPSCYEQF,1
TRBV7-9,TRBJ2-1,ASSPPEGPSNNEQF,1
TRBV7-9,TRBJ2-1,ASSPPEGPSSNEQF,1
TRBV7-9,TRBJ2-1,ASSPPEGPSYHEQF,1
TRBV7-9,TRBJ2-1,ASSPPEGPSYKEQF,1
TRBV7-9,TRBJ2-1,ASSPPEGPSYNEQF,7
TRBV7-9,TRBJ2-1,ASSPPEGPSYTEQF,1
TRBV7-9,TRBJ2-1,ASSPPEGPYNEQF,3
TRBV7-9,TRBJ2-1,ASSPPEGQDNNEQF,1
TRBV7-9,TRBJ2-1,ASSPPEGQGFNEQF,1
TRBV7-9,TRBJ2-1,ASSPPEGQGYNEQF,8
TRBV7-9,TRBJ2-1,ASSPPEGRGYNEQF,6
TRBV7-9,TRBJ2-1,ASSPPEGRSCHKQF,1
TRBV7-9,TRBJ2-1,ASSPPEGRSYNEQF,2
TRBV7-9,TRBJ2-1,ASSPPEGRSYSEQF,1
TRBV7-9,TRBJ2-1,ASSPPEGRYNEQF,2
TRBV7-9,TRBJ2-1,ASSPPEGSAYNEQF,1
TRBV7-9,TRBJ2-1,ASSPPEGSDNEQF,4
TRBV7-9,TRBJ2-1,ASSPPEGSEQF,5
TRBV7-9,TRBJ2-1,ASSPPEGSGRALGELF,1
TRBV7-9,TRBJ2-1,ASSPPEGSGRALGEQF,3
TRBV7-9,TRBJ2-1,ASSPPEGSPYNDQF,1
TRBV7-9,TRBJ2-1,ASSPPEGSSYNEQF,22
TRBV7-9,TRBJ2-1,ASSPPEGSSYNGQF,1
TRBV7-9,TRBJ2-1,ASSPPEGSSYTEQS,1
TRBV7-9,TRBJ2-1,ASSPPEGSVYNEQF,1
TRBV7-9,TRBJ2-1,ASSPPEGSYEQF,1
TRBV7-9,TRBJ2-1,ASSPPEGSYNEQF,18
TRBV7-9,TRBJ2-1,ASSPPEGTADNEQF,1
TRBV7-9,TRBJ2-1,ASSPPEGTAHKEQF,1
TRBV7-9,TRBJ2-1,ASSPPEGTASNEQF,4
TRBV7-9,TRBJ2-1,ASSPPEGTAYDELF,1
TRBV7-9,TRBJ2-1,ASSPPEGTAYDEQF,1
TRBV7-9,TRBJ2-1,ASSPPEGTAYIEQF,1
TRBV7-9,TRBJ2-1,ASSPPEGTAYKEQC,1
TRBV7-9,TRBJ2-1,ASSPPEGTAYKEQF,4
TRBV7-9,TRBJ2-1,ASSPPEGTAYNAQF,2
TRBV7-9,TRBJ2-1,ASSPPEGTAYNEHF,1
TRBV7-9,TRBJ2-1,ASSPPEGTAYNEQC,2
TRBV7-9,TRBJ2-1,ASSPPEGTAYNEQF,56
TRBV7-9,TRBJ2-1,ASSPPEGTAYNERL,1
TRBV7-9,TRBJ2-1,ASSPPEGTAYNGQF,1
TRBV7-9,TRBJ2-1,ASSPPEGTAYNVKF,1
TRBV7-9,TRBJ2-1,ASSPPEGTAYNVQF,1
TRBV7-9,TRBJ2-1,ASSPPEGTCFNEQF,1
TRBV7-9,TRBJ2-1,ASSPPEGTCSNEQF,1
TRBV7-9,TRBJ2-1,ASSPPEGTCYNEQF,6
TRBV7-9,TRBJ2-1,ASSPPEGTCYNVQF,1
TRBV7-9,TRBJ2-1,ASSPPEGTFHNEQF,1
TRBV7-9,TRBJ2-1,ASSPPEGTFYKEQF,1
TRBV7-9,TRBJ2-1,ASSPPEGTFYNEQF,3
TRBV7-9,TRBJ2-1,ASSPPEGTLYDDQF,1
TRBV7-9,TRBJ2-1,ASSPPEGTPHNEQF,1
TRBV7-9,TRBJ2-1,ASSPPEGTPSNEQF,1
TRBV7-9,TRBJ2-1,ASSPPEGTPYNAQF,1
TRBV7-9,TRBJ2-1,ASSPPEGTPYNEKC,1
TRBV7-9,TRBJ2-1,ASSPPEGTPYNEQF,21
TRBV7-9,TRBJ2-1,ASSPPEGTPYNGQF,1
TRBV7-9,TRBJ2-1,ASSPPEGTSANEQF,1
TRBV7-9,TRBJ2-1,ASSPPEGTSCNAQF,1
TRBV7-9,TRBJ2-1,ASSPPEGTSCNDQS,1
TRBV7-9,TRBJ2-1,ASSPPEGTSCNEQF,20
TRBV7-9,TRBJ2-1,ASSPPEGTSCNGQF,1
TRBV7-9,TRBJ2-1,ASSPPEGTSCSGQF,1
TRBV7-9,TRBJ2-1,ASSPPEGTSDHEQF,1
TRBV7-9,TRBJ2-1,ASSPPEGTSDNDQC,1
TRBV7-9,TRBJ2-1,ASSPPEGTSDNDQF,2
TRBV7-9,TRBJ2-1,ASSPPEGTSDNEHF,1
TRBV7-9,TRBJ2-1,ASSPPEGTSDNEKF,1
TRBV7-9,TRBJ2-1,ASSPPEGTSDNEQF,29
TRBV7-9,TRBJ2-1,ASSPPEGTSDNEQS,1
TRBV7-9,TRBJ2-1,ASSPPEGTSDNEQV,1
TRBV7-9,TRBJ2-1,ASSPPEGTSDNGQF,2
TRBV7-9,TRBJ2-1,ASSPPEGTSDNVQF,1
TRBV7-9,TRBJ2-1,ASSPPEGTSENEQF,1
TRBV7-9,TRBJ2-1,ASSPPEGTSFNDQF,2
TRBV7-9,TRBJ2-1,ASSPPEGTSFNEQF,12
TRBV7-9,TRBJ2-1,ASSPPEGTSFYEQY,1
TRBV7-9,TRBJ2-1,ASSPPEGTSHNEQF,14
TRBV7-9,TRBJ2-1,ASSPPEGTSHNEQY,1
TRBV7-9,TRBJ2-1,ASSPPEGTSHNKQF,1
TRBV7-9,TRBJ2-1,ASSPPEGTSHSEQF,1
TRBV7-9,TRBJ2-1,ASSPPEGTSNNEQF,6
TRBV7-9,TRBJ2-1,ASSPPEGTSNTEQL,1
TRBV7-9,TRBJ2-1,ASSPPEGTSSHEQF,1
TRBV7-9,TRBJ2-1,ASSPPEGTSSKEQF,1
TRBV7-9,TRBJ2-1,ASSPPEGTSSNAQF,2
TRBV7-9,TRBJ2-1,ASSPPEGTSSNEHF,1
TRBV7-9,TRBJ2-1,ASSPPEGTSSNEQC,1
TRBV7-9,TRBJ2-1,ASSPPEGTSSNEQF,39
TRBV7-9,TRBJ2-1,ASSPPEGTSSNEQY,1
TRBV7-9,TRBJ2-1,ASSPPEGTSSNVQF,1
TRBV7-9,TRBJ2-1,ASSPPEGTSSNVQL,1
TRBV7-9,TRBJ2-1,ASSPPEGTSSTEQF,1
TRBV7-9,TRBJ2-1,ASSPPEGTSVNEQF,1
TRBV7-9,TRBJ2-1,ASSPPEGTSWHEQF,1
TRBV7-9,TRBJ2-1,ASSPPEGTSYAEPV,1
TRBV7-9,TRBJ2-1,ASSPPEGTSYDEQC,1
TRBV7-9,TRBJ2-1,ASSPPEGTSYDEQF,16
TRBV7-9,TRBJ2-1,ASSPPEGTSYDVQF,1
TRBV7-9,TRBJ2-1,ASSPPEGTSYEEQF,1
TRBV7-9,TRBJ2-1,ASSPPEGTSYFEQF,1
TRBV7-9,TRBJ2-1,ASSPPEGTSYHDQF,1
TRBV7-9,TRBJ2-1,ASSPPEGTSYHEQF,25
TRBV7-9,TRBJ2-1,ASSPPEGTSYHEQV,1
TRBV7-9,TRBJ2-1,ASSPPEGTSYIEEF,1
TRBV7-9,TRBJ2-1,ASSPPEGTSYIEQF,11
TRBV7-9,TRBJ2-1,ASSPPEGTSYIGQF,1
TRBV7-9,TRBJ2-1,ASSPPEGTSYKAQF,2
TRBV7-9,TRBJ2-1,ASSPPEGTSYKEKF,2
TRBV7-9,TRBJ2-1,ASSPPEGTSYKEQC,4
TRBV7-9,TRBJ2-1,ASSPPEGTSYKEQF,59
TRBV7-9,TRBJ2-1,ASSPPEGTSYKEQL,1
TRBV7-9,TRBJ2-1,ASSPPEGTSYKEQS,1
TRBV7-9,TRBJ2-1,ASSPPEGTSYKGQF,3
TRBV7-9,TRBJ2-1,ASSPPEGTSYKKQF,1
TRBV7-9,TRBJ2-1,ASSPPEGTSYKVQF,2
TRBV7-9,TRBJ2-1,ASSPPEGTSYKVQS,1
TRBV7-9,TRBJ2-1,ASSPPEGTSYMEQC,1
TRBV7-9,TRBJ2-1,ASSPPEGTSYMEQF,2
TRBV7-9,TRBJ2-1,ASSPPEGTSYNAQF,39
TRBV7-9,TRBJ2-1,ASSPPEGTSYNAQV,1
TRBV7-9,TRBJ2-1,ASSPPEGTSYNAQY,1
TRBV7-9,TRBJ2-1,ASSPPEGTSYNDQF,29
TRBV7-9,TRBJ2-1,ASSPPEGTSYNEEF,2
TRBV7-9,TRBJ2-1,ASSPPEGTSYNEHF,20
TRBV7-9,TRBJ2-1,ASSPPEGTSYNEKF,17
TRBV7-9,TRBJ2-1,ASSPPEGTSYNELF,2
TRBV7-9,TRBJ2-1,ASSPPEGTSYNEPF,10
TRBV7-9,TRBJ2-1,ASSPPEGTSYNEQA,1
TRBV7-9,TRBJ2-1,ASSPPEGTSYNEQC,24
TRBV7-9,TRBJ2-1,ASSPPEGTSYNEQF,4347
TRBV7-9,TRBJ2-1,ASSPPEGTSYNEQI,3
TRBV7-9,TRBJ2-1,ASSPPEGTSYNEQL,22
TRBV7-9,TRBJ2-1,ASSPPEGTSYNEQS,12
TRBV7-9,TRBJ2-1,ASSPPEGTSYNEQV,22
TRBV7-9,TRBJ2-1,ASSPPEGTSYNEQY,4
TRBV7-9,TRBJ2-1,ASSPPEGTSYNERC,1
TRBV7-9,TRBJ2-1,ASSPPEGTSYNERF,8
TRBV7-9,TRBJ2-1,ASSPPEGTSYNGHV,1
TRBV7-9,TRBJ2-1,ASSPPEGTSYNGQC,1
TRBV7-9,TRBJ2-1,ASSPPEGTSYNGQF,36
TRBV7-9,TRBJ2-1,ASSPPEGTSYNGQY,1
TRBV7-9,TRBJ2-1,ASSPPEGTSYNKKF,1
TRBV7-9,TRBJ2-1,ASSPPEGTSYNKQF,15
TRBV7-9,TRBJ2-1,ASSPPEGTSYNQQF,13
TRBV7-9,TRBJ2-1,ASSPPEGTSYNSQF,1
TRBV7-9,TRBJ2-1,ASSPPEGTSYNVHF,1
TRBV7-9,TRBJ2-1,ASSPPEGTSYNVQF,26
TRBV7-9,TRBJ2-1,ASSPPEGTSYNVQL,1
TRBV7-9,TRBJ2-1,ASSPPEGTSYQEQF,1
TRBV7-9,TRBJ2-1,ASSPPEGTSYQQPF,1
TRBV7-9,TRBJ2-1,ASSPPEGTSYREHF,1
TRBV7-9,TRBJ2-1,ASSPPEGTSYSEQF,17
TRBV7-9,TRBJ2-1,ASSPPEGTSYTEKF,1
TRBV7-9,TRBJ2-1,ASSPPEGTSYTEQF,24
TRBV7-9,TRBJ2-1,ASSPPEGTSYYEQF,21
TRBV7-9,TRBJ2-1,ASSPPEGTSYYKQF,1
TRBV7-9,TRBJ2-1,ASSPPEGTTYNEQF,6
TRBV7-9,TRBJ2-1,ASSPPEGTYNEQF,11
TRBV7-9,TRBJ2-1,ASSPPEGTYYKEQF,1
TRBV7-9,TRBJ2-1,ASSPPEGTYYNEEF,1
TRBV7-9,TRBJ2-1,ASSPPEGTYYNEQC,1
TRBV7-9,TRBJ2-1,ASSPPEGTYYNEQF,21
TRBV7-9,TRBJ2-1,ASSPPEGTYYNVQF,1
TRBV7-9,TRBJ2-1,ASSPPEGVAYNEQF,1
TRBV7-9,TRBJ2-1,ASSPPEGVERDEQF,10
TRBV7-9,TRBJ2-1,ASSPPEGVGPYNEQF,1
TRBV7-9,TRBJ2-1,ASSPPEGVHEQF,1
TRBV7-9,TRBJ2-1,ASSPPEGVNEQF,2
TRBV7-9,TRBJ2-1,ASSPPEGVSYNEQF,1
TRBV7-9,TRBJ2-1,ASSPPEGVTYNEQF,1
TRBV7-9,TRBJ2-1,ASSPPEGWDPSYNEQF,1
TRBV7-9,TRBJ2-1,ASSPPEGWGLINEQF,1
TRBV7-9,TRBJ2-1,ASSPPEGYNEQF,9
TRBV7-9,TRBJ2-1,ASSPPEGYRSYNEQF,1
TRBV7-9,TRBJ2-1,ASSPPEGYSSSYNEQF,3
TRBV7-9,TRBJ2-1,ASSPPEHNEQF,1
TRBV7-9,TRBJ2-1,ASSPPEIEQF,1
TRBV7-9,TRBJ2-1,ASSPPEINGKWDEQF,1
TRBV7-9,TRBJ2-1,ASSPPEKRSYNEQF,1
TRBV7-9,TRBJ2-1,ASSPPELAGGNEQF,1
TRBV7-9,TRBJ2-1,ASSPPELAGGRYNEQF,1
TRBV7-9,TRBJ2-1,ASSPPELAGGYNEQF,1
TRBV7-9,TRBJ2-1,ASSPPELAGNEQF,1
TRBV7-9,TRBJ2-1,ASSPPELASYNEQF,13
TRBV7-9,TRBJ2-1,ASSPPELAYNEQF,1
TRBV7-9,TRBJ2-1,ASSPPELDEQF,4
TRBV7-9,TRBJ2-1,ASSPPELFNEQF,1
TRBV7-9,TRBJ2-1,ASSPPELGRFEQF,9
TRBV7-9,TRBJ2-1,ASSPPELHSGKNYNEQF,1
TRBV7-9,TRBJ2-1,ASSPPELHSYNEQF,9
TRBV7-9,TRBJ2-1,ASSPPELISF,1
TRBV7-9,TRBJ2-1,ASSPPELMGSYNEQF,5
TRBV7-9,TRBJ2-1,ASSPPELQVFNEQF,5
TRBV7-9,TRBJ2-1,ASSPPELREFNEQF,1
TRBV7-9,TRBJ2-1,ASSPPELTYNEQF,1
TRBV7-9,TRBJ2-1,ASSPPELWDEQF,1
TRBV7-9,TRBJ2-1,ASSPPEMASGSSYNEQF,2
TRBV7-9,TRBJ2-1,ASSPPENELF,1
TRBV7-9,TRBJ2-1,ASSPPENEQF,23
TRBV7-9,TRBJ2-1,ASSPPENFHEQF,1
TRBV7-9,TRBJ2-1,ASSPPENGIYNEQF,1
TRBV7-9,TRBJ2-1,ASSPPEPGDEQF,2
TRBV7-9,TRBJ2-1,ASSPPEPGSYNAQF,1
TRBV7-9,TRBJ2-1,ASSPPEPNNEQF,1
TRBV7-9,TRBJ2-1,ASSPPEPRDRTRGEQF,5
TRBV7-9,TRBJ2-1,ASSPPEPYNEQF,1
TRBV7-9,TRBJ2-1,ASSPPEQF,10
TRBV7-9,TRBJ2-1,ASSPPEQGANEQF,1
TRBV7-9,TRBJ2-1,ASSPPEQGPLWDEQF,1
TRBV7-9,TRBJ2-1,ASSPPEQGVNEQF,1
TRBV7-9,TRBJ2-1,ASSPPEQQNEQF,1
TRBV7-9,TRBJ2-1,ASSPPEQTSGRYNEQF,1
TRBV7-9,TRBJ2-1,ASSPPERAEQF,2
TRBV7-9,TRBJ2-1,ASSPPEREDHNEQF,4
TRBV7-9,TRBJ2-1,ASSPPEREDVNEQF,26
TRBV7-9,TRBJ2-1,ASSPPEREDVNERF,1
TRBV7-9,TRBJ2-1,ASSPPEREDVNGQF,1
TRBV7-9,TRBJ2-1,ASSPPEREERHEQF,1
TRBV7-9,TRBJ2-1,ASSPPEREGVNEQF,2
TRBV7-9,TRBJ2-1,ASSPPERESYNEQF,1
TRBV7-9,TRBJ2-1,ASSPPERETHNEQF,1
TRBV7-9,TRBJ2-1,ASSPPEREVYNEQF,5
TRBV7-9,TRBJ2-1,ASSPPEREYHNEQF,1
TRBV7-9,TRBJ2-1,ASSPPEREYNEQF,1
TRBV7-9,TRBJ2-1,ASSPPERGGSYNEQF,1
TRBV7-9,TRBJ2-1,ASSPPERGSYNEQF,4
TRBV7-9,TRBJ2-1,ASSPPERGYNEQF,3
TRBV7-9,TRBJ2-1,ASSPPERISYCEQF,1
TRBV7-9,TRBJ2-1,ASSPPERNEQF,2
TRBV7-9,TRBJ2-1,ASSPPERQAKIYNEQF,9
TRBV7-9,TRBJ2-1,ASSPPERRSYEQF,4
TRBV7-9,TRBJ2-1,ASSPPERSAYNEQF,1
TRBV7-9,TRBJ2-1,ASSPPERSHEQF,2
TRBV7-9,TRBJ2-1,ASSPPERSNNEQF,1
TRBV7-9,TRBJ2-1,ASSPPERSYKEQF,1
TRBV7-9,TRBJ2-1,ASSPPERSYNEQF,17
TRBV7-9,TRBJ2-1,ASSPPERSYNEQI,1
TRBV7-9,TRBJ2-1,ASSPPERTGEVVNEQF,1
TRBV7-9,TRBJ2-1,ASSPPERTSHKEQF,1
TRBV7-9,TRBJ2-1,ASSPPERTSRHDQF,1
TRBV7-9,TRBJ2-1,ASSPPERTSVSYNEQF,1
TRBV7-9,TRBJ2-1,ASSPPERTSYNEHF,1
TRBV7-9,TRBJ2-1,ASSPPERTSYNEQC,1
TRBV7-9,TRBJ2-1,ASSPPERTSYNEQF,14
TRBV7-9,TRBJ2-1,ASSPPERTSYNEQL,1
TRBV7-9,TRBJ2-1,ASSPPERTSYNKQF,1
TRBV7-9,TRBJ2-1,ASSPPERTSYREQF,1
TRBV7-9,TRBJ2-1,ASSPPERTYNEQF,5
TRBV7-9,TRBJ2-1,ASSPPERYNEQF,1
TRBV7-9,TRBJ2-1,ASSPPESDNEQF,1
TRBV7-9,TRBJ2-1,ASSPPESEHWSGEQF,1
TRBV7-9,TRBJ2-1,ASSPPESEQWYGEQF,24
TRBV7-9,TRBJ2-1,ASSPPESFHYKEQF,1
TRBV7-9,TRBJ2-1,ASSPPESFHYNEEF,1
TRBV7-9,TRBJ2-1,ASSPPESFHYNEQF,18
TRBV7-9,TRBJ2-1,ASSPPESGARNEQF,6
TRBV7-9,TRBJ2-1,ASSPPESGGYNEQF,1
TRBV7-9,TRBJ2-1,ASSPPESGRGNEQF,1
TRBV7-9,TRBJ2-1,ASSPPESGYSYNEQF,1
TRBV7-9,TRBJ2-1,ASSPPESIFYNEQF,16
TRBV7-9,TRBJ2-1,ASSPPESNEQF,1
TRBV7-9,TRBJ2-1,ASSPPESNPNEQF,5
TRBV7-9,TRBJ2-1,ASSPPESPRRNEQF,1
TRBV7-9,TRBJ2-1,ASSPPESRSYNEQF,1
TRBV7-9,TRBJ2-1,ASSPPESSNYNEQF,1
TRBV7-9,TRBJ2-1,ASSPPESSSYNEQF,2
TRBV7-9,TRBJ2-1,ASSPPESSYNEQF,9
TRBV7-9,TRBJ2-1,ASSPPESTSYNEQF,1
TRBV7-9,TRBJ2-1,ASSPPESYEQF,1
TRBV7-9,TRBJ2-1,ASSPPESYNEQF,3
TRBV7-9,TRBJ2-1,ASSPPETAGNEQF,1
TRBV7-9,TRBJ2-1,ASSPPETAYNEQF,1
TRBV7-9,TRBJ2-1,ASSPPETFYNEQF,3
TRBV7-9,TRBJ2-1,ASSPPETGGDEQF,1
TRBV7-9,TRBJ2-1,ASSPPETGGNEQF,6
TRBV7-9,TRBJ2-1,ASSPPETGGSNEHF,1
TRBV7-9,TRBJ2-1,ASSPPETGLSSYNEQF,1
TRBV7-9,TRBJ2-1,ASSPPETHNEQF,1
TRBV7-9,TRBJ2-1,ASSPPETSAYNEQF,1
TRBV7-9,TRBJ2-1,ASSPPETSGLYNEQF,1
TRBV7-9,TRBJ2-1,ASSPPETSGRINEQF,9
TRBV7-9,TRBJ2-1,ASSPPETSGVRDEQF,1
TRBV7-9,TRBJ2-1,ASSPPETSGYNEQF,1
TRBV7-9,TRBJ2-1,ASSPPETSSYNEQF,4
TRBV7-9,TRBJ2-1,ASSPPETSYNEQF,1
TRBV7-9,TRBJ2-1,ASSPPETVSYNEQF,1
TRBV7-9,TRBJ2-1,ASSPPEVAGGNEQF,17
TRBV7-9,TRBJ2-1,ASSPPEVAGSYNEQF,1
TRBV7-9,TRBJ2-1,ASSPPEVAGVLEQF,12
TRBV7-9,TRBJ2-1,ASSPPEVDEQF,1
TRBV7-9,TRBJ2-1,ASSPPEVEATSYNEQF,1
TRBV7-9,TRBJ2-1,ASSPPEVGGNEQF,1
TRBV7-9,TRBJ2-1,ASSPPEVGLSYNEQF,1
TRBV7-9,TRBJ2-1,ASSPPEVGNEQF,6
TRBV7-9,TRBJ2-1,ASSPPEVINEQF,1
TRBV7-9,TRBJ2-1,ASSPPEVISYKEHF,1
TRBV7-9,TRBJ2-1,ASSPPEVNGAEQF,1
TRBV7-9,TRBJ2-1,ASSPPEVNSYNEQC,1
TRBV7-9,TRBJ2-1,ASSPPEVNVAEQF,8
TRBV7-9,TRBJ2-1,ASSPPEVPAYNEQF,1
TRBV7-9,TRBJ2-1,ASSPPEVSSYNEPV,1
TRBV7-9,TRBJ2-1,ASSPPEVTAYNAQV,1
TRBV7-9,TRBJ2-1,ASSPPEVTAYNEQF,2
TRBV7-9,TRBJ2-1,ASSPPEVTSDNEQF,1
TRBV7-9,TRBJ2-1,ASSPPEVTSHNEQF,1
TRBV7-9,TRBJ2-1,ASSPPEVTSYHEQF,1
TRBV7-9,TRBJ2-1,ASSPPEVTSYKEQI,1
TRBV7-9,TRBJ2-1,ASSPPEVTSYNAQF,1
TRBV7-9,TRBJ2-1,ASSPPEVTSYNEHF,1
TRBV7-9,TRBJ2-1,ASSPPEVTSYNEQF,29
TRBV7-9,TRBJ2-1,ASSPPEVTSYNEQS,1
TRBV7-9,TRBJ2-1,ASSPPEVTSYTEQI,1
TRBV7-9,TRBJ2-1,ASSPPEVTTYNEQF,1
TRBV7-9,TRBJ2-1,ASSPPEVYNEQF,1
TRBV7-9,TRBJ2-1,ASSPPEWGGDSYNEQF,1
TRBV7-9,TRBJ2-1,ASSPPEWNEQF,1
TRBV7-9,TRBJ2-1,ASSPPEWRGDNEQF,2
TRBV7-9,TRBJ2-1,ASSPPEWSYNEQF,1
TRBV7-9,TRBJ2-1,ASSPPEWTAYNEQF,1
TRBV7-9,TRBJ2-1,ASSPPEWTSDNEQF,1
TRBV7-9,TRBJ2-1,ASSPPEWTSYNEHF,1
TRBV7-9,TRBJ2-1,ASSPPEWTSYNEQF,17
TRBV7-9,TRBJ2-1,ASSPPEWTSYNEQV,1
TRBV7-9,TRBJ2-1,ASSPPEWTSYNERF,1
TRBV7-9,TRBJ2-1,ASSPPEWTYYNEQF,1
TRBV7-9,TRBJ2-1,ASSPPEYLYNEQF,1
TRBV7-9,TRBJ2-1,ASSPPEYNEQF,1
TRBV7-9,TRBJ2-1,ASSPPEYRGLYNEQF,1
TRBV7-9,TRBJ2-1,ASSPPEYSYNEQF,4
TRBV7-9,TRBJ2-1,ASSPPF,1
TRBV7-9,TRBJ2-1,ASSPPFAASSYNEQF,6
TRBV7-9,TRBJ2-1,ASSPPFADEQF,6
TRBV7-9,TRBJ2-1,ASSPPFADRQF,5
TRBV7-9,TRBJ2-1,ASSPPFAEGPYNEQF,1
TRBV7-9,TRBJ2-1,ASSPPFAGASYNEQF,1
TRBV7-9,TRBJ2-1,ASSPPFAGEAYNEQF,13
TRBV7-9,TRBJ2-1,ASSPPFAGGLNEQF,1
TRBV7-9,TRBJ2-1,ASSPPFAGGNEQF,1
TRBV7-9,TRBJ2-1,ASSPPFASGFAYNEQF,2
TRBV7-9,TRBJ2-1,ASSPPFASGKSSYNEQF,1
TRBV7-9,TRBJ2-1,ASSPPFATGYYNEQF,12
TRBV7-9,TRBJ2-1,ASSPPFCGNEQF,1
TRBV7-9,TRBJ2-1,ASSPPFDAYNEQF,1
TRBV7-9,TRBJ2-1,ASSPPFDEQF,1
TRBV7-9,TRBJ2-1,ASSPPFDILPNEQF,1
TRBV7-9,TRBJ2-1,ASSPPFDNEQF,2
TRBV7-9,TRBJ2-1,ASSPPFDTRRNEQF,3
TRBV7-9,TRBJ2-1,ASSPPFDTRRNKQF,1
TRBV7-9,TRBJ2-1,ASSPPFDVGSYNEQF,1
TRBV7-9,TRBJ2-1,ASSPPFEDEQF,1
TRBV7-9,TRBJ2-1,ASSPPFEGASYNEQF,2
TRBV7-9,TRBJ2-1,ASSPPFEQF,3
TRBV7-9,TRBJ2-1,ASSPPFERDEQF,1
TRBV7-9,TRBJ2-1,ASSPPFERENEQF,1
TRBV7-9,TRBJ2-1,ASSPPFESGRANEQF,1
TRBV7-9,TRBJ2-1,ASSPPFFKESYNEQF,1
TRBV7-9,TRBJ2-1,ASSPPFFRREGDNEQF,2
TRBV7-9,TRBJ2-1,ASSPPFFSYNEQF,1
TRBV7-9,TRBJ2-1,ASSPPFGAGGPFYNEQF,1
TRBV7-9,TRBJ2-1,ASSPPFGAYNEQF,2
TRBV7-9,TRBJ2-1,ASSPPFGDNSYNEQF,1
TRBV7-9,TRBJ2-1,ASSPPFGDRANNEQF,1
TRBV7-9,TRBJ2-1,ASSPPFGDRGYNEQF,1
TRBV7-9,TRBJ2-1,ASSPPFGEGGHNEQF,1
TRBV7-9,TRBJ2-1,ASSPPFGGAGNEQF,3
TRBV7-9,TRBJ2-1,ASSPPFGGEQF,6
TRBV7-9,TRBJ2-1,ASSPPFGGEYNEQF,1
TRBV7-9,TRBJ2-1,ASSPPFGGNEQF,5
TRBV7-9,TRBJ2-1,ASSPPFGGPSSYNEQF,1
TRBV7-9,TRBJ2-1,ASSPPFGGPSYNEQF,1
TRBV7-9,TRBJ2-1,ASSPPFGGQGGHEQF,12
TRBV7-9,TRBJ2-1,ASSPPFGGQGGHQRF,1
TRBV7-9,TRBJ2-1,ASSPPFGGSSYNEQF,1
TRBV7-9,TRBJ2-1,ASSPPFGKKPYNEQF,1
TRBV7-9,TRBJ2-1,ASSPPFGLAEGNEQF,1
TRBV7-9,TRBJ2-1,ASSPPFGLGGNEQF,6
TRBV7-9,TRBJ2-1,ASSPPFGLRSNEQF,1
TRBV7-9,TRBJ2-1,ASSPPFGLSYTEQF,1
TRBV7-9,TRBJ2-1,ASSPPFGPFAHNEQF,1
TRBV7-9,TRBJ2-1,ASSPPFGQEMPPYNEQF,1
TRBV7-9,TRBJ2-1,ASSPPFGRERYNEQF,1
TRBV7-9,TRBJ2-1,ASSPPFGRESNEQF,3
TRBV7-9,TRBJ2-1,ASSPPFGRSYNEQF,1
TRBV7-9,TRBJ2-1,ASSPPFGRVGADYNEQF,1
TRBV7-9,TRBJ2-1,ASSPPFGRYNEQF,1
TRBV7-9,TRBJ2-1,ASSPPFGSGDYNEQF,1
TRBV7-9,TRBJ2-1,ASSPPFGSSYNEQF,13
TRBV7-9,TRBJ2-1,ASSPPFGTARTSLGNEQF,2
TRBV7-9,TRBJ2-1,ASSPPFGTITLPYNEQF,1
TRBV7-9,TRBJ2-1,ASSPPFGTNEQF,1
TRBV7-9,TRBJ2-1,ASSPPFGTSGTNEQF,1
TRBV7-9,TRBJ2-1,ASSPPFGTSVYNEQF,4
TRBV7-9,TRBJ2-1,ASSPPFGVEAYNEQF,6
TRBV7-9,TRBJ2-1,ASSPPFGVGHNEQF,1
TRBV7-9,TRBJ2-1,ASSPPFGVGSYNEQF,1
TRBV7-9,TRBJ2-1,ASSPPFGYNEQF,1
TRBV7-9,TRBJ2-1,ASSPPFHNEQF,30
TRBV7-9,TRBJ2-1,ASSPPFITRGF,1
TRBV7-9,TRBJ2-1,ASSPPFKADEQF,1
TRBV7-9,TRBJ2-1,ASSPPFLAGAHNEQF,6
TRBV7-9,TRBJ2-1,ASSPPFLGTGNNEQF,1
TRBV7-9,TRBJ2-1,ASSPPFLQGSRDEQF,2
TRBV7-9,TRBJ2-1,ASSPPFLSYNEQF,1
TRBV7-9,TRBJ2-1,ASSPPFMGGKSNEQF,18
TRBV7-9,TRBJ2-1,ASSPPFMGGKSNKQF,1
TRBV7-9,TRBJ2-1,ASSPPFNEQF,1
TRBV7-9,TRBJ2-1,ASSPPFNLNHEQF,6
TRBV7-9,TRBJ2-1,ASSPPFNLNQEQV,1
TRBV7-9,TRBJ2-1,ASSPPFNNEQF,1
TRBV7-9,TRBJ2-1,ASSPPFNVTGMRLNEQF,1
TRBV7-9,TRBJ2-1,ASSPPFNYYNEQF,1
TRBV7-9,TRBJ2-1,ASSPPFPDRGRIDEQF,8
TRBV7-9,TRBJ2-1,ASSPPFPGEGDEQF,1
TRBV7-9,TRBJ2-1,ASSPPFPGLINRGNEQF,1
TRBV7-9,TRBJ2-1,ASSPPFPGTSGSNEQF,1
TRBV7-9,TRBJ2-1,ASSPPFPLAEKYNEQF,5
TRBV7-9,TRBJ2-1,ASSPPFPLSSYDEQF,1
TRBV7-9,TRBJ2-1,ASSPPFPLSSYNEQF,12
TRBV7-9,TRBJ2-1,ASSPPFPTDTSYNEQF,1
TRBV7-9,TRBJ2-1,ASSPPFPTRSNEQF,1
TRBV7-9,TRBJ2-1,ASSPPFQGMGQYNEQF,13
TRBV7-9,TRBJ2-1,ASSPPFQGNEQF,4
TRBV7-9,TRBJ2-1,ASSPPFQGNNEQF,1
TRBV7-9,TRBJ2-1,ASSPPFRAGVYNEQF,9
TRBV7-9,TRBJ2-1,ASSPPFRASEQF,1
TRBV7-9,TRBJ2-1,ASSPPFRAYNEQF,1
TRBV7-9,TRBJ2-1,ASSPPFRDEQF,1
TRBV7-9,TRBJ2-1,ASSPPFRDRDYNEQF,1
TRBV7-9,TRBJ2-1,ASSPPFRDRGWNEQF,1
TRBV7-9,TRBJ2-1,ASSPPFREGGNEQF,1
TRBV7-9,TRBJ2-1,ASSPPFREGYNEQF,1
TRBV7-9,TRBJ2-1,ASSPPFREQF,1
TRBV7-9,TRBJ2-1,ASSPPFRESPHNEQF,1
TRBV7-9,TRBJ2-1,ASSPPFRFCPYNEQF,1
TRBV7-9,TRBJ2-1,ASSPPFRFGPYNEHF,1
TRBV7-9,TRBJ2-1,ASSPPFRFGPYNEQF,21
TRBV7-9,TRBJ2-1,ASSPPFRFSSYNEQF,1
TRBV7-9,TRBJ2-1,ASSPPFRGGPDNEQF,1
TRBV7-9,TRBJ2-1,ASSPPFRGREDNEQF,1
TRBV7-9,TRBJ2-1,ASSPPFRLAGGDEQF,79
TRBV7-9,TRBJ2-1,ASSPPFRLAGGHEQF,1
TRBV7-9,TRBJ2-1,ASSPPFRLAGRDEQF,1
TRBV7-9,TRBJ2-1,ASSPPFRLALYNEQF,1
TRBV7-9,TRBJ2-1,ASSPPFRLGDEQF,1
TRBV7-9,TRBJ2-1,ASSPPFRLGGGDEQF,1
TRBV7-9,TRBJ2-1,ASSPPFRLGPYNEQF,1
TRBV7-9,TRBJ2-1,ASSPPFRPAGGDEQF,2
TRBV7-9,TRBJ2-1,ASSPPFRQAGGDEQF,1
TRBV7-9,TRBJ2-1,ASSPPFRRESSYNEQF,1
TRBV7-9,TRBJ2-1,ASSPPFRSGVSVAQF,1
TRBV7-9,TRBJ2-1,ASSPPFRSGVSVEQF,9
TRBV7-9,TRBJ2-1,ASSPPFRSSNEQF,3
TRBV7-9,TRBJ2-1,ASSPPFRSYNEQF,2
TRBV7-9,TRBJ2-1,ASSPPFRTGVSVEQF,1
TRBV7-9,TRBJ2-1,ASSPPFRTRGRANEQF,1
TRBV7-9,TRBJ2-1,ASSPPFRVAGSSYNEQF,1
TRBV7-9,TRBJ2-1,ASSPPFRVGEQF,2
TRBV7-9,TRBJ2-1,ASSPPFRWGLENEQF,1
TRBV7-9,TRBJ2-1,ASSPPFSGTILYNEQF,1
TRBV7-9,TRBJ2-1,ASSPPFSPGWNEQF,1
TRBV7-9,TRBJ2-1,ASSPPFSRGNEQF,1
TRBV7-9,TRBJ2-1,ASSPPFSSAFHNEQF,1
TRBV7-9,TRBJ2-1,ASSPPFSSYNEQF,5
TRBV7-9,TRBJ2-1,ASSPPFSVSYNEQF,1
TRBV7-9,TRBJ2-1,ASSPPFSVYNEQF,4
TRBV7-9,TRBJ2-1,ASSPPFSYNEQF,2
TRBV7-9,TRBJ2-1,ASSPPFTFNEQF,1
TRBV7-9,TRBJ2-1,ASSPPFTRGYEQF,9
TRBV7-9,TRBJ2-1,ASSPPFTSGSLNEQF,1
TRBV7-9,TRBJ2-1,ASSPPFVGGNNEQF,1
TRBV7-9,TRBJ2-1,ASSPPFVGGSSNEQF,1
TRBV7-9,TRBJ2-1,ASSPPFVYEQF,1
TRBV7-9,TRBJ2-1,ASSPPFWAGMDLEDEQF,1
TRBV7-9,TRBJ2-1,ASSPPFWARPYNEQF,6
TRBV7-9,TRBJ2-1,ASSPPFWDHNEQF,1
TRBV7-9,TRBJ2-1,ASSPPFWDRNEQF,1
TRBV7-9,TRBJ2-1,ASSPPFWSGSRHEQF,1
TRBV7-9,TRBJ2-1,ASSPPFWVVNEQF,1
TRBV7-9,TRBJ2-1,ASSPPFYNEQF,2
TRBV7-9,TRBJ2-1,ASSPPFYTRRNEQF,1
TRBV7-9,TRBJ2-1,ASSPPGAALGNEQF,1
TRBV7-9,TRBJ2-1,ASSPPGAAYNEQF,4
TRBV7-9,TRBJ2-1,ASSPPGADEQF,1
TRBV7-9,TRBJ2-1,ASSPPGADNEQF,4
TRBV7-9,TRBJ2-1,ASSPPGAEGNEQF,2
TRBV7-9,TRBJ2-1,ASSPPGAEISYNEQF,1
TRBV7-9,TRBJ2-1,ASSPPGAENEQF,1
TRBV7-9,TRBJ2-1,ASSPPGAFGGNEQF,1
TRBV7-9,TRBJ2-1,ASSPPGAFNEQF,1
TRBV7-9,TRBJ2-1,ASSPPGAGAFYNEQF,13
TRBV7-9,TRBJ2-1,ASSPPGAGAGNEQF,1
TRBV7-9,TRBJ2-1,ASSPPGAGAWALEF,7
TRBV7-9,TRBJ2-1,ASSPPGAGDDEQF,1
TRBV7-9,TRBJ2-1,ASSPPGAGDHNEQF,1
TRBV7-9,TRBJ2-1,ASSPPGAGEQF,1
TRBV7-9,TRBJ2-1,ASSPPGAGESHEQF,1
TRBV7-9,TRBJ2-1,ASSPPGAGEYNEQF,1
TRBV7-9,TRBJ2-1,ASSPPGAGGDNEQF,1
TRBV7-9,TRBJ2-1,ASSPPGAGGFLNEQF,1
TRBV7-9,TRBJ2-1,ASSPPGAGGGHEQF,1
TRBV7-9,TRBJ2-1,ASSPPGAGGLNEQF,1
TRBV7-9,TRBJ2-1,ASSPPGAGGNEQF,1
TRBV7-9,TRBJ2-1,ASSPPGAGGPDEQF,1
TRBV7-9,TRBJ2-1,ASSPPGAGGPRNEQF,1
TRBV7-9,TRBJ2-1,ASSPPGAGGPSEQF,18
TRBV7-9,TRBJ2-1,ASSPPGAGGPSGQF,1
TRBV7-9,TRBJ2-1,ASSPPGAGGRGEQF,2
TRBV7-9,TRBJ2-1,ASSPPGAGGSYNEQF,6
TRBV7-9,TRBJ2-1,ASSPPGAGGTEQF,2
TRBV7-9,TRBJ2-1,ASSPPGAGGYNEQF,2
TRBV7-9,TRBJ2-1,ASSPPGAGKDNEQF,1
TRBV7-9,TRBJ2-1,ASSPPGAGLFGYEQF,1
TRBV7-9,TRBJ2-1,ASSPPGAGLYNEQF,8
TRBV7-9,TRBJ2-1,ASSPPGAGLYNGQF,1
TRBV7-9,TRBJ2-1,ASSPPGAGLYYNEQF,1
TRBV7-9,TRBJ2-1,ASSPPGAGNNEQF,2
TRBV7-9,TRBJ2-1,ASSPPGAGPDEQF,1
TRBV7-9,TRBJ2-1,ASSPPGAGPYNEQF,1
TRBV7-9,TRBJ2-1,ASSPPGAGSRIQF,6
TRBV7-9,TRBJ2-1,ASSPPGAGSSYNEQF,3
TRBV7-9,TRBJ2-1,ASSPPGAGSYNEQF,3
TRBV7-9,TRBJ2-1,ASSPPGAGVANEQF,1
TRBV7-9,TRBJ2-1,ASSPPGAGVDYLF,3
TRBV7-9,TRBJ2-1,ASSPPGAGVNEQF,1
TRBV7-9,TRBJ2-1,ASSPPGAGVSNEQF,2
TRBV7-9,TRBJ2-1,ASSPPGAGVSNNEQF,4
TRBV7-9,TRBJ2-1,ASSPPGAGYKELF,1
TRBV7-9,TRBJ2-1,ASSPPGAGYKEQF,1
TRBV7-9,TRBJ2-1,ASSPPGAGYNDQF,1
TRBV7-9,TRBJ2-1,ASSPPGAGYNEHF,1
TRBV7-9,TRBJ2-1,ASSPPGAGYNEQF,69
TRBV7-9,TRBJ2-1,ASSPPGAGYNKQF,1
TRBV7-9,TRBJ2-1,ASSPPGAISYNEQF,1
TRBV7-9,TRBJ2-1,ASSPPGAKRGNEQF,1
TRBV7-9,TRBJ2-1,ASSPPGANEQF,3
TRBV7-9,TRBJ2-1,ASSPPGANNEQF,1
TRBV7-9,TRBJ2-1,ASSPPGANRANEQF,1
TRBV7-9,TRBJ2-1,ASSPPGANYNEQF,1
TRBV7-9,TRBJ2-1,ASSPPGAPAYNEQF,3
TRBV7-9,TRBJ2-1,ASSPPGAPNNEQF,1
TRBV7-9,TRBJ2-1,ASSPPGAPPSSYNEQF,1
TRBV7-9,TRBJ2-1,ASSPPGAPSNEQF,1
TRBV7-9,TRBJ2-1,ASSPPGARDNEQF,1
TRBV7-9,TRBJ2-1,ASSPPGARNEQF,1
TRBV7-9,TRBJ2-1,ASSPPGARNNEQF,1
TRBV7-9,TRBJ2-1,ASSPPGARSYNEQF,1
TRBV7-9,TRBJ2-1,ASSPPGARTNNEQF,1
TRBV7-9,TRBJ2-1,ASSPPGARYNEQF,2
TRBV7-9,TRBJ2-1,ASSPPGASADNEQF,10
TRBV7-9,TRBJ2-1,ASSPPGASAGNEQF,1
TRBV7-9,TRBJ2-1,ASSPPGASANEQF,3
TRBV7-9,TRBJ2-1,ASSPPGASAYNEQF,11
TRBV7-9,TRBJ2-1,ASSPPGASDYNEQF,1
TRBV7-9,TRBJ2-1,ASSPPGASEDNAQF,1
TRBV7-9,TRBJ2-1,ASSPPGASEPYNEQF,1
TRBV7-9,TRBJ2-1,ASSPPGASGGAVYEQF,2
TRBV7-9,TRBJ2-1,ASSPPGASGGDNEQF,1
TRBV7-9,TRBJ2-1,ASSPPGASGISYNEQF,1
TRBV7-9,TRBJ2-1,ASSPPGASGPHNEQF,1
TRBV7-9,TRBJ2-1,ASSPPGASGRAINNEQF,1
TRBV7-9,TRBJ2-1,ASSPPGASGRSYNEQF,1
TRBV7-9,TRBJ2-1,ASSPPGASGRVNEQF,1
TRBV7-9,TRBJ2-1,ASSPPGASGSAYNEQF,1
TRBV7-9,TRBJ2-1,ASSPPGASGSNEQF,8
TRBV7-9,TRBJ2-1,ASSPPGASGSSYNEQF,1
TRBV7-9,TRBJ2-1,ASSPPGASGVSYNEQF,1
TRBV7-9,TRBJ2-1,ASSPPGASGYNEQF,18
TRBV7-9,TRBJ2-1,ASSPPGASLAGYNEQF,1
TRBV7-9,TRBJ2-1,ASSPPGASSYNEQF,2
TRBV7-9,TRBJ2-1,ASSPPGASWGNEQF,1
TRBV7-9,TRBJ2-1,ASSPPGASYNEQF,22
TRBV7-9,TRBJ2-1,ASSPPGATGSDEQF,1
TRBV7-9,TRBJ2-1,ASSPPGATHNEQF,2
TRBV7-9,TRBJ2-1,ASSPPGATHYEQF,1
TRBV7-9,TRBJ2-1,ASSPPGATMGNEQF,1
TRBV7-9,TRBJ2-1,ASSPPGATSYNEQF,1
TRBV7-9,TRBJ2-1,ASSPPGATYNEQF,1
TRBV7-9,TRBJ2-1,ASSPPGAVAYNEQF,2
TRBV7-9,TRBJ2-1,ASSPPGAVRGNEQF,1
TRBV7-9,TRBJ2-1,ASSPPGAVSYNEQF,1
TRBV7-9,TRBJ2-1,ASSPPGAVTNKQF,1
TRBV7-9,TRBJ2-1,ASSPPGAVYNEQF,1
TRBV7-9,TRBJ2-1,ASSPPGAWGYNEQF,3
TRBV7-9,TRBJ2-1,ASSPPGAYEQF,2
TRBV7-9,TRBJ2-1,ASSPPGAYNEQF,8
TRBV7-9,TRBJ2-1,ASSPPGAYSYNEQF,1
TRBV7-9,TRBJ2-1,ASSPPGCLDEQF,1
TRBV7-9,TRBJ2-1,ASSPPGDAHEQF,10
TRBV7-9,TRBJ2-1,ASSPPGDEQF,24
TRBV7-9,TRBJ2-1,ASSPPGDESYNEQF,1
TRBV7-9,TRBJ2-1,ASSPPGDFGNEQF,8
TRBV7-9,TRBJ2-1,ASSPPGDFYNEQF,6
TRBV7-9,TRBJ2-1,ASSPPGDGNEQF,1
TRBV7-9,TRBJ2-1,ASSPPGDGRAREQF,12
TRBV7-9,TRBJ2-1,ASSPPGDGYNEQF,2
TRBV7-9,TRBJ2-1,ASSPPGDIAGENYNEQF,1
TRBV7-9,TRBJ2-1,ASSPPGDLAATWGQF,2
TRBV7-9,TRBJ2-1,ASSPPGDLIYEQF,1
TRBV7-9,TRBJ2-1,ASSPPGDLSGNEQF,1
TRBV7-9,TRBJ2-1,ASSPPGDMSSYNEQF,4
TRBV7-9,TRBJ2-1,ASSPPGDNEQF,58
TRBV7-9,TRBJ2-1,ASSPPGDPHNEQF,1
TRBV7-9,TRBJ2-1,ASSPPGDPNEQF,1
TRBV7-9,TRBJ2-1,ASSPPGDPRNEQF,10
TRBV7-9,TRBJ2-1,ASSPPGDPYEQF,1
TRBV7-9,TRBJ2-1,ASSPPGDPYNEQF,2
TRBV7-9,TRBJ2-1,ASSPPGDRAINEHF,1
TRBV7-9,TRBJ2-1,ASSPPGDRAINEQF,3
TRBV7-9,TRBJ2-1,ASSPPGDRDVHGDEQF,8
TRBV7-9,TRBJ2-1,ASSPPGDRQF,2
TRBV7-9,TRBJ2-1,ASSPPGDRSYNEHF,1
TRBV7-9,TRBJ2-1,ASSPPGDRVDNEQF,1
TRBV7-9,TRBJ2-1,ASSPPGDRVNNEQC,1
TRBV7-9,TRBJ2-1,ASSPPGDRVNNEQF,18
TRBV7-9,TRBJ2-1,ASSPPGDRVYEQF,1
TRBV7-9,TRBJ2-1,ASSPPGDRVYNEQF,1
TRBV7-9,TRBJ2-1,ASSPPGDSSYNEQF,3
TRBV7-9,TRBJ2-1,ASSPPGDSYNEQF,10
TRBV7-9,TRBJ2-1,ASSPPGDTYNEQF,14
TRBV7-9,TRBJ2-1,ASSPPGDYEQF,10
TRBV7-9,TRBJ2-1,ASSPPGDYLNEQF,1
TRBV7-9,TRBJ2-1,ASSPPGDYNEQF,1
TRBV7-9,TRBJ2-1,ASSPPGDYSYNEQF,6
TRBV7-9,TRBJ2-1,ASSPPGEAAYNEQF,1
TRBV7-9,TRBJ2-1,ASSPPGEAGAPYNEQF,1
TRBV7-9,TRBJ2-1,ASSPPGEAHNEQF,1
TRBV7-9,TRBJ2-1,ASSPPGEANEQF,1
TRBV7-9,TRBJ2-1,ASSPPGEAYNEQF,1
TRBV7-9,TRBJ2-1,ASSPPGEDEQF,9
TRBV7-9,TRBJ2-1,ASSPPGEDWGNEQF,4
TRBV7-9,TRBJ2-1,ASSPPGEEEQF,1
TRBV7-9,TRBJ2-1,ASSPPGEEWNEQF,1
TRBV7-9,TRBJ2-1,ASSPPGEFNEQF,1
TRBV7-9,TRBJ2-1,ASSPPGEFVRNEQF,1
TRBV7-9,TRBJ2-1,ASSPPGEGAGNEQF,37
TRBV7-9,TRBJ2-1,ASSPPGEGFYNEQF,1
TRBV7-9,TRBJ2-1,ASSPPGEGPYNEQF,1
TRBV7-9,TRBJ2-1,ASSPPGEGRNNEQF,1
TRBV7-9,TRBJ2-1,ASSPPGEGRRNEQF,1
TRBV7-9,TRBJ2-1,ASSPPGEGSYNEQF,1
TRBV7-9,TRBJ2-1,ASSPPGEGWNEQF,1
TRBV7-9,TRBJ2-1,ASSPPGEGYNEQF,1
TRBV7-9,TRBJ2-1,ASSPPGEIGKYEQF,1
TRBV7-9,TRBJ2-1,ASSPPGEIWRSYNEQF,1
TRBV7-9,TRBJ2-1,ASSPPGEKGSLYNEQF,1
TRBV7-9,TRBJ2-1,ASSPPGELANEQF,1
TRBV7-9,TRBJ2-1,ASSPPGELDEQF,1
TRBV7-9,TRBJ2-1,ASSPPGELDGSSYNEQF,1
TRBV7-9,TRBJ2-1,ASSPPGELLNEQF,1
TRBV7-9,TRBJ2-1,ASSPPGEMFHNEQF,1
TRBV7-9,TRBJ2-1,ASSPPGENEQF,18
TRBV7-9,TRBJ2-1,ASSPPGENRYNEQF,1
TRBV7-9,TRBJ2-1,ASSPPGEQF,32
TRBV7-9,TRBJ2-1,ASSPPGEQPEQF,1
TRBV7-9,TRBJ2-1,ASSPPGEQQF,1
TRBV7-9,TRBJ2-1,ASSPPGESSYNEQF,2
TRBV7-9,TRBJ2-1,ASSPPGESYNEQF,2
TRBV7-9,TRBJ2-1,ASSPPGETFSYNEQF,1
TRBV7-9,TRBJ2-1,ASSPPGETYNEQF,2
TRBV7-9,TRBJ2-1,ASSPPGEVINEQF,7
TRBV7-9,TRBJ2-1,ASSPPGEVLVAQF,1
TRBV7-9,TRBJ2-1,ASSPPGEVMDEQF,1
TRBV7-9,TRBJ2-1,ASSPPGEVSSSNEQF,1
TRBV7-9,TRBJ2-1,ASSPPGEVSSYIEQF,1
TRBV7-9,TRBJ2-1,ASSPPGEVSSYNEQF,17
TRBV7-9,TRBJ2-1,ASSPPGEYNEQF,2
TRBV7-9,TRBJ2-1,ASSPPGFAANEQF,1
TRBV7-9,TRBJ2-1,ASSPPGFAYNEQF,1
TRBV7-9,TRBJ2-1,ASSPPGFDRRANEQF,1
TRBV7-9,TRBJ2-1,ASSPPGFEQF,7
TRBV7-9,TRBJ2-1,ASSPPGFEQI,1
TRBV7-9,TRBJ2-1,ASSPPGFGDEQF,1
TRBV7-9,TRBJ2-1,ASSPPGFGDYNEQF,2
TRBV7-9,TRBJ2-1,ASSPPGFGEQF,16
TRBV7-9,TRBJ2-1,ASSPPGFGLAGGDNEQF,12
TRBV7-9,TRBJ2-1,ASSPPGFGSYNEQF,1
TRBV7-9,TRBJ2-1,ASSPPGFGYNEQF,1
TRBV7-9,TRBJ2-1,ASSPPGFLSSYNEQF,7
TRBV7-9,TRBJ2-1,ASSPPGFNEQF,1
TRBV7-9,TRBJ2-1,ASSPPGFPYNEQF,1
TRBV7-9,TRBJ2-1,ASSPPGFRLNEQF,1
TRBV7-9,TRBJ2-1,ASSPPGFSSYNEQF,1
TRBV7-9,TRBJ2-1,ASSPPGFSYNEQF,2
TRBV7-9,TRBJ2-1,ASSPPGFYNEQF,3
TRBV7-9,TRBJ2-1,ASSPPGGAAYNEQF,2
TRBV7-9,TRBJ2-1,ASSPPGGAAYSYNEQF,7
TRBV7-9,TRBJ2-1,ASSPPGGAGGEQF,1
TRBV7-9,TRBJ2-1,ASSPPGGAGNEQF,2
TRBV7-9,TRBJ2-1,ASSPPGGAGREQF,2
TRBV7-9,TRBJ2-1,ASSPPGGAGSRYNEQF,5
TRBV7-9,TRBJ2-1,ASSPPGGAGTGEQF,3
TRBV7-9,TRBJ2-1,ASSPPGGAGYNEQF,2
TRBV7-9,TRBJ2-1,ASSPPGGAHEQF,1
TRBV7-9,TRBJ2-1,ASSPPGGAHNEQF,1
TRBV7-9,TRBJ2-1,ASSPPGGAHYNEQF,1
TRBV7-9,TRBJ2-1,ASSPPGGALYNEQF,4
TRBV7-9,TRBJ2-1,ASSPPGGANEQF,1
TRBV7-9,TRBJ2-1,ASSPPGGAPYNEQF,1
TRBV7-9,TRBJ2-1,ASSPPGGAQF,2
TRBV7-9,TRBJ2-1,ASSPPGGARLGNEQF,1
TRBV7-9,TRBJ2-1,ASSPPGGARPSYNEQF,1
TRBV7-9,TRBJ2-1,ASSPPGGASERNEQF,20
TRBV7-9,TRBJ2-1,ASSPPGGASERNEQL,1
TRBV7-9,TRBJ2-1,ASSPPGGASNEQF,11
TRBV7-9,TRBJ2-1,ASSPPGGASSYNEQF,1
TRBV7-9,TRBJ2-1,ASSPPGGASYNEQF,2
TRBV7-9,TRBJ2-1,ASSPPGGATYNEQF,14
TRBV7-9,TRBJ2-1,ASSPPGGAYNEQF,20
TRBV7-9,TRBJ2-1,ASSPPGGCHEQL,1
TRBV7-9,TRBJ2-1,ASSPPGGCKEQF,1
TRBV7-9,TRBJ2-1,ASSPPGGDEQF,40
TRBV7-9,TRBJ2-1,ASSPPGGDHEHS,1
TRBV7-9,TRBJ2-1,ASSPPGGDHEQF,43
TRBV7-9,TRBJ2-1,ASSPPGGDNEKF,1
TRBV7-9,TRBJ2-1,ASSPPGGDNEQF,15
TRBV7-9,TRBJ2-1,ASSPPGGDSYNEQF,1
TRBV7-9,TRBJ2-1,ASSPPGGDYNEQF,1
TRBV7-9,TRBJ2-1,ASSPPGGEAYNEQF,1
TRBV7-9,TRBJ2-1,ASSPPGGEDNEQF,1
TRBV7-9,TRBJ2-1,ASSPPGGEGFNEQF,1
TRBV7-9,TRBJ2-1,ASSPPGGEGRIGGNEQF,1
TRBV7-9,TRBJ2-1,ASSPPGGEHEQF,1
TRBV7-9,TRBJ2-1,ASSPPGGEQF,13
TRBV7-9,TRBJ2-1,ASSPPGGESYNEQF,1
TRBV7-9,TRBJ2-1,ASSPPGGETYNEQF,1
TRBV7-9,TRBJ2-1,ASSPPGGEYNEQF,2
TRBV7-9,TRBJ2-1,ASSPPGGFAEQF,3
TRBV7-9,TRBJ2-1,ASSPPGGFDNEQF,1
TRBV7-9,TRBJ2-1,ASSPPGGFFDEQF,8
TRBV7-9,TRBJ2-1,ASSPPGGFNEQF,1
TRBV7-9,TRBJ2-1,ASSPPGGFQSNEQF,1
TRBV7-9,TRBJ2-1,ASSPPGGFQSSYNEQF,1
TRBV7-9,TRBJ2-1,ASSPPGGFVRNEQF,18
TRBV7-9,TRBJ2-1,ASSPPGGFVRNEQI,1
TRBV7-9,TRBJ2-1,ASSPPGGFYNEQF,3
TRBV7-9,TRBJ2-1,ASSPPGGGAASYNEQF,1
TRBV7-9,TRBJ2-1,ASSPPGGGAMYEQF,1
TRBV7-9,TRBJ2-1,ASSPPGGGASQF,3
TRBV7-9,TRBJ2-1,ASSPPGGGAYNEQF,20
TRBV7-9,TRBJ2-1,ASSPPGGGDEQF,1
TRBV7-9,TRBJ2-1,ASSPPGGGDNEQF,15
TRBV7-9,TRBJ2-1,ASSPPGGGELRVSYNEQF,11
TRBV7-9,TRBJ2-1,ASSPPGGGENEQF,14
TRBV7-9,TRBJ2-1,ASSPPGGGFNNEQF,2
TRBV7-9,TRBJ2-1,ASSPPGGGGGHEQF,1
TRBV7-9,TRBJ2-1,ASSPPGGGGNEQF,12
TRBV7-9,TRBJ2-1,ASSPPGGGGPNNEQF,1
TRBV7-9,TRBJ2-1,ASSPPGGGGSNEQF,1
TRBV7-9,TRBJ2-1,ASSPPGGGGVNEQF,1
TRBV7-9,TRBJ2-1,ASSPPGGGGYNEQF,1
TRBV7-9,TRBJ2-1,ASSPPGGGHDEQF,1
TRBV7-9,TRBJ2-1,ASSPPGGGHEEF,1
TRBV7-9,TRBJ2-1,ASSPPGGGLMVEQF,1
TRBV7-9,TRBJ2-1,ASSPPGGGLYNEQF,3
TRBV7-9,TRBJ2-1,ASSPPGGGNEQF,9
TRBV7-9,TRBJ2-1,ASSPPGGGNNEQF,17
TRBV7-9,TRBJ2-1,ASSPPGGGPNNEQF,1
TRBV7-9,TRBJ2-1,ASSPPGGGPSGEQF,11
TRBV7-9,TRBJ2-1,ASSPPGGGPSNEQF,16
TRBV7-9,TRBJ2-1,ASSPPGGGPYNEQF,1
TRBV7-9,TRBJ2-1,ASSPPGGGQF,1
TRBV7-9,TRBJ2-1,ASSPPGGGRFYEQF,40
TRBV7-9,TRBJ2-1,ASSPPGGGRHEQF,1
TRBV7-9,TRBJ2-1,ASSPPGGGRHNEQF,1
TRBV7-9,TRBJ2-1,ASSPPGGGRLNDQF,1
TRBV7-9,TRBJ2-1,ASSPPGGGRLNEQF,12
TRBV7-9,TRBJ2-1,ASSPPGGGRNEQF,6
TRBV7-9,TRBJ2-1,ASSPPGGGRRDEQF,10
TRBV7-9,TRBJ2-1,ASSPPGGGRSYNEQF,1
TRBV7-9,TRBJ2-1,ASSPPGGGRVSNEQF,1
TRBV7-9,TRBJ2-1,ASSPPGGGSHNEQF,5
TRBV7-9,TRBJ2-1,ASSPPGGGSNEQF,1
TRBV7-9,TRBJ2-1,ASSPPGGGSNYNEQF,17
TRBV7-9,TRBJ2-1,ASSPPGGGSSYNEQF,4
TRBV7-9,TRBJ2-1,ASSPPGGGSYNEQF,2
TRBV7-9,TRBJ2-1,ASSPPGGGSYNEQY,1
TRBV7-9,TRBJ2-1,ASSPPGGGTDNEQF,1
TRBV7-9,TRBJ2-1,ASSPPGGGTSYNEQF,1
TRBV7-9,TRBJ2-1,ASSPPGGGTYNEQF,4
TRBV7-9,TRBJ2-1,ASSPPGGGVFNEQF,1
TRBV7-9,TRBJ2-1,ASSPPGGGVGYNEQF,1
TRBV7-9,TRBJ2-1,ASSPPGGGVNEQF,1
TRBV7-9,TRBJ2-1,ASSPPGGGWNEQF,2
TRBV7-9,TRBJ2-1,ASSPPGGGYNEQF,14
TRBV7-9,TRBJ2-1,ASSPPGGGYNEQW,1
TRBV7-9,TRBJ2-1,ASSPPGGHEQF,1
TRBV7-9,TRBJ2-1,ASSPPGGHNEQF,6
TRBV7-9,TRBJ2-1,ASSPPGGHPTYNEQF,1
TRBV7-9,TRBJ2-1,ASSPPGGHSSYNEQF,9
TRBV7-9,TRBJ2-1,ASSPPGGHSYNEQF,1
TRBV7-9,TRBJ2-1,ASSPPGGHYNEQF,5
TRBV7-9,TRBJ2-1,ASSPPGGIDEQF,13
TRBV7-9,TRBJ2-1,ASSPPGGIDEQY,1
TRBV7-9,TRBJ2-1,ASSPPGGIDGQF,1
TRBV7-9,TRBJ2-1,ASSPPGGIGYNEQF,1
TRBV7-9,TRBJ2-1,ASSPPGGIHNEQF,2
TRBV7-9,TRBJ2-1,ASSPPGGINEQF,12
TRBV7-9,TRBJ2-1,ASSPPGGINEQV,1
TRBV7-9,TRBJ2-1,ASSPPGGINGNEQF,1
TRBV7-9,TRBJ2-1,ASSPPGGISSYNEQF,1
TRBV7-9,TRBJ2-1,ASSPPGGISYNEQF,4
TRBV7-9,TRBJ2-1,ASSPPGGITYNEQF,1
TRBV7-9,TRBJ2-1,ASSPPGGIVLNEQF,2
TRBV7-9,TRBJ2-1,ASSPPGGIVRNEQF,1
TRBV7-9,TRBJ2-1,ASSPPGGIYNEQF,1
TRBV7-9,TRBJ2-1,ASSPPGGKADEQF,1
TRBV7-9,TRBJ2-1,ASSPPGGKAGDVNEQF,1
TRBV7-9,TRBJ2-1,ASSPPGGKAYNEQF,1
TRBV7-9,TRBJ2-1,ASSPPGGKDNEQF,5
TRBV7-9,TRBJ2-1,ASSPPGGKGNEQF,1
TRBV7-9,TRBJ2-1,ASSPPGGKHEQF,11
TRBV7-9,TRBJ2-1,ASSPPGGKNNEQF,3
TRBV7-9,TRBJ2-1,ASSPPGGKRYNEQF,1
TRBV7-9,TRBJ2-1,ASSPPGGKSYNEQF,2
TRBV7-9,TRBJ2-1,ASSPPGGKTYNAQF,1
TRBV7-9,TRBJ2-1,ASSPPGGKTYNEQF,9
TRBV7-9,TRBJ2-1,ASSPPGGLAGDGEQF,6
TRBV7-9,TRBJ2-1,ASSPPGGLAGGLGYNEQF,15
TRBV7-9,TRBJ2-1,ASSPPGGLAGYNEQF,9
TRBV7-9,TRBJ2-1,ASSPPGGLDLFNEQF,6
TRBV7-9,TRBJ2-1,ASSPPGGLDNEQF,16
TRBV7-9,TRBJ2-1,ASSPPGGLEQF,18
TRBV7-9,TRBJ2-1,ASSPPGGLGNEQF,6
TRBV7-9,TRBJ2-1,ASSPPGGLGYNEQF,2
TRBV7-9,TRBJ2-1,ASSPPGGLHEPF,1
TRBV7-9,TRBJ2-1,ASSPPGGLHEQF,55
TRBV7-9,TRBJ2-1,ASSPPGGLHEQL,2
TRBV7-9,TRBJ2-1,ASSPPGGLHNEQF,1
TRBV7-9,TRBJ2-1,ASSPPGGLHYNEQF,1
TRBV7-9,TRBJ2-1,ASSPPGGLIYEQF,8
TRBV7-9,TRBJ2-1,ASSPPGGLIYNEQF,1
TRBV7-9,TRBJ2-1,ASSPPGGLLDEQF,1
TRBV7-9,TRBJ2-1,ASSPPGGLNEQF,11
TRBV7-9,TRBJ2-1,ASSPPGGLPAYNEQF,1
TRBV7-9,TRBJ2-1,ASSPPGGLSNEQF,1
TRBV7-9,TRBJ2-1,ASSPPGGLSV,16
TRBV7-9,TRBJ2-1,ASSPPGGLSYNEQF,3
TRBV7-9,TRBJ2-1,ASSPPGGLYEQF,2
TRBV7-9,TRBJ2-1,ASSPPGGLYNEQF,7
TRBV7-9,TRBJ2-1,ASSPPGGMNEQF,1
TRBV7-9,TRBJ2-1,ASSPPGGMTYNEQF,4
TRBV7-9,TRBJ2-1,ASSPPGGMYNEQF,1
TRBV7-9,TRBJ2-1,ASSPPGGNEQF,53
TRBV7-9,TRBJ2-1,ASSPPGGNFYNEQF,1
TRBV7-9,TRBJ2-1,ASSPPGGNGVDNEQF,1
TRBV7-9,TRBJ2-1,ASSPPGGNHNEQF,6
TRBV7-9,TRBJ2-1,ASSPPGGNNEQF,4
TRBV7-9,TRBJ2-1,ASSPPGGNSYNEQF,4
TRBV7-9,TRBJ2-1,ASSPPGGNYNEQF,1
TRBV7-9,TRBJ2-1,ASSPPGGPANEQF,1
TRBV7-9,TRBJ2-1,ASSPPGGPAYNEQF,12
TRBV7-9,TRBJ2-1,ASSPPGGPDLFNEQF,1
TRBV7-9,TRBJ2-1,ASSPPGGPEQF,5
TRBV7-9,TRBJ2-1,ASSPPGGPHNEQF,1
TRBV7-9,TRBJ2-1,ASSPPGGPLNEQF,1
TRBV7-9,TRBJ2-1,ASSPPGGPNEQF,1
TRBV7-9,TRBJ2-1,ASSPPGGPNNEQF,1
TRBV7-9,TRBJ2-1,ASSPPGGPNPNEQF,15
TRBV7-9,TRBJ2-1,ASSPPGGPNYNEQF,1
TRBV7-9,TRBJ2-1,ASSPPGGPSPPYNDQF,1
TRBV7-9,TRBJ2-1,ASSPPGGPSPPYNEQF,15
TRBV7-9,TRBJ2-1,ASSPPGGPSSYNEQF,6
TRBV7-9,TRBJ2-1,ASSPPGGPSYCNEQF,1
TRBV7-9,TRBJ2-1,ASSPPGGPSYNEQF,10
TRBV7-9,TRBJ2-1,ASSPPGGPVVYEQF,1
TRBV7-9,TRBJ2-1,ASSPPGGPYNEQF,23
TRBV7-9,TRBJ2-1,ASSPPGGPYYNEQF,1
TRBV7-9,TRBJ2-1,ASSPPGGQF,19
TRBV7-9,TRBJ2-1,ASSPPGGQGNEQF,1
TRBV7-9,TRBJ2-1,ASSPPGGQGNYNEQF,1
TRBV7-9,TRBJ2-1,ASSPPGGQGYEQF,1
TRBV7-9,TRBJ2-1,ASSPPGGQGYNEQF,2
TRBV7-9,TRBJ2-1,ASSPPGGQLNEQF,1
TRBV7-9,TRBJ2-1,ASSPPGGQNLNNEQF,1
TRBV7-9,TRBJ2-1,ASSPPGGQPLTYNEQF,1
TRBV7-9,TRBJ2-1,ASSPPGGQPPTCNEQF,1
TRBV7-9,TRBJ2-1,ASSPPGGQPPTYNEQF,13
TRBV7-9,TRBJ2-1,ASSPPGGQRLKGEQF,1
TRBV7-9,TRBJ2-1,ASSPPGGQSYNEQF,2
TRBV7-9,TRBJ2-1,ASSPPGGRADEQF,1
TRBV7-9,TRBJ2-1,ASSPPGGRAGGNEQF,1
TRBV7-9,TRBJ2-1,ASSPPGGRAHEQF,1
TRBV7-9,TRBJ2-1,ASSPPGGRAHNEQF,1
TRBV7-9,TRBJ2-1,ASSPPGGRAHYNEQF,1
TRBV7-9,TRBJ2-1,ASSPPGGRALNEQF,5
TRBV7-9,TRBJ2-1,ASSPPGGRANNEQF,1
TRBV7-9,TRBJ2-1,ASSPPGGRARDEQF,2
TRBV7-9,TRBJ2-1,ASSPPGGRATSSYNEQF,3
TRBV7-9,TRBJ2-1,ASSPPGGRAVYEQF,1
TRBV7-9,TRBJ2-1,ASSPPGGRAYNEQF,2
TRBV7-9,TRBJ2-1,ASSPPGGRDEQF,1
TRBV7-9,TRBJ2-1,ASSPPGGRDNEQF,9
TRBV7-9,TRBJ2-1,ASSPPGGRDYNEQF,1
TRBV7-9,TRBJ2-1,ASSPPGGREDYNEQF,1
TRBV7-9,TRBJ2-1,ASSPPGGRELRVSYNEQF,1
TRBV7-9,TRBJ2-1,ASSPPGGREQF,3
TRBV7-9,TRBJ2-1,ASSPPGGRETYNEQF,13
TRBV7-9,TRBJ2-1,ASSPPGGRFSYNEQF,1
TRBV7-9,TRBJ2-1,ASSPPGGRGLGEQF,1
TRBV7-9,TRBJ2-1,ASSPPGGRGNEQF,1
TRBV7-9,TRBJ2-1,ASSPPGGRGPHNEQF,1
TRBV7-9,TRBJ2-1,ASSPPGGRGYNEQF,4
TRBV7-9,TRBJ2-1,ASSPPGGRHNEQF,1
TRBV7-9,TRBJ2-1,ASSPPGGRHYNEQF,2
TRBV7-9,TRBJ2-1,ASSPPGGRINEQF,1
TRBV7-9,TRBJ2-1,ASSPPGGRIYNEQF,1
TRBV7-9,TRBJ2-1,ASSPPGGRLGNEQF,1
TRBV7-9,TRBJ2-1,ASSPPGGRLYNEQF,1
TRBV7-9,TRBJ2-1,ASSPPGGRMSYNEQF,1
TRBV7-9,TRBJ2-1,ASSPPGGRNEQF,1
TRBV7-9,TRBJ2-1,ASSPPGGRNNEQF,1
TRBV7-9,TRBJ2-1,ASSPPGGRPNEQF,1
TRBV7-9,TRBJ2-1,ASSPPGGRPYNEQF,2
TRBV7-9,TRBJ2-1,ASSPPGGRQNEQF,1
TRBV7-9,TRBJ2-1,ASSPPGGRQYNEQF,1
TRBV7-9,TRBJ2-1,ASSPPGGRRDEQF,1
TRBV7-9,TRBJ2-1,ASSPPGGRRDNEQF,1
TRBV7-9,TRBJ2-1,ASSPPGGRRHNEQF,1
TRBV7-9,TRBJ2-1,ASSPPGGRRVDEQF,1
TRBV7-9,TRBJ2-1,ASSPPGGRSRDEQF,9
TRBV7-9,TRBJ2-1,ASSPPGGRSSYNEQF,1
TRBV7-9,TRBJ2-1,ASSPPGGRSVNEQF,1
TRBV7-9,TRBJ2-1,ASSPPGGRSYNEQF,11
TRBV7-9,TRBJ2-1,ASSPPGGRVAYNEQF,1
TRBV7-9,TRBJ2-1,ASSPPGGRVPYNEQF,1
TRBV7-9,TRBJ2-1,ASSPPGGRYNEQF,4
TRBV7-9,TRBJ2-1,ASSPPGGSACNEQF,2
TRBV7-9,TRBJ2-1,ASSPPGGSAFNEQF,3
TRBV7-9,TRBJ2-1,ASSPPGGSAFNEQL,1
TRBV7-9,TRBJ2-1,ASSPPGGSAHNEQF,1
TRBV7-9,TRBJ2-1,ASSPPGGSANNEQF,1
TRBV7-9,TRBJ2-1,ASSPPGGSAYHEQF,2
TRBV7-9,TRBJ2-1,ASSPPGGSAYKEQF,1
TRBV7-9,TRBJ2-1,ASSPPGGSAYKERF,1
TRBV7-9,TRBJ2-1,ASSPPGGSAYNDQF,1
TRBV7-9,TRBJ2-1,ASSPPGGSAYNELF,2
TRBV7-9,TRBJ2-1,ASSPPGGSAYNEPF,1
TRBV7-9,TRBJ2-1,ASSPPGGSAYNEQF,196
TRBV7-9,TRBJ2-1,ASSPPGGSAYNEQL,1
TRBV7-9,TRBJ2-1,ASSPPGGSAYNEQV,2
TRBV7-9,TRBJ2-1,ASSPPGGSAYNERF,1
TRBV7-9,TRBJ2-1,ASSPPGGSAYNGRF,1
TRBV7-9,TRBJ2-1,ASSPPGGSAYNNQF,1
TRBV7-9,TRBJ2-1,ASSPPGGSAYSEQF,2
TRBV7-9,TRBJ2-1,ASSPPGGSAYTEQF,1
TRBV7-9,TRBJ2-1,ASSPPGGSAYYEQF,1
TRBV7-9,TRBJ2-1,ASSPPGGSDNYNEQF,1
TRBV7-9,TRBJ2-1,ASSPPGGSFDEQF,1
TRBV7-9,TRBJ2-1,ASSPPGGSGEQF,2
TRBV7-9,TRBJ2-1,ASSPPGGSGFYNEQF,1
TRBV7-9,TRBJ2-1,ASSPPGGSGLSYNEQF,1
TRBV7-9,TRBJ2-1,ASSPPGGSGRAYYNEQF,1
TRBV7-9,TRBJ2-1,ASSPPGGSGRDLYNEQF,1
TRBV7-9,TRBJ2-1,ASSPPGGSGSLLWNEQF,1
TRBV7-9,TRBJ2-1,ASSPPGGSGTASYNEQF,1
TRBV7-9,TRBJ2-1,ASSPPGGSGTYNEQF,1
TRBV7-9,TRBJ2-1,ASSPPGGSGYNEQF,2
TRBV7-9,TRBJ2-1,ASSPPGGSHNEQF,7
TRBV7-9,TRBJ2-1,ASSPPGGSHYNEQF,1
TRBV7-9,TRBJ2-1,ASSPPGGSIYNEQF,2
TRBV7-9,TRBJ2-1,ASSPPGGSKYNEQF,8
TRBV7-9,TRBJ2-1,ASSPPGGSLYNEQF,1
TRBV7-9,TRBJ2-1,ASSPPGGSNEQF,12
TRBV7-9,TRBJ2-1,ASSPPGGSNYNEQF,1
TRBV7-9,TRBJ2-1,ASSPPGGSPGGNEQF,1
TRBV7-9,TRBJ2-1,ASSPPGGSPNEQF,1
TRBV7-9,TRBJ2-1,ASSPPGGSPSNEQF,1
TRBV7-9,TRBJ2-1,ASSPPGGSPVMNEQF,1
TRBV7-9,TRBJ2-1,ASSPPGGSPYHEQF,1
TRBV7-9,TRBJ2-1,ASSPPGGSPYNAQF,1
TRBV7-9,TRBJ2-1,ASSPPGGSPYNEQF,91
TRBV7-9,TRBJ2-1,ASSPPGGSPYNEQI,1
TRBV7-9,TRBJ2-1,ASSPPGGSPYNEQV,2
TRBV7-9,TRBJ2-1,ASSPPGGSPYNGQF,2
TRBV7-9,TRBJ2-1,ASSPPGGSQYNEQF,7
TRBV7-9,TRBJ2-1,ASSPPGGSSHNEQF,1
TRBV7-9,TRBJ2-1,ASSPPGGSSYHEQF,1
TRBV7-9,TRBJ2-1,ASSPPGGSSYNEQF,93
TRBV7-9,TRBJ2-1,ASSPPGGSSYTEQF,1
TRBV7-9,TRBJ2-1,ASSPPGGSTLNEQF,10
TRBV7-9,TRBJ2-1,ASSPPGGSTYEQF,1
TRBV7-9,TRBJ2-1,ASSPPGGSTYNEQF,10
TRBV7-9,TRBJ2-1,ASSPPGGSVLRDNEQF,6
TRBV7-9,TRBJ2-1,ASSPPGGSWADNEQF,1
TRBV7-9,TRBJ2-1,ASSPPGGSWNEQF,1
TRBV7-9,TRBJ2-1,ASSPPGGSYEQY,1
TRBV7-9,TRBJ2-1,ASSPPGGSYNAQF,1
TRBV7-9,TRBJ2-1,ASSPPGGSYNEQF,61
TRBV7-9,TRBJ2-1,ASSPPGGSYNEQS,1
TRBV7-9,TRBJ2-1,ASSPPGGTAIRHEQF,1
TRBV7-9,TRBJ2-1,ASSPPGGTFYYNEQF,1
TRBV7-9,TRBJ2-1,ASSPPGGTGNEQF,1
TRBV7-9,TRBJ2-1,ASSPPGGTGQNEQF,1
TRBV7-9,TRBJ2-1,ASSPPGGTGYNEQF,1
TRBV7-9,TRBJ2-1,ASSPPGGTIGYNEQF,4
TRBV7-9,TRBJ2-1,ASSPPGGTNEQF,8
TRBV7-9,TRBJ2-1,ASSPPGGTNYNEQF,1
TRBV7-9,TRBJ2-1,ASSPPGGTPAYNEQF,1
TRBV7-9,TRBJ2-1,ASSPPGGTPSYNEQF,14
TRBV7-9,TRBJ2-1,ASSPPGGTSDNEQF,1
TRBV7-9,TRBJ2-1,ASSPPGGTSFDEQF,1
TRBV7-9,TRBJ2-1,ASSPPGGTSGVPYDEQF,1
TRBV7-9,TRBJ2-1,ASSPPGGTSGVPYNEQF,8
TRBV7-9,TRBJ2-1,ASSPPGGTSRYNEQF,1
TRBV7-9,TRBJ2-1,ASSPPGGTSSYNEQF,1
TRBV7-9,TRBJ2-1,ASSPPGGTSYNEQF,6
TRBV7-9,TRBJ2-1,ASSPPGGTTYNEQF,1
TRBV7-9,TRBJ2-1,ASSPPGGTYNEQF,6
TRBV7-9,TRBJ2-1,ASSPPGGTYYKEQF,1
TRBV7-9,TRBJ2-1,ASSPPGGTYYNEQF,1
TRBV7-9,TRBJ2-1,ASSPPGGVDEQF,1
TRBV7-9,TRBJ2-1,ASSPPGGVGEQF,10
TRBV7-9,TRBJ2-1,ASSPPGGVGNEQF,1
TRBV7-9,TRBJ2-1,ASSPPGGVGWNEQF,2
TRBV7-9,TRBJ2-1,ASSPPGGVGYNEQF,1
TRBV7-9,TRBJ2-1,ASSPPGGVNSYNEQF,1
TRBV7-9,TRBJ2-1,ASSPPGGVQANEQF,1
TRBV7-9,TRBJ2-1,ASSPPGGVSSYNEQF,1
TRBV7-9,TRBJ2-1,ASSPPGGVSVDEEF,2
TRBV7-9,TRBJ2-1,ASSPPGGVSVDEQF,10
TRBV7-9,TRBJ2-1,ASSPPGGVSYNEQF,1
TRBV7-9,TRBJ2-1,ASSPPGGVYNEQF,8
TRBV7-9,TRBJ2-1,ASSPPGGWSYEQF,1
TRBV7-9,TRBJ2-1,ASSPPGGWSYNEQF,1
TRBV7-9,TRBJ2-1,ASSPPGGWVF,1
TRBV7-9,TRBJ2-1,ASSPPGGWYEQF,1
TRBV7-9,TRBJ2-1,ASSPPGGYDEQF,1
TRBV7-9,TRBJ2-1,ASSPPGGYEQF,12
TRBV7-9,TRBJ2-1,ASSPPGGYNDQF,1
TRBV7-9,TRBJ2-1,ASSPPGGYNEQC,1
TRBV7-9,TRBJ2-1,ASSPPGGYNEQF,153
TRBV7-9,TRBJ2-1,ASSPPGGYSYNEQF,14
TRBV7-9,TRBJ2-1,ASSPPGGYYNEQF,1
TRBV7-9,TRBJ2-1,ASSPPGHDNEQF,1
TRBV7-9,TRBJ2-1,ASSPPGHEQF,5
TRBV7-9,TRBJ2-1,ASSPPGHEYNEQF,2
TRBV7-9,TRBJ2-1,ASSPPGHFYNEQF,1
TRBV7-9,TRBJ2-1,ASSPPGHGNEQF,1
TRBV7-9,TRBJ2-1,ASSPPGHGWNEQC,1
TRBV7-9,TRBJ2-1,ASSPPGHGYEQF,1
TRBV7-9,TRBJ2-1,ASSPPGHGYNEQF,2
TRBV7-9,TRBJ2-1,ASSPPGHLVNEQF,1
TRBV7-9,TRBJ2-1,ASSPPGHLYNEQF,3
TRBV7-9,TRBJ2-1,ASSPPGHNEQF,16
TRBV7-9,TRBJ2-1,ASSPPGHNYNEQF,1
TRBV7-9,TRBJ2-1,ASSPPGHPGNEQF,1
TRBV7-9,TRBJ2-1,ASSPPGHPYDEQF,1
TRBV7-9,TRBJ2-1,ASSPPGHPYNEQF,30
TRBV7-9,TRBJ2-1,ASSPPGHQTDNEQF,6
TRBV7-9,TRBJ2-1,ASSPPGHRPYNEQF,1
TRBV7-9,TRBJ2-1,ASSPPGHSQYNEQF,1
TRBV7-9,TRBJ2-1,ASSPPGHSYNEQF,5
TRBV7-9,TRBJ2-1,ASSPPGHTYNEQF,1
TRBV7-9,TRBJ2-1,ASSPPGHYNEQF,21
TRBV7-9,TRBJ2-1,ASSPPGIAAAEQF,1
TRBV7-9,TRBJ2-1,ASSPPGIAATEQF,9
TRBV7-9,TRBJ2-1,ASSPPGIADNKQF,1
TRBV7-9,TRBJ2-1,ASSPPGIAGYNEQF,1
TRBV7-9,TRBJ2-1,ASSPPGIAYNEQF,10
TRBV7-9,TRBJ2-1,ASSPPGIDEQF,1
TRBV7-9,TRBJ2-1,ASSPPGIEQF,12
TRBV7-9,TRBJ2-1,ASSPPGIESSYNEQF,2
TRBV7-9,TRBJ2-1,ASSPPGIEYNEQF,1
TRBV7-9,TRBJ2-1,ASSPPGIGDEKF,1
TRBV7-9,TRBJ2-1,ASSPPGIGDEQF,17
TRBV7-9,TRBJ2-1,ASSPPGIGGRFNEQF,1
TRBV7-9,TRBJ2-1,ASSPPGIGNEQF,1
TRBV7-9,TRBJ2-1,ASSPPGIGRSYNEQF,1
TRBV7-9,TRBJ2-1,ASSPPGIGRYDNEQF,8
TRBV7-9,TRBJ2-1,ASSPPGIGYNEQF,1
TRBV7-9,TRBJ2-1,ASSPPGIHEQF,1
TRBV7-9,TRBJ2-1,ASSPPGIHNEQF,1
TRBV7-9,TRBJ2-1,ASSPPGIHSYNEQF,1
TRBV7-9,TRBJ2-1,ASSPPGIKVNEQF,1
TRBV7-9,TRBJ2-1,ASSPPGILYNEQF,4
TRBV7-9,TRBJ2-1,ASSPPGINEQF,2
TRBV7-9,TRBJ2-1,ASSPPGINYNEQF,1
TRBV7-9,TRBJ2-1,ASSPPGIPYNEQF,2
TRBV7-9,TRBJ2-1,ASSPPGIRGNEQF,1
TRBV7-9,TRBJ2-1,ASSPPGISGAYNEQF,1
TRBV7-9,TRBJ2-1,ASSPPGISGNEQF,2
TRBV7-9,TRBJ2-1,ASSPPGISIGNEQF,16
TRBV7-9,TRBJ2-1,ASSPPGISYNEQF,3
TRBV7-9,TRBJ2-1,ASSPPGITYNEQF,8
TRBV7-9,TRBJ2-1,ASSPPGIVDEQF,1
TRBV7-9,TRBJ2-1,ASSPPGIVYNEQF,1
TRBV7-9,TRBJ2-1,ASSPPGIYEQF,6
TRBV7-9,TRBJ2-1,ASSPPGIYNEQF,3
TRBV7-9,TRBJ2-1,ASSPPGKAGSNEQF,1
TRBV7-9,TRBJ2-1,ASSPPGKANEQF,1
TRBV7-9,TRBJ2-1,ASSPPGKASYNEQF,1
TRBV7-9,TRBJ2-1,ASSPPGKGINNEQF,2
TRBV7-9,TRBJ2-1,ASSPPGKGNNEQF,1
TRBV7-9,TRBJ2-1,ASSPPGKGRNEQF,1
TRBV7-9,TRBJ2-1,ASSPPGKGYNEQF,1
TRBV7-9,TRBJ2-1,ASSPPGKHNEQF,2
TRBV7-9,TRBJ2-1,ASSPPGKNNEQF,1
TRBV7-9,TRBJ2-1,ASSPPGKPRDEQF,1
TRBV7-9,TRBJ2-1,ASSPPGKPYNEQF,1
TRBV7-9,TRBJ2-1,ASSPPGKRGPYNEQF,1
TRBV7-9,TRBJ2-1,ASSPPGKSSYNEQF,4
TRBV7-9,TRBJ2-1,ASSPPGKSYNEQF,1
TRBV7-9,TRBJ2-1,ASSPPGKTYNEQF,1
TRBV7-9,TRBJ2-1,ASSPPGLAAAYNEQF,6
TRBV7-9,TRBJ2-1,ASSPPGLAAEQF,3
TRBV7-9,TRBJ2-1,ASSPPGLAAFPVYNEQF,2
TRBV7-9,TRBJ2-1,ASSPPGLAAGDEQF,1
TRBV7-9,TRBJ2-1,ASSPPGLAAGNEQF,2
TRBV7-9,TRBJ2-1,ASSPPGLAAHNEQF,2
TRBV7-9,TRBJ2-1,ASSPPGLAAISDEQF,1
TRBV7-9,TRBJ2-1,ASSPPGLAALNEQF,7
TRBV7-9,TRBJ2-1,ASSPPGLAANEQF,32
TRBV7-9,TRBJ2-1,ASSPPGLAANNEQF,2
TRBV7-9,TRBJ2-1,ASSPPGLAAPNEQF,1
TRBV7-9,TRBJ2-1,ASSPPGLAARRSYNEQF,1
TRBV7-9,TRBJ2-1,ASSPPGLAASNEQF,1
TRBV7-9,TRBJ2-1,ASSPPGLAASSYNEQF,1
TRBV7-9,TRBJ2-1,ASSPPGLAASYNEQF,6
TRBV7-9,TRBJ2-1,ASSPPGLAAYNEQC,1
TRBV7-9,TRBJ2-1,ASSPPGLAAYNEQF,6
TRBV7-9,TRBJ2-1,ASSPPGLAAYTEKF,1
TRBV7-9,TRBJ2-1,ASSPPGLADEQF,2
TRBV7-9,TRBJ2-1,ASSPPGLADFYNEQF,1
TRBV7-9,TRBJ2-1,ASSPPGLADHNEQF,11
TRBV7-9,TRBJ2-1,ASSPPGLADINNEQF,1
TRBV7-9,TRBJ2-1,ASSPPGLADNEHF,1
TRBV7-9,TRBJ2-1,ASSPPGLADNEQF,73
TRBV7-9,TRBJ2-1,ASSPPGLADNEQV,1
TRBV7-9,TRBJ2-1,ASSPPGLADNKQF,1
TRBV7-9,TRBJ2-1,ASSPPGLADSYNEQF,8
TRBV7-9,TRBJ2-1,ASSPPGLADVNEQF,3
TRBV7-9,TRBJ2-1,ASSPPGLADYKEQF,1
TRBV7-9,TRBJ2-1,ASSPPGLADYNEQF,10
TRBV7-9,TRBJ2-1,ASSPPGLAEANEQF,19
TRBV7-9,TRBJ2-1,ASSPPGLAEAYNEQF,3
TRBV7-9,TRBJ2-1,ASSPPGLAEGSYNEQF,1
TRBV7-9,TRBJ2-1,ASSPPGLAEHNEQF,1
TRBV7-9,TRBJ2-1,ASSPPGLAELYNEQF,1
TRBV7-9,TRBJ2-1,ASSPPGLAENEQF,1
TRBV7-9,TRBJ2-1,ASSPPGLAEPNEQF,1
TRBV7-9,TRBJ2-1,ASSPPGLAERLNEQF,1
TRBV7-9,TRBJ2-1,ASSPPGLAEYNEQF,3
TRBV7-9,TRBJ2-1,ASSPPGLAFDEQC,2
TRBV7-9,TRBJ2-1,ASSPPGLAFDEQF,9
TRBV7-9,TRBJ2-1,ASSPPGLAFDERF,1
TRBV7-9,TRBJ2-1,ASSPPGLAFNEQF,10
TRBV7-9,TRBJ2-1,ASSPPGLAFPDEQF,1
TRBV7-9,TRBJ2-1,ASSPPGLAFSYNEQF,1
TRBV7-9,TRBJ2-1,ASSPPGLAFYEQF,1
TRBV7-9,TRBJ2-1,ASSPPGLAGAAEQF,11
TRBV7-9,TRBJ2-1,ASSPPGLAGAENEQF,1
TRBV7-9,TRBJ2-1,ASSPPGLAGAGNEQF,3
TRBV7-9,TRBJ2-1,ASSPPGLAGAHNEQF,1
TRBV7-9,TRBJ2-1,ASSPPGLAGAKNNEQF,4
TRBV7-9,TRBJ2-1,ASSPPGLAGAMDEQF,1
TRBV7-9,TRBJ2-1,ASSPPGLAGANEQF,5
TRBV7-9,TRBJ2-1,ASSPPGLAGANYNEQF,1
TRBV7-9,TRBJ2-1,ASSPPGLAGAPEQF,13
TRBV7-9,TRBJ2-1,ASSPPGLAGAPSYNEQF,1
TRBV7-9,TRBJ2-1,ASSPPGLAGASYNEQF,1
TRBV7-9,TRBJ2-1,ASSPPGLAGAWGNHEQF,2
TRBV7-9,TRBJ2-1,ASSPPGLAGAYNEQF,5
TRBV7-9,TRBJ2-1,ASSPPGLAGCKYCEQF,1
TRBV7-9,TRBJ2-1,ASSPPGLAGDEKC,1
TRBV7-9,TRBJ2-1,ASSPPGLAGDEQF,20
TRBV7-9,TRBJ2-1,ASSPPGLAGDEQI,1
TRBV7-9,TRBJ2-1,ASSPPGLAGDGQF,1
TRBV7-9,TRBJ2-1,ASSPPGLAGDGSYNEQF,10
TRBV7-9,TRBJ2-1,ASSPPGLAGDGSYNEQL,1
TRBV7-9,TRBJ2-1,ASSPPGLAGDHEQF,3
TRBV7-9,TRBJ2-1,ASSPPGLAGDNEQF,6
TRBV7-9,TRBJ2-1,ASSPPGLAGDNNEQF,1
TRBV7-9,TRBJ2-1,ASSPPGLAGDSDEQF,1
TRBV7-9,TRBJ2-1,ASSPPGLAGEEQF,2
TRBV7-9,TRBJ2-1,ASSPPGLAGEGSYNEQF,1
TRBV7-9,TRBJ2-1,ASSPPGLAGENEQF,2
TRBV7-9,TRBJ2-1,ASSPPGLAGEWDNEQF,4
TRBV7-9,TRBJ2-1,ASSPPGLAGEYEQF,28
TRBV7-9,TRBJ2-1,ASSPPGLAGFNEQF,1
TRBV7-9,TRBJ2-1,ASSPPGLAGFPTYNEQF,1
TRBV7-9,TRBJ2-1,ASSPPGLAGGASNEQF,1
TRBV7-9,TRBJ2-1,ASSPPGLAGGDEQF,1
TRBV7-9,TRBJ2-1,ASSPPGLAGGENEQF,1
TRBV7-9,TRBJ2-1,ASSPPGLAGGEQF,5
TRBV7-9,TRBJ2-1,ASSPPGLAGGFDEQF,1
TRBV7-9,TRBJ2-1,ASSPPGLAGGFNEQF,1
TRBV7-9,TRBJ2-1,ASSPPGLAGGGEQF,4
TRBV7-9,TRBJ2-1,ASSPPGLAGGGGNEQF,1
TRBV7-9,TRBJ2-1,ASSPPGLAGGGNEQF,4
TRBV7-9,TRBJ2-1,ASSPPGLAGGGYNEQF,1
TRBV7-9,TRBJ2-1,ASSPPGLAGGHEQF,2
TRBV7-9,TRBJ2-1,ASSPPGLAGGINEQF,1
TRBV7-9,TRBJ2-1,ASSPPGLAGGKNEQF,1
TRBV7-9,TRBJ2-1,ASSPPGLAGGLDEQF,6
TRBV7-9,TRBJ2-1,ASSPPGLAGGLGNEQF,1
TRBV7-9,TRBJ2-1,ASSPPGLAGGLNEQF,9
TRBV7-9,TRBJ2-1,ASSPPGLAGGNEQF,19
TRBV7-9,TRBJ2-1,ASSPPGLAGGNNEQF,4
TRBV7-9,TRBJ2-1,ASSPPGLAGGNSYNEQF,1
TRBV7-9,TRBJ2-1,ASSPPGLAGGPEENEQF,1
TRBV7-9,TRBJ2-1,ASSPPGLAGGPEQF,14
TRBV7-9,TRBJ2-1,ASSPPGLAGGPGNEQF,3
TRBV7-9,TRBJ2-1,ASSPPGLAGGPNEQF,2
TRBV7-9,TRBJ2-1,ASSPPGLAGGPNNEQF,1
TRBV7-9,TRBJ2-1,ASSPPGLAGGPPYNEQF,1
TRBV7-9,TRBJ2-1,ASSPPGLAGGPQYNEQF,1
TRBV7-9,TRBJ2-1,ASSPPGLAGGPRLNEQF,1
TRBV7-9,TRBJ2-1,ASSPPGLAGGPSSYNEQF,12
TRBV7-9,TRBJ2-1,ASSPPGLAGGQDGNEQF,14
TRBV7-9,TRBJ2-1,ASSPPGLAGGQEGNEQL,1
TRBV7-9,TRBJ2-1,ASSPPGLAGGQSSYNEQF,1
TRBV7-9,TRBJ2-1,ASSPPGLAGGQYNEQF,1
TRBV7-9,TRBJ2-1,ASSPPGLAGGRLYNEQF,1
TRBV7-9,TRBJ2-1,ASSPPGLAGGRNEQF,9
TRBV7-9,TRBJ2-1,ASSPPGLAGGRYNEQF,9
TRBV7-9,TRBJ2-1,ASSPPGLAGGSGGYEQF,1
TRBV7-9,TRBJ2-1,ASSPPGLAGGSGNEQF,1
TRBV7-9,TRBJ2-1,ASSPPGLAGGSNEQF,1
TRBV7-9,TRBJ2-1,ASSPPGLAGGSRWGVNEQF,1
TRBV7-9,TRBJ2-1,ASSPPGLAGGSSYNEQF,4
TRBV7-9,TRBJ2-1,ASSPPGLAGGSYNEQF,17
TRBV7-9,TRBJ2-1,ASSPPGLAGGTINEQF,1
TRBV7-9,TRBJ2-1,ASSPPGLAGGTQQF,10
TRBV7-9,TRBJ2-1,ASSPPGLAGGVYNEQF,1
TRBV7-9,TRBJ2-1,ASSPPGLAGGYNEQF,25
TRBV7-9,TRBJ2-1,ASSPPGLAGGYVWNEQF,1
TRBV7-9,TRBJ2-1,ASSPPGLAGHEQF,26
TRBV7-9,TRBJ2-1,ASSPPGLAGHLNEQF,1
TRBV7-9,TRBJ2-1,ASSPPGLAGHNEQF,4
TRBV7-9,TRBJ2-1,ASSPPGLAGHSSYNEQF,1
TRBV7-9,TRBJ2-1,ASSPPGLAGILVF,4
TRBV7-9,TRBJ2-1,ASSPPGLAGINEQF,3
TRBV7-9,TRBJ2-1,ASSPPGLAGIRQF,8
TRBV7-9,TRBJ2-1,ASSPPGLAGIYNEQF,1
TRBV7-9,TRBJ2-1,ASSPPGLAGKNEQF,12
TRBV7-9,TRBJ2-1,ASSPPGLAGKSYNEQF,1
TRBV7-9,TRBJ2-1,ASSPPGLAGKYNEQF,4
TRBV7-9,TRBJ2-1,ASSPPGLAGLDEQF,2
TRBV7-9,TRBJ2-1,ASSPPGLAGLEQF,3
TRBV7-9,TRBJ2-1,ASSPPGLAGLGDNEQF,1
TRBV7-9,TRBJ2-1,ASSPPGLAGLGEQF,13
TRBV7-9,TRBJ2-1,ASSPPGLAGLGPTGEQF,1
TRBV7-9,TRBJ2-1,ASSPPGLAGLGPTVEQF,11
TRBV7-9,TRBJ2-1,ASSPPGLAGLHEQF,1
TRBV7-9,TRBJ2-1,ASSPPGLAGLNEQF,3
TRBV7-9,TRBJ2-1,ASSPPGLAGMRQF,1
TRBV7-9,TRBJ2-1,ASSPPGLAGMYHEQF,1
TRBV7-9,TRBJ2-1,ASSPPGLAGMYNEQF,6
TRBV7-9,TRBJ2-1,ASSPPGLAGNAQF,1
TRBV7-9,TRBJ2-1,ASSPPGLAGNEQF,90
TRBV7-9,TRBJ2-1,ASSPPGLAGNGQF,1
TRBV7-9,TRBJ2-1,ASSPPGLAGNNEQF,6
TRBV7-9,TRBJ2-1,ASSPPGLAGNSYNEQF,1
TRBV7-9,TRBJ2-1,ASSPPGLAGPDNEQF,1
TRBV7-9,TRBJ2-1,ASSPPGLAGPGGNEQF,1
TRBV7-9,TRBJ2-1,ASSPPGLAGPGQF,10
TRBV7-9,TRBJ2-1,ASSPPGLAGPNEQF,30
TRBV7-9,TRBJ2-1,ASSPPGLAGPSPDNEQF,1
TRBV7-9,TRBJ2-1,ASSPPGLAGPYNNEQF,1
TRBV7-9,TRBJ2-1,ASSPPGLAGQTSYNEQF,1
TRBV7-9,TRBJ2-1,ASSPPGLAGQYNEQF,13
TRBV7-9,TRBJ2-1,ASSPPGLAGRDNEQF,1
TRBV7-9,TRBJ2-1,ASSPPGLAGRNEQF,4
TRBV7-9,TRBJ2-1,ASSPPGLAGSDEQF,1
TRBV7-9,TRBJ2-1,ASSPPGLAGSGSYNEQF,1
TRBV7-9,TRBJ2-1,ASSPPGLAGSNEQF,4
TRBV7-9,TRBJ2-1,ASSPPGLAGSRSSYNEQF,17
TRBV7-9,TRBJ2-1,ASSPPGLAGSSSYNEQF,1
TRBV7-9,TRBJ2-1,ASSPPGLAGSSYNEQF,1
TRBV7-9,TRBJ2-1,ASSPPGLAGSYNEQF,9
TRBV7-9,TRBJ2-1,ASSPPGLAGTDEQF,2
TRBV7-9,TRBJ2-1,ASSPPGLAGTNEQF,6
TRBV7-9,TRBJ2-1,ASSPPGLAGTPRVNEQF,1
TRBV7-9,TRBJ2-1,ASSPPGLAGTYNEQF,2
TRBV7-9,TRBJ2-1,ASSPPGLAGVDEQF,4
TRBV7-9,TRBJ2-1,ASSPPGLAGVEQF,16
TRBV7-9,TRBJ2-1,ASSPPGLAGVEQL,1
TRBV7-9,TRBJ2-1,ASSPPGLAGVGNEQF,6
TRBV7-9,TRBJ2-1,ASSPPGLAGVIYNEPF,1
TRBV7-9,TRBJ2-1,ASSPPGLAGVIYNEQF,15
TRBV7-9,TRBJ2-1,ASSPPGLAGVNEQF,40
TRBV7-9,TRBJ2-1,ASSPPGLAGVNNEQF,1
TRBV7-9,TRBJ2-1,ASSPPGLAGVPDEQF,1
TRBV7-9,TRBJ2-1,ASSPPGLAGVREQF,2
TRBV7-9,TRBJ2-1,ASSPPGLAGVSSYNEQF,1
TRBV7-9,TRBJ2-1,ASSPPGLAGVSYNEQF,1
TRBV7-9,TRBJ2-1,ASSPPGLAGVVDEQF,1
TRBV7-9,TRBJ2-1,ASSPPGLAGVWDEQF,1
TRBV7-9,TRBJ2-1,ASSPPGLAGVYEQF,1
TRBV7-9,TRBJ2-1,ASSPPGLAGVYNDQF,1
TRBV7-9,TRBJ2-1,ASSPPGLAGVYNEQF,12
TRBV7-9,TRBJ2-1,ASSPPGLAGWNNEQF,1
TRBV7-9,TRBJ2-1,ASSPPGLAGYDEQF,14
TRBV7-9,TRBJ2-1,ASSPPGLAGYEQF,16
TRBV7-9,TRBJ2-1,ASSPPGLAGYHEQF,1
TRBV7-9,TRBJ2-1,ASSPPGLAGYIEQF,1
TRBV7-9,TRBJ2-1,ASSPPGLAGYKEQF,1
TRBV7-9,TRBJ2-1,ASSPPGLAGYNEHF,2
TRBV7-9,TRBJ2-1,ASSPPGLAGYNEKF,1
TRBV7-9,TRBJ2-1,ASSPPGLAGYNELF,1
TRBV7-9,TRBJ2-1,ASSPPGLAGYNEPF,1
TRBV7-9,TRBJ2-1,ASSPPGLAGYNEQC,1
TRBV7-9,TRBJ2-1,ASSPPGLAGYNEQF,215
TRBV7-9,TRBJ2-1,ASSPPGLAGYNEQL,1
TRBV7-9,TRBJ2-1,ASSPPGLAGYNGQF,1
TRBV7-9,TRBJ2-1,ASSPPGLAGYRGYNEQF,1
TRBV7-9,TRBJ2-1,ASSPPGLAGYRNEQF,1
TRBV7-9,TRBJ2-1,ASSPPGLAHNEQF,1
TRBV7-9,TRBJ2-1,ASSPPGLAIEQF,9
TRBV7-9,TRBJ2-1,ASSPPGLAIHNEQF,1
TRBV7-9,TRBJ2-1,ASSPPGLAILNEQF,1
TRBV7-9,TRBJ2-1,ASSPPGLAINEQF,1
TRBV7-9,TRBJ2-1,ASSPPGLAKGNEQF,1
TRBV7-9,TRBJ2-1,ASSPPGLAKRGNEQF,1
TRBV7-9,TRBJ2-1,ASSPPGLALDGDEQF,8
TRBV7-9,TRBJ2-1,ASSPPGLALEQF,8
TRBV7-9,TRBJ2-1,ASSPPGLALFDEQF,1
TRBV7-9,TRBJ2-1,ASSPPGLALGNEQF,2
TRBV7-9,TRBJ2-1,ASSPPGLALGPNYNEQF,1
TRBV7-9,TRBJ2-1,ASSPPGLALQVDEQF,1
TRBV7-9,TRBJ2-1,ASSPPGLALWDEQF,1
TRBV7-9,TRBJ2-1,ASSPPGLAMIDEQF,1
TRBV7-9,TRBJ2-1,ASSPPGLANEQF,19
TRBV7-9,TRBJ2-1,ASSPPGLANNEQF,11
TRBV7-9,TRBJ2-1,ASSPPGLANREQF,5
TRBV7-9,TRBJ2-1,ASSPPGLANTWQF,4
TRBV7-9,TRBJ2-1,ASSPPGLANWNEQF,1
TRBV7-9,TRBJ2-1,ASSPPGLANYNEQF,1
TRBV7-9,TRBJ2-1,ASSPPGLAPEQF,4
TRBV7-9,TRBJ2-1,ASSPPGLAPFHEQF,1
TRBV7-9,TRBJ2-1,ASSPPGLAPHNEQF,11
TRBV7-9,TRBJ2-1,ASSPPGLAPKEQS,1
TRBV7-9,TRBJ2-1,ASSPPGLAPNEQF,25
TRBV7-9,TRBJ2-1,ASSPPGLAPYNEQF,2
TRBV7-9,TRBJ2-1,ASSPPGLAQNEQF,1
TRBV7-9,TRBJ2-1,ASSPPGLAQYNEQF,2
TRBV7-9,TRBJ2-1,ASSPPGLARDEQF,1
TRBV7-9,TRBJ2-1,ASSPPGLARDNEQF,1
TRBV7-9,TRBJ2-1,ASSPPGLAREGQF,8
TRBV7-9,TRBJ2-1,ASSPPGLARNEQF,19
TRBV7-9,TRBJ2-1,ASSPPGLARNNEQF,1
TRBV7-9,TRBJ2-1,ASSPPGLARQANEQF,1
TRBV7-9,TRBJ2-1,ASSPPGLARREQF,2
TRBV7-9,TRBJ2-1,ASSPPGLARSEQF,3
TRBV7-9,TRBJ2-1,ASSPPGLARYNEQF,2
TRBV7-9,TRBJ2-1,ASSPPGLASDEQF,1
TRBV7-9,TRBJ2-1,ASSPPGLASLNEQF,1
TRBV7-9,TRBJ2-1,ASSPPGLASNEHF,1
TRBV7-9,TRBJ2-1,ASSPPGLASNEQF,24
TRBV7-9,TRBJ2-1,ASSPPGLASNNEQF,1
TRBV7-9,TRBJ2-1,ASSPPGLASRNEQF,10
TRBV7-9,TRBJ2-1,ASSPPGLASSYNEQF,1
TRBV7-9,TRBJ2-1,ASSPPGLASYNAQF,1
TRBV7-9,TRBJ2-1,ASSPPGLASYNEQF,17
TRBV7-9,TRBJ2-1,ASSPPGLATDEQF,1
TRBV7-9,TRBJ2-1,ASSPPGLATFNEQF,1
TRBV7-9,TRBJ2-1,ASSPPGLATGENEQF,1
TRBV7-9,TRBJ2-1,ASSPPGLATHEQF,1
TRBV7-9,TRBJ2-1,ASSPPGLATNEQF,1
TRBV7-9,TRBJ2-1,ASSPPGLATNNEQF,1
TRBV7-9,TRBJ2-1,ASSPPGLATSNEQF,1
TRBV7-9,TRBJ2-1,ASSPPGLATSPYNEQF,1
TRBV7-9,TRBJ2-1,ASSPPGLAV,1
TRBV7-9,TRBJ2-1,ASSPPGLAVDEQF,2
TRBV7-9,TRBJ2-1,ASSPPGLAVDNEQF,1
TRBV7-9,TRBJ2-1,ASSPPGLAVDYDNEQF,1
TRBV7-9,TRBJ2-1,ASSPPGLAVFDEQF,1
TRBV7-9,TRBJ2-1,ASSPPGLAVGNEQF,7
TRBV7-9,TRBJ2-1,ASSPPGLAVGTQQF,1
TRBV7-9,TRBJ2-1,ASSPPGLAVLSSYNEQF,1
TRBV7-9,TRBJ2-1,ASSPPGLAVNEQF,11
TRBV7-9,TRBJ2-1,ASSPPGLAVNNEQF,2
TRBV7-9,TRBJ2-1,ASSPPGLAVPLGEQF,5
TRBV7-9,TRBJ2-1,ASSPPGLAVYNEQF,29
TRBV7-9,TRBJ2-1,ASSPPGLAVYNGQF,1
TRBV7-9,TRBJ2-1,ASSPPGLAVYYEQF,1
TRBV7-9,TRBJ2-1,ASSPPGLAWGNEQF,1
TRBV7-9,TRBJ2-1,ASSPPGLAYNEQF,44
TRBV7-9,TRBJ2-1,ASSPPGLAYSYNEQF,1
TRBV7-9,TRBJ2-1,ASSPPGLCEQF,1
TRBV7-9,TRBJ2-1,ASSPPGLDANEQF,1
TRBV7-9,TRBJ2-1,ASSPPGLDEQF,13
TRBV7-9,TRBJ2-1,ASSPPGLDNEQF,5
TRBV7-9,TRBJ2-1,ASSPPGLDTNEQF,1
TRBV7-9,TRBJ2-1,ASSPPGLDWNEQF,9
TRBV7-9,TRBJ2-1,ASSPPGLDYNEQF,11
TRBV7-9,TRBJ2-1,ASSPPGLEDVNEQF,1
TRBV7-9,TRBJ2-1,ASSPPGLEGDNEQF,15
TRBV7-9,TRBJ2-1,ASSPPGLEGHEQF,1
TRBV7-9,TRBJ2-1,ASSPPGLEGNEQF,1
TRBV7-9,TRBJ2-1,ASSPPGLEGYNEQF,2
TRBV7-9,TRBJ2-1,ASSPPGLEIRNEQF,1
TRBV7-9,TRBJ2-1,ASSPPGLEKDEQF,1
TRBV7-9,TRBJ2-1,ASSPPGLELNEQF,4
TRBV7-9,TRBJ2-1,ASSPPGLENFNEQF,10
TRBV7-9,TRBJ2-1,ASSPPGLENNEQF,1
TRBV7-9,TRBJ2-1,ASSPPGLEQF,37
TRBV7-9,TRBJ2-1,ASSPPGLESFNEQF,2
TRBV7-9,TRBJ2-1,ASSPPGLEWGSDEQF,7
TRBV7-9,TRBJ2-1,ASSPPGLFEQF,22
TRBV7-9,TRBJ2-1,ASSPPGLFSF,5
TRBV7-9,TRBJ2-1,ASSPPGLGAQRYNEQF,1
TRBV7-9,TRBJ2-1,ASSPPGLGAYNEQF,1
TRBV7-9,TRBJ2-1,ASSPPGLGDEQF,4
TRBV7-9,TRBJ2-1,ASSPPGLGEQF,1
TRBV7-9,TRBJ2-1,ASSPPGLGGEYEQF,1
TRBV7-9,TRBJ2-1,ASSPPGLGGLYEQF,1
TRBV7-9,TRBJ2-1,ASSPPGLGGNEQF,7
TRBV7-9,TRBJ2-1,ASSPPGLGGWNEHF,1
TRBV7-9,TRBJ2-1,ASSPPGLGGWNEQF,7
TRBV7-9,TRBJ2-1,ASSPPGLGGYNEQF,2
TRBV7-9,TRBJ2-1,ASSPPGLGIDEQF,1
TRBV7-9,TRBJ2-1,ASSPPGLGIDYEQF,1
TRBV7-9,TRBJ2-1,ASSPPGLGINNEQF,1
TRBV7-9,TRBJ2-1,ASSPPGLGIYNEQF,1
TRBV7-9,TRBJ2-1,ASSPPGLGMGNEQF,1
TRBV7-9,TRBJ2-1,ASSPPGLGNEQF,14
TRBV7-9,TRBJ2-1,ASSPPGLGNNEQF,1
TRBV7-9,TRBJ2-1,ASSPPGLGQF,15
TRBV7-9,TRBJ2-1,ASSPPGLGRSSYNEQF,1
TRBV7-9,TRBJ2-1,ASSPPGLGRVNEQF,5
TRBV7-9,TRBJ2-1,ASSPPGLGSNEQF,1
TRBV7-9,TRBJ2-1,ASSPPGLGSYNEQF,6
TRBV7-9,TRBJ2-1,ASSPPGLGTNEQF,2
TRBV7-9,TRBJ2-1,ASSPPGLGYNDQF,2
TRBV7-9,TRBJ2-1,ASSPPGLGYNEQF,10
TRBV7-9,TRBJ2-1,ASSPPGLHNEQF,1
TRBV7-9,TRBJ2-1,ASSPPGLHSEQF,1
TRBV7-9,TRBJ2-1,ASSPPGLHSYNEQF,1
TRBV7-9,TRBJ2-1,ASSPPGLHYNEQF,1
TRBV7-9,TRBJ2-1,ASSPPGLIDNEQF,1
TRBV7-9,TRBJ2-1,ASSPPGLIFDEQF,1
TRBV7-9,TRBJ2-1,ASSPPGLINEQF,15
TRBV7-9,TRBJ2-1,ASSPPGLIVNEQF,1
TRBV7-9,TRBJ2-1,ASSPPGLIYNEQF,1
TRBV7-9,TRBJ2-1,ASSPPGLKNNEQF,1
TRBV7-9,TRBJ2-1,ASSPPGLKSLREDNEQF,1
TRBV7-9,TRBJ2-1,ASSPPGLLAGNEQF,1
TRBV7-9,TRBJ2-1,ASSPPGLLNEQF,2
TRBV7-9,TRBJ2-1,ASSPPGLLPNEQF,1
TRBV7-9,TRBJ2-1,ASSPPGLLRNEQF,11
TRBV7-9,TRBJ2-1,ASSPPGLLSC,1
TRBV7-9,TRBJ2-1,ASSPPGLLSF,49
TRBV7-9,TRBJ2-1,ASSPPGLLSS,1
TRBV7-9,TRBJ2-1,ASSPPGLLSV,1
TRBV7-9,TRBJ2-1,ASSPPGLLSYNEQF,2
TRBV7-9,TRBJ2-1,ASSPPGLLWF,1
TRBV7-9,TRBJ2-1,ASSPPGLLYNEQF,3
TRBV7-9,TRBJ2-1,ASSPPGLNEQF,4
TRBV7-9,TRBJ2-1,ASSPPGLNNEQF,13
TRBV7-9,TRBJ2-1,ASSPPGLNYNEQF,6
TRBV7-9,TRBJ2-1,ASSPPGLPDNEQF,2
TRBV7-9,TRBJ2-1,ASSPPGLPDNNEQF,1
TRBV7-9,TRBJ2-1,ASSPPGLPGGINEQF,1
TRBV7-9,TRBJ2-1,ASSPPGLPGNEQF,1
TRBV7-9,TRBJ2-1,ASSPPGLPLYNEQF,1
TRBV7-9,TRBJ2-1,ASSPPGLPNEQF,3
TRBV7-9,TRBJ2-1,ASSPPGLPSDEQF,1
TRBV7-9,TRBJ2-1,ASSPPGLPYNEQF,3
TRBV7-9,TRBJ2-1,ASSPPGLQEQF,6
TRBV7-9,TRBJ2-1,ASSPPGLQTINEQF,5
TRBV7-9,TRBJ2-1,ASSPPGLRDNEQF,2
TRBV7-9,TRBJ2-1,ASSPPGLRNEQF,2
TRBV7-9,TRBJ2-1,ASSPPGLRRFNEQF,1
TRBV7-9,TRBJ2-1,ASSPPGLRRKIYNEQF,1
TRBV7-9,TRBJ2-1,ASSPPGLRSRENNEQF,8
TRBV7-9,TRBJ2-1,ASSPPGLRSSYNEQF,1
TRBV7-9,TRBJ2-1,ASSPPGLRSYNEQF,1
TRBV7-9,TRBJ2-1,ASSPPGLRTNEQF,1
TRBV7-9,TRBJ2-1,ASSPPGLRYNEQF,1
TRBV7-9,TRBJ2-1,ASSPPGLSGGEQF,16
TRBV7-9,TRBJ2-1,ASSPPGLSGNEQF,1
TRBV7-9,TRBJ2-1,ASSPPGLSGYNEQF,1
TRBV7-9,TRBJ2-1,ASSPPGLSHYNEQF,4
TRBV7-9,TRBJ2-1,ASSPPGLSSVEKF,1
TRBV7-9,TRBJ2-1,ASSPPGLSSVEPF,1
TRBV7-9,TRBJ2-1,ASSPPGLSSVEQC,1
TRBV7-9,TRBJ2-1,ASSPPGLSSVEQF,12
TRBV7-9,TRBJ2-1,ASSPPGLSSYNEQF,4
TRBV7-9,TRBJ2-1,ASSPPGLSWGNEQF,1
TRBV7-9,TRBJ2-1,ASSPPGLSYDEQF,1
TRBV7-9,TRBJ2-1,ASSPPGLSYNEQF,30
TRBV7-9,TRBJ2-1,ASSPPGLSYNGQF,1
TRBV7-9,TRBJ2-1,ASSPPGLSYPPNEPF,1
TRBV7-9,TRBJ2-1,ASSPPGLSYPTNEQF,5
TRBV7-9,TRBJ2-1,ASSPPGLTGGYNEQF,1
TRBV7-9,TRBJ2-1,ASSPPGLTGVNEQF,1
TRBV7-9,TRBJ2-1,ASSPPGLTPYNEQF,2
TRBV7-9,TRBJ2-1,ASSPPGLTSYNEQF,1
TRBV7-9,TRBJ2-1,ASSPPGLTYNEPF,1
TRBV7-9,TRBJ2-1,ASSPPGLTYNEQF,39
TRBV7-9,TRBJ2-1,ASSPPGLTYNGQF,1
TRBV7-9,TRBJ2-1,ASSPPGLVALEQF,3
TRBV7-9,TRBJ2-1,ASSPPGLVDNEQF,1
TRBV7-9,TRBJ2-1,ASSPPGLVENEQF,1
TRBV7-9,TRBJ2-1,ASSPPGLVERRSYNEQF,1
TRBV7-9,TRBJ2-1,ASSPPGLVGNEQF,1
TRBV7-9,TRBJ2-1,ASSPPGLVGYNEEF,1
TRBV7-9,TRBJ2-1,ASSPPGLVGYNEQF,2
TRBV7-9,TRBJ2-1,ASSPPGLVIHEQF,1
TRBV7-9,TRBJ2-1,ASSPPGLVIHNEQF,6
TRBV7-9,TRBJ2-1,ASSPPGLVNEQF,4
TRBV7-9,TRBJ2-1,ASSPPGLVPNEQF,1
TRBV7-9,TRBJ2-1,ASSPPGLVRDEQF,11
TRBV7-9,TRBJ2-1,ASSPPGLVSHNEQF,2
TRBV7-9,TRBJ2-1,ASSPPGLVSNEQF,1
TRBV7-9,TRBJ2-1,ASSPPGLVSYNEQF,2
TRBV7-9,TRBJ2-1,ASSPPGLVVNEQF,1
TRBV7-9,TRBJ2-1,ASSPPGLVVTRGFNEQF,1
TRBV7-9,TRBJ2-1,ASSPPGLVYEQF,19
TRBV7-9,TRBJ2-1,ASSPPGLVYNEQF,12
TRBV7-9,TRBJ2-1,ASSPPGLVYNVQF,1
TRBV7-9,TRBJ2-1,ASSPPGLVYQQF,1
TRBV7-9,TRBJ2-1,ASSPPGLYEQF,1
TRBV7-9,TRBJ2-1,ASSPPGLYHNEQF,6
TRBV7-9,TRBJ2-1,ASSPPGLYNEQF,19
TRBV7-9,TRBJ2-1,ASSPPGMAGSYNEQF,1
TRBV7-9,TRBJ2-1,ASSPPGMAGYSSNEQF,1
TRBV7-9,TRBJ2-1,ASSPPGMASGSSYNEQF,2
TRBV7-9,TRBJ2-1,ASSPPGMIAGRNEQF,1
TRBV7-9,TRBJ2-1,ASSPPGMSYNEQF,1
TRBV7-9,TRBJ2-1,ASSPPGMTYNEQF,1
TRBV7-9,TRBJ2-1,ASSPPGMWGRGPNEQF,1
TRBV7-9,TRBJ2-1,ASSPPGNAQF,1
TRBV7-9,TRBJ2-1,ASSPPGNEQF,64
TRBV7-9,TRBJ2-1,ASSPPGNGYNEQF,3
TRBV7-9,TRBJ2-1,ASSPPGNIFYNEQF,1
TRBV7-9,TRBJ2-1,ASSPPGNLYNEQF,1
TRBV7-9,TRBJ2-1,ASSPPGNNEQF,11
TRBV7-9,TRBJ2-1,ASSPPGNQYHEQF,1
TRBV7-9,TRBJ2-1,ASSPPGNRAYNEQF,16
TRBV7-9,TRBJ2-1,ASSPPGNRMYEQF,1
TRBV7-9,TRBJ2-1,ASSPPGNRYNEQC,1
TRBV7-9,TRBJ2-1,ASSPPGNRYNEQF,15
TRBV7-9,TRBJ2-1,ASSPPGNSYNEQF,3
TRBV7-9,TRBJ2-1,ASSPPGNTYNEQF,1
TRBV7-9,TRBJ2-1,ASSPPGNYNEQF,1
TRBV7-9,TRBJ2-1,ASSPPGPAEGEQF,15
TRBV7-9,TRBJ2-1,ASSPPGPAENYNEQF,1
TRBV7-9,TRBJ2-1,ASSPPGPAGPNEQF,1
TRBV7-9,TRBJ2-1,ASSPPGPASYNEQF,2
TRBV7-9,TRBJ2-1,ASSPPGPAYNEQF,2
TRBV7-9,TRBJ2-1,ASSPPGPDDNEQF,12
TRBV7-9,TRBJ2-1,ASSPPGPDEQF,20
TRBV7-9,TRBJ2-1,ASSPPGPDNEQF,13
TRBV7-9,TRBJ2-1,ASSPPGPDYNAQF,1
TRBV7-9,TRBJ2-1,ASSPPGPDYNEQF,14
TRBV7-9,TRBJ2-1,ASSPPGPFAYNEQF,5
TRBV7-9,TRBJ2-1,ASSPPGPFHEQF,5
TRBV7-9,TRBJ2-1,ASSPPGPFRSYKEQF,1
TRBV7-9,TRBJ2-1,ASSPPGPFYNEQF,1
TRBV7-9,TRBJ2-1,ASSPPGPGADEQF,1
TRBV7-9,TRBJ2-1,ASSPPGPGGSRNEQF,1
TRBV7-9,TRBJ2-1,ASSPPGPGLNEQF,1
TRBV7-9,TRBJ2-1,ASSPPGPGNEQF,1
TRBV7-9,TRBJ2-1,ASSPPGPGPLSNEQF,1
TRBV7-9,TRBJ2-1,ASSPPGPGQGSNEQF,1
TRBV7-9,TRBJ2-1,ASSPPGPGQSTNEQF,8
TRBV7-9,TRBJ2-1,ASSPPGPGRGNEQF,3
TRBV7-9,TRBJ2-1,ASSPPGPGRVDEQF,1
TRBV7-9,TRBJ2-1,ASSPPGPGRYNEQF,1
TRBV7-9,TRBJ2-1,ASSPPGPGSHEQF,1
TRBV7-9,TRBJ2-1,ASSPPGPGSYNEQF,1
TRBV7-9,TRBJ2-1,ASSPPGPGVHEQF,11
TRBV7-9,TRBJ2-1,ASSPPGPGWNEQF,2
TRBV7-9,TRBJ2-1,ASSPPGPGYNEQF,1
TRBV7-9,TRBJ2-1,ASSPPGPIRQGHNEQF,1
TRBV7-9,TRBJ2-1,ASSPPGPISYNEQF,1
TRBV7-9,TRBJ2-1,ASSPPGPLDNEQF,1
TRBV7-9,TRBJ2-1,ASSPPGPLLNNEQF,10
TRBV7-9,TRBJ2-1,ASSPPGPLLRNEQF,17
TRBV7-9,TRBJ2-1,ASSPPGPLLRNKQF,1
TRBV7-9,TRBJ2-1,ASSPPGPLRDNEQF,1
TRBV7-9,TRBJ2-1,ASSPPGPLTPNEQF,1
TRBV7-9,TRBJ2-1,ASSPPGPLVEQF,27
TRBV7-9,TRBJ2-1,ASSPPGPLVGQF,6
TRBV7-9,TRBJ2-1,ASSPPGPLWMSNEQF,1
TRBV7-9,TRBJ2-1,ASSPPGPNEQF,14
TRBV7-9,TRBJ2-1,ASSPPGPNNEQF,3
TRBV7-9,TRBJ2-1,ASSPPGPNNNEQF,1
TRBV7-9,TRBJ2-1,ASSPPGPNYNEQF,2
TRBV7-9,TRBJ2-1,ASSPPGPPKLNEQF,1
TRBV7-9,TRBJ2-1,ASSPPGPPLDYNEQF,14
TRBV7-9,TRBJ2-1,ASSPPGPPRNNEQF,4
TRBV7-9,TRBJ2-1,ASSPPGPQPYNEQF,2
TRBV7-9,TRBJ2-1,ASSPPGPREYNEQF,1
TRBV7-9,TRBJ2-1,ASSPPGPRFTDEQF,1
TRBV7-9,TRBJ2-1,ASSPPGPRHNEQF,11
TRBV7-9,TRBJ2-1,ASSPPGPRTYNEQF,2
TRBV7-9,TRBJ2-1,ASSPPGPRVDEQF,6
TRBV7-9,TRBJ2-1,ASSPPGPRVNEQF,1
TRBV7-9,TRBJ2-1,ASSPPGPSGRAGYEQF,1
TRBV7-9,TRBJ2-1,ASSPPGPSPNEQF,1
TRBV7-9,TRBJ2-1,ASSPPGPSPNHEQF,13
TRBV7-9,TRBJ2-1,ASSPPGPSPTHEQF,1
TRBV7-9,TRBJ2-1,ASSPPGPSRGYNEQF,1
TRBV7-9,TRBJ2-1,ASSPPGPSSNEQF,3
TRBV7-9,TRBJ2-1,ASSPPGPSSQF,4
TRBV7-9,TRBJ2-1,ASSPPGPSSYNEQF,1
TRBV7-9,TRBJ2-1,ASSPPGPSVANEQF,1
TRBV7-9,TRBJ2-1,ASSPPGPSYNEQF,1
TRBV7-9,TRBJ2-1,ASSPPGPTAEQF,5
TRBV7-9,TRBJ2-1,ASSPPGPTGANDEQF,20
TRBV7-9,TRBJ2-1,ASSPPGPTIYNEQF,1
TRBV7-9,TRBJ2-1,ASSPPGPTLSYNEQF,1
TRBV7-9,TRBJ2-1,ASSPPGPTLYNEQF,1
TRBV7-9,TRBJ2-1,ASSPPGPTNEQF,1
TRBV7-9,TRBJ2-1,ASSPPGPTNYNEQF,1
TRBV7-9,TRBJ2-1,ASSPPGPTVYNEQF,2
TRBV7-9,TRBJ2-1,ASSPPGPTYNEQF,1
TRBV7-9,TRBJ2-1,ASSPPGPVEAGGGNEQF,1
TRBV7-9,TRBJ2-1,ASSPPGPVEKEQL,1
TRBV7-9,TRBJ2-1,ASSPPGPVGGEQF,11
TRBV7-9,TRBJ2-1,ASSPPGPVNNEQF,1
TRBV7-9,TRBJ2-1,ASSPPGPYNEQF,24
TRBV7-9,TRBJ2-1,ASSPPGQAENEQF,1
TRBV7-9,TRBJ2-1,ASSPPGQAGNEQF,1
TRBV7-9,TRBJ2-1,ASSPPGQANEQF,1
TRBV7-9,TRBJ2-1,ASSPPGQANNEQF,6
TRBV7-9,TRBJ2-1,ASSPPGQAREGQF,1
TRBV7-9,TRBJ2-1,ASSPPGQASNEQF,1
TRBV7-9,TRBJ2-1,ASSPPGQASSYNEQF,1
TRBV7-9,TRBJ2-1,ASSPPGQASYNEQF,6
TRBV7-9,TRBJ2-1,ASSPPGQAYNEQF,7
TRBV7-9,TRBJ2-1,ASSPPGQAYTNEQF,4
TRBV7-9,TRBJ2-1,ASSPPGQCYNEQF,1
TRBV7-9,TRBJ2-1,ASSPPGQDEQF,1
TRBV7-9,TRBJ2-1,ASSPPGQDHELF,2
TRBV7-9,TRBJ2-1,ASSPPGQDHEQF,12
TRBV7-9,TRBJ2-1,ASSPPGQDNEQF,1
TRBV7-9,TRBJ2-1,ASSPPGQDPYNEQF,1
TRBV7-9,TRBJ2-1,ASSPPGQDRGF,1
TRBV7-9,TRBJ2-1,ASSPPGQDYNEQF,1
