TRBV20-1,TRBJ2-1,SASPGLAGSRNNEQF,1
TRBV20-1,TRBJ2-1,SASPGLAGSRVTYNEQF,1
TRBV20-1,TRBJ2-1,SASPGLAGSTRYNNEQF,1
TRBV20-1,TRBJ2-1,SASPGLAGSYNEQF,4
TRBV20-1,TRBJ2-1,SASPGLAGTGRNEQF,1
TRBV20-1,TRBJ2-1,SASPGLAGTISTYNEQF,1
TRBV20-1,TRBJ2-1,SASPGLAGTWNEQF,1
TRBV20-1,TRBJ2-1,SASPGLAGTYEQF,1
TRBV20-1,TRBJ2-1,SASPGLAGTYNEQF,1
TRBV20-1,TRBJ2-1,SASPGLAGVEGGNEQF,4
TRBV20-1,TRBJ2-1,SASPGLAGVGDEQF,1
TRBV20-1,TRBJ2-1,SASPGLAGVGEQF,7
TRBV20-1,TRBJ2-1,SASPGLAGVGNEQF,2
TRBV20-1,TRBJ2-1,SASPGLAGVGPINEQF,1
TRBV20-1,TRBJ2-1,SASPGLAGVGQF,2
TRBV20-1,TRBJ2-1,SASPGLAGVGSYNEQF,4
TRBV20-1,TRBJ2-1,SASPGLAGVGTSSYNEQF,6
TRBV20-1,TRBJ2-1,SASPGLAGVGYNEQF,3
TRBV20-1,TRBJ2-1,SASPGLAGVHEQF,3
TRBV20-1,TRBJ2-1,SASPGLAGVINEQF,1
TRBV20-1,TRBJ2-1,SASPGLAGVLNEQF,1
TRBV20-1,TRBJ2-1,SASPGLAGVMGLYNEQF,1
TRBV20-1,TRBJ2-1,SASPGLAGVNEQF,11
TRBV20-1,TRBJ2-1,SASPGLAGVREQF,2
TRBV20-1,TRBJ2-1,SASPGLAGVRNEQF,1
TRBV20-1,TRBJ2-1,SASPGLAGVRYNEQF,2
TRBV20-1,TRBJ2-1,SASPGLAGVSDNEQF,1
TRBV20-1,TRBJ2-1,SASPGLAGVSLSYNEQF,1
TRBV20-1,TRBJ2-1,SASPGLAGVSSYNEQF,1
TRBV20-1,TRBJ2-1,SASPGLAGVSYNEQF,5
TRBV20-1,TRBJ2-1,SASPGLAGVTSYNEQF,1
TRBV20-1,TRBJ2-1,SASPGLAGVVNEQF,3
TRBV20-1,TRBJ2-1,SASPGLAGVVSYNEQF,1
TRBV20-1,TRBJ2-1,SASPGLAGVYEQF,1
TRBV20-1,TRBJ2-1,SASPGLAGVYNEQF,6
TRBV20-1,TRBJ2-1,SASPGLAGWGEQF,9
TRBV20-1,TRBJ2-1,SASPGLAGYEQF,7
TRBV20-1,TRBJ2-1,SASPGLAGYNELF,2
TRBV20-1,TRBJ2-1,SASPGLAGYNEQC,1
TRBV20-1,TRBJ2-1,SASPGLAGYNEQF,50
TRBV20-1,TRBJ2-1,SASPGLAGYYSYNEQF,1
TRBV20-1,TRBJ2-1,SASPGLAHEQF,2
TRBV20-1,TRBJ2-1,SASPGLAHNEQF,3
TRBV20-1,TRBJ2-1,SASPGLAHYNEQF,1
TRBV20-1,TRBJ2-1,SASPGLAIDEQF,3
TRBV20-1,TRBJ2-1,SASPGLAIGNEQF,2
TRBV20-1,TRBJ2-1,SASPGLAINEQF,2
TRBV20-1,TRBJ2-1,SASPGLAIYNEQF,7
TRBV20-1,TRBJ2-1,SASPGLAKDNEQF,1
TRBV20-1,TRBJ2-1,SASPGLAKNEQF,1
TRBV20-1,TRBJ2-1,SASPGLAKYNEQF,1
TRBV20-1,TRBJ2-1,SASPGLALDEQF,1
TRBV20-1,TRBJ2-1,SASPGLALHNEQF,1
TRBV20-1,TRBJ2-1,SASPGLALNEQF,1
TRBV20-1,TRBJ2-1,SASPGLALRAYNEQF,1
TRBV20-1,TRBJ2-1,SASPGLALSEQF,3
TRBV20-1,TRBJ2-1,SASPGLALVDEQF,1
TRBV20-1,TRBJ2-1,SASPGLALVNEQF,1
TRBV20-1,TRBJ2-1,SASPGLALWNEQF,1
TRBV20-1,TRBJ2-1,SASPGLALYNEQF,2
TRBV20-1,TRBJ2-1,SASPGLAMDEQF,1
TRBV20-1,TRBJ2-1,SASPGLAMNEQF,1
TRBV20-1,TRBJ2-1,SASPGLANEQF,13
TRBV20-1,TRBJ2-1,SASPGLANNEQF,2
TRBV20-1,TRBJ2-1,SASPGLANSYNEQF,2
TRBV20-1,TRBJ2-1,SASPGLANYNEQF,1
TRBV20-1,TRBJ2-1,SASPGLAPISSYNEQF,1
TRBV20-1,TRBJ2-1,SASPGLAPNEQF,3
TRBV20-1,TRBJ2-1,SASPGLAPSDEQF,1
TRBV20-1,TRBJ2-1,SASPGLAPYNEQF,3
TRBV20-1,TRBJ2-1,SASPGLAQISEQF,4
TRBV20-1,TRBJ2-1,SASPGLAQNEQF,1
TRBV20-1,TRBJ2-1,SASPGLARDNEQF,5
TRBV20-1,TRBJ2-1,SASPGLARFPYNEQF,1
TRBV20-1,TRBJ2-1,SASPGLARGANEQF,3
TRBV20-1,TRBJ2-1,SASPGLARLGQF,5
TRBV20-1,TRBJ2-1,SASPGLARNEQF,3
TRBV20-1,TRBJ2-1,SASPGLARNNEQF,1
TRBV20-1,TRBJ2-1,SASPGLARRLSYNEQF,1
TRBV20-1,TRBJ2-1,SASPGLARVKDNEQF,6
TRBV20-1,TRBJ2-1,SASPGLARWGSYNEQF,1
TRBV20-1,TRBJ2-1,SASPGLARYEQF,1
TRBV20-1,TRBJ2-1,SASPGLARYNEQF,1
TRBV20-1,TRBJ2-1,SASPGLARYSYNEQF,1
TRBV20-1,TRBJ2-1,SASPGLASDEQF,5
TRBV20-1,TRBJ2-1,SASPGLASEQF,1
TRBV20-1,TRBJ2-1,SASPGLASFNNEQF,1
TRBV20-1,TRBJ2-1,SASPGLASHEQF,3
TRBV20-1,TRBJ2-1,SASPGLASIYNEQF,1
TRBV20-1,TRBJ2-1,SASPGLASNEQF,13
TRBV20-1,TRBJ2-1,SASPGLASSSYNEQF,1
TRBV20-1,TRBJ2-1,SASPGLASSYNEQF,2
TRBV20-1,TRBJ2-1,SASPGLASTADYNEQF,5
TRBV20-1,TRBJ2-1,SASPGLASYNEQF,8
TRBV20-1,TRBJ2-1,SASPGLATDNEQF,1
TRBV20-1,TRBJ2-1,SASPGLATHEQF,1
TRBV20-1,TRBJ2-1,SASPGLATNEQF,13
TRBV20-1,TRBJ2-1,SASPGLATPEDEQF,1
TRBV20-1,TRBJ2-1,SASPGLATSFNEQF,1
TRBV20-1,TRBJ2-1,SASPGLATYNEQF,2
TRBV20-1,TRBJ2-1,SASPGLAVAYNEQF,1
TRBV20-1,TRBJ2-1,SASPGLAVGGEQF,4
TRBV20-1,TRBJ2-1,SASPGLAVKNEQF,2
TRBV20-1,TRBJ2-1,SASPGLAVNEQF,10
TRBV20-1,TRBJ2-1,SASPGLAVNNAQF,1
TRBV20-1,TRBJ2-1,SASPGLAVNNEQF,2
TRBV20-1,TRBJ2-1,SASPGLAVPNSYNEQF,1
TRBV20-1,TRBJ2-1,SASPGLAVPSSYNEQF,2
TRBV20-1,TRBJ2-1,SASPGLAVSSYNEQF,2
TRBV20-1,TRBJ2-1,SASPGLAVSYNEQF,1
TRBV20-1,TRBJ2-1,SASPGLAVTGSYNEQF,1
TRBV20-1,TRBJ2-1,SASPGLAVTRPRNEQF,1
TRBV20-1,TRBJ2-1,SASPGLAVTSYNEQF,1
TRBV20-1,TRBJ2-1,SASPGLAVYEQF,4
TRBV20-1,TRBJ2-1,SASPGLAVYNEQF,11
TRBV20-1,TRBJ2-1,SASPGLAWNEQF,2
TRBV20-1,TRBJ2-1,SASPGLAWVTRFDEQF,1
TRBV20-1,TRBJ2-1,SASPGLAYDEQF,1
TRBV20-1,TRBJ2-1,SASPGLAYEQF,7
TRBV20-1,TRBJ2-1,SASPGLAYIHYNEQF,1
TRBV20-1,TRBJ2-1,SASPGLAYNEQF,13
TRBV20-1,TRBJ2-1,SASPGLAYYNEQF,2
TRBV20-1,TRBJ2-1,SASPGLDARNEQF,1
TRBV20-1,TRBJ2-1,SASPGLDEQF,2
TRBV20-1,TRBJ2-1,SASPGLDGDEQF,1
TRBV20-1,TRBJ2-1,SASPGLDHNEQF,1
TRBV20-1,TRBJ2-1,SASPGLDIDEQF,1
TRBV20-1,TRBJ2-1,SASPGLDIPNEQF,1
TRBV20-1,TRBJ2-1,SASPGLDLDNEQF,1
TRBV20-1,TRBJ2-1,SASPGLDNEQF,2
TRBV20-1,TRBJ2-1,SASPGLDNNEQF,1
TRBV20-1,TRBJ2-1,SASPGLDQFSEPF,1
TRBV20-1,TRBJ2-1,SASPGLDTSSYNEQF,1
TRBV20-1,TRBJ2-1,SASPGLDWEQF,4
TRBV20-1,TRBJ2-1,SASPGLDYNEQF,1
TRBV20-1,TRBJ2-1,SASPGLEDEQF,1
TRBV20-1,TRBJ2-1,SASPGLEDNEQF,1
TRBV20-1,TRBJ2-1,SASPGLENEQF,2
TRBV20-1,TRBJ2-1,SASPGLENNEQF,2
TRBV20-1,TRBJ2-1,SASPGLEQF,2
TRBV20-1,TRBJ2-1,SASPGLERYNEQF,6
TRBV20-1,TRBJ2-1,SASPGLESYNEQF,3
TRBV20-1,TRBJ2-1,SASPGLEVNEQF,1
TRBV20-1,TRBJ2-1,SASPGLEVYNEQF,1
TRBV20-1,TRBJ2-1,SASPGLFDYNEQF,1
TRBV20-1,TRBJ2-1,SASPGLFNEQF,7
TRBV20-1,TRBJ2-1,SASPGLFYNEQF,9
TRBV20-1,TRBJ2-1,SASPGLGDIRYNEQF,1
TRBV20-1,TRBJ2-1,SASPGLGDNEQF,2
TRBV20-1,TRBJ2-1,SASPGLGFDDEQF,1
TRBV20-1,TRBJ2-1,SASPGLGFNEQF,2
TRBV20-1,TRBJ2-1,SASPGLGGGKVYNEQF,1
TRBV20-1,TRBJ2-1,SASPGLGGLYNEQF,1
TRBV20-1,TRBJ2-1,SASPGLGGNEQF,2
TRBV20-1,TRBJ2-1,SASPGLGHEQF,1
TRBV20-1,TRBJ2-1,SASPGLGHNEQF,1
TRBV20-1,TRBJ2-1,SASPGLGHSYNEQF,1
TRBV20-1,TRBJ2-1,SASPGLGKTNEQF,1
TRBV20-1,TRBJ2-1,SASPGLGLAFEDNEQF,1
TRBV20-1,TRBJ2-1,SASPGLGLDEQF,1
TRBV20-1,TRBJ2-1,SASPGLGLITYNEQF,1
TRBV20-1,TRBJ2-1,SASPGLGLLGNEQF,1
TRBV20-1,TRBJ2-1,SASPGLGLSSYNEQF,1
TRBV20-1,TRBJ2-1,SASPGLGLYNEQF,2
TRBV20-1,TRBJ2-1,SASPGLGMNEQF,1
TRBV20-1,TRBJ2-1,SASPGLGNEQF,7
TRBV20-1,TRBJ2-1,SASPGLGNHHYNEQF,1
TRBV20-1,TRBJ2-1,SASPGLGNNEQF,2
TRBV20-1,TRBJ2-1,SASPGLGPNEQF,1
TRBV20-1,TRBJ2-1,SASPGLGPPYNEQF,1
TRBV20-1,TRBJ2-1,SASPGLGPYNEQF,1
TRBV20-1,TRBJ2-1,SASPGLGRNEQF,6
TRBV20-1,TRBJ2-1,SASPGLGRPNEQF,1
TRBV20-1,TRBJ2-1,SASPGLGSDEQF,4
TRBV20-1,TRBJ2-1,SASPGLGSNEQF,1
TRBV20-1,TRBJ2-1,SASPGLGSQNEQF,1
TRBV20-1,TRBJ2-1,SASPGLGSYNEQF,7
TRBV20-1,TRBJ2-1,SASPGLGTGEQF,2
TRBV20-1,TRBJ2-1,SASPGLGTIRVYNEQF,1
TRBV20-1,TRBJ2-1,SASPGLGVDEQF,1
TRBV20-1,TRBJ2-1,SASPGLGVNEQF,2
TRBV20-1,TRBJ2-1,SASPGLGWRNEQF,1
TRBV20-1,TRBJ2-1,SASPGLGYEQF,4
TRBV20-1,TRBJ2-1,SASPGLGYNEQF,10
TRBV20-1,TRBJ2-1,SASPGLGYTEQF,1
TRBV20-1,TRBJ2-1,SASPGLHDPGNEQF,1
TRBV20-1,TRBJ2-1,SASPGLHEQF,1
TRBV20-1,TRBJ2-1,SASPGLHHYNEQF,1
TRBV20-1,TRBJ2-1,SASPGLHNEQF,1
TRBV20-1,TRBJ2-1,SASPGLHQNEQF,7
TRBV20-1,TRBJ2-1,SASPGLHRKDNEQF,1
TRBV20-1,TRBJ2-1,SASPGLIPYNEQF,1
TRBV20-1,TRBJ2-1,SASPGLIRNEQF,1
TRBV20-1,TRBJ2-1,SASPGLKAYNEQF,3
TRBV20-1,TRBJ2-1,SASPGLKGSYNEQF,1
TRBV20-1,TRBJ2-1,SASPGLKNEQF,3
TRBV20-1,TRBJ2-1,SASPGLKNSYNEQF,1
TRBV20-1,TRBJ2-1,SASPGLKSAYNEQF,1
TRBV20-1,TRBJ2-1,SASPGLKSSYNEQF,13
TRBV20-1,TRBJ2-1,SASPGLKYNEQF,1
TRBV20-1,TRBJ2-1,SASPGLLAGVTYNEQF,1
TRBV20-1,TRBJ2-1,SASPGLLALHSSYNEQF,5
TRBV20-1,TRBJ2-1,SASPGLLHGNEQF,1
TRBV20-1,TRBJ2-1,SASPGLLNEQF,1
TRBV20-1,TRBJ2-1,SASPGLLNNEQF,1
TRBV20-1,TRBJ2-1,SASPGLLNSYNEQF,3
TRBV20-1,TRBJ2-1,SASPGLLPYNEQF,2
TRBV20-1,TRBJ2-1,SASPGLLTLRNEQF,1
TRBV20-1,TRBJ2-1,SASPGLLTNEQF,1
TRBV20-1,TRBJ2-1,SASPGLLYNEQF,8
TRBV20-1,TRBJ2-1,SASPGLNEQF,3
TRBV20-1,TRBJ2-1,SASPGLNNEQF,11
TRBV20-1,TRBJ2-1,SASPGLNNNEQF,1
TRBV20-1,TRBJ2-1,SASPGLNYNEQF,5
TRBV20-1,TRBJ2-1,SASPGLPEYNEQF,1
TRBV20-1,TRBJ2-1,SASPGLPFLYNEQF,1
TRBV20-1,TRBJ2-1,SASPGLPIDEQF,1
TRBV20-1,TRBJ2-1,SASPGLPKSNEQF,1
TRBV20-1,TRBJ2-1,SASPGLPNEQF,1
TRBV20-1,TRBJ2-1,SASPGLPNGQF,1
TRBV20-1,TRBJ2-1,SASPGLPPNEQF,1
TRBV20-1,TRBJ2-1,SASPGLPRDNEQF,1
TRBV20-1,TRBJ2-1,SASPGLPSEAAYNEQF,1
TRBV20-1,TRBJ2-1,SASPGLPWEQF,4
TRBV20-1,TRBJ2-1,SASPGLPYEQF,2
TRBV20-1,TRBJ2-1,SASPGLPYNEQF,5
TRBV20-1,TRBJ2-1,SASPGLQNYNEQF,1
TRBV20-1,TRBJ2-1,SASPGLQPYNEQF,1
TRBV20-1,TRBJ2-1,SASPGLQTYNEQF,2
TRBV20-1,TRBJ2-1,SASPGLRDNEQF,1
TRBV20-1,TRBJ2-1,SASPGLRFNEQF,1
TRBV20-1,TRBJ2-1,SASPGLRGDEQF,1
TRBV20-1,TRBJ2-1,SASPGLRITGNEQF,1
TRBV20-1,TRBJ2-1,SASPGLRNEQF,1
TRBV20-1,TRBJ2-1,SASPGLRSYNEQF,1
TRBV20-1,TRBJ2-1,SASPGLRTNEQF,4
TRBV20-1,TRBJ2-1,SASPGLRTYNEQF,2
TRBV20-1,TRBJ2-1,SASPGLRYNEQF,1
TRBV20-1,TRBJ2-1,SASPGLSGNEQF,1
TRBV20-1,TRBJ2-1,SASPGLSGSRF,9
TRBV20-1,TRBJ2-1,SASPGLSGYNEQF,1
TRBV20-1,TRBJ2-1,SASPGLSLNEQF,1
TRBV20-1,TRBJ2-1,SASPGLSNNEQF,1
TRBV20-1,TRBJ2-1,SASPGLSSYNEQF,11
TRBV20-1,TRBJ2-1,SASPGLSTYNEQF,1
TRBV20-1,TRBJ2-1,SASPGLSYEQF,1
TRBV20-1,TRBJ2-1,SASPGLSYNEQF,26
TRBV20-1,TRBJ2-1,SASPGLSYTEQF,1
TRBV20-1,TRBJ2-1,SASPGLTPANEQF,1
TRBV20-1,TRBJ2-1,SASPGLTRANEQF,1
TRBV20-1,TRBJ2-1,SASPGLTRYNEQF,1
TRBV20-1,TRBJ2-1,SASPGLTYNEQF,6
TRBV20-1,TRBJ2-1,SASPGLVAHNEQF,1
TRBV20-1,TRBJ2-1,SASPGLVAYNEQF,1
TRBV20-1,TRBJ2-1,SASPGLVDEQF,7
TRBV20-1,TRBJ2-1,SASPGLVENEQF,1
TRBV20-1,TRBJ2-1,SASPGLVEVFSYNEQF,1
TRBV20-1,TRBJ2-1,SASPGLVFHNEQF,1
TRBV20-1,TRBJ2-1,SASPGLVFKHEQF,1
TRBV20-1,TRBJ2-1,SASPGLVFNEQF,1
TRBV20-1,TRBJ2-1,SASPGLVFRNEQF,1
TRBV20-1,TRBJ2-1,SASPGLVGGNEQF,1
TRBV20-1,TRBJ2-1,SASPGLVGGYNEQF,1
TRBV20-1,TRBJ2-1,SASPGLVGNEQF,1
TRBV20-1,TRBJ2-1,SASPGLVGSNEQF,2
TRBV20-1,TRBJ2-1,SASPGLVLHNEQF,1
TRBV20-1,TRBJ2-1,SASPGLVLVSYNEQF,1
TRBV20-1,TRBJ2-1,SASPGLVLYNEQF,1
TRBV20-1,TRBJ2-1,SASPGLVNEQF,3
TRBV20-1,TRBJ2-1,SASPGLVNNEQF,1
TRBV20-1,TRBJ2-1,SASPGLVPLNEQF,1
TRBV20-1,TRBJ2-1,SASPGLVPNEQF,1
TRBV20-1,TRBJ2-1,SASPGLVPYNEQF,1
TRBV20-1,TRBJ2-1,SASPGLVQNEQF,1
TRBV20-1,TRBJ2-1,SASPGLVRRYNEQF,1
TRBV20-1,TRBJ2-1,SASPGLVSHEQF,1
TRBV20-1,TRBJ2-1,SASPGLVSNEQF,2
TRBV20-1,TRBJ2-1,SASPGLVSYNEQF,20
TRBV20-1,TRBJ2-1,SASPGLVYNEQF,2
TRBV20-1,TRBJ2-1,SASPGLWDEQF,1
TRBV20-1,TRBJ2-1,SASPGLWVNEQF,4
TRBV20-1,TRBJ2-1,SASPGLYNEQF,12
TRBV20-1,TRBJ2-1,SASPGMGSYNEQF,1
TRBV20-1,TRBJ2-1,SASPGMGYGNEQF,1
TRBV20-1,TRBJ2-1,SASPGMGYNEQF,3
TRBV20-1,TRBJ2-1,SASPGMNYNEQF,3
TRBV20-1,TRBJ2-1,SASPGMSPYNEQF,1
TRBV20-1,TRBJ2-1,SASPGMSYNEQF,1
TRBV20-1,TRBJ2-1,SASPGMTYNEQF,6
TRBV20-1,TRBJ2-1,SASPGMYNEQF,1
TRBV20-1,TRBJ2-1,SASPGNAYNEQF,1
TRBV20-1,TRBJ2-1,SASPGNDWDEQF,1
TRBV20-1,TRBJ2-1,SASPGNEQF,59
TRBV20-1,TRBJ2-1,SASPGNFYNEQF,1
TRBV20-1,TRBJ2-1,SASPGNGHNEQF,2
TRBV20-1,TRBJ2-1,SASPGNGYNEQF,1
TRBV20-1,TRBJ2-1,SASPGNHFDEQF,1
TRBV20-1,TRBJ2-1,SASPGNIQSSEQF,6
TRBV20-1,TRBJ2-1,SASPGNKYNEQF,1
TRBV20-1,TRBJ2-1,SASPGNLAISYNEQF,1
TRBV20-1,TRBJ2-1,SASPGNMYNEQF,1
TRBV20-1,TRBJ2-1,SASPGNNEQF,8
TRBV20-1,TRBJ2-1,SASPGNREQF,1
TRBV20-1,TRBJ2-1,SASPGNSPINEQF,1
TRBV20-1,TRBJ2-1,SASPGNSYNEQF,6
TRBV20-1,TRBJ2-1,SASPGNTYNEQF,1
TRBV20-1,TRBJ2-1,SASPGNYNEQF,10
TRBV20-1,TRBJ2-1,SASPGPAASYNEQF,1
TRBV20-1,TRBJ2-1,SASPGPANDQF,1
TRBV20-1,TRBJ2-1,SASPGPANEQF,11
TRBV20-1,TRBJ2-1,SASPGPASNEQF,3
TRBV20-1,TRBJ2-1,SASPGPAYNEQF,2
TRBV20-1,TRBJ2-1,SASPGPDEQF,2
TRBV20-1,TRBJ2-1,SASPGPDNEQF,3
TRBV20-1,TRBJ2-1,SASPGPDYNEQF,1
TRBV20-1,TRBJ2-1,SASPGPEENEQF,1
TRBV20-1,TRBJ2-1,SASPGPEQF,7
TRBV20-1,TRBJ2-1,SASPGPFNEQF,1
TRBV20-1,TRBJ2-1,SASPGPFYNEQF,1
TRBV20-1,TRBJ2-1,SASPGPGGNEQF,1
TRBV20-1,TRBJ2-1,SASPGPGHNEQF,2
TRBV20-1,TRBJ2-1,SASPGPGLAAYNEQF,5
TRBV20-1,TRBJ2-1,SASPGPGNEQF,2
TRBV20-1,TRBJ2-1,SASPGPGREQF,4
TRBV20-1,TRBJ2-1,SASPGPGRYNEQF,1
TRBV20-1,TRBJ2-1,SASPGPGSVYEQF,1
TRBV20-1,TRBJ2-1,SASPGPGTSGTKGLYNEQF,1
TRBV20-1,TRBJ2-1,SASPGPGWNEQF,1
TRBV20-1,TRBJ2-1,SASPGPHADEQF,8
TRBV20-1,TRBJ2-1,SASPGPHNEQF,1
TRBV20-1,TRBJ2-1,SASPGPHPPNEQF,3
TRBV20-1,TRBJ2-1,SASPGPHVDEQF,1
TRBV20-1,TRBJ2-1,SASPGPI,4
TRBV20-1,TRBJ2-1,SASPGPIGLNEQF,1
TRBV20-1,TRBJ2-1,SASPGPINEQF,1
TRBV20-1,TRBJ2-1,SASPGPIPHEQF,1
TRBV20-1,TRBJ2-1,SASPGPKYNEQF,2
TRBV20-1,TRBJ2-1,SASPGPLGNEQF,1
TRBV20-1,TRBJ2-1,SASPGPLNEQF,5
TRBV20-1,TRBJ2-1,SASPGPLSMSQSIYNEQF,1
TRBV20-1,TRBJ2-1,SASPGPLSYNEQF,1
TRBV20-1,TRBJ2-1,SASPGPLTANEQF,1
TRBV20-1,TRBJ2-1,SASPGPLYNEQF,1
TRBV20-1,TRBJ2-1,SASPGPMSNEQF,1
TRBV20-1,TRBJ2-1,SASPGPNEQF,7
TRBV20-1,TRBJ2-1,SASPGPNHNEQF,4
TRBV20-1,TRBJ2-1,SASPGPNNEQF,3
TRBV20-1,TRBJ2-1,SASPGPNSYNEQF,1
TRBV20-1,TRBJ2-1,SASPGPNWGNEQF,1
TRBV20-1,TRBJ2-1,SASPGPNYNEQF,2
TRBV20-1,TRBJ2-1,SASPGPPNNEQF,1
TRBV20-1,TRBJ2-1,SASPGPPSYNEQF,1
TRBV20-1,TRBJ2-1,SASPGPQFNEQF,1
TRBV20-1,TRBJ2-1,SASPGPQGNEQF,1
TRBV20-1,TRBJ2-1,SASPGPQPDNEQF,2
TRBV20-1,TRBJ2-1,SASPGPQQF,1
TRBV20-1,TRBJ2-1,SASPGPQRGEQF,3
TRBV20-1,TRBJ2-1,SASPGPQRNEQF,1
TRBV20-1,TRBJ2-1,SASPGPQSYNEQF,6
TRBV20-1,TRBJ2-1,SASPGPQVILEQF,4
TRBV20-1,TRBJ2-1,SASPGPRDEQF,1
TRBV20-1,TRBJ2-1,SASPGPRIHEQF,1
TRBV20-1,TRBJ2-1,SASPGPRPTNEQF,5
TRBV20-1,TRBJ2-1,SASPGPRRNEQF,1
TRBV20-1,TRBJ2-1,SASPGPRSYNEQF,1
TRBV20-1,TRBJ2-1,SASPGPRWHEQF,1
TRBV20-1,TRBJ2-1,SASPGPRYNEQF,2
TRBV20-1,TRBJ2-1,SASPGPSDNEQF,1
TRBV20-1,TRBJ2-1,SASPGPSNEQF,2
TRBV20-1,TRBJ2-1,SASPGPSPRNEQF,1
TRBV20-1,TRBJ2-1,SASPGPSQNEQF,1
TRBV20-1,TRBJ2-1,SASPGPSSYNEQF,23
TRBV20-1,TRBJ2-1,SASPGPSWNEQF,1
TRBV20-1,TRBJ2-1,SASPGPSYNEQF,10
TRBV20-1,TRBJ2-1,SASPGPSYPPPYNEQF,1
TRBV20-1,TRBJ2-1,SASPGPTAQGPYNEQF,1
TRBV20-1,TRBJ2-1,SASPGPTKNNEQF,1
TRBV20-1,TRBJ2-1,SASPGPTKPRWDEQF,1
TRBV20-1,TRBJ2-1,SASPGPTKYNEQF,1
TRBV20-1,TRBJ2-1,SASPGPTSNEQF,1
TRBV20-1,TRBJ2-1,SASPGPTYNEQF,1
TRBV20-1,TRBJ2-1,SASPGPVAEQF,4
TRBV20-1,TRBJ2-1,SASPGPVFIYNEQF,1
TRBV20-1,TRBJ2-1,SASPGPVNEQF,1
TRBV20-1,TRBJ2-1,SASPGPVPYNEQF,1
TRBV20-1,TRBJ2-1,SASPGPYEQF,1
TRBV20-1,TRBJ2-1,SASPGPYNEQF,22
TRBV20-1,TRBJ2-1,SASPGQAAYNEQF,1
TRBV20-1,TRBJ2-1,SASPGQAHNEQF,1
TRBV20-1,TRBJ2-1,SASPGQAPYNEQF,1
TRBV20-1,TRBJ2-1,SASPGQASWNEQF,1
TRBV20-1,TRBJ2-1,SASPGQATPYNEQF,1
TRBV20-1,TRBJ2-1,SASPGQAYNEQF,2
TRBV20-1,TRBJ2-1,SASPGQAYSNEQF,1
TRBV20-1,TRBJ2-1,SASPGQDNNEQF,1
TRBV20-1,TRBJ2-1,SASPGQDPNEQF,1
TRBV20-1,TRBJ2-1,SASPGQDSYNEQF,6
TRBV20-1,TRBJ2-1,SASPGQDTYNEQF,1
TRBV20-1,TRBJ2-1,SASPGQDVYNEQF,9
TRBV20-1,TRBJ2-1,SASPGQENNEQF,1
TRBV20-1,TRBJ2-1,SASPGQFFYNEQF,1
TRBV20-1,TRBJ2-1,SASPGQFNEQF,3
TRBV20-1,TRBJ2-1,SASPGQGADEQF,1
TRBV20-1,TRBJ2-1,SASPGQGAGEQF,3
TRBV20-1,TRBJ2-1,SASPGQGALDEQF,4
TRBV20-1,TRBJ2-1,SASPGQGALGLYRNEQF,1
TRBV20-1,TRBJ2-1,SASPGQGALYEQF,1
TRBV20-1,TRBJ2-1,SASPGQGANEQF,11
TRBV20-1,TRBJ2-1,SASPGQGANEQS,1
TRBV20-1,TRBJ2-1,SASPGQGARGTSGIYNEQF,1
TRBV20-1,TRBJ2-1,SASPGQGARRPSYNEQF,1
TRBV20-1,TRBJ2-1,SASPGQGASGSLGNEQF,1
TRBV20-1,TRBJ2-1,SASPGQGASYNEQF,1
TRBV20-1,TRBJ2-1,SASPGQGATGNEQF,1
TRBV20-1,TRBJ2-1,SASPGQGAYEQF,1
TRBV20-1,TRBJ2-1,SASPGQGAYNEQF,3
TRBV20-1,TRBJ2-1,SASPGQGDNEQF,2
TRBV20-1,TRBJ2-1,SASPGQGDNNEQF,1
TRBV20-1,TRBJ2-1,SASPGQGENEQF,1
TRBV20-1,TRBJ2-1,SASPGQGFEQF,1
TRBV20-1,TRBJ2-1,SASPGQGFGNEQF,1
TRBV20-1,TRBJ2-1,SASPGQGFKNEQF,1
TRBV20-1,TRBJ2-1,SASPGQGFKRESRNEQF,4
TRBV20-1,TRBJ2-1,SASPGQGFNEQF,1
TRBV20-1,TRBJ2-1,SASPGQGFYNEQF,2
TRBV20-1,TRBJ2-1,SASPGQGGFRDSYNEQF,1
TRBV20-1,TRBJ2-1,SASPGQGGGEQF,1
TRBV20-1,TRBJ2-1,SASPGQGGHNEQF,1
TRBV20-1,TRBJ2-1,SASPGQGGNEQF,4
TRBV20-1,TRBJ2-1,SASPGQGGPHEQF,1
TRBV20-1,TRBJ2-1,SASPGQGGSNEQF,1
TRBV20-1,TRBJ2-1,SASPGQGGYNEQF,2
TRBV20-1,TRBJ2-1,SASPGQGHNEQF,1
TRBV20-1,TRBJ2-1,SASPGQGIHEQF,1
TRBV20-1,TRBJ2-1,SASPGQGIISYNEQF,1
TRBV20-1,TRBJ2-1,SASPGQGINEQF,3
TRBV20-1,TRBJ2-1,SASPGQGISYNEQF,1
TRBV20-1,TRBJ2-1,SASPGQGITYNEQF,1
TRBV20-1,TRBJ2-1,SASPGQGIYNEQF,3
TRBV20-1,TRBJ2-1,SASPGQGKLSSYNEQF,7
TRBV20-1,TRBJ2-1,SASPGQGKNEQF,1
TRBV20-1,TRBJ2-1,SASPGQGKPSGNEQF,1
TRBV20-1,TRBJ2-1,SASPGQGLDEQF,1
TRBV20-1,TRBJ2-1,SASPGQGLLEAPNNEQF,1
TRBV20-1,TRBJ2-1,SASPGQGLLYNEQF,1
TRBV20-1,TRBJ2-1,SASPGQGLNEQF,5
TRBV20-1,TRBJ2-1,SASPGQGLPYNEQF,1
TRBV20-1,TRBJ2-1,SASPGQGLYNEQF,2
TRBV20-1,TRBJ2-1,SASPGQGNEQF,5
TRBV20-1,TRBJ2-1,SASPGQGNNEQF,2
TRBV20-1,TRBJ2-1,SASPGQGPSGSLNEQF,1
TRBV20-1,TRBJ2-1,SASPGQGPYEQF,2
TRBV20-1,TRBJ2-1,SASPGQGPYNEQF,1
TRBV20-1,TRBJ2-1,SASPGQGRDEQF,1
TRBV20-1,TRBJ2-1,SASPGQGRGSNEQF,1
TRBV20-1,TRBJ2-1,SASPGQGRNEQF,2
TRBV20-1,TRBJ2-1,SASPGQGRSYNEQF,2
TRBV20-1,TRBJ2-1,SASPGQGRYEQF,1
TRBV20-1,TRBJ2-1,SASPGQGRYNEQF,1
TRBV20-1,TRBJ2-1,SASPGQGSGNEQF,1
TRBV20-1,TRBJ2-1,SASPGQGSIDEQF,1
TRBV20-1,TRBJ2-1,SASPGQGSNEQF,2
TRBV20-1,TRBJ2-1,SASPGQGSYNEQF,4
TRBV20-1,TRBJ2-1,SASPGQGTAAYNEQF,1
TRBV20-1,TRBJ2-1,SASPGQGTRNEQF,2
TRBV20-1,TRBJ2-1,SASPGQGTSGNQLRSYNEQF,1
TRBV20-1,TRBJ2-1,SASPGQGTWNEQF,1
TRBV20-1,TRBJ2-1,SASPGQGVFRSYNEQF,1
TRBV20-1,TRBJ2-1,SASPGQGVYNEQF,2
TRBV20-1,TRBJ2-1,SASPGQGWGEQF,3
TRBV20-1,TRBJ2-1,SASPGQGWGNEQF,1
TRBV20-1,TRBJ2-1,SASPGQGWHEQF,1
TRBV20-1,TRBJ2-1,SASPGQGYDEQF,1
TRBV20-1,TRBJ2-1,SASPGQGYEQF,4
TRBV20-1,TRBJ2-1,SASPGQGYNEQF,15
TRBV20-1,TRBJ2-1,SASPGQHNEQF,1
TRBV20-1,TRBJ2-1,SASPGQHSYNEQF,1
TRBV20-1,TRBJ2-1,SASPGQIYNEQF,1
TRBV20-1,TRBJ2-1,SASPGQKNNEQF,1
TRBV20-1,TRBJ2-1,SASPGQKSYNEQF,1
TRBV20-1,TRBJ2-1,SASPGQKYNEQF,1
TRBV20-1,TRBJ2-1,SASPGQLAGEFDEQF,2
TRBV20-1,TRBJ2-1,SASPGQLFNEQF,1
TRBV20-1,TRBJ2-1,SASPGQLFSYNEQF,1
TRBV20-1,TRBJ2-1,SASPGQLHPNEQF,1
TRBV20-1,TRBJ2-1,SASPGQLKHNEQF,1
TRBV20-1,TRBJ2-1,SASPGQLNEQF,1
TRBV20-1,TRBJ2-1,SASPGQLPYKERF,1
TRBV20-1,TRBJ2-1,SASPGQLSNDEQF,2
TRBV20-1,TRBJ2-1,SASPGQLTYNEQF,1
TRBV20-1,TRBJ2-1,SASPGQLYNELF,3
TRBV20-1,TRBJ2-1,SASPGQLYNEQF,5
TRBV20-1,TRBJ2-1,SASPGQNLNEHF,1
TRBV20-1,TRBJ2-1,SASPGQNLNEQF,13
TRBV20-1,TRBJ2-1,SASPGQNNEQF,1
TRBV20-1,TRBJ2-1,SASPGQNYNEQF,2
TRBV20-1,TRBJ2-1,SASPGQPISYNEQF,1
TRBV20-1,TRBJ2-1,SASPGQPNEQF,1
TRBV20-1,TRBJ2-1,SASPGQQAYNEQF,1
TRBV20-1,TRBJ2-1,SASPGQQEGYNEQF,1
TRBV20-1,TRBJ2-1,SASPGQQISNEQF,1
TRBV20-1,TRBJ2-1,SASPGQQNSYNEQF,1
TRBV20-1,TRBJ2-1,SASPGQRDAEQF,2
TRBV20-1,TRBJ2-1,SASPGQRDNEQF,2
TRBV20-1,TRBJ2-1,SASPGQRDTESSYNEQF,1
TRBV20-1,TRBJ2-1,SASPGQRGTYNEQF,1
TRBV20-1,TRBJ2-1,SASPGQRIYNEQF,1
TRBV20-1,TRBJ2-1,SASPGQRNEQF,1
TRBV20-1,TRBJ2-1,SASPGQRPPYNEQF,1
TRBV20-1,TRBJ2-1,SASPGQRRSYNEQF,4
TRBV20-1,TRBJ2-1,SASPGQRTYNEQF,1
TRBV20-1,TRBJ2-1,SASPGQRYNEQF,14
TRBV20-1,TRBJ2-1,SASPGQSIHEQF,1
TRBV20-1,TRBJ2-1,SASPGQSSYNEQF,6
TRBV20-1,TRBJ2-1,SASPGQSYNEQF,2
TRBV20-1,TRBJ2-1,SASPGQSYYNEQF,1
TRBV20-1,TRBJ2-1,SASPGQTNEQF,1
TRBV20-1,TRBJ2-1,SASPGQTYNEQF,4
TRBV20-1,TRBJ2-1,SASPGQVFNEQF,1
TRBV20-1,TRBJ2-1,SASPGQVGNEQF,1
TRBV20-1,TRBJ2-1,SASPGQVHNEQF,6
TRBV20-1,TRBJ2-1,SASPGQVHYNDQF,1
TRBV20-1,TRBJ2-1,SASPGQVPDNEQF,2
TRBV20-1,TRBJ2-1,SASPGQVPHNEQF,2
TRBV20-1,TRBJ2-1,SASPGQVPYHEQF,1
TRBV20-1,TRBJ2-1,SASPGQVPYKEQF,2
TRBV20-1,TRBJ2-1,SASPGQVPYNAQF,1
TRBV20-1,TRBJ2-1,SASPGQVPYNDQF,1
TRBV20-1,TRBJ2-1,SASPGQVPYNEHV,1
TRBV20-1,TRBJ2-1,SASPGQVPYNEPV,1
TRBV20-1,TRBJ2-1,SASPGQVPYNEQC,1
TRBV20-1,TRBJ2-1,SASPGQVPYNEQF,169
TRBV20-1,TRBJ2-1,SASPGQVPYNEQL,2
TRBV20-1,TRBJ2-1,SASPGQVPYNGQF,1
TRBV20-1,TRBJ2-1,SASPGQVPYNKQF,2
TRBV20-1,TRBJ2-1,SASPGQVPYNVQF,1
TRBV20-1,TRBJ2-1,SASPGQVPYNYQY,1
TRBV20-1,TRBJ2-1,SASPGQVPYSEQF,1
TRBV20-1,TRBJ2-1,SASPGQVRNNEQF,1
TRBV20-1,TRBJ2-1,SASPGQVSYNEQF,2
TRBV20-1,TRBJ2-1,SASPGQVTYNEQF,2
TRBV20-1,TRBJ2-1,SASPGQVYNEQF,4
TRBV20-1,TRBJ2-1,SASPGQWGDEQF,1
TRBV20-1,TRBJ2-1,SASPGQWSNEQF,1
TRBV20-1,TRBJ2-1,SASPGQYNEQF,4
TRBV20-1,TRBJ2-1,SASPGQYPNEQF,5
TRBV20-1,TRBJ2-1,SASPGQYSHYHSYNEQF,1
TRBV20-1,TRBJ2-1,SASPGQYYNEQF,2
TRBV20-1,TRBJ2-1,SASPGRAAQF,1
TRBV20-1,TRBJ2-1,SASPGRADHNEQF,1
TRBV20-1,TRBJ2-1,SASPGRADNEQF,1
TRBV20-1,TRBJ2-1,SASPGRAGDEQF,2
TRBV20-1,TRBJ2-1,SASPGRAGFDEQF,1
TRBV20-1,TRBJ2-1,SASPGRAGNAYNEQF,2
TRBV20-1,TRBJ2-1,SASPGRAGYNEQF,1
TRBV20-1,TRBJ2-1,SASPGRAHNEQF,1
TRBV20-1,TRBJ2-1,SASPGRAINEQF,1
TRBV20-1,TRBJ2-1,SASPGRALDNEQF,20
TRBV20-1,TRBJ2-1,SASPGRALHEQF,4
TRBV20-1,TRBJ2-1,SASPGRAMYEQF,1
TRBV20-1,TRBJ2-1,SASPGRAPNEQF,1
TRBV20-1,TRBJ2-1,SASPGRAPPVDEQF,1
TRBV20-1,TRBJ2-1,SASPGRAPYNEQF,2
TRBV20-1,TRBJ2-1,SASPGRARNEHF,1
TRBV20-1,TRBJ2-1,SASPGRARNEQF,1
TRBV20-1,TRBJ2-1,SASPGRASNEQF,2
TRBV20-1,TRBJ2-1,SASPGRASYNEQF,4
TRBV20-1,TRBJ2-1,SASPGRATYNEQF,2
TRBV20-1,TRBJ2-1,SASPGRAVNEQF,1
TRBV20-1,TRBJ2-1,SASPGRAYNEQF,5
TRBV20-1,TRBJ2-1,SASPGRDEQF,1
TRBV20-1,TRBJ2-1,SASPGRDNEQF,3
TRBV20-1,TRBJ2-1,SASPGRDRSSYNEQF,1
TRBV20-1,TRBJ2-1,SASPGRDSYNEQF,1
TRBV20-1,TRBJ2-1,SASPGRDVYNEQF,1
TRBV20-1,TRBJ2-1,SASPGRDYNEQF,1
TRBV20-1,TRBJ2-1,SASPGREGNEQF,1
TRBV20-1,TRBJ2-1,SASPGREGSF,12
TRBV20-1,TRBJ2-1,SASPGREGTYNEQF,1
TRBV20-1,TRBJ2-1,SASPGRESKNEQF,1
TRBV20-1,TRBJ2-1,SASPGRESSYNEQF,1
TRBV20-1,TRBJ2-1,SASPGRESYNEQF,1
TRBV20-1,TRBJ2-1,SASPGRFFNEQF,1
TRBV20-1,TRBJ2-1,SASPGRFRNEQF,4
TRBV20-1,TRBJ2-1,SASPGRFYNEQF,1
TRBV20-1,TRBJ2-1,SASPGRGDTNEQF,1
TRBV20-1,TRBJ2-1,SASPGRGDYNEQF,1
TRBV20-1,TRBJ2-1,SASPGRGFYNEQF,1
TRBV20-1,TRBJ2-1,SASPGRGGANQGQYNEQF,1
TRBV20-1,TRBJ2-1,SASPGRGGHNEQF,1
TRBV20-1,TRBJ2-1,SASPGRGGKYNEQF,1
TRBV20-1,TRBJ2-1,SASPGRGGNEQF,1
TRBV20-1,TRBJ2-1,SASPGRGGRYNEQF,4
TRBV20-1,TRBJ2-1,SASPGRGGVNEQF,1
TRBV20-1,TRBJ2-1,SASPGRGGYNEQF,2
TRBV20-1,TRBJ2-1,SASPGRGNEQF,2
TRBV20-1,TRBJ2-1,SASPGRGNNEQF,2
TRBV20-1,TRBJ2-1,SASPGRGPSYNEQF,1
TRBV20-1,TRBJ2-1,SASPGRGPYNEQF,3
TRBV20-1,TRBJ2-1,SASPGRGRAGNEQF,2
TRBV20-1,TRBJ2-1,SASPGRGRDEQF,1
TRBV20-1,TRBJ2-1,SASPGRGRFWDNEQF,1
TRBV20-1,TRBJ2-1,SASPGRGRSI,16
TRBV20-1,TRBJ2-1,SASPGRGRSS,1
TRBV20-1,TRBJ2-1,SASPGRGSNEQF,1
TRBV20-1,TRBJ2-1,SASPGRGSYNEQF,3
TRBV20-1,TRBJ2-1,SASPGRGYEQF,1
TRBV20-1,TRBJ2-1,SASPGRGYLGNEQF,1
TRBV20-1,TRBJ2-1,SASPGRGYNAQF,1
TRBV20-1,TRBJ2-1,SASPGRGYNEPF,1
TRBV20-1,TRBJ2-1,SASPGRGYNEQF,78
TRBV20-1,TRBJ2-1,SASPGRGYYNEQF,1
TRBV20-1,TRBJ2-1,SASPGRHINNEQF,1
TRBV20-1,TRBJ2-1,SASPGRHNNEQF,4
TRBV20-1,TRBJ2-1,SASPGRIDNEQF,1
TRBV20-1,TRBJ2-1,SASPGRIRSNEQF,1
TRBV20-1,TRBJ2-1,SASPGRISYNEQF,1
TRBV20-1,TRBJ2-1,SASPGRIYNEQF,1
TRBV20-1,TRBJ2-1,SASPGRKGSRYNEQF,1
TRBV20-1,TRBJ2-1,SASPGRKYNEQF,1
TRBV20-1,TRBJ2-1,SASPGRLAAYNEQF,1
TRBV20-1,TRBJ2-1,SASPGRLAGGNEQF,4
TRBV20-1,TRBJ2-1,SASPGRLAGGTAYNEQF,1
TRBV20-1,TRBJ2-1,SASPGRLDNEQF,1
TRBV20-1,TRBJ2-1,SASPGRLKNEQF,1
TRBV20-1,TRBJ2-1,SASPGRLSYNEQF,1
TRBV20-1,TRBJ2-1,SASPGRLWESYYNEQF,1
TRBV20-1,TRBJ2-1,SASPGRLYNEQF,1
TRBV20-1,TRBJ2-1,SASPGRMDNEQF,1
TRBV20-1,TRBJ2-1,SASPGRMYNEQF,1
TRBV20-1,TRBJ2-1,SASPGRNEQF,10
TRBV20-1,TRBJ2-1,SASPGRNLYNEQF,1
TRBV20-1,TRBJ2-1,SASPGRNNEQF,2
TRBV20-1,TRBJ2-1,SASPGRNYNEQF,3
TRBV20-1,TRBJ2-1,SASPGRPDNEQF,1
TRBV20-1,TRBJ2-1,SASPGRPSSYNEQF,1
TRBV20-1,TRBJ2-1,SASPGRPYNAQF,1
TRBV20-1,TRBJ2-1,SASPGRPYNEQF,1
TRBV20-1,TRBJ2-1,SASPGRQDYNEQF,1
TRBV20-1,TRBJ2-1,SASPGRQGAYNEQF,1
TRBV20-1,TRBJ2-1,SASPGRQGSEQF,1
TRBV20-1,TRBJ2-1,SASPGRQNNEQF,1
TRBV20-1,TRBJ2-1,SASPGRQTSGYNEQF,3
TRBV20-1,TRBJ2-1,SASPGRRDYNEQF,2
TRBV20-1,TRBJ2-1,SASPGRRGNEQF,1
TRBV20-1,TRBJ2-1,SASPGRRIYNEQF,1
TRBV20-1,TRBJ2-1,SASPGRRLAGEHEQF,1
TRBV20-1,TRBJ2-1,SASPGRRLFTYNEQF,1
TRBV20-1,TRBJ2-1,SASPGRRTYNEQF,1
TRBV20-1,TRBJ2-1,SASPGRSGWYNEQF,1
TRBV20-1,TRBJ2-1,SASPGRSPYNEQF,1
TRBV20-1,TRBJ2-1,SASPGRSSYNEQF,7
TRBV20-1,TRBJ2-1,SASPGRSYNEKQF,3
TRBV20-1,TRBJ2-1,SASPGRSYNEQF,3
TRBV20-1,TRBJ2-1,SASPGRSYYNEQF,1
TRBV20-1,TRBJ2-1,SASPGRTDEQF,1
TRBV20-1,TRBJ2-1,SASPGRTSYNEQF,1
TRBV20-1,TRBJ2-1,SASPGRTVNNEQF,1
TRBV20-1,TRBJ2-1,SASPGRTWSYNEQF,1
TRBV20-1,TRBJ2-1,SASPGRTYNEQF,6
TRBV20-1,TRBJ2-1,SASPGRVAGYNEQF,1
TRBV20-1,TRBJ2-1,SASPGRVGNEQF,2
TRBV20-1,TRBJ2-1,SASPGRVNEQF,1
TRBV20-1,TRBJ2-1,SASPGRVSSYNEQF,3
TRBV20-1,TRBJ2-1,SASPGRVWNEQF,1
TRBV20-1,TRBJ2-1,SASPGRVYNAQF,1
TRBV20-1,TRBJ2-1,SASPGRVYNEQF,17
TRBV20-1,TRBJ2-1,SASPGRWHEQF,1
TRBV20-1,TRBJ2-1,SASPGRYEQF,2
TRBV20-1,TRBJ2-1,SASPGRYNEQF,2
TRBV20-1,TRBJ2-1,SASPGRYSNEQF,1
TRBV20-1,TRBJ2-1,SASPGSAGSYNEQF,1
TRBV20-1,TRBJ2-1,SASPGSAGTSGYEQF,1
TRBV20-1,TRBJ2-1,SASPGSAGVYNEQF,1
TRBV20-1,TRBJ2-1,SASPGSANYNEQF,5
TRBV20-1,TRBJ2-1,SASPGSAYNEQF,9
TRBV20-1,TRBJ2-1,SASPGSDHNEQF,1
TRBV20-1,TRBJ2-1,SASPGSDNEQF,1
TRBV20-1,TRBJ2-1,SASPGSDYNEQF,3
TRBV20-1,TRBJ2-1,SASPGSEFYNEQF,1
TRBV20-1,TRBJ2-1,SASPGSEGNEQF,1
TRBV20-1,TRBJ2-1,SASPGSENEQF,1
TRBV20-1,TRBJ2-1,SASPGSERF,1
TRBV20-1,TRBJ2-1,SASPGSESYNEQF,1
TRBV20-1,TRBJ2-1,SASPGSEVYNEQF,1
TRBV20-1,TRBJ2-1,SASPGSFGMIYNEQF,1
TRBV20-1,TRBJ2-1,SASPGSFNNEQF,1
TRBV20-1,TRBJ2-1,SASPGSFYNEQF,1
TRBV20-1,TRBJ2-1,SASPGSGAHEQF,1
TRBV20-1,TRBJ2-1,SASPGSGDYNEQF,1
TRBV20-1,TRBJ2-1,SASPGSGEVDEQF,1
TRBV20-1,TRBJ2-1,SASPGSGFYNEQF,1
TRBV20-1,TRBJ2-1,SASPGSGGFNEQF,1
TRBV20-1,TRBJ2-1,SASPGSGGNEQF,8
TRBV20-1,TRBJ2-1,SASPGSGGRGLNEQF,1
TRBV20-1,TRBJ2-1,SASPGSGGRNEQF,1
TRBV20-1,TRBJ2-1,SASPGSGGSYNEQF,1
TRBV20-1,TRBJ2-1,SASPGSGGYNEQF,4
TRBV20-1,TRBJ2-1,SASPGSGKDNEQF,1
TRBV20-1,TRBJ2-1,SASPGSGLYNEQF,2
TRBV20-1,TRBJ2-1,SASPGSGNNEQF,1
TRBV20-1,TRBJ2-1,SASPGSGNSNEQF,1
TRBV20-1,TRBJ2-1,SASPGSGNSYEQF,1
TRBV20-1,TRBJ2-1,SASPGSGPQNEQF,1
TRBV20-1,TRBJ2-1,SASPGSGRAGNEQF,1
TRBV20-1,TRBJ2-1,SASPGSGRAWYNEQF,1
TRBV20-1,TRBJ2-1,SASPGSGRDNEQF,1
TRBV20-1,TRBJ2-1,SASPGSGRDYNEQF,1
TRBV20-1,TRBJ2-1,SASPGSGREEWKDEQF,4
TRBV20-1,TRBJ2-1,SASPGSGRENEQF,1
TRBV20-1,TRBJ2-1,SASPGSGREYNEQF,1
TRBV20-1,TRBJ2-1,SASPGSGRFNEQF,1
TRBV20-1,TRBJ2-1,SASPGSGRGFGEQF,1
TRBV20-1,TRBJ2-1,SASPGSGRNEQF,3
TRBV20-1,TRBJ2-1,SASPGSGRRHEQF,1
TRBV20-1,TRBJ2-1,SASPGSGRSYNEQF,1
TRBV20-1,TRBJ2-1,SASPGSGSSYNEQF,5
TRBV20-1,TRBJ2-1,SASPGSGSYNEQF,6
TRBV20-1,TRBJ2-1,SASPGSGTNEQF,1
TRBV20-1,TRBJ2-1,SASPGSGTSGRARENEQF,1
TRBV20-1,TRBJ2-1,SASPGSGVYNEQF,1
TRBV20-1,TRBJ2-1,SASPGSGYNEQF,5
TRBV20-1,TRBJ2-1,SASPGSGYNNEQF,13
TRBV20-1,TRBJ2-1,SASPGSGYNNEQS,1
TRBV20-1,TRBJ2-1,SASPGSHNEQF,3
TRBV20-1,TRBJ2-1,SASPGSIEQC,1
TRBV20-1,TRBJ2-1,SASPGSIEQF,6
TRBV20-1,TRBJ2-1,SASPGSKIHEQF,6
TRBV20-1,TRBJ2-1,SASPGSKNEQF,2
TRBV20-1,TRBJ2-1,SASPGSLAHNEQF,1
TRBV20-1,TRBJ2-1,SASPGSLIYNEQF,1
TRBV20-1,TRBJ2-1,SASPGSLLAGGNEQF,1
TRBV20-1,TRBJ2-1,SASPGSLPYNEQF,1
TRBV20-1,TRBJ2-1,SASPGSLSYNEQF,2
TRBV20-1,TRBJ2-1,SASPGSLTNEQF,3
TRBV20-1,TRBJ2-1,SASPGSLYNEQF,5
TRBV20-1,TRBJ2-1,SASPGSNEQF,4
TRBV20-1,TRBJ2-1,SASPGSNNEQF,5
TRBV20-1,TRBJ2-1,SASPGSPAYNEQF,1
TRBV20-1,TRBJ2-1,SASPGSPTYNEQF,1
TRBV20-1,TRBJ2-1,SASPGSPYNEQF,1
TRBV20-1,TRBJ2-1,SASPGSQDQF,2
TRBV20-1,TRBJ2-1,SASPGSQFSYNEQF,1
TRBV20-1,TRBJ2-1,SASPGSQNYNEQF,1
TRBV20-1,TRBJ2-1,SASPGSRGDDEQF,1
TRBV20-1,TRBJ2-1,SASPGSRGEQF,9
TRBV20-1,TRBJ2-1,SASPGSRNEQF,1
TRBV20-1,TRBJ2-1,SASPGSRPSYNEQF,1
TRBV20-1,TRBJ2-1,SASPGSRQF,4
TRBV20-1,TRBJ2-1,SASPGSRSYNEQF,3
TRBV20-1,TRBJ2-1,SASPGSRTNNEQF,1
TRBV20-1,TRBJ2-1,SASPGSRTYNEQF,1
TRBV20-1,TRBJ2-1,SASPGSRYEQF,2
TRBV20-1,TRBJ2-1,SASPGSSAYNEQF,1
TRBV20-1,TRBJ2-1,SASPGSSGINEQF,1
TRBV20-1,TRBJ2-1,SASPGSSGNNEQF,3
TRBV20-1,TRBJ2-1,SASPGSSGSPYNEQF,1
TRBV20-1,TRBJ2-1,SASPGSSPYNEQF,1
TRBV20-1,TRBJ2-1,SASPGSSSNEQF,1
TRBV20-1,TRBJ2-1,SASPGSSSYNEQF,5
TRBV20-1,TRBJ2-1,SASPGSSVSNELF,1
TRBV20-1,TRBJ2-1,SASPGSSVYNEQF,1
TRBV20-1,TRBJ2-1,SASPGSSYNEQF,101
TRBV20-1,TRBJ2-1,SASPGSSYNERF,1
TRBV20-1,TRBJ2-1,SASPGSTFFFNEQF,1
TRBV20-1,TRBJ2-1,SASPGSTGNEQF,1
TRBV20-1,TRBJ2-1,SASPGSTHEQF,1
TRBV20-1,TRBJ2-1,SASPGSTYNEQF,6
TRBV20-1,TRBJ2-1,SASPGSVHNEQF,1
TRBV20-1,TRBJ2-1,SASPGSVLNEQF,1
TRBV20-1,TRBJ2-1,SASPGSVRNEQF,1
TRBV20-1,TRBJ2-1,SASPGSVYNEQF,1
TRBV20-1,TRBJ2-1,SASPGSYNEQF,94
TRBV20-1,TRBJ2-1,SASPGSYNVQF,1
TRBV20-1,TRBJ2-1,SASPGSYSYNEQF,9
TRBV20-1,TRBJ2-1,SASPGSYYNEQF,1
TRBV20-1,TRBJ2-1,SASPGTAERYNERF,1
TRBV20-1,TRBJ2-1,SASPGTAGNEQF,1
TRBV20-1,TRBJ2-1,SASPGTAKNEQF,1
TRBV20-1,TRBJ2-1,SASPGTALNEQF,1
TRBV20-1,TRBJ2-1,SASPGTANEQF,1
TRBV20-1,TRBJ2-1,SASPGTANNEQF,2
TRBV20-1,TRBJ2-1,SASPGTAPNEQF,4
TRBV20-1,TRBJ2-1,SASPGTARDYNEQF,1
TRBV20-1,TRBJ2-1,SASPGTAYNEQF,3
TRBV20-1,TRBJ2-1,SASPGTAYYNEQF,2
TRBV20-1,TRBJ2-1,SASPGTDNNEQF,1
TRBV20-1,TRBJ2-1,SASPGTDSYNEQF,4
TRBV20-1,TRBJ2-1,SASPGTDTYNEQF,1
TRBV20-1,TRBJ2-1,SASPGTDYNEHF,2
TRBV20-1,TRBJ2-1,SASPGTDYNEQF,4
TRBV20-1,TRBJ2-1,SASPGTDYYNEQF,3
TRBV20-1,TRBJ2-1,SASPGTEAFNEQF,1
TRBV20-1,TRBJ2-1,SASPGTEALRYNEQF,1
TRBV20-1,TRBJ2-1,SASPGTEAYNEQF,1
TRBV20-1,TRBJ2-1,SASPGTEEHNEQF,1
TRBV20-1,TRBJ2-1,SASPGTEERNEQF,1
TRBV20-1,TRBJ2-1,SASPGTEIWTRGRAGDEQF,1
TRBV20-1,TRBJ2-1,SASPGTEIWTSGRAGDEQF,1
TRBV20-1,TRBJ2-1,SASPGTENNEQF,1
TRBV20-1,TRBJ2-1,SASPGTESYNEQF,1
TRBV20-1,TRBJ2-1,SASPGTETYNEQF,6
TRBV20-1,TRBJ2-1,SASPGTFFYNEQF,1
TRBV20-1,TRBJ2-1,SASPGTFGGSSSYNEQF,1
TRBV20-1,TRBJ2-1,SASPGTFNEQF,1
TRBV20-1,TRBJ2-1,SASPGTFSNEQF,1
TRBV20-1,TRBJ2-1,SASPGTFYNEQF,2
TRBV20-1,TRBJ2-1,SASPGTGADEQF,1
TRBV20-1,TRBJ2-1,SASPGTGAGVGYNEQF,1
TRBV20-1,TRBJ2-1,SASPGTGAHNEQF,1
TRBV20-1,TRBJ2-1,SASPGTGALNEQF,1
TRBV20-1,TRBJ2-1,SASPGTGANEQF,2
TRBV20-1,TRBJ2-1,SASPGTGASNEQF,1
TRBV20-1,TRBJ2-1,SASPGTGAYNEQF,12
TRBV20-1,TRBJ2-1,SASPGTGCDEQF,1
TRBV20-1,TRBJ2-1,SASPGTGDAINEQF,1
TRBV20-1,TRBJ2-1,SASPGTGDGEQF,8
TRBV20-1,TRBJ2-1,SASPGTGDNEQF,1
TRBV20-1,TRBJ2-1,SASPGTGDSSSSYNEQF,1
TRBV20-1,TRBJ2-1,SASPGTGDSYNEQF,1
TRBV20-1,TRBJ2-1,SASPGTGDYDEQF,2
TRBV20-1,TRBJ2-1,SASPGTGDYEQF,1
TRBV20-1,TRBJ2-1,SASPGTGDYNEQF,41
TRBV20-1,TRBJ2-1,SASPGTGDYNLPF,1
TRBV20-1,TRBJ2-1,SASPGTGEAEQF,3
TRBV20-1,TRBJ2-1,SASPGTGEEDEQF,3
TRBV20-1,TRBJ2-1,SASPGTGEKDEQF,1
TRBV20-1,TRBJ2-1,SASPGTGENEQF,1
TRBV20-1,TRBJ2-1,SASPGTGETEQF,3
TRBV20-1,TRBJ2-1,SASPGTGEWGNEQF,1
TRBV20-1,TRBJ2-1,SASPGTGEYEQF,1
TRBV20-1,TRBJ2-1,SASPGTGEYNEQF,1
TRBV20-1,TRBJ2-1,SASPGTGFDEQF,1
TRBV20-1,TRBJ2-1,SASPGTGFLNNEQF,1
TRBV20-1,TRBJ2-1,SASPGTGGDAYNEQF,1
TRBV20-1,TRBJ2-1,SASPGTGGFDEQF,2
TRBV20-1,TRBJ2-1,SASPGTGGGHNEQF,1
TRBV20-1,TRBJ2-1,SASPGTGGGLNEQF,1
TRBV20-1,TRBJ2-1,SASPGTGGGNEQF,1
TRBV20-1,TRBJ2-1,SASPGTGGLNEQF,1
TRBV20-1,TRBJ2-1,SASPGTGGNEQF,17
TRBV20-1,TRBJ2-1,SASPGTGGNYEQF,1
TRBV20-1,TRBJ2-1,SASPGTGGRDEQF,1
TRBV20-1,TRBJ2-1,SASPGTGGRGNEQF,1
TRBV20-1,TRBJ2-1,SASPGTGGSAYNEQF,1
TRBV20-1,TRBJ2-1,SASPGTGGSEQF,1
TRBV20-1,TRBJ2-1,SASPGTGGSYNEQF,1
TRBV20-1,TRBJ2-1,SASPGTGGTYNEQF,1
TRBV20-1,TRBJ2-1,SASPGTGGYNEQF,4
TRBV20-1,TRBJ2-1,SASPGTGHNEQF,2
TRBV20-1,TRBJ2-1,SASPGTGHRNEQF,1
TRBV20-1,TRBJ2-1,SASPGTGHRVEQF,6
TRBV20-1,TRBJ2-1,SASPGTGHYNEQF,2
TRBV20-1,TRBJ2-1,SASPGTGINEQF,2
TRBV20-1,TRBJ2-1,SASPGTGISYNEQF,1
TRBV20-1,TRBJ2-1,SASPGTGIYNEQF,8
TRBV20-1,TRBJ2-1,SASPGTGKHEQF,1
TRBV20-1,TRBJ2-1,SASPGTGKHNEQF,2
TRBV20-1,TRBJ2-1,SASPGTGKLDEQF,1
TRBV20-1,TRBJ2-1,SASPGTGKNEQF,1
TRBV20-1,TRBJ2-1,SASPGTGKTNNEQF,1
TRBV20-1,TRBJ2-1,SASPGTGKYNEQF,1
TRBV20-1,TRBJ2-1,SASPGTGLMDEQF,2
TRBV20-1,TRBJ2-1,SASPGTGLNEQF,3
TRBV20-1,TRBJ2-1,SASPGTGLNNEQF,1
TRBV20-1,TRBJ2-1,SASPGTGLYNEQF,2
TRBV20-1,TRBJ2-1,SASPGTGMLNEQF,1
TRBV20-1,TRBJ2-1,SASPGTGNEQF,1
TRBV20-1,TRBJ2-1,SASPGTGNNEQF,4
TRBV20-1,TRBJ2-1,SASPGTGNYNEQF,7
TRBV20-1,TRBJ2-1,SASPGTGPGSSYNEQF,1
TRBV20-1,TRBJ2-1,SASPGTGPLG,4
TRBV20-1,TRBJ2-1,SASPGTGPNAHF,1
TRBV20-1,TRBJ2-1,SASPGTGPNEQF,5
TRBV20-1,TRBJ2-1,SASPGTGPYNEQF,2
TRBV20-1,TRBJ2-1,SASPGTGQHEQF,1
TRBV20-1,TRBJ2-1,SASPGTGRAGGGNEQF,1
TRBV20-1,TRBJ2-1,SASPGTGRHEQF,2
TRBV20-1,TRBJ2-1,SASPGTGRNEQF,1
TRBV20-1,TRBJ2-1,SASPGTGRSNEQF,4
TRBV20-1,TRBJ2-1,SASPGTGRSVNEQF,3
TRBV20-1,TRBJ2-1,SASPGTGRWEQF,2
TRBV20-1,TRBJ2-1,SASPGTGSDNAQF,1
TRBV20-1,TRBJ2-1,SASPGTGSDNEQF,16
TRBV20-1,TRBJ2-1,SASPGTGSGNEQF,1
TRBV20-1,TRBJ2-1,SASPGTGSHEQF,5
TRBV20-1,TRBJ2-1,SASPGTGSLDEQF,1
TRBV20-1,TRBJ2-1,SASPGTGSNEQF,2
TRBV20-1,TRBJ2-1,SASPGTGSNNEQF,3
TRBV20-1,TRBJ2-1,SASPGTGSRNEQF,1
TRBV20-1,TRBJ2-1,SASPGTGSSYNEQF,2
TRBV20-1,TRBJ2-1,SASPGTGSVDEQF,1
TRBV20-1,TRBJ2-1,SASPGTGSYEQF,1
TRBV20-1,TRBJ2-1,SASPGTGSYNEQF,5
TRBV20-1,TRBJ2-1,SASPGTGTAGSYNEQF,1
TRBV20-1,TRBJ2-1,SASPGTGTNEQF,1
TRBV20-1,TRBJ2-1,SASPGTGTNNEQF,1
TRBV20-1,TRBJ2-1,SASPGTGTPMYNEQF,1
TRBV20-1,TRBJ2-1,SASPGTGTYNEQF,3
TRBV20-1,TRBJ2-1,SASPGTGVANEQF,1
TRBV20-1,TRBJ2-1,SASPGTGVDGEQF,2
TRBV20-1,TRBJ2-1,SASPGTGVERSYNEQF,1
TRBV20-1,TRBJ2-1,SASPGTGVFEQF,2
TRBV20-1,TRBJ2-1,SASPGTGVHNEQF,1
TRBV20-1,TRBJ2-1,SASPGTGVILNEQF,1
TRBV20-1,TRBJ2-1,SASPGTGVNEQF,3
TRBV20-1,TRBJ2-1,SASPGTGVSFSYNEQF,1
TRBV20-1,TRBJ2-1,SASPGTGVYNEQF,5
TRBV20-1,TRBJ2-1,SASPGTGWDEQF,5
TRBV20-1,TRBJ2-1,SASPGTGWNEQF,1
TRBV20-1,TRBJ2-1,SASPGTGWPYNEQF,7
TRBV20-1,TRBJ2-1,SASPGTGWSYNEQF,1
TRBV20-1,TRBJ2-1,SASPGTGYDNEQF,2
TRBV20-1,TRBJ2-1,SASPGTGYDTVPF,1
TRBV20-1,TRBJ2-1,SASPGTGYLDEQF,1
TRBV20-1,TRBJ2-1,SASPGTGYNEQF,18
TRBV20-1,TRBJ2-1,SASPGTGYYNEQF,2
TRBV20-1,TRBJ2-1,SASPGTHEQF,7
TRBV20-1,TRBJ2-1,SASPGTHNEQF,1
TRBV20-1,TRBJ2-1,SASPGTHSYNEQF,1
TRBV20-1,TRBJ2-1,SASPGTIYEQF,1
TRBV20-1,TRBJ2-1,SASPGTIYNEQF,1
TRBV20-1,TRBJ2-1,SASPGTKDNEQF,2
TRBV20-1,TRBJ2-1,SASPGTKNEQF,2
TRBV20-1,TRBJ2-1,SASPGTKNSGNEQF,1
TRBV20-1,TRBJ2-1,SASPGTKRPNEQF,1
TRBV20-1,TRBJ2-1,SASPGTKSAGEQF,4
TRBV20-1,TRBJ2-1,SASPGTKVINEQF,1
TRBV20-1,TRBJ2-1,SASPGTKVYNEQF,1
TRBV20-1,TRBJ2-1,SASPGTLAYNEQF,1
TRBV20-1,TRBJ2-1,SASPGTLDEQF,1
TRBV20-1,TRBJ2-1,SASPGTLDLNEQF,1
TRBV20-1,TRBJ2-1,SASPGTLLNEQF,1
TRBV20-1,TRBJ2-1,SASPGTLNEQF,1
TRBV20-1,TRBJ2-1,SASPGTLRNEQF,1
TRBV20-1,TRBJ2-1,SASPGTLSSYNEQF,1
TRBV20-1,TRBJ2-1,SASPGTLSYNEQF,2
TRBV20-1,TRBJ2-1,SASPGTLYNEQF,5
TRBV20-1,TRBJ2-1,SASPGTMNEQF,1
TRBV20-1,TRBJ2-1,SASPGTNEQF,3
TRBV20-1,TRBJ2-1,SASPGTNNEQF,1
TRBV20-1,TRBJ2-1,SASPGTNNGYNEQF,1
TRBV20-1,TRBJ2-1,SASPGTNNNEQF,2
TRBV20-1,TRBJ2-1,SASPGTNSYNEQF,1
TRBV20-1,TRBJ2-1,SASPGTNVNEQF,1
TRBV20-1,TRBJ2-1,SASPGTNVYNEQF,1
TRBV20-1,TRBJ2-1,SASPGTNYNEQF,1
TRBV20-1,TRBJ2-1,SASPGTPGLTYDNEQF,1
TRBV20-1,TRBJ2-1,SASPGTPLMKQF,1
TRBV20-1,TRBJ2-1,SASPGTPLNEQF,1
TRBV20-1,TRBJ2-1,SASPGTPLPAPMDEQF,1
TRBV20-1,TRBJ2-1,SASPGTPLSGSPYNEQF,1
TRBV20-1,TRBJ2-1,SASPGTPNEQF,3
TRBV20-1,TRBJ2-1,SASPGTPNNEQF,1
TRBV20-1,TRBJ2-1,SASPGTPRGGYNEQF,1
TRBV20-1,TRBJ2-1,SASPGTPSGDEQF,1
TRBV20-1,TRBJ2-1,SASPGTPSSYNEQF,1
TRBV20-1,TRBJ2-1,SASPGTPSYNEQF,2
TRBV20-1,TRBJ2-1,SASPGTPTGINEQF,1
TRBV20-1,TRBJ2-1,SASPGTPYNEQF,1
TRBV20-1,TRBJ2-1,SASPGTQGRNEQF,2
TRBV20-1,TRBJ2-1,SASPGTQKNNEQF,5
TRBV20-1,TRBJ2-1,SASPGTQLSSYNEQF,1
TRBV20-1,TRBJ2-1,SASPGTQNNEQF,1
TRBV20-1,TRBJ2-1,SASPGTQQF,2
TRBV20-1,TRBJ2-1,SASPGTRADNEQF,1
TRBV20-1,TRBJ2-1,SASPGTRAGNEQF,1
TRBV20-1,TRBJ2-1,SASPGTRAYNEQF,1
TRBV20-1,TRBJ2-1,SASPGTRDEQF,2
TRBV20-1,TRBJ2-1,SASPGTREIIGDEQF,4
TRBV20-1,TRBJ2-1,SASPGTRFINEQF,1
TRBV20-1,TRBJ2-1,SASPGTRFYNEQF,2
TRBV20-1,TRBJ2-1,SASPGTRGANEQF,2
TRBV20-1,TRBJ2-1,SASPGTRGNEQF,1
TRBV20-1,TRBJ2-1,SASPGTRGSYNEQF,1
TRBV20-1,TRBJ2-1,SASPGTRGYNEQF,3
TRBV20-1,TRBJ2-1,SASPGTRKNNEQF,1
TRBV20-1,TRBJ2-1,SASPGTRLDNEQF,1
TRBV20-1,TRBJ2-1,SASPGTRLGQF,1
TRBV20-1,TRBJ2-1,SASPGTRLNEQF,1
TRBV20-1,TRBJ2-1,SASPGTRMFNEQF,1
TRBV20-1,TRBJ2-1,SASPGTRMINEQF,1
TRBV20-1,TRBJ2-1,SASPGTRNEQF,2
TRBV20-1,TRBJ2-1,SASPGTRNNEQF,1
TRBV20-1,TRBJ2-1,SASPGTRNNNEQF,2
TRBV20-1,TRBJ2-1,SASPGTRNVHNEQF,1
TRBV20-1,TRBJ2-1,SASPGTRPDNEQF,1
TRBV20-1,TRBJ2-1,SASPGTRPFNEQF,1
TRBV20-1,TRBJ2-1,SASPGTRPSYNEQF,1
TRBV20-1,TRBJ2-1,SASPGTRPYNEQF,1
TRBV20-1,TRBJ2-1,SASPGTRQF,3
TRBV20-1,TRBJ2-1,SASPGTRQSNEQF,9
TRBV20-1,TRBJ2-1,SASPGTRRANEQF,12
TRBV20-1,TRBJ2-1,SASPGTRREQF,2
TRBV20-1,TRBJ2-1,SASPGTRRFNEQF,2
TRBV20-1,TRBJ2-1,SASPGTRRNNEQF,1
TRBV20-1,TRBJ2-1,SASPGTRRSNEQF,1
TRBV20-1,TRBJ2-1,SASPGTRRYEQF,1
TRBV20-1,TRBJ2-1,SASPGTRSFNEQF,1
TRBV20-1,TRBJ2-1,SASPGTRSYNEQF,3
TRBV20-1,TRBJ2-1,SASPGTRTLNEQF,5
TRBV20-1,TRBJ2-1,SASPGTRTRYSSYNEQF,1
TRBV20-1,TRBJ2-1,SASPGTRTYNEQF,3
TRBV20-1,TRBJ2-1,SASPGTRVPYEQF,1
TRBV20-1,TRBJ2-1,SASPGTRVYNEQF,5
TRBV20-1,TRBJ2-1,SASPGTRWDEQF,3
TRBV20-1,TRBJ2-1,SASPGTRWTGDEQF,1
TRBV20-1,TRBJ2-1,SASPGTRYDEQF,1
TRBV20-1,TRBJ2-1,SASPGTRYNEQF,5
TRBV20-1,TRBJ2-1,SASPGTSAANNEQF,1
TRBV20-1,TRBJ2-1,SASPGTSADAKF,1
TRBV20-1,TRBJ2-1,SASPGTSAHIDNEQF,1
TRBV20-1,TRBJ2-1,SASPGTSAHNEQF,1
TRBV20-1,TRBJ2-1,SASPGTSALNEQF,11
TRBV20-1,TRBJ2-1,SASPGTSASNEQF,1
TRBV20-1,TRBJ2-1,SASPGTSASYNEQF,1
TRBV20-1,TRBJ2-1,SASPGTSAYNEQF,1
TRBV20-1,TRBJ2-1,SASPGTSDEQF,1
TRBV20-1,TRBJ2-1,SASPGTSDNEQF,1
TRBV20-1,TRBJ2-1,SASPGTSDVNEQF,1
TRBV20-1,TRBJ2-1,SASPGTSEYNEQF,1
TRBV20-1,TRBJ2-1,SASPGTSFLDEQF,1
TRBV20-1,TRBJ2-1,SASPGTSFNAQF,1
TRBV20-1,TRBJ2-1,SASPGTSFNEQF,1
TRBV20-1,TRBJ2-1,SASPGTSFRNEQF,1
TRBV20-1,TRBJ2-1,SASPGTSFVDEQF,1
TRBV20-1,TRBJ2-1,SASPGTSFYNEQF,1
TRBV20-1,TRBJ2-1,SASPGTSGANEQF,1
TRBV20-1,TRBJ2-1,SASPGTSGAYNEQF,1
TRBV20-1,TRBJ2-1,SASPGTSGDNEQF,3
TRBV20-1,TRBJ2-1,SASPGTSGDRGVNEQF,1
TRBV20-1,TRBJ2-1,SASPGTSGFNEQF,1
TRBV20-1,TRBJ2-1,SASPGTSGFYNEQF,2
TRBV20-1,TRBJ2-1,SASPGTSGGHEQF,1
TRBV20-1,TRBJ2-1,SASPGTSGGINEQF,1
TRBV20-1,TRBJ2-1,SASPGTSGGIYNEQF,1
TRBV20-1,TRBJ2-1,SASPGTSGGLSSCNEQL,1
TRBV20-1,TRBJ2-1,SASPGTSGGLSSYNEQF,3
TRBV20-1,TRBJ2-1,SASPGTSGGNEQF,3
TRBV20-1,TRBJ2-1,SASPGTSGGSSYNEQF,2
TRBV20-1,TRBJ2-1,SASPGTSGGSYNEQF,3
TRBV20-1,TRBJ2-1,SASPGTSGGYNEQF,3
TRBV20-1,TRBJ2-1,SASPGTSGICD,5
TRBV20-1,TRBJ2-1,SASPGTSGIDTLF,1
TRBV20-1,TRBJ2-1,SASPGTSGIEQF,1
TRBV20-1,TRBJ2-1,SASPGTSGIKTYNEQF,1
TRBV20-1,TRBJ2-1,SASPGTSGINEQF,3
TRBV20-1,TRBJ2-1,SASPGTSGISYNEQF,1
TRBV20-1,TRBJ2-1,SASPGTSGIYNEQF,1
TRBV20-1,TRBJ2-1,SASPGTSGKSSYNEQF,1
TRBV20-1,TRBJ2-1,SASPGTSGKYNEQF,6
TRBV20-1,TRBJ2-1,SASPGTSGLFSYNEQF,1
TRBV20-1,TRBJ2-1,SASPGTSGLSYNEQF,1
TRBV20-1,TRBJ2-1,SASPGTSGLYNEQF,1
TRBV20-1,TRBJ2-1,SASPGTSGNEQF,11
TRBV20-1,TRBJ2-1,SASPGTSGNNEQF,26
TRBV20-1,TRBJ2-1,SASPGTSGNSLMDEQF,1
TRBV20-1,TRBJ2-1,SASPGTSGNYNEQF,2
TRBV20-1,TRBJ2-1,SASPGTSGPDNEQF,1
TRBV20-1,TRBJ2-1,SASPGTSGPEQF,3
TRBV20-1,TRBJ2-1,SASPGTSGPGHEQF,4
TRBV20-1,TRBJ2-1,SASPGTSGPPGYNEQF,1
TRBV20-1,TRBJ2-1,SASPGTSGPYEQF,1
TRBV20-1,TRBJ2-1,SASPGTSGQKGLTDEQF,1
TRBV20-1,TRBJ2-1,SASPGTSGRAFYNEQF,1
TRBV20-1,TRBJ2-1,SASPGTSGRAIYNEQF,1
TRBV20-1,TRBJ2-1,SASPGTSGRAPYEQF,1
TRBV20-1,TRBJ2-1,SASPGTSGRAQFNNEQF,1
TRBV20-1,TRBJ2-1,SASPGTSGRAQTNNEQF,1
TRBV20-1,TRBJ2-1,SASPGTSGRARWDEQF,1
TRBV20-1,TRBJ2-1,SASPGTSGRASRNEQF,1
TRBV20-1,TRBJ2-1,SASPGTSGRAYNEQF,2
TRBV20-1,TRBJ2-1,SASPGTSGRDEQF,1
TRBV20-1,TRBJ2-1,SASPGTSGRDYNEQF,1
TRBV20-1,TRBJ2-1,SASPGTSGRENEQF,1
TRBV20-1,TRBJ2-1,SASPGTSGRGLGNEQF,1
TRBV20-1,TRBJ2-1,SASPGTSGRGNEQF,10
TRBV20-1,TRBJ2-1,SASPGTSGRGSYNEQF,1
TRBV20-1,TRBJ2-1,SASPGTSGRHEQF,1
TRBV20-1,TRBJ2-1,SASPGTSGRIRDSYNEQF,2
TRBV20-1,TRBJ2-1,SASPGTSGRIYNEQF,1
TRBV20-1,TRBJ2-1,SASPGTSGRLSSYNEQF,1
TRBV20-1,TRBJ2-1,SASPGTSGRNEQF,6
TRBV20-1,TRBJ2-1,SASPGTSGRRGNEQF,6
TRBV20-1,TRBJ2-1,SASPGTSGRRYNEQF,1
TRBV20-1,TRBJ2-1,SASPGTSGRTDEQF,3
TRBV20-1,TRBJ2-1,SASPGTSGRTSYNEQF,2
TRBV20-1,TRBJ2-1,SASPGTSGRTWYEQF,1
TRBV20-1,TRBJ2-1,SASPGTSGRVTNEQF,2
TRBV20-1,TRBJ2-1,SASPGTSGRYEHF,1
TRBV20-1,TRBJ2-1,SASPGTSGRYEQF,17
TRBV20-1,TRBJ2-1,SASPGTSGRYNEQF,4
TRBV20-1,TRBJ2-1,SASPGTSGRYYNEQF,1
TRBV20-1,TRBJ2-1,SASPGTSGSDEQF,5
TRBV20-1,TRBJ2-1,SASPGTSGSDGTNEQF,1
TRBV20-1,TRBJ2-1,SASPGTSGSEQF,6
TRBV20-1,TRBJ2-1,SASPGTSGSGEQF,1
TRBV20-1,TRBJ2-1,SASPGTSGSGRGQF,2
TRBV20-1,TRBJ2-1,SASPGTSGSHEQF,1
TRBV20-1,TRBJ2-1,SASPGTSGSLRNEQF,1
TRBV20-1,TRBJ2-1,SASPGTSGSNEQF,11
TRBV20-1,TRBJ2-1,SASPGTSGSNIDNEQF,1
TRBV20-1,TRBJ2-1,SASPGTSGSPYNEQF,1
TRBV20-1,TRBJ2-1,SASPGTSGSSYNEQF,4
TRBV20-1,TRBJ2-1,SASPGTSGSVHEQF,1
TRBV20-1,TRBJ2-1,SASPGTSGSWGHNEQF,1
TRBV20-1,TRBJ2-1,SASPGTSGSYEQF,2
TRBV20-1,TRBJ2-1,SASPGTSGSYNEKF,1
TRBV20-1,TRBJ2-1,SASPGTSGSYNEQF,49
TRBV20-1,TRBJ2-1,SASPGTSGSYPLDEQF,1
TRBV20-1,TRBJ2-1,SASPGTSGSYSEQF,1
TRBV20-1,TRBJ2-1,SASPGTSGTDEQF,2
TRBV20-1,TRBJ2-1,SASPGTSGTDNEQF,4
TRBV20-1,TRBJ2-1,SASPGTSGTDYSYNEQF,1
TRBV20-1,TRBJ2-1,SASPGTSGTNEQF,2
TRBV20-1,TRBJ2-1,SASPGTSGTYGNEQF,1
TRBV20-1,TRBJ2-1,SASPGTSGTYNEQF,3
TRBV20-1,TRBJ2-1,SASPGTSGVAGYNEQF,1
TRBV20-1,TRBJ2-1,SASPGTSGVNEQF,3
TRBV20-1,TRBJ2-1,SASPGTSGVRAYNEQF,1
TRBV20-1,TRBJ2-1,SASPGTSGVYNEQF,1
TRBV20-1,TRBJ2-1,SASPGTSGWNEQF,3
TRBV20-1,TRBJ2-1,SASPGTSGWSSYNEQF,1
TRBV20-1,TRBJ2-1,SASPGTSGYDNEQF,1
TRBV20-1,TRBJ2-1,SASPGTSGYNEQF,27
TRBV20-1,TRBJ2-1,SASPGTSGYYNEQF,23
TRBV20-1,TRBJ2-1,SASPGTSGYYNERF,1
TRBV20-1,TRBJ2-1,SASPGTSIEQF,1
TRBV20-1,TRBJ2-1,SASPGTSISNEQF,2
TRBV20-1,TRBJ2-1,SASPGTSKANEQF,1
TRBV20-1,TRBJ2-1,SASPGTSLHEQF,2
TRBV20-1,TRBJ2-1,SASPGTSLNEQF,2
TRBV20-1,TRBJ2-1,SASPGTSLRNEQF,1
TRBV20-1,TRBJ2-1,SASPGTSLVYEQF,1
TRBV20-1,TRBJ2-1,SASPGTSLYEQF,1
TRBV20-1,TRBJ2-1,SASPGTSMYNEQF,1
TRBV20-1,TRBJ2-1,SASPGTSNEQF,6
TRBV20-1,TRBJ2-1,SASPGTSNNEQF,1
TRBV20-1,TRBJ2-1,SASPGTSPYNEQF,5
TRBV20-1,TRBJ2-1,SASPGTSQF,4
TRBV20-1,TRBJ2-1,SASPGTSREQF,4
TRBV20-1,TRBJ2-1,SASPGTSRNEQF,1
TRBV20-1,TRBJ2-1,SASPGTSRNNEQF,1
TRBV20-1,TRBJ2-1,SASPGTSRSHEQF,2
TRBV20-1,TRBJ2-1,SASPGTSRSYNEQF,1
TRBV20-1,TRBJ2-1,SASPGTSRTYNEQF,1
TRBV20-1,TRBJ2-1,SASPGTSRYEQF,1
TRBV20-1,TRBJ2-1,SASPGTSRYNEQF,2
TRBV20-1,TRBJ2-1,SASPGTSSLNEQF,1
TRBV20-1,TRBJ2-1,SASPGTSSLRSSYNEQF,2
TRBV20-1,TRBJ2-1,SASPGTSSNEQF,1
TRBV20-1,TRBJ2-1,SASPGTSSNNEQF,1
TRBV20-1,TRBJ2-1,SASPGTSSYNEQF,7
TRBV20-1,TRBJ2-1,SASPGTSTFNEQF,1
TRBV20-1,TRBJ2-1,SASPGTSTNEQF,1
TRBV20-1,TRBJ2-1,SASPGTSTNNEQF,2
TRBV20-1,TRBJ2-1,SASPGTSTYNEQF,2
TRBV20-1,TRBJ2-1,SASPGTSVEQF,2
TRBV20-1,TRBJ2-1,SASPGTSVHEQF,3
TRBV20-1,TRBJ2-1,SASPGTSVMNEQF,1
TRBV20-1,TRBJ2-1,SASPGTSVNEQF,6
TRBV20-1,TRBJ2-1,SASPGTSVNNEQF,2
TRBV20-1,TRBJ2-1,SASPGTSVRDPTYNEQF,1
TRBV20-1,TRBJ2-1,SASPGTSVSNEQF,2
TRBV20-1,TRBJ2-1,SASPGTSVSYNEQF,1
TRBV20-1,TRBJ2-1,SASPGTSVTYNEQF,2
TRBV20-1,TRBJ2-1,SASPGTSVVNEQF,1
TRBV20-1,TRBJ2-1,SASPGTSVYNEQF,5
TRBV20-1,TRBJ2-1,SASPGTSWDEQF,1
TRBV20-1,TRBJ2-1,SASPGTSWNEQF,1
TRBV20-1,TRBJ2-1,SASPGTSYEQF,7
TRBV20-1,TRBJ2-1,SASPGTSYNEQF,6
TRBV20-1,TRBJ2-1,SASPGTSYNNEQF,1
TRBV20-1,TRBJ2-1,SASPGTTARNEQF,1
TRBV20-1,TRBJ2-1,SASPGTTEVEPF,1
TRBV20-1,TRBJ2-1,SASPGTTEVEQF,15
TRBV20-1,TRBJ2-1,SASPGTTFDEQF,1
TRBV20-1,TRBJ2-1,SASPGTTFGDEQF,1
TRBV20-1,TRBJ2-1,SASPGTTGEQF,2
TRBV20-1,TRBJ2-1,SASPGTTNEQF,4
TRBV20-1,TRBJ2-1,SASPGTTPAPYNEQF,1
TRBV20-1,TRBJ2-1,SASPGTTPKRDEQF,2
TRBV20-1,TRBJ2-1,SASPGTTPPYNEQF,1
TRBV20-1,TRBJ2-1,SASPGTTPYNEQF,7
TRBV20-1,TRBJ2-1,SASPGTTSYNEQF,5
TRBV20-1,TRBJ2-1,SASPGTTTPEDEQF,2
TRBV20-1,TRBJ2-1,SASPGTTTYEQF,8
TRBV20-1,TRBJ2-1,SASPGTTYNEQF,3
TRBV20-1,TRBJ2-1,SASPGTVGLNEQF,1
TRBV20-1,TRBJ2-1,SASPGTVGNEQF,1
TRBV20-1,TRBJ2-1,SASPGTVNEQF,1
TRBV20-1,TRBJ2-1,SASPGTVNNEQF,2
TRBV20-1,TRBJ2-1,SASPGTVTYNEQF,1
TRBV20-1,TRBJ2-1,SASPGTVYNEQF,9
TRBV20-1,TRBJ2-1,SASPGTYDNEQF,1
TRBV20-1,TRBJ2-1,SASPGTYEQF,12
TRBV20-1,TRBJ2-1,SASPGTYNEQF,29
TRBV20-1,TRBJ2-1,SASPGTYSYNEQF,1
TRBV20-1,TRBJ2-1,SASPGTYVHEQF,1
TRBV20-1,TRBJ2-1,SASPGVADSNEQF,1
TRBV20-1,TRBJ2-1,SASPGVAGSYNEQF,1
TRBV20-1,TRBJ2-1,SASPGVAGTNEQF,2
TRBV20-1,TRBJ2-1,SASPGVAGTYNEQF,1
TRBV20-1,TRBJ2-1,SASPGVAGVRQF,6
TRBV20-1,TRBJ2-1,SASPGVAGYNEQF,1
TRBV20-1,TRBJ2-1,SASPGVALTYNEQF,1
TRBV20-1,TRBJ2-1,SASPGVANEQF,1
TRBV20-1,TRBJ2-1,SASPGVAPNEQF,1
TRBV20-1,TRBJ2-1,SASPGVASSYNEQF,1
TRBV20-1,TRBJ2-1,SASPGVATNEQF,1
TRBV20-1,TRBJ2-1,SASPGVAVVNEQF,1
TRBV20-1,TRBJ2-1,SASPGVAWDEQF,3
TRBV20-1,TRBJ2-1,SASPGVAYNEQF,1
TRBV20-1,TRBJ2-1,SASPGVDEQF,1
TRBV20-1,TRBJ2-1,SASPGVDHEQF,5
TRBV20-1,TRBJ2-1,SASPGVDNEQF,1
TRBV20-1,TRBJ2-1,SASPGVDYNEQF,1
TRBV20-1,TRBJ2-1,SASPGVGEHF,1
TRBV20-1,TRBJ2-1,SASPGVGEQF,9
TRBV20-1,TRBJ2-1,SASPGVGGNEQF,1
TRBV20-1,TRBJ2-1,SASPGVGGYNEQF,1
TRBV20-1,TRBJ2-1,SASPGVGGYNNEQF,1
TRBV20-1,TRBJ2-1,SASPGVGHEQF,2
TRBV20-1,TRBJ2-1,SASPGVGLARDEQF,1
TRBV20-1,TRBJ2-1,SASPGVGLYNEQF,1
TRBV20-1,TRBJ2-1,SASPGVGQGQDEQF,1
TRBV20-1,TRBJ2-1,SASPGVGSSYNEQF,1
TRBV20-1,TRBJ2-1,SASPGVGSYNEQF,1
TRBV20-1,TRBJ2-1,SASPGVGTYNEQF,1
TRBV20-1,TRBJ2-1,SASPGVGVRDEQF,6
TRBV20-1,TRBJ2-1,SASPGVGYYNEQF,1
TRBV20-1,TRBJ2-1,SASPGVHNEQF,1
TRBV20-1,TRBJ2-1,SASPGVKKGDEQF,1
TRBV20-1,TRBJ2-1,SASPGVLNEQF,1
TRBV20-1,TRBJ2-1,SASPGVLRNEQF,2
TRBV20-1,TRBJ2-1,SASPGVNEQF,9
TRBV20-1,TRBJ2-1,SASPGVNLNEQF,1
TRBV20-1,TRBJ2-1,SASPGVNYNEQF,1
TRBV20-1,TRBJ2-1,SASPGVPYNEQF,2
TRBV20-1,TRBJ2-1,SASPGVQVYNEQF,1
TRBV20-1,TRBJ2-1,SASPGVRAMRNEQF,1
TRBV20-1,TRBJ2-1,SASPGVRFSGEQF,5
TRBV20-1,TRBJ2-1,SASPGVRGPYNEQF,1
TRBV20-1,TRBJ2-1,SASPGVRSDEQF,4
TRBV20-1,TRBJ2-1,SASPGVRSYNEQF,1
TRBV20-1,TRBJ2-1,SASPGVRYNEQF,4
TRBV20-1,TRBJ2-1,SASPGVSGSYNEQF,1
TRBV20-1,TRBJ2-1,SASPGVSHEQF,1
TRBV20-1,TRBJ2-1,SASPGVSNEQF,1
TRBV20-1,TRBJ2-1,SASPGVSNYNEQF,1
TRBV20-1,TRBJ2-1,SASPGVSSYNEQF,3
TRBV20-1,TRBJ2-1,SASPGVSYNEQF,3
TRBV20-1,TRBJ2-1,SASPGVTYNEQF,1
TRBV20-1,TRBJ2-1,SASPGVVDNEQF,5
TRBV20-1,TRBJ2-1,SASPGVVNEQF,1
TRBV20-1,TRBJ2-1,SASPGVVTIDEQF,1
TRBV20-1,TRBJ2-1,SASPGVVYNEQF,1
TRBV20-1,TRBJ2-1,SASPGVWDEQF,1
TRBV20-1,TRBJ2-1,SASPGVYNEQF,9
TRBV20-1,TRBJ2-1,SASPGWAYNEQF,1
TRBV20-1,TRBJ2-1,SASPGWENEQF,1
TRBV20-1,TRBJ2-1,SASPGWGGNEQF,1
TRBV20-1,TRBJ2-1,SASPGWGLTYNEQF,1
TRBV20-1,TRBJ2-1,SASPGWGLVDEQF,3
TRBV20-1,TRBJ2-1,SASPGWGPNEQF,1
TRBV20-1,TRBJ2-1,SASPGWGYNEQF,3
TRBV20-1,TRBJ2-1,SASPGWLAGLNEQF,1
TRBV20-1,TRBJ2-1,SASPGWLEAYNEQF,1
TRBV20-1,TRBJ2-1,SASPGWPQNNEQF,1
TRBV20-1,TRBJ2-1,SASPGWRGYNEQF,1
TRBV20-1,TRBJ2-1,SASPGWRINEQF,3
TRBV20-1,TRBJ2-1,SASPGWSHEQF,1
TRBV20-1,TRBJ2-1,SASPGWSSYNEQF,8
TRBV20-1,TRBJ2-1,SASPGWTTNNEQF,1
TRBV20-1,TRBJ2-1,SASPGWYEQF,2
TRBV20-1,TRBJ2-1,SASPGWYNEQF,5
TRBV20-1,TRBJ2-1,SASPGYEQF,5
TRBV20-1,TRBJ2-1,SASPGYGDYNEQF,1
TRBV20-1,TRBJ2-1,SASPGYGGAYNEQF,1
TRBV20-1,TRBJ2-1,SASPGYGNEQF,1
TRBV20-1,TRBJ2-1,SASPGYGPLHNEQF,3
TRBV20-1,TRBJ2-1,SASPGYGTSGRNEQF,1
TRBV20-1,TRBJ2-1,SASPGYNEQF,42
TRBV20-1,TRBJ2-1,SASPGYNGGRLRYNEQF,1
TRBV20-1,TRBJ2-1,SASPGYNYNEQF,1
TRBV20-1,TRBJ2-1,SASPGYPYNEQF,1
TRBV20-1,TRBJ2-1,SASPGYSGYNEQF,1
TRBV20-1,TRBJ2-1,SASPGYSPYNEQF,1
TRBV20-1,TRBJ2-1,SASPGYSYNEQF,1
TRBV20-1,TRBJ2-1,SASPGYTNEQF,1
TRBV20-1,TRBJ2-1,SASPGYTYNEQF,1
TRBV20-1,TRBJ2-1,SASPGYYNEQF,1
TRBV20-1,TRBJ2-1,SASPHAALGNEQF,1
TRBV20-1,TRBJ2-1,SASPHAAQSSYNEQF,1
TRBV20-1,TRBJ2-1,SASPHADDNEQF,1
TRBV20-1,TRBJ2-1,SASPHAGGYNEQF,1
TRBV20-1,TRBJ2-1,SASPHAGLAKYNEQF,1
TRBV20-1,TRBJ2-1,SASPHAGSSYNEQF,1
TRBV20-1,TRBJ2-1,SASPHALDSYNEQF,1
TRBV20-1,TRBJ2-1,SASPHAYNEQF,1
TRBV20-1,TRBJ2-1,SASPHDASGAYNEQF,1
TRBV20-1,TRBJ2-1,SASPHDFSYNEQF,1
TRBV20-1,TRBJ2-1,SASPHDRLYNEQF,1
TRBV20-1,TRBJ2-1,SASPHDYNEQF,1
TRBV20-1,TRBJ2-1,SASPHEEQISYNEQF,1
TRBV20-1,TRBJ2-1,SASPHEQF,11
TRBV20-1,TRBJ2-1,SASPHESSYNEQF,1
TRBV20-1,TRBJ2-1,SASPHETRSNEQF,1
TRBV20-1,TRBJ2-1,SASPHF,2
TRBV20-1,TRBJ2-1,SASPHFPYNEQF,1
TRBV20-1,TRBJ2-1,SASPHGAGGGNEQF,1
TRBV20-1,TRBJ2-1,SASPHGAGGSDNEQF,1
TRBV20-1,TRBJ2-1,SASPHGAGGSGSYNEQF,1
TRBV20-1,TRBJ2-1,SASPHGAGGSYNEQF,2
TRBV20-1,TRBJ2-1,SASPHGAYNEQF,1
TRBV20-1,TRBJ2-1,SASPHGDNEQF,1
TRBV20-1,TRBJ2-1,SASPHGDSNEQF,1
TRBV20-1,TRBJ2-1,SASPHGGHEQF,5
TRBV20-1,TRBJ2-1,SASPHGGSSSYNEQF,1
TRBV20-1,TRBJ2-1,SASPHGGSSYNEQF,2
TRBV20-1,TRBJ2-1,SASPHGGYNEQF,1
TRBV20-1,TRBJ2-1,SASPHGPYNEQF,1
TRBV20-1,TRBJ2-1,SASPHGQF,1
TRBV20-1,TRBJ2-1,SASPHGQFPNNEQF,1
TRBV20-1,TRBJ2-1,SASPHGRGNEQF,1
TRBV20-1,TRBJ2-1,SASPHGRGRESYNEQF,1
TRBV20-1,TRBJ2-1,SASPHGSSYNEQF,1
TRBV20-1,TRBJ2-1,SASPHGSTYNEQF,1
TRBV20-1,TRBJ2-1,SASPHGTRSYNEQF,1
TRBV20-1,TRBJ2-1,SASPHGVVYNEQF,1
TRBV20-1,TRBJ2-1,SASPHGYNEQF,7
TRBV20-1,TRBJ2-1,SASPHHISYNEQF,1
TRBV20-1,TRBJ2-1,SASPHHNEQF,9
TRBV20-1,TRBJ2-1,SASPHISGNEQF,1
TRBV20-1,TRBJ2-1,SASPHISRVPNEQF,1
TRBV20-1,TRBJ2-1,SASPHISYNEQF,1
TRBV20-1,TRBJ2-1,SASPHKSGLANEQF,1
TRBV20-1,TRBJ2-1,SASPHKTSRQDWYNEQF,1
TRBV20-1,TRBJ2-1,SASPHLAAYNEQF,1
TRBV20-1,TRBJ2-1,SASPHLAGAYNEQF,1
TRBV20-1,TRBJ2-1,SASPHLAGENEQF,1
TRBV20-1,TRBJ2-1,SASPHLAGGHEQF,1
TRBV20-1,TRBJ2-1,SASPHLAGGPHEQF,1
TRBV20-1,TRBJ2-1,SASPHLAGIYNEQF,1
TRBV20-1,TRBJ2-1,SASPHLGTTLYNEQF,3
TRBV20-1,TRBJ2-1,SASPHLLHSSYNEQF,1
TRBV20-1,TRBJ2-1,SASPHLPGLAGESSYNEQF,1
TRBV20-1,TRBJ2-1,SASPHLRNALAGASYNEQF,1
TRBV20-1,TRBJ2-1,SASPHNEQF,20
TRBV20-1,TRBJ2-1,SASPHNNRDEQF,1
TRBV20-1,TRBJ2-1,SASPHPGFSYNEQF,1
TRBV20-1,TRBJ2-1,SASPHPGNEQF,4
TRBV20-1,TRBJ2-1,SASPHPKAGGPLYNEQF,1
TRBV20-1,TRBJ2-1,SASPHPNEQF,1
TRBV20-1,TRBJ2-1,SASPHPPLYNEQF,1
TRBV20-1,TRBJ2-1,SASPHPPYDEQF,1
TRBV20-1,TRBJ2-1,SASPHPRSEARASYYIEQF,1
TRBV20-1,TRBJ2-1,SASPHPSGSYYNEQF,1
TRBV20-1,TRBJ2-1,SASPHPVRSYNEQF,1
TRBV20-1,TRBJ2-1,SASPHQANEQF,1
TRBV20-1,TRBJ2-1,SASPHQGASYNEQF,1
TRBV20-1,TRBJ2-1,SASPHQLADNNEQF,1
TRBV20-1,TRBJ2-1,SASPHQLAGSYNEQF,1
TRBV20-1,TRBJ2-1,SASPHQSSYNEQF,1
TRBV20-1,TRBJ2-1,SASPHQTVYNEQF,2
TRBV20-1,TRBJ2-1,SASPHRDLNNEQF,1
TRBV20-1,TRBJ2-1,SASPHRDRVHEQF,1
TRBV20-1,TRBJ2-1,SASPHRDRVNEQF,4
TRBV20-1,TRBJ2-1,SASPHRGASYNEQF,1
TRBV20-1,TRBJ2-1,SASPHRGAYNEQF,1
TRBV20-1,TRBJ2-1,SASPHRGNEQF,1
TRBV20-1,TRBJ2-1,SASPHRGPGIDEQF,1
TRBV20-1,TRBJ2-1,SASPHRGSSYNEQF,1
TRBV20-1,TRBJ2-1,SASPHRGTSGVPYNEQF,1
TRBV20-1,TRBJ2-1,SASPHRGYRISSYNEQF,1
TRBV20-1,TRBJ2-1,SASPHRGYRNEQF,1
TRBV20-1,TRBJ2-1,SASPHRLAGNYNEQF,2
TRBV20-1,TRBJ2-1,SASPHRSYNEQF,1
TRBV20-1,TRBJ2-1,SASPHRTGGYNEQF,1
TRBV20-1,TRBJ2-1,SASPHRVDYNEQF,1
TRBV20-1,TRBJ2-1,SASPHSALSIYNEQF,1
TRBV20-1,TRBJ2-1,SASPHSENNEQF,1
TRBV20-1,TRBJ2-1,SASPHSEQF,5
TRBV20-1,TRBJ2-1,SASPHSGAYNEQF,2
TRBV20-1,TRBJ2-1,SASPHSGIGYEQF,7
TRBV20-1,TRBJ2-1,SASPHSGNWYNEQF,1
TRBV20-1,TRBJ2-1,SASPHSGRAYNEQF,1
TRBV20-1,TRBJ2-1,SASPHSGRDNEQF,1
TRBV20-1,TRBJ2-1,SASPHSGRGYNEQF,1
TRBV20-1,TRBJ2-1,SASPHSGRSYNEQF,1
TRBV20-1,TRBJ2-1,SASPHSGSLYEQF,1
TRBV20-1,TRBJ2-1,SASPHSGSYNEQF,1
TRBV20-1,TRBJ2-1,SASPHSGTYNEQF,1
TRBV20-1,TRBJ2-1,SASPHSHNEQF,1
TRBV20-1,TRBJ2-1,SASPHSSYNEQF,1
TRBV20-1,TRBJ2-1,SASPHSVSSYNEQF,1
TRBV20-1,TRBJ2-1,SASPHSYNELL,1
TRBV20-1,TRBJ2-1,SASPHSYNEQF,11
TRBV20-1,TRBJ2-1,SASPHSYQGYYNEQF,1
TRBV20-1,TRBJ2-1,SASPHTGGDNEQF,1
TRBV20-1,TRBJ2-1,SASPHTGSYNEQF,1
TRBV20-1,TRBJ2-1,SASPHTGTGNYEQF,1
TRBV20-1,TRBJ2-1,SASPHTLASYYNEQF,1
TRBV20-1,TRBJ2-1,SASPHTLGEQF,7
TRBV20-1,TRBJ2-1,SASPHTSEKGLRYNEQF,1
TRBV20-1,TRBJ2-1,SASPHTSGRYYEQF,1
TRBV20-1,TRBJ2-1,SASPHTSPNEQF,1
TRBV20-1,TRBJ2-1,SASPHTTAEQF,1
TRBV20-1,TRBJ2-1,SASPHTTTEQF,15
TRBV20-1,TRBJ2-1,SASPHTYNEQF,1
TRBV20-1,TRBJ2-1,SASPHVRSYNEQF,1
TRBV20-1,TRBJ2-1,SASPHVRTSGPYNEQF,1
TRBV20-1,TRBJ2-1,SASPHVSYNEQF,2
TRBV20-1,TRBJ2-1,SASPHWALNEQF,1
TRBV20-1,TRBJ2-1,SASPHWASGFDNEQF,1
TRBV20-1,TRBJ2-1,SASPHWASGRFSYNEQF,1
TRBV20-1,TRBJ2-1,SASPHYGNEQF,1
TRBV20-1,TRBJ2-1,SASPHYNEQF,1
TRBV20-1,TRBJ2-1,SASPHYQGVIWYNEQF,1
TRBV20-1,TRBJ2-1,SASPHYRNEQF,1
TRBV20-1,TRBJ2-1,SASPIAAGDYNEQF,1
TRBV20-1,TRBJ2-1,SASPIAAGVYNEQF,1
TRBV20-1,TRBJ2-1,SASPIAASSYNEQF,2
TRBV20-1,TRBJ2-1,SASPIADRGVVYNEQF,1
TRBV20-1,TRBJ2-1,SASPIAEGLNEQF,1
TRBV20-1,TRBJ2-1,SASPIAELGYEQF,1
TRBV20-1,TRBJ2-1,SASPIAERLDEQF,1
TRBV20-1,TRBJ2-1,SASPIAGALDEQF,1
TRBV20-1,TRBJ2-1,SASPIAGAYNEQF,1
TRBV20-1,TRBJ2-1,SASPIAGDSDYNEQF,1
TRBV20-1,TRBJ2-1,SASPIAGEGYNEQF,1
TRBV20-1,TRBJ2-1,SASPIAGESYNEQF,1
TRBV20-1,TRBJ2-1,SASPIAGGGNEQF,1
TRBV20-1,TRBJ2-1,SASPIAGGGWVNEQF,1
TRBV20-1,TRBJ2-1,SASPIAGGGYNEQF,2
TRBV20-1,TRBJ2-1,SASPIAGGIYNEQF,1
TRBV20-1,TRBJ2-1,SASPIAGGLDEQF,1
TRBV20-1,TRBJ2-1,SASPIAGGLYNEQF,1
TRBV20-1,TRBJ2-1,SASPIAGGNNEQF,1
TRBV20-1,TRBJ2-1,SASPIAGGPLNEQF,5
TRBV20-1,TRBJ2-1,SASPIAGGPVDEQF,1
TRBV20-1,TRBJ2-1,SASPIAGGPYNEQF,1
TRBV20-1,TRBJ2-1,SASPIAGGSYNEQF,3
TRBV20-1,TRBJ2-1,SASPIAGGYNEQF,11
TRBV20-1,TRBJ2-1,SASPIAGHYNEQF,1
TRBV20-1,TRBJ2-1,SASPIAGISYNEQF,1
TRBV20-1,TRBJ2-1,SASPIAGKYNEQF,1
TRBV20-1,TRBJ2-1,SASPIAGRGNEQF,1
TRBV20-1,TRBJ2-1,SASPIAGRGTYNEQF,3
TRBV20-1,TRBJ2-1,SASPIAGRYNEQF,1
TRBV20-1,TRBJ2-1,SASPIAGSTNEQF,1
TRBV20-1,TRBJ2-1,SASPIAGSYNEQF,2
TRBV20-1,TRBJ2-1,SASPIAGTAYNEQF,1
TRBV20-1,TRBJ2-1,SASPIAGTISYNEQF,1
TRBV20-1,TRBJ2-1,SASPIAGTYNEQF,6
TRBV20-1,TRBJ2-1,SASPIAGVGNEQF,1
TRBV20-1,TRBJ2-1,SASPIAGVQDEQF,3
TRBV20-1,TRBJ2-1,SASPIAGVYNEQF,1
TRBV20-1,TRBJ2-1,SASPIAGYYNEQF,1
TRBV20-1,TRBJ2-1,SASPIAIYNEQF,1
TRBV20-1,TRBJ2-1,SASPIALSGRHSYNEQF,1
TRBV20-1,TRBJ2-1,SASPIAMGYNEQF,1
TRBV20-1,TRBJ2-1,SASPIANEQF,1
TRBV20-1,TRBJ2-1,SASPIARSSYNEQF,1
TRBV20-1,TRBJ2-1,SASPIASGGPYNEQF,1
TRBV20-1,TRBJ2-1,SASPIAYNEQF,1
TRBV20-1,TRBJ2-1,SASPIDLREQF,5
TRBV20-1,TRBJ2-1,SASPIDRAMWNEQF,1
TRBV20-1,TRBJ2-1,SASPIDRGNYNEQF,1
TRBV20-1,TRBJ2-1,SASPIDSHNEQF,1
TRBV20-1,TRBJ2-1,SASPIDSYNEQF,1
TRBV20-1,TRBJ2-1,SASPIEGSYNEQF,1
TRBV20-1,TRBJ2-1,SASPIEGTSGYNEQF,1
TRBV20-1,TRBJ2-1,SASPIELAGANEQF,1
TRBV20-1,TRBJ2-1,SASPIEPSGIYNEQF,3
TRBV20-1,TRBJ2-1,SASPIESYNEQF,5
TRBV20-1,TRBJ2-1,SASPIFDNEQF,3
TRBV20-1,TRBJ2-1,SASPIFHEQF,1
TRBV20-1,TRBJ2-1,SASPIFSRAYNEQF,1
TRBV20-1,TRBJ2-1,SASPIGAGTSVYNEQF,1
TRBV20-1,TRBJ2-1,SASPIGASGYNEQF,1
TRBV20-1,TRBJ2-1,SASPIGDEQF,4
TRBV20-1,TRBJ2-1,SASPIGGGDEQF,7
TRBV20-1,TRBJ2-1,SASPIGGRGYNEQF,2
TRBV20-1,TRBJ2-1,SASPIGGSGSYNEQF,1
TRBV20-1,TRBJ2-1,SASPIGGSNEQF,1
TRBV20-1,TRBJ2-1,SASPIGGSYNEQF,1
TRBV20-1,TRBJ2-1,SASPIGGTNEQF,1
TRBV20-1,TRBJ2-1,SASPIGGTRPYNEQF,1
TRBV20-1,TRBJ2-1,SASPIGGYYNEQF,1
TRBV20-1,TRBJ2-1,SASPIGLAESSYNEQF,1
TRBV20-1,TRBJ2-1,SASPIGLAGEGTYNEQF,1
TRBV20-1,TRBJ2-1,SASPIGLAGGSLAGYNEQF,2
TRBV20-1,TRBJ2-1,SASPIGLAGNEQF,3
TRBV20-1,TRBJ2-1,SASPIGLARGSLAGYNEQF,1
TRBV20-1,TRBJ2-1,SASPIGLAYNEQF,1
TRBV20-1,TRBJ2-1,SASPIGLRNEQF,1
TRBV20-1,TRBJ2-1,SASPIGLTYNEQF,1
TRBV20-1,TRBJ2-1,SASPIGNEQF,1
TRBV20-1,TRBJ2-1,SASPIGPDEQF,1
TRBV20-1,TRBJ2-1,SASPIGPWRELADEQF,1
TRBV20-1,TRBJ2-1,SASPIGQGEFSIFYNEQF,1
TRBV20-1,TRBJ2-1,SASPIGQNLYNEQF,5
TRBV20-1,TRBJ2-1,SASPIGQPAYNEQF,1
TRBV20-1,TRBJ2-1,SASPIGRERAYNEQF,1
TRBV20-1,TRBJ2-1,SASPIGRESSYNEHF,1
TRBV20-1,TRBJ2-1,SASPIGRESSYNEQF,13
TRBV20-1,TRBJ2-1,SASPIGREWGRNEQF,1
TRBV20-1,TRBJ2-1,SASPIGRGDEQF,1
TRBV20-1,TRBJ2-1,SASPIGRGSSYNEQF,1
TRBV20-1,TRBJ2-1,SASPIGRINYNEQF,1
TRBV20-1,TRBJ2-1,SASPIGRVSSYNEQF,1
TRBV20-1,TRBJ2-1,SASPIGSGSDNEQF,2
TRBV20-1,TRBJ2-1,SASPIGSGSLSYNEQF,1
TRBV20-1,TRBJ2-1,SASPIGSHNEQF,1
TRBV20-1,TRBJ2-1,SASPIGSVNEQF,1
TRBV20-1,TRBJ2-1,SASPIGSYNEQF,1
TRBV20-1,TRBJ2-1,SASPIGTGSSYNEQF,2
TRBV20-1,TRBJ2-1,SASPIGTKYNEQF,2
TRBV20-1,TRBJ2-1,SASPIGTSGRNEQF,2
TRBV20-1,TRBJ2-1,SASPIGTSGSYNEQF,4
TRBV20-1,TRBJ2-1,SASPIGTSIYNEQF,1
TRBV20-1,TRBJ2-1,SASPIGYEQF,1
TRBV20-1,TRBJ2-1,SASPIGYNSYNEQF,1
TRBV20-1,TRBJ2-1,SASPIHNEQF,2
TRBV20-1,TRBJ2-1,SASPIIAGVYNEQF,1
TRBV20-1,TRBJ2-1,SASPIIDNEQF,1
TRBV20-1,TRBJ2-1,SASPIIGNSYNEQF,1
TRBV20-1,TRBJ2-1,SASPIIRERSYNEQF,1
TRBV20-1,TRBJ2-1,SASPIITSSYNEQF,1
TRBV20-1,TRBJ2-1,SASPIKGGGIDNEQF,1
TRBV20-1,TRBJ2-1,SASPIKITPLAGGYEQF,1
TRBV20-1,TRBJ2-1,SASPIKRPSYNEQF,1
TRBV20-1,TRBJ2-1,SASPIKRSGRVNEQF,1
TRBV20-1,TRBJ2-1,SASPILAARNEQF,1
TRBV20-1,TRBJ2-1,SASPILADAYNEQF,1
TRBV20-1,TRBJ2-1,SASPILADYNEQF,1
TRBV20-1,TRBJ2-1,SASPILAGATNEQF,1
TRBV20-1,TRBJ2-1,SASPILAGDYNEQF,1
TRBV20-1,TRBJ2-1,SASPILAGEDNEQF,1
TRBV20-1,TRBJ2-1,SASPILAGEWSQRGNEQF,1
TRBV20-1,TRBJ2-1,SASPILAGEYNEQF,1
TRBV20-1,TRBJ2-1,SASPILAGVLNEQF,1
TRBV20-1,TRBJ2-1,SASPILAGVVNEQF,1
TRBV20-1,TRBJ2-1,SASPILAGVYNEQF,1
TRBV20-1,TRBJ2-1,SASPILAPSYNEQF,1
TRBV20-1,TRBJ2-1,SASPILASGYNEQF,1
TRBV20-1,TRBJ2-1,SASPILASISYNEQF,1
TRBV20-1,TRBJ2-1,SASPILATSSYNEQF,1
TRBV20-1,TRBJ2-1,SASPILDPYNEQF,1
TRBV20-1,TRBJ2-1,SASPILGDTGNEQF,1
TRBV20-1,TRBJ2-1,SASPILGEIYEQF,1
TRBV20-1,TRBJ2-1,SASPILGESSYNEQF,1
TRBV20-1,TRBJ2-1,SASPILGLAGGNEQF,1
TRBV20-1,TRBJ2-1,SASPILGNEQF,1
TRBV20-1,TRBJ2-1,SASPILGPPNNEQF,1
TRBV20-1,TRBJ2-1,SASPILGRELSYNEQF,1
TRBV20-1,TRBJ2-1,SASPILGSGRANEQF,1
TRBV20-1,TRBJ2-1,SASPILGTSGSVSRYNEQF,1
TRBV20-1,TRBJ2-1,SASPILGYNEQF,1
TRBV20-1,TRBJ2-1,SASPILLAGNEQF,1
TRBV20-1,TRBJ2-1,SASPILPSSYNEQF,1
TRBV20-1,TRBJ2-1,SASPILQGGTSEQF,22
TRBV20-1,TRBJ2-1,SASPILSDNEQF,1
TRBV20-1,TRBJ2-1,SASPILSSGSEYNEQF,2
TRBV20-1,TRBJ2-1,SASPILVGVSQNEQF,1
TRBV20-1,TRBJ2-1,SASPILWGGNNEQF,1
TRBV20-1,TRBJ2-1,SASPILYNEQF,1
TRBV20-1,TRBJ2-1,SASPIMGLNEQF,1
TRBV20-1,TRBJ2-1,SASPIMRAHEQF,1
TRBV20-1,TRBJ2-1,SASPIMTSGRYNEQF,1
TRBV20-1,TRBJ2-1,SASPIMVNSYNEQF,6
TRBV20-1,TRBJ2-1,SASPINEQF,4
TRBV20-1,TRBJ2-1,SASPINGLGGNEQF,4
TRBV20-1,TRBJ2-1,SASPINNEQF,2
TRBV20-1,TRBJ2-1,SASPINSGSSYNEQF,1
TRBV20-1,TRBJ2-1,SASPINSYNEQF,1
TRBV20-1,TRBJ2-1,SASPINYNEQF,1
TRBV20-1,TRBJ2-1,SASPIPANEQF,1
TRBV20-1,TRBJ2-1,SASPIPDSGKPIYNEQF,1
TRBV20-1,TRBJ2-1,SASPIPEGIDNEQF,1
TRBV20-1,TRBJ2-1,SASPIPFWSYNEQF,1
TRBV20-1,TRBJ2-1,SASPIPGAEAGSEQF,7
TRBV20-1,TRBJ2-1,SASPIPGAYNEQF,1
TRBV20-1,TRBJ2-1,SASPIPGLAGGSSYNEQF,1
TRBV20-1,TRBJ2-1,SASPIPGLAGIYNEQF,1
TRBV20-1,TRBJ2-1,SASPIPGLAGIYYEQS,1
TRBV20-1,TRBJ2-1,SASPIPGLGEQF,1
TRBV20-1,TRBJ2-1,SASPIPGQGQNEQF,1
TRBV20-1,TRBJ2-1,SASPIPGQGSPSLYNEQF,1
TRBV20-1,TRBJ2-1,SASPIPGTGGVDEQF,1
TRBV20-1,TRBJ2-1,SASPIPKPLALTSNEQF,1
TRBV20-1,TRBJ2-1,SASPIPNSSRYNEQF,1
TRBV20-1,TRBJ2-1,SASPIPPTGGEWTDNEQF,1
TRBV20-1,TRBJ2-1,SASPIPQGYNEQF,1
TRBV20-1,TRBJ2-1,SASPIPQRNEQF,1
TRBV20-1,TRBJ2-1,SASPIPRISYNEQF,1
TRBV20-1,TRBJ2-1,SASPIPSWTSSNEQF,1
TRBV20-1,TRBJ2-1,SASPIQAYNEQF,1
TRBV20-1,TRBJ2-1,SASPIQGATYNEQF,1
TRBV20-1,TRBJ2-1,SASPIQGLAANEQF,5
TRBV20-1,TRBJ2-1,SASPIQGRGYNEQF,1
TRBV20-1,TRBJ2-1,SASPIQIFYNEQF,1
TRBV20-1,TRBJ2-1,SASPIQSPSYNEQF,1
TRBV20-1,TRBJ2-1,SASPIQTSGSFNEQF,1
TRBV20-1,TRBJ2-1,SASPIRAGLEPNEQF,1
TRBV20-1,TRBJ2-1,SASPIRASSYNEQF,1
TRBV20-1,TRBJ2-1,SASPIRDEQF,14
TRBV20-1,TRBJ2-1,SASPIRDRGARGEQF,4
TRBV20-1,TRBJ2-1,SASPIRDRGPNEQF,1
TRBV20-1,TRBJ2-1,SASPIRDRKSNEQF,1
TRBV20-1,TRBJ2-1,SASPIREASYNEQF,1
TRBV20-1,TRBJ2-1,SASPIRESSYNEQF,1
TRBV20-1,TRBJ2-1,SASPIRGEQF,23
TRBV20-1,TRBJ2-1,SASPIRGERYNEQF,1
TRBV20-1,TRBJ2-1,SASPIRGGHPYNEQF,1
TRBV20-1,TRBJ2-1,SASPIRGGQF,1
TRBV20-1,TRBJ2-1,SASPIRGISYNEQF,1
TRBV20-1,TRBJ2-1,SASPIRGNDEQF,1
TRBV20-1,TRBJ2-1,SASPIRGRKEGNEQF,6
TRBV20-1,TRBJ2-1,SASPIRGRNEQF,1
TRBV20-1,TRBJ2-1,SASPIRGVDEQF,1
TRBV20-1,TRBJ2-1,SASPIRISHNEQF,1
TRBV20-1,TRBJ2-1,SASPIRLAVYNEQF,1
TRBV20-1,TRBJ2-1,SASPIRLYNEQF,1
TRBV20-1,TRBJ2-1,SASPIRMNEQF,1
TRBV20-1,TRBJ2-1,SASPIRQGHNEQF,1
TRBV20-1,TRBJ2-1,SASPIRQGRHNEQF,1
TRBV20-1,TRBJ2-1,SASPIRQGTYNEQF,1
TRBV20-1,TRBJ2-1,SASPIRREGPNEQF,1
TRBV20-1,TRBJ2-1,SASPIRRLGYSSYNEQF,1
TRBV20-1,TRBJ2-1,SASPIRSRDNEQF,1
TRBV20-1,TRBJ2-1,SASPIRTSGNSYNEQF,2
TRBV20-1,TRBJ2-1,SASPIRVYNEQF,1
TRBV20-1,TRBJ2-1,SASPISDYNEQF,1
TRBV20-1,TRBJ2-1,SASPISGAFYNEQF,1
TRBV20-1,TRBJ2-1,SASPISGGADNEQF,2
TRBV20-1,TRBJ2-1,SASPISGGPNEQF,1
TRBV20-1,TRBJ2-1,SASPISGKSYNEQF,1
TRBV20-1,TRBJ2-1,SASPISGLTSYNEQF,4
TRBV20-1,TRBJ2-1,SASPISGRADNEQF,1
TRBV20-1,TRBJ2-1,SASPISGRALVLSYNEQF,1
TRBV20-1,TRBJ2-1,SASPISGRGSYNEQF,1
TRBV20-1,TRBJ2-1,SASPISGRYYNEQF,1
TRBV20-1,TRBJ2-1,SASPISGSSYNEQF,2
TRBV20-1,TRBJ2-1,SASPISGTSYNEQF,1
TRBV20-1,TRBJ2-1,SASPISGVNEQF,1
TRBV20-1,TRBJ2-1,SASPISLSYNEQF,2
TRBV20-1,TRBJ2-1,SASPISNEQF,7
TRBV20-1,TRBJ2-1,SASPISRLAGDYNEQF,1
TRBV20-1,TRBJ2-1,SASPISRPGRSNSYNEQF,2
TRBV20-1,TRBJ2-1,SASPISSGGSSYNEQF,1
TRBV20-1,TRBJ2-1,SASPISSGLYNEQF,1
TRBV20-1,TRBJ2-1,SASPISSYNEQF,6
TRBV20-1,TRBJ2-1,SASPISYNEQF,2
TRBV20-1,TRBJ2-1,SASPITAPSNEQF,6
TRBV20-1,TRBJ2-1,SASPITAPTNEQF,1
TRBV20-1,TRBJ2-1,SASPITGLGGAGAGNEQF,1
TRBV20-1,TRBJ2-1,SASPITGSSYNEQF,1
TRBV20-1,TRBJ2-1,SASPITGTYNEQF,1
TRBV20-1,TRBJ2-1,SASPITRYNEQF,2
TRBV20-1,TRBJ2-1,SASPITSGAANEQF,1
TRBV20-1,TRBJ2-1,SASPITSGIYNEQF,1
TRBV20-1,TRBJ2-1,SASPITSGLNNEQF,1
TRBV20-1,TRBJ2-1,SASPITSGRNNEQF,1
TRBV20-1,TRBJ2-1,SASPITSGSLYEQF,1
TRBV20-1,TRBJ2-1,SASPITSYNEQF,1
TRBV20-1,TRBJ2-1,SASPITTGFNEQF,1
TRBV20-1,TRBJ2-1,SASPIVGEGRNEQF,8
TRBV20-1,TRBJ2-1,SASPIVGQDHNEQF,1
TRBV20-1,TRBJ2-1,SASPIVLNSYNEQF,1
TRBV20-1,TRBJ2-1,SASPIVLTSGSSLNEQF,1
TRBV20-1,TRBJ2-1,SASPIVRDSYNEQF,1
TRBV20-1,TRBJ2-1,SASPIVSPYNEQF,1
TRBV20-1,TRBJ2-1,SASPIVSSYNEQF,11
TRBV20-1,TRBJ2-1,SASPIWRESLDEQF,1
TRBV20-1,TRBJ2-1,SASPIYEQF,1
TRBV20-1,TRBJ2-1,SASPIYNEQF,3
TRBV20-1,TRBJ2-1,SASPIYVGSYNEQF,1
TRBV20-1,TRBJ2-1,SASPKAGAYNEQF,1
TRBV20-1,TRBJ2-1,SASPKAGEDSYNEQF,1
TRBV20-1,TRBJ2-1,SASPKAGSYNEQF,1
TRBV20-1,TRBJ2-1,SASPKAGVGLDEQF,2
TRBV20-1,TRBJ2-1,SASPKASTYNEQF,1
TRBV20-1,TRBJ2-1,SASPKAVSGSDEQF,2
TRBV20-1,TRBJ2-1,SASPKDEQF,1
TRBV20-1,TRBJ2-1,SASPKDRGLENEQF,1
TRBV20-1,TRBJ2-1,SASPKDRGLLHEQF,1
TRBV20-1,TRBJ2-1,SASPKEQF,2
TRBV20-1,TRBJ2-1,SASPKEQYPYYEQF,1
TRBV20-1,TRBJ2-1,SASPKFVSYNEQF,5
TRBV20-1,TRBJ2-1,SASPKGAGGYNEQF,1
TRBV20-1,TRBJ2-1,SASPKGGPYLVNEQF,1
TRBV20-1,TRBJ2-1,SASPKGGSSYNEQF,1
TRBV20-1,TRBJ2-1,SASPKGGTSGSMASYNEQF,1
TRBV20-1,TRBJ2-1,SASPKGILGNEQF,1
TRBV20-1,TRBJ2-1,SASPKGLTLYNEQF,1
TRBV20-1,TRBJ2-1,SASPKGNEQF,1
TRBV20-1,TRBJ2-1,SASPKGPFHNEQF,1
TRBV20-1,TRBJ2-1,SASPKGQGRRNEQF,1
TRBV20-1,TRBJ2-1,SASPKGRDRRYNEQF,1
TRBV20-1,TRBJ2-1,SASPKGRSKYNEQF,1
TRBV20-1,TRBJ2-1,SASPKGRTLNEQF,1
TRBV20-1,TRBJ2-1,SASPKGRTSYNEQF,2
TRBV20-1,TRBJ2-1,SASPKGSYNEQF,2
TRBV20-1,TRBJ2-1,SASPKGTGLSYNEQF,1
TRBV20-1,TRBJ2-1,SASPKGTQYYNEQF,1
TRBV20-1,TRBJ2-1,SASPKGTSGREYEQF,1
TRBV20-1,TRBJ2-1,SASPKGVSGSDEQF,3
TRBV20-1,TRBJ2-1,SASPKGVYNEQF,1
TRBV20-1,TRBJ2-1,SASPKGWDRGTSGSGNEQF,1
TRBV20-1,TRBJ2-1,SASPKHPYNEQF,1
TRBV20-1,TRBJ2-1,SASPKHYYNEQF,1
TRBV20-1,TRBJ2-1,SASPKIFGVPSSYNEQF,1
TRBV20-1,TRBJ2-1,SASPKILSVGYNEQF,1
TRBV20-1,TRBJ2-1,SASPKISGRVGNNEQF,1
TRBV20-1,TRBJ2-1,SASPKISYNEQF,1
TRBV20-1,TRBJ2-1,SASPKITYNEQF,1
TRBV20-1,TRBJ2-1,SASPKKGLNEQF,4
TRBV20-1,TRBJ2-1,SASPKKGLSYNEQF,1
TRBV20-1,TRBJ2-1,SASPKKNNEQF,1
TRBV20-1,TRBJ2-1,SASPKKNSGREYEQF,1
TRBV20-1,TRBJ2-1,SASPKKRGYNEQF,1
TRBV20-1,TRBJ2-1,SASPKLAAGSSYNEQF,1
TRBV20-1,TRBJ2-1,SASPKLAATYNEQF,1
TRBV20-1,TRBJ2-1,SASPKLAAYNEQF,1
TRBV20-1,TRBJ2-1,SASPKLADAYNEQF,1
TRBV20-1,TRBJ2-1,SASPKLADNEQF,2
TRBV20-1,TRBJ2-1,SASPKLAFNEQF,1
TRBV20-1,TRBJ2-1,SASPKLAGGLNEQF,1
TRBV20-1,TRBJ2-1,SASPKLAGGYNEQF,2
TRBV20-1,TRBJ2-1,SASPKLAGHYNEQF,3
TRBV20-1,TRBJ2-1,SASPKLASGDEQF,1
TRBV20-1,TRBJ2-1,SASPKLDEQF,1
TRBV20-1,TRBJ2-1,SASPKLEASGRASRYNEQF,1
TRBV20-1,TRBJ2-1,SASPKLISGSYNEQF,1
TRBV20-1,TRBJ2-1,SASPKLLAGVYNEQF,1
TRBV20-1,TRBJ2-1,SASPKLQGPNEQF,1
TRBV20-1,TRBJ2-1,SASPKLYEQF,1
TRBV20-1,TRBJ2-1,SASPKMLANEQF,1
TRBV20-1,TRBJ2-1,SASPKNEQF,3
TRBV20-1,TRBJ2-1,SASPKNREYNEQF,1
TRBV20-1,TRBJ2-1,SASPKNYNEQF,1
TRBV20-1,TRBJ2-1,SASPKPERRNSYNEQF,1
TRBV20-1,TRBJ2-1,SASPKPGLRNEQF,1
TRBV20-1,TRBJ2-1,SASPKPPVYDGNEQF,1
TRBV20-1,TRBJ2-1,SASPKPRSGIDEQF,1
TRBV20-1,TRBJ2-1,SASPKPRTQQF,2
TRBV20-1,TRBJ2-1,SASPKPSRTSGTYNEQF,1
TRBV20-1,TRBJ2-1,SASPKQF,1
TRBV20-1,TRBJ2-1,SASPKQGYNEQF,1
TRBV20-1,TRBJ2-1,SASPKQRFNEQF,1
TRBV20-1,TRBJ2-1,SASPKRASGRSGYNEQF,4
TRBV20-1,TRBJ2-1,SASPKRDEQF,1
TRBV20-1,TRBJ2-1,SASPKRDPRYNEQF,1
TRBV20-1,TRBJ2-1,SASPKRDPYNEQF,1
TRBV20-1,TRBJ2-1,SASPKRDRVDNEQF,1
TRBV20-1,TRBJ2-1,SASPKRDVSYNEQF,1
TRBV20-1,TRBJ2-1,SASPKREAYNEQF,1
TRBV20-1,TRBJ2-1,SASPKREWSYNEQF,1
TRBV20-1,TRBJ2-1,SASPKRGPTYNEQF,1
TRBV20-1,TRBJ2-1,SASPKRGVGYNEQF,1
TRBV20-1,TRBJ2-1,SASPKRRFNEQF,1
TRBV20-1,TRBJ2-1,SASPKRRSYNEQF,1
TRBV20-1,TRBJ2-1,SASPKSGYNEQF,2
TRBV20-1,TRBJ2-1,SASPKSNEQF,1
TRBV20-1,TRBJ2-1,SASPKSPLNEQF,1
TRBV20-1,TRBJ2-1,SASPKSPNNEQF,1
TRBV20-1,TRBJ2-1,SASPKSSYNEQF,3
TRBV20-1,TRBJ2-1,SASPKSYEQF,1
TRBV20-1,TRBJ2-1,SASPKTGAYNEQF,1
TRBV20-1,TRBJ2-1,SASPKTGGYYNEQF,1
TRBV20-1,TRBJ2-1,SASPKTGTSGYNEQF,1
TRBV20-1,TRBJ2-1,SASPKTGTSRYNEQF,1
TRBV20-1,TRBJ2-1,SASPKTHPYNEQF,1
TRBV20-1,TRBJ2-1,SASPKTPFPSGTTFYNEQF,1
TRBV20-1,TRBJ2-1,SASPKTPPTYNEQF,1
TRBV20-1,TRBJ2-1,SASPKTSGRAFNEQF,1
TRBV20-1,TRBJ2-1,SASPKTSGYNEQF,1
TRBV20-1,TRBJ2-1,SASPKTSIYYNEQF,1
TRBV20-1,TRBJ2-1,SASPKTTSGGRENEQF,1
TRBV20-1,TRBJ2-1,SASPKTYNEQF,1
TRBV20-1,TRBJ2-1,SASPKTYSYNEQF,1
TRBV20-1,TRBJ2-1,SASPKVAGSNEQF,1
TRBV20-1,TRBJ2-1,SASPKVGYNEQF,1
TRBV20-1,TRBJ2-1,SASPKVVFDNEQF,3
TRBV20-1,TRBJ2-1,SASPKVVFDSEQF,1
TRBV20-1,TRBJ2-1,SASPKVYEQF,1
TRBV20-1,TRBJ2-1,SASPKWGGGYNEQF,1
TRBV20-1,TRBJ2-1,SASPKWGGTRSSYNEQF,1
TRBV20-1,TRBJ2-1,SASPKYNEQF,1
TRBV20-1,TRBJ2-1,SASPLAAFYNEQF,1
TRBV20-1,TRBJ2-1,SASPLAAHYNEQF,1
TRBV20-1,TRBJ2-1,SASPLAAKNEQF,1
TRBV20-1,TRBJ2-1,SASPLAALRYEQF,1
TRBV20-1,TRBJ2-1,SASPLAALSYNEQF,2
TRBV20-1,TRBJ2-1,SASPLAALYNEQF,3
TRBV20-1,TRBJ2-1,SASPLAANEQF,1
TRBV20-1,TRBJ2-1,SASPLAANYNEQF,1
TRBV20-1,TRBJ2-1,SASPLAAPPRGYEQF,1
TRBV20-1,TRBJ2-1,SASPLAASSYNEQF,1
TRBV20-1,TRBJ2-1,SASPLAASYNEQF,4
TRBV20-1,TRBJ2-1,SASPLAATYNEQF,3
TRBV20-1,TRBJ2-1,SASPLAAVYNEQF,1
TRBV20-1,TRBJ2-1,SASPLAAYNEQF,10
TRBV20-1,TRBJ2-1,SASPLADAYNEQF,1
TRBV20-1,TRBJ2-1,SASPLADEQF,1
TRBV20-1,TRBJ2-1,SASPLADHNEQF,1
TRBV20-1,TRBJ2-1,SASPLADINEQF,1
TRBV20-1,TRBJ2-1,SASPLADLWDEQF,1
TRBV20-1,TRBJ2-1,SASPLADLYNEQF,1
TRBV20-1,TRBJ2-1,SASPLADNEQF,1
TRBV20-1,TRBJ2-1,SASPLADPLYNEQF,1
TRBV20-1,TRBJ2-1,SASPLADRVHEQF,5
TRBV20-1,TRBJ2-1,SASPLADSSYNEQF,1
TRBV20-1,TRBJ2-1,SASPLADSYNEQF,4
TRBV20-1,TRBJ2-1,SASPLADTDWNEQF,1
TRBV20-1,TRBJ2-1,SASPLADYNEQF,4
TRBV20-1,TRBJ2-1,SASPLAEAYNEQF,1
TRBV20-1,TRBJ2-1,SASPLAEDYNEQF,1
TRBV20-1,TRBJ2-1,SASPLAEEYNEQF,1
TRBV20-1,TRBJ2-1,SASPLAEGGNEQF,5
TRBV20-1,TRBJ2-1,SASPLAEGLNEQF,1
TRBV20-1,TRBJ2-1,SASPLAEGNDNEQF,2
TRBV20-1,TRBJ2-1,SASPLAEGNEQF,1
TRBV20-1,TRBJ2-1,SASPLAEGSDEQF,2
TRBV20-1,TRBJ2-1,SASPLAEGYNEQF,1
TRBV20-1,TRBJ2-1,SASPLAEHYNEQF,1
TRBV20-1,TRBJ2-1,SASPLAEIYNEQF,1
TRBV20-1,TRBJ2-1,SASPLAELYNEQF,1
TRBV20-1,TRBJ2-1,SASPLAEPYNEQF,1
TRBV20-1,TRBJ2-1,SASPLAERYNEQF,1
TRBV20-1,TRBJ2-1,SASPLAESHNEQF,1
TRBV20-1,TRBJ2-1,SASPLAESSYNEQF,3
TRBV20-1,TRBJ2-1,SASPLAESYNEQF,1
TRBV20-1,TRBJ2-1,SASPLAETYNEQF,4
TRBV20-1,TRBJ2-1,SASPLAEVYNEQF,1
TRBV20-1,TRBJ2-1,SASPLAEYNEQF,4
TRBV20-1,TRBJ2-1,SASPLAFSYNEQF,1
TRBV20-1,TRBJ2-1,SASPLAGACNEQF,1
TRBV20-1,TRBJ2-1,SASPLAGACYNEQF,1
TRBV20-1,TRBJ2-1,SASPLAGADNEQF,1
TRBV20-1,TRBJ2-1,SASPLAGAFNEQF,1
TRBV20-1,TRBJ2-1,SASPLAGAGDEQF,2
TRBV20-1,TRBJ2-1,SASPLAGAGINEQF,2
TRBV20-1,TRBJ2-1,SASPLAGAGNEQF,3
TRBV20-1,TRBJ2-1,SASPLAGAGYNEQF,9
TRBV20-1,TRBJ2-1,SASPLAGAHEQF,1
TRBV20-1,TRBJ2-1,SASPLAGAHNEQF,3
TRBV20-1,TRBJ2-1,SASPLAGAINEQF,1
TRBV20-1,TRBJ2-1,SASPLAGAIYNEQF,1
TRBV20-1,TRBJ2-1,SASPLAGALGNEQF,1
TRBV20-1,TRBJ2-1,SASPLAGALNEQF,2
TRBV20-1,TRBJ2-1,SASPLAGALSSYNEQF,1
TRBV20-1,TRBJ2-1,SASPLAGALYNEQF,2
TRBV20-1,TRBJ2-1,SASPLAGANNEQF,1
TRBV20-1,TRBJ2-1,SASPLAGAPSYNEQF,1
TRBV20-1,TRBJ2-1,SASPLAGARDEQF,1
TRBV20-1,TRBJ2-1,SASPLAGARTGYNEQF,1
TRBV20-1,TRBJ2-1,SASPLAGARYEQF,1
TRBV20-1,TRBJ2-1,SASPLAGARYNEQF,1
TRBV20-1,TRBJ2-1,SASPLAGASSYNEQF,1
TRBV20-1,TRBJ2-1,SASPLAGASYNEQF,3
TRBV20-1,TRBJ2-1,SASPLAGATYNEQF,2
TRBV20-1,TRBJ2-1,SASPLAGAVNEQF,1
TRBV20-1,TRBJ2-1,SASPLAGAVYNEQF,1
TRBV20-1,TRBJ2-1,SASPLAGAWYEQF,1
TRBV20-1,TRBJ2-1,SASPLAGAYNEQF,45
TRBV20-1,TRBJ2-1,SASPLAGAYTEQF,1
TRBV20-1,TRBJ2-1,SASPLAGDEQF,6
TRBV20-1,TRBJ2-1,SASPLAGDHYNEQF,1
TRBV20-1,TRBJ2-1,SASPLAGDKHNEQF,1
TRBV20-1,TRBJ2-1,SASPLAGDNEQF,1
TRBV20-1,TRBJ2-1,SASPLAGDPNEQF,3
TRBV20-1,TRBJ2-1,SASPLAGDQNEQF,1
TRBV20-1,TRBJ2-1,SASPLAGDSYNEQF,2
TRBV20-1,TRBJ2-1,SASPLAGDWNEQF,1
TRBV20-1,TRBJ2-1,SASPLAGDWYEQF,5
TRBV20-1,TRBJ2-1,SASPLAGDYNEQF,16
TRBV20-1,TRBJ2-1,SASPLAGDYYNEQF,1
TRBV20-1,TRBJ2-1,SASPLAGEGNEQF,3
TRBV20-1,TRBJ2-1,SASPLAGEHNEQF,3
TRBV20-1,TRBJ2-1,SASPLAGEIDEQF,3
TRBV20-1,TRBJ2-1,SASPLAGEIHEQF,1
TRBV20-1,TRBJ2-1,SASPLAGEINEQF,1
TRBV20-1,TRBJ2-1,SASPLAGENEQF,1
TRBV20-1,TRBJ2-1,SASPLAGESNEQF,27
TRBV20-1,TRBJ2-1,SASPLAGESYNEQF,2
TRBV20-1,TRBJ2-1,SASPLAGEVTNEQF,1
TRBV20-1,TRBJ2-1,SASPLAGEYNEQF,4
TRBV20-1,TRBJ2-1,SASPLAGFDNEQF,1
TRBV20-1,TRBJ2-1,SASPLAGFGNEQF,1
TRBV20-1,TRBJ2-1,SASPLAGFNEQF,2
TRBV20-1,TRBJ2-1,SASPLAGFYNEQF,1
TRBV20-1,TRBJ2-1,SASPLAGGALYNEQF,1
TRBV20-1,TRBJ2-1,SASPLAGGANEQF,1
TRBV20-1,TRBJ2-1,SASPLAGGASYNEQF,1
TRBV20-1,TRBJ2-1,SASPLAGGDEQF,1
TRBV20-1,TRBJ2-1,SASPLAGGDNEQF,4
TRBV20-1,TRBJ2-1,SASPLAGGEGNEQF,1
TRBV20-1,TRBJ2-1,SASPLAGGEWAYNEQF,1
TRBV20-1,TRBJ2-1,SASPLAGGFNEQF,1
TRBV20-1,TRBJ2-1,SASPLAGGFNYNEQF,1
TRBV20-1,TRBJ2-1,SASPLAGGFYNEQF,4
TRBV20-1,TRBJ2-1,SASPLAGGGDEQF,3
TRBV20-1,TRBJ2-1,SASPLAGGGGDNEQF,3
TRBV20-1,TRBJ2-1,SASPLAGGGLQF,5
TRBV20-1,TRBJ2-1,SASPLAGGGNEQF,2
TRBV20-1,TRBJ2-1,SASPLAGGGSYNEQF,2
TRBV20-1,TRBJ2-1,SASPLAGGHNEQF,10
TRBV20-1,TRBJ2-1,SASPLAGGINEQF,2
TRBV20-1,TRBJ2-1,SASPLAGGIYNEQF,1
TRBV20-1,TRBJ2-1,SASPLAGGKGSYNEQF,7
TRBV20-1,TRBJ2-1,SASPLAGGKGYNEQF,1
TRBV20-1,TRBJ2-1,SASPLAGGKYEQF,1
TRBV20-1,TRBJ2-1,SASPLAGGLDEQF,1
TRBV20-1,TRBJ2-1,SASPLAGGLGEQF,9
TRBV20-1,TRBJ2-1,SASPLAGGLLEQF,3
TRBV20-1,TRBJ2-1,SASPLAGGLNEQF,13
TRBV20-1,TRBJ2-1,SASPLAGGLSSYNEQF,2
TRBV20-1,TRBJ2-1,SASPLAGGLSYNEQF,2
TRBV20-1,TRBJ2-1,SASPLAGGLYNEQF,16
TRBV20-1,TRBJ2-1,SASPLAGGMNEQF,1
TRBV20-1,TRBJ2-1,SASPLAGGNEQF,8
TRBV20-1,TRBJ2-1,SASPLAGGNNDQF,1
TRBV20-1,TRBJ2-1,SASPLAGGNNEQF,11
TRBV20-1,TRBJ2-1,SASPLAGGNYNEQF,1
TRBV20-1,TRBJ2-1,SASPLAGGPGYNEQF,1
TRBV20-1,TRBJ2-1,SASPLAGGPHEQF,1
TRBV20-1,TRBJ2-1,SASPLAGGPIYNEQF,1
TRBV20-1,TRBJ2-1,SASPLAGGPMGNEQF,3
TRBV20-1,TRBJ2-1,SASPLAGGPMRTDEQF,3
TRBV20-1,TRBJ2-1,SASPLAGGPNEQF,10
TRBV20-1,TRBJ2-1,SASPLAGGPNNEQF,1
TRBV20-1,TRBJ2-1,SASPLAGGPRRVWSNEQF,1
TRBV20-1,TRBJ2-1,SASPLAGGPRSSYNEQF,1
TRBV20-1,TRBJ2-1,SASPLAGGPSEQF,6
TRBV20-1,TRBJ2-1,SASPLAGGPSHNEQF,1
TRBV20-1,TRBJ2-1,SASPLAGGPSSYNEQF,3
TRBV20-1,TRBJ2-1,SASPLAGGPSYNEQF,1
TRBV20-1,TRBJ2-1,SASPLAGGPTYNEQF,1
TRBV20-1,TRBJ2-1,SASPLAGGPWNEQF,1
TRBV20-1,TRBJ2-1,SASPLAGGPYEQF,8
TRBV20-1,TRBJ2-1,SASPLAGGQNEQF,21
TRBV20-1,TRBJ2-1,SASPLAGGQYNEQF,5
TRBV20-1,TRBJ2-1,SASPLAGGREQF,1
TRBV20-1,TRBJ2-1,SASPLAGGRGINEQF,1
TRBV20-1,TRBJ2-1,SASPLAGGRGQF,1
TRBV20-1,TRBJ2-1,SASPLAGGRHEQF,1
TRBV20-1,TRBJ2-1,SASPLAGGRNEQF,29
TRBV20-1,TRBJ2-1,SASPLAGGRNNEQF,1
TRBV20-1,TRBJ2-1,SASPLAGGRVYEQF,1
TRBV20-1,TRBJ2-1,SASPLAGGRYEQF,6
TRBV20-1,TRBJ2-1,SASPLAGGSNEQF,2
TRBV20-1,TRBJ2-1,SASPLAGGSSSYNEQF,1
TRBV20-1,TRBJ2-1,SASPLAGGSSYNAQF,1
TRBV20-1,TRBJ2-1,SASPLAGGSSYNEQF,6
TRBV20-1,TRBJ2-1,SASPLAGGSYDEQF,1
TRBV20-1,TRBJ2-1,SASPLAGGSYNEQF,5
TRBV20-1,TRBJ2-1,SASPLAGGTYNEQF,2
TRBV20-1,TRBJ2-1,SASPLAGGVDEQF,1
TRBV20-1,TRBJ2-1,SASPLAGGVNEQF,10
TRBV20-1,TRBJ2-1,SASPLAGGVRDEQF,1
TRBV20-1,TRBJ2-1,SASPLAGGVSYNEQF,1
TRBV20-1,TRBJ2-1,SASPLAGGVYNEQF,5
TRBV20-1,TRBJ2-1,SASPLAGGWDYNEQF,1
TRBV20-1,TRBJ2-1,SASPLAGGWNEQF,11
TRBV20-1,TRBJ2-1,SASPLAGGYEQF,1
TRBV20-1,TRBJ2-1,SASPLAGGYNEQF,80
TRBV20-1,TRBJ2-1,SASPLAGHGDEQF,1
TRBV20-1,TRBJ2-1,SASPLAGHNEQF,3
TRBV20-1,TRBJ2-1,SASPLAGILSYNEQF,1
TRBV20-1,TRBJ2-1,SASPLAGINEQF,1
TRBV20-1,TRBJ2-1,SASPLAGISYNEQF,1
TRBV20-1,TRBJ2-1,SASPLAGITSSYNEQF,1
TRBV20-1,TRBJ2-1,SASPLAGITYNEQF,1
TRBV20-1,TRBJ2-1,SASPLAGIYNEQF,2
TRBV20-1,TRBJ2-1,SASPLAGKDNEQF,11
TRBV20-1,TRBJ2-1,SASPLAGKSDYNEQF,1
TRBV20-1,TRBJ2-1,SASPLAGKSSYNEQF,1
TRBV20-1,TRBJ2-1,SASPLAGKYNEQF,3
TRBV20-1,TRBJ2-1,SASPLAGLAGDEQF,1
TRBV20-1,TRBJ2-1,SASPLAGLDEQF,3
TRBV20-1,TRBJ2-1,SASPLAGLGGNNEQF,2
TRBV20-1,TRBJ2-1,SASPLAGLGNEQF,2
TRBV20-1,TRBJ2-1,SASPLAGLNEQF,18
TRBV20-1,TRBJ2-1,SASPLAGLSSYNEQF,9
TRBV20-1,TRBJ2-1,SASPLAGLSYNEQF,3
TRBV20-1,TRBJ2-1,SASPLAGLTGNEQF,1
TRBV20-1,TRBJ2-1,SASPLAGLTYNEQF,1
TRBV20-1,TRBJ2-1,SASPLAGLVNEQF,6
TRBV20-1,TRBJ2-1,SASPLAGLYNEQF,3
TRBV20-1,TRBJ2-1,SASPLAGMLNEQF,1
TRBV20-1,TRBJ2-1,SASPLAGNFNEQF,1
TRBV20-1,TRBJ2-1,SASPLAGNFYEQF,1
TRBV20-1,TRBJ2-1,SASPLAGNNNEQF,1
TRBV20-1,TRBJ2-1,SASPLAGNNYNEQF,1
TRBV20-1,TRBJ2-1,SASPLAGNSYNEQF,1
TRBV20-1,TRBJ2-1,SASPLAGNYNEQF,11
TRBV20-1,TRBJ2-1,SASPLAGPDNEQF,1
TRBV20-1,TRBJ2-1,SASPLAGPGNEQF,1
TRBV20-1,TRBJ2-1,SASPLAGPLNEQF,1
TRBV20-1,TRBJ2-1,SASPLAGPNEHF,1
TRBV20-1,TRBJ2-1,SASPLAGPNEQF,5
TRBV20-1,TRBJ2-1,SASPLAGPSLSYNEQF,1
TRBV20-1,TRBJ2-1,SASPLAGPTGF,18
TRBV20-1,TRBJ2-1,SASPLAGPTYNEQF,1
TRBV20-1,TRBJ2-1,SASPLAGPYNEQF,4
TRBV20-1,TRBJ2-1,SASPLAGRFTYNEQF,1
TRBV20-1,TRBJ2-1,SASPLAGRGAYNEQF,1
TRBV20-1,TRBJ2-1,SASPLAGRGDEQF,1
TRBV20-1,TRBJ2-1,SASPLAGRGEQF,6
TRBV20-1,TRBJ2-1,SASPLAGRHNEQF,1
TRBV20-1,TRBJ2-1,SASPLAGRIDEQF,1
TRBV20-1,TRBJ2-1,SASPLAGRKRGNEQF,1
TRBV20-1,TRBJ2-1,SASPLAGRNEEQF,2
TRBV20-1,TRBJ2-1,SASPLAGRNEQF,2
TRBV20-1,TRBJ2-1,SASPLAGRSDEQF,1
TRBV20-1,TRBJ2-1,SASPLAGRSGYNEQF,1
TRBV20-1,TRBJ2-1,SASPLAGRSPRNEQF,6
TRBV20-1,TRBJ2-1,SASPLAGRSYNEQF,5
TRBV20-1,TRBJ2-1,SASPLAGRYNEQF,1
TRBV20-1,TRBJ2-1,SASPLAGSAYNEQF,1
TRBV20-1,TRBJ2-1,SASPLAGSDNEQF,1
TRBV20-1,TRBJ2-1,SASPLAGSGSYNEQF,1
TRBV20-1,TRBJ2-1,SASPLAGSGYNEQF,2
TRBV20-1,TRBJ2-1,SASPLAGSLYNEQF,1
TRBV20-1,TRBJ2-1,SASPLAGSSSNEQF,1
TRBV20-1,TRBJ2-1,SASPLAGSSYNEQF,12
TRBV20-1,TRBJ2-1,SASPLAGSSYNKQF,1
TRBV20-1,TRBJ2-1,SASPLAGSTYNEQF,1
TRBV20-1,TRBJ2-1,SASPLAGSWNEQF,2
TRBV20-1,TRBJ2-1,SASPLAGSYNEQF,18
TRBV20-1,TRBJ2-1,SASPLAGTGLSYNEQF,1
TRBV20-1,TRBJ2-1,SASPLAGTNEQF,2
TRBV20-1,TRBJ2-1,SASPLAGTVYDEQF,1
TRBV20-1,TRBJ2-1,SASPLAGTYNEQF,12
TRBV20-1,TRBJ2-1,SASPLAGVANEQF,1
TRBV20-1,TRBJ2-1,SASPLAGVAYNEQF,1
TRBV20-1,TRBJ2-1,SASPLAGVDYNEQF,1
TRBV20-1,TRBJ2-1,SASPLAGVENEQF,3
TRBV20-1,TRBJ2-1,SASPLAGVEYNEQF,1
TRBV20-1,TRBJ2-1,SASPLAGVFHEQF,1
TRBV20-1,TRBJ2-1,SASPLAGVFIHEQF,1
TRBV20-1,TRBJ2-1,SASPLAGVGDEQF,1
TRBV20-1,TRBJ2-1,SASPLAGVGDQF,1
TRBV20-1,TRBJ2-1,SASPLAGVGEQF,1
TRBV20-1,TRBJ2-1,SASPLAGVGFYNEQF,1
TRBV20-1,TRBJ2-1,SASPLAGVGNEQF,8
TRBV20-1,TRBJ2-1,SASPLAGVGPYNEQF,2
TRBV20-1,TRBJ2-1,SASPLAGVGSYNEQF,1
TRBV20-1,TRBJ2-1,SASPLAGVGYEQF,2
TRBV20-1,TRBJ2-1,SASPLAGVGYNEQF,1
TRBV20-1,TRBJ2-1,SASPLAGVHNEQF,1
TRBV20-1,TRBJ2-1,SASPLAGVIKAQF,1
TRBV20-1,TRBJ2-1,SASPLAGVINEQF,2
TRBV20-1,TRBJ2-1,SASPLAGVINNEQF,1
TRBV20-1,TRBJ2-1,SASPLAGVKNEQF,1
TRBV20-1,TRBJ2-1,SASPLAGVLDEQF,1
TRBV20-1,TRBJ2-1,SASPLAGVLGNEQF,1
TRBV20-1,TRBJ2-1,SASPLAGVLYNEQF,1
TRBV20-1,TRBJ2-1,SASPLAGVMDEQF,2
TRBV20-1,TRBJ2-1,SASPLAGVMDNEQF,1
TRBV20-1,TRBJ2-1,SASPLAGVNEQF,5
TRBV20-1,TRBJ2-1,SASPLAGVPYNEQF,1
TRBV20-1,TRBJ2-1,SASPLAGVQVYNEQF,1
TRBV20-1,TRBJ2-1,SASPLAGVRIPNEQF,1
TRBV20-1,TRBJ2-1,SASPLAGVRNEQF,10
TRBV20-1,TRBJ2-1,SASPLAGVRYEQF,1
TRBV20-1,TRBJ2-1,SASPLAGVSLNEQF,1
TRBV20-1,TRBJ2-1,SASPLAGVSNEQF,3
TRBV20-1,TRBJ2-1,SASPLAGVSSYNEQF,1
TRBV20-1,TRBJ2-1,SASPLAGVSYNEQF,5
TRBV20-1,TRBJ2-1,SASPLAGVTGNEQF,2
TRBV20-1,TRBJ2-1,SASPLAGVTYNEQF,12
TRBV20-1,TRBJ2-1,SASPLAGVTYNGQF,1
TRBV20-1,TRBJ2-1,SASPLAGVVDEQF,5
TRBV20-1,TRBJ2-1,SASPLAGVWNEQF,4
TRBV20-1,TRBJ2-1,SASPLAGVYEQF,2
TRBV20-1,TRBJ2-1,SASPLAGVYNEQF,23
TRBV20-1,TRBJ2-1,SASPLAGWDSSYNEQF,1
TRBV20-1,TRBJ2-1,SASPLAGWNEQF,5
TRBV20-1,TRBJ2-1,SASPLAGYDEQF,1
TRBV20-1,TRBJ2-1,SASPLAGYEQF,1
TRBV20-1,TRBJ2-1,SASPLAGYNEQF,21
TRBV20-1,TRBJ2-1,SASPLAGYSSYNEQF,1
TRBV20-1,TRBJ2-1,SASPLAHNEQF,1
TRBV20-1,TRBJ2-1,SASPLAHSAHNEQF,1
TRBV20-1,TRBJ2-1,SASPLAISSYNEQF,1
TRBV20-1,TRBJ2-1,SASPLAKRQSSYNEQF,1
TRBV20-1,TRBJ2-1,SASPLALAGGPNEQF,4
TRBV20-1,TRBJ2-1,SASPLALPYNEQF,1
TRBV20-1,TRBJ2-1,SASPLALSDEQF,1
TRBV20-1,TRBJ2-1,SASPLALSSYNEQF,1
TRBV20-1,TRBJ2-1,SASPLALTRRNNEQF,3
TRBV20-1,TRBJ2-1,SASPLANAWNEQF,2
TRBV20-1,TRBJ2-1,SASPLANEQF,2
TRBV20-1,TRBJ2-1,SASPLANNNEQF,1
TRBV20-1,TRBJ2-1,SASPLAPEVYEQF,1
TRBV20-1,TRBJ2-1,SASPLAPFNEQF,1
TRBV20-1,TRBJ2-1,SASPLAPGNEQF,1
TRBV20-1,TRBJ2-1,SASPLAPSSYNEQF,2
TRBV20-1,TRBJ2-1,SASPLAPYNEQF,1
TRBV20-1,TRBJ2-1,SASPLAQHYNEQF,2
TRBV20-1,TRBJ2-1,SASPLARATYNEQF,1
TRBV20-1,TRBJ2-1,SASPLARERYNEQF,1
TRBV20-1,TRBJ2-1,SASPLARESDEQF,7
TRBV20-1,TRBJ2-1,SASPLARGSYNEQF,1
TRBV20-1,TRBJ2-1,SASPLARPSNEQF,1
TRBV20-1,TRBJ2-1,SASPLARPYNEQF,1
TRBV20-1,TRBJ2-1,SASPLARRSVFVDEQF,1
TRBV20-1,TRBJ2-1,SASPLARRTYNEQF,2
TRBV20-1,TRBJ2-1,SASPLARSSHEQF,1
TRBV20-1,TRBJ2-1,SASPLARSSYNEQF,2
TRBV20-1,TRBJ2-1,SASPLARSYNEQF,1
TRBV20-1,TRBJ2-1,SASPLASAYNEQF,3
TRBV20-1,TRBJ2-1,SASPLASGGNNEQF,1
TRBV20-1,TRBJ2-1,SASPLASGHNEQF,1
TRBV20-1,TRBJ2-1,SASPLASGISNEQF,1
TRBV20-1,TRBJ2-1,SASPLASGRGDEQF,1
TRBV20-1,TRBJ2-1,SASPLASGRWNEQF,1
TRBV20-1,TRBJ2-1,SASPLASGSYYNEQF,1
TRBV20-1,TRBJ2-1,SASPLASIYNEQF,1
TRBV20-1,TRBJ2-1,SASPLASPNNEQF,1
TRBV20-1,TRBJ2-1,SASPLASPYDEQF,1
TRBV20-1,TRBJ2-1,SASPLASRVPGRNEQF,1
TRBV20-1,TRBJ2-1,SASPLASSSYNEQF,1
TRBV20-1,TRBJ2-1,SASPLASSYNEQF,5
TRBV20-1,TRBJ2-1,SASPLASVNEQF,1
TRBV20-1,TRBJ2-1,SASPLASYNEQF,7
TRBV20-1,TRBJ2-1,SASPLATGNEQF,2
TRBV20-1,TRBJ2-1,SASPLATGWNEQF,9
TRBV20-1,TRBJ2-1,SASPLATHYNEQF,2
TRBV20-1,TRBJ2-1,SASPLATNEQF,1
TRBV20-1,TRBJ2-1,SASPLATPAGDEQF,1
TRBV20-1,TRBJ2-1,SASPLATRGSDEQF,7
TRBV20-1,TRBJ2-1,SASPLATSYNEQF,1
TRBV20-1,TRBJ2-1,SASPLATTYNEQL,2
TRBV20-1,TRBJ2-1,SASPLATVNEQF,1
TRBV20-1,TRBJ2-1,SASPLATYYSYNEQF,1
TRBV20-1,TRBJ2-1,SASPLAVAYNEQF,3
TRBV20-1,TRBJ2-1,SASPLAVESNEQF,1
TRBV20-1,TRBJ2-1,SASPLAVGGDEQF,1
TRBV20-1,TRBJ2-1,SASPLAVGLDEQF,1
TRBV20-1,TRBJ2-1,SASPLAVIKYNEQF,1
TRBV20-1,TRBJ2-1,SASPLAVINNEQF,1
TRBV20-1,TRBJ2-1,SASPLAVISYNEQF,1
TRBV20-1,TRBJ2-1,SASPLAVLGRGNEQF,1
TRBV20-1,TRBJ2-1,SASPLAVLYNEQF,1
TRBV20-1,TRBJ2-1,SASPLAVNNEQF,1
TRBV20-1,TRBJ2-1,SASPLAVPDEQF,9
TRBV20-1,TRBJ2-1,SASPLAVPNYNEQF,2
TRBV20-1,TRBJ2-1,SASPLAVSSYNEQF,2
TRBV20-1,TRBJ2-1,SASPLAVSYNEQF,5
TRBV20-1,TRBJ2-1,SASPLAVYNEQF,1
TRBV20-1,TRBJ2-1,SASPLAYEQF,2
TRBV20-1,TRBJ2-1,SASPLAYNEQF,3
TRBV20-1,TRBJ2-1,SASPLCGGRNEQF,1
TRBV20-1,TRBJ2-1,SASPLDDYNEQF,1
TRBV20-1,TRBJ2-1,SASPLDEQF,9
TRBV20-1,TRBJ2-1,SASPLDFDRRDEQF,1
TRBV20-1,TRBJ2-1,SASPLDFYNEQF,2
TRBV20-1,TRBJ2-1,SASPLDGHANEQF,1
TRBV20-1,TRBJ2-1,SASPLDGRAREQF,1
TRBV20-1,TRBJ2-1,SASPLDHMGNEQF,1
TRBV20-1,TRBJ2-1,SASPLDLLPRNEQF,1
TRBV20-1,TRBJ2-1,SASPLDLYNEQF,2
TRBV20-1,TRBJ2-1,SASPLDNEQF,1
TRBV20-1,TRBJ2-1,SASPLDPTGVPDEQF,1
TRBV20-1,TRBJ2-1,SASPLDPYNEQF,3
TRBV20-1,TRBJ2-1,SASPLDQGPHNEQF,1
TRBV20-1,TRBJ2-1,SASPLDRDTYNEQF,1
TRBV20-1,TRBJ2-1,SASPLDREWNEQF,1
TRBV20-1,TRBJ2-1,SASPLDRGGGNEQF,1
TRBV20-1,TRBJ2-1,SASPLDRGHNEQF,1
TRBV20-1,TRBJ2-1,SASPLDRGSYNEQF,2
TRBV20-1,TRBJ2-1,SASPLDRKTYNEQF,2
TRBV20-1,TRBJ2-1,SASPLDRVRSYNEQF,1
TRBV20-1,TRBJ2-1,SASPLDSQYYNEQF,1
TRBV20-1,TRBJ2-1,SASPLDSYNEQF,6
TRBV20-1,TRBJ2-1,SASPLDTSSYNEQF,1
TRBV20-1,TRBJ2-1,SASPLDTTYNEQF,1
TRBV20-1,TRBJ2-1,SASPLDVNYNEQF,1
TRBV20-1,TRBJ2-1,SASPLDWRYNNEQF,1
TRBV20-1,TRBJ2-1,SASPLDYGVYNEQF,1
TRBV20-1,TRBJ2-1,SASPLEAPWYNEQF,1
TRBV20-1,TRBJ2-1,SASPLEDPYNEQF,1
TRBV20-1,TRBJ2-1,SASPLEDSYNEQF,7
TRBV20-1,TRBJ2-1,SASPLEENYNEQF,6
TRBV20-1,TRBJ2-1,SASPLEGDLNEQF,1
TRBV20-1,TRBJ2-1,SASPLEGGSSYNEQF,1
TRBV20-1,TRBJ2-1,SASPLEGKNEQF,1
TRBV20-1,TRBJ2-1,SASPLEGKREINEQF,1
TRBV20-1,TRBJ2-1,SASPLEGPDEQF,1
TRBV20-1,TRBJ2-1,SASPLEGPGGAWDEQF,1
TRBV20-1,TRBJ2-1,SASPLEGTGANEQF,4
TRBV20-1,TRBJ2-1,SASPLEGVTYNEQF,1
TRBV20-1,TRBJ2-1,SASPLEGYSYNEQF,1
TRBV20-1,TRBJ2-1,SASPLEIYNEQF,1
TRBV20-1,TRBJ2-1,SASPLELAGAYNEQF,1
TRBV20-1,TRBJ2-1,SASPLELAGSYNEQF,1
TRBV20-1,TRBJ2-1,SASPLELSYNEQF,2
TRBV20-1,TRBJ2-1,SASPLENEQF,2
TRBV20-1,TRBJ2-1,SASPLEPTNEQF,1
TRBV20-1,TRBJ2-1,SASPLEPTRDEQF,1
TRBV20-1,TRBJ2-1,SASPLEPYNEQF,1
TRBV20-1,TRBJ2-1,SASPLEQFYNEQF,1
TRBV20-1,TRBJ2-1,SASPLERGANEQF,1
TRBV20-1,TRBJ2-1,SASPLERGGRTNEQF,1
TRBV20-1,TRBJ2-1,SASPLERGPNEQF,1
TRBV20-1,TRBJ2-1,SASPLERPYNEQF,1
TRBV20-1,TRBJ2-1,SASPLERRYNEQF,1
TRBV20-1,TRBJ2-1,SASPLERVNEQF,1
TRBV20-1,TRBJ2-1,SASPLESDEQF,1
TRBV20-1,TRBJ2-1,SASPLESFYNEQF,1
TRBV20-1,TRBJ2-1,SASPLESGRAFEFAYNEQF,1
TRBV20-1,TRBJ2-1,SASPLESSYNEQF,1
TRBV20-1,TRBJ2-1,SASPLETAYNEQF,1
TRBV20-1,TRBJ2-1,SASPLETETYNEQF,1
TRBV20-1,TRBJ2-1,SASPLETHEQF,1
TRBV20-1,TRBJ2-1,SASPLETNEQF,1
TRBV20-1,TRBJ2-1,SASPLETSGYNEQF,1
TRBV20-1,TRBJ2-1,SASPLEWGGPLYNEQF,1
TRBV20-1,TRBJ2-1,SASPLEWGRNEQF,1
TRBV20-1,TRBJ2-1,SASPLFAGGHNEQF,1
TRBV20-1,TRBJ2-1,SASPLFDIPVYNEQF,1
TRBV20-1,TRBJ2-1,SASPLFGGGNSYNEQF,1
TRBV20-1,TRBJ2-1,SASPLFGGVGYNEQF,6
TRBV20-1,TRBJ2-1,SASPLFGRGNNEQF,1
TRBV20-1,TRBJ2-1,SASPLFNEQF,4
TRBV20-1,TRBJ2-1,SASPLFSGGAWNEQF,1
TRBV20-1,TRBJ2-1,SASPLFSGLGIANEQF,1
TRBV20-1,TRBJ2-1,SASPLFSYNEQF,1
TRBV20-1,TRBJ2-1,SASPLFTDGYNEQF,2
TRBV20-1,TRBJ2-1,SASPLFTNPYNEQF,1
TRBV20-1,TRBJ2-1,SASPLFVGQF,2
TRBV20-1,TRBJ2-1,SASPLGAASYNEQF,1
TRBV20-1,TRBJ2-1,SASPLGAATYNEQF,1
TRBV20-1,TRBJ2-1,SASPLGAGDNEQF,1
TRBV20-1,TRBJ2-1,SASPLGAGGARNEQF,2
TRBV20-1,TRBJ2-1,SASPLGAGGLNEQF,1
TRBV20-1,TRBJ2-1,SASPLGAGMGYNEQF,1
TRBV20-1,TRBJ2-1,SASPLGAGYNEQF,1
TRBV20-1,TRBJ2-1,SASPLGANPFSYNEQF,1
TRBV20-1,TRBJ2-1,SASPLGAPRNEQF,1
TRBV20-1,TRBJ2-1,SASPLGAPSYNEQF,1
TRBV20-1,TRBJ2-1,SASPLGAPYNEQF,9
TRBV20-1,TRBJ2-1,SASPLGASGQYNEQF,1
TRBV20-1,TRBJ2-1,SASPLGASGSDYEQF,1
TRBV20-1,TRBJ2-1,SASPLGAVIQREQF,1
TRBV20-1,TRBJ2-1,SASPLGAVNNEQF,1
TRBV20-1,TRBJ2-1,SASPLGAWYNEQF,3
TRBV20-1,TRBJ2-1,SASPLGAYNEQF,1
TRBV20-1,TRBJ2-1,SASPLGDAEHNEQF,1
TRBV20-1,TRBJ2-1,SASPLGDEQF,3
TRBV20-1,TRBJ2-1,SASPLGDGSYNEQF,1
TRBV20-1,TRBJ2-1,SASPLGDNEQF,7
TRBV20-1,TRBJ2-1,SASPLGDPLNEQF,1
TRBV20-1,TRBJ2-1,SASPLGDRIGSYNEQF,1
TRBV20-1,TRBJ2-1,SASPLGDRWLGDEQF,1
TRBV20-1,TRBJ2-1,SASPLGDYNEQF,1
TRBV20-1,TRBJ2-1,SASPLGEEYEQF,1
TRBV20-1,TRBJ2-1,SASPLGEQF,1
TRBV20-1,TRBJ2-1,SASPLGERSLYNEQF,1
TRBV20-1,TRBJ2-1,SASPLGETSDNEQF,1
TRBV20-1,TRBJ2-1,SASPLGFAYNEQF,1
TRBV20-1,TRBJ2-1,SASPLGFHEQF,1
TRBV20-1,TRBJ2-1,SASPLGFRDRVNNEQF,1
TRBV20-1,TRBJ2-1,SASPLGGALDINEQF,1
TRBV20-1,TRBJ2-1,SASPLGGANEQF,5
TRBV20-1,TRBJ2-1,SASPLGGAPYNEQF,1
TRBV20-1,TRBJ2-1,SASPLGGASSYNEQF,1
TRBV20-1,TRBJ2-1,SASPLGGFGYNEQF,1
TRBV20-1,TRBJ2-1,SASPLGGGAAPYNEQF,1
TRBV20-1,TRBJ2-1,SASPLGGGDNEQF,1
TRBV20-1,TRBJ2-1,SASPLGGGEQF,1
TRBV20-1,TRBJ2-1,SASPLGGGLSNEQF,1
TRBV20-1,TRBJ2-1,SASPLGGGNEQF,1
TRBV20-1,TRBJ2-1,SASPLGGGRHYNEQF,1
TRBV20-1,TRBJ2-1,SASPLGGGRISYNEQF,1
TRBV20-1,TRBJ2-1,SASPLGGGRNEQF,2
TRBV20-1,TRBJ2-1,SASPLGGGSLVRNEQF,1
TRBV20-1,TRBJ2-1,SASPLGGGVNEQF,1
TRBV20-1,TRBJ2-1,SASPLGGGYNEQF,1
TRBV20-1,TRBJ2-1,SASPLGGIDEQF,1
TRBV20-1,TRBJ2-1,SASPLGGITYNEQF,1
TRBV20-1,TRBJ2-1,SASPLGGLAGVNEQF,1
TRBV20-1,TRBJ2-1,SASPLGGLATYNEQF,1
TRBV20-1,TRBJ2-1,SASPLGGLNEQF,2
TRBV20-1,TRBJ2-1,SASPLGGLNNEQF,4
TRBV20-1,TRBJ2-1,SASPLGGLSSYNEQF,1
TRBV20-1,TRBJ2-1,SASPLGGNEQF,3
TRBV20-1,TRBJ2-1,SASPLGGPGPSNEQF,1
TRBV20-1,TRBJ2-1,SASPLGGPHNEQF,1
TRBV20-1,TRBJ2-1,SASPLGGPLNEQF,1
TRBV20-1,TRBJ2-1,SASPLGGPVYNEQF,1
TRBV20-1,TRBJ2-1,SASPLGGQGRPYNEQF,1
TRBV20-1,TRBJ2-1,SASPLGGQGWNEQF,4
TRBV20-1,TRBJ2-1,SASPLGGQGYNEQF,1
TRBV20-1,TRBJ2-1,SASPLGGQSYNEQF,1
TRBV20-1,TRBJ2-1,SASPLGGRADEQF,1
TRBV20-1,TRBJ2-1,SASPLGGRAFYNEQF,1
TRBV20-1,TRBJ2-1,SASPLGGRAREQF,7
TRBV20-1,TRBJ2-1,SASPLGGRHYNEQF,1
TRBV20-1,TRBJ2-1,SASPLGGRPSYNEQF,1
TRBV20-1,TRBJ2-1,SASPLGGRSRNEQF,1
TRBV20-1,TRBJ2-1,SASPLGGRSSYNEQF,1
TRBV20-1,TRBJ2-1,SASPLGGRSYNEQF,3
TRBV20-1,TRBJ2-1,SASPLGGSSYNEQF,2
TRBV20-1,TRBJ2-1,SASPLGGSVLRDEQF,8
TRBV20-1,TRBJ2-1,SASPLGGSYNEQF,5
TRBV20-1,TRBJ2-1,SASPLGGTNEQF,2
TRBV20-1,TRBJ2-1,SASPLGGTYNEQF,2
TRBV20-1,TRBJ2-1,SASPLGGVYNEQF,2
TRBV20-1,TRBJ2-1,SASPLGGYHEQF,1
TRBV20-1,TRBJ2-1,SASPLGINEQF,1
TRBV20-1,TRBJ2-1,SASPLGKYSYNEQF,1
TRBV20-1,TRBJ2-1,SASPLGLADNEQF,1
TRBV20-1,TRBJ2-1,SASPLGLADYEQF,1
TRBV20-1,TRBJ2-1,SASPLGLAGADEQF,1
TRBV20-1,TRBJ2-1,SASPLGLAGEQLYNEQF,1
TRBV20-1,TRBJ2-1,SASPLGLAGEVGQF,5
TRBV20-1,TRBJ2-1,SASPLGLAGFFRDEQF,1
TRBV20-1,TRBJ2-1,SASPLGLAGGNEQF,2
TRBV20-1,TRBJ2-1,SASPLGLAGGSSYNEQF,2
TRBV20-1,TRBJ2-1,SASPLGLAGGVYNEQF,1
TRBV20-1,TRBJ2-1,SASPLGLAGIYNEQF,1
TRBV20-1,TRBJ2-1,SASPLGLAGNEQF,1
TRBV20-1,TRBJ2-1,SASPLGLAGPNEQF,1
TRBV20-1,TRBJ2-1,SASPLGLAGSYNEQF,1
TRBV20-1,TRBJ2-1,SASPLGLAGTFNEQF,1
TRBV20-1,TRBJ2-1,SASPLGLAGVEQF,2
TRBV20-1,TRBJ2-1,SASPLGLAGYNEQF,1
TRBV20-1,TRBJ2-1,SASPLGLAGYYEQF,1
TRBV20-1,TRBJ2-1,SASPLGLATNEQF,1
TRBV20-1,TRBJ2-1,SASPLGLAVYEQF,1
TRBV20-1,TRBJ2-1,SASPLGLHDNEQF,1
TRBV20-1,TRBJ2-1,SASPLGLLSYNEQF,1
TRBV20-1,TRBJ2-1,SASPLGLPLYNEQF,1
TRBV20-1,TRBJ2-1,SASPLGLQYNEQF,2
TRBV20-1,TRBJ2-1,SASPLGLSGGVGNEQF,1
TRBV20-1,TRBJ2-1,SASPLGLSYNEQF,1
TRBV20-1,TRBJ2-1,SASPLGLTYNEQF,1
TRBV20-1,TRBJ2-1,SASPLGLVPNEQF,1
TRBV20-1,TRBJ2-1,SASPLGLVYNNEQF,1
TRBV20-1,TRBJ2-1,SASPLGLYEQF,1
TRBV20-1,TRBJ2-1,SASPLGLYNEQF,2
TRBV20-1,TRBJ2-1,SASPLGMYNEQF,1
TRBV20-1,TRBJ2-1,SASPLGNEQF,3
TRBV20-1,TRBJ2-1,SASPLGPASYNEQF,2
TRBV20-1,TRBJ2-1,SASPLGPGAYNEQF,1
TRBV20-1,TRBJ2-1,SASPLGPYNEQF,7
TRBV20-1,TRBJ2-1,SASPLGQAFNEQF,1
TRBV20-1,TRBJ2-1,SASPLGQF,5
TRBV20-1,TRBJ2-1,SASPLGQGAHEQF,1
TRBV20-1,TRBJ2-1,SASPLGQGGYNEQF,1
TRBV20-1,TRBJ2-1,SASPLGQGSYNEQF,1
TRBV20-1,TRBJ2-1,SASPLGQTYEQF,1
TRBV20-1,TRBJ2-1,SASPLGQVYNEQF,1
TRBV20-1,TRBJ2-1,SASPLGRASVLAEQF,5
TRBV20-1,TRBJ2-1,SASPLGRAYNEQF,1
TRBV20-1,TRBJ2-1,SASPLGRDYNEQF,1
TRBV20-1,TRBJ2-1,SASPLGREFYNEQF,1
TRBV20-1,TRBJ2-1,SASPLGREGSYNEQF,1
TRBV20-1,TRBJ2-1,SASPLGRESNEQF,3
TRBV20-1,TRBJ2-1,SASPLGRGLYNEQF,1
TRBV20-1,TRBJ2-1,SASPLGRGSSSYNEQF,1
TRBV20-1,TRBJ2-1,SASPLGRNNEQF,1
TRBV20-1,TRBJ2-1,SASPLGRPTYNEQF,1
TRBV20-1,TRBJ2-1,SASPLGRRSYNEQF,1
TRBV20-1,TRBJ2-1,SASPLGRSSYNEQF,2
TRBV20-1,TRBJ2-1,SASPLGRTNEQF,2
TRBV20-1,TRBJ2-1,SASPLGRVDNEQF,2
TRBV20-1,TRBJ2-1,SASPLGRYNEQF,1
TRBV20-1,TRBJ2-1,SASPLGSAYNEQF,1
TRBV20-1,TRBJ2-1,SASPLGSDYNEQF,1
TRBV20-1,TRBJ2-1,SASPLGSEKLYNEQF,1
TRBV20-1,TRBJ2-1,SASPLGSGGNEQF,1
TRBV20-1,TRBJ2-1,SASPLGSGISSYNEQF,7
TRBV20-1,TRBJ2-1,SASPLGSQRAYNEQF,1
TRBV20-1,TRBJ2-1,SASPLGSSGNNEQF,4
TRBV20-1,TRBJ2-1,SASPLGSSYNEQF,2
TRBV20-1,TRBJ2-1,SASPLGSWYNEQF,1
TRBV20-1,TRBJ2-1,SASPLGSYNEQF,1
TRBV20-1,TRBJ2-1,SASPLGTASYNEQF,1
TRBV20-1,TRBJ2-1,SASPLGTGDDEQF,5
TRBV20-1,TRBJ2-1,SASPLGTGLGNEQF,3
TRBV20-1,TRBJ2-1,SASPLGTGLHNEQF,2
TRBV20-1,TRBJ2-1,SASPLGTGTFNEQF,1
TRBV20-1,TRBJ2-1,SASPLGTGTYNEQF,1
TRBV20-1,TRBJ2-1,SASPLGTIFYNEQF,1
TRBV20-1,TRBJ2-1,SASPLGTILYNEQF,1
TRBV20-1,TRBJ2-1,SASPLGTIYNEQF,1
TRBV20-1,TRBJ2-1,SASPLGTKYNEQF,2
TRBV20-1,TRBJ2-1,SASPLGTSGGQNYNEQF,1
TRBV20-1,TRBJ2-1,SASPLGTSGKVNEQF,1
TRBV20-1,TRBJ2-1,SASPLGTSGRDEQF,1
TRBV20-1,TRBJ2-1,SASPLGTSGRSYNEQF,10
TRBV20-1,TRBJ2-1,SASPLGTSGRYEQF,1
TRBV20-1,TRBJ2-1,SASPLGTSGSYNEQF,1
TRBV20-1,TRBJ2-1,SASPLGTSLYNEQF,5
TRBV20-1,TRBJ2-1,SASPLGTYEQF,1
TRBV20-1,TRBJ2-1,SASPLGVDEQF,2
TRBV20-1,TRBJ2-1,SASPLGVGRGQDEQF,5
TRBV20-1,TRBJ2-1,SASPLGVHEQF,1
TRBV20-1,TRBJ2-1,SASPLGVNEQF,1
TRBV20-1,TRBJ2-1,SASPLGVPSNNEQF,1
TRBV20-1,TRBJ2-1,SASPLGVSYNEQF,1
TRBV20-1,TRBJ2-1,SASPLGVTSGVYNEQF,1
TRBV20-1,TRBJ2-1,SASPLGYEQF,1
TRBV20-1,TRBJ2-1,SASPLGYNEQF,3
TRBV20-1,TRBJ2-1,SASPLGYYNEQF,1
TRBV20-1,TRBJ2-1,SASPLHKSSYNEQF,1
TRBV20-1,TRBJ2-1,SASPLHNEQF,17
TRBV20-1,TRBJ2-1,SASPLHRIPNEQF,3
TRBV20-1,TRBJ2-1,SASPLIAASYNEQF,1
TRBV20-1,TRBJ2-1,SASPLIDRLYNEQF,1
TRBV20-1,TRBJ2-1,SASPLIGKGYNEQF,2
TRBV20-1,TRBJ2-1,SASPLIGSGRYNEQF,1
TRBV20-1,TRBJ2-1,SASPLIGSYNEQF,1
TRBV20-1,TRBJ2-1,SASPLIIEREVHEQF,1
TRBV20-1,TRBJ2-1,SASPLIISYNEQF,1
TRBV20-1,TRBJ2-1,SASPLILAFNEQF,3
TRBV20-1,TRBJ2-1,SASPLINEQF,1
TRBV20-1,TRBJ2-1,SASPLIPSGTYNEQF,12
TRBV20-1,TRBJ2-1,SASPLIRQGSYNEQF,2
TRBV20-1,TRBJ2-1,SASPLIRSNEQF,1
TRBV20-1,TRBJ2-1,SASPLISAESSYNEQF,1
TRBV20-1,TRBJ2-1,SASPLISPYNEQF,1
TRBV20-1,TRBJ2-1,SASPLISTYNEQF,1
TRBV20-1,TRBJ2-1,SASPLISYNEQF,2
TRBV20-1,TRBJ2-1,SASPLIWDRAYNEQF,1
TRBV20-1,TRBJ2-1,SASPLKAEDSYNEQF,1
TRBV20-1,TRBJ2-1,SASPLKAVGYNEQF,1
TRBV20-1,TRBJ2-1,SASPLKDNEQF,1
TRBV20-1,TRBJ2-1,SASPLKGGPDNEQF,1
TRBV20-1,TRBJ2-1,SASPLKGGPNNEQF,4
TRBV20-1,TRBJ2-1,SASPLKGNEQF,1
TRBV20-1,TRBJ2-1,SASPLKHDEQF,1
TRBV20-1,TRBJ2-1,SASPLKLSYNDQL,1
TRBV20-1,TRBJ2-1,SASPLKPGRSGLAGLNEQF,1
TRBV20-1,TRBJ2-1,SASPLKREAYNEQF,1
TRBV20-1,TRBJ2-1,SASPLKRETFNEQF,1
TRBV20-1,TRBJ2-1,SASPLKSRYEQF,4
TRBV20-1,TRBJ2-1,SASPLKVYSYNEQF,1
TRBV20-1,TRBJ2-1,SASPLLAASSYNEQF,2
TRBV20-1,TRBJ2-1,SASPLLADRRGNEQF,1
TRBV20-1,TRBJ2-1,SASPLLADSYNDQF,1
TRBV20-1,TRBJ2-1,SASPLLADSYNEQF,4
TRBV20-1,TRBJ2-1,SASPLLADYNEQF,5
TRBV20-1,TRBJ2-1,SASPLLAGAENEQF,1
TRBV20-1,TRBJ2-1,SASPLLAGANEQF,2
TRBV20-1,TRBJ2-1,SASPLLAGAYNEQF,1
TRBV20-1,TRBJ2-1,SASPLLAGDNEQF,1
TRBV20-1,TRBJ2-1,SASPLLAGDTDEQF,1
TRBV20-1,TRBJ2-1,SASPLLAGEVGQF,1
TRBV20-1,TRBJ2-1,SASPLLAGGDNEQF,1
TRBV20-1,TRBJ2-1,SASPLLAGGNEQF,1
TRBV20-1,TRBJ2-1,SASPLLAGGNNEQF,1
TRBV20-1,TRBJ2-1,SASPLLAGGTNSYNEQF,1
TRBV20-1,TRBJ2-1,SASPLLAGGYNEQF,2
TRBV20-1,TRBJ2-1,SASPLLAGLYNEQF,1
TRBV20-1,TRBJ2-1,SASPLLAGNYNEQF,1
TRBV20-1,TRBJ2-1,SASPLLAGQTYNEQF,1
TRBV20-1,TRBJ2-1,SASPLLAGRDNEQF,1
TRBV20-1,TRBJ2-1,SASPLLAGRYNEQF,1
TRBV20-1,TRBJ2-1,SASPLLAGSSYNEQF,1
TRBV20-1,TRBJ2-1,SASPLLAGSYEQF,1
TRBV20-1,TRBJ2-1,SASPLLAGSYNEQF,1
TRBV20-1,TRBJ2-1,SASPLLAGVDEQF,2
TRBV20-1,TRBJ2-1,SASPLLAGVENEQF,1
TRBV20-1,TRBJ2-1,SASPLLAGVGNEQF,3
TRBV20-1,TRBJ2-1,SASPLLAGVHNEQF,2
TRBV20-1,TRBJ2-1,SASPLLAGVLDEQF,1
TRBV20-1,TRBJ2-1,SASPLLAGVNNEQF,1
TRBV20-1,TRBJ2-1,SASPLLAGVSYNEQF,1
TRBV20-1,TRBJ2-1,SASPLLAGVYNEQF,3
TRBV20-1,TRBJ2-1,SASPLLAGWAYNEQF,1
TRBV20-1,TRBJ2-1,SASPLLAGWDNEQF,1
TRBV20-1,TRBJ2-1,SASPLLAGYNEQF,1
TRBV20-1,TRBJ2-1,SASPLLAGYYNEQF,4
TRBV20-1,TRBJ2-1,SASPLLASNEQF,3
TRBV20-1,TRBJ2-1,SASPLLASSYNEQF,1
TRBV20-1,TRBJ2-1,SASPLLAWNEQF,1
TRBV20-1,TRBJ2-1,SASPLLAWTYNEQF,1
TRBV20-1,TRBJ2-1,SASPLLAYNEQF,2
TRBV20-1,TRBJ2-1,SASPLLDEQF,1
TRBV20-1,TRBJ2-1,SASPLLDRIFNEQF,1
TRBV20-1,TRBJ2-1,SASPLLDSYNEQF,2
TRBV20-1,TRBJ2-1,SASPLLELNNEQF,1
TRBV20-1,TRBJ2-1,SASPLLERSYNEQF,1
TRBV20-1,TRBJ2-1,SASPLLFVAAGSYNEQF,1
TRBV20-1,TRBJ2-1,SASPLLGGLPNEQF,4
TRBV20-1,TRBJ2-1,SASPLLGGRYNEQF,1
TRBV20-1,TRBJ2-1,SASPLLGPAYNEQF,1
TRBV20-1,TRBJ2-1,SASPLLGQGDNEQF,1
TRBV20-1,TRBJ2-1,SASPLLGRAGGNEQF,1
TRBV20-1,TRBJ2-1,SASPLLGRREFNNEQF,1
TRBV20-1,TRBJ2-1,SASPLLGRYNEQF,1
TRBV20-1,TRBJ2-1,SASPLLGTSGHNEQF,1
TRBV20-1,TRBJ2-1,SASPLLHEQF,1
TRBV20-1,TRBJ2-1,SASPLLKNEQF,1
TRBV20-1,TRBJ2-1,SASPLLLAGGGDEQF,1
TRBV20-1,TRBJ2-1,SASPLLLAGPDEQF,1
TRBV20-1,TRBJ2-1,SASPLLLGNNEQF,2
TRBV20-1,TRBJ2-1,SASPLLLGSYNEQF,1
TRBV20-1,TRBJ2-1,SASPLLLGVAGADNEQF,1
TRBV20-1,TRBJ2-1,SASPLLNEQF,2
TRBV20-1,TRBJ2-1,SASPLLPSDGEQF,1
TRBV20-1,TRBJ2-1,SASPLLRDEQF,1
TRBV20-1,TRBJ2-1,SASPLLRDRVSYNEQF,1
TRBV20-1,TRBJ2-1,SASPLLRDYPDEQF,1
TRBV20-1,TRBJ2-1,SASPLLRLAPYNEQF,1
TRBV20-1,TRBJ2-1,SASPLLSGDYNEQF,1
TRBV20-1,TRBJ2-1,SASPLLSGGSYNEQF,1
TRBV20-1,TRBJ2-1,SASPLLSGNYNEQF,1
TRBV20-1,TRBJ2-1,SASPLLSHEQF,2
TRBV20-1,TRBJ2-1,SASPLLSSWVDEQF,1
TRBV20-1,TRBJ2-1,SASPLLSSYNEQF,1
TRBV20-1,TRBJ2-1,SASPLLSYNEQF,1
TRBV20-1,TRBJ2-1,SASPLLTSGGTNEQF,1
TRBV20-1,TRBJ2-1,SASPLLTSGVYNEQF,1
TRBV20-1,TRBJ2-1,SASPLLTYNEQF,1
TRBV20-1,TRBJ2-1,SASPLLVLAGVYNEQF,1
TRBV20-1,TRBJ2-1,SASPLLVNEQF,1
TRBV20-1,TRBJ2-1,SASPLLVPSYNEQF,4
TRBV20-1,TRBJ2-1,SASPLLVSYNEQF,1
TRBV20-1,TRBJ2-1,SASPLLVTDNEQF,1
TRBV20-1,TRBJ2-1,SASPLLYNEQF,3
TRBV20-1,TRBJ2-1,SASPLMGGAGEQF,1
TRBV20-1,TRBJ2-1,SASPLMGGLSYNEQF,1
TRBV20-1,TRBJ2-1,SASPLMTGAHEQF,1
TRBV20-1,TRBJ2-1,SASPLNEQF,16
TRBV20-1,TRBJ2-1,SASPLNGANEQF,1
TRBV20-1,TRBJ2-1,SASPLNLENNEQF,1
TRBV20-1,TRBJ2-1,SASPLNNEQF,8
TRBV20-1,TRBJ2-1,SASPLNNNEQF,1
TRBV20-1,TRBJ2-1,SASPLNPPNEQF,8
TRBV20-1,TRBJ2-1,SASPLNPSGSYNEQF,1
TRBV20-1,TRBJ2-1,SASPLNRVFENEQF,1
TRBV20-1,TRBJ2-1,SASPLNSYNEQF,1
TRBV20-1,TRBJ2-1,SASPLNTGYHEQF,1
TRBV20-1,TRBJ2-1,SASPLNYNEQF,3
TRBV20-1,TRBJ2-1,SASPLPAGGLKGDEQF,1
TRBV20-1,TRBJ2-1,SASPLPDNEQF,1
TRBV20-1,TRBJ2-1,SASPLPGDRETNEQF,1
TRBV20-1,TRBJ2-1,SASPLPGGDNEQF,2
TRBV20-1,TRBJ2-1,SASPLPGGSYNEQF,1
TRBV20-1,TRBJ2-1,SASPLPGGWRNEQF,1
TRBV20-1,TRBJ2-1,SASPLPGLAGAFNEQF,3
TRBV20-1,TRBJ2-1,SASPLPGLANEQF,1
TRBV20-1,TRBJ2-1,SASPLPGLAPYNEQF,1
TRBV20-1,TRBJ2-1,SASPLPGMYNEQF,1
TRBV20-1,TRBJ2-1,SASPLPGNEQF,1
TRBV20-1,TRBJ2-1,SASPLPGQGNEQF,3
TRBV20-1,TRBJ2-1,SASPLPGSYNEQF,3
TRBV20-1,TRBJ2-1,SASPLPGTGGSPGSYNEQF,1
TRBV20-1,TRBJ2-1,SASPLPGTSGEYSIGNEQF,1
TRBV20-1,TRBJ2-1,SASPLPIGDEQF,1
TRBV20-1,TRBJ2-1,SASPLPIPHNEQF,1
TRBV20-1,TRBJ2-1,SASPLPLAGVGNEQF,1
TRBV20-1,TRBJ2-1,SASPLPNEQF,1
TRBV20-1,TRBJ2-1,SASPLPPQLAGVNEQF,1
TRBV20-1,TRBJ2-1,SASPLPQGNEQF,1
TRBV20-1,TRBJ2-1,SASPLPRASGSEQF,2
TRBV20-1,TRBJ2-1,SASPLPRDRWYNEQF,1
TRBV20-1,TRBJ2-1,SASPLPRFGDEQF,2
TRBV20-1,TRBJ2-1,SASPLPRRGSYNEQF,1
TRBV20-1,TRBJ2-1,SASPLPSSYNEQF,7
TRBV20-1,TRBJ2-1,SASPLPTGGVMNEQF,1
TRBV20-1,TRBJ2-1,SASPLPTGRPYNEQF,1
TRBV20-1,TRBJ2-1,SASPLPTLTSGSLYNEQF,3
TRBV20-1,TRBJ2-1,SASPLPTPTPYNEQF,1
TRBV20-1,TRBJ2-1,SASPLPTSSYNEQF,1
TRBV20-1,TRBJ2-1,SASPLPVAGAGDEQF,1
TRBV20-1,TRBJ2-1,SASPLPYNEQF,4
TRBV20-1,TRBJ2-1,SASPLQGALNEQF,1
TRBV20-1,TRBJ2-1,SASPLQGASGNEQF,1
TRBV20-1,TRBJ2-1,SASPLQGKNEQF,2
TRBV20-1,TRBJ2-1,SASPLQGLAGDEQF,2
TRBV20-1,TRBJ2-1,SASPLQGRGYNEQF,1
TRBV20-1,TRBJ2-1,SASPLQGSNEQF,1
TRBV20-1,TRBJ2-1,SASPLQGSYNEQF,1
TRBV20-1,TRBJ2-1,SASPLQGTFSYNEQF,1
TRBV20-1,TRBJ2-1,SASPLQGVQDRLSYNEQF,1
TRBV20-1,TRBJ2-1,SASPLQIRGGYNEQF,5
TRBV20-1,TRBJ2-1,SASPLQKDRAYNEQF,1
TRBV20-1,TRBJ2-1,SASPLQLYNEQF,1
TRBV20-1,TRBJ2-1,SASPLQNEQF,1
TRBV20-1,TRBJ2-1,SASPLQREYNEQF,1
TRBV20-1,TRBJ2-1,SASPLQRGENEQF,1
TRBV20-1,TRBJ2-1,SASPLQRGGLNNEQF,10
TRBV20-1,TRBJ2-1,SASPLQRSSYNEQF,1
TRBV20-1,TRBJ2-1,SASPLQRVNNEQF,4
TRBV20-1,TRBJ2-1,SASPLQSSYNEQF,1
TRBV20-1,TRBJ2-1,SASPLQSVMNNEQF,1
TRBV20-1,TRBJ2-1,SASPLQSYNEQF,1
TRBV20-1,TRBJ2-1,SASPLQTISGNSYNEQF,1
TRBV20-1,TRBJ2-1,SASPLQVYNEQF,1
TRBV20-1,TRBJ2-1,SASPLRANNNEQF,3
TRBV20-1,TRBJ2-1,SASPLRAVSYNEQF,1
TRBV20-1,TRBJ2-1,SASPLRAYNEQF,1
TRBV20-1,TRBJ2-1,SASPLRDEQF,1
TRBV20-1,TRBJ2-1,SASPLRDHYNEQF,5
TRBV20-1,TRBJ2-1,SASPLRDRSHNEQF,1
TRBV20-1,TRBJ2-1,SASPLRDRSYNEQF,1
TRBV20-1,TRBJ2-1,SASPLRDSREQF,1
TRBV20-1,TRBJ2-1,SASPLRDYNEQF,2
TRBV20-1,TRBJ2-1,SASPLREAYNEQF,1
TRBV20-1,TRBJ2-1,SASPLREEYNEQF,1
TRBV20-1,TRBJ2-1,SASPLREGGNEQF,3
TRBV20-1,TRBJ2-1,SASPLREGLYNEQF,1
TRBV20-1,TRBJ2-1,SASPLREGPGNEQF,2
TRBV20-1,TRBJ2-1,SASPLREIRYNEQF,1
TRBV20-1,TRBJ2-1,SASPLRERELYNEQF,1
TRBV20-1,TRBJ2-1,SASPLRERSYNEQF,2
TRBV20-1,TRBJ2-1,SASPLRETYNEQF,1
TRBV20-1,TRBJ2-1,SASPLRFSGSGHEQF,2
TRBV20-1,TRBJ2-1,SASPLRGASSYNEQF,1
TRBV20-1,TRBJ2-1,SASPLRGDEQF,9
TRBV20-1,TRBJ2-1,SASPLRGEQF,1
TRBV20-1,TRBJ2-1,SASPLRGGGEQF,5
TRBV20-1,TRBJ2-1,SASPLRGGLDEQF,1
TRBV20-1,TRBJ2-1,SASPLRGGWYEQF,1
TRBV20-1,TRBJ2-1,SASPLRGGYEQF,1
TRBV20-1,TRBJ2-1,SASPLRGLGYNEQF,1
TRBV20-1,TRBJ2-1,SASPLRGLSSYNEQF,1
TRBV20-1,TRBJ2-1,SASPLRGLSYNEQF,1
TRBV20-1,TRBJ2-1,SASPLRGNEQF,4
TRBV20-1,TRBJ2-1,SASPLRGPYNEQF,1
TRBV20-1,TRBJ2-1,SASPLRGRGNEQF,1
TRBV20-1,TRBJ2-1,SASPLRGRPGNEQF,1
TRBV20-1,TRBJ2-1,SASPLRGRSYNEQF,1
TRBV20-1,TRBJ2-1,SASPLRGRVHNEQF,4
TRBV20-1,TRBJ2-1,SASPLRGRYNEQF,9
TRBV20-1,TRBJ2-1,SASPLRGSHNEQF,4
TRBV20-1,TRBJ2-1,SASPLRGSNEQF,1
TRBV20-1,TRBJ2-1,SASPLRGSSYNEQF,2
TRBV20-1,TRBJ2-1,SASPLRGSSYNGQF,1
TRBV20-1,TRBJ2-1,SASPLRGSYNEQF,1
TRBV20-1,TRBJ2-1,SASPLRHNEQF,1
TRBV20-1,TRBJ2-1,SASPLRLGNSNEPF,2
TRBV20-1,TRBJ2-1,SASPLRLGNSNEQF,10
TRBV20-1,TRBJ2-1,SASPLRLGYNEQF,4
TRBV20-1,TRBJ2-1,SASPLRMSIHEQF,1
TRBV20-1,TRBJ2-1,SASPLRNEQF,10
TRBV20-1,TRBJ2-1,SASPLRNNEQF,2
TRBV20-1,TRBJ2-1,SASPLRPLLGYNEQF,1
TRBV20-1,TRBJ2-1,SASPLRPYNEQF,5
TRBV20-1,TRBJ2-1,SASPLRQGIGKNEQF,1
TRBV20-1,TRBJ2-1,SASPLRQGPNEQF,1
TRBV20-1,TRBJ2-1,SASPLRQGTQNEQF,1
TRBV20-1,TRBJ2-1,SASPLRQLNYNEQF,1
TRBV20-1,TRBJ2-1,SASPLRQTSSYNEQF,1
TRBV20-1,TRBJ2-1,SASPLRRAYNEQF,1
TRBV20-1,TRBJ2-1,SASPLRREGPNEQF,3
TRBV20-1,TRBJ2-1,SASPLRRGDNEQF,1
TRBV20-1,TRBJ2-1,SASPLRRGRGNEQF,1
TRBV20-1,TRBJ2-1,SASPLRRSSYNEQF,1
TRBV20-1,TRBJ2-1,SASPLRRYNEQF,1
TRBV20-1,TRBJ2-1,SASPLRSEQF,7
TRBV20-1,TRBJ2-1,SASPLRSYNEQF,1
TRBV20-1,TRBJ2-1,SASPLRTDEQF,1
TRBV20-1,TRBJ2-1,SASPLRTGGPGLSYNEQF,1
TRBV20-1,TRBJ2-1,SASPLRTSGNEQF,5
TRBV20-1,TRBJ2-1,SASPLRTSGYNEQF,3
TRBV20-1,TRBJ2-1,SASPLRVDEQF,1
TRBV20-1,TRBJ2-1,SASPLRVNNEQF,1
TRBV20-1,TRBJ2-1,SASPLRWGNEQF,1
TRBV20-1,TRBJ2-1,SASPLSAGIYNEQF,1
TRBV20-1,TRBJ2-1,SASPLSAGSGGYNEQF,1
TRBV20-1,TRBJ2-1,SASPLSASGDYNEQF,1
TRBV20-1,TRBJ2-1,SASPLSASSYNEQF,1
TRBV20-1,TRBJ2-1,SASPLSDPSYNEQF,1
TRBV20-1,TRBJ2-1,SASPLSEAYNEQF,1
TRBV20-1,TRBJ2-1,SASPLSEDEQF,1
TRBV20-1,TRBJ2-1,SASPLSFYNEQF,1
TRBV20-1,TRBJ2-1,SASPLSGAKYNEQF,1
TRBV20-1,TRBJ2-1,SASPLSGAPYNEQF,5
TRBV20-1,TRBJ2-1,SASPLSGASYNEQF,1
TRBV20-1,TRBJ2-1,SASPLSGAYNEQF,1
TRBV20-1,TRBJ2-1,SASPLSGDAFTAYNEQF,1
TRBV20-1,TRBJ2-1,SASPLSGDVYNEQF,1
TRBV20-1,TRBJ2-1,SASPLSGDYNEQF,4
TRBV20-1,TRBJ2-1,SASPLSGESNEQF,1
TRBV20-1,TRBJ2-1,SASPLSGGAGNEQF,5
TRBV20-1,TRBJ2-1,SASPLSGGAYNEQF,1
TRBV20-1,TRBJ2-1,SASPLSGGNNEQF,2
TRBV20-1,TRBJ2-1,SASPLSGGRDEQF,1
TRBV20-1,TRBJ2-1,SASPLSGGRKEQF,2
TRBV20-1,TRBJ2-1,SASPLSGGRNEQF,69
TRBV20-1,TRBJ2-1,SASPLSGGRNERF,1
TRBV20-1,TRBJ2-1,SASPLSGGRNGQF,1
TRBV20-1,TRBJ2-1,SASPLSGGSYNEQF,1
TRBV20-1,TRBJ2-1,SASPLSGGVEQF,6
TRBV20-1,TRBJ2-1,SASPLSGGYNEQF,2
TRBV20-1,TRBJ2-1,SASPLSGIYNEQF,1
TRBV20-1,TRBJ2-1,SASPLSGKGYNEQF,1
TRBV20-1,TRBJ2-1,SASPLSGKLYNEQF,1
TRBV20-1,TRBJ2-1,SASPLSGKYNEQF,2
TRBV20-1,TRBJ2-1,SASPLSGLAGANEQF,2
TRBV20-1,TRBJ2-1,SASPLSGNEQF,1
TRBV20-1,TRBJ2-1,SASPLSGNSHEQF,1
TRBV20-1,TRBJ2-1,SASPLSGNYNEQF,2
TRBV20-1,TRBJ2-1,SASPLSGRAINEQF,1
TRBV20-1,TRBJ2-1,SASPLSGRANEQF,1
TRBV20-1,TRBJ2-1,SASPLSGRAPSHAYNEQF,1
TRBV20-1,TRBJ2-1,SASPLSGRGGNEQF,1
TRBV20-1,TRBJ2-1,SASPLSGRGYNEQF,1
TRBV20-1,TRBJ2-1,SASPLSGRINEQF,4
TRBV20-1,TRBJ2-1,SASPLSGRSYNEQF,1
TRBV20-1,TRBJ2-1,SASPLSGRVPHNEQF,2
TRBV20-1,TRBJ2-1,SASPLSGRVQGGSYNEQF,1
TRBV20-1,TRBJ2-1,SASPLSGSGEGLDDEQF,1
TRBV20-1,TRBJ2-1,SASPLSGSMNEQF,1
TRBV20-1,TRBJ2-1,SASPLSGSSYNEQF,2
TRBV20-1,TRBJ2-1,SASPLSGSYNEQF,2
TRBV20-1,TRBJ2-1,SASPLSGTGRYNEQF,1
TRBV20-1,TRBJ2-1,SASPLSGTMVNEQF,1
TRBV20-1,TRBJ2-1,SASPLSGTVTNEQF,1
TRBV20-1,TRBJ2-1,SASPLSGTYNEQF,5
TRBV20-1,TRBJ2-1,SASPLSGYEQF,1
TRBV20-1,TRBJ2-1,SASPLSGYNEQF,3
TRBV20-1,TRBJ2-1,SASPLSNEQF,3
TRBV20-1,TRBJ2-1,SASPLSPSCNEQF,1
TRBV20-1,TRBJ2-1,SASPLSPSYNDQF,1
TRBV20-1,TRBJ2-1,SASPLSPSYNEQF,8
TRBV20-1,TRBJ2-1,SASPLSPTGDNEQF,3
TRBV20-1,TRBJ2-1,SASPLSREGLYNEQF,1
TRBV20-1,TRBJ2-1,SASPLSRELYNEQF,1
TRBV20-1,TRBJ2-1,SASPLSRGRNEQF,1
TRBV20-1,TRBJ2-1,SASPLSRLYNEQF,1
TRBV20-1,TRBJ2-1,SASPLSSGAYNEQF,1
TRBV20-1,TRBJ2-1,SASPLSSGGNEQF,1
TRBV20-1,TRBJ2-1,SASPLSSGPYNEQF,1
TRBV20-1,TRBJ2-1,SASPLSSGSYNEQF,3
TRBV20-1,TRBJ2-1,SASPLSSGWGYNEQF,1
TRBV20-1,TRBJ2-1,SASPLSSMSGNEQF,1
TRBV20-1,TRBJ2-1,SASPLSSSGGRSPYNEQF,1
TRBV20-1,TRBJ2-1,SASPLSSSGGRSTYNEQF,3
TRBV20-1,TRBJ2-1,SASPLSSSYNEQF,6
TRBV20-1,TRBJ2-1,SASPLSSYHEQF,2
TRBV20-1,TRBJ2-1,SASPLSSYKEQF,1
TRBV20-1,TRBJ2-1,SASPLSSYNEQF,55
TRBV20-1,TRBJ2-1,SASPLSSYSEQF,1
TRBV20-1,TRBJ2-1,SASPLSSYTEQF,1
TRBV20-1,TRBJ2-1,SASPLSTSFSHNEQF,5
TRBV20-1,TRBJ2-1,SASPLSTSVSHNEQF,1
TRBV20-1,TRBJ2-1,SASPLSWGRNEQF,1
TRBV20-1,TRBJ2-1,SASPLSYNEQF,49
TRBV20-1,TRBJ2-1,SASPLSYTEQF,1
TRBV20-1,TRBJ2-1,SASPLTALSYNEQL,1
TRBV20-1,TRBJ2-1,SASPLTANEQF,2
TRBV20-1,TRBJ2-1,SASPLTAPIYNEQF,1
TRBV20-1,TRBJ2-1,SASPLTASYNEQF,1
TRBV20-1,TRBJ2-1,SASPLTAYNEQF,1
TRBV20-1,TRBJ2-1,SASPLTERGSYNEQF,1
TRBV20-1,TRBJ2-1,SASPLTEVYEQF,9
TRBV20-1,TRBJ2-1,SASPLTFYNEQF,4
TRBV20-1,TRBJ2-1,SASPLTGAAYNEQF,1
TRBV20-1,TRBJ2-1,SASPLTGAGAYNEQF,1
TRBV20-1,TRBJ2-1,SASPLTGETYNEQF,1
TRBV20-1,TRBJ2-1,SASPLTGGAYNEQF,1
TRBV20-1,TRBJ2-1,SASPLTGGEVNEQF,1
TRBV20-1,TRBJ2-1,SASPLTGGRTYNEQF,1
TRBV20-1,TRBJ2-1,SASPLTGGRVMF,1
TRBV20-1,TRBJ2-1,SASPLTGHYEQF,1
TRBV20-1,TRBJ2-1,SASPLTGLATNEQF,1
TRBV20-1,TRBJ2-1,SASPLTGMYNEQF,1
TRBV20-1,TRBJ2-1,SASPLTGQGFYEQF,1
TRBV20-1,TRBJ2-1,SASPLTGQLYNEQF,9
TRBV20-1,TRBJ2-1,SASPLTGSADNEQF,1
TRBV20-1,TRBJ2-1,SASPLTGSYNEQF,1
TRBV20-1,TRBJ2-1,SASPLTGTGNEQF,5
TRBV20-1,TRBJ2-1,SASPLTGTYNEQF,1
TRBV20-1,TRBJ2-1,SASPLTGVNNEQF,1
TRBV20-1,TRBJ2-1,SASPLTGVTQDEQF,7
TRBV20-1,TRBJ2-1,SASPLTIPTNEQF,1
TRBV20-1,TRBJ2-1,SASPLTLAGTNNEQF,1
TRBV20-1,TRBJ2-1,SASPLTLTDNEQF,1
TRBV20-1,TRBJ2-1,SASPLTLVSSYNEQF,1
TRBV20-1,TRBJ2-1,SASPLTMIYNEQF,1
TRBV20-1,TRBJ2-1,SASPLTNEQF,5
TRBV20-1,TRBJ2-1,SASPLTNPTSGGQPHNEQF,2
TRBV20-1,TRBJ2-1,SASPLTNYNEQF,1
TRBV20-1,TRBJ2-1,SASPLTQNEQF,1
TRBV20-1,TRBJ2-1,SASPLTRDRTKGSAYNEQF,1
TRBV20-1,TRBJ2-1,SASPLTRFGDEQF,9
TRBV20-1,TRBJ2-1,SASPLTRINNEQF,1
TRBV20-1,TRBJ2-1,SASPLTRSNDIDEQF,1
TRBV20-1,TRBJ2-1,SASPLTSADEQF,1
TRBV20-1,TRBJ2-1,SASPLTSAHNEQF,1
TRBV20-1,TRBJ2-1,SASPLTSAYDEQF,1
TRBV20-1,TRBJ2-1,SASPLTSDHTFYNEQF,1
TRBV20-1,TRBJ2-1,SASPLTSGDYNEQF,1
TRBV20-1,TRBJ2-1,SASPLTSGERYNEQF,1
TRBV20-1,TRBJ2-1,SASPLTSGEYNEQF,1
TRBV20-1,TRBJ2-1,SASPLTSGFYNEQF,1
TRBV20-1,TRBJ2-1,SASPLTSGGFNEQF,1
TRBV20-1,TRBJ2-1,SASPLTSGGGNSQF,2
TRBV20-1,TRBJ2-1,SASPLTSGGQNEQF,1
TRBV20-1,TRBJ2-1,SASPLTSGIFYEQF,1
TRBV20-1,TRBJ2-1,SASPLTSGINEQF,2
TRBV20-1,TRBJ2-1,SASPLTSGIYNEQF,1
TRBV20-1,TRBJ2-1,SASPLTSGNYKEHF,1
TRBV20-1,TRBJ2-1,SASPLTSGNYNEQF,6
TRBV20-1,TRBJ2-1,SASPLTSGQGSYNEQF,1
TRBV20-1,TRBJ2-1,SASPLTSGRATTNEQF,3
TRBV20-1,TRBJ2-1,SASPLTSGRDYNEQF,1
TRBV20-1,TRBJ2-1,SASPLTSGRENEQF,1
TRBV20-1,TRBJ2-1,SASPLTSGRGGEAYNEQF,1
TRBV20-1,TRBJ2-1,SASPLTSGRINEQF,1
TRBV20-1,TRBJ2-1,SASPLTSGRNNEQF,1
TRBV20-1,TRBJ2-1,SASPLTSGRVMF,8
TRBV20-1,TRBJ2-1,SASPLTSGSDNEQF,1
TRBV20-1,TRBJ2-1,SASPLTSGSPNEQF,1
TRBV20-1,TRBJ2-1,SASPLTSGSYEQF,1
TRBV20-1,TRBJ2-1,SASPLTSGSYNEQF,1
TRBV20-1,TRBJ2-1,SASPLTSGTGNEQF,2
TRBV20-1,TRBJ2-1,SASPLTSGTPGNEQF,1
TRBV20-1,TRBJ2-1,SASPLTSGTSNEQF,1
TRBV20-1,TRBJ2-1,SASPLTSGTYNEQF,1
TRBV20-1,TRBJ2-1,SASPLTSGVGNEQF,1
TRBV20-1,TRBJ2-1,SASPLTSGVNYEQF,1
TRBV20-1,TRBJ2-1,SASPLTSGVYNEQF,2
TRBV20-1,TRBJ2-1,SASPLTSGYNEQF,1
TRBV20-1,TRBJ2-1,SASPLTSPFYNEQF,1
TRBV20-1,TRBJ2-1,SASPLTSSSYNEQF,1
TRBV20-1,TRBJ2-1,SASPLTSSYNEQF,1
TRBV20-1,TRBJ2-1,SASPLTSTTYNEQF,1
TRBV20-1,TRBJ2-1,SASPLTSVSYNEQF,1
TRBV20-1,TRBJ2-1,SASPLTSVTYNEQF,1
TRBV20-1,TRBJ2-1,SASPLTSYNEQF,2
TRBV20-1,TRBJ2-1,SASPLTTGPNEQF,1
TRBV20-1,TRBJ2-1,SASPLTTSFSHNEQF,1
TRBV20-1,TRBJ2-1,SASPLTTYNEQF,1
TRBV20-1,TRBJ2-1,SASPLTVIGYNEQF,2
TRBV20-1,TRBJ2-1,SASPLTVNNEQF,1
TRBV20-1,TRBJ2-1,SASPLTVPSYNEQF,1
TRBV20-1,TRBJ2-1,SASPLTWVTQDEQF,1
TRBV20-1,TRBJ2-1,SASPLV,11
TRBV20-1,TRBJ2-1,SASPLVAGEGYNEQF,1
TRBV20-1,TRBJ2-1,SASPLVAYNEQF,1
TRBV20-1,TRBJ2-1,SASPLVDEQF,1
TRBV20-1,TRBJ2-1,SASPLVFSYNEQF,1
TRBV20-1,TRBJ2-1,SASPLVGDEQF,1
TRBV20-1,TRBJ2-1,SASPLVGDNEQF,1
TRBV20-1,TRBJ2-1,SASPLVGDYNEQF,1
TRBV20-1,TRBJ2-1,SASPLVGEGNEQF,2
TRBV20-1,TRBJ2-1,SASPLVGFPDEQF,10
TRBV20-1,TRBJ2-1,SASPLVGLADNEQF,1
TRBV20-1,TRBJ2-1,SASPLVGLDNEQF,1
TRBV20-1,TRBJ2-1,SASPLVGPNNEQF,1
TRBV20-1,TRBJ2-1,SASPLVGPYNEQF,1
TRBV20-1,TRBJ2-1,SASPLVGQSYEQF,15
TRBV20-1,TRBJ2-1,SASPLVGRYNEQF,1
TRBV20-1,TRBJ2-1,SASPLVGSPDERF,1
TRBV20-1,TRBJ2-1,SASPLVGTSVSEAYKGVF,1
TRBV20-1,TRBJ2-1,SASPLVGTSVSQAYNEQF,1
TRBV20-1,TRBJ2-1,SASPLVGYDEQF,1
TRBV20-1,TRBJ2-1,SASPLVGYINEQF,1
TRBV20-1,TRBJ2-1,SASPLVGYNEQF,3
TRBV20-1,TRBJ2-1,SASPLVHNEQF,1
TRBV20-1,TRBJ2-1,SASPLVIPARASYNEQF,1
TRBV20-1,TRBJ2-1,SASPLVKALSSYNEQF,1
TRBV20-1,TRBJ2-1,SASPLVKRPSYNEQF,1
TRBV20-1,TRBJ2-1,SASPLVLAGFYNEQF,2
TRBV20-1,TRBJ2-1,SASPLVLAGGPNEQF,1
TRBV20-1,TRBJ2-1,SASPLVLAVDYNEQF,1
TRBV20-1,TRBJ2-1,SASPLVLGSYNEQF,1
TRBV20-1,TRBJ2-1,SASPLVNEQF,1
TRBV20-1,TRBJ2-1,SASPLVNNEQF,2
TRBV20-1,TRBJ2-1,SASPLVPQGNEQF,1
TRBV20-1,TRBJ2-1,SASPLVQKYNEQF,1
TRBV20-1,TRBJ2-1,SASPLVRDGHYNEQF,1
TRBV20-1,TRBJ2-1,SASPLVRLEEDYNEQF,1
TRBV20-1,TRBJ2-1,SASPLVRSYNEQF,2
TRBV20-1,TRBJ2-1,SASPLVRVSYNEQF,1
TRBV20-1,TRBJ2-1,SASPLVRYNEQF,1
TRBV20-1,TRBJ2-1,SASPLVSGHNEQF,2
TRBV20-1,TRBJ2-1,SASPLVSGRAYNEQF,2
TRBV20-1,TRBJ2-1,SASPLVSGSYNEQF,1
TRBV20-1,TRBJ2-1,SASPLVSGYNEQF,1
TRBV20-1,TRBJ2-1,SASPLVSRNEQF,1
TRBV20-1,TRBJ2-1,SASPLVSSYNEQF,2
TRBV20-1,TRBJ2-1,SASPLVSYNEQF,1
TRBV20-1,TRBJ2-1,SASPLVTDEQF,1
TRBV20-1,TRBJ2-1,SASPLVTESSYNEQF,1
TRBV20-1,TRBJ2-1,SASPLVTTGRSYNEQF,1
TRBV20-1,TRBJ2-1,SASPLVVDEQF,1
TRBV20-1,TRBJ2-1,SASPLVVNEQF,1
TRBV20-1,TRBJ2-1,SASPLVVSYNEQF,1
TRBV20-1,TRBJ2-1,SASPLVYEQF,1
TRBV20-1,TRBJ2-1,SASPLWANNEQF,1
TRBV20-1,TRBJ2-1,SASPLWFSSYNEQF,2
TRBV20-1,TRBJ2-1,SASPLWLAGPNEQF,6
TRBV20-1,TRBJ2-1,SASPLWNEQF,2
TRBV20-1,TRBJ2-1,SASPLWYEQF,2
TRBV20-1,TRBJ2-1,SASPLYAEYYNEQF,1
TRBV20-1,TRBJ2-1,SASPLYEQF,17
TRBV20-1,TRBJ2-1,SASPLYGLAGGPSDNEQF,1
TRBV20-1,TRBJ2-1,SASPLYGTSGSYNEQF,2
TRBV20-1,TRBJ2-1,SASPLYLTSYNEQF,1
TRBV20-1,TRBJ2-1,SASPLYNEQF,8
TRBV20-1,TRBJ2-1,SASPLYQQYEQF,6
TRBV20-1,TRBJ2-1,SASPLYRDRYNEQF,1
TRBV20-1,TRBJ2-1,SASPLYRGNEQF,1
TRBV20-1,TRBJ2-1,SASPLYSAGAYNEQF,1
TRBV20-1,TRBJ2-1,SASPLYSYNEQF,3
TRBV20-1,TRBJ2-1,SASPLYTSSYNEQF,1
TRBV20-1,TRBJ2-1,SASPMAGAFNEQF,7
TRBV20-1,TRBJ2-1,SASPMAGAGNEQF,1
TRBV20-1,TRBJ2-1,SASPMAGAHYNEQF,1
TRBV20-1,TRBJ2-1,SASPMAGGRSSYNEQF,1
TRBV20-1,TRBJ2-1,SASPMDEQF,1
TRBV20-1,TRBJ2-1,SASPMDERDLAYNEQF,5
TRBV20-1,TRBJ2-1,SASPMDLDNEQF,1
TRBV20-1,TRBJ2-1,SASPMDNEQF,1
TRBV20-1,TRBJ2-1,SASPMDSENNEQF,1
TRBV20-1,TRBJ2-1,SASPMEGGDEQF,1
TRBV20-1,TRBJ2-1,SASPMEYNEQF,1
TRBV20-1,TRBJ2-1,SASPMGAGALNEQF,1
TRBV20-1,TRBJ2-1,SASPMGDNEQF,1
TRBV20-1,TRBJ2-1,SASPMGGDRYSYNEQF,1
TRBV20-1,TRBJ2-1,SASPMGGFAYNEQF,7
TRBV20-1,TRBJ2-1,SASPMGGGEQF,4
TRBV20-1,TRBJ2-1,SASPMGGGPNNEQF,1
TRBV20-1,TRBJ2-1,SASPMGGSSYNEQF,1
TRBV20-1,TRBJ2-1,SASPMGKSYNEQF,3
TRBV20-1,TRBJ2-1,SASPMGLAGGEHF,1
TRBV20-1,TRBJ2-1,SASPMGLAGGEQF,10
TRBV20-1,TRBJ2-1,SASPMGLAGGEQL,1
TRBV20-1,TRBJ2-1,SASPMGLAGGPSHNEQF,1
TRBV20-1,TRBJ2-1,SASPMGLAGGSNEQF,4
TRBV20-1,TRBJ2-1,SASPMGLASDEQF,1
TRBV20-1,TRBJ2-1,SASPMGLRKNEQF,1
TRBV20-1,TRBJ2-1,SASPMGNEQF,1
TRBV20-1,TRBJ2-1,SASPMGNSGAYNEQF,1
TRBV20-1,TRBJ2-1,SASPMGRGLFNEQF,1
TRBV20-1,TRBJ2-1,SASPMGRSNEQF,1
TRBV20-1,TRBJ2-1,SASPMGSGRNEQF,1
TRBV20-1,TRBJ2-1,SASPMGSYNEQF,3
TRBV20-1,TRBJ2-1,SASPMGTSGPRIGPYNEQF,1
TRBV20-1,TRBJ2-1,SASPMGTSGTYNEQF,1
TRBV20-1,TRBJ2-1,SASPMGYIYNEQF,1
TRBV20-1,TRBJ2-1,SASPMGYPYNEQF,1
TRBV20-1,TRBJ2-1,SASPMLAGAMSSYNEQF,1
TRBV20-1,TRBJ2-1,SASPMLAGGSSYNEQF,1
TRBV20-1,TRBJ2-1,SASPMLAGSSYNEQF,2
TRBV20-1,TRBJ2-1,SASPMLAIAYNEQF,1
TRBV20-1,TRBJ2-1,SASPMLGAYNEQF,1
TRBV20-1,TRBJ2-1,SASPMLGFSSSYNEQF,1
TRBV20-1,TRBJ2-1,SASPMLKRTGYNEQF,1
TRBV20-1,TRBJ2-1,SASPMLTGRPAYNEQF,1
TRBV20-1,TRBJ2-1,SASPMPFALYNEQF,1
TRBV20-1,TRBJ2-1,SASPMRAGSYNEQF,1
TRBV20-1,TRBJ2-1,SASPMREASYNEQF,1
TRBV20-1,TRBJ2-1,SASPMREPSRNEQF,2
TRBV20-1,TRBJ2-1,SASPMREPYNEQF,3
TRBV20-1,TRBJ2-1,SASPMRGVNEQF,1
TRBV20-1,TRBJ2-1,SASPMRRAGGGDEQF,1
TRBV20-1,TRBJ2-1,SASPMRRDSGNEQF,1
TRBV20-1,TRBJ2-1,SASPMRTQRTNEQF,1
TRBV20-1,TRBJ2-1,SASPMRYNEQF,1
TRBV20-1,TRBJ2-1,SASPMSGRYNEQF,1
TRBV20-1,TRBJ2-1,SASPMSGSSYNEQF,1
TRBV20-1,TRBJ2-1,SASPMSLESEQF,2
TRBV20-1,TRBJ2-1,SASPMSSYNEQF,1
TRBV20-1,TRBJ2-1,SASPMTASSYNEQF,1
TRBV20-1,TRBJ2-1,SASPMTGGLNEQF,1
TRBV20-1,TRBJ2-1,SASPMTGGNEQF,1
TRBV20-1,TRBJ2-1,SASPMTGKLVVNEQF,1
TRBV20-1,TRBJ2-1,SASPMTGNNEQF,1
TRBV20-1,TRBJ2-1,SASPMTGPENEQF,1
TRBV20-1,TRBJ2-1,SASPMTGSSYNEQF,1
TRBV20-1,TRBJ2-1,SASPMTGTSGTYEQF,1
TRBV20-1,TRBJ2-1,SASPMTPSSYNEQF,1
TRBV20-1,TRBJ2-1,SASPMTSGRDNEQF,1
TRBV20-1,TRBJ2-1,SASPMTSGRINEQF,1
TRBV20-1,TRBJ2-1,SASPMTSGRTSHDEQF,1
TRBV20-1,TRBJ2-1,SASPMTSGRVNNEQF,1
TRBV20-1,TRBJ2-1,SASPMTSGSDEQF,1
TRBV20-1,TRBJ2-1,SASPMTSGSSYNEQF,1
TRBV20-1,TRBJ2-1,SASPMTSGSYNEQF,2
TRBV20-1,TRBJ2-1,SASPMTSSWENNEQF,1
TRBV20-1,TRBJ2-1,SASPMTSYNEQF,1
TRBV20-1,TRBJ2-1,SASPMVLAGGYEQF,1
TRBV20-1,TRBJ2-1,SASPMVQGAAYNEQF,1
TRBV20-1,TRBJ2-1,SASPMVSGGLNNEQF,5
TRBV20-1,TRBJ2-1,SASPMVVATGTSRSSYNEQF,1
TRBV20-1,TRBJ2-1,SASPMVYGNNEQF,1
TRBV20-1,TRBJ2-1,SASPMWASGRTVYNEQF,1
TRBV20-1,TRBJ2-1,SASPMWGTLNEQF,1
TRBV20-1,TRBJ2-1,SASPMWGVGYNEQF,1
TRBV20-1,TRBJ2-1,SASPNAGNEQF,1
TRBV20-1,TRBJ2-1,SASPNAGSSYNEQF,1
TRBV20-1,TRBJ2-1,SASPNAGVAGGRWNYNEQF,1
TRBV20-1,TRBJ2-1,SASPNAMNNEQF,1
TRBV20-1,TRBJ2-1,SASPNAQTYNEQF,1
TRBV20-1,TRBJ2-1,SASPNARNEQF,1
TRBV20-1,TRBJ2-1,SASPNAVALHNEQF,1
TRBV20-1,TRBJ2-1,SASPNDDRQRGWGSYNEQF,1
TRBV20-1,TRBJ2-1,SASPNDQF,1
TRBV20-1,TRBJ2-1,SASPNDRNEQF,1
TRBV20-1,TRBJ2-1,SASPNDRTWDNEQF,1
TRBV20-1,TRBJ2-1,SASPNEGAYNEQF,1
TRBV20-1,TRBJ2-1,SASPNEHF,1
TRBV20-1,TRBJ2-1,SASPNEKF,1
TRBV20-1,TRBJ2-1,SASPNEQF,93
TRBV20-1,TRBJ2-1,SASPNFDSYNEQF,1
TRBV20-1,TRBJ2-1,SASPNGGYNEQF,1
TRBV20-1,TRBJ2-1,SASPNGLAVYNEQF,1
TRBV20-1,TRBJ2-1,SASPNGNEQF,1
TRBV20-1,TRBJ2-1,SASPNGQGVIPSYNEQF,1
TRBV20-1,TRBJ2-1,SASPNGRGNEQF,1
TRBV20-1,TRBJ2-1,SASPNGRWRRSYNEQF,1
TRBV20-1,TRBJ2-1,SASPNHNEQF,1
TRBV20-1,TRBJ2-1,SASPNLAGGHNEQF,1
TRBV20-1,TRBJ2-1,SASPNLANEQF,1
TRBV20-1,TRBJ2-1,SASPNLATAYNEQF,1
TRBV20-1,TRBJ2-1,SASPNLGGGNEQC,1
TRBV20-1,TRBJ2-1,SASPNLGQHYNEQF,1
TRBV20-1,TRBJ2-1,SASPNLHNEQF,3
TRBV20-1,TRBJ2-1,SASPNLLAGRHNEQF,1
TRBV20-1,TRBJ2-1,SASPNLLYNEQF,1
TRBV20-1,TRBJ2-1,SASPNLSYEQF,1
TRBV20-1,TRBJ2-1,SASPNMGRAGGTHYNEQF,2
TRBV20-1,TRBJ2-1,SASPNNEQF,23
TRBV20-1,TRBJ2-1,SASPNNNEQF,1
TRBV20-1,TRBJ2-1,SASPNPGIAGGQYNEQF,1
TRBV20-1,TRBJ2-1,SASPNPGIVAGRYNEQF,1
TRBV20-1,TRBJ2-1,SASPNPGLADNEQF,3
TRBV20-1,TRBJ2-1,SASPNPGQIYNEQF,2
TRBV20-1,TRBJ2-1,SASPNPGSYNEQF,1
TRBV20-1,TRBJ2-1,SASPNPGTKRGEQF,2
TRBV20-1,TRBJ2-1,SASPNPLSDNEQF,1
TRBV20-1,TRBJ2-1,SASPNPNEQF,1
TRBV20-1,TRBJ2-1,SASPNPPGTRFYNEQF,1
TRBV20-1,TRBJ2-1,SASPNPPSGSTIVENEQF,1
TRBV20-1,TRBJ2-1,SASPNPQDPQRQPVSYNEQF,1
TRBV20-1,TRBJ2-1,SASPNPYNEQF,2
TRBV20-1,TRBJ2-1,SASPNQGDEQF,2
TRBV20-1,TRBJ2-1,SASPNQLVGEQF,5
TRBV20-1,TRBJ2-1,SASPNRAAVVYEQF,1
TRBV20-1,TRBJ2-1,SASPNRAGHSYNEQF,1
TRBV20-1,TRBJ2-1,SASPNRASYNEQF,1
TRBV20-1,TRBJ2-1,SASPNRDEQF,1
TRBV20-1,TRBJ2-1,SASPNRDHTPNEQF,1
TRBV20-1,TRBJ2-1,SASPNRDRLYNEQF,1
TRBV20-1,TRBJ2-1,SASPNRGGPSSYNEQF,1
TRBV20-1,TRBJ2-1,SASPNRGHNEQF,1
TRBV20-1,TRBJ2-1,SASPNRGRNSYNEQF,1
TRBV20-1,TRBJ2-1,SASPNRGSSYNEQF,2
TRBV20-1,TRBJ2-1,SASPNRGYNEQF,1
TRBV20-1,TRBJ2-1,SASPNRGYYNEQF,1
TRBV20-1,TRBJ2-1,SASPNRHHPPRNEQF,1
TRBV20-1,TRBJ2-1,SASPNRLAGVYNEQF,1
TRBV20-1,TRBJ2-1,SASPNRLASIYNEQF,1
TRBV20-1,TRBJ2-1,SASPNRNEQF,1
TRBV20-1,TRBJ2-1,SASPNRRRDNEQF,1
TRBV20-1,TRBJ2-1,SASPNRRSYNEQF,9
TRBV20-1,TRBJ2-1,SASPNRRVIGSHEQF,1
TRBV20-1,TRBJ2-1,SASPNSANEQF,1
TRBV20-1,TRBJ2-1,SASPNSEQF,1
TRBV20-1,TRBJ2-1,SASPNSGGTYNEQF,1
TRBV20-1,TRBJ2-1,SASPNSGHNEQF,1
TRBV20-1,TRBJ2-1,SASPNSGRGSNEQF,1
TRBV20-1,TRBJ2-1,SASPNSGSSYNEQF,1
TRBV20-1,TRBJ2-1,SASPNSGTSGEQQF,11
TRBV20-1,TRBJ2-1,SASPNSGTYNEQF,2
TRBV20-1,TRBJ2-1,SASPNSNEQF,1
TRBV20-1,TRBJ2-1,SASPNSPDEQF,1
TRBV20-1,TRBJ2-1,SASPNSPLTYNEQF,1
TRBV20-1,TRBJ2-1,SASPNSRTYNEQF,1
TRBV20-1,TRBJ2-1,SASPNSYNEQF,4
TRBV20-1,TRBJ2-1,SASPNTAGVRNEQF,1
TRBV20-1,TRBJ2-1,SASPNTHTYNEQF,1
TRBV20-1,TRBJ2-1,SASPNTLYNEQF,1
TRBV20-1,TRBJ2-1,SASPNTNEQF,4
TRBV20-1,TRBJ2-1,SASPNTYNEQF,3
TRBV20-1,TRBJ2-1,SASPNVLTNNEQF,4
TRBV20-1,TRBJ2-1,SASPNVNPYNEQF,1
TRBV20-1,TRBJ2-1,SASPNVRPHVNEQF,1
TRBV20-1,TRBJ2-1,SASPNWAVGLYNEQF,1
TRBV20-1,TRBJ2-1,SASPNYGQGWNEQF,1
TRBV20-1,TRBJ2-1,SASPNYGSYNEQF,1
TRBV20-1,TRBJ2-1,SASPNYNEQF,4
TRBV20-1,TRBJ2-1,SASPNYRLAGVNEQF,1
TRBV20-1,TRBJ2-1,SASPNYSGRGNEQF,1
TRBV20-1,TRBJ2-1,SASPPAAHSEQF,2
TRBV20-1,TRBJ2-1,SASPPAAPPYNEQF,1
TRBV20-1,TRBJ2-1,SASPPAAPSYEQF,1
TRBV20-1,TRBJ2-1,SASPPAATYNEQF,1
TRBV20-1,TRBJ2-1,SASPPADSYNEQF,1
TRBV20-1,TRBJ2-1,SASPPADYNEQF,1
TRBV20-1,TRBJ2-1,SASPPAEANEQF,8
TRBV20-1,TRBJ2-1,SASPPAGAHNEQF,1
TRBV20-1,TRBJ2-1,SASPPAGARNEQF,1
TRBV20-1,TRBJ2-1,SASPPAGENEQF,1
TRBV20-1,TRBJ2-1,SASPPAGEQF,1
TRBV20-1,TRBJ2-1,SASPPAGERNEQF,1
TRBV20-1,TRBJ2-1,SASPPAGEYEQF,1
TRBV20-1,TRBJ2-1,SASPPAGGAYNEQF,1
TRBV20-1,TRBJ2-1,SASPPAGGDEQF,6
TRBV20-1,TRBJ2-1,SASPPAGGEQF,1
TRBV20-1,TRBJ2-1,SASPPAGGGAYNEQF,1
TRBV20-1,TRBJ2-1,SASPPAGGIGDEQF,1
TRBV20-1,TRBJ2-1,SASPPAGGILGNEQF,1
TRBV20-1,TRBJ2-1,SASPPAGGISYNEQF,1
TRBV20-1,TRBJ2-1,SASPPAGGIYNEQF,2
TRBV20-1,TRBJ2-1,SASPPAGGLYNEQF,1
TRBV20-1,TRBJ2-1,SASPPAGGPGYNEQF,1
TRBV20-1,TRBJ2-1,SASPPAGGPLDEQF,1
TRBV20-1,TRBJ2-1,SASPPAGGPLIYNEQF,1
TRBV20-1,TRBJ2-1,SASPPAGGPLLRYNEQF,1
TRBV20-1,TRBJ2-1,SASPPAGGWNEQF,4
TRBV20-1,TRBJ2-1,SASPPAGGYNEQF,2
TRBV20-1,TRBJ2-1,SASPPAGRWGNEQF,1
TRBV20-1,TRBJ2-1,SASPPAGSNEQF,1
TRBV20-1,TRBJ2-1,SASPPAGSSYNEQF,1
TRBV20-1,TRBJ2-1,SASPPAGSYNEQF,1
TRBV20-1,TRBJ2-1,SASPPAGTHSYNEQF,4
TRBV20-1,TRBJ2-1,SASPPAGVSYNEQF,5
TRBV20-1,TRBJ2-1,SASPPAGVYNEQF,2
TRBV20-1,TRBJ2-1,SASPPAHEQF,1
TRBV20-1,TRBJ2-1,SASPPAHFSYNEQF,1
TRBV20-1,TRBJ2-1,SASPPAHNEQF,1
TRBV20-1,TRBJ2-1,SASPPAIAGNNEQF,1
TRBV20-1,TRBJ2-1,SASPPAIYNEQF,1
TRBV20-1,TRBJ2-1,SASPPALGYNEQF,1
TRBV20-1,TRBJ2-1,SASPPALYNEQF,1
TRBV20-1,TRBJ2-1,SASPPANAHNEQF,1
TRBV20-1,TRBJ2-1,SASPPANSHNEQF,4
TRBV20-1,TRBJ2-1,SASPPAPAKANEQF,1
TRBV20-1,TRBJ2-1,SASPPAPGTENNEQF,1
TRBV20-1,TRBJ2-1,SASPPAPNEQF,1
TRBV20-1,TRBJ2-1,SASPPAPSGGNNEQF,1
TRBV20-1,TRBJ2-1,SASPPAPSGTAYNEQF,1
TRBV20-1,TRBJ2-1,SASPPAPSYNEQF,1
TRBV20-1,TRBJ2-1,SASPPAQLSGGGYNEQF,1
TRBV20-1,TRBJ2-1,SASPPARPYNEQF,3
TRBV20-1,TRBJ2-1,SASPPARSYNEQF,1
TRBV20-1,TRBJ2-1,SASPPASAIYNEQF,1
TRBV20-1,TRBJ2-1,SASPPASGIFNEQF,4
TRBV20-1,TRBJ2-1,SASPPASGPYNEQF,6
TRBV20-1,TRBJ2-1,SASPPASGRNEQF,1
TRBV20-1,TRBJ2-1,SASPPASGRVDEQF,1
TRBV20-1,TRBJ2-1,SASPPASGSDEQF,1
TRBV20-1,TRBJ2-1,SASPPASLSYNEQF,1
TRBV20-1,TRBJ2-1,SASPPASNEQF,12
TRBV20-1,TRBJ2-1,SASPPASSGYEQF,1
TRBV20-1,TRBJ2-1,SASPPASSYNEQF,6
TRBV20-1,TRBJ2-1,SASPPASYNEQF,1
TRBV20-1,TRBJ2-1,SASPPATSGPYNEQF,1
TRBV20-1,TRBJ2-1,SASPPATSYNEQF,1
TRBV20-1,TRBJ2-1,SASPPAVNYNEQF,1
TRBV20-1,TRBJ2-1,SASPPAWSSMYNEQF,1
TRBV20-1,TRBJ2-1,SASPPAYNEQF,3
TRBV20-1,TRBJ2-1,SASPPDAERWNEQF,1
TRBV20-1,TRBJ2-1,SASPPDDNEQF,1
TRBV20-1,TRBJ2-1,SASPPDEQF,1
TRBV20-1,TRBJ2-1,SASPPDFYNEQF,1
TRBV20-1,TRBJ2-1,SASPPDGRTLYNEQF,1
TRBV20-1,TRBJ2-1,SASPPDGSSYNEQF,1
TRBV20-1,TRBJ2-1,SASPPDGSYDEQF,1
TRBV20-1,TRBJ2-1,SASPPDGSYNEQF,5
TRBV20-1,TRBJ2-1,SASPPDNEQF,2
TRBV20-1,TRBJ2-1,SASPPDRDNEQF,1
TRBV20-1,TRBJ2-1,SASPPDREWYNEQF,1
TRBV20-1,TRBJ2-1,SASPPDRGGGNEQF,5
TRBV20-1,TRBJ2-1,SASPPDRGNYNEQF,1
TRBV20-1,TRBJ2-1,SASPPDRGYNDQF,1
TRBV20-1,TRBJ2-1,SASPPDRGYNEQF,3
TRBV20-1,TRBJ2-1,SASPPDRNRDEQF,1
TRBV20-1,TRBJ2-1,SASPPDRSSYNEQF,1
TRBV20-1,TRBJ2-1,SASPPDRSYDEQF,1
TRBV20-1,TRBJ2-1,SASPPDRSYNEQF,6
TRBV20-1,TRBJ2-1,SASPPDRTFYNEQF,3
TRBV20-1,TRBJ2-1,SASPPDRVSYNEQF,1
TRBV20-1,TRBJ2-1,SASPPDRVTYNEQF,1
TRBV20-1,TRBJ2-1,SASPPDRVYNNEQF,1
TRBV20-1,TRBJ2-1,SASPPDRYNEQF,6
TRBV20-1,TRBJ2-1,SASPPDSESYNEQF,2
TRBV20-1,TRBJ2-1,SASPPDSGDYYNEQF,1
TRBV20-1,TRBJ2-1,SASPPDSSYNEQF,1
TRBV20-1,TRBJ2-1,SASPPDSYNEQF,3
TRBV20-1,TRBJ2-1,SASPPDVYNEQF,4
TRBV20-1,TRBJ2-1,SASPPDWRNEQF,1
TRBV20-1,TRBJ2-1,SASPPEAPATNEQF,1
TRBV20-1,TRBJ2-1,SASPPEAPSSYNEQF,4
TRBV20-1,TRBJ2-1,SASPPEASSYNEQF,1
TRBV20-1,TRBJ2-1,SASPPEGGRDNEQF,1
TRBV20-1,TRBJ2-1,SASPPEGLANEQF,1
TRBV20-1,TRBJ2-1,SASPPEGLDDEQF,1
TRBV20-1,TRBJ2-1,SASPPEGMSGRVYNEQF,1
TRBV20-1,TRBJ2-1,SASPPEGQGISNEQF,1
TRBV20-1,TRBJ2-1,SASPPEGRAYNEQF,1
TRBV20-1,TRBJ2-1,SASPPEGTYNEQF,1
TRBV20-1,TRBJ2-1,SASPPELGLAGNSYNEQF,1
TRBV20-1,TRBJ2-1,SASPPELPSYNEQF,1
TRBV20-1,TRBJ2-1,SASPPELSGNEQF,1
TRBV20-1,TRBJ2-1,SASPPELSLNEQF,1
TRBV20-1,TRBJ2-1,SASPPENEQF,4
TRBV20-1,TRBJ2-1,SASPPENYNEQF,1
TRBV20-1,TRBJ2-1,SASPPEPYNEQF,10
TRBV20-1,TRBJ2-1,SASPPEQGEWNEQF,2
TRBV20-1,TRBJ2-1,SASPPEREDNEQF,1
TRBV20-1,TRBJ2-1,SASPPERGQGYF,3
TRBV20-1,TRBJ2-1,SASPPERIDNEQF,1
TRBV20-1,TRBJ2-1,SASPPERLNNEQF,1
TRBV20-1,TRBJ2-1,SASPPERRDYNEQF,1
TRBV20-1,TRBJ2-1,SASPPERRFNEQF,1
TRBV20-1,TRBJ2-1,SASPPERTNEQF,1
TRBV20-1,TRBJ2-1,SASPPESSYNEQF,6
TRBV20-1,TRBJ2-1,SASPPETGASPQF,2
TRBV20-1,TRBJ2-1,SASPPETNIEQF,1
TRBV20-1,TRBJ2-1,SASPPEVSYNEQF,1
TRBV20-1,TRBJ2-1,SASPPEVYNEQF,1
TRBV20-1,TRBJ2-1,SASPPEYNEQF,1
TRBV20-1,TRBJ2-1,SASPPFFAGNEQF,4
TRBV20-1,TRBJ2-1,SASPPFGGDSLTSSYNEQF,1
TRBV20-1,TRBJ2-1,SASPPFGNEQF,1
TRBV20-1,TRBJ2-1,SASPPFHNEQF,1
TRBV20-1,TRBJ2-1,SASPPFHSGYNEQF,1
TRBV20-1,TRBJ2-1,SASPPFNEQF,1
TRBV20-1,TRBJ2-1,SASPPFQRVSSYNEQF,1
TRBV20-1,TRBJ2-1,SASPPFRANEQF,1
TRBV20-1,TRBJ2-1,SASPPFRGLGGEQF,4
TRBV20-1,TRBJ2-1,SASPPFRGRRDNEQF,1
TRBV20-1,TRBJ2-1,SASPPFRLGTYNEQF,1
TRBV20-1,TRBJ2-1,SASPPFSGEGYNEQV,1
TRBV20-1,TRBJ2-1,SASPPFSGRDYNEQF,1
TRBV20-1,TRBJ2-1,SASPPFSGVTYNEQF,1
TRBV20-1,TRBJ2-1,SASPPFSGYNEQF,1
TRBV20-1,TRBJ2-1,SASPPFVSHEQF,1
TRBV20-1,TRBJ2-1,SASPPGAAVSSYNEQF,1
TRBV20-1,TRBJ2-1,SASPPGAAYNEQF,2
TRBV20-1,TRBJ2-1,SASPPGADLYNEQF,1
TRBV20-1,TRBJ2-1,SASPPGAESSYNEQF,1
TRBV20-1,TRBJ2-1,SASPPGAGGLF,5
TRBV20-1,TRBJ2-1,SASPPGAGNEQF,1
TRBV20-1,TRBJ2-1,SASPPGAGTNEQF,1
TRBV20-1,TRBJ2-1,SASPPGAISYNEQF,1
TRBV20-1,TRBJ2-1,SASPPGALTYNEQF,1
TRBV20-1,TRBJ2-1,SASPPGAPYEQF,1
TRBV20-1,TRBJ2-1,SASPPGASGSHEQF,1
TRBV20-1,TRBJ2-1,SASPPGASGTSYNEQF,1
TRBV20-1,TRBJ2-1,SASPPGATYNEQF,1
TRBV20-1,TRBJ2-1,SASPPGAVYNEQF,1
TRBV20-1,TRBJ2-1,SASPPGAYNEQF,7
TRBV20-1,TRBJ2-1,SASPPGDDEQF,1
TRBV20-1,TRBJ2-1,SASPPGDEQF,3
TRBV20-1,TRBJ2-1,SASPPGDNEQF,4
TRBV20-1,TRBJ2-1,SASPPGDRGYNEQF,1
TRBV20-1,TRBJ2-1,SASPPGDRTYNEQF,1
TRBV20-1,TRBJ2-1,SASPPGDTSYNEQF,1
TRBV20-1,TRBJ2-1,SASPPGDYNEQF,1
TRBV20-1,TRBJ2-1,SASPPGEAYNEQF,1
TRBV20-1,TRBJ2-1,SASPPGEFSYNEQF,5
TRBV20-1,TRBJ2-1,SASPPGEGSYNEQF,1
TRBV20-1,TRBJ2-1,SASPPGELYNEQF,1
TRBV20-1,TRBJ2-1,SASPPGESEQF,1
TRBV20-1,TRBJ2-1,SASPPGFGYEQF,2
TRBV20-1,TRBJ2-1,SASPPGFGYQF,3
TRBV20-1,TRBJ2-1,SASPPGFNNEQF,1
TRBV20-1,TRBJ2-1,SASPPGFYNEQF,1
TRBV20-1,TRBJ2-1,SASPPGGADYNEQF,1
TRBV20-1,TRBJ2-1,SASPPGGAPYNEQF,1
TRBV20-1,TRBJ2-1,SASPPGGDEQF,2
TRBV20-1,TRBJ2-1,SASPPGGDQQF,6
TRBV20-1,TRBJ2-1,SASPPGGEDEQF,1
TRBV20-1,TRBJ2-1,SASPPGGFNEQF,1
TRBV20-1,TRBJ2-1,SASPPGGFYNEQF,2
TRBV20-1,TRBJ2-1,SASPPGGGANEQF,1
TRBV20-1,TRBJ2-1,SASPPGGGGAVYNEQF,1
TRBV20-1,TRBJ2-1,SASPPGGGGYNEQF,1
TRBV20-1,TRBJ2-1,SASPPGGGNEQF,2
TRBV20-1,TRBJ2-1,SASPPGGGNNEQF,1
TRBV20-1,TRBJ2-1,SASPPGGGSYNEQF,1
TRBV20-1,TRBJ2-1,SASPPGGGYNEQF,2
TRBV20-1,TRBJ2-1,SASPPGGLAGFLSYNEQF,2
TRBV20-1,TRBJ2-1,SASPPGGLGNEQF,4
TRBV20-1,TRBJ2-1,SASPPGGLVYNEQF,1
TRBV20-1,TRBJ2-1,SASPPGGMASGIIHNEQF,1
TRBV20-1,TRBJ2-1,SASPPGGNEQF,3
TRBV20-1,TRBJ2-1,SASPPGGNLYNEQF,2
TRBV20-1,TRBJ2-1,SASPPGGNRDYNEQF,1
TRBV20-1,TRBJ2-1,SASPPGGNSYNEQF,1
TRBV20-1,TRBJ2-1,SASPPGGPGGNEQF,1
TRBV20-1,TRBJ2-1,SASPPGGPYNEQF,12
TRBV20-1,TRBJ2-1,SASPPGGQDEQF,1
TRBV20-1,TRBJ2-1,SASPPGGRASSNEQF,1
TRBV20-1,TRBJ2-1,SASPPGGRGTYNEQF,1
TRBV20-1,TRBJ2-1,SASPPGGRGYNEQF,1
TRBV20-1,TRBJ2-1,SASPPGGRNEQF,1
TRBV20-1,TRBJ2-1,SASPPGGRRNEQF,1
TRBV20-1,TRBJ2-1,SASPPGGRRTNEQF,1
TRBV20-1,TRBJ2-1,SASPPGGRYNEQF,1
TRBV20-1,TRBJ2-1,SASPPGGSGRALYEQF,1
TRBV20-1,TRBJ2-1,SASPPGGSGSTYNEQF,1
TRBV20-1,TRBJ2-1,SASPPGGSPHNEQF,6
TRBV20-1,TRBJ2-1,SASPPGGSSYNEQF,1
TRBV20-1,TRBJ2-1,SASPPGGTDLYNEQF,1
TRBV20-1,TRBJ2-1,SASPPGGTGGNEQF,1
TRBV20-1,TRBJ2-1,SASPPGGTGNEQF,1
TRBV20-1,TRBJ2-1,SASPPGGTSYNEQF,1
TRBV20-1,TRBJ2-1,SASPPGGTYNEQF,1
TRBV20-1,TRBJ2-1,SASPPGGVARYNEQF,1
TRBV20-1,TRBJ2-1,SASPPGGVGYNEQF,4
TRBV20-1,TRBJ2-1,SASPPGGVNEQF,1
TRBV20-1,TRBJ2-1,SASPPGGVSNEQF,1
TRBV20-1,TRBJ2-1,SASPPGGVWNEQF,1
TRBV20-1,TRBJ2-1,SASPPGGVYNEQF,1
TRBV20-1,TRBJ2-1,SASPPGGWNEQF,8
TRBV20-1,TRBJ2-1,SASPPGGYNEQF,16
TRBV20-1,TRBJ2-1,SASPPGGYSYNEQF,1
TRBV20-1,TRBJ2-1,SASPPGHGDEQF,1
TRBV20-1,TRBJ2-1,SASPPGHLYNEQF,5
TRBV20-1,TRBJ2-1,SASPPGHRNEQF,1
TRBV20-1,TRBJ2-1,SASPPGHTYNEQF,1
TRBV20-1,TRBJ2-1,SASPPGIDNEQF,1
TRBV20-1,TRBJ2-1,SASPPGIGSYNEQF,1
TRBV20-1,TRBJ2-1,SASPPGITYNEQF,1
TRBV20-1,TRBJ2-1,SASPPGIYNEQF,5
TRBV20-1,TRBJ2-1,SASPPGKASYNEQF,1
TRBV20-1,TRBJ2-1,SASPPGKYNEQF,1
TRBV20-1,TRBJ2-1,SASPPGLAAYNEQF,1
TRBV20-1,TRBJ2-1,SASPPGLADNEQF,2
TRBV20-1,TRBJ2-1,SASPPGLADYNEQF,6
TRBV20-1,TRBJ2-1,SASPPGLAGAMGEQF,1
TRBV20-1,TRBJ2-1,SASPPGLAGANEQF,3
TRBV20-1,TRBJ2-1,SASPPGLAGDEQF,3
TRBV20-1,TRBJ2-1,SASPPGLAGDYNEQF,1
TRBV20-1,TRBJ2-1,SASPPGLAGFWGNEQF,3
TRBV20-1,TRBJ2-1,SASPPGLAGFWGNVQF,1
TRBV20-1,TRBJ2-1,SASPPGLAGGHDEQF,1
TRBV20-1,TRBJ2-1,SASPPGLAGGLKWDEQF,1
TRBV20-1,TRBJ2-1,SASPPGLAGGNEQF,1
TRBV20-1,TRBJ2-1,SASPPGLAGGPLGNEQF,1
TRBV20-1,TRBJ2-1,SASPPGLAGGPSYNEQF,1
TRBV20-1,TRBJ2-1,SASPPGLAGGREQF,1
TRBV20-1,TRBJ2-1,SASPPGLAGGRSYNEQF,1
TRBV20-1,TRBJ2-1,SASPPGLAGGSGNEQF,1
TRBV20-1,TRBJ2-1,SASPPGLAGKEQF,2
TRBV20-1,TRBJ2-1,SASPPGLAGKNEQF,3
TRBV20-1,TRBJ2-1,SASPPGLAGNEQF,3
TRBV20-1,TRBJ2-1,SASPPGLAGRHNEQF,1
TRBV20-1,TRBJ2-1,SASPPGLAGRNEQF,1
TRBV20-1,TRBJ2-1,SASPPGLAGSNEQF,2
TRBV20-1,TRBJ2-1,SASPPGLAGSYNEQF,1
TRBV20-1,TRBJ2-1,SASPPGLAGVDEQF,1
TRBV20-1,TRBJ2-1,SASPPGLAGVNEQF,4
TRBV20-1,TRBJ2-1,SASPPGLAGVNNEQF,1
TRBV20-1,TRBJ2-1,SASPPGLAGVRDEQF,1
TRBV20-1,TRBJ2-1,SASPPGLAGWISYNEQF,1
TRBV20-1,TRBJ2-1,SASPPGLAGYNEQF,2
TRBV20-1,TRBJ2-1,SASPPGLAGYYNEQF,1
TRBV20-1,TRBJ2-1,SASPPGLAHNEQF,2
TRBV20-1,TRBJ2-1,SASPPGLAISEQF,1
TRBV20-1,TRBJ2-1,SASPPGLALHNEQF,4
TRBV20-1,TRBJ2-1,SASPPGLANEQF,1
TRBV20-1,TRBJ2-1,SASPPGLANNEQF,2
TRBV20-1,TRBJ2-1,SASPPGLAPNEQF,1
TRBV20-1,TRBJ2-1,SASPPGLAQNEQF,3
TRBV20-1,TRBJ2-1,SASPPGLASGNEQF,1
TRBV20-1,TRBJ2-1,SASPPGLASNEQF,2
TRBV20-1,TRBJ2-1,SASPPGLASYNEQF,2
TRBV20-1,TRBJ2-1,SASPPGLAVLVRYNEQF,1
TRBV20-1,TRBJ2-1,SASPPGLAVNEQF,1
TRBV20-1,TRBJ2-1,SASPPGLAVSYNEQF,1
TRBV20-1,TRBJ2-1,SASPPGLAVYNEQF,2
TRBV20-1,TRBJ2-1,SASPPGLAYNEQF,3
TRBV20-1,TRBJ2-1,SASPPGLDLNEQF,2
TRBV20-1,TRBJ2-1,SASPPGLDNEQF,1
TRBV20-1,TRBJ2-1,SASPPGLDPNNEQF,1
TRBV20-1,TRBJ2-1,SASPPGLDYNEQF,1
TRBV20-1,TRBJ2-1,SASPPGLEPNEQF,1
TRBV20-1,TRBJ2-1,SASPPGLEYNEQF,5
TRBV20-1,TRBJ2-1,SASPPGLFNEQF,4
TRBV20-1,TRBJ2-1,SASPPGLFYNEQF,1
TRBV20-1,TRBJ2-1,SASPPGLGADEQF,1
TRBV20-1,TRBJ2-1,SASPPGLGRNEQF,1
TRBV20-1,TRBJ2-1,SASPPGLGVFNEQF,1
TRBV20-1,TRBJ2-1,SASPPGLGYNEQF,3
TRBV20-1,TRBJ2-1,SASPPGLHSYNEQF,2
TRBV20-1,TRBJ2-1,SASPPGLIVNEQF,1
TRBV20-1,TRBJ2-1,SASPPGLLHNEQF,1
TRBV20-1,TRBJ2-1,SASPPGLLLDEQF,3
TRBV20-1,TRBJ2-1,SASPPGLLYNEQF,1
TRBV20-1,TRBJ2-1,SASPPGLNEQF,2
TRBV20-1,TRBJ2-1,SASPPGLPHQEQF,1
TRBV20-1,TRBJ2-1,SASPPGLPKHNEQF,1
TRBV20-1,TRBJ2-1,SASPPGLPNEQF,1
TRBV20-1,TRBJ2-1,SASPPGLPNNEQF,1
TRBV20-1,TRBJ2-1,SASPPGLPYNEQF,1
TRBV20-1,TRBJ2-1,SASPPGLRKNEQF,1
TRBV20-1,TRBJ2-1,SASPPGLRPYNEQF,1
TRBV20-1,TRBJ2-1,SASPPGLRYNEQF,2
TRBV20-1,TRBJ2-1,SASPPGLSFNEQF,1
TRBV20-1,TRBJ2-1,SASPPGLSHNEQF,1
TRBV20-1,TRBJ2-1,SASPPGLSRPYNEQF,1
TRBV20-1,TRBJ2-1,SASPPGLSSYNEQF,6
TRBV20-1,TRBJ2-1,SASPPGLSYNEQF,1
TRBV20-1,TRBJ2-1,SASPPGLTAYNEQF,2
TRBV20-1,TRBJ2-1,SASPPGLTAYQEQF,1
TRBV20-1,TRBJ2-1,SASPPGLTYDEQF,1
TRBV20-1,TRBJ2-1,SASPPGLTYGEQF,1
TRBV20-1,TRBJ2-1,SASPPGLTYNEQF,2
TRBV20-1,TRBJ2-1,SASPPGLVGSGEQF,4
TRBV20-1,TRBJ2-1,SASPPGLVNEQF,1
TRBV20-1,TRBJ2-1,SASPPGLVNNEQF,1
TRBV20-1,TRBJ2-1,SASPPGLVRTDEQF,1
TRBV20-1,TRBJ2-1,SASPPGLVSNEQF,1
TRBV20-1,TRBJ2-1,SASPPGLVYLDEQF,1
TRBV20-1,TRBJ2-1,SASPPGLVYNEQF,9
TRBV20-1,TRBJ2-1,SASPPGLYDEQF,1
TRBV20-1,TRBJ2-1,SASPPGLYNEQF,4
TRBV20-1,TRBJ2-1,SASPPGNAYNEQF,1
TRBV20-1,TRBJ2-1,SASPPGNEQF,4
TRBV20-1,TRBJ2-1,SASPPGNSYNEQF,2
TRBV20-1,TRBJ2-1,SASPPGNYNEQF,1
TRBV20-1,TRBJ2-1,SASPPGPALDEQF,1
TRBV20-1,TRBJ2-1,SASPPGPDPYNEQF,1
TRBV20-1,TRBJ2-1,SASPPGPDSYNEQF,1
TRBV20-1,TRBJ2-1,SASPPGPIFSGRDHNEQF,1
TRBV20-1,TRBJ2-1,SASPPGPKDNEQF,1
TRBV20-1,TRBJ2-1,SASPPGPNEQF,1
TRBV20-1,TRBJ2-1,SASPPGPNSYNEQF,3
TRBV20-1,TRBJ2-1,SASPPGPPGHNEQF,1
TRBV20-1,TRBJ2-1,SASPPGPRGYNEQF,1
TRBV20-1,TRBJ2-1,SASPPGPSEDEQF,1
TRBV20-1,TRBJ2-1,SASPPGPSYNEQF,2
TRBV20-1,TRBJ2-1,SASPPGPTIGEQF,5
TRBV20-1,TRBJ2-1,SASPPGPYNEQF,2
TRBV20-1,TRBJ2-1,SASPPGQANNEQF,3
TRBV20-1,TRBJ2-1,SASPPGQDNEQF,3
TRBV20-1,TRBJ2-1,SASPPGQERNEQF,1
TRBV20-1,TRBJ2-1,SASPPGQGAYNEQF,1
TRBV20-1,TRBJ2-1,SASPPGQGDNEQF,1
TRBV20-1,TRBJ2-1,SASPPGQGFNEQF,1
TRBV20-1,TRBJ2-1,SASPPGQGFYNEQF,1
TRBV20-1,TRBJ2-1,SASPPGQGGNEQF,1
TRBV20-1,TRBJ2-1,SASPPGQGILDNEQF,1
TRBV20-1,TRBJ2-1,SASPPGQGSYNEQF,1
TRBV20-1,TRBJ2-1,SASPPGQGTYNEQF,1
TRBV20-1,TRBJ2-1,SASPPGQGVYFYNEQF,1
TRBV20-1,TRBJ2-1,SASPPGQGVYNEQF,1
TRBV20-1,TRBJ2-1,SASPPGQGYHNEQF,1
TRBV20-1,TRBJ2-1,SASPPGQIYDEQF,1
TRBV20-1,TRBJ2-1,SASPPGQKYNEQF,1
TRBV20-1,TRBJ2-1,SASPPGQNNEQF,1
TRBV20-1,TRBJ2-1,SASPPGQRDGYASYNEQF,1
TRBV20-1,TRBJ2-1,SASPPGQRLDAYYNEQF,1
TRBV20-1,TRBJ2-1,SASPPGQSYNEQF,4
TRBV20-1,TRBJ2-1,SASPPGRAGNEQF,6
TRBV20-1,TRBJ2-1,SASPPGRARNEQF,12
TRBV20-1,TRBJ2-1,SASPPGRASYNEQF,1
TRBV20-1,TRBJ2-1,SASPPGRATDEQF,1
TRBV20-1,TRBJ2-1,SASPPGRAVNEQF,1
TRBV20-1,TRBJ2-1,SASPPGRAYNEQF,1
TRBV20-1,TRBJ2-1,SASPPGRDKEQF,1
TRBV20-1,TRBJ2-1,SASPPGRDYNEQF,1
TRBV20-1,TRBJ2-1,SASPPGRGGLNEQF,1
TRBV20-1,TRBJ2-1,SASPPGRGGNEQF,1
TRBV20-1,TRBJ2-1,SASPPGRGHEQF,1
TRBV20-1,TRBJ2-1,SASPPGRGSYNEQF,2
TRBV20-1,TRBJ2-1,SASPPGRIYNEQF,1
TRBV20-1,TRBJ2-1,SASPPGRLAPYNEQF,1
TRBV20-1,TRBJ2-1,SASPPGRRAVDEQF,1
TRBV20-1,TRBJ2-1,SASPPGRSGNEQF,2
TRBV20-1,TRBJ2-1,SASPPGRSSYNEQF,2
TRBV20-1,TRBJ2-1,SASPPGRSYNEQF,3
TRBV20-1,TRBJ2-1,SASPPGRTLNEQF,1
TRBV20-1,TRBJ2-1,SASPPGRYNEQF,8
TRBV20-1,TRBJ2-1,SASPPGSDNEQF,1
TRBV20-1,TRBJ2-1,SASPPGSGHNEQF,1
TRBV20-1,TRBJ2-1,SASPPGSGNNEQF,1
TRBV20-1,TRBJ2-1,SASPPGSGNRNEQF,1
TRBV20-1,TRBJ2-1,SASPPGSGPYNEQF,1
TRBV20-1,TRBJ2-1,SASPPGSGSSYNEQF,7
TRBV20-1,TRBJ2-1,SASPPGSGTYEQF,1
TRBV20-1,TRBJ2-1,SASPPGSLSYNEQF,1
TRBV20-1,TRBJ2-1,SASPPGSLYNEQF,1
TRBV20-1,TRBJ2-1,SASPPGSNNEQF,1
TRBV20-1,TRBJ2-1,SASPPGSQAFYEQF,1
TRBV20-1,TRBJ2-1,SASPPGSRSYNEQF,1
TRBV20-1,TRBJ2-1,SASPPGSSSYNEQF,1
TRBV20-1,TRBJ2-1,SASPPGSSYNEQF,6
TRBV20-1,TRBJ2-1,SASPPGSSYNERF,1
TRBV20-1,TRBJ2-1,SASPPGSVYNEQF,1
TRBV20-1,TRBJ2-1,SASPPGSYKEQF,2
TRBV20-1,TRBJ2-1,SASPPGSYNEQF,16
TRBV20-1,TRBJ2-1,SASPPGTATYNEQF,1
TRBV20-1,TRBJ2-1,SASPPGTAYNEQF,1
TRBV20-1,TRBJ2-1,SASPPGTERGNEQF,1
TRBV20-1,TRBJ2-1,SASPPGTFYNEQF,1
TRBV20-1,TRBJ2-1,SASPPGTGDDEQF,1
TRBV20-1,TRBJ2-1,SASPPGTGGVGRTYNEQF,1
TRBV20-1,TRBJ2-1,SASPPGTGNYNEQF,1
TRBV20-1,TRBJ2-1,SASPPGTGSYNEQF,2
TRBV20-1,TRBJ2-1,SASPPGTGTRNEQF,4
TRBV20-1,TRBJ2-1,SASPPGTGYNEQF,4
TRBV20-1,TRBJ2-1,SASPPGTLSYNEQF,1
TRBV20-1,TRBJ2-1,SASPPGTLYNEQF,4
TRBV20-1,TRBJ2-1,SASPPGTNEQF,1
TRBV20-1,TRBJ2-1,SASPPGTPPNEQF,1
TRBV20-1,TRBJ2-1,SASPPGTQYYNEQF,1
TRBV20-1,TRBJ2-1,SASPPGTRAYNEQF,1
TRBV20-1,TRBJ2-1,SASPPGTRRDEQF,1
TRBV20-1,TRBJ2-1,SASPPGTRTGSYNEQF,1
TRBV20-1,TRBJ2-1,SASPPGTRYNEQF,1
TRBV20-1,TRBJ2-1,SASPPGTSAYNEQF,2
TRBV20-1,TRBJ2-1,SASPPGTSGIDNEQF,6
TRBV20-1,TRBJ2-1,SASPPGTSGLDEQF,1
TRBV20-1,TRBJ2-1,SASPPGTSGNEQF,1
TRBV20-1,TRBJ2-1,SASPPGTSGNTYNEQF,1
TRBV20-1,TRBJ2-1,SASPPGTSGNYEQF,1
TRBV20-1,TRBJ2-1,SASPPGTSGRDEQF,1
TRBV20-1,TRBJ2-1,SASPPGTSGRGGYNEQF,1
TRBV20-1,TRBJ2-1,SASPPGTSGRNEQF,1
TRBV20-1,TRBJ2-1,SASPPGTSGSPLLYEQF,1
TRBV20-1,TRBJ2-1,SASPPGTSGSYEQF,1
TRBV20-1,TRBJ2-1,SASPPGTSGTYEQF,1
TRBV20-1,TRBJ2-1,SASPPGTSGVNEQF,1
TRBV20-1,TRBJ2-1,SASPPGTSGYNEQF,2
TRBV20-1,TRBJ2-1,SASPPGTSPYNEQF,3
TRBV20-1,TRBJ2-1,SASPPGTSTYNEQF,1
TRBV20-1,TRBJ2-1,SASPPGTSVMNEQF,1
TRBV20-1,TRBJ2-1,SASPPGTSVQNEQF,3
TRBV20-1,TRBJ2-1,SASPPGTSVSQF,1
TRBV20-1,TRBJ2-1,SASPPGTSVSYNEQF,1
TRBV20-1,TRBJ2-1,SASPPGTSYNEQF,1
TRBV20-1,TRBJ2-1,SASPPGTVNEQF,1
TRBV20-1,TRBJ2-1,SASPPGTYNEQF,15
TRBV20-1,TRBJ2-1,SASPPGTYNEQL,2
TRBV20-1,TRBJ2-1,SASPPGTYYNEQF,1
TRBV20-1,TRBJ2-1,SASPPGVAGAAYNEQF,1
TRBV20-1,TRBJ2-1,SASPPGVAGSNEQF,1
TRBV20-1,TRBJ2-1,SASPPGVGNEQF,1
TRBV20-1,TRBJ2-1,SASPPGVLSYNEQF,1
TRBV20-1,TRBJ2-1,SASPPGVNEQF,1
TRBV20-1,TRBJ2-1,SASPPGVRNEQF,1
TRBV20-1,TRBJ2-1,SASPPGVSFEQF,2
TRBV20-1,TRBJ2-1,SASPPGVSYNEQF,1
TRBV20-1,TRBJ2-1,SASPPGVYEQF,2
TRBV20-1,TRBJ2-1,SASPPGWSNEQF,1
TRBV20-1,TRBJ2-1,SASPPGWYYNEQF,1
TRBV20-1,TRBJ2-1,SASPPGYEQF,10
TRBV20-1,TRBJ2-1,SASPPGYNEQF,10
TRBV20-1,TRBJ2-1,SASPPHGGDEQF,1
TRBV20-1,TRBJ2-1,SASPPHGNEQF,1
TRBV20-1,TRBJ2-1,SASPPHNEQF,1
TRBV20-1,TRBJ2-1,SASPPHRDNEPPYSYNEQF,6
TRBV20-1,TRBJ2-1,SASPPHRVYNEQF,1
TRBV20-1,TRBJ2-1,SASPPHVGSYNEQF,1
TRBV20-1,TRBJ2-1,SASPPIAGLYNEQF,1
TRBV20-1,TRBJ2-1,SASPPIAGVALYNEQF,2
TRBV20-1,TRBJ2-1,SASPPIARDPSGQF,7
TRBV20-1,TRBJ2-1,SASPPIASSYNEQF,1
TRBV20-1,TRBJ2-1,SASPPIAVDEQF,1
TRBV20-1,TRBJ2-1,SASPPIGFYNEQF,5
TRBV20-1,TRBJ2-1,SASPPIGGNEQF,7
TRBV20-1,TRBJ2-1,SASPPIGREGSYNEQF,1
TRBV20-1,TRBJ2-1,SASPPIGYEQF,1
TRBV20-1,TRBJ2-1,SASPPIHEQF,1
TRBV20-1,TRBJ2-1,SASPPIMWQTSGNEQF,1
TRBV20-1,TRBJ2-1,SASPPIPGNEQF,1
TRBV20-1,TRBJ2-1,SASPPIPGTSGRADEQF,1
TRBV20-1,TRBJ2-1,SASPPIPPHNEQF,1
TRBV20-1,TRBJ2-1,SASPPIQWTYNEQF,1
TRBV20-1,TRBJ2-1,SASPPIRRSYNEQF,3
TRBV20-1,TRBJ2-1,SASPPISGRDNEQF,2
TRBV20-1,TRBJ2-1,SASPPISYNEQF,4
TRBV20-1,TRBJ2-1,SASPPITYNEQF,3
TRBV20-1,TRBJ2-1,SASPPIWRVGYNEQF,1
TRBV20-1,TRBJ2-1,SASPPIYLYNEQF,3
TRBV20-1,TRBJ2-1,SASPPIYNEQF,2
TRBV20-1,TRBJ2-1,SASPPKAGVGYNEQF,1
TRBV20-1,TRBJ2-1,SASPPKGGNYNEQF,1
TRBV20-1,TRBJ2-1,SASPPKGGSYNEQF,1
TRBV20-1,TRBJ2-1,SASPPKKYNEQF,1
TRBV20-1,TRBJ2-1,SASPPKNEQF,1
TRBV20-1,TRBJ2-1,SASPPKPSYNEQF,1
TRBV20-1,TRBJ2-1,SASPPKRGQGYNEQF,1
TRBV20-1,TRBJ2-1,SASPPKSAYNEQF,5
TRBV20-1,TRBJ2-1,SASPPKSSLAGAYNEQF,1
TRBV20-1,TRBJ2-1,SASPPKSSYNEQF,1
TRBV20-1,TRBJ2-1,SASPPKVFYNEQF,1
TRBV20-1,TRBJ2-1,SASPPLAATYNEQF,5
TRBV20-1,TRBJ2-1,SASPPLAAYNEQF,1
TRBV20-1,TRBJ2-1,SASPPLADPHSYNEQF,1
TRBV20-1,TRBJ2-1,SASPPLAELNEQF,6
TRBV20-1,TRBJ2-1,SASPPLAERYNEQF,3
TRBV20-1,TRBJ2-1,SASPPLAGAAYNEQF,1
TRBV20-1,TRBJ2-1,SASPPLAGAEVEQF,2
TRBV20-1,TRBJ2-1,SASPPLAGAHNEQF,1
TRBV20-1,TRBJ2-1,SASPPLAGDEQF,1
TRBV20-1,TRBJ2-1,SASPPLAGDHNEQF,1
TRBV20-1,TRBJ2-1,SASPPLAGGGNEQF,2
TRBV20-1,TRBJ2-1,SASPPLAGGNEQF,1
TRBV20-1,TRBJ2-1,SASPPLAGGPLNEQF,1
TRBV20-1,TRBJ2-1,SASPPLAGGSNEQF,1
TRBV20-1,TRBJ2-1,SASPPLAGGTLSYNEQF,1
TRBV20-1,TRBJ2-1,SASPPLAGGTLYNEQF,2
TRBV20-1,TRBJ2-1,SASPPLAGGYEQF,1
TRBV20-1,TRBJ2-1,SASPPLAGGYNEQF,1
TRBV20-1,TRBJ2-1,SASPPLAGHYNEQF,1
TRBV20-1,TRBJ2-1,SASPPLAGKGNEQF,1
TRBV20-1,TRBJ2-1,SASPPLAGNEQF,10
TRBV20-1,TRBJ2-1,SASPPLAGPNSYNEQF,1
TRBV20-1,TRBJ2-1,SASPPLAGRDYNEQF,1
TRBV20-1,TRBJ2-1,SASPPLAGSNEQF,1
TRBV20-1,TRBJ2-1,SASPPLAGSYNEQF,2
TRBV20-1,TRBJ2-1,SASPPLAGTYNEQF,5
TRBV20-1,TRBJ2-1,SASPPLAGVANEQF,1
TRBV20-1,TRBJ2-1,SASPPLAGVGNEQF,1
TRBV20-1,TRBJ2-1,SASPPLAGVIGNEQF,1
TRBV20-1,TRBJ2-1,SASPPLAGVIGNEQS,1
TRBV20-1,TRBJ2-1,SASPPLAIGPLYNEQF,1
TRBV20-1,TRBJ2-1,SASPPLALRNEQF,1
TRBV20-1,TRBJ2-1,SASPPLARVEQF,3
TRBV20-1,TRBJ2-1,SASPPLASGSDEQS,1
TRBV20-1,TRBJ2-1,SASPPLASVEQF,3
TRBV20-1,TRBJ2-1,SASPPLASYNEQF,1
TRBV20-1,TRBJ2-1,SASPPLDRSYNEQF,1
TRBV20-1,TRBJ2-1,SASPPLFTPPYARGNEQF,1
TRBV20-1,TRBJ2-1,SASPPLFTPPYERGNEQF,1
TRBV20-1,TRBJ2-1,SASPPLGAVTYNEQF,5
TRBV20-1,TRBJ2-1,SASPPLGAYNEQF,1
TRBV20-1,TRBJ2-1,SASPPLGDNEQF,1
TRBV20-1,TRBJ2-1,SASPPLGEQF,2
TRBV20-1,TRBJ2-1,SASPPLGGGPYNEQF,1
TRBV20-1,TRBJ2-1,SASPPLGGGSYNEQF,6
TRBV20-1,TRBJ2-1,SASPPLGGGTPSSYNEQF,1
TRBV20-1,TRBJ2-1,SASPPLGGHNEQF,2
TRBV20-1,TRBJ2-1,SASPPLGGLLNEQF,1
TRBV20-1,TRBJ2-1,SASPPLGGNEQF,3
TRBV20-1,TRBJ2-1,SASPPLGNEQF,2
TRBV20-1,TRBJ2-1,SASPPLGRASYNEQF,1
TRBV20-1,TRBJ2-1,SASPPLGRGNEQF,2
TRBV20-1,TRBJ2-1,SASPPLGRHGNEQF,1
TRBV20-1,TRBJ2-1,SASPPLGRRGYNEQF,1
TRBV20-1,TRBJ2-1,SASPPLGSDYNEQF,1
TRBV20-1,TRBJ2-1,SASPPLGTGGRLPGYNEQF,1
TRBV20-1,TRBJ2-1,SASPPLGTMGNEQF,1
TRBV20-1,TRBJ2-1,SASPPLGTNKHEQF,1
TRBV20-1,TRBJ2-1,SASPPLGTRYNEQF,1
TRBV20-1,TRBJ2-1,SASPPLGTSGRGPLYNEQF,1
TRBV20-1,TRBJ2-1,SASPPLGVSSYNEQF,1
TRBV20-1,TRBJ2-1,SASPPLGYNEQF,2
TRBV20-1,TRBJ2-1,SASPPLHEQF,1
TRBV20-1,TRBJ2-1,SASPPLLVGEQF,3
TRBV20-1,TRBJ2-1,SASPPLLYNEQF,1
TRBV20-1,TRBJ2-1,SASPPLNEQF,3
TRBV20-1,TRBJ2-1,SASPPLNEYNEQF,1
TRBV20-1,TRBJ2-1,SASPPLPEQF,4
TRBV20-1,TRBJ2-1,SASPPLPNNEQF,1
TRBV20-1,TRBJ2-1,SASPPLPSPSYNEQF,1
TRBV20-1,TRBJ2-1,SASPPLPYNEQF,4
TRBV20-1,TRBJ2-1,SASPPLRANNEQF,1
TRBV20-1,TRBJ2-1,SASPPLRVENEQF,2
TRBV20-1,TRBJ2-1,SASPPLSGNYNEQF,26
TRBV20-1,TRBJ2-1,SASPPLSGNYNEQL,2
TRBV20-1,TRBJ2-1,SASPPLSGPRYNEQF,1
TRBV20-1,TRBJ2-1,SASPPLSGSRNEQF,3
TRBV20-1,TRBJ2-1,SASPPLSGSYIEQF,1
TRBV20-1,TRBJ2-1,SASPPLSREYNEQF,1
TRBV20-1,TRBJ2-1,SASPPLSSGGGNEQF,1
TRBV20-1,TRBJ2-1,SASPPLSSYNEQF,11
TRBV20-1,TRBJ2-1,SASPPLSVDEQF,1
TRBV20-1,TRBJ2-1,SASPPLSYNEQF,1
TRBV20-1,TRBJ2-1,SASPPLTGLNYNEQF,2
TRBV20-1,TRBJ2-1,SASPPLTRPHFNEQF,1
TRBV20-1,TRBJ2-1,SASPPLTSGAGLWYNEQF,1
TRBV20-1,TRBJ2-1,SASPPLVDEQF,1
TRBV20-1,TRBJ2-1,SASPPLVLDNEQF,1
TRBV20-1,TRBJ2-1,SASPPLVSSISYNEQF,1
TRBV20-1,TRBJ2-1,SASPPLVYNEQF,11
TRBV20-1,TRBJ2-1,SASPPLWGQGLAGGYNEQF,1
TRBV20-1,TRBJ2-1,SASPPLYNEQF,4
TRBV20-1,TRBJ2-1,SASPPMDYRRNYNEQF,1
TRBV20-1,TRBJ2-1,SASPPMGLAGGLYNEQF,1
TRBV20-1,TRBJ2-1,SASPPMGSYNEQF,1
TRBV20-1,TRBJ2-1,SASPPMIYNEQF,1
TRBV20-1,TRBJ2-1,SASPPMRAYNEQF,1
TRBV20-1,TRBJ2-1,SASPPNAYNEQF,1
TRBV20-1,TRBJ2-1,SASPPNDNEQF,1
TRBV20-1,TRBJ2-1,SASPPNEQF,8
TRBV20-1,TRBJ2-1,SASPPNFDEQF,1
TRBV20-1,TRBJ2-1,SASPPNGNEQF,3
TRBV20-1,TRBJ2-1,SASPPNGRGPPNEQF,1
TRBV20-1,TRBJ2-1,SASPPNHNEQF,1
TRBV20-1,TRBJ2-1,SASPPNNNEQF,5
TRBV20-1,TRBJ2-1,SASPPNRVWNYEQF,1
TRBV20-1,TRBJ2-1,SASPPNSGFYNEQF,1
TRBV20-1,TRBJ2-1,SASPPNSGNNEQF,1
TRBV20-1,TRBJ2-1,SASPPNSNEQF,1
TRBV20-1,TRBJ2-1,SASPPNSPANEQF,1
TRBV20-1,TRBJ2-1,SASPPNSYNEQF,2
TRBV20-1,TRBJ2-1,SASPPNYNEQF,5
TRBV20-1,TRBJ2-1,SASPPPAGETNEQF,1
TRBV20-1,TRBJ2-1,SASPPPAGHEQF,1
TRBV20-1,TRBJ2-1,SASPPPAGNEQF,1
TRBV20-1,TRBJ2-1,SASPPPAGVYNEQF,2
TRBV20-1,TRBJ2-1,SASPPPAGYNEQF,1
TRBV20-1,TRBJ2-1,SASPPPAHLVFQGNEQF,1
TRBV20-1,TRBJ2-1,SASPPPARNEQF,1
TRBV20-1,TRBJ2-1,SASPPPASGRGYNEQF,1
TRBV20-1,TRBJ2-1,SASPPPATSYNEQF,1
TRBV20-1,TRBJ2-1,SASPPPDYNEQF,2
TRBV20-1,TRBJ2-1,SASPPPFGYNEQF,1
TRBV20-1,TRBJ2-1,SASPPPFYRGSERQF,4
TRBV20-1,TRBJ2-1,SASPPPGGTNDEQF,1
TRBV20-1,TRBJ2-1,SASPPPGLAEYNEQF,1
TRBV20-1,TRBJ2-1,SASPPPGLAGAVGGNEQF,1
TRBV20-1,TRBJ2-1,SASPPPGLAGGPGNFGQF,5
TRBV20-1,TRBJ2-1,SASPPPGLAGGSHYNEQF,1
TRBV20-1,TRBJ2-1,SASPPPGLAGGSSYNEQF,1
TRBV20-1,TRBJ2-1,SASPPPGLAGHEQF,1
TRBV20-1,TRBJ2-1,SASPPPGLANEQF,1
TRBV20-1,TRBJ2-1,SASPPPGLAVPNEQF,1
TRBV20-1,TRBJ2-1,SASPPPGLAYDEQF,1
TRBV20-1,TRBJ2-1,SASPPPGLSLPSYEQF,1
TRBV20-1,TRBJ2-1,SASPPPGNEQF,4
TRBV20-1,TRBJ2-1,SASPPPGPNEQF,1
TRBV20-1,TRBJ2-1,SASPPPGQGAYEQF,1
TRBV20-1,TRBJ2-1,SASPPPGQGPNEQF,2
TRBV20-1,TRBJ2-1,SASPPPGSGSYNEQF,1
TRBV20-1,TRBJ2-1,SASPPPGSSYNEQF,1
TRBV20-1,TRBJ2-1,SASPPPGSTYNEQF,1
TRBV20-1,TRBJ2-1,SASPPPGTMPTSYNEQF,1
TRBV20-1,TRBJ2-1,SASPPPGTSGSGNEQF,1
TRBV20-1,TRBJ2-1,SASPPPGVHNEQF,1
TRBV20-1,TRBJ2-1,SASPPPGVYNEQF,3
TRBV20-1,TRBJ2-1,SASPPPGYNEQF,7
TRBV20-1,TRBJ2-1,SASPPPIPKFDEQF,4
TRBV20-1,TRBJ2-1,SASPPPLAGGLDEQF,2
TRBV20-1,TRBJ2-1,SASPPPLAVISYNEQF,1
TRBV20-1,TRBJ2-1,SASPPPMVAGEDEQF,2
TRBV20-1,TRBJ2-1,SASPPPNEQF,1
TRBV20-1,TRBJ2-1,SASPPPPGPPRDEQF,4
TRBV20-1,TRBJ2-1,SASPPPPGYNEQF,1
TRBV20-1,TRBJ2-1,SASPPPPRSSYNEQF,1
TRBV20-1,TRBJ2-1,SASPPPQSSYNEQF,1
TRBV20-1,TRBJ2-1,SASPPPRNEQF,2
TRBV20-1,TRBJ2-1,SASPPPRSYNEQF,1
TRBV20-1,TRBJ2-1,SASPPPSGIYNEQF,1
TRBV20-1,TRBJ2-1,SASPPPSGKYNEQF,7
TRBV20-1,TRBJ2-1,SASPPPSGNDNEQF,1
TRBV20-1,TRBJ2-1,SASPPPSGNSYNEQF,1
TRBV20-1,TRBJ2-1,SASPPPSGSYNEQF,7
TRBV20-1,TRBJ2-1,SASPPPSGYNEQF,6
TRBV20-1,TRBJ2-1,SASPPPSSYNEQF,1
TRBV20-1,TRBJ2-1,SASPPPSYNEQF,2
TRBV20-1,TRBJ2-1,SASPPPTGIFSGGKNNEQF,1
TRBV20-1,TRBJ2-1,SASPPPTGSGNEQF,2
TRBV20-1,TRBJ2-1,SASPPPTSWDNEQF,1
TRBV20-1,TRBJ2-1,SASPPPVALNEQF,1
TRBV20-1,TRBJ2-1,SASPPPVAVSYNEQF,1
TRBV20-1,TRBJ2-1,SASPPPVGYNEQF,6
TRBV20-1,TRBJ2-1,SASPPPVNEQF,1
TRBV20-1,TRBJ2-1,SASPPPVRAKDNEQF,1
TRBV20-1,TRBJ2-1,SASPPPVRGNEQF,1
TRBV20-1,TRBJ2-1,SASPPPVYNEQF,1
TRBV20-1,TRBJ2-1,SASPPPYNEQF,3
TRBV20-1,TRBJ2-1,SASPPQASYNEQF,1
TRBV20-1,TRBJ2-1,SASPPQGALNEQF,1
TRBV20-1,TRBJ2-1,SASPPQGANEQF,2
TRBV20-1,TRBJ2-1,SASPPQGAYNEQF,1
TRBV20-1,TRBJ2-1,SASPPQGDLNEQF,1
TRBV20-1,TRBJ2-1,SASPPQGFNEQF,2
TRBV20-1,TRBJ2-1,SASPPQGFSYNEQF,1
TRBV20-1,TRBJ2-1,SASPPQGGGNEQF,1
TRBV20-1,TRBJ2-1,SASPPQGGNNEQF,7
TRBV20-1,TRBJ2-1,SASPPQGLFDEQF,1
TRBV20-1,TRBJ2-1,SASPPQGLHNEQF,1
TRBV20-1,TRBJ2-1,SASPPQGLSYNEQF,1
TRBV20-1,TRBJ2-1,SASPPQGQGENEQF,1
TRBV20-1,TRBJ2-1,SASPPQGRNEQF,1
TRBV20-1,TRBJ2-1,SASPPQGSSYNEQF,1
TRBV20-1,TRBJ2-1,SASPPQGTNEQF,1
TRBV20-1,TRBJ2-1,SASPPQGTSGVNEQF,13
TRBV20-1,TRBJ2-1,SASPPQGVGYNEQF,1
TRBV20-1,TRBJ2-1,SASPPQGVYEQF,1
TRBV20-1,TRBJ2-1,SASPPQGYNEQF,2
TRBV20-1,TRBJ2-1,SASPPQHLTGNNEQF,1
TRBV20-1,TRBJ2-1,SASPPQLGLFNEQF,1
TRBV20-1,TRBJ2-1,SASPPQQGNEQF,1
TRBV20-1,TRBJ2-1,SASPPQRNEQF,6
TRBV20-1,TRBJ2-1,SASPPQRSYNEQF,1
TRBV20-1,TRBJ2-1,SASPPQRTSYNEQF,1
TRBV20-1,TRBJ2-1,SASPPQRYNEQF,1
TRBV20-1,TRBJ2-1,SASPPQSGRAGNEQF,3
TRBV20-1,TRBJ2-1,SASPPQSSYNEQF,1
TRBV20-1,TRBJ2-1,SASPPQTRNPYNEQF,1
TRBV20-1,TRBJ2-1,SASPPQTSGGNEQF,1
TRBV20-1,TRBJ2-1,SASPPQVLNEQF,1
TRBV20-1,TRBJ2-1,SASPPQYYNEQF,1
TRBV20-1,TRBJ2-1,SASPPRAAGKSSYNEQF,1
TRBV20-1,TRBJ2-1,SASPPRADSYNEQF,1
TRBV20-1,TRBJ2-1,SASPPRAGGHDEQF,1
TRBV20-1,TRBJ2-1,SASPPRAGVYNEQF,2
TRBV20-1,TRBJ2-1,SASPPRAGYNEQF,1
TRBV20-1,TRBJ2-1,SASPPRAVNEQF,1
TRBV20-1,TRBJ2-1,SASPPRAVYEQF,1
TRBV20-1,TRBJ2-1,SASPPRAYNEQF,1
TRBV20-1,TRBJ2-1,SASPPRCTPPYARGNEQF,1
TRBV20-1,TRBJ2-1,SASPPRDEQF,3
TRBV20-1,TRBJ2-1,SASPPRDGYNEQF,5
TRBV20-1,TRBJ2-1,SASPPRDKNEQF,2
TRBV20-1,TRBJ2-1,SASPPRDPLDEQF,8
TRBV20-1,TRBJ2-1,SASPPRDPLDGQF,1
TRBV20-1,TRBJ2-1,SASPPRDPNEQF,5
TRBV20-1,TRBJ2-1,SASPPREAYNEQF,1
TRBV20-1,TRBJ2-1,SASPPREGHEQF,1
TRBV20-1,TRBJ2-1,SASPPREPEQF,2
TRBV20-1,TRBJ2-1,SASPPREPNEQF,1
TRBV20-1,TRBJ2-1,SASPPRERTNEQF,1
TRBV20-1,TRBJ2-1,SASPPRFAPPYARGNEQF,2
TRBV20-1,TRBJ2-1,SASPPRFHEQF,2
TRBV20-1,TRBJ2-1,SASPPRFLGNEQF,2
TRBV20-1,TRBJ2-1,SASPPRFPPPYARGNEQF,2
TRBV20-1,TRBJ2-1,SASPPRFTPPSARGNEQF,1
TRBV20-1,TRBJ2-1,SASPPRFTPPYAMGNEQF,1
TRBV20-1,TRBJ2-1,SASPPRFTPPYARGNEHF,1
TRBV20-1,TRBJ2-1,SASPPRFTPPYARGNEKF,1
TRBV20-1,TRBJ2-1,SASPPRFTPPYARGNEQF,175
TRBV20-1,TRBJ2-1,SASPPRFTPPYARGNEQL,1
TRBV20-1,TRBJ2-1,SASPPRFTPPYGGGNEQF,1
TRBV20-1,TRBJ2-1,SASPPRFTPTYARGNEQF,2
TRBV20-1,TRBJ2-1,SASPPRFTPTYERGNEQF,1
TRBV20-1,TRBJ2-1,SASPPRGADYNEQF,1
TRBV20-1,TRBJ2-1,SASPPRGAGDEQF,1
TRBV20-1,TRBJ2-1,SASPPRGAYNEQF,2
TRBV20-1,TRBJ2-1,SASPPRGDEQF,1
TRBV20-1,TRBJ2-1,SASPPRGEGNEQF,1
TRBV20-1,TRBJ2-1,SASPPRGFSYNEQF,1
TRBV20-1,TRBJ2-1,SASPPRGGEQF,4
TRBV20-1,TRBJ2-1,SASPPRGGGVLAGENEQF,1
TRBV20-1,TRBJ2-1,SASPPRGGSSGHEQF,1
TRBV20-1,TRBJ2-1,SASPPRGGYNEQF,3
TRBV20-1,TRBJ2-1,SASPPRGLAGANEQF,1
TRBV20-1,TRBJ2-1,SASPPRGLANEQF,1
TRBV20-1,TRBJ2-1,SASPPRGLASYNEQF,1
TRBV20-1,TRBJ2-1,SASPPRGLDEQF,4
TRBV20-1,TRBJ2-1,SASPPRGLVFNEQF,1
TRBV20-1,TRBJ2-1,SASPPRGNEQF,1
TRBV20-1,TRBJ2-1,SASPPRGRIDEQF,1
TRBV20-1,TRBJ2-1,SASPPRGSHNEQF,1
TRBV20-1,TRBJ2-1,SASPPRGSRDEQF,1
TRBV20-1,TRBJ2-1,SASPPRGSSYNEQF,4
TRBV20-1,TRBJ2-1,SASPPRGSYNEQF,1
TRBV20-1,TRBJ2-1,SASPPRGTGNEQF,1
TRBV20-1,TRBJ2-1,SASPPRGTYNEQF,1
TRBV20-1,TRBJ2-1,SASPPRGVSYNEQF,1
TRBV20-1,TRBJ2-1,SASPPRIEGNNEQF,1
TRBV20-1,TRBJ2-1,SASPPRIIVGNEQF,1
TRBV20-1,TRBJ2-1,SASPPRIQNEQF,1
TRBV20-1,TRBJ2-1,SASPPRITPPYARGNEQF,1
TRBV20-1,TRBJ2-1,SASPPRLADNEQF,1
TRBV20-1,TRBJ2-1,SASPPRLAGGSYNEQF,1
TRBV20-1,TRBJ2-1,SASPPRLGVSNEQF,1
TRBV20-1,TRBJ2-1,SASPPRLSFDEQF,2
TRBV20-1,TRBJ2-1,SASPPRLSRNNEQF,2
TRBV20-1,TRBJ2-1,SASPPRLSSYNEQF,1
TRBV20-1,TRBJ2-1,SASPPRLSYNEQF,2
TRBV20-1,TRBJ2-1,SASPPRLTPPYARGNEQF,2
TRBV20-1,TRBJ2-1,SASPPRLVHEQF,1
TRBV20-1,TRBJ2-1,SASPPRLVYNEQF,1
TRBV20-1,TRBJ2-1,SASPPRNEQF,3
TRBV20-1,TRBJ2-1,SASPPRPRYNEQF,1
TRBV20-1,TRBJ2-1,SASPPRPYNEQF,1
TRBV20-1,TRBJ2-1,SASPPRQGGNEQF,1
TRBV20-1,TRBJ2-1,SASPPRQGGYNEQF,1
TRBV20-1,TRBJ2-1,SASPPRQGHEQF,1
TRBV20-1,TRBJ2-1,SASPPRQYNEQF,1
TRBV20-1,TRBJ2-1,SASPPRRDSYNAQF,1
TRBV20-1,TRBJ2-1,SASPPRRDSYNEQF,5
TRBV20-1,TRBJ2-1,SASPPRREGRSSYNEQF,1
TRBV20-1,TRBJ2-1,SASPPRRELKDEQF,2
TRBV20-1,TRBJ2-1,SASPPRRGTNEQF,1
TRBV20-1,TRBJ2-1,SASPPRRGVYNEQF,1
TRBV20-1,TRBJ2-1,SASPPRRRGAYNEQF,1
TRBV20-1,TRBJ2-1,SASPPRRSSYNEQF,2
TRBV20-1,TRBJ2-1,SASPPRRVAVTNEQF,1
TRBV20-1,TRBJ2-1,SASPPRSGINNEQF,1
TRBV20-1,TRBJ2-1,SASPPRSGIYNEQF,1
TRBV20-1,TRBJ2-1,SASPPRSGSSYKDQY,1
TRBV20-1,TRBJ2-1,SASPPRSGTYNEQF,1
TRBV20-1,TRBJ2-1,SASPPRSNSKEQF,2
TRBV20-1,TRBJ2-1,SASPPRSNSNEQF,41
TRBV20-1,TRBJ2-1,SASPPRSNSTEQF,1
TRBV20-1,TRBJ2-1,SASPPRSSYNEQF,2
TRBV20-1,TRBJ2-1,SASPPRSTSNEQF,1
TRBV20-1,TRBJ2-1,SASPPRTAWDEQF,1
TRBV20-1,TRBJ2-1,SASPPRTSGIGYNEQF,1
TRBV20-1,TRBJ2-1,SASPPRTSGLDSYNEQF,1
TRBV20-1,TRBJ2-1,SASPPRTSGRGGNEQF,1
TRBV20-1,TRBJ2-1,SASPPRTSGRGPYNEQF,1
TRBV20-1,TRBJ2-1,SASPPRTSGYNEQF,3
TRBV20-1,TRBJ2-1,SASPPRTSSYNEQF,1
TRBV20-1,TRBJ2-1,SASPPRVASYNEQF,1
TRBV20-1,TRBJ2-1,SASPPRVGYNEQF,1
TRBV20-1,TRBJ2-1,SASPPRVHPVYNEQF,1
TRBV20-1,TRBJ2-1,SASPPRVSYNEQF,1
TRBV20-1,TRBJ2-1,SASPPRVTSEQF,1
TRBV20-1,TRBJ2-1,SASPPRVYNEQF,1
TRBV20-1,TRBJ2-1,SASPPSAAGSYNEQF,1
TRBV20-1,TRBJ2-1,SASPPSAEQF,6
TRBV20-1,TRBJ2-1,SASPPSASPYNEQF,1
TRBV20-1,TRBJ2-1,SASPPSASYNEQF,1
TRBV20-1,TRBJ2-1,SASPPSATTYNEQF,2
TRBV20-1,TRBJ2-1,SASPPSAVAYNEQF,1
TRBV20-1,TRBJ2-1,SASPPSAYNEQF,4
TRBV20-1,TRBJ2-1,SASPPSDNEQF,1
TRBV20-1,TRBJ2-1,SASPPSEEQF,2
TRBV20-1,TRBJ2-1,SASPPSESSYNEQF,1
TRBV20-1,TRBJ2-1,SASPPSEYNEQF,1
TRBV20-1,TRBJ2-1,SASPPSFIRNEQF,1
TRBV20-1,TRBJ2-1,SASPPSFYNEQF,3
TRBV20-1,TRBJ2-1,SASPPSGAGGPNEQF,1
TRBV20-1,TRBJ2-1,SASPPSGAPRNEQF,1
TRBV20-1,TRBJ2-1,SASPPSGASYNEQF,1
TRBV20-1,TRBJ2-1,SASPPSGAYNEQF,3
TRBV20-1,TRBJ2-1,SASPPSGDNEQF,1
TRBV20-1,TRBJ2-1,SASPPSGDSSYNEQF,1
TRBV20-1,TRBJ2-1,SASPPSGDYNEQF,5
TRBV20-1,TRBJ2-1,SASPPSGGAGEQF,2
TRBV20-1,TRBJ2-1,SASPPSGGAHEQF,1
TRBV20-1,TRBJ2-1,SASPPSGGAREQF,1
TRBV20-1,TRBJ2-1,SASPPSGGASYEQF,1
TRBV20-1,TRBJ2-1,SASPPSGGFNEQF,1
TRBV20-1,TRBJ2-1,SASPPSGGGNEQF,1
TRBV20-1,TRBJ2-1,SASPPSGGGYNEQF,1
TRBV20-1,TRBJ2-1,SASPPSGGLSSYNEQF,5
TRBV20-1,TRBJ2-1,SASPPSGGNHNEQF,13
TRBV20-1,TRBJ2-1,SASPPSGGRNNEQF,1
TRBV20-1,TRBJ2-1,SASPPSGGSYNEQF,1
TRBV20-1,TRBJ2-1,SASPPSGGYNEQF,12
TRBV20-1,TRBJ2-1,SASPPSGHLYYNEQF,5
TRBV20-1,TRBJ2-1,SASPPSGHNEQF,1
TRBV20-1,TRBJ2-1,SASPPSGHYNEQF,2
TRBV20-1,TRBJ2-1,SASPPSGIHEQF,8
TRBV20-1,TRBJ2-1,SASPPSGISYNEQF,1
TRBV20-1,TRBJ2-1,SASPPSGIYNEQF,2
TRBV20-1,TRBJ2-1,SASPPSGKFNEQF,1
TRBV20-1,TRBJ2-1,SASPPSGKNEQF,1
TRBV20-1,TRBJ2-1,SASPPSGLAGVGGSYNEQF,1
TRBV20-1,TRBJ2-1,SASPPSGLAIYNEQF,1
TRBV20-1,TRBJ2-1,SASPPSGLDNEQF,1
TRBV20-1,TRBJ2-1,SASPPSGLSYNEQF,1
TRBV20-1,TRBJ2-1,SASPPSGLYNEQF,2
TRBV20-1,TRBJ2-1,SASPPSGMDEQF,1
TRBV20-1,TRBJ2-1,SASPPSGMYNEQF,2
TRBV20-1,TRBJ2-1,SASPPSGNDEQF,1
TRBV20-1,TRBJ2-1,SASPPSGNEQF,1
TRBV20-1,TRBJ2-1,SASPPSGNGNNEQF,4
TRBV20-1,TRBJ2-1,SASPPSGNRRF,1
TRBV20-1,TRBJ2-1,SASPPSGNSWHEQF,1
TRBV20-1,TRBJ2-1,SASPPSGNYNEQF,3
TRBV20-1,TRBJ2-1,SASPPSGPSSYNEQF,1
TRBV20-1,TRBJ2-1,SASPPSGPVDEQF,1
TRBV20-1,TRBJ2-1,SASPPSGPYNEQF,5
TRBV20-1,TRBJ2-1,SASPPSGQGYNEQF,1
TRBV20-1,TRBJ2-1,SASPPSGQYNEQF,5
TRBV20-1,TRBJ2-1,SASPPSGRAHEQF,1
TRBV20-1,TRBJ2-1,SASPPSGRANEQF,3
TRBV20-1,TRBJ2-1,SASPPSGRASYNEQF,1
TRBV20-1,TRBJ2-1,SASPPSGRAVNEQF,1
TRBV20-1,TRBJ2-1,SASPPSGRAYNEQF,1
TRBV20-1,TRBJ2-1,SASPPSGRDNEQF,3
TRBV20-1,TRBJ2-1,SASPPSGREWEQF,6
TRBV20-1,TRBJ2-1,SASPPSGRFDEQF,1
TRBV20-1,TRBJ2-1,SASPPSGRFHEQF,1
TRBV20-1,TRBJ2-1,SASPPSGRFNEQF,1
TRBV20-1,TRBJ2-1,SASPPSGRFYEQF,1
TRBV20-1,TRBJ2-1,SASPPSGRGDEQF,1
TRBV20-1,TRBJ2-1,SASPPSGRGGNEQF,1
TRBV20-1,TRBJ2-1,SASPPSGRGNEQF,1
TRBV20-1,TRBJ2-1,SASPPSGRKNEQF,1
TRBV20-1,TRBJ2-1,SASPPSGRLDNGQF,1
TRBV20-1,TRBJ2-1,SASPPSGRNEQF,2
TRBV20-1,TRBJ2-1,SASPPSGRPNYNEQF,1
TRBV20-1,TRBJ2-1,SASPPSGRPYNEQF,1
TRBV20-1,TRBJ2-1,SASPPSGRRDEQF,3
TRBV20-1,TRBJ2-1,SASPPSGRRDNEQF,1
TRBV20-1,TRBJ2-1,SASPPSGRSNEQF,1
TRBV20-1,TRBJ2-1,SASPPSGRTLNEQF,1
TRBV20-1,TRBJ2-1,SASPPSGRVNEQF,1
TRBV20-1,TRBJ2-1,SASPPSGRVSLDEQF,1
TRBV20-1,TRBJ2-1,SASPPSGRVSYNEQF,1
TRBV20-1,TRBJ2-1,SASPPSGRYNEQF,6
TRBV20-1,TRBJ2-1,SASPPSGSENEQF,6
TRBV20-1,TRBJ2-1,SASPPSGSFDEQF,2
TRBV20-1,TRBJ2-1,SASPPSGSFNEQF,1
TRBV20-1,TRBJ2-1,SASPPSGSFYEQF,1
TRBV20-1,TRBJ2-1,SASPPSGSFYNEQF,2
TRBV20-1,TRBJ2-1,SASPPSGSGNEQF,2
TRBV20-1,TRBJ2-1,SASPPSGSHNEQF,1
TRBV20-1,TRBJ2-1,SASPPSGSIGDNEQF,2
TRBV20-1,TRBJ2-1,SASPPSGSLNEQF,1
TRBV20-1,TRBJ2-1,SASPPSGSLYEQF,2
TRBV20-1,TRBJ2-1,SASPPSGSMDEQF,1
TRBV20-1,TRBJ2-1,SASPPSGSMHEQF,1
TRBV20-1,TRBJ2-1,SASPPSGSNEQF,14
TRBV20-1,TRBJ2-1,SASPPSGSNYEQF,1
TRBV20-1,TRBJ2-1,SASPPSGSRNEQF,1
TRBV20-1,TRBJ2-1,SASPPSGSRYEQF,1
TRBV20-1,TRBJ2-1,SASPPSGSSNEQF,1
TRBV20-1,TRBJ2-1,SASPPSGSSSEQF,2
TRBV20-1,TRBJ2-1,SASPPSGSSYNEQF,4
TRBV20-1,TRBJ2-1,SASPPSGSTYNEQF,1
TRBV20-1,TRBJ2-1,SASPPSGSWNEQF,1
TRBV20-1,TRBJ2-1,SASPPSGSYNEQF,9
TRBV20-1,TRBJ2-1,SASPPSGTGVNEQF,1
TRBV20-1,TRBJ2-1,SASPPSGTLHEQF,1
TRBV20-1,TRBJ2-1,SASPPSGTSGTNNEQF,1
TRBV20-1,TRBJ2-1,SASPPSGTVGEQV,1
TRBV20-1,TRBJ2-1,SASPPSGTYNEQF,5
TRBV20-1,TRBJ2-1,SASPPSGVNHNEQF,1
TRBV20-1,TRBJ2-1,SASPPSGVPYNEQF,1
TRBV20-1,TRBJ2-1,SASPPSGVSYNEQF,1
TRBV20-1,TRBJ2-1,SASPPSGVVDEQF,1
TRBV20-1,TRBJ2-1,SASPPSGVYNEQF,1
TRBV20-1,TRBJ2-1,SASPPSGYNEQF,5
TRBV20-1,TRBJ2-1,SASPPSGYSYNEQC,1
TRBV20-1,TRBJ2-1,SASPPSGYSYNEQF,3
TRBV20-1,TRBJ2-1,SASPPSGYYNEQF,5
TRBV20-1,TRBJ2-1,SASPPSHSYNEQF,3
TRBV20-1,TRBJ2-1,SASPPSISYNEQF,1
TRBV20-1,TRBJ2-1,SASPPSKANEQF,1
TRBV20-1,TRBJ2-1,SASPPSKGNEQF,1
TRBV20-1,TRBJ2-1,SASPPSKTGRHNEQF,1
TRBV20-1,TRBJ2-1,SASPPSLGGNEQF,1
TRBV20-1,TRBJ2-1,SASPPSLNEQF,4
TRBV20-1,TRBJ2-1,SASPPSMVDEQF,1
TRBV20-1,TRBJ2-1,SASPPSNEQF,2
TRBV20-1,TRBJ2-1,SASPPSPGNEQF,2
TRBV20-1,TRBJ2-1,SASPPSPSRNEQF,1
TRBV20-1,TRBJ2-1,SASPPSRGIANEQF,1
TRBV20-1,TRBJ2-1,SASPPSRGYNEQF,1
TRBV20-1,TRBJ2-1,SASPPSRLRDEQF,1
TRBV20-1,TRBJ2-1,SASPPSRRSSYNEQF,1
TRBV20-1,TRBJ2-1,SASPPSRSNEQF,1
TRBV20-1,TRBJ2-1,SASPPSRSYNEQF,1
TRBV20-1,TRBJ2-1,SASPPSRYNEQF,4
TRBV20-1,TRBJ2-1,SASPPSSDEQF,1
TRBV20-1,TRBJ2-1,SASPPSSFDEQF,1
TRBV20-1,TRBJ2-1,SASPPSSGAGHEQF,1
TRBV20-1,TRBJ2-1,SASPPSSGRLNEQF,1
TRBV20-1,TRBJ2-1,SASPPSSGSFHNEQF,1
TRBV20-1,TRBJ2-1,SASPPSSGYNEQF,1
TRBV20-1,TRBJ2-1,SASPPSSNEQF,1
TRBV20-1,TRBJ2-1,SASPPSSSYNEQF,1
TRBV20-1,TRBJ2-1,SASPPSSTYNEQF,1
TRBV20-1,TRBJ2-1,SASPPSSVRNEQF,3
TRBV20-1,TRBJ2-1,SASPPSSYNEQF,28
TRBV20-1,TRBJ2-1,SASPPSSYSERL,1
TRBV20-1,TRBJ2-1,SASPPSVPYNEQF,1
TRBV20-1,TRBJ2-1,SASPPSVSYNEQF,7
TRBV20-1,TRBJ2-1,SASPPSVVSYNEQF,2
TRBV20-1,TRBJ2-1,SASPPSVYNEQF,1
TRBV20-1,TRBJ2-1,SASPPSWSSYNEQF,1
TRBV20-1,TRBJ2-1,SASPPSYNEQF,21
TRBV20-1,TRBJ2-1,SASPPSYSHEQF,1
TRBV20-1,TRBJ2-1,SASPPTAEQF,7
TRBV20-1,TRBJ2-1,SASPPTAYNEQF,2
TRBV20-1,TRBJ2-1,SASPPTDRGRDEQF,1
TRBV20-1,TRBJ2-1,SASPPTEDYNEQF,4
TRBV20-1,TRBJ2-1,SASPPTGDNEQF,2
TRBV20-1,TRBJ2-1,SASPPTGGAYNEQF,1
TRBV20-1,TRBJ2-1,SASPPTGGGYNEQF,1
TRBV20-1,TRBJ2-1,SASPPTGGNEQF,1
TRBV20-1,TRBJ2-1,SASPPTGGRYNEQF,1
TRBV20-1,TRBJ2-1,SASPPTGGYNEQF,5
TRBV20-1,TRBJ2-1,SASPPTGLAGDNEQF,1
TRBV20-1,TRBJ2-1,SASPPTGLATHNEQF,4
TRBV20-1,TRBJ2-1,SASPPTGLLNEQF,6
TRBV20-1,TRBJ2-1,SASPPTGQGFGVDEQF,1
TRBV20-1,TRBJ2-1,SASPPTGRDEQF,1
TRBV20-1,TRBJ2-1,SASPPTGRNEQF,1
TRBV20-1,TRBJ2-1,SASPPTGRSSYNEQF,1
TRBV20-1,TRBJ2-1,SASPPTGSEQF,1
TRBV20-1,TRBJ2-1,SASPPTGSLAYNEQF,1
TRBV20-1,TRBJ2-1,SASPPTGSSYNEQF,1
TRBV20-1,TRBJ2-1,SASPPTGSYEQF,4
TRBV20-1,TRBJ2-1,SASPPTGVNEQF,1
TRBV20-1,TRBJ2-1,SASPPTGYNEQF,1
TRBV20-1,TRBJ2-1,SASPPTHEQF,1
TRBV20-1,TRBJ2-1,SASPPTISYNEQF,1
TRBV20-1,TRBJ2-1,SASPPTIVRYEQF,1
TRBV20-1,TRBJ2-1,SASPPTKLNNEQF,1
TRBV20-1,TRBJ2-1,SASPPTKYNEQF,1
TRBV20-1,TRBJ2-1,SASPPTLAGDEQF,1
TRBV20-1,TRBJ2-1,SASPPTLGSYNEQF,1
TRBV20-1,TRBJ2-1,SASPPTLNEQF,1
TRBV20-1,TRBJ2-1,SASPPTLSYNEQF,1
TRBV20-1,TRBJ2-1,SASPPTLYNEQF,1
TRBV20-1,TRBJ2-1,SASPPTNEQF,4
TRBV20-1,TRBJ2-1,SASPPTPGGQF,1
TRBV20-1,TRBJ2-1,SASPPTPGQFFEQF,1
TRBV20-1,TRBJ2-1,SASPPTPNPYNEQF,1
TRBV20-1,TRBJ2-1,SASPPTREYNEQF,1
TRBV20-1,TRBJ2-1,SASPPTRGNEQF,7
TRBV20-1,TRBJ2-1,SASPPTSAYNEQF,1
TRBV20-1,TRBJ2-1,SASPPTSDEQF,1
TRBV20-1,TRBJ2-1,SASPPTSGASSYNEQF,1
TRBV20-1,TRBJ2-1,SASPPTSGAVGNEQF,1
TRBV20-1,TRBJ2-1,SASPPTSGAYNEQF,1
TRBV20-1,TRBJ2-1,SASPPTSGFYEQF,6
TRBV20-1,TRBJ2-1,SASPPTSGGLLGNEQF,1
TRBV20-1,TRBJ2-1,SASPPTSGGLNEQF,1
TRBV20-1,TRBJ2-1,SASPPTSGHNEQF,1
TRBV20-1,TRBJ2-1,SASPPTSGIRNEQF,1
TRBV20-1,TRBJ2-1,SASPPTSGKHNEQF,6
TRBV20-1,TRBJ2-1,SASPPTSGKINEQF,3
TRBV20-1,TRBJ2-1,SASPPTSGKIYEQF,1
TRBV20-1,TRBJ2-1,SASPPTSGKYNEQF,1
TRBV20-1,TRBJ2-1,SASPPTSGLSYNEQF,1
TRBV20-1,TRBJ2-1,SASPPTSGPSHEQF,1
TRBV20-1,TRBJ2-1,SASPPTSGPYNEQF,2
TRBV20-1,TRBJ2-1,SASPPTSGQF,6
TRBV20-1,TRBJ2-1,SASPPTSGQYNEQF,3
TRBV20-1,TRBJ2-1,SASPPTSGRDEQF,1
TRBV20-1,TRBJ2-1,SASPPTSGRFDEQF,1
TRBV20-1,TRBJ2-1,SASPPTSGRNNEQF,1
TRBV20-1,TRBJ2-1,SASPPTSGRRGSF,2
TRBV20-1,TRBJ2-1,SASPPTSGRRNEQF,1
TRBV20-1,TRBJ2-1,SASPPTSGRRYEQF,2
TRBV20-1,TRBJ2-1,SASPPTSGRSNEQF,1
TRBV20-1,TRBJ2-1,SASPPTSGSGSYNEQF,1
TRBV20-1,TRBJ2-1,SASPPTSGSNEQF,2
TRBV20-1,TRBJ2-1,SASPPTSGSNNEQF,1
TRBV20-1,TRBJ2-1,SASPPTSGSPGYNEQF,1
TRBV20-1,TRBJ2-1,SASPPTSGSSWFYNEQF,1
TRBV20-1,TRBJ2-1,SASPPTSGSSYNEQF,1
TRBV20-1,TRBJ2-1,SASPPTSGSWDEQF,2
TRBV20-1,TRBJ2-1,SASPPTSGSYNEQF,2
TRBV20-1,TRBJ2-1,SASPPTSGTSNEQF,1
TRBV20-1,TRBJ2-1,SASPPTSGVYNEQF,1
TRBV20-1,TRBJ2-1,SASPPTSGYINEQF,1
TRBV20-1,TRBJ2-1,SASPPTSGYNEQF,5
TRBV20-1,TRBJ2-1,SASPPTSLSSYNEQF,1
TRBV20-1,TRBJ2-1,SASPPTSNSYNEQF,1
TRBV20-1,TRBJ2-1,SASPPTSRNEQF,1
TRBV20-1,TRBJ2-1,SASPPTSSNEQF,4
TRBV20-1,TRBJ2-1,SASPPTSSSYNEQF,1
TRBV20-1,TRBJ2-1,SASPPTSSYKAQF,1
TRBV20-1,TRBJ2-1,SASPPTSSYNEQF,10
TRBV20-1,TRBJ2-1,SASPPTSVTYNEQF,1
TRBV20-1,TRBJ2-1,SASPPTSYNEQF,7
TRBV20-1,TRBJ2-1,SASPPTTMEQF,5
TRBV20-1,TRBJ2-1,SASPPTTTNEQF,1
TRBV20-1,TRBJ2-1,SASPPTTVNEQF,1
TRBV20-1,TRBJ2-1,SASPPTTVNNEQF,1
TRBV20-1,TRBJ2-1,SASPPTTYNEQF,1
TRBV20-1,TRBJ2-1,SASPPTVDEQF,1
TRBV20-1,TRBJ2-1,SASPPTVLAGGDEQF,1
TRBV20-1,TRBJ2-1,SASPPTYNEQF,3
TRBV20-1,TRBJ2-1,SASPPVAARPNEQF,1
TRBV20-1,TRBJ2-1,SASPPVAGGYNEQF,1
TRBV20-1,TRBJ2-1,SASPPVAGYNEQF,2
TRBV20-1,TRBJ2-1,SASPPVARVGDEQF,1
TRBV20-1,TRBJ2-1,SASPPVDNEQF,1
TRBV20-1,TRBJ2-1,SASPPVDYRAGNEQF,1
TRBV20-1,TRBJ2-1,SASPPVFDEQF,1
TRBV20-1,TRBJ2-1,SASPPVGGDEQF,1
TRBV20-1,TRBJ2-1,SASPPVGLANEQF,1
TRBV20-1,TRBJ2-1,SASPPVGRGLNEQF,1
TRBV20-1,TRBJ2-1,SASPPVGSYNEQF,2
TRBV20-1,TRBJ2-1,SASPPVGTGSSYNEQF,1
TRBV20-1,TRBJ2-1,SASPPVGVEPYNEQF,1
TRBV20-1,TRBJ2-1,SASPPVGVRSYNEQF,1
TRBV20-1,TRBJ2-1,SASPPVGYNEQF,1
TRBV20-1,TRBJ2-1,SASPPVHTAYNEQF,1
TRBV20-1,TRBJ2-1,SASPPVILRNEQF,1
TRBV20-1,TRBJ2-1,SASPPVKGNEQF,1
TRBV20-1,TRBJ2-1,SASPPVKQRGVVHEQF,1
TRBV20-1,TRBJ2-1,SASPPVPNEQF,1
TRBV20-1,TRBJ2-1,SASPPVPYNEQF,2
TRBV20-1,TRBJ2-1,SASPPVQRAYNEQF,2
TRBV20-1,TRBJ2-1,SASPPVREGYNEQF,1
TRBV20-1,TRBJ2-1,SASPPVRGYNEQF,1
TRBV20-1,TRBJ2-1,SASPPVRIYNEQF,1
TRBV20-1,TRBJ2-1,SASPPVRNEQF,1
TRBV20-1,TRBJ2-1,SASPPVRRYNEQF,1
TRBV20-1,TRBJ2-1,SASPPVRYNEQF,2
TRBV20-1,TRBJ2-1,SASPPVSSYNEQF,2
TRBV20-1,TRBJ2-1,SASPPVSYNEQF,1
TRBV20-1,TRBJ2-1,SASPPVTGGDEQF,3
TRBV20-1,TRBJ2-1,SASPPVYNEQF,2
TRBV20-1,TRBJ2-1,SASPPWAGQGLAQGYNEQF,1
TRBV20-1,TRBJ2-1,SASPPWASYNEQF,1
TRBV20-1,TRBJ2-1,SASPPWDNEQF,1
TRBV20-1,TRBJ2-1,SASPPWGKGYNEQF,1
TRBV20-1,TRBJ2-1,SASPPWGLKNEQF,1
TRBV20-1,TRBJ2-1,SASPPWGSGSIYEQF,5
TRBV20-1,TRBJ2-1,SASPPWGSGSSNEQF,1
TRBV20-1,TRBJ2-1,SASPPWGSLLYNEQF,1
TRBV20-1,TRBJ2-1,SASPPWGSYNEQF,1
TRBV20-1,TRBJ2-1,SASPPWGTGQFYYNEQF,1
TRBV20-1,TRBJ2-1,SASPPWKPNEQF,1
TRBV20-1,TRBJ2-1,SASPPWKSNNEQF,1
TRBV20-1,TRBJ2-1,SASPPWKYNEQF,4
TRBV20-1,TRBJ2-1,SASPPWLTNEQF,1
TRBV20-1,TRBJ2-1,SASPPWNEQF,1
TRBV20-1,TRBJ2-1,SASPPWREDDNEQF,1
TRBV20-1,TRBJ2-1,SASPPWREFGNEQF,1
TRBV20-1,TRBJ2-1,SASPPWREYDNEQF,4
TRBV20-1,TRBJ2-1,SASPPWSSYNEQF,4
TRBV20-1,TRBJ2-1,SASPPWTAYNEQF,1
TRBV20-1,TRBJ2-1,SASPPWTGPGGQEQF,2
TRBV20-1,TRBJ2-1,SASPPWTNNEQF,1
TRBV20-1,TRBJ2-1,SASPPWTPKGNEQF,1
TRBV20-1,TRBJ2-1,SASPPWTVYNEQF,1
TRBV20-1,TRBJ2-1,SASPPYEQF,2
TRBV20-1,TRBJ2-1,SASPPYGGNEQF,1
TRBV20-1,TRBJ2-1,SASPPYGGYNEQF,1
TRBV20-1,TRBJ2-1,SASPPYGMYNEQF,1
TRBV20-1,TRBJ2-1,SASPPYNEQF,21
TRBV20-1,TRBJ2-1,SASPPYRGGPGYEQF,1
TRBV20-1,TRBJ2-1,SASPPYRGRGSNEQF,1
TRBV20-1,TRBJ2-1,SASPPYSDNEQF,1
TRBV20-1,TRBJ2-1,SASPPYSPNEQF,4
TRBV20-1,TRBJ2-1,SASPPYSSYNEQF,7
TRBV20-1,TRBJ2-1,SASPPYTSGAYSSYNEQF,1
TRBV20-1,TRBJ2-1,SASPPYVSGTYNEQF,3
TRBV20-1,TRBJ2-1,SASPPYYNEQF,1
TRBV20-1,TRBJ2-1,SASPPYYSDNEQF,1
TRBV20-1,TRBJ2-1,SASPQAAYNEQF,1
TRBV20-1,TRBJ2-1,SASPQAGEQF,1
TRBV20-1,TRBJ2-1,SASPQAGGPNNEQF,1
TRBV20-1,TRBJ2-1,SASPQAGGWNEQF,1
TRBV20-1,TRBJ2-1,SASPQAGPSYNEQF,1
TRBV20-1,TRBJ2-1,SASPQAGRSYNEQF,3
TRBV20-1,TRBJ2-1,SASPQAGVHNEQF,1
TRBV20-1,TRBJ2-1,SASPQAIYNEQF,1
TRBV20-1,TRBJ2-1,SASPQAKNEQF,1
TRBV20-1,TRBJ2-1,SASPQALAEAYNEQF,1
TRBV20-1,TRBJ2-1,SASPQALARRDEQF,1
TRBV20-1,TRBJ2-1,SASPQANEQF,1
TRBV20-1,TRBJ2-1,SASPQAREQF,1
TRBV20-1,TRBJ2-1,SASPQARLAGGWNEQF,1
TRBV20-1,TRBJ2-1,SASPQARSSYNEQF,1
TRBV20-1,TRBJ2-1,SASPQASGMRNEQF,1
TRBV20-1,TRBJ2-1,SASPQASVYNEQF,2
TRBV20-1,TRBJ2-1,SASPQAVEKEQF,1
TRBV20-1,TRBJ2-1,SASPQAVSYNEQF,1
TRBV20-1,TRBJ2-1,SASPQAYNEQF,1
TRBV20-1,TRBJ2-1,SASPQDASEFGNVYNEQF,1
TRBV20-1,TRBJ2-1,SASPQDGVNPYNEQF,4
TRBV20-1,TRBJ2-1,SASPQDNEQF,3
TRBV20-1,TRBJ2-1,SASPQDPYNEQF,1
TRBV20-1,TRBJ2-1,SASPQDREWYNEQF,1
TRBV20-1,TRBJ2-1,SASPQDSPEQF,2
TRBV20-1,TRBJ2-1,SASPQEEVYNEQF,1
TRBV20-1,TRBJ2-1,SASPQEGSYNEQF,1
TRBV20-1,TRBJ2-1,SASPQEHLYNEQF,1
TRBV20-1,TRBJ2-1,SASPQERELYNEQF,1
TRBV20-1,TRBJ2-1,SASPQFHEQF,1
TRBV20-1,TRBJ2-1,SASPQFSSYNEQF,1
TRBV20-1,TRBJ2-1,SASPQFYSYNEQF,3
TRBV20-1,TRBJ2-1,SASPQGADSPP,1
TRBV20-1,TRBJ2-1,SASPQGAFFDEQF,1
TRBV20-1,TRBJ2-1,SASPQGAFYNEQF,1
TRBV20-1,TRBJ2-1,SASPQGAGAYNEQF,2
TRBV20-1,TRBJ2-1,SASPQGAGSYNEQF,1
TRBV20-1,TRBJ2-1,SASPQGAGVPVEQF,3
TRBV20-1,TRBJ2-1,SASPQGAIDNEQF,1
TRBV20-1,TRBJ2-1,SASPQGAINEQF,1
TRBV20-1,TRBJ2-1,SASPQGANEQF,1
TRBV20-1,TRBJ2-1,SASPQGAPSSYNEQF,1
TRBV20-1,TRBJ2-1,SASPQGAPYNEQF,1
TRBV20-1,TRBJ2-1,SASPQGASYNEQF,3
TRBV20-1,TRBJ2-1,SASPQGAVYNEQF,1
TRBV20-1,TRBJ2-1,SASPQGAYNEQF,6
TRBV20-1,TRBJ2-1,SASPQGDRGLDEQF,1
TRBV20-1,TRBJ2-1,SASPQGDYNEQF,2
TRBV20-1,TRBJ2-1,SASPQGEDSPP,1
TRBV20-1,TRBJ2-1,SASPQGENEQF,1
TRBV20-1,TRBJ2-1,SASPQGEQF,3
TRBV20-1,TRBJ2-1,SASPQGESYNEQF,1
TRBV20-1,TRBJ2-1,SASPQGFGNEQF,1
TRBV20-1,TRBJ2-1,SASPQGFNEQF,1
TRBV20-1,TRBJ2-1,SASPQGGDAPP,1
TRBV20-1,TRBJ2-1,SASPQGGDSPP,89
TRBV20-1,TRBJ2-1,SASPQGGDSSP,1
TRBV20-1,TRBJ2-1,SASPQGGESQP,1
TRBV20-1,TRBJ2-1,SASPQGGFSYNEQF,1
TRBV20-1,TRBJ2-1,SASPQGGGNRHEQF,1
TRBV20-1,TRBJ2-1,SASPQGGGSYNEQF,1
TRBV20-1,TRBJ2-1,SASPQGGIPNEQF,1
TRBV20-1,TRBJ2-1,SASPQGGKGGYNEQF,1
TRBV20-1,TRBJ2-1,SASPQGGPYNEQF,5
TRBV20-1,TRBJ2-1,SASPQGGSGYISYNEQF,1
TRBV20-1,TRBJ2-1,SASPQGGYEQF,1
TRBV20-1,TRBJ2-1,SASPQGGYNEQF,2
TRBV20-1,TRBJ2-1,SASPQGIFINEQF,1
TRBV20-1,TRBJ2-1,SASPQGILDEQF,3
TRBV20-1,TRBJ2-1,SASPQGISYNEQF,8
TRBV20-1,TRBJ2-1,SASPQGKNNEQF,1
TRBV20-1,TRBJ2-1,SASPQGLAAGHEQF,1
TRBV20-1,TRBJ2-1,SASPQGLAAGNEQF,2
TRBV20-1,TRBJ2-1,SASPQGLARNEQF,1
TRBV20-1,TRBJ2-1,SASPQGLDNEQF,1
TRBV20-1,TRBJ2-1,SASPQGLTLRRHEQF,1
TRBV20-1,TRBJ2-1,SASPQGMREQF,4
TRBV20-1,TRBJ2-1,SASPQGNEQF,13
TRBV20-1,TRBJ2-1,SASPQGNYDNEQF,1
TRBV20-1,TRBJ2-1,SASPQGPGTSYNEQF,1
TRBV20-1,TRBJ2-1,SASPQGPLSSYNEQF,1
TRBV20-1,TRBJ2-1,SASPQGPSYNEQF,2
TRBV20-1,TRBJ2-1,SASPQGPYNEQF,5
TRBV20-1,TRBJ2-1,SASPQGRAGSSYNEQF,1
TRBV20-1,TRBJ2-1,SASPQGRASYNEQF,1
TRBV20-1,TRBJ2-1,SASPQGRATNEQF,1
TRBV20-1,TRBJ2-1,SASPQGRAWNEQF,1
TRBV20-1,TRBJ2-1,SASPQGREYNEQF,1
TRBV20-1,TRBJ2-1,SASPQGRGNEQF,1
TRBV20-1,TRBJ2-1,SASPQGRGYNEQF,1
TRBV20-1,TRBJ2-1,SASPQGRISYNEQF,1
TRBV20-1,TRBJ2-1,SASPQGRNEQF,1
TRBV20-1,TRBJ2-1,SASPQGRTSYNEQF,1
TRBV20-1,TRBJ2-1,SASPQGRVSYNEQF,1
TRBV20-1,TRBJ2-1,SASPQGRWDEQF,1
TRBV20-1,TRBJ2-1,SASPQGSANNEQF,1
TRBV20-1,TRBJ2-1,SASPQGSGVYNEQF,2
TRBV20-1,TRBJ2-1,SASPQGSSYNEQF,2
TRBV20-1,TRBJ2-1,SASPQGSYNEQF,22
TRBV20-1,TRBJ2-1,SASPQGTAYNEQF,3
TRBV20-1,TRBJ2-1,SASPQGTSAYNEQF,1
TRBV20-1,TRBJ2-1,SASPQGTSGISYNEQF,1
TRBV20-1,TRBJ2-1,SASPQGVDEQF,1
TRBV20-1,TRBJ2-1,SASPQGVDSPP,1
TRBV20-1,TRBJ2-1,SASPQGVGLSYNEQF,1
TRBV20-1,TRBJ2-1,SASPQGVMYNEQF,5
TRBV20-1,TRBJ2-1,SASPQGVTYNEQF,1
TRBV20-1,TRBJ2-1,SASPQGVVYNEQF,1
TRBV20-1,TRBJ2-1,SASPQGWAYNEQF,1
TRBV20-1,TRBJ2-1,SASPQGWDEQF,1
TRBV20-1,TRBJ2-1,SASPQGWEDEQF,1
TRBV20-1,TRBJ2-1,SASPQGYEQF,2
TRBV20-1,TRBJ2-1,SASPQGYRNEQF,1
TRBV20-1,TRBJ2-1,SASPQHEQF,1
TRBV20-1,TRBJ2-1,SASPQHNEQF,3
TRBV20-1,TRBJ2-1,SASPQIAGVNEQF,6
TRBV20-1,TRBJ2-1,SASPQIGGSYNEQF,1
TRBV20-1,TRBJ2-1,SASPQINNEQF,1
TRBV20-1,TRBJ2-1,SASPQIRRYYNEQF,1
TRBV20-1,TRBJ2-1,SASPQISYNEQF,3
TRBV20-1,TRBJ2-1,SASPQKTRSYNEQF,1
TRBV20-1,TRBJ2-1,SASPQLAAHYNEQF,1
TRBV20-1,TRBJ2-1,SASPQLAAWNEQF,8
TRBV20-1,TRBJ2-1,SASPQLAGATRNEQF,1
TRBV20-1,TRBJ2-1,SASPQLAGDLGSYNEQF,1
TRBV20-1,TRBJ2-1,SASPQLAGDLSPYNEQF,1
TRBV20-1,TRBJ2-1,SASPQLAGDLSSYNEQF,14
TRBV20-1,TRBJ2-1,SASPQLAGGDNEQF,1
TRBV20-1,TRBJ2-1,SASPQLAGGLNEQF,1
TRBV20-1,TRBJ2-1,SASPQLAGGSYNEQF,1
TRBV20-1,TRBJ2-1,SASPQLAGNNEQF,1
TRBV20-1,TRBJ2-1,SASPQLAGRVGNEQF,1
TRBV20-1,TRBJ2-1,SASPQLAGSNEQF,1
TRBV20-1,TRBJ2-1,SASPQLAGVSYEQF,1
TRBV20-1,TRBJ2-1,SASPQLAHEQF,1
TRBV20-1,TRBJ2-1,SASPQLANFRYEQF,1
TRBV20-1,TRBJ2-1,SASPQLGDEQF,1
TRBV20-1,TRBJ2-1,SASPQLGLSYNEQF,1
TRBV20-1,TRBJ2-1,SASPQLGLYNEQF,1
TRBV20-1,TRBJ2-1,SASPQLISYNEQF,3
TRBV20-1,TRBJ2-1,SASPQLMTREQF,5
TRBV20-1,TRBJ2-1,SASPQLPGGEQF,9
TRBV20-1,TRBJ2-1,SASPQLQGYSTGNEQF,1
TRBV20-1,TRBJ2-1,SASPQLRGPNNEQF,1
TRBV20-1,TRBJ2-1,SASPQLRLAGNNEQF,1
TRBV20-1,TRBJ2-1,SASPQLRNEQF,1
TRBV20-1,TRBJ2-1,SASPQLSGISTEQF,1
TRBV20-1,TRBJ2-1,SASPQLTGYNEQF,4
TRBV20-1,TRBJ2-1,SASPQLVSAHNEQF,1
TRBV20-1,TRBJ2-1,SASPQMARETYNEQF,1
TRBV20-1,TRBJ2-1,SASPQNEQF,3
TRBV20-1,TRBJ2-1,SASPQNNEQF,5
TRBV20-1,TRBJ2-1,SASPQNPDNEQF,1
TRBV20-1,TRBJ2-1,SASPQNYEQF,1
TRBV20-1,TRBJ2-1,SASPQNYNEQF,2
TRBV20-1,TRBJ2-1,SASPQPGGNEQF,1
TRBV20-1,TRBJ2-1,SASPQPGLATDEQF,1
TRBV20-1,TRBJ2-1,SASPQPINEQF,1
TRBV20-1,TRBJ2-1,SASPQPSGSSNEQF,1
TRBV20-1,TRBJ2-1,SASPQPTNEQF,1
TRBV20-1,TRBJ2-1,SASPQPTSGRNEQF,1
TRBV20-1,TRBJ2-1,SASPQPTSSYNEQF,1
TRBV20-1,TRBJ2-1,SASPQPVSYNEQF,1
TRBV20-1,TRBJ2-1,SASPQPYNEQF,1
TRBV20-1,TRBJ2-1,SASPQQGALNEQF,1
TRBV20-1,TRBJ2-1,SASPQQGFASGRPLYNEQF,1
TRBV20-1,TRBJ2-1,SASPQQGLHNEQF,6
TRBV20-1,TRBJ2-1,SASPQQGSRQTFLYNEQF,1
TRBV20-1,TRBJ2-1,SASPQQGSYNEQF,2
TRBV20-1,TRBJ2-1,SASPQQRPSYNEQF,1
TRBV20-1,TRBJ2-1,SASPQRAYMDEQF,1
TRBV20-1,TRBJ2-1,SASPQRAYNEQF,1
TRBV20-1,TRBJ2-1,SASPQRDEQF,1
TRBV20-1,TRBJ2-1,SASPQRDWVRNEQF,1
TRBV20-1,TRBJ2-1,SASPQREAYNEQF,1
TRBV20-1,TRBJ2-1,SASPQREDHNEQF,1
TRBV20-1,TRBJ2-1,SASPQREFTYNEQF,1
TRBV20-1,TRBJ2-1,SASPQREGENEQF,1
TRBV20-1,TRBJ2-1,SASPQREGHNEQF,1
TRBV20-1,TRBJ2-1,SASPQREGYNEQF,1
TRBV20-1,TRBJ2-1,SASPQREILNEQF,1
TRBV20-1,TRBJ2-1,SASPQREIRNEQF,1
TRBV20-1,TRBJ2-1,SASPQREKFDNEQF,1
TRBV20-1,TRBJ2-1,SASPQREPYNEQF,1
TRBV20-1,TRBJ2-1,SASPQRERDEQF,1
TRBV20-1,TRBJ2-1,SASPQRERDNEQF,1
TRBV20-1,TRBJ2-1,SASPQRESSYNEQF,2
TRBV20-1,TRBJ2-1,SASPQREVNEQF,1
TRBV20-1,TRBJ2-1,SASPQRGEYNEQF,1
TRBV20-1,TRBJ2-1,SASPQRGFSYNEQF,1
TRBV20-1,TRBJ2-1,SASPQRGGPYNEQF,1
TRBV20-1,TRBJ2-1,SASPQRGGRGGYNEQF,1
TRBV20-1,TRBJ2-1,SASPQRGGYNEQF,2
TRBV20-1,TRBJ2-1,SASPQRGPNNEQF,3
TRBV20-1,TRBJ2-1,SASPQRGQGASGRVNEQF,1
TRBV20-1,TRBJ2-1,SASPQRGRRLSSYNEQF,1
TRBV20-1,TRBJ2-1,SASPQRGSNEQF,6
TRBV20-1,TRBJ2-1,SASPQRGSYNEQF,2
TRBV20-1,TRBJ2-1,SASPQRGTNEQF,1
TRBV20-1,TRBJ2-1,SASPQRGVNNEQF,1
TRBV20-1,TRBJ2-1,SASPQRGVYNEQF,8
TRBV20-1,TRBJ2-1,SASPQRGYNEQF,5
TRBV20-1,TRBJ2-1,SASPQRIRPNEQF,2
TRBV20-1,TRBJ2-1,SASPQRKSSYNEQF,1
TRBV20-1,TRBJ2-1,SASPQRLANNEQF,1
TRBV20-1,TRBJ2-1,SASPQRLPYNEQF,1
TRBV20-1,TRBJ2-1,SASPQRLSSYNEQF,6
TRBV20-1,TRBJ2-1,SASPQRNEQF,3
TRBV20-1,TRBJ2-1,SASPQRRADYNEQF,1
TRBV20-1,TRBJ2-1,SASPQRRAYNEQF,2
TRBV20-1,TRBJ2-1,SASPQRRLNNEQF,1
TRBV20-1,TRBJ2-1,SASPQRSSYNEQF,1
TRBV20-1,TRBJ2-1,SASPQRSYNEQF,2
TRBV20-1,TRBJ2-1,SASPQRTSGSDLAYNEQF,1
TRBV20-1,TRBJ2-1,SASPQRTSSYNEQF,1
TRBV20-1,TRBJ2-1,SASPQRVAYNEQF,1
TRBV20-1,TRBJ2-1,SASPQRVPYNEQF,1
TRBV20-1,TRBJ2-1,SASPQRVSYNEQF,1
TRBV20-1,TRBJ2-1,SASPQSDNEQF,1
TRBV20-1,TRBJ2-1,SASPQSGNEQF,3
TRBV20-1,TRBJ2-1,SASPQSGRAVDEQF,6
TRBV20-1,TRBJ2-1,SASPQSGSSFDEQF,1
TRBV20-1,TRBJ2-1,SASPQSKREGLYEQF,1
TRBV20-1,TRBJ2-1,SASPQSNEQF,5
TRBV20-1,TRBJ2-1,SASPQSSGETYNEQF,1
TRBV20-1,TRBJ2-1,SASPQSSYNELL,1
TRBV20-1,TRBJ2-1,SASPQSSYNEQF,15
TRBV20-1,TRBJ2-1,SASPQSYNEQF,11
TRBV20-1,TRBJ2-1,SASPQTAYNEQF,1
TRBV20-1,TRBJ2-1,SASPQTDNEQF,1
TRBV20-1,TRBJ2-1,SASPQTENEQF,1
TRBV20-1,TRBJ2-1,SASPQTGGPHNEQF,1
TRBV20-1,TRBJ2-1,SASPQTGGYNEQF,1
TRBV20-1,TRBJ2-1,SASPQTGINEQF,1
TRBV20-1,TRBJ2-1,SASPQTGTGGLLYYNEQF,1
TRBV20-1,TRBJ2-1,SASPQTGTKFNNEQF,1
TRBV20-1,TRBJ2-1,SASPQTLNEQF,1
TRBV20-1,TRBJ2-1,SASPQTNEQF,2
TRBV20-1,TRBJ2-1,SASPQTNNEQF,1
TRBV20-1,TRBJ2-1,SASPQTQEQF,4
TRBV20-1,TRBJ2-1,SASPQTRRNNEQF,1
TRBV20-1,TRBJ2-1,SASPQTRYNEQF,1
TRBV20-1,TRBJ2-1,SASPQTSGAYNEQF,1
TRBV20-1,TRBJ2-1,SASPQTSGQYNEQF,7
TRBV20-1,TRBJ2-1,SASPQTSGSRDEQF,1
TRBV20-1,TRBJ2-1,SASPQTSGSYNEQF,2
TRBV20-1,TRBJ2-1,SASPQTSQNEQF,3
TRBV20-1,TRBJ2-1,SASPQTSRGYNEQF,1
TRBV20-1,TRBJ2-1,SASPQTSVEQF,1
TRBV20-1,TRBJ2-1,SASPQTSVGNEQF,1
TRBV20-1,TRBJ2-1,SASPQTSYNEQF,2
TRBV20-1,TRBJ2-1,SASPQTVPFYNEQF,1
TRBV20-1,TRBJ2-1,SASPQTYNEQF,2
TRBV20-1,TRBJ2-1,SASPQVDEQF,1
TRBV20-1,TRBJ2-1,SASPQVGSYEQF,1
TRBV20-1,TRBJ2-1,SASPQVNEQF,1
TRBV20-1,TRBJ2-1,SASPQVNNEQF,2
TRBV20-1,TRBJ2-1,SASPQVPSYNEQF,1
TRBV20-1,TRBJ2-1,SASPQVSYNEQF,3
TRBV20-1,TRBJ2-1,SASPQVVGNEQF,1
TRBV20-1,TRBJ2-1,SASPQWGSGSNEQF,1
TRBV20-1,TRBJ2-1,SASPQWTSRLGNEQF,4
TRBV20-1,TRBJ2-1,SASPQYNEQF,3
TRBV20-1,TRBJ2-1,SASPQYSYNEQF,1
TRBV20-1,TRBJ2-1,SASPRAADSYNEQF,1
TRBV20-1,TRBJ2-1,SASPRAAKPYNEQF,1
TRBV20-1,TRBJ2-1,SASPRAAQSINEQF,1
TRBV20-1,TRBJ2-1,SASPRAARNEQF,1
TRBV20-1,TRBJ2-1,SASPRAARYNEQF,7
TRBV20-1,TRBJ2-1,SASPRAASYNEQF,4
TRBV20-1,TRBJ2-1,SASPRAAYNEQF,1
TRBV20-1,TRBJ2-1,SASPRADNEQC,2
TRBV20-1,TRBJ2-1,SASPRADNEQF,53
TRBV20-1,TRBJ2-1,SASPRAENNEQF,1
TRBV20-1,TRBJ2-1,SASPRAERYNEQF,1
TRBV20-1,TRBJ2-1,SASPRAGAGNEQF,1
TRBV20-1,TRBJ2-1,SASPRAGAHEQF,1
TRBV20-1,TRBJ2-1,SASPRAGAPYNEQF,1
TRBV20-1,TRBJ2-1,SASPRAGASYNEQF,1
TRBV20-1,TRBJ2-1,SASPRAGAYNEQF,2
TRBV20-1,TRBJ2-1,SASPRAGDRYNEQF,1
TRBV20-1,TRBJ2-1,SASPRAGESYNEQF,2
TRBV20-1,TRBJ2-1,SASPRAGFSYNEQF,2
TRBV20-1,TRBJ2-1,SASPRAGGGYNEQF,1
TRBV20-1,TRBJ2-1,SASPRAGGIYNEQF,4
TRBV20-1,TRBJ2-1,SASPRAGGLNEQF,1
TRBV20-1,TRBJ2-1,SASPRAGGPNEQF,1
TRBV20-1,TRBJ2-1,SASPRAGGPSYNEQF,1
TRBV20-1,TRBJ2-1,SASPRAGGPYNEQF,1
TRBV20-1,TRBJ2-1,SASPRAGGRRNEQF,2
TRBV20-1,TRBJ2-1,SASPRAGGSYNEQF,3
TRBV20-1,TRBJ2-1,SASPRAGGYNEQF,3
TRBV20-1,TRBJ2-1,SASPRAGHEQF,1
TRBV20-1,TRBJ2-1,SASPRAGIDEQF,1
TRBV20-1,TRBJ2-1,SASPRAGLSYNEQF,1
TRBV20-1,TRBJ2-1,SASPRAGNEQF,1
TRBV20-1,TRBJ2-1,SASPRAGPPGGEQF,1
TRBV20-1,TRBJ2-1,SASPRAGPSYNEQF,1
TRBV20-1,TRBJ2-1,SASPRAGQSSYNEQF,1
TRBV20-1,TRBJ2-1,SASPRAGRKYNEQF,1
TRBV20-1,TRBJ2-1,SASPRAGRSSYNEQF,1
TRBV20-1,TRBJ2-1,SASPRAGRYNEQF,2
TRBV20-1,TRBJ2-1,SASPRAGSLFDEQF,1
TRBV20-1,TRBJ2-1,SASPRAGSNEQF,1
TRBV20-1,TRBJ2-1,SASPRAGSSYNEQF,10
TRBV20-1,TRBJ2-1,SASPRAGSYNEQF,1
TRBV20-1,TRBJ2-1,SASPRAGTLGNEQF,1
TRBV20-1,TRBJ2-1,SASPRAGTNEQF,1
TRBV20-1,TRBJ2-1,SASPRAGTYEQF,1
TRBV20-1,TRBJ2-1,SASPRAGTYNEQF,2
TRBV20-1,TRBJ2-1,SASPRAGVYNEQF,1
TRBV20-1,TRBJ2-1,SASPRAGYNEQF,1
TRBV20-1,TRBJ2-1,SASPRAHEQF,2
TRBV20-1,TRBJ2-1,SASPRAKSFNEQF,1
TRBV20-1,TRBJ2-1,SASPRALDRSLSVYNEQF,1
TRBV20-1,TRBJ2-1,SASPRALGHNEQF,1
TRBV20-1,TRBJ2-1,SASPRALSNEQF,1
TRBV20-1,TRBJ2-1,SASPRALTFNEQF,1
TRBV20-1,TRBJ2-1,SASPRALTLTDEQF,1
TRBV20-1,TRBJ2-1,SASPRALYNEQF,1
TRBV20-1,TRBJ2-1,SASPRANEQF,6
TRBV20-1,TRBJ2-1,SASPRANNEQF,1
TRBV20-1,TRBJ2-1,SASPRAPSSYNEQF,5
TRBV20-1,TRBJ2-1,SASPRAQVGHNYNEQF,7
TRBV20-1,TRBJ2-1,SASPRARFYEQF,1
TRBV20-1,TRBJ2-1,SASPRARIRNEQF,1
TRBV20-1,TRBJ2-1,SASPRARSRYNEQF,1
TRBV20-1,TRBJ2-1,SASPRARSSYNEQF,9
TRBV20-1,TRBJ2-1,SASPRARSYNEQF,1
TRBV20-1,TRBJ2-1,SASPRARVYYNEQF,1
TRBV20-1,TRBJ2-1,SASPRASERRNEQF,1
TRBV20-1,TRBJ2-1,SASPRASEYNEQF,2
TRBV20-1,TRBJ2-1,SASPRASGGNEQF,1
TRBV20-1,TRBJ2-1,SASPRASGHLIYNEQF,1
TRBV20-1,TRBJ2-1,SASPRASGIDEQF,1
TRBV20-1,TRBJ2-1,SASPRASGKYNEQF,1
TRBV20-1,TRBJ2-1,SASPRASGLYNEQF,1
TRBV20-1,TRBJ2-1,SASPRASGRAVYNEQF,1
TRBV20-1,TRBJ2-1,SASPRASGRTSSYNEQF,1
TRBV20-1,TRBJ2-1,SASPRASGSSGNEQF,1
TRBV20-1,TRBJ2-1,SASPRASLLAGPYNEQF,1
TRBV20-1,TRBJ2-1,SASPRASRGLEYHNEQF,1
TRBV20-1,TRBJ2-1,SASPRASSYNEQF,2
TRBV20-1,TRBJ2-1,SASPRASYNEQF,3
TRBV20-1,TRBJ2-1,SASPRATAYNEQF,1
TRBV20-1,TRBJ2-1,SASPRAVAGATYNEQF,7
TRBV20-1,TRBJ2-1,SASPRAVRGWDLSYNEQF,1
TRBV20-1,TRBJ2-1,SASPRAWDEQF,1
TRBV20-1,TRBJ2-1,SASPRAWHNEQF,6
TRBV20-1,TRBJ2-1,SASPRAYNEQF,5
TRBV20-1,TRBJ2-1,SASPRDANNEQF,1
TRBV20-1,TRBJ2-1,SASPRDDEQF,1
TRBV20-1,TRBJ2-1,SASPRDEQF,48
TRBV20-1,TRBJ2-1,SASPRDFYNEQF,3
TRBV20-1,TRBJ2-1,SASPRDGFFYNEQF,1
TRBV20-1,TRBJ2-1,SASPRDGGWNEQF,1
TRBV20-1,TRBJ2-1,SASPRDGLNEQF,1
TRBV20-1,TRBJ2-1,SASPRDGNSYNEQF,1
TRBV20-1,TRBJ2-1,SASPRDGSSYNEQF,5
TRBV20-1,TRBJ2-1,SASPRDGSYNEQF,1
TRBV20-1,TRBJ2-1,SASPRDGVYFYNEQF,1
TRBV20-1,TRBJ2-1,SASPRDHNEQF,4
TRBV20-1,TRBJ2-1,SASPRDKPYNEQF,1
TRBV20-1,TRBJ2-1,SASPRDLAYNEQF,1
TRBV20-1,TRBJ2-1,SASPRDLLLLNEQF,1
TRBV20-1,TRBJ2-1,SASPRDLSRDEQF,1
TRBV20-1,TRBJ2-1,SASPRDLTPYNEQF,1
TRBV20-1,TRBJ2-1,SASPRDLYNEQF,3
TRBV20-1,TRBJ2-1,SASPRDMANEQF,1
TRBV20-1,TRBJ2-1,SASPRDNEQF,13
TRBV20-1,TRBJ2-1,SASPRDNFYNEQF,1
TRBV20-1,TRBJ2-1,SASPRDNPTYNEQF,4
TRBV20-1,TRBJ2-1,SASPRDNYNEQF,2
TRBV20-1,TRBJ2-1,SASPRDPGGNEQF,1
TRBV20-1,TRBJ2-1,SASPRDPHSYNEQF,1
TRBV20-1,TRBJ2-1,SASPRDPYNEQF,2
TRBV20-1,TRBJ2-1,SASPRDQSSYNEQF,1
TRBV20-1,TRBJ2-1,SASPRDRAINEQF,1
TRBV20-1,TRBJ2-1,SASPRDRAIQGYNEQF,1
TRBV20-1,TRBJ2-1,SASPRDRANEQF,1
TRBV20-1,TRBJ2-1,SASPRDRASYNEQF,1
TRBV20-1,TRBJ2-1,SASPRDRAYNEQF,12
TRBV20-1,TRBJ2-1,SASPRDRDLRDEQF,1
TRBV20-1,TRBJ2-1,SASPRDRDNNEQF,2
TRBV20-1,TRBJ2-1,SASPRDRFDEQF,7
TRBV20-1,TRBJ2-1,SASPRDRFEVAVYNEQF,1
TRBV20-1,TRBJ2-1,SASPRDRFLFSSYNEQF,1
TRBV20-1,TRBJ2-1,SASPRDRGADEQF,1
TRBV20-1,TRBJ2-1,SASPRDRGDNEQF,1
TRBV20-1,TRBJ2-1,SASPRDRGFYNEQF,1
TRBV20-1,TRBJ2-1,SASPRDRGHSEQF,1
TRBV20-1,TRBJ2-1,SASPRDRGILSYNEQF,1
TRBV20-1,TRBJ2-1,SASPRDRGKYNEQF,1
TRBV20-1,TRBJ2-1,SASPRDRGMNEQF,2
TRBV20-1,TRBJ2-1,SASPRDRGRNEQF,1
TRBV20-1,TRBJ2-1,SASPRDRGRYNEQF,1
TRBV20-1,TRBJ2-1,SASPRDRGSGDEQF,3
TRBV20-1,TRBJ2-1,SASPRDRGSHEQF,1
TRBV20-1,TRBJ2-1,SASPRDRGTYNEQF,1
TRBV20-1,TRBJ2-1,SASPRDRGWDEQF,1
TRBV20-1,TRBJ2-1,SASPRDRGYNEQF,3
TRBV20-1,TRBJ2-1,SASPRDRISNEQF,6
TRBV20-1,TRBJ2-1,SASPRDRLLNEQF,1
TRBV20-1,TRBJ2-1,SASPRDRPYNEQF,1
TRBV20-1,TRBJ2-1,SASPRDRRDNEQF,1
TRBV20-1,TRBJ2-1,SASPRDRRSYNEQF,2
TRBV20-1,TRBJ2-1,SASPRDRRYEQF,1
TRBV20-1,TRBJ2-1,SASPRDRSYNEQF,4
TRBV20-1,TRBJ2-1,SASPRDRTYNEQF,2
TRBV20-1,TRBJ2-1,SASPRDRVFDEQF,1
TRBV20-1,TRBJ2-1,SASPRDRVFGNEQF,1
TRBV20-1,TRBJ2-1,SASPRDRVVGRAYNEQF,1
TRBV20-1,TRBJ2-1,SASPRDRVVSGFYEQF,1
TRBV20-1,TRBJ2-1,SASPRDRVYYNEQF,1
TRBV20-1,TRBJ2-1,SASPRDRYNEQF,1
TRBV20-1,TRBJ2-1,SASPRDSAWVDNEQF,1
TRBV20-1,TRBJ2-1,SASPRDSGPGRHEQF,1
TRBV20-1,TRBJ2-1,SASPRDSGYNEQF,1
TRBV20-1,TRBJ2-1,SASPRDSIYNEQF,1
TRBV20-1,TRBJ2-1,SASPRDSRFLSSYNEQF,1
TRBV20-1,TRBJ2-1,SASPRDSSNEQF,1
TRBV20-1,TRBJ2-1,SASPRDSSSYNEQF,3
TRBV20-1,TRBJ2-1,SASPRDSSYNEQF,5
TRBV20-1,TRBJ2-1,SASPRDSYNEQF,3
TRBV20-1,TRBJ2-1,SASPRDSYYNEQF,1
TRBV20-1,TRBJ2-1,SASPRDTFYNEQF,1
TRBV20-1,TRBJ2-1,SASPRDWQF,1
TRBV20-1,TRBJ2-1,SASPRDWQSSYNEQF,1
TRBV20-1,TRBJ2-1,SASPRDWYNEQF,1
TRBV20-1,TRBJ2-1,SASPRDYEQF,5
TRBV20-1,TRBJ2-1,SASPRDYLTHEQF,6
TRBV20-1,TRBJ2-1,SASPRDYNEQF,3
TRBV20-1,TRBJ2-1,SASPRDYNNEQF,2
TRBV20-1,TRBJ2-1,SASPRDYQGDEQF,1
TRBV20-1,TRBJ2-1,SASPRDYSYNEQF,1
TRBV20-1,TRBJ2-1,SASPRDYYNEQF,1
TRBV20-1,TRBJ2-1,SASPREAENEQF,1
TRBV20-1,TRBJ2-1,SASPREAGGSYNEQF,1
TRBV20-1,TRBJ2-1,SASPREALDEQF,1
TRBV20-1,TRBJ2-1,SASPREAPSYNEQF,1
TRBV20-1,TRBJ2-1,SASPREARSYNEQF,1
TRBV20-1,TRBJ2-1,SASPREASFYNEQF,1
TRBV20-1,TRBJ2-1,SASPREASSYNEQF,2
TRBV20-1,TRBJ2-1,SASPREASYNEQF,1
TRBV20-1,TRBJ2-1,SASPREAYNEQF,2
TRBV20-1,TRBJ2-1,SASPREAYSYNEQF,1
TRBV20-1,TRBJ2-1,SASPREDEQF,1
TRBV20-1,TRBJ2-1,SASPREDWNEQF,1
TRBV20-1,TRBJ2-1,SASPREGAYNEQF,6
TRBV20-1,TRBJ2-1,SASPREGAYNEQL,1
TRBV20-1,TRBJ2-1,SASPREGEQF,1
TRBV20-1,TRBJ2-1,SASPREGGSYNEQF,5
TRBV20-1,TRBJ2-1,SASPREGGYYNEQF,1
TRBV20-1,TRBJ2-1,SASPREGHNEQF,2
TRBV20-1,TRBJ2-1,SASPREGLGYNEQF,1
TRBV20-1,TRBJ2-1,SASPREGLPNEQF,1
TRBV20-1,TRBJ2-1,SASPREGLRDEQF,1
TRBV20-1,TRBJ2-1,SASPREGLRNEQF,1
TRBV20-1,TRBJ2-1,SASPREGLYEQF,1
TRBV20-1,TRBJ2-1,SASPREGLYNEQF,1
TRBV20-1,TRBJ2-1,SASPREGPGNEQF,1
TRBV20-1,TRBJ2-1,SASPREGPYNEQF,1
TRBV20-1,TRBJ2-1,SASPREGQPYNEQF,1
TRBV20-1,TRBJ2-1,SASPREGQYEQF,1
TRBV20-1,TRBJ2-1,SASPREGRANEQF,1
TRBV20-1,TRBJ2-1,SASPREGRTVFNEQF,1
TRBV20-1,TRBJ2-1,SASPREGRYNEQF,1
TRBV20-1,TRBJ2-1,SASPREGSLYNEQF,1
TRBV20-1,TRBJ2-1,SASPREGSSYNEQF,1
TRBV20-1,TRBJ2-1,SASPREGSYNEQF,1
TRBV20-1,TRBJ2-1,SASPREGVSSYNEQF,1
TRBV20-1,TRBJ2-1,SASPREGWNEQF,1
TRBV20-1,TRBJ2-1,SASPREGYNEQF,3
TRBV20-1,TRBJ2-1,SASPREGYTYNEQF,1
TRBV20-1,TRBJ2-1,SASPRELGNEQF,1
TRBV20-1,TRBJ2-1,SASPRELGSDEQF,1
TRBV20-1,TRBJ2-1,SASPRELRYNEQF,2
TRBV20-1,TRBJ2-1,SASPRELSYNEQF,6
TRBV20-1,TRBJ2-1,SASPRELYNEQF,3
TRBV20-1,TRBJ2-1,SASPRENNEQF,3
TRBV20-1,TRBJ2-1,SASPREPGDEQF,1
TRBV20-1,TRBJ2-1,SASPREPGSYNEQF,1
TRBV20-1,TRBJ2-1,SASPREPNEQF,1
TRBV20-1,TRBJ2-1,SASPREPSGRPYEQF,1
TRBV20-1,TRBJ2-1,SASPREPYNEQF,1
TRBV20-1,TRBJ2-1,SASPRERALYNEQF,1
TRBV20-1,TRBJ2-1,SASPRERASYNEQF,3
TRBV20-1,TRBJ2-1,SASPREREFYNEQF,1
TRBV20-1,TRBJ2-1,SASPREREGKNEQF,1
TRBV20-1,TRBJ2-1,SASPREREIRNEQF,1
TRBV20-1,TRBJ2-1,SASPRERFFNEQF,1
TRBV20-1,TRBJ2-1,SASPRERGAVNEQF,1
TRBV20-1,TRBJ2-1,SASPRERGPGDEQF,1
TRBV20-1,TRBJ2-1,SASPRERGSYNEQF,1
TRBV20-1,TRBJ2-1,SASPRERGTYNEQF,4
TRBV20-1,TRBJ2-1,SASPRERGYYNEQF,1
TRBV20-1,TRBJ2-1,SASPRERHSYNEQF,1
TRBV20-1,TRBJ2-1,SASPRERIKINNEQF,1
TRBV20-1,TRBJ2-1,SASPRERQNEQF,4
TRBV20-1,TRBJ2-1,SASPRERSSYNEQF,1
TRBV20-1,TRBJ2-1,SASPRERSYNEQF,1
TRBV20-1,TRBJ2-1,SASPRERVLYNEQF,1
TRBV20-1,TRBJ2-1,SASPRERYNEQF,1
TRBV20-1,TRBJ2-1,SASPRESSYNEQF,1
TRBV20-1,TRBJ2-1,SASPRESVSYNEQF,1
TRBV20-1,TRBJ2-1,SASPRESYNEQF,2
TRBV20-1,TRBJ2-1,SASPRETRRAYNEQF,2
TRBV20-1,TRBJ2-1,SASPRETYNEQF,1
TRBV20-1,TRBJ2-1,SASPREVIWNEQF,1
TRBV20-1,TRBJ2-1,SASPREVYNEQF,1
TRBV20-1,TRBJ2-1,SASPREYNEQF,2
TRBV20-1,TRBJ2-1,SASPREYPPWAHNVQF,1
TRBV20-1,TRBJ2-1,SASPRFANEQF,1
TRBV20-1,TRBJ2-1,SASPRFGLADYNEQF,1
TRBV20-1,TRBJ2-1,SASPRFLYNEQF,1
TRBV20-1,TRBJ2-1,SASPRFMYGSGAYNEQF,1
TRBV20-1,TRBJ2-1,SASPRFNEQF,1
TRBV20-1,TRBJ2-1,SASPRFQIYEQF,1
TRBV20-1,TRBJ2-1,SASPRFRTSSYNEQF,1
TRBV20-1,TRBJ2-1,SASPRFSYNEQF,1
TRBV20-1,TRBJ2-1,SASPRFTAGNEQF,1
TRBV20-1,TRBJ2-1,SASPRFVNEQF,1
TRBV20-1,TRBJ2-1,SASPRGAGAYNEQF,6
TRBV20-1,TRBJ2-1,SASPRGAGGADEQF,1
TRBV20-1,TRBJ2-1,SASPRGAGGPYNEQF,1
TRBV20-1,TRBJ2-1,SASPRGAGGWYNEQF,1
TRBV20-1,TRBJ2-1,SASPRGAGGYNEQF,1
TRBV20-1,TRBJ2-1,SASPRGAGLSYNEQF,6
TRBV20-1,TRBJ2-1,SASPRGAGNEQF,1
TRBV20-1,TRBJ2-1,SASPRGAGPYNEQF,1
TRBV20-1,TRBJ2-1,SASPRGAGRNNEQF,1
TRBV20-1,TRBJ2-1,SASPRGAGSSYNEQF,1
TRBV20-1,TRBJ2-1,SASPRGAGVGYLYNEQF,1
TRBV20-1,TRBJ2-1,SASPRGAHNEQF,2
TRBV20-1,TRBJ2-1,SASPRGAHSYNEQF,1
TRBV20-1,TRBJ2-1,SASPRGAPSYNEQF,1
TRBV20-1,TRBJ2-1,SASPRGAQYNEQF,1
TRBV20-1,TRBJ2-1,SASPRGASGGDNEQF,7
TRBV20-1,TRBJ2-1,SASPRGASSYNEQF,2
TRBV20-1,TRBJ2-1,SASPRGAWNNEQF,1
TRBV20-1,TRBJ2-1,SASPRGAYNEQF,1
TRBV20-1,TRBJ2-1,SASPRGDEQF,12
TRBV20-1,TRBJ2-1,SASPRGDNEQF,1
TRBV20-1,TRBJ2-1,SASPRGDPYNEQF,6
TRBV20-1,TRBJ2-1,SASPRGDRGPYNEQF,1
TRBV20-1,TRBJ2-1,SASPRGDVYNEQF,1
TRBV20-1,TRBJ2-1,SASPRGDYNEQF,1
TRBV20-1,TRBJ2-1,SASPRGEGYNEQF,4
TRBV20-1,TRBJ2-1,SASPRGENRRSYNEQF,1
TRBV20-1,TRBJ2-1,SASPRGEPYNEQF,1
TRBV20-1,TRBJ2-1,SASPRGEQF,15
TRBV20-1,TRBJ2-1,SASPRGERHEQF,1
TRBV20-1,TRBJ2-1,SASPRGEYNEQF,2
TRBV20-1,TRBJ2-1,SASPRGFNNEQF,1
TRBV20-1,TRBJ2-1,SASPRGFQGNEQF,1
TRBV20-1,TRBJ2-1,SASPRGFRTSGLYNEQF,1
TRBV20-1,TRBJ2-1,SASPRGFYNEQF,1
TRBV20-1,TRBJ2-1,SASPRGGAGYNEQF,1
TRBV20-1,TRBJ2-1,SASPRGGDSPP,2
TRBV20-1,TRBJ2-1,SASPRGGELGSYNEQF,3
TRBV20-1,TRBJ2-1,SASPRGGEQF,7
TRBV20-1,TRBJ2-1,SASPRGGEREGLPPNEQF,1
TRBV20-1,TRBJ2-1,SASPRGGEYYNEQF,1
TRBV20-1,TRBJ2-1,SASPRGGGEF,1
TRBV20-1,TRBJ2-1,SASPRGGGGYNEQF,1
TRBV20-1,TRBJ2-1,SASPRGGGLNEQF,1
TRBV20-1,TRBJ2-1,SASPRGGGLYNEQF,1
TRBV20-1,TRBJ2-1,SASPRGGGRYNEQF,1
TRBV20-1,TRBJ2-1,SASPRGGGSYNEQF,4
TRBV20-1,TRBJ2-1,SASPRGGGVYNEQF,1
TRBV20-1,TRBJ2-1,SASPRGGGYNEQF,1
TRBV20-1,TRBJ2-1,SASPRGGIYNEQF,1
TRBV20-1,TRBJ2-1,SASPRGGLAGGSSYNEQF,1
TRBV20-1,TRBJ2-1,SASPRGGLAGYNEQF,1
TRBV20-1,TRBJ2-1,SASPRGGLASYNEQF,1
TRBV20-1,TRBJ2-1,SASPRGGLSYNEQF,3
TRBV20-1,TRBJ2-1,SASPRGGNSYNEQF,1
TRBV20-1,TRBJ2-1,SASPRGGNYNEQF,1
TRBV20-1,TRBJ2-1,SASPRGGPENEQF,9
TRBV20-1,TRBJ2-1,SASPRGGPGYNEQF,1
TRBV20-1,TRBJ2-1,SASPRGGPNEQF,1
TRBV20-1,TRBJ2-1,SASPRGGPSYNEQF,2
TRBV20-1,TRBJ2-1,SASPRGGQAYNEQF,1
TRBV20-1,TRBJ2-1,SASPRGGRANEQF,1
TRBV20-1,TRBJ2-1,SASPRGGRASNEQF,1
TRBV20-1,TRBJ2-1,SASPRGGRASSYNEQF,2
TRBV20-1,TRBJ2-1,SASPRGGRAYNEQF,2
TRBV20-1,TRBJ2-1,SASPRGGRGQANEQF,5
TRBV20-1,TRBJ2-1,SASPRGGRIYNEQF,1
TRBV20-1,TRBJ2-1,SASPRGGRKNDEQF,1
TRBV20-1,TRBJ2-1,SASPRGGRNLGIYNEQF,1
TRBV20-1,TRBJ2-1,SASPRGGRSYNEQF,1
TRBV20-1,TRBJ2-1,SASPRGGRWGNEQF,1
TRBV20-1,TRBJ2-1,SASPRGGSGRPYNEQF,1
TRBV20-1,TRBJ2-1,SASPRGGSHEQF,1
TRBV20-1,TRBJ2-1,SASPRGGSLGSYNEQF,1
TRBV20-1,TRBJ2-1,SASPRGGSNEQF,1
TRBV20-1,TRBJ2-1,SASPRGGSSYNEQF,4
TRBV20-1,TRBJ2-1,SASPRGGSTSSYNEQF,2
TRBV20-1,TRBJ2-1,SASPRGGTLKNEQF,2
TRBV20-1,TRBJ2-1,SASPRGGTQPYNEQF,1
TRBV20-1,TRBJ2-1,SASPRGGVNEQF,1
TRBV20-1,TRBJ2-1,SASPRGGVSYNEQF,1
TRBV20-1,TRBJ2-1,SASPRGGWTYNEQF,1
TRBV20-1,TRBJ2-1,SASPRGGYNEQF,1
TRBV20-1,TRBJ2-1,SASPRGHLYDEQF,1
TRBV20-1,TRBJ2-1,SASPRGIANEQF,1
TRBV20-1,TRBJ2-1,SASPRGIIKNEQF,3
TRBV20-1,TRBJ2-1,SASPRGINEQF,1
TRBV20-1,TRBJ2-1,SASPRGIWDNEQF,1
TRBV20-1,TRBJ2-1,SASPRGIYNEQF,2
TRBV20-1,TRBJ2-1,SASPRGKGGYNEQF,1
TRBV20-1,TRBJ2-1,SASPRGKISYNEQF,1
TRBV20-1,TRBJ2-1,SASPRGKSYNEQF,2
TRBV20-1,TRBJ2-1,SASPRGKVDEQF,2
TRBV20-1,TRBJ2-1,SASPRGLADNEQF,1
TRBV20-1,TRBJ2-1,SASPRGLADYNEQF,1
TRBV20-1,TRBJ2-1,SASPRGLAFYNEQF,1
TRBV20-1,TRBJ2-1,SASPRGLAGAGNEQF,1
TRBV20-1,TRBJ2-1,SASPRGLAGDEQF,1
TRBV20-1,TRBJ2-1,SASPRGLAGGPGSYNEQF,1
TRBV20-1,TRBJ2-1,SASPRGLAGGQDNEQF,1
TRBV20-1,TRBJ2-1,SASPRGLAGGRPNEQF,1
TRBV20-1,TRBJ2-1,SASPRGLAGRGSSYNEQF,1
TRBV20-1,TRBJ2-1,SASPRGLAGVGYNEQF,1
TRBV20-1,TRBJ2-1,SASPRGLAGVWYNEQF,1
TRBV20-1,TRBJ2-1,SASPRGLAGYNEQF,1
TRBV20-1,TRBJ2-1,SASPRGLAINNEQF,1
TRBV20-1,TRBJ2-1,SASPRGLARVMNEQF,3
TRBV20-1,TRBJ2-1,SASPRGLASGRKNEQF,1
TRBV20-1,TRBJ2-1,SASPRGLASYNEQF,1
TRBV20-1,TRBJ2-1,SASPRGLAVYNEQF,1
TRBV20-1,TRBJ2-1,SASPRGLAYNEQF,3
TRBV20-1,TRBJ2-1,SASPRGLAYNEQI,1
TRBV20-1,TRBJ2-1,SASPRGLAYNERF,1
TRBV20-1,TRBJ2-1,SASPRGLHYNEQF,6
TRBV20-1,TRBJ2-1,SASPRGLPTNEQF,1
TRBV20-1,TRBJ2-1,SASPRGLPYNEQF,1
TRBV20-1,TRBJ2-1,SASPRGLSYNEQF,2
TRBV20-1,TRBJ2-1,SASPRGLTSYNEQF,1
TRBV20-1,TRBJ2-1,SASPRGLVTDEQF,1
TRBV20-1,TRBJ2-1,SASPRGLYNEQF,2
TRBV20-1,TRBJ2-1,SASPRGMANEQF,1
TRBV20-1,TRBJ2-1,SASPRGMNEQF,1
TRBV20-1,TRBJ2-1,SASPRGMSNEQF,1
TRBV20-1,TRBJ2-1,SASPRGMTYNEQF,1
TRBV20-1,TRBJ2-1,SASPRGNEQF,10
TRBV20-1,TRBJ2-1,SASPRGNFDEQF,1
TRBV20-1,TRBJ2-1,SASPRGNMNEQF,1
TRBV20-1,TRBJ2-1,SASPRGNNEQF,1
TRBV20-1,TRBJ2-1,SASPRGNSDNEQF,1
TRBV20-1,TRBJ2-1,SASPRGNSYNEQF,6
TRBV20-1,TRBJ2-1,SASPRGNYNEQF,2
TRBV20-1,TRBJ2-1,SASPRGPAYNEQF,1
TRBV20-1,TRBJ2-1,SASPRGPKDYNEQF,1
TRBV20-1,TRBJ2-1,SASPRGPLAGGDEQF,1
TRBV20-1,TRBJ2-1,SASPRGPLAPFYNEQF,1
TRBV20-1,TRBJ2-1,SASPRGPLFSYNEQF,1
TRBV20-1,TRBJ2-1,SASPRGPRSYNEQF,1
TRBV20-1,TRBJ2-1,SASPRGPSAHEQF,6
TRBV20-1,TRBJ2-1,SASPRGPSYNEQF,4
TRBV20-1,TRBJ2-1,SASPRGQDRGQGLAGPSSYNEQF,3
TRBV20-1,TRBJ2-1,SASPRGQGHNEQF,5
TRBV20-1,TRBJ2-1,SASPRGQGNEQF,1
TRBV20-1,TRBJ2-1,SASPRGQILYNEQF,1
TRBV20-1,TRBJ2-1,SASPRGQRAWNEQF,1
TRBV20-1,TRBJ2-1,SASPRGQSNNEQF,1
TRBV20-1,TRBJ2-1,SASPRGQVIYDEQF,2
TRBV20-1,TRBJ2-1,SASPRGQVYEQF,1
TRBV20-1,TRBJ2-1,SASPRGRAAFNEQF,1
TRBV20-1,TRBJ2-1,SASPRGRADYNEQF,1
TRBV20-1,TRBJ2-1,SASPRGRANEQF,1
TRBV20-1,TRBJ2-1,SASPRGRARPNEQF,1
TRBV20-1,TRBJ2-1,SASPRGRASTSNEQF,1
TRBV20-1,TRBJ2-1,SASPRGRAYEQF,1
TRBV20-1,TRBJ2-1,SASPRGRAYNEQF,3
TRBV20-1,TRBJ2-1,SASPRGRDEQF,1
TRBV20-1,TRBJ2-1,SASPRGREGLNEQF,28
TRBV20-1,TRBJ2-1,SASPRGREGLNVQF,1
TRBV20-1,TRBJ2-1,SASPRGREGPNEQF,1
TRBV20-1,TRBJ2-1,SASPRGREGVNEQF,1
TRBV20-1,TRBJ2-1,SASPRGRESLNEQF,1
TRBV20-1,TRBJ2-1,SASPRGREVLNEQF,1
TRBV20-1,TRBJ2-1,SASPRGRFYEQF,1
TRBV20-1,TRBJ2-1,SASPRGRGANEQF,1
TRBV20-1,TRBJ2-1,SASPRGRGDEQF,1
TRBV20-1,TRBJ2-1,SASPRGRGGGDEQF,1
TRBV20-1,TRBJ2-1,SASPRGRGGIDEQF,1
TRBV20-1,TRBJ2-1,SASPRGRGNEQF,1
TRBV20-1,TRBJ2-1,SASPRGRGYNEQF,2
TRBV20-1,TRBJ2-1,SASPRGRHGYNEQF,1
TRBV20-1,TRBJ2-1,SASPRGRLAGIYNEQF,1
TRBV20-1,TRBJ2-1,SASPRGRLRSSYNEQF,1
TRBV20-1,TRBJ2-1,SASPRGRNNEQF,1
TRBV20-1,TRBJ2-1,SASPRGRPIYNEQF,1
TRBV20-1,TRBJ2-1,SASPRGRPNEQF,2
TRBV20-1,TRBJ2-1,SASPRGRPTYNEQF,1
TRBV20-1,TRBJ2-1,SASPRGRPYNEQF,1
TRBV20-1,TRBJ2-1,SASPRGRRNEQF,1
TRBV20-1,TRBJ2-1,SASPRGRRVNEQF,1
TRBV20-1,TRBJ2-1,SASPRGRSGRVSYNEQF,5
TRBV20-1,TRBJ2-1,SASPRGRSSYNEQF,1
TRBV20-1,TRBJ2-1,SASPRGRTYNEQF,1
TRBV20-1,TRBJ2-1,SASPRGRVKRNEQF,1
TRBV20-1,TRBJ2-1,SASPRGRVNEQF,1
TRBV20-1,TRBJ2-1,SASPRGRVYEQF,1
TRBV20-1,TRBJ2-1,SASPRGRVYNEQF,4
TRBV20-1,TRBJ2-1,SASPRGRYSYNEQF,1
TRBV20-1,TRBJ2-1,SASPRGSAGYEQF,1
TRBV20-1,TRBJ2-1,SASPRGSAYNEQF,1
TRBV20-1,TRBJ2-1,SASPRGSFLDEQF,1
TRBV20-1,TRBJ2-1,SASPRGSFYNEQF,2
TRBV20-1,TRBJ2-1,SASPRGSGETEQF,1
TRBV20-1,TRBJ2-1,SASPRGSGRFNEQF,1
TRBV20-1,TRBJ2-1,SASPRGSGRSNEQF,1
TRBV20-1,TRBJ2-1,SASPRGSGRSYNEQF,1
TRBV20-1,TRBJ2-1,SASPRGSGTVYYNEQF,1
TRBV20-1,TRBJ2-1,SASPRGSGYNEQF,2
TRBV20-1,TRBJ2-1,SASPRGSHNEQF,1
TRBV20-1,TRBJ2-1,SASPRGSLSYNEQF,6
TRBV20-1,TRBJ2-1,SASPRGSQNNEQF,2
TRBV20-1,TRBJ2-1,SASPRGSRNEQF,1
TRBV20-1,TRBJ2-1,SASPRGSSYNEQF,8
TRBV20-1,TRBJ2-1,SASPRGSTSYNEQF,1
TRBV20-1,TRBJ2-1,SASPRGSYKEQF,1
TRBV20-1,TRBJ2-1,SASPRGSYNEQF,16
TRBV20-1,TRBJ2-1,SASPRGTEQF,9
TRBV20-1,TRBJ2-1,SASPRGTGKNYNEQF,1
TRBV20-1,TRBJ2-1,SASPRGTGNEQF,1
TRBV20-1,TRBJ2-1,SASPRGTGTDEQF,1
TRBV20-1,TRBJ2-1,SASPRGTLENTYNEQF,1
TRBV20-1,TRBJ2-1,SASPRGTPGYNEQF,1
TRBV20-1,TRBJ2-1,SASPRGTRGNEQF,1
TRBV20-1,TRBJ2-1,SASPRGTRSYNEQF,1
TRBV20-1,TRBJ2-1,SASPRGTSGISYNEQF,1
TRBV20-1,TRBJ2-1,SASPRGTSGPGLAYNEQF,1
TRBV20-1,TRBJ2-1,SASPRGTSYNEQF,1
TRBV20-1,TRBJ2-1,SASPRGTTYNEQF,1
TRBV20-1,TRBJ2-1,SASPRGTYNEQF,4
TRBV20-1,TRBJ2-1,SASPRGVAPNEQF,7
TRBV20-1,TRBJ2-1,SASPRGVGHEQF,1
TRBV20-1,TRBJ2-1,SASPRGVNEQF,4
TRBV20-1,TRBJ2-1,SASPRGVNKEQF,5
TRBV20-1,TRBJ2-1,SASPRGVTYNEQF,1
TRBV20-1,TRBJ2-1,SASPRGVYNEQF,3
TRBV20-1,TRBJ2-1,SASPRGWGEQF,2
TRBV20-1,TRBJ2-1,SASPRGWGVYNEQF,2
TRBV20-1,TRBJ2-1,SASPRGWNNEQF,1
TRBV20-1,TRBJ2-1,SASPRGWSLAEPYNEQF,1
TRBV20-1,TRBJ2-1,SASPRGYEQF,7
TRBV20-1,TRBJ2-1,SASPRGYNEQF,5
TRBV20-1,TRBJ2-1,SASPRGYSYNEQF,1
TRBV20-1,TRBJ2-1,SASPRHEQF,2
TRBV20-1,TRBJ2-1,SASPRHGSSYNEQF,1
TRBV20-1,TRBJ2-1,SASPRHGTSAYNEQF,1
TRBV20-1,TRBJ2-1,SASPRHQITNEQF,1
TRBV20-1,TRBJ2-1,SASPRHRYNEQF,1
TRBV20-1,TRBJ2-1,SASPRHSPYNEQF,1
TRBV20-1,TRBJ2-1,SASPRIAGSYNEQF,6
TRBV20-1,TRBJ2-1,SASPRIATGPYNEQF,1
TRBV20-1,TRBJ2-1,SASPRIAYNEQF,1
TRBV20-1,TRBJ2-1,SASPRIDEQF,1
TRBV20-1,TRBJ2-1,SASPRIFLNEQF,1
TRBV20-1,TRBJ2-1,SASPRIGLAGMGQF,26
TRBV20-1,TRBJ2-1,SASPRIGLSGMGQF,1
TRBV20-1,TRBJ2-1,SASPRIGRAGMGQF,2
TRBV20-1,TRBJ2-1,SASPRIGTSGYNEQF,1
TRBV20-1,TRBJ2-1,SASPRIHNEQF,1
TRBV20-1,TRBJ2-1,SASPRIHPNEQF,1
TRBV20-1,TRBJ2-1,SASPRINNEQF,2
TRBV20-1,TRBJ2-1,SASPRIPRGYNEQF,1
TRBV20-1,TRBJ2-1,SASPRIQRPGLYNEQF,1
TRBV20-1,TRBJ2-1,SASPRIRDANEQF,1
TRBV20-1,TRBJ2-1,SASPRIRSYNEQF,2
TRBV20-1,TRBJ2-1,SASPRISLRYEQF,1
TRBV20-1,TRBJ2-1,SASPRISYNEQF,4
TRBV20-1,TRBJ2-1,SASPRIYNEQF,3
TRBV20-1,TRBJ2-1,SASPRKALGAYNEQF,1
TRBV20-1,TRBJ2-1,SASPRKANEQF,5
TRBV20-1,TRBJ2-1,SASPRKASYNEQF,1
TRBV20-1,TRBJ2-1,SASPRKDRGYEQF,1
TRBV20-1,TRBJ2-1,SASPRKFSYNEQF,1
TRBV20-1,TRBJ2-1,SASPRKFYNEQF,1
TRBV20-1,TRBJ2-1,SASPRKGFVESSYNEQF,1
TRBV20-1,TRBJ2-1,SASPRKGGNEQF,1
TRBV20-1,TRBJ2-1,SASPRKGSYNEQF,1
TRBV20-1,TRBJ2-1,SASPRKGVTYNEQF,1
TRBV20-1,TRBJ2-1,SASPRKKVGNEQF,2
TRBV20-1,TRBJ2-1,SASPRKLPYNEQF,1
TRBV20-1,TRBJ2-1,SASPRKRTQVYNEQF,1
TRBV20-1,TRBJ2-1,SASPRKRTQVYNGQF,1
TRBV20-1,TRBJ2-1,SASPRKTSSYNEQF,1
TRBV20-1,TRBJ2-1,SASPRLAAWNEQF,1
TRBV20-1,TRBJ2-1,SASPRLAAYNEQF,11
TRBV20-1,TRBJ2-1,SASPRLAAYNVQF,1
TRBV20-1,TRBJ2-1,SASPRLADEQF,1
TRBV20-1,TRBJ2-1,SASPRLADTYNEQF,1
TRBV20-1,TRBJ2-1,SASPRLAEALNNEQF,1
TRBV20-1,TRBJ2-1,SASPRLAEDNEQF,1
TRBV20-1,TRBJ2-1,SASPRLAERRGGI,2
TRBV20-1,TRBJ2-1,SASPRLAESSYNEQF,1
TRBV20-1,TRBJ2-1,SASPRLAESYNEQF,1
TRBV20-1,TRBJ2-1,SASPRLAETSSSYNEQF,1
TRBV20-1,TRBJ2-1,SASPRLAGAKDEQF,4
TRBV20-1,TRBJ2-1,SASPRLAGANEQF,4
TRBV20-1,TRBJ2-1,SASPRLAGAYEQF,3
TRBV20-1,TRBJ2-1,SASPRLAGAYNEQF,8
TRBV20-1,TRBJ2-1,SASPRLAGDEQF,1
TRBV20-1,TRBJ2-1,SASPRLAGDNEQF,1
TRBV20-1,TRBJ2-1,SASPRLAGFTLSYNEQF,11
TRBV20-1,TRBJ2-1,SASPRLAGFTLSYSEQF,1
TRBV20-1,TRBJ2-1,SASPRLAGGARDEQF,1
TRBV20-1,TRBJ2-1,SASPRLAGGAYNEQF,1
TRBV20-1,TRBJ2-1,SASPRLAGGDNEQF,2
TRBV20-1,TRBJ2-1,SASPRLAGGEQF,6
TRBV20-1,TRBJ2-1,SASPRLAGGFYNEQF,1
TRBV20-1,TRBJ2-1,SASPRLAGGGNEQF,2
TRBV20-1,TRBJ2-1,SASPRLAGGIEQF,5
TRBV20-1,TRBJ2-1,SASPRLAGGLQF,1
TRBV20-1,TRBJ2-1,SASPRLAGGLYEQF,1
TRBV20-1,TRBJ2-1,SASPRLAGGNEQF,3
TRBV20-1,TRBJ2-1,SASPRLAGGPLLYNEQF,1
TRBV20-1,TRBJ2-1,SASPRLAGGPNEQF,3
TRBV20-1,TRBJ2-1,SASPRLAGGPRNEQF,1
TRBV20-1,TRBJ2-1,SASPRLAGGPWESYNEQF,1
TRBV20-1,TRBJ2-1,SASPRLAGGRWNEQF,1
TRBV20-1,TRBJ2-1,SASPRLAGGSYNEQF,1
TRBV20-1,TRBJ2-1,SASPRLAGGVHNEQF,1
TRBV20-1,TRBJ2-1,SASPRLAGGYYNEQF,5
TRBV20-1,TRBJ2-1,SASPRLAGHNEQF,1
TRBV20-1,TRBJ2-1,SASPRLAGKYNEQF,1
TRBV20-1,TRBJ2-1,SASPRLAGNEQF,1
TRBV20-1,TRBJ2-1,SASPRLAGNNEQF,1
TRBV20-1,TRBJ2-1,SASPRLAGNRYNEQF,1
TRBV20-1,TRBJ2-1,SASPRLAGNYNEQF,5
TRBV20-1,TRBJ2-1,SASPRLAGPYNEQF,3
TRBV20-1,TRBJ2-1,SASPRLAGRIYNEQF,1
TRBV20-1,TRBJ2-1,SASPRLAGSYNEQF,1
TRBV20-1,TRBJ2-1,SASPRLAGTRNEQF,1
TRBV20-1,TRBJ2-1,SASPRLAGTYNEQF,2
TRBV20-1,TRBJ2-1,SASPRLAGVDEQF,1
TRBV20-1,TRBJ2-1,SASPRLAGVFSYNEQF,1
TRBV20-1,TRBJ2-1,SASPRLAGVGSYNEQF,8
TRBV20-1,TRBJ2-1,SASPRLAGVGYNEQF,1
TRBV20-1,TRBJ2-1,SASPRLAGVLYEQF,1
TRBV20-1,TRBJ2-1,SASPRLAGVQDEQF,1
TRBV20-1,TRBJ2-1,SASPRLAGVTRSSYNEQF,1
TRBV20-1,TRBJ2-1,SASPRLAGVVNEQF,1
TRBV20-1,TRBJ2-1,SASPRLAGVVYNEQF,1
TRBV20-1,TRBJ2-1,SASPRLAGVYNEQF,2
TRBV20-1,TRBJ2-1,SASPRLAGYGDEQF,1
TRBV20-1,TRBJ2-1,SASPRLAGYYNEQF,1
TRBV20-1,TRBJ2-1,SASPRLAIYNEQF,1
TRBV20-1,TRBJ2-1,SASPRLALPYNEQF,1
TRBV20-1,TRBJ2-1,SASPRLALTYNEQF,1
TRBV20-1,TRBJ2-1,SASPRLANFYNEQF,1
TRBV20-1,TRBJ2-1,SASPRLANNEQF,1
TRBV20-1,TRBJ2-1,SASPRLAPYNEQF,13
TRBV20-1,TRBJ2-1,SASPRLARGNEQF,1
TRBV20-1,TRBJ2-1,SASPRLARNEQF,1
TRBV20-1,TRBJ2-1,SASPRLARRTNEQF,1
TRBV20-1,TRBJ2-1,SASPRLARSYNEQF,1
TRBV20-1,TRBJ2-1,SASPRLARYSSYNEQF,1
TRBV20-1,TRBJ2-1,SASPRLASSYNEQF,1
TRBV20-1,TRBJ2-1,SASPRLASYNEQF,2
TRBV20-1,TRBJ2-1,SASPRLAVSYNEQF,4
TRBV20-1,TRBJ2-1,SASPRLAVVRYNEQF,5
TRBV20-1,TRBJ2-1,SASPRLAWYNEQF,1
TRBV20-1,TRBJ2-1,SASPRLAYEQF,1
TRBV20-1,TRBJ2-1,SASPRLAYNEQF,3
TRBV20-1,TRBJ2-1,SASPRLDNEQF,1
TRBV20-1,TRBJ2-1,SASPRLEHEQF,1
TRBV20-1,TRBJ2-1,SASPRLEKYNEQF,1
TRBV20-1,TRBJ2-1,SASPRLEPNEQF,9
TRBV20-1,TRBJ2-1,SASPRLFSYNEQF,4
TRBV20-1,TRBJ2-1,SASPRLGDEQF,7
TRBV20-1,TRBJ2-1,SASPRLGDNEQF,1
TRBV20-1,TRBJ2-1,SASPRLGNEQF,1
TRBV20-1,TRBJ2-1,SASPRLGQAVHEQF,2
TRBV20-1,TRBJ2-1,SASPRLGRNEQF,1
TRBV20-1,TRBJ2-1,SASPRLGRYNEQF,2
TRBV20-1,TRBJ2-1,SASPRLGSSYNEQF,1
TRBV20-1,TRBJ2-1,SASPRLGSYNEQF,2
TRBV20-1,TRBJ2-1,SASPRLLADPYNEQF,1
TRBV20-1,TRBJ2-1,SASPRLLGDEQF,1
TRBV20-1,TRBJ2-1,SASPRLLYNEQF,3
TRBV20-1,TRBJ2-1,SASPRLNEQF,2
TRBV20-1,TRBJ2-1,SASPRLPGNNEQF,1
TRBV20-1,TRBJ2-1,SASPRLRESYNEQF,1
TRBV20-1,TRBJ2-1,SASPRLRNLGGGNEQF,1
TRBV20-1,TRBJ2-1,SASPRLSATRIRSSYNEQF,1
TRBV20-1,TRBJ2-1,SASPRLSIDNEQF,1
TRBV20-1,TRBJ2-1,SASPRLSNEQF,1
TRBV20-1,TRBJ2-1,SASPRLSRENEQF,9
TRBV20-1,TRBJ2-1,SASPRLSYNEQF,3
TRBV20-1,TRBJ2-1,SASPRLTGRFRNEQF,1
TRBV20-1,TRBJ2-1,SASPRLTTTNEQF,1
TRBV20-1,TRBJ2-1,SASPRLTYNEQF,2
TRBV20-1,TRBJ2-1,SASPRLVAEPNEQF,1
TRBV20-1,TRBJ2-1,SASPRLVAGVSSSYNEQF,1
TRBV20-1,TRBJ2-1,SASPRLVGYEQF,1
TRBV20-1,TRBJ2-1,SASPRLVSDEQF,1
TRBV20-1,TRBJ2-1,SASPRLVTYNEQF,1
TRBV20-1,TRBJ2-1,SASPRLWAGNEQF,1
TRBV20-1,TRBJ2-1,SASPRLYNEQF,1
TRBV20-1,TRBJ2-1,SASPRLYSSYNEQF,1
TRBV20-1,TRBJ2-1,SASPRMDEQF,1
TRBV20-1,TRBJ2-1,SASPRMGDVYNEQF,1
TRBV20-1,TRBJ2-1,SASPRMGGGYNEQF,4
TRBV20-1,TRBJ2-1,SASPRMGRISSYNEQF,1
TRBV20-1,TRBJ2-1,SASPRMPRTDTVFSYNEQF,1
TRBV20-1,TRBJ2-1,SASPRMRGYNEQF,1
TRBV20-1,TRBJ2-1,SASPRMRHNEQF,2
TRBV20-1,TRBJ2-1,SASPRNEQF,40
TRBV20-1,TRBJ2-1,SASPRNGLAGSNEQF,1
TRBV20-1,TRBJ2-1,SASPRNNEQF,30
TRBV20-1,TRBJ2-1,SASPRNNSYNEQF,1
TRBV20-1,TRBJ2-1,SASPRNPSYNEQF,1
TRBV20-1,TRBJ2-1,SASPRNSGRANEQF,1
TRBV20-1,TRBJ2-1,SASPRNSGRGDEQF,1
TRBV20-1,TRBJ2-1,SASPRNSYNEQF,3
TRBV20-1,TRBJ2-1,SASPRPASAYNEQF,1
TRBV20-1,TRBJ2-1,SASPRPASYNEQF,2
TRBV20-1,TRBJ2-1,SASPRPASYSEKF,1
TRBV20-1,TRBJ2-1,SASPRPDEQF,2
TRBV20-1,TRBJ2-1,SASPRPEGLGYEQF,1
TRBV20-1,TRBJ2-1,SASPRPENSNEQF,2
TRBV20-1,TRBJ2-1,SASPRPGGYNEQF,2
TRBV20-1,TRBJ2-1,SASPRPGLAGYNEQF,1
TRBV20-1,TRBJ2-1,SASPRPGTGHNEQF,2
TRBV20-1,TRBJ2-1,SASPRPGTGLSYNEQF,4
TRBV20-1,TRBJ2-1,SASPRPGYNEQF,2
TRBV20-1,TRBJ2-1,SASPRPKLAGANYNEQF,1
TRBV20-1,TRBJ2-1,SASPRPKSSYNEQF,1
TRBV20-1,TRBJ2-1,SASPRPLYNEQF,1
TRBV20-1,TRBJ2-1,SASPRPNEQF,5
TRBV20-1,TRBJ2-1,SASPRPPRGTHEQF,1
TRBV20-1,TRBJ2-1,SASPRPRDEQF,1
TRBV20-1,TRBJ2-1,SASPRPRGRNEQF,1
TRBV20-1,TRBJ2-1,SASPRPSGSANEQF,1
TRBV20-1,TRBJ2-1,SASPRPSMGEHF,1
TRBV20-1,TRBJ2-1,SASPRPSMGEQF,14
TRBV20-1,TRBJ2-1,SASPRPSNEQF,1
TRBV20-1,TRBJ2-1,SASPRPSSYNEQF,1
TRBV20-1,TRBJ2-1,SASPRPSVPYNEQF,1
TRBV20-1,TRBJ2-1,SASPRPSVYNEQF,1
TRBV20-1,TRBJ2-1,SASPRPSYNEQF,1
TRBV20-1,TRBJ2-1,SASPRPTYNEQF,1
TRBV20-1,TRBJ2-1,SASPRPVVARDEQF,1
TRBV20-1,TRBJ2-1,SASPRPWGSHNEQF,1
TRBV20-1,TRBJ2-1,SASPRPYNEQF,4
TRBV20-1,TRBJ2-1,SASPRQASSYNEQF,1
TRBV20-1,TRBJ2-1,SASPRQAVSSSYNEQF,1
TRBV20-1,TRBJ2-1,SASPRQGAAYNEQF,1
TRBV20-1,TRBJ2-1,SASPRQGAKNEQF,1
TRBV20-1,TRBJ2-1,SASPRQGALNEQF,4
TRBV20-1,TRBJ2-1,SASPRQGANYNEQF,6
TRBV20-1,TRBJ2-1,SASPRQGARNEQF,1
TRBV20-1,TRBJ2-1,SASPRQGASNEQF,1
TRBV20-1,TRBJ2-1,SASPRQGATSRYNEQF,1
TRBV20-1,TRBJ2-1,SASPRQGAVRRANNEQF,1
TRBV20-1,TRBJ2-1,SASPRQGAYNEQF,2
TRBV20-1,TRBJ2-1,SASPRQGGNEQF,1
TRBV20-1,TRBJ2-1,SASPRQGGSYNEQF,2
TRBV20-1,TRBJ2-1,SASPRQGGYNEQF,1
TRBV20-1,TRBJ2-1,SASPRQGINEQF,5
TRBV20-1,TRBJ2-1,SASPRQGLYNEQF,2
TRBV20-1,TRBJ2-1,SASPRQGQFYNEQF,1
TRBV20-1,TRBJ2-1,SASPRQGRNEQF,5
TRBV20-1,TRBJ2-1,SASPRQGRSYNEQF,2
TRBV20-1,TRBJ2-1,SASPRQGRVYNEQF,1
TRBV20-1,TRBJ2-1,SASPRQGRYNEQF,1
TRBV20-1,TRBJ2-1,SASPRQGSASNEQF,1
TRBV20-1,TRBJ2-1,SASPRQGSNEQF,1
TRBV20-1,TRBJ2-1,SASPRQGSSYNEQF,1
TRBV20-1,TRBJ2-1,SASPRQGSYNEQF,4
TRBV20-1,TRBJ2-1,SASPRQGTYNVQF,1
TRBV20-1,TRBJ2-1,SASPRQGVKTDNEQF,1
TRBV20-1,TRBJ2-1,SASPRQGVYNEQF,1
TRBV20-1,TRBJ2-1,SASPRQGWNEQF,1
TRBV20-1,TRBJ2-1,SASPRQGYNEQF,1
TRBV20-1,TRBJ2-1,SASPRQLDNEQF,7
TRBV20-1,TRBJ2-1,SASPRQNNEQF,1
TRBV20-1,TRBJ2-1,SASPRQPYNEQF,2
TRBV20-1,TRBJ2-1,SASPRQRLGNNEQF,1
TRBV20-1,TRBJ2-1,SASPRQRQYNEQF,1
TRBV20-1,TRBJ2-1,SASPRQRSSYNEQF,2
TRBV20-1,TRBJ2-1,SASPRQTASGVNEQF,1
TRBV20-1,TRBJ2-1,SASPRQVYNEQF,1
TRBV20-1,TRBJ2-1,SASPRRAAYNEQF,1
TRBV20-1,TRBJ2-1,SASPRRAGDNEQF,1
TRBV20-1,TRBJ2-1,SASPRRALVSEQF,1
TRBV20-1,TRBJ2-1,SASPRRANEQF,1
TRBV20-1,TRBJ2-1,SASPRRAQNEQF,1
TRBV20-1,TRBJ2-1,SASPRRASGPSNEQF,1
TRBV20-1,TRBJ2-1,SASPRRASGRPYNEQF,1
TRBV20-1,TRBJ2-1,SASPRRASSYNEQF,1
TRBV20-1,TRBJ2-1,SASPRRASYNEQF,1
TRBV20-1,TRBJ2-1,SASPRRATRSSPGGDEQF,1
TRBV20-1,TRBJ2-1,SASPRRAYNEQF,2
TRBV20-1,TRBJ2-1,SASPRRDEQF,3
TRBV20-1,TRBJ2-1,SASPRRDGSYEQF,4
TRBV20-1,TRBJ2-1,SASPRRDNNEQF,1
TRBV20-1,TRBJ2-1,SASPRRDPYNEQF,1
TRBV20-1,TRBJ2-1,SASPRRDRGRMSSYNEQF,1
TRBV20-1,TRBJ2-1,SASPRRDSTLNEQF,1
TRBV20-1,TRBJ2-1,SASPRRDSYNEQF,3
TRBV20-1,TRBJ2-1,SASPRRDYPPYNEQF,1
TRBV20-1,TRBJ2-1,SASPRREGRYNEQF,1
TRBV20-1,TRBJ2-1,SASPRRERGSYNEQF,1
TRBV20-1,TRBJ2-1,SASPRRERHNEQF,1
TRBV20-1,TRBJ2-1,SASPRRERYNEQF,1
TRBV20-1,TRBJ2-1,SASPRREYHNEQF,1
TRBV20-1,TRBJ2-1,SASPRRFGDNEQF,1
TRBV20-1,TRBJ2-1,SASPRRFNEQF,1
TRBV20-1,TRBJ2-1,SASPRRGAVNSYNEQF,1
TRBV20-1,TRBJ2-1,SASPRRGAYNEQF,1
TRBV20-1,TRBJ2-1,SASPRRGDNEQF,8
TRBV20-1,TRBJ2-1,SASPRRGDNGQF,1
TRBV20-1,TRBJ2-1,SASPRRGEQF,4
TRBV20-1,TRBJ2-1,SASPRRGEYNEQF,1
TRBV20-1,TRBJ2-1,SASPRRGGNEQF,2
TRBV20-1,TRBJ2-1,SASPRRGGPSYNEQF,2
TRBV20-1,TRBJ2-1,SASPRRGIQSYNEQF,1
TRBV20-1,TRBJ2-1,SASPRRGKDEQF,1
TRBV20-1,TRBJ2-1,SASPRRGKRDEQF,1
TRBV20-1,TRBJ2-1,SASPRRGLADNEQF,1
TRBV20-1,TRBJ2-1,SASPRRGLAGDSEQF,1
TRBV20-1,TRBJ2-1,SASPRRGQDEQF,1
TRBV20-1,TRBJ2-1,SASPRRGSSYNEQF,7
TRBV20-1,TRBJ2-1,SASPRRGSYNEQF,1
TRBV20-1,TRBJ2-1,SASPRRGVYNEQF,1
TRBV20-1,TRBJ2-1,SASPRRHEQF,1
TRBV20-1,TRBJ2-1,SASPRRIGRIDNEQF,1
TRBV20-1,TRBJ2-1,SASPRRKNRAYNEQF,1
TRBV20-1,TRBJ2-1,SASPRRLAAYNEQF,1
TRBV20-1,TRBJ2-1,SASPRRLAYNEQF,1
TRBV20-1,TRBJ2-1,SASPRRLPYNEQF,8
TRBV20-1,TRBJ2-1,SASPRRLVRNEQF,1
TRBV20-1,TRBJ2-1,SASPRRLYNEQF,5
TRBV20-1,TRBJ2-1,SASPRRMYSYNEQF,1
TRBV20-1,TRBJ2-1,SASPRRNEQF,5
TRBV20-1,TRBJ2-1,SASPRRNSYNEQF,1
TRBV20-1,TRBJ2-1,SASPRRPSNNEQF,1
TRBV20-1,TRBJ2-1,SASPRRQGGNEQF,4
TRBV20-1,TRBJ2-1,SASPRRQLLRSYNEQF,1
TRBV20-1,TRBJ2-1,SASPRRQLYNEQF,1
TRBV20-1,TRBJ2-1,SASPRRQSSYNEQF,3
TRBV20-1,TRBJ2-1,SASPRRRAGPYNEQF,1
TRBV20-1,TRBJ2-1,SASPRRRECLNEQF,1
TRBV20-1,TRBJ2-1,SASPRRREGRSYNEQF,1
TRBV20-1,TRBJ2-1,SASPRRREGRYYFYNEQF,1
TRBV20-1,TRBJ2-1,SASPRRRERSGGSYNEQF,1
TRBV20-1,TRBJ2-1,SASPRRRGSYNEQF,1
TRBV20-1,TRBJ2-1,SASPRRRIYNEQF,1
TRBV20-1,TRBJ2-1,SASPRRSDEQF,1
TRBV20-1,TRBJ2-1,SASPRRSNEQF,1
TRBV20-1,TRBJ2-1,SASPRRSPYNEQF,1
TRBV20-1,TRBJ2-1,SASPRRSSYNEQF,2
TRBV20-1,TRBJ2-1,SASPRRSYNEQF,5
TRBV20-1,TRBJ2-1,SASPRRTGYNEQF,4
TRBV20-1,TRBJ2-1,SASPRRTLTNEQF,1
TRBV20-1,TRBJ2-1,SASPRRTNEQF,1
TRBV20-1,TRBJ2-1,SASPRRTSGRWSSYNEQF,1
TRBV20-1,TRBJ2-1,SASPRRTSVYNEQF,1
TRBV20-1,TRBJ2-1,SASPRRVGVGYEQF,1
TRBV20-1,TRBJ2-1,SASPRRVNEQF,1
TRBV20-1,TRBJ2-1,SASPRRVSSYNEQF,1
TRBV20-1,TRBJ2-1,SASPRRVTYNEQF,1
TRBV20-1,TRBJ2-1,SASPRRYNEQF,3
TRBV20-1,TRBJ2-1,SASPRSAFSYNEQF,1
TRBV20-1,TRBJ2-1,SASPRSARGNEQF,1
TRBV20-1,TRBJ2-1,SASPRSASYNEQF,2
TRBV20-1,TRBJ2-1,SASPRSAYNEQF,1
TRBV20-1,TRBJ2-1,SASPRSDEQF,5
TRBV20-1,TRBJ2-1,SASPRSDNDQF,1
TRBV20-1,TRBJ2-1,SASPRSFTYNEQF,1
TRBV20-1,TRBJ2-1,SASPRSGAYNEQF,2
TRBV20-1,TRBJ2-1,SASPRSGGAYNEQF,1
TRBV20-1,TRBJ2-1,SASPRSGGLYNEQF,1
TRBV20-1,TRBJ2-1,SASPRSGGQYNEQF,2
TRBV20-1,TRBJ2-1,SASPRSGGSFYNEQF,1
TRBV20-1,TRBJ2-1,SASPRSGGSYNEQF,2
TRBV20-1,TRBJ2-1,SASPRSGLPQDYSEQF,1
TRBV20-1,TRBJ2-1,SASPRSGLPQNYNEQF,5
TRBV20-1,TRBJ2-1,SASPRSGPHNEQF,1
TRBV20-1,TRBJ2-1,SASPRSGQFYNEQF,1
TRBV20-1,TRBJ2-1,SASPRSGRAGNEQF,1
TRBV20-1,TRBJ2-1,SASPRSGRFDEQF,3
TRBV20-1,TRBJ2-1,SASPRSGRGANEQF,1
TRBV20-1,TRBJ2-1,SASPRSGRGINEQF,1
TRBV20-1,TRBJ2-1,SASPRSGRGYNEQF,1
TRBV20-1,TRBJ2-1,SASPRSGRHYNEQF,1
TRBV20-1,TRBJ2-1,SASPRSGRNYNEQF,3
TRBV20-1,TRBJ2-1,SASPRSGRRNEQF,1
TRBV20-1,TRBJ2-1,SASPRSGSRNEQF,1
TRBV20-1,TRBJ2-1,SASPRSGSRRDEQF,1
TRBV20-1,TRBJ2-1,SASPRSGSSYNEQF,3
TRBV20-1,TRBJ2-1,SASPRSGSYNEQF,3
TRBV20-1,TRBJ2-1,SASPRSGTNEQF,1
TRBV20-1,TRBJ2-1,SASPRSGTSINEQF,2
TRBV20-1,TRBJ2-1,SASPRSGTYNEQF,1
TRBV20-1,TRBJ2-1,SASPRSGYEQF,1
TRBV20-1,TRBJ2-1,SASPRSKRDEQF,5
TRBV20-1,TRBJ2-1,SASPRSLKTTYNEQF,1
TRBV20-1,TRBJ2-1,SASPRSLLHNEQF,1
TRBV20-1,TRBJ2-1,SASPRSLNEQF,5
TRBV20-1,TRBJ2-1,SASPRSLPSSGRPYNEQF,2
TRBV20-1,TRBJ2-1,SASPRSNEQF,3
TRBV20-1,TRBJ2-1,SASPRSPGTSGYNEQF,1
TRBV20-1,TRBJ2-1,SASPRSPGVYNEQF,1
TRBV20-1,TRBJ2-1,SASPRSPNEQF,1
TRBV20-1,TRBJ2-1,SASPRSRLATRYNEQF,1
TRBV20-1,TRBJ2-1,SASPRSRNEQF,1
TRBV20-1,TRBJ2-1,SASPRSRNNEQF,1
TRBV20-1,TRBJ2-1,SASPRSRPSYNEQF,1
TRBV20-1,TRBJ2-1,SASPRSSAYDEQF,1
TRBV20-1,TRBJ2-1,SASPRSSAYNEQF,13
TRBV20-1,TRBJ2-1,SASPRSSGAGNEQF,6
TRBV20-1,TRBJ2-1,SASPRSSGFYNEQF,1
TRBV20-1,TRBJ2-1,SASPRSSGGSNEQF,1
TRBV20-1,TRBJ2-1,SASPRSSGRYNEQF,1
TRBV20-1,TRBJ2-1,SASPRSSPNEQF,1
TRBV20-1,TRBJ2-1,SASPRSSSSYNEQF,3
TRBV20-1,TRBJ2-1,SASPRSSSYNEQF,4
TRBV20-1,TRBJ2-1,SASPRSSYNEQF,31
TRBV20-1,TRBJ2-1,SASPRSVFSYNEQF,1
TRBV20-1,TRBJ2-1,SASPRSYNEQF,15
TRBV20-1,TRBJ2-1,SASPRTAATYNEQF,1
TRBV20-1,TRBJ2-1,SASPRTAAYNEQF,1
TRBV20-1,TRBJ2-1,SASPRTACYNEQF,1
TRBV20-1,TRBJ2-1,SASPRTAFYNEQF,1
TRBV20-1,TRBJ2-1,SASPRTALYNEQF,1
TRBV20-1,TRBJ2-1,SASPRTANNEQF,1
TRBV20-1,TRBJ2-1,SASPRTASDNEQF,2
TRBV20-1,TRBJ2-1,SASPRTASYDEQF,2
TRBV20-1,TRBJ2-1,SASPRTASYHVHF,1
TRBV20-1,TRBJ2-1,SASPRTASYIEQF,1
TRBV20-1,TRBJ2-1,SASPRTASYKEQF,2
TRBV20-1,TRBJ2-1,SASPRTASYNDQF,2
TRBV20-1,TRBJ2-1,SASPRTASYNEQF,125
TRBV20-1,TRBJ2-1,SASPRTASYNEQL,1
TRBV20-1,TRBJ2-1,SASPRTASYNEQS,1
TRBV20-1,TRBJ2-1,SASPRTASYNERF,1
TRBV20-1,TRBJ2-1,SASPRTASYNGQF,1
TRBV20-1,TRBJ2-1,SASPRTATDREQF,1
TRBV20-1,TRBJ2-1,SASPRTAVYEQF,2
TRBV20-1,TRBJ2-1,SASPRTAYNEQF,1
TRBV20-1,TRBJ2-1,SASPRTAYQYNEQF,1
TRBV20-1,TRBJ2-1,SASPRTDGGNEQF,1
TRBV20-1,TRBJ2-1,SASPRTDGYNEQF,1
TRBV20-1,TRBJ2-1,SASPRTDQSYNEQF,1
TRBV20-1,TRBJ2-1,SASPRTESYNEQF,1
TRBV20-1,TRBJ2-1,SASPRTETYNEQF,1
TRBV20-1,TRBJ2-1,SASPRTFLLANEQF,1
TRBV20-1,TRBJ2-1,SASPRTGAGYNEQF,7
TRBV20-1,TRBJ2-1,SASPRTGAHYNEQF,2
TRBV20-1,TRBJ2-1,SASPRTGANNEQF,1
TRBV20-1,TRBJ2-1,SASPRTGAWNEQF,2
TRBV20-1,TRBJ2-1,SASPRTGAYNEQF,2
TRBV20-1,TRBJ2-1,SASPRTGDSYNEQF,1
TRBV20-1,TRBJ2-1,SASPRTGEDNEQF,1
TRBV20-1,TRBJ2-1,SASPRTGFGYNEQF,1
TRBV20-1,TRBJ2-1,SASPRTGGFNEQF,1
TRBV20-1,TRBJ2-1,SASPRTGGGWNEQF,1
TRBV20-1,TRBJ2-1,SASPRTGGNEQF,1
TRBV20-1,TRBJ2-1,SASPRTGGRYEQF,1
TRBV20-1,TRBJ2-1,SASPRTGGSHNEQF,1
TRBV20-1,TRBJ2-1,SASPRTGGSYNEQF,1
TRBV20-1,TRBJ2-1,SASPRTGGYNEQF,2
TRBV20-1,TRBJ2-1,SASPRTGIYNEQF,1
TRBV20-1,TRBJ2-1,SASPRTGKNEQF,1
TRBV20-1,TRBJ2-1,SASPRTGKTYNEQF,2
TRBV20-1,TRBJ2-1,SASPRTGPRYNEQF,4
TRBV20-1,TRBJ2-1,SASPRTGRDEQF,1
TRBV20-1,TRBJ2-1,SASPRTGRNEQF,1
TRBV20-1,TRBJ2-1,SASPRTGSSYNEQF,4
TRBV20-1,TRBJ2-1,SASPRTGTSWDEQF,1
TRBV20-1,TRBJ2-1,SASPRTGVAYNEQF,3
TRBV20-1,TRBJ2-1,SASPRTGVGYNEQF,1
TRBV20-1,TRBJ2-1,SASPRTGVNEQF,1
TRBV20-1,TRBJ2-1,SASPRTGVSNEQF,1
TRBV20-1,TRBJ2-1,SASPRTGVYNEQF,1
TRBV20-1,TRBJ2-1,SASPRTGWGYNEQF,3
TRBV20-1,TRBJ2-1,SASPRTGWTYNEQF,1
TRBV20-1,TRBJ2-1,SASPRTGYNEQF,3
TRBV20-1,TRBJ2-1,SASPRTHNEQF,1
TRBV20-1,TRBJ2-1,SASPRTINNEQF,1
TRBV20-1,TRBJ2-1,SASPRTISSYNEQF,1
TRBV20-1,TRBJ2-1,SASPRTLIYNEQF,1
TRBV20-1,TRBJ2-1,SASPRTLLYEQF,1
TRBV20-1,TRBJ2-1,SASPRTLTYNEQF,1
TRBV20-1,TRBJ2-1,SASPRTNGYSSYNEQF,1
TRBV20-1,TRBJ2-1,SASPRTNLKNEQF,1
TRBV20-1,TRBJ2-1,SASPRTNLVSYNEQF,1
TRBV20-1,TRBJ2-1,SASPRTNNEQF,1
TRBV20-1,TRBJ2-1,SASPRTNRVYNEQF,1
TRBV20-1,TRBJ2-1,SASPRTNYNEQF,1
TRBV20-1,TRBJ2-1,SASPRTPAGGHEQF,1
TRBV20-1,TRBJ2-1,SASPRTPNEQF,1
TRBV20-1,TRBJ2-1,SASPRTPSSYNEQF,1
TRBV20-1,TRBJ2-1,SASPRTPSYNEQF,1
TRBV20-1,TRBJ2-1,SASPRTRAGDEQF,1
TRBV20-1,TRBJ2-1,SASPRTRAYNEQF,2
TRBV20-1,TRBJ2-1,SASPRTRGHNEQF,1
TRBV20-1,TRBJ2-1,SASPRTRGPHNEQF,1
TRBV20-1,TRBJ2-1,SASPRTRGYNEQF,1
TRBV20-1,TRBJ2-1,SASPRTRKVDEQF,1
TRBV20-1,TRBJ2-1,SASPRTRNEQF,1
TRBV20-1,TRBJ2-1,SASPRTRPIHEQF,1
TRBV20-1,TRBJ2-1,SASPRTRSSYNEQF,1
TRBV20-1,TRBJ2-1,SASPRTRVNEQF,1
TRBV20-1,TRBJ2-1,SASPRTRVVNEQF,1
TRBV20-1,TRBJ2-1,SASPRTRVYNEQF,1
TRBV20-1,TRBJ2-1,SASPRTRYNEQF,1
TRBV20-1,TRBJ2-1,SASPRTSALDNEQF,1
TRBV20-1,TRBJ2-1,SASPRTSANEQF,1
TRBV20-1,TRBJ2-1,SASPRTSASYNEQF,1
TRBV20-1,TRBJ2-1,SASPRTSATYNEQF,1
TRBV20-1,TRBJ2-1,SASPRTSAWYEQF,1
TRBV20-1,TRBJ2-1,SASPRTSAYNEQF,1
TRBV20-1,TRBJ2-1,SASPRTSENNEQF,1
TRBV20-1,TRBJ2-1,SASPRTSEPYNEQF,3
TRBV20-1,TRBJ2-1,SASPRTSEYNEQF,1
TRBV20-1,TRBJ2-1,SASPRTSGAYNEQF,1
TRBV20-1,TRBJ2-1,SASPRTSGEYNEQF,1
TRBV20-1,TRBJ2-1,SASPRTSGFSSYNEQF,1
TRBV20-1,TRBJ2-1,SASPRTSGFYNEQF,1
TRBV20-1,TRBJ2-1,SASPRTSGGAYSYNEQF,1
TRBV20-1,TRBJ2-1,SASPRTSGGNEQF,1
TRBV20-1,TRBJ2-1,SASPRTSGGPRNEQF,2
TRBV20-1,TRBJ2-1,SASPRTSGGRDEQF,1
TRBV20-1,TRBJ2-1,SASPRTSGGYNEQF,2
TRBV20-1,TRBJ2-1,SASPRTSGLDEQF,1
TRBV20-1,TRBJ2-1,SASPRTSGLYNEQF,1
TRBV20-1,TRBJ2-1,SASPRTSGMGYNEQF,1
TRBV20-1,TRBJ2-1,SASPRTSGNEQF,6
TRBV20-1,TRBJ2-1,SASPRTSGNFNEQF,1
TRBV20-1,TRBJ2-1,SASPRTSGNNEQF,3
TRBV20-1,TRBJ2-1,SASPRTSGPAYNEQF,1
TRBV20-1,TRBJ2-1,SASPRTSGPSFGYNEQF,1
TRBV20-1,TRBJ2-1,SASPRTSGPSYNEQF,1
TRBV20-1,TRBJ2-1,SASPRTSGPYNEQF,1
TRBV20-1,TRBJ2-1,SASPRTSGRAAEF,4
TRBV20-1,TRBJ2-1,SASPRTSGRAANEQF,1
TRBV20-1,TRBJ2-1,SASPRTSGRAGQSGSYNEQF,1
TRBV20-1,TRBJ2-1,SASPRTSGRAGTYNEQF,11
TRBV20-1,TRBJ2-1,SASPRTSGRAGTYTEQF,1
TRBV20-1,TRBJ2-1,SASPRTSGRAINEQF,1
TRBV20-1,TRBJ2-1,SASPRTSGRAYEQF,1
TRBV20-1,TRBJ2-1,SASPRTSGRDYNEQF,101
TRBV20-1,TRBJ2-1,SASPRTSGRDYNEQV,1
TRBV20-1,TRBJ2-1,SASPRTSGRIDEQF,1
TRBV20-1,TRBJ2-1,SASPRTSGRNDEQF,1
TRBV20-1,TRBJ2-1,SASPRTSGRSIDEQF,1
TRBV20-1,TRBJ2-1,SASPRTSGRTDEQF,2
TRBV20-1,TRBJ2-1,SASPRTSGRTLTYNEQF,4
TRBV20-1,TRBJ2-1,SASPRTSGRTSSSYNEQF,1
TRBV20-1,TRBJ2-1,SASPRTSGRYEQF,9
TRBV20-1,TRBJ2-1,SASPRTSGSDYNEQF,1
TRBV20-1,TRBJ2-1,SASPRTSGSFDEQF,1
TRBV20-1,TRBJ2-1,SASPRTSGSGNEQF,6
TRBV20-1,TRBJ2-1,SASPRTSGSIDEQF,1
TRBV20-1,TRBJ2-1,SASPRTSGSILHEQF,1
TRBV20-1,TRBJ2-1,SASPRTSGSLYEQF,1
TRBV20-1,TRBJ2-1,SASPRTSGSLYNEQF,1
TRBV20-1,TRBJ2-1,SASPRTSGSRYEQF,1
TRBV20-1,TRBJ2-1,SASPRTSGSSYNEQF,1
TRBV20-1,TRBJ2-1,SASPRTSGSTYNEQF,1
TRBV20-1,TRBJ2-1,SASPRTSGSVWNEQF,8
TRBV20-1,TRBJ2-1,SASPRTSGSYDEQF,1
TRBV20-1,TRBJ2-1,SASPRTSGSYEQF,2
TRBV20-1,TRBJ2-1,SASPRTSGSYNEQF,6
TRBV20-1,TRBJ2-1,SASPRTSGTDEQF,2
TRBV20-1,TRBJ2-1,SASPRTSGTDNEQF,1
TRBV20-1,TRBJ2-1,SASPRTSGTDYNEQF,1
TRBV20-1,TRBJ2-1,SASPRTSGTNEQF,1
TRBV20-1,TRBJ2-1,SASPRTSGTYNEQF,1
TRBV20-1,TRBJ2-1,SASPRTSGVGNEQF,1
TRBV20-1,TRBJ2-1,SASPRTSGVYEQF,1
TRBV20-1,TRBJ2-1,SASPRTSGYNEQF,3
TRBV20-1,TRBJ2-1,SASPRTSGYSSYNEQF,7
TRBV20-1,TRBJ2-1,SASPRTSLNEQF,1
TRBV20-1,TRBJ2-1,SASPRTSNNEQF,1
TRBV20-1,TRBJ2-1,SASPRTSRSYNEQF,2
TRBV20-1,TRBJ2-1,SASPRTSSSYNEQF,1
TRBV20-1,TRBJ2-1,SASPRTSSYNEQF,1
TRBV20-1,TRBJ2-1,SASPRTSVKDEQF,1
TRBV20-1,TRBJ2-1,SASPRTSVTYNEQF,2
TRBV20-1,TRBJ2-1,SASPRTSVYYNEQF,1
TRBV20-1,TRBJ2-1,SASPRTSYNEQF,3
TRBV20-1,TRBJ2-1,SASPRTTNEQF,1
TRBV20-1,TRBJ2-1,SASPRTTSGRYNEQF,5
TRBV20-1,TRBJ2-1,SASPRTTSYNEQF,1
TRBV20-1,TRBJ2-1,SASPRTVIYNEQF,1
TRBV20-1,TRBJ2-1,SASPRTVNEQF,1
TRBV20-1,TRBJ2-1,SASPRTVSSYNEQF,1
TRBV20-1,TRBJ2-1,SASPRTVSYNEQF,1
TRBV20-1,TRBJ2-1,SASPRTWGLAPDEQF,1
TRBV20-1,TRBJ2-1,SASPRTWGNEQF,1
TRBV20-1,TRBJ2-1,SASPRTYNEQF,4
TRBV20-1,TRBJ2-1,SASPRVAAYNEQF,3
TRBV20-1,TRBJ2-1,SASPRVAESYNEQF,1
TRBV20-1,TRBJ2-1,SASPRVAGDHEQF,1
TRBV20-1,TRBJ2-1,SASPRVAGIYNEQF,1
TRBV20-1,TRBJ2-1,SASPRVAGTYNEQF,1
TRBV20-1,TRBJ2-1,SASPRVAGWNDEQF,10
TRBV20-1,TRBJ2-1,SASPRVAGWSDEQF,1
TRBV20-1,TRBJ2-1,SASPRVALSYNEQF,1
TRBV20-1,TRBJ2-1,SASPRVAVNNEQF,1
TRBV20-1,TRBJ2-1,SASPRVAYNEQF,2
TRBV20-1,TRBJ2-1,SASPRVDEQF,2
TRBV20-1,TRBJ2-1,SASPRVDPNNEQF,6
TRBV20-1,TRBJ2-1,SASPRVEQF,1
TRBV20-1,TRBJ2-1,SASPRVERNEQF,1
TRBV20-1,TRBJ2-1,SASPRVERSYNEQF,1
TRBV20-1,TRBJ2-1,SASPRVFDNEQF,1
TRBV20-1,TRBJ2-1,SASPRVFSNEQF,1
TRBV20-1,TRBJ2-1,SASPRVGAYNEQF,5
TRBV20-1,TRBJ2-1,SASPRVGGRYNEQF,1
TRBV20-1,TRBJ2-1,SASPRVGRSSYNEQF,1
TRBV20-1,TRBJ2-1,SASPRVGSFGQPILYNEQF,2
TRBV20-1,TRBJ2-1,SASPRVGSYNEQF,1
TRBV20-1,TRBJ2-1,SASPRVGVKKKYNEQF,2
TRBV20-1,TRBJ2-1,SASPRVGWNEQF,1
TRBV20-1,TRBJ2-1,SASPRVGYNEQF,1
TRBV20-1,TRBJ2-1,SASPRVHEQF,1
TRBV20-1,TRBJ2-1,SASPRVIFSRTSGGVNNEQF,1
TRBV20-1,TRBJ2-1,SASPRVISYNEQF,2
TRBV20-1,TRBJ2-1,SASPRVLEVSWNNEQF,1
TRBV20-1,TRBJ2-1,SASPRVLSNEQF,5
TRBV20-1,TRBJ2-1,SASPRVLSSGGYYEQF,1
TRBV20-1,TRBJ2-1,SASPRVLSYNEQF,1
TRBV20-1,TRBJ2-1,SASPRVLYNEQF,1
TRBV20-1,TRBJ2-1,SASPRVNEQF,1
TRBV20-1,TRBJ2-1,SASPRVNYNEQF,1
TRBV20-1,TRBJ2-1,SASPRVPRSDEQF,2
TRBV20-1,TRBJ2-1,SASPRVPVWNEQF,2
TRBV20-1,TRBJ2-1,SASPRVPYNEQF,1
TRBV20-1,TRBJ2-1,SASPRVQGRGGYYNEQF,1
TRBV20-1,TRBJ2-1,SASPRVRDNEQF,1
TRBV20-1,TRBJ2-1,SASPRVSGGNEQF,1
TRBV20-1,TRBJ2-1,SASPRVSLNNEQF,1
TRBV20-1,TRBJ2-1,SASPRVSNEQF,1
TRBV20-1,TRBJ2-1,SASPRVSSYNEQF,6
TRBV20-1,TRBJ2-1,SASPRVSYNEQF,5
TRBV20-1,TRBJ2-1,SASPRVTGAGNEQF,1
TRBV20-1,TRBJ2-1,SASPRVVFTNEQF,1
TRBV20-1,TRBJ2-1,SASPRVVNYNEQF,1
TRBV20-1,TRBJ2-1,SASPRVVYNEQF,1
TRBV20-1,TRBJ2-1,SASPRVWTGTYNEQF,1
TRBV20-1,TRBJ2-1,SASPRVYEQF,1
TRBV20-1,TRBJ2-1,SASPRVYNEQF,3
TRBV20-1,TRBJ2-1,SASPRVYSYNEQF,1
TRBV20-1,TRBJ2-1,SASPRWDEQF,1
TRBV20-1,TRBJ2-1,SASPRWDSYNEQF,2
TRBV20-1,TRBJ2-1,SASPRWGAKSYNEQF,1
TRBV20-1,TRBJ2-1,SASPRWGNEQF,1
TRBV20-1,TRBJ2-1,SASPRWGRLAGFYRNEQF,1
TRBV20-1,TRBJ2-1,SASPRWGWQF,2
TRBV20-1,TRBJ2-1,SASPRWIAEEYNEQF,1
TRBV20-1,TRBJ2-1,SASPRWKLAGGHNEQF,5
TRBV20-1,TRBJ2-1,SASPRWLAGGYSYNEQF,1
TRBV20-1,TRBJ2-1,SASPRWLWNEQF,1
TRBV20-1,TRBJ2-1,SASPRWQPGINEQF,1
TRBV20-1,TRBJ2-1,SASPRWRSYNEQF,1
TRBV20-1,TRBJ2-1,SASPRWTSGYNEQF,1
TRBV20-1,TRBJ2-1,SASPRYDEQF,4
TRBV20-1,TRBJ2-1,SASPRYEQF,1
TRBV20-1,TRBJ2-1,SASPRYGGPVLNEQF,1
TRBV20-1,TRBJ2-1,SASPRYGRPPRSGYNEQF,1
TRBV20-1,TRBJ2-1,SASPRYNEKS,1
TRBV20-1,TRBJ2-1,SASPRYNEQF,20
TRBV20-1,TRBJ2-1,SASPRYSYNEQF,3
TRBV20-1,TRBJ2-1,SASPSAAGIYNEQF,1
TRBV20-1,TRBJ2-1,SASPSAALPPYYNEQF,8
TRBV20-1,TRBJ2-1,SASPSAASSYNEQF,1
TRBV20-1,TRBJ2-1,SASPSAAYNEQF,1
TRBV20-1,TRBJ2-1,SASPSADEQF,1
TRBV20-1,TRBJ2-1,SASPSADSYNEQF,1
TRBV20-1,TRBJ2-1,SASPSAEAYNEQF,3
TRBV20-1,TRBJ2-1,SASPSAEGVPYNEQF,1
TRBV20-1,TRBJ2-1,SASPSAEQF,4
TRBV20-1,TRBJ2-1,SASPSAFSYNEQF,1
TRBV20-1,TRBJ2-1,SASPSAFYNEQF,1
TRBV20-1,TRBJ2-1,SASPSAGAPYNEQF,1
TRBV20-1,TRBJ2-1,SASPSAGARDEQF,1
TRBV20-1,TRBJ2-1,SASPSAGEQF,2
TRBV20-1,TRBJ2-1,SASPSAGGFNEQF,2
TRBV20-1,TRBJ2-1,SASPSAGGGNEQF,2
TRBV20-1,TRBJ2-1,SASPSAGGPDEQF,1
TRBV20-1,TRBJ2-1,SASPSAGGRNEQF,1
TRBV20-1,TRBJ2-1,SASPSAGGSYNEQF,1
TRBV20-1,TRBJ2-1,SASPSAGGTILQF,1
TRBV20-1,TRBJ2-1,SASPSAGGTLLQF,27
TRBV20-1,TRBJ2-1,SASPSAGGTRLQF,1
TRBV20-1,TRBJ2-1,SASPSAGGYNEQF,1
TRBV20-1,TRBJ2-1,SASPSAGLAAYNEQF,1
TRBV20-1,TRBJ2-1,SASPSAGLAVNEQF,1
TRBV20-1,TRBJ2-1,SASPSAGLGPNEQF,1
TRBV20-1,TRBJ2-1,SASPSAGLYNEQF,1
TRBV20-1,TRBJ2-1,SASPSAGNEQF,1
TRBV20-1,TRBJ2-1,SASPSAGQYNEQF,1
TRBV20-1,TRBJ2-1,SASPSAGRSSYNEQF,1
TRBV20-1,TRBJ2-1,SASPSAGSAYNEQF,3
TRBV20-1,TRBJ2-1,SASPSAGSYNEQF,3
TRBV20-1,TRBJ2-1,SASPSAGTYNEQF,1
TRBV20-1,TRBJ2-1,SASPSAGVLDEQF,1
TRBV20-1,TRBJ2-1,SASPSAGVTLLQF,1
TRBV20-1,TRBJ2-1,SASPSAGVVDEQF,1
TRBV20-1,TRBJ2-1,SASPSAHNEQF,2
TRBV20-1,TRBJ2-1,SASPSAHSNEQF,1
TRBV20-1,TRBJ2-1,SASPSAIYYNEQF,1
TRBV20-1,TRBJ2-1,SASPSALDNEQF,1
TRBV20-1,TRBJ2-1,SASPSANEQF,4
TRBV20-1,TRBJ2-1,SASPSANSYNEQF,1
TRBV20-1,TRBJ2-1,SASPSAPLNNEQF,1
TRBV20-1,TRBJ2-1,SASPSAPYNEQF,9
TRBV20-1,TRBJ2-1,SASPSAQHGDEQF,1
TRBV20-1,TRBJ2-1,SASPSARLTNEQF,1
TRBV20-1,TRBJ2-1,SASPSARSSYNEQF,1
TRBV20-1,TRBJ2-1,SASPSARTSGSSYNEQF,1
TRBV20-1,TRBJ2-1,SASPSASGGRDEQF,1
TRBV20-1,TRBJ2-1,SASPSASGNEQF,1
TRBV20-1,TRBJ2-1,SASPSASGRIYNEQF,1
TRBV20-1,TRBJ2-1,SASPSASGVYNEQF,1
TRBV20-1,TRBJ2-1,SASPSASGYNEQF,2
TRBV20-1,TRBJ2-1,SASPSASHYNEQF,4
TRBV20-1,TRBJ2-1,SASPSASQF,8
TRBV20-1,TRBJ2-1,SASPSASSYNEQF,4
TRBV20-1,TRBJ2-1,SASPSASYNEQF,3
TRBV20-1,TRBJ2-1,SASPSATPYNEQF,1
TRBV20-1,TRBJ2-1,SASPSAVKNNEQF,1
TRBV20-1,TRBJ2-1,SASPSAVYNEQF,1
TRBV20-1,TRBJ2-1,SASPSAYHEHF,1
TRBV20-1,TRBJ2-1,SASPSAYNEQF,8
TRBV20-1,TRBJ2-1,SASPSDDSRSWSYNEQF,3
TRBV20-1,TRBJ2-1,SASPSDEQF,3
TRBV20-1,TRBJ2-1,SASPSDGLGGNEQF,2
TRBV20-1,TRBJ2-1,SASPSDGSYNEQF,1
TRBV20-1,TRBJ2-1,SASPSDLFGSYNEQF,1
TRBV20-1,TRBJ2-1,SASPSDNEQF,2
TRBV20-1,TRBJ2-1,SASPSDPYNEQF,2
TRBV20-1,TRBJ2-1,SASPSDRGRTYNEQF,1
TRBV20-1,TRBJ2-1,SASPSDRGSYNEQF,1
TRBV20-1,TRBJ2-1,SASPSDRSSYNEQF,1
TRBV20-1,TRBJ2-1,SASPSDRSYNEQF,2
TRBV20-1,TRBJ2-1,SASPSDRVGNEQF,1
TRBV20-1,TRBJ2-1,SASPSDRVQF,1
TRBV20-1,TRBJ2-1,SASPSDRVSYNEQF,2
TRBV20-1,TRBJ2-1,SASPSDSSYNEQF,5
TRBV20-1,TRBJ2-1,SASPSDSSYNEQL,1
TRBV20-1,TRBJ2-1,SASPSDSYNEQF,3
TRBV20-1,TRBJ2-1,SASPSDWDFNEQF,1
TRBV20-1,TRBJ2-1,SASPSDYHNEQF,1
TRBV20-1,TRBJ2-1,SASPSDYIYNEQF,16
TRBV20-1,TRBJ2-1,SASPSDYNEQF,1
TRBV20-1,TRBJ2-1,SASPSDYNNEQF,1
TRBV20-1,TRBJ2-1,SASPSDYPNNEQF,1
TRBV20-1,TRBJ2-1,SASPSDYQNNEQF,3
TRBV20-1,TRBJ2-1,SASPSDYSINEQF,1
TRBV20-1,TRBJ2-1,SASPSDYSSKEQF,1
TRBV20-1,TRBJ2-1,SASPSDYSYNEQF,13
TRBV20-1,TRBJ2-1,SASPSDYYNEQF,1
TRBV20-1,TRBJ2-1,SASPSDYYNNEQF,6
TRBV20-1,TRBJ2-1,SASPSEAAGGWDEQF,1
TRBV20-1,TRBJ2-1,SASPSEAGMNNEQF,1
TRBV20-1,TRBJ2-1,SASPSEDYFYNEQF,1
TRBV20-1,TRBJ2-1,SASPSEDYYNEQF,1
TRBV20-1,TRBJ2-1,SASPSEEYFRNEQF,4
TRBV20-1,TRBJ2-1,SASPSEGASSYNEQF,1
TRBV20-1,TRBJ2-1,SASPSEGFNEQF,1
TRBV20-1,TRBJ2-1,SASPSEGGPRNEQF,1
TRBV20-1,TRBJ2-1,SASPSEGGTLLQF,1
TRBV20-1,TRBJ2-1,SASPSEGRSYNEQF,1
TRBV20-1,TRBJ2-1,SASPSEPYNEQF,3
TRBV20-1,TRBJ2-1,SASPSEQF,3
TRBV20-1,TRBJ2-1,SASPSERDRYNEQF,1
TRBV20-1,TRBJ2-1,SASPSERLAGGNEQF,1
TRBV20-1,TRBJ2-1,SASPSERPYNEQF,6
TRBV20-1,TRBJ2-1,SASPSERVFYNEQF,1
TRBV20-1,TRBJ2-1,SASPSESSYNEQF,1
TRBV20-1,TRBJ2-1,SASPSETSSYNEQF,2
TRBV20-1,TRBJ2-1,SASPSETYNEQF,1
TRBV20-1,TRBJ2-1,SASPSEVGPNEQF,1
TRBV20-1,TRBJ2-1,SASPSEYYNEQF,1
TRBV20-1,TRBJ2-1,SASPSFDSYNEQF,2
TRBV20-1,TRBJ2-1,SASPSFGRGSSYNEQF,1
TRBV20-1,TRBJ2-1,SASPSFGTRFGNEQF,3
TRBV20-1,TRBJ2-1,SASPSFHEQF,1
TRBV20-1,TRBJ2-1,SASPSFHNEQF,1
TRBV20-1,TRBJ2-1,SASPSFNEQF,2
TRBV20-1,TRBJ2-1,SASPSFNNEQF,1
TRBV20-1,TRBJ2-1,SASPSFPDNEQF,1
TRBV20-1,TRBJ2-1,SASPSFRGNEQF,1
TRBV20-1,TRBJ2-1,SASPSFSGRYNEQF,4
TRBV20-1,TRBJ2-1,SASPSFSYNEQF,2
TRBV20-1,TRBJ2-1,SASPSFYNEQF,1
TRBV20-1,TRBJ2-1,SASPSGAANEQF,1
TRBV20-1,TRBJ2-1,SASPSGAANHNEQF,1
TRBV20-1,TRBJ2-1,SASPSGAATYNEQF,1
TRBV20-1,TRBJ2-1,SASPSGADEQF,1
TRBV20-1,TRBJ2-1,SASPSGADNEQF,1
TRBV20-1,TRBJ2-1,SASPSGAFYNEQF,1
TRBV20-1,TRBJ2-1,SASPSGAGGHEQF,3
TRBV20-1,TRBJ2-1,SASPSGAGLLYNEQF,1
TRBV20-1,TRBJ2-1,SASPSGAGRNEQF,1
TRBV20-1,TRBJ2-1,SASPSGAGVDNEQF,1
TRBV20-1,TRBJ2-1,SASPSGAGYNEQF,2
TRBV20-1,TRBJ2-1,SASPSGAHNEQF,7
TRBV20-1,TRBJ2-1,SASPSGAIYEQF,1
TRBV20-1,TRBJ2-1,SASPSGALYNEQF,1
TRBV20-1,TRBJ2-1,SASPSGANEQF,2
TRBV20-1,TRBJ2-1,SASPSGANNEQF,3
TRBV20-1,TRBJ2-1,SASPSGAPYNEQF,1
TRBV20-1,TRBJ2-1,SASPSGARNEQF,1
TRBV20-1,TRBJ2-1,SASPSGASPYNEQF,1
TRBV20-1,TRBJ2-1,SASPSGASSYNEQF,9
TRBV20-1,TRBJ2-1,SASPSGATNEQF,1
TRBV20-1,TRBJ2-1,SASPSGATYNEQF,1
TRBV20-1,TRBJ2-1,SASPSGAVGSYNEQF,1
TRBV20-1,TRBJ2-1,SASPSGAYNEQF,19
TRBV20-1,TRBJ2-1,SASPSGDAGGEQF,1
TRBV20-1,TRBJ2-1,SASPSGDEQF,1
TRBV20-1,TRBJ2-1,SASPSGDHNEQF,1
TRBV20-1,TRBJ2-1,SASPSGDKNVFEGYEQF,1
TRBV20-1,TRBJ2-1,SASPSGDNEQF,31
TRBV20-1,TRBJ2-1,SASPSGDPNEQF,2
TRBV20-1,TRBJ2-1,SASPSGDRNEQF,1
TRBV20-1,TRBJ2-1,SASPSGDTMVQF,12
TRBV20-1,TRBJ2-1,SASPSGDYNEQF,8
TRBV20-1,TRBJ2-1,SASPSGEAPTWSYNEQF,1
TRBV20-1,TRBJ2-1,SASPSGEHYNEQF,1
TRBV20-1,TRBJ2-1,SASPSGERNEQF,1
TRBV20-1,TRBJ2-1,SASPSGEYEQF,1
TRBV20-1,TRBJ2-1,SASPSGFEF,5
TRBV20-1,TRBJ2-1,SASPSGFSYNEQF,2
TRBV20-1,TRBJ2-1,SASPSGFTPPRNEQF,1
TRBV20-1,TRBJ2-1,SASPSGFYNEQF,2
TRBV20-1,TRBJ2-1,SASPSGGADEQF,2
TRBV20-1,TRBJ2-1,SASPSGGAFTYNEQF,1
TRBV20-1,TRBJ2-1,SASPSGGAGGNEQF,1
TRBV20-1,TRBJ2-1,SASPSGGAGNEQF,2
TRBV20-1,TRBJ2-1,SASPSGGALNEQF,2
TRBV20-1,TRBJ2-1,SASPSGGANEQF,8
TRBV20-1,TRBJ2-1,SASPSGGARNEQF,2
TRBV20-1,TRBJ2-1,SASPSGGARPYNEQF,5
TRBV20-1,TRBJ2-1,SASPSGGASYNEQF,2
TRBV20-1,TRBJ2-1,SASPSGGAYEQF,3
TRBV20-1,TRBJ2-1,SASPSGGAYNEQF,40
TRBV20-1,TRBJ2-1,SASPSGGDNEQF,1
TRBV20-1,TRBJ2-1,SASPSGGDTYNEQF,1
TRBV20-1,TRBJ2-1,SASPSGGDYNEQF,2
TRBV20-1,TRBJ2-1,SASPSGGEQF,1
TRBV20-1,TRBJ2-1,SASPSGGERLNEQF,1
TRBV20-1,TRBJ2-1,SASPSGGFNEQF,1
TRBV20-1,TRBJ2-1,SASPSGGFYNEQF,4
TRBV20-1,TRBJ2-1,SASPSGGGEF,7
TRBV20-1,TRBJ2-1,SASPSGGGKEVTISYNEQF,1
TRBV20-1,TRBJ2-1,SASPSGGGLLNNEQF,4
TRBV20-1,TRBJ2-1,SASPSGGGLYNEQF,7
TRBV20-1,TRBJ2-1,SASPSGGGLYNEQV,1
TRBV20-1,TRBJ2-1,SASPSGGGNEQF,2
TRBV20-1,TRBJ2-1,SASPSGGGNEQV,1
TRBV20-1,TRBJ2-1,SASPSGGGPIYTYNEQF,1
TRBV20-1,TRBJ2-1,SASPSGGGSYNEQF,1
TRBV20-1,TRBJ2-1,SASPSGGGTIWQF,1
TRBV20-1,TRBJ2-1,SASPSGGGYNEQF,1
TRBV20-1,TRBJ2-1,SASPSGGGYSYNEQF,3
TRBV20-1,TRBJ2-1,SASPSGGHEQF,1
TRBV20-1,TRBJ2-1,SASPSGGHLQF,1
TRBV20-1,TRBJ2-1,SASPSGGHYNEQF,1
TRBV20-1,TRBJ2-1,SASPSGGIEQF,9
TRBV20-1,TRBJ2-1,SASPSGGINEQF,1
TRBV20-1,TRBJ2-1,SASPSGGIRSYNEQF,4
TRBV20-1,TRBJ2-1,SASPSGGKSSYNEQF,1
TRBV20-1,TRBJ2-1,SASPSGGLDEQF,1
TRBV20-1,TRBJ2-1,SASPSGGLPYNEQF,1
TRBV20-1,TRBJ2-1,SASPSGGLRNEQF,2
TRBV20-1,TRBJ2-1,SASPSGGNEQF,3
TRBV20-1,TRBJ2-1,SASPSGGNNEQF,3
TRBV20-1,TRBJ2-1,SASPSGGPDYNEQF,8
TRBV20-1,TRBJ2-1,SASPSGGPFNEQF,1
TRBV20-1,TRBJ2-1,SASPSGGPFPYNEQF,6
TRBV20-1,TRBJ2-1,SASPSGGPGNEQF,1
TRBV20-1,TRBJ2-1,SASPSGGPGYNEQF,1
TRBV20-1,TRBJ2-1,SASPSGGPNEQF,1
TRBV20-1,TRBJ2-1,SASPSGGPPYNEQF,1
TRBV20-1,TRBJ2-1,SASPSGGPRHEQF,1
TRBV20-1,TRBJ2-1,SASPSGGPSYNEQF,2
TRBV20-1,TRBJ2-1,SASPSGGPVAYNEQF,1
TRBV20-1,TRBJ2-1,SASPSGGPYNEQF,12
TRBV20-1,TRBJ2-1,SASPSGGQGSYNEQF,2
TRBV20-1,TRBJ2-1,SASPSGGQTYNEQF,1
TRBV20-1,TRBJ2-1,SASPSGGRAGFYNEQF,1
TRBV20-1,TRBJ2-1,SASPSGGRAMNEQF,1
TRBV20-1,TRBJ2-1,SASPSGGRAYNEQF,1
TRBV20-1,TRBJ2-1,SASPSGGRDEQF,1
TRBV20-1,TRBJ2-1,SASPSGGRFNEQF,1
TRBV20-1,TRBJ2-1,SASPSGGRLNSYNEQF,1
TRBV20-1,TRBJ2-1,SASPSGGRNEQF,2
TRBV20-1,TRBJ2-1,SASPSGGRPGYEQF,1
TRBV20-1,TRBJ2-1,SASPSGGRYNEQF,1
TRBV20-1,TRBJ2-1,SASPSGGSAYNEQF,1
TRBV20-1,TRBJ2-1,SASPSGGSNYEQF,1
TRBV20-1,TRBJ2-1,SASPSGGSRDEQF,1
TRBV20-1,TRBJ2-1,SASPSGGSSYNEQF,14
TRBV20-1,TRBJ2-1,SASPSGGSWNEQF,1
TRBV20-1,TRBJ2-1,SASPSGGSYNDQF,1
TRBV20-1,TRBJ2-1,SASPSGGSYNEQF,18
TRBV20-1,TRBJ2-1,SASPSGGSYYHEQF,1
TRBV20-1,TRBJ2-1,SASPSGGTGEQF,5
TRBV20-1,TRBJ2-1,SASPSGGTYNEQF,2
TRBV20-1,TRBJ2-1,SASPSGGVDSYNEQF,1
TRBV20-1,TRBJ2-1,SASPSGGVKYNEQF,1
TRBV20-1,TRBJ2-1,SASPSGGVYNEQF,1
TRBV20-1,TRBJ2-1,SASPSGGWDEQF,1
TRBV20-1,TRBJ2-1,SASPSGGWGIYNEQF,1
TRBV20-1,TRBJ2-1,SASPSGGWNNEQF,1
TRBV20-1,TRBJ2-1,SASPSGGYIENEQF,1
TRBV20-1,TRBJ2-1,SASPSGGYINEQF,1
TRBV20-1,TRBJ2-1,SASPSGGYNEQF,43
TRBV20-1,TRBJ2-1,SASPSGGYYNEQF,1
TRBV20-1,TRBJ2-1,SASPSGHEQF,4
TRBV20-1,TRBJ2-1,SASPSGHIYNEQF,1
TRBV20-1,TRBJ2-1,SASPSGHNEQF,2
TRBV20-1,TRBJ2-1,SASPSGHPIRNEQF,1
TRBV20-1,TRBJ2-1,SASPSGHYNEQF,1
TRBV20-1,TRBJ2-1,SASPSGIARRYNEQF,1
TRBV20-1,TRBJ2-1,SASPSGIDNEQF,2
TRBV20-1,TRBJ2-1,SASPSGIGGNEQF,1
TRBV20-1,TRBJ2-1,SASPSGIGNEQF,6
TRBV20-1,TRBJ2-1,SASPSGIKSNEQF,1
TRBV20-1,TRBJ2-1,SASPSGILHNEQF,5
TRBV20-1,TRBJ2-1,SASPSGILYNEQF,1
TRBV20-1,TRBJ2-1,SASPSGINEQF,3
TRBV20-1,TRBJ2-1,SASPSGINNEQF,2
TRBV20-1,TRBJ2-1,SASPSGINSEQF,1
TRBV20-1,TRBJ2-1,SASPSGIRNEQF,2
TRBV20-1,TRBJ2-1,SASPSGIRQF,1
TRBV20-1,TRBJ2-1,SASPSGISDEQF,5
TRBV20-1,TRBJ2-1,SASPSGISNEQF,1
TRBV20-1,TRBJ2-1,SASPSGISYNEQF,1
TRBV20-1,TRBJ2-1,SASPSGITNEQF,1
TRBV20-1,TRBJ2-1,SASPSGITYNEQF,1
TRBV20-1,TRBJ2-1,SASPSGIVSYNEQF,1
TRBV20-1,TRBJ2-1,SASPSGIVYNEQF,1
TRBV20-1,TRBJ2-1,SASPSGIYEQF,1
TRBV20-1,TRBJ2-1,SASPSGIYNEQF,4
TRBV20-1,TRBJ2-1,SASPSGIYREQF,7
TRBV20-1,TRBJ2-1,SASPSGIYSEQF,1
TRBV20-1,TRBJ2-1,SASPSGKGGNEQF,5
TRBV20-1,TRBJ2-1,SASPSGKKHEQF,1
TRBV20-1,TRBJ2-1,SASPSGKLSSYNEQF,1
TRBV20-1,TRBJ2-1,SASPSGKNEQF,1
TRBV20-1,TRBJ2-1,SASPSGKPYNEQF,1
TRBV20-1,TRBJ2-1,SASPSGKRANEQF,1
TRBV20-1,TRBJ2-1,SASPSGKRNAQF,1
TRBV20-1,TRBJ2-1,SASPSGKRVYNEQF,1
TRBV20-1,TRBJ2-1,SASPSGKSSYNEQF,1
TRBV20-1,TRBJ2-1,SASPSGKSYNEQF,1
TRBV20-1,TRBJ2-1,SASPSGKTDNEQF,1
TRBV20-1,TRBJ2-1,SASPSGKVLNEQF,1
TRBV20-1,TRBJ2-1,SASPSGKYNEQF,4
TRBV20-1,TRBJ2-1,SASPSGLAGDEQF,1
TRBV20-1,TRBJ2-1,SASPSGLAGGRNEQF,1
TRBV20-1,TRBJ2-1,SASPSGLAGGYSYNEQF,4
TRBV20-1,TRBJ2-1,SASPSGLAGHSYNEQF,1
TRBV20-1,TRBJ2-1,SASPSGLAGIYNEQF,1
TRBV20-1,TRBJ2-1,SASPSGLAGNNEQF,1
TRBV20-1,TRBJ2-1,SASPSGLAGVDEQF,1
TRBV20-1,TRBJ2-1,SASPSGLALNNEQF,1
TRBV20-1,TRBJ2-1,SASPSGLANYEQF,1
TRBV20-1,TRBJ2-1,SASPSGLASIYNEQF,1
TRBV20-1,TRBJ2-1,SASPSGLDDNEQF,1
TRBV20-1,TRBJ2-1,SASPSGLDEQF,1
TRBV20-1,TRBJ2-1,SASPSGLDNDQF,2
TRBV20-1,TRBJ2-1,SASPSGLDNEQF,3
TRBV20-1,TRBJ2-1,SASPSGLFNEQF,3
TRBV20-1,TRBJ2-1,SASPSGLFYNEQF,8
TRBV20-1,TRBJ2-1,SASPSGLGSNEQF,1
TRBV20-1,TRBJ2-1,SASPSGLGSYNEQF,1
TRBV20-1,TRBJ2-1,SASPSGLGYNEQF,1
TRBV20-1,TRBJ2-1,SASPSGLHNEQF,1
TRBV20-1,TRBJ2-1,SASPSGLLNEQF,2
TRBV20-1,TRBJ2-1,SASPSGLLSSYNEQF,1
TRBV20-1,TRBJ2-1,SASPSGLLSTNNEQF,1
TRBV20-1,TRBJ2-1,SASPSGLNEQF,2
TRBV20-1,TRBJ2-1,SASPSGLNNEQF,1
TRBV20-1,TRBJ2-1,SASPSGLQGLGQF,1
TRBV20-1,TRBJ2-1,SASPSGLRDEQF,1
TRBV20-1,TRBJ2-1,SASPSGLRQF,1
TRBV20-1,TRBJ2-1,SASPSGLSYNEQF,8
TRBV20-1,TRBJ2-1,SASPSGLTYNEQF,1
TRBV20-1,TRBJ2-1,SASPSGLYEQF,1
TRBV20-1,TRBJ2-1,SASPSGLYNEQF,11
TRBV20-1,TRBJ2-1,SASPSGMALGSNEQF,1
TRBV20-1,TRBJ2-1,SASPSGMANEQF,1
TRBV20-1,TRBJ2-1,SASPSGMDYNEQF,2
TRBV20-1,TRBJ2-1,SASPSGMGPNEQF,2
TRBV20-1,TRBJ2-1,SASPSGMSDEQF,1
TRBV20-1,TRBJ2-1,SASPSGMYNEQF,2
TRBV20-1,TRBJ2-1,SASPSGNAGYNEQF,1
TRBV20-1,TRBJ2-1,SASPSGNDEQF,1
TRBV20-1,TRBJ2-1,SASPSGNEQF,11
TRBV20-1,TRBJ2-1,SASPSGNLNEQF,1
TRBV20-1,TRBJ2-1,SASPSGNNEQF,4
TRBV20-1,TRBJ2-1,SASPSGNNNEQF,2
TRBV20-1,TRBJ2-1,SASPSGNNYNEQF,1
TRBV20-1,TRBJ2-1,SASPSGNPSYNEQF,1
TRBV20-1,TRBJ2-1,SASPSGNRDEQF,1
TRBV20-1,TRBJ2-1,SASPSGNSYNEQF,3
TRBV20-1,TRBJ2-1,SASPSGNTYNEQF,1
TRBV20-1,TRBJ2-1,SASPSGNVYNEQF,4
TRBV20-1,TRBJ2-1,SASPSGNYNEQF,6
TRBV20-1,TRBJ2-1,SASPSGP,3
TRBV20-1,TRBJ2-1,SASPSGPASHNEQF,1
TRBV20-1,TRBJ2-1,SASPSGPDISYNEQF,1
TRBV20-1,TRBJ2-1,SASPSGPEAYNEQF,1
TRBV20-1,TRBJ2-1,SASPSGPEGISNEQF,3
TRBV20-1,TRBJ2-1,SASPSGPENEQF,1
TRBV20-1,TRBJ2-1,SASPSGPESYNEHF,1
TRBV20-1,TRBJ2-1,SASPSGPESYNEQF,17
TRBV20-1,TRBJ2-1,SASPSGPFNEQF,2
TRBV20-1,TRBJ2-1,SASPSGPHNEQF,1
TRBV20-1,TRBJ2-1,SASPSGPLTSYNEQF,1
TRBV20-1,TRBJ2-1,SASPSGPNAQF,1
TRBV20-1,TRBJ2-1,SASPSGPNEQF,6
TRBV20-1,TRBJ2-1,SASPSGPNNEQF,1
TRBV20-1,TRBJ2-1,SASPSGPPRRESYSYNEQF,2
TRBV20-1,TRBJ2-1,SASPSGPRNEQF,1
TRBV20-1,TRBJ2-1,SASPSGPSNEQF,2
TRBV20-1,TRBJ2-1,SASPSGPSSYNEQF,2
TRBV20-1,TRBJ2-1,SASPSGPSYNEQF,2
TRBV20-1,TRBJ2-1,SASPSGPTRKSSYNEQF,1
TRBV20-1,TRBJ2-1,SASPSGPYNEQF,58
TRBV20-1,TRBJ2-1,SASPSGQGHSYNEQF,1
TRBV20-1,TRBJ2-1,SASPSGQGNNEQF,1
TRBV20-1,TRBJ2-1,SASPSGQGRVYNEQF,1
TRBV20-1,TRBJ2-1,SASPSGQGYNEQF,1
TRBV20-1,TRBJ2-1,SASPSGQLRSYNEQF,1
TRBV20-1,TRBJ2-1,SASPSGQRNEQF,1
TRBV20-1,TRBJ2-1,SASPSGQSSYNEQF,1
TRBV20-1,TRBJ2-1,SASPSGQYNEQF,7
TRBV20-1,TRBJ2-1,SASPSGRAAVSYNEQF,5
TRBV20-1,TRBJ2-1,SASPSGRADNEQF,1
TRBV20-1,TRBJ2-1,SASPSGRAFNEQF,1
TRBV20-1,TRBJ2-1,SASPSGRAFSRYNEQF,1
TRBV20-1,TRBJ2-1,SASPSGRAFYEQF,1
TRBV20-1,TRBJ2-1,SASPSGRAFYNEQF,1
TRBV20-1,TRBJ2-1,SASPSGRAGGNEQF,2
TRBV20-1,TRBJ2-1,SASPSGRAGSYNEQF,1
TRBV20-1,TRBJ2-1,SASPSGRAGYNEQF,2
TRBV20-1,TRBJ2-1,SASPSGRALDNEQF,1
TRBV20-1,TRBJ2-1,SASPSGRALFNEQF,1
TRBV20-1,TRBJ2-1,SASPSGRALGSNEQF,6
TRBV20-1,TRBJ2-1,SASPSGRALHNEQF,1
TRBV20-1,TRBJ2-1,SASPSGRALSNEQF,1
TRBV20-1,TRBJ2-1,SASPSGRALSSYNEQF,1
TRBV20-1,TRBJ2-1,SASPSGRALYNEQF,2
TRBV20-1,TRBJ2-1,SASPSGRALYYNEQF,1
TRBV20-1,TRBJ2-1,SASPSGRANEQF,11
TRBV20-1,TRBJ2-1,SASPSGRANYEQF,1
TRBV20-1,TRBJ2-1,SASPSGRAPYNEQF,1
TRBV20-1,TRBJ2-1,SASPSGRARDNEQF,1
TRBV20-1,TRBJ2-1,SASPSGRARGNEQF,1
TRBV20-1,TRBJ2-1,SASPSGRARYNEQF,2
TRBV20-1,TRBJ2-1,SASPSGRASNEQF,1
TRBV20-1,TRBJ2-1,SASPSGRASSYNEQF,4
TRBV20-1,TRBJ2-1,SASPSGRASYNEQF,8
TRBV20-1,TRBJ2-1,SASPSGRASYYNEQF,1
TRBV20-1,TRBJ2-1,SASPSGRAVIYEQF,3
TRBV20-1,TRBJ2-1,SASPSGRAVLNEQF,1
TRBV20-1,TRBJ2-1,SASPSGRAWINEQF,1
TRBV20-1,TRBJ2-1,SASPSGRAWNEQF,2
TRBV20-1,TRBJ2-1,SASPSGRAYEQF,1
TRBV20-1,TRBJ2-1,SASPSGRAYNEQF,11
TRBV20-1,TRBJ2-1,SASPSGRDDEQF,1
TRBV20-1,TRBJ2-1,SASPSGRDEQF,2
TRBV20-1,TRBJ2-1,SASPSGRDFSSYNEQF,2
TRBV20-1,TRBJ2-1,SASPSGRDHEQF,5
TRBV20-1,TRBJ2-1,SASPSGRDKNEQF,1
TRBV20-1,TRBJ2-1,SASPSGRDNEQF,2
TRBV20-1,TRBJ2-1,SASPSGRDYNEQF,3
TRBV20-1,TRBJ2-1,SASPSGRENEQF,2
TRBV20-1,TRBJ2-1,SASPSGREWNEQF,1
TRBV20-1,TRBJ2-1,SASPSGREYNEQF,1
TRBV20-1,TRBJ2-1,SASPSGRFDEQF,1
TRBV20-1,TRBJ2-1,SASPSGRFGEQF,1
TRBV20-1,TRBJ2-1,SASPSGRFNEQF,4
TRBV20-1,TRBJ2-1,SASPSGRFSDNEQF,1
TRBV20-1,TRBJ2-1,SASPSGRGDEQF,1
TRBV20-1,TRBJ2-1,SASPSGRGENEQF,1
TRBV20-1,TRBJ2-1,SASPSGRGFDNEQF,1
TRBV20-1,TRBJ2-1,SASPSGRGGIFDEQF,1
TRBV20-1,TRBJ2-1,SASPSGRGGNEQF,1
TRBV20-1,TRBJ2-1,SASPSGRGGSEQF,9
TRBV20-1,TRBJ2-1,SASPSGRGGSEQI,1
TRBV20-1,TRBJ2-1,SASPSGRGHEQF,1
TRBV20-1,TRBJ2-1,SASPSGRGIDNEQF,1
TRBV20-1,TRBJ2-1,SASPSGRGINEQF,1
TRBV20-1,TRBJ2-1,SASPSGRGNEQF,16
TRBV20-1,TRBJ2-1,SASPSGRGNNEQF,1
TRBV20-1,TRBJ2-1,SASPSGRGSNEQF,1
TRBV20-1,TRBJ2-1,SASPSGRGSSYNEQF,1
TRBV20-1,TRBJ2-1,SASPSGRGSYNEQF,5
TRBV20-1,TRBJ2-1,SASPSGRGTYNEQF,1
TRBV20-1,TRBJ2-1,SASPSGRGYNEQF,1
TRBV20-1,TRBJ2-1,SASPSGRHEQF,2
TRBV20-1,TRBJ2-1,SASPSGRHNEQF,2
TRBV20-1,TRBJ2-1,SASPSGRIIEQF,7
TRBV20-1,TRBJ2-1,SASPSGRILGSYNEQF,1
TRBV20-1,TRBJ2-1,SASPSGRITNEQF,1
TRBV20-1,TRBJ2-1,SASPSGRIYDEQF,1
TRBV20-1,TRBJ2-1,SASPSGRIYEQF,2
TRBV20-1,TRBJ2-1,SASPSGRIYMDEQF,1
TRBV20-1,TRBJ2-1,SASPSGRKGNEQF,2
TRBV20-1,TRBJ2-1,SASPSGRKNEQF,1
TRBV20-1,TRBJ2-1,SASPSGRKNYNEQF,1
TRBV20-1,TRBJ2-1,SASPSGRKTYNEQF,1
TRBV20-1,TRBJ2-1,SASPSGRKYNEQF,1
TRBV20-1,TRBJ2-1,SASPSGRLDEQF,1
TRBV20-1,TRBJ2-1,SASPSGRLGNEQF,2
TRBV20-1,TRBJ2-1,SASPSGRLLNEQF,1
TRBV20-1,TRBJ2-1,SASPSGRLNEQF,1
TRBV20-1,TRBJ2-1,SASPSGRLSSYNEQF,1
TRBV20-1,TRBJ2-1,SASPSGRLSYNEQF,1
TRBV20-1,TRBJ2-1,SASPSGRMNEQF,1
TRBV20-1,TRBJ2-1,SASPSGRMNYNEQF,1
TRBV20-1,TRBJ2-1,SASPSGRNEQF,16
TRBV20-1,TRBJ2-1,SASPSGRNFGQF,1
TRBV20-1,TRBJ2-1,SASPSGRNHNEQF,3
TRBV20-1,TRBJ2-1,SASPSGRNNEQF,9
TRBV20-1,TRBJ2-1,SASPSGRPAYNEQF,1
TRBV20-1,TRBJ2-1,SASPSGRPDNEQF,1
TRBV20-1,TRBJ2-1,SASPSGRPIRNEQF,1
TRBV20-1,TRBJ2-1,SASPSGRPLYNEQF,1
TRBV20-1,TRBJ2-1,SASPSGRPMDEQF,1
TRBV20-1,TRBJ2-1,SASPSGRPNEQF,4
TRBV20-1,TRBJ2-1,SASPSGRPPGNEQF,1
TRBV20-1,TRBJ2-1,SASPSGRPRSNEQF,1
TRBV20-1,TRBJ2-1,SASPSGRPSYNEQF,5
TRBV20-1,TRBJ2-1,SASPSGRPTSYNEQF,1
TRBV20-1,TRBJ2-1,SASPSGRPYEQF,1
TRBV20-1,TRBJ2-1,SASPSGRPYNEQF,3
TRBV20-1,TRBJ2-1,SASPSGRQPYNEQF,1
TRBV20-1,TRBJ2-1,SASPSGRRDEQF,1
TRBV20-1,TRBJ2-1,SASPSGRRDNEQF,1
TRBV20-1,TRBJ2-1,SASPSGRRNEQF,7
TRBV20-1,TRBJ2-1,SASPSGRRRLDNEQF,1
TRBV20-1,TRBJ2-1,SASPSGRRSNEQF,1
TRBV20-1,TRBJ2-1,SASPSGRRYNEQF,4
TRBV20-1,TRBJ2-1,SASPSGRSDNEQF,1
TRBV20-1,TRBJ2-1,SASPSGRSGNEQF,1
TRBV20-1,TRBJ2-1,SASPSGRSHEQF,1
TRBV20-1,TRBJ2-1,SASPSGRSHNEQF,2
TRBV20-1,TRBJ2-1,SASPSGRSKSYNEQF,1
TRBV20-1,TRBJ2-1,SASPSGRSLNEQF,1
TRBV20-1,TRBJ2-1,SASPSGRSLTNEQF,1
TRBV20-1,TRBJ2-1,SASPSGRSNEQF,11
TRBV20-1,TRBJ2-1,SASPSGRSSYNEQF,5
TRBV20-1,TRBJ2-1,SASPSGRSYNEQF,13
TRBV20-1,TRBJ2-1,SASPSGRTDEQF,1
TRBV20-1,TRBJ2-1,SASPSGRTEQF,2
TRBV20-1,TRBJ2-1,SASPSGRTGQF,1
TRBV20-1,TRBJ2-1,SASPSGRTGSYNEQF,1
TRBV20-1,TRBJ2-1,SASPSGRTIEQF,1
TRBV20-1,TRBJ2-1,SASPSGRTLGYEQF,1
TRBV20-1,TRBJ2-1,SASPSGRTNEQF,4
TRBV20-1,TRBJ2-1,SASPSGRTNYNEQF,1
TRBV20-1,TRBJ2-1,SASPSGRTSIDEQF,2
TRBV20-1,TRBJ2-1,SASPSGRTTYNEQF,10
TRBV20-1,TRBJ2-1,SASPSGRTYNEQF,12
TRBV20-1,TRBJ2-1,SASPSGRVDEQF,3
TRBV20-1,TRBJ2-1,SASPSGRVDNEQF,1
TRBV20-1,TRBJ2-1,SASPSGRVFFRYNEQF,1
TRBV20-1,TRBJ2-1,SASPSGRVFNEQF,3
TRBV20-1,TRBJ2-1,SASPSGRVGNNEQF,1
TRBV20-1,TRBJ2-1,SASPSGRVGTHNEQF,1
TRBV20-1,TRBJ2-1,SASPSGRVGVYNEQF,1
TRBV20-1,TRBJ2-1,SASPSGRVIYNEQF,1
TRBV20-1,TRBJ2-1,SASPSGRVLRNNEQF,1
TRBV20-1,TRBJ2-1,SASPSGRVNEQF,4
TRBV20-1,TRBJ2-1,SASPSGRVRDNEQF,1
TRBV20-1,TRBJ2-1,SASPSGRVSNEQF,2
TRBV20-1,TRBJ2-1,SASPSGRVSSYNEQF,1
TRBV20-1,TRBJ2-1,SASPSGRVSYNEQF,1
TRBV20-1,TRBJ2-1,SASPSGRVVYNEQF,1
TRBV20-1,TRBJ2-1,SASPSGRVWNEQF,1
TRBV20-1,TRBJ2-1,SASPSGRVYEQF,2
TRBV20-1,TRBJ2-1,SASPSGRVYNEQF,3
TRBV20-1,TRBJ2-1,SASPSGRWYEQF,1
TRBV20-1,TRBJ2-1,SASPSGRYEQF,2
TRBV20-1,TRBJ2-1,SASPSGRYHEQF,1
TRBV20-1,TRBJ2-1,SASPSGRYNDNEQF,1
TRBV20-1,TRBJ2-1,SASPSGRYNEQF,17
TRBV20-1,TRBJ2-1,SASPSGSANEQF,1
TRBV20-1,TRBJ2-1,SASPSGSAQSGEQF,2
TRBV20-1,TRBJ2-1,SASPSGSAYNEQF,1
TRBV20-1,TRBJ2-1,SASPSGSDEQF,2
TRBV20-1,TRBJ2-1,SASPSGSEWNEQF,1
TRBV20-1,TRBJ2-1,SASPSGSFDEQF,2
TRBV20-1,TRBJ2-1,SASPSGSFFNEQF,2
TRBV20-1,TRBJ2-1,SASPSGSFGLNEQF,1
TRBV20-1,TRBJ2-1,SASPSGSFHNEQF,1
TRBV20-1,TRBJ2-1,SASPSGSFNEQF,3
TRBV20-1,TRBJ2-1,SASPSGSFNNEQF,1
TRBV20-1,TRBJ2-1,SASPSGSFYEQF,2
TRBV20-1,TRBJ2-1,SASPSGSFYNEQF,2
TRBV20-1,TRBJ2-1,SASPSGSGHNEQF,1
TRBV20-1,TRBJ2-1,SASPSGSGKNEQF,1
TRBV20-1,TRBJ2-1,SASPSGSGNEQF,5
TRBV20-1,TRBJ2-1,SASPSGSGNNEQF,1
TRBV20-1,TRBJ2-1,SASPSGSGRYNEQF,3
TRBV20-1,TRBJ2-1,SASPSGSGSNEQF,1
TRBV20-1,TRBJ2-1,SASPSGSGSYNEQF,2
TRBV20-1,TRBJ2-1,SASPSGSGVDEQF,1
TRBV20-1,TRBJ2-1,SASPSGSGYNEQF,2
TRBV20-1,TRBJ2-1,SASPSGSHEQF,1
TRBV20-1,TRBJ2-1,SASPSGSHNEQF,4
TRBV20-1,TRBJ2-1,SASPSGSIFEQF,2
TRBV20-1,TRBJ2-1,SASPSGSINEQF,1
TRBV20-1,TRBJ2-1,SASPSGSIRNEQF,2
TRBV20-1,TRBJ2-1,SASPSGSIYNEQF,1
TRBV20-1,TRBJ2-1,SASPSGSKNEQF,1
TRBV20-1,TRBJ2-1,SASPSGSKSYNEQF,1
TRBV20-1,TRBJ2-1,SASPSGSLDEQF,1
TRBV20-1,TRBJ2-1,SASPSGSLF,3
TRBV20-1,TRBJ2-1,SASPSGSLLDEQF,1
TRBV20-1,TRBJ2-1,SASPSGSLLFSYNEQF,1
TRBV20-1,TRBJ2-1,SASPSGSLNEQF,8
TRBV20-1,TRBJ2-1,SASPSGSLYEQF,1
TRBV20-1,TRBJ2-1,SASPSGSLYNEQF,1
TRBV20-1,TRBJ2-1,SASPSGSMNEQF,2
TRBV20-1,TRBJ2-1,SASPSGSMSYNEQF,1
TRBV20-1,TRBJ2-1,SASPSGSNANEQF,1
TRBV20-1,TRBJ2-1,SASPSGSNEQF,11
TRBV20-1,TRBJ2-1,SASPSGSNHNEQF,1
TRBV20-1,TRBJ2-1,SASPSGSNNEQF,5
TRBV20-1,TRBJ2-1,SASPSGSNPNEQF,7
TRBV20-1,TRBJ2-1,SASPSGSNYNEQF,1
TRBV20-1,TRBJ2-1,SASPSGSPHNEQF,1
TRBV20-1,TRBJ2-1,SASPSGSPNEQF,3
TRBV20-1,TRBJ2-1,SASPSGSPPYNEQF,1
TRBV20-1,TRBJ2-1,SASPSGSPRDEQF,1
TRBV20-1,TRBJ2-1,SASPSGSPRNEQF,1
TRBV20-1,TRBJ2-1,SASPSGSPSYYNEQF,1
TRBV20-1,TRBJ2-1,SASPSGSPTYNEQF,1
TRBV20-1,TRBJ2-1,SASPSGSPYNEQF,2
TRBV20-1,TRBJ2-1,SASPSGSRALRNEQF,1
TRBV20-1,TRBJ2-1,SASPSGSRGNEQF,4
TRBV20-1,TRBJ2-1,SASPSGSRGVNEQF,1
TRBV20-1,TRBJ2-1,SASPSGSRLNEQF,1
TRBV20-1,TRBJ2-1,SASPSGSRNEQF,9
TRBV20-1,TRBJ2-1,SASPSGSRYNEQF,2
TRBV20-1,TRBJ2-1,SASPSGSSDEQF,1
TRBV20-1,TRBJ2-1,SASPSGSSEQF,4
TRBV20-1,TRBJ2-1,SASPSGSSHEQF,1
TRBV20-1,TRBJ2-1,SASPSGSSNEQF,8
TRBV20-1,TRBJ2-1,SASPSGSSSNEQF,1
TRBV20-1,TRBJ2-1,SASPSGSSSYNEQF,2
TRBV20-1,TRBJ2-1,SASPSGSSYEQF,2
TRBV20-1,TRBJ2-1,SASPSGSSYNEQF,39
TRBV20-1,TRBJ2-1,SASPSGSTDEQF,1
TRBV20-1,TRBJ2-1,SASPSGSTSYNEQF,2
TRBV20-1,TRBJ2-1,SASPSGSTYNEQF,2
TRBV20-1,TRBJ2-1,SASPSGSVNEQF,1
TRBV20-1,TRBJ2-1,SASPSGSVYEQF,1
TRBV20-1,TRBJ2-1,SASPSGSVYNEQF,1
TRBV20-1,TRBJ2-1,SASPSGSWAKNNEQF,2
TRBV20-1,TRBJ2-1,SASPSGSWNEQF,1
TRBV20-1,TRBJ2-1,SASPSGSYEQF,2
TRBV20-1,TRBJ2-1,SASPSGSYNEQF,86
TRBV20-1,TRBJ2-1,SASPSGSYSEQF,1
TRBV20-1,TRBJ2-1,SASPSGTDEQF,1
TRBV20-1,TRBJ2-1,SASPSGTDNEQF,1
TRBV20-1,TRBJ2-1,SASPSGTDSYNEQF,2
TRBV20-1,TRBJ2-1,SASPSGTEQF,6
TRBV20-1,TRBJ2-1,SASPSGTFYNEQF,1
TRBV20-1,TRBJ2-1,SASPSGTGGGYEQF,1
TRBV20-1,TRBJ2-1,SASPSGTGGYNEQF,6
TRBV20-1,TRBJ2-1,SASPSGTGKVRDYNEQF,1
TRBV20-1,TRBJ2-1,SASPSGTGRASNYNEQF,1
TRBV20-1,TRBJ2-1,SASPSGTGRNEQF,7
TRBV20-1,TRBJ2-1,SASPSGTHNEQF,1
TRBV20-1,TRBJ2-1,SASPSGTINEQF,1
TRBV20-1,TRBJ2-1,SASPSGTKYNEQF,1
TRBV20-1,TRBJ2-1,SASPSGTNEQF,5
TRBV20-1,TRBJ2-1,SASPSGTNNEQF,3
TRBV20-1,TRBJ2-1,SASPSGTNYNEQF,1
TRBV20-1,TRBJ2-1,SASPSGTRNEQF,1
TRBV20-1,TRBJ2-1,SASPSGTRTSYEQF,1
TRBV20-1,TRBJ2-1,SASPSGTSDEQF,1
TRBV20-1,TRBJ2-1,SASPSGTSGGSSYNEQF,1
TRBV20-1,TRBJ2-1,SASPSGTSGKNEQF,1
TRBV20-1,TRBJ2-1,SASPSGTSGPTSYNEQF,2
TRBV20-1,TRBJ2-1,SASPSGTSGSGAFNEQF,1
TRBV20-1,TRBJ2-1,SASPSGTSGSNEQF,2
TRBV20-1,TRBJ2-1,SASPSGTSGYNEQF,4
TRBV20-1,TRBJ2-1,SASPSGTSYNEQF,3
TRBV20-1,TRBJ2-1,SASPSGTTFYNEQF,1
TRBV20-1,TRBJ2-1,SASPSGTTTTSYNEQF,1
TRBV20-1,TRBJ2-1,SASPSGTVNEQF,1
TRBV20-1,TRBJ2-1,SASPSGTVYNEQF,1
TRBV20-1,TRBJ2-1,SASPSGTYNEQF,24
TRBV20-1,TRBJ2-1,SASPSGVAYNEQF,1
TRBV20-1,TRBJ2-1,SASPSGVDNEQF,1
TRBV20-1,TRBJ2-1,SASPSGVGYNEQF,1
TRBV20-1,TRBJ2-1,SASPSGVHNEQF,2
TRBV20-1,TRBJ2-1,SASPSGVLDEQF,1
TRBV20-1,TRBJ2-1,SASPSGVLEQF,2
TRBV20-1,TRBJ2-1,SASPSGVNEQF,2
TRBV20-1,TRBJ2-1,SASPSGVNNEQF,1
TRBV20-1,TRBJ2-1,SASPSGVPHNEQF,1
TRBV20-1,TRBJ2-1,SASPSGVPYNEQF,5
TRBV20-1,TRBJ2-1,SASPSGVRGYSYNEQF,1
TRBV20-1,TRBJ2-1,SASPSGVRNEQF,1
TRBV20-1,TRBJ2-1,SASPSGVRQF,9
TRBV20-1,TRBJ2-1,SASPSGVSSYNEQF,1
TRBV20-1,TRBJ2-1,SASPSGVSYNEQF,1
TRBV20-1,TRBJ2-1,SASPSGVTSGDEQF,1
TRBV20-1,TRBJ2-1,SASPSGVVRNEQF,1
TRBV20-1,TRBJ2-1,SASPSGVYNEQF,6
TRBV20-1,TRBJ2-1,SASPSGVYYNEQF,1
TRBV20-1,TRBJ2-1,SASPSGWDNEQF,1
TRBV20-1,TRBJ2-1,SASPSGWHNEQF,3
TRBV20-1,TRBJ2-1,SASPSGWYKEQF,1
TRBV20-1,TRBJ2-1,SASPSGWYNEQF,35
TRBV20-1,TRBJ2-1,SASPSGYDNEQF,1
TRBV20-1,TRBJ2-1,SASPSGYEQF,2
TRBV20-1,TRBJ2-1,SASPSGYINEQF,1
TRBV20-1,TRBJ2-1,SASPSGYNEQF,49
TRBV20-1,TRBJ2-1,SASPSGYSSYNEQF,1
TRBV20-1,TRBJ2-1,SASPSGYSYNEQF,1
TRBV20-1,TRBJ2-1,SASPSGYVYEQF,1
TRBV20-1,TRBJ2-1,SASPSGYYNEQF,5
TRBV20-1,TRBJ2-1,SASPSHEQF,3
TRBV20-1,TRBJ2-1,SASPSHNEQF,14
TRBV20-1,TRBJ2-1,SASPSHRLINNEQF,1
TRBV20-1,TRBJ2-1,SASPSHSEQF,1
TRBV20-1,TRBJ2-1,SASPSHSYNEQF,3
TRBV20-1,TRBJ2-1,SASPSHYNEQF,1
TRBV20-1,TRBJ2-1,SASPSIAISDNEQF,1
TRBV20-1,TRBJ2-1,SASPSIAISYNEQF,16
TRBV20-1,TRBJ2-1,SASPSIDEQF,1
TRBV20-1,TRBJ2-1,SASPSIIGTYNEQF,1
TRBV20-1,TRBJ2-1,SASPSIIPYGRNEQF,2
TRBV20-1,TRBJ2-1,SASPSIKNEQF,1
TRBV20-1,TRBJ2-1,SASPSILSSYNEQF,1
TRBV20-1,TRBJ2-1,SASPSINEQF,1
TRBV20-1,TRBJ2-1,SASPSINNEQF,1
TRBV20-1,TRBJ2-1,SASPSIPSGSFNEQF,1
TRBV20-1,TRBJ2-1,SASPSISSYNEQF,1
TRBV20-1,TRBJ2-1,SASPSIYNEQF,2
TRBV20-1,TRBJ2-1,SASPSKAYNEQF,1
TRBV20-1,TRBJ2-1,SASPSKDEQF,1
TRBV20-1,TRBJ2-1,SASPSKHGAYNEQF,1
TRBV20-1,TRBJ2-1,SASPSKRANEQF,1
TRBV20-1,TRBJ2-1,SASPSKRWYNEQF,1
TRBV20-1,TRBJ2-1,SASPSKYYNEQF,1
TRBV20-1,TRBJ2-1,SASPSLADHYNEQF,1
TRBV20-1,TRBJ2-1,SASPSLAESYNEQF,1
TRBV20-1,TRBJ2-1,SASPSLAGGGNEQF,1
TRBV20-1,TRBJ2-1,SASPSLAGGPGNEQF,1
TRBV20-1,TRBJ2-1,SASPSLAGGRNEQF,1
TRBV20-1,TRBJ2-1,SASPSLAGGYNEQF,2
TRBV20-1,TRBJ2-1,SASPSLAGPNEQF,1
TRBV20-1,TRBJ2-1,SASPSLAGRGEQF,1
TRBV20-1,TRBJ2-1,SASPSLAGSSYNEQF,1
TRBV20-1,TRBJ2-1,SASPSLAGVYEQC,1
TRBV20-1,TRBJ2-1,SASPSLAGVYEQF,1
TRBV20-1,TRBJ2-1,SASPSLAREVYNEQF,6
TRBV20-1,TRBJ2-1,SASPSLDEQF,1
TRBV20-1,TRBJ2-1,SASPSLDVDEQF,1
TRBV20-1,TRBJ2-1,SASPSLEYNEQF,1
TRBV20-1,TRBJ2-1,SASPSLFGDEQF,1
TRBV20-1,TRBJ2-1,SASPSLFRGYNEQF,1
TRBV20-1,TRBJ2-1,SASPSLGGHEQF,1
TRBV20-1,TRBJ2-1,SASPSLGGNEQF,1
TRBV20-1,TRBJ2-1,SASPSLGQGPLDEQF,1
TRBV20-1,TRBJ2-1,SASPSLGQGRNEQF,1
TRBV20-1,TRBJ2-1,SASPSLGRTSYNEQF,1
TRBV20-1,TRBJ2-1,SASPSLGYNEQF,2
TRBV20-1,TRBJ2-1,SASPSLIAGYYNEQF,1
TRBV20-1,TRBJ2-1,SASPSLIISYNEQF,1
TRBV20-1,TRBJ2-1,SASPSLISYNEQF,1
TRBV20-1,TRBJ2-1,SASPSLLAGGLYNEQF,1
TRBV20-1,TRBJ2-1,SASPSLLGTYNEQF,1
TRBV20-1,TRBJ2-1,SASPSLLRNEQF,1
TRBV20-1,TRBJ2-1,SASPSLLSYNEQF,1
TRBV20-1,TRBJ2-1,SASPSLLVGDEQF,1
TRBV20-1,TRBJ2-1,SASPSLLYNEQF,1
TRBV20-1,TRBJ2-1,SASPSLNEQF,2
TRBV20-1,TRBJ2-1,SASPSLNNEQF,2
TRBV20-1,TRBJ2-1,SASPSLQGALDNEQF,1
TRBV20-1,TRBJ2-1,SASPSLREGASNEQF,1
TRBV20-1,TRBJ2-1,SASPSLRGGASNEQF,6
TRBV20-1,TRBJ2-1,SASPSLRSYNEQF,1
TRBV20-1,TRBJ2-1,SASPSLSGYEQF,1
TRBV20-1,TRBJ2-1,SASPSLSHNEQF,1
TRBV20-1,TRBJ2-1,SASPSLSNEQF,5
TRBV20-1,TRBJ2-1,SASPSLSSYNEQF,2
TRBV20-1,TRBJ2-1,SASPSLSYNEQF,2
TRBV20-1,TRBJ2-1,SASPSLTRARLNEQF,2
TRBV20-1,TRBJ2-1,SASPSLTSPSYNEQF,1
TRBV20-1,TRBJ2-1,SASPSLVLPSVNNEQF,1
TRBV20-1,TRBJ2-1,SASPSLYNEQF,3
TRBV20-1,TRBJ2-1,SASPSMDPNNEQF,1
TRBV20-1,TRBJ2-1,SASPSMGNEQF,1
TRBV20-1,TRBJ2-1,SASPSMGRPDEQF,1
TRBV20-1,TRBJ2-1,SASPSMNEQF,7
TRBV20-1,TRBJ2-1,SASPSMSNEQF,1
TRBV20-1,TRBJ2-1,SASPSNEQF,9
TRBV20-1,TRBJ2-1,SASPSNFYNEQF,1
TRBV20-1,TRBJ2-1,SASPSNNEQF,3
TRBV20-1,TRBJ2-1,SASPSNPGWPYNEQF,1
TRBV20-1,TRBJ2-1,SASPSNRDGDEQF,2
TRBV20-1,TRBJ2-1,SASPSNRVAYNEQF,1
TRBV20-1,TRBJ2-1,SASPSNRYGDEQF,1
TRBV20-1,TRBJ2-1,SASPSPAPQF,1
TRBV20-1,TRBJ2-1,SASPSPDNEQF,3
TRBV20-1,TRBJ2-1,SASPSPEYYNEQF,1
TRBV20-1,TRBJ2-1,SASPSPFGNEQF,1
TRBV20-1,TRBJ2-1,SASPSPFSSYNEQF,1
TRBV20-1,TRBJ2-1,SASPSPGGPYNEQF,10
TRBV20-1,TRBJ2-1,SASPSPGRSYNEQF,1
TRBV20-1,TRBJ2-1,SASPSPGTGAYNEQF,1
TRBV20-1,TRBJ2-1,SASPSPGTSGRSIINEQF,1
TRBV20-1,TRBJ2-1,SASPSPHYNEQF,1
TRBV20-1,TRBJ2-1,SASPSPKEGDEQF,1
TRBV20-1,TRBJ2-1,SASPSPKSSYNEQF,1
TRBV20-1,TRBJ2-1,SASPSPLAHEQF,1
TRBV20-1,TRBJ2-1,SASPSPLNEQF,1
TRBV20-1,TRBJ2-1,SASPSPLYNEQF,3
TRBV20-1,TRBJ2-1,SASPSPNEQF,2
TRBV20-1,TRBJ2-1,SASPSPPNEQF,1
TRBV20-1,TRBJ2-1,SASPSPREIYNEQF,1
TRBV20-1,TRBJ2-1,SASPSPRGGPYNEQF,1
TRBV20-1,TRBJ2-1,SASPSPRGRWNEQF,1
TRBV20-1,TRBJ2-1,SASPSPRVDREQF,1
TRBV20-1,TRBJ2-1,SASPSPSGRALNEQF,1
TRBV20-1,TRBJ2-1,SASPSPSGRDEQF,1
TRBV20-1,TRBJ2-1,SASPSPSGTYNEQF,1
TRBV20-1,TRBJ2-1,SASPSPSSYNEQF,3
TRBV20-1,TRBJ2-1,SASPSPSYNEQF,5
TRBV20-1,TRBJ2-1,SASPSPTSGRAHEQF,1
TRBV20-1,TRBJ2-1,SASPSPTSGYYNEQF,1
TRBV20-1,TRBJ2-1,SASPSPTTRSYNEQF,1
TRBV20-1,TRBJ2-1,SASPSPTYNEQF,1
TRBV20-1,TRBJ2-1,SASPSPVLNEQF,2
TRBV20-1,TRBJ2-1,SASPSPWYNEQF,2
TRBV20-1,TRBJ2-1,SASPSPYNEQF,3
TRBV20-1,TRBJ2-1,SASPSQEGNNEQF,1
TRBV20-1,TRBJ2-1,SASPSQGAAYNEQF,1
TRBV20-1,TRBJ2-1,SASPSQGGSYNEQF,1
TRBV20-1,TRBJ2-1,SASPSQGHHNEQF,1
TRBV20-1,TRBJ2-1,SASPSQGNEQF,1
TRBV20-1,TRBJ2-1,SASPSQGWSYNDQF,1
TRBV20-1,TRBJ2-1,SASPSQLANYNEQF,1
TRBV20-1,TRBJ2-1,SASPSQNNEQF,1
TRBV20-1,TRBJ2-1,SASPSQSSYNEQF,9
TRBV20-1,TRBJ2-1,SASPSQVHLRNEQF,1
TRBV20-1,TRBJ2-1,SASPSQYYNEQF,1
TRBV20-1,TRBJ2-1,SASPSRAGIAYNEQF,1
TRBV20-1,TRBJ2-1,SASPSRAGNPNEQF,1
TRBV20-1,TRBJ2-1,SASPSRAGSYNEQF,1
TRBV20-1,TRBJ2-1,SASPSRASGRPSSYNEQF,1
TRBV20-1,TRBJ2-1,SASPSRASYNEQF,1
TRBV20-1,TRBJ2-1,SASPSRAYNEQF,2
TRBV20-1,TRBJ2-1,SASPSRDEQF,1
TRBV20-1,TRBJ2-1,SASPSRDPRVDEQF,1
TRBV20-1,TRBJ2-1,SASPSRDSYNEQF,1
TRBV20-1,TRBJ2-1,SASPSRDTYLYNEQF,1
TRBV20-1,TRBJ2-1,SASPSREGNNEQF,4
TRBV20-1,TRBJ2-1,SASPSRGDNEQF,1
TRBV20-1,TRBJ2-1,SASPSRGDPYNEQF,1
TRBV20-1,TRBJ2-1,SASPSRGGDSYNEQF,1
TRBV20-1,TRBJ2-1,SASPSRGGNEQF,1
TRBV20-1,TRBJ2-1,SASPSRGGYNEQF,1
TRBV20-1,TRBJ2-1,SASPSRGLAARRRF,4
TRBV20-1,TRBJ2-1,SASPSRGLNEQF,1
TRBV20-1,TRBJ2-1,SASPSRGNEQF,1
TRBV20-1,TRBJ2-1,SASPSRGPYNEQF,1
TRBV20-1,TRBJ2-1,SASPSRGPYYNEQF,2
TRBV20-1,TRBJ2-1,SASPSRGSLQSSYNEQF,1
TRBV20-1,TRBJ2-1,SASPSRGSSYNEQF,1
TRBV20-1,TRBJ2-1,SASPSRGTHEQF,1
TRBV20-1,TRBJ2-1,SASPSRGTSAYNEQF,1
TRBV20-1,TRBJ2-1,SASPSRGVGEQF,10
TRBV20-1,TRBJ2-1,SASPSRGWEYNEQF,1
TRBV20-1,TRBJ2-1,SASPSRGYNEQF,2
TRBV20-1,TRBJ2-1,SASPSRLAEYNEQF,1
TRBV20-1,TRBJ2-1,SASPSRLAGMNEQF,1
TRBV20-1,TRBJ2-1,SASPSRLAKYNEQF,1
TRBV20-1,TRBJ2-1,SASPSRLGEQF,2
TRBV20-1,TRBJ2-1,SASPSRLLRVDEQF,2
TRBV20-1,TRBJ2-1,SASPSRLQVLGQF,1
TRBV20-1,TRBJ2-1,SASPSRLRGNEQF,1
TRBV20-1,TRBJ2-1,SASPSRLVYNEQF,1
TRBV20-1,TRBJ2-1,SASPSRNEQF,12
TRBV20-1,TRBJ2-1,SASPSRNNEQF,1
TRBV20-1,TRBJ2-1,SASPSRNRGYNEQF,1
TRBV20-1,TRBJ2-1,SASPSRPNEQF,1
TRBV20-1,TRBJ2-1,SASPSRQDWYNEQF,1
TRBV20-1,TRBJ2-1,SASPSRQGRVFNEQF,1
TRBV20-1,TRBJ2-1,SASPSRRANEQF,1
TRBV20-1,TRBJ2-1,SASPSRRASSYNEQF,1
TRBV20-1,TRBJ2-1,SASPSRRGGYNEQF,4
TRBV20-1,TRBJ2-1,SASPSRRPNEQF,2
TRBV20-1,TRBJ2-1,SASPSRRPNETF,1
TRBV20-1,TRBJ2-1,SASPSRRYNEQF,1
TRBV20-1,TRBJ2-1,SASPSRSAYNEQF,1
TRBV20-1,TRBJ2-1,SASPSRSGSYNEQF,1
TRBV20-1,TRBJ2-1,SASPSRSSYNEQF,4
TRBV20-1,TRBJ2-1,SASPSRSYNEQF,9
TRBV20-1,TRBJ2-1,SASPSRTSGIYNEQF,1
TRBV20-1,TRBJ2-1,SASPSRTSGNEQF,1
TRBV20-1,TRBJ2-1,SASPSRTSGSTKAYNEQF,1
TRBV20-1,TRBJ2-1,SASPSRTSGYNEQF,1
TRBV20-1,TRBJ2-1,SASPSRVEQF,5
TRBV20-1,TRBJ2-1,SASPSRVGSNEQF,2
TRBV20-1,TRBJ2-1,SASPSRVILNDEQF,1
TRBV20-1,TRBJ2-1,SASPSRVINEQF,1
TRBV20-1,TRBJ2-1,SASPSRVNEQF,1
TRBV20-1,TRBJ2-1,SASPSRVPLYNEQF,1
TRBV20-1,TRBJ2-1,SASPSRVTYNEQF,1
TRBV20-1,TRBJ2-1,SASPSRWAYNEQF,2
TRBV20-1,TRBJ2-1,SASPSRYEQF,1
TRBV20-1,TRBJ2-1,SASPSRYNEQF,3
TRBV20-1,TRBJ2-1,SASPSRYNGQF,1
TRBV20-1,TRBJ2-1,SASPSSAEDYNEQF,1
TRBV20-1,TRBJ2-1,SASPSSAENEQF,1
TRBV20-1,TRBJ2-1,SASPSSAGGYEQF,1
TRBV20-1,TRBJ2-1,SASPSSAGGYNEQF,1
TRBV20-1,TRBJ2-1,SASPSSALYNEQF,1
TRBV20-1,TRBJ2-1,SASPSSANEQF,1
TRBV20-1,TRBJ2-1,SASPSSANNEQF,4
TRBV20-1,TRBJ2-1,SASPSSASNEQF,2
TRBV20-1,TRBJ2-1,SASPSSASSYNEQF,2
TRBV20-1,TRBJ2-1,SASPSSAYNEQF,16
TRBV20-1,TRBJ2-1,SASPSSDEQF,5
TRBV20-1,TRBJ2-1,SASPSSDNEQF,9
TRBV20-1,TRBJ2-1,SASPSSDYNEQF,1
TRBV20-1,TRBJ2-1,SASPSSFVEQF,4
TRBV20-1,TRBJ2-1,SASPSSGADEQF,2
TRBV20-1,TRBJ2-1,SASPSSGAGNEQF,1
TRBV20-1,TRBJ2-1,SASPSSGASYNEQF,4
TRBV20-1,TRBJ2-1,SASPSSGAWDEQF,1
TRBV20-1,TRBJ2-1,SASPSSGAYNGQF,1
TRBV20-1,TRBJ2-1,SASPSSGFEQF,8
TRBV20-1,TRBJ2-1,SASPSSGGGNEQF,1
TRBV20-1,TRBJ2-1,SASPSSGGLSYNEQF,1
TRBV20-1,TRBJ2-1,SASPSSGGPIYEQF,1
TRBV20-1,TRBJ2-1,SASPSSGGRNEQF,1
TRBV20-1,TRBJ2-1,SASPSSGGVYNEQF,1
TRBV20-1,TRBJ2-1,SASPSSGINEQF,2
TRBV20-1,TRBJ2-1,SASPSSGIRNEQF,1
TRBV20-1,TRBJ2-1,SASPSSGIYNEQF,4
TRBV20-1,TRBJ2-1,SASPSSGKAYNEQF,1
TRBV20-1,TRBJ2-1,SASPSSGKIDEQF,1
TRBV20-1,TRBJ2-1,SASPSSGKVYNEQF,1
TRBV20-1,TRBJ2-1,SASPSSGLAPNNEQF,1
TRBV20-1,TRBJ2-1,SASPSSGLPYNEQF,1
TRBV20-1,TRBJ2-1,SASPSSGLSSYNEQF,1
TRBV20-1,TRBJ2-1,SASPSSGLSYNEQF,6
TRBV20-1,TRBJ2-1,SASPSSGNEQF,5
TRBV20-1,TRBJ2-1,SASPSSGNNEQF,1
TRBV20-1,TRBJ2-1,SASPSSGPYNEQF,2
TRBV20-1,TRBJ2-1,SASPSSGRADEQF,1
TRBV20-1,TRBJ2-1,SASPSSGRAPRNEQF,7
TRBV20-1,TRBJ2-1,SASPSSGRARDEQF,1
TRBV20-1,TRBJ2-1,SASPSSGRASNEQF,1
TRBV20-1,TRBJ2-1,SASPSSGRAYNEQF,2
TRBV20-1,TRBJ2-1,SASPSSGRFNEQF,1
TRBV20-1,TRBJ2-1,SASPSSGRMINEQF,1
TRBV20-1,TRBJ2-1,SASPSSGRNEQF,1
TRBV20-1,TRBJ2-1,SASPSSGRRDNEQF,1
TRBV20-1,TRBJ2-1,SASPSSGRRNEQF,1
TRBV20-1,TRBJ2-1,SASPSSGRSNEQF,10
TRBV20-1,TRBJ2-1,SASPSSGRVYGNEQF,1
TRBV20-1,TRBJ2-1,SASPSSGSAYNEQF,1
TRBV20-1,TRBJ2-1,SASPSSGSDNEQF,1
TRBV20-1,TRBJ2-1,SASPSSGSFNEQF,1
TRBV20-1,TRBJ2-1,SASPSSGSHYNEQF,1
TRBV20-1,TRBJ2-1,SASPSSGSIYEQF,1
TRBV20-1,TRBJ2-1,SASPSSGSNNEQF,1
TRBV20-1,TRBJ2-1,SASPSSGSRNEQF,1
TRBV20-1,TRBJ2-1,SASPSSGSSYNEQF,3
TRBV20-1,TRBJ2-1,SASPSSGSYEQF,1
TRBV20-1,TRBJ2-1,SASPSSGSYNEQF,1
TRBV20-1,TRBJ2-1,SASPSSGTADDEQF,3
TRBV20-1,TRBJ2-1,SASPSSGTIVNNEQF,1
TRBV20-1,TRBJ2-1,SASPSSGTPYNEQF,1
TRBV20-1,TRBJ2-1,SASPSSGTSVNNEQF,2
TRBV20-1,TRBJ2-1,SASPSSGVHNEQF,1
TRBV20-1,TRBJ2-1,SASPSSGWGNEQF,1
TRBV20-1,TRBJ2-1,SASPSSGWNEQF,1
TRBV20-1,TRBJ2-1,SASPSSGYNEQF,1
TRBV20-1,TRBJ2-1,SASPSSGYYNEQF,1
TRBV20-1,TRBJ2-1,SASPSSHEQF,1
TRBV20-1,TRBJ2-1,SASPSSHSYNEQF,1
TRBV20-1,TRBJ2-1,SASPSSKANEQF,1
TRBV20-1,TRBJ2-1,SASPSSLAGVDEQF,1
TRBV20-1,TRBJ2-1,SASPSSLGNEQF,1
TRBV20-1,TRBJ2-1,SASPSSLGYNEQF,1
TRBV20-1,TRBJ2-1,SASPSSLTLEGRYNEQF,1
TRBV20-1,TRBJ2-1,SASPSSNEHF,1
TRBV20-1,TRBJ2-1,SASPSSNEQF,5
TRBV20-1,TRBJ2-1,SASPSSNNEQF,1
TRBV20-1,TRBJ2-1,SASPSSNYNEQF,1
TRBV20-1,TRBJ2-1,SASPSSPNEQF,1
TRBV20-1,TRBJ2-1,SASPSSPRLLYNEQF,1
TRBV20-1,TRBJ2-1,SASPSSQPSNEQF,1
TRBV20-1,TRBJ2-1,SASPSSRAGAFRHEQF,1
TRBV20-1,TRBJ2-1,SASPSSRQAEQF,5
TRBV20-1,TRBJ2-1,SASPSSRRFNEQF,1
TRBV20-1,TRBJ2-1,SASPSSRSSYNEQF,1
TRBV20-1,TRBJ2-1,SASPSSRYNEQF,1
TRBV20-1,TRBJ2-1,SASPSSSAYNEQF,1
TRBV20-1,TRBJ2-1,SASPSSSFVNEQF,1
TRBV20-1,TRBJ2-1,SASPSSSGSNEQF,1
TRBV20-1,TRBJ2-1,SASPSSSGSYNEQF,1
TRBV20-1,TRBJ2-1,SASPSSSGYNEQF,1
TRBV20-1,TRBJ2-1,SASPSSSYNEQF,6
TRBV20-1,TRBJ2-1,SASPSSTLWGNNEQF,1
TRBV20-1,TRBJ2-1,SASPSSVGYNEQF,1
TRBV20-1,TRBJ2-1,SASPSSVSYNEQF,1
TRBV20-1,TRBJ2-1,SASPSSVTYNEQF,1
TRBV20-1,TRBJ2-1,SASPSSVVSGGVYNEQF,5
TRBV20-1,TRBJ2-1,SASPSSVYNEQF,1
TRBV20-1,TRBJ2-1,SASPSSWNEQF,1
TRBV20-1,TRBJ2-1,SASPSSWQWNNEQF,1
TRBV20-1,TRBJ2-1,SASPSSWYNEQF,1
TRBV20-1,TRBJ2-1,SASPSSYEQF,2
TRBV20-1,TRBJ2-1,SASPSSYNEQF,95
TRBV20-1,TRBJ2-1,SASPSTAGFREQF,2
TRBV20-1,TRBJ2-1,SASPSTAHEQF,1
TRBV20-1,TRBJ2-1,SASPSTAPQF,6
TRBV20-1,TRBJ2-1,SASPSTDNEQF,1
TRBV20-1,TRBJ2-1,SASPSTGATLYNEQF,3
TRBV20-1,TRBJ2-1,SASPSTGDLYNEQF,1
TRBV20-1,TRBJ2-1,SASPSTGGPPNNEQF,1
TRBV20-1,TRBJ2-1,SASPSTGGWYNEQF,1
TRBV20-1,TRBJ2-1,SASPSTGNYNEQF,2
TRBV20-1,TRBJ2-1,SASPSTGRANEQF,1
TRBV20-1,TRBJ2-1,SASPSTGRDNEQF,1
TRBV20-1,TRBJ2-1,SASPSTGRGGDEQF,1
TRBV20-1,TRBJ2-1,SASPSTGRKSEQF,3
TRBV20-1,TRBJ2-1,SASPSTGTGGYNEQF,1
TRBV20-1,TRBJ2-1,SASPSTGTSGRLSYNEQF,1
TRBV20-1,TRBJ2-1,SASPSTGVNEQF,1
TRBV20-1,TRBJ2-1,SASPSTGVRGSKEDEQF,2
TRBV20-1,TRBJ2-1,SASPSTIAYNEQF,1
TRBV20-1,TRBJ2-1,SASPSTIYNEQF,1
TRBV20-1,TRBJ2-1,SASPSTLDEQF,1
TRBV20-1,TRBJ2-1,SASPSTNEQF,2
TRBV20-1,TRBJ2-1,SASPSTNIYNEQF,1
TRBV20-1,TRBJ2-1,SASPSTPGSSSYNEQF,1
TRBV20-1,TRBJ2-1,SASPSTPNEQF,1
TRBV20-1,TRBJ2-1,SASPSTPSGEQF,6
TRBV20-1,TRBJ2-1,SASPSTRLHEQF,1
TRBV20-1,TRBJ2-1,SASPSTRSSYNEQF,1
TRBV20-1,TRBJ2-1,SASPSTRSYNEQF,1
TRBV20-1,TRBJ2-1,SASPSTSALSYNEQF,1
TRBV20-1,TRBJ2-1,SASPSTSGAWDEQF,1
TRBV20-1,TRBJ2-1,SASPSTSGDYNEQF,1
TRBV20-1,TRBJ2-1,SASPSTSGGGDEQF,1
TRBV20-1,TRBJ2-1,SASPSTSGGKNEQF,1
TRBV20-1,TRBJ2-1,SASPSTSGGSDEQF,4
TRBV20-1,TRBJ2-1,SASPSTSGIGYNEQF,1
TRBV20-1,TRBJ2-1,SASPSTSGLTYEQF,1
TRBV20-1,TRBJ2-1,SASPSTSGRADEQF,1
TRBV20-1,TRBJ2-1,SASPSTSGRGDEQF,1
TRBV20-1,TRBJ2-1,SASPSTSGRPPPNEQF,1
TRBV20-1,TRBJ2-1,SASPSTSGRWNEQF,4
TRBV20-1,TRBJ2-1,SASPSTSGSSDEQF,1
TRBV20-1,TRBJ2-1,SASPSTSGSWDEQF,1
TRBV20-1,TRBJ2-1,SASPSTSGSYEQF,1
TRBV20-1,TRBJ2-1,SASPSTSGTNEQF,1
TRBV20-1,TRBJ2-1,SASPSTSGTYNEQF,1
TRBV20-1,TRBJ2-1,SASPSTSPPGDEQF,1
TRBV20-1,TRBJ2-1,SASPSTSPRHNEQF,1
TRBV20-1,TRBJ2-1,SASPSTSSSYNEQF,1
TRBV20-1,TRBJ2-1,SASPSTSSYNEQF,1
TRBV20-1,TRBJ2-1,SASPSTSYNEQF,7
TRBV20-1,TRBJ2-1,SASPSTYNEQF,4
TRBV20-1,TRBJ2-1,SASPSVAAYNEQF,7
TRBV20-1,TRBJ2-1,SASPSVAGVYNEQF,1
TRBV20-1,TRBJ2-1,SASPSVAVGRSNEQF,3
TRBV20-1,TRBJ2-1,SASPSVAYNEQF,2
TRBV20-1,TRBJ2-1,SASPSVDEQF,3
TRBV20-1,TRBJ2-1,SASPSVDNEQF,1
TRBV20-1,TRBJ2-1,SASPSVEEQF,2
TRBV20-1,TRBJ2-1,SASPSVEQF,4
TRBV20-1,TRBJ2-1,SASPSVERGGNEQF,1
TRBV20-1,TRBJ2-1,SASPSVEYNEQF,2
TRBV20-1,TRBJ2-1,SASPSVFFNEQF,1
TRBV20-1,TRBJ2-1,SASPSVGGLYNEQF,1
TRBV20-1,TRBJ2-1,SASPSVGSYNEQF,2
TRBV20-1,TRBJ2-1,SASPSVHEQF,1
TRBV20-1,TRBJ2-1,SASPSVIYNEQF,1
TRBV20-1,TRBJ2-1,SASPSVKNNEQF,1
TRBV20-1,TRBJ2-1,SASPSVLAGDNEQF,1
TRBV20-1,TRBJ2-1,SASPSVLYNEQF,1
TRBV20-1,TRBJ2-1,SASPSVMYNEQF,1
TRBV20-1,TRBJ2-1,SASPSVNEQF,7
TRBV20-1,TRBJ2-1,SASPSVNNEQF,1
TRBV20-1,TRBJ2-1,SASPSVPYNEQF,3
TRBV20-1,TRBJ2-1,SASPSVRASGSGGNEQF,1
TRBV20-1,TRBJ2-1,SASPSVSGYNEQF,1
TRBV20-1,TRBJ2-1,SASPSVSNTYNEQF,1
TRBV20-1,TRBJ2-1,SASPSVSSYNEQF,4
TRBV20-1,TRBJ2-1,SASPSVSYNEQF,4
TRBV20-1,TRBJ2-1,SASPSVVDEQF,1
TRBV20-1,TRBJ2-1,SASPSVVPSYNEQF,1
TRBV20-1,TRBJ2-1,SASPSVVQF,3
TRBV20-1,TRBJ2-1,SASPSVVTSYNEQF,1
TRBV20-1,TRBJ2-1,SASPSVWGSNNEQF,1
TRBV20-1,TRBJ2-1,SASPSVYNEQF,7
TRBV20-1,TRBJ2-1,SASPSVYYYYNEQF,1
TRBV20-1,TRBJ2-1,SASPSWAYNEQF,1
TRBV20-1,TRBJ2-1,SASPSWDEQF,2
TRBV20-1,TRBJ2-1,SASPSWDTYNEQF,2
TRBV20-1,TRBJ2-1,SASPSWFDEQF,2
TRBV20-1,TRBJ2-1,SASPSWGANEQF,1
TRBV20-1,TRBJ2-1,SASPSWGKTGSYNEQF,1
TRBV20-1,TRBJ2-1,SASPSWGNEQF,1
TRBV20-1,TRBJ2-1,SASPSWGNNEQF,3
TRBV20-1,TRBJ2-1,SASPSWGSYNEQF,1
TRBV20-1,TRBJ2-1,SASPSWPSGRAAVHNEQF,1
TRBV20-1,TRBJ2-1,SASPSWRDVYNEQF,1
TRBV20-1,TRBJ2-1,SASPSWREGLIISYNEQF,1
TRBV20-1,TRBJ2-1,SASPSWSSYNEQF,6
TRBV20-1,TRBJ2-1,SASPSWTDYNEQF,1
TRBV20-1,TRBJ2-1,SASPSYELF,1
TRBV20-1,TRBJ2-1,SASPSYEQF,14
TRBV20-1,TRBJ2-1,SASPSYGGLLDSLALDEQF,1
TRBV20-1,TRBJ2-1,SASPSYGSSYNEQF,3
TRBV20-1,TRBJ2-1,SASPSYHEQF,2
TRBV20-1,TRBJ2-1,SASPSYIEQF,1
TRBV20-1,TRBJ2-1,SASPSYNAQF,1
TRBV20-1,TRBJ2-1,SASPSYNDQI,1
TRBV20-1,TRBJ2-1,SASPSYNEQF,253
TRBV20-1,TRBJ2-1,SASPSYNEQI,1
TRBV20-1,TRBJ2-1,SASPSYNEQL,1
TRBV20-1,TRBJ2-1,SASPSYNEQS,1
TRBV20-1,TRBJ2-1,SASPSYNEQV,2
TRBV20-1,TRBJ2-1,SASPSYNERF,2
TRBV20-1,TRBJ2-1,SASPSYNGQF,1
TRBV20-1,TRBJ2-1,SASPSYNNEQF,1
TRBV20-1,TRBJ2-1,SASPSYNVQF,2
TRBV20-1,TRBJ2-1,SASPSYSSYNEQF,1
TRBV20-1,TRBJ2-1,SASPSYTSYNEQF,1
TRBV20-1,TRBJ2-1,SASPSYYNEQF,2
TRBV20-1,TRBJ2-1,SASPTAALANNEQF,1
TRBV20-1,TRBJ2-1,SASPTADRVTNEQF,1
TRBV20-1,TRBJ2-1,SASPTAEEQF,7
TRBV20-1,TRBJ2-1,SASPTAGATYNEQF,8
TRBV20-1,TRBJ2-1,SASPTAGAVNEQF,1
TRBV20-1,TRBJ2-1,SASPTAGGPDEQF,1
TRBV20-1,TRBJ2-1,SASPTAGGPHNEQF,1
TRBV20-1,TRBJ2-1,SASPTAGGVQAAQF,2
TRBV20-1,TRBJ2-1,SASPTAGGYNEQF,1
TRBV20-1,TRBJ2-1,SASPTAGIVGRAHEQF,1
TRBV20-1,TRBJ2-1,SASPTAGIYNEQF,1
TRBV20-1,TRBJ2-1,SASPTAGKIYEQF,1
TRBV20-1,TRBJ2-1,SASPTAGLYNEQF,1
TRBV20-1,TRBJ2-1,SASPTAGNEQF,1
TRBV20-1,TRBJ2-1,SASPTAGNNEQF,1
TRBV20-1,TRBJ2-1,SASPTAGPYNEQF,1
TRBV20-1,TRBJ2-1,SASPTAGRSYNEQF,2
TRBV20-1,TRBJ2-1,SASPTAGSYNEQF,2
TRBV20-1,TRBJ2-1,SASPTAGTYNEQF,2
TRBV20-1,TRBJ2-1,SASPTAGVGEQF,1
TRBV20-1,TRBJ2-1,SASPTAGVYNEQF,1
TRBV20-1,TRBJ2-1,SASPTAPGRDYNEQF,2
TRBV20-1,TRBJ2-1,SASPTAPYNEQF,1
TRBV20-1,TRBJ2-1,SASPTARKTSYNEQF,1
TRBV20-1,TRBJ2-1,SASPTASGRHAYNEQF,1
TRBV20-1,TRBJ2-1,SASPTASGRNEQF,1
TRBV20-1,TRBJ2-1,SASPTASSYNEQF,2
TRBV20-1,TRBJ2-1,SASPTASYNEQF,1
TRBV20-1,TRBJ2-1,SASPTATGRYEQF,2
TRBV20-1,TRBJ2-1,SASPTATSGRRTEQF,1
TRBV20-1,TRBJ2-1,SASPTATSGSRTEQF,2
TRBV20-1,TRBJ2-1,SASPTATSNYNEQF,1
TRBV20-1,TRBJ2-1,SASPTAVSYNEQF,1
TRBV20-1,TRBJ2-1,SASPTAYDEQF,1
TRBV20-1,TRBJ2-1,SASPTAYNEQF,1
TRBV20-1,TRBJ2-1,SASPTDESSYNEQF,1
TRBV20-1,TRBJ2-1,SASPTDGSYNEQF,1
TRBV20-1,TRBJ2-1,SASPTDIHGDEQF,1
TRBV20-1,TRBJ2-1,SASPTDNEQF,1
TRBV20-1,TRBJ2-1,SASPTDNSYNEQF,1
TRBV20-1,TRBJ2-1,SASPTDPNEQF,1
TRBV20-1,TRBJ2-1,SASPTDRAEYNEQF,1
TRBV20-1,TRBJ2-1,SASPTDRASYNEQF,1
TRBV20-1,TRBJ2-1,SASPTDRGWANEQF,1
TRBV20-1,TRBJ2-1,SASPTDRNNEQF,1
TRBV20-1,TRBJ2-1,SASPTDRPHEQF,1
TRBV20-1,TRBJ2-1,SASPTDSPNEQF,1
TRBV20-1,TRBJ2-1,SASPTDSYNEQF,4
TRBV20-1,TRBJ2-1,SASPTDTAGKYNEQF,1
TRBV20-1,TRBJ2-1,SASPTEASYNEQF,1
TRBV20-1,TRBJ2-1,SASPTEGFTYNEQF,4
TRBV20-1,TRBJ2-1,SASPTEHSYNEQF,2
TRBV20-1,TRBJ2-1,SASPTELHEQF,1
TRBV20-1,TRBJ2-1,SASPTENTWNEQF,1
TRBV20-1,TRBJ2-1,SASPTEQF,6
TRBV20-1,TRBJ2-1,SASPTERSYNEQF,1
TRBV20-1,TRBJ2-1,SASPTESSYNEQF,6
TRBV20-1,TRBJ2-1,SASPTETGSYNEQF,1
TRBV20-1,TRBJ2-1,SASPTEYNEQF,2
TRBV20-1,TRBJ2-1,SASPTEYVSSYNEQF,1
TRBV20-1,TRBJ2-1,SASPTFNEQF,1
TRBV20-1,TRBJ2-1,SASPTFPSGGSYNEQF,1
TRBV20-1,TRBJ2-1,SASPTFSYNEQF,2
TRBV20-1,TRBJ2-1,SASPTFTGEKF,4
TRBV20-1,TRBJ2-1,SASPTFTGNDEQF,1
TRBV20-1,TRBJ2-1,SASPTFWGENDNEQF,1
TRBV20-1,TRBJ2-1,SASPTFWSENDNEQF,8
TRBV20-1,TRBJ2-1,SASPTGAFYNEQF,1
TRBV20-1,TRBJ2-1,SASPTGAINEQF,1
TRBV20-1,TRBJ2-1,SASPTGALFSEQF,4
TRBV20-1,TRBJ2-1,SASPTGARNEQF,1
TRBV20-1,TRBJ2-1,SASPTGASYNEQF,3
TRBV20-1,TRBJ2-1,SASPTGATYNEQF,1
TRBV20-1,TRBJ2-1,SASPTGDEQF,2
TRBV20-1,TRBJ2-1,SASPTGDLFNEQF,1
TRBV20-1,TRBJ2-1,SASPTGDNEQF,4
TRBV20-1,TRBJ2-1,SASPTGDPAYNEQF,1
TRBV20-1,TRBJ2-1,SASPTGENNEQF,1
TRBV20-1,TRBJ2-1,SASPTGESYNEQF,1
TRBV20-1,TRBJ2-1,SASPTGFSNEQF,2
TRBV20-1,TRBJ2-1,SASPTGGAGRAYNEQF,4
TRBV20-1,TRBJ2-1,SASPTGGAISRYNEQF,1
TRBV20-1,TRBJ2-1,SASPTGGATSEQF,3
TRBV20-1,TRBJ2-1,SASPTGGAYNEQF,1
TRBV20-1,TRBJ2-1,SASPTGGEAYNEQF,1
TRBV20-1,TRBJ2-1,SASPTGGESVSYNEQF,1
TRBV20-1,TRBJ2-1,SASPTGGGDNEQF,2
TRBV20-1,TRBJ2-1,SASPTGGGGKGSYNEQF,1
TRBV20-1,TRBJ2-1,SASPTGGGQF,3
TRBV20-1,TRBJ2-1,SASPTGGGRYNEQF,2
TRBV20-1,TRBJ2-1,SASPTGGGYNEQF,2
TRBV20-1,TRBJ2-1,SASPTGGHSYNEQF,1
TRBV20-1,TRBJ2-1,SASPTGGIVGRAHEQF,6
TRBV20-1,TRBJ2-1,SASPTGGLAESYNEQF,1
TRBV20-1,TRBJ2-1,SASPTGGLAGYEQF,1
TRBV20-1,TRBJ2-1,SASPTGGLAPTVPYNEQF,1
TRBV20-1,TRBJ2-1,SASPTGGLARYNEQF,1
TRBV20-1,TRBJ2-1,SASPTGGLSNEQF,1
TRBV20-1,TRBJ2-1,SASPTGGNEQF,6
TRBV20-1,TRBJ2-1,SASPTGGNFNEQF,1
TRBV20-1,TRBJ2-1,SASPTGGNYNEQF,2
TRBV20-1,TRBJ2-1,SASPTGGPNEQF,1
TRBV20-1,TRBJ2-1,SASPTGGPPNEQF,1
TRBV20-1,TRBJ2-1,SASPTGGPYIEQF,1
TRBV20-1,TRBJ2-1,SASPTGGPYNEQF,2
TRBV20-1,TRBJ2-1,SASPTGGQGYNEQF,1
TRBV20-1,TRBJ2-1,SASPTGGQHNEQF,1
TRBV20-1,TRBJ2-1,SASPTGGRGANEQF,1
TRBV20-1,TRBJ2-1,SASPTGGSKNEQF,1
TRBV20-1,TRBJ2-1,SASPTGGSSYNEQF,9
TRBV20-1,TRBJ2-1,SASPTGGSYNEQF,10
TRBV20-1,TRBJ2-1,SASPTGGTYNEQF,2
TRBV20-1,TRBJ2-1,SASPTGGVIFNEQF,1
TRBV20-1,TRBJ2-1,SASPTGGVILNAQF,1
TRBV20-1,TRBJ2-1,SASPTGGYINEQF,4
TRBV20-1,TRBJ2-1,SASPTGGYNEQF,4
TRBV20-1,TRBJ2-1,SASPTGHDNEQF,1
TRBV20-1,TRBJ2-1,SASPTGHIGTYNEQF,1
TRBV20-1,TRBJ2-1,SASPTGHSNEQF,1
TRBV20-1,TRBJ2-1,SASPTGIIYNEQF,1
TRBV20-1,TRBJ2-1,SASPTGINEQF,1
TRBV20-1,TRBJ2-1,SASPTGISYNEQF,2
TRBV20-1,TRBJ2-1,SASPTGKNGNEQF,3
TRBV20-1,TRBJ2-1,SASPTGKNNEQF,1
TRBV20-1,TRBJ2-1,SASPTGLAAYNEQF,2
TRBV20-1,TRBJ2-1,SASPTGLADIYNEQF,2
TRBV20-1,TRBJ2-1,SASPTGLAGASSYNEQF,1
TRBV20-1,TRBJ2-1,SASPTGLAGGTSSYNEQF,1
TRBV20-1,TRBJ2-1,SASPTGLAGVGWGNEQF,1
TRBV20-1,TRBJ2-1,SASPTGLAGYDEQF,1
TRBV20-1,TRBJ2-1,SASPTGLAKYNEQF,1
TRBV20-1,TRBJ2-1,SASPTGLDEQF,4
TRBV20-1,TRBJ2-1,SASPTGLGYNEQF,1
TRBV20-1,TRBJ2-1,SASPTGLLPPYNEQF,1
TRBV20-1,TRBJ2-1,SASPTGLRKIEQF,1
TRBV20-1,TRBJ2-1,SASPTGLRKNEQF,26
TRBV20-1,TRBJ2-1,SASPTGLSNEQF,1
TRBV20-1,TRBJ2-1,SASPTGLSYNEQF,3
TRBV20-1,TRBJ2-1,SASPTGLTYNEQF,1
TRBV20-1,TRBJ2-1,SASPTGLVYNEQF,1
TRBV20-1,TRBJ2-1,SASPTGLYNEQF,1
TRBV20-1,TRBJ2-1,SASPTGNEQF,17
TRBV20-1,TRBJ2-1,SASPTGNNEQF,4
TRBV20-1,TRBJ2-1,SASPTGNYNEQF,1
TRBV20-1,TRBJ2-1,SASPTGPAF,2
TRBV20-1,TRBJ2-1,SASPTGPDGVYNEQF,1
TRBV20-1,TRBJ2-1,SASPTGPEWNEQF,1
TRBV20-1,TRBJ2-1,SASPTGPGFFDSYNEQF,1
TRBV20-1,TRBJ2-1,SASPTGPGLAGGGAYNEQF,1
TRBV20-1,TRBJ2-1,SASPTGPHNEQF,6
TRBV20-1,TRBJ2-1,SASPTGPRNEQF,1
TRBV20-1,TRBJ2-1,SASPTGPSSYNEQF,1
TRBV20-1,TRBJ2-1,SASPTGPTYNEQF,1
TRBV20-1,TRBJ2-1,SASPTGPYNEQF,12
TRBV20-1,TRBJ2-1,SASPTGQGYNEQF,1
TRBV20-1,TRBJ2-1,SASPTGQRSSYNEQF,1
TRBV20-1,TRBJ2-1,SASPTGQVYNEQF,1
TRBV20-1,TRBJ2-1,SASPTGRALSYNEQF,1
TRBV20-1,TRBJ2-1,SASPTGRAYNEQF,1
TRBV20-1,TRBJ2-1,SASPTGRDNEQF,1
TRBV20-1,TRBJ2-1,SASPTGREFYNEQF,1
TRBV20-1,TRBJ2-1,SASPTGRGGNEQF,1
TRBV20-1,TRBJ2-1,SASPTGRGWRDEQF,1
TRBV20-1,TRBJ2-1,SASPTGRGYNEQF,1
TRBV20-1,TRBJ2-1,SASPTGRLAFYNEQF,1
TRBV20-1,TRBJ2-1,SASPTGRLAGRYNEQF,1
TRBV20-1,TRBJ2-1,SASPTGRLNEQF,7
TRBV20-1,TRBJ2-1,SASPTGRNEQF,1
TRBV20-1,TRBJ2-1,SASPTGRPEGFNEQF,1
TRBV20-1,TRBJ2-1,SASPTGRSWDYNEQF,1
TRBV20-1,TRBJ2-1,SASPTGRWTYNEQF,1
TRBV20-1,TRBJ2-1,SASPTGSDEQF,9
TRBV20-1,TRBJ2-1,SASPTGSNEQF,2
TRBV20-1,TRBJ2-1,SASPTGSRGNEQF,1
TRBV20-1,TRBJ2-1,SASPTGSSYNEQF,6
TRBV20-1,TRBJ2-1,SASPTGSVIYNEQF,1
TRBV20-1,TRBJ2-1,SASPTGSWIYNEQF,1
TRBV20-1,TRBJ2-1,SASPTGSYNEQF,4
TRBV20-1,TRBJ2-1,SASPTGTAYNEQF,1
TRBV20-1,TRBJ2-1,SASPTGTAYNEQY,1
TRBV20-1,TRBJ2-1,SASPTGTDNEQF,1
TRBV20-1,TRBJ2-1,SASPTGTESNEQF,1
TRBV20-1,TRBJ2-1,SASPTGTFSYNEQF,1
TRBV20-1,TRBJ2-1,SASPTGTGKVNEQF,1
TRBV20-1,TRBJ2-1,SASPTGTGSYNEQF,1
TRBV20-1,TRBJ2-1,SASPTGTISWNEQF,1
TRBV20-1,TRBJ2-1,SASPTGTLLYNEQF,6
TRBV20-1,TRBJ2-1,SASPTGTPRSDEQF,1
TRBV20-1,TRBJ2-1,SASPTGTPYNEQF,1
TRBV20-1,TRBJ2-1,SASPTGTQF,4
TRBV20-1,TRBJ2-1,SASPTGTRGNNEQF,1
TRBV20-1,TRBJ2-1,SASPTGTRPYNEQF,1
TRBV20-1,TRBJ2-1,SASPTGTRYNEQF,1
TRBV20-1,TRBJ2-1,SASPTGTSFHEQF,1
TRBV20-1,TRBJ2-1,SASPTGTSGGNEQF,5
TRBV20-1,TRBJ2-1,SASPTGTSGHNEQF,1
TRBV20-1,TRBJ2-1,SASPTGTSGKSSYNEQF,1
TRBV20-1,TRBJ2-1,SASPTGTSGNEQF,1
TRBV20-1,TRBJ2-1,SASPTGTSGRNRYNEQF,1
TRBV20-1,TRBJ2-1,SASPTGTSGRPSYNEQF,1
TRBV20-1,TRBJ2-1,SASPTGTSGRSEQF,3
TRBV20-1,TRBJ2-1,SASPTGTSGSHEQF,1
TRBV20-1,TRBJ2-1,SASPTGTSGYNEPF,1
TRBV20-1,TRBJ2-1,SASPTGTSGYNEQF,39
TRBV20-1,TRBJ2-1,SASPTGTSQNEQF,8
TRBV20-1,TRBJ2-1,SASPTGTSRNEQF,1
TRBV20-1,TRBJ2-1,SASPTGTSSFNEQF,1
TRBV20-1,TRBJ2-1,SASPTGTSTWNEQF,1
TRBV20-1,TRBJ2-1,SASPTGTSTYNEQF,1
TRBV20-1,TRBJ2-1,SASPTGTSYDEQF,1
TRBV20-1,TRBJ2-1,SASPTGTSYHEQF,1
TRBV20-1,TRBJ2-1,SASPTGTSYIDQF,1
TRBV20-1,TRBJ2-1,SASPTGTSYKEQF,3
TRBV20-1,TRBJ2-1,SASPTGTSYNAQF,1
TRBV20-1,TRBJ2-1,SASPTGTSYNDQF,1
TRBV20-1,TRBJ2-1,SASPTGTSYNEHF,1
TRBV20-1,TRBJ2-1,SASPTGTSYNEPF,2
TRBV20-1,TRBJ2-1,SASPTGTSYNEQC,1
TRBV20-1,TRBJ2-1,SASPTGTSYNEQF,107
TRBV20-1,TRBJ2-1,SASPTGTSYNEQL,2
TRBV20-1,TRBJ2-1,SASPTGTSYTEQF,1
TRBV20-1,TRBJ2-1,SASPTGTVNNEQF,1
TRBV20-1,TRBJ2-1,SASPTGTVSSYNEQF,3
TRBV20-1,TRBJ2-1,SASPTGTVYNEQF,1
TRBV20-1,TRBJ2-1,SASPTGTYNEQF,2
TRBV20-1,TRBJ2-1,SASPTGVANYNEQF,1
TRBV20-1,TRBJ2-1,SASPTGVFYNEQF,1
TRBV20-1,TRBJ2-1,SASPTGVKSSYNEQF,1
TRBV20-1,TRBJ2-1,SASPTGVLFSYNEQF,1
TRBV20-1,TRBJ2-1,SASPTGVLSYNEQF,1
TRBV20-1,TRBJ2-1,SASPTGVNEQF,1
TRBV20-1,TRBJ2-1,SASPTGVSSYNEQF,1
TRBV20-1,TRBJ2-1,SASPTGVSYNEQF,1
TRBV20-1,TRBJ2-1,SASPTGWKYNEQF,1
TRBV20-1,TRBJ2-1,SASPTGWNEQF,4
TRBV20-1,TRBJ2-1,SASPTGYEQF,1
TRBV20-1,TRBJ2-1,SASPTGYIAGGVIEQF,4
TRBV20-1,TRBJ2-1,SASPTGYNEQF,6
TRBV20-1,TRBJ2-1,SASPTGYSQF,2
TRBV20-1,TRBJ2-1,SASPTHFSSYNEQF,1
TRBV20-1,TRBJ2-1,SASPTHGGNEQF,1
TRBV20-1,TRBJ2-1,SASPTHGWEALNNEQF,1
TRBV20-1,TRBJ2-1,SASPTHLGTSDNEQF,1
TRBV20-1,TRBJ2-1,SASPTHLSYNEQF,3
TRBV20-1,TRBJ2-1,SASPTHNEQF,2
TRBV20-1,TRBJ2-1,SASPTHSNEQF,1
TRBV20-1,TRBJ2-1,SASPTIAEIYNEQF,1
TRBV20-1,TRBJ2-1,SASPTIAYNEQF,1
TRBV20-1,TRBJ2-1,SASPTIIFYNEQF,1
TRBV20-1,TRBJ2-1,SASPTILAGAYNEQF,1
TRBV20-1,TRBJ2-1,SASPTILNEQF,1
TRBV20-1,TRBJ2-1,SASPTILWDNEQF,1
TRBV20-1,TRBJ2-1,SASPTIPGDNEQF,1
TRBV20-1,TRBJ2-1,SASPTIPLSDNEQF,1
TRBV20-1,TRBJ2-1,SASPTIPYNEQF,1
TRBV20-1,TRBJ2-1,SASPTISSYNEQF,1
TRBV20-1,TRBJ2-1,SASPTIYNEQF,1
TRBV20-1,TRBJ2-1,SASPTKSSYNEQF,1
TRBV20-1,TRBJ2-1,SASPTKTYYNEQF,1
TRBV20-1,TRBJ2-1,SASPTLAASYNEQF,1
TRBV20-1,TRBJ2-1,SASPTLAEQF,5
TRBV20-1,TRBJ2-1,SASPTLAEVNYNEQF,1
TRBV20-1,TRBJ2-1,SASPTLAGAYNEQF,1
TRBV20-1,TRBJ2-1,SASPTLAGEQF,5
TRBV20-1,TRBJ2-1,SASPTLAGGHNEQF,3
TRBV20-1,TRBJ2-1,SASPTLAGGRNEQF,1
TRBV20-1,TRBJ2-1,SASPTLAGPYNEQF,3
TRBV20-1,TRBJ2-1,SASPTLAGRYYNEQF,1
TRBV20-1,TRBJ2-1,SASPTLAGSSYNEQF,1
TRBV20-1,TRBJ2-1,SASPTLAGVGNEQF,1
TRBV20-1,TRBJ2-1,SASPTLAKTYNEQF,1
TRBV20-1,TRBJ2-1,SASPTLAVSYNEQF,1
TRBV20-1,TRBJ2-1,SASPTLAYSYNEQF,1
TRBV20-1,TRBJ2-1,SASPTLDLEGGVIYNEQF,1
TRBV20-1,TRBJ2-1,SASPTLGAYNEQF,1
TRBV20-1,TRBJ2-1,SASPTLGGGHNEQF,1
TRBV20-1,TRBJ2-1,SASPTLGGGNEQF,2
TRBV20-1,TRBJ2-1,SASPTLGNEQF,3
TRBV20-1,TRBJ2-1,SASPTLGSSYNEQF,4
TRBV20-1,TRBJ2-1,SASPTLGSYNEQF,2
TRBV20-1,TRBJ2-1,SASPTLGTYAYEQF,1
TRBV20-1,TRBJ2-1,SASPTLGVGGNEQF,1
TRBV20-1,TRBJ2-1,SASPTLGWGWKNEQF,1
TRBV20-1,TRBJ2-1,SASPTLLAGGYNEQF,1
TRBV20-1,TRBJ2-1,SASPTLLYNEQF,1
TRBV20-1,TRBJ2-1,SASPTLNEQF,1
TRBV20-1,TRBJ2-1,SASPTLNGGRSYNEQF,1
TRBV20-1,TRBJ2-1,SASPTLPNNEQF,1
TRBV20-1,TRBJ2-1,SASPTLQTAYNEQF,1
TRBV20-1,TRBJ2-1,SASPTLRRGDEQF,7
TRBV20-1,TRBJ2-1,SASPTLSSYNEQF,2
TRBV20-1,TRBJ2-1,SASPTLSYNEQF,1
TRBV20-1,TRBJ2-1,SASPTLTANEQF,1
TRBV20-1,TRBJ2-1,SASPTLTLHSYNEQF,1
TRBV20-1,TRBJ2-1,SASPTLTSGNEQF,1
TRBV20-1,TRBJ2-1,SASPTLTSGSYNEQF,1
TRBV20-1,TRBJ2-1,SASPTLVSGYNEQF,1
TRBV20-1,TRBJ2-1,SASPTLYNEQF,11
TRBV20-1,TRBJ2-1,SASPTMSANNEQF,1
TRBV20-1,TRBJ2-1,SASPTNEQF,10
TRBV20-1,TRBJ2-1,SASPTNGGMHEQF,1
TRBV20-1,TRBJ2-1,SASPTNLLAGLYNEQF,1
TRBV20-1,TRBJ2-1,SASPTNLWDNEQF,18
TRBV20-1,TRBJ2-1,SASPTNNEQF,1
TRBV20-1,TRBJ2-1,SASPTNRGQLNEQF,3
TRBV20-1,TRBJ2-1,SASPTPELATFFNEQF,1
TRBV20-1,TRBJ2-1,SASPTPFEEQF,4
TRBV20-1,TRBJ2-1,SASPTPGDEQF,1
TRBV20-1,TRBJ2-1,SASPTPGHEQF,1
TRBV20-1,TRBJ2-1,SASPTPGNEQF,1
TRBV20-1,TRBJ2-1,SASPTPGPRINEQF,1
TRBV20-1,TRBJ2-1,SASPTPGPSYNEQF,1
TRBV20-1,TRBJ2-1,SASPTPGTGSVNEQF,1
TRBV20-1,TRBJ2-1,SASPTPGTSEDEQF,1
TRBV20-1,TRBJ2-1,SASPTPGTSGANEQF,1
TRBV20-1,TRBJ2-1,SASPTPLAGSGNEQF,1
TRBV20-1,TRBJ2-1,SASPTPLSGKSNEQF,1
TRBV20-1,TRBJ2-1,SASPTPNEQF,8
TRBV20-1,TRBJ2-1,SASPTPPRGNNEQF,1
TRBV20-1,TRBJ2-1,SASPTPSGKRDEQF,1
TRBV20-1,TRBJ2-1,SASPTPSSGRSYNEQF,1
TRBV20-1,TRBJ2-1,SASPTPSSYNEQF,1
TRBV20-1,TRBJ2-1,SASPTPTSGRRYNEQF,1
TRBV20-1,TRBJ2-1,SASPTPVDEQF,1
TRBV20-1,TRBJ2-1,SASPTPYNEQF,4
TRBV20-1,TRBJ2-1,SASPTQGDNEQF,1
TRBV20-1,TRBJ2-1,SASPTQGPYNEQF,1
TRBV20-1,TRBJ2-1,SASPTQGSGGYNEQF,1
TRBV20-1,TRBJ2-1,SASPTQHSSYNEQF,1
TRBV20-1,TRBJ2-1,SASPTQPLSSYNEQF,1
TRBV20-1,TRBJ2-1,SASPTRAGVYEQF,1
TRBV20-1,TRBJ2-1,SASPTRANEQF,1
TRBV20-1,TRBJ2-1,SASPTRANPTLNEQF,4
TRBV20-1,TRBJ2-1,SASPTRAPYNEQF,1
TRBV20-1,TRBJ2-1,SASPTRDEQF,4
TRBV20-1,TRBJ2-1,SASPTRDVSYNEQF,1
TRBV20-1,TRBJ2-1,SASPTREGNNEQF,1
TRBV20-1,TRBJ2-1,SASPTRELYNEQF,1
TRBV20-1,TRBJ2-1,SASPTRFFLNEQF,1
TRBV20-1,TRBJ2-1,SASPTRFGLNEQF,1
TRBV20-1,TRBJ2-1,SASPTRFLSYNEQF,1
TRBV20-1,TRBJ2-1,SASPTRGDEQF,1
TRBV20-1,TRBJ2-1,SASPTRGDVYEQF,1
TRBV20-1,TRBJ2-1,SASPTRGEQF,3
TRBV20-1,TRBJ2-1,SASPTRGGPNNEQF,1
TRBV20-1,TRBJ2-1,SASPTRGLADEQF,4
TRBV20-1,TRBJ2-1,SASPTRGLAGGHEQF,1
TRBV20-1,TRBJ2-1,SASPTRGNEQF,1
TRBV20-1,TRBJ2-1,SASPTRGSGHEQF,4
TRBV20-1,TRBJ2-1,SASPTRGYNEQF,1
TRBV20-1,TRBJ2-1,SASPTRKGNEQF,3
TRBV20-1,TRBJ2-1,SASPTRLAGYEQF,1
TRBV20-1,TRBJ2-1,SASPTRLARGGYNEQF,1
TRBV20-1,TRBJ2-1,SASPTRLNEQF,1
TRBV20-1,TRBJ2-1,SASPTRLPRTNNEQF,1
TRBV20-1,TRBJ2-1,SASPTRLVGGNNEQF,2
TRBV20-1,TRBJ2-1,SASPTRMGLAKVYNEQF,1
TRBV20-1,TRBJ2-1,SASPTRMLYNEQF,1
TRBV20-1,TRBJ2-1,SASPTRNEQF,10
TRBV20-1,TRBJ2-1,SASPTRNNEQF,1
TRBV20-1,TRBJ2-1,SASPTRNSGYNEQF,1
TRBV20-1,TRBJ2-1,SASPTRPRDEQF,1
TRBV20-1,TRBJ2-1,SASPTRQTNEQF,1
TRBV20-1,TRBJ2-1,SASPTRQVYNEQF,1
TRBV20-1,TRBJ2-1,SASPTRRSRYNEQF,1
TRBV20-1,TRBJ2-1,SASPTRSGSLNEQF,1
TRBV20-1,TRBJ2-1,SASPTRSYNEQF,2
TRBV20-1,TRBJ2-1,SASPTRTPYNEQF,1
TRBV20-1,TRBJ2-1,SASPTRTRVYNEQF,1
TRBV20-1,TRBJ2-1,SASPTRTSGSPVGYNEQF,2
TRBV20-1,TRBJ2-1,SASPTRTSVYNEQF,1
TRBV20-1,TRBJ2-1,SASPTRTSYNEQF,1
TRBV20-1,TRBJ2-1,SASPTRTYNEQF,1
TRBV20-1,TRBJ2-1,SASPTRVYNEQF,1
TRBV20-1,TRBJ2-1,SASPTRYNEQF,2
TRBV20-1,TRBJ2-1,SASPTSAFSYNEQF,1
TRBV20-1,TRBJ2-1,SASPTSAGVDEQF,1
TRBV20-1,TRBJ2-1,SASPTSAHNEQF,4
TRBV20-1,TRBJ2-1,SASPTSAPSNEQF,1
TRBV20-1,TRBJ2-1,SASPTSAPTYNEQF,1
TRBV20-1,TRBJ2-1,SASPTSAQYNEQF,1
TRBV20-1,TRBJ2-1,SASPTSASIYNEQF,1
TRBV20-1,TRBJ2-1,SASPTSASYNEQF,2
TRBV20-1,TRBJ2-1,SASPTSATTYNEQF,4
TRBV20-1,TRBJ2-1,SASPTSATYNEQF,1
TRBV20-1,TRBJ2-1,SASPTSAYNEQF,3
TRBV20-1,TRBJ2-1,SASPTSDEQF,4
TRBV20-1,TRBJ2-1,SASPTSDRGYNEQF,1
TRBV20-1,TRBJ2-1,SASPTSFEQF,1
TRBV20-1,TRBJ2-1,SASPTSFNEQF,1
TRBV20-1,TRBJ2-1,SASPTSFSYNEQF,1
TRBV20-1,TRBJ2-1,SASPTSGAAEQF,2
TRBV20-1,TRBJ2-1,SASPTSGADNEQF,1
TRBV20-1,TRBJ2-1,SASPTSGAHEQF,1
TRBV20-1,TRBJ2-1,SASPTSGANEQF,5
TRBV20-1,TRBJ2-1,SASPTSGAYNEQF,14
TRBV20-1,TRBJ2-1,SASPTSGAYSEQF,1
TRBV20-1,TRBJ2-1,SASPTSGDINEQF,1
TRBV20-1,TRBJ2-1,SASPTSGDNEQF,1
TRBV20-1,TRBJ2-1,SASPTSGDNNEQF,1
TRBV20-1,TRBJ2-1,SASPTSGDSYNEQF,1
TRBV20-1,TRBJ2-1,SASPTSGDTNEQF,1
TRBV20-1,TRBJ2-1,SASPTSGDYNEQF,1
TRBV20-1,TRBJ2-1,SASPTSGDYYNEQF,1
TRBV20-1,TRBJ2-1,SASPTSGERDNEQF,1
TRBV20-1,TRBJ2-1,SASPTSGFGNEQF,1
TRBV20-1,TRBJ2-1,SASPTSGFNEQF,1
TRBV20-1,TRBJ2-1,SASPTSGFNNEQF,1
TRBV20-1,TRBJ2-1,SASPTSGFPPDEQF,1
TRBV20-1,TRBJ2-1,SASPTSGFYNEQF,10
TRBV20-1,TRBJ2-1,SASPTSGGAGSDEQF,1
TRBV20-1,TRBJ2-1,SASPTSGGAHEQF,2
TRBV20-1,TRBJ2-1,SASPTSGGAKGEQF,6
TRBV20-1,TRBJ2-1,SASPTSGGANEQF,1
TRBV20-1,TRBJ2-1,SASPTSGGASEQF,3
TRBV20-1,TRBJ2-1,SASPTSGGASRF,9
TRBV20-1,TRBJ2-1,SASPTSGGAYNEQF,1
TRBV20-1,TRBJ2-1,SASPTSGGDEQF,2
TRBV20-1,TRBJ2-1,SASPTSGGDNEQF,1
TRBV20-1,TRBJ2-1,SASPTSGGDSYNEQF,1
TRBV20-1,TRBJ2-1,SASPTSGGEEQF,7
TRBV20-1,TRBJ2-1,SASPTSGGFINEQF,3
TRBV20-1,TRBJ2-1,SASPTSGGFNEQF,3
TRBV20-1,TRBJ2-1,SASPTSGGHYNEQF,1
TRBV20-1,TRBJ2-1,SASPTSGGIFEQF,1
TRBV20-1,TRBJ2-1,SASPTSGGNEQF,1
TRBV20-1,TRBJ2-1,SASPTSGGNNEQF,2
TRBV20-1,TRBJ2-1,SASPTSGGQGNEQF,1
TRBV20-1,TRBJ2-1,SASPTSGGQYNEQF,1
TRBV20-1,TRBJ2-1,SASPTSGGSLSSYNEQF,1
TRBV20-1,TRBJ2-1,SASPTSGGSYNEQF,4
TRBV20-1,TRBJ2-1,SASPTSGGTHNEQF,2
TRBV20-1,TRBJ2-1,SASPTSGGWEQF,3
TRBV20-1,TRBJ2-1,SASPTSGGWNEQF,4
TRBV20-1,TRBJ2-1,SASPTSGGYGYEQF,1
TRBV20-1,TRBJ2-1,SASPTSGGYNEQF,7
TRBV20-1,TRBJ2-1,SASPTSGHGNEQF,1
TRBV20-1,TRBJ2-1,SASPTSGHHNEQF,1
TRBV20-1,TRBJ2-1,SASPTSGHSYNEQF,1
TRBV20-1,TRBJ2-1,SASPTSGHYNEQF,1
TRBV20-1,TRBJ2-1,SASPTSGIDNEQF,1
TRBV20-1,TRBJ2-1,SASPTSGIGGNEQF,1
TRBV20-1,TRBJ2-1,SASPTSGIGHEQF,2
TRBV20-1,TRBJ2-1,SASPTSGISLNNEQF,1
TRBV20-1,TRBJ2-1,SASPTSGIYNEQF,6
TRBV20-1,TRBJ2-1,SASPTSGKGYNEQF,1
TRBV20-1,TRBJ2-1,SASPTSGKIYNEQF,1
TRBV20-1,TRBJ2-1,SASPTSGKLNEQF,1
TRBV20-1,TRBJ2-1,SASPTSGKYNEQF,3
TRBV20-1,TRBJ2-1,SASPTSGLGNEQF,1
TRBV20-1,TRBJ2-1,SASPTSGLLYNEQF,1
TRBV20-1,TRBJ2-1,SASPTSGLNNELF,1
TRBV20-1,TRBJ2-1,SASPTSGLSYNEQF,3
TRBV20-1,TRBJ2-1,SASPTSGLSYNEQV,1
TRBV20-1,TRBJ2-1,SASPTSGLWDEQF,2
TRBV20-1,TRBJ2-1,SASPTSGLYNEQF,2
TRBV20-1,TRBJ2-1,SASPTSGMGNEQF,1
TRBV20-1,TRBJ2-1,SASPTSGMHYEQF,1
TRBV20-1,TRBJ2-1,SASPTSGMIDEQF,1
TRBV20-1,TRBJ2-1,SASPTSGNFNEQF,1
TRBV20-1,TRBJ2-1,SASPTSGNGYNEQF,1
TRBV20-1,TRBJ2-1,SASPTSGNINEQF,1
TRBV20-1,TRBJ2-1,SASPTSGNINNEQF,1
TRBV20-1,TRBJ2-1,SASPTSGNYNEQF,6
TRBV20-1,TRBJ2-1,SASPTSGPFLSSYNEQF,5
TRBV20-1,TRBJ2-1,SASPTSGPFYNEQF,1
TRBV20-1,TRBJ2-1,SASPTSGPHFDEQF,1
TRBV20-1,TRBJ2-1,SASPTSGPMNEQF,1
TRBV20-1,TRBJ2-1,SASPTSGPNEQF,3
TRBV20-1,TRBJ2-1,SASPTSGPSWDEQF,1
TRBV20-1,TRBJ2-1,SASPTSGPSYNEQF,1
TRBV20-1,TRBJ2-1,SASPTSGPYNEQF,6
TRBV20-1,TRBJ2-1,SASPTSGRAAYNEQF,1
TRBV20-1,TRBJ2-1,SASPTSGRAIRNEQF,1
TRBV20-1,TRBJ2-1,SASPTSGRALDEQF,6
TRBV20-1,TRBJ2-1,SASPTSGRAMNEQF,1
TRBV20-1,TRBJ2-1,SASPTSGRAMWLNEQF,1
TRBV20-1,TRBJ2-1,SASPTSGRANEQF,9
TRBV20-1,TRBJ2-1,SASPTSGRASNEQF,1
TRBV20-1,TRBJ2-1,SASPTSGRASYNEQF,1
TRBV20-1,TRBJ2-1,SASPTSGRAYEQF,3
TRBV20-1,TRBJ2-1,SASPTSGRAYNEQF,4
TRBV20-1,TRBJ2-1,SASPTSGRDLGNEQF,2
TRBV20-1,TRBJ2-1,SASPTSGRDNEQF,4
TRBV20-1,TRBJ2-1,SASPTSGRENEQF,1
TRBV20-1,TRBJ2-1,SASPTSGRFNEQF,1
TRBV20-1,TRBJ2-1,SASPTSGRGDEQF,5
TRBV20-1,TRBJ2-1,SASPTSGRGNEQF,8
TRBV20-1,TRBJ2-1,SASPTSGRGYNEQF,1
TRBV20-1,TRBJ2-1,SASPTSGRHNEQF,2
TRBV20-1,TRBJ2-1,SASPTSGRHYNEQF,1
TRBV20-1,TRBJ2-1,SASPTSGRHYSSYNEQF,1
TRBV20-1,TRBJ2-1,SASPTSGRINEQF,1
TRBV20-1,TRBJ2-1,SASPTSGRIYNEQF,1
TRBV20-1,TRBJ2-1,SASPTSGRKNEQF,1
TRBV20-1,TRBJ2-1,SASPTSGRLDEQF,2
TRBV20-1,TRBJ2-1,SASPTSGRLEQF,1
TRBV20-1,TRBJ2-1,SASPTSGRLNEQF,3
TRBV20-1,TRBJ2-1,SASPTSGRNEQF,3
TRBV20-1,TRBJ2-1,SASPTSGRNNEQF,1
TRBV20-1,TRBJ2-1,SASPTSGRPHEQF,1
TRBV20-1,TRBJ2-1,SASPTSGRPNEQF,1
TRBV20-1,TRBJ2-1,SASPTSGRPYEQF,1
TRBV20-1,TRBJ2-1,SASPTSGRQRSSYNEQF,1
TRBV20-1,TRBJ2-1,SASPTSGRRF,3
TRBV20-1,TRBJ2-1,SASPTSGRRNEQF,1
TRBV20-1,TRBJ2-1,SASPTSGRRSYNEQF,1
TRBV20-1,TRBJ2-1,SASPTSGRRYEQF,1
TRBV20-1,TRBJ2-1,SASPTSGRRYNEQF,1
TRBV20-1,TRBJ2-1,SASPTSGRSDEQF,1
TRBV20-1,TRBJ2-1,SASPTSGRSNNEQF,1
TRBV20-1,TRBJ2-1,SASPTSGRSYNEQF,5
TRBV20-1,TRBJ2-1,SASPTSGRTGYNEQF,1
TRBV20-1,TRBJ2-1,SASPTSGRTKMTNEQF,1
TRBV20-1,TRBJ2-1,SASPTSGRTNEQF,2
TRBV20-1,TRBJ2-1,SASPTSGRTWYGYNEQF,1
TRBV20-1,TRBJ2-1,SASPTSGRTYNEQF,7
TRBV20-1,TRBJ2-1,SASPTSGRVDEQF,1
TRBV20-1,TRBJ2-1,SASPTSGRVGSYNEQF,1
TRBV20-1,TRBJ2-1,SASPTSGRVNEQF,4
TRBV20-1,TRBJ2-1,SASPTSGRVYEQF,3
TRBV20-1,TRBJ2-1,SASPTSGRYNEQF,3
TRBV20-1,TRBJ2-1,SASPTSGRYPYNEQF,1
TRBV20-1,TRBJ2-1,SASPTSGRYYNEQF,1
TRBV20-1,TRBJ2-1,SASPTSGSAPNEQF,1
TRBV20-1,TRBJ2-1,SASPTSGSDEQF,4
TRBV20-1,TRBJ2-1,SASPTSGSFAEQF,1
TRBV20-1,TRBJ2-1,SASPTSGSFDEQF,1
TRBV20-1,TRBJ2-1,SASPTSGSFNEQF,1
TRBV20-1,TRBJ2-1,SASPTSGSGHEQF,1
TRBV20-1,TRBJ2-1,SASPTSGSGLWSYNEQF,1
TRBV20-1,TRBJ2-1,SASPTSGSGNEQF,1
TRBV20-1,TRBJ2-1,SASPTSGSGSSYNEQF,1
TRBV20-1,TRBJ2-1,SASPTSGSGSYNEQF,1
TRBV20-1,TRBJ2-1,SASPTSGSHNEQF,5
TRBV20-1,TRBJ2-1,SASPTSGSINEQF,5
TRBV20-1,TRBJ2-1,SASPTSGSLNEQF,2
TRBV20-1,TRBJ2-1,SASPTSGSLPYNEQF,1
TRBV20-1,TRBJ2-1,SASPTSGSLSYNEQF,1
TRBV20-1,TRBJ2-1,SASPTSGSLYNEQF,1
TRBV20-1,TRBJ2-1,SASPTSGSNEQF,4
TRBV20-1,TRBJ2-1,SASPTSGSNNEQF,3
TRBV20-1,TRBJ2-1,SASPTSGSNYNEQF,1
TRBV20-1,TRBJ2-1,SASPTSGSQYNEQF,1
TRBV20-1,TRBJ2-1,SASPTSGSSNEQF,1
TRBV20-1,TRBJ2-1,SASPTSGSSYEQF,1
TRBV20-1,TRBJ2-1,SASPTSGSSYNEQF,19
TRBV20-1,TRBJ2-1,SASPTSGSTYNEQF,6
TRBV20-1,TRBJ2-1,SASPTSGSWNEQF,1
TRBV20-1,TRBJ2-1,SASPTSGSYLNEQF,3
TRBV20-1,TRBJ2-1,SASPTSGSYNEQF,39
TRBV20-1,TRBJ2-1,SASPTSGTFNEQF,1
TRBV20-1,TRBJ2-1,SASPTSGTGNEQF,1
TRBV20-1,TRBJ2-1,SASPTSGTHSYNEQF,1
TRBV20-1,TRBJ2-1,SASPTSGTNEQF,6
TRBV20-1,TRBJ2-1,SASPTSGTSSYNEQF,1
TRBV20-1,TRBJ2-1,SASPTSGTSYNEQF,2
TRBV20-1,TRBJ2-1,SASPTSGTTGAYNEQF,1
TRBV20-1,TRBJ2-1,SASPTSGTTYNEQF,1
TRBV20-1,TRBJ2-1,SASPTSGTVNEQF,1
TRBV20-1,TRBJ2-1,SASPTSGTWAQVDEQF,1
TRBV20-1,TRBJ2-1,SASPTSGTYNEQF,14
TRBV20-1,TRBJ2-1,SASPTSGVANEQF,8
TRBV20-1,TRBJ2-1,SASPTSGVGNEQF,1
TRBV20-1,TRBJ2-1,SASPTSGVNEQF,2
TRBV20-1,TRBJ2-1,SASPTSGVRDEQF,1
TRBV20-1,TRBJ2-1,SASPTSGVRSSYNEQF,2
TRBV20-1,TRBJ2-1,SASPTSGVSSYNEQF,1
TRBV20-1,TRBJ2-1,SASPTSGVSTYNEQF,1
TRBV20-1,TRBJ2-1,SASPTSGVYNEQF,6
TRBV20-1,TRBJ2-1,SASPTSGWASRF,1
TRBV20-1,TRBJ2-1,SASPTSGYIDEQF,1
TRBV20-1,TRBJ2-1,SASPTSGYNEQF,23
TRBV20-1,TRBJ2-1,SASPTSGYYNEQF,2
TRBV20-1,TRBJ2-1,SASPTSHEQF,1
TRBV20-1,TRBJ2-1,SASPTSHNEQF,1
TRBV20-1,TRBJ2-1,SASPTSLAVYDNEQF,2
TRBV20-1,TRBJ2-1,SASPTSLEQF,5
TRBV20-1,TRBJ2-1,SASPTSLGNEQF,1
TRBV20-1,TRBJ2-1,SASPTSLISYNEQF,1
TRBV20-1,TRBJ2-1,SASPTSLNEQF,3
TRBV20-1,TRBJ2-1,SASPTSLYNEQF,1
TRBV20-1,TRBJ2-1,SASPTSNEQF,6
TRBV20-1,TRBJ2-1,SASPTSNNEQF,1
TRBV20-1,TRBJ2-1,SASPTSPNEQF,1
TRBV20-1,TRBJ2-1,SASPTSPQYNEQF,1
TRBV20-1,TRBJ2-1,SASPTSPSSYNEQF,1
TRBV20-1,TRBJ2-1,SASPTSQDEQF,1
TRBV20-1,TRBJ2-1,SASPTSRAGDEQF,2
TRBV20-1,TRBJ2-1,SASPTSREQF,1
TRBV20-1,TRBJ2-1,SASPTSRNEQF,3
TRBV20-1,TRBJ2-1,SASPTSRNNEQF,1
TRBV20-1,TRBJ2-1,SASPTSRPSGASSYNEQF,1
TRBV20-1,TRBJ2-1,SASPTSRPSYNEQF,1
TRBV20-1,TRBJ2-1,SASPTSRRSSVHEQF,1
TRBV20-1,TRBJ2-1,SASPTSRYGDEQF,1
TRBV20-1,TRBJ2-1,SASPTSRYYNEQF,3
TRBV20-1,TRBJ2-1,SASPTSSGGNEQF,1
TRBV20-1,TRBJ2-1,SASPTSSGMYNEQF,1
TRBV20-1,TRBJ2-1,SASPTSSGTNEQF,1
TRBV20-1,TRBJ2-1,SASPTSSNEQF,1
TRBV20-1,TRBJ2-1,SASPTSSSYNEQF,3
TRBV20-1,TRBJ2-1,SASPTSSYNEQF,24
TRBV20-1,TRBJ2-1,SASPTSTDEQF,1
TRBV20-1,TRBJ2-1,SASPTSTGFLYDEQF,1
TRBV20-1,TRBJ2-1,SASPTSTGFLYNEQF,7
TRBV20-1,TRBJ2-1,SASPTSTVFHEQF,1
TRBV20-1,TRBJ2-1,SASPTSVANEQF,1
TRBV20-1,TRBJ2-1,SASPTSVGNEQF,2
TRBV20-1,TRBJ2-1,SASPTSVGSNEQF,1
TRBV20-1,TRBJ2-1,SASPTSVLLNEQF,1
TRBV20-1,TRBJ2-1,SASPTSVNEQF,2
TRBV20-1,TRBJ2-1,SASPTSVSYNEQF,3
TRBV20-1,TRBJ2-1,SASPTSVYNEQF,2
TRBV20-1,TRBJ2-1,SASPTSYEQF,1
TRBV20-1,TRBJ2-1,SASPTSYNEQF,14
TRBV20-1,TRBJ2-1,SASPTSYSYNEQF,1
TRBV20-1,TRBJ2-1,SASPTSYWNEQF,6
TRBV20-1,TRBJ2-1,SASPTTALINEQF,3
TRBV20-1,TRBJ2-1,SASPTTANVYNEQF,1
TRBV20-1,TRBJ2-1,SASPTTAPGLNEQF,1
TRBV20-1,TRBJ2-1,SASPTTFYNEQF,1
TRBV20-1,TRBJ2-1,SASPTTGDNEQF,1
TRBV20-1,TRBJ2-1,SASPTTGGRDEQF,1
TRBV20-1,TRBJ2-1,SASPTTGPSYNEQF,1
TRBV20-1,TRBJ2-1,SASPTTGTARNNEQF,1
TRBV20-1,TRBJ2-1,SASPTTGWGLAGGNEQF,1
TRBV20-1,TRBJ2-1,SASPTTGYNEQF,1
TRBV20-1,TRBJ2-1,SASPTTIEQF,9
TRBV20-1,TRBJ2-1,SASPTTKSSYNEQF,5
TRBV20-1,TRBJ2-1,SASPTTNYNEQF,2
TRBV20-1,TRBJ2-1,SASPTTPSSYNEQF,1
TRBV20-1,TRBJ2-1,SASPTTRAYNEQF,1
TRBV20-1,TRBJ2-1,SASPTTREQF,8
TRBV20-1,TRBJ2-1,SASPTTRPGEQF,7
TRBV20-1,TRBJ2-1,SASPTTRRYEQF,1
TRBV20-1,TRBJ2-1,SASPTTRWDEQF,1
TRBV20-1,TRBJ2-1,SASPTTRYNEQF,1
TRBV20-1,TRBJ2-1,SASPTTSETYNEQF,1
TRBV20-1,TRBJ2-1,SASPTTSGRANEQF,1
TRBV20-1,TRBJ2-1,SASPTTSGRIDEQF,1
TRBV20-1,TRBJ2-1,SASPTTSGRSDEQF,1
TRBV20-1,TRBJ2-1,SASPTTSGSNEQF,1
TRBV20-1,TRBJ2-1,SASPTTSGYNEQF,1
TRBV20-1,TRBJ2-1,SASPTTSKGNEQF,1
TRBV20-1,TRBJ2-1,SASPTTSPCNEQF,2
TRBV20-1,TRBJ2-1,SASPTTSPYNEQF,3
TRBV20-1,TRBJ2-1,SASPTTSVYNEQF,1
TRBV20-1,TRBJ2-1,SASPTTSYNEQF,1
TRBV20-1,TRBJ2-1,SASPTTVPNEQF,2
TRBV20-1,TRBJ2-1,SASPTTYNEQF,10
TRBV20-1,TRBJ2-1,SASPTVAAHNEQF,1
TRBV20-1,TRBJ2-1,SASPTVAGGRNEQF,12
TRBV20-1,TRBJ2-1,SASPTVAGGSNEQY,1
TRBV20-1,TRBJ2-1,SASPTVANEQF,1
TRBV20-1,TRBJ2-1,SASPTVAYNEQF,1
TRBV20-1,TRBJ2-1,SASPTVDRVKNEQF,3
TRBV20-1,TRBJ2-1,SASPTVGAALNEQF,1
TRBV20-1,TRBJ2-1,SASPTVGAGVRNEQF,1
TRBV20-1,TRBJ2-1,SASPTVGIYSEQF,1
TRBV20-1,TRBJ2-1,SASPTVGLGIGRNEQF,1
TRBV20-1,TRBJ2-1,SASPTVGSSYNEQF,1
TRBV20-1,TRBJ2-1,SASPTVGSYNEQF,1
TRBV20-1,TRBJ2-1,SASPTVLSYNEQF,1
TRBV20-1,TRBJ2-1,SASPTVNNEQF,1
TRBV20-1,TRBJ2-1,SASPTVQF,7
TRBV20-1,TRBJ2-1,SASPTVRGYNEQF,1
TRBV20-1,TRBJ2-1,SASPTVSSYNEQF,3
TRBV20-1,TRBJ2-1,SASPTVSTYNEQF,1
TRBV20-1,TRBJ2-1,SASPTVSYNEQF,2
TRBV20-1,TRBJ2-1,SASPTVTSGSPNEQF,1
TRBV20-1,TRBJ2-1,SASPTVVSSYNEQF,1
TRBV20-1,TRBJ2-1,SASPTWAEQF,5
TRBV20-1,TRBJ2-1,SASPTWAGGIHEQF,1
TRBV20-1,TRBJ2-1,SASPTWAVSYNEQF,1
TRBV20-1,TRBJ2-1,SASPTWEQF,2
TRBV20-1,TRBJ2-1,SASPTWGGGYNEQF,1
TRBV20-1,TRBJ2-1,SASPTWGNEQF,1
TRBV20-1,TRBJ2-1,SASPTWGSYNEQF,1
TRBV20-1,TRBJ2-1,SASPTWKNGNEQF,1
TRBV20-1,TRBJ2-1,SASPTWLADIYNEQF,6
TRBV20-1,TRBJ2-1,SASPTWLAGAYNEQF,1
TRBV20-1,TRBJ2-1,SASPTWREWNEQF,2
TRBV20-1,TRBJ2-1,SASPTWTLGNEQF,7
TRBV20-1,TRBJ2-1,SASPTWTSGRDEQF,1
TRBV20-1,TRBJ2-1,SASPTYEQF,6
TRBV20-1,TRBJ2-1,SASPTYNEQF,44
TRBV20-1,TRBJ2-1,SASPTYSGDLSNEQF,1
TRBV20-1,TRBJ2-1,SASPVAAGVGNEQF,1
TRBV20-1,TRBJ2-1,SASPVAALYNEQF,1
TRBV20-1,TRBJ2-1,SASPVAASYNEQF,1
TRBV20-1,TRBJ2-1,SASPVAEKYNEQF,1
TRBV20-1,TRBJ2-1,SASPVAGAGNEQF,1
TRBV20-1,TRBJ2-1,SASPVAGASNEQF,3
TRBV20-1,TRBJ2-1,SASPVAGATYNEQF,1
TRBV20-1,TRBJ2-1,SASPVAGAYNEQF,6
TRBV20-1,TRBJ2-1,SASPVAGDEQF,1
TRBV20-1,TRBJ2-1,SASPVAGDSYNEQF,1
TRBV20-1,TRBJ2-1,SASPVAGEQF,1
TRBV20-1,TRBJ2-1,SASPVAGFYNEQF,1
TRBV20-1,TRBJ2-1,SASPVAGGFNEQF,1
TRBV20-1,TRBJ2-1,SASPVAGGGTGVDNEQF,1
TRBV20-1,TRBJ2-1,SASPVAGGLYEQF,1
TRBV20-1,TRBJ2-1,SASPVAGGNNEQF,1
TRBV20-1,TRBJ2-1,SASPVAGGPAVGYEQF,1
TRBV20-1,TRBJ2-1,SASPVAGGPNEQF,7
TRBV20-1,TRBJ2-1,SASPVAGGPQGSYNEQF,1
TRBV20-1,TRBJ2-1,SASPVAGGPVLNEQF,1
TRBV20-1,TRBJ2-1,SASPVAGGPYNEQF,1
TRBV20-1,TRBJ2-1,SASPVAGGRYNEQF,1
TRBV20-1,TRBJ2-1,SASPVAGGSSYNEQF,1
TRBV20-1,TRBJ2-1,SASPVAGIYNEQF,1
TRBV20-1,TRBJ2-1,SASPVAGLTCNEQF,1
TRBV20-1,TRBJ2-1,SASPVAGLTYNEQF,4
TRBV20-1,TRBJ2-1,SASPVAGLYEQF,1
TRBV20-1,TRBJ2-1,SASPVAGPGRNEQF,1
TRBV20-1,TRBJ2-1,SASPVAGQGFGNEQF,1
TRBV20-1,TRBJ2-1,SASPVAGRSYNEQF,1
TRBV20-1,TRBJ2-1,SASPVAGRYNEQF,1
TRBV20-1,TRBJ2-1,SASPVAGSSYNEQF,1
TRBV20-1,TRBJ2-1,SASPVAGSYNEQF,2
TRBV20-1,TRBJ2-1,SASPVAGTRYNEQF,1
TRBV20-1,TRBJ2-1,SASPVAGTYNEQF,1
TRBV20-1,TRBJ2-1,SASPVAGVGNEQF,6
TRBV20-1,TRBJ2-1,SASPVAGVSNEQF,1
TRBV20-1,TRBJ2-1,SASPVAGVSYNEQF,3
TRBV20-1,TRBJ2-1,SASPVAGVYEQF,1
TRBV20-1,TRBJ2-1,SASPVAIGYNEQF,1
TRBV20-1,TRBJ2-1,SASPVALVNEQF,1
TRBV20-1,TRBJ2-1,SASPVANSNEQF,1
TRBV20-1,TRBJ2-1,SASPVANWDNEQF,3
TRBV20-1,TRBJ2-1,SASPVAPLYSYNEQF,1
TRBV20-1,TRBJ2-1,SASPVARRWAGNEQF,1
TRBV20-1,TRBJ2-1,SASPVASGAYNEQF,1
TRBV20-1,TRBJ2-1,SASPVASGGPYNEQF,10
TRBV20-1,TRBJ2-1,SASPVASGNEQF,6
TRBV20-1,TRBJ2-1,SASPVASGTYNEQF,1
TRBV20-1,TRBJ2-1,SASPVASGYNEQF,2
TRBV20-1,TRBJ2-1,SASPVASNIYNEQF,3
TRBV20-1,TRBJ2-1,SASPVASSSYNEQF,1
TRBV20-1,TRBJ2-1,SASPVASYNEQF,1
TRBV20-1,TRBJ2-1,SASPVATEYNEQF,1
TRBV20-1,TRBJ2-1,SASPVATSYNEQF,1
TRBV20-1,TRBJ2-1,SASPVAVNNEQF,1
TRBV20-1,TRBJ2-1,SASPVAVSSYNEQF,1
TRBV20-1,TRBJ2-1,SASPVAYNEQF,1
TRBV20-1,TRBJ2-1,SASPVDEQF,5
TRBV20-1,TRBJ2-1,SASPVDGSSYNEQF,1
TRBV20-1,TRBJ2-1,SASPVDRETYNEQF,1
TRBV20-1,TRBJ2-1,SASPVDSWAYNEQF,1
TRBV20-1,TRBJ2-1,SASPVDVNEQF,1
TRBV20-1,TRBJ2-1,SASPVDWGENEQF,1
TRBV20-1,TRBJ2-1,SASPVDYNEQF,1
TRBV20-1,TRBJ2-1,SASPVDYRNEQF,1
TRBV20-1,TRBJ2-1,SASPVEELAVYNEQF,1
TRBV20-1,TRBJ2-1,SASPVEGTYRNEQF,1
TRBV20-1,TRBJ2-1,SASPVEGTYYNEQF,3
TRBV20-1,TRBJ2-1,SASPVEGVTYNEQF,1
TRBV20-1,TRBJ2-1,SASPVENHNEQF,3
TRBV20-1,TRBJ2-1,SASPVERGGLNEPF,1
TRBV20-1,TRBJ2-1,SASPVERGGLNEQF,4
TRBV20-1,TRBJ2-1,SASPVERGSDNEQF,2
TRBV20-1,TRBJ2-1,SASPVERSSYNEQF,1
TRBV20-1,TRBJ2-1,SASPVESSRGTGRNEQF,1
TRBV20-1,TRBJ2-1,SASPVESYNEQF,2
TRBV20-1,TRBJ2-1,SASPVETSYNEQF,1
TRBV20-1,TRBJ2-1,SASPVFGGMYNEQF,1
TRBV20-1,TRBJ2-1,SASPVFGSYNEQF,1
TRBV20-1,TRBJ2-1,SASPVFNEQF,2
TRBV20-1,TRBJ2-1,SASPVFNNEQF,2
TRBV20-1,TRBJ2-1,SASPVFSGGSYNEQF,1
TRBV20-1,TRBJ2-1,SASPVFSYNEQF,1
TRBV20-1,TRBJ2-1,SASPVGASYNEQF,1
TRBV20-1,TRBJ2-1,SASPVGATPYNEQF,1
TRBV20-1,TRBJ2-1,SASPVGDRGYNEQF,1
TRBV20-1,TRBJ2-1,SASPVGEGIYNEQF,2
TRBV20-1,TRBJ2-1,SASPVGEHNEQF,1
TRBV20-1,TRBJ2-1,SASPVGEQF,1
TRBV20-1,TRBJ2-1,SASPVGGALYNEQF,1
TRBV20-1,TRBJ2-1,SASPVGGDTYNEQF,4
TRBV20-1,TRBJ2-1,SASPVGGDTYNKQF,1
TRBV20-1,TRBJ2-1,SASPVGGGEYNEQF,2
TRBV20-1,TRBJ2-1,SASPVGGGGLRYNEQF,1
TRBV20-1,TRBJ2-1,SASPVGGLSYNEQF,1
TRBV20-1,TRBJ2-1,SASPVGGNEQF,2
TRBV20-1,TRBJ2-1,SASPVGGPRMGFNEQF,1
TRBV20-1,TRBJ2-1,SASPVGGRYNEQF,1
TRBV20-1,TRBJ2-1,SASPVGGSWNEQF,3
TRBV20-1,TRBJ2-1,SASPVGGTSYNEQF,1
TRBV20-1,TRBJ2-1,SASPVGHEQF,2
TRBV20-1,TRBJ2-1,SASPVGHTYNEQF,1
TRBV20-1,TRBJ2-1,SASPVGLEGTYNEQF,4
TRBV20-1,TRBJ2-1,SASPVGLHNEQF,1
TRBV20-1,TRBJ2-1,SASPVGNEQF,4
TRBV20-1,TRBJ2-1,SASPVGPNEQF,1
TRBV20-1,TRBJ2-1,SASPVGPSSGRANEQF,1
TRBV20-1,TRBJ2-1,SASPVGPTYNEQF,1
TRBV20-1,TRBJ2-1,SASPVGQQTYNEQF,1
TRBV20-1,TRBJ2-1,SASPVGREFNEQF,1
TRBV20-1,TRBJ2-1,SASPVGREGLHNEQF,1
TRBV20-1,TRBJ2-1,SASPVGRGTYNEQF,1
TRBV20-1,TRBJ2-1,SASPVGRNEQF,4
TRBV20-1,TRBJ2-1,SASPVGRRDNEQF,1
TRBV20-1,TRBJ2-1,SASPVGSRIYNEQF,2
TRBV20-1,TRBJ2-1,SASPVGSSYNEQF,2
TRBV20-1,TRBJ2-1,SASPVGSWNEQF,6
TRBV20-1,TRBJ2-1,SASPVGSYNEQF,2
TRBV20-1,TRBJ2-1,SASPVGTHEQF,1
TRBV20-1,TRBJ2-1,SASPVGTKYNEQF,1
TRBV20-1,TRBJ2-1,SASPVGTRPYNEQF,1
TRBV20-1,TRBJ2-1,SASPVGTSGRVNEQF,1
TRBV20-1,TRBJ2-1,SASPVGVAWDNEQF,1
TRBV20-1,TRBJ2-1,SASPVGVGYNEQF,1
TRBV20-1,TRBJ2-1,SASPVGVKPNEQF,1
TRBV20-1,TRBJ2-1,SASPVGVYNEQF,1
TRBV20-1,TRBJ2-1,SASPVGYNEQF,1
TRBV20-1,TRBJ2-1,SASPVHEQF,1
TRBV20-1,TRBJ2-1,SASPVHLSGNEQF,1
TRBV20-1,TRBJ2-1,SASPVHNEQF,2
TRBV20-1,TRBJ2-1,SASPVHSYNEQF,6
TRBV20-1,TRBJ2-1,SASPVIARHEQF,1
TRBV20-1,TRBJ2-1,SASPVIAYNEQF,1
TRBV20-1,TRBJ2-1,SASPVIGGNEQF,1
TRBV20-1,TRBJ2-1,SASPVINEQF,1
TRBV20-1,TRBJ2-1,SASPVINSYNEQF,1
TRBV20-1,TRBJ2-1,SASPVIPMNEQF,3
TRBV20-1,TRBJ2-1,SASPVIVWGEVNEQF,1
TRBV20-1,TRBJ2-1,SASPVKGSEQF,6
TRBV20-1,TRBJ2-1,SASPVKNEQF,1
TRBV20-1,TRBJ2-1,SASPVKRTFLSEQF,3
TRBV20-1,TRBJ2-1,SASPVKSGANEQF,1
TRBV20-1,TRBJ2-1,SASPVKSYNDEQF,2
TRBV20-1,TRBJ2-1,SASPVKSYNEQF,1
TRBV20-1,TRBJ2-1,SASPVLAASYNEQF,1
TRBV20-1,TRBJ2-1,SASPVLADLNEQF,4
TRBV20-1,TRBJ2-1,SASPVLADYNEQF,1
TRBV20-1,TRBJ2-1,SASPVLAGDEQF,1
TRBV20-1,TRBJ2-1,SASPVLAGGAADEQF,1
TRBV20-1,TRBJ2-1,SASPVLAGGISYNEQF,1
TRBV20-1,TRBJ2-1,SASPVLAGGRNEQF,1
TRBV20-1,TRBJ2-1,SASPVLAGGSYNEQF,1
TRBV20-1,TRBJ2-1,SASPVLAGGYLDEQF,1
TRBV20-1,TRBJ2-1,SASPVLAGNDNEQF,1
TRBV20-1,TRBJ2-1,SASPVLAGRYNEQF,1
TRBV20-1,TRBJ2-1,SASPVLAGYNEQF,1
TRBV20-1,TRBJ2-1,SASPVLARSYNEQF,1
TRBV20-1,TRBJ2-1,SASPVLASSSYNEQF,1
TRBV20-1,TRBJ2-1,SASPVLAVSSYNEQF,1
TRBV20-1,TRBJ2-1,SASPVLDEQF,1
TRBV20-1,TRBJ2-1,SASPVLDWGYNEQF,1
TRBV20-1,TRBJ2-1,SASPVLEIDGAGDPNEQF,1
TRBV20-1,TRBJ2-1,SASPVLGPYNEQF,1
TRBV20-1,TRBJ2-1,SASPVLGTAYNEQF,1
TRBV20-1,TRBJ2-1,SASPVLGVKNEQF,1
TRBV20-1,TRBJ2-1,SASPVLILNEQF,1
TRBV20-1,TRBJ2-1,SASPVLLAGGLNEQF,1
TRBV20-1,TRBJ2-1,SASPVLNEQF,1
TRBV20-1,TRBJ2-1,SASPVLSSYNEQF,2
TRBV20-1,TRBJ2-1,SASPVLVYNEQF,1
TRBV20-1,TRBJ2-1,SASPVLYEQF,1
TRBV20-1,TRBJ2-1,SASPVLYNEQF,5
TRBV20-1,TRBJ2-1,SASPVMAIAYNEQF,1
TRBV20-1,TRBJ2-1,SASPVMEQF,2
TRBV20-1,TRBJ2-1,SASPVMGNEQF,1
TRBV20-1,TRBJ2-1,SASPVMNPYNEQF,1
TRBV20-1,TRBJ2-1,SASPVMNSYNEQF,8
TRBV20-1,TRBJ2-1,SASPVNEQF,30
TRBV20-1,TRBJ2-1,SASPVNGHTYNEQF,1
TRBV20-1,TRBJ2-1,SASPVNNEQF,5
TRBV20-1,TRBJ2-1,SASPVNSGFREQF,2
TRBV20-1,TRBJ2-1,SASPVNSGRGYNEQF,1
TRBV20-1,TRBJ2-1,SASPVNYNEQF,1
TRBV20-1,TRBJ2-1,SASPVPDNEQF,1
TRBV20-1,TRBJ2-1,SASPVPEKGYNEQF,4
TRBV20-1,TRBJ2-1,SASPVPENEQF,1
TRBV20-1,TRBJ2-1,SASPVPGLGRNEQF,1
TRBV20-1,TRBJ2-1,SASPVPGLVIFDEQF,1
TRBV20-1,TRBJ2-1,SASPVPGYNEQF,5
TRBV20-1,TRBJ2-1,SASPVPLDSASPYNEQF,1
TRBV20-1,TRBJ2-1,SASPVPLERNEQF,1
TRBV20-1,TRBJ2-1,SASPVPLGYNEQF,1
TRBV20-1,TRBJ2-1,SASPVPRKSYNEQF,1
TRBV20-1,TRBJ2-1,SASPVPRTGEQF,1
TRBV20-1,TRBJ2-1,SASPVPSGGSYNEQF,1
TRBV20-1,TRBJ2-1,SASPVPSGNEQF,1
TRBV20-1,TRBJ2-1,SASPVPSSFSYNEQF,4
TRBV20-1,TRBJ2-1,SASPVPSYNEQF,2
TRBV20-1,TRBJ2-1,SASPVPVPYNEQF,1
TRBV20-1,TRBJ2-1,SASPVPYNEQF,1
TRBV20-1,TRBJ2-1,SASPVQAARSYNEQF,1
TRBV20-1,TRBJ2-1,SASPVQAGYNEQF,1
TRBV20-1,TRBJ2-1,SASPVQGLNEQF,2
TRBV20-1,TRBJ2-1,SASPVQGNEQF,1
TRBV20-1,TRBJ2-1,SASPVQGVYYNEQF,1
TRBV20-1,TRBJ2-1,SASPVQLNDEQF,1
TRBV20-1,TRBJ2-1,SASPVQLNNEQF,5
TRBV20-1,TRBJ2-1,SASPVQSPYNEQF,2
TRBV20-1,TRBJ2-1,SASPVQSYNEQF,2
TRBV20-1,TRBJ2-1,SASPVQVPYNEQF,1
TRBV20-1,TRBJ2-1,SASPVQYSSYNEQF,1
TRBV20-1,TRBJ2-1,SASPVRAFSYNEQF,1
TRBV20-1,TRBJ2-1,SASPVRANEQF,1
TRBV20-1,TRBJ2-1,SASPVRASALNEQF,1
TRBV20-1,TRBJ2-1,SASPVRAVYNEQF,1
TRBV20-1,TRBJ2-1,SASPVRDRLRNEQF,1
TRBV20-1,TRBJ2-1,SASPVRDYHNEQF,1
TRBV20-1,TRBJ2-1,SASPVREGRNEQF,1
TRBV20-1,TRBJ2-1,SASPVRGAYNEQF,1
TRBV20-1,TRBJ2-1,SASPVRGRYNEQF,3
TRBV20-1,TRBJ2-1,SASPVRGYNEKF,2
TRBV20-1,TRBJ2-1,SASPVRHEQF,6
TRBV20-1,TRBJ2-1,SASPVRLTSYEQF,1
TRBV20-1,TRBJ2-1,SASPVRNEQF,1
TRBV20-1,TRBJ2-1,SASPVRPNEQF,1
TRBV20-1,TRBJ2-1,SASPVRPSSYNEQF,1
TRBV20-1,TRBJ2-1,SASPVRRAGRYEQF,1
TRBV20-1,TRBJ2-1,SASPVRRSYNEQF,1
TRBV20-1,TRBJ2-1,SASPVRSGGFHNEQF,1
TRBV20-1,TRBJ2-1,SASPVRSSYNEQF,1
TRBV20-1,TRBJ2-1,SASPVRSYNEQF,1
TRBV20-1,TRBJ2-1,SASPVRVTSSYNEQF,1
TRBV20-1,TRBJ2-1,SASPVRWTHNEQF,1
TRBV20-1,TRBJ2-1,SASPVRYNEQF,1
TRBV20-1,TRBJ2-1,SASPVSAYNEQF,1
TRBV20-1,TRBJ2-1,SASPVSDYTYNEQF,1
TRBV20-1,TRBJ2-1,SASPVSEHF,1
TRBV20-1,TRBJ2-1,SASPVSEQF,3
TRBV20-1,TRBJ2-1,SASPVSEYNEQF,1
TRBV20-1,TRBJ2-1,SASPVSFGDNEQF,4
TRBV20-1,TRBJ2-1,SASPVSGAVNEQF,1
TRBV20-1,TRBJ2-1,SASPVSGESYNEQF,1
TRBV20-1,TRBJ2-1,SASPVSGGNYNEQF,1
TRBV20-1,TRBJ2-1,SASPVSGIYNEQF,1
TRBV20-1,TRBJ2-1,SASPVSGRKDEQF,1
TRBV20-1,TRBJ2-1,SASPVSGRQHNEQF,1
TRBV20-1,TRBJ2-1,SASPVSGSNNEQF,1
TRBV20-1,TRBJ2-1,SASPVSGSSYNEQF,1
TRBV20-1,TRBJ2-1,SASPVSGTGPYNEQF,1
TRBV20-1,TRBJ2-1,SASPVSGVFNEQF,1
TRBV20-1,TRBJ2-1,SASPVSGVSYNEQF,1
TRBV20-1,TRBJ2-1,SASPVSRVIDEQF,1
TRBV20-1,TRBJ2-1,SASPVSSGAYNEQF,1
TRBV20-1,TRBJ2-1,SASPVSSGDHNEQF,1
TRBV20-1,TRBJ2-1,SASPVSSGKTNEQF,2
TRBV20-1,TRBJ2-1,SASPVSSYNEQF,8
TRBV20-1,TRBJ2-1,SASPVSVDEQF,1
TRBV20-1,TRBJ2-1,SASPVSYAGGYNEQF,1
TRBV20-1,TRBJ2-1,SASPVSYEQF,1
TRBV20-1,TRBJ2-1,SASPVSYNEQF,5
TRBV20-1,TRBJ2-1,SASPVTAGNEQF,1
TRBV20-1,TRBJ2-1,SASPVTAGSYNEQF,1
TRBV20-1,TRBJ2-1,SASPVTAYNEQF,1
TRBV20-1,TRBJ2-1,SASPVTGAYNEQF,4
TRBV20-1,TRBJ2-1,SASPVTGGSYNEQF,1
TRBV20-1,TRBJ2-1,SASPVTGTATYNEQF,1
TRBV20-1,TRBJ2-1,SASPVTGVSQYNEQF,1
TRBV20-1,TRBJ2-1,SASPVTNEQF,1
TRBV20-1,TRBJ2-1,SASPVTPGQSYNEQF,1
TRBV20-1,TRBJ2-1,SASPVTPSSSYNEQF,1
TRBV20-1,TRBJ2-1,SASPVTPSSYNEQF,1
TRBV20-1,TRBJ2-1,SASPVTRAYNEQF,1
TRBV20-1,TRBJ2-1,SASPVTSASYNEQF,1
TRBV20-1,TRBJ2-1,SASPVTSCTEQF,1
TRBV20-1,TRBJ2-1,SASPVTSGAYNEQF,1
TRBV20-1,TRBJ2-1,SASPVTSGDYNEQF,1
TRBV20-1,TRBJ2-1,SASPVTSGLLYNEQF,1
TRBV20-1,TRBJ2-1,SASPVTSGRAWSYNEQF,6
TRBV20-1,TRBJ2-1,SASPVTSGRAYNEQF,1
TRBV20-1,TRBJ2-1,SASPVTSGRDEQF,1
TRBV20-1,TRBJ2-1,SASPVTSGSVYNEQF,1
TRBV20-1,TRBJ2-1,SASPVTSGTYNEQF,1
TRBV20-1,TRBJ2-1,SASPVTSGVYNEQF,1
TRBV20-1,TRBJ2-1,SASPVTSHNEQF,1
TRBV20-1,TRBJ2-1,SASPVTSRPEQF,1
TRBV20-1,TRBJ2-1,SASPVTSYHELF,1
TRBV20-1,TRBJ2-1,SASPVTSYNEQF,22
TRBV20-1,TRBJ2-1,SASPVTSYNEQL,1
TRBV20-1,TRBJ2-1,SASPVTTHSYNEQF,5
TRBV20-1,TRBJ2-1,SASPVTTYNEQF,1
TRBV20-1,TRBJ2-1,SASPVTVDNEQF,3
TRBV20-1,TRBJ2-1,SASPVTYNEQF,4
TRBV20-1,TRBJ2-1,SASPVVAGVNEQF,1
TRBV20-1,TRBJ2-1,SASPVVDEQF,1
TRBV20-1,TRBJ2-1,SASPVVDNEQF,3
TRBV20-1,TRBJ2-1,SASPVVEREPNEQF,4
TRBV20-1,TRBJ2-1,SASPVVGLAYNEQF,1
TRBV20-1,TRBJ2-1,SASPVVGLTYNEQF,1
TRBV20-1,TRBJ2-1,SASPVVGNEQF,1
TRBV20-1,TRBJ2-1,SASPVVGTRDEQF,1
TRBV20-1,TRBJ2-1,SASPVVIVGVDNEQF,1
TRBV20-1,TRBJ2-1,SASPVVLAGGDNEQF,1
TRBV20-1,TRBJ2-1,SASPVVLAGVYEAVNEQF,1
TRBV20-1,TRBJ2-1,SASPVVQTTYNEQF,1
TRBV20-1,TRBJ2-1,SASPVVVRNNYNEQF,1
TRBV20-1,TRBJ2-1,SASPVVWREANNEQF,1
TRBV20-1,TRBJ2-1,SASPVVYNEQF,1
TRBV20-1,TRBJ2-1,SASPVWAGDRNEQF,1
TRBV20-1,TRBJ2-1,SASPVWDNEQF,2
TRBV20-1,TRBJ2-1,SASPVWGNEQF,5
TRBV20-1,TRBJ2-1,SASPVWGVYNEQF,1
TRBV20-1,TRBJ2-1,SASPVYEQF,14
TRBV20-1,TRBJ2-1,SASPVYLSYNEQF,1
TRBV20-1,TRBJ2-1,SASPVYNEQF,16
TRBV20-1,TRBJ2-1,SASPWAANNEQF,4
TRBV20-1,TRBJ2-1,SASPWAEVNEQF,1
TRBV20-1,TRBJ2-1,SASPWAGAGNEQF,1
TRBV20-1,TRBJ2-1,SASPWAGANNEQF,1
TRBV20-1,TRBJ2-1,SASPWAGGNNEQF,1
TRBV20-1,TRBJ2-1,SASPWAGGRGNEQF,1
TRBV20-1,TRBJ2-1,SASPWAGTGNEQF,1
TRBV20-1,TRBJ2-1,SASPWAGTSGVNEQF,1
TRBV20-1,TRBJ2-1,SASPWAGVYNEQF,1
TRBV20-1,TRBJ2-1,SASPWALTYNEQF,1
TRBV20-1,TRBJ2-1,SASPWANEQF,1
TRBV20-1,TRBJ2-1,SASPWAPKGNEQF,1
TRBV20-1,TRBJ2-1,SASPWAPSYNEQF,1
TRBV20-1,TRBJ2-1,SASPWARNEQF,1
TRBV20-1,TRBJ2-1,SASPWASGDDNEQF,1
TRBV20-1,TRBJ2-1,SASPWASGFYNEQF,1
TRBV20-1,TRBJ2-1,SASPWASGRNSYNEQF,1
TRBV20-1,TRBJ2-1,SASPWASGSVNEQF,1
TRBV20-1,TRBJ2-1,SASPWATYNEQF,1
TRBV20-1,TRBJ2-1,SASPWCSYNEQF,1
TRBV20-1,TRBJ2-1,SASPWDADEQF,1
TRBV20-1,TRBJ2-1,SASPWDEQF,16
TRBV20-1,TRBJ2-1,SASPWDNEQF,1
TRBV20-1,TRBJ2-1,SASPWDPRNEQF,1
TRBV20-1,TRBJ2-1,SASPWDRARNEQF,1
TRBV20-1,TRBJ2-1,SASPWDRASYNEQF,1
TRBV20-1,TRBJ2-1,SASPWDRAYEQF,13
TRBV20-1,TRBJ2-1,SASPWDRGNEQF,1
TRBV20-1,TRBJ2-1,SASPWDRGRRNEQF,1
TRBV20-1,TRBJ2-1,SASPWDRGSYNEQF,2
TRBV20-1,TRBJ2-1,SASPWDRGYNEQF,4
TRBV20-1,TRBJ2-1,SASPWDRRRSYNEQF,1
TRBV20-1,TRBJ2-1,SASPWDRSYNEQF,1
TRBV20-1,TRBJ2-1,SASPWDRVEDEQF,5
TRBV20-1,TRBJ2-1,SASPWDSFYNEQF,1
TRBV20-1,TRBJ2-1,SASPWDSTNEQF,1
TRBV20-1,TRBJ2-1,SASPWDTGQNEQF,1
TRBV20-1,TRBJ2-1,SASPWDVAYNEQF,3
TRBV20-1,TRBJ2-1,SASPWEAHNEQF,1
TRBV20-1,TRBJ2-1,SASPWEASVVNEQF,1
TRBV20-1,TRBJ2-1,SASPWEGALAGGLWDNEQF,1
TRBV20-1,TRBJ2-1,SASPWEGPYNEQF,1
TRBV20-1,TRBJ2-1,SASPWELAVYNEQF,1
TRBV20-1,TRBJ2-1,SASPWELYNEQF,1
TRBV20-1,TRBJ2-1,SASPWENEQF,2
TRBV20-1,TRBJ2-1,SASPWEPGYYNEQF,4
TRBV20-1,TRBJ2-1,SASPWERAYEQF,1
TRBV20-1,TRBJ2-1,SASPWERGDNEQF,1
TRBV20-1,TRBJ2-1,SASPWERGGNEQF,1
TRBV20-1,TRBJ2-1,SASPWERGSYNEQF,1
TRBV20-1,TRBJ2-1,SASPWERRLDEQF,2
TRBV20-1,TRBJ2-1,SASPWERVYNEQF,1
TRBV20-1,TRBJ2-1,SASPWESHNEQF,11
TRBV20-1,TRBJ2-1,SASPWETTHEQF,1
TRBV20-1,TRBJ2-1,SASPWETTYNEQF,1
TRBV20-1,TRBJ2-1,SASPWGAANNEQF,1
TRBV20-1,TRBJ2-1,SASPWGAFNEQF,1
TRBV20-1,TRBJ2-1,SASPWGAGAYNEQF,1
TRBV20-1,TRBJ2-1,SASPWGAGGSYNEQF,3
TRBV20-1,TRBJ2-1,SASPWGANEQF,9
TRBV20-1,TRBJ2-1,SASPWGASYNEQF,1
TRBV20-1,TRBJ2-1,SASPWGDSSYNEQF,1
TRBV20-1,TRBJ2-1,SASPWGEQF,9
TRBV20-1,TRBJ2-1,SASPWGESDEQF,1
TRBV20-1,TRBJ2-1,SASPWGESYNEQF,1
TRBV20-1,TRBJ2-1,SASPWGEVGNEQF,1
TRBV20-1,TRBJ2-1,SASPWGEYNEQF,1
TRBV20-1,TRBJ2-1,SASPWGFNNEQF,1
TRBV20-1,TRBJ2-1,SASPWGGGKNEQF,1
TRBV20-1,TRBJ2-1,SASPWGGGNEQF,1
TRBV20-1,TRBJ2-1,SASPWGGLAFNEQF,1
TRBV20-1,TRBJ2-1,SASPWGGLAGSSSYNEQF,1
TRBV20-1,TRBJ2-1,SASPWGGRGLDEQF,1
TRBV20-1,TRBJ2-1,SASPWGGRSYNEQF,1
TRBV20-1,TRBJ2-1,SASPWGGRYNEQF,5
TRBV20-1,TRBJ2-1,SASPWGGRYNERF,1
TRBV20-1,TRBJ2-1,SASPWGGSGGNEQF,1
TRBV20-1,TRBJ2-1,SASPWGGSSSYNEQF,1
TRBV20-1,TRBJ2-1,SASPWGGVNEQF,1
TRBV20-1,TRBJ2-1,SASPWGGVYNEQF,1
TRBV20-1,TRBJ2-1,SASPWGGYNEQF,1
TRBV20-1,TRBJ2-1,SASPWGLADNEQF,1
TRBV20-1,TRBJ2-1,SASPWGLAEGDEQF,2
TRBV20-1,TRBJ2-1,SASPWGLAGENEQF,2
TRBV20-1,TRBJ2-1,SASPWGLAVGNEQF,1
TRBV20-1,TRBJ2-1,SASPWGLEYNEQF,1
TRBV20-1,TRBJ2-1,SASPWGLGYNEQF,1
TRBV20-1,TRBJ2-1,SASPWGLSYNEQF,1
TRBV20-1,TRBJ2-1,SASPWGNEQF,2
TRBV20-1,TRBJ2-1,SASPWGNNEQF,1
TRBV20-1,TRBJ2-1,SASPWGPNEQF,1
TRBV20-1,TRBJ2-1,SASPWGPWGEQF,3
TRBV20-1,TRBJ2-1,SASPWGQASYNEQF,1
TRBV20-1,TRBJ2-1,SASPWGQGANSYNEQF,1
TRBV20-1,TRBJ2-1,SASPWGQGAYNEQF,1
TRBV20-1,TRBJ2-1,SASPWGQGLFVSHEQF,1
TRBV20-1,TRBJ2-1,SASPWGQPSYNEQF,1
TRBV20-1,TRBJ2-1,SASPWGQSHYNEQF,1
TRBV20-1,TRBJ2-1,SASPWGQTDYNEQF,1
TRBV20-1,TRBJ2-1,SASPWGRVSYNEQF,1
TRBV20-1,TRBJ2-1,SASPWGSGAYNEQF,1
TRBV20-1,TRBJ2-1,SASPWGSGREDEQF,1
TRBV20-1,TRBJ2-1,SASPWGSSSGYNEQF,1
TRBV20-1,TRBJ2-1,SASPWGTGGNEQF,1
TRBV20-1,TRBJ2-1,SASPWGTPKYNEQF,1
TRBV20-1,TRBJ2-1,SASPWGTPTSYNEQF,1
TRBV20-1,TRBJ2-1,SASPWGTSGHNEQF,1
TRBV20-1,TRBJ2-1,SASPWGTSGSFNEQF,1
TRBV20-1,TRBJ2-1,SASPWGTSNNEQF,2
TRBV20-1,TRBJ2-1,SASPWGTTIGNEQF,1
TRBV20-1,TRBJ2-1,SASPWGTYNEQF,1
TRBV20-1,TRBJ2-1,SASPWGVEF,1
TRBV20-1,TRBJ2-1,SASPWGVGNEQF,4
TRBV20-1,TRBJ2-1,SASPWGVSFNEQF,1
TRBV20-1,TRBJ2-1,SASPWGVSSYNEQF,1
TRBV20-1,TRBJ2-1,SASPWGVYNEQF,1
TRBV20-1,TRBJ2-1,SASPWGYNEQF,1
TRBV20-1,TRBJ2-1,SASPWHQLNNEQF,1
TRBV20-1,TRBJ2-1,SASPWIAWDEQF,1
TRBV20-1,TRBJ2-1,SASPWIPENEQF,1
TRBV20-1,TRBJ2-1,SASPWISDAANEQF,6
TRBV20-1,TRBJ2-1,SASPWIYNEQF,5
TRBV20-1,TRBJ2-1,SASPWKSNEQF,1
TRBV20-1,TRBJ2-1,SASPWKVYNEQF,1
TRBV20-1,TRBJ2-1,SASPWLAGAGNEQF,1
TRBV20-1,TRBJ2-1,SASPWLAGLWNEQF,1
TRBV20-1,TRBJ2-1,SASPWLEDYNEQF,1
TRBV20-1,TRBJ2-1,SASPWLGEQF,1
TRBV20-1,TRBJ2-1,SASPWLGLAGLNEQF,4
TRBV20-1,TRBJ2-1,SASPWLGPRNEQF,1
TRBV20-1,TRBJ2-1,SASPWLNYNEQF,1
TRBV20-1,TRBJ2-1,SASPWLSGTYNEQF,1
TRBV20-1,TRBJ2-1,SASPWNAGGQGEQF,1
TRBV20-1,TRBJ2-1,SASPWNEQF,1
TRBV20-1,TRBJ2-1,SASPWNNEQF,9
TRBV20-1,TRBJ2-1,SASPWPGGYNEQF,1
TRBV20-1,TRBJ2-1,SASPWPTNEQF,1
TRBV20-1,TRBJ2-1,SASPWPVRGASGDEQF,1
TRBV20-1,TRBJ2-1,SASPWQRDRNYNEQF,1
TRBV20-1,TRBJ2-1,SASPWQRVSYNEQF,1
TRBV20-1,TRBJ2-1,SASPWRADSSYNEQF,1
TRBV20-1,TRBJ2-1,SASPWRATYNEQF,1
TRBV20-1,TRBJ2-1,SASPWRDIFNEQF,5
TRBV20-1,TRBJ2-1,SASPWRDIFTEQF,1
TRBV20-1,TRBJ2-1,SASPWRDKNNEQF,1
TRBV20-1,TRBJ2-1,SASPWRDLYNEQF,1
TRBV20-1,TRBJ2-1,SASPWRDNEQF,1
TRBV20-1,TRBJ2-1,SASPWREDYNEQF,1
TRBV20-1,TRBJ2-1,SASPWREFYNEQF,10
TRBV20-1,TRBJ2-1,SASPWREFYNEQL,1
TRBV20-1,TRBJ2-1,SASPWREGGNEQF,1
TRBV20-1,TRBJ2-1,SASPWREGSYNEQF,1
TRBV20-1,TRBJ2-1,SASPWREGYNEQF,1
TRBV20-1,TRBJ2-1,SASPWRESYNEQF,1
TRBV20-1,TRBJ2-1,SASPWRGPKYNEQF,1
TRBV20-1,TRBJ2-1,SASPWRGSYNEQF,1
TRBV20-1,TRBJ2-1,SASPWRGYNEQF,2
TRBV20-1,TRBJ2-1,SASPWRINNEQF,1
TRBV20-1,TRBJ2-1,SASPWRNEQF,1
TRBV20-1,TRBJ2-1,SASPWRPGSYNEQF,1
TRBV20-1,TRBJ2-1,SASPWRSLSSYNEQF,1
TRBV20-1,TRBJ2-1,SASPWRSSYNEQF,2
TRBV20-1,TRBJ2-1,SASPWRTNEQF,1
TRBV20-1,TRBJ2-1,SASPWRTRGNEQF,2
TRBV20-1,TRBJ2-1,SASPWRTVYNEQF,1
TRBV20-1,TRBJ2-1,SASPWRVNHNEQF,1
TRBV20-1,TRBJ2-1,SASPWRVQNEQF,1
TRBV20-1,TRBJ2-1,SASPWSAAYNEQF,1
TRBV20-1,TRBJ2-1,SASPWSGRAYNEQF,1
TRBV20-1,TRBJ2-1,SASPWSGSYNEQF,1
TRBV20-1,TRBJ2-1,SASPWSGTYNEQF,6
TRBV20-1,TRBJ2-1,SASPWSNNEQF,3
TRBV20-1,TRBJ2-1,SASPWSRLFYNEQF,1
TRBV20-1,TRBJ2-1,SASPWSSGAGIEQF,1
TRBV20-1,TRBJ2-1,SASPWSSGHINEQF,1
TRBV20-1,TRBJ2-1,SASPWSSYNEQF,1
TRBV20-1,TRBJ2-1,SASPWSYNEQF,1
TRBV20-1,TRBJ2-1,SASPWTAGGSYNEQF,1
TRBV20-1,TRBJ2-1,SASPWTAGNEQF,1
TRBV20-1,TRBJ2-1,SASPWTGEKNEQF,1
TRBV20-1,TRBJ2-1,SASPWTGGNEQF,1
TRBV20-1,TRBJ2-1,SASPWTGKVNEQF,1
TRBV20-1,TRBJ2-1,SASPWTGLADSYNEQF,1
TRBV20-1,TRBJ2-1,SASPWTGLANEQF,1
TRBV20-1,TRBJ2-1,SASPWTGRTYNEQF,1
TRBV20-1,TRBJ2-1,SASPWTGYNEQF,2
TRBV20-1,TRBJ2-1,SASPWTHNEQF,1
TRBV20-1,TRBJ2-1,SASPWTNEQF,1
TRBV20-1,TRBJ2-1,SASPWTPGPSGNEQF,1
TRBV20-1,TRBJ2-1,SASPWTPKDEQF,1
TRBV20-1,TRBJ2-1,SASPWTRTIYNEQF,2
TRBV20-1,TRBJ2-1,SASPWTSAKGDEQF,4
TRBV20-1,TRBJ2-1,SASPWTSDQTDEQF,1
TRBV20-1,TRBJ2-1,SASPWTSGAYNEQF,1
TRBV20-1,TRBJ2-1,SASPWTSGERNEQF,1
TRBV20-1,TRBJ2-1,SASPWTSGFNEQF,1
TRBV20-1,TRBJ2-1,SASPWTSGFYNEQF,4
TRBV20-1,TRBJ2-1,SASPWTSGGANEQF,1
TRBV20-1,TRBJ2-1,SASPWTSGGFNEQF,1
TRBV20-1,TRBJ2-1,SASPWTSGGYNEQF,1
TRBV20-1,TRBJ2-1,SASPWTSGITSYNEQF,1
TRBV20-1,TRBJ2-1,SASPWTSGIYEQF,1
TRBV20-1,TRBJ2-1,SASPWTSGNRNEQF,1
TRBV20-1,TRBJ2-1,SASPWTSGRGNEQF,1
TRBV20-1,TRBJ2-1,SASPWTSGRNEQF,2
TRBV20-1,TRBJ2-1,SASPWTSGRSEQF,5
TRBV20-1,TRBJ2-1,SASPWTSGSDEQF,9
TRBV20-1,TRBJ2-1,SASPWTSGSFSEQF,4
TRBV20-1,TRBJ2-1,SASPWTSGSLQDNEQF,1
TRBV20-1,TRBJ2-1,SASPWTSGSNEQF,2
TRBV20-1,TRBJ2-1,SASPWTSGSSYNEQF,1
TRBV20-1,TRBJ2-1,SASPWTSGTNEQF,1
TRBV20-1,TRBJ2-1,SASPWTSGTTNEQF,1
TRBV20-1,TRBJ2-1,SASPWTSGTYNEQF,4
TRBV20-1,TRBJ2-1,SASPWTSGWTYNEQF,1
TRBV20-1,TRBJ2-1,SASPWTSGYNEQF,2
TRBV20-1,TRBJ2-1,SASPWTSNNEQF,1
TRBV20-1,TRBJ2-1,SASPWTSRLGHEQF,1
TRBV20-1,TRBJ2-1,SASPWTSSPEQF,4
TRBV20-1,TRBJ2-1,SASPWTSSSYNEQF,1
TRBV20-1,TRBJ2-1,SASPWTSVDEQF,2
TRBV20-1,TRBJ2-1,SASPWTSVETYNEQF,1
TRBV20-1,TRBJ2-1,SASPWTSVGNEQF,1
TRBV20-1,TRBJ2-1,SASPWTVGPKYNEQF,1
TRBV20-1,TRBJ2-1,SASPWVAYEQF,1
TRBV20-1,TRBJ2-1,SASPWVDEQF,1
TRBV20-1,TRBJ2-1,SASPWVDRGSNEQF,1
TRBV20-1,TRBJ2-1,SASPWVSGRAGSYNEQF,1
TRBV20-1,TRBJ2-1,SASPWVVGNEQF,2
TRBV20-1,TRBJ2-1,SASPWWTSGTSDEQF,1
TRBV20-1,TRBJ2-1,SASPWYGVSNEQF,1
TRBV20-1,TRBJ2-1,SASPYAGAYNEQF,1
TRBV20-1,TRBJ2-1,SASPYAGSGAYNEQF,1
TRBV20-1,TRBJ2-1,SASPYAGSYNEQF,1
TRBV20-1,TRBJ2-1,SASPYARGYNEQF,1
TRBV20-1,TRBJ2-1,SASPYDASYNEQF,1
TRBV20-1,TRBJ2-1,SASPYDEQF,1
TRBV20-1,TRBJ2-1,SASPYDGRVYNEQF,1
TRBV20-1,TRBJ2-1,SASPYDNEQF,1
TRBV20-1,TRBJ2-1,SASPYDRWSTYNEQF,1
TRBV20-1,TRBJ2-1,SASPYDSRGNEQF,2
TRBV20-1,TRBJ2-1,SASPYEASSYNEQF,3
TRBV20-1,TRBJ2-1,SASPYEENRGSSSYNEQF,1
TRBV20-1,TRBJ2-1,SASPYEGFHYNEQF,1
TRBV20-1,TRBJ2-1,SASPYEQF,6
TRBV20-1,TRBJ2-1,SASPYEVPYNEQF,1
TRBV20-1,TRBJ2-1,SASPYF,1
TRBV20-1,TRBJ2-1,SASPYFGLAGLNEQF,1
TRBV20-1,TRBJ2-1,SASPYFKAGGLGNEQF,1
TRBV20-1,TRBJ2-1,SASPYGAASSYNEQF,1
TRBV20-1,TRBJ2-1,SASPYGAASTYNEQF,1
TRBV20-1,TRBJ2-1,SASPYGAGGYNEQF,1
TRBV20-1,TRBJ2-1,SASPYGAGVHEQF,1
TRBV20-1,TRBJ2-1,SASPYGASGFSYNEQF,1
TRBV20-1,TRBJ2-1,SASPYGASIYEQF,1
TRBV20-1,TRBJ2-1,SASPYGDSGGYNEQF,1
TRBV20-1,TRBJ2-1,SASPYGERVDEQF,1
TRBV20-1,TRBJ2-1,SASPYGGGTSYNEQF,1
TRBV20-1,TRBJ2-1,SASPYGGHGLGSYNEQF,1
TRBV20-1,TRBJ2-1,SASPYGGLAGGDEQF,1
TRBV20-1,TRBJ2-1,SASPYGGLNYNEQF,1
TRBV20-1,TRBJ2-1,SASPYGGLNYNEQS,1
TRBV20-1,TRBJ2-1,SASPYGGNNEQF,1
TRBV20-1,TRBJ2-1,SASPYGGPPYNEQF,1
TRBV20-1,TRBJ2-1,SASPYGGQSSYNEQF,1
TRBV20-1,TRBJ2-1,SASPYGGRENENEQF,1
TRBV20-1,TRBJ2-1,SASPYGGSYNEQF,1
TRBV20-1,TRBJ2-1,SASPYGGTGYNEQF,1
TRBV20-1,TRBJ2-1,SASPYGGTSGYNEQF,3
TRBV20-1,TRBJ2-1,SASPYGISYNEQF,1
TRBV20-1,TRBJ2-1,SASPYGLADYNEQF,1
TRBV20-1,TRBJ2-1,SASPYGLAGGSGSYNEQF,1
TRBV20-1,TRBJ2-1,SASPYGLATNEQF,1
TRBV20-1,TRBJ2-1,SASPYGPKPHNEQF,1
TRBV20-1,TRBJ2-1,SASPYGRERYNEQF,1
TRBV20-1,TRBJ2-1,SASPYGRPREDEQF,1
TRBV20-1,TRBJ2-1,SASPYGSSYNEQF,1
TRBV20-1,TRBJ2-1,SASPYGTGQYNEQF,1
TRBV20-1,TRBJ2-1,SASPYGTKYNEQF,1
TRBV20-1,TRBJ2-1,SASPYGTRDVGFHEQF,4
TRBV20-1,TRBJ2-1,SASPYGTSFHEQF,1
TRBV20-1,TRBJ2-1,SASPYGTSGRKWTYNEQF,1
TRBV20-1,TRBJ2-1,SASPYGTSGYNEQF,1
TRBV20-1,TRBJ2-1,SASPYGTSLSYNEQF,1
TRBV20-1,TRBJ2-1,SASPYGTTLNEQF,1
TRBV20-1,TRBJ2-1,SASPYGVKVNEQF,1
TRBV20-1,TRBJ2-1,SASPYHGASGRYNEQF,1
TRBV20-1,TRBJ2-1,SASPYHGNEQF,1
TRBV20-1,TRBJ2-1,SASPYIDGGAYNEQF,1
TRBV20-1,TRBJ2-1,SASPYIDLINEQF,1
TRBV20-1,TRBJ2-1,SASPYIKREGLIAYNEQF,1
TRBV20-1,TRBJ2-1,SASPYIKTGTYGAPYYNEQF,4
TRBV20-1,TRBJ2-1,SASPYIKTGTYGAPYYNQQF,1
TRBV20-1,TRBJ2-1,SASPYKGLPTNEQF,1
TRBV20-1,TRBJ2-1,SASPYKNYNEQF,1
TRBV20-1,TRBJ2-1,SASPYKSSYNEQF,1
TRBV20-1,TRBJ2-1,SASPYKTGSYNEQF,1
TRBV20-1,TRBJ2-1,SASPYKYTYNEQF,1
TRBV20-1,TRBJ2-1,SASPYLAGDDNEQF,1
TRBV20-1,TRBJ2-1,SASPYLATSGNLPGPNEQF,1
TRBV20-1,TRBJ2-1,SASPYLAYNEQF,4
TRBV20-1,TRBJ2-1,SASPYLGGLNNEQF,1
TRBV20-1,TRBJ2-1,SASPYLGGSLDNEQF,1
TRBV20-1,TRBJ2-1,SASPYLGLAGKANEQF,1
TRBV20-1,TRBJ2-1,SASPYLGLAVYNEQF,1
TRBV20-1,TRBJ2-1,SASPYLGSSVSSYNEQF,1
TRBV20-1,TRBJ2-1,SASPYLGSYNEQF,1
TRBV20-1,TRBJ2-1,SASPYLGTGLYNEQF,1
TRBV20-1,TRBJ2-1,SASPYLGTRSYNEQF,1
TRBV20-1,TRBJ2-1,SASPYLRGNEQF,1
TRBV20-1,TRBJ2-1,SASPYLSLDNEQF,2
TRBV20-1,TRBJ2-1,SASPYMGGTHNEQF,1
TRBV20-1,TRBJ2-1,SASPYNEQF,76
TRBV20-1,TRBJ2-1,SASPYNLNNEQF,1
TRBV20-1,TRBJ2-1,SASPYNSYNEQF,1
TRBV20-1,TRBJ2-1,SASPYPAGGSSYNEQF,1
TRBV20-1,TRBJ2-1,SASPYPAGLAKNEQF,1
TRBV20-1,TRBJ2-1,SASPYPGLAEFSSYNEQF,1
TRBV20-1,TRBJ2-1,SASPYPGNEQF,1
TRBV20-1,TRBJ2-1,SASPYPLNNEQF,1
TRBV20-1,TRBJ2-1,SASPYPNEQF,4
TRBV20-1,TRBJ2-1,SASPYPNWYNEQF,1
TRBV20-1,TRBJ2-1,SASPYPNYNEQF,1
TRBV20-1,TRBJ2-1,SASPYPRNEQF,1
TRBV20-1,TRBJ2-1,SASPYPSFGAYNEQF,1
TRBV20-1,TRBJ2-1,SASPYQRRASYNEQF,1
TRBV20-1,TRBJ2-1,SASPYRALGEQF,7
TRBV20-1,TRBJ2-1,SASPYRDSGYNEQF,1
TRBV20-1,TRBJ2-1,SASPYRERSSYNEQF,1
TRBV20-1,TRBJ2-1,SASPYRGAPYNEQF,1
TRBV20-1,TRBJ2-1,SASPYRGDEQF,2
TRBV20-1,TRBJ2-1,SASPYRGGIDEQF,1
TRBV20-1,TRBJ2-1,SASPYRGIYNEQF,3
TRBV20-1,TRBJ2-1,SASPYRGRLYEQF,1
TRBV20-1,TRBJ2-1,SASPYRGRNEQF,1
TRBV20-1,TRBJ2-1,SASPYRGSYNEQF,1
TRBV20-1,TRBJ2-1,SASPYRLAGAVYNEQF,1
TRBV20-1,TRBJ2-1,SASPYRLAGVGYNEQF,1
TRBV20-1,TRBJ2-1,SASPYRLSSYNEQF,1
TRBV20-1,TRBJ2-1,SASPYRPTDEQF,1
TRBV20-1,TRBJ2-1,SASPYRSGNEQF,1
TRBV20-1,TRBJ2-1,SASPYRSLSSNEQF,1
TRBV20-1,TRBJ2-1,SASPYRSLSYNEQF,14
TRBV20-1,TRBJ2-1,SASPYRSSYNEQF,2
TRBV20-1,TRBJ2-1,SASPYRSYNEQF,2
TRBV20-1,TRBJ2-1,SASPYRTSGTYNEQF,1
TRBV20-1,TRBJ2-1,SASPYSGAGYNEQF,2
TRBV20-1,TRBJ2-1,SASPYSGAYNEQF,1
TRBV20-1,TRBJ2-1,SASPYSGGAYNEQF,3
TRBV20-1,TRBJ2-1,SASPYSGKSYNEQF,1
TRBV20-1,TRBJ2-1,SASPYSGNEQF,1
TRBV20-1,TRBJ2-1,SASPYSGNTYNEQF,1
TRBV20-1,TRBJ2-1,SASPYSGRAFRGYNEQF,1
TRBV20-1,TRBJ2-1,SASPYSGRAYNEQF,1
TRBV20-1,TRBJ2-1,SASPYSGREYNEQF,1
TRBV20-1,TRBJ2-1,SASPYSGRGYNEQF,1
TRBV20-1,TRBJ2-1,SASPYSGRPHEQF,1
TRBV20-1,TRBJ2-1,SASPYSGRSYNEQF,1
TRBV20-1,TRBJ2-1,SASPYSGSINEQF,2
TRBV20-1,TRBJ2-1,SASPYSGSSYNEQF,1
TRBV20-1,TRBJ2-1,SASPYSGSYNEQF,1
TRBV20-1,TRBJ2-1,SASPYSKPRRVDHNEQF,1
TRBV20-1,TRBJ2-1,SASPYSNEQF,7
TRBV20-1,TRBJ2-1,SASPYSRLAGRSNEQF,1
TRBV20-1,TRBJ2-1,SASPYSSGVYNEQF,1
TRBV20-1,TRBJ2-1,SASPYSSYNEQF,1
TRBV20-1,TRBJ2-1,SASPYSVGSYNEQF,1
TRBV20-1,TRBJ2-1,SASPYSYNEQF,4
TRBV20-1,TRBJ2-1,SASPYTGRGIFNEQF,1
TRBV20-1,TRBJ2-1,SASPYTGSSYNEQF,1
TRBV20-1,TRBJ2-1,SASPYTLAGIYNEQF,1
TRBV20-1,TRBJ2-1,SASPYTSGFYNEQF,1
TRBV20-1,TRBJ2-1,SASPYTSGRYNEQF,1
TRBV20-1,TRBJ2-1,SASPYTSGSPNEQF,1
TRBV20-1,TRBJ2-1,SASPYTTRPSRDNEQF,1
TRBV20-1,TRBJ2-1,SASPYTTSGRFGGEDEQF,1
TRBV20-1,TRBJ2-1,SASPYTVGPGQTANEQF,1
TRBV20-1,TRBJ2-1,SASPYTVNEQF,1
TRBV20-1,TRBJ2-1,SASPYTVWGRAVNEQF,1
TRBV20-1,TRBJ2-1,SASPYVGDNEQF,1
TRBV20-1,TRBJ2-1,SASPYVGLAGTSYNEQF,9
TRBV20-1,TRBJ2-1,SASPYVGTSYNEQF,1
TRBV20-1,TRBJ2-1,SASPYVLSYNEQF,1
TRBV20-1,TRBJ2-1,SASPYVRALNEQF,1
TRBV20-1,TRBJ2-1,SASPYVSGSSSYNEQF,1
TRBV20-1,TRBJ2-1,SASPYVSRQTPTNEQF,1
TRBV20-1,TRBJ2-1,SASPYVTSGSDNEQF,1
TRBV20-1,TRBJ2-1,SASPYWGPTYNEQF,1
TRBV20-1,TRBJ2-1,SASPYYAGAGNEQF,1
TRBV20-1,TRBJ2-1,SASPYYNEQF,3
TRBV20-1,TRBJ2-1,SASPYYRETYNEQF,1
TRBV20-1,TRBJ2-1,SASPYYRNEQF,1
TRBV20-1,TRBJ2-1,SASPYYSSYNEQF,1
TRBV20-1,TRBJ2-1,SASQAAASDEQF,1
TRBV20-1,TRBJ2-1,SASQAAASYNEQF,1
TRBV20-1,TRBJ2-1,SASQAADTYNEQF,1
TRBV20-1,TRBJ2-1,SASQAAGGNEQF,1
TRBV20-1,TRBJ2-1,SASQAAGNEQF,3
TRBV20-1,TRBJ2-1,SASQAAGVSYNEQF,1
TRBV20-1,TRBJ2-1,SASQAALAYNEQF,1
TRBV20-1,TRBJ2-1,SASQAARDEQF,1
TRBV20-1,TRBJ2-1,SASQAARIGNEQF,1
TRBV20-1,TRBJ2-1,SASQAARNEQF,1
TRBV20-1,TRBJ2-1,SASQAASYNEQF,8
TRBV20-1,TRBJ2-1,SASQAAYNEQF,1
TRBV20-1,TRBJ2-1,SASQAAYYNEQF,1
TRBV20-1,TRBJ2-1,SASQADEQF,5
TRBV20-1,TRBJ2-1,SASQADLSYNEQF,1
TRBV20-1,TRBJ2-1,SASQADNDQF,1
TRBV20-1,TRBJ2-1,SASQADNEHF,1
TRBV20-1,TRBJ2-1,SASQADNEQF,44
TRBV20-1,TRBJ2-1,SASQADNVQF,1
TRBV20-1,TRBJ2-1,SASQADPSYNEQF,1
TRBV20-1,TRBJ2-1,SASQADSEQF,3
TRBV20-1,TRBJ2-1,SASQADYNEQF,2
TRBV20-1,TRBJ2-1,SASQAEGSYNEQF,1
TRBV20-1,TRBJ2-1,SASQAEGVQNEQF,1
TRBV20-1,TRBJ2-1,SASQAEPYNEQF,1
TRBV20-1,TRBJ2-1,SASQAEQF,5
TRBV20-1,TRBJ2-1,SASQAESSYNEQF,1
TRBV20-1,TRBJ2-1,SASQAFEQF,2
TRBV20-1,TRBJ2-1,SASQAFNNEQF,1
TRBV20-1,TRBJ2-1,SASQAFSYNEQF,1
TRBV20-1,TRBJ2-1,SASQAGADNEQF,3
TRBV20-1,TRBJ2-1,SASQAGAIRYNEQF,1
TRBV20-1,TRBJ2-1,SASQAGAPHEQF,3
TRBV20-1,TRBJ2-1,SASQAGARSYNEQF,1
TRBV20-1,TRBJ2-1,SASQAGARVGHEQF,1
TRBV20-1,TRBJ2-1,SASQAGAYNEQF,2
TRBV20-1,TRBJ2-1,SASQAGDLNEQF,1
TRBV20-1,TRBJ2-1,SASQAGDSYNEQF,1
TRBV20-1,TRBJ2-1,SASQAGDYNEQF,1
TRBV20-1,TRBJ2-1,SASQAGEDEQF,4
TRBV20-1,TRBJ2-1,SASQAGEGIHNEQF,1
TRBV20-1,TRBJ2-1,SASQAGESYNEQF,1
TRBV20-1,TRBJ2-1,SASQAGEYCNEQS,1
TRBV20-1,TRBJ2-1,SASQAGEYNEQF,1
TRBV20-1,TRBJ2-1,SASQAGEYYNEQF,5
TRBV20-1,TRBJ2-1,SASQAGGAAYNEQF,1
TRBV20-1,TRBJ2-1,SASQAGGDNEQF,1
TRBV20-1,TRBJ2-1,SASQAGGGGDEQF,1
TRBV20-1,TRBJ2-1,SASQAGGGNNEQF,1
TRBV20-1,TRBJ2-1,SASQAGGGYNEQF,1
TRBV20-1,TRBJ2-1,SASQAGGIGEQF,1
TRBV20-1,TRBJ2-1,SASQAGGINEQF,1
TRBV20-1,TRBJ2-1,SASQAGGIPYNEQF,1
TRBV20-1,TRBJ2-1,SASQAGGISYNEQF,1
TRBV20-1,TRBJ2-1,SASQAGGLDEQF,2
TRBV20-1,TRBJ2-1,SASQAGGLNEQF,3
TRBV20-1,TRBJ2-1,SASQAGGLSSYNEQF,1
TRBV20-1,TRBJ2-1,SASQAGGLYNEQF,4
TRBV20-1,TRBJ2-1,SASQAGGPDEQF,1
TRBV20-1,TRBJ2-1,SASQAGGPFEQF,3
TRBV20-1,TRBJ2-1,SASQAGGPFNEQF,1
TRBV20-1,TRBJ2-1,SASQAGGPHEQF,2
TRBV20-1,TRBJ2-1,SASQAGGPNEQF,2
TRBV20-1,TRBJ2-1,SASQAGGPNNEQF,1
TRBV20-1,TRBJ2-1,SASQAGGPNYNEQF,1
TRBV20-1,TRBJ2-1,SASQAGGPTGEF,3
TRBV20-1,TRBJ2-1,SASQAGGPVRNEQF,1
TRBV20-1,TRBJ2-1,SASQAGGPYNEQF,5
TRBV20-1,TRBJ2-1,SASQAGGQTVNEQF,1
TRBV20-1,TRBJ2-1,SASQAGGRDEQF,1
TRBV20-1,TRBJ2-1,SASQAGGRNEQF,1
TRBV20-1,TRBJ2-1,SASQAGGSDEQF,1
TRBV20-1,TRBJ2-1,SASQAGGSRDEQF,1
TRBV20-1,TRBJ2-1,SASQAGGSSYNEQF,1
TRBV20-1,TRBJ2-1,SASQAGGSYNEQF,4
TRBV20-1,TRBJ2-1,SASQAGGTYNEQF,2
TRBV20-1,TRBJ2-1,SASQAGGWYEQF,1
TRBV20-1,TRBJ2-1,SASQAGGYNEQF,8
TRBV20-1,TRBJ2-1,SASQAGHNEQF,2
TRBV20-1,TRBJ2-1,SASQAGIEQF,2
TRBV20-1,TRBJ2-1,SASQAGKRSYNEQF,1
TRBV20-1,TRBJ2-1,SASQAGLAGYNEQF,1
TRBV20-1,TRBJ2-1,SASQAGLAYNEQF,1
TRBV20-1,TRBJ2-1,SASQAGLGVGNEQF,1
TRBV20-1,TRBJ2-1,SASQAGMINEQF,1
TRBV20-1,TRBJ2-1,SASQAGNEQF,1
TRBV20-1,TRBJ2-1,SASQAGNNEQF,1
TRBV20-1,TRBJ2-1,SASQAGPGNEQF,1
TRBV20-1,TRBJ2-1,SASQAGPYNEQF,1
TRBV20-1,TRBJ2-1,SASQAGQNNEQF,1
TRBV20-1,TRBJ2-1,SASQAGQYNEQF,1
TRBV20-1,TRBJ2-1,SASQAGRALTYSYNEQF,1
TRBV20-1,TRBJ2-1,SASQAGRAYNEQF,1
TRBV20-1,TRBJ2-1,SASQAGRNEQF,2
TRBV20-1,TRBJ2-1,SASQAGRNNEQF,1
TRBV20-1,TRBJ2-1,SASQAGRRTYNEQF,1
TRBV20-1,TRBJ2-1,SASQAGRSSDEQF,8
TRBV20-1,TRBJ2-1,SASQAGRTLFTHNEQF,1
TRBV20-1,TRBJ2-1,SASQAGRTYNEQF,1
TRBV20-1,TRBJ2-1,SASQAGRVGNEQF,1
TRBV20-1,TRBJ2-1,SASQAGRYNEQF,1
TRBV20-1,TRBJ2-1,SASQAGSLAYNEQF,1
TRBV20-1,TRBJ2-1,SASQAGSLNEQF,1
TRBV20-1,TRBJ2-1,SASQAGSTNEQF,1
TRBV20-1,TRBJ2-1,SASQAGSYNEQF,4
TRBV20-1,TRBJ2-1,SASQAGTGRGNEQF,1
TRBV20-1,TRBJ2-1,SASQAGTPNEQF,1
TRBV20-1,TRBJ2-1,SASQAGTRNEQF,1
TRBV20-1,TRBJ2-1,SASQAGTRSYNEQF,1
TRBV20-1,TRBJ2-1,SASQAGTSGRVSYNEQF,1
TRBV20-1,TRBJ2-1,SASQAGTSGTYTEQF,1
TRBV20-1,TRBJ2-1,SASQAGTYNEQF,2
TRBV20-1,TRBJ2-1,SASQAGVANEQF,1
TRBV20-1,TRBJ2-1,SASQAGVFHNEQF,1
TRBV20-1,TRBJ2-1,SASQAGVGDNEQF,1
TRBV20-1,TRBJ2-1,SASQAGVGNEQF,4
TRBV20-1,TRBJ2-1,SASQAGVHEQF,1
TRBV20-1,TRBJ2-1,SASQAGVIDEQF,1
TRBV20-1,TRBJ2-1,SASQAGVLGNEQF,1
TRBV20-1,TRBJ2-1,SASQAGVNNEQF,2
TRBV20-1,TRBJ2-1,SASQAGVRHNEQF,1
TRBV20-1,TRBJ2-1,SASQAGVRYNEQF,1
TRBV20-1,TRBJ2-1,SASQAGVSDNEQF,1
TRBV20-1,TRBJ2-1,SASQAGVSMDEQF,1
TRBV20-1,TRBJ2-1,SASQAGVTYNEQF,1
TRBV20-1,TRBJ2-1,SASQAGVVDNEQF,1
TRBV20-1,TRBJ2-1,SASQAGVYEQF,1
TRBV20-1,TRBJ2-1,SASQAGYMNEQF,13
TRBV20-1,TRBJ2-1,SASQAHGDEQF,1
TRBV20-1,TRBJ2-1,SASQAITYNEQF,1
TRBV20-1,TRBJ2-1,SASQAIYNEQF,1
TRBV20-1,TRBJ2-1,SASQAKHYNEQF,1
TRBV20-1,TRBJ2-1,SASQAKIYNEQF,5
TRBV20-1,TRBJ2-1,SASQAKLNYNEQF,1
TRBV20-1,TRBJ2-1,SASQALAAPWNDQF,1
TRBV20-1,TRBJ2-1,SASQALAGNNEQF,1
TRBV20-1,TRBJ2-1,SASQALAPSSYNEQF,1
TRBV20-1,TRBJ2-1,SASQALSSYNEQF,2
TRBV20-1,TRBJ2-1,SASQALSYNGPF,1
TRBV20-1,TRBJ2-1,SASQANEQF,7
TRBV20-1,TRBJ2-1,SASQANSYNEQF,1
TRBV20-1,TRBJ2-1,SASQANTYNEQF,6
TRBV20-1,TRBJ2-1,SASQANYNEQF,6
TRBV20-1,TRBJ2-1,SASQAPKGDEQF,2
TRBV20-1,TRBJ2-1,SASQAPREYEQF,1
TRBV20-1,TRBJ2-1,SASQAPRHNEQF,1
TRBV20-1,TRBJ2-1,SASQAPSSYNEQF,1
TRBV20-1,TRBJ2-1,SASQAPSYNEQF,1
TRBV20-1,TRBJ2-1,SASQAPTGDEQF,1
TRBV20-1,TRBJ2-1,SASQAPYNEQF,1
TRBV20-1,TRBJ2-1,SASQAQSYNEQF,11
TRBV20-1,TRBJ2-1,SASQARAAYNEQF,1
TRBV20-1,TRBJ2-1,SASQARAPLSSEQF,2
TRBV20-1,TRBJ2-1,SASQARAYNEQF,1
TRBV20-1,TRBJ2-1,SASQARDYNEQF,1
TRBV20-1,TRBJ2-1,SASQARGHNEQF,2
TRBV20-1,TRBJ2-1,SASQARGLHNEQF,1
TRBV20-1,TRBJ2-1,SASQARGSNNEQF,1
TRBV20-1,TRBJ2-1,SASQARGYNEQF,1
TRBV20-1,TRBJ2-1,SASQARKYNEQF,1
TRBV20-1,TRBJ2-1,SASQARSYNEQF,2
TRBV20-1,TRBJ2-1,SASQARTSYNEQF,4
TRBV20-1,TRBJ2-1,SASQASEGGWDYEQF,4
TRBV20-1,TRBJ2-1,SASQASGFYNEQF,1
TRBV20-1,TRBJ2-1,SASQASGGNNEQF,1
TRBV20-1,TRBJ2-1,SASQASGGRHEQF,1
TRBV20-1,TRBJ2-1,SASQASGIKNNEQF,1
TRBV20-1,TRBJ2-1,SASQASGKVIYNEQF,1
TRBV20-1,TRBJ2-1,SASQASGNEQF,1
TRBV20-1,TRBJ2-1,SASQASGNHNEQF,3
TRBV20-1,TRBJ2-1,SASQASGNNEQF,1
TRBV20-1,TRBJ2-1,SASQASGNVNEQF,1
TRBV20-1,TRBJ2-1,SASQASGPNEQF,1
TRBV20-1,TRBJ2-1,SASQASGRAMGNEQF,2
TRBV20-1,TRBJ2-1,SASQASGRASSYNEQF,1
TRBV20-1,TRBJ2-1,SASQASGRGNEQF,1
TRBV20-1,TRBJ2-1,SASQASGRLNEQF,1
TRBV20-1,TRBJ2-1,SASQASGRMLSYNEQF,1
TRBV20-1,TRBJ2-1,SASQASGRNEQF,3
TRBV20-1,TRBJ2-1,SASQASGRSLSYNEQF,1
TRBV20-1,TRBJ2-1,SASQASGRVYNEQF,1
TRBV20-1,TRBJ2-1,SASQASGRYNEQF,1
TRBV20-1,TRBJ2-1,SASQASGSHEQF,1
TRBV20-1,TRBJ2-1,SASQASGSLNEQF,1
TRBV20-1,TRBJ2-1,SASQASGSSNEQF,1
TRBV20-1,TRBJ2-1,SASQASGSSYNEQF,1
TRBV20-1,TRBJ2-1,SASQASGSTSYNEQF,1
TRBV20-1,TRBJ2-1,SASQASGSYEQF,1
TRBV20-1,TRBJ2-1,SASQASGTHNEQF,3
TRBV20-1,TRBJ2-1,SASQASGVNEQF,1
TRBV20-1,TRBJ2-1,SASQASGYNEQF,3
TRBV20-1,TRBJ2-1,SASQASNEQF,5
TRBV20-1,TRBJ2-1,SASQASSYNEQF,3
TRBV20-1,TRBJ2-1,SASQASTSAYEQF,8
TRBV20-1,TRBJ2-1,SASQASTYNEQF,1
TRBV20-1,TRBJ2-1,SASQASYEQF,3
TRBV20-1,TRBJ2-1,SASQASYNEQF,3
TRBV20-1,TRBJ2-1,SASQATANEQF,1
TRBV20-1,TRBJ2-1,SASQATDSSYNEQF,1
TRBV20-1,TRBJ2-1,SASQATGTSRYNEQF,1
TRBV20-1,TRBJ2-1,SASQATSNEQF,1
TRBV20-1,TRBJ2-1,SASQATSQYNEQF,1
TRBV20-1,TRBJ2-1,SASQATSYNEQF,1
TRBV20-1,TRBJ2-1,SASQATYNEQF,3
TRBV20-1,TRBJ2-1,SASQATYNGQF,1
TRBV20-1,TRBJ2-1,SASQAVDDEQF,4
TRBV20-1,TRBJ2-1,SASQAVNEQF,1
TRBV20-1,TRBJ2-1,SASQAVSYNEQF,1
TRBV20-1,TRBJ2-1,SASQAVVYNEQF,1
TRBV20-1,TRBJ2-1,SASQAVYNEQF,2
TRBV20-1,TRBJ2-1,SASQAWLVSNEQF,1
TRBV20-1,TRBJ2-1,SASQAWNSYNEQF,1
TRBV20-1,TRBJ2-1,SASQAYNEQF,6
TRBV20-1,TRBJ2-1,SASQCIYNEQF,1
TRBV20-1,TRBJ2-1,SASQDAALVRPDNNEQF,1
TRBV20-1,TRBJ2-1,SASQDALGRAYNEQF,1
TRBV20-1,TRBJ2-1,SASQDANEQF,1
TRBV20-1,TRBJ2-1,SASQDARYNEQF,1
TRBV20-1,TRBJ2-1,SASQDASSYNEQF,1
TRBV20-1,TRBJ2-1,SASQDDNEQF,1
TRBV20-1,TRBJ2-1,SASQDEQF,22
TRBV20-1,TRBJ2-1,SASQDFYNEQF,1
TRBV20-1,TRBJ2-1,SASQDGGRYHEQF,1
TRBV20-1,TRBJ2-1,SASQDGGRYNEQF,2
TRBV20-1,TRBJ2-1,SASQDGGRYTEQF,1
TRBV20-1,TRBJ2-1,SASQDGLAAEQF,5
TRBV20-1,TRBJ2-1,SASQDGLAETSYNEQF,1
TRBV20-1,TRBJ2-1,SASQDGLDNEQF,1
TRBV20-1,TRBJ2-1,SASQDGLSFNEQF,1
TRBV20-1,TRBJ2-1,SASQDGPAGYNNEQF,1
TRBV20-1,TRBJ2-1,SASQDGQGGHNEQF,1
TRBV20-1,TRBJ2-1,SASQDGSSYNEQF,3
TRBV20-1,TRBJ2-1,SASQDHQNDNEQF,1
TRBV20-1,TRBJ2-1,SASQDHVDNEQF,1
TRBV20-1,TRBJ2-1,SASQDISYNEQF,1
TRBV20-1,TRBJ2-1,SASQDLAEPTIDEQF,1
TRBV20-1,TRBJ2-1,SASQDLAGADEQF,1
TRBV20-1,TRBJ2-1,SASQDLSSYNEQF,1
TRBV20-1,TRBJ2-1,SASQDLYNEQF,2
TRBV20-1,TRBJ2-1,SASQDMIQNNEQF,1
TRBV20-1,TRBJ2-1,SASQDNEQF,7
TRBV20-1,TRBJ2-1,SASQDPDEQF,3
TRBV20-1,TRBJ2-1,SASQDPDPSYNEQF,1
TRBV20-1,TRBJ2-1,SASQDPGQLIRLADNEQF,1
TRBV20-1,TRBJ2-1,SASQDPIGNEQF,1
TRBV20-1,TRBJ2-1,SASQDPLSGTRNYNEQF,1
TRBV20-1,TRBJ2-1,SASQDPSSYNEQF,1
TRBV20-1,TRBJ2-1,SASQDPYNEQF,3
TRBV20-1,TRBJ2-1,SASQDQNNEQF,1
TRBV20-1,TRBJ2-1,SASQDQTRSNSNEQF,1
TRBV20-1,TRBJ2-1,SASQDRFYNEQF,1
TRBV20-1,TRBJ2-1,SASQDRGAYNEQF,1
TRBV20-1,TRBJ2-1,SASQDRGFNEQF,1
TRBV20-1,TRBJ2-1,SASQDRGHYNEQF,1
TRBV20-1,TRBJ2-1,SASQDRGLLYEQF,1
TRBV20-1,TRBJ2-1,SASQDRGNEQF,10
TRBV20-1,TRBJ2-1,SASQDRGPDYRSSYNEQF,1
TRBV20-1,TRBJ2-1,SASQDRGSRDEQF,1
TRBV20-1,TRBJ2-1,SASQDRGYNEQF,2
TRBV20-1,TRBJ2-1,SASQDRGYYNEQF,1
TRBV20-1,TRBJ2-1,SASQDRIYNEQF,2
TRBV20-1,TRBJ2-1,SASQDRLDEQF,1
TRBV20-1,TRBJ2-1,SASQDRNEQF,3
TRBV20-1,TRBJ2-1,SASQDRNNEQF,1
TRBV20-1,TRBJ2-1,SASQDRSGSYNEQF,1
TRBV20-1,TRBJ2-1,SASQDRSHNEQF,1
TRBV20-1,TRBJ2-1,SASQDRSSYNEQF,3
TRBV20-1,TRBJ2-1,SASQDRTSGRIRDNEQF,1
TRBV20-1,TRBJ2-1,SASQDRVNEQF,1
TRBV20-1,TRBJ2-1,SASQDRVPYNEQF,1
TRBV20-1,TRBJ2-1,SASQDRVYEQF,3
TRBV20-1,TRBJ2-1,SASQDRYNEQF,3
TRBV20-1,TRBJ2-1,SASQDSAYNEQF,1
TRBV20-1,TRBJ2-1,SASQDSDNEQF,1
TRBV20-1,TRBJ2-1,SASQDSFLYNEQF,1
TRBV20-1,TRBJ2-1,SASQDSGGNNEQF,1
TRBV20-1,TRBJ2-1,SASQDSGPNNEQF,9
TRBV20-1,TRBJ2-1,SASQDSIGNEQF,1
TRBV20-1,TRBJ2-1,SASQDSNNEQF,1
TRBV20-1,TRBJ2-1,SASQDSNSYNEQF,1
TRBV20-1,TRBJ2-1,SASQDSPNEQF,1
TRBV20-1,TRBJ2-1,SASQDSQTYNEQF,2
TRBV20-1,TRBJ2-1,SASQDSSSSYNEQF,2
TRBV20-1,TRBJ2-1,SASQDSSSYNEQF,1
TRBV20-1,TRBJ2-1,SASQDSSYNEQF,2
TRBV20-1,TRBJ2-1,SASQDSYNEQF,4
TRBV20-1,TRBJ2-1,SASQDTAYNEQF,1
TRBV20-1,TRBJ2-1,SASQDTSYNEQF,1
TRBV20-1,TRBJ2-1,SASQDTYNEQF,8
TRBV20-1,TRBJ2-1,SASQDVYNEQF,4
TRBV20-1,TRBJ2-1,SASQDWPPYNEQF,1
TRBV20-1,TRBJ2-1,SASQDWSLYNEQF,1
TRBV20-1,TRBJ2-1,SASQDYEQF,1
TRBV20-1,TRBJ2-1,SASQDYFYNEQF,1
TRBV20-1,TRBJ2-1,SASQDYYNEQF,1
TRBV20-1,TRBJ2-1,SASQEAGLATYNEQF,1
TRBV20-1,TRBJ2-1,SASQEAGYYNEQF,1
TRBV20-1,TRBJ2-1,SASQEAPYNEQF,1
TRBV20-1,TRBJ2-1,SASQEASSYNEQF,1
TRBV20-1,TRBJ2-1,SASQEAVYNEQF,1
TRBV20-1,TRBJ2-1,SASQEDEQF,9
TRBV20-1,TRBJ2-1,SASQEDHYNEQF,1
TRBV20-1,TRBJ2-1,SASQEDRFSGAYNEQF,1
TRBV20-1,TRBJ2-1,SASQEGAGNNEQF,1
TRBV20-1,TRBJ2-1,SASQEGFEQF,1
TRBV20-1,TRBJ2-1,SASQEGFYNEQF,1
TRBV20-1,TRBJ2-1,SASQEGGSYNEQF,1
TRBV20-1,TRBJ2-1,SASQEGHLYNEQF,1
TRBV20-1,TRBJ2-1,SASQEGLAGPVYYNEQF,1
TRBV20-1,TRBJ2-1,SASQEGLINEQF,1
TRBV20-1,TRBJ2-1,SASQEGPRV,9
TRBV20-1,TRBJ2-1,SASQEGRKHYNEQF,1
TRBV20-1,TRBJ2-1,SASQEGSGGNEHF,1
TRBV20-1,TRBJ2-1,SASQEGSGGNEQF,10
TRBV20-1,TRBJ2-1,SASQEIYNEQF,1
TRBV20-1,TRBJ2-1,SASQEKFNEQF,1
TRBV20-1,TRBJ2-1,SASQELAGRDEQF,1
TRBV20-1,TRBJ2-1,SASQELNEQF,1
TRBV20-1,TRBJ2-1,SASQENEQF,3
TRBV20-1,TRBJ2-1,SASQENSYNEQF,1
TRBV20-1,TRBJ2-1,SASQEPGAYNEQF,4
TRBV20-1,TRBJ2-1,SASQEPGQRYEREYDNEQF,1
TRBV20-1,TRBJ2-1,SASQEPWAYNEQF,1
TRBV20-1,TRBJ2-1,SASQEPYNEQF,1
TRBV20-1,TRBJ2-1,SASQERAYNEQF,1
TRBV20-1,TRBJ2-1,SASQERDGYNEQF,1
TRBV20-1,TRBJ2-1,SASQEREIDEQF,1
TRBV20-1,TRBJ2-1,SASQERNEQF,1
TRBV20-1,TRBJ2-1,SASQERRAYNEQF,1
TRBV20-1,TRBJ2-1,SASQERYEQF,1
TRBV20-1,TRBJ2-1,SASQESGAGWNEQF,1
TRBV20-1,TRBJ2-1,SASQESLSNEQF,1
TRBV20-1,TRBJ2-1,SASQESRGELF,1
TRBV20-1,TRBJ2-1,SASQESRGEQF,7
TRBV20-1,TRBJ2-1,SASQESRGYYNEQF,1
TRBV20-1,TRBJ2-1,SASQESSYNEQF,6
TRBV20-1,TRBJ2-1,SASQETAYNEQF,1
TRBV20-1,TRBJ2-1,SASQETYNEQF,1
TRBV20-1,TRBJ2-1,SASQEVMGGSYNEQF,1
TRBV20-1,TRBJ2-1,SASQEVSYNEQF,9
TRBV20-1,TRBJ2-1,SASQEVYNEQF,1
TRBV20-1,TRBJ2-1,SASQEWDEQF,1
TRBV20-1,TRBJ2-1,SASQEYDEQF,1
TRBV20-1,TRBJ2-1,SASQEYEQF,1
TRBV20-1,TRBJ2-1,SASQEYINEQF,1
TRBV20-1,TRBJ2-1,SASQEYNEQF,6
TRBV20-1,TRBJ2-1,SASQF,2
TRBV20-1,TRBJ2-1,SASQFAAHSYNEQF,1
TRBV20-1,TRBJ2-1,SASQFASASSYNEQF,1
TRBV20-1,TRBJ2-1,SASQFASGRYNEQF,1
TRBV20-1,TRBJ2-1,SASQFFGGSYNEQF,1
TRBV20-1,TRBJ2-1,SASQFFRSYNEQF,1
TRBV20-1,TRBJ2-1,SASQFFSSYNEQF,4
TRBV20-1,TRBJ2-1,SASQFFSSYNVQF,1
TRBV20-1,TRBJ2-1,SASQFGAGSSYNEQF,1
TRBV20-1,TRBJ2-1,SASQFGEDNEQF,1
TRBV20-1,TRBJ2-1,SASQFGEPYNEQF,1
TRBV20-1,TRBJ2-1,SASQFGGEDEQF,1
TRBV20-1,TRBJ2-1,SASQFGGPSSYNEQF,1
TRBV20-1,TRBJ2-1,SASQFGGSYNEQF,1
TRBV20-1,TRBJ2-1,SASQFGLAGVGNEQF,1
TRBV20-1,TRBJ2-1,SASQFGTSSLNEQF,1
TRBV20-1,TRBJ2-1,SASQFIGASSYNEQF,1
TRBV20-1,TRBJ2-1,SASQFLAGVRDEQF,1
TRBV20-1,TRBJ2-1,SASQFLANEQF,1
TRBV20-1,TRBJ2-1,SASQFLGAYNEQF,1
TRBV20-1,TRBJ2-1,SASQFLGGDEQF,1
TRBV20-1,TRBJ2-1,SASQFLGGRAVNEQF,1
TRBV20-1,TRBJ2-1,SASQFNPGDYNEQF,1
TRBV20-1,TRBJ2-1,SASQFPAGGPYNEQF,2
TRBV20-1,TRBJ2-1,SASQFQVSNEQF,1
TRBV20-1,TRBJ2-1,SASQFRAHNPNEQF,1
TRBV20-1,TRBJ2-1,SASQFRPGGGYEQF,1
TRBV20-1,TRBJ2-1,SASQFRSGRAYNEQF,1
TRBV20-1,TRBJ2-1,SASQFSGSSYNEQF,1
TRBV20-1,TRBJ2-1,SASQFSGYNEQF,1
TRBV20-1,TRBJ2-1,SASQFSSGSSYNEQF,1
TRBV20-1,TRBJ2-1,SASQFSSYNEQF,1
TRBV20-1,TRBJ2-1,SASQFSYNEQF,1
TRBV20-1,TRBJ2-1,SASQFTGRRNNEQF,1
TRBV20-1,TRBJ2-1,SASQFVAGSYNEQF,1
TRBV20-1,TRBJ2-1,SASQGAAHYNEQF,1
TRBV20-1,TRBJ2-1,SASQGAAYNEQF,11
TRBV20-1,TRBJ2-1,SASQGADEQF,8
TRBV20-1,TRBJ2-1,SASQGADNEQF,3
TRBV20-1,TRBJ2-1,SASQGAESHEQF,1
TRBV20-1,TRBJ2-1,SASQGAEVYNEQF,1
TRBV20-1,TRBJ2-1,SASQGAEYNEQF,1
TRBV20-1,TRBJ2-1,SASQGAFNEQF,1
TRBV20-1,TRBJ2-1,SASQGAGDAYNEQF,1
TRBV20-1,TRBJ2-1,SASQGAGDYNEQF,1
TRBV20-1,TRBJ2-1,SASQGAGEQF,10
TRBV20-1,TRBJ2-1,SASQGAGGHVFSYNEQF,1
TRBV20-1,TRBJ2-1,SASQGAGGPGNEQF,1
TRBV20-1,TRBJ2-1,SASQGAGGPYNEQF,1
TRBV20-1,TRBJ2-1,SASQGAGGRFNEQF,1
TRBV20-1,TRBJ2-1,SASQGAGITYNEQF,1
TRBV20-1,TRBJ2-1,SASQGAGNEQF,6
TRBV20-1,TRBJ2-1,SASQGAGPYNEQF,1
TRBV20-1,TRBJ2-1,SASQGAGVNEQF,2
TRBV20-1,TRBJ2-1,SASQGAGVTDEQF,1
TRBV20-1,TRBJ2-1,SASQGAGYDEQF,6
TRBV20-1,TRBJ2-1,SASQGAGYNEQF,1
TRBV20-1,TRBJ2-1,SASQGAHEQF,1
TRBV20-1,TRBJ2-1,SASQGAHNEQF,2
TRBV20-1,TRBJ2-1,SASQGAIDEQF,1
TRBV20-1,TRBJ2-1,SASQGAINEQF,3
TRBV20-1,TRBJ2-1,SASQGAISYNEQF,1
TRBV20-1,TRBJ2-1,SASQGAKNEQF,3
TRBV20-1,TRBJ2-1,SASQGALSYQF,1
TRBV20-1,TRBJ2-1,SASQGALYNEQF,1
TRBV20-1,TRBJ2-1,SASQGANEQF,10
TRBV20-1,TRBJ2-1,SASQGANLGSYNEQF,1
TRBV20-1,TRBJ2-1,SASQGANNEQF,8
TRBV20-1,TRBJ2-1,SASQGANSYNEQF,1
TRBV20-1,TRBJ2-1,SASQGAPFRNNEQF,1
TRBV20-1,TRBJ2-1,SASQGAPNEQF,1
TRBV20-1,TRBJ2-1,SASQGAPVVSRDNEQF,1
TRBV20-1,TRBJ2-1,SASQGAPYNEQF,2
TRBV20-1,TRBJ2-1,SASQGAQFNEQF,1
TRBV20-1,TRBJ2-1,SASQGAQNEQF,1
TRBV20-1,TRBJ2-1,SASQGAQSNEQF,1
TRBV20-1,TRBJ2-1,SASQGAREQF,2
TRBV20-1,TRBJ2-1,SASQGARGNEQF,1
TRBV20-1,TRBJ2-1,SASQGARINEQF,1
TRBV20-1,TRBJ2-1,SASQGARKNEQF,1
TRBV20-1,TRBJ2-1,SASQGARNEQF,3
TRBV20-1,TRBJ2-1,SASQGARSYNEQF,2
TRBV20-1,TRBJ2-1,SASQGARYNEQF,1
TRBV20-1,TRBJ2-1,SASQGASAHEQF,1
TRBV20-1,TRBJ2-1,SASQGASAYEQF,1
TRBV20-1,TRBJ2-1,SASQGASGYNEQF,1
TRBV20-1,TRBJ2-1,SASQGASNEQF,6
TRBV20-1,TRBJ2-1,SASQGASSYNEQF,2
TRBV20-1,TRBJ2-1,SASQGASTDNEQF,2
TRBV20-1,TRBJ2-1,SASQGASVANEQF,1
TRBV20-1,TRBJ2-1,SASQGASYNEQF,8
TRBV20-1,TRBJ2-1,SASQGATINEQF,1
TRBV20-1,TRBJ2-1,SASQGATPHEQF,1
TRBV20-1,TRBJ2-1,SASQGATSNEQF,1
TRBV20-1,TRBJ2-1,SASQGATYNEQF,1
TRBV20-1,TRBJ2-1,SASQGAVDNEQF,1
TRBV20-1,TRBJ2-1,SASQGAVQF,2
TRBV20-1,TRBJ2-1,SASQGAVYNEQF,2
TRBV20-1,TRBJ2-1,SASQGAWNEHF,1
TRBV20-1,TRBJ2-1,SASQGAWNEQF,16
TRBV20-1,TRBJ2-1,SASQGAYNEQF,14
TRBV20-1,TRBJ2-1,SASQGAYSYNEQF,1
TRBV20-1,TRBJ2-1,SASQGCEKF,1
TRBV20-1,TRBJ2-1,SASQGCGYNEQF,1
TRBV20-1,TRBJ2-1,SASQGDDNEQF,1
TRBV20-1,TRBJ2-1,SASQGDEQF,18
TRBV20-1,TRBJ2-1,SASQGDGYNEQF,9
TRBV20-1,TRBJ2-1,SASQGDHRYNEQF,1
TRBV20-1,TRBJ2-1,SASQGDNEQF,8
TRBV20-1,TRBJ2-1,SASQGDRDEHF,1
TRBV20-1,TRBJ2-1,SASQGDRHYNEQF,2
TRBV20-1,TRBJ2-1,SASQGDRMDNEQF,1
TRBV20-1,TRBJ2-1,SASQGDRNEQF,7
TRBV20-1,TRBJ2-1,SASQGDSALLQF,1
TRBV20-1,TRBJ2-1,SASQGDSEQF,1
TRBV20-1,TRBJ2-1,SASQGDSGLLKF,1
TRBV20-1,TRBJ2-1,SASQGDSGLLLF,1
TRBV20-1,TRBJ2-1,SASQGDSGLLQC,1
TRBV20-1,TRBJ2-1,SASQGDSGLLQF,28
TRBV20-1,TRBJ2-1,SASQGDSGRLQF,1
TRBV20-1,TRBJ2-1,SASQGDSGVLQF,1
TRBV20-1,TRBJ2-1,SASQGDSYNEQF,1
TRBV20-1,TRBJ2-1,SASQGDYNEQF,1
TRBV20-1,TRBJ2-1,SASQGEAYKDEQF,1
TRBV20-1,TRBJ2-1,SASQGEFYNEQF,1
TRBV20-1,TRBJ2-1,SASQGEGGEQF,3
TRBV20-1,TRBJ2-1,SASQGEKGNNEQF,1
TRBV20-1,TRBJ2-1,SASQGELGESTYNEQF,1
TRBV20-1,TRBJ2-1,SASQGELNEQF,5
TRBV20-1,TRBJ2-1,SASQGERDEQF,1
TRBV20-1,TRBJ2-1,SASQGESYNEQF,12
TRBV20-1,TRBJ2-1,SASQGETRYNEQF,1
TRBV20-1,TRBJ2-1,SASQGETSGSVYNEQF,3
TRBV20-1,TRBJ2-1,SASQGEVNEQF,1
TRBV20-1,TRBJ2-1,SASQGEYNEQF,4
TRBV20-1,TRBJ2-1,SASQGFDEQF,1
TRBV20-1,TRBJ2-1,SASQGFHNEQF,1
TRBV20-1,TRBJ2-1,SASQGFNEQF,1
TRBV20-1,TRBJ2-1,SASQGFPYNEQF,1
TRBV20-1,TRBJ2-1,SASQGFRGEYNEQF,1
TRBV20-1,TRBJ2-1,SASQGFRNEQF,1
TRBV20-1,TRBJ2-1,SASQGFTNEQF,1
TRBV20-1,TRBJ2-1,SASQGFWYNEQF,1
TRBV20-1,TRBJ2-1,SASQGFYNEQF,3
TRBV20-1,TRBJ2-1,SASQGGAGEYNEQF,1
TRBV20-1,TRBJ2-1,SASQGGAGGLGNEQF,8
TRBV20-1,TRBJ2-1,SASQGGALIEQF,1
TRBV20-1,TRBJ2-1,SASQGGARSYNEQF,1
TRBV20-1,TRBJ2-1,SASQGGAYNEQF,7
TRBV20-1,TRBJ2-1,SASQGGDEQF,11
TRBV20-1,TRBJ2-1,SASQGGDNEQF,8
TRBV20-1,TRBJ2-1,SASQGGDRYEQF,1
TRBV20-1,TRBJ2-1,SASQGGDWDEQF,1
TRBV20-1,TRBJ2-1,SASQGGDYNEQF,1
TRBV20-1,TRBJ2-1,SASQGGEQC,1
TRBV20-1,TRBJ2-1,SASQGGEQF,54
TRBV20-1,TRBJ2-1,SASQGGEVGDNEQF,1
TRBV20-1,TRBJ2-1,SASQGGFGDEQF,1
TRBV20-1,TRBJ2-1,SASQGGFNEQF,1
TRBV20-1,TRBJ2-1,SASQGGGEQF,2
TRBV20-1,TRBJ2-1,SASQGGGERNEQF,1
TRBV20-1,TRBJ2-1,SASQGGGFDNEQF,1
TRBV20-1,TRBJ2-1,SASQGGGGNEQF,1
TRBV20-1,TRBJ2-1,SASQGGGGRNEQF,1
TRBV20-1,TRBJ2-1,SASQGGGIYNEQF,3
TRBV20-1,TRBJ2-1,SASQGGGLAGGGLYNEQF,1
TRBV20-1,TRBJ2-1,SASQGGGLNEQF,1
TRBV20-1,TRBJ2-1,SASQGGGLNNEQF,1
TRBV20-1,TRBJ2-1,SASQGGGLNNNEQF,1
TRBV20-1,TRBJ2-1,SASQGGGLSSYNEQF,1
TRBV20-1,TRBJ2-1,SASQGGGNEQF,1
TRBV20-1,TRBJ2-1,SASQGGGRARNEQF,9
TRBV20-1,TRBJ2-1,SASQGGGRDEQF,1
TRBV20-1,TRBJ2-1,SASQGGGRRWNEQF,1
TRBV20-1,TRBJ2-1,SASQGGGSYNEQF,7
TRBV20-1,TRBJ2-1,SASQGGGTLNEQF,3
TRBV20-1,TRBJ2-1,SASQGGGVGSYNEQF,1
TRBV20-1,TRBJ2-1,SASQGGGVYNEQF,2
TRBV20-1,TRBJ2-1,SASQGGGYNEQF,12
TRBV20-1,TRBJ2-1,SASQGGHEQF,1
TRBV20-1,TRBJ2-1,SASQGGHNEQF,1
TRBV20-1,TRBJ2-1,SASQGGILNEQF,1
TRBV20-1,TRBJ2-1,SASQGGIRDEQF,1
TRBV20-1,TRBJ2-1,SASQGGKDEQF,1
TRBV20-1,TRBJ2-1,SASQGGKNEQF,2
TRBV20-1,TRBJ2-1,SASQGGKQF,3
TRBV20-1,TRBJ2-1,SASQGGKYNEQF,1
TRBV20-1,TRBJ2-1,SASQGGLAFYNEQF,1
TRBV20-1,TRBJ2-1,SASQGGLRYNEQF,1
TRBV20-1,TRBJ2-1,SASQGGLSDEQF,1
TRBV20-1,TRBJ2-1,SASQGGLYNEQF,1
TRBV20-1,TRBJ2-1,SASQGGMNEQF,1
TRBV20-1,TRBJ2-1,SASQGGNEQF,23
TRBV20-1,TRBJ2-1,SASQGGNNEQF,2
TRBV20-1,TRBJ2-1,SASQGGNYNEQF,4
TRBV20-1,TRBJ2-1,SASQGGPRANEQF,1
TRBV20-1,TRBJ2-1,SASQGGPYNEQF,1
TRBV20-1,TRBJ2-1,SASQGGQPHEQF,1
TRBV20-1,TRBJ2-1,SASQGGQQF,1
TRBV20-1,TRBJ2-1,SASQGGRAEQF,4
TRBV20-1,TRBJ2-1,SASQGGRAIDEQF,1
TRBV20-1,TRBJ2-1,SASQGGRALYNEQF,2
TRBV20-1,TRBJ2-1,SASQGGRAYNELF,1
TRBV20-1,TRBJ2-1,SASQGGRAYNEQF,2
TRBV20-1,TRBJ2-1,SASQGGREQF,3
TRBV20-1,TRBJ2-1,SASQGGRFTYNEQF,1
TRBV20-1,TRBJ2-1,SASQGGRGKFYNEQF,1
TRBV20-1,TRBJ2-1,SASQGGRSSYNEQF,3
TRBV20-1,TRBJ2-1,SASQGGRTEYAQF,2
TRBV20-1,TRBJ2-1,SASQGGRYNEQF,2
TRBV20-1,TRBJ2-1,SASQGGSGGYNEQF,1
TRBV20-1,TRBJ2-1,SASQGGSGNEQF,1
TRBV20-1,TRBJ2-1,SASQGGSGRNEQF,1
TRBV20-1,TRBJ2-1,SASQGGSGVYNEQF,1
TRBV20-1,TRBJ2-1,SASQGGSLGNEQF,2
TRBV20-1,TRBJ2-1,SASQGGSNEQF,1
TRBV20-1,TRBJ2-1,SASQGGSPYNEQF,1
TRBV20-1,TRBJ2-1,SASQGGSSGTYNEQF,1
TRBV20-1,TRBJ2-1,SASQGGSSYNEQF,4
TRBV20-1,TRBJ2-1,SASQGGSWDNEQF,1
TRBV20-1,TRBJ2-1,SASQGGSYNEQF,4
TRBV20-1,TRBJ2-1,SASQGGTGPRTYNEQF,1
TRBV20-1,TRBJ2-1,SASQGGTNNEQF,1
TRBV20-1,TRBJ2-1,SASQGGTSYNEQF,2
TRBV20-1,TRBJ2-1,SASQGGVSSYNEQF,1
TRBV20-1,TRBJ2-1,SASQGGVSYNEQF,1
TRBV20-1,TRBJ2-1,SASQGGVYNEQF,3
TRBV20-1,TRBJ2-1,SASQGGWNEQF,1
TRBV20-1,TRBJ2-1,SASQGGWYNEQF,2
TRBV20-1,TRBJ2-1,SASQGGYEQF,1
TRBV20-1,TRBJ2-1,SASQGGYNEQF,2
TRBV20-1,TRBJ2-1,SASQGGYYYNEQF,3
TRBV20-1,TRBJ2-1,SASQGHASVNEQF,1
TRBV20-1,TRBJ2-1,SASQGHDSNEQF,1
TRBV20-1,TRBJ2-1,SASQGHEQF,1
TRBV20-1,TRBJ2-1,SASQGHYNEQF,3
TRBV20-1,TRBJ2-1,SASQGIDEQF,2
TRBV20-1,TRBJ2-1,SASQGIGDEQF,1
TRBV20-1,TRBJ2-1,SASQGIHNEQF,1
TRBV20-1,TRBJ2-1,SASQGIISHNEQF,3
TRBV20-1,TRBJ2-1,SASQGILGPSSYNEQF,1
TRBV20-1,TRBJ2-1,SASQGINEQF,1
TRBV20-1,TRBJ2-1,SASQGIPNEQF,1
TRBV20-1,TRBJ2-1,SASQGIPYNEQF,1
TRBV20-1,TRBJ2-1,SASQGISYNEQF,8
TRBV20-1,TRBJ2-1,SASQGITSGYNEQF,1
TRBV20-1,TRBJ2-1,SASQGIYNEQF,16
TRBV20-1,TRBJ2-1,SASQGIYYNEQF,1
TRBV20-1,TRBJ2-1,SASQGKAVNNEQF,1
TRBV20-1,TRBJ2-1,SASQGKDLHEQF,8
TRBV20-1,TRBJ2-1,SASQGKGEPF,1
TRBV20-1,TRBJ2-1,SASQGKGEQF,5
TRBV20-1,TRBJ2-1,SASQGKGNEQF,1
TRBV20-1,TRBJ2-1,SASQGKHNEQF,2
TRBV20-1,TRBJ2-1,SASQGKKGNEQF,2
TRBV20-1,TRBJ2-1,SASQGKPNNEQF,1
TRBV20-1,TRBJ2-1,SASQGKYNEQF,2
TRBV20-1,TRBJ2-1,SASQGLAAPWNEQF,1
TRBV20-1,TRBJ2-1,SASQGLAAYNEQF,7
TRBV20-1,TRBJ2-1,SASQGLADDNEQF,1
TRBV20-1,TRBJ2-1,SASQGLADNEQF,1
TRBV20-1,TRBJ2-1,SASQGLADYNEQF,16
TRBV20-1,TRBJ2-1,SASQGLAEDNEQF,1
TRBV20-1,TRBJ2-1,SASQGLAFDNEQF,1
TRBV20-1,TRBJ2-1,SASQGLAFNEQF,1
TRBV20-1,TRBJ2-1,SASQGLAFYNEQF,3
TRBV20-1,TRBJ2-1,SASQGLAGANEQF,2
TRBV20-1,TRBJ2-1,SASQGLAGAYNEQF,1
TRBV20-1,TRBJ2-1,SASQGLAGDNEQF,2
TRBV20-1,TRBJ2-1,SASQGLAGDYNEQF,1
TRBV20-1,TRBJ2-1,SASQGLAGFYNEQF,1
TRBV20-1,TRBJ2-1,SASQGLAGGEQF,2
TRBV20-1,TRBJ2-1,SASQGLAGGHYNEQF,1
TRBV20-1,TRBJ2-1,SASQGLAGGNEQF,2
TRBV20-1,TRBJ2-1,SASQGLAGGPGNEQF,1
TRBV20-1,TRBJ2-1,SASQGLAGGPNYNEQF,1
TRBV20-1,TRBJ2-1,SASQGLAGLDPYNEQF,1
TRBV20-1,TRBJ2-1,SASQGLAGLNEQF,1
TRBV20-1,TRBJ2-1,SASQGLAGRNEQF,1
TRBV20-1,TRBJ2-1,SASQGLAGSYNEQF,1
TRBV20-1,TRBJ2-1,SASQGLAGVGSSYNEQF,1
TRBV20-1,TRBJ2-1,SASQGLAGVNEQF,1
TRBV20-1,TRBJ2-1,SASQGLAGVRYNEQF,3
TRBV20-1,TRBJ2-1,SASQGLAGVSSSYNEQF,1
TRBV20-1,TRBJ2-1,SASQGLAGYNEQF,3
TRBV20-1,TRBJ2-1,SASQGLAISSYNEQF,1
TRBV20-1,TRBJ2-1,SASQGLALYNEQF,1
TRBV20-1,TRBJ2-1,SASQGLANYNEQF,2
TRBV20-1,TRBJ2-1,SASQGLARDNEQF,4
TRBV20-1,TRBJ2-1,SASQGLARGDEQF,1
TRBV20-1,TRBJ2-1,SASQGLASYNEQF,1
TRBV20-1,TRBJ2-1,SASQGLATFSYNEQF,1
TRBV20-1,TRBJ2-1,SASQGLAVIYNEQF,1
TRBV20-1,TRBJ2-1,SASQGLAVYNEKF,1
TRBV20-1,TRBJ2-1,SASQGLAVYNEQF,2
TRBV20-1,TRBJ2-1,SASQGLAYDNEQF,1
TRBV20-1,TRBJ2-1,SASQGLAYNEQF,7
TRBV20-1,TRBJ2-1,SASQGLAYSYNEQF,1
TRBV20-1,TRBJ2-1,SASQGLDEQF,1
TRBV20-1,TRBJ2-1,SASQGLDSYNEQF,4
TRBV20-1,TRBJ2-1,SASQGLENEQF,1
TRBV20-1,TRBJ2-1,SASQGLEQF,3
TRBV20-1,TRBJ2-1,SASQGLESYNEQF,1
TRBV20-1,TRBJ2-1,SASQGLFYNEQF,1
TRBV20-1,TRBJ2-1,SASQGLGFNEQF,1
TRBV20-1,TRBJ2-1,SASQGLGSYNEQF,1
TRBV20-1,TRBJ2-1,SASQGLGSYNERF,1
TRBV20-1,TRBJ2-1,SASQGLGYNEQF,1
TRBV20-1,TRBJ2-1,SASQGLHEQF,1
TRBV20-1,TRBJ2-1,SASQGLHNEQF,2
TRBV20-1,TRBJ2-1,SASQGLHYNEQF,1
TRBV20-1,TRBJ2-1,SASQGLIIYNEQF,1
TRBV20-1,TRBJ2-1,SASQGLINEQF,1
TRBV20-1,TRBJ2-1,SASQGLIYRNEQF,6
TRBV20-1,TRBJ2-1,SASQGLLAGNEQF,1
TRBV20-1,TRBJ2-1,SASQGLLAGSNEQF,1
TRBV20-1,TRBJ2-1,SASQGLLFGNEQF,1
TRBV20-1,TRBJ2-1,SASQGLNEQF,3
TRBV20-1,TRBJ2-1,SASQGLNNEQF,2
TRBV20-1,TRBJ2-1,SASQGLPNNEQF,1
TRBV20-1,TRBJ2-1,SASQGLPSYNEQF,1
TRBV20-1,TRBJ2-1,SASQGLRNEQF,1
TRBV20-1,TRBJ2-1,SASQGLRREFYNEQF,1
TRBV20-1,TRBJ2-1,SASQGLRRNNEQF,1
TRBV20-1,TRBJ2-1,SASQGLRVGEGNEQF,1
TRBV20-1,TRBJ2-1,SASQGLSNRFLYEQF,2
TRBV20-1,TRBJ2-1,SASQGLSSYNEQF,4
TRBV20-1,TRBJ2-1,SASQGLSYNEQF,2
TRBV20-1,TRBJ2-1,SASQGLVDNEQF,1
TRBV20-1,TRBJ2-1,SASQGLVGNEQF,1
TRBV20-1,TRBJ2-1,SASQGLVNEQF,6
TRBV20-1,TRBJ2-1,SASQGLVYNEQF,1
TRBV20-1,TRBJ2-1,SASQGLYNEQF,9
TRBV20-1,TRBJ2-1,SASQGMAYNEQF,1
TRBV20-1,TRBJ2-1,SASQGMGYNEQF,16
TRBV20-1,TRBJ2-1,SASQGMNEQF,2
TRBV20-1,TRBJ2-1,SASQGMPGYNEQF,1
TRBV20-1,TRBJ2-1,SASQGMSYNEQF,1
TRBV20-1,TRBJ2-1,SASQGNDNEQF,2
TRBV20-1,TRBJ2-1,SASQGNEQF,39
TRBV20-1,TRBJ2-1,SASQGNLAGGWHEQF,1
TRBV20-1,TRBJ2-1,SASQGNNEQF,4
TRBV20-1,TRBJ2-1,SASQGNPLKF,3
TRBV20-1,TRBJ2-1,SASQGNRLNEQF,1
TRBV20-1,TRBJ2-1,SASQGNSYNEQF,16
TRBV20-1,TRBJ2-1,SASQGNVGNEQF,1
TRBV20-1,TRBJ2-1,SASQGNYNEQF,2
TRBV20-1,TRBJ2-1,SASQGPAYNEQF,1
TRBV20-1,TRBJ2-1,SASQGPDEQF,3
TRBV20-1,TRBJ2-1,SASQGPFGYYEQF,1
TRBV20-1,TRBJ2-1,SASQGPFYNEQF,1
TRBV20-1,TRBJ2-1,SASQGPGFNNEQF,1
TRBV20-1,TRBJ2-1,SASQGPGL,1
TRBV20-1,TRBJ2-1,SASQGPGYNEQF,1
TRBV20-1,TRBJ2-1,SASQGPKDNEQF,1
TRBV20-1,TRBJ2-1,SASQGPLVYNEQF,1
TRBV20-1,TRBJ2-1,SASQGPMDEQF,1
TRBV20-1,TRBJ2-1,SASQGPNEQF,4
TRBV20-1,TRBJ2-1,SASQGPNNEQF,5
TRBV20-1,TRBJ2-1,SASQGPPGNEQF,1
TRBV20-1,TRBJ2-1,SASQGPPPGF,1
TRBV20-1,TRBJ2-1,SASQGPPYNEQF,2
TRBV20-1,TRBJ2-1,SASQGPREQF,2
TRBV20-1,TRBJ2-1,SASQGPRNEQF,6
TRBV20-1,TRBJ2-1,SASQGPRYNEQF,1
TRBV20-1,TRBJ2-1,SASQGPSSYNEQF,2
TRBV20-1,TRBJ2-1,SASQGPSYNEQF,4
TRBV20-1,TRBJ2-1,SASQGPTSYNEQF,1
TRBV20-1,TRBJ2-1,SASQGPTTDEQF,1
TRBV20-1,TRBJ2-1,SASQGPTYNEQF,1
TRBV20-1,TRBJ2-1,SASQGPWANEQF,1
TRBV20-1,TRBJ2-1,SASQGPWGNEQF,1
TRBV20-1,TRBJ2-1,SASQGPWNEQF,1
TRBV20-1,TRBJ2-1,SASQGPYNEQF,12
TRBV20-1,TRBJ2-1,SASQGPYYNEQF,2
TRBV20-1,TRBJ2-1,SASQGQAFDNEQF,1
TRBV20-1,TRBJ2-1,SASQGQASYNEQF,1
TRBV20-1,TRBJ2-1,SASQGQEHHNEQF,1
TRBV20-1,TRBJ2-1,SASQGQETNEQF,5
TRBV20-1,TRBJ2-1,SASQGQGAYWDNEQF,1
TRBV20-1,TRBJ2-1,SASQGQGFYNEQF,3
TRBV20-1,TRBJ2-1,SASQGQGGNEQF,1
TRBV20-1,TRBJ2-1,SASQGQGINEQF,1
TRBV20-1,TRBJ2-1,SASQGQGIPNEQF,1
TRBV20-1,TRBJ2-1,SASQGQGLGNEQF,1
TRBV20-1,TRBJ2-1,SASQGQGNYEQY,1
TRBV20-1,TRBJ2-1,SASQGQGPYNEQF,1
TRBV20-1,TRBJ2-1,SASQGQGRVGIDNEQF,1
TRBV20-1,TRBJ2-1,SASQGQGYNEQF,4
TRBV20-1,TRBJ2-1,SASQGQGYYNEQF,1
TRBV20-1,TRBJ2-1,SASQGQKNNEQF,1
TRBV20-1,TRBJ2-1,SASQGQLPYNEQF,4
TRBV20-1,TRBJ2-1,SASQGQLSYNEQF,1
TRBV20-1,TRBJ2-1,SASQGQPPNEQF,1
TRBV20-1,TRBJ2-1,SASQGQPVDEQF,1
TRBV20-1,TRBJ2-1,SASQGQSYNEQF,1
TRBV20-1,TRBJ2-1,SASQGQWYNEQF,1
TRBV20-1,TRBJ2-1,SASQGRAEQF,3
TRBV20-1,TRBJ2-1,SASQGRAGVLGYNEQF,1
TRBV20-1,TRBJ2-1,SASQGRARNEQF,1
TRBV20-1,TRBJ2-1,SASQGRAVNNEQF,1
TRBV20-1,TRBJ2-1,SASQGRAYNEQF,2
TRBV20-1,TRBJ2-1,SASQGRCYNEQF,1
TRBV20-1,TRBJ2-1,SASQGRDEQF,2
TRBV20-1,TRBJ2-1,SASQGRDYNEQF,1
TRBV20-1,TRBJ2-1,SASQGRFNEQF,1
TRBV20-1,TRBJ2-1,SASQGRFVGNAQF,1
TRBV20-1,TRBJ2-1,SASQGRFVGNEQF,4
TRBV20-1,TRBJ2-1,SASQGRFYNEQF,4
TRBV20-1,TRBJ2-1,SASQGRGDEQF,1
TRBV20-1,TRBJ2-1,SASQGRGIYNEQF,1
TRBV20-1,TRBJ2-1,SASQGRGNEQF,1
TRBV20-1,TRBJ2-1,SASQGRGNPDEQF,1
TRBV20-1,TRBJ2-1,SASQGRGRIYNEQF,1
TRBV20-1,TRBJ2-1,SASQGRGRNEQF,1
TRBV20-1,TRBJ2-1,SASQGRGSNEQF,1
TRBV20-1,TRBJ2-1,SASQGRGSYNEQF,1
TRBV20-1,TRBJ2-1,SASQGRGYDEQF,1
TRBV20-1,TRBJ2-1,SASQGRGYIGQF,2
TRBV20-1,TRBJ2-1,SASQGRGYNAEF,1
TRBV20-1,TRBJ2-1,SASQGRGYNAQF,2
TRBV20-1,TRBJ2-1,SASQGRGYNDQF,1
TRBV20-1,TRBJ2-1,SASQGRGYNELF,1
TRBV20-1,TRBJ2-1,SASQGRGYNEQF,274
TRBV20-1,TRBJ2-1,SASQGRGYNEQL,2
TRBV20-1,TRBJ2-1,SASQGRGYNEQV,1
TRBV20-1,TRBJ2-1,SASQGRGYNERF,1
TRBV20-1,TRBJ2-1,SASQGRGYNGQF,1
TRBV20-1,TRBJ2-1,SASQGRGYNVQF,2
TRBV20-1,TRBJ2-1,SASQGRIGNEQF,1
TRBV20-1,TRBJ2-1,SASQGRLDNEQF,1
TRBV20-1,TRBJ2-1,SASQGRMVYNEQF,1
TRBV20-1,TRBJ2-1,SASQGRNEQF,4
TRBV20-1,TRBJ2-1,SASQGRNNEQF,1
TRBV20-1,TRBJ2-1,SASQGRPNEQF,1
TRBV20-1,TRBJ2-1,SASQGRSLYNEQF,1
TRBV20-1,TRBJ2-1,SASQGRSSYNEQF,2
TRBV20-1,TRBJ2-1,SASQGRSYNEQF,10
TRBV20-1,TRBJ2-1,SASQGRSYYNEQF,1
TRBV20-1,TRBJ2-1,SASQGRVYNEQF,1
TRBV20-1,TRBJ2-1,SASQGRYEQF,1
TRBV20-1,TRBJ2-1,SASQGRYNEQF,1
TRBV20-1,TRBJ2-1,SASQGSAGGQNEQF,1
TRBV20-1,TRBJ2-1,SASQGSCNEQF,1
TRBV20-1,TRBJ2-1,SASQGSDNEQF,4
TRBV20-1,TRBJ2-1,SASQGSDYNEQF,1
TRBV20-1,TRBJ2-1,SASQGSFSYNEQF,1
TRBV20-1,TRBJ2-1,SASQGSFWGNEQF,1
TRBV20-1,TRBJ2-1,SASQGSGDLYNEQF,1
TRBV20-1,TRBJ2-1,SASQGSGDNEQF,1
TRBV20-1,TRBJ2-1,SASQGSGEQF,8
TRBV20-1,TRBJ2-1,SASQGSGEYNEQF,1
TRBV20-1,TRBJ2-1,SASQGSGGAGSYNEQF,1
TRBV20-1,TRBJ2-1,SASQGSGGRNEQF,1
TRBV20-1,TRBJ2-1,SASQGSGRIYNEQF,9
TRBV20-1,TRBJ2-1,SASQGSGRLNEQF,1
TRBV20-1,TRBJ2-1,SASQGSGRNNEQF,1
TRBV20-1,TRBJ2-1,SASQGSGSGNEQF,1
TRBV20-1,TRBJ2-1,SASQGSGSNEQF,2
TRBV20-1,TRBJ2-1,SASQGSGSRNEQF,1
TRBV20-1,TRBJ2-1,SASQGSGSSNEQF,3
TRBV20-1,TRBJ2-1,SASQGSGSSYNEQF,1
TRBV20-1,TRBJ2-1,SASQGSGSYNEQF,1
TRBV20-1,TRBJ2-1,SASQGSGTSYNEQF,3
TRBV20-1,TRBJ2-1,SASQGSGTYNEQF,1
TRBV20-1,TRBJ2-1,SASQGSGVHEQF,1
TRBV20-1,TRBJ2-1,SASQGSGYKEQF,1
TRBV20-1,TRBJ2-1,SASQGSGYNAQF,1
TRBV20-1,TRBJ2-1,SASQGSGYNEDF,1
TRBV20-1,TRBJ2-1,SASQGSGYNEHF,2
TRBV20-1,TRBJ2-1,SASQGSGYNEQF,125
TRBV20-1,TRBJ2-1,SASQGSGYNEQV,1
TRBV20-1,TRBJ2-1,SASQGSGYNGQF,1
TRBV20-1,TRBJ2-1,SASQGSGYNKQF,2
TRBV20-1,TRBJ2-1,SASQGSGYNVQF,2
TRBV20-1,TRBJ2-1,SASQGSHPGPYNEQF,1
TRBV20-1,TRBJ2-1,SASQGSIALSYNEQF,1
TRBV20-1,TRBJ2-1,SASQGSKDYNEQF,1
TRBV20-1,TRBJ2-1,SASQGSKILNEQF,1
TRBV20-1,TRBJ2-1,SASQGSLGNEQF,1
TRBV20-1,TRBJ2-1,SASQGSLNEQF,1
TRBV20-1,TRBJ2-1,SASQGSNEQF,17
TRBV20-1,TRBJ2-1,SASQGSPSYNEQF,1
TRBV20-1,TRBJ2-1,SASQGSRGVNEQF,1
TRBV20-1,TRBJ2-1,SASQGSRSNEQF,1
TRBV20-1,TRBJ2-1,SASQGSSGNYNEQF,1
TRBV20-1,TRBJ2-1,SASQGSSLDEQF,1
TRBV20-1,TRBJ2-1,SASQGSSNEQF,5
TRBV20-1,TRBJ2-1,SASQGSSSYNEQF,2
TRBV20-1,TRBJ2-1,SASQGSSYNEQF,45
TRBV20-1,TRBJ2-1,SASQGSTAYNEQF,1
TRBV20-1,TRBJ2-1,SASQGSTNEQF,1
TRBV20-1,TRBJ2-1,SASQGSTYNEQF,1
TRBV20-1,TRBJ2-1,SASQGSVSYNEQF,1
TRBV20-1,TRBJ2-1,SASQGSYNEQF,23
TRBV20-1,TRBJ2-1,SASQGTAGSNEQF,1
TRBV20-1,TRBJ2-1,SASQGTASNEQF,1
TRBV20-1,TRBJ2-1,SASQGTASYNEQF,1
TRBV20-1,TRBJ2-1,SASQGTAYNEQF,2
TRBV20-1,TRBJ2-1,SASQGTEYNEQF,1
TRBV20-1,TRBJ2-1,SASQGTGGVNEQF,1
TRBV20-1,TRBJ2-1,SASQGTGHNEQF,2
TRBV20-1,TRBJ2-1,SASQGTGLMNEQF,1
TRBV20-1,TRBJ2-1,SASQGTGPNEQF,1
TRBV20-1,TRBJ2-1,SASQGTGSGDEQF,1
TRBV20-1,TRBJ2-1,SASQGTGSSYNEQF,1
TRBV20-1,TRBJ2-1,SASQGTGSYNEQF,2
TRBV20-1,TRBJ2-1,SASQGTGYNEQF,2
TRBV20-1,TRBJ2-1,SASQGTKRNNEQF,1
TRBV20-1,TRBJ2-1,SASQGTLGSEQF,16
TRBV20-1,TRBJ2-1,SASQGTLNEQF,1
TRBV20-1,TRBJ2-1,SASQGTLYNEQF,1
TRBV20-1,TRBJ2-1,SASQGTNEQF,2
TRBV20-1,TRBJ2-1,SASQGTNNEQF,1
TRBV20-1,TRBJ2-1,SASQGTPADEQF,1
TRBV20-1,TRBJ2-1,SASQGTPGSEQF,1
TRBV20-1,TRBJ2-1,SASQGTPNEQF,2
TRBV20-1,TRBJ2-1,SASQGTPPGF,4
TRBV20-1,TRBJ2-1,SASQGTQYNEQF,1
TRBV20-1,TRBJ2-1,SASQGTRIYEQF,1
TRBV20-1,TRBJ2-1,SASQGTRLNEQF,3
TRBV20-1,TRBJ2-1,SASQGTRMWNEQF,1
TRBV20-1,TRBJ2-1,SASQGTRNEQF,1
TRBV20-1,TRBJ2-1,SASQGTRPYNEQF,1
TRBV20-1,TRBJ2-1,SASQGTRSYNEQF,1
TRBV20-1,TRBJ2-1,SASQGTSADNEQF,1
TRBV20-1,TRBJ2-1,SASQGTSAHNEQF,1
TRBV20-1,TRBJ2-1,SASQGTSEQF,1
TRBV20-1,TRBJ2-1,SASQGTSFLDEQF,1
TRBV20-1,TRBJ2-1,SASQGTSGARQF,4
TRBV20-1,TRBJ2-1,SASQGTSGGNEQF,2
TRBV20-1,TRBJ2-1,SASQGTSGIYEQF,3
TRBV20-1,TRBJ2-1,SASQGTSGLGQF,2
TRBV20-1,TRBJ2-1,SASQGTSGNEQF,2
TRBV20-1,TRBJ2-1,SASQGTSGNNEQF,4
TRBV20-1,TRBJ2-1,SASQGTSGRAFNEQF,1
TRBV20-1,TRBJ2-1,SASQGTSGRDEQF,4
TRBV20-1,TRBJ2-1,SASQGTSGRDYNEQF,1
TRBV20-1,TRBJ2-1,SASQGTSGRNEQF,2
TRBV20-1,TRBJ2-1,SASQGTSGRRHEQF,1
TRBV20-1,TRBJ2-1,SASQGTSGRSYNEQF,1
TRBV20-1,TRBJ2-1,SASQGTSGRYEQF,1
TRBV20-1,TRBJ2-1,SASQGTSGSIPYNEQF,1
TRBV20-1,TRBJ2-1,SASQGTSGSNEQF,1
TRBV20-1,TRBJ2-1,SASQGTSGTNEQF,1
TRBV20-1,TRBJ2-1,SASQGTSGTYNEQF,4
TRBV20-1,TRBJ2-1,SASQGTSGVYNEQF,1
TRBV20-1,TRBJ2-1,SASQGTSGYNEQF,1
TRBV20-1,TRBJ2-1,SASQGTSLLVNEQF,1
TRBV20-1,TRBJ2-1,SASQGTSNEQF,1
TRBV20-1,TRBJ2-1,SASQGTSSYNEQF,2
TRBV20-1,TRBJ2-1,SASQGTSTDEQF,1
TRBV20-1,TRBJ2-1,SASQGTSVDNEQF,1
TRBV20-1,TRBJ2-1,SASQGTSVGDEQF,1
TRBV20-1,TRBJ2-1,SASQGTSVYNEQF,1
TRBV20-1,TRBJ2-1,SASQGTSYNEQF,2
TRBV20-1,TRBJ2-1,SASQGTTTRNEQF,1
TRBV20-1,TRBJ2-1,SASQGTVYNEQF,1
TRBV20-1,TRBJ2-1,SASQGTYNEQF,14
TRBV20-1,TRBJ2-1,SASQGTYYNEQF,1
TRBV20-1,TRBJ2-1,SASQGVAQF,2
TRBV20-1,TRBJ2-1,SASQGVASGYNEQF,1
TRBV20-1,TRBJ2-1,SASQGVAYNEQF,3
TRBV20-1,TRBJ2-1,SASQGVDEQF,5
TRBV20-1,TRBJ2-1,SASQGVFSYNEQF,1
TRBV20-1,TRBJ2-1,SASQGVGEQF,2
TRBV20-1,TRBJ2-1,SASQGVGRGRNEQF,1
TRBV20-1,TRBJ2-1,SASQGVGYEQF,1
TRBV20-1,TRBJ2-1,SASQGVGYNEQF,1
TRBV20-1,TRBJ2-1,SASQGVHEQF,6
TRBV20-1,TRBJ2-1,SASQGVKYNEQF,2
TRBV20-1,TRBJ2-1,SASQGVNEQF,17
TRBV20-1,TRBJ2-1,SASQGVPGSYNEQF,1
TRBV20-1,TRBJ2-1,SASQGVPSYNEQF,1
TRBV20-1,TRBJ2-1,SASQGVPYEQF,1
TRBV20-1,TRBJ2-1,SASQGVSGRAGSYNEQF,1
TRBV20-1,TRBJ2-1,SASQGVSYNEQF,4
TRBV20-1,TRBJ2-1,SASQGVTHNEQF,1
TRBV20-1,TRBJ2-1,SASQGVTSSYNEQF,1
TRBV20-1,TRBJ2-1,SASQGVWMGNEQF,1
TRBV20-1,TRBJ2-1,SASQGVYNEQF,3
TRBV20-1,TRBJ2-1,SASQGWDEQF,3
TRBV20-1,TRBJ2-1,SASQGWDINEQF,2
TRBV20-1,TRBJ2-1,SASQGWEGQGNEQF,1
TRBV20-1,TRBJ2-1,SASQGWEGTGYNEQF,1
TRBV20-1,TRBJ2-1,SASQGWEQF,6
TRBV20-1,TRBJ2-1,SASQGWGANEQF,1
TRBV20-1,TRBJ2-1,SASQGWGTSGVNNEQF,1
TRBV20-1,TRBJ2-1,SASQGWSSYNEQF,2
TRBV20-1,TRBJ2-1,SASQGWSYNEQF,2
TRBV20-1,TRBJ2-1,SASQGWWGSYNEQF,1
TRBV20-1,TRBJ2-1,SASQGWYNEQF,4
TRBV20-1,TRBJ2-1,SASQGYAGGLGHNEQF,3
TRBV20-1,TRBJ2-1,SASQGYEQF,31
TRBV20-1,TRBJ2-1,SASQGYGTSGSSSEQF,1
TRBV20-1,TRBJ2-1,SASQGYLLDSYNEQF,1
TRBV20-1,TRBJ2-1,SASQGYNEQF,29
TRBV20-1,TRBJ2-1,SASQGYNNEQF,4
TRBV20-1,TRBJ2-1,SASQGYPPNEQF,3
TRBV20-1,TRBJ2-1,SASQGYPYNEQF,1
TRBV20-1,TRBJ2-1,SASQGYQDEQF,1
TRBV20-1,TRBJ2-1,SASQGYRDEQF,2
TRBV20-1,TRBJ2-1,SASQGYRGEKTYNEQF,1
TRBV20-1,TRBJ2-1,SASQGYSDEQF,1
TRBV20-1,TRBJ2-1,SASQGYSYNEQF,2
TRBV20-1,TRBJ2-1,SASQGYYNEQF,7
TRBV20-1,TRBJ2-1,SASQHDNEQF,1
TRBV20-1,TRBJ2-1,SASQHGDEQF,1
TRBV20-1,TRBJ2-1,SASQHGLAGSHEQF,1
TRBV20-1,TRBJ2-1,SASQHLRGNEQF,11
TRBV20-1,TRBJ2-1,SASQHLSSYNEQF,1
TRBV20-1,TRBJ2-1,SASQHNEQF,2
TRBV20-1,TRBJ2-1,SASQHPYNEQF,2
TRBV20-1,TRBJ2-1,SASQHSGAYNEQF,1
TRBV20-1,TRBJ2-1,SASQHSGGYNEQF,1
TRBV20-1,TRBJ2-1,SASQHSRYEQF,1
TRBV20-1,TRBJ2-1,SASQHSSYNEQF,1
TRBV20-1,TRBJ2-1,SASQHSYNEQF,2
TRBV20-1,TRBJ2-1,SASQHTGAHNEQF,1
TRBV20-1,TRBJ2-1,SASQIAGAGNEQF,1
TRBV20-1,TRBJ2-1,SASQIAGAQGDEQF,1
TRBV20-1,TRBJ2-1,SASQIAGAYNEQF,1
TRBV20-1,TRBJ2-1,SASQIAGGSSYNEQF,1
TRBV20-1,TRBJ2-1,SASQIAGLDEQF,1
TRBV20-1,TRBJ2-1,SASQIAGSHNEQF,1
TRBV20-1,TRBJ2-1,SASQIAGSYNEQF,1
TRBV20-1,TRBJ2-1,SASQIAGVHNEQF,1
TRBV20-1,TRBJ2-1,SASQIAGVPNEQF,1
TRBV20-1,TRBJ2-1,SASQIAKRASNEQF,1
TRBV20-1,TRBJ2-1,SASQIARNNEQF,1
TRBV20-1,TRBJ2-1,SASQIASYNEQF,1
TRBV20-1,TRBJ2-1,SASQIAYNEQF,1
TRBV20-1,TRBJ2-1,SASQIDRASSYNEQF,1
TRBV20-1,TRBJ2-1,SASQIESPYNEQF,1
TRBV20-1,TRBJ2-1,SASQIESSYNEQF,7
TRBV20-1,TRBJ2-1,SASQIEYNEQF,1
TRBV20-1,TRBJ2-1,SASQIFNEQF,1
TRBV20-1,TRBJ2-1,SASQIGGRASYNEQF,1
TRBV20-1,TRBJ2-1,SASQIGLKAYNEQF,3
TRBV20-1,TRBJ2-1,SASQIGSSYNEQF,1
TRBV20-1,TRBJ2-1,SASQIGSVYEQF,1
TRBV20-1,TRBJ2-1,SASQIGTGRSYNEQF,1
TRBV20-1,TRBJ2-1,SASQIGYNEQF,1
TRBV20-1,TRBJ2-1,SASQIHEQF,1
TRBV20-1,TRBJ2-1,SASQILAGANEQF,1
TRBV20-1,TRBJ2-1,SASQILAYNEQF,1
TRBV20-1,TRBJ2-1,SASQILNYNEQF,1
TRBV20-1,TRBJ2-1,SASQILPASSYNEQF,1
TRBV20-1,TRBJ2-1,SASQILSGAGRPNEQF,1
TRBV20-1,TRBJ2-1,SASQINGNNEQF,1
TRBV20-1,TRBJ2-1,SASQINLAGGDYNEQF,1
TRBV20-1,TRBJ2-1,SASQINYNEQF,1
TRBV20-1,TRBJ2-1,SASQIPFSYNEQF,1
TRBV20-1,TRBJ2-1,SASQIPGTSGRAGYNEQF,1
TRBV20-1,TRBJ2-1,SASQIPSSYNEQF,1
TRBV20-1,TRBJ2-1,SASQIPSTNEQF,3
TRBV20-1,TRBJ2-1,SASQIPSYNEQF,1
TRBV20-1,TRBJ2-1,SASQIPTSGGYNEQF,1
TRBV20-1,TRBJ2-1,SASQIQAGGGNEQF,1
TRBV20-1,TRBJ2-1,SASQIQLGEQF,1
TRBV20-1,TRBJ2-1,SASQIQTSSYNEQF,1
TRBV20-1,TRBJ2-1,SASQIQYNEQF,1
TRBV20-1,TRBJ2-1,SASQIRANEQF,1
TRBV20-1,TRBJ2-1,SASQIRDREHNEQF,1
TRBV20-1,TRBJ2-1,SASQIRLAGDEQF,1
TRBV20-1,TRBJ2-1,SASQIRLAGDRSYNEQF,1
TRBV20-1,TRBJ2-1,SASQIRNEQF,5
TRBV20-1,TRBJ2-1,SASQIRVPNEQF,1
TRBV20-1,TRBJ2-1,SASQISGSSYNEQF,1
TRBV20-1,TRBJ2-1,SASQISGSVPQF,1
TRBV20-1,TRBJ2-1,SASQISGSWNEQF,2
TRBV20-1,TRBJ2-1,SASQISSGTYNEQF,1
TRBV20-1,TRBJ2-1,SASQISSYNEQF,1
TRBV20-1,TRBJ2-1,SASQISVHSSYNEQF,1
TRBV20-1,TRBJ2-1,SASQISYNEQF,2
TRBV20-1,TRBJ2-1,SASQITGNEQF,8
TRBV20-1,TRBJ2-1,SASQITGTEYNEQF,1
TRBV20-1,TRBJ2-1,SASQITGTRDSYLHNEQF,4
TRBV20-1,TRBJ2-1,SASQITSGMLNEQF,1
TRBV20-1,TRBJ2-1,SASQIVAGTTSPGDNEQF,1
TRBV20-1,TRBJ2-1,SASQIWLAEDNEQF,1
TRBV20-1,TRBJ2-1,SASQIYNEQF,5
TRBV20-1,TRBJ2-1,SASQKAGLHEQF,1
TRBV20-1,TRBJ2-1,SASQKDRGWNNEQF,2
TRBV20-1,TRBJ2-1,SASQKETYSYNEQF,2
TRBV20-1,TRBJ2-1,SASQKGLEYNEQF,1
TRBV20-1,TRBJ2-1,SASQKGSYNEQF,1
TRBV20-1,TRBJ2-1,SASQKHEQF,1
TRBV20-1,TRBJ2-1,SASQKLGSYNEQF,3
TRBV20-1,TRBJ2-1,SASQKMTIPETYNEQF,1
TRBV20-1,TRBJ2-1,SASQKNEQF,6
TRBV20-1,TRBJ2-1,SASQKNNEQF,1
TRBV20-1,TRBJ2-1,SASQKNSNEQF,1
TRBV20-1,TRBJ2-1,SASQKRALYNEQF,1
TRBV20-1,TRBJ2-1,SASQKRASSYNEQF,1
TRBV20-1,TRBJ2-1,SASQKRERWNEQF,10
TRBV20-1,TRBJ2-1,SASQKRGSSYNEQF,1
TRBV20-1,TRBJ2-1,SASQKRPSSYNEQF,1
TRBV20-1,TRBJ2-1,SASQKRVLFNEQF,1
TRBV20-1,TRBJ2-1,SASQKTDSYNEQF,1
TRBV20-1,TRBJ2-1,SASQKVGTLSYNEQF,1
TRBV20-1,TRBJ2-1,SASQKWQYDRAHEQF,1
TRBV20-1,TRBJ2-1,SASQKYGVYNEQF,1
TRBV20-1,TRBJ2-1,SASQLAAGIYNEQF,1
TRBV20-1,TRBJ2-1,SASQLAAGNEQF,6
TRBV20-1,TRBJ2-1,SASQLAARNPYNEQF,1
TRBV20-1,TRBJ2-1,SASQLAAWGASKTNEQF,1
TRBV20-1,TRBJ2-1,SASQLADPWNEQF,1
TRBV20-1,TRBJ2-1,SASQLADYNEQF,2
TRBV20-1,TRBJ2-1,SASQLAEDHNEQF,2
TRBV20-1,TRBJ2-1,SASQLAEDHNEQL,1
TRBV20-1,TRBJ2-1,SASQLAEDYYNEQF,1
TRBV20-1,TRBJ2-1,SASQLAEFRSYNEQF,1
TRBV20-1,TRBJ2-1,SASQLAEQF,5
TRBV20-1,TRBJ2-1,SASQLAERYNEQF,1
TRBV20-1,TRBJ2-1,SASQLAEYNEQF,1
TRBV20-1,TRBJ2-1,SASQLAFYNEQF,2
TRBV20-1,TRBJ2-1,SASQLAGAGNEQF,1
TRBV20-1,TRBJ2-1,SASQLAGALLYNEQF,1
TRBV20-1,TRBJ2-1,SASQLAGANEQF,3
TRBV20-1,TRBJ2-1,SASQLAGANSYNEQF,1
TRBV20-1,TRBJ2-1,SASQLAGARNEQF,1
TRBV20-1,TRBJ2-1,SASQLAGASNEQF,1
TRBV20-1,TRBJ2-1,SASQLAGASSYNEQF,2
TRBV20-1,TRBJ2-1,SASQLAGAYNEQF,1
TRBV20-1,TRBJ2-1,SASQLAGDISSYNEQF,1
TRBV20-1,TRBJ2-1,SASQLAGDRNEQF,1
TRBV20-1,TRBJ2-1,SASQLAGDRSYNEQF,3
TRBV20-1,TRBJ2-1,SASQLAGDYNEQF,1
TRBV20-1,TRBJ2-1,SASQLAGEFNEQF,1
TRBV20-1,TRBJ2-1,SASQLAGEGNEQF,1
TRBV20-1,TRBJ2-1,SASQLAGENYNEQF,1
TRBV20-1,TRBJ2-1,SASQLAGEPYNEQF,1
TRBV20-1,TRBJ2-1,SASQLAGERSNEQF,1
TRBV20-1,TRBJ2-1,SASQLAGFNEQF,6
TRBV20-1,TRBJ2-1,SASQLAGGFDEQF,1
TRBV20-1,TRBJ2-1,SASQLAGGGSSYNEQF,1
TRBV20-1,TRBJ2-1,SASQLAGGHNEQF,2
TRBV20-1,TRBJ2-1,SASQLAGGKNSYNEQF,1
TRBV20-1,TRBJ2-1,SASQLAGGLNEQF,1
TRBV20-1,TRBJ2-1,SASQLAGGNEQF,3
TRBV20-1,TRBJ2-1,SASQLAGGNPSYNEQF,1
TRBV20-1,TRBJ2-1,SASQLAGGPAYNEQF,1
TRBV20-1,TRBJ2-1,SASQLAGGPDEQF,5
TRBV20-1,TRBJ2-1,SASQLAGGPFNEQF,1
TRBV20-1,TRBJ2-1,SASQLAGGPGVSYNEQF,1
TRBV20-1,TRBJ2-1,SASQLAGGPGYNEQF,1
TRBV20-1,TRBJ2-1,SASQLAGGPLGEQF,3
TRBV20-1,TRBJ2-1,SASQLAGGPNEQF,2
TRBV20-1,TRBJ2-1,SASQLAGGRGSYNEQF,1
TRBV20-1,TRBJ2-1,SASQLAGGRNEQF,1
TRBV20-1,TRBJ2-1,SASQLAGGSLYNEQF,3
TRBV20-1,TRBJ2-1,SASQLAGGSNEQF,2
TRBV20-1,TRBJ2-1,SASQLAGGSYNEQF,4
TRBV20-1,TRBJ2-1,SASQLAGGTNEQF,1
TRBV20-1,TRBJ2-1,SASQLAGGTYNEQF,1
TRBV20-1,TRBJ2-1,SASQLAGGWNAPF,1
TRBV20-1,TRBJ2-1,SASQLAGGWNEKF,1
TRBV20-1,TRBJ2-1,SASQLAGGWNEQF,24
TRBV20-1,TRBJ2-1,SASQLAGGWNEQS,2
TRBV20-1,TRBJ2-1,SASQLAGGYNEQF,2
TRBV20-1,TRBJ2-1,SASQLAGHNEQF,1
TRBV20-1,TRBJ2-1,SASQLAGINEQF,1
TRBV20-1,TRBJ2-1,SASQLAGIWNEQF,1
TRBV20-1,TRBJ2-1,SASQLAGIYNEQF,1
TRBV20-1,TRBJ2-1,SASQLAGKGNEQF,4
TRBV20-1,TRBJ2-1,SASQLAGLVSYNEQF,1
TRBV20-1,TRBJ2-1,SASQLAGLYNEQF,2
TRBV20-1,TRBJ2-1,SASQLAGMLDEQF,1
TRBV20-1,TRBJ2-1,SASQLAGNEQF,6
TRBV20-1,TRBJ2-1,SASQLAGPDNEQF,3
TRBV20-1,TRBJ2-1,SASQLAGPNEQF,1
TRBV20-1,TRBJ2-1,SASQLAGPNSYNEQF,1
TRBV20-1,TRBJ2-1,SASQLAGPYNEQF,1
TRBV20-1,TRBJ2-1,SASQLAGRNEQF,1
TRBV20-1,TRBJ2-1,SASQLAGRSYNEQF,1
TRBV20-1,TRBJ2-1,SASQLAGSLHEQF,1
TRBV20-1,TRBJ2-1,SASQLAGSSYNEQF,1
TRBV20-1,TRBJ2-1,SASQLAGSYNEQF,6
TRBV20-1,TRBJ2-1,SASQLAGTMMSYNEQF,1
TRBV20-1,TRBJ2-1,SASQLAGTYNEQF,1
TRBV20-1,TRBJ2-1,SASQLAGVDEQF,1
TRBV20-1,TRBJ2-1,SASQLAGVFGNNEQF,1
TRBV20-1,TRBJ2-1,SASQLAGVGEQF,2
TRBV20-1,TRBJ2-1,SASQLAGVHNEQF,1
TRBV20-1,TRBJ2-1,SASQLAGVINEQF,1
TRBV20-1,TRBJ2-1,SASQLAGVNEQF,11
TRBV20-1,TRBJ2-1,SASQLAGVNNEQF,1
TRBV20-1,TRBJ2-1,SASQLAGVRNEQF,1
TRBV20-1,TRBJ2-1,SASQLAGVRYNEQF,6
TRBV20-1,TRBJ2-1,SASQLAGVSYNEQF,2
TRBV20-1,TRBJ2-1,SASQLAGVYNEQF,23
TRBV20-1,TRBJ2-1,SASQLAGVYYEQF,1
TRBV20-1,TRBJ2-1,SASQLAGWYNEQF,1
TRBV20-1,TRBJ2-1,SASQLAGYNEQF,3
TRBV20-1,TRBJ2-1,SASQLAGYRNNEQF,2
TRBV20-1,TRBJ2-1,SASQLAHNEQF,1
TRBV20-1,TRBJ2-1,SASQLALSSYNEQF,1
TRBV20-1,TRBJ2-1,SASQLALVHEQF,1
TRBV20-1,TRBJ2-1,SASQLANEQF,1
TRBV20-1,TRBJ2-1,SASQLANNEQF,1
TRBV20-1,TRBJ2-1,SASQLAREQF,4
TRBV20-1,TRBJ2-1,SASQLASVYNEQF,1
TRBV20-1,TRBJ2-1,SASQLATTYNEQF,2
TRBV20-1,TRBJ2-1,SASQLAVLSSNEQF,1
TRBV20-1,TRBJ2-1,SASQLAVNEQF,1
TRBV20-1,TRBJ2-1,SASQLAVRNEQF,1
TRBV20-1,TRBJ2-1,SASQLAVSYNEQF,1
TRBV20-1,TRBJ2-1,SASQLAVYNEQF,2
TRBV20-1,TRBJ2-1,SASQLAYNEQF,1
TRBV20-1,TRBJ2-1,SASQLDEQF,1
TRBV20-1,TRBJ2-1,SASQLDRGFNEQF,1
TRBV20-1,TRBJ2-1,SASQLDRVINNEQF,1
TRBV20-1,TRBJ2-1,SASQLDSYNEQF,1
TRBV20-1,TRBJ2-1,SASQLDYNEQF,1
TRBV20-1,TRBJ2-1,SASQLEGGWNEQF,1
TRBV20-1,TRBJ2-1,SASQLEGNYNEQF,1
TRBV20-1,TRBJ2-1,SASQLESSYNEQF,1
TRBV20-1,TRBJ2-1,SASQLEVYNEQF,1
TRBV20-1,TRBJ2-1,SASQLFRNPNNEQF,1
TRBV20-1,TRBJ2-1,SASQLGADEQF,2
TRBV20-1,TRBJ2-1,SASQLGAGRPYNEQF,1
TRBV20-1,TRBJ2-1,SASQLGEQF,2
TRBV20-1,TRBJ2-1,SASQLGEVQNEQF,1
TRBV20-1,TRBJ2-1,SASQLGGAGVSDEQF,1
TRBV20-1,TRBJ2-1,SASQLGGDWRNEQF,1
TRBV20-1,TRBJ2-1,SASQLGGESSYNEQF,1
TRBV20-1,TRBJ2-1,SASQLGGGDHNEQF,2
TRBV20-1,TRBJ2-1,SASQLGGRANNEQF,1
TRBV20-1,TRBJ2-1,SASQLGGRLNNEQF,1
TRBV20-1,TRBJ2-1,SASQLGGSSYNEQF,1
TRBV20-1,TRBJ2-1,SASQLGGTSGTSSYNEQF,1
TRBV20-1,TRBJ2-1,SASQLGGVTYNEQF,1
TRBV20-1,TRBJ2-1,SASQLGILYNEQF,1
TRBV20-1,TRBJ2-1,SASQLGLAGGDEQF,1
TRBV20-1,TRBJ2-1,SASQLGNEQF,5
TRBV20-1,TRBJ2-1,SASQLGNNEQF,1
TRBV20-1,TRBJ2-1,SASQLGPLGGNEQF,1
TRBV20-1,TRBJ2-1,SASQLGQFFYEQF,1
TRBV20-1,TRBJ2-1,SASQLGQGSYNEQF,1
TRBV20-1,TRBJ2-1,SASQLGQGVDEQF,1
TRBV20-1,TRBJ2-1,SASQLGRYNEQF,1
TRBV20-1,TRBJ2-1,SASQLGTGGNEQF,3
TRBV20-1,TRBJ2-1,SASQLGTNSNEQF,1
TRBV20-1,TRBJ2-1,SASQLGTPRKQF,2
TRBV20-1,TRBJ2-1,SASQLGVAGVSNEQF,1
TRBV20-1,TRBJ2-1,SASQLGWADNEQF,3
TRBV20-1,TRBJ2-1,SASQLGWHFNEQF,1
TRBV20-1,TRBJ2-1,SASQLHEQF,1
TRBV20-1,TRBJ2-1,SASQLHNEQF,1
TRBV20-1,TRBJ2-1,SASQLINEQF,6
TRBV20-1,TRBJ2-1,SASQLISYNEQF,1
TRBV20-1,TRBJ2-1,SASQLLAGGLDEQF,1
TRBV20-1,TRBJ2-1,SASQLLAGGSGYNEQF,1
TRBV20-1,TRBJ2-1,SASQLLAGVNNEQF,1
TRBV20-1,TRBJ2-1,SASQLLAVSYNEQF,1
TRBV20-1,TRBJ2-1,SASQLLGQLFNEQF,1
TRBV20-1,TRBJ2-1,SASQLLNEQF,1
TRBV20-1,TRBJ2-1,SASQLLRDNNEQF,1
TRBV20-1,TRBJ2-1,SASQLLVGYEQF,1
TRBV20-1,TRBJ2-1,SASQLLYNEQF,1
TRBV20-1,TRBJ2-1,SASQLMNTGGNEQF,1
TRBV20-1,TRBJ2-1,SASQLNEQF,15
TRBV20-1,TRBJ2-1,SASQLNNEQF,3
TRBV20-1,TRBJ2-1,SASQLPNEQF,4
TRBV20-1,TRBJ2-1,SASQLPQNNEQF,1
TRBV20-1,TRBJ2-1,SASQLPSGRNEQF,1
TRBV20-1,TRBJ2-1,SASQLQGNNEQF,1
TRBV20-1,TRBJ2-1,SASQLRGAYNEQF,1
TRBV20-1,TRBJ2-1,SASQLRGGWSNEQF,8
TRBV20-1,TRBJ2-1,SASQLRGRGGSYNEQF,1
TRBV20-1,TRBJ2-1,SASQLRHNEQF,1
TRBV20-1,TRBJ2-1,SASQLRLAGYNEQF,1
TRBV20-1,TRBJ2-1,SASQLRSYNEQF,1
TRBV20-1,TRBJ2-1,SASQLRTSGSRSNEQF,1
TRBV20-1,TRBJ2-1,SASQLRTSGYNEQF,1
TRBV20-1,TRBJ2-1,SASQLRTSWNSYNEQF,1
TRBV20-1,TRBJ2-1,SASQLSDPEGNEQF,1
TRBV20-1,TRBJ2-1,SASQLSESSYNEQF,3
TRBV20-1,TRBJ2-1,SASQLSGGDNEQF,3
TRBV20-1,TRBJ2-1,SASQLSRDNNEQF,1
TRBV20-1,TRBJ2-1,SASQLSSGHSWDEQF,1
TRBV20-1,TRBJ2-1,SASQLSSGPYNEQF,1
TRBV20-1,TRBJ2-1,SASQLSSYNEQF,11
TRBV20-1,TRBJ2-1,SASQLSYDNEQF,1
TRBV20-1,TRBJ2-1,SASQLTGCLHVPF,1
TRBV20-1,TRBJ2-1,SASQLTGYNEQF,1
TRBV20-1,TRBJ2-1,SASQLTLSSYNEQF,1
TRBV20-1,TRBJ2-1,SASQLTPAYNEQF,1
TRBV20-1,TRBJ2-1,SASQLTQAYNEQF,1
TRBV20-1,TRBJ2-1,SASQLTSVSYNEQF,1
TRBV20-1,TRBJ2-1,SASQLTTNSLLNEQF,2
TRBV20-1,TRBJ2-1,SASQLVAGPQDNEQF,1
TRBV20-1,TRBJ2-1,SASQLVASHNEQF,1
TRBV20-1,TRBJ2-1,SASQLVEYNEQF,4
TRBV20-1,TRBJ2-1,SASQLVGYNEQF,1
TRBV20-1,TRBJ2-1,SASQLVNEQF,2
TRBV20-1,TRBJ2-1,SASQLVSYNEQF,1
TRBV20-1,TRBJ2-1,SASQLVYNEQF,2
TRBV20-1,TRBJ2-1,SASQLW,6
TRBV20-1,TRBJ2-1,SASQLWDSENEQF,3
TRBV20-1,TRBJ2-1,SASQLWGGRDEQF,1
TRBV20-1,TRBJ2-1,SASQLYGPKRDNEQF,1
TRBV20-1,TRBJ2-1,SASQLYNEQF,4
TRBV20-1,TRBJ2-1,SASQMDNRYNEQF,1
TRBV20-1,TRBJ2-1,SASQMEDDEQF,1
TRBV20-1,TRBJ2-1,SASQMENEQF,1
TRBV20-1,TRBJ2-1,SASQMGDYRVNEQF,3
TRBV20-1,TRBJ2-1,SASQMGGASYNEQF,1
TRBV20-1,TRBJ2-1,SASQMGGSTYNEQF,1
TRBV20-1,TRBJ2-1,SASQMGLAGGEQF,1
TRBV20-1,TRBJ2-1,SASQMHNEQF,1
TRBV20-1,TRBJ2-1,SASQMLDPNEQF,1
TRBV20-1,TRBJ2-1,SASQMLYNEQF,3
TRBV20-1,TRBJ2-1,SASQMNRVSYNEQF,1
TRBV20-1,TRBJ2-1,SASQMRGAGSYNEQF,1
TRBV20-1,TRBJ2-1,SASQMRGLGNEQF,5
TRBV20-1,TRBJ2-1,SASQMRSGMNNEQF,1
TRBV20-1,TRBJ2-1,SASQMRTSAYNEQF,1
TRBV20-1,TRBJ2-1,SASQMSLVSGIYNEQF,1
TRBV20-1,TRBJ2-1,SASQMTGRRDNEQF,1
TRBV20-1,TRBJ2-1,SASQMVNNEQF,1
TRBV20-1,TRBJ2-1,SASQNDEQF,1
TRBV20-1,TRBJ2-1,SASQNDNEQF,1
TRBV20-1,TRBJ2-1,SASQNDPQRPSNEQF,1
TRBV20-1,TRBJ2-1,SASQNEQF,13
TRBV20-1,TRBJ2-1,SASQNGAGWSSYNEQF,1
TRBV20-1,TRBJ2-1,SASQNGLAANEQF,1
TRBV20-1,TRBJ2-1,SASQNGLNEQF,1
TRBV20-1,TRBJ2-1,SASQNHNEQF,1
TRBV20-1,TRBJ2-1,SASQNLAGAPNEQF,1
TRBV20-1,TRBJ2-1,SASQNLATPYNEQF,1
TRBV20-1,TRBJ2-1,SASQNLQAYNEQF,1
TRBV20-1,TRBJ2-1,SASQNNEQF,42
TRBV20-1,TRBJ2-1,SASQNQLAGGTYNEQF,2
TRBV20-1,TRBJ2-1,SASQNQLAGGTYNEQV,1
TRBV20-1,TRBJ2-1,SASQNQSYNGPF,1
TRBV20-1,TRBJ2-1,SASQNRGPYNEQF,1
TRBV20-1,TRBJ2-1,SASQNRVSYNEQF,5
TRBV20-1,TRBJ2-1,SASQNSGDEQF,1
TRBV20-1,TRBJ2-1,SASQNSGRAHNEQF,1
TRBV20-1,TRBJ2-1,SASQNSYNEQF,1
TRBV20-1,TRBJ2-1,SASQNTGINEQF,1
TRBV20-1,TRBJ2-1,SASQPAADEQF,1
TRBV20-1,TRBJ2-1,SASQPADEQF,2
TRBV20-1,TRBJ2-1,SASQPADNEQF,1
TRBV20-1,TRBJ2-1,SASQPAGADEQF,1
TRBV20-1,TRBJ2-1,SASQPAGGSYNEQF,1
TRBV20-1,TRBJ2-1,SASQPAGMNEQF,1
TRBV20-1,TRBJ2-1,SASQPAGTYNEQF,1
TRBV20-1,TRBJ2-1,SASQPAGVMGYNEQF,2
TRBV20-1,TRBJ2-1,SASQPAGYNEQF,1
TRBV20-1,TRBJ2-1,SASQPAPSSYNEQF,1
TRBV20-1,TRBJ2-1,SASQPAQLYNEQF,1
TRBV20-1,TRBJ2-1,SASQPASGSHNEQF,1
TRBV20-1,TRBJ2-1,SASQPAYNEQF,2
TRBV20-1,TRBJ2-1,SASQPDGANEQF,1
TRBV20-1,TRBJ2-1,SASQPDRPSYNEQF,2
TRBV20-1,TRBJ2-1,SASQPERAYNEQF,1
TRBV20-1,TRBJ2-1,SASQPEVSSYNEQF,1
TRBV20-1,TRBJ2-1,SASQPGALGDNEQF,1
TRBV20-1,TRBJ2-1,SASQPGDEQF,5
TRBV20-1,TRBJ2-1,SASQPGEEQF,1
TRBV20-1,TRBJ2-1,SASQPGEGGNEQF,1
TRBV20-1,TRBJ2-1,SASQPGEQF,8
TRBV20-1,TRBJ2-1,SASQPGEYNEQF,12
TRBV20-1,TRBJ2-1,SASQPGEYNEQL,1
TRBV20-1,TRBJ2-1,SASQPGEYNERF,1
TRBV20-1,TRBJ2-1,SASQPGFYNEQF,1
TRBV20-1,TRBJ2-1,SASQPGGDEQF,1
TRBV20-1,TRBJ2-1,SASQPGGGGNEQF,1
TRBV20-1,TRBJ2-1,SASQPGGLAGVYNEQF,1
TRBV20-1,TRBJ2-1,SASQPGGRAMNEQF,1
TRBV20-1,TRBJ2-1,SASQPGGRPREQF,4
TRBV20-1,TRBJ2-1,SASQPGGSLYNEQF,2
TRBV20-1,TRBJ2-1,SASQPGGYNEQF,3
TRBV20-1,TRBJ2-1,SASQPGHRDEQF,1
TRBV20-1,TRBJ2-1,SASQPGHRYNEQF,1
TRBV20-1,TRBJ2-1,SASQPGLAGASYNEQF,1
TRBV20-1,TRBJ2-1,SASQPGLAGGNEQF,1
TRBV20-1,TRBJ2-1,SASQPGLAGGRSSYNEQF,1
TRBV20-1,TRBJ2-1,SASQPGLAGGSYNEQF,1
TRBV20-1,TRBJ2-1,SASQPGLAGKDEQF,1
TRBV20-1,TRBJ2-1,SASQPGLAGNEQF,1
TRBV20-1,TRBJ2-1,SASQPGLAGRNEQF,1
TRBV20-1,TRBJ2-1,SASQPGLAGSSYNEQF,1
TRBV20-1,TRBJ2-1,SASQPGLAINEQF,2
TRBV20-1,TRBJ2-1,SASQPGLDNEQF,1
TRBV20-1,TRBJ2-1,SASQPGLETNNEQF,1
TRBV20-1,TRBJ2-1,SASQPGLGEDEQF,1
TRBV20-1,TRBJ2-1,SASQPGLLSYEQF,1
TRBV20-1,TRBJ2-1,SASQPGLMDNEQF,1
TRBV20-1,TRBJ2-1,SASQPGLPYSEQF,1
TRBV20-1,TRBJ2-1,SASQPGLQNNEQF,1
TRBV20-1,TRBJ2-1,SASQPGLRDNEQF,6
TRBV20-1,TRBJ2-1,SASQPGLRGNEQF,1
TRBV20-1,TRBJ2-1,SASQPGLRYNEQF,1
TRBV20-1,TRBJ2-1,SASQPGLSYNEQF,3
TRBV20-1,TRBJ2-1,SASQPGLVSYEQF,1
TRBV20-1,TRBJ2-1,SASQPGMNEQF,1
TRBV20-1,TRBJ2-1,SASQPGNEQF,2
TRBV20-1,TRBJ2-1,SASQPGPRIPDEQF,1
TRBV20-1,TRBJ2-1,SASQPGQGGVYEQF,1
TRBV20-1,TRBJ2-1,SASQPGQGHNEQF,1
TRBV20-1,TRBJ2-1,SASQPGQGLYNEQF,1
TRBV20-1,TRBJ2-1,SASQPGQSSYNEQF,4
TRBV20-1,TRBJ2-1,SASQPGSYNEQF,1
TRBV20-1,TRBJ2-1,SASQPGTTNYEQF,1
TRBV20-1,TRBJ2-1,SASQPGTTYNEQF,1
TRBV20-1,TRBJ2-1,SASQPGVDEQF,1
TRBV20-1,TRBJ2-1,SASQPGWNEQF,1
TRBV20-1,TRBJ2-1,SASQPHRVWEDEQF,1
TRBV20-1,TRBJ2-1,SASQPIGAYNEQF,2
TRBV20-1,TRBJ2-1,SASQPIGGEQF,14
TRBV20-1,TRBJ2-1,SASQPIRIPYSNEQF,1
TRBV20-1,TRBJ2-1,SASQPKIAGHNEQF,1
TRBV20-1,TRBJ2-1,SASQPKLYNEQF,5
TRBV20-1,TRBJ2-1,SASQPKSSYNEQF,1
TRBV20-1,TRBJ2-1,SASQPLAGGKDEQF,1
TRBV20-1,TRBJ2-1,SASQPLAGGPDEQF,1
TRBV20-1,TRBJ2-1,SASQPLAGSNEQF,1
TRBV20-1,TRBJ2-1,SASQPLAGVENEQF,1
TRBV20-1,TRBJ2-1,SASQPLANNEQF,1
TRBV20-1,TRBJ2-1,SASQPLARGVYNEQF,1
TRBV20-1,TRBJ2-1,SASQPLGGNEQF,1
TRBV20-1,TRBJ2-1,SASQPLGINEQF,1
TRBV20-1,TRBJ2-1,SASQPLGPNEQF,1
TRBV20-1,TRBJ2-1,SASQPNEQF,13
TRBV20-1,TRBJ2-1,SASQPNRRNEQF,1
TRBV20-1,TRBJ2-1,SASQPNSNEQF,1
TRBV20-1,TRBJ2-1,SASQPNYNEQF,2
TRBV20-1,TRBJ2-1,SASQPPARKSSYNEQF,1
TRBV20-1,TRBJ2-1,SASQPPERAGYIEQF,1
TRBV20-1,TRBJ2-1,SASQPPGNEQF,5
TRBV20-1,TRBJ2-1,SASQPPLAGEKNEQF,1
TRBV20-1,TRBJ2-1,SASQPPQRGHNEQF,1
TRBV20-1,TRBJ2-1,SASQPPRDNEQF,1
TRBV20-1,TRBJ2-1,SASQPPWRSSYNEQF,1
TRBV20-1,TRBJ2-1,SASQPQGGIEQF,6
TRBV20-1,TRBJ2-1,SASQPQGVRDNEQF,1
TRBV20-1,TRBJ2-1,SASQPRDHNNEQF,1
TRBV20-1,TRBJ2-1,SASQPRDWTHEQF,1
TRBV20-1,TRBJ2-1,SASQPRGAYNEQF,1
TRBV20-1,TRBJ2-1,SASQPRGGSNEQF,1
TRBV20-1,TRBJ2-1,SASQPRGLHRDEQF,1
TRBV20-1,TRBJ2-1,SASQPRLAGVNEQF,1
TRBV20-1,TRBJ2-1,SASQPRLVSMVDEQF,3
TRBV20-1,TRBJ2-1,SASQPRSGSRSYNEQF,1
TRBV20-1,TRBJ2-1,SASQPRSLDGQF,1
TRBV20-1,TRBJ2-1,SASQPRSSYNEQF,3
TRBV20-1,TRBJ2-1,SASQPRVFYNEQF,5
TRBV20-1,TRBJ2-1,SASQPRVRSGGFNEQF,1
TRBV20-1,TRBJ2-1,SASQPRWGGPHEQF,1
TRBV20-1,TRBJ2-1,SASQPSETNEQF,1
TRBV20-1,TRBJ2-1,SASQPSGAYNEQF,1
TRBV20-1,TRBJ2-1,SASQPSGLTNNEQF,1
TRBV20-1,TRBJ2-1,SASQPSGQNNEQF,1
TRBV20-1,TRBJ2-1,SASQPSGRALYNEQF,1
TRBV20-1,TRBJ2-1,SASQPSGRGSYNEQF,1
TRBV20-1,TRBJ2-1,SASQPSGRLYNEQF,2
TRBV20-1,TRBJ2-1,SASQPSGRNNEQF,2
TRBV20-1,TRBJ2-1,SASQPSGRPINEQF,1
TRBV20-1,TRBJ2-1,SASQPSGRSLNEQF,1
TRBV20-1,TRBJ2-1,SASQPSGRVAYNEQF,1
TRBV20-1,TRBJ2-1,SASQPSGRYNEQF,1
TRBV20-1,TRBJ2-1,SASQPSGSDDEQF,1
TRBV20-1,TRBJ2-1,SASQPSGSDNEQF,2
TRBV20-1,TRBJ2-1,SASQPSGSFNEQF,1
TRBV20-1,TRBJ2-1,SASQPSGSNEQF,1
TRBV20-1,TRBJ2-1,SASQPSGSSYNEQF,1
TRBV20-1,TRBJ2-1,SASQPSGSSYNQQF,1
TRBV20-1,TRBJ2-1,SASQPSGTGGLGDEQF,1
TRBV20-1,TRBJ2-1,SASQPSGTYNEQF,1
TRBV20-1,TRBJ2-1,SASQPSGYNEQF,2
TRBV20-1,TRBJ2-1,SASQPSPEHNEQF,1
TRBV20-1,TRBJ2-1,SASQPSPYEQF,1
TRBV20-1,TRBJ2-1,SASQPSRGSGNEQF,4
TRBV20-1,TRBJ2-1,SASQPSSGLRYNEQF,1
TRBV20-1,TRBJ2-1,SASQPSSYNEQF,3
TRBV20-1,TRBJ2-1,SASQPSYNEQF,1
TRBV20-1,TRBJ2-1,SASQPTDSSYNEQF,1
TRBV20-1,TRBJ2-1,SASQPTGHEQF,1
TRBV20-1,TRBJ2-1,SASQPTGKLDYEQF,1
TRBV20-1,TRBJ2-1,SASQPTGSDNEQF,1
TRBV20-1,TRBJ2-1,SASQPTGSNEQF,1
TRBV20-1,TRBJ2-1,SASQPTKYNEQF,1
TRBV20-1,TRBJ2-1,SASQPTPSSYNEQF,3
TRBV20-1,TRBJ2-1,SASQPTRGNEQF,1
TRBV20-1,TRBJ2-1,SASQPTSAYRNEQF,2
TRBV20-1,TRBJ2-1,SASQPTSGIYNEQF,1
TRBV20-1,TRBJ2-1,SASQPTSGRGNEQF,1
TRBV20-1,TRBJ2-1,SASQPTTNSYNEQF,1
TRBV20-1,TRBJ2-1,SASQPTYNEQF,1
TRBV20-1,TRBJ2-1,SASQPVAYNEQF,1
TRBV20-1,TRBJ2-1,SASQPVFSYNEQF,1
TRBV20-1,TRBJ2-1,SASQPVTSPNEQF,1
TRBV20-1,TRBJ2-1,SASQPWGTSDIGEQF,2
TRBV20-1,TRBJ2-1,SASQPYLSYNEQF,1
TRBV20-1,TRBJ2-1,SASQPYNEQF,7
TRBV20-1,TRBJ2-1,SASQQAGTSYNEQF,1
TRBV20-1,TRBJ2-1,SASQQAPYGEQF,1
TRBV20-1,TRBJ2-1,SASQQARLGGNEQF,1
TRBV20-1,TRBJ2-1,SASQQDEQF,1
TRBV20-1,TRBJ2-1,SASQQDRPNNEQF,1
TRBV20-1,TRBJ2-1,SASQQETYNEQF,2
TRBV20-1,TRBJ2-1,SASQQGAGGEQF,2
TRBV20-1,TRBJ2-1,SASQQGAIDNEQF,3
TRBV20-1,TRBJ2-1,SASQQGAIPNEQF,1
TRBV20-1,TRBJ2-1,SASQQGAISYNEQF,1
TRBV20-1,TRBJ2-1,SASQQGALSYNEQF,1
TRBV20-1,TRBJ2-1,SASQQGARVWDEQF,1
TRBV20-1,TRBJ2-1,SASQQGASSYNEQF,7
TRBV20-1,TRBJ2-1,SASQQGEYNEQF,4
TRBV20-1,TRBJ2-1,SASQQGFSYNEQF,1
TRBV20-1,TRBJ2-1,SASQQGGSYNEQF,1
TRBV20-1,TRBJ2-1,SASQQGIYNEQF,1
TRBV20-1,TRBJ2-1,SASQQGLAQRWNEQF,1
TRBV20-1,TRBJ2-1,SASQQGNEQF,2
TRBV20-1,TRBJ2-1,SASQQGNPYNEQF,1
TRBV20-1,TRBJ2-1,SASQQGPIRSSYNEQF,1
TRBV20-1,TRBJ2-1,SASQQGPYNEQF,3
TRBV20-1,TRBJ2-1,SASQQGRNEQF,1
TRBV20-1,TRBJ2-1,SASQQGRYNEQF,1
TRBV20-1,TRBJ2-1,SASQQGSPGNEQF,1
TRBV20-1,TRBJ2-1,SASQQGSSYNEQF,2
TRBV20-1,TRBJ2-1,SASQQGSYNEQF,2
TRBV20-1,TRBJ2-1,SASQQGTIYNEQF,1
TRBV20-1,TRBJ2-1,SASQQGTPRKQF,1
TRBV20-1,TRBJ2-1,SASQQGVYNEQF,1
TRBV20-1,TRBJ2-1,SASQQGYEQF,1
TRBV20-1,TRBJ2-1,SASQQGYFVDNEQF,1
TRBV20-1,TRBJ2-1,SASQQIKEKGNEQF,2
TRBV20-1,TRBJ2-1,SASQQILAGVVNEQF,1
TRBV20-1,TRBJ2-1,SASQQIYNEQF,1
TRBV20-1,TRBJ2-1,SASQQKGLAGYNEQF,3
TRBV20-1,TRBJ2-1,SASQQLAGIYNEQF,1
TRBV20-1,TRBJ2-1,SASQQMGTWIYNEQF,1
TRBV20-1,TRBJ2-1,SASQQNEQF,1
TRBV20-1,TRBJ2-1,SASQQNNEQF,3
TRBV20-1,TRBJ2-1,SASQQNSYNEQF,1
TRBV20-1,TRBJ2-1,SASQQRGGNEQF,1
TRBV20-1,TRBJ2-1,SASQQRGGYNEQF,1
TRBV20-1,TRBJ2-1,SASQQRGRPYNEQF,1
TRBV20-1,TRBJ2-1,SASQQRGSYNEQF,4
TRBV20-1,TRBJ2-1,SASQQSRTYNEQF,1
TRBV20-1,TRBJ2-1,SASQQSSYNEQF,2
TRBV20-1,TRBJ2-1,SASQQTLYNEQF,1
TRBV20-1,TRBJ2-1,SASQQVGYNEQF,1
TRBV20-1,TRBJ2-1,SASQQYNEQF,2
TRBV20-1,TRBJ2-1,SASQRAAYNEQF,1
TRBV20-1,TRBJ2-1,SASQRAGGSYNEQF,1
TRBV20-1,TRBJ2-1,SASQRAGSYNEQF,1
TRBV20-1,TRBJ2-1,SASQRAGTSGYNEQF,1
TRBV20-1,TRBJ2-1,SASQRAGVFYNEQF,1
TRBV20-1,TRBJ2-1,SASQRAGYNEQF,1
TRBV20-1,TRBJ2-1,SASQRAGYNEQS,1
TRBV20-1,TRBJ2-1,SASQRALAEGRYYNEQF,1
TRBV20-1,TRBJ2-1,SASQRALAGGSNEQF,1
TRBV20-1,TRBJ2-1,SASQRARPYNEQF,1
TRBV20-1,TRBJ2-1,SASQRASGRPISYNEQF,1
TRBV20-1,TRBJ2-1,SASQRASGSYEQF,1
TRBV20-1,TRBJ2-1,SASQRASSYNEQF,2
TRBV20-1,TRBJ2-1,SASQRAYNEQF,1
TRBV20-1,TRBJ2-1,SASQRDEQF,4
TRBV20-1,TRBJ2-1,SASQRDFINEQF,1
TRBV20-1,TRBJ2-1,SASQRDGSSYNEQF,1
TRBV20-1,TRBJ2-1,SASQRDKGYNEQF,1
TRBV20-1,TRBJ2-1,SASQRDLNRDEQF,1
TRBV20-1,TRBJ2-1,SASQRDLRSYNEQF,1
TRBV20-1,TRBJ2-1,SASQRDNEQF,1
TRBV20-1,TRBJ2-1,SASQRDPSYNEQF,1
TRBV20-1,TRBJ2-1,SASQRDPYNEQF,1
TRBV20-1,TRBJ2-1,SASQRDQINNEQF,1
TRBV20-1,TRBJ2-1,SASQRDRGNNEQF,3
TRBV20-1,TRBJ2-1,SASQRDSVDEQF,1
TRBV20-1,TRBJ2-1,SASQRDYNEQF,2
TRBV20-1,TRBJ2-1,SASQRDYQNEQF,1
TRBV20-1,TRBJ2-1,SASQREAASYNEQF,1
TRBV20-1,TRBJ2-1,SASQREADEQF,1
TRBV20-1,TRBJ2-1,SASQREAFIVNEQF,1
TRBV20-1,TRBJ2-1,SASQREAGNEQF,1
TRBV20-1,TRBJ2-1,SASQREALMYNEQF,2
TRBV20-1,TRBJ2-1,SASQREARPNEQF,1
TRBV20-1,TRBJ2-1,SASQREARYNEQF,1
TRBV20-1,TRBJ2-1,SASQREAVI,6
TRBV20-1,TRBJ2-1,SASQREDPYNEQF,9
TRBV20-1,TRBJ2-1,SASQREDYNEQF,3
TRBV20-1,TRBJ2-1,SASQREEDSYNEQF,1
TRBV20-1,TRBJ2-1,SASQREELYNEQF,1
TRBV20-1,TRBJ2-1,SASQREEPYNEQF,2
TRBV20-1,TRBJ2-1,SASQREFFNEQF,1
TRBV20-1,TRBJ2-1,SASQREFYNEQF,1
TRBV20-1,TRBJ2-1,SASQREGEQF,1
TRBV20-1,TRBJ2-1,SASQREGFHNEQF,1
TRBV20-1,TRBJ2-1,SASQREGHNEQF,1
TRBV20-1,TRBJ2-1,SASQREGLNEQF,6
TRBV20-1,TRBJ2-1,SASQREGLSYNEQF,1
TRBV20-1,TRBJ2-1,SASQREGLYNEQF,1
TRBV20-1,TRBJ2-1,SASQREGPIYLLSNEQF,1
TRBV20-1,TRBJ2-1,SASQREGPSYNEQF,1
TRBV20-1,TRBJ2-1,SASQREGPYEQF,1
TRBV20-1,TRBJ2-1,SASQREGRGDEQF,1
TRBV20-1,TRBJ2-1,SASQREGRPNEQF,1
TRBV20-1,TRBJ2-1,SASQREGRWYNEQF,1
TRBV20-1,TRBJ2-1,SASQREGSNNEQF,1
TRBV20-1,TRBJ2-1,SASQREGTDEQF,2
TRBV20-1,TRBJ2-1,SASQREGTVNEQF,1
TRBV20-1,TRBJ2-1,SASQREGYNEQF,4
TRBV20-1,TRBJ2-1,SASQREHNEQF,1
TRBV20-1,TRBJ2-1,SASQREINNEQF,1
TRBV20-1,TRBJ2-1,SASQREKGSYNEQF,1
TRBV20-1,TRBJ2-1,SASQREKNYNEQF,1
TRBV20-1,TRBJ2-1,SASQREKTINEQF,1
TRBV20-1,TRBJ2-1,SASQRELPYNEQF,1
TRBV20-1,TRBJ2-1,SASQRELSYNEQF,8
TRBV20-1,TRBJ2-1,SASQRELYNEQF,1
TRBV20-1,TRBJ2-1,SASQRENNEQF,1
TRBV20-1,TRBJ2-1,SASQREPYNEQF,1
TRBV20-1,TRBJ2-1,SASQREQYNEQF,1
TRBV20-1,TRBJ2-1,SASQRERAYNEQF,1
TRBV20-1,TRBJ2-1,SASQRERDNEQF,1
TRBV20-1,TRBJ2-1,SASQRERFYNEQF,1
TRBV20-1,TRBJ2-1,SASQRERNNEQF,1
TRBV20-1,TRBJ2-1,SASQRERRNEQF,1
TRBV20-1,TRBJ2-1,SASQRERSYNEQF,1
TRBV20-1,TRBJ2-1,SASQRERWDNEQF,1
TRBV20-1,TRBJ2-1,SASQRERYNEQF,2
TRBV20-1,TRBJ2-1,SASQRESAYKEQF,1
TRBV20-1,TRBJ2-1,SASQRESHNEQF,1
TRBV20-1,TRBJ2-1,SASQRESRPNEQF,1
TRBV20-1,TRBJ2-1,SASQRESRSYNEQF,1
TRBV20-1,TRBJ2-1,SASQRESSYNEQF,3
TRBV20-1,TRBJ2-1,SASQRESYNEQF,3
TRBV20-1,TRBJ2-1,SASQRETNEQF,1
TRBV20-1,TRBJ2-1,SASQRETPFYNEQF,1
TRBV20-1,TRBJ2-1,SASQRETYNEQF,3
TRBV20-1,TRBJ2-1,SASQREVDEQF,1
TRBV20-1,TRBJ2-1,SASQREVDSHEQF,1
TRBV20-1,TRBJ2-1,SASQREVGNEQF,4
TRBV20-1,TRBJ2-1,SASQREVYNEQF,1
TRBV20-1,TRBJ2-1,SASQREWDNEQF,5
TRBV20-1,TRBJ2-1,SASQREWSYNEQF,4
TRBV20-1,TRBJ2-1,SASQREWYNEQF,1
TRBV20-1,TRBJ2-1,SASQREYRNEQF,1
TRBV20-1,TRBJ2-1,SASQREYSYNEQF,1
TRBV20-1,TRBJ2-1,SASQRFPHNEQF,2
TRBV20-1,TRBJ2-1,SASQRGAFPYNEQF,1
TRBV20-1,TRBJ2-1,SASQRGAFSYNEQF,6
TRBV20-1,TRBJ2-1,SASQRGAGANEQF,1
TRBV20-1,TRBJ2-1,SASQRGAGGGSYNEQF,1
TRBV20-1,TRBJ2-1,SASQRGAGTAYNEQF,4
TRBV20-1,TRBJ2-1,SASQRGAIYNEQF,1
TRBV20-1,TRBJ2-1,SASQRGASSYNEQF,1
TRBV20-1,TRBJ2-1,SASQRGAYNEQF,2
TRBV20-1,TRBJ2-1,SASQRGDEQF,3
TRBV20-1,TRBJ2-1,SASQRGDNEQF,1
TRBV20-1,TRBJ2-1,SASQRGDYNEQF,1
TRBV20-1,TRBJ2-1,SASQRGFALAGVNNEQF,1
TRBV20-1,TRBJ2-1,SASQRGFSSSDEQF,1
TRBV20-1,TRBJ2-1,SASQRGGAYNEQF,3
TRBV20-1,TRBJ2-1,SASQRGGGGSYNEQF,5
TRBV20-1,TRBJ2-1,SASQRGGGGYYNEQF,1
TRBV20-1,TRBJ2-1,SASQRGGIKNEQF,1
TRBV20-1,TRBJ2-1,SASQRGGLSYNEQF,1
TRBV20-1,TRBJ2-1,SASQRGGPYNEQF,2
TRBV20-1,TRBJ2-1,SASQRGGRAWNEQF,1
TRBV20-1,TRBJ2-1,SASQRGGRGYNEQF,4
TRBV20-1,TRBJ2-1,SASQRGGSSYNEQF,1
TRBV20-1,TRBJ2-1,SASQRGGYNEQF,2
TRBV20-1,TRBJ2-1,SASQRGHSYNEQF,1
TRBV20-1,TRBJ2-1,SASQRGIANEQF,8
TRBV20-1,TRBJ2-1,SASQRGIAYNDQF,1
TRBV20-1,TRBJ2-1,SASQRGIYNEQF,1
TRBV20-1,TRBJ2-1,SASQRGKSGTSGIYNEQF,1
TRBV20-1,TRBJ2-1,SASQRGKYNEQF,1
TRBV20-1,TRBJ2-1,SASQRGLANEQF,1
TRBV20-1,TRBJ2-1,SASQRGLNEQF,2
TRBV20-1,TRBJ2-1,SASQRGLRYNEQF,1
TRBV20-1,TRBJ2-1,SASQRGNEQF,7
TRBV20-1,TRBJ2-1,SASQRGNFYNEQF,2
TRBV20-1,TRBJ2-1,SASQRGNNNEQF,1
TRBV20-1,TRBJ2-1,SASQRGPPYNEQF,7
TRBV20-1,TRBJ2-1,SASQRGPSIMYNEQF,1
TRBV20-1,TRBJ2-1,SASQRGPVSYNEQF,1
TRBV20-1,TRBJ2-1,SASQRGPYNEQF,6
TRBV20-1,TRBJ2-1,SASQRGRACNEQF,1
TRBV20-1,TRBJ2-1,SASQRGRADNEQF,1
TRBV20-1,TRBJ2-1,SASQRGRAFNEQF,1
TRBV20-1,TRBJ2-1,SASQRGRAHNEQF,2
TRBV20-1,TRBJ2-1,SASQRGRANNEQL,1
TRBV20-1,TRBJ2-1,SASQRGRASNELF,1
TRBV20-1,TRBJ2-1,SASQRGRAYDEQF,2
TRBV20-1,TRBJ2-1,SASQRGRAYEEQF,1
TRBV20-1,TRBJ2-1,SASQRGRAYHEQF,1
TRBV20-1,TRBJ2-1,SASQRGRAYIEQF,1
TRBV20-1,TRBJ2-1,SASQRGRAYKEQF,1
TRBV20-1,TRBJ2-1,SASQRGRAYNAQF,1
TRBV20-1,TRBJ2-1,SASQRGRAYNDQF,1
TRBV20-1,TRBJ2-1,SASQRGRAYNEHF,2
TRBV20-1,TRBJ2-1,SASQRGRAYNEKF,3
TRBV20-1,TRBJ2-1,SASQRGRAYNEPF,1
TRBV20-1,TRBJ2-1,SASQRGRAYNEQC,1
TRBV20-1,TRBJ2-1,SASQRGRAYNEQF,186
TRBV20-1,TRBJ2-1,SASQRGRAYNEQL,2
TRBV20-1,TRBJ2-1,SASQRGRAYNEQS,1
TRBV20-1,TRBJ2-1,SASQRGRAYNERF,2
TRBV20-1,TRBJ2-1,SASQRGRAYNGQF,2
TRBV20-1,TRBJ2-1,SASQRGRAYNVQF,3
TRBV20-1,TRBJ2-1,SASQRGRAYSEQF,2
TRBV20-1,TRBJ2-1,SASQRGRAYTEEF,1
TRBV20-1,TRBJ2-1,SASQRGRAYTEQF,1
TRBV20-1,TRBJ2-1,SASQRGRAYYEKF,1
TRBV20-1,TRBJ2-1,SASQRGRDSNEQF,1
TRBV20-1,TRBJ2-1,SASQRGREQF,1
TRBV20-1,TRBJ2-1,SASQRGRFGSYNEQF,1
TRBV20-1,TRBJ2-1,SASQRGRGYNELF,1
TRBV20-1,TRBJ2-1,SASQRGRGYNEQF,2
TRBV20-1,TRBJ2-1,SASQRGRNEQF,1
TRBV20-1,TRBJ2-1,SASQRGRRPDNEQF,1
TRBV20-1,TRBJ2-1,SASQRGRSSNEQC,1
TRBV20-1,TRBJ2-1,SASQRGRSYNEQF,1
TRBV20-1,TRBJ2-1,SASQRGSAYNEQF,5
TRBV20-1,TRBJ2-1,SASQRGSGNEQF,1
TRBV20-1,TRBJ2-1,SASQRGSNDNEQF,1
TRBV20-1,TRBJ2-1,SASQRGSSYNEQF,4
TRBV20-1,TRBJ2-1,SASQRGSTYNEQF,1
TRBV20-1,TRBJ2-1,SASQRGSYNEQF,4
TRBV20-1,TRBJ2-1,SASQRGTRAPYNEQF,1
TRBV20-1,TRBJ2-1,SASQRGTWGTAYNEQF,1
TRBV20-1,TRBJ2-1,SASQRGTYNEQF,7
TRBV20-1,TRBJ2-1,SASQRGVNEQF,1
TRBV20-1,TRBJ2-1,SASQRGVSIVNEQF,3
TRBV20-1,TRBJ2-1,SASQRGVSYNEQF,1
TRBV20-1,TRBJ2-1,SASQRGVYNEQF,1
TRBV20-1,TRBJ2-1,SASQRGYEQF,1
TRBV20-1,TRBJ2-1,SASQRGYNEQF,2
TRBV20-1,TRBJ2-1,SASQRHEQF,1
TRBV20-1,TRBJ2-1,SASQRHYNEQF,1
TRBV20-1,TRBJ2-1,SASQRLAGFNEQF,1
TRBV20-1,TRBJ2-1,SASQRLAGGIYNEQF,1
TRBV20-1,TRBJ2-1,SASQRLAGGPEYNEQF,1
TRBV20-1,TRBJ2-1,SASQRLAGSDEQF,1
TRBV20-1,TRBJ2-1,SASQRLAGVDEQF,1
TRBV20-1,TRBJ2-1,SASQRLAGVNNEQF,1
TRBV20-1,TRBJ2-1,SASQRLARIYNEQF,1
TRBV20-1,TRBJ2-1,SASQRLASRIGSYNEQF,1
TRBV20-1,TRBJ2-1,SASQRLAVSYNEQF,1
TRBV20-1,TRBJ2-1,SASQRLDNEQF,1
TRBV20-1,TRBJ2-1,SASQRLLLNEQF,1
TRBV20-1,TRBJ2-1,SASQRLSSYNEQF,1
TRBV20-1,TRBJ2-1,SASQRLYNEQF,8
TRBV20-1,TRBJ2-1,SASQRMLGINAQF,1
TRBV20-1,TRBJ2-1,SASQRMLGINEQF,3
TRBV20-1,TRBJ2-1,SASQRNEQF,2
TRBV20-1,TRBJ2-1,SASQRNSYNEQF,3
TRBV20-1,TRBJ2-1,SASQRPAYNEQF,1
TRBV20-1,TRBJ2-1,SASQRPDNEQF,1
TRBV20-1,TRBJ2-1,SASQRPGLAHNEQF,1
TRBV20-1,TRBJ2-1,SASQRPGLKDEQF,1
TRBV20-1,TRBJ2-1,SASQRPGWGYNEQF,1
TRBV20-1,TRBJ2-1,SASQRPHTYNEQF,1
TRBV20-1,TRBJ2-1,SASQRPSPYNEQF,1
TRBV20-1,TRBJ2-1,SASQRPTSAYNEQF,1
TRBV20-1,TRBJ2-1,SASQRPTSGAFNEQF,1
TRBV20-1,TRBJ2-1,SASQRPTYNEQF,1
TRBV20-1,TRBJ2-1,SASQRPYNEQF,5
TRBV20-1,TRBJ2-1,SASQRQAVYNEQF,1
TRBV20-1,TRBJ2-1,SASQRQGAMYNEQF,1
TRBV20-1,TRBJ2-1,SASQRQGGYNEQF,1
TRBV20-1,TRBJ2-1,SASQRQGRSYNEQF,1
TRBV20-1,TRBJ2-1,SASQRQRDSYNEQF,1
TRBV20-1,TRBJ2-1,SASQRQYNEQF,4
TRBV20-1,TRBJ2-1,SASQRRAISYNEQF,1
TRBV20-1,TRBJ2-1,SASQRRAYNEQF,1
TRBV20-1,TRBJ2-1,SASQRRDNEQF,1
TRBV20-1,TRBJ2-1,SASQRRDSYNEQF,1
TRBV20-1,TRBJ2-1,SASQRRGDNEQF,1
TRBV20-1,TRBJ2-1,SASQRRNEQF,2
TRBV20-1,TRBJ2-1,SASQRRNNEQF,1
TRBV20-1,TRBJ2-1,SASQRRRAYNEQF,1
TRBV20-1,TRBJ2-1,SASQRRRSYNEQF,1
TRBV20-1,TRBJ2-1,SASQRRSPYNEQF,1
TRBV20-1,TRBJ2-1,SASQRRSSYNEQF,1
TRBV20-1,TRBJ2-1,SASQRRTNEQF,1
TRBV20-1,TRBJ2-1,SASQRRTYNEQF,1
TRBV20-1,TRBJ2-1,SASQRRVAFHNEQF,1
TRBV20-1,TRBJ2-1,SASQRSDNEQF,1
TRBV20-1,TRBJ2-1,SASQRSGGRTYNEQF,1
TRBV20-1,TRBJ2-1,SASQRSGKSYNEQF,1
TRBV20-1,TRBJ2-1,SASQRSGTSGRGNEQF,1
TRBV20-1,TRBJ2-1,SASQRSIDEQF,1
TRBV20-1,TRBJ2-1,SASQRSNEQF,2
TRBV20-1,TRBJ2-1,SASQRSPYYNEQF,1
TRBV20-1,TRBJ2-1,SASQRSRPLVNEQF,1
TRBV20-1,TRBJ2-1,SASQRSSGSYNEQF,1
TRBV20-1,TRBJ2-1,SASQRSSYNEQF,8
TRBV20-1,TRBJ2-1,SASQRSTSGATYNEQF,1
TRBV20-1,TRBJ2-1,SASQRSYNEQF,5
TRBV20-1,TRBJ2-1,SASQRTAEGSYNEQF,1
TRBV20-1,TRBJ2-1,SASQRTASYNEQF,1
TRBV20-1,TRBJ2-1,SASQRTAYNEQF,1
TRBV20-1,TRBJ2-1,SASQRTDNEQF,1
TRBV20-1,TRBJ2-1,SASQRTDYNEQF,1
TRBV20-1,TRBJ2-1,SASQRTGGLDEQF,8
TRBV20-1,TRBJ2-1,SASQRTGHNEQF,1
TRBV20-1,TRBJ2-1,SASQRTGLAAYNEQF,1
TRBV20-1,TRBJ2-1,SASQRTGSYNEQF,1
TRBV20-1,TRBJ2-1,SASQRTGYNEQF,10
TRBV20-1,TRBJ2-1,SASQRTNSYNEQF,1
TRBV20-1,TRBJ2-1,SASQRTPASYNEQF,1
TRBV20-1,TRBJ2-1,SASQRTRLNEQF,1
TRBV20-1,TRBJ2-1,SASQRTSDFYNEQF,1
TRBV20-1,TRBJ2-1,SASQRTSGNEQF,1
TRBV20-1,TRBJ2-1,SASQRTSGRDEQF,1
TRBV20-1,TRBJ2-1,SASQRTSGRPYNEQF,4
TRBV20-1,TRBJ2-1,SASQRTSSYNEQF,1
TRBV20-1,TRBJ2-1,SASQRTTNNEQF,6
TRBV20-1,TRBJ2-1,SASQRTTYNEQF,1
TRBV20-1,TRBJ2-1,SASQRTYNEQF,5
TRBV20-1,TRBJ2-1,SASQRVGRGNEQF,1
TRBV20-1,TRBJ2-1,SASQRVGRSSYNEQF,1
TRBV20-1,TRBJ2-1,SASQRVNEQF,2
TRBV20-1,TRBJ2-1,SASQRVQGNEQF,1
TRBV20-1,TRBJ2-1,SASQRVRAYNEQF,2
TRBV20-1,TRBJ2-1,SASQRVRYNEQF,1
TRBV20-1,TRBJ2-1,SASQRVSSYNEQF,1
TRBV20-1,TRBJ2-1,SASQRVTYNEQF,1
TRBV20-1,TRBJ2-1,SASQRYAVSGAYNEQF,1
TRBV20-1,TRBJ2-1,SASQRYNEQF,10
TRBV20-1,TRBJ2-1,SASQRYYTYNEQF,4
TRBV20-1,TRBJ2-1,SASQSADEQF,1
TRBV20-1,TRBJ2-1,SASQSAGGGDEQF,1
TRBV20-1,TRBJ2-1,SASQSAGPYNEQF,1
TRBV20-1,TRBJ2-1,SASQSANEQF,7
TRBV20-1,TRBJ2-1,SASQSAYNEQF,1
TRBV20-1,TRBJ2-1,SASQSDNEQF,1
TRBV20-1,TRBJ2-1,SASQSEFYNEQF,1
TRBV20-1,TRBJ2-1,SASQSEQF,7
TRBV20-1,TRBJ2-1,SASQSFGTRDNEQF,1
TRBV20-1,TRBJ2-1,SASQSFSYNEQF,1
TRBV20-1,TRBJ2-1,SASQSGAYNEQF,6
TRBV20-1,TRBJ2-1,SASQSGDEQF,1
TRBV20-1,TRBJ2-1,SASQSGDFYNEQF,1
TRBV20-1,TRBJ2-1,SASQSGDLIF,4
TRBV20-1,TRBJ2-1,SASQSGDTVEQF,3
TRBV20-1,TRBJ2-1,SASQSGDVYNEQF,1
TRBV20-1,TRBJ2-1,SASQSGFMEQF,5
TRBV20-1,TRBJ2-1,SASQSGFNEQF,1
TRBV20-1,TRBJ2-1,SASQSGGAVNEQF,1
TRBV20-1,TRBJ2-1,SASQSGGDYNEQF,1
TRBV20-1,TRBJ2-1,SASQSGGGRAEYEQF,3
TRBV20-1,TRBJ2-1,SASQSGGPNEQF,1
TRBV20-1,TRBJ2-1,SASQSGGQGAYEQF,1
TRBV20-1,TRBJ2-1,SASQSGGSRYNEQF,1
TRBV20-1,TRBJ2-1,SASQSGGSYNEQF,1
TRBV20-1,TRBJ2-1,SASQSGGVYEQF,1
TRBV20-1,TRBJ2-1,SASQSGGWAYNEQF,1
TRBV20-1,TRBJ2-1,SASQSGHHELF,1
TRBV20-1,TRBJ2-1,SASQSGHNEQF,1
TRBV20-1,TRBJ2-1,SASQSGHYEQF,11
TRBV20-1,TRBJ2-1,SASQSGIHNEQF,1
TRBV20-1,TRBJ2-1,SASQSGKF,3
TRBV20-1,TRBJ2-1,SASQSGLAGDSYNEQF,1
TRBV20-1,TRBJ2-1,SASQSGLSYNEQF,1
TRBV20-1,TRBJ2-1,SASQSGLVRRPRDEQF,1
TRBV20-1,TRBJ2-1,SASQSGMAYNEQF,1
TRBV20-1,TRBJ2-1,SASQSGNEQF,3
TRBV20-1,TRBJ2-1,SASQSGPYNEQF,1
TRBV20-1,TRBJ2-1,SASQSGRAHNEQF,1
TRBV20-1,TRBJ2-1,SASQSGRAIASNEQF,1
TRBV20-1,TRBJ2-1,SASQSGRALLAYNEQF,1
TRBV20-1,TRBJ2-1,SASQSGRALNEQF,1
TRBV20-1,TRBJ2-1,SASQSGRAPYNEQF,1
TRBV20-1,TRBJ2-1,SASQSGRAYNEQF,2
TRBV20-1,TRBJ2-1,SASQSGRDNEQF,1
TRBV20-1,TRBJ2-1,SASQSGRDYNEQF,3
TRBV20-1,TRBJ2-1,SASQSGREQF,6
TRBV20-1,TRBJ2-1,SASQSGRQDNEQF,1
TRBV20-1,TRBJ2-1,SASQSGRRYNEQF,1
TRBV20-1,TRBJ2-1,SASQSGRYNEQF,1
TRBV20-1,TRBJ2-1,SASQSGSAYNEQF,3
TRBV20-1,TRBJ2-1,SASQSGSDEKF,1
TRBV20-1,TRBJ2-1,SASQSGSDEQF,15
TRBV20-1,TRBJ2-1,SASQSGSEEQF,1
TRBV20-1,TRBJ2-1,SASQSGSGSIYEQF,1
TRBV20-1,TRBJ2-1,SASQSGSGYNEQF,1
TRBV20-1,TRBJ2-1,SASQSGSRNEQF,1
TRBV20-1,TRBJ2-1,SASQSGSSYNEQF,1
TRBV20-1,TRBJ2-1,SASQSGSYNEQF,5
TRBV20-1,TRBJ2-1,SASQSGTGHHEQF,2
TRBV20-1,TRBJ2-1,SASQSGTMYNEQF,6
TRBV20-1,TRBJ2-1,SASQSGTRSNEQF,1
TRBV20-1,TRBJ2-1,SASQSGTSGMGQF,2
TRBV20-1,TRBJ2-1,SASQSGTSGNNEQF,2
TRBV20-1,TRBJ2-1,SASQSGTSGRTTYNEQF,2
TRBV20-1,TRBJ2-1,SASQSGTSVYNEQF,1
TRBV20-1,TRBJ2-1,SASQSGTYNEQF,1
TRBV20-1,TRBJ2-1,SASQSGVSYNEQF,1
TRBV20-1,TRBJ2-1,SASQSGYRNEQF,1
TRBV20-1,TRBJ2-1,SASQSHNEQF,1
TRBV20-1,TRBJ2-1,SASQSIAGVLNEQF,1
TRBV20-1,TRBJ2-1,SASQSIGNEQF,3
TRBV20-1,TRBJ2-1,SASQSLAGAVGYNEQF,1
TRBV20-1,TRBJ2-1,SASQSLAGGPANEQF,1
TRBV20-1,TRBJ2-1,SASQSLASYYNEQF,1
TRBV20-1,TRBJ2-1,SASQSLAVTYNEQF,1
TRBV20-1,TRBJ2-1,SASQSLGLYNEQF,1
TRBV20-1,TRBJ2-1,SASQSLRLAVWDEQF,1
TRBV20-1,TRBJ2-1,SASQSLRQGLYNEQF,1
TRBV20-1,TRBJ2-1,SASQSLTNEQF,1
TRBV20-1,TRBJ2-1,SASQSLYNEQF,1
TRBV20-1,TRBJ2-1,SASQSNEQF,12
TRBV20-1,TRBJ2-1,SASQSNNEQF,1
TRBV20-1,TRBJ2-1,SASQSNRAPNNEQF,1
TRBV20-1,TRBJ2-1,SASQSNSYNEQF,1
TRBV20-1,TRBJ2-1,SASQSNYNEQF,1
TRBV20-1,TRBJ2-1,SASQSPAGDNEQF,1
TRBV20-1,TRBJ2-1,SASQSPGQPGYNEQF,1
TRBV20-1,TRBJ2-1,SASQSPKGDEQF,1
TRBV20-1,TRBJ2-1,SASQSQRPYNEQF,1
TRBV20-1,TRBJ2-1,SASQSQRTNEQF,1
TRBV20-1,TRBJ2-1,SASQSRASGYNEQF,1
TRBV20-1,TRBJ2-1,SASQSRDINNEQF,1
TRBV20-1,TRBJ2-1,SASQSRETYNEQF,1
TRBV20-1,TRBJ2-1,SASQSRGAGDNEQF,1
TRBV20-1,TRBJ2-1,SASQSRGLAIDEQF,1
TRBV20-1,TRBJ2-1,SASQSRGSSYNEQF,1
TRBV20-1,TRBJ2-1,SASQSRPNEQF,1
TRBV20-1,TRBJ2-1,SASQSRRGYDEQF,1
TRBV20-1,TRBJ2-1,SASQSRRGYNEQF,6
TRBV20-1,TRBJ2-1,SASQSRRRYEQF,1
TRBV20-1,TRBJ2-1,SASQSRTSRYNEQF,1
TRBV20-1,TRBJ2-1,SASQSRVPYNEQF,1
TRBV20-1,TRBJ2-1,SASQSSEQF,2
TRBV20-1,TRBJ2-1,SASQSSGEQF,4
TRBV20-1,TRBJ2-1,SASQSSGGYNEQF,1
TRBV20-1,TRBJ2-1,SASQSSGLNEQF,4
TRBV20-1,TRBJ2-1,SASQSSGPGYEQF,1
TRBV20-1,TRBJ2-1,SASQSSGRAGNEQF,1
TRBV20-1,TRBJ2-1,SASQSSGRNEQF,1
TRBV20-1,TRBJ2-1,SASQSSGRPDLNEQF,1
TRBV20-1,TRBJ2-1,SASQSSGRSYNEQF,1
TRBV20-1,TRBJ2-1,SASQSSGSDEQF,1
TRBV20-1,TRBJ2-1,SASQSSGSSNEQF,1
TRBV20-1,TRBJ2-1,SASQSSGTPNEQF,1
TRBV20-1,TRBJ2-1,SASQSSGTREQF,2
TRBV20-1,TRBJ2-1,SASQSSGVYNNEQF,1
TRBV20-1,TRBJ2-1,SASQSSGYNEQF,2
TRBV20-1,TRBJ2-1,SASQSSHAYNEQF,1
TRBV20-1,TRBJ2-1,SASQSSHSYDEQF,1
TRBV20-1,TRBJ2-1,SASQSSHSYHAQF,1
TRBV20-1,TRBJ2-1,SASQSSHSYNEQC,1
TRBV20-1,TRBJ2-1,SASQSSHSYNEQF,48
TRBV20-1,TRBJ2-1,SASQSSLAGRSYNEQF,2
TRBV20-1,TRBJ2-1,SASQSSLGNAQF,1
TRBV20-1,TRBJ2-1,SASQSSPSYNEQF,1
TRBV20-1,TRBJ2-1,SASQSSRSYNEQF,1
TRBV20-1,TRBJ2-1,SASQSSRTNEQF,1
TRBV20-1,TRBJ2-1,SASQSSRVEQF,4
TRBV20-1,TRBJ2-1,SASQSSVSYNEQF,14
TRBV20-1,TRBJ2-1,SASQSSYNEQF,30
TRBV20-1,TRBJ2-1,SASQSTAYNEQF,1
TRBV20-1,TRBJ2-1,SASQSTGSSPYNEQF,1
TRBV20-1,TRBJ2-1,SASQSTLNNNEQF,1
TRBV20-1,TRBJ2-1,SASQSTPDIYNEQF,1
TRBV20-1,TRBJ2-1,SASQSTSLTTDEQF,1
TRBV20-1,TRBJ2-1,SASQSTSSFYNEQF,1
TRBV20-1,TRBJ2-1,SASQSTTYNEQF,1
TRBV20-1,TRBJ2-1,SASQSTYNEQF,2
TRBV20-1,TRBJ2-1,SASQSVPGYNEQF,6
TRBV20-1,TRBJ2-1,SASQSWREDNEQF,1
TRBV20-1,TRBJ2-1,SASQSWWGSYNEQF,1
TRBV20-1,TRBJ2-1,SASQSYEQF,8
TRBV20-1,TRBJ2-1,SASQSYNEQF,5
TRBV20-1,TRBJ2-1,SASQTAELLNEQF,1
TRBV20-1,TRBJ2-1,SASQTAGGSVFYNEQF,1
TRBV20-1,TRBJ2-1,SASQTASSYNEQF,1
TRBV20-1,TRBJ2-1,SASQTASYNEQF,1
TRBV20-1,TRBJ2-1,SASQTAYNEQF,2
TRBV20-1,TRBJ2-1,SASQTDNEQF,8
TRBV20-1,TRBJ2-1,SASQTEGNEQF,1
TRBV20-1,TRBJ2-1,SASQTEGVRYNEQF,1
TRBV20-1,TRBJ2-1,SASQTEINEQF,1
TRBV20-1,TRBJ2-1,SASQTENEQF,2
TRBV20-1,TRBJ2-1,SASQTFGWDYNEQF,1
TRBV20-1,TRBJ2-1,SASQTFNEQF,1
TRBV20-1,TRBJ2-1,SASQTFYNEQF,2
TRBV20-1,TRBJ2-1,SASQTGAGVGNEQF,1
TRBV20-1,TRBJ2-1,SASQTGDGNEQF,1
TRBV20-1,TRBJ2-1,SASQTGEGSNEQF,2
TRBV20-1,TRBJ2-1,SASQTGFDEQF,1
TRBV20-1,TRBJ2-1,SASQTGFGEQF,6
TRBV20-1,TRBJ2-1,SASQTGFSYNEQF,11
TRBV20-1,TRBJ2-1,SASQTGFYNEQF,2
TRBV20-1,TRBJ2-1,SASQTGGAYNEQF,2
TRBV20-1,TRBJ2-1,SASQTGGDEQF,1
TRBV20-1,TRBJ2-1,SASQTGGGYNEQF,1
TRBV20-1,TRBJ2-1,SASQTGGINEQF,3
TRBV20-1,TRBJ2-1,SASQTGGKRNEQF,5
TRBV20-1,TRBJ2-1,SASQTGGLAGDEQF,1
TRBV20-1,TRBJ2-1,SASQTGGLYNEQF,2
TRBV20-1,TRBJ2-1,SASQTGGSEQF,5
TRBV20-1,TRBJ2-1,SASQTGGYNEQF,1
TRBV20-1,TRBJ2-1,SASQTGHNEQF,1
TRBV20-1,TRBJ2-1,SASQTGKLVSYNEQF,1
TRBV20-1,TRBJ2-1,SASQTGKPEQF,3
TRBV20-1,TRBJ2-1,SASQTGKSYNEQF,1
TRBV20-1,TRBJ2-1,SASQTGLAGGPGEQF,1
TRBV20-1,TRBJ2-1,SASQTGLDNEQF,1
TRBV20-1,TRBJ2-1,SASQTGLSYNEQF,1
TRBV20-1,TRBJ2-1,SASQTGNELYNEQF,1
TRBV20-1,TRBJ2-1,SASQTGNEQF,6
TRBV20-1,TRBJ2-1,SASQTGNFNEQF,1
TRBV20-1,TRBJ2-1,SASQTGNYNEQF,1
TRBV20-1,TRBJ2-1,SASQTGPRNEQF,1
TRBV20-1,TRBJ2-1,SASQTGQGTFTVLGQF,1
TRBV20-1,TRBJ2-1,SASQTGQGYNEQF,1
TRBV20-1,TRBJ2-1,SASQTGRAYNEQF,1
TRBV20-1,TRBJ2-1,SASQTGRDNEQF,1
TRBV20-1,TRBJ2-1,SASQTGRGHNEQF,1
TRBV20-1,TRBJ2-1,SASQTGRNNEQF,1
TRBV20-1,TRBJ2-1,SASQTGRPYNEQF,1
TRBV20-1,TRBJ2-1,SASQTGRRYNEQF,3
TRBV20-1,TRBJ2-1,SASQTGSSYEQF,1
TRBV20-1,TRBJ2-1,SASQTGSSYNEQF,1
TRBV20-1,TRBJ2-1,SASQTGSYNEQF,1
TRBV20-1,TRBJ2-1,SASQTGTGAYNEQF,1
TRBV20-1,TRBJ2-1,SASQTGTGIYEQF,1
TRBV20-1,TRBJ2-1,SASQTGTGLGNEQF,1
TRBV20-1,TRBJ2-1,SASQTGTGTGDEQF,1
TRBV20-1,TRBJ2-1,SASQTGTGYVNEQF,1
TRBV20-1,TRBJ2-1,SASQTGTSKGHAGNEQF,1
TRBV20-1,TRBJ2-1,SASQTGTSKRHTGNEQF,15
TRBV20-1,TRBJ2-1,SASQTGTSYNEQF,1
TRBV20-1,TRBJ2-1,SASQTGTYNEQF,1
TRBV20-1,TRBJ2-1,SASQTGWVIAGNNEQF,1
TRBV20-1,TRBJ2-1,SASQTHEQF,1
TRBV20-1,TRBJ2-1,SASQTHIYNEQF,8
TRBV20-1,TRBJ2-1,SASQTHIYNEQS,1
TRBV20-1,TRBJ2-1,SASQTIGHYNEQF,1
TRBV20-1,TRBJ2-1,SASQTISLYEQF,1
TRBV20-1,TRBJ2-1,SASQTIYNEQF,1
TRBV20-1,TRBJ2-1,SASQTKEGHNEQF,1
TRBV20-1,TRBJ2-1,SASQTLAGGSYNEQF,1
TRBV20-1,TRBJ2-1,SASQTLAHHNEQF,1
TRBV20-1,TRBJ2-1,SASQTLASPLVYNEQF,1
TRBV20-1,TRBJ2-1,SASQTLAVNEQF,1
TRBV20-1,TRBJ2-1,SASQTLRARSWDEQF,2
TRBV20-1,TRBJ2-1,SASQTLRTRSWDEQF,30
TRBV20-1,TRBJ2-1,SASQTLTSYNEQF,1
TRBV20-1,TRBJ2-1,SASQTLYDEQF,1
TRBV20-1,TRBJ2-1,SASQTMNEQF,1
TRBV20-1,TRBJ2-1,SASQTNEQF,4
TRBV20-1,TRBJ2-1,SASQTNWDEQF,2
TRBV20-1,TRBJ2-1,SASQTNYNEQF,2
TRBV20-1,TRBJ2-1,SASQTPDNEQF,1
TRBV20-1,TRBJ2-1,SASQTPGLADDNEQF,1
TRBV20-1,TRBJ2-1,SASQTPGLAGNLYNEQF,1
TRBV20-1,TRBJ2-1,SASQTPGQGASGNEQF,1
TRBV20-1,TRBJ2-1,SASQTPGTGNEQF,1
TRBV20-1,TRBJ2-1,SASQTPGTRLNEQF,1
TRBV20-1,TRBJ2-1,SASQTPGVYNEQF,1
TRBV20-1,TRBJ2-1,SASQTPPGTDYNEQF,1
TRBV20-1,TRBJ2-1,SASQTPSYNEQF,1
TRBV20-1,TRBJ2-1,SASQTPTSDNEQF,1
TRBV20-1,TRBJ2-1,SASQTQDRVNNEQF,1
TRBV20-1,TRBJ2-1,SASQTQGGSYNEQF,1
TRBV20-1,TRBJ2-1,SASQTRDSGHEQF,1
TRBV20-1,TRBJ2-1,SASQTRDYRYNEQF,1
TRBV20-1,TRBJ2-1,SASQTRERNEQF,1
TRBV20-1,TRBJ2-1,SASQTRGGSSYNEQF,1
TRBV20-1,TRBJ2-1,SASQTRGNEQF,1
TRBV20-1,TRBJ2-1,SASQTRGPENYNEQF,1
TRBV20-1,TRBJ2-1,SASQTRGSLGRWLNEQF,1
TRBV20-1,TRBJ2-1,SASQTRGSSYNEQF,1
TRBV20-1,TRBJ2-1,SASQTRGTGLYNEQF,1
TRBV20-1,TRBJ2-1,SASQTRLGYNEQF,1
TRBV20-1,TRBJ2-1,SASQTRRGYNEQF,1
TRBV20-1,TRBJ2-1,SASQTRRNEQF,1
TRBV20-1,TRBJ2-1,SASQTRRVYNEQF,1
TRBV20-1,TRBJ2-1,SASQTRSSSYNEQF,1
TRBV20-1,TRBJ2-1,SASQTRTRAYNEQF,1
TRBV20-1,TRBJ2-1,SASQTRTSGIYNEQF,1
TRBV20-1,TRBJ2-1,SASQTSAKDHNGQF,1
TRBV20-1,TRBJ2-1,SASQTSAKEHNEQF,5
TRBV20-1,TRBJ2-1,SASQTSANEHNEQF,1
TRBV20-1,TRBJ2-1,SASQTSANEQF,1
TRBV20-1,TRBJ2-1,SASQTSARRNEQF,7
TRBV20-1,TRBJ2-1,SASQTSASYNEQF,2
TRBV20-1,TRBJ2-1,SASQTSAYNEQF,5
TRBV20-1,TRBJ2-1,SASQTSAYNGQF,1
TRBV20-1,TRBJ2-1,SASQTSGANEQF,2
TRBV20-1,TRBJ2-1,SASQTSGANNEQF,1
TRBV20-1,TRBJ2-1,SASQTSGAYNEQF,5
TRBV20-1,TRBJ2-1,SASQTSGFGNEQF,1
TRBV20-1,TRBJ2-1,SASQTSGFYNEQF,1
TRBV20-1,TRBJ2-1,SASQTSGGAGEQF,1
TRBV20-1,TRBJ2-1,SASQTSGGAYNEQF,2
TRBV20-1,TRBJ2-1,SASQTSGGNEQF,9
TRBV20-1,TRBJ2-1,SASQTSGGYNEQF,5
TRBV20-1,TRBJ2-1,SASQTSGHFNEQF,1
TRBV20-1,TRBJ2-1,SASQTSGHYNEQF,5
TRBV20-1,TRBJ2-1,SASQTSGINEQF,1
TRBV20-1,TRBJ2-1,SASQTSGIYNEQF,1
TRBV20-1,TRBJ2-1,SASQTSGLHNEQF,2
TRBV20-1,TRBJ2-1,SASQTSGMSNEQF,1
TRBV20-1,TRBJ2-1,SASQTSGNEQF,4
TRBV20-1,TRBJ2-1,SASQTSGNHYNEQF,1
TRBV20-1,TRBJ2-1,SASQTSGNSYNEQF,1
TRBV20-1,TRBJ2-1,SASQTSGNYNEQF,1
TRBV20-1,TRBJ2-1,SASQTSGPYNEQF,3
TRBV20-1,TRBJ2-1,SASQTSGRADEQF,1
TRBV20-1,TRBJ2-1,SASQTSGRAP,1
TRBV20-1,TRBJ2-1,SASQTSGRAYEQF,1
TRBV20-1,TRBJ2-1,SASQTSGRDNEQF,1
TRBV20-1,TRBJ2-1,SASQTSGRGDEQF,6
TRBV20-1,TRBJ2-1,SASQTSGRGNEQF,8
TRBV20-1,TRBJ2-1,SASQTSGRGNLFNEQF,1
TRBV20-1,TRBJ2-1,SASQTSGRHNEQF,3
TRBV20-1,TRBJ2-1,SASQTSGRIGPYNEQF,1
TRBV20-1,TRBJ2-1,SASQTSGRIYEQF,1
TRBV20-1,TRBJ2-1,SASQTSGRLDEQF,1
TRBV20-1,TRBJ2-1,SASQTSGRLNEQF,3
TRBV20-1,TRBJ2-1,SASQTSGRNEQF,2
TRBV20-1,TRBJ2-1,SASQTSGRNNEQF,1
TRBV20-1,TRBJ2-1,SASQTSGRRNEQF,1
TRBV20-1,TRBJ2-1,SASQTSGRRQNEQF,9
TRBV20-1,TRBJ2-1,SASQTSGRSPF,3
TRBV20-1,TRBJ2-1,SASQTSGRSRNYNEQF,1
TRBV20-1,TRBJ2-1,SASQTSGRTANEQF,1
TRBV20-1,TRBJ2-1,SASQTSGRVDEQF,1
TRBV20-1,TRBJ2-1,SASQTSGRVHNEQF,1
TRBV20-1,TRBJ2-1,SASQTSGRVNEQF,6
TRBV20-1,TRBJ2-1,SASQTSGRWNEQF,1
TRBV20-1,TRBJ2-1,SASQTSGRYEQF,1
TRBV20-1,TRBJ2-1,SASQTSGRYNEQF,11
TRBV20-1,TRBJ2-1,SASQTSGSIYEQF,2
TRBV20-1,TRBJ2-1,SASQTSGSLDEQF,1
TRBV20-1,TRBJ2-1,SASQTSGSLDNEQF,1
TRBV20-1,TRBJ2-1,SASQTSGSLNEQF,2
TRBV20-1,TRBJ2-1,SASQTSGSNNEQF,1
TRBV20-1,TRBJ2-1,SASQTSGSPSRYYNEQF,1
TRBV20-1,TRBJ2-1,SASQTSGSSSYNEQF,4
TRBV20-1,TRBJ2-1,SASQTSGSWNEQF,1
TRBV20-1,TRBJ2-1,SASQTSGSYEQF,1
TRBV20-1,TRBJ2-1,SASQTSGSYHEQF,3
TRBV20-1,TRBJ2-1,SASQTSGSYNEQF,6
TRBV20-1,TRBJ2-1,SASQTSGTFYYNEQF,1
TRBV20-1,TRBJ2-1,SASQTSGTNEQF,1
TRBV20-1,TRBJ2-1,SASQTSGTTFSYNEQF,1
TRBV20-1,TRBJ2-1,SASQTSGTYNEQF,2
TRBV20-1,TRBJ2-1,SASQTSGVEQF,2
TRBV20-1,TRBJ2-1,SASQTSGVYNEQF,1
TRBV20-1,TRBJ2-1,SASQTSGWNEQF,1
TRBV20-1,TRBJ2-1,SASQTSGYEQF,2
TRBV20-1,TRBJ2-1,SASQTSGYNEQF,6
TRBV20-1,TRBJ2-1,SASQTSGYNEQL,1
TRBV20-1,TRBJ2-1,SASQTSGYYNEQF,3
TRBV20-1,TRBJ2-1,SASQTSNHNEQF,1
TRBV20-1,TRBJ2-1,SASQTSNNEQF,1
TRBV20-1,TRBJ2-1,SASQTSPGPYEQF,4
TRBV20-1,TRBJ2-1,SASQTSPSYNEQF,1
TRBV20-1,TRBJ2-1,SASQTSQIYEQF,1
TRBV20-1,TRBJ2-1,SASQTSQSLYEQF,1
TRBV20-1,TRBJ2-1,SASQTSRGNEQF,1
TRBV20-1,TRBJ2-1,SASQTSRPRNEQF,1
TRBV20-1,TRBJ2-1,SASQTSSEQF,1
TRBV20-1,TRBJ2-1,SASQTSSYNEQF,7
TRBV20-1,TRBJ2-1,SASQTSYNEQF,1
TRBV20-1,TRBJ2-1,SASQTSYYNKQF,1
TRBV20-1,TRBJ2-1,SASQTTGTQDNEQF,1
TRBV20-1,TRBJ2-1,SASQTTGYNEQF,1
TRBV20-1,TRBJ2-1,SASQTTMAYNEQF,1
TRBV20-1,TRBJ2-1,SASQTTNGLVAWDEQF,1
TRBV20-1,TRBJ2-1,SASQTTYEQF,1
TRBV20-1,TRBJ2-1,SASQTTYNEQF,6
TRBV20-1,TRBJ2-1,SASQTVPYNEQF,1
TRBV20-1,TRBJ2-1,SASQTVSKWSSYNEQF,1
TRBV20-1,TRBJ2-1,SASQTYEQF,1
TRBV20-1,TRBJ2-1,SASQTYNEQF,11
TRBV20-1,TRBJ2-1,SASQTYSYNEQF,1
TRBV20-1,TRBJ2-1,SASQTYYNEQF,2
TRBV20-1,TRBJ2-1,SASQVADNNEQF,1
TRBV20-1,TRBJ2-1,SASQVADRNEQF,1
TRBV20-1,TRBJ2-1,SASQVAGGNEQF,1
TRBV20-1,TRBJ2-1,SASQVAGGRNEQF,1
TRBV20-1,TRBJ2-1,SASQVAGGYNEQF,1
TRBV20-1,TRBJ2-1,SASQVAGNEQF,1
TRBV20-1,TRBJ2-1,SASQVAGQEQF,1
TRBV20-1,TRBJ2-1,SASQVAHNEQF,1
TRBV20-1,TRBJ2-1,SASQVANEQF,1
TRBV20-1,TRBJ2-1,SASQVANNEQF,6
TRBV20-1,TRBJ2-1,SASQVARPYNEQF,1
TRBV20-1,TRBJ2-1,SASQVAVQF,1
TRBV20-1,TRBJ2-1,SASQVAYNEQF,1
TRBV20-1,TRBJ2-1,SASQVDEQF,1
TRBV20-1,TRBJ2-1,SASQVDYNEQF,1
TRBV20-1,TRBJ2-1,SASQVEDEQF,1
TRBV20-1,TRBJ2-1,SASQVEQF,2
TRBV20-1,TRBJ2-1,SASQVESSSNEQF,1
TRBV20-1,TRBJ2-1,SASQVFDEQF,1
TRBV20-1,TRBJ2-1,SASQVFHEQF,1
TRBV20-1,TRBJ2-1,SASQVGGFAYNEQF,3
TRBV20-1,TRBJ2-1,SASQVGGGIEQF,1
TRBV20-1,TRBJ2-1,SASQVGGGSYNEQF,1
TRBV20-1,TRBJ2-1,SASQVGGLSYNEQF,1
TRBV20-1,TRBJ2-1,SASQVGGPSYNEQF,1
TRBV20-1,TRBJ2-1,SASQVGGRNYNEQF,1
TRBV20-1,TRBJ2-1,SASQVGGYNEQF,1
TRBV20-1,TRBJ2-1,SASQVGHNEQF,2
TRBV20-1,TRBJ2-1,SASQVGLADNEQF,1
TRBV20-1,TRBJ2-1,SASQVGLAYEQF,1
TRBV20-1,TRBJ2-1,SASQVGNNNEQF,1
TRBV20-1,TRBJ2-1,SASQVGPRSGDEQF,1
TRBV20-1,TRBJ2-1,SASQVGRHNEQF,1
TRBV20-1,TRBJ2-1,SASQVGRRNEQF,12
TRBV20-1,TRBJ2-1,SASQVGRYNEQF,1
TRBV20-1,TRBJ2-1,SASQVGSGYTYNEQF,1
TRBV20-1,TRBJ2-1,SASQVGTRVLHEQF,1
TRBV20-1,TRBJ2-1,SASQVGVGSSNYNEQF,1
TRBV20-1,TRBJ2-1,SASQVIASDNEQF,1
TRBV20-1,TRBJ2-1,SASQVIGGPNEQF,1
TRBV20-1,TRBJ2-1,SASQVITYNEQF,1
TRBV20-1,TRBJ2-1,SASQVIYNEQF,2
TRBV20-1,TRBJ2-1,SASQVLAGAHEQF,1
TRBV20-1,TRBJ2-1,SASQVLAGNYNEQF,3
TRBV20-1,TRBJ2-1,SASQVLGSSGSRANEQF,4
TRBV20-1,TRBJ2-1,SASQVLSSYNEQF,1
TRBV20-1,TRBJ2-1,SASQVLSYNEQF,1
TRBV20-1,TRBJ2-1,SASQVNEQF,5
TRBV20-1,TRBJ2-1,SASQVNNEQF,2
TRBV20-1,TRBJ2-1,SASQVNSYNEQF,1
TRBV20-1,TRBJ2-1,SASQVNYNEQF,1
TRBV20-1,TRBJ2-1,SASQVPGLADNEQF,1
TRBV20-1,TRBJ2-1,SASQVPNEQF,1
TRBV20-1,TRBJ2-1,SASQVPPRIAGGLNEQF,1
TRBV20-1,TRBJ2-1,SASQVPSGKGSEQF,6
TRBV20-1,TRBJ2-1,SASQVPSGNYYNEQF,1
TRBV20-1,TRBJ2-1,SASQVQEQF,5
TRBV20-1,TRBJ2-1,SASQVQGFYEQF,1
TRBV20-1,TRBJ2-1,SASQVQGHNEQF,1
TRBV20-1,TRBJ2-1,SASQVQSSYNEQF,1
TRBV20-1,TRBJ2-1,SASQVRAAAWEQF,1
TRBV20-1,TRBJ2-1,SASQVRASHNEQF,1
TRBV20-1,TRBJ2-1,SASQVRGSSYNEQF,3
TRBV20-1,TRBJ2-1,SASQVRLRNSDNEQF,1
TRBV20-1,TRBJ2-1,SASQVRNEQF,2
TRBV20-1,TRBJ2-1,SASQVRPLSYNEQF,1
TRBV20-1,TRBJ2-1,SASQVRSSYNEQF,1
TRBV20-1,TRBJ2-1,SASQVRTSPYNEQF,1
TRBV20-1,TRBJ2-1,SASQVSGPYNEQF,1
TRBV20-1,TRBJ2-1,SASQVSLSSSYNEQF,1
TRBV20-1,TRBJ2-1,SASQVSPNEQF,1
TRBV20-1,TRBJ2-1,SASQVSRLNEQF,1
TRBV20-1,TRBJ2-1,SASQVSRYNEQF,1
TRBV20-1,TRBJ2-1,SASQVSSYNEQF,2
TRBV20-1,TRBJ2-1,SASQVSYNEQF,1
TRBV20-1,TRBJ2-1,SASQVTRVYNEQF,1
TRBV20-1,TRBJ2-1,SASQVTSGRNEQF,9
TRBV20-1,TRBJ2-1,SASQVTYNEQF,1
TRBV20-1,TRBJ2-1,SASQVVGDEQF,1
TRBV20-1,TRBJ2-1,SASQVVRSYNEQF,1
TRBV20-1,TRBJ2-1,SASQVVSASGRHNEQF,1
TRBV20-1,TRBJ2-1,SASQVVSHHFSYNEQF,1
TRBV20-1,TRBJ2-1,SASQVVYNEQF,5
TRBV20-1,TRBJ2-1,SASQVWDEQF,2
TRBV20-1,TRBJ2-1,SASQVWSNEQF,5
TRBV20-1,TRBJ2-1,SASQVWTSGNNEQF,1
TRBV20-1,TRBJ2-1,SASQVYEQF,1
TRBV20-1,TRBJ2-1,SASQVYNEQF,5
TRBV20-1,TRBJ2-1,SASQWAGGTYNEQF,1
TRBV20-1,TRBJ2-1,SASQWAGVDNEQF,10
TRBV20-1,TRBJ2-1,SASQWARSYNEQF,1
TRBV20-1,TRBJ2-1,SASQWASVANEQF,1
TRBV20-1,TRBJ2-1,SASQWDGRANNEQF,1
TRBV20-1,TRBJ2-1,SASQWDSYNEQF,1
TRBV20-1,TRBJ2-1,SASQWDVYNEQF,1
TRBV20-1,TRBJ2-1,SASQWEPNPYYNEQF,1
TRBV20-1,TRBJ2-1,SASQWGAAYNEQF,2
TRBV20-1,TRBJ2-1,SASQWGAGAYIDNEQF,1
TRBV20-1,TRBJ2-1,SASQWGEGQF,7
TRBV20-1,TRBJ2-1,SASQWGGLNEQF,1
TRBV20-1,TRBJ2-1,SASQWGGREGNEQF,4
TRBV20-1,TRBJ2-1,SASQWGNEQF,1
TRBV20-1,TRBJ2-1,SASQWGPEGSYNEQF,1
TRBV20-1,TRBJ2-1,SASQWGRSSYNEQF,1
TRBV20-1,TRBJ2-1,SASQWGSYNEQF,1
TRBV20-1,TRBJ2-1,SASQWGTDYNEQF,1
TRBV20-1,TRBJ2-1,SASQWGTPSYNEQF,1
TRBV20-1,TRBJ2-1,SASQWGTSGVNEQF,1
TRBV20-1,TRBJ2-1,SASQWLAGGAYNEQF,1
TRBV20-1,TRBJ2-1,SASQWRDGRNEQF,1
TRBV20-1,TRBJ2-1,SASQWREGLNEQF,1
TRBV20-1,TRBJ2-1,SASQWRESHEQF,1
TRBV20-1,TRBJ2-1,SASQWRGGGNEQF,1
TRBV20-1,TRBJ2-1,SASQWRGNNEQF,2
TRBV20-1,TRBJ2-1,SASQWRGSFNEQF,1
TRBV20-1,TRBJ2-1,SASQWRLGSYNEQF,1
TRBV20-1,TRBJ2-1,SASQWRQRNEQF,1
TRBV20-1,TRBJ2-1,SASQWRWGANEQF,1
TRBV20-1,TRBJ2-1,SASQWSGNEQF,1
TRBV20-1,TRBJ2-1,SASQWSTGDHEQF,1
TRBV20-1,TRBJ2-1,SASQWTGVNEQF,1
TRBV20-1,TRBJ2-1,SASQWTRRRGGYNEQF,2
TRBV20-1,TRBJ2-1,SASQWTSAFNEQF,1
TRBV20-1,TRBJ2-1,SASQWTSGRARGGNEQF,1
TRBV20-1,TRBJ2-1,SASQWVSGRASSYNEQF,4
TRBV20-1,TRBJ2-1,SASQYARYNEQF,1
TRBV20-1,TRBJ2-1,SASQYEQF,1
TRBV20-1,TRBJ2-1,SASQYGAGIVGEQF,6
TRBV20-1,TRBJ2-1,SASQYGGVISYNEQF,1
TRBV20-1,TRBJ2-1,SASQYGIMGNEQF,1
TRBV20-1,TRBJ2-1,SASQYGKGNEQF,1
TRBV20-1,TRBJ2-1,SASQYGLAGNNEQF,1
TRBV20-1,TRBJ2-1,SASQYGTSVYNEQF,1
TRBV20-1,TRBJ2-1,SASQYLSYNEQF,1
TRBV20-1,TRBJ2-1,SASQYLYNEQF,1
TRBV20-1,TRBJ2-1,SASQYMEQF,3
TRBV20-1,TRBJ2-1,SASQYNEQF,14
TRBV20-1,TRBJ2-1,SASQYPASYNEQF,1
TRBV20-1,TRBJ2-1,SASQYPTPNEQF,1
TRBV20-1,TRBJ2-1,SASQYQTGVHNEQF,1
TRBV20-1,TRBJ2-1,SASQYRGNEQF,1
TRBV20-1,TRBJ2-1,SASQYRGRSNEQF,1
TRBV20-1,TRBJ2-1,SASQYRTTNEQF,1
TRBV20-1,TRBJ2-1,SASQYSGGPFLYNEQF,1
TRBV20-1,TRBJ2-1,SASQYSGTSGRYNEQF,4
TRBV20-1,TRBJ2-1,SASQYSSTSYNEQF,1
TRBV20-1,TRBJ2-1,SASQYSSYNEQF,4
TRBV20-1,TRBJ2-1,SASQYSYNEQF,1
TRBV20-1,TRBJ2-1,SASQYTKNSYNEQF,1
TRBV20-1,TRBJ2-1,SASQYTYNEQF,1
TRBV20-1,TRBJ2-1,SASQYTYSLAETYNEQF,1
TRBV20-1,TRBJ2-1,SASQYVRDGRARNEQF,1
TRBV20-1,TRBJ2-1,SASQYVSYNEQF,1
TRBV20-1,TRBJ2-1,SASQYVYNEQF,4
TRBV20-1,TRBJ2-1,SASQYYNEQF,1
TRBV20-1,TRBJ2-1,SASRAAAASWASYNEQF,1
TRBV20-1,TRBJ2-1,SASRAAASDEQF,1
TRBV20-1,TRBJ2-1,SASRAAAYNEQF,3
TRBV20-1,TRBJ2-1,SASRAADEQF,2
TRBV20-1,TRBJ2-1,SASRAADFYNEQF,1
TRBV20-1,TRBJ2-1,SASRAADSYNEQF,1
TRBV20-1,TRBJ2-1,SASRAAEGNEQF,1
TRBV20-1,TRBJ2-1,SASRAAFNEQF,1
TRBV20-1,TRBJ2-1,SASRAAGADNEQF,1
TRBV20-1,TRBJ2-1,SASRAAGARNEQF,1
TRBV20-1,TRBJ2-1,SASRAAGATYNEQF,1
TRBV20-1,TRBJ2-1,SASRAAGGKTYNEQF,1
TRBV20-1,TRBJ2-1,SASRAAGGLGNEQF,2
TRBV20-1,TRBJ2-1,SASRAAGGPHNEQF,1
TRBV20-1,TRBJ2-1,SASRAAGGYNEQF,2
TRBV20-1,TRBJ2-1,SASRAAGHHNEQF,4
TRBV20-1,TRBJ2-1,SASRAAGRHNVQF,1
TRBV20-1,TRBJ2-1,SASRAAGSGNEQF,1
TRBV20-1,TRBJ2-1,SASRAAGSSYNEQF,1
TRBV20-1,TRBJ2-1,SASRAAGVGNEQF,1
TRBV20-1,TRBJ2-1,SASRAAHNEQF,9
TRBV20-1,TRBJ2-1,SASRAALDNEQF,1
TRBV20-1,TRBJ2-1,SASRAALRGDNEQF,1
TRBV20-1,TRBJ2-1,SASRAANNEQF,3
TRBV20-1,TRBJ2-1,SASRAAPYNEQF,1
TRBV20-1,TRBJ2-1,SASRAARGGNEQF,1
TRBV20-1,TRBJ2-1,SASRAARHNEQF,3
TRBV20-1,TRBJ2-1,SASRAARYNEQF,1
TRBV20-1,TRBJ2-1,SASRAASAYNEQF,1
TRBV20-1,TRBJ2-1,SASRAASGMNEQF,1
TRBV20-1,TRBJ2-1,SASRAASGRNEQF,1
TRBV20-1,TRBJ2-1,SASRAASGSDEQF,2
TRBV20-1,TRBJ2-1,SASRAASGSIDEQF,1
TRBV20-1,TRBJ2-1,SASRAASSYNEQF,2
TRBV20-1,TRBJ2-1,SASRAASYNEQF,3
TRBV20-1,TRBJ2-1,SASRAATQNEQF,1
TRBV20-1,TRBJ2-1,SASRAATYWNEQF,1
TRBV20-1,TRBJ2-1,SASRAAYNEQF,11
TRBV20-1,TRBJ2-1,SASRAAYSYNEQF,1
TRBV20-1,TRBJ2-1,SASRADASYNEQF,1
TRBV20-1,TRBJ2-1,SASRADDTYEQF,4
TRBV20-1,TRBJ2-1,SASRADEQF,23
TRBV20-1,TRBJ2-1,SASRADGYNEQF,1
TRBV20-1,TRBJ2-1,SASRADHYNEQF,1
TRBV20-1,TRBJ2-1,SASRADLRSNEQF,1
TRBV20-1,TRBJ2-1,SASRADLYNEQF,1
TRBV20-1,TRBJ2-1,SASRADNEQF,17
TRBV20-1,TRBJ2-1,SASRADPNEQF,1
TRBV20-1,TRBJ2-1,SASRADRGNEQF,1
TRBV20-1,TRBJ2-1,SASRADRRGQNEQF,1
TRBV20-1,TRBJ2-1,SASRADSSYNEQF,1
TRBV20-1,TRBJ2-1,SASRADSYNEQF,3
TRBV20-1,TRBJ2-1,SASRADTYNEQF,1
TRBV20-1,TRBJ2-1,SASRADWGVDEQF,1
TRBV20-1,TRBJ2-1,SASRADYNEQF,3
TRBV20-1,TRBJ2-1,SASRADYQNNEQF,4
TRBV20-1,TRBJ2-1,SASRAEDVLDEQF,1
TRBV20-1,TRBJ2-1,SASRAEENEQF,1
TRBV20-1,TRBJ2-1,SASRAEGADEQF,1
TRBV20-1,TRBJ2-1,SASRAEGGSSYNEQF,1
TRBV20-1,TRBJ2-1,SASRAEGVLGDNEQF,1
TRBV20-1,TRBJ2-1,SASRAEGYNEQF,2
TRBV20-1,TRBJ2-1,SASRAEHYNEQF,5
TRBV20-1,TRBJ2-1,SASRAEKLSSYNEQF,1
TRBV20-1,TRBJ2-1,SASRAELPYNEQF,1
TRBV20-1,TRBJ2-1,SASRAELTYEQF,6
TRBV20-1,TRBJ2-1,SASRAELYNEQF,2
TRBV20-1,TRBJ2-1,SASRAEMGLGNNEQF,1
TRBV20-1,TRBJ2-1,SASRAENPYNEQF,1
TRBV20-1,TRBJ2-1,SASRAEPNEQF,1
TRBV20-1,TRBJ2-1,SASRAEQF,1
TRBV20-1,TRBJ2-1,SASRAERYNEQF,4
TRBV20-1,TRBJ2-1,SASRAESSYNEQF,7
TRBV20-1,TRBJ2-1,SASRAETFYNEQF,1
TRBV20-1,TRBJ2-1,SASRAETSGNNEQF,1
TRBV20-1,TRBJ2-1,SASRAETYNEQF,3
TRBV20-1,TRBJ2-1,SASRAEVSYNEQF,1
TRBV20-1,TRBJ2-1,SASRAEWDNEQF,1
TRBV20-1,TRBJ2-1,SASRAEYNEQF,1
TRBV20-1,TRBJ2-1,SASRAEYSYNEQF,2
TRBV20-1,TRBJ2-1,SASRAFGGSGRNEQF,1
TRBV20-1,TRBJ2-1,SASRAFGHNEQF,2
TRBV20-1,TRBJ2-1,SASRAFLYNEQF,1
TRBV20-1,TRBJ2-1,SASRAFRGTSGRNEQF,6
TRBV20-1,TRBJ2-1,SASRAFRSSYNEQF,1
TRBV20-1,TRBJ2-1,SASRAFRYNEQF,1
TRBV20-1,TRBJ2-1,SASRAFSGNDIEQF,3
TRBV20-1,TRBJ2-1,SASRAFSYNEQF,1
TRBV20-1,TRBJ2-1,SASRAFTAYNEQF,1
TRBV20-1,TRBJ2-1,SASRAGAAEQF,7
TRBV20-1,TRBJ2-1,SASRAGAALYNEQF,1
TRBV20-1,TRBJ2-1,SASRAGAARGEQF,1
TRBV20-1,TRBJ2-1,SASRAGAAYNEQF,1
TRBV20-1,TRBJ2-1,SASRAGAESSYNEQF,1
TRBV20-1,TRBJ2-1,SASRAGAFNEQF,1
TRBV20-1,TRBJ2-1,SASRAGAGEF,5
TRBV20-1,TRBJ2-1,SASRAGAGHNEQF,1
TRBV20-1,TRBJ2-1,SASRAGAGLGEQF,1
TRBV20-1,TRBJ2-1,SASRAGAGNEQF,2
TRBV20-1,TRBJ2-1,SASRAGAGPGEQF,1
TRBV20-1,TRBJ2-1,SASRAGAGRCDQF,1
TRBV20-1,TRBJ2-1,SASRAGAGRCEQF,1
TRBV20-1,TRBJ2-1,SASRAGAGRGDQF,2
TRBV20-1,TRBJ2-1,SASRAGAGRGEEF,1
TRBV20-1,TRBJ2-1,SASRAGAGRGEQF,532
TRBV20-1,TRBJ2-1,SASRAGAGRGEQL,2
TRBV20-1,TRBJ2-1,SASRAGAGRGGQF,1
TRBV20-1,TRBJ2-1,SASRAGAGRGINEQF,1
TRBV20-1,TRBJ2-1,SASRAGAGRGKQF,1
TRBV20-1,TRBJ2-1,SASRAGAGRSEQF,1
TRBV20-1,TRBJ2-1,SASRAGAGRVEQF,1
TRBV20-1,TRBJ2-1,SASRAGAGSEQF,2
TRBV20-1,TRBJ2-1,SASRAGAGYNEQF,1
TRBV20-1,TRBJ2-1,SASRAGAHSYNEQF,3
TRBV20-1,TRBJ2-1,SASRAGALNEQF,1
TRBV20-1,TRBJ2-1,SASRAGALSSYNEQF,1
TRBV20-1,TRBJ2-1,SASRAGALYNEQF,1
TRBV20-1,TRBJ2-1,SASRAGAPLYNEQF,1
TRBV20-1,TRBJ2-1,SASRAGAPNEQF,1
TRBV20-1,TRBJ2-1,SASRAGAPYNEQF,1
TRBV20-1,TRBJ2-1,SASRAGARYNEQF,2
TRBV20-1,TRBJ2-1,SASRAGASGYNEQF,1
TRBV20-1,TRBJ2-1,SASRAGASLYNEQF,3
TRBV20-1,TRBJ2-1,SASRAGASNEQF,3
TRBV20-1,TRBJ2-1,SASRAGASYNEQF,7
TRBV20-1,TRBJ2-1,SASRAGATGYNEQF,1
TRBV20-1,TRBJ2-1,SASRAGAVDEQF,4
TRBV20-1,TRBJ2-1,SASRAGAVNEQF,4
TRBV20-1,TRBJ2-1,SASRAGAYNEQF,10
TRBV20-1,TRBJ2-1,SASRAGDADEQF,2
TRBV20-1,TRBJ2-1,SASRAGDAYNEQF,1
TRBV20-1,TRBJ2-1,SASRAGDEQF,7
TRBV20-1,TRBJ2-1,SASRAGDFFYEQF,1
TRBV20-1,TRBJ2-1,SASRAGDFNNEQF,1
TRBV20-1,TRBJ2-1,SASRAGDFYNEQF,1
TRBV20-1,TRBJ2-1,SASRAGDIYNEQF,4
TRBV20-1,TRBJ2-1,SASRAGDLDEQF,1
TRBV20-1,TRBJ2-1,SASRAGDLGNEQF,1
TRBV20-1,TRBJ2-1,SASRAGDLYNEQF,1
TRBV20-1,TRBJ2-1,SASRAGDNEQF,1
TRBV20-1,TRBJ2-1,SASRAGDNNEQF,1
TRBV20-1,TRBJ2-1,SASRAGDPYNAQF,1
TRBV20-1,TRBJ2-1,SASRAGDPYNELF,1
TRBV20-1,TRBJ2-1,SASRAGDPYNEQF,54
TRBV20-1,TRBJ2-1,SASRAGDQYNEQF,1
TRBV20-1,TRBJ2-1,SASRAGDSHSSYHEQF,1
TRBV20-1,TRBJ2-1,SASRAGDSHSSYNEQF,3
TRBV20-1,TRBJ2-1,SASRAGDSYNEQF,1
TRBV20-1,TRBJ2-1,SASRAGDTNEQF,1
TRBV20-1,TRBJ2-1,SASRAGDTYNEQF,4
TRBV20-1,TRBJ2-1,SASRAGDWDEQF,1
TRBV20-1,TRBJ2-1,SASRAGDYNEQF,3
TRBV20-1,TRBJ2-1,SASRAGEDNEQF,1
TRBV20-1,TRBJ2-1,SASRAGEEDNEQF,1
TRBV20-1,TRBJ2-1,SASRAGEGDEQF,1
TRBV20-1,TRBJ2-1,SASRAGEGPNEQF,1
TRBV20-1,TRBJ2-1,SASRAGEGRGEQF,3
TRBV20-1,TRBJ2-1,SASRAGEGSPF,2
TRBV20-1,TRBJ2-1,SASRAGELRNEQF,1
TRBV20-1,TRBJ2-1,SASRAGENNEQF,1
TRBV20-1,TRBJ2-1,SASRAGEPNEQF,1
TRBV20-1,TRBJ2-1,SASRAGEPYNEQF,1
TRBV20-1,TRBJ2-1,SASRAGEQF,15
TRBV20-1,TRBJ2-1,SASRAGERNEQF,1
TRBV20-1,TRBJ2-1,SASRAGETSSYNEQF,1
TRBV20-1,TRBJ2-1,SASRAGETYNEQF,2
TRBV20-1,TRBJ2-1,SASRAGEVGDEQF,1
TRBV20-1,TRBJ2-1,SASRAGEYEQF,7
TRBV20-1,TRBJ2-1,SASRAGEYNEQF,2
TRBV20-1,TRBJ2-1,SASRAGFYNEQF,6
TRBV20-1,TRBJ2-1,SASRAGGANEQF,2
TRBV20-1,TRBJ2-1,SASRAGGATINEQF,1
TRBV20-1,TRBJ2-1,SASRAGGATYNEQF,1
TRBV20-1,TRBJ2-1,SASRAGGAYNEQF,1
TRBV20-1,TRBJ2-1,SASRAGGDNEQF,1
TRBV20-1,TRBJ2-1,SASRAGGDYNEQF,1
TRBV20-1,TRBJ2-1,SASRAGGEQF,7
TRBV20-1,TRBJ2-1,SASRAGGFGNEQF,2
TRBV20-1,TRBJ2-1,SASRAGGFNEQF,2
TRBV20-1,TRBJ2-1,SASRAGGFNHEQF,5
TRBV20-1,TRBJ2-1,SASRAGGGDEQF,1
TRBV20-1,TRBJ2-1,SASRAGGGDNEQF,1
TRBV20-1,TRBJ2-1,SASRAGGGDYNEQF,1
TRBV20-1,TRBJ2-1,SASRAGGGGNEQF,1
TRBV20-1,TRBJ2-1,SASRAGGGIDEQF,1
TRBV20-1,TRBJ2-1,SASRAGGGIHEQF,2
TRBV20-1,TRBJ2-1,SASRAGGGLNEQF,1
TRBV20-1,TRBJ2-1,SASRAGGGNEQF,3
TRBV20-1,TRBJ2-1,SASRAGGGNNEQF,1
TRBV20-1,TRBJ2-1,SASRAGGGPYNEQF,3
TRBV20-1,TRBJ2-1,SASRAGGGSYNEQF,1
TRBV20-1,TRBJ2-1,SASRAGGGWRNEQF,1
TRBV20-1,TRBJ2-1,SASRAGGGYNEQF,1
TRBV20-1,TRBJ2-1,SASRAGGHEQF,2
TRBV20-1,TRBJ2-1,SASRAGGHNEQF,4
TRBV20-1,TRBJ2-1,SASRAGGINEQF,2
TRBV20-1,TRBJ2-1,SASRAGGLDEQF,3
TRBV20-1,TRBJ2-1,SASRAGGLDNEQF,1
TRBV20-1,TRBJ2-1,SASRAGGLGDEQF,1
TRBV20-1,TRBJ2-1,SASRAGGLNEQF,1
TRBV20-1,TRBJ2-1,SASRAGGLNNEQF,1
TRBV20-1,TRBJ2-1,SASRAGGLNYNEQF,1
TRBV20-1,TRBJ2-1,SASRAGGLRNEQF,1
TRBV20-1,TRBJ2-1,SASRAGGLSYNEQF,1
TRBV20-1,TRBJ2-1,SASRAGGNEQF,10
TRBV20-1,TRBJ2-1,SASRAGGNNEQF,7
TRBV20-1,TRBJ2-1,SASRAGGNSYNEQF,1
TRBV20-1,TRBJ2-1,SASRAGGNYNEQF,1
TRBV20-1,TRBJ2-1,SASRAGGPDEQF,6
TRBV20-1,TRBJ2-1,SASRAGGPGNEQF,3
TRBV20-1,TRBJ2-1,SASRAGGPGSDEQF,2
TRBV20-1,TRBJ2-1,SASRAGGPHEQF,1
TRBV20-1,TRBJ2-1,SASRAGGPHNEQF,2
TRBV20-1,TRBJ2-1,SASRAGGPINEQF,1
TRBV20-1,TRBJ2-1,SASRAGGPIVYNEQF,1
TRBV20-1,TRBJ2-1,SASRAGGPNEQF,4
TRBV20-1,TRBJ2-1,SASRAGGPPNEQF,1
TRBV20-1,TRBJ2-1,SASRAGGPPNGQF,1
TRBV20-1,TRBJ2-1,SASRAGGPPYNEQF,1
TRBV20-1,TRBJ2-1,SASRAGGPREQF,1
TRBV20-1,TRBJ2-1,SASRAGGPSFYNEQF,1
TRBV20-1,TRBJ2-1,SASRAGGPSGEQF,2
TRBV20-1,TRBJ2-1,SASRAGGPSNEQF,4
TRBV20-1,TRBJ2-1,SASRAGGPSYEQF,1
TRBV20-1,TRBJ2-1,SASRAGGPSYNEQF,1
TRBV20-1,TRBJ2-1,SASRAGGPSYYNEQF,3
TRBV20-1,TRBJ2-1,SASRAGGPVEQF,2
TRBV20-1,TRBJ2-1,SASRAGGPVGEQF,1
TRBV20-1,TRBJ2-1,SASRAGGPWDEQF,4
TRBV20-1,TRBJ2-1,SASRAGGPYDEQF,1
TRBV20-1,TRBJ2-1,SASRAGGPYEQF,2
TRBV20-1,TRBJ2-1,SASRAGGPYGNEQF,1
TRBV20-1,TRBJ2-1,SASRAGGPYNEHF,1
TRBV20-1,TRBJ2-1,SASRAGGPYNEQF,21
TRBV20-1,TRBJ2-1,SASRAGGQFVDEQF,1
TRBV20-1,TRBJ2-1,SASRAGGQVGNEQF,1
TRBV20-1,TRBJ2-1,SASRAGGQVNEQF,5
TRBV20-1,TRBJ2-1,SASRAGGRDEQF,2
TRBV20-1,TRBJ2-1,SASRAGGREVRIYNEQF,1
TRBV20-1,TRBJ2-1,SASRAGGRFNEQF,1
TRBV20-1,TRBJ2-1,SASRAGGRGEQF,1
TRBV20-1,TRBJ2-1,SASRAGGRKDEQF,1
TRBV20-1,TRBJ2-1,SASRAGGRNEQF,2
TRBV20-1,TRBJ2-1,SASRAGGRTYNEQF,1
TRBV20-1,TRBJ2-1,SASRAGGRWSNEQF,1
TRBV20-1,TRBJ2-1,SASRAGGSALYDNEQF,2
TRBV20-1,TRBJ2-1,SASRAGGSDEQF,1
TRBV20-1,TRBJ2-1,SASRAGGSDNEQF,1
TRBV20-1,TRBJ2-1,SASRAGGSGNEQF,2
TRBV20-1,TRBJ2-1,SASRAGGSHNEQF,1
TRBV20-1,TRBJ2-1,SASRAGGSMSYNEQF,1
TRBV20-1,TRBJ2-1,SASRAGGSNEQF,4
TRBV20-1,TRBJ2-1,SASRAGGSRSYNEQF,1
TRBV20-1,TRBJ2-1,SASRAGGSYNEQF,11
TRBV20-1,TRBJ2-1,SASRAGGTNEQF,2
TRBV20-1,TRBJ2-1,SASRAGGTTYNEQF,2
TRBV20-1,TRBJ2-1,SASRAGGTVGNEQF,3
TRBV20-1,TRBJ2-1,SASRAGGTYNEQF,3
TRBV20-1,TRBJ2-1,SASRAGGVGREQF,4
TRBV20-1,TRBJ2-1,SASRAGGVLNEQF,2
TRBV20-1,TRBJ2-1,SASRAGGVWEQF,1
TRBV20-1,TRBJ2-1,SASRAGGVYNEQF,1
TRBV20-1,TRBJ2-1,SASRAGGYEQF,1
TRBV20-1,TRBJ2-1,SASRAGGYKEQF,1
TRBV20-1,TRBJ2-1,SASRAGGYNEQF,18
TRBV20-1,TRBJ2-1,SASRAGGYYNEQF,1
TRBV20-1,TRBJ2-1,SASRAGHEQF,1
TRBV20-1,TRBJ2-1,SASRAGHPYNEQF,6
TRBV20-1,TRBJ2-1,SASRAGHYNEQF,1
TRBV20-1,TRBJ2-1,SASRAGIINEQF,1
TRBV20-1,TRBJ2-1,SASRAGILLDEQF,1
TRBV20-1,TRBJ2-1,SASRAGINEQF,2
TRBV20-1,TRBJ2-1,SASRAGIPNEQF,1
TRBV20-1,TRBJ2-1,SASRAGIQSYNEQF,2
TRBV20-1,TRBJ2-1,SASRAGIRNNEQF,1
TRBV20-1,TRBJ2-1,SASRAGIYNEQF,7
TRBV20-1,TRBJ2-1,SASRAGKDDEQF,2
TRBV20-1,TRBJ2-1,SASRAGKGDEQF,1
TRBV20-1,TRBJ2-1,SASRAGKNEQF,3
TRBV20-1,TRBJ2-1,SASRAGKTNEQF,1
TRBV20-1,TRBJ2-1,SASRAGLADQSSYNEQF,1
TRBV20-1,TRBJ2-1,SASRAGLAGGLSSYNEQF,1
TRBV20-1,TRBJ2-1,SASRAGLAGVNEQF,1
TRBV20-1,TRBJ2-1,SASRAGLAGVNNEQF,1
TRBV20-1,TRBJ2-1,SASRAGLAGYNEQF,1
TRBV20-1,TRBJ2-1,SASRAGLANEQF,1
TRBV20-1,TRBJ2-1,SASRAGLDNEQF,1
TRBV20-1,TRBJ2-1,SASRAGLGGEQF,2
TRBV20-1,TRBJ2-1,SASRAGLGNEQF,1
TRBV20-1,TRBJ2-1,SASRAGLGSYNEQF,6
TRBV20-1,TRBJ2-1,SASRAGLGSYYEQS,1
TRBV20-1,TRBJ2-1,SASRAGLGYNEQF,1
TRBV20-1,TRBJ2-1,SASRAGLIYNEQF,1
TRBV20-1,TRBJ2-1,SASRAGLLNEQF,1
TRBV20-1,TRBJ2-1,SASRAGLNEQF,9
TRBV20-1,TRBJ2-1,SASRAGLNSEQF,2
TRBV20-1,TRBJ2-1,SASRAGLPPGNEQF,1
TRBV20-1,TRBJ2-1,SASRAGLRNEQF,1
TRBV20-1,TRBJ2-1,SASRAGLSSYNEQF,1
TRBV20-1,TRBJ2-1,SASRAGLSYNEQF,2
TRBV20-1,TRBJ2-1,SASRAGLTEQF,1
TRBV20-1,TRBJ2-1,SASRAGLTRDNEQF,7
TRBV20-1,TRBJ2-1,SASRAGLYNEQF,6
TRBV20-1,TRBJ2-1,SASRAGMKGNEQF,1
TRBV20-1,TRBJ2-1,SASRAGNEQF,10
TRBV20-1,TRBJ2-1,SASRAGNNEQF,2
TRBV20-1,TRBJ2-1,SASRAGNPYNEQF,1
TRBV20-1,TRBJ2-1,SASRAGNYNEQF,4
TRBV20-1,TRBJ2-1,SASRAGPFPIYNEQF,1
TRBV20-1,TRBJ2-1,SASRAGPLYNEQF,1
TRBV20-1,TRBJ2-1,SASRAGPNNEQF,2
TRBV20-1,TRBJ2-1,SASRAGPPDNEQF,1
TRBV20-1,TRBJ2-1,SASRAGPPYNEQF,1
TRBV20-1,TRBJ2-1,SASRAGPSYNEQF,3
TRBV20-1,TRBJ2-1,SASRAGPWNEQF,3
TRBV20-1,TRBJ2-1,SASRAGPYNEQF,11
TRBV20-1,TRBJ2-1,SASRAGQDYNEQF,1
TRBV20-1,TRBJ2-1,SASRAGQGDEQF,1
TRBV20-1,TRBJ2-1,SASRAGQGGYNEQF,1
TRBV20-1,TRBJ2-1,SASRAGQRNEQF,1
TRBV20-1,TRBJ2-1,SASRAGQTFGSNEQF,1
TRBV20-1,TRBJ2-1,SASRAGQYNEQF,2
TRBV20-1,TRBJ2-1,SASRAGRANEQF,5
TRBV20-1,TRBJ2-1,SASRAGRDEQF,5
TRBV20-1,TRBJ2-1,SASRAGRDNEQF,1
TRBV20-1,TRBJ2-1,SASRAGREGTNEQF,1
TRBV20-1,TRBJ2-1,SASRAGRGFSNNEQF,1
TRBV20-1,TRBJ2-1,SASRAGRGNEQF,1
TRBV20-1,TRBJ2-1,SASRAGRISYNEQF,1
TRBV20-1,TRBJ2-1,SASRAGRNEQF,1
TRBV20-1,TRBJ2-1,SASRAGRPYNEQF,2
TRBV20-1,TRBJ2-1,SASRAGRRTSGARTYNEQF,5
TRBV20-1,TRBJ2-1,SASRAGRRVYNEQF,1
TRBV20-1,TRBJ2-1,SASRAGRSNEQF,1
TRBV20-1,TRBJ2-1,SASRAGRSSDQF,1
TRBV20-1,TRBJ2-1,SASRAGRSSEQF,1
TRBV20-1,TRBJ2-1,SASRAGRSSYNEQF,1
TRBV20-1,TRBJ2-1,SASRAGRSYNEQF,1
TRBV20-1,TRBJ2-1,SASRAGRTYNEQF,1
TRBV20-1,TRBJ2-1,SASRAGRVGNEQF,1
TRBV20-1,TRBJ2-1,SASRAGRVNEQF,1
TRBV20-1,TRBJ2-1,SASRAGRYNEQF,26
TRBV20-1,TRBJ2-1,SASRAGSGNEQF,1
TRBV20-1,TRBJ2-1,SASRAGSNEQF,1
TRBV20-1,TRBJ2-1,SASRAGSPFYNEQF,1
TRBV20-1,TRBJ2-1,SASRAGSRYEQF,1
TRBV20-1,TRBJ2-1,SASRAGSSYNEQF,7
TRBV20-1,TRBJ2-1,SASRAGSTDEQF,1
TRBV20-1,TRBJ2-1,SASRAGSYNEQF,10
TRBV20-1,TRBJ2-1,SASRAGTAYNEQF,2
TRBV20-1,TRBJ2-1,SASRAGTEPYNEQF,1
TRBV20-1,TRBJ2-1,SASRAGTGRGEQF,2
TRBV20-1,TRBJ2-1,SASRAGTGTPYNEQF,1
TRBV20-1,TRBJ2-1,SASRAGTHLSYNEQF,1
TRBV20-1,TRBJ2-1,SASRAGTIDNEQF,1
TRBV20-1,TRBJ2-1,SASRAGTLDEQF,1
TRBV20-1,TRBJ2-1,SASRAGTLLRNEQF,2
TRBV20-1,TRBJ2-1,SASRAGTLSYNEQF,1
TRBV20-1,TRBJ2-1,SASRAGTLYNEQF,1
TRBV20-1,TRBJ2-1,SASRAGTNEQF,8
TRBV20-1,TRBJ2-1,SASRAGTNNEQF,2
TRBV20-1,TRBJ2-1,SASRAGTRLLGYNEQF,4
TRBV20-1,TRBJ2-1,SASRAGTSFYNEQF,7
TRBV20-1,TRBJ2-1,SASRAGTSGGSYNEQF,1
TRBV20-1,TRBJ2-1,SASRAGTSGIIYLNEQF,2
TRBV20-1,TRBJ2-1,SASRAGTSGSPYNEQF,1
TRBV20-1,TRBJ2-1,SASRAGTSGSYEQF,2
TRBV20-1,TRBJ2-1,SASRAGTSGYNEQF,1
TRBV20-1,TRBJ2-1,SASRAGTSNEQF,1
TRBV20-1,TRBJ2-1,SASRAGTSRNEQF,1
TRBV20-1,TRBJ2-1,SASRAGTSTGNEQF,1
TRBV20-1,TRBJ2-1,SASRAGTSTYNEQF,3
TRBV20-1,TRBJ2-1,SASRAGTSYNEQF,2
TRBV20-1,TRBJ2-1,SASRAGTYAYNEQF,2
TRBV20-1,TRBJ2-1,SASRAGTYNEQF,14
TRBV20-1,TRBJ2-1,SASRAGTYYNEQF,1
TRBV20-1,TRBJ2-1,SASRAGVANEQF,3
TRBV20-1,TRBJ2-1,SASRAGVAYNEQF,1
TRBV20-1,TRBJ2-1,SASRAGVAYNGQF,1
TRBV20-1,TRBJ2-1,SASRAGVDHEQF,1
TRBV20-1,TRBJ2-1,SASRAGVDNEQF,6
TRBV20-1,TRBJ2-1,SASRAGVDPNEQF,1
TRBV20-1,TRBJ2-1,SASRAGVDYEQF,1
TRBV20-1,TRBJ2-1,SASRAGVEFWSYNEQF,1
TRBV20-1,TRBJ2-1,SASRAGVGENEQF,1
TRBV20-1,TRBJ2-1,SASRAGVGGNEQF,2
TRBV20-1,TRBJ2-1,SASRAGVGHEQF,1
TRBV20-1,TRBJ2-1,SASRAGVGNEQF,14
TRBV20-1,TRBJ2-1,SASRAGVGNNEQF,1
TRBV20-1,TRBJ2-1,SASRAGVGVNEQF,1
TRBV20-1,TRBJ2-1,SASRAGVINEQF,4
TRBV20-1,TRBJ2-1,SASRAGVIYNEQF,1
TRBV20-1,TRBJ2-1,SASRAGVLLDEQF,1
TRBV20-1,TRBJ2-1,SASRAGVLNEQF,2
TRBV20-1,TRBJ2-1,SASRAGVMNEQF,4
TRBV20-1,TRBJ2-1,SASRAGVNEQF,4
TRBV20-1,TRBJ2-1,SASRAGVNNEQF,3
TRBV20-1,TRBJ2-1,SASRAGVNYNEQF,1
TRBV20-1,TRBJ2-1,SASRAGVPGNEQF,1
TRBV20-1,TRBJ2-1,SASRAGVPYNEQF,1
TRBV20-1,TRBJ2-1,SASRAGVQNEQF,1
TRBV20-1,TRBJ2-1,SASRAGVRDEQF,1
TRBV20-1,TRBJ2-1,SASRAGVRGNEQF,1
TRBV20-1,TRBJ2-1,SASRAGVRNEQF,1
TRBV20-1,TRBJ2-1,SASRAGVSIYNEQF,1
TRBV20-1,TRBJ2-1,SASRAGVSNEQF,3
TRBV20-1,TRBJ2-1,SASRAGVSYNEQF,6
TRBV20-1,TRBJ2-1,SASRAGVTNEQF,1
TRBV20-1,TRBJ2-1,SASRAGVTSNEQF,1
TRBV20-1,TRBJ2-1,SASRAGVTYNEQF,7
TRBV20-1,TRBJ2-1,SASRAGVVNEQF,2
TRBV20-1,TRBJ2-1,SASRAGVYNEQF,6
TRBV20-1,TRBJ2-1,SASRAGWDYNEQF,1
TRBV20-1,TRBJ2-1,SASRAGWSYNEQF,1
TRBV20-1,TRBJ2-1,SASRAGYEQF,1
TRBV20-1,TRBJ2-1,SASRAGYNEQF,6
TRBV20-1,TRBJ2-1,SASRAGYPNEQF,1
TRBV20-1,TRBJ2-1,SASRAGYYNEQF,1
TRBV20-1,TRBJ2-1,SASRAHEQF,9
TRBV20-1,TRBJ2-1,SASRAHFSYNEQF,1
TRBV20-1,TRBJ2-1,SASRAHNEQF,1
TRBV20-1,TRBJ2-1,SASRAHPYNEQF,1
TRBV20-1,TRBJ2-1,SASRAHSYNEQF,2
TRBV20-1,TRBJ2-1,SASRAIDNEQF,1
TRBV20-1,TRBJ2-1,SASRAIGWDEQF,1
TRBV20-1,TRBJ2-1,SASRAILSYNEQF,2
TRBV20-1,TRBJ2-1,SASRAILYNEQF,3
TRBV20-1,TRBJ2-1,SASRAINEQF,3
TRBV20-1,TRBJ2-1,SASRAISYNEQF,12
TRBV20-1,TRBJ2-1,SASRAITPNEQF,1
TRBV20-1,TRBJ2-1,SASRAIYNEQF,1
TRBV20-1,TRBJ2-1,SASRAKDYNEQF,1
TRBV20-1,TRBJ2-1,SASRAKGNEQF,3
TRBV20-1,TRBJ2-1,SASRAKGSYNEQF,1
TRBV20-1,TRBJ2-1,SASRAKGYNEQF,3
TRBV20-1,TRBJ2-1,SASRAKNEQF,1
TRBV20-1,TRBJ2-1,SASRAKSPSSNEQF,1
TRBV20-1,TRBJ2-1,SASRAKSSYNEQF,1
TRBV20-1,TRBJ2-1,SASRAKTYNEQF,1
TRBV20-1,TRBJ2-1,SASRALADYNEQF,1
TRBV20-1,TRBJ2-1,SASRALAGAYNEQF,1
TRBV20-1,TRBJ2-1,SASRALAGGNNEQF,1
TRBV20-1,TRBJ2-1,SASRALAGGPGSYNEQF,1
TRBV20-1,TRBJ2-1,SASRALAGKNEQF,1
TRBV20-1,TRBJ2-1,SASRALAGSYNEQF,1
TRBV20-1,TRBJ2-1,SASRALAGVNEQF,1
TRBV20-1,TRBJ2-1,SASRALAPGAYNEQF,1
TRBV20-1,TRBJ2-1,SASRALASYNEQF,1
TRBV20-1,TRBJ2-1,SASRALEQF,1
TRBV20-1,TRBJ2-1,SASRALGGGYEQF,1
TRBV20-1,TRBJ2-1,SASRALGGSSYNEQF,1
TRBV20-1,TRBJ2-1,SASRALGGYNEQF,1
TRBV20-1,TRBJ2-1,SASRALGIYNEQF,1
TRBV20-1,TRBJ2-1,SASRALGLDNEQF,1
TRBV20-1,TRBJ2-1,SASRALGSYNEQF,3
TRBV20-1,TRBJ2-1,SASRALGVTYNEQF,1
TRBV20-1,TRBJ2-1,SASRALISSNEQF,1
TRBV20-1,TRBJ2-1,SASRALNEQF,2
TRBV20-1,TRBJ2-1,SASRALPGNEQF,1
TRBV20-1,TRBJ2-1,SASRALPV,2
TRBV20-1,TRBJ2-1,SASRALPYNEQF,2
TRBV20-1,TRBJ2-1,SASRALRGNEQF,1
TRBV20-1,TRBJ2-1,SASRALSSYNEQF,2
TRBV20-1,TRBJ2-1,SASRALSYNEQF,1
TRBV20-1,TRBJ2-1,SASRALTSGGANEQF,1
TRBV20-1,TRBJ2-1,SASRALTSGKNNEQF,1
TRBV20-1,TRBJ2-1,SASRALVRNEQF,8
TRBV20-1,TRBJ2-1,SASRALVYNEQF,1
TRBV20-1,TRBJ2-1,SASRALYEQF,1
TRBV20-1,TRBJ2-1,SASRALYNEQF,2
TRBV20-1,TRBJ2-1,SASRAMGGNEQF,1
TRBV20-1,TRBJ2-1,SASRAMGNEQF,1
TRBV20-1,TRBJ2-1,SASRANEQF,26
TRBV20-1,TRBJ2-1,SASRANFNEQF,1
TRBV20-1,TRBJ2-1,SASRANGGNEQF,1
TRBV20-1,TRBJ2-1,SASRANGNEQF,1
TRBV20-1,TRBJ2-1,SASRANNEQF,1
TRBV20-1,TRBJ2-1,SASRANSYNEQF,5
TRBV20-1,TRBJ2-1,SASRANYNEQF,10
TRBV20-1,TRBJ2-1,SASRAPADEQF,18
TRBV20-1,TRBJ2-1,SASRAPASGRRNEQF,1
TRBV20-1,TRBJ2-1,SASRAPEGYNEQF,1
TRBV20-1,TRBJ2-1,SASRAPEQF,1
TRBV20-1,TRBJ2-1,SASRAPGAGNEQF,1
TRBV20-1,TRBJ2-1,SASRAPGASSYNEQF,1
TRBV20-1,TRBJ2-1,SASRAPGGSSYNEQF,1
TRBV20-1,TRBJ2-1,SASRAPGKRGNEQF,1
TRBV20-1,TRBJ2-1,SASRAPGNEQF,1
TRBV20-1,TRBJ2-1,SASRAPGPNEQF,1
TRBV20-1,TRBJ2-1,SASRAPGTSGRSSYNEQF,1
TRBV20-1,TRBJ2-1,SASRAPGVAGDNNEQF,1
TRBV20-1,TRBJ2-1,SASRAPGVYNEQF,1
TRBV20-1,TRBJ2-1,SASRAPIAGAGYNEQF,1
TRBV20-1,TRBJ2-1,SASRAPLAYNEQF,1
TRBV20-1,TRBJ2-1,SASRAPNEQF,4
TRBV20-1,TRBJ2-1,SASRAPRANEQF,1
TRBV20-1,TRBJ2-1,SASRAPSANEQF,6
TRBV20-1,TRBJ2-1,SASRAPSDNEQF,1
TRBV20-1,TRBJ2-1,SASRAPSGRGNEQF,12
TRBV20-1,TRBJ2-1,SASRAPSRLGRYNEQF,1
TRBV20-1,TRBJ2-1,SASRAPSSYNEQF,7
TRBV20-1,TRBJ2-1,SASRAPSYNEQF,2
TRBV20-1,TRBJ2-1,SASRAPWVGDEQF,1
TRBV20-1,TRBJ2-1,SASRAPYNEQF,4
TRBV20-1,TRBJ2-1,SASRAQGARGQNEQF,1
TRBV20-1,TRBJ2-1,SASRAQGAYNEQF,14
TRBV20-1,TRBJ2-1,SASRAQGPSYNEQF,7
TRBV20-1,TRBJ2-1,SASRAQPGNEQF,1
TRBV20-1,TRBJ2-1,SASRAQPNSYNEQF,1
TRBV20-1,TRBJ2-1,SASRAQRGDEQF,1
TRBV20-1,TRBJ2-1,SASRAQRGYNEQF,9
TRBV20-1,TRBJ2-1,SASRAQRIENEQF,1
TRBV20-1,TRBJ2-1,SASRAQRSYNEQF,1
TRBV20-1,TRBJ2-1,SASRAQSSYNEQF,1
TRBV20-1,TRBJ2-1,SASRARALSYNEQF,1
TRBV20-1,TRBJ2-1,SASRARASYNEQF,1
TRBV20-1,TRBJ2-1,SASRARDEQF,1
TRBV20-1,TRBJ2-1,SASRARDSYNEQF,1
TRBV20-1,TRBJ2-1,SASRAREGLRYNEQF,1
TRBV20-1,TRBJ2-1,SASRARENEQF,1
TRBV20-1,TRBJ2-1,SASRARGAYNEQF,1
TRBV20-1,TRBJ2-1,SASRARGGAYNEQF,1
TRBV20-1,TRBJ2-1,SASRARGGPYSYNEQF,3
TRBV20-1,TRBJ2-1,SASRARGGYNEQF,1
TRBV20-1,TRBJ2-1,SASRARGNEQF,2
TRBV20-1,TRBJ2-1,SASRARGRGGNEQF,6
TRBV20-1,TRBJ2-1,SASRARGRPDSYNEQF,1
TRBV20-1,TRBJ2-1,SASRARGSYNEQF,1
TRBV20-1,TRBJ2-1,SASRARGVRYNEQF,1
TRBV20-1,TRBJ2-1,SASRARIAGTSGRNEQF,1
TRBV20-1,TRBJ2-1,SASRARNAYNEQF,3
TRBV20-1,TRBJ2-1,SASRARNEQF,1
TRBV20-1,TRBJ2-1,SASRARPGAYNEQF,1
TRBV20-1,TRBJ2-1,SASRARPRYNEQF,6
TRBV20-1,TRBJ2-1,SASRARPSTLRSYNEQF,1
TRBV20-1,TRBJ2-1,SASRARPSTLSSYNEQC,1
TRBV20-1,TRBJ2-1,SASRARPSTLSSYNEQF,10
TRBV20-1,TRBJ2-1,SASRARRNNEQF,1
TRBV20-1,TRBJ2-1,SASRARSSYNEQF,1
TRBV20-1,TRBJ2-1,SASRARSYNEQF,1
TRBV20-1,TRBJ2-1,SASRARTPTNEQF,1
TRBV20-1,TRBJ2-1,SASRARTSGHYNEQF,1
TRBV20-1,TRBJ2-1,SASRARVNEQF,1
TRBV20-1,TRBJ2-1,SASRARYEQF,1
TRBV20-1,TRBJ2-1,SASRARYNEQF,1
TRBV20-1,TRBJ2-1,SASRARYSSYNEQF,1
TRBV20-1,TRBJ2-1,SASRASAGRGEQF,2
TRBV20-1,TRBJ2-1,SASRASAGSYNEQF,1
TRBV20-1,TRBJ2-1,SASRASALYNEQF,1
TRBV20-1,TRBJ2-1,SASRASAPQGNYNEQF,1
TRBV20-1,TRBJ2-1,SASRASASNEQF,1
TRBV20-1,TRBJ2-1,SASRASAYEQF,1
TRBV20-1,TRBJ2-1,SASRASAYNEQF,2
TRBV20-1,TRBJ2-1,SASRASDNNEQF,1
TRBV20-1,TRBJ2-1,SASRASDNYNEQF,2
TRBV20-1,TRBJ2-1,SASRASDPYNEQF,1
TRBV20-1,TRBJ2-1,SASRASDTYNEQF,2
TRBV20-1,TRBJ2-1,SASRASDYNEQF,1
TRBV20-1,TRBJ2-1,SASRASFFGNEQF,1
TRBV20-1,TRBJ2-1,SASRASGAASGVYNEQF,1
TRBV20-1,TRBJ2-1,SASRASGADEQF,1
TRBV20-1,TRBJ2-1,SASRASGAYNEQF,2
TRBV20-1,TRBJ2-1,SASRASGDLNYNEQF,1
TRBV20-1,TRBJ2-1,SASRASGDNEQF,10
TRBV20-1,TRBJ2-1,SASRASGEDYNEQF,7
TRBV20-1,TRBJ2-1,SASRASGENNEQF,1
TRBV20-1,TRBJ2-1,SASRASGFNEQF,1
TRBV20-1,TRBJ2-1,SASRASGFPYNEQF,1
TRBV20-1,TRBJ2-1,SASRASGGAPANEQF,4
TRBV20-1,TRBJ2-1,SASRASGGAREQF,1
TRBV20-1,TRBJ2-1,SASRASGGDEQF,2
TRBV20-1,TRBJ2-1,SASRASGGEQF,4
TRBV20-1,TRBJ2-1,SASRASGGFRDNEQF,2
TRBV20-1,TRBJ2-1,SASRASGGGNEQF,2
TRBV20-1,TRBJ2-1,SASRASGGLDEQF,2
TRBV20-1,TRBJ2-1,SASRASGGLEQF,2
TRBV20-1,TRBJ2-1,SASRASGGLNEQF,1
TRBV20-1,TRBJ2-1,SASRASGGMINEQF,3
TRBV20-1,TRBJ2-1,SASRASGGNYNDQF,1
TRBV20-1,TRBJ2-1,SASRASGGNYNEQF,4
TRBV20-1,TRBJ2-1,SASRASGGPLRNNEQF,1
TRBV20-1,TRBJ2-1,SASRASGGPNEQF,1
TRBV20-1,TRBJ2-1,SASRASGGVDEQF,1
TRBV20-1,TRBJ2-1,SASRASGGVGNEQF,1
TRBV20-1,TRBJ2-1,SASRASGGYDEQF,5
TRBV20-1,TRBJ2-1,SASRASGGYNEQF,1
TRBV20-1,TRBJ2-1,SASRASGHNEQF,1
TRBV20-1,TRBJ2-1,SASRASGIGVGNEQF,1
TRBV20-1,TRBJ2-1,SASRASGINEQF,1
TRBV20-1,TRBJ2-1,SASRASGINNEQF,1
TRBV20-1,TRBJ2-1,SASRASGITLHEQF,1
TRBV20-1,TRBJ2-1,SASRASGIVFNEQF,1
TRBV20-1,TRBJ2-1,SASRASGKGNEQF,1
TRBV20-1,TRBJ2-1,SASRASGLPNEQF,1
TRBV20-1,TRBJ2-1,SASRASGLSYNEQF,1
TRBV20-1,TRBJ2-1,SASRASGLYNEQF,2
TRBV20-1,TRBJ2-1,SASRASGNDEQF,1
TRBV20-1,TRBJ2-1,SASRASGNNEQF,5
TRBV20-1,TRBJ2-1,SASRASGNYEQF,1
TRBV20-1,TRBJ2-1,SASRASGPAYNEQF,1
TRBV20-1,TRBJ2-1,SASRASGPGDEQF,1
TRBV20-1,TRBJ2-1,SASRASGPGNEQF,1
TRBV20-1,TRBJ2-1,SASRASGPSSYNEQF,8
TRBV20-1,TRBJ2-1,SASRASGPYNEQF,2
TRBV20-1,TRBJ2-1,SASRASGQAEQF,1
TRBV20-1,TRBJ2-1,SASRASGRADEQF,9
TRBV20-1,TRBJ2-1,SASRASGRAEENEQF,1
TRBV20-1,TRBJ2-1,SASRASGRAGNEQF,1
TRBV20-1,TRBJ2-1,SASRASGRANEQF,2
TRBV20-1,TRBJ2-1,SASRASGRASSYNEQF,1
TRBV20-1,TRBJ2-1,SASRASGRATSYNEQF,1
TRBV20-1,TRBJ2-1,SASRASGRAYEQF,1
TRBV20-1,TRBJ2-1,SASRASGRDNEQF,1
TRBV20-1,TRBJ2-1,SASRASGREYNEQF,1
TRBV20-1,TRBJ2-1,SASRASGRFNEQF,1
TRBV20-1,TRBJ2-1,SASRASGRGGNEQF,5
TRBV20-1,TRBJ2-1,SASRASGRGNEQF,3
TRBV20-1,TRBJ2-1,SASRASGRHNEQF,1
TRBV20-1,TRBJ2-1,SASRASGRIHEQF,1
TRBV20-1,TRBJ2-1,SASRASGRINEQF,1
TRBV20-1,TRBJ2-1,SASRASGRNEQF,8
TRBV20-1,TRBJ2-1,SASRASGRPLSPYNEQF,1
TRBV20-1,TRBJ2-1,SASRASGRQWNEQF,1
TRBV20-1,TRBJ2-1,SASRASGRRHNEQF,1
TRBV20-1,TRBJ2-1,SASRASGRSNEQF,1
TRBV20-1,TRBJ2-1,SASRASGRSNNEQF,1
TRBV20-1,TRBJ2-1,SASRASGRSYNEQF,5
TRBV20-1,TRBJ2-1,SASRASGRTSYNEQF,1
TRBV20-1,TRBJ2-1,SASRASGRVHNEQF,1
TRBV20-1,TRBJ2-1,SASRASGRVNEQF,1
TRBV20-1,TRBJ2-1,SASRASGRVSSYNEQF,4
TRBV20-1,TRBJ2-1,SASRASGRVYNEQF,1
TRBV20-1,TRBJ2-1,SASRASGRYNEQF,4
TRBV20-1,TRBJ2-1,SASRASGSDEQF,14
TRBV20-1,TRBJ2-1,SASRASGSDNEQF,1
TRBV20-1,TRBJ2-1,SASRASGSFYNEQF,1
TRBV20-1,TRBJ2-1,SASRASGSHEQF,6
TRBV20-1,TRBJ2-1,SASRASGSIDEQF,1
TRBV20-1,TRBJ2-1,SASRASGSIGAYNEQF,1
TRBV20-1,TRBJ2-1,SASRASGSLDEQF,1
TRBV20-1,TRBJ2-1,SASRASGSNDEQF,2
TRBV20-1,TRBJ2-1,SASRASGSNEQF,16
TRBV20-1,TRBJ2-1,SASRASGSNYNEQF,1
TRBV20-1,TRBJ2-1,SASRASGSPNEQF,6
TRBV20-1,TRBJ2-1,SASRASGSRDEQF,1
TRBV20-1,TRBJ2-1,SASRASGSRNEQF,1
TRBV20-1,TRBJ2-1,SASRASGSRVGNEQF,1
TRBV20-1,TRBJ2-1,SASRASGSSDEQF,1
TRBV20-1,TRBJ2-1,SASRASGSSRNEQF,1
TRBV20-1,TRBJ2-1,SASRASGSSYNEQF,7
TRBV20-1,TRBJ2-1,SASRASGSYEQF,1
TRBV20-1,TRBJ2-1,SASRASGSYNEQF,9
TRBV20-1,TRBJ2-1,SASRASGSYYNEQF,1
TRBV20-1,TRBJ2-1,SASRASGTDEQF,1
TRBV20-1,TRBJ2-1,SASRASGTGNEQF,1
TRBV20-1,TRBJ2-1,SASRASGTNEQF,1
TRBV20-1,TRBJ2-1,SASRASGTNNEQF,1
TRBV20-1,TRBJ2-1,SASRASGTYNEHF,1
TRBV20-1,TRBJ2-1,SASRASGTYNEQF,20
TRBV20-1,TRBJ2-1,SASRASGVDEQF,4
TRBV20-1,TRBJ2-1,SASRASGVGEQF,5
TRBV20-1,TRBJ2-1,SASRASGVNEQF,1
TRBV20-1,TRBJ2-1,SASRASGVRNNEQF,1
TRBV20-1,TRBJ2-1,SASRASGVSNEQF,1
TRBV20-1,TRBJ2-1,SASRASGVSYNEQF,1
TRBV20-1,TRBJ2-1,SASRASGVYNEQF,1
TRBV20-1,TRBJ2-1,SASRASGYNEHF,1
TRBV20-1,TRBJ2-1,SASRASGYNEQF,34
TRBV20-1,TRBJ2-1,SASRASHDYNEQF,1
TRBV20-1,TRBJ2-1,SASRASIRSYNEQF,1
TRBV20-1,TRBJ2-1,SASRASLLTLSSYNEQF,3
TRBV20-1,TRBJ2-1,SASRASLSIYNEQF,1
TRBV20-1,TRBJ2-1,SASRASLSSSYNEQF,1
TRBV20-1,TRBJ2-1,SASRASLTYNEQF,1
TRBV20-1,TRBJ2-1,SASRASLYNEQF,2
TRBV20-1,TRBJ2-1,SASRASMTSTSGGYNEQF,1
TRBV20-1,TRBJ2-1,SASRASNEQF,1
TRBV20-1,TRBJ2-1,SASRASPGINEQF,1
TRBV20-1,TRBJ2-1,SASRASPPNEQF,5
TRBV20-1,TRBJ2-1,SASRASPTYNEQF,1
TRBV20-1,TRBJ2-1,SASRASQGNEQF,1
TRBV20-1,TRBJ2-1,SASRASRGNEQF,1
TRBV20-1,TRBJ2-1,SASRASRNEQF,1
TRBV20-1,TRBJ2-1,SASRASRNNEQF,2
TRBV20-1,TRBJ2-1,SASRASRSNEQF,1
TRBV20-1,TRBJ2-1,SASRASSDEQF,2
TRBV20-1,TRBJ2-1,SASRASSNEQF,3
TRBV20-1,TRBJ2-1,SASRASSSSYNEQF,1
TRBV20-1,TRBJ2-1,SASRASSSYNEQF,2
TRBV20-1,TRBJ2-1,SASRASSTLYNEQF,1
TRBV20-1,TRBJ2-1,SASRASSYNEQF,27
TRBV20-1,TRBJ2-1,SASRASTNEQF,4
TRBV20-1,TRBJ2-1,SASRASTNNEQF,1
TRBV20-1,TRBJ2-1,SASRASTPNEQF,1
TRBV20-1,TRBJ2-1,SASRASTYNEQF,1
TRBV20-1,TRBJ2-1,SASRASVGNEQF,1
TRBV20-1,TRBJ2-1,SASRASVISNEQF,1
TRBV20-1,TRBJ2-1,SASRASVIYEQF,1
TRBV20-1,TRBJ2-1,SASRASVNEQF,1
TRBV20-1,TRBJ2-1,SASRASVSYNEQF,1
TRBV20-1,TRBJ2-1,SASRASWDEQF,1
TRBV20-1,TRBJ2-1,SASRASWSYNEQF,1
TRBV20-1,TRBJ2-1,SASRASWYNEQF,1
TRBV20-1,TRBJ2-1,SASRASYNAQL,1
TRBV20-1,TRBJ2-1,SASRASYNEQF,13
TRBV20-1,TRBJ2-1,SASRATAERYNEQF,1
TRBV20-1,TRBJ2-1,SASRATAGSYNEQF,1
TRBV20-1,TRBJ2-1,SASRATDEQF,1
TRBV20-1,TRBJ2-1,SASRATEGLGNEQF,1
TRBV20-1,TRBJ2-1,SASRATFSYNEQF,1
TRBV20-1,TRBJ2-1,SASRATGAGFNEQF,1
TRBV20-1,TRBJ2-1,SASRATGEVVHEQF,1
TRBV20-1,TRBJ2-1,SASRATGGFRSYNEQF,1
TRBV20-1,TRBJ2-1,SASRATGGRHEQF,1
TRBV20-1,TRBJ2-1,SASRATGTDEQF,4
TRBV20-1,TRBJ2-1,SASRATGYNEQF,1
TRBV20-1,TRBJ2-1,SASRATHVSHNEQF,1
TRBV20-1,TRBJ2-1,SASRATINEQF,1
TRBV20-1,TRBJ2-1,SASRATLHNEQF,1
TRBV20-1,TRBJ2-1,SASRATLRRVYNEQF,1
TRBV20-1,TRBJ2-1,SASRATLTDNEQF,1
TRBV20-1,TRBJ2-1,SASRATNNEQF,1
TRBV20-1,TRBJ2-1,SASRATPKPYNEQF,1
TRBV20-1,TRBJ2-1,SASRATRDNEQF,1
TRBV20-1,TRBJ2-1,SASRATRQYNEQF,1
TRBV20-1,TRBJ2-1,SASRATSGAYNEQF,1
TRBV20-1,TRBJ2-1,SASRATSGGNEQF,2
TRBV20-1,TRBJ2-1,SASRATSGRAGVNEQF,1
TRBV20-1,TRBJ2-1,SASRATSGSYNEQF,1
TRBV20-1,TRBJ2-1,SASRATSSYNEQF,2
TRBV20-1,TRBJ2-1,SASRATSYNEQF,5
TRBV20-1,TRBJ2-1,SASRATTVGDEQF,1
TRBV20-1,TRBJ2-1,SASRATVTNAQF,1
TRBV20-1,TRBJ2-1,SASRATWYNEQF,1
TRBV20-1,TRBJ2-1,SASRATYNEQF,14
TRBV20-1,TRBJ2-1,SASRATYNERF,1
TRBV20-1,TRBJ2-1,SASRAVAYNEQF,1
TRBV20-1,TRBJ2-1,SASRAVDPYNEQF,1
TRBV20-1,TRBJ2-1,SASRAVFYNVQF,1
TRBV20-1,TRBJ2-1,SASRAVFYTNQF,1
TRBV20-1,TRBJ2-1,SASRAVGARNEQF,5
TRBV20-1,TRBJ2-1,SASRAVGDRNEQF,1
TRBV20-1,TRBJ2-1,SASRAVGGNEQF,1
TRBV20-1,TRBJ2-1,SASRAVGKNEQF,1
TRBV20-1,TRBJ2-1,SASRAVGNEQF,7
TRBV20-1,TRBJ2-1,SASRAVGQGSYNEQF,1
TRBV20-1,TRBJ2-1,SASRAVGTPGNEQF,1
TRBV20-1,TRBJ2-1,SASRAVGVADEQF,4
TRBV20-1,TRBJ2-1,SASRAVGYNEQF,1
TRBV20-1,TRBJ2-1,SASRAVHNEQF,1
TRBV20-1,TRBJ2-1,SASRAVIDEQF,1
TRBV20-1,TRBJ2-1,SASRAVNNEQF,1
TRBV20-1,TRBJ2-1,SASRAVRGNEQF,1
TRBV20-1,TRBJ2-1,SASRAVSHNNEQF,1
TRBV20-1,TRBJ2-1,SASRAVSYNEQF,3
TRBV20-1,TRBJ2-1,SASRAVTEQF,1
TRBV20-1,TRBJ2-1,SASRAVTGSYNEQF,1
TRBV20-1,TRBJ2-1,SASRAVTYNEQF,1
TRBV20-1,TRBJ2-1,SASRAVVAGTEHF,1
TRBV20-1,TRBJ2-1,SASRAVVCNEQF,3
TRBV20-1,TRBJ2-1,SASRAVVDNEQF,3
TRBV20-1,TRBJ2-1,SASRAVVFNEQF,4
TRBV20-1,TRBJ2-1,SASRAVVSNEQF,2
TRBV20-1,TRBJ2-1,SASRAVVYDEQF,1
TRBV20-1,TRBJ2-1,SASRAVVYHEQF,1
TRBV20-1,TRBJ2-1,SASRAVVYKEQF,3
TRBV20-1,TRBJ2-1,SASRAVVYNAQF,3
TRBV20-1,TRBJ2-1,SASRAVVYNDQF,1
TRBV20-1,TRBJ2-1,SASRAVVYNEKF,1
TRBV20-1,TRBJ2-1,SASRAVVYNEPF,1
TRBV20-1,TRBJ2-1,SASRAVVYNEQC,1
TRBV20-1,TRBJ2-1,SASRAVVYNEQF,287
TRBV20-1,TRBJ2-1,SASRAVVYNEQL,3
TRBV20-1,TRBJ2-1,SASRAVVYNEQS,1
TRBV20-1,TRBJ2-1,SASRAVVYNEQY,2
TRBV20-1,TRBJ2-1,SASRAVVYNERF,4
TRBV20-1,TRBJ2-1,SASRAVVYNGQF,2
TRBV20-1,TRBJ2-1,SASRAVYNEQF,3
TRBV20-1,TRBJ2-1,SASRAVYYNEQF,1
TRBV20-1,TRBJ2-1,SASRAWDNEQF,1
TRBV20-1,TRBJ2-1,SASRAWEHGNEQF,1
TRBV20-1,TRBJ2-1,SASRAWPGLAADEQF,1
TRBV20-1,TRBJ2-1,SASRAYEQF,1
TRBV20-1,TRBJ2-1,SASRAYGEGSGEQF,2
TRBV20-1,TRBJ2-1,SASRAYGYYNEQF,1
TRBV20-1,TRBJ2-1,SASRAYNEQF,24
TRBV20-1,TRBJ2-1,SASRAYPSYNEQF,1
TRBV20-1,TRBJ2-1,SASRAYRKYNEQF,1
TRBV20-1,TRBJ2-1,SASRAYRQF,3
TRBV20-1,TRBJ2-1,SASRAYSYNEQF,1
TRBV20-1,TRBJ2-1,SASRAYTGVSGNEQF,1
TRBV20-1,TRBJ2-1,SASRAYVHEQF,1
TRBV20-1,TRBJ2-1,SASRAYYNEQF,1
TRBV20-1,TRBJ2-1,SASRCIGSIGGNEQF,1
TRBV20-1,TRBJ2-1,SASRCNEQF,1
TRBV20-1,TRBJ2-1,SASRCRGRVNEQF,1
TRBV20-1,TRBJ2-1,SASRDAAGNEQF,1
TRBV20-1,TRBJ2-1,SASRDAANEQF,1
TRBV20-1,TRBJ2-1,SASRDAAYNEQF,1
TRBV20-1,TRBJ2-1,SASRDADNEQF,1
TRBV20-1,TRBJ2-1,SASRDANEQF,2
TRBV20-1,TRBJ2-1,SASRDANNEQF,5
TRBV20-1,TRBJ2-1,SASRDAPTNDEQF,1
TRBV20-1,TRBJ2-1,SASRDAPYNEQF,2
TRBV20-1,TRBJ2-1,SASRDASLYNEQF,1
TRBV20-1,TRBJ2-1,SASRDASRENEQF,3
TRBV20-1,TRBJ2-1,SASRDASRMNEQF,1
TRBV20-1,TRBJ2-1,SASRDASSYNEQF,1
TRBV20-1,TRBJ2-1,SASRDASWEQF,3
TRBV20-1,TRBJ2-1,SASRDATSDEQF,1
TRBV20-1,TRBJ2-1,SASRDATYNEQF,1
TRBV20-1,TRBJ2-1,SASRDAVNNNEQF,1
TRBV20-1,TRBJ2-1,SASRDAYNEQF,7
TRBV20-1,TRBJ2-1,SASRDDNEQF,1
TRBV20-1,TRBJ2-1,SASRDDRHNEQF,1
TRBV20-1,TRBJ2-1,SASRDDSRFYNEQF,1
TRBV20-1,TRBJ2-1,SASRDDYNEQF,2
TRBV20-1,TRBJ2-1,SASRDEGWNEQF,1
TRBV20-1,TRBJ2-1,SASRDEISSYNEQF,1
TRBV20-1,TRBJ2-1,SASRDELGSHNEQF,1
TRBV20-1,TRBJ2-1,SASRDEQF,76
TRBV20-1,TRBJ2-1,SASRDERGYNEQF,1
TRBV20-1,TRBJ2-1,SASRDESSYNEQF,1
TRBV20-1,TRBJ2-1,SASRDFDNEQF,3
TRBV20-1,TRBJ2-1,SASRDFDSYNEQF,2
TRBV20-1,TRBJ2-1,SASRDFGDEQF,1
TRBV20-1,TRBJ2-1,SASRDFGGRVTGEQF,5
TRBV20-1,TRBJ2-1,SASRDFGLDEQF,1
TRBV20-1,TRBJ2-1,SASRDFGNEQF,2
TRBV20-1,TRBJ2-1,SASRDFLINNEQF,1
TRBV20-1,TRBJ2-1,SASRDFNEQF,2
TRBV20-1,TRBJ2-1,SASRDFNNEQF,1
TRBV20-1,TRBJ2-1,SASRDFNRLGRNEQF,1
TRBV20-1,TRBJ2-1,SASRDFNYNEQF,2
TRBV20-1,TRBJ2-1,SASRDFPNEQF,1
TRBV20-1,TRBJ2-1,SASRDFPYNEQF,1
TRBV20-1,TRBJ2-1,SASRDFQAYNEQF,1
TRBV20-1,TRBJ2-1,SASRDFRSYNEQF,6
TRBV20-1,TRBJ2-1,SASRDFSAYNEQF,1
TRBV20-1,TRBJ2-1,SASRDFSKDNEQF,7
TRBV20-1,TRBJ2-1,SASRDFSNEQF,1
TRBV20-1,TRBJ2-1,SASRDFSSYNEQF,1
TRBV20-1,TRBJ2-1,SASRDFSYNEQF,12
TRBV20-1,TRBJ2-1,SASRDFTVDEQF,10
TRBV20-1,TRBJ2-1,SASRDFTYNEQF,1
TRBV20-1,TRBJ2-1,SASRDFYNEQF,6
TRBV20-1,TRBJ2-1,SASRDGAGRGEQF,2
TRBV20-1,TRBJ2-1,SASRDGAGYNEQF,1
TRBV20-1,TRBJ2-1,SASRDGANEQF,1
TRBV20-1,TRBJ2-1,SASRDGAPNEQF,1
TRBV20-1,TRBJ2-1,SASRDGAYNEQF,3
TRBV20-1,TRBJ2-1,SASRDGDHNEQF,2
TRBV20-1,TRBJ2-1,SASRDGEQF,1
TRBV20-1,TRBJ2-1,SASRDGEVNEQF,1
TRBV20-1,TRBJ2-1,SASRDGFSYNEQF,4
TRBV20-1,TRBJ2-1,SASRDGGDNEQF,6
TRBV20-1,TRBJ2-1,SASRDGGFGF,2
TRBV20-1,TRBJ2-1,SASRDGGFNEQF,1
TRBV20-1,TRBJ2-1,SASRDGGGYNEQF,1
TRBV20-1,TRBJ2-1,SASRDGGPYNEQF,6
TRBV20-1,TRBJ2-1,SASRDGGRGFF,2
TRBV20-1,TRBJ2-1,SASRDGGSYNEQF,2
TRBV20-1,TRBJ2-1,SASRDGGYEQF,1
TRBV20-1,TRBJ2-1,SASRDGGYNEQF,1
TRBV20-1,TRBJ2-1,SASRDGHDNEQF,1
TRBV20-1,TRBJ2-1,SASRDGHNEQF,7
TRBV20-1,TRBJ2-1,SASRDGINNEQF,3
TRBV20-1,TRBJ2-1,SASRDGIYNEQF,1
TRBV20-1,TRBJ2-1,SASRDGKYDEQF,1
TRBV20-1,TRBJ2-1,SASRDGLWTEDSTYNEQF,1
TRBV20-1,TRBJ2-1,SASRDGLYNEQF,1
TRBV20-1,TRBJ2-1,SASRDGMSSYNEQF,2
TRBV20-1,TRBJ2-1,SASRDGNELF,1
TRBV20-1,TRBJ2-1,SASRDGNEQF,11
TRBV20-1,TRBJ2-1,SASRDGNNEQF,1
TRBV20-1,TRBJ2-1,SASRDGNSNEQF,1
TRBV20-1,TRBJ2-1,SASRDGPGGRNEQF,1
TRBV20-1,TRBJ2-1,SASRDGPYNEQF,3
TRBV20-1,TRBJ2-1,SASRDGRAVNEQF,1
TRBV20-1,TRBJ2-1,SASRDGREYNEQF,1
TRBV20-1,TRBJ2-1,SASRDGRGNEQF,1
TRBV20-1,TRBJ2-1,SASRDGRINEQF,1
TRBV20-1,TRBJ2-1,SASRDGRNDEQF,1
TRBV20-1,TRBJ2-1,SASRDGRRNNEQF,1
TRBV20-1,TRBJ2-1,SASRDGRYEQF,1
TRBV20-1,TRBJ2-1,SASRDGSGNEQF,1
TRBV20-1,TRBJ2-1,SASRDGSNEQF,1
TRBV20-1,TRBJ2-1,SASRDGSSYNEQF,1
TRBV20-1,TRBJ2-1,SASRDGSYNEQF,2
TRBV20-1,TRBJ2-1,SASRDGTGDEQF,1
TRBV20-1,TRBJ2-1,SASRDGTNNEQF,1
TRBV20-1,TRBJ2-1,SASRDGTSALNEQF,1
TRBV20-1,TRBJ2-1,SASRDGTSGRYLYNEQF,1
TRBV20-1,TRBJ2-1,SASRDGTVYNEQF,1
TRBV20-1,TRBJ2-1,SASRDGTWRNEQF,1
TRBV20-1,TRBJ2-1,SASRDGTYNEQF,5
TRBV20-1,TRBJ2-1,SASRDGTYNKQF,1
TRBV20-1,TRBJ2-1,SASRDGVHVNNEQF,1
TRBV20-1,TRBJ2-1,SASRDGVNEQF,3
TRBV20-1,TRBJ2-1,SASRDGWGNEQF,2
TRBV20-1,TRBJ2-1,SASRDGYNEQF,7
TRBV20-1,TRBJ2-1,SASRDGYYNEQF,1
TRBV20-1,TRBJ2-1,SASRDHEQF,1
TRBV20-1,TRBJ2-1,SASRDHNEQF,12
TRBV20-1,TRBJ2-1,SASRDHNGQF,1
TRBV20-1,TRBJ2-1,SASRDHSYNEQF,1
TRBV20-1,TRBJ2-1,SASRDHYNEQF,4
TRBV20-1,TRBJ2-1,SASRDIALHEQF,1
TRBV20-1,TRBJ2-1,SASRDIATYNEQF,1
TRBV20-1,TRBJ2-1,SASRDIFYNEQF,6
TRBV20-1,TRBJ2-1,SASRDIGNEQF,1
TRBV20-1,TRBJ2-1,SASRDILYNEQF,1
TRBV20-1,TRBJ2-1,SASRDIMNGIIYEQF,1
TRBV20-1,TRBJ2-1,SASRDINEQF,1
TRBV20-1,TRBJ2-1,SASRDIQEFRF,3
TRBV20-1,TRBJ2-1,SASRDIRGQGSYNEQF,1
TRBV20-1,TRBJ2-1,SASRDISNEQF,1
TRBV20-1,TRBJ2-1,SASRDISSYNEQF,1
TRBV20-1,TRBJ2-1,SASRDISYNEQF,3
TRBV20-1,TRBJ2-1,SASRDITYNEQF,1
TRBV20-1,TRBJ2-1,SASRDIYNEQF,9
TRBV20-1,TRBJ2-1,SASRDKGRDEQF,1
TRBV20-1,TRBJ2-1,SASRDKNEQF,1
TRBV20-1,TRBJ2-1,SASRDKNNEQF,3
TRBV20-1,TRBJ2-1,SASRDKYNEQF,2
TRBV20-1,TRBJ2-1,SASRDLAFGILNEQF,1
TRBV20-1,TRBJ2-1,SASRDLAVWYNEQF,1
TRBV20-1,TRBJ2-1,SASRDLAYNEQF,2
TRBV20-1,TRBJ2-1,SASRDLDEQF,1
TRBV20-1,TRBJ2-1,SASRDLDNEQF,7
TRBV20-1,TRBJ2-1,SASRDLDSLIYNEQF,1
TRBV20-1,TRBJ2-1,SASRDLDYNEQF,1
TRBV20-1,TRBJ2-1,SASRDLEGNEQF,4
TRBV20-1,TRBJ2-1,SASRDLFGGLSRF,3
TRBV20-1,TRBJ2-1,SASRDLGSYNEQF,1
TRBV20-1,TRBJ2-1,SASRDLGYNEQF,1
TRBV20-1,TRBJ2-1,SASRDLHNEQF,1
TRBV20-1,TRBJ2-1,SASRDLIQHEQF,3
TRBV20-1,TRBJ2-1,SASRDLLWGYNEQF,1
TRBV20-1,TRBJ2-1,SASRDLNEQF,1
TRBV20-1,TRBJ2-1,SASRDLNYNEQF,1
TRBV20-1,TRBJ2-1,SASRDLPAYNEQF,1
TRBV20-1,TRBJ2-1,SASRDLPFYNEQF,1
TRBV20-1,TRBJ2-1,SASRDLPNEQF,1
TRBV20-1,TRBJ2-1,SASRDLPYNEQF,1
TRBV20-1,TRBJ2-1,SASRDLQYNEQF,1
TRBV20-1,TRBJ2-1,SASRDLRDNEQF,1
TRBV20-1,TRBJ2-1,SASRDLRLYYNEQF,1
TRBV20-1,TRBJ2-1,SASRDLSSYNEQF,2
TRBV20-1,TRBJ2-1,SASRDLSYNEQF,5
TRBV20-1,TRBJ2-1,SASRDLTGNEQF,1
TRBV20-1,TRBJ2-1,SASRDLTKGGSYNEQF,2
TRBV20-1,TRBJ2-1,SASRDLTSGNEQF,3
TRBV20-1,TRBJ2-1,SASRDLTYNEQF,1
TRBV20-1,TRBJ2-1,SASRDLVNEQF,2
TRBV20-1,TRBJ2-1,SASRDLYNEQF,12
TRBV20-1,TRBJ2-1,SASRDLYYNEQF,1
TRBV20-1,TRBJ2-1,SASRDMKISSSYNEQF,5
TRBV20-1,TRBJ2-1,SASRDMRELGNNEQF,1
TRBV20-1,TRBJ2-1,SASRDMWNEQF,1
TRBV20-1,TRBJ2-1,SASRDNDYNEQF,1
TRBV20-1,TRBJ2-1,SASRDNEQF,35
TRBV20-1,TRBJ2-1,SASRDNGFSEQF,3
TRBV20-1,TRBJ2-1,SASRDNHNEQF,1
TRBV20-1,TRBJ2-1,SASRDNNEQF,13
TRBV20-1,TRBJ2-1,SASRDNPTYNEQF,1
TRBV20-1,TRBJ2-1,SASRDNQF,1
TRBV20-1,TRBJ2-1,SASRDNQYNEQF,1
TRBV20-1,TRBJ2-1,SASRDNSGYNEQF,1
TRBV20-1,TRBJ2-1,SASRDNSYNEQF,3
TRBV20-1,TRBJ2-1,SASRDNYEQF,1
TRBV20-1,TRBJ2-1,SASRDNYNEQF,8
TRBV20-1,TRBJ2-1,SASRDPDNEQF,1
TRBV20-1,TRBJ2-1,SASRDPDVDNEQF,1
TRBV20-1,TRBJ2-1,SASRDPEDYNEQF,1
TRBV20-1,TRBJ2-1,SASRDPENNEQF,1
TRBV20-1,TRBJ2-1,SASRDPFSYNEQF,4
TRBV20-1,TRBJ2-1,SASRDPGGDEQF,1
TRBV20-1,TRBJ2-1,SASRDPGGSNEQF,1
TRBV20-1,TRBJ2-1,SASRDPGNEQF,6
TRBV20-1,TRBJ2-1,SASRDPGPNEQF,1
TRBV20-1,TRBJ2-1,SASRDPGPYNEQF,1
TRBV20-1,TRBJ2-1,SASRDPGSPRDNEQF,1
TRBV20-1,TRBJ2-1,SASRDPGTRNEQF,3
TRBV20-1,TRBJ2-1,SASRDPGVGQF,5
TRBV20-1,TRBJ2-1,SASRDPGVNEQF,1
TRBV20-1,TRBJ2-1,SASRDPITISDEQF,1
TRBV20-1,TRBJ2-1,SASRDPLDNEQF,1
TRBV20-1,TRBJ2-1,SASRDPLNNEQF,1
TRBV20-1,TRBJ2-1,SASRDPNEQF,3
TRBV20-1,TRBJ2-1,SASRDPNNEQF,2
TRBV20-1,TRBJ2-1,SASRDPPYNEQF,1
TRBV20-1,TRBJ2-1,SASRDPQGNEQF,1
TRBV20-1,TRBJ2-1,SASRDPRGNEQF,1
TRBV20-1,TRBJ2-1,SASRDPRNEQF,2
TRBV20-1,TRBJ2-1,SASRDPRRNEQF,1
TRBV20-1,TRBJ2-1,SASRDPRYHEQF,1
TRBV20-1,TRBJ2-1,SASRDPSAHEQF,1
TRBV20-1,TRBJ2-1,SASRDPSDNEQF,1
TRBV20-1,TRBJ2-1,SASRDPSGRNEQF,1
TRBV20-1,TRBJ2-1,SASRDPSPDEQF,1
TRBV20-1,TRBJ2-1,SASRDPSSYNEQF,4
TRBV20-1,TRBJ2-1,SASRDPSYNEQF,2
TRBV20-1,TRBJ2-1,SASRDPTSNEQF,1
TRBV20-1,TRBJ2-1,SASRDPTYNEQF,4
TRBV20-1,TRBJ2-1,SASRDPVLDEQF,1
TRBV20-1,TRBJ2-1,SASRDPVNEQF,1
TRBV20-1,TRBJ2-1,SASRDPVPSSYNEQF,1
TRBV20-1,TRBJ2-1,SASRDPVWNEQF,1
TRBV20-1,TRBJ2-1,SASRDPYNEQF,52
TRBV20-1,TRBJ2-1,SASRDPYSYNEQF,1
TRBV20-1,TRBJ2-1,SASRDPYYNEQF,1
TRBV20-1,TRBJ2-1,SASRDQARYEQF,1
TRBV20-1,TRBJ2-1,SASRDQEVHNEQF,1
TRBV20-1,TRBJ2-1,SASRDQGPYNEQF,1
TRBV20-1,TRBJ2-1,SASRDQLLSYNEQF,1
TRBV20-1,TRBJ2-1,SASRDQLPRVDEQF,1
TRBV20-1,TRBJ2-1,SASRDQLSNEQF,1
TRBV20-1,TRBJ2-1,SASRDQLYNEQF,1
TRBV20-1,TRBJ2-1,SASRDQNNEQF,2
TRBV20-1,TRBJ2-1,SASRDQPVYNEQF,3
TRBV20-1,TRBJ2-1,SASRDQPYNEQF,1
TRBV20-1,TRBJ2-1,SASRDQQF,7
TRBV20-1,TRBJ2-1,SASRDQSFYNEQF,1
TRBV20-1,TRBJ2-1,SASRDQSYNEQF,2
TRBV20-1,TRBJ2-1,SASRDQYANEQF,1
TRBV20-1,TRBJ2-1,SASRDQYNEQF,3
TRBV20-1,TRBJ2-1,SASRDRAAYNEQF,1
TRBV20-1,TRBJ2-1,SASRDRAFRASYNEQF,1
TRBV20-1,TRBJ2-1,SASRDRAFYNEQF,1
TRBV20-1,TRBJ2-1,SASRDRAGIWGNEQF,1
TRBV20-1,TRBJ2-1,SASRDRAGNEQF,1
TRBV20-1,TRBJ2-1,SASRDRANEQF,8
TRBV20-1,TRBJ2-1,SASRDRANYNEQF,1
TRBV20-1,TRBJ2-1,SASRDRARYNEQF,7
TRBV20-1,TRBJ2-1,SASRDRASYNEQF,2
TRBV20-1,TRBJ2-1,SASRDRAVDEQF,1
TRBV20-1,TRBJ2-1,SASRDRAYNEQF,11
TRBV20-1,TRBJ2-1,SASRDRDFDEQF,1
TRBV20-1,TRBJ2-1,SASRDRDFNEQF,1
TRBV20-1,TRBJ2-1,SASRDRDLPETSARYNEQF,1
TRBV20-1,TRBJ2-1,SASRDRDNEQF,19
TRBV20-1,TRBJ2-1,SASRDRDNNEQF,1
TRBV20-1,TRBJ2-1,SASRDRDRGNSYNEQF,1
TRBV20-1,TRBJ2-1,SASRDRDRGQF,4
TRBV20-1,TRBJ2-1,SASRDRDSEGDEQF,2
TRBV20-1,TRBJ2-1,SASRDRDSEQF,1
TRBV20-1,TRBJ2-1,SASRDRDTGSNSYNEQF,1
TRBV20-1,TRBJ2-1,SASRDRDVIDEQF,1
TRBV20-1,TRBJ2-1,SASRDRDYNEQF,5
TRBV20-1,TRBJ2-1,SASRDREFNEQF,1
TRBV20-1,TRBJ2-1,SASRDREGYNEQF,1
TRBV20-1,TRBJ2-1,SASRDRENNEQF,1
TRBV20-1,TRBJ2-1,SASRDREQF,2
TRBV20-1,TRBJ2-1,SASRDRERGRVLNEQF,1
TRBV20-1,TRBJ2-1,SASRDRERNNEQF,1
TRBV20-1,TRBJ2-1,SASRDRESYNEQF,5
TRBV20-1,TRBJ2-1,SASRDRETHEQF,1
TRBV20-1,TRBJ2-1,SASRDREYNEKS,1
TRBV20-1,TRBJ2-1,SASRDREYNEQF,7
TRBV20-1,TRBJ2-1,SASRDRFDEQF,1
TRBV20-1,TRBJ2-1,SASRDRFYNEQF,3
TRBV20-1,TRBJ2-1,SASRDRGAHEQF,1
TRBV20-1,TRBJ2-1,SASRDRGAMINNEQF,1
TRBV20-1,TRBJ2-1,SASRDRGDEQF,3
TRBV20-1,TRBJ2-1,SASRDRGDINEQF,1
TRBV20-1,TRBJ2-1,SASRDRGDLSYNEQF,1
TRBV20-1,TRBJ2-1,SASRDRGDNEQF,7
TRBV20-1,TRBJ2-1,SASRDRGFDEQF,3
TRBV20-1,TRBJ2-1,SASRDRGFEQF,8
TRBV20-1,TRBJ2-1,SASRDRGFGSYNEQF,1
TRBV20-1,TRBJ2-1,SASRDRGFMVGDEQF,1
TRBV20-1,TRBJ2-1,SASRDRGFNEQF,11
TRBV20-1,TRBJ2-1,SASRDRGFYNEQF,2
TRBV20-1,TRBJ2-1,SASRDRGGDEQF,3
TRBV20-1,TRBJ2-1,SASRDRGGEQF,5
TRBV20-1,TRBJ2-1,SASRDRGGMDEQF,2
TRBV20-1,TRBJ2-1,SASRDRGGNEQF,3
TRBV20-1,TRBJ2-1,SASRDRGGSSYNEQF,1
TRBV20-1,TRBJ2-1,SASRDRGGYNEQF,1
TRBV20-1,TRBJ2-1,SASRDRGHDEQF,1
TRBV20-1,TRBJ2-1,SASRDRGHEQF,7
TRBV20-1,TRBJ2-1,SASRDRGHNEQF,4
TRBV20-1,TRBJ2-1,SASRDRGIGEQF,2
TRBV20-1,TRBJ2-1,SASRDRGINEQF,1
TRBV20-1,TRBJ2-1,SASRDRGISYNEQF,1
TRBV20-1,TRBJ2-1,SASRDRGKNEQF,7
TRBV20-1,TRBJ2-1,SASRDRGLAGDNEQF,1
TRBV20-1,TRBJ2-1,SASRDRGLDEQF,3
TRBV20-1,TRBJ2-1,SASRDRGLDNEQF,1
TRBV20-1,TRBJ2-1,SASRDRGLGNEQF,6
TRBV20-1,TRBJ2-1,SASRDRGLGQF,1
TRBV20-1,TRBJ2-1,SASRDRGLGYEQF,1
TRBV20-1,TRBJ2-1,SASRDRGLHEQF,1
TRBV20-1,TRBJ2-1,SASRDRGLIEQF,6
TRBV20-1,TRBJ2-1,SASRDRGLLARYNEQF,1
TRBV20-1,TRBJ2-1,SASRDRGLNEQF,5
TRBV20-1,TRBJ2-1,SASRDRGLTYNEQF,1
TRBV20-1,TRBJ2-1,SASRDRGLYNEQF,2
TRBV20-1,TRBJ2-1,SASRDRGMDEQF,1
TRBV20-1,TRBJ2-1,SASRDRGMNEQF,1
TRBV20-1,TRBJ2-1,SASRDRGNEQF,25
TRBV20-1,TRBJ2-1,SASRDRGNNEQF,10
TRBV20-1,TRBJ2-1,SASRDRGPDEQF,1
TRBV20-1,TRBJ2-1,SASRDRGPHNEQF,1
TRBV20-1,TRBJ2-1,SASRDRGPINEQF,10
TRBV20-1,TRBJ2-1,SASRDRGPNEQF,2
TRBV20-1,TRBJ2-1,SASRDRGPRAYNEQF,1
TRBV20-1,TRBJ2-1,SASRDRGPYSSYNEQF,1
TRBV20-1,TRBJ2-1,SASRDRGQGNEQF,1
TRBV20-1,TRBJ2-1,SASRDRGQSNEQF,3
TRBV20-1,TRBJ2-1,SASRDRGRDNEQF,1
TRBV20-1,TRBJ2-1,SASRDRGRGSYNEQF,1
TRBV20-1,TRBJ2-1,SASRDRGRHEQF,1
TRBV20-1,TRBJ2-1,SASRDRGRIYEQF,1
TRBV20-1,TRBJ2-1,SASRDRGRNEQF,16
TRBV20-1,TRBJ2-1,SASRDRGRWRHNEQF,1
TRBV20-1,TRBJ2-1,SASRDRGRYNEQF,1
TRBV20-1,TRBJ2-1,SASRDRGSDEQF,2
TRBV20-1,TRBJ2-1,SASRDRGSGFGYNEQF,1
TRBV20-1,TRBJ2-1,SASRDRGSNEQF,13
TRBV20-1,TRBJ2-1,SASRDRGSSYNEQF,6
TRBV20-1,TRBJ2-1,SASRDRGSYNEQF,18
TRBV20-1,TRBJ2-1,SASRDRGTLNEQF,1
TRBV20-1,TRBJ2-1,SASRDRGTNEQF,1
TRBV20-1,TRBJ2-1,SASRDRGVDEQF,1
TRBV20-1,TRBJ2-1,SASRDRGVNEQF,2
TRBV20-1,TRBJ2-1,SASRDRGYDEQF,1
TRBV20-1,TRBJ2-1,SASRDRGYDNEQF,1
TRBV20-1,TRBJ2-1,SASRDRGYEQF,1
TRBV20-1,TRBJ2-1,SASRDRGYNEQF,51
TRBV20-1,TRBJ2-1,SASRDRHNEQF,2
TRBV20-1,TRBJ2-1,SASRDRIGNEQF,1
TRBV20-1,TRBJ2-1,SASRDRINEQF,1
TRBV20-1,TRBJ2-1,SASRDRINNEQF,1
TRBV20-1,TRBJ2-1,SASRDRIYNEQF,1
TRBV20-1,TRBJ2-1,SASRDRKNEQF,3
TRBV20-1,TRBJ2-1,SASRDRKYEQF,1
TRBV20-1,TRBJ2-1,SASRDRLAAYNEQF,1
TRBV20-1,TRBJ2-1,SASRDRLAVDNEQF,3
TRBV20-1,TRBJ2-1,SASRDRLNEQF,1
TRBV20-1,TRBJ2-1,SASRDRLTRDNEQF,1
TRBV20-1,TRBJ2-1,SASRDRLYNEQF,3
TRBV20-1,TRBJ2-1,SASRDRNNEPF,1
TRBV20-1,TRBJ2-1,SASRDRNNEQF,12
TRBV20-1,TRBJ2-1,SASRDRNYNEQF,2
TRBV20-1,TRBJ2-1,SASRDRPINEQF,1
TRBV20-1,TRBJ2-1,SASRDRPNEQF,1
TRBV20-1,TRBJ2-1,SASRDRPVDEQF,1
TRBV20-1,TRBJ2-1,SASRDRPYNEQF,1
TRBV20-1,TRBJ2-1,SASRDRQF,6
TRBV20-1,TRBJ2-1,SASRDRQNEQF,1
TRBV20-1,TRBJ2-1,SASRDRQYNEQF,2
TRBV20-1,TRBJ2-1,SASRDRRAYNEQF,2
TRBV20-1,TRBJ2-1,SASRDRRFDEQF,1
TRBV20-1,TRBJ2-1,SASRDRRSYNEQF,1
TRBV20-1,TRBJ2-1,SASRDRSAHEQF,1
TRBV20-1,TRBJ2-1,SASRDRSANEQF,2
TRBV20-1,TRBJ2-1,SASRDRSDEQF,1
TRBV20-1,TRBJ2-1,SASRDRSGGNEQF,1
TRBV20-1,TRBJ2-1,SASRDRSHNEQF,1
TRBV20-1,TRBJ2-1,SASRDRSIHEQF,1
TRBV20-1,TRBJ2-1,SASRDRSNEQF,2
TRBV20-1,TRBJ2-1,SASRDRSNNEQF,1
TRBV20-1,TRBJ2-1,SASRDRSSGGYNEQF,7
TRBV20-1,TRBJ2-1,SASRDRSSGINEQF,2
TRBV20-1,TRBJ2-1,SASRDRSSYNEQF,2
TRBV20-1,TRBJ2-1,SASRDRSYNEQF,5
TRBV20-1,TRBJ2-1,SASRDRTFANEQF,1
TRBV20-1,TRBJ2-1,SASRDRTNEQF,2
TRBV20-1,TRBJ2-1,SASRDRTPNEQF,1
TRBV20-1,TRBJ2-1,SASRDRTPYNEQF,2
TRBV20-1,TRBJ2-1,SASRDRTYNEQF,8
TRBV20-1,TRBJ2-1,SASRDRVARPYNEQF,1
TRBV20-1,TRBJ2-1,SASRDRVDEQF,4
TRBV20-1,TRBJ2-1,SASRDRVDYNEQF,1
TRBV20-1,TRBJ2-1,SASRDRVGNEQF,6
TRBV20-1,TRBJ2-1,SASRDRVHEQF,2
TRBV20-1,TRBJ2-1,SASRDRVHNEQF,3
TRBV20-1,TRBJ2-1,SASRDRVIISYNEQF,1
TRBV20-1,TRBJ2-1,SASRDRVLGLAGFYNEQF,1
TRBV20-1,TRBJ2-1,SASRDRVLNEQF,2
TRBV20-1,TRBJ2-1,SASRDRVMNEQF,1
TRBV20-1,TRBJ2-1,SASRDRVNEQF,2
TRBV20-1,TRBJ2-1,SASRDRVNGNEQF,1
TRBV20-1,TRBJ2-1,SASRDRVPSSYNEQF,2
TRBV20-1,TRBJ2-1,SASRDRVPSVRNEQF,1
TRBV20-1,TRBJ2-1,SASRDRVSNEQF,1
TRBV20-1,TRBJ2-1,SASRDRVTDEQF,1
TRBV20-1,TRBJ2-1,SASRDRVTRTNYNEQF,1
TRBV20-1,TRBJ2-1,SASRDRVTYNEQF,5
TRBV20-1,TRBJ2-1,SASRDRVVNEQF,1
TRBV20-1,TRBJ2-1,SASRDRVVVNEQF,1
TRBV20-1,TRBJ2-1,SASRDRVVWNSYNEQF,1
TRBV20-1,TRBJ2-1,SASRDRVYNEQF,3
TRBV20-1,TRBJ2-1,SASRDRWGNEQF,3
TRBV20-1,TRBJ2-1,SASRDRYDTDEQF,1
TRBV20-1,TRBJ2-1,SASRDRYNEQF,32
TRBV20-1,TRBJ2-1,SASRDSAGNEQF,1
TRBV20-1,TRBJ2-1,SASRDSATNEQF,1
TRBV20-1,TRBJ2-1,SASRDSAYNEQF,6
TRBV20-1,TRBJ2-1,SASRDSCYNEQF,1
TRBV20-1,TRBJ2-1,SASRDSDNEQF,4
TRBV20-1,TRBJ2-1,SASRDSDSSYNEQF,1
TRBV20-1,TRBJ2-1,SASRDSDYNEQF,1
TRBV20-1,TRBJ2-1,SASRDSEQF,12
TRBV20-1,TRBJ2-1,SASRDSEYNEQF,1
TRBV20-1,TRBJ2-1,SASRDSFNEQF,3
TRBV20-1,TRBJ2-1,SASRDSFYNEQF,40
TRBV20-1,TRBJ2-1,SASRDSGAGGSYNEQF,1
TRBV20-1,TRBJ2-1,SASRDSGFEQF,1
TRBV20-1,TRBJ2-1,SASRDSGGHEQF,1
TRBV20-1,TRBJ2-1,SASRDSGGNEQF,2
TRBV20-1,TRBJ2-1,SASRDSGGPGVDEQF,1
TRBV20-1,TRBJ2-1,SASRDSGILYNEQF,1
TRBV20-1,TRBJ2-1,SASRDSGNEQF,6
TRBV20-1,TRBJ2-1,SASRDSGNNEQF,1
TRBV20-1,TRBJ2-1,SASRDSGPGLGGNEQF,1
TRBV20-1,TRBJ2-1,SASRDSGPRYNEQF,1
TRBV20-1,TRBJ2-1,SASRDSGPYNEQF,3
TRBV20-1,TRBJ2-1,SASRDSGQWIYNEQF,2
TRBV20-1,TRBJ2-1,SASRDSGRRQF,4
TRBV20-1,TRBJ2-1,SASRDSGSDEQF,2
TRBV20-1,TRBJ2-1,SASRDSGSYEQF,3
TRBV20-1,TRBJ2-1,SASRDSGSYNEQF,2
TRBV20-1,TRBJ2-1,SASRDSGYNEQF,5
TRBV20-1,TRBJ2-1,SASRDSHNEQF,4
TRBV20-1,TRBJ2-1,SASRDSHYNEQF,1
TRBV20-1,TRBJ2-1,SASRDSIEQF,3
TRBV20-1,TRBJ2-1,SASRDSILNEQF,1
TRBV20-1,TRBJ2-1,SASRDSISYNEQF,2
TRBV20-1,TRBJ2-1,SASRDSKLQNEQF,1
TRBV20-1,TRBJ2-1,SASRDSKNEQF,1
TRBV20-1,TRBJ2-1,SASRDSLGGEKNEQF,1
TRBV20-1,TRBJ2-1,SASRDSLGNEQF,1
TRBV20-1,TRBJ2-1,SASRDSLGSYNEQF,1
TRBV20-1,TRBJ2-1,SASRDSLIYNEQF,2
TRBV20-1,TRBJ2-1,SASRDSLMFNEQF,1
TRBV20-1,TRBJ2-1,SASRDSLNEQF,2
TRBV20-1,TRBJ2-1,SASRDSLNNEQF,2
TRBV20-1,TRBJ2-1,SASRDSLRSYNEQF,2
TRBV20-1,TRBJ2-1,SASRDSLSNEQF,1
TRBV20-1,TRBJ2-1,SASRDSLYEQF,1
TRBV20-1,TRBJ2-1,SASRDSLYGEQF,5
TRBV20-1,TRBJ2-1,SASRDSLYNEQF,10
TRBV20-1,TRBJ2-1,SASRDSMIAHEQF,1
TRBV20-1,TRBJ2-1,SASRDSNEQF,7
TRBV20-1,TRBJ2-1,SASRDSNNEQF,25
TRBV20-1,TRBJ2-1,SASRDSNRHEQF,1
TRBV20-1,TRBJ2-1,SASRDSNYNEQF,1
TRBV20-1,TRBJ2-1,SASRDSPDEQF,1
TRBV20-1,TRBJ2-1,SASRDSPRGRDEQF,1
TRBV20-1,TRBJ2-1,SASRDSPTDEQF,1
TRBV20-1,TRBJ2-1,SASRDSPTSYNEQF,1
TRBV20-1,TRBJ2-1,SASRDSPTYNEQF,1
TRBV20-1,TRBJ2-1,SASRDSPYNEQF,6
TRBV20-1,TRBJ2-1,SASRDSQF,3
TRBV20-1,TRBJ2-1,SASRDSQHSEQF,1
TRBV20-1,TRBJ2-1,SASRDSQVYNEQF,4
TRBV20-1,TRBJ2-1,SASRDSQYNEQF,2
TRBV20-1,TRBJ2-1,SASRDSRHNEQF,1
TRBV20-1,TRBJ2-1,SASRDSRNNEQF,1
TRBV20-1,TRBJ2-1,SASRDSRQDNEQF,1
TRBV20-1,TRBJ2-1,SASRDSRTNEQF,4
TRBV20-1,TRBJ2-1,SASRDSRVNEQF,1
TRBV20-1,TRBJ2-1,SASRDSRYNEQF,1
TRBV20-1,TRBJ2-1,SASRDSRYTTDEQF,1
TRBV20-1,TRBJ2-1,SASRDSSNNEQF,2
TRBV20-1,TRBJ2-1,SASRDSSSYNEQF,5
TRBV20-1,TRBJ2-1,SASRDSSYNEQF,47
TRBV20-1,TRBJ2-1,SASRDSTGNEQF,1
TRBV20-1,TRBJ2-1,SASRDSTNEQF,1
TRBV20-1,TRBJ2-1,SASRDSTTSYNEQF,1
TRBV20-1,TRBJ2-1,SASRDSTWNEQF,1
TRBV20-1,TRBJ2-1,SASRDSTYNEQF,13
TRBV20-1,TRBJ2-1,SASRDSVDNEQF,1
TRBV20-1,TRBJ2-1,SASRDSVFEQF,20
TRBV20-1,TRBJ2-1,SASRDSVHNEQF,1
TRBV20-1,TRBJ2-1,SASRDSVYNEQF,4
TRBV20-1,TRBJ2-1,SASRDSWDEQF,1
TRBV20-1,TRBJ2-1,SASRDSYDEQF,1
TRBV20-1,TRBJ2-1,SASRDSYEQF,1
TRBV20-1,TRBJ2-1,SASRDSYGEQF,1
TRBV20-1,TRBJ2-1,SASRDSYNEQF,63
TRBV20-1,TRBJ2-1,SASRDSYNEQS,1
TRBV20-1,TRBJ2-1,SASRDSYSYNEQF,2
TRBV20-1,TRBJ2-1,SASRDSYYNEQF,3
TRBV20-1,TRBJ2-1,SASRDTAYNEQF,3
TRBV20-1,TRBJ2-1,SASRDTDEQF,1
TRBV20-1,TRBJ2-1,SASRDTDNEQF,2
TRBV20-1,TRBJ2-1,SASRDTEQF,1
TRBV20-1,TRBJ2-1,SASRDTFRDEQF,1
TRBV20-1,TRBJ2-1,SASRDTGNEQF,2
TRBV20-1,TRBJ2-1,SASRDTGTIYNEQF,4
TRBV20-1,TRBJ2-1,SASRDTGYNEQF,1
TRBV20-1,TRBJ2-1,SASRDTHNEQF,1
TRBV20-1,TRBJ2-1,SASRDTHYNEQF,2
TRBV20-1,TRBJ2-1,SASRDTIYNEQF,1
TRBV20-1,TRBJ2-1,SASRDTLINEQF,1
TRBV20-1,TRBJ2-1,SASRDTLNEQF,1
TRBV20-1,TRBJ2-1,SASRDTNEQF,4
TRBV20-1,TRBJ2-1,SASRDTNNEQF,2
TRBV20-1,TRBJ2-1,SASRDTPRRDEQF,1
TRBV20-1,TRBJ2-1,SASRDTQLNEQF,1
TRBV20-1,TRBJ2-1,SASRDTQNEQF,1
TRBV20-1,TRBJ2-1,SASRDTQYNEQF,3
TRBV20-1,TRBJ2-1,SASRDTRGGINEQF,1
TRBV20-1,TRBJ2-1,SASRDTSGNEQF,1
TRBV20-1,TRBJ2-1,SASRDTSNNEQF,1
TRBV20-1,TRBJ2-1,SASRDTSSEIYEQF,1
TRBV20-1,TRBJ2-1,SASRDTSSYNEQF,2
TRBV20-1,TRBJ2-1,SASRDTSYNEQF,3
TRBV20-1,TRBJ2-1,SASRDTTFDEQF,1
TRBV20-1,TRBJ2-1,SASRDTTYNEQF,1
TRBV20-1,TRBJ2-1,SASRDTVNEQF,1
TRBV20-1,TRBJ2-1,SASRDTWGDEQF,1
TRBV20-1,TRBJ2-1,SASRDTYNEQF,33
TRBV20-1,TRBJ2-1,SASRDVDEQF,1
TRBV20-1,TRBJ2-1,SASRDVRGGYNEQF,1
TRBV20-1,TRBJ2-1,SASRDVSYNEQF,3
TRBV20-1,TRBJ2-1,SASRDVTYNEQF,1
TRBV20-1,TRBJ2-1,SASRDVYEQF,1
TRBV20-1,TRBJ2-1,SASRDVYNEQF,6
TRBV20-1,TRBJ2-1,SASRDWDEQF,2
TRBV20-1,TRBJ2-1,SASRDWEQF,2
TRBV20-1,TRBJ2-1,SASRDWGDEQF,1
TRBV20-1,TRBJ2-1,SASRDWGNEQF,2
TRBV20-1,TRBJ2-1,SASRDWGYNEQF,1
TRBV20-1,TRBJ2-1,SASRDWHNEQF,3
TRBV20-1,TRBJ2-1,SASRDWISNEQF,8
TRBV20-1,TRBJ2-1,SASRDWRGNEQF,1
TRBV20-1,TRBJ2-1,SASRDWRSYNEQF,1
TRBV20-1,TRBJ2-1,SASRDWTPYEQF,1
TRBV20-1,TRBJ2-1,SASRDWYNEQF,6
TRBV20-1,TRBJ2-1,SASRDYAGGNEQF,1
TRBV20-1,TRBJ2-1,SASRDYDEQF,4
TRBV20-1,TRBJ2-1,SASRDYDNEQF,1
TRBV20-1,TRBJ2-1,SASRDYFHSGNEQF,1
TRBV20-1,TRBJ2-1,SASRDYFIGNEQF,3
TRBV20-1,TRBJ2-1,SASRDYFYNEQF,1
TRBV20-1,TRBJ2-1,SASRDYGFDEQF,1
TRBV20-1,TRBJ2-1,SASRDYGHEQF,1
TRBV20-1,TRBJ2-1,SASRDYGNEQF,1
TRBV20-1,TRBJ2-1,SASRDYGWDNEQF,1
TRBV20-1,TRBJ2-1,SASRDYHFHNEQF,1
TRBV20-1,TRBJ2-1,SASRDYHSYNEQF,1
TRBV20-1,TRBJ2-1,SASRDYINEQF,1
TRBV20-1,TRBJ2-1,SASRDYLDYNEQF,1
TRBV20-1,TRBJ2-1,SASRDYLHEQF,3
TRBV20-1,TRBJ2-1,SASRDYLHNEQF,1
TRBV20-1,TRBJ2-1,SASRDYLPNEQF,1
TRBV20-1,TRBJ2-1,SASRDYLQVPPSYNEQF,1
TRBV20-1,TRBJ2-1,SASRDYLTDEQF,1
TRBV20-1,TRBJ2-1,SASRDYLYNEQF,6
TRBV20-1,TRBJ2-1,SASRDYNEQF,35
TRBV20-1,TRBJ2-1,SASRDYNNEQF,5
TRBV20-1,TRBJ2-1,SASRDYNYNEQF,1
TRBV20-1,TRBJ2-1,SASRDYPFYNEQF,3
TRBV20-1,TRBJ2-1,SASRDYPPNEQF,7
TRBV20-1,TRBJ2-1,SASRDYPSPGSYNEQF,1
TRBV20-1,TRBJ2-1,SASRDYPYNEQF,1
TRBV20-1,TRBJ2-1,SASRDYQSYNEQF,1
TRBV20-1,TRBJ2-1,SASRDYRGNEQF,1
TRBV20-1,TRBJ2-1,SASRDYRINEQF,1
TRBV20-1,TRBJ2-1,SASRDYRYANEQF,1
TRBV20-1,TRBJ2-1,SASRDYRYNEQF,2
TRBV20-1,TRBJ2-1,SASRDYSAHEQF,1
TRBV20-1,TRBJ2-1,SASRDYSSYNEQF,1
TRBV20-1,TRBJ2-1,SASRDYSYNEQF,4
TRBV20-1,TRBJ2-1,SASRDYTNEQF,1
TRBV20-1,TRBJ2-1,SASRDYTYNEQF,9
TRBV20-1,TRBJ2-1,SASRDYWEPNNEQF,1
TRBV20-1,TRBJ2-1,SASRDYYNEQF,15
TRBV20-1,TRBJ2-1,SASREAAYNEQF,3
TRBV20-1,TRBJ2-1,SASREADNEQF,1
TRBV20-1,TRBJ2-1,SASREAEYNEQF,1
TRBV20-1,TRBJ2-1,SASREAFDEQF,1
TRBV20-1,TRBJ2-1,SASREAFYNEQF,1
TRBV20-1,TRBJ2-1,SASREAGGHNEQF,1
TRBV20-1,TRBJ2-1,SASREAGGNEQF,1
TRBV20-1,TRBJ2-1,SASREAGGRFNEQF,1
TRBV20-1,TRBJ2-1,SASREAGNEQF,1
TRBV20-1,TRBJ2-1,SASREAGSYNEQF,2
TRBV20-1,TRBJ2-1,SASREAGYNEQF,2
TRBV20-1,TRBJ2-1,SASREAHNEQF,1
TRBV20-1,TRBJ2-1,SASREAIYNEQF,1
TRBV20-1,TRBJ2-1,SASREAKYNEQF,1
TRBV20-1,TRBJ2-1,SASREALYNEQF,6
TRBV20-1,TRBJ2-1,SASREAMNEQF,1
TRBV20-1,TRBJ2-1,SASREANEQF,2
TRBV20-1,TRBJ2-1,SASREANNEQF,1
TRBV20-1,TRBJ2-1,SASREAPYNEQF,1
TRBV20-1,TRBJ2-1,SASREARFNEQF,1
TRBV20-1,TRBJ2-1,SASREARYNEQF,2
TRBV20-1,TRBJ2-1,SASREASSYNEQF,2
TRBV20-1,TRBJ2-1,SASREASYNEQF,6
TRBV20-1,TRBJ2-1,SASREATSGGVYNEQF,3
TRBV20-1,TRBJ2-1,SASREAVYNEQF,1
TRBV20-1,TRBJ2-1,SASREAYNEQF,3
TRBV20-1,TRBJ2-1,SASREDEQF,3
TRBV20-1,TRBJ2-1,SASREDGNEQF,1
TRBV20-1,TRBJ2-1,SASREDNEQF,6
TRBV20-1,TRBJ2-1,SASREDRALYNEQF,1
TRBV20-1,TRBJ2-1,SASREDRAPNEQF,1
TRBV20-1,TRBJ2-1,SASREDRNEQF,1
TRBV20-1,TRBJ2-1,SASREDRTNLNEQF,1
TRBV20-1,TRBJ2-1,SASREDSEQF,2
TRBV20-1,TRBJ2-1,SASREDYNEQF,3
TRBV20-1,TRBJ2-1,SASREEDEQF,1
TRBV20-1,TRBJ2-1,SASREEQF,18
TRBV20-1,TRBJ2-1,SASREERNEQF,1
TRBV20-1,TRBJ2-1,SASREERRNNEQF,1
TRBV20-1,TRBJ2-1,SASREESDHYNEQF,1
TRBV20-1,TRBJ2-1,SASREEYNEQF,1
TRBV20-1,TRBJ2-1,SASREFGDEQF,1
TRBV20-1,TRBJ2-1,SASREFSDEQF,1
TRBV20-1,TRBJ2-1,SASREFSGNEQF,1
TRBV20-1,TRBJ2-1,SASREFTYNEQF,1
TRBV20-1,TRBJ2-1,SASREFYNEQF,2
TRBV20-1,TRBJ2-1,SASREGAIYYNEQF,3
TRBV20-1,TRBJ2-1,SASREGALAGVGNEQF,1
TRBV20-1,TRBJ2-1,SASREGAMVYNEQF,1
TRBV20-1,TRBJ2-1,SASREGAYNEQF,2
TRBV20-1,TRBJ2-1,SASREGDLNEQF,1
TRBV20-1,TRBJ2-1,SASREGDNEQF,2
TRBV20-1,TRBJ2-1,SASREGDRTFNEQF,1
TRBV20-1,TRBJ2-1,SASREGDYNEQF,2
TRBV20-1,TRBJ2-1,SASREGEQF,10
TRBV20-1,TRBJ2-1,SASREGFSGRNEQF,1
TRBV20-1,TRBJ2-1,SASREGFSPADDNEQF,1
TRBV20-1,TRBJ2-1,SASREGFSYNEQF,4
TRBV20-1,TRBJ2-1,SASREGFYNEQF,1
TRBV20-1,TRBJ2-1,SASREGGLISYNEQF,1
TRBV20-1,TRBJ2-1,SASREGGLRNEQF,1
TRBV20-1,TRBJ2-1,SASREGGLYNEQF,5
TRBV20-1,TRBJ2-1,SASREGGNEQF,1
TRBV20-1,TRBJ2-1,SASREGGPPYNEQF,1
TRBV20-1,TRBJ2-1,SASREGGRASWDNEQF,1
TRBV20-1,TRBJ2-1,SASREGGSSYNEQF,1
TRBV20-1,TRBJ2-1,SASREGGYNEQF,3
TRBV20-1,TRBJ2-1,SASREGHSYNEQF,2
TRBV20-1,TRBJ2-1,SASREGHYNEQF,1
TRBV20-1,TRBJ2-1,SASREGIYNEQF,7
TRBV20-1,TRBJ2-1,SASREGLAASYNEQF,2
TRBV20-1,TRBJ2-1,SASREGLAAYNEQF,1
TRBV20-1,TRBJ2-1,SASREGLAWAINEQF,1
TRBV20-1,TRBJ2-1,SASREGLFNEQF,4
TRBV20-1,TRBJ2-1,SASREGLGNEQF,2
TRBV20-1,TRBJ2-1,SASREGLGSYNEQF,1
TRBV20-1,TRBJ2-1,SASREGLGYEQF,1
TRBV20-1,TRBJ2-1,SASREGLGYNEQF,1
TRBV20-1,TRBJ2-1,SASREGLIHEQF,1
TRBV20-1,TRBJ2-1,SASREGLLNEQF,2
TRBV20-1,TRBJ2-1,SASREGLPNEQF,1
TRBV20-1,TRBJ2-1,SASREGLPYEQF,1
TRBV20-1,TRBJ2-1,SASREGLPYNEQF,1
TRBV20-1,TRBJ2-1,SASREGLSYNEQF,1
TRBV20-1,TRBJ2-1,SASREGLTGGYEQF,8
TRBV20-1,TRBJ2-1,SASREGLWYEQF,1
TRBV20-1,TRBJ2-1,SASREGLYEQF,1
TRBV20-1,TRBJ2-1,SASREGLYNEQF,3
TRBV20-1,TRBJ2-1,SASREGNDEQF,1
TRBV20-1,TRBJ2-1,SASREGNEQF,8
TRBV20-1,TRBJ2-1,SASREGNRNEQF,1
TRBV20-1,TRBJ2-1,SASREGNYNEQF,1
TRBV20-1,TRBJ2-1,SASREGPFNEQF,1
TRBV20-1,TRBJ2-1,SASREGPHEQF,1
TRBV20-1,TRBJ2-1,SASREGPLDEQF,1
TRBV20-1,TRBJ2-1,SASREGPMGGSYNEQF,2
TRBV20-1,TRBJ2-1,SASREGPNEQF,1
TRBV20-1,TRBJ2-1,SASREGPNSYNEQF,1
TRBV20-1,TRBJ2-1,SASREGPYEQF,1
TRBV20-1,TRBJ2-1,SASREGPYNEQF,12
TRBV20-1,TRBJ2-1,SASREGQGADEQF,6
TRBV20-1,TRBJ2-1,SASREGQGGNEQF,7
TRBV20-1,TRBJ2-1,SASREGQNYNEQF,1
TRBV20-1,TRBJ2-1,SASREGQYDNEQF,1
TRBV20-1,TRBJ2-1,SASREGRDEQF,1
TRBV20-1,TRBJ2-1,SASREGREDEQF,1
TRBV20-1,TRBJ2-1,SASREGRGEQF,4
TRBV20-1,TRBJ2-1,SASREGRGEQL,1
TRBV20-1,TRBJ2-1,SASREGRGISYNEQF,1
TRBV20-1,TRBJ2-1,SASREGRGNEQF,1
TRBV20-1,TRBJ2-1,SASREGRGYNEQF,1
TRBV20-1,TRBJ2-1,SASREGRINEQF,1
TRBV20-1,TRBJ2-1,SASREGRLNEQF,1
TRBV20-1,TRBJ2-1,SASREGRNEQF,4
TRBV20-1,TRBJ2-1,SASREGRNHEQF,1
TRBV20-1,TRBJ2-1,SASREGRTRNEQF,3
TRBV20-1,TRBJ2-1,SASREGRWNEQF,1
TRBV20-1,TRBJ2-1,SASREGRYNEQF,1
TRBV20-1,TRBJ2-1,SASREGSLYNEQF,3
TRBV20-1,TRBJ2-1,SASREGSPYNEQF,1
TRBV20-1,TRBJ2-1,SASREGSSTEQF,1
TRBV20-1,TRBJ2-1,SASREGSTYNGQF,1
TRBV20-1,TRBJ2-1,SASREGSYNAQF,2
TRBV20-1,TRBJ2-1,SASREGSYNEQF,8
TRBV20-1,TRBJ2-1,SASREGTAYNEQF,1
TRBV20-1,TRBJ2-1,SASREGTEQF,1
TRBV20-1,TRBJ2-1,SASREGTPGQF,1
TRBV20-1,TRBJ2-1,SASREGTSGAKPPYNEQF,3
TRBV20-1,TRBJ2-1,SASREGTSGLYNEQF,1
TRBV20-1,TRBJ2-1,SASREGTTHNEQF,1
TRBV20-1,TRBJ2-1,SASREGTYNEQF,2
TRBV20-1,TRBJ2-1,SASREGVFNNEQF,1
TRBV20-1,TRBJ2-1,SASREGVGNEQF,3
TRBV20-1,TRBJ2-1,SASREGVGSGGNEQF,1
TRBV20-1,TRBJ2-1,SASREGVRYNEQF,1
TRBV20-1,TRBJ2-1,SASREGVWNEQF,1
TRBV20-1,TRBJ2-1,SASREGVYNEQF,1
TRBV20-1,TRBJ2-1,SASREGYNEQF,1
TRBV20-1,TRBJ2-1,SASREGYWNEQF,1
TRBV20-1,TRBJ2-1,SASREHNEQF,2
TRBV20-1,TRBJ2-1,SASREIEYNEQF,1
TRBV20-1,TRBJ2-1,SASREIFSYNEQF,1
TRBV20-1,TRBJ2-1,SASREINEQF,11
TRBV20-1,TRBJ2-1,SASREINEQY,1
TRBV20-1,TRBJ2-1,SASREINNEQF,1
TRBV20-1,TRBJ2-1,SASREINPTARNEQF,1
TRBV20-1,TRBJ2-1,SASREIRDEQF,2
TRBV20-1,TRBJ2-1,SASREIYNEQF,2
TRBV20-1,TRBJ2-1,SASREKTGNEQF,1
TRBV20-1,TRBJ2-1,SASRELAALSSYNEQF,1
TRBV20-1,TRBJ2-1,SASRELAGGGYNEQF,1
TRBV20-1,TRBJ2-1,SASRELAGSHNEQF,1
TRBV20-1,TRBJ2-1,SASRELAGWHEQF,1
TRBV20-1,TRBJ2-1,SASRELEQF,4
TRBV20-1,TRBJ2-1,SASRELFNEQF,1
TRBV20-1,TRBJ2-1,SASRELGANEQF,1
TRBV20-1,TRBJ2-1,SASRELGDFSYNEQF,1
TRBV20-1,TRBJ2-1,SASRELGLVSYNEQF,1
TRBV20-1,TRBJ2-1,SASRELGNEQF,1
TRBV20-1,TRBJ2-1,SASRELGRNEQF,5
TRBV20-1,TRBJ2-1,SASRELHNEQF,1
TRBV20-1,TRBJ2-1,SASRELISYNEQF,1
TRBV20-1,TRBJ2-1,SASRELITLRSSSYNEQF,1
TRBV20-1,TRBJ2-1,SASRELLYNEQF,1
TRBV20-1,TRBJ2-1,SASRELNDEQF,1
TRBV20-1,TRBJ2-1,SASRELNEQF,2
TRBV20-1,TRBJ2-1,SASRELRNEQF,1
TRBV20-1,TRBJ2-1,SASRELRYNEQF,1
TRBV20-1,TRBJ2-1,SASRELSARFVVNEQF,1
TRBV20-1,TRBJ2-1,SASRELSRSYNEQF,1
TRBV20-1,TRBJ2-1,SASRELSYNEQF,2
TRBV20-1,TRBJ2-1,SASRELTSYNEQF,1
TRBV20-1,TRBJ2-1,SASRELVNEQF,1
TRBV20-1,TRBJ2-1,SASRELVYNEQF,1
TRBV20-1,TRBJ2-1,SASRELYNEQF,4
TRBV20-1,TRBJ2-1,SASREMNNEQF,1
TRBV20-1,TRBJ2-1,SASRENDEQF,1
TRBV20-1,TRBJ2-1,SASRENEQF,24
TRBV20-1,TRBJ2-1,SASRENFYNEQF,4
TRBV20-1,TRBJ2-1,SASRENGNNEQF,1
TRBV20-1,TRBJ2-1,SASRENNEQF,4
TRBV20-1,TRBJ2-1,SASRENNYNEQF,1
TRBV20-1,TRBJ2-1,SASRENSYNEQF,3
TRBV20-1,TRBJ2-1,SASRENVHEQF,1
TRBV20-1,TRBJ2-1,SASRENVYNEQF,1
TRBV20-1,TRBJ2-1,SASRENYNEQF,2
TRBV20-1,TRBJ2-1,SASREPAEYNEQF,1
TRBV20-1,TRBJ2-1,SASREPDMSNEQF,7
TRBV20-1,TRBJ2-1,SASREPDNEQF,1
TRBV20-1,TRBJ2-1,SASREPDYNEQF,1
TRBV20-1,TRBJ2-1,SASREPEQF,1
TRBV20-1,TRBJ2-1,SASREPGDEQF,1
TRBV20-1,TRBJ2-1,SASREPGGDNEQF,5
TRBV20-1,TRBJ2-1,SASREPGGNNEQF,1
TRBV20-1,TRBJ2-1,SASREPGNEQF,1
TRBV20-1,TRBJ2-1,SASREPHGDEQF,3
TRBV20-1,TRBJ2-1,SASREPINEQF,1
TRBV20-1,TRBJ2-1,SASREPNEQF,6
TRBV20-1,TRBJ2-1,SASREPNHNEQF,5
TRBV20-1,TRBJ2-1,SASREPPYNEQF,7
TRBV20-1,TRBJ2-1,SASREPPYSEQF,1
TRBV20-1,TRBJ2-1,SASREPREYNEQF,1
TRBV20-1,TRBJ2-1,SASREPSGSSYNEQF,1
TRBV20-1,TRBJ2-1,SASREPSYNEQF,2
TRBV20-1,TRBJ2-1,SASREPVYNEQF,1
TRBV20-1,TRBJ2-1,SASREPYNEQF,3
TRBV20-1,TRBJ2-1,SASREPYSEQF,3
TRBV20-1,TRBJ2-1,SASREQELLEQF,1
TRBV20-1,TRBJ2-1,SASREQFYNEQF,1
TRBV20-1,TRBJ2-1,SASREQGWNEQF,6
TRBV20-1,TRBJ2-1,SASREQISNEQF,1
TRBV20-1,TRBJ2-1,SASREQYNEQF,1
TRBV20-1,TRBJ2-1,SASRERAGEQF,1
TRBV20-1,TRBJ2-1,SASRERAPYNEQF,1
TRBV20-1,TRBJ2-1,SASRERAYNEQF,1
TRBV20-1,TRBJ2-1,SASRERDNEQF,1
TRBV20-1,TRBJ2-1,SASRERDSYNEQF,1
TRBV20-1,TRBJ2-1,SASREREHNEQF,1
TRBV20-1,TRBJ2-1,SASREREQF,1
TRBV20-1,TRBJ2-1,SASRERGNEQF,2
TRBV20-1,TRBJ2-1,SASRERGSEQF,1
TRBV20-1,TRBJ2-1,SASRERGSGDWDEQF,1
TRBV20-1,TRBJ2-1,SASRERGSLYNEQF,1
TRBV20-1,TRBJ2-1,SASRERHNEQF,1
TRBV20-1,TRBJ2-1,SASRERNEQF,2
TRBV20-1,TRBJ2-1,SASRERPRSYNEQF,1
TRBV20-1,TRBJ2-1,SASRERREYYNEQF,1
TRBV20-1,TRBJ2-1,SASRERSNEQF,2
TRBV20-1,TRBJ2-1,SASRERSYNEQF,4
TRBV20-1,TRBJ2-1,SASRERTYNEQF,1
TRBV20-1,TRBJ2-1,SASRERYEQF,1
TRBV20-1,TRBJ2-1,SASRERYNEQF,1
TRBV20-1,TRBJ2-1,SASRERYTNEQF,1
TRBV20-1,TRBJ2-1,SASRESAYNEQF,4
TRBV20-1,TRBJ2-1,SASRESDEQF,1
TRBV20-1,TRBJ2-1,SASRESEQF,1
TRBV20-1,TRBJ2-1,SASRESGNEQF,1
TRBV20-1,TRBJ2-1,SASRESHNEQF,2
TRBV20-1,TRBJ2-1,SASRESIYNEQF,1
TRBV20-1,TRBJ2-1,SASRESKGDEQF,1
TRBV20-1,TRBJ2-1,SASRESLYNEQF,1
TRBV20-1,TRBJ2-1,SASRESNEQF,3
TRBV20-1,TRBJ2-1,SASRESNNEQF,1
TRBV20-1,TRBJ2-1,SASRESPLNEQF,1
TRBV20-1,TRBJ2-1,SASRESRDNEQF,1
TRBV20-1,TRBJ2-1,SASRESRNEQF,1
TRBV20-1,TRBJ2-1,SASRESRSWYEQF,6
TRBV20-1,TRBJ2-1,SASRESSGRSGEQF,2
TRBV20-1,TRBJ2-1,SASRESSVGRGSYNEQF,1
TRBV20-1,TRBJ2-1,SASRESSYNEQF,48
TRBV20-1,TRBJ2-1,SASRESTYNEQF,1
TRBV20-1,TRBJ2-1,SASRESVDEQF,1
TRBV20-1,TRBJ2-1,SASRESVEQF,2
TRBV20-1,TRBJ2-1,SASRESVGNEQF,1
TRBV20-1,TRBJ2-1,SASRESVNNEQF,1
TRBV20-1,TRBJ2-1,SASRESYNEQF,13
TRBV20-1,TRBJ2-1,SASRETASFAPYNEQF,6
TRBV20-1,TRBJ2-1,SASRETAYNEQF,4
TRBV20-1,TRBJ2-1,SASRETDEQF,5
TRBV20-1,TRBJ2-1,SASRETDYNEQF,1
TRBV20-1,TRBJ2-1,SASRETGGADEQF,1
TRBV20-1,TRBJ2-1,SASRETGGWNEQF,1
TRBV20-1,TRBJ2-1,SASRETGYNEQF,1
TRBV20-1,TRBJ2-1,SASRETNEQF,1
TRBV20-1,TRBJ2-1,SASRETPIDNEQF,1
TRBV20-1,TRBJ2-1,SASRETPQNNEQF,1
TRBV20-1,TRBJ2-1,SASRETQYNEQF,1
TRBV20-1,TRBJ2-1,SASRETRNEQF,1
TRBV20-1,TRBJ2-1,SASRETRSYNEQF,1
TRBV20-1,TRBJ2-1,SASRETSAQSGNEQF,1
TRBV20-1,TRBJ2-1,SASRETSSYNEQF,1
TRBV20-1,TRBJ2-1,SASRETSYNEQF,3
TRBV20-1,TRBJ2-1,SASRETYNEQF,5
TRBV20-1,TRBJ2-1,SASRETYYNEQF,6
TRBV20-1,TRBJ2-1,SASREVAGPNEQF,1
TRBV20-1,TRBJ2-1,SASREVASGRGTYNEQF,1
TRBV20-1,TRBJ2-1,SASREVDEQF,1
TRBV20-1,TRBJ2-1,SASREVDNEQF,2
TRBV20-1,TRBJ2-1,SASREVGPYNEQF,1
TRBV20-1,TRBJ2-1,SASREVHEQF,1
TRBV20-1,TRBJ2-1,SASREVIYNEQF,1
TRBV20-1,TRBJ2-1,SASREVLNEQF,1
TRBV20-1,TRBJ2-1,SASREVNEQF,2
TRBV20-1,TRBJ2-1,SASREVNNEQF,1
TRBV20-1,TRBJ2-1,SASREVSSYNEQF,1
TRBV20-1,TRBJ2-1,SASREVSYNEQF,4
TRBV20-1,TRBJ2-1,SASREVTDEQF,1
TRBV20-1,TRBJ2-1,SASREVTYNEQF,1
TRBV20-1,TRBJ2-1,SASREVVYNEQF,1
TRBV20-1,TRBJ2-1,SASREVYNEQF,4
TRBV20-1,TRBJ2-1,SASREWDNEQF,1
TRBV20-1,TRBJ2-1,SASREWDRGNEQF,1
TRBV20-1,TRBJ2-1,SASREWFYNEQF,1
TRBV20-1,TRBJ2-1,SASREWGADEQF,1
TRBV20-1,TRBJ2-1,SASREWGGSGNEQF,1
TRBV20-1,TRBJ2-1,SASREWGNEQF,2
TRBV20-1,TRBJ2-1,SASREWGSDEEQF,1
TRBV20-1,TRBJ2-1,SASREWKEQF,1
TRBV20-1,TRBJ2-1,SASREWLGNEQF,1
TRBV20-1,TRBJ2-1,SASREWNEQF,20
TRBV20-1,TRBJ2-1,SASREWNEQY,1
TRBV20-1,TRBJ2-1,SASREWRNEQF,1
TRBV20-1,TRBJ2-1,SASREWSGNEQF,1
TRBV20-1,TRBJ2-1,SASREWSPYNEQF,2
TRBV20-1,TRBJ2-1,SASREWSSYDEQF,4
TRBV20-1,TRBJ2-1,SASREWSSYNDQF,1
TRBV20-1,TRBJ2-1,SASREWSSYNEHF,1
TRBV20-1,TRBJ2-1,SASREWSSYNEKF,1
TRBV20-1,TRBJ2-1,SASREWSSYNELF,1
TRBV20-1,TRBJ2-1,SASREWSSYNEQF,107
TRBV20-1,TRBJ2-1,SASREWSSYNEQL,1
TRBV20-1,TRBJ2-1,SASREWSSYNEQS,1
TRBV20-1,TRBJ2-1,SASREWSTYNEQF,2
TRBV20-1,TRBJ2-1,SASREWSYNEQF,1
TRBV20-1,TRBJ2-1,SASREWTSGSDEQF,1
TRBV20-1,TRBJ2-1,SASREWVNEQF,6
TRBV20-1,TRBJ2-1,SASREWVNNEQF,1
TRBV20-1,TRBJ2-1,SASREWYNEQF,1
TRBV20-1,TRBJ2-1,SASREYEQF,1
TRBV20-1,TRBJ2-1,SASREYGGTSYNEQF,1
TRBV20-1,TRBJ2-1,SASREYGYNEQF,1
TRBV20-1,TRBJ2-1,SASREYNEQF,16
TRBV20-1,TRBJ2-1,SASREYSYNEQF,1
TRBV20-1,TRBJ2-1,SASREYVQF,1
TRBV20-1,TRBJ2-1,SASRFAGDNEQF,18
TRBV20-1,TRBJ2-1,SASRFAGNEQF,1
TRBV20-1,TRBJ2-1,SASRFAGSVRNEQF,1
TRBV20-1,TRBJ2-1,SASRFASGALGYNEQF,1
TRBV20-1,TRBJ2-1,SASRFASGGSYNEQF,4
TRBV20-1,TRBJ2-1,SASRFASGKDEQF,1
TRBV20-1,TRBJ2-1,SASRFATGNNEQF,1
TRBV20-1,TRBJ2-1,SASRFAYNEQF,19
TRBV20-1,TRBJ2-1,SASRFDEQF,2
TRBV20-1,TRBJ2-1,SASRFDLSSYNEQF,1
TRBV20-1,TRBJ2-1,SASRFDNEQF,3
TRBV20-1,TRBJ2-1,SASRFDRGDYNEQF,3
TRBV20-1,TRBJ2-1,SASRFDSSYNEQF,1
TRBV20-1,TRBJ2-1,SASRFDWHNEQF,1
TRBV20-1,TRBJ2-1,SASRFEGKSDEQF,1
TRBV20-1,TRBJ2-1,SASRFEGNEQF,2
TRBV20-1,TRBJ2-1,SASRFFYNEQF,1
TRBV20-1,TRBJ2-1,SASRFGAGGPYNEQF,1
TRBV20-1,TRBJ2-1,SASRFGAGNEQF,1
TRBV20-1,TRBJ2-1,SASRFGAIGEHF,1
TRBV20-1,TRBJ2-1,SASRFGALVENEQF,1
TRBV20-1,TRBJ2-1,SASRFGEQF,1
TRBV20-1,TRBJ2-1,SASRFGESKNYNEQF,1
TRBV20-1,TRBJ2-1,SASRFGGGNEQF,1
TRBV20-1,TRBJ2-1,SASRFGGIGEQF,5
TRBV20-1,TRBJ2-1,SASRFGGISEQF,1
TRBV20-1,TRBJ2-1,SASRFGGLAGSYNEQF,1
TRBV20-1,TRBJ2-1,SASRFGGPPGNEQF,1
TRBV20-1,TRBJ2-1,SASRFGGQHSYNEQF,1
TRBV20-1,TRBJ2-1,SASRFGGSGHNEQF,1
TRBV20-1,TRBJ2-1,SASRFGGSYNEQF,1
TRBV20-1,TRBJ2-1,SASRFGKNEQF,2
TRBV20-1,TRBJ2-1,SASRFGLAAYNEQF,1
TRBV20-1,TRBJ2-1,SASRFGLADEQF,1
TRBV20-1,TRBJ2-1,SASRFGLAGYNEQF,1
TRBV20-1,TRBJ2-1,SASRFGLVGTSGYNEQF,1
TRBV20-1,TRBJ2-1,SASRFGNEQF,4
TRBV20-1,TRBJ2-1,SASRFGQGLYNEQF,1
TRBV20-1,TRBJ2-1,SASRFGSGNEQF,1
TRBV20-1,TRBJ2-1,SASRFGSGRYNEQF,1
TRBV20-1,TRBJ2-1,SASRFGTAHNEQF,1
TRBV20-1,TRBJ2-1,SASRFGTGSNEQF,1
TRBV20-1,TRBJ2-1,SASRFGTSGYEQF,1
TRBV20-1,TRBJ2-1,SASRFGVGLAGKIAYNEQF,1
TRBV20-1,TRBJ2-1,SASRFGVSYNEQF,1
TRBV20-1,TRBJ2-1,SASRFGVYNEQF,1
TRBV20-1,TRBJ2-1,SASRFGWNNEQF,1
TRBV20-1,TRBJ2-1,SASRFHNEQF,3
TRBV20-1,TRBJ2-1,SASRFIVAGFNEQF,1
TRBV20-1,TRBJ2-1,SASRFLAGAPLRGNEQF,1
TRBV20-1,TRBJ2-1,SASRFLAGGDEQF,1
TRBV20-1,TRBJ2-1,SASRFLAGGNEQF,1
TRBV20-1,TRBJ2-1,SASRFLASPNEQF,1
TRBV20-1,TRBJ2-1,SASRFLESSNEQF,1
TRBV20-1,TRBJ2-1,SASRFLGEDYEQF,9
TRBV20-1,TRBJ2-1,SASRFLNEQF,1
TRBV20-1,TRBJ2-1,SASRFLPGTSFNNEQF,1
TRBV20-1,TRBJ2-1,SASRFMASGRVDEQF,1
TRBV20-1,TRBJ2-1,SASRFNEQF,10
TRBV20-1,TRBJ2-1,SASRFNIGRAYEQF,1
TRBV20-1,TRBJ2-1,SASRFNNEQF,1
TRBV20-1,TRBJ2-1,SASRFPGQGLMGNEQF,1
TRBV20-1,TRBJ2-1,SASRFPGTSGNEQF,1
TRBV20-1,TRBJ2-1,SASRFPNYEQF,1
TRBV20-1,TRBJ2-1,SASRFPRDEQF,1
TRBV20-1,TRBJ2-1,SASRFPSESSSSYNEQF,1
TRBV20-1,TRBJ2-1,SASRFPSGSHNEQF,1
TRBV20-1,TRBJ2-1,SASRFPSGYNEQF,1
TRBV20-1,TRBJ2-1,SASRFPSYNEQF,1
TRBV20-1,TRBJ2-1,SASRFPYNEQF,1
TRBV20-1,TRBJ2-1,SASRFQAPSSYNEQF,2
TRBV20-1,TRBJ2-1,SASRFQSYNEQF,1
TRBV20-1,TRBJ2-1,SASRFRAGRSYNEQF,1
TRBV20-1,TRBJ2-1,SASRFRALRGNEQF,2
TRBV20-1,TRBJ2-1,SASRFRERRYNEQF,3
TRBV20-1,TRBJ2-1,SASRFRGAGMAYNEQF,1
TRBV20-1,TRBJ2-1,SASRFRNRADEQF,1
TRBV20-1,TRBJ2-1,SASRFRSYNEQF,3
TRBV20-1,TRBJ2-1,SASRFRTGSPYNEQF,1
TRBV20-1,TRBJ2-1,SASRFRTSFNEQF,1
TRBV20-1,TRBJ2-1,SASRFRVGDASYNEQF,1
TRBV20-1,TRBJ2-1,SASRFSAREGQSSYNEQF,1
TRBV20-1,TRBJ2-1,SASRFSASVGNEQF,1
TRBV20-1,TRBJ2-1,SASRFSGGAYNEQF,1
TRBV20-1,TRBJ2-1,SASRFSGGLSYNEQF,1
TRBV20-1,TRBJ2-1,SASRFSGGNNEQF,1
TRBV20-1,TRBJ2-1,SASRFSGGRANEQF,1
TRBV20-1,TRBJ2-1,SASRFSGGSNEQF,1
TRBV20-1,TRBJ2-1,SASRFSGRKDEQF,1
TRBV20-1,TRBJ2-1,SASRFSGRTGYNEQF,1
TRBV20-1,TRBJ2-1,SASRFSGTYNEQF,1
TRBV20-1,TRBJ2-1,SASRFSGYNEQF,1
TRBV20-1,TRBJ2-1,SASRFSQGYEQF,1
TRBV20-1,TRBJ2-1,SASRFSSDPYNEQF,1
TRBV20-1,TRBJ2-1,SASRFSSGSGDEQF,1
TRBV20-1,TRBJ2-1,SASRFSSVYNEQF,11
TRBV20-1,TRBJ2-1,SASRFSSYNEQF,12
TRBV20-1,TRBJ2-1,SASRFSYNEQF,6
TRBV20-1,TRBJ2-1,SASRFTGGRGNEQF,1
TRBV20-1,TRBJ2-1,SASRFTGVSYNEQF,1
TRBV20-1,TRBJ2-1,SASRFTLLYNEQF,1
TRBV20-1,TRBJ2-1,SASRFTSAGSYNEQF,1
TRBV20-1,TRBJ2-1,SASRFTSGSNNEQF,1
TRBV20-1,TRBJ2-1,SASRFTSRDNEQF,4
TRBV20-1,TRBJ2-1,SASRFVGGRSNEQF,3
TRBV20-1,TRBJ2-1,SASRFVGLYNEQF,2
TRBV20-1,TRBJ2-1,SASRFVGSSYNEQF,1
TRBV20-1,TRBJ2-1,SASRFVGSYNEQF,1
TRBV20-1,TRBJ2-1,SASRFVTYNEQF,1
TRBV20-1,TRBJ2-1,SASRFWASGRGDEQF,1
TRBV20-1,TRBJ2-1,SASRFYEQF,1
TRBV20-1,TRBJ2-1,SASRFYNEQF,2
TRBV20-1,TRBJ2-1,SASRFYPSSYNEQF,1
TRBV20-1,TRBJ2-1,SASRFYSYNEPF,1
TRBV20-1,TRBJ2-1,SASRFYSYNEQF,4
TRBV20-1,TRBJ2-1,SASRGAADNEQF,1
TRBV20-1,TRBJ2-1,SASRGAAGGNEQF,1
TRBV20-1,TRBJ2-1,SASRGAANEQF,1
TRBV20-1,TRBJ2-1,SASRGAAQNEQF,3
TRBV20-1,TRBJ2-1,SASRGAASYNEQF,2
TRBV20-1,TRBJ2-1,SASRGADFNEQF,1
TRBV20-1,TRBJ2-1,SASRGADFYNEQF,1
TRBV20-1,TRBJ2-1,SASRGADMDEQF,1
TRBV20-1,TRBJ2-1,SASRGADNEQF,2
TRBV20-1,TRBJ2-1,SASRGADTGEQF,5
TRBV20-1,TRBJ2-1,SASRGAEGNEQF,1
TRBV20-1,TRBJ2-1,SASRGAEQF,9
TRBV20-1,TRBJ2-1,SASRGAESHNEQF,1
TRBV20-1,TRBJ2-1,SASRGAEWNEQF,1
TRBV20-1,TRBJ2-1,SASRGAEYNEQF,1
TRBV20-1,TRBJ2-1,SASRGAFENNEQF,1
TRBV20-1,TRBJ2-1,SASRGAFGNEQF,7
TRBV20-1,TRBJ2-1,SASRGAFIAANEQF,1
TRBV20-1,TRBJ2-1,SASRGAFLAGKNNEQF,1
TRBV20-1,TRBJ2-1,SASRGAFNEQF,1
TRBV20-1,TRBJ2-1,SASRGAFWYEQF,1
TRBV20-1,TRBJ2-1,SASRGAFYNEQF,13
TRBV20-1,TRBJ2-1,SASRGAGAPYNEQF,1
TRBV20-1,TRBJ2-1,SASRGAGAYNEQF,1
TRBV20-1,TRBJ2-1,SASRGAGDNEQF,2
TRBV20-1,TRBJ2-1,SASRGAGEDNEQF,1
TRBV20-1,TRBJ2-1,SASRGAGEKYNEQF,1
TRBV20-1,TRBJ2-1,SASRGAGEQF,3
TRBV20-1,TRBJ2-1,SASRGAGGGNEQF,1
TRBV20-1,TRBJ2-1,SASRGAGGGTYNEQF,1
TRBV20-1,TRBJ2-1,SASRGAGGGYNEQF,1
TRBV20-1,TRBJ2-1,SASRGAGGKDNEQF,1
TRBV20-1,TRBJ2-1,SASRGAGGKYNEQF,1
TRBV20-1,TRBJ2-1,SASRGAGGLTDEQF,1
TRBV20-1,TRBJ2-1,SASRGAGGNEQF,2
TRBV20-1,TRBJ2-1,SASRGAGGNNEQF,1
TRBV20-1,TRBJ2-1,SASRGAGGPNEQF,1
TRBV20-1,TRBJ2-1,SASRGAGGQDNEQF,2
TRBV20-1,TRBJ2-1,SASRGAGGSYNEQF,1
TRBV20-1,TRBJ2-1,SASRGAGGVNYNEQF,1
TRBV20-1,TRBJ2-1,SASRGAGGYNEQF,4
TRBV20-1,TRBJ2-1,SASRGAGIF,4
TRBV20-1,TRBJ2-1,SASRGAGIYNEQF,1
TRBV20-1,TRBJ2-1,SASRGAGMNEQF,4
TRBV20-1,TRBJ2-1,SASRGAGNEQF,8
TRBV20-1,TRBJ2-1,SASRGAGPLNEQF,1
TRBV20-1,TRBJ2-1,SASRGAGPSDEQF,1
TRBV20-1,TRBJ2-1,SASRGAGPYNEQF,1
TRBV20-1,TRBJ2-1,SASRGAGRYNEQF,1
TRBV20-1,TRBJ2-1,SASRGAGSNEQF,1
TRBV20-1,TRBJ2-1,SASRGAGSSYNEQF,1
TRBV20-1,TRBJ2-1,SASRGAGVDEQF,1
TRBV20-1,TRBJ2-1,SASRGAGVNEQF,1
TRBV20-1,TRBJ2-1,SASRGAGVSNEQF,1
TRBV20-1,TRBJ2-1,SASRGAGYGNEQF,6
TRBV20-1,TRBJ2-1,SASRGAGYKEQF,1
TRBV20-1,TRBJ2-1,SASRGAGYNDQF,1
TRBV20-1,TRBJ2-1,SASRGAGYNELF,1
TRBV20-1,TRBJ2-1,SASRGAGYNENF,1
TRBV20-1,TRBJ2-1,SASRGAGYNEQC,3
TRBV20-1,TRBJ2-1,SASRGAGYNEQF,239
TRBV20-1,TRBJ2-1,SASRGAGYNGQF,1
TRBV20-1,TRBJ2-1,SASRGAGYNVQC,1
TRBV20-1,TRBJ2-1,SASRGAGYTEQF,2
TRBV20-1,TRBJ2-1,SASRGAHEQF,2
TRBV20-1,TRBJ2-1,SASRGAHNEQF,1
TRBV20-1,TRBJ2-1,SASRGAIHEQF,1
TRBV20-1,TRBJ2-1,SASRGAIHGNEQF,1
TRBV20-1,TRBJ2-1,SASRGAIVGHEQF,1
TRBV20-1,TRBJ2-1,SASRGAKIFGSYNEQF,1
TRBV20-1,TRBJ2-1,SASRGAKTYNEQF,4
TRBV20-1,TRBJ2-1,SASRGAKVNSEQF,1
TRBV20-1,TRBJ2-1,SASRGALDEQF,2
TRBV20-1,TRBJ2-1,SASRGALGDEQF,1
TRBV20-1,TRBJ2-1,SASRGALGNEQF,1
TRBV20-1,TRBJ2-1,SASRGALGYNEQF,1
TRBV20-1,TRBJ2-1,SASRGALNEQF,6
TRBV20-1,TRBJ2-1,SASRGALPYNEQF,1
TRBV20-1,TRBJ2-1,SASRGALSQIDEQF,1
TRBV20-1,TRBJ2-1,SASRGALSWNEQF,1
TRBV20-1,TRBJ2-1,SASRGALYNEQF,5
TRBV20-1,TRBJ2-1,SASRGAMGDEQF,1
TRBV20-1,TRBJ2-1,SASRGANEQF,11
TRBV20-1,TRBJ2-1,SASRGANNEQF,2
TRBV20-1,TRBJ2-1,SASRGANYNEQF,1
TRBV20-1,TRBJ2-1,SASRGAPGLAGGDEQF,1
TRBV20-1,TRBJ2-1,SASRGAPGNEQF,1
TRBV20-1,TRBJ2-1,SASRGAPNEQF,2
TRBV20-1,TRBJ2-1,SASRGAPSRNEQF,1
TRBV20-1,TRBJ2-1,SASRGAPSSYNEQF,12
TRBV20-1,TRBJ2-1,SASRGAPYNEQF,5
TRBV20-1,TRBJ2-1,SASRGARGTF,3
TRBV20-1,TRBJ2-1,SASRGARLVISYNEQF,1
TRBV20-1,TRBJ2-1,SASRGARNEQF,1
TRBV20-1,TRBJ2-1,SASRGARSNEQF,2
TRBV20-1,TRBJ2-1,SASRGARVDEQF,1
TRBV20-1,TRBJ2-1,SASRGARYNEQF,3
TRBV20-1,TRBJ2-1,SASRGASANEQF,1
TRBV20-1,TRBJ2-1,SASRGASAYNEQF,1
TRBV20-1,TRBJ2-1,SASRGASDDEQF,1
TRBV20-1,TRBJ2-1,SASRGASDIGEQF,2
TRBV20-1,TRBJ2-1,SASRGASGGNEQF,2
TRBV20-1,TRBJ2-1,SASRGASGLARNEQF,1
TRBV20-1,TRBJ2-1,SASRGASGLDEQF,1
TRBV20-1,TRBJ2-1,SASRGASGNNEQF,1
TRBV20-1,TRBJ2-1,SASRGASGRAGGNEQF,1
TRBV20-1,TRBJ2-1,SASRGASGSNEQF,1
TRBV20-1,TRBJ2-1,SASRGASGSYEQF,1
TRBV20-1,TRBJ2-1,SASRGASGTANEQF,1
TRBV20-1,TRBJ2-1,SASRGASGTSYNEQF,1
TRBV20-1,TRBJ2-1,SASRGASGTYNEQF,1
TRBV20-1,TRBJ2-1,SASRGASHNEQF,2
TRBV20-1,TRBJ2-1,SASRGASPYNEQF,1
TRBV20-1,TRBJ2-1,SASRGASQGGEQF,1
TRBV20-1,TRBJ2-1,SASRGASRGREQF,1
TRBV20-1,TRBJ2-1,SASRGASSYNEQF,7
TRBV20-1,TRBJ2-1,SASRGASVYNEQF,1
TRBV20-1,TRBJ2-1,SASRGASYLYNEQS,1
TRBV20-1,TRBJ2-1,SASRGASYNEQF,7
TRBV20-1,TRBJ2-1,SASRGATIYNEQF,1
TRBV20-1,TRBJ2-1,SASRGATLRDEQF,1
TRBV20-1,TRBJ2-1,SASRGATSYNEQF,1
TRBV20-1,TRBJ2-1,SASRGATYNEQF,2
TRBV20-1,TRBJ2-1,SASRGAVEGTPLGILYNEQF,1
TRBV20-1,TRBJ2-1,SASRGAVQGNEQF,1
TRBV20-1,TRBJ2-1,SASRGAVSYNEQF,1
TRBV20-1,TRBJ2-1,SASRGAVYNEQF,1
TRBV20-1,TRBJ2-1,SASRGAWANEQF,1
TRBV20-1,TRBJ2-1,SASRGAYEQF,1
TRBV20-1,TRBJ2-1,SASRGAYNEQF,33
TRBV20-1,TRBJ2-1,SASRGAYNNEQF,1
TRBV20-1,TRBJ2-1,SASRGCVSSYNEQF,1
TRBV20-1,TRBJ2-1,SASRGDEQF,54
TRBV20-1,TRBJ2-1,SASRGDFYNEQF,1
TRBV20-1,TRBJ2-1,SASRGDGFNEQF,1
TRBV20-1,TRBJ2-1,SASRGDGSYNEQF,3
TRBV20-1,TRBJ2-1,SASRGDGVNEQF,1
TRBV20-1,TRBJ2-1,SASRGDGYNEQF,3
TRBV20-1,TRBJ2-1,SASRGDHEQF,1
TRBV20-1,TRBJ2-1,SASRGDLAGHYNEQF,1
TRBV20-1,TRBJ2-1,SASRGDLYNEQF,1
TRBV20-1,TRBJ2-1,SASRGDNEQC,1
TRBV20-1,TRBJ2-1,SASRGDNEQF,55
TRBV20-1,TRBJ2-1,SASRGDNERF,1
TRBV20-1,TRBJ2-1,SASRGDPGNEQF,1
TRBV20-1,TRBJ2-1,SASRGDPSYNEQF,1
TRBV20-1,TRBJ2-1,SASRGDPTYNEQF,2
TRBV20-1,TRBJ2-1,SASRGDPYNEQF,2
TRBV20-1,TRBJ2-1,SASRGDRAHEQF,1
TRBV20-1,TRBJ2-1,SASRGDRALHNEQF,1
TRBV20-1,TRBJ2-1,SASRGDRANNEQF,1
TRBV20-1,TRBJ2-1,SASRGDREQF,4
TRBV20-1,TRBJ2-1,SASRGDRGIYNEQF,1
TRBV20-1,TRBJ2-1,SASRGDRGMNEQF,1
TRBV20-1,TRBJ2-1,SASRGDRGNEQF,1
TRBV20-1,TRBJ2-1,SASRGDRGRSINEQF,1
TRBV20-1,TRBJ2-1,SASRGDRGSNEQF,1
TRBV20-1,TRBJ2-1,SASRGDRPNEQF,2
TRBV20-1,TRBJ2-1,SASRGDRRNEQF,1
TRBV20-1,TRBJ2-1,SASRGDRVTDWREFSYNEQF,1
TRBV20-1,TRBJ2-1,SASRGDSHNEQF,1
TRBV20-1,TRBJ2-1,SASRGDSSSYNEQF,1
TRBV20-1,TRBJ2-1,SASRGDSSYNEQF,2
TRBV20-1,TRBJ2-1,SASRGDSTYNEQF,1
TRBV20-1,TRBJ2-1,SASRGDSYNEQF,3
TRBV20-1,TRBJ2-1,SASRGDTSYNEQF,5
TRBV20-1,TRBJ2-1,SASRGDYNEQF,5
TRBV20-1,TRBJ2-1,SASRGEASDEQF,1
TRBV20-1,TRBJ2-1,SASRGEAYNEQF,2
TRBV20-1,TRBJ2-1,SASRGEDQF,1
TRBV20-1,TRBJ2-1,SASRGEEWDNEQF,1
TRBV20-1,TRBJ2-1,SASRGEFEF,2
TRBV20-1,TRBJ2-1,SASRGEFYNEQF,3
TRBV20-1,TRBJ2-1,SASRGEGAYNEQF,3
TRBV20-1,TRBJ2-1,SASRGEGSSYNEQF,1
TRBV20-1,TRBJ2-1,SASRGEHLQSDEQF,1
TRBV20-1,TRBJ2-1,SASRGEIHNEQF,1
TRBV20-1,TRBJ2-1,SASRGEKPYNEQF,1
TRBV20-1,TRBJ2-1,SASRGELGKNEQF,3
TRBV20-1,TRBJ2-1,SASRGELGNEQF,1
TRBV20-1,TRBJ2-1,SASRGELYNEQF,2
TRBV20-1,TRBJ2-1,SASRGEMYNEQF,1
TRBV20-1,TRBJ2-1,SASRGENEQF,5
TRBV20-1,TRBJ2-1,SASRGENNEQF,1
TRBV20-1,TRBJ2-1,SASRGENSYNEQF,1
TRBV20-1,TRBJ2-1,SASRGEPFNEQF,1
TRBV20-1,TRBJ2-1,SASRGEPGNEQF,1
TRBV20-1,TRBJ2-1,SASRGEPLGNEQF,1
TRBV20-1,TRBJ2-1,SASRGEPYNEQF,10
TRBV20-1,TRBJ2-1,SASRGEPYTEQF,1
TRBV20-1,TRBJ2-1,SASRGEQF,35
TRBV20-1,TRBJ2-1,SASRGERHNEQF,1
TRBV20-1,TRBJ2-1,SASRGERSDEQF,1
TRBV20-1,TRBJ2-1,SASRGERYNEQF,2
TRBV20-1,TRBJ2-1,SASRGESSYNEQF,2
TRBV20-1,TRBJ2-1,SASRGESYNEQF,5
TRBV20-1,TRBJ2-1,SASRGETNEQF,1
TRBV20-1,TRBJ2-1,SASRGETPGHEQF,1
TRBV20-1,TRBJ2-1,SASRGETVYNEQF,1
TRBV20-1,TRBJ2-1,SASRGEVNEQF,1
TRBV20-1,TRBJ2-1,SASRGEVYNEQF,1
TRBV20-1,TRBJ2-1,SASRGEYNEQF,7
TRBV20-1,TRBJ2-1,SASRGFAGPNEQF,4
TRBV20-1,TRBJ2-1,SASRGFAGYNEQF,1
TRBV20-1,TRBJ2-1,SASRGFDDNEQF,1
TRBV20-1,TRBJ2-1,SASRGFDEQF,2
TRBV20-1,TRBJ2-1,SASRGFDNEQF,4
TRBV20-1,TRBJ2-1,SASRGFDYNEQF,1
TRBV20-1,TRBJ2-1,SASRGFEGLGWNNEQF,1
TRBV20-1,TRBJ2-1,SASRGFGDEQF,1
TRBV20-1,TRBJ2-1,SASRGFGGRNEQF,1
TRBV20-1,TRBJ2-1,SASRGFGILNNEQF,1
TRBV20-1,TRBJ2-1,SASRGFGNNEQF,1
TRBV20-1,TRBJ2-1,SASRGFGSSYNEQF,1
TRBV20-1,TRBJ2-1,SASRGFGSYNEQF,5
TRBV20-1,TRBJ2-1,SASRGFGYNEQF,1
TRBV20-1,TRBJ2-1,SASRGFLNEQF,1
TRBV20-1,TRBJ2-1,SASRGFLSNEQF,1
TRBV20-1,TRBJ2-1,SASRGFLSYEQF,1
TRBV20-1,TRBJ2-1,SASRGFNEQF,5
TRBV20-1,TRBJ2-1,SASRGFNNNEQF,1
TRBV20-1,TRBJ2-1,SASRGFQF,4
TRBV20-1,TRBJ2-1,SASRGFQIDNEQF,1
TRBV20-1,TRBJ2-1,SASRGFQNEQF,1
TRBV20-1,TRBJ2-1,SASRGFSGSSYNEQF,2
TRBV20-1,TRBJ2-1,SASRGFSRNEQF,1
TRBV20-1,TRBJ2-1,SASRGFSSYNEQF,1
TRBV20-1,TRBJ2-1,SASRGFSYNEQF,5
TRBV20-1,TRBJ2-1,SASRGFVYNEQF,1
TRBV20-1,TRBJ2-1,SASRGFYNEQF,10
TRBV20-1,TRBJ2-1,SASRGGAANEQF,1
TRBV20-1,TRBJ2-1,SASRGGAAYNEQF,2
TRBV20-1,TRBJ2-1,SASRGGADNAQF,1
TRBV20-1,TRBJ2-1,SASRGGADNEQF,30
TRBV20-1,TRBJ2-1,SASRGGADNEQV,1
TRBV20-1,TRBJ2-1,SASRGGAENEQF,1
TRBV20-1,TRBJ2-1,SASRGGAGGHNEQF,1
TRBV20-1,TRBJ2-1,SASRGGAGGYNEQF,4
TRBV20-1,TRBJ2-1,SASRGGAGNEQF,4
TRBV20-1,TRBJ2-1,SASRGGAGSGNEQF,6
TRBV20-1,TRBJ2-1,SASRGGAGVEQF,1
TRBV20-1,TRBJ2-1,SASRGGAHNEQF,2
TRBV20-1,TRBJ2-1,SASRGGAKDNEQF,1
TRBV20-1,TRBJ2-1,SASRGGALLNEQF,1
TRBV20-1,TRBJ2-1,SASRGGALNEQF,1
TRBV20-1,TRBJ2-1,SASRGGALSSYNEQF,1
TRBV20-1,TRBJ2-1,SASRGGAMNEQF,1
TRBV20-1,TRBJ2-1,SASRGGANEQF,2
TRBV20-1,TRBJ2-1,SASRGGANNEQF,2
TRBV20-1,TRBJ2-1,SASRGGAPYNEQF,1
TRBV20-1,TRBJ2-1,SASRGGASGINNEQF,1
TRBV20-1,TRBJ2-1,SASRGGASGNEQF,1
TRBV20-1,TRBJ2-1,SASRGGASGSNNEQF,1
TRBV20-1,TRBJ2-1,SASRGGASGSYNEQF,1
TRBV20-1,TRBJ2-1,SASRGGASGTYNEQF,1
TRBV20-1,TRBJ2-1,SASRGGASSYNEQF,2
TRBV20-1,TRBJ2-1,SASRGGASYNEQF,1
TRBV20-1,TRBJ2-1,SASRGGATYNEQF,1
TRBV20-1,TRBJ2-1,SASRGGAVAGNEQF,3
TRBV20-1,TRBJ2-1,SASRGGAVPYNEQF,1
TRBV20-1,TRBJ2-1,SASRGGAWINEQF,1
TRBV20-1,TRBJ2-1,SASRGGAYNEQF,23
TRBV20-1,TRBJ2-1,SASRGGAYNGQF,1
TRBV20-1,TRBJ2-1,SASRGGDEQF,8
TRBV20-1,TRBJ2-1,SASRGGDFNEQF,1
TRBV20-1,TRBJ2-1,SASRGGDNEQF,7
TRBV20-1,TRBJ2-1,SASRGGDSSYNEQF,1
TRBV20-1,TRBJ2-1,SASRGGDYNEQF,7
TRBV20-1,TRBJ2-1,SASRGGEDEQF,2
TRBV20-1,TRBJ2-1,SASRGGEDNEQF,1
TRBV20-1,TRBJ2-1,SASRGGEEQF,5
TRBV20-1,TRBJ2-1,SASRGGEGLYNEQF,2
TRBV20-1,TRBJ2-1,SASRGGELDEQF,1
TRBV20-1,TRBJ2-1,SASRGGEQF,17
TRBV20-1,TRBJ2-1,SASRGGESRNEQF,1
TRBV20-1,TRBJ2-1,SASRGGESYNEQF,1
TRBV20-1,TRBJ2-1,SASRGGETYNEQF,1
TRBV20-1,TRBJ2-1,SASRGGFEDEQF,1
TRBV20-1,TRBJ2-1,SASRGGFGNEQF,1
TRBV20-1,TRBJ2-1,SASRGGFNEQF,1
TRBV20-1,TRBJ2-1,SASRGGFVNEQF,1
TRBV20-1,TRBJ2-1,SASRGGGAGYNEQF,1
TRBV20-1,TRBJ2-1,SASRGGGATNEQF,1
TRBV20-1,TRBJ2-1,SASRGGGAYNEQF,6
TRBV20-1,TRBJ2-1,SASRGGGDEQF,2
TRBV20-1,TRBJ2-1,SASRGGGDNEQF,1
TRBV20-1,TRBJ2-1,SASRGGGEQF,18
TRBV20-1,TRBJ2-1,SASRGGGETYNEQF,1
TRBV20-1,TRBJ2-1,SASRGGGEVEQF,5
TRBV20-1,TRBJ2-1,SASRGGGFYNEQF,1
TRBV20-1,TRBJ2-1,SASRGGGGDNEQF,1
TRBV20-1,TRBJ2-1,SASRGGGGGGYNEQF,1
TRBV20-1,TRBJ2-1,SASRGGGGINEQF,1
TRBV20-1,TRBJ2-1,SASRGGGGNEQF,1
TRBV20-1,TRBJ2-1,SASRGGGGSYNEQF,1
TRBV20-1,TRBJ2-1,SASRGGGGTSGRRSYNEQF,1
TRBV20-1,TRBJ2-1,SASRGGGINEQF,2
TRBV20-1,TRBJ2-1,SASRGGGINQREHF,1
TRBV20-1,TRBJ2-1,SASRGGGINQREQF,15
TRBV20-1,TRBJ2-1,SASRGGGKSSYNEQF,1
TRBV20-1,TRBJ2-1,SASRGGGLPQF,3
TRBV20-1,TRBJ2-1,SASRGGGLPSYNEQF,1
TRBV20-1,TRBJ2-1,SASRGGGLPYNEQF,1
TRBV20-1,TRBJ2-1,SASRGGGLYNEQF,1
TRBV20-1,TRBJ2-1,SASRGGGNEQF,1
TRBV20-1,TRBJ2-1,SASRGGGNKRNEQF,1
TRBV20-1,TRBJ2-1,SASRGGGPFYNEQF,4
TRBV20-1,TRBJ2-1,SASRGGGPNEQF,1
TRBV20-1,TRBJ2-1,SASRGGGPPNEQF,1
TRBV20-1,TRBJ2-1,SASRGGGQSHNEQF,1
TRBV20-1,TRBJ2-1,SASRGGGRGNEQF,1
TRBV20-1,TRBJ2-1,SASRGGGRPDNEQF,1
TRBV20-1,TRBJ2-1,SASRGGGRSYEQF,1
TRBV20-1,TRBJ2-1,SASRGGGSGKNNEQF,1
TRBV20-1,TRBJ2-1,SASRGGGSHNEQF,1
TRBV20-1,TRBJ2-1,SASRGGGSKVGHEQF,5
TRBV20-1,TRBJ2-1,SASRGGGSNEQF,1
TRBV20-1,TRBJ2-1,SASRGGGSRNEQF,1
TRBV20-1,TRBJ2-1,SASRGGGSTYNEQF,1
TRBV20-1,TRBJ2-1,SASRGGGSYNEQF,7
TRBV20-1,TRBJ2-1,SASRGGGTGSYNEQF,7
TRBV20-1,TRBJ2-1,SASRGGGVDNEQF,1
TRBV20-1,TRBJ2-1,SASRGGGVSSSYNEQF,1
TRBV20-1,TRBJ2-1,SASRGGGYNEQF,26
TRBV20-1,TRBJ2-1,SASRGGHEQF,1
TRBV20-1,TRBJ2-1,SASRGGHLSYNEQF,1
TRBV20-1,TRBJ2-1,SASRGGHNEQF,1
TRBV20-1,TRBJ2-1,SASRGGHPEDEQF,1
TRBV20-1,TRBJ2-1,SASRGGHPSYNEQF,1
TRBV20-1,TRBJ2-1,SASRGGHVNEQF,1
TRBV20-1,TRBJ2-1,SASRGGHYNEQF,1
TRBV20-1,TRBJ2-1,SASRGGIAYNEQF,1
TRBV20-1,TRBJ2-1,SASRGGIDEQF,6
TRBV20-1,TRBJ2-1,SASRGGIDNEQF,2
TRBV20-1,TRBJ2-1,SASRGGIEQF,1
TRBV20-1,TRBJ2-1,SASRGGIGINEQF,1
TRBV20-1,TRBJ2-1,SASRGGIGNEQF,1
TRBV20-1,TRBJ2-1,SASRGGINEQF,1
TRBV20-1,TRBJ2-1,SASRGGIYNEQF,2
TRBV20-1,TRBJ2-1,SASRGGIYYNEQF,1
TRBV20-1,TRBJ2-1,SASRGGKAGSYNEQF,1
TRBV20-1,TRBJ2-1,SASRGGKEQF,3
TRBV20-1,TRBJ2-1,SASRGGKGNEQF,1
TRBV20-1,TRBJ2-1,SASRGGKNNEQF,1
TRBV20-1,TRBJ2-1,SASRGGKSYNEQF,1
TRBV20-1,TRBJ2-1,SASRGGKTYNEQF,1
TRBV20-1,TRBJ2-1,SASRGGKWGYEQF,1
TRBV20-1,TRBJ2-1,SASRGGKYNEQF,1
TRBV20-1,TRBJ2-1,SASRGGLADNEQF,1
TRBV20-1,TRBJ2-1,SASRGGLAEQF,1
TRBV20-1,TRBJ2-1,SASRGGLAGGDYNEQF,1
TRBV20-1,TRBJ2-1,SASRGGLAGGNEQF,1
TRBV20-1,TRBJ2-1,SASRGGLAGGRAYNEQF,1
TRBV20-1,TRBJ2-1,SASRGGLAGNLHNEQF,1
TRBV20-1,TRBJ2-1,SASRGGLAVNEQF,1
TRBV20-1,TRBJ2-1,SASRGGLAYNEQF,5
TRBV20-1,TRBJ2-1,SASRGGLDEQF,2
TRBV20-1,TRBJ2-1,SASRGGLDNEQF,1
TRBV20-1,TRBJ2-1,SASRGGLEQF,8
TRBV20-1,TRBJ2-1,SASRGGLGLDEQF,1
TRBV20-1,TRBJ2-1,SASRGGLGRGYNEQF,1
TRBV20-1,TRBJ2-1,SASRGGLGSYNEQF,1
TRBV20-1,TRBJ2-1,SASRGGLGWKNEQF,1
TRBV20-1,TRBJ2-1,SASRGGLIYEQF,1
TRBV20-1,TRBJ2-1,SASRGGLLSYNEQF,1
TRBV20-1,TRBJ2-1,SASRGGLSYNEQF,1
TRBV20-1,TRBJ2-1,SASRGGLVDNEQF,1
TRBV20-1,TRBJ2-1,SASRGGLYNEQF,5
TRBV20-1,TRBJ2-1,SASRGGNEPF,1
TRBV20-1,TRBJ2-1,SASRGGNEQC,1
TRBV20-1,TRBJ2-1,SASRGGNEQF,137
TRBV20-1,TRBJ2-1,SASRGGNINEQF,1
TRBV20-1,TRBJ2-1,SASRGGNKEQF,1
TRBV20-1,TRBJ2-1,SASRGGNKPF,1
TRBV20-1,TRBJ2-1,SASRGGNLDEQF,1
TRBV20-1,TRBJ2-1,SASRGGNNEQF,3
TRBV20-1,TRBJ2-1,SASRGGNRGEQF,4
TRBV20-1,TRBJ2-1,SASRGGNSYNEQF,9
TRBV20-1,TRBJ2-1,SASRGGNYNEQF,2
TRBV20-1,TRBJ2-1,SASRGGPDSYNEQF,1
TRBV20-1,TRBJ2-1,SASRGGPEGDEQF,4
TRBV20-1,TRBJ2-1,SASRGGPFNNEQF,1
TRBV20-1,TRBJ2-1,SASRGGPGNEQF,1
TRBV20-1,TRBJ2-1,SASRGGPILNSYNEQF,1
TRBV20-1,TRBJ2-1,SASRGGPKGNEQF,1
TRBV20-1,TRBJ2-1,SASRGGPLGEQF,2
TRBV20-1,TRBJ2-1,SASRGGPLSDEQF,1
TRBV20-1,TRBJ2-1,SASRGGPMVVDEQF,1
TRBV20-1,TRBJ2-1,SASRGGPNNEQF,3
TRBV20-1,TRBJ2-1,SASRGGPRIEQF,4
TRBV20-1,TRBJ2-1,SASRGGPRSSLNEQF,2
TRBV20-1,TRBJ2-1,SASRGGPSSYNEQF,1
TRBV20-1,TRBJ2-1,SASRGGPYNEPF,1
TRBV20-1,TRBJ2-1,SASRGGPYNEQF,45
TRBV20-1,TRBJ2-1,SASRGGPYNKQF,1
TRBV20-1,TRBJ2-1,SASRGGPYSEQF,1
TRBV20-1,TRBJ2-1,SASRGGPYTEQF,1
TRBV20-1,TRBJ2-1,SASRGGQAGMGEQF,5
TRBV20-1,TRBJ2-1,SASRGGQAWDEQF,1
TRBV20-1,TRBJ2-1,SASRGGQAWNEQF,2
TRBV20-1,TRBJ2-1,SASRGGQF,2
TRBV20-1,TRBJ2-1,SASRGGQGEGNEQF,1
TRBV20-1,TRBJ2-1,SASRGGQGMDDEQF,1
TRBV20-1,TRBJ2-1,SASRGGQGNNEQF,1
TRBV20-1,TRBJ2-1,SASRGGQGRGNEQF,1
TRBV20-1,TRBJ2-1,SASRGGQNEQF,1
TRBV20-1,TRBJ2-1,SASRGGQNNEQF,1
TRBV20-1,TRBJ2-1,SASRGGQTNEQF,1
TRBV20-1,TRBJ2-1,SASRGGQTTGIYNEQF,1
TRBV20-1,TRBJ2-1,SASRGGQTYNEQF,4
TRBV20-1,TRBJ2-1,SASRGGRAGHEQF,8
TRBV20-1,TRBJ2-1,SASRGGRAKDEQF,1
TRBV20-1,TRBJ2-1,SASRGGRAKVIDEQF,1
TRBV20-1,TRBJ2-1,SASRGGRALDEQF,1
TRBV20-1,TRBJ2-1,SASRGGRANEQF,1
TRBV20-1,TRBJ2-1,SASRGGRDNEQF,8
TRBV20-1,TRBJ2-1,SASRGGRDRYEQF,1
TRBV20-1,TRBJ2-1,SASRGGREGRNEQF,1
TRBV20-1,TRBJ2-1,SASRGGREQF,3
TRBV20-1,TRBJ2-1,SASRGGRGNEQF,4
TRBV20-1,TRBJ2-1,SASRGGRGPPQDYNEQF,1
TRBV20-1,TRBJ2-1,SASRGGRGSYNEQF,1
TRBV20-1,TRBJ2-1,SASRGGRINQREQF,1
TRBV20-1,TRBJ2-1,SASRGGRIYNEQF,1
TRBV20-1,TRBJ2-1,SASRGGRNEQF,8
TRBV20-1,TRBJ2-1,SASRGGRPDEQF,10
TRBV20-1,TRBJ2-1,SASRGGRPLANEQF,4
TRBV20-1,TRBJ2-1,SASRGGRPYNEQF,11
TRBV20-1,TRBJ2-1,SASRGGRQNNEQF,2
TRBV20-1,TRBJ2-1,SASRGGRRPNEQF,1
TRBV20-1,TRBJ2-1,SASRGGRRVDEQF,1
TRBV20-1,TRBJ2-1,SASRGGRSLDEQF,1
TRBV20-1,TRBJ2-1,SASRGGRSNEQF,1
TRBV20-1,TRBJ2-1,SASRGGRSNNEQF,1
TRBV20-1,TRBJ2-1,SASRGGRSSYNEQF,1
TRBV20-1,TRBJ2-1,SASRGGRSYNEQF,2
TRBV20-1,TRBJ2-1,SASRGGRTYNEQF,2
TRBV20-1,TRBJ2-1,SASRGGRVLNNEQF,1
TRBV20-1,TRBJ2-1,SASRGGRVNEQF,1
TRBV20-1,TRBJ2-1,SASRGGRVRWNEQF,1
TRBV20-1,TRBJ2-1,SASRGGRWNEQF,2
TRBV20-1,TRBJ2-1,SASRGGRYEQF,1
TRBV20-1,TRBJ2-1,SASRGGRYNEQF,6
TRBV20-1,TRBJ2-1,SASRGGRYNNEQF,1
TRBV20-1,TRBJ2-1,SASRGGSAGEYNEQF,1
TRBV20-1,TRBJ2-1,SASRGGSAYNEQF,1
TRBV20-1,TRBJ2-1,SASRGGSFNEQF,3
TRBV20-1,TRBJ2-1,SASRGGSGAYNEQF,1
TRBV20-1,TRBJ2-1,SASRGGSGGYNEQF,3
TRBV20-1,TRBJ2-1,SASRGGSGRFDEQF,1
TRBV20-1,TRBJ2-1,SASRGGSGRPYEQF,1
TRBV20-1,TRBJ2-1,SASRGGSGSDEQF,2
TRBV20-1,TRBJ2-1,SASRGGSGVEQF,3
TRBV20-1,TRBJ2-1,SASRGGSGVMNEQF,1
TRBV20-1,TRBJ2-1,SASRGGSIPNEQF,1
TRBV20-1,TRBJ2-1,SASRGGSKYNEQF,2
TRBV20-1,TRBJ2-1,SASRGGSLNEQF,1
TRBV20-1,TRBJ2-1,SASRGGSNEQF,10
TRBV20-1,TRBJ2-1,SASRGGSNNEQF,2
TRBV20-1,TRBJ2-1,SASRGGSPGNEQF,1
TRBV20-1,TRBJ2-1,SASRGGSPINEQF,1
TRBV20-1,TRBJ2-1,SASRGGSPYNEQF,4
TRBV20-1,TRBJ2-1,SASRGGSQRAYNEQF,1
TRBV20-1,TRBJ2-1,SASRGGSRYNEQF,1
TRBV20-1,TRBJ2-1,SASRGGSSANEQF,1
TRBV20-1,TRBJ2-1,SASRGGSSGTYNEQF,10
TRBV20-1,TRBJ2-1,SASRGGSSPGEQF,1
TRBV20-1,TRBJ2-1,SASRGGSSSYNEQF,6
TRBV20-1,TRBJ2-1,SASRGGSSYEQF,1
TRBV20-1,TRBJ2-1,SASRGGSSYNEQF,21
TRBV20-1,TRBJ2-1,SASRGGSTHNEQF,1
TRBV20-1,TRBJ2-1,SASRGGSTYNEQF,1
TRBV20-1,TRBJ2-1,SASRGGSVLDEQF,1
TRBV20-1,TRBJ2-1,SASRGGSVNEQF,1
TRBV20-1,TRBJ2-1,SASRGGSWNEQF,1
TRBV20-1,TRBJ2-1,SASRGGSYKEQF,1
TRBV20-1,TRBJ2-1,SASRGGSYNEQF,60
TRBV20-1,TRBJ2-1,SASRGGSYNGQF,1
TRBV20-1,TRBJ2-1,SASRGGSYNKQF,2
TRBV20-1,TRBJ2-1,SASRGGTDEQF,1
TRBV20-1,TRBJ2-1,SASRGGTDKLYNEQF,1
TRBV20-1,TRBJ2-1,SASRGGTDNNEQF,1
TRBV20-1,TRBJ2-1,SASRGGTGDEQF,1
TRBV20-1,TRBJ2-1,SASRGGTGLGNEQF,1
TRBV20-1,TRBJ2-1,SASRGGTGRHEQF,1
TRBV20-1,TRBJ2-1,SASRGGTGSYNEQF,1
TRBV20-1,TRBJ2-1,SASRGGTLYNEQF,1
TRBV20-1,TRBJ2-1,SASRGGTNNEQF,2
TRBV20-1,TRBJ2-1,SASRGGTQYNEQF,1
TRBV20-1,TRBJ2-1,SASRGGTRHNEQF,1
TRBV20-1,TRBJ2-1,SASRGGTRSYNEQF,1
TRBV20-1,TRBJ2-1,SASRGGTSGPGVQF,2
TRBV20-1,TRBJ2-1,SASRGGTTPGNEQF,1
TRBV20-1,TRBJ2-1,SASRGGTTSYNEQF,1
TRBV20-1,TRBJ2-1,SASRGGTTYNEQF,1
TRBV20-1,TRBJ2-1,SASRGGTYHNEQF,3
TRBV20-1,TRBJ2-1,SASRGGTYNEQF,7
TRBV20-1,TRBJ2-1,SASRGGTYYNEQF,1
TRBV20-1,TRBJ2-1,SASRGGVASHEQF,1
TRBV20-1,TRBJ2-1,SASRGGVDEQF,1
TRBV20-1,TRBJ2-1,SASRGGVDNEQF,2
TRBV20-1,TRBJ2-1,SASRGGVGTSVYNEQF,3
TRBV20-1,TRBJ2-1,SASRGGVINEQF,7
TRBV20-1,TRBJ2-1,SASRGGVINQREQC,1
TRBV20-1,TRBJ2-1,SASRGGVLGYNEQF,4
TRBV20-1,TRBJ2-1,SASRGGVSAYNEQF,2
TRBV20-1,TRBJ2-1,SASRGGVSPYNEQF,2
TRBV20-1,TRBJ2-1,SASRGGVSSSNEQF,1
TRBV20-1,TRBJ2-1,SASRGGVSSYNDQF,1
TRBV20-1,TRBJ2-1,SASRGGVSSYNEHF,1
TRBV20-1,TRBJ2-1,SASRGGVSSYNEKF,1
TRBV20-1,TRBJ2-1,SASRGGVSSYNEQF,129
TRBV20-1,TRBJ2-1,SASRGGVSSYNEQV,1
TRBV20-1,TRBJ2-1,SASRGGVSYNEQF,8
TRBV20-1,TRBJ2-1,SASRGGVYNEQF,1
TRBV20-1,TRBJ2-1,SASRGGWEYNEQF,1
TRBV20-1,TRBJ2-1,SASRGGWGNEQF,1
TRBV20-1,TRBJ2-1,SASRGGWNNEQF,1
TRBV20-1,TRBJ2-1,SASRGGWYNEQF,1
TRBV20-1,TRBJ2-1,SASRGGYEQF,2
TRBV20-1,TRBJ2-1,SASRGGYNEPF,1
TRBV20-1,TRBJ2-1,SASRGGYNEQF,37
TRBV20-1,TRBJ2-1,SASRGGYSDNEQF,1
TRBV20-1,TRBJ2-1,SASRGGYSYNEQF,4
TRBV20-1,TRBJ2-1,SASRGGYYNEQF,1
TRBV20-1,TRBJ2-1,SASRGHAGGPIIYNEQF,1
TRBV20-1,TRBJ2-1,SASRGHDNEQF,1
TRBV20-1,TRBJ2-1,SASRGHEQF,19
TRBV20-1,TRBJ2-1,SASRGHGEQF,1
TRBV20-1,TRBJ2-1,SASRGHGYNEQF,1
TRBV20-1,TRBJ2-1,SASRGHIEQF,1
TRBV20-1,TRBJ2-1,SASRGHNEQF,19
TRBV20-1,TRBJ2-1,SASRGHPLYNEQF,1
TRBV20-1,TRBJ2-1,SASRGHPSDEQF,1
TRBV20-1,TRBJ2-1,SASRGHRSYNEQF,1
TRBV20-1,TRBJ2-1,SASRGHSYNEQF,1
TRBV20-1,TRBJ2-1,SASRGHTYNEQF,1
TRBV20-1,TRBJ2-1,SASRGHYNEQF,7
TRBV20-1,TRBJ2-1,SASRGIAEYNEQF,1
TRBV20-1,TRBJ2-1,SASRGIAGDEQF,1
TRBV20-1,TRBJ2-1,SASRGIAYNEQF,1
TRBV20-1,TRBJ2-1,SASRGIDEQF,6
TRBV20-1,TRBJ2-1,SASRGIDNEQF,1
TRBV20-1,TRBJ2-1,SASRGIGEYNEQF,1
TRBV20-1,TRBJ2-1,SASRGIGFNEQF,1
TRBV20-1,TRBJ2-1,SASRGIGPYNEQF,1
TRBV20-1,TRBJ2-1,SASRGIGSIGGNEQF,1
TRBV20-1,TRBJ2-1,SASRGIGSSYNEQF,1
TRBV20-1,TRBJ2-1,SASRGIGSYNEQF,1
TRBV20-1,TRBJ2-1,SASRGIHNEQF,1
TRBV20-1,TRBJ2-1,SASRGILANSYNEQF,1
TRBV20-1,TRBJ2-1,SASRGILHNEQF,1
TRBV20-1,TRBJ2-1,SASRGILYNEQF,1
TRBV20-1,TRBJ2-1,SASRGINEQF,2
TRBV20-1,TRBJ2-1,SASRGINNEQF,1
TRBV20-1,TRBJ2-1,SASRGIPDEQF,1
TRBV20-1,TRBJ2-1,SASRGIPSYNEQF,1
TRBV20-1,TRBJ2-1,SASRGIQGNEQF,1
TRBV20-1,TRBJ2-1,SASRGIQPPDNEQF,1
TRBV20-1,TRBJ2-1,SASRGISAANEQF,1
TRBV20-1,TRBJ2-1,SASRGISSYNEQF,1
TRBV20-1,TRBJ2-1,SASRGISYNEQF,10
TRBV20-1,TRBJ2-1,SASRGITAVDNEQF,1
TRBV20-1,TRBJ2-1,SASRGIWRDDNEQF,1
TRBV20-1,TRBJ2-1,SASRGIYNEQF,13
TRBV20-1,TRBJ2-1,SASRGKASGHNEQF,1
TRBV20-1,TRBJ2-1,SASRGKAYNEQF,1
TRBV20-1,TRBJ2-1,SASRGKEGLNEQF,1
TRBV20-1,TRBJ2-1,SASRGKGGVDEQF,1
TRBV20-1,TRBJ2-1,SASRGKGNEQF,2
TRBV20-1,TRBJ2-1,SASRGKGYNEQF,1
TRBV20-1,TRBJ2-1,SASRGKHNEQF,1
TRBV20-1,TRBJ2-1,SASRGKHYNEQF,1
TRBV20-1,TRBJ2-1,SASRGKINNEQF,1
TRBV20-1,TRBJ2-1,SASRGKLYNEQF,1
TRBV20-1,TRBJ2-1,SASRGKNEQF,3
TRBV20-1,TRBJ2-1,SASRGKPEHEQF,1
TRBV20-1,TRBJ2-1,SASRGKPYNEQF,1
TRBV20-1,TRBJ2-1,SASRGKQF,4
TRBV20-1,TRBJ2-1,SASRGKREQF,2
TRBV20-1,TRBJ2-1,SASRGKRTWSYNEQF,1
TRBV20-1,TRBJ2-1,SASRGKSSYNEQF,2
TRBV20-1,TRBJ2-1,SASRGKSYNEQF,1
TRBV20-1,TRBJ2-1,SASRGKTGTGNEQF,1
TRBV20-1,TRBJ2-1,SASRGKVDEQF,6
TRBV20-1,TRBJ2-1,SASRGKWNEQF,1
TRBV20-1,TRBJ2-1,SASRGKYNEQF,1
TRBV20-1,TRBJ2-1,SASRGLAAGNEQF,1
TRBV20-1,TRBJ2-1,SASRGLAAINEQF,2
TRBV20-1,TRBJ2-1,SASRGLAALNEQF,1
TRBV20-1,TRBJ2-1,SASRGLAAMPGLYNEQF,1
TRBV20-1,TRBJ2-1,SASRGLAANEQF,11
TRBV20-1,TRBJ2-1,SASRGLAAPEQF,4
TRBV20-1,TRBJ2-1,SASRGLAAQSSYNEQF,1
TRBV20-1,TRBJ2-1,SASRGLAARL,1
TRBV20-1,TRBJ2-1,SASRGLAASYNEQF,3
TRBV20-1,TRBJ2-1,SASRGLAAVLSYNEQF,1
TRBV20-1,TRBJ2-1,SASRGLAAYNEQF,4
TRBV20-1,TRBJ2-1,SASRGLADNEQF,6
TRBV20-1,TRBJ2-1,SASRGLADSSYNEQF,1
TRBV20-1,TRBJ2-1,SASRGLADSTYNEQF,1
TRBV20-1,TRBJ2-1,SASRGLADSYNEQF,1
TRBV20-1,TRBJ2-1,SASRGLADYNEQF,5
TRBV20-1,TRBJ2-1,SASRGLAEAGSNEQF,1
TRBV20-1,TRBJ2-1,SASRGLAELSYNEQF,1
TRBV20-1,TRBJ2-1,SASRGLAERL,18
TRBV20-1,TRBJ2-1,SASRGLAERSYNEQF,1
TRBV20-1,TRBJ2-1,SASRGLAESYNEQF,1
TRBV20-1,TRBJ2-1,SASRGLAFYNEQF,1
TRBV20-1,TRBJ2-1,SASRGLAGADEQF,1
TRBV20-1,TRBJ2-1,SASRGLAGAHDYEQF,1
TRBV20-1,TRBJ2-1,SASRGLAGAINEQF,1
TRBV20-1,TRBJ2-1,SASRGLAGANEQF,2
TRBV20-1,TRBJ2-1,SASRGLAGANNEQF,1
TRBV20-1,TRBJ2-1,SASRGLAGAYEQF,3
TRBV20-1,TRBJ2-1,SASRGLAGAYITANEQF,1
TRBV20-1,TRBJ2-1,SASRGLAGDEQF,5
TRBV20-1,TRBJ2-1,SASRGLAGDNEQF,15
TRBV20-1,TRBJ2-1,SASRGLAGEGEQF,1
TRBV20-1,TRBJ2-1,SASRGLAGEGNEQF,2
TRBV20-1,TRBJ2-1,SASRGLAGEILDNEQF,1
TRBV20-1,TRBJ2-1,SASRGLAGEISYNEQF,1
TRBV20-1,TRBJ2-1,SASRGLAGFHEQF,1
TRBV20-1,TRBJ2-1,SASRGLAGGEQF,1
TRBV20-1,TRBJ2-1,SASRGLAGGFDEQF,2
TRBV20-1,TRBJ2-1,SASRGLAGGGGNEQF,1
TRBV20-1,TRBJ2-1,SASRGLAGGGLYNEQF,1
TRBV20-1,TRBJ2-1,SASRGLAGGGNEQF,2
TRBV20-1,TRBJ2-1,SASRGLAGGGSNEQF,1
TRBV20-1,TRBJ2-1,SASRGLAGGGSYNEQF,1
TRBV20-1,TRBJ2-1,SASRGLAGGGVRDGHF,1
TRBV20-1,TRBJ2-1,SASRGLAGGINEQF,1
TRBV20-1,TRBJ2-1,SASRGLAGGKSYNEQF,2
TRBV20-1,TRBJ2-1,SASRGLAGGLLNEQF,5
TRBV20-1,TRBJ2-1,SASRGLAGGLLNEQL,1
TRBV20-1,TRBJ2-1,SASRGLAGGLLYNEQF,1
TRBV20-1,TRBJ2-1,SASRGLAGGLYNEQF,1
TRBV20-1,TRBJ2-1,SASRGLAGGNEQF,4
TRBV20-1,TRBJ2-1,SASRGLAGGNYNEQF,1
TRBV20-1,TRBJ2-1,SASRGLAGGPAWDEQF,1
TRBV20-1,TRBJ2-1,SASRGLAGGPDEQF,1
TRBV20-1,TRBJ2-1,SASRGLAGGPGALTYNEQF,2
TRBV20-1,TRBJ2-1,SASRGLAGGPGDEQF,1
TRBV20-1,TRBJ2-1,SASRGLAGGPMRNEQF,1
TRBV20-1,TRBJ2-1,SASRGLAGGPRDEQF,1
TRBV20-1,TRBJ2-1,SASRGLAGGPTEQF,3
TRBV20-1,TRBJ2-1,SASRGLAGGPYEQF,1
TRBV20-1,TRBJ2-1,SASRGLAGGPYNEQF,1
TRBV20-1,TRBJ2-1,SASRGLAGGRYNEQF,1
TRBV20-1,TRBJ2-1,SASRGLAGGSRPNEQF,1
TRBV20-1,TRBJ2-1,SASRGLAGGSSYNEQF,3
TRBV20-1,TRBJ2-1,SASRGLAGGSYNEQF,1
TRBV20-1,TRBJ2-1,SASRGLAGGTYEQF,1
TRBV20-1,TRBJ2-1,SASRGLAGGTYNEQF,2
TRBV20-1,TRBJ2-1,SASRGLAGGVNEQF,1
TRBV20-1,TRBJ2-1,SASRGLAGGWNEQF,1
TRBV20-1,TRBJ2-1,SASRGLAGGYNEQF,1
TRBV20-1,TRBJ2-1,SASRGLAGHNEQF,1
TRBV20-1,TRBJ2-1,SASRGLAGHPLNEQF,1
TRBV20-1,TRBJ2-1,SASRGLAGHYNEQF,1
TRBV20-1,TRBJ2-1,SASRGLAGINEQF,1
TRBV20-1,TRBJ2-1,SASRGLAGKYNEQF,2
TRBV20-1,TRBJ2-1,SASRGLAGLANEQF,1
TRBV20-1,TRBJ2-1,SASRGLAGLNEQF,4
TRBV20-1,TRBJ2-1,SASRGLAGNAQF,2
TRBV20-1,TRBJ2-1,SASRGLAGNEQF,26
TRBV20-1,TRBJ2-1,SASRGLAGNNEQF,4
TRBV20-1,TRBJ2-1,SASRGLAGNSYNEQF,1
TRBV20-1,TRBJ2-1,SASRGLAGPSSYNEQF,1
TRBV20-1,TRBJ2-1,SASRGLAGPYNEQF,1
TRBV20-1,TRBJ2-1,SASRGLAGQSSYNEQF,9
TRBV20-1,TRBJ2-1,SASRGLAGRSYNEQF,1
TRBV20-1,TRBJ2-1,SASRGLAGRYNEQF,2
TRBV20-1,TRBJ2-1,SASRGLAGSLPYNEQF,1
TRBV20-1,TRBJ2-1,SASRGLAGSMDEQF,1
TRBV20-1,TRBJ2-1,SASRGLAGSNEQF,6
TRBV20-1,TRBJ2-1,SASRGLAGTDEQF,1
TRBV20-1,TRBJ2-1,SASRGLAGTNEQF,2
TRBV20-1,TRBJ2-1,SASRGLAGVAYNEQF,1
TRBV20-1,TRBJ2-1,SASRGLAGVDEQF,3
TRBV20-1,TRBJ2-1,SASRGLAGVEQF,1
TRBV20-1,TRBJ2-1,SASRGLAGVHEQF,1
TRBV20-1,TRBJ2-1,SASRGLAGVILNEQF,1
TRBV20-1,TRBJ2-1,SASRGLAGVKNEQF,1
TRBV20-1,TRBJ2-1,SASRGLAGVKTYNEQF,1
TRBV20-1,TRBJ2-1,SASRGLAGVLSTSYNEQF,1
TRBV20-1,TRBJ2-1,SASRGLAGVNEQF,7
TRBV20-1,TRBJ2-1,SASRGLAGVNNEQF,1
TRBV20-1,TRBJ2-1,SASRGLAGVVNEQF,7
TRBV20-1,TRBJ2-1,SASRGLAGVYNEQF,12
TRBV20-1,TRBJ2-1,SASRGLAGVYQNEQF,1
TRBV20-1,TRBJ2-1,SASRGLAGYNEQF,5
TRBV20-1,TRBJ2-1,SASRGLAGYYEQF,1
TRBV20-1,TRBJ2-1,SASRGLAHNEQF,1
TRBV20-1,TRBJ2-1,SASRGLAINEQF,1
TRBV20-1,TRBJ2-1,SASRGLAISYNEQF,1
TRBV20-1,TRBJ2-1,SASRGLAKNNEQF,1
TRBV20-1,TRBJ2-1,SASRGLALNEQF,2
TRBV20-1,TRBJ2-1,SASRGLAMEF,2
TRBV20-1,TRBJ2-1,SASRGLANEQF,3
TRBV20-1,TRBJ2-1,SASRGLANYNEQF,1
TRBV20-1,TRBJ2-1,SASRGLAPHEQF,1
TRBV20-1,TRBJ2-1,SASRGLAPSSYNEQF,1
TRBV20-1,TRBJ2-1,SASRGLAQSYNEQF,1
TRBV20-1,TRBJ2-1,SASRGLARKNEQF,1
TRBV20-1,TRBJ2-1,SASRGLARLLGGYNEQF,1
TRBV20-1,TRBJ2-1,SASRGLARLLGGYNGQF,1
TRBV20-1,TRBJ2-1,SASRGLASINEQF,1
TRBV20-1,TRBJ2-1,SASRGLASSYNEQF,4
TRBV20-1,TRBJ2-1,SASRGLASYNEQF,7
TRBV20-1,TRBJ2-1,SASRGLATDEQF,1
TRBV20-1,TRBJ2-1,SASRGLATNNEQF,1
TRBV20-1,TRBJ2-1,SASRGLATYNEQF,7
TRBV20-1,TRBJ2-1,SASRGLAVDEQF,2
TRBV20-1,TRBJ2-1,SASRGLAVNEQF,2
TRBV20-1,TRBJ2-1,SASRGLAVSSYNEQF,6
TRBV20-1,TRBJ2-1,SASRGLAVVDEQF,1
TRBV20-1,TRBJ2-1,SASRGLAVVNEQF,1
TRBV20-1,TRBJ2-1,SASRGLAVVSPYNEQF,1
TRBV20-1,TRBJ2-1,SASRGLAVYDEQF,5
TRBV20-1,TRBJ2-1,SASRGLAVYNEHF,1
TRBV20-1,TRBJ2-1,SASRGLAVYNEQF,6
TRBV20-1,TRBJ2-1,SASRGLAYNEQF,4
TRBV20-1,TRBJ2-1,SASRGLAYYNEQF,4
TRBV20-1,TRBJ2-1,SASRGLDEQF,5
TRBV20-1,TRBJ2-1,SASRGLDGGFC,1
TRBV20-1,TRBJ2-1,SASRGLDGGFF,6
TRBV20-1,TRBJ2-1,SASRGLDHNEQF,4
TRBV20-1,TRBJ2-1,SASRGLDKEQF,1
TRBV20-1,TRBJ2-1,SASRGLDLSNEQF,7
TRBV20-1,TRBJ2-1,SASRGLDNEQF,6
TRBV20-1,TRBJ2-1,SASRGLDPGEQF,2
TRBV20-1,TRBJ2-1,SASRGLDPPNYNEQF,1
TRBV20-1,TRBJ2-1,SASRGLDYNEQF,1
TRBV20-1,TRBJ2-1,SASRGLEAYNEQF,2
TRBV20-1,TRBJ2-1,SASRGLEGGNEQF,1
TRBV20-1,TRBJ2-1,SASRGLELGNEQF,1
TRBV20-1,TRBJ2-1,SASRGLELNEQF,1
TRBV20-1,TRBJ2-1,SASRGLEQF,8
TRBV20-1,TRBJ2-1,SASRGLETYNEQF,1
TRBV20-1,TRBJ2-1,SASRGLEVYNEQF,1
TRBV20-1,TRBJ2-1,SASRGLFFPNEQF,1
TRBV20-1,TRBJ2-1,SASRGLFSSPYNEQF,1
TRBV20-1,TRBJ2-1,SASRGLGDMDEQF,1
TRBV20-1,TRBJ2-1,SASRGLGEQF,6
TRBV20-1,TRBJ2-1,SASRGLGGDEQF,1
TRBV20-1,TRBJ2-1,SASRGLGGNEQF,3
TRBV20-1,TRBJ2-1,SASRGLGLAGDNEQF,1
TRBV20-1,TRBJ2-1,SASRGLGNEQF,1
TRBV20-1,TRBJ2-1,SASRGLGNNEQF,1
TRBV20-1,TRBJ2-1,SASRGLGPLHEQF,1
TRBV20-1,TRBJ2-1,SASRGLGQGNYNEQF,1
TRBV20-1,TRBJ2-1,SASRGLGRDEQF,3
TRBV20-1,TRBJ2-1,SASRGLGSYNEQF,1
TRBV20-1,TRBJ2-1,SASRGLGTHEQF,1
TRBV20-1,TRBJ2-1,SASRGLGTNNEQF,1
TRBV20-1,TRBJ2-1,SASRGLGTSGRSYNEQF,1
TRBV20-1,TRBJ2-1,SASRGLGTYNEQF,1
TRBV20-1,TRBJ2-1,SASRGLGYNEQF,12
TRBV20-1,TRBJ2-1,SASRGLHNEQF,2
TRBV20-1,TRBJ2-1,SASRGLIGAEQF,6
TRBV20-1,TRBJ2-1,SASRGLIGSEQF,1
TRBV20-1,TRBJ2-1,SASRGLINEQF,1
TRBV20-1,TRBJ2-1,SASRGLIPYNEQF,1
TRBV20-1,TRBJ2-1,SASRGLIYDNEQF,3
TRBV20-1,TRBJ2-1,SASRGLKDNEQF,1
TRBV20-1,TRBJ2-1,SASRGLKNNEQF,2
TRBV20-1,TRBJ2-1,SASRGLKRGYEQF,1
TRBV20-1,TRBJ2-1,SASRGLLAGDYNEQF,1
TRBV20-1,TRBJ2-1,SASRGLLF,7
TRBV20-1,TRBJ2-1,SASRGLLKYNEQF,1
TRBV20-1,TRBJ2-1,SASRGLLL,1
TRBV20-1,TRBJ2-1,SASRGLLRDEQF,1
TRBV20-1,TRBJ2-1,SASRGLLRSNEQF,1
TRBV20-1,TRBJ2-1,SASRGLLTNNEQF,1
TRBV20-1,TRBJ2-1,SASRGLLTPYNEQF,1
TRBV20-1,TRBJ2-1,SASRGLLYNEQF,1
TRBV20-1,TRBJ2-1,SASRGLNEQF,9
TRBV20-1,TRBJ2-1,SASRGLNGNEQF,1
TRBV20-1,TRBJ2-1,SASRGLNNEQF,1
TRBV20-1,TRBJ2-1,SASRGLNNNEQF,6
TRBV20-1,TRBJ2-1,SASRGLPGSYNEQF,1
TRBV20-1,TRBJ2-1,SASRGLPGYNEQF,3
TRBV20-1,TRBJ2-1,SASRGLPMLSYNEQF,1
TRBV20-1,TRBJ2-1,SASRGLPNSYNEQF,1
TRBV20-1,TRBJ2-1,SASRGLPPYNEQF,1
TRBV20-1,TRBJ2-1,SASRGLPYNEQF,13
TRBV20-1,TRBJ2-1,SASRGLQNEQF,1
TRBV20-1,TRBJ2-1,SASRGLQYNEQF,1
TRBV20-1,TRBJ2-1,SASRGLRAYNEQF,1
TRBV20-1,TRBJ2-1,SASRGLRGNNEQF,1
TRBV20-1,TRBJ2-1,SASRGLRNYNEQF,1
TRBV20-1,TRBJ2-1,SASRGLRVDNEQF,1
TRBV20-1,TRBJ2-1,SASRGLRYNEQF,3
TRBV20-1,TRBJ2-1,SASRGLSDEQF,1
TRBV20-1,TRBJ2-1,SASRGLSEQF,1
TRBV20-1,TRBJ2-1,SASRGLSERL,1
TRBV20-1,TRBJ2-1,SASRGLSGNNEQF,1
TRBV20-1,TRBJ2-1,SASRGLSGNSVRDEQF,1
TRBV20-1,TRBJ2-1,SASRGLSGSSGNEQF,3
TRBV20-1,TRBJ2-1,SASRGLSLNEQF,8
TRBV20-1,TRBJ2-1,SASRGLSNNEQF,1
TRBV20-1,TRBJ2-1,SASRGLSPNEQF,1
TRBV20-1,TRBJ2-1,SASRGLSSYNEQF,18
TRBV20-1,TRBJ2-1,SASRGLSYNEQF,11
TRBV20-1,TRBJ2-1,SASRGLTERL,1
TRBV20-1,TRBJ2-1,SASRGLTGESNEQF,2
TRBV20-1,TRBJ2-1,SASRGLTSGSGNEQF,6
TRBV20-1,TRBJ2-1,SASRGLTYNEQF,2
TRBV20-1,TRBJ2-1,SASRGLVAEQF,5
TRBV20-1,TRBJ2-1,SASRGLVDEQF,2
TRBV20-1,TRBJ2-1,SASRGLVFHNEQF,1
TRBV20-1,TRBJ2-1,SASRGLVFNEQF,1
TRBV20-1,TRBJ2-1,SASRGLVKNEQF,1
TRBV20-1,TRBJ2-1,SASRGLVLYNEQF,1
TRBV20-1,TRBJ2-1,SASRGLVNEQF,6
TRBV20-1,TRBJ2-1,SASRGLVNNEQF,5
TRBV20-1,TRBJ2-1,SASRGLVPSNEQF,2
TRBV20-1,TRBJ2-1,SASRGLVSNEQF,1
TRBV20-1,TRBJ2-1,SASRGLVSYNEQF,1
TRBV20-1,TRBJ2-1,SASRGLVTDEQF,1
TRBV20-1,TRBJ2-1,SASRGLVTYNEQF,1
TRBV20-1,TRBJ2-1,SASRGLVWSNEQF,1
TRBV20-1,TRBJ2-1,SASRGLVYHEQF,1
TRBV20-1,TRBJ2-1,SASRGLVYNEQF,1
TRBV20-1,TRBJ2-1,SASRGLWGGNEQF,1
TRBV20-1,TRBJ2-1,SASRGLWNEQF,2
TRBV20-1,TRBJ2-1,SASRGLYNEQF,16
TRBV20-1,TRBJ2-1,SASRGMGARVYHNEQF,1
TRBV20-1,TRBJ2-1,SASRGMGGRDNEQF,1
TRBV20-1,TRBJ2-1,SASRGMGPQGDEQF,1
TRBV20-1,TRBJ2-1,SASRGMGRNEQF,1
TRBV20-1,TRBJ2-1,SASRGMINEQF,1
TRBV20-1,TRBJ2-1,SASRGMIYNEQF,3
TRBV20-1,TRBJ2-1,SASRGMNEQF,2
TRBV20-1,TRBJ2-1,SASRGMNNEQF,1
TRBV20-1,TRBJ2-1,SASRGMPYNEQF,1
TRBV20-1,TRBJ2-1,SASRGMSYNEQF,1
TRBV20-1,TRBJ2-1,SASRGNEQF,129
TRBV20-1,TRBJ2-1,SASRGNHNEQF,2
TRBV20-1,TRBJ2-1,SASRGNKQQF,1
TRBV20-1,TRBJ2-1,SASRGNLESNEQF,1
TRBV20-1,TRBJ2-1,SASRGNNEQF,20
TRBV20-1,TRBJ2-1,SASRGNNNEQF,2
TRBV20-1,TRBJ2-1,SASRGNPSNSYNEQF,1
TRBV20-1,TRBJ2-1,SASRGNRNEQF,2
TRBV20-1,TRBJ2-1,SASRGNSENEQF,1
TRBV20-1,TRBJ2-1,SASRGNSGRPYNEQF,3
TRBV20-1,TRBJ2-1,SASRGNSNEQF,1
TRBV20-1,TRBJ2-1,SASRGNSNNEQF,1
TRBV20-1,TRBJ2-1,SASRGNSYNEQF,56
TRBV20-1,TRBJ2-1,SASRGNSYNGQF,1
TRBV20-1,TRBJ2-1,SASRGNVGNEQF,1
TRBV20-1,TRBJ2-1,SASRGNWPNEQF,1
TRBV20-1,TRBJ2-1,SASRGNYNEQF,5
TRBV20-1,TRBJ2-1,SASRGPADNEQF,1
TRBV20-1,TRBJ2-1,SASRGPASYNEQF,2
TRBV20-1,TRBJ2-1,SASRGPAYNEQF,5
TRBV20-1,TRBJ2-1,SASRGPDEQF,1
TRBV20-1,TRBJ2-1,SASRGPDNEQF,3
TRBV20-1,TRBJ2-1,SASRGPDSYNEQF,2
TRBV20-1,TRBJ2-1,SASRGPEQNEQF,1
TRBV20-1,TRBJ2-1,SASRGPEYEQF,9
TRBV20-1,TRBJ2-1,SASRGPFSYNEQF,1
TRBV20-1,TRBJ2-1,SASRGPFYNEQF,2
TRBV20-1,TRBJ2-1,SASRGPGDNEQF,1
TRBV20-1,TRBJ2-1,SASRGPGLAGNEQF,2
TRBV20-1,TRBJ2-1,SASRGPGNEQF,3
TRBV20-1,TRBJ2-1,SASRGPGNNEQF,3
TRBV20-1,TRBJ2-1,SASRGPGSYNEQF,5
TRBV20-1,TRBJ2-1,SASRGPGTDGHEQF,1
TRBV20-1,TRBJ2-1,SASRGPGYNEQF,6
TRBV20-1,TRBJ2-1,SASRGPHNEQF,2
TRBV20-1,TRBJ2-1,SASRGPINEQF,1
TRBV20-1,TRBJ2-1,SASRGPITNEQF,1
TRBV20-1,TRBJ2-1,SASRGPKNNEQF,1
TRBV20-1,TRBJ2-1,SASRGPLATYNEQF,1
TRBV20-1,TRBJ2-1,SASRGPLFYNEQF,1
TRBV20-1,TRBJ2-1,SASRGPLGGNEQF,1
TRBV20-1,TRBJ2-1,SASRGPLGYNEQF,1
TRBV20-1,TRBJ2-1,SASRGPLNNEQF,1
TRBV20-1,TRBJ2-1,SASRGPLPYNEQF,1
TRBV20-1,TRBJ2-1,SASRGPLRSYNEQF,1
TRBV20-1,TRBJ2-1,SASRGPLSYNEQF,1
TRBV20-1,TRBJ2-1,SASRGPLTSSYNEQF,1
TRBV20-1,TRBJ2-1,SASRGPLTYNEQF,1
TRBV20-1,TRBJ2-1,SASRGPLYNEQF,7
TRBV20-1,TRBJ2-1,SASRGPNEQF,14
TRBV20-1,TRBJ2-1,SASRGPNNEQF,4
TRBV20-1,TRBJ2-1,SASRGPNNNEQF,1
TRBV20-1,TRBJ2-1,SASRGPNPYNEQF,1
TRBV20-1,TRBJ2-1,SASRGPNYNEQF,1
TRBV20-1,TRBJ2-1,SASRGPPGYNEQF,1
TRBV20-1,TRBJ2-1,SASRGPPNNEQF,4
TRBV20-1,TRBJ2-1,SASRGPPPYNEQF,5
TRBV20-1,TRBJ2-1,SASRGPPSGNEQF,1
TRBV20-1,TRBJ2-1,SASRGPPSYNEQF,3
TRBV20-1,TRBJ2-1,SASRGPPYNEQF,3
TRBV20-1,TRBJ2-1,SASRGPQQF,9
TRBV20-1,TRBJ2-1,SASRGPREQF,4
TRBV20-1,TRBJ2-1,SASRGPRYNEQF,1
TRBV20-1,TRBJ2-1,SASRGPSADNEQF,1
TRBV20-1,TRBJ2-1,SASRGPSGNEQF,1
TRBV20-1,TRBJ2-1,SASRGPSGSGNEQF,1
TRBV20-1,TRBJ2-1,SASRGPSGYNEQF,3
TRBV20-1,TRBJ2-1,SASRGPSNEQF,1
TRBV20-1,TRBJ2-1,SASRGPSPGNEQF,1
TRBV20-1,TRBJ2-1,SASRGPSQF,4
TRBV20-1,TRBJ2-1,SASRGPSSNVHF,1
TRBV20-1,TRBJ2-1,SASRGPSSYNEQF,15
TRBV20-1,TRBJ2-1,SASRGPSYNEQF,18
TRBV20-1,TRBJ2-1,SASRGPTSGTYNEQF,1
TRBV20-1,TRBJ2-1,SASRGPTYNEQF,3
TRBV20-1,TRBJ2-1,SASRGPVNEQF,1
TRBV20-1,TRBJ2-1,SASRGPVSSYNEQF,1
TRBV20-1,TRBJ2-1,SASRGPWDEQF,1
TRBV20-1,TRBJ2-1,SASRGPWGLFYNEQF,1
TRBV20-1,TRBJ2-1,SASRGPYNEQF,27
TRBV20-1,TRBJ2-1,SASRGPYPTQF,3
TRBV20-1,TRBJ2-1,SASRGPYTSGSFPF,5
TRBV20-1,TRBJ2-1,SASRGPYTVDEQF,1
TRBV20-1,TRBJ2-1,SASRGQANEQF,1
TRBV20-1,TRBJ2-1,SASRGQAYNEQF,7
TRBV20-1,TRBJ2-1,SASRGQCYNAKY,2
TRBV20-1,TRBJ2-1,SASRGQDGVNEQF,1
TRBV20-1,TRBJ2-1,SASRGQDYNEQF,1
TRBV20-1,TRBJ2-1,SASRGQFYNEQF,1
TRBV20-1,TRBJ2-1,SASRGQGALDEQF,4
TRBV20-1,TRBJ2-1,SASRGQGARNEQF,2
TRBV20-1,TRBJ2-1,SASRGQGAYNEQF,5
TRBV20-1,TRBJ2-1,SASRGQGDNEQF,1
TRBV20-1,TRBJ2-1,SASRGQGEQF,7
TRBV20-1,TRBJ2-1,SASRGQGFRDNEQF,1
TRBV20-1,TRBJ2-1,SASRGQGGDEQF,1
TRBV20-1,TRBJ2-1,SASRGQGGLRGF,14
TRBV20-1,TRBJ2-1,SASRGQGGMDEQF,1
TRBV20-1,TRBJ2-1,SASRGQGGNEQF,3
TRBV20-1,TRBJ2-1,SASRGQGGPNEQF,1
TRBV20-1,TRBJ2-1,SASRGQGGVYNEQF,1
TRBV20-1,TRBJ2-1,SASRGQGGYNEQF,1
TRBV20-1,TRBJ2-1,SASRGQGINEQF,1
TRBV20-1,TRBJ2-1,SASRGQGISEQF,3
TRBV20-1,TRBJ2-1,SASRGQGLLGAYNEQF,1
TRBV20-1,TRBJ2-1,SASRGQGLLNEQF,3
TRBV20-1,TRBJ2-1,SASRGQGLSDEQF,1
TRBV20-1,TRBJ2-1,SASRGQGLSYNEQF,1
TRBV20-1,TRBJ2-1,SASRGQGMLNEQF,1
TRBV20-1,TRBJ2-1,SASRGQGMRNEQF,1
TRBV20-1,TRBJ2-1,SASRGQGNNEQF,1
TRBV20-1,TRBJ2-1,SASRGQGPIFYNEQF,1
TRBV20-1,TRBJ2-1,SASRGQGRYNEQF,1
TRBV20-1,TRBJ2-1,SASRGQGS,5
TRBV20-1,TRBJ2-1,SASRGQGSDEQF,1
TRBV20-1,TRBJ2-1,SASRGQGSNEQF,2
TRBV20-1,TRBJ2-1,SASRGQGSSEQF,3
TRBV20-1,TRBJ2-1,SASRGQGSYNEQF,9
TRBV20-1,TRBJ2-1,SASRGQGTDEQF,1
TRBV20-1,TRBJ2-1,SASRGQGTYNEQF,2
TRBV20-1,TRBJ2-1,SASRGQGVGDEQF,1
TRBV20-1,TRBJ2-1,SASRGQGVSSYNEQF,1
TRBV20-1,TRBJ2-1,SASRGQGVYEQF,1
TRBV20-1,TRBJ2-1,SASRGQGWDEQF,5
TRBV20-1,TRBJ2-1,SASRGQGWNEQF,5
TRBV20-1,TRBJ2-1,SASRGQGYDEQF,3
TRBV20-1,TRBJ2-1,SASRGQGYEQF,1
TRBV20-1,TRBJ2-1,SASRGQGYNDQF,1
TRBV20-1,TRBJ2-1,SASRGQGYNEQF,232
TRBV20-1,TRBJ2-1,SASRGQGYNEQS,2
TRBV20-1,TRBJ2-1,SASRGQGYNGQF,1
TRBV20-1,TRBJ2-1,SASRGQGYNVQF,1
TRBV20-1,TRBJ2-1,SASRGQGYYEQF,1
TRBV20-1,TRBJ2-1,SASRGQGYYNEQF,1
TRBV20-1,TRBJ2-1,SASRGQHNEQF,3
TRBV20-1,TRBJ2-1,SASRGQIYDEQF,1
TRBV20-1,TRBJ2-1,SASRGQIYNEQF,3
TRBV20-1,TRBJ2-1,SASRGQLARDEQF,1
TRBV20-1,TRBJ2-1,SASRGQLFHEQF,1
TRBV20-1,TRBJ2-1,SASRGQLNEQF,4
TRBV20-1,TRBJ2-1,SASRGQLYNEQF,2
TRBV20-1,TRBJ2-1,SASRGQMAQNEQF,1
TRBV20-1,TRBJ2-1,SASRGQMVNEQF,1
TRBV20-1,TRBJ2-1,SASRGQMYEQF,1
TRBV20-1,TRBJ2-1,SASRGQNNEQF,4
TRBV20-1,TRBJ2-1,SASRGQNSYNEQF,1
TRBV20-1,TRBJ2-1,SASRGQPYNEQF,2
TRBV20-1,TRBJ2-1,SASRGQRGYNEQF,1
TRBV20-1,TRBJ2-1,SASRGQSIYNEQF,1
TRBV20-1,TRBJ2-1,SASRGQSSYKEQF,1
TRBV20-1,TRBJ2-1,SASRGQSSYNEQF,7
TRBV20-1,TRBJ2-1,SASRGQSYNEQF,11
TRBV20-1,TRBJ2-1,SASRGQTHNEQF,1
TRBV20-1,TRBJ2-1,SASRGQTYNEQF,7
TRBV20-1,TRBJ2-1,SASRGQVHNEQF,1
TRBV20-1,TRBJ2-1,SASRGQVIGNEQF,1
TRBV20-1,TRBJ2-1,SASRGQVLGNEQF,1
TRBV20-1,TRBJ2-1,SASRGQVNNEQF,1
TRBV20-1,TRBJ2-1,SASRGQVYNEQF,2
TRBV20-1,TRBJ2-1,SASRGQWADNEQF,1
TRBV20-1,TRBJ2-1,SASRGQYNEQF,5
TRBV20-1,TRBJ2-1,SASRGQYRGLAGGREF,1
TRBV20-1,TRBJ2-1,SASRGRAAYNEQF,1
TRBV20-1,TRBJ2-1,SASRGRADNEQF,2
TRBV20-1,TRBJ2-1,SASRGRAFSYNEQF,1
TRBV20-1,TRBJ2-1,SASRGRAGNEQF,4
TRBV20-1,TRBJ2-1,SASRGRAHKTDNEQF,1
TRBV20-1,TRBJ2-1,SASRGRAHNEQF,1
TRBV20-1,TRBJ2-1,SASRGRALGNEQF,1
TRBV20-1,TRBJ2-1,SASRGRALNAQF,1
TRBV20-1,TRBJ2-1,SASRGRALNEQF,6
TRBV20-1,TRBJ2-1,SASRGRALNVRL,1
TRBV20-1,TRBJ2-1,SASRGRALVNEQF,1
TRBV20-1,TRBJ2-1,SASRGRALVQF,2
TRBV20-1,TRBJ2-1,SASRGRALYNEQF,2
TRBV20-1,TRBJ2-1,SASRGRAMAYNEQF,1
TRBV20-1,TRBJ2-1,SASRGRANEQF,15
TRBV20-1,TRBJ2-1,SASRGRANNEQF,1
TRBV20-1,TRBJ2-1,SASRGRANYNEQF,1
TRBV20-1,TRBJ2-1,SASRGRAPNEQF,2
TRBV20-1,TRBJ2-1,SASRGRAPPYNEQF,1
TRBV20-1,TRBJ2-1,SASRGRAPYNEQF,1
TRBV20-1,TRBJ2-1,SASRGRARGEDEQF,1
TRBV20-1,TRBJ2-1,SASRGRARQYEQF,2
TRBV20-1,TRBJ2-1,SASRGRARYNEQF,1
TRBV20-1,TRBJ2-1,SASRGRASGSSAYNEQF,1
TRBV20-1,TRBJ2-1,SASRGRASGSSYNEQF,1
TRBV20-1,TRBJ2-1,SASRGRASNEQF,1
TRBV20-1,TRBJ2-1,SASRGRASYNEQF,4
TRBV20-1,TRBJ2-1,SASRGRATNEQF,1
TRBV20-1,TRBJ2-1,SASRGRAVDEQF,1
TRBV20-1,TRBJ2-1,SASRGRAWGLDNEQF,1
TRBV20-1,TRBJ2-1,SASRGRAYNEQF,2
TRBV20-1,TRBJ2-1,SASRGRDANEQF,1
TRBV20-1,TRBJ2-1,SASRGRDEQF,1
TRBV20-1,TRBJ2-1,SASRGRDNEQF,3
TRBV20-1,TRBJ2-1,SASRGRDPTRNTYNEQF,1
TRBV20-1,TRBJ2-1,SASRGRDSYNEQF,1
TRBV20-1,TRBJ2-1,SASRGREAYNEQF,2
TRBV20-1,TRBJ2-1,SASRGREDEQF,1
TRBV20-1,TRBJ2-1,SASRGREDGNEQF,1
TRBV20-1,TRBJ2-1,SASRGRELGNEQF,1
TRBV20-1,TRBJ2-1,SASRGRENEQF,1
TRBV20-1,TRBJ2-1,SASRGREQF,14
TRBV20-1,TRBJ2-1,SASRGRERDNEQF,1
TRBV20-1,TRBJ2-1,SASRGRESGLFSYNEQF,1
TRBV20-1,TRBJ2-1,SASRGRESNEQF,1
TRBV20-1,TRBJ2-1,SASRGRESQDEQF,1
TRBV20-1,TRBJ2-1,SASRGRESYNEQF,1
TRBV20-1,TRBJ2-1,SASRGRETYNEQF,1
TRBV20-1,TRBJ2-1,SASRGREWYNEQF,1
TRBV20-1,TRBJ2-1,SASRGREYNEQF,3
TRBV20-1,TRBJ2-1,SASRGREYYNEQF,1
TRBV20-1,TRBJ2-1,SASRGRFDEQF,1
TRBV20-1,TRBJ2-1,SASRGRFNEQF,3
TRBV20-1,TRBJ2-1,SASRGRFSYNEQF,1
TRBV20-1,TRBJ2-1,SASRGRFVNEQF,1
TRBV20-1,TRBJ2-1,SASRGRGDYNEQF,2
TRBV20-1,TRBJ2-1,SASRGRGGADEQF,1
TRBV20-1,TRBJ2-1,SASRGRGGGGEQF,1
TRBV20-1,TRBJ2-1,SASRGRGGGNEQF,2
TRBV20-1,TRBJ2-1,SASRGRGGNEQF,2
TRBV20-1,TRBJ2-1,SASRGRGGYNEQF,2
TRBV20-1,TRBJ2-1,SASRGRGHYNEQF,1
TRBV20-1,TRBJ2-1,SASRGRGLRNEQF,1
TRBV20-1,TRBJ2-1,SASRGRGLSYNEQF,1
TRBV20-1,TRBJ2-1,SASRGRGNEQF,6
TRBV20-1,TRBJ2-1,SASRGRGPFDNEQF,1
TRBV20-1,TRBJ2-1,SASRGRGPGFRYNEQF,8
TRBV20-1,TRBJ2-1,SASRGRGPLYSSSYNEQF,1
TRBV20-1,TRBJ2-1,SASRGRGPYNEQF,2
TRBV20-1,TRBJ2-1,SASRGRGRTYNEQF,1
TRBV20-1,TRBJ2-1,SASRGRGRVNEQF,5
TRBV20-1,TRBJ2-1,SASRGRGRYNEQF,1
TRBV20-1,TRBJ2-1,SASRGRGSIGGNEQC,1
TRBV20-1,TRBJ2-1,SASRGRGSLGGNEQF,1
TRBV20-1,TRBJ2-1,SASRGRGSNEQF,1
TRBV20-1,TRBJ2-1,SASRGRGSSYNEQF,1
TRBV20-1,TRBJ2-1,SASRGRGSYNEQF,3
TRBV20-1,TRBJ2-1,SASRGRGSYNVQF,1
TRBV20-1,TRBJ2-1,SASRGRGVYNEQF,1
TRBV20-1,TRBJ2-1,SASRGRGYEQF,2
TRBV20-1,TRBJ2-1,SASRGRGYNEQF,7
TRBV20-1,TRBJ2-1,SASRGRHNEQF,3
TRBV20-1,TRBJ2-1,SASRGRIFEWSYNEQF,3
TRBV20-1,TRBJ2-1,SASRGRINEHF,1
TRBV20-1,TRBJ2-1,SASRGRINEQF,6
TRBV20-1,TRBJ2-1,SASRGRIPEQF,1
TRBV20-1,TRBJ2-1,SASRGRITYNEQF,1
TRBV20-1,TRBJ2-1,SASRGRIVGNEQF,1
TRBV20-1,TRBJ2-1,SASRGRIYNEQF,1
TRBV20-1,TRBJ2-1,SASRGRKSNEQF,1
TRBV20-1,TRBJ2-1,SASRGRLAGGGAYNEQF,1
TRBV20-1,TRBJ2-1,SASRGRLAVYNEQF,1
TRBV20-1,TRBJ2-1,SASRGRLDNEQF,5
TRBV20-1,TRBJ2-1,SASRGRLGANEQF,1
TRBV20-1,TRBJ2-1,SASRGRLGSYNEQF,1
TRBV20-1,TRBJ2-1,SASRGRLKPPHNEQF,1
TRBV20-1,TRBJ2-1,SASRGRLLSYNEQF,1
TRBV20-1,TRBJ2-1,SASRGRLNNEQF,2
TRBV20-1,TRBJ2-1,SASRGRLTGSEQF,4
TRBV20-1,TRBJ2-1,SASRGRLTVSEQF,1
TRBV20-1,TRBJ2-1,SASRGRLVNNEQF,1
TRBV20-1,TRBJ2-1,SASRGRLYNEQF,1
TRBV20-1,TRBJ2-1,SASRGRMDNEQF,1
TRBV20-1,TRBJ2-1,SASRGRNDEQF,1
TRBV20-1,TRBJ2-1,SASRGRNEQF,2
TRBV20-1,TRBJ2-1,SASRGRNNEQF,1
TRBV20-1,TRBJ2-1,SASRGRNPYNEQF,1
TRBV20-1,TRBJ2-1,SASRGRNSYNEQF,4
TRBV20-1,TRBJ2-1,SASRGRNYNEQF,4
TRBV20-1,TRBJ2-1,SASRGRNYYNEQF,1
TRBV20-1,TRBJ2-1,SASRGRPKDNEQF,1
TRBV20-1,TRBJ2-1,SASRGRPNEQF,1
TRBV20-1,TRBJ2-1,SASRGRPSSYNEQF,1
TRBV20-1,TRBJ2-1,SASRGRPTGYNEQF,1
TRBV20-1,TRBJ2-1,SASRGRPYNEQF,3
TRBV20-1,TRBJ2-1,SASRGRQSYNEQF,1
TRBV20-1,TRBJ2-1,SASRGRRDEQF,1
TRBV20-1,TRBJ2-1,SASRGRRDNEQF,3
TRBV20-1,TRBJ2-1,SASRGRRGNEQF,1
TRBV20-1,TRBJ2-1,SASRGRRHNEQF,1
TRBV20-1,TRBJ2-1,SASRGRRNEQF,1
TRBV20-1,TRBJ2-1,SASRGRRNNEQF,2
TRBV20-1,TRBJ2-1,SASRGRRQLYNEQF,1
TRBV20-1,TRBJ2-1,SASRGRRSDEQF,1
TRBV20-1,TRBJ2-1,SASRGRRVPNEQF,1
TRBV20-1,TRBJ2-1,SASRGRRYNEQF,2
TRBV20-1,TRBJ2-1,SASRGRSAYNEQF,1
TRBV20-1,TRBJ2-1,SASRGRSDEQF,2
TRBV20-1,TRBJ2-1,SASRGRSDNEQF,1
TRBV20-1,TRBJ2-1,SASRGRSGTSGRDHEQF,1
TRBV20-1,TRBJ2-1,SASRGRSNEQF,1
TRBV20-1,TRBJ2-1,SASRGRSNNEQF,1
TRBV20-1,TRBJ2-1,SASRGRSQVYNEQF,1
TRBV20-1,TRBJ2-1,SASRGRSSAMGDNEQF,1
TRBV20-1,TRBJ2-1,SASRGRSSSYNEQF,1
TRBV20-1,TRBJ2-1,SASRGRSSYNEQF,7
TRBV20-1,TRBJ2-1,SASRGRSTYNEQF,2
TRBV20-1,TRBJ2-1,SASRGRSYNEQF,13
TRBV20-1,TRBJ2-1,SASRGRTDNEQF,2
TRBV20-1,TRBJ2-1,SASRGRTENDYNEQF,1
TRBV20-1,TRBJ2-1,SASRGRTGFDEQF,1
TRBV20-1,TRBJ2-1,SASRGRTSGANEQF,1
TRBV20-1,TRBJ2-1,SASRGRTSGNEQF,1
TRBV20-1,TRBJ2-1,SASRGRTSYNEQF,1
TRBV20-1,TRBJ2-1,SASRGRTVHEQF,1
TRBV20-1,TRBJ2-1,SASRGRTVYNEQF,1
TRBV20-1,TRBJ2-1,SASRGRTYNEQF,2
TRBV20-1,TRBJ2-1,SASRGRVAYNEQF,1
TRBV20-1,TRBJ2-1,SASRGRVDEQF,1
TRBV20-1,TRBJ2-1,SASRGRVGYNEQF,1
TRBV20-1,TRBJ2-1,SASRGRVLNRPSYNEQF,3
TRBV20-1,TRBJ2-1,SASRGRVLYNEQF,1
TRBV20-1,TRBJ2-1,SASRGRVNNEQF,1
TRBV20-1,TRBJ2-1,SASRGRVRNEQF,1
TRBV20-1,TRBJ2-1,SASRGRVSYNEQF,1
TRBV20-1,TRBJ2-1,SASRGRVYNEQF,4
TRBV20-1,TRBJ2-1,SASRGRYDNEQF,1
TRBV20-1,TRBJ2-1,SASRGRYEQF,5
TRBV20-1,TRBJ2-1,SASRGRYNEQF,10
TRBV20-1,TRBJ2-1,SASRGRYPGDEQF,1
TRBV20-1,TRBJ2-1,SASRGRYYNEQF,1
TRBV20-1,TRBJ2-1,SASRGSAAYNEQF,1
TRBV20-1,TRBJ2-1,SASRGSAGGQYNEQF,1
TRBV20-1,TRBJ2-1,SASRGSAHNEQF,1
TRBV20-1,TRBJ2-1,SASRGSANEQF,2
TRBV20-1,TRBJ2-1,SASRGSANNEQF,1
TRBV20-1,TRBJ2-1,SASRGSARGNEQF,1
TRBV20-1,TRBJ2-1,SASRGSASNEQF,5
TRBV20-1,TRBJ2-1,SASRGSASSYNEQF,3
TRBV20-1,TRBJ2-1,SASRGSAYNEQF,11
TRBV20-1,TRBJ2-1,SASRGSDEQF,6
TRBV20-1,TRBJ2-1,SASRGSDNEQF,3
TRBV20-1,TRBJ2-1,SASRGSDNNEQF,1
TRBV20-1,TRBJ2-1,SASRGSDPYNEQF,1
TRBV20-1,TRBJ2-1,SASRGSDRYNEQF,1
TRBV20-1,TRBJ2-1,SASRGSDYNEQF,4
TRBV20-1,TRBJ2-1,SASRGSEQF,2
TRBV20-1,TRBJ2-1,SASRGSFLHEQF,1
TRBV20-1,TRBJ2-1,SASRGSFLWDEQF,1
TRBV20-1,TRBJ2-1,SASRGSFNEQF,1
TRBV20-1,TRBJ2-1,SASRGSGAPNEQF,1
TRBV20-1,TRBJ2-1,SASRGSGDDGEQF,2
TRBV20-1,TRBJ2-1,SASRGSGDEQF,7
TRBV20-1,TRBJ2-1,SASRGSGDLNEQF,1
TRBV20-1,TRBJ2-1,SASRGSGDRNEQF,1
TRBV20-1,TRBJ2-1,SASRGSGEYNEQF,5
TRBV20-1,TRBJ2-1,SASRGSGFFSEQF,1
TRBV20-1,TRBJ2-1,SASRGSGFLSELF,2
TRBV20-1,TRBJ2-1,SASRGSGFLSEQF,3
TRBV20-1,TRBJ2-1,SASRGSGFTSSYNEQF,1
TRBV20-1,TRBJ2-1,SASRGSGFYNEQF,1
TRBV20-1,TRBJ2-1,SASRGSGGGGEQF,1
TRBV20-1,TRBJ2-1,SASRGSGGGNEQF,1
TRBV20-1,TRBJ2-1,SASRGSGGGPSYNEQF,2
TRBV20-1,TRBJ2-1,SASRGSGGHNEQF,1
TRBV20-1,TRBJ2-1,SASRGSGGIGGNEQF,1
TRBV20-1,TRBJ2-1,SASRGSGGNEQF,1
TRBV20-1,TRBJ2-1,SASRGSGGRNEQF,1
TRBV20-1,TRBJ2-1,SASRGSGGRWNEQF,1
TRBV20-1,TRBJ2-1,SASRGSGGYNEQF,4
TRBV20-1,TRBJ2-1,SASRGSGHNEQF,2
TRBV20-1,TRBJ2-1,SASRGSGIKNEQF,1
TRBV20-1,TRBJ2-1,SASRGSGINEQF,1
TRBV20-1,TRBJ2-1,SASRGSGIYEQF,1
TRBV20-1,TRBJ2-1,SASRGSGIYNEQF,1
TRBV20-1,TRBJ2-1,SASRGSGLINEQF,1
TRBV20-1,TRBJ2-1,SASRGSGLNNEQF,2
TRBV20-1,TRBJ2-1,SASRGSGLNPGGVMYNEQF,1
TRBV20-1,TRBJ2-1,SASRGSGLPYNEQF,5
TRBV20-1,TRBJ2-1,SASRGSGLSSYNEQF,6
TRBV20-1,TRBJ2-1,SASRGSGLTYNEQF,9
TRBV20-1,TRBJ2-1,SASRGSGLYNEQF,2
TRBV20-1,TRBJ2-1,SASRGSGNEQF,1
TRBV20-1,TRBJ2-1,SASRGSGPNNEQF,1
TRBV20-1,TRBJ2-1,SASRGSGRAGSYNEQF,1
TRBV20-1,TRBJ2-1,SASRGSGRAHEQF,1
TRBV20-1,TRBJ2-1,SASRGSGRANEQF,1
TRBV20-1,TRBJ2-1,SASRGSGRASYYNEQF,1
TRBV20-1,TRBJ2-1,SASRGSGRAVGAEQF,4
TRBV20-1,TRBJ2-1,SASRGSGRAVGNEQF,1
TRBV20-1,TRBJ2-1,SASRGSGRGAYNEQF,1
TRBV20-1,TRBJ2-1,SASRGSGRGNEQF,4
TRBV20-1,TRBJ2-1,SASRGSGRIGGNEQF,1
TRBV20-1,TRBJ2-1,SASRGSGRNEQF,1
TRBV20-1,TRBJ2-1,SASRGSGRPNEQF,1
TRBV20-1,TRBJ2-1,SASRGSGRYNEQF,4
TRBV20-1,TRBJ2-1,SASRGSGSDLGDEQF,1
TRBV20-1,TRBJ2-1,SASRGSGSGEPWYNEQF,1
TRBV20-1,TRBJ2-1,SASRGSGSIGENEQF,1
TRBV20-1,TRBJ2-1,SASRGSGSIGGKEQF,1
TRBV20-1,TRBJ2-1,SASRGSGSIGGNAQF,1
TRBV20-1,TRBJ2-1,SASRGSGSIGGNDQF,1
TRBV20-1,TRBJ2-1,SASRGSGSIGGNEHF,1
TRBV20-1,TRBJ2-1,SASRGSGSIGGNEQC,1
TRBV20-1,TRBJ2-1,SASRGSGSIGGNEQF,161
TRBV20-1,TRBJ2-1,SASRGSGSIGVNEQF,1
TRBV20-1,TRBJ2-1,SASRGSGSIGWNEPF,1
TRBV20-1,TRBJ2-1,SASRGSGSISGNEQF,1
TRBV20-1,TRBJ2-1,SASRGSGSLGGNEQF,1
TRBV20-1,TRBJ2-1,SASRGSGSNTYNEQF,1
TRBV20-1,TRBJ2-1,SASRGSGSRNEQF,1
TRBV20-1,TRBJ2-1,SASRGSGSSYNEQF,3
TRBV20-1,TRBJ2-1,SASRGSGSTGGNEQF,1
TRBV20-1,TRBJ2-1,SASRGSGSVGGNEQF,2
TRBV20-1,TRBJ2-1,SASRGSGSYNEQF,2
TRBV20-1,TRBJ2-1,SASRGSGTGNEQF,1
TRBV20-1,TRBJ2-1,SASRGSGTNNEQF,1
TRBV20-1,TRBJ2-1,SASRGSGTSSYNEQF,1
TRBV20-1,TRBJ2-1,SASRGSGTYNEQF,2
TRBV20-1,TRBJ2-1,SASRGSGVNEQF,2
TRBV20-1,TRBJ2-1,SASRGSGYIEQF,1
TRBV20-1,TRBJ2-1,SASRGSGYKEQF,1
TRBV20-1,TRBJ2-1,SASRGSGYNDQF,1
TRBV20-1,TRBJ2-1,SASRGSGYNEHF,1
TRBV20-1,TRBJ2-1,SASRGSGYNELF,1
TRBV20-1,TRBJ2-1,SASRGSGYNEQF,58
TRBV20-1,TRBJ2-1,SASRGSHEQF,1
TRBV20-1,TRBJ2-1,SASRGSHNEQF,2
TRBV20-1,TRBJ2-1,SASRGSIIFNEQF,1
TRBV20-1,TRBJ2-1,SASRGSINNEQF,1
TRBV20-1,TRBJ2-1,SASRGSKADEQF,1
TRBV20-1,TRBJ2-1,SASRGSKDEQF,1
TRBV20-1,TRBJ2-1,SASRGSKGGNEQF,1
TRBV20-1,TRBJ2-1,SASRGSKGHEQF,2
TRBV20-1,TRBJ2-1,SASRGSKPRDEQF,1
TRBV20-1,TRBJ2-1,SASRGSKRERRNEQF,1
TRBV20-1,TRBJ2-1,SASRGSLENEQF,6
TRBV20-1,TRBJ2-1,SASRGSLGLAGNNEQF,1
TRBV20-1,TRBJ2-1,SASRGSLGNEQF,1
TRBV20-1,TRBJ2-1,SASRGSLNNEQF,2
TRBV20-1,TRBJ2-1,SASRGSLRANEQF,1
TRBV20-1,TRBJ2-1,SASRGSLSNEQF,3
TRBV20-1,TRBJ2-1,SASRGSLSYNEQF,1
TRBV20-1,TRBJ2-1,SASRGSLWNEQF,2
TRBV20-1,TRBJ2-1,SASRGSLYNEQF,7
TRBV20-1,TRBJ2-1,SASRGSMNEQF,1
TRBV20-1,TRBJ2-1,SASRGSMYNEQF,1
TRBV20-1,TRBJ2-1,SASRGSNDQF,1
TRBV20-1,TRBJ2-1,SASRGSNEQF,19
TRBV20-1,TRBJ2-1,SASRGSNFNEQF,1
TRBV20-1,TRBJ2-1,SASRGSNGYNEQF,1
TRBV20-1,TRBJ2-1,SASRGSNNEQF,7
TRBV20-1,TRBJ2-1,SASRGSNSYNEQF,6
TRBV20-1,TRBJ2-1,SASRGSNYNEQF,2
TRBV20-1,TRBJ2-1,SASRGSPAYNEQF,2
TRBV20-1,TRBJ2-1,SASRGSPHYNEQF,4
TRBV20-1,TRBJ2-1,SASRGSPNEQF,1
TRBV20-1,TRBJ2-1,SASRGSPNHEQF,1
TRBV20-1,TRBJ2-1,SASRGSPPYNEQF,1
TRBV20-1,TRBJ2-1,SASRGSPRANEQF,2
TRBV20-1,TRBJ2-1,SASRGSPRNEQF,1
TRBV20-1,TRBJ2-1,SASRGSPSNEQF,1
TRBV20-1,TRBJ2-1,SASRGSPSRNEQF,1
TRBV20-1,TRBJ2-1,SASRGSPTNEQF,1
TRBV20-1,TRBJ2-1,SASRGSPVEQF,2
TRBV20-1,TRBJ2-1,SASRGSPYNEQF,7
TRBV20-1,TRBJ2-1,SASRGSRDEQF,1
TRBV20-1,TRBJ2-1,SASRGSRDNEQF,1
TRBV20-1,TRBJ2-1,SASRGSRHNEQF,2
TRBV20-1,TRBJ2-1,SASRGSRNEQF,2
TRBV20-1,TRBJ2-1,SASRGSRRQF,1
TRBV20-1,TRBJ2-1,SASRGSRSYNEQF,4
TRBV20-1,TRBJ2-1,SASRGSRYNEQF,2
TRBV20-1,TRBJ2-1,SASRGSSFYNEQF,1
TRBV20-1,TRBJ2-1,SASRGSSGADEQF,1
TRBV20-1,TRBJ2-1,SASRGSSGEYNEQF,1
TRBV20-1,TRBJ2-1,SASRGSSGGGEQF,4
TRBV20-1,TRBJ2-1,SASRGSSGRNNEQF,1
TRBV20-1,TRBJ2-1,SASRGSSGSYNEQF,1
TRBV20-1,TRBJ2-1,SASRGSSGTYNEQF,1
TRBV20-1,TRBJ2-1,SASRGSSGYNEQF,1
TRBV20-1,TRBJ2-1,SASRGSSLQNEQF,1
TRBV20-1,TRBJ2-1,SASRGSSNEQF,4
TRBV20-1,TRBJ2-1,SASRGSSPHNEQF,1
TRBV20-1,TRBJ2-1,SASRGSSQF,2
TRBV20-1,TRBJ2-1,SASRGSSSNEQF,1
TRBV20-1,TRBJ2-1,SASRGSSSYNEQF,22
TRBV20-1,TRBJ2-1,SASRGSSYNEQF,116
TRBV20-1,TRBJ2-1,SASRGSTAYNEQF,1
TRBV20-1,TRBJ2-1,SASRGSTGVGDEQF,1
TRBV20-1,TRBJ2-1,SASRGSTLINEQF,1
TRBV20-1,TRBJ2-1,SASRGSTNNEQF,3
TRBV20-1,TRBJ2-1,SASRGSTPIYNEQF,1
TRBV20-1,TRBJ2-1,SASRGSTPNEQF,1
TRBV20-1,TRBJ2-1,SASRGSTSPGQNEQF,2
TRBV20-1,TRBJ2-1,SASRGSTSYNEQF,1
TRBV20-1,TRBJ2-1,SASRGSTVNEQF,1
TRBV20-1,TRBJ2-1,SASRGSTYNEQF,5
TRBV20-1,TRBJ2-1,SASRGSVDEQF,1
TRBV20-1,TRBJ2-1,SASRGSVENEQF,1
TRBV20-1,TRBJ2-1,SASRGSVNEQF,2
TRBV20-1,TRBJ2-1,SASRGSVRYNEQF,1
TRBV20-1,TRBJ2-1,SASRGSVSIGGNEQF,2
TRBV20-1,TRBJ2-1,SASRGSVSYNEQF,2
TRBV20-1,TRBJ2-1,SASRGSVTYNEQL,1
TRBV20-1,TRBJ2-1,SASRGSVYNEQF,1
TRBV20-1,TRBJ2-1,SASRGSWGYNEQF,1
TRBV20-1,TRBJ2-1,SASRGSYDNEQF,1
TRBV20-1,TRBJ2-1,SASRGSYNEKF,1
TRBV20-1,TRBJ2-1,SASRGSYNEQF,92
TRBV20-1,TRBJ2-1,SASRGSYPYNEQF,1
TRBV20-1,TRBJ2-1,SASRGTAFNEQF,1
TRBV20-1,TRBJ2-1,SASRGTAISLYNEQF,1
TRBV20-1,TRBJ2-1,SASRGTAPHEQF,1
TRBV20-1,TRBJ2-1,SASRGTATYNEQF,1
TRBV20-1,TRBJ2-1,SASRGTAYNEQF,3
TRBV20-1,TRBJ2-1,SASRGTCYNEQF,1
TRBV20-1,TRBJ2-1,SASRGTDEQF,2
TRBV20-1,TRBJ2-1,SASRGTDFGDEQF,1
TRBV20-1,TRBJ2-1,SASRGTDTYNEQF,1
TRBV20-1,TRBJ2-1,SASRGTDYNEQF,2
TRBV20-1,TRBJ2-1,SASRGTENNEQF,1
TRBV20-1,TRBJ2-1,SASRGTFSYNEQF,1
TRBV20-1,TRBJ2-1,SASRGTFYNEQF,2
TRBV20-1,TRBJ2-1,SASRGTGAYNEQF,2
TRBV20-1,TRBJ2-1,SASRGTGDEQF,1
TRBV20-1,TRBJ2-1,SASRGTGDNEQF,1
TRBV20-1,TRBJ2-1,SASRGTGENEQF,1
TRBV20-1,TRBJ2-1,SASRGTGFDEQF,1
TRBV20-1,TRBJ2-1,SASRGTGFWNEQF,1
TRBV20-1,TRBJ2-1,SASRGTGFYNEQF,1
TRBV20-1,TRBJ2-1,SASRGTGGFDEQF,1
TRBV20-1,TRBJ2-1,SASRGTGGFLNEQF,1
TRBV20-1,TRBJ2-1,SASRGTGGFNEQF,1
TRBV20-1,TRBJ2-1,SASRGTGGIYNEQF,2
TRBV20-1,TRBJ2-1,SASRGTGGLAGSNEQF,2
TRBV20-1,TRBJ2-1,SASRGTGGLSGSNEQF,1
TRBV20-1,TRBJ2-1,SASRGTGGNNEQF,2
TRBV20-1,TRBJ2-1,SASRGTGGNNEQL,1
TRBV20-1,TRBJ2-1,SASRGTGGPYNEQF,1
TRBV20-1,TRBJ2-1,SASRGTGGVDEQF,7
TRBV20-1,TRBJ2-1,SASRGTGGYNEQF,1
TRBV20-1,TRBJ2-1,SASRGTGKNNEQF,1
TRBV20-1,TRBJ2-1,SASRGTGLAGRDEQF,1
TRBV20-1,TRBJ2-1,SASRGTGMGPYNEQF,1
TRBV20-1,TRBJ2-1,SASRGTGMNEQF,1
TRBV20-1,TRBJ2-1,SASRGTGNEQF,4
TRBV20-1,TRBJ2-1,SASRGTGNYKEQF,1
TRBV20-1,TRBJ2-1,SASRGTGRGSYNEQF,1
TRBV20-1,TRBJ2-1,SASRGTGRKYNEQF,1
TRBV20-1,TRBJ2-1,SASRGTGRYNEQF,1
TRBV20-1,TRBJ2-1,SASRGTGSHEQF,1
TRBV20-1,TRBJ2-1,SASRGTGSNEQF,2
TRBV20-1,TRBJ2-1,SASRGTGSSGGNEQF,1
TRBV20-1,TRBJ2-1,SASRGTGSYNEQF,1
TRBV20-1,TRBJ2-1,SASRGTGTYNEQF,10
TRBV20-1,TRBJ2-1,SASRGTGVDNEQF,1
TRBV20-1,TRBJ2-1,SASRGTGVYNEQF,1
TRBV20-1,TRBJ2-1,SASRGTGYNEQF,22
TRBV20-1,TRBJ2-1,SASRGTHNEQF,1
TRBV20-1,TRBJ2-1,SASRGTHRASSYNEQF,1
TRBV20-1,TRBJ2-1,SASRGTIISYNEQF,1
TRBV20-1,TRBJ2-1,SASRGTINEQF,1
TRBV20-1,TRBJ2-1,SASRGTIPYNEQF,1
TRBV20-1,TRBJ2-1,SASRGTISRNEQF,1
TRBV20-1,TRBJ2-1,SASRGTKDYNEQF,1
TRBV20-1,TRBJ2-1,SASRGTKHGNEQF,1
TRBV20-1,TRBJ2-1,SASRGTLDHNEQF,4
TRBV20-1,TRBJ2-1,SASRGTLNNEQF,2
TRBV20-1,TRBJ2-1,SASRGTLRIYNEQF,1
TRBV20-1,TRBJ2-1,SASRGTNDEQF,1
TRBV20-1,TRBJ2-1,SASRGTNEQF,16
TRBV20-1,TRBJ2-1,SASRGTNYEQF,1
TRBV20-1,TRBJ2-1,SASRGTPGLAGVYNEQF,1
TRBV20-1,TRBJ2-1,SASRGTPLRNEQF,1
TRBV20-1,TRBJ2-1,SASRGTPPYNEQF,1
TRBV20-1,TRBJ2-1,SASRGTPSSYNEQF,1
TRBV20-1,TRBJ2-1,SASRGTPSYNEQF,2
TRBV20-1,TRBJ2-1,SASRGTPYNEQF,2
TRBV20-1,TRBJ2-1,SASRGTQPHNEQF,1
TRBV20-1,TRBJ2-1,SASRGTQQF,1
TRBV20-1,TRBJ2-1,SASRGTQRDNEQF,1
TRBV20-1,TRBJ2-1,SASRGTQSYNEQF,5
TRBV20-1,TRBJ2-1,SASRGTRAYEQF,1
TRBV20-1,TRBJ2-1,SASRGTRGLVDEQF,4
TRBV20-1,TRBJ2-1,SASRGTRINEQF,1
TRBV20-1,TRBJ2-1,SASRGTRRTNAYNEQF,1
TRBV20-1,TRBJ2-1,SASRGTRVHNEQF,1
TRBV20-1,TRBJ2-1,SASRGTRYNEQF,3
TRBV20-1,TRBJ2-1,SASRGTSADNEQF,1
TRBV20-1,TRBJ2-1,SASRGTSANNEQF,1
TRBV20-1,TRBJ2-1,SASRGTSAYNEQF,1
TRBV20-1,TRBJ2-1,SASRGTSDGDEQF,1
TRBV20-1,TRBJ2-1,SASRGTSDHNEQF,1
TRBV20-1,TRBJ2-1,SASRGTSDLYNEQF,1
TRBV20-1,TRBJ2-1,SASRGTSDNEQF,3
TRBV20-1,TRBJ2-1,SASRGTSEYNEQF,2
TRBV20-1,TRBJ2-1,SASRGTSFNEQF,1
TRBV20-1,TRBJ2-1,SASRGTSFYEQF,1
TRBV20-1,TRBJ2-1,SASRGTSGAVGNEQF,1
TRBV20-1,TRBJ2-1,SASRGTSGDEQF,2
TRBV20-1,TRBJ2-1,SASRGTSGDHNEQF,1
TRBV20-1,TRBJ2-1,SASRGTSGFNEQF,1
TRBV20-1,TRBJ2-1,SASRGTSGGASYNEQF,1
TRBV20-1,TRBJ2-1,SASRGTSGGDNEQF,1
TRBV20-1,TRBJ2-1,SASRGTSGGNEQF,2
TRBV20-1,TRBJ2-1,SASRGTSGGYNEQF,1
TRBV20-1,TRBJ2-1,SASRGTSGHNEQF,11
TRBV20-1,TRBJ2-1,SASRGTSGIAPLDEQF,1
TRBV20-1,TRBJ2-1,SASRGTSGINEQF,1
TRBV20-1,TRBJ2-1,SASRGTSGISSTYNEQF,1
TRBV20-1,TRBJ2-1,SASRGTSGIYNEQF,1
TRBV20-1,TRBJ2-1,SASRGTSGKSSYNEQF,1
TRBV20-1,TRBJ2-1,SASRGTSGLAGHNEQF,1
TRBV20-1,TRBJ2-1,SASRGTSGLNEQF,1
TRBV20-1,TRBJ2-1,SASRGTSGLRRVNEQF,1
TRBV20-1,TRBJ2-1,SASRGTSGLYNEQF,2
TRBV20-1,TRBJ2-1,SASRGTSGNEQF,4
TRBV20-1,TRBJ2-1,SASRGTSGNNEQF,11
TRBV20-1,TRBJ2-1,SASRGTSGQNKQF,1
TRBV20-1,TRBJ2-1,SASRGTSGRATELF,1
TRBV20-1,TRBJ2-1,SASRGTSGRATEQF,2
TRBV20-1,TRBJ2-1,SASRGTSGRDEQF,1
TRBV20-1,TRBJ2-1,SASRGTSGRENEQF,1
TRBV20-1,TRBJ2-1,SASRGTSGREWLRNEQF,1
TRBV20-1,TRBJ2-1,SASRGTSGRFNEQF,1
TRBV20-1,TRBJ2-1,SASRGTSGRGDEQF,1
TRBV20-1,TRBJ2-1,SASRGTSGRGNEQF,1
TRBV20-1,TRBJ2-1,SASRGTSGRINEQF,1
TRBV20-1,TRBJ2-1,SASRGTSGRLHSYNEQF,1
TRBV20-1,TRBJ2-1,SASRGTSGRPHNEQF,1
TRBV20-1,TRBJ2-1,SASRGTSGRRDEQF,1
TRBV20-1,TRBJ2-1,SASRGTSGRTGSYNEQF,8
TRBV20-1,TRBJ2-1,SASRGTSGRTLDEQF,2
TRBV20-1,TRBJ2-1,SASRGTSGRTYNEQF,1
TRBV20-1,TRBJ2-1,SASRGTSGRVGNEQF,1
TRBV20-1,TRBJ2-1,SASRGTSGRVPGEQF,3
TRBV20-1,TRBJ2-1,SASRGTSGRVYNEQF,1
TRBV20-1,TRBJ2-1,SASRGTSGSDEQF,20
TRBV20-1,TRBJ2-1,SASRGTSGSDNEQF,1
TRBV20-1,TRBJ2-1,SASRGTSGSGEQF,1
TRBV20-1,TRBJ2-1,SASRGTSGSHEQF,1
TRBV20-1,TRBJ2-1,SASRGTSGSHGNEQF,1
TRBV20-1,TRBJ2-1,SASRGTSGSIPYNEQF,1
TRBV20-1,TRBJ2-1,SASRGTSGSLDEQF,1
TRBV20-1,TRBJ2-1,SASRGTSGSLEVNEQF,1
TRBV20-1,TRBJ2-1,SASRGTSGSNEQF,3
TRBV20-1,TRBJ2-1,SASRGTSGSSYNEQF,2
TRBV20-1,TRBJ2-1,SASRGTSGSYEQF,2
TRBV20-1,TRBJ2-1,SASRGTSGSYNEQF,2
TRBV20-1,TRBJ2-1,SASRGTSGTMSSYNEQF,1
TRBV20-1,TRBJ2-1,SASRGTSGTNEQF,7
TRBV20-1,TRBJ2-1,SASRGTSGTYNEQF,1
TRBV20-1,TRBJ2-1,SASRGTSGVNEQF,1
TRBV20-1,TRBJ2-1,SASRGTSGYNEQF,4
TRBV20-1,TRBJ2-1,SASRGTSGYRNEQF,1
TRBV20-1,TRBJ2-1,SASRGTSGYYNEQF,1
TRBV20-1,TRBJ2-1,SASRGTSHF,1
TRBV20-1,TRBJ2-1,SASRGTSIAGGVDNEQF,1
TRBV20-1,TRBJ2-1,SASRGTSLGNEQF,1
TRBV20-1,TRBJ2-1,SASRGTSLLQNEQF,1
TRBV20-1,TRBJ2-1,SASRGTSMYNEQF,1
TRBV20-1,TRBJ2-1,SASRGTSNEQF,4
TRBV20-1,TRBJ2-1,SASRGTSNNEQF,1
TRBV20-1,TRBJ2-1,SASRGTSPPDQF,7
TRBV20-1,TRBJ2-1,SASRGTSSYNEQF,2
TRBV20-1,TRBJ2-1,SASRGTSTYEQF,1
TRBV20-1,TRBJ2-1,SASRGTSTYNEQF,1
TRBV20-1,TRBJ2-1,SASRGTSVGNEQF,1
TRBV20-1,TRBJ2-1,SASRGTSVNEQF,1
TRBV20-1,TRBJ2-1,SASRGTSVRNEQF,1
TRBV20-1,TRBJ2-1,SASRGTSVYNEQF,6
TRBV20-1,TRBJ2-1,SASRGTSVYNGQF,1
TRBV20-1,TRBJ2-1,SASRGTSWLSSNEQF,1
TRBV20-1,TRBJ2-1,SASRGTSYNEQF,16
TRBV20-1,TRBJ2-1,SASRGTTINEQF,1
TRBV20-1,TRBJ2-1,SASRGTTNEQF,1
TRBV20-1,TRBJ2-1,SASRGTTSYNEQF,1
TRBV20-1,TRBJ2-1,SASRGTTYNEQF,3
TRBV20-1,TRBJ2-1,SASRGTVFNEQF,1
TRBV20-1,TRBJ2-1,SASRGTVLFHEQF,1
TRBV20-1,TRBJ2-1,SASRGTVYNEQF,1
TRBV20-1,TRBJ2-1,SASRGTYINNEQF,1
TRBV20-1,TRBJ2-1,SASRGTYNEQF,18
TRBV20-1,TRBJ2-1,SASRGVAASSYNEQF,1
TRBV20-1,TRBJ2-1,SASRGVADNEQF,2
TRBV20-1,TRBJ2-1,SASRGVADYNEQF,1
TRBV20-1,TRBJ2-1,SASRGVAGDNEQF,1
TRBV20-1,TRBJ2-1,SASRGVAGLSSYNEQF,1
TRBV20-1,TRBJ2-1,SASRGVAGVVNNEQF,2
TRBV20-1,TRBJ2-1,SASRGVAYEQF,1
TRBV20-1,TRBJ2-1,SASRGVAYNEQF,10
TRBV20-1,TRBJ2-1,SASRGVDEQF,5
TRBV20-1,TRBJ2-1,SASRGVDNEQF,6
TRBV20-1,TRBJ2-1,SASRGVDWRDYEQF,1
TRBV20-1,TRBJ2-1,SASRGVESYNEQF,1
TRBV20-1,TRBJ2-1,SASRGVEVNEQF,1
TRBV20-1,TRBJ2-1,SASRGVFDEQF,1
TRBV20-1,TRBJ2-1,SASRGVGAYNEQF,3
TRBV20-1,TRBJ2-1,SASRGVGEQF,1
TRBV20-1,TRBJ2-1,SASRGVGGSFSHEQF,1
TRBV20-1,TRBJ2-1,SASRGVGHNEQF,1
TRBV20-1,TRBJ2-1,SASRGVGIADYNEQF,1
TRBV20-1,TRBJ2-1,SASRGVGLAGQYNEQF,1
TRBV20-1,TRBJ2-1,SASRGVGNEQF,2
TRBV20-1,TRBJ2-1,SASRGVGSYNEQF,1
TRBV20-1,TRBJ2-1,SASRGVGTYNEQF,1
TRBV20-1,TRBJ2-1,SASRGVGYNEQF,4
TRBV20-1,TRBJ2-1,SASRGVHNEQF,4
TRBV20-1,TRBJ2-1,SASRGVIYNEQF,3
TRBV20-1,TRBJ2-1,SASRGVLARPTNEQF,1
TRBV20-1,TRBJ2-1,SASRGVLSYNEQF,1
TRBV20-1,TRBJ2-1,SASRGVLTRNEQF,1
TRBV20-1,TRBJ2-1,SASRGVNEQF,10
TRBV20-1,TRBJ2-1,SASRGVNTYNEQF,1
TRBV20-1,TRBJ2-1,SASRGVPADEQF,1
TRBV20-1,TRBJ2-1,SASRGVPPYNEQF,1
TRBV20-1,TRBJ2-1,SASRGVPSYNEQF,1
TRBV20-1,TRBJ2-1,SASRGVPYNEQF,2
TRBV20-1,TRBJ2-1,SASRGVQRLLNEQF,1
TRBV20-1,TRBJ2-1,SASRGVRDEQF,1
TRBV20-1,TRBJ2-1,SASRGVRTPSYNEQF,1
TRBV20-1,TRBJ2-1,SASRGVRTSGPYNEQF,1
TRBV20-1,TRBJ2-1,SASRGVSGAREQF,2
TRBV20-1,TRBJ2-1,SASRGVSGSPHEQF,1
TRBV20-1,TRBJ2-1,SASRGVSNEQF,1
TRBV20-1,TRBJ2-1,SASRGVSSYNEQF,1
TRBV20-1,TRBJ2-1,SASRGVSYNEQF,10
TRBV20-1,TRBJ2-1,SASRGVTFHEQF,1
TRBV20-1,TRBJ2-1,SASRGVTSGNNEQF,1
TRBV20-1,TRBJ2-1,SASRGVVNEQF,1
TRBV20-1,TRBJ2-1,SASRGVVYNEQF,1
TRBV20-1,TRBJ2-1,SASRGVWFSYNEQF,1
TRBV20-1,TRBJ2-1,SASRGVYEQF,2
TRBV20-1,TRBJ2-1,SASRGVYFNEQF,1
TRBV20-1,TRBJ2-1,SASRGVYNEQF,10
TRBV20-1,TRBJ2-1,SASRGVYSYNEHF,1
TRBV20-1,TRBJ2-1,SASRGWAGGPYEQF,1
TRBV20-1,TRBJ2-1,SASRGWDEQF,1
TRBV20-1,TRBJ2-1,SASRGWDPAYNEQF,1
TRBV20-1,TRBJ2-1,SASRGWEQF,2
TRBV20-1,TRBJ2-1,SASRGWGGAQGNEQF,3
TRBV20-1,TRBJ2-1,SASRGWGGGNEQF,1
TRBV20-1,TRBJ2-1,SASRGWGNEQF,3
TRBV20-1,TRBJ2-1,SASRGWGNNEQF,1
TRBV20-1,TRBJ2-1,SASRGWGQGTGGAYNEQF,1
TRBV20-1,TRBJ2-1,SASRGWGSGKHEQF,1
TRBV20-1,TRBJ2-1,SASRGWGSYNEQF,1
TRBV20-1,TRBJ2-1,SASRGWNEQF,4
TRBV20-1,TRBJ2-1,SASRGWNYNEQF,1
TRBV20-1,TRBJ2-1,SASRGWRDNEQF,4
TRBV20-1,TRBJ2-1,SASRGWREAYNEQF,1
TRBV20-1,TRBJ2-1,SASRGWREGPYNEQF,1
TRBV20-1,TRBJ2-1,SASRGWRTNNEQF,1
TRBV20-1,TRBJ2-1,SASRGWSNEQF,1
TRBV20-1,TRBJ2-1,SASRGWSPNEQF,1
TRBV20-1,TRBJ2-1,SASRGWSYNEQF,2
TRBV20-1,TRBJ2-1,SASRGWTSGHNEQF,1
TRBV20-1,TRBJ2-1,SASRGWVGSYNEQF,1
TRBV20-1,TRBJ2-1,SASRGYADEQF,1
TRBV20-1,TRBJ2-1,SASRGYAYNEQF,1
TRBV20-1,TRBJ2-1,SASRGYDNEQF,2
TRBV20-1,TRBJ2-1,SASRGYEQF,31
TRBV20-1,TRBJ2-1,SASRGYGDEQF,1
TRBV20-1,TRBJ2-1,SASRGYGGSSYNEQF,3
TRBV20-1,TRBJ2-1,SASRGYGMVDEQF,1
TRBV20-1,TRBJ2-1,SASRGYGSYNEQF,1
TRBV20-1,TRBJ2-1,SASRGYGVVGLYNEQF,1
TRBV20-1,TRBJ2-1,SASRGYHNEQF,1
TRBV20-1,TRBJ2-1,SASRGYILDNEQF,1
TRBV20-1,TRBJ2-1,SASRGYLSYNEQF,1
TRBV20-1,TRBJ2-1,SASRGYNEQF,61
TRBV20-1,TRBJ2-1,SASRGYNNEQF,1
TRBV20-1,TRBJ2-1,SASRGYNYNEQF,1
TRBV20-1,TRBJ2-1,SASRGYQRYNEQF,1
TRBV20-1,TRBJ2-1,SASRGYRSGPYREGPGNEQF,2
TRBV20-1,TRBJ2-1,SASRGYSGNEQF,1
TRBV20-1,TRBJ2-1,SASRGYSGRGNEQF,4
TRBV20-1,TRBJ2-1,SASRGYSGVRYNEQF,1
TRBV20-1,TRBJ2-1,SASRGYSSYNEQF,1
TRBV20-1,TRBJ2-1,SASRGYTYNEQF,1
TRBV20-1,TRBJ2-1,SASRGYYDADNNEQF,1
TRBV20-1,TRBJ2-1,SASRGYYNEQF,3
TRBV20-1,TRBJ2-1,SASRHAEGNEQF,1
TRBV20-1,TRBJ2-1,SASRHAMQF,7
TRBV20-1,TRBJ2-1,SASRHDEQF,2
TRBV20-1,TRBJ2-1,SASRHDSYNEQF,1
TRBV20-1,TRBJ2-1,SASRHEQF,10
TRBV20-1,TRBJ2-1,SASRHESSYNEQF,1
TRBV20-1,TRBJ2-1,SASRHFDNEQF,2
TRBV20-1,TRBJ2-1,SASRHFLRGYNEQF,6
TRBV20-1,TRBJ2-1,SASRHGANNEQF,1
TRBV20-1,TRBJ2-1,SASRHGEIYNEQF,1
TRBV20-1,TRBJ2-1,SASRHGGTYNEQF,1
TRBV20-1,TRBJ2-1,SASRHGNEQF,4
TRBV20-1,TRBJ2-1,SASRHGQGRSYNEQF,1
TRBV20-1,TRBJ2-1,SASRHGTANEQF,1
TRBV20-1,TRBJ2-1,SASRHGTDNEQF,1
TRBV20-1,TRBJ2-1,SASRHGTYNEQF,1
TRBV20-1,TRBJ2-1,SASRHHNEQF,1
TRBV20-1,TRBJ2-1,SASRHKGNEQF,1
TRBV20-1,TRBJ2-1,SASRHKSSYNEQF,1
TRBV20-1,TRBJ2-1,SASRHLADTNSSYNEQF,1
TRBV20-1,TRBJ2-1,SASRHLPSNEQF,1
TRBV20-1,TRBJ2-1,SASRHNEQF,11
TRBV20-1,TRBJ2-1,SASRHNNEQF,1
TRBV20-1,TRBJ2-1,SASRHPPDEQF,1
TRBV20-1,TRBJ2-1,SASRHPQGAESYNEQF,1
TRBV20-1,TRBJ2-1,SASRHPQGGEQF,2
TRBV20-1,TRBJ2-1,SASRHPSVFYNEQF,1
TRBV20-1,TRBJ2-1,SASRHPTSEGEQF,4
TRBV20-1,TRBJ2-1,SASRHPVAGTSNEQF,1
TRBV20-1,TRBJ2-1,SASRHRAGTNEQF,1
TRBV20-1,TRBJ2-1,SASRHRAGYNEQF,1
TRBV20-1,TRBJ2-1,SASRHRFYNEQF,1
TRBV20-1,TRBJ2-1,SASRHRGNEQF,1
TRBV20-1,TRBJ2-1,SASRHRGSSYNEQF,1
TRBV20-1,TRBJ2-1,SASRHRNNEQF,1
TRBV20-1,TRBJ2-1,SASRHRQGFNNEQF,1
TRBV20-1,TRBJ2-1,SASRHRRTFVDEQF,1
TRBV20-1,TRBJ2-1,SASRHRSYNEQF,1
TRBV20-1,TRBJ2-1,SASRHSGGDNEQF,1
TRBV20-1,TRBJ2-1,SASRHSGSRYNEQF,1
TRBV20-1,TRBJ2-1,SASRHSSDNEQF,12
TRBV20-1,TRBJ2-1,SASRHSSYNEKV,1
TRBV20-1,TRBJ2-1,SASRHSSYNEQF,1
TRBV20-1,TRBJ2-1,SASRHSVDRVDEQF,1
TRBV20-1,TRBJ2-1,SASRHTNNEQF,1
TRBV20-1,TRBJ2-1,SASRHTSGRYNEQF,1
TRBV20-1,TRBJ2-1,SASRHVDEQF,1
TRBV20-1,TRBJ2-1,SASRHYLDNEQF,1
TRBV20-1,TRBJ2-1,SASRHYNEQF,4
TRBV20-1,TRBJ2-1,SASRIAAKFHNEQF,1
TRBV20-1,TRBJ2-1,SASRIADEQF,1
TRBV20-1,TRBJ2-1,SASRIAGANEQF,1
TRBV20-1,TRBJ2-1,SASRIAGDYNEQF,7
TRBV20-1,TRBJ2-1,SASRIAGEGNEQF,1
TRBV20-1,TRBJ2-1,SASRIAGEIYNEQF,1
TRBV20-1,TRBJ2-1,SASRIAGEPYNEQF,1
TRBV20-1,TRBJ2-1,SASRIAGFNEQF,1
TRBV20-1,TRBJ2-1,SASRIAGFYNEQF,1
TRBV20-1,TRBJ2-1,SASRIAGGGWNEQF,1
TRBV20-1,TRBJ2-1,SASRIAGGGYNEQF,1
TRBV20-1,TRBJ2-1,SASRIAGGLYNEQF,1
TRBV20-1,TRBJ2-1,SASRIAGGPFEYNEQF,1
TRBV20-1,TRBJ2-1,SASRIAGGPHEQF,2
TRBV20-1,TRBJ2-1,SASRIAGGPINEQF,5
TRBV20-1,TRBJ2-1,SASRIAGGPNEQF,1
TRBV20-1,TRBJ2-1,SASRIAGIYNEQF,1
TRBV20-1,TRBJ2-1,SASRIAGNNEQF,1
TRBV20-1,TRBJ2-1,SASRIAGTPGYNEQF,1
TRBV20-1,TRBJ2-1,SASRIAGVAYNEQF,1
TRBV20-1,TRBJ2-1,SASRIAGVSYNEQF,4
TRBV20-1,TRBJ2-1,SASRIAGYNEQF,1
TRBV20-1,TRBJ2-1,SASRIALRTSYHNEQF,1
TRBV20-1,TRBJ2-1,SASRIANEQF,3
TRBV20-1,TRBJ2-1,SASRIASGGNEQF,3
TRBV20-1,TRBJ2-1,SASRIASGRYNEQF,1
TRBV20-1,TRBJ2-1,SASRIAVDNEQF,1
TRBV20-1,TRBJ2-1,SASRIAVYNEQF,1
TRBV20-1,TRBJ2-1,SASRIDNEQF,1
TRBV20-1,TRBJ2-1,SASRIDRGTYNEQF,1
TRBV20-1,TRBJ2-1,SASRIDSSYNEQF,1
TRBV20-1,TRBJ2-1,SASRIDSYNEQF,1
TRBV20-1,TRBJ2-1,SASRIEGFPYNEQF,1
TRBV20-1,TRBJ2-1,SASRIENEQF,1
TRBV20-1,TRBJ2-1,SASRIEREVYNEQF,1
TRBV20-1,TRBJ2-1,SASRIFLYNEQF,1
TRBV20-1,TRBJ2-1,SASRIGAGGSNEQF,1
TRBV20-1,TRBJ2-1,SASRIGASGHNEQF,1
TRBV20-1,TRBJ2-1,SASRIGASGQPEQF,9
TRBV20-1,TRBJ2-1,SASRIGAVSYNEQF,1
TRBV20-1,TRBJ2-1,SASRIGDSGQPEQF,1
TRBV20-1,TRBJ2-1,SASRIGDSYNEQF,1
TRBV20-1,TRBJ2-1,SASRIGDYNEQF,1
TRBV20-1,TRBJ2-1,SASRIGEGSDNEQF,1
TRBV20-1,TRBJ2-1,SASRIGGEIYNEQF,1
TRBV20-1,TRBJ2-1,SASRIGGGAYNEQF,1
TRBV20-1,TRBJ2-1,SASRIGLAGANEQF,1
TRBV20-1,TRBJ2-1,SASRIGLAGNEQF,1
TRBV20-1,TRBJ2-1,SASRIGLAGRHEQF,1
TRBV20-1,TRBJ2-1,SASRIGLDEQF,3
TRBV20-1,TRBJ2-1,SASRIGQDYNEQF,2
TRBV20-1,TRBJ2-1,SASRIGQGENEQF,1
TRBV20-1,TRBJ2-1,SASRIGQLYNEQF,1
TRBV20-1,TRBJ2-1,SASRIGQSNEQF,1
TRBV20-1,TRBJ2-1,SASRIGRLSYNEQF,1
TRBV20-1,TRBJ2-1,SASRIGRRTSAHNEQF,1
TRBV20-1,TRBJ2-1,SASRIGSSYNEQF,2
TRBV20-1,TRBJ2-1,SASRIGSVNNEQF,1
TRBV20-1,TRBJ2-1,SASRIGSYNEQF,1
TRBV20-1,TRBJ2-1,SASRIGTDYNEQF,1
TRBV20-1,TRBJ2-1,SASRIGTGLYNEQF,2
TRBV20-1,TRBJ2-1,SASRIGTNQYNEQF,1
TRBV20-1,TRBJ2-1,SASRIGTSLDEQF,1
TRBV20-1,TRBJ2-1,SASRIGTSRDPYYNEQF,1
TRBV20-1,TRBJ2-1,SASRIGWESSYNEQF,4
TRBV20-1,TRBJ2-1,SASRIHNEQF,1
TRBV20-1,TRBJ2-1,SASRIHREGYNEQF,1
TRBV20-1,TRBJ2-1,SASRIISGNNEQF,1
TRBV20-1,TRBJ2-1,SASRIIYNEQF,1
TRBV20-1,TRBJ2-1,SASRIKLHNEQF,1
TRBV20-1,TRBJ2-1,SASRIKTGALYNEQF,1
TRBV20-1,TRBJ2-1,SASRILAEDNEQF,1
TRBV20-1,TRBJ2-1,SASRILAGGRGNYNEQF,1
TRBV20-1,TRBJ2-1,SASRILGQGPWYNEQF,2
TRBV20-1,TRBJ2-1,SASRILGTTYNEQF,1
TRBV20-1,TRBJ2-1,SASRILRVVYNEQF,1
TRBV20-1,TRBJ2-1,SASRILSSYNEQF,1
TRBV20-1,TRBJ2-1,SASRILSYNEQF,1
TRBV20-1,TRBJ2-1,SASRILTADNEQF,4
TRBV20-1,TRBJ2-1,SASRILTGPGSNEQF,1
TRBV20-1,TRBJ2-1,SASRILTYNEQF,1
TRBV20-1,TRBJ2-1,SASRILVYNEQF,1
TRBV20-1,TRBJ2-1,SASRIMGAGGYNEQF,1
TRBV20-1,TRBJ2-1,SASRINEQF,7
TRBV20-1,TRBJ2-1,SASRINGNEQF,2
TRBV20-1,TRBJ2-1,SASRINLAGSSYNEQF,1
TRBV20-1,TRBJ2-1,SASRIPGLATNEQF,4
TRBV20-1,TRBJ2-1,SASRIPGLYNVQF,1
TRBV20-1,TRBJ2-1,SASRIPITEQF,1
TRBV20-1,TRBJ2-1,SASRIPRHNEQF,2
TRBV20-1,TRBJ2-1,SASRIPRQGADNEQF,1
TRBV20-1,TRBJ2-1,SASRIPSTEQF,8
TRBV20-1,TRBJ2-1,SASRIPSYNEQF,1
TRBV20-1,TRBJ2-1,SASRIQDYNEQF,1
TRBV20-1,TRBJ2-1,SASRIQLSSYNEQF,3
TRBV20-1,TRBJ2-1,SASRIQREGYNEQF,6
TRBV20-1,TRBJ2-1,SASRIRANEQF,1
TRBV20-1,TRBJ2-1,SASRIRATYNEQF,1
TRBV20-1,TRBJ2-1,SASRIRDEQF,1
TRBV20-1,TRBJ2-1,SASRIRDLPSSYNEQF,1
TRBV20-1,TRBJ2-1,SASRIRDNEQF,1
TRBV20-1,TRBJ2-1,SASRIRDRGFAYNEQF,1
TRBV20-1,TRBJ2-1,SASRIRNEQF,1
TRBV20-1,TRBJ2-1,SASRIRNLNEQF,1
TRBV20-1,TRBJ2-1,SASRIRRVSYNEQF,1
TRBV20-1,TRBJ2-1,SASRIRSYNEQF,1
TRBV20-1,TRBJ2-1,SASRIRTDEQF,5
TRBV20-1,TRBJ2-1,SASRIRTSGVHNEQF,1
TRBV20-1,TRBJ2-1,SASRIRWERDVELYNEQF,1
TRBV20-1,TRBJ2-1,SASRISDEQF,1
TRBV20-1,TRBJ2-1,SASRISDSAYNEQF,6
TRBV20-1,TRBJ2-1,SASRISGATYNEQF,4
TRBV20-1,TRBJ2-1,SASRISGGMFNEQF,1
TRBV20-1,TRBJ2-1,SASRISGGRVSGNEQF,1
TRBV20-1,TRBJ2-1,SASRISGGSYNEQF,1
TRBV20-1,TRBJ2-1,SASRISGITTVYNEQF,1
TRBV20-1,TRBJ2-1,SASRISGNGVNEQF,1
TRBV20-1,TRBJ2-1,SASRISGRANEQF,2
TRBV20-1,TRBJ2-1,SASRISGRGDEQF,1
TRBV20-1,TRBJ2-1,SASRISGRMDEQF,1
TRBV20-1,TRBJ2-1,SASRISGSSYNEQF,2
TRBV20-1,TRBJ2-1,SASRISGSYNEQF,1
TRBV20-1,TRBJ2-1,SASRISHSYNEQF,1
TRBV20-1,TRBJ2-1,SASRISNEQF,2
TRBV20-1,TRBJ2-1,SASRISSGSSYNEQF,1
TRBV20-1,TRBJ2-1,SASRISSRLAEGNEQF,4
TRBV20-1,TRBJ2-1,SASRISSYNEQF,4
TRBV20-1,TRBJ2-1,SASRISYNEQF,3
TRBV20-1,TRBJ2-1,SASRISYTVHDNEQF,1
TRBV20-1,TRBJ2-1,SASRITGNEQF,1
TRBV20-1,TRBJ2-1,SASRITGSTYNEQF,1
TRBV20-1,TRBJ2-1,SASRITGTSGVLPYNEQF,1
TRBV20-1,TRBJ2-1,SASRITLAFQYNEQF,1
TRBV20-1,TRBJ2-1,SASRITNEQF,1
TRBV20-1,TRBJ2-1,SASRITSGSGNEQF,1
TRBV20-1,TRBJ2-1,SASRIVAGLYNEQF,1
TRBV20-1,TRBJ2-1,SASRIVDDEQF,1
TRBV20-1,TRBJ2-1,SASRIVEYNEQF,1
TRBV20-1,TRBJ2-1,SASRIVGSDEQF,1
TRBV20-1,TRBJ2-1,SASRIVRNEQF,1
TRBV20-1,TRBJ2-1,SASRIVTGSSYNEQF,1
TRBV20-1,TRBJ2-1,SASRIVWDEQF,1
TRBV20-1,TRBJ2-1,SASRIWREEFYNEQF,1
TRBV20-1,TRBJ2-1,SASRIYDRGYNEQF,1
TRBV20-1,TRBJ2-1,SASRIYNEQF,7
TRBV20-1,TRBJ2-1,SASRKAATTYNEQF,1
TRBV20-1,TRBJ2-1,SASRKAGLGDNEQF,1
TRBV20-1,TRBJ2-1,SASRKAGQGYNEQF,1
TRBV20-1,TRBJ2-1,SASRKAKYHEQF,1
TRBV20-1,TRBJ2-1,SASRKASGSSYNEQF,1
TRBV20-1,TRBJ2-1,SASRKDEQF,4
TRBV20-1,TRBJ2-1,SASRKDNNEQF,1
TRBV20-1,TRBJ2-1,SASRKETTRNNEQF,1
TRBV20-1,TRBJ2-1,SASRKFHEQF,1
TRBV20-1,TRBJ2-1,SASRKGAGDNEQF,1
TRBV20-1,TRBJ2-1,SASRKGGINEQF,1
TRBV20-1,TRBJ2-1,SASRKGHGNEKF,1
TRBV20-1,TRBJ2-1,SASRKGLATYNEQF,1
TRBV20-1,TRBJ2-1,SASRKGNEQF,1
TRBV20-1,TRBJ2-1,SASRKGRRDEQF,1
TRBV20-1,TRBJ2-1,SASRKKGTSGSSGNEQF,2
TRBV20-1,TRBJ2-1,SASRKKLSYNEQF,1
TRBV20-1,TRBJ2-1,SASRKKTSGRYNEQF,1
TRBV20-1,TRBJ2-1,SASRKLAGVTNEQF,1
TRBV20-1,TRBJ2-1,SASRKLNNEQF,1
TRBV20-1,TRBJ2-1,SASRKLNSYNEQF,1
TRBV20-1,TRBJ2-1,SASRKLSGRAQKPEQF,1
TRBV20-1,TRBJ2-1,SASRKLSLVGNEQF,1
TRBV20-1,TRBJ2-1,SASRKLVPHNEQF,1
TRBV20-1,TRBJ2-1,SASRKLVSYNEQF,4
TRBV20-1,TRBJ2-1,SASRKNEQF,1
TRBV20-1,TRBJ2-1,SASRKPGTGTYNEQF,1
TRBV20-1,TRBJ2-1,SASRKPRNEQF,1
TRBV20-1,TRBJ2-1,SASRKRAPYNEQF,1
TRBV20-1,TRBJ2-1,SASRKRFSYNEQF,1
TRBV20-1,TRBJ2-1,SASRKRGANEQF,1
TRBV20-1,TRBJ2-1,SASRKRGTYNEQF,1
TRBV20-1,TRBJ2-1,SASRKRIYNEQF,1
TRBV20-1,TRBJ2-1,SASRKRLYNEQF,1
TRBV20-1,TRBJ2-1,SASRKRSSYNEQF,1
TRBV20-1,TRBJ2-1,SASRKSDEQF,2
TRBV20-1,TRBJ2-1,SASRKSGTGWDEQF,1
TRBV20-1,TRBJ2-1,SASRKSTSDEQF,1
TRBV20-1,TRBJ2-1,SASRKTGQSSYNEQF,1
TRBV20-1,TRBJ2-1,SASRKTGRSYNEQF,1
TRBV20-1,TRBJ2-1,SASRKTHTYNEQF,1
TRBV20-1,TRBJ2-1,SASRKTIGDEQF,1
TRBV20-1,TRBJ2-1,SASRKTSGRAGNEQF,1
TRBV20-1,TRBJ2-1,SASRKTYNEQF,1
TRBV20-1,TRBJ2-1,SASRKVAEASSYNEQF,1
TRBV20-1,TRBJ2-1,SASRKVRANNEQF,1
TRBV20-1,TRBJ2-1,SASRKVTGKAYNEQF,1
TRBV20-1,TRBJ2-1,SASRKWPNEQF,1
TRBV20-1,TRBJ2-1,SASRKYNEQF,3
TRBV20-1,TRBJ2-1,SASRL,1
TRBV20-1,TRBJ2-1,SASRLAAANEQF,1
TRBV20-1,TRBJ2-1,SASRLAAASSYNEQF,1
TRBV20-1,TRBJ2-1,SASRLAAAYNEQF,6
TRBV20-1,TRBJ2-1,SASRLAADEQF,1
TRBV20-1,TRBJ2-1,SASRLAADNEQF,1
TRBV20-1,TRBJ2-1,SASRLAAFNEQF,2
TRBV20-1,TRBJ2-1,SASRLAAGGDNEQF,1
TRBV20-1,TRBJ2-1,SASRLAAGSEQF,1
TRBV20-1,TRBJ2-1,SASRLAAIYNEQF,2
TRBV20-1,TRBJ2-1,SASRLAAKFHNEQF,1
TRBV20-1,TRBJ2-1,SASRLAALFAIYNEQF,1
TRBV20-1,TRBJ2-1,SASRLAANEQF,2
TRBV20-1,TRBJ2-1,SASRLAANNEQF,5
TRBV20-1,TRBJ2-1,SASRLAAPASVPNEQF,1
TRBV20-1,TRBJ2-1,SASRLAAPNEQF,1
TRBV20-1,TRBJ2-1,SASRLAAPSYEQF,7
TRBV20-1,TRBJ2-1,SASRLAAPYNEQF,2
TRBV20-1,TRBJ2-1,SASRLAARYNEQF,1
TRBV20-1,TRBJ2-1,SASRLAASDEQF,1
TRBV20-1,TRBJ2-1,SASRLAASSYNEQF,1
TRBV20-1,TRBJ2-1,SASRLAASTYNEQF,1
TRBV20-1,TRBJ2-1,SASRLAASYNEQF,4
TRBV20-1,TRBJ2-1,SASRLAATWGYNEQF,2
TRBV20-1,TRBJ2-1,SASRLAAVSSYNEQF,1
TRBV20-1,TRBJ2-1,SASRLAAYNEQF,15
TRBV20-1,TRBJ2-1,SASRLADANEQF,4
TRBV20-1,TRBJ2-1,SASRLADAYNEQF,1
TRBV20-1,TRBJ2-1,SASRLADDNEQF,1
TRBV20-1,TRBJ2-1,SASRLADEQF,8
TRBV20-1,TRBJ2-1,SASRLADFYNEQF,1
TRBV20-1,TRBJ2-1,SASRLADGRNEQF,1
TRBV20-1,TRBJ2-1,SASRLADIHEQF,1
TRBV20-1,TRBJ2-1,SASRLADINEQF,1
TRBV20-1,TRBJ2-1,SASRLADISDNEQF,1
TRBV20-1,TRBJ2-1,SASRLADIYNEQF,1
TRBV20-1,TRBJ2-1,SASRLADLNEQF,1
TRBV20-1,TRBJ2-1,SASRLADLWNEQF,1
TRBV20-1,TRBJ2-1,SASRLADLYNEQF,4
TRBV20-1,TRBJ2-1,SASRLADMNEQF,1
TRBV20-1,TRBJ2-1,SASRLADNEQF,9
TRBV20-1,TRBJ2-1,SASRLADNNEQF,1
TRBV20-1,TRBJ2-1,SASRLADPNEQF,3
TRBV20-1,TRBJ2-1,SASRLADPYNEQF,3
TRBV20-1,TRBJ2-1,SASRLADRYNEQF,1
TRBV20-1,TRBJ2-1,SASRLADSSYNEQF,1
TRBV20-1,TRBJ2-1,SASRLADSYNEQF,12
TRBV20-1,TRBJ2-1,SASRLADYHEQF,1
TRBV20-1,TRBJ2-1,SASRLADYLHNEQF,1
TRBV20-1,TRBJ2-1,SASRLADYNEQF,22
TRBV20-1,TRBJ2-1,SASRLAEAYNEQF,1
TRBV20-1,TRBJ2-1,SASRLAEDEQF,1
TRBV20-1,TRBJ2-1,SASRLAEFNEQF,1
TRBV20-1,TRBJ2-1,SASRLAEGGNEQF,1
TRBV20-1,TRBJ2-1,SASRLAEGNEQF,2
TRBV20-1,TRBJ2-1,SASRLAEHNEQF,1
TRBV20-1,TRBJ2-1,SASRLAEIYNEQF,2
TRBV20-1,TRBJ2-1,SASRLAELNEQF,1
TRBV20-1,TRBJ2-1,SASRLAELYNEQF,1
TRBV20-1,TRBJ2-1,SASRLAEMGYNEQF,1
TRBV20-1,TRBJ2-1,SASRLAENEQF,2
TRBV20-1,TRBJ2-1,SASRLAENNEQF,5
TRBV20-1,TRBJ2-1,SASRLAENYNEQF,1
TRBV20-1,TRBJ2-1,SASRLAEPSNEQF,1
TRBV20-1,TRBJ2-1,SASRLAEPYNEQF,2
TRBV20-1,TRBJ2-1,SASRLAEQF,7
TRBV20-1,TRBJ2-1,SASRLAERYEQF,1
TRBV20-1,TRBJ2-1,SASRLAESNEQF,1
TRBV20-1,TRBJ2-1,SASRLAESSYNEQF,2
TRBV20-1,TRBJ2-1,SASRLAESYNEQF,3
TRBV20-1,TRBJ2-1,SASRLAETLNEQF,1
TRBV20-1,TRBJ2-1,SASRLAETYNEQF,1
TRBV20-1,TRBJ2-1,SASRLAEVNEQF,2
TRBV20-1,TRBJ2-1,SASRLAEYNEQF,12
TRBV20-1,TRBJ2-1,SASRLAFDEQF,1
TRBV20-1,TRBJ2-1,SASRLAFDNEQF,1
TRBV20-1,TRBJ2-1,SASRLAFFFGNEQF,1
TRBV20-1,TRBJ2-1,SASRLAFHNEQF,1
TRBV20-1,TRBJ2-1,SASRLAFLNEQF,1
TRBV20-1,TRBJ2-1,SASRLAFNEQF,3
TRBV20-1,TRBJ2-1,SASRLAFYNEQF,7
TRBV20-1,TRBJ2-1,SASRLAGADEQF,7
TRBV20-1,TRBJ2-1,SASRLAGADFNEQF,1
TRBV20-1,TRBJ2-1,SASRLAGADNEQF,1
TRBV20-1,TRBJ2-1,SASRLAGAFNEQF,1
TRBV20-1,TRBJ2-1,SASRLAGAFPTSYNEQF,1
TRBV20-1,TRBJ2-1,SASRLAGAFYNEQF,1
TRBV20-1,TRBJ2-1,SASRLAGAGEQF,3
TRBV20-1,TRBJ2-1,SASRLAGAGLNEQF,1
TRBV20-1,TRBJ2-1,SASRLAGAGNEQF,2
TRBV20-1,TRBJ2-1,SASRLAGAGYEQF,1
TRBV20-1,TRBJ2-1,SASRLAGAGYNEQF,3
TRBV20-1,TRBJ2-1,SASRLAGAHNEQF,2
TRBV20-1,TRBJ2-1,SASRLAGAINEQF,2
TRBV20-1,TRBJ2-1,SASRLAGAKYEQF,1
TRBV20-1,TRBJ2-1,SASRLAGALLNEQF,1
TRBV20-1,TRBJ2-1,SASRLAGALSYNEQF,1
TRBV20-1,TRBJ2-1,SASRLAGANAYNEQF,4
TRBV20-1,TRBJ2-1,SASRLAGANEQF,32
TRBV20-1,TRBJ2-1,SASRLAGANNEQF,5
TRBV20-1,TRBJ2-1,SASRLAGAPNEQF,1
TRBV20-1,TRBJ2-1,SASRLAGAPSYNEQF,2
TRBV20-1,TRBJ2-1,SASRLAGAPTYNEQF,1
TRBV20-1,TRBJ2-1,SASRLAGARANEQF,1
TRBV20-1,TRBJ2-1,SASRLAGARGEQF,2
TRBV20-1,TRBJ2-1,SASRLAGARNEQF,1
TRBV20-1,TRBJ2-1,SASRLAGARYNEQF,1
TRBV20-1,TRBJ2-1,SASRLAGASHEQF,1
TRBV20-1,TRBJ2-1,SASRLAGASRAYNEQF,1
TRBV20-1,TRBJ2-1,SASRLAGASSSYNEQF,3
TRBV20-1,TRBJ2-1,SASRLAGASSYNEQF,1
TRBV20-1,TRBJ2-1,SASRLAGASWRNEQF,2
TRBV20-1,TRBJ2-1,SASRLAGASYNEQF,5
TRBV20-1,TRBJ2-1,SASRLAGATKQC,1
TRBV20-1,TRBJ2-1,SASRLAGATNEQF,7
TRBV20-1,TRBJ2-1,SASRLAGAVDEQF,1
TRBV20-1,TRBJ2-1,SASRLAGAVNEQF,1
TRBV20-1,TRBJ2-1,SASRLAGAVYNEQF,1
TRBV20-1,TRBJ2-1,SASRLAGAWNEQF,3
TRBV20-1,TRBJ2-1,SASRLAGAYEQF,3
TRBV20-1,TRBJ2-1,SASRLAGAYNEQF,27
TRBV20-1,TRBJ2-1,SASRLAGAYYNEQF,1
TRBV20-1,TRBJ2-1,SASRLAGDAAYNEQF,1
TRBV20-1,TRBJ2-1,SASRLAGDDEQF,9
TRBV20-1,TRBJ2-1,SASRLAGDDRYNEQF,1
TRBV20-1,TRBJ2-1,SASRLAGDEQF,8
TRBV20-1,TRBJ2-1,SASRLAGDHEQF,2
TRBV20-1,TRBJ2-1,SASRLAGDIDNEQF,6
TRBV20-1,TRBJ2-1,SASRLAGDLDNEQF,1
TRBV20-1,TRBJ2-1,SASRLAGDLHPYWNEQF,1
TRBV20-1,TRBJ2-1,SASRLAGDNEQF,17
TRBV20-1,TRBJ2-1,SASRLAGDPNEQF,1
TRBV20-1,TRBJ2-1,SASRLAGDPYNEQF,3
TRBV20-1,TRBJ2-1,SASRLAGDQDEQF,1
TRBV20-1,TRBJ2-1,SASRLAGDRVGTYNEQF,3
TRBV20-1,TRBJ2-1,SASRLAGDRVNEQF,1
TRBV20-1,TRBJ2-1,SASRLAGDSDYNEQF,1
TRBV20-1,TRBJ2-1,SASRLAGDSFLYNEQF,1
TRBV20-1,TRBJ2-1,SASRLAGDSFSYNEQF,1
TRBV20-1,TRBJ2-1,SASRLAGDSNEQF,1
TRBV20-1,TRBJ2-1,SASRLAGDSYNEQF,2
TRBV20-1,TRBJ2-1,SASRLAGDTYNEQF,5
TRBV20-1,TRBJ2-1,SASRLAGDTYNGQF,1
TRBV20-1,TRBJ2-1,SASRLAGDWDEQF,3
TRBV20-1,TRBJ2-1,SASRLAGDYEQF,1
TRBV20-1,TRBJ2-1,SASRLAGDYNEQF,4
TRBV20-1,TRBJ2-1,SASRLAGEDEQF,6
TRBV20-1,TRBJ2-1,SASRLAGEDSYNEQF,7
TRBV20-1,TRBJ2-1,SASRLAGEENEQF,1
TRBV20-1,TRBJ2-1,SASRLAGEGWYNEQF,1
TRBV20-1,TRBJ2-1,SASRLAGELGANEQF,4
TRBV20-1,TRBJ2-1,SASRLAGELNEQF,1
TRBV20-1,TRBJ2-1,SASRLAGERVNEQF,1
TRBV20-1,TRBJ2-1,SASRLAGESNEQF,2
TRBV20-1,TRBJ2-1,SASRLAGESWNEQF,1
TRBV20-1,TRBJ2-1,SASRLAGESWYNEQF,1
TRBV20-1,TRBJ2-1,SASRLAGESYNEQF,1
TRBV20-1,TRBJ2-1,SASRLAGETNEQF,4
TRBV20-1,TRBJ2-1,SASRLAGEVSYNEQF,1
TRBV20-1,TRBJ2-1,SASRLAGEVTYNEQF,1
TRBV20-1,TRBJ2-1,SASRLAGEVYNEQF,1
TRBV20-1,TRBJ2-1,SASRLAGFDEQF,59
TRBV20-1,TRBJ2-1,SASRLAGFDEQI,1
TRBV20-1,TRBJ2-1,SASRLAGFDEQV,1
TRBV20-1,TRBJ2-1,SASRLAGFDGEC,1
TRBV20-1,TRBJ2-1,SASRLAGFDTQF,1
TRBV20-1,TRBJ2-1,SASRLAGFGNEQF,1
TRBV20-1,TRBJ2-1,SASRLAGFNEQF,6
TRBV20-1,TRBJ2-1,SASRLAGFSDEQF,1
TRBV20-1,TRBJ2-1,SASRLAGFSDNEQF,1
TRBV20-1,TRBJ2-1,SASRLAGFSSYNEQF,1
TRBV20-1,TRBJ2-1,SASRLAGFWSDEQF,1
TRBV20-1,TRBJ2-1,SASRLAGFYNEQF,2
TRBV20-1,TRBJ2-1,SASRLAGGADNEQF,1
TRBV20-1,TRBJ2-1,SASRLAGGAGNEQF,2
TRBV20-1,TRBJ2-1,SASRLAGGAKYNEQF,1
TRBV20-1,TRBJ2-1,SASRLAGGALYEQF,1
TRBV20-1,TRBJ2-1,SASRLAGGASYNEQF,1
TRBV20-1,TRBJ2-1,SASRLAGGAYNEQF,3
TRBV20-1,TRBJ2-1,SASRLAGGDDEQF,3
TRBV20-1,TRBJ2-1,SASRLAGGDEQF,7
TRBV20-1,TRBJ2-1,SASRLAGGDGEQF,3
TRBV20-1,TRBJ2-1,SASRLAGGDNEQF,2
TRBV20-1,TRBJ2-1,SASRLAGGDSYNEQF,1
TRBV20-1,TRBJ2-1,SASRLAGGDYNEQF,4
TRBV20-1,TRBJ2-1,SASRLAGGEFNEQF,1
TRBV20-1,TRBJ2-1,SASRLAGGENEQF,2
TRBV20-1,TRBJ2-1,SASRLAGGFGSYNEQF,1
TRBV20-1,TRBJ2-1,SASRLAGGFGTYNEQF,1
TRBV20-1,TRBJ2-1,SASRLAGGFMDEQF,1
TRBV20-1,TRBJ2-1,SASRLAGGFNEQF,23
TRBV20-1,TRBJ2-1,SASRLAGGFNKQF,1
TRBV20-1,TRBJ2-1,SASRLAGGFRNEQF,1
TRBV20-1,TRBJ2-1,SASRLAGGFSRRNEQF,1
TRBV20-1,TRBJ2-1,SASRLAGGFSYNEQF,1
TRBV20-1,TRBJ2-1,SASRLAGGFTANEQF,1
TRBV20-1,TRBJ2-1,SASRLAGGGAYNEQF,1
TRBV20-1,TRBJ2-1,SASRLAGGGCNEQF,1
TRBV20-1,TRBJ2-1,SASRLAGGGDEQF,1
TRBV20-1,TRBJ2-1,SASRLAGGGDNEKF,1
TRBV20-1,TRBJ2-1,SASRLAGGGDRGDEQF,1
TRBV20-1,TRBJ2-1,SASRLAGGGEQF,18
TRBV20-1,TRBJ2-1,SASRLAGGGFDNEQF,1
TRBV20-1,TRBJ2-1,SASRLAGGGFNEQF,2
TRBV20-1,TRBJ2-1,SASRLAGGGHEQF,1
TRBV20-1,TRBJ2-1,SASRLAGGGNEQF,4
TRBV20-1,TRBJ2-1,SASRLAGGGPRNEQF,3
TRBV20-1,TRBJ2-1,SASRLAGGGQF,4
TRBV20-1,TRBJ2-1,SASRLAGGGRPF,1
TRBV20-1,TRBJ2-1,SASRLAGGGRQF,11
TRBV20-1,TRBJ2-1,SASRLAGGGYDEQF,1
TRBV20-1,TRBJ2-1,SASRLAGGGYNEQF,59
TRBV20-1,TRBJ2-1,SASRLAGGGYSDQF,1
TRBV20-1,TRBJ2-1,SASRLAGGGYYEQF,1
TRBV20-1,TRBJ2-1,SASRLAGGHEQF,1
TRBV20-1,TRBJ2-1,SASRLAGGHNEQF,11
TRBV20-1,TRBJ2-1,SASRLAGGHSKNEQF,1
TRBV20-1,TRBJ2-1,SASRLAGGHSSYNEQF,1
TRBV20-1,TRBJ2-1,SASRLAGGIDEQF,1
TRBV20-1,TRBJ2-1,SASRLAGGIDNEQF,1
TRBV20-1,TRBJ2-1,SASRLAGGILNEQF,1
TRBV20-1,TRBJ2-1,SASRLAGGINEQF,1
TRBV20-1,TRBJ2-1,SASRLAGGINYNEQF,1
TRBV20-1,TRBJ2-1,SASRLAGGISSYNEQF,1
TRBV20-1,TRBJ2-1,SASRLAGGKNGINEQF,1
TRBV20-1,TRBJ2-1,SASRLAGGKTYNEQF,1
TRBV20-1,TRBJ2-1,SASRLAGGLARNEQF,1
TRBV20-1,TRBJ2-1,SASRLAGGLDEQF,1
TRBV20-1,TRBJ2-1,SASRLAGGLDNEQF,1
TRBV20-1,TRBJ2-1,SASRLAGGLEQF,1
TRBV20-1,TRBJ2-1,SASRLAGGLGEQF,3
TRBV20-1,TRBJ2-1,SASRLAGGLHNEQF,1
TRBV20-1,TRBJ2-1,SASRLAGGLLYNEQF,1
TRBV20-1,TRBJ2-1,SASRLAGGLNEQF,3
TRBV20-1,TRBJ2-1,SASRLAGGLSSNEQF,1
TRBV20-1,TRBJ2-1,SASRLAGGLSSYNEQF,2
TRBV20-1,TRBJ2-1,SASRLAGGLSYNEQF,2
TRBV20-1,TRBJ2-1,SASRLAGGLVGDNEQF,1
TRBV20-1,TRBJ2-1,SASRLAGGLYNEQF,4
TRBV20-1,TRBJ2-1,SASRLAGGMNEQF,1
TRBV20-1,TRBJ2-1,SASRLAGGMSSYNEQF,1
TRBV20-1,TRBJ2-1,SASRLAGGNEQF,44
TRBV20-1,TRBJ2-1,SASRLAGGNIEQF,1
TRBV20-1,TRBJ2-1,SASRLAGGNNEQF,17
TRBV20-1,TRBJ2-1,SASRLAGGNYNEQF,2
TRBV20-1,TRBJ2-1,SASRLAGGPAYNEQF,4
TRBV20-1,TRBJ2-1,SASRLAGGPDEQF,1
TRBV20-1,TRBJ2-1,SASRLAGGPDNEQF,1
TRBV20-1,TRBJ2-1,SASRLAGGPEQF,2
TRBV20-1,TRBJ2-1,SASRLAGGPERNEQF,1
TRBV20-1,TRBJ2-1,SASRLAGGPEYNEQF,1
TRBV20-1,TRBJ2-1,SASRLAGGPFYNEQF,1
TRBV20-1,TRBJ2-1,SASRLAGGPGDEQF,3
TRBV20-1,TRBJ2-1,SASRLAGGPGGDEQF,1
TRBV20-1,TRBJ2-1,SASRLAGGPGLNEQF,1
TRBV20-1,TRBJ2-1,SASRLAGGPGNEQF,4
TRBV20-1,TRBJ2-1,SASRLAGGPGYNEQF,3
TRBV20-1,TRBJ2-1,SASRLAGGPHNEQF,1
TRBV20-1,TRBJ2-1,SASRLAGGPIEQF,3
TRBV20-1,TRBJ2-1,SASRLAGGPKSYNEQF,1
TRBV20-1,TRBJ2-1,SASRLAGGPNDEQF,1
TRBV20-1,TRBJ2-1,SASRLAGGPNEQF,15
TRBV20-1,TRBJ2-1,SASRLAGGPNNEQF,1
TRBV20-1,TRBJ2-1,SASRLAGGPNYNEQF,2
TRBV20-1,TRBJ2-1,SASRLAGGPPGNEQF,1
TRBV20-1,TRBJ2-1,SASRLAGGPPPYNEQF,1
TRBV20-1,TRBJ2-1,SASRLAGGPQGGNEQF,1
TRBV20-1,TRBJ2-1,SASRLAGGPRGNEQF,3
TRBV20-1,TRBJ2-1,SASRLAGGPRNEQF,1
TRBV20-1,TRBJ2-1,SASRLAGGPRYNEQF,1
TRBV20-1,TRBJ2-1,SASRLAGGPSLYNEQF,1
TRBV20-1,TRBJ2-1,SASRLAGGPSSYNEQF,4
TRBV20-1,TRBJ2-1,SASRLAGGPSTYNEQF,1
TRBV20-1,TRBJ2-1,SASRLAGGPSYNEQF,4
TRBV20-1,TRBJ2-1,SASRLAGGPTYNEQF,2
TRBV20-1,TRBJ2-1,SASRLAGGPVDEQF,1
TRBV20-1,TRBJ2-1,SASRLAGGPVIHEQF,1
TRBV20-1,TRBJ2-1,SASRLAGGPVMDEQF,1
TRBV20-1,TRBJ2-1,SASRLAGGPYNEQF,12
TRBV20-1,TRBJ2-1,SASRLAGGQGTNEQF,1
TRBV20-1,TRBJ2-1,SASRLAGGQKYNEQF,1
TRBV20-1,TRBJ2-1,SASRLAGGQNEQF,2
TRBV20-1,TRBJ2-1,SASRLAGGQRSYNEQF,1
TRBV20-1,TRBJ2-1,SASRLAGGRDEQF,1
TRBV20-1,TRBJ2-1,SASRLAGGRDNEQF,2
TRBV20-1,TRBJ2-1,SASRLAGGRGAYNEQF,1
TRBV20-1,TRBJ2-1,SASRLAGGRGNEQF,1
TRBV20-1,TRBJ2-1,SASRLAGGRNEQF,2
TRBV20-1,TRBJ2-1,SASRLAGGRNNEQF,1
TRBV20-1,TRBJ2-1,SASRLAGGRRSYNEQF,1
TRBV20-1,TRBJ2-1,SASRLAGGRSEQF,3
TRBV20-1,TRBJ2-1,SASRLAGGRSYNEQF,2
TRBV20-1,TRBJ2-1,SASRLAGGRTNEQF,1
TRBV20-1,TRBJ2-1,SASRLAGGRTRYNEQF,1
TRBV20-1,TRBJ2-1,SASRLAGGRVTGNEQF,1
TRBV20-1,TRBJ2-1,SASRLAGGRYEQF,1
TRBV20-1,TRBJ2-1,SASRLAGGRYNEQF,4
TRBV20-1,TRBJ2-1,SASRLAGGSDEQF,2
TRBV20-1,TRBJ2-1,SASRLAGGSEQF,2
TRBV20-1,TRBJ2-1,SASRLAGGSGSYNEQF,1
TRBV20-1,TRBJ2-1,SASRLAGGSGYNEQF,1
TRBV20-1,TRBJ2-1,SASRLAGGSHEQF,1
TRBV20-1,TRBJ2-1,SASRLAGGSHYNEQF,1
TRBV20-1,TRBJ2-1,SASRLAGGSNEQF,3
TRBV20-1,TRBJ2-1,SASRLAGGSSNEQF,1
TRBV20-1,TRBJ2-1,SASRLAGGSSYNEQF,6
TRBV20-1,TRBJ2-1,SASRLAGGSTDEQF,1
TRBV20-1,TRBJ2-1,SASRLAGGSTYNEQF,1
TRBV20-1,TRBJ2-1,SASRLAGGSYNEQF,16
TRBV20-1,TRBJ2-1,SASRLAGGTDSYNEQF,1
TRBV20-1,TRBJ2-1,SASRLAGGTEQF,1
TRBV20-1,TRBJ2-1,SASRLAGGTFNEQF,6
TRBV20-1,TRBJ2-1,SASRLAGGTLNEQF,1
TRBV20-1,TRBJ2-1,SASRLAGGTSSYNEQF,1
TRBV20-1,TRBJ2-1,SASRLAGGTTSYNEQF,1
TRBV20-1,TRBJ2-1,SASRLAGGTVGMNEQF,1
TRBV20-1,TRBJ2-1,SASRLAGGTYEQF,1
TRBV20-1,TRBJ2-1,SASRLAGGTYNEQF,1
TRBV20-1,TRBJ2-1,SASRLAGGVEDEQF,1
TRBV20-1,TRBJ2-1,SASRLAGGVNEQF,1
TRBV20-1,TRBJ2-1,SASRLAGGVSYNEQF,1
TRBV20-1,TRBJ2-1,SASRLAGGWDEQF,1
TRBV20-1,TRBJ2-1,SASRLAGGWEYNEQF,2
TRBV20-1,TRBJ2-1,SASRLAGGWGNEQF,1
TRBV20-1,TRBJ2-1,SASRLAGGWNEQF,27
TRBV20-1,TRBJ2-1,SASRLAGGWNEQL,1
TRBV20-1,TRBJ2-1,SASRLAGGWSSYNEQF,1
TRBV20-1,TRBJ2-1,SASRLAGGYEQF,15
TRBV20-1,TRBJ2-1,SASRLAGGYGNEQF,1
TRBV20-1,TRBJ2-1,SASRLAGGYNDQF,1
TRBV20-1,TRBJ2-1,SASRLAGGYNEQF,46
TRBV20-1,TRBJ2-1,SASRLAGGYYNEQF,1
TRBV20-1,TRBJ2-1,SASRLAGHEQF,1
TRBV20-1,TRBJ2-1,SASRLAGHHNEQF,1
TRBV20-1,TRBJ2-1,SASRLAGHLDEQF,1
TRBV20-1,TRBJ2-1,SASRLAGHNEQF,6
TRBV20-1,TRBJ2-1,SASRLAGHSSYNEQF,1
TRBV20-1,TRBJ2-1,SASRLAGHSYNEQF,1
TRBV20-1,TRBJ2-1,SASRLAGHTYNEQF,1
TRBV20-1,TRBJ2-1,SASRLAGIAYNEQF,3
TRBV20-1,TRBJ2-1,SASRLAGIDNEQF,1
TRBV20-1,TRBJ2-1,SASRLAGIKDVGNEQF,3
TRBV20-1,TRBJ2-1,SASRLAGILYNEQF,1
TRBV20-1,TRBJ2-1,SASRLAGINEQF,4
TRBV20-1,TRBJ2-1,SASRLAGINYNEQF,1
TRBV20-1,TRBJ2-1,SASRLAGIRHEQF,1
TRBV20-1,TRBJ2-1,SASRLAGISYNEQF,3
TRBV20-1,TRBJ2-1,SASRLAGIYGNEQF,1
TRBV20-1,TRBJ2-1,SASRLAGIYNEQF,11
TRBV20-1,TRBJ2-1,SASRLAGKDNEQF,1
TRBV20-1,TRBJ2-1,SASRLAGKGLLYNEQF,1
TRBV20-1,TRBJ2-1,SASRLAGKGSYNEQF,1
TRBV20-1,TRBJ2-1,SASRLAGKMSYNEQF,1
TRBV20-1,TRBJ2-1,SASRLAGKRSYNEQF,1
TRBV20-1,TRBJ2-1,SASRLAGKSSYNEQF,1
TRBV20-1,TRBJ2-1,SASRLAGKVLSNYNEQF,1
TRBV20-1,TRBJ2-1,SASRLAGKYNEQF,5
TRBV20-1,TRBJ2-1,SASRLAGLDEQF,7
TRBV20-1,TRBJ2-1,SASRLAGLDNEQF,1
TRBV20-1,TRBJ2-1,SASRLAGLEQF,1
TRBV20-1,TRBJ2-1,SASRLAGLFSYNEQF,1
TRBV20-1,TRBJ2-1,SASRLAGLGSSYNEQF,1
TRBV20-1,TRBJ2-1,SASRLAGLIYNEQF,1
TRBV20-1,TRBJ2-1,SASRLAGLKSSYNEQF,5
TRBV20-1,TRBJ2-1,SASRLAGLNEQF,8
TRBV20-1,TRBJ2-1,SASRLAGLNNEQF,1
TRBV20-1,TRBJ2-1,SASRLAGLPYNEQF,1
TRBV20-1,TRBJ2-1,SASRLAGLPYYNEQF,2
TRBV20-1,TRBJ2-1,SASRLAGLQDEQF,1
TRBV20-1,TRBJ2-1,SASRLAGLRGDEQF,1
TRBV20-1,TRBJ2-1,SASRLAGLRNEQF,1
TRBV20-1,TRBJ2-1,SASRLAGLRYNEQF,1
TRBV20-1,TRBJ2-1,SASRLAGLSSYNEQF,3
TRBV20-1,TRBJ2-1,SASRLAGLSYNEQF,3
TRBV20-1,TRBJ2-1,SASRLAGLTYNEQF,1
TRBV20-1,TRBJ2-1,SASRLAGLYNEQF,4
TRBV20-1,TRBJ2-1,SASRLAGMLSYNEQF,1
TRBV20-1,TRBJ2-1,SASRLAGMNEQF,2
TRBV20-1,TRBJ2-1,SASRLAGMTNEQF,3
TRBV20-1,TRBJ2-1,SASRLAGNEQF,9
TRBV20-1,TRBJ2-1,SASRLAGNHNEQF,1
TRBV20-1,TRBJ2-1,SASRLAGNNEQF,18
TRBV20-1,TRBJ2-1,SASRLAGNNNEQF,6
TRBV20-1,TRBJ2-1,SASRLAGNSYNEQF,4
TRBV20-1,TRBJ2-1,SASRLAGNYNEQF,3
TRBV20-1,TRBJ2-1,SASRLAGPANNEQF,1
TRBV20-1,TRBJ2-1,SASRLAGPDEQF,1
TRBV20-1,TRBJ2-1,SASRLAGPDNEQF,1
TRBV20-1,TRBJ2-1,SASRLAGPFNEQF,1
TRBV20-1,TRBJ2-1,SASRLAGPFYNEQF,1
TRBV20-1,TRBJ2-1,SASRLAGPGSYNEQF,1
TRBV20-1,TRBJ2-1,SASRLAGPHNEQF,1
TRBV20-1,TRBJ2-1,SASRLAGPLGNEQF,1
TRBV20-1,TRBJ2-1,SASRLAGPNEQF,4
TRBV20-1,TRBJ2-1,SASRLAGPRVLNEQF,3
TRBV20-1,TRBJ2-1,SASRLAGPSRNEQF,1
TRBV20-1,TRBJ2-1,SASRLAGPSSYNEQF,1
TRBV20-1,TRBJ2-1,SASRLAGPTYNEQF,1
TRBV20-1,TRBJ2-1,SASRLAGPVNEQF,1
TRBV20-1,TRBJ2-1,SASRLAGPYEQF,1
TRBV20-1,TRBJ2-1,SASRLAGPYNEQF,14
TRBV20-1,TRBJ2-1,SASRLAGQDSYNEQF,1
TRBV20-1,TRBJ2-1,SASRLAGQGTYNEQF,1
TRBV20-1,TRBJ2-1,SASRLAGQRYEQF,1
TRBV20-1,TRBJ2-1,SASRLAGQVNEQF,1
TRBV20-1,TRBJ2-1,SASRLAGQYNEQF,1
TRBV20-1,TRBJ2-1,SASRLAGRDEQF,1
TRBV20-1,TRBJ2-1,SASRLAGREGAYNEQF,1
TRBV20-1,TRBJ2-1,SASRLAGRGNEQF,1
TRBV20-1,TRBJ2-1,SASRLAGRGTYNEQF,1
TRBV20-1,TRBJ2-1,SASRLAGRNEQF,4
TRBV20-1,TRBJ2-1,SASRLAGRNNEQF,2
TRBV20-1,TRBJ2-1,SASRLAGRNYNEQF,1
TRBV20-1,TRBJ2-1,SASRLAGRRGLMNEQF,1
TRBV20-1,TRBJ2-1,SASRLAGRSASYNEQF,1
TRBV20-1,TRBJ2-1,SASRLAGRSGDEQF,1
TRBV20-1,TRBJ2-1,SASRLAGRSRNEQF,1
TRBV20-1,TRBJ2-1,SASRLAGRSYNEQF,1
TRBV20-1,TRBJ2-1,SASRLAGRTNEQF,1
TRBV20-1,TRBJ2-1,SASRLAGRYNEQF,5
TRBV20-1,TRBJ2-1,SASRLAGSDEQF,2
TRBV20-1,TRBJ2-1,SASRLAGSFNEQF,2
TRBV20-1,TRBJ2-1,SASRLAGSGNEQF,1
TRBV20-1,TRBJ2-1,SASRLAGSLSYNEQF,1
TRBV20-1,TRBJ2-1,SASRLAGSNEQF,12
TRBV20-1,TRBJ2-1,SASRLAGSPIGNEQF,2
TRBV20-1,TRBJ2-1,SASRLAGSRNEQF,1
TRBV20-1,TRBJ2-1,SASRLAGSRPSNEQF,1
TRBV20-1,TRBJ2-1,SASRLAGSSYNEQF,11
TRBV20-1,TRBJ2-1,SASRLAGSYNEQF,39
TRBV20-1,TRBJ2-1,SASRLAGTDNEQF,1
TRBV20-1,TRBJ2-1,SASRLAGTINEQF,1
TRBV20-1,TRBJ2-1,SASRLAGTLFNEQF,1
TRBV20-1,TRBJ2-1,SASRLAGTLRGVYNEQF,3
TRBV20-1,TRBJ2-1,SASRLAGTLSYNEQF,1
TRBV20-1,TRBJ2-1,SASRLAGTNANEQF,1
TRBV20-1,TRBJ2-1,SASRLAGTNEQF,5
TRBV20-1,TRBJ2-1,SASRLAGTNNEQF,2
TRBV20-1,TRBJ2-1,SASRLAGTPHEQF,1
TRBV20-1,TRBJ2-1,SASRLAGTPLDEQF,1
TRBV20-1,TRBJ2-1,SASRLAGTPSYNEQF,2
TRBV20-1,TRBJ2-1,SASRLAGTRDEQF,1
TRBV20-1,TRBJ2-1,SASRLAGTRIGSNEQF,1
TRBV20-1,TRBJ2-1,SASRLAGTSSYNEQF,1
TRBV20-1,TRBJ2-1,SASRLAGTSYNEQF,4
TRBV20-1,TRBJ2-1,SASRLAGTVNEQF,1
TRBV20-1,TRBJ2-1,SASRLAGTVYNEQF,1
TRBV20-1,TRBJ2-1,SASRLAGTWGEQF,2
TRBV20-1,TRBJ2-1,SASRLAGTYNEQF,17
TRBV20-1,TRBJ2-1,SASRLAGVANEQF,1
TRBV20-1,TRBJ2-1,SASRLAGVARNTEQF,4
TRBV20-1,TRBJ2-1,SASRLAGVDDEQF,1
TRBV20-1,TRBJ2-1,SASRLAGVDEQF,6
TRBV20-1,TRBJ2-1,SASRLAGVDLQNEQF,1
TRBV20-1,TRBJ2-1,SASRLAGVDNEQF,2
TRBV20-1,TRBJ2-1,SASRLAGVEGNEQF,5
TRBV20-1,TRBJ2-1,SASRLAGVENEQF,1
TRBV20-1,TRBJ2-1,SASRLAGVFANEQF,1
TRBV20-1,TRBJ2-1,SASRLAGVFDNEQF,1
TRBV20-1,TRBJ2-1,SASRLAGVFGDEQF,1
TRBV20-1,TRBJ2-1,SASRLAGVFGYYNEQF,2
TRBV20-1,TRBJ2-1,SASRLAGVFHEQF,2
TRBV20-1,TRBJ2-1,SASRLAGVFNDEQF,1
TRBV20-1,TRBJ2-1,SASRLAGVGDDEQF,1
TRBV20-1,TRBJ2-1,SASRLAGVGDEQF,1
TRBV20-1,TRBJ2-1,SASRLAGVGDNEQF,1
TRBV20-1,TRBJ2-1,SASRLAGVGEQF,4
TRBV20-1,TRBJ2-1,SASRLAGVGNEQF,11
TRBV20-1,TRBJ2-1,SASRLAGVGRDEQF,1
TRBV20-1,TRBJ2-1,SASRLAGVGYEQF,1
TRBV20-1,TRBJ2-1,SASRLAGVHEQF,1
TRBV20-1,TRBJ2-1,SASRLAGVHNEQF,1
TRBV20-1,TRBJ2-1,SASRLAGVHPNEQF,1
TRBV20-1,TRBJ2-1,SASRLAGVINEQF,1
TRBV20-1,TRBJ2-1,SASRLAGVLDDEQF,1
TRBV20-1,TRBJ2-1,SASRLAGVLF,1
TRBV20-1,TRBJ2-1,SASRLAGVLNEQF,1
TRBV20-1,TRBJ2-1,SASRLAGVMDEQF,1
TRBV20-1,TRBJ2-1,SASRLAGVNDEQF,1
TRBV20-1,TRBJ2-1,SASRLAGVNEQF,21
TRBV20-1,TRBJ2-1,SASRLAGVNNEQF,9
TRBV20-1,TRBJ2-1,SASRLAGVNYNEQF,1
TRBV20-1,TRBJ2-1,SASRLAGVPPYNEQF,1
TRBV20-1,TRBJ2-1,SASRLAGVPRDNEQF,1
TRBV20-1,TRBJ2-1,SASRLAGVPRNNEQF,4
TRBV20-1,TRBJ2-1,SASRLAGVPYNEQF,1
TRBV20-1,TRBJ2-1,SASRLAGVQDEQF,1
TRBV20-1,TRBJ2-1,SASRLAGVQGNEQF,1
TRBV20-1,TRBJ2-1,SASRLAGVQYNEQF,1
TRBV20-1,TRBJ2-1,SASRLAGVRNEQF,8
TRBV20-1,TRBJ2-1,SASRLAGVRNNEQF,1
TRBV20-1,TRBJ2-1,SASRLAGVSDEQF,1
TRBV20-1,TRBJ2-1,SASRLAGVSDGNEQF,19
TRBV20-1,TRBJ2-1,SASRLAGVSDGNEQL,1
TRBV20-1,TRBJ2-1,SASRLAGVSKSYNEQF,1
TRBV20-1,TRBJ2-1,SASRLAGVSNEQF,4
TRBV20-1,TRBJ2-1,SASRLAGVSSYNEQF,5
TRBV20-1,TRBJ2-1,SASRLAGVSYNEQF,3
TRBV20-1,TRBJ2-1,SASRLAGVTLSYNEQF,1
TRBV20-1,TRBJ2-1,SASRLAGVTYNEQF,1
TRBV20-1,TRBJ2-1,SASRLAGVVEQF,2
TRBV20-1,TRBJ2-1,SASRLAGVVLYNEQF,1
TRBV20-1,TRBJ2-1,SASRLAGVVYEQF,1
TRBV20-1,TRBJ2-1,SASRLAGVVYNEQF,1
TRBV20-1,TRBJ2-1,SASRLAGVYEQF,2
TRBV20-1,TRBJ2-1,SASRLAGVYNEQF,18
TRBV20-1,TRBJ2-1,SASRLAGWDEQF,1
TRBV20-1,TRBJ2-1,SASRLAGYEQF,12
TRBV20-1,TRBJ2-1,SASRLAGYIYNEQF,1
TRBV20-1,TRBJ2-1,SASRLAGYNEQF,53
TRBV20-1,TRBJ2-1,SASRLAGYSEQF,18
TRBV20-1,TRBJ2-1,SASRLAGYWGGDEQF,1
TRBV20-1,TRBJ2-1,SASRLAGYYNEQF,6
TRBV20-1,TRBJ2-1,SASRLAHEQF,2
TRBV20-1,TRBJ2-1,SASRLAHNEQF,2
TRBV20-1,TRBJ2-1,SASRLAHRGNEQF,3
TRBV20-1,TRBJ2-1,SASRLAHYNEQF,4
TRBV20-1,TRBJ2-1,SASRLAIGNEQF,1
TRBV20-1,TRBJ2-1,SASRLAIHNEQF,1
TRBV20-1,TRBJ2-1,SASRLAINEQF,2
TRBV20-1,TRBJ2-1,SASRLAINSYNEQF,1
TRBV20-1,TRBJ2-1,SASRLAIPSNEQF,1
TRBV20-1,TRBJ2-1,SASRLAISYNEQF,1
TRBV20-1,TRBJ2-1,SASRLAIYNEQF,1
TRBV20-1,TRBJ2-1,SASRLAKDNEQF,1
TRBV20-1,TRBJ2-1,SASRLAKGEQF,1
TRBV20-1,TRBJ2-1,SASRLAKNNEQF,1
TRBV20-1,TRBJ2-1,SASRLAKTYNEQF,1
TRBV20-1,TRBJ2-1,SASRLAKYNEQF,1
TRBV20-1,TRBJ2-1,SASRLALGDEQF,1
TRBV20-1,TRBJ2-1,SASRLALGNEQF,1
TRBV20-1,TRBJ2-1,SASRLALNEQF,6
TRBV20-1,TRBJ2-1,SASRLALYNEQF,12
TRBV20-1,TRBJ2-1,SASRLALYTEQF,1
TRBV20-1,TRBJ2-1,SASRLAMDHEQF,1
TRBV20-1,TRBJ2-1,SASRLAMDNEQF,1
TRBV20-1,TRBJ2-1,SASRLAMRNEQF,1
TRBV20-1,TRBJ2-1,SASRLANEQF,11
TRBV20-1,TRBJ2-1,SASRLANHNEQF,1
TRBV20-1,TRBJ2-1,SASRLANNEQF,7
TRBV20-1,TRBJ2-1,SASRLANNNEQF,1
TRBV20-1,TRBJ2-1,SASRLANPYNEQF,1
TRBV20-1,TRBJ2-1,SASRLANYEQF,2
TRBV20-1,TRBJ2-1,SASRLANYNEQF,1
TRBV20-1,TRBJ2-1,SASRLAPDVNEQF,1
TRBV20-1,TRBJ2-1,SASRLAPNEQF,4
TRBV20-1,TRBJ2-1,SASRLAPNNEQF,1
TRBV20-1,TRBJ2-1,SASRLAPRDEQF,1
TRBV20-1,TRBJ2-1,SASRLAPTDEQF,1
TRBV20-1,TRBJ2-1,SASRLAPVVYEQF,1
TRBV20-1,TRBJ2-1,SASRLAPYNEQF,6
TRBV20-1,TRBJ2-1,SASRLAPYYNEQF,1
TRBV20-1,TRBJ2-1,SASRLAQYNEQF,2
TRBV20-1,TRBJ2-1,SASRLARGNNEQF,1
TRBV20-1,TRBJ2-1,SASRLARHNEQF,3
TRBV20-1,TRBJ2-1,SASRLARLYNEQF,3
TRBV20-1,TRBJ2-1,SASRLARNEQF,2
TRBV20-1,TRBJ2-1,SASRLARPNEQF,1
TRBV20-1,TRBJ2-1,SASRLARPPNEQF,1
TRBV20-1,TRBJ2-1,SASRLARSGTYNEQF,1
TRBV20-1,TRBJ2-1,SASRLARSSYNEQF,1
TRBV20-1,TRBJ2-1,SASRLARSYNEQF,3
TRBV20-1,TRBJ2-1,SASRLARTSYNEQF,1
TRBV20-1,TRBJ2-1,SASRLARTYNEQF,1
TRBV20-1,TRBJ2-1,SASRLARVVYEQC,1
TRBV20-1,TRBJ2-1,SASRLARVYNEQF,1
TRBV20-1,TRBJ2-1,SASRLARYNEQF,5
TRBV20-1,TRBJ2-1,SASRLASDNEQF,1
TRBV20-1,TRBJ2-1,SASRLASFNEQF,1
TRBV20-1,TRBJ2-1,SASRLASGLDEQF,1
TRBV20-1,TRBJ2-1,SASRLASGPYNEQF,2
TRBV20-1,TRBJ2-1,SASRLASGSHYNEQF,1
TRBV20-1,TRBJ2-1,SASRLASIDEQF,1
TRBV20-1,TRBJ2-1,SASRLASILGDEQF,1
TRBV20-1,TRBJ2-1,SASRLASLNEQF,1
TRBV20-1,TRBJ2-1,SASRLASNEQF,2
TRBV20-1,TRBJ2-1,SASRLASNNEQF,1
TRBV20-1,TRBJ2-1,SASRLASPIYNEQF,1
TRBV20-1,TRBJ2-1,SASRLASPYNEQF,1
TRBV20-1,TRBJ2-1,SASRLASRNEQF,1
TRBV20-1,TRBJ2-1,SASRLASSDEQF,1
TRBV20-1,TRBJ2-1,SASRLASSYNEQF,8
TRBV20-1,TRBJ2-1,SASRLASVYNEQF,1
TRBV20-1,TRBJ2-1,SASRLASYEQF,1
TRBV20-1,TRBJ2-1,SASRLASYNEQF,28
TRBV20-1,TRBJ2-1,SASRLATDAYNEQF,1
TRBV20-1,TRBJ2-1,SASRLATKSREFLNNEQF,1
TRBV20-1,TRBJ2-1,SASRLATLNEQF,1
TRBV20-1,TRBJ2-1,SASRLATNEQF,4
TRBV20-1,TRBJ2-1,SASRLATNNEQF,1
TRBV20-1,TRBJ2-1,SASRLATNYNEQF,1
TRBV20-1,TRBJ2-1,SASRLATSDNEQF,1
TRBV20-1,TRBJ2-1,SASRLATSYNEQF,1
TRBV20-1,TRBJ2-1,SASRLATVHEQF,5
TRBV20-1,TRBJ2-1,SASRLATYNEQF,7
TRBV20-1,TRBJ2-1,SASRLAVAYNEQF,1
TRBV20-1,TRBJ2-1,SASRLAVDEQF,3
TRBV20-1,TRBJ2-1,SASRLAVGDEQF,3
TRBV20-1,TRBJ2-1,SASRLAVGDNEQF,1
TRBV20-1,TRBJ2-1,SASRLAVGEQF,3
TRBV20-1,TRBJ2-1,SASRLAVGNEQF,1
TRBV20-1,TRBJ2-1,SASRLAVHEQF,1
TRBV20-1,TRBJ2-1,SASRLAVINEQF,1
TRBV20-1,TRBJ2-1,SASRLAVINNEQF,1
TRBV20-1,TRBJ2-1,SASRLAVNDEQF,1
TRBV20-1,TRBJ2-1,SASRLAVNEQF,6
TRBV20-1,TRBJ2-1,SASRLAVNNEQF,6
TRBV20-1,TRBJ2-1,SASRLAVNSGSYNEQF,1
TRBV20-1,TRBJ2-1,SASRLAVPYNEQF,1
TRBV20-1,TRBJ2-1,SASRLAVRRPLPNEQF,1
TRBV20-1,TRBJ2-1,SASRLAVSNEQF,1
TRBV20-1,TRBJ2-1,SASRLAVSSYNEQF,1
TRBV20-1,TRBJ2-1,SASRLAVVYNEQF,1
TRBV20-1,TRBJ2-1,SASRLAVWDEQF,1
TRBV20-1,TRBJ2-1,SASRLAVWNEQF,2
TRBV20-1,TRBJ2-1,SASRLAVWVNEQF,1
TRBV20-1,TRBJ2-1,SASRLAVYNEQF,18
TRBV20-1,TRBJ2-1,SASRLAWDNEQF,1
TRBV20-1,TRBJ2-1,SASRLAWFYNEQF,1
TRBV20-1,TRBJ2-1,SASRLAWGNEQF,1
TRBV20-1,TRBJ2-1,SASRLAWGYYNEQF,3
TRBV20-1,TRBJ2-1,SASRLAWNEQF,1
TRBV20-1,TRBJ2-1,SASRLAWREVNEQF,1
TRBV20-1,TRBJ2-1,SASRLAYHNEQF,3
TRBV20-1,TRBJ2-1,SASRLAYNEQF,6
TRBV20-1,TRBJ2-1,SASRLAYNNEQF,1
TRBV20-1,TRBJ2-1,SASRLAYYNEQF,4
TRBV20-1,TRBJ2-1,SASRLDAYNEQF,1
TRBV20-1,TRBJ2-1,SASRLDDSYNEQF,1
TRBV20-1,TRBJ2-1,SASRLDDTYNEQF,1
TRBV20-1,TRBJ2-1,SASRLDEQF,24
TRBV20-1,TRBJ2-1,SASRLDFRNNEQF,1
TRBV20-1,TRBJ2-1,SASRLDFYNEQF,1
TRBV20-1,TRBJ2-1,SASRLDGDNEQF,1
TRBV20-1,TRBJ2-1,SASRLDGNEQF,1
TRBV20-1,TRBJ2-1,SASRLDGSYNEQF,1
TRBV20-1,TRBJ2-1,SASRLDHTYNEQF,1
TRBV20-1,TRBJ2-1,SASRLDLIYNEQF,1
TRBV20-1,TRBJ2-1,SASRLDLNRDEQF,1
TRBV20-1,TRBJ2-1,SASRLDLYNEQF,1
TRBV20-1,TRBJ2-1,SASRLDNEQF,12
TRBV20-1,TRBJ2-1,SASRLDQNEQF,1
TRBV20-1,TRBJ2-1,SASRLDRSYNEQF,1
TRBV20-1,TRBJ2-1,SASRLDRYNEQF,2
TRBV20-1,TRBJ2-1,SASRLDTNEQF,1
TRBV20-1,TRBJ2-1,SASRLDVYNEQF,1
TRBV20-1,TRBJ2-1,SASRLDYEQF,1
TRBV20-1,TRBJ2-1,SASRLDYNEQF,2
TRBV20-1,TRBJ2-1,SASRLEDNEQF,1
TRBV20-1,TRBJ2-1,SASRLEEGFDEQF,1
TRBV20-1,TRBJ2-1,SASRLEETSYNEQF,1
TRBV20-1,TRBJ2-1,SASRLEEYNEQF,1
TRBV20-1,TRBJ2-1,SASRLEGDEQF,13
TRBV20-1,TRBJ2-1,SASRLEGGMDEQF,1
TRBV20-1,TRBJ2-1,SASRLEGGYEQF,1
TRBV20-1,TRBJ2-1,SASRLEGGYMEQF,2
TRBV20-1,TRBJ2-1,SASRLEGGYNEQF,2
TRBV20-1,TRBJ2-1,SASRLEGHEQF,1
TRBV20-1,TRBJ2-1,SASRLEGNSYNEQF,1
TRBV20-1,TRBJ2-1,SASRLEGSYNEQF,2
TRBV20-1,TRBJ2-1,SASRLEGVNEQF,2
TRBV20-1,TRBJ2-1,SASRLEGYNEQF,3
TRBV20-1,TRBJ2-1,SASRLEHNEQF,1
TRBV20-1,TRBJ2-1,SASRLELGYEQF,1
TRBV20-1,TRBJ2-1,SASRLELNEQF,2
TRBV20-1,TRBJ2-1,SASRLELYNEQF,1
TRBV20-1,TRBJ2-1,SASRLENEKF,1
TRBV20-1,TRBJ2-1,SASRLENEQF,1
TRBV20-1,TRBJ2-1,SASRLENNEQF,1
TRBV20-1,TRBJ2-1,SASRLEQF,9
TRBV20-1,TRBJ2-1,SASRLERAYNEQF,2
TRBV20-1,TRBJ2-1,SASRLERENEQF,1
TRBV20-1,TRBJ2-1,SASRLEREPNEQF,1
TRBV20-1,TRBJ2-1,SASRLERNEQF,1
TRBV20-1,TRBJ2-1,SASRLERSYNEQF,2
TRBV20-1,TRBJ2-1,SASRLESSDHEQF,1
TRBV20-1,TRBJ2-1,SASRLESSIPGGYEQF,1
TRBV20-1,TRBJ2-1,SASRLESSYKEQF,1
TRBV20-1,TRBJ2-1,SASRLESSYNAQF,1
TRBV20-1,TRBJ2-1,SASRLESSYNEQF,98
TRBV20-1,TRBJ2-1,SASRLESYNEQF,1
TRBV20-1,TRBJ2-1,SASRLESYYNEQF,1
TRBV20-1,TRBJ2-1,SASRLEVPYNEQF,1
TRBV20-1,TRBJ2-1,SASRLEYNEQF,1
TRBV20-1,TRBJ2-1,SASRLEYYNEQF,1
TRBV20-1,TRBJ2-1,SASRLFGGNEQF,1
TRBV20-1,TRBJ2-1,SASRLFLYNEQF,1
TRBV20-1,TRBJ2-1,SASRLFRPNNEQF,1
TRBV20-1,TRBJ2-1,SASRLFSYNEQF,3
TRBV20-1,TRBJ2-1,SASRLFYNEQF,1
TRBV20-1,TRBJ2-1,SASRLGAAGRGEQF,8
TRBV20-1,TRBJ2-1,SASRLGAGGSYNEQF,1
TRBV20-1,TRBJ2-1,SASRLGAGNEQF,1
TRBV20-1,TRBJ2-1,SASRLGAGRNEQF,1
TRBV20-1,TRBJ2-1,SASRLGAGVSNEQF,1
TRBV20-1,TRBJ2-1,SASRLGAGYYNEQF,1
TRBV20-1,TRBJ2-1,SASRLGALGGEQF,1
TRBV20-1,TRBJ2-1,SASRLGAPTNEQF,1
TRBV20-1,TRBJ2-1,SASRLGASNEQF,1
TRBV20-1,TRBJ2-1,SASRLGASVNEQF,1
TRBV20-1,TRBJ2-1,SASRLGAYNEQF,2
TRBV20-1,TRBJ2-1,SASRLGDEQF,5
TRBV20-1,TRBJ2-1,SASRLGDLAGGPNEQF,1
TRBV20-1,TRBJ2-1,SASRLGDNEQF,2
TRBV20-1,TRBJ2-1,SASRLGDRVINEQF,1
TRBV20-1,TRBJ2-1,SASRLGDYNEQF,3
TRBV20-1,TRBJ2-1,SASRLGEGNNEQF,1
TRBV20-1,TRBJ2-1,SASRLGEPNEQF,1
TRBV20-1,TRBJ2-1,SASRLGEQF,5
TRBV20-1,TRBJ2-1,SASRLGEYNEQF,1
TRBV20-1,TRBJ2-1,SASRLGFMENEQF,1
TRBV20-1,TRBJ2-1,SASRLGFRDNEQF,1
TRBV20-1,TRBJ2-1,SASRLGFSEQF,1
TRBV20-1,TRBJ2-1,SASRLGFSGTYNEQF,1
TRBV20-1,TRBJ2-1,SASRLGGARRDEQF,1
TRBV20-1,TRBJ2-1,SASRLGGASHNEQF,1
TRBV20-1,TRBJ2-1,SASRLGGAYNEQF,1
TRBV20-1,TRBJ2-1,SASRLGGGSEQF,3
TRBV20-1,TRBJ2-1,SASRLGGGSMYNEQF,1
TRBV20-1,TRBJ2-1,SASRLGGGSYNEQF,1
TRBV20-1,TRBJ2-1,SASRLGGGTSGSGGSYNEQF,1
TRBV20-1,TRBJ2-1,SASRLGGIDEQF,1
TRBV20-1,TRBJ2-1,SASRLGGLYNEQF,1
TRBV20-1,TRBJ2-1,SASRLGGNEQF,3
TRBV20-1,TRBJ2-1,SASRLGGRADEQF,1
TRBV20-1,TRBJ2-1,SASRLGGREFYNEQF,1
TRBV20-1,TRBJ2-1,SASRLGGSSYNEQF,1
TRBV20-1,TRBJ2-1,SASRLGGVNEQF,1
TRBV20-1,TRBJ2-1,SASRLGGYNEQF,2
TRBV20-1,TRBJ2-1,SASRLGHEQF,2
TRBV20-1,TRBJ2-1,SASRLGHHEQF,1
TRBV20-1,TRBJ2-1,SASRLGHNEQF,1
TRBV20-1,TRBJ2-1,SASRLGHVGDEQF,1
TRBV20-1,TRBJ2-1,SASRLGIGNEQF,1
TRBV20-1,TRBJ2-1,SASRLGINHEQF,1
TRBV20-1,TRBJ2-1,SASRLGIYEQF,1
TRBV20-1,TRBJ2-1,SASRLGIYNEQF,1
TRBV20-1,TRBJ2-1,SASRLGLAGAYNEQF,1
TRBV20-1,TRBJ2-1,SASRLGLAGGTRLYNEQF,1
TRBV20-1,TRBJ2-1,SASRLGLAGYNEQF,1
TRBV20-1,TRBJ2-1,SASRLGLLNEQF,1
TRBV20-1,TRBJ2-1,SASRLGLNEQF,2
TRBV20-1,TRBJ2-1,SASRLGLNSYNEQF,1
TRBV20-1,TRBJ2-1,SASRLGLSYNEQF,2
TRBV20-1,TRBJ2-1,SASRLGLTYNEQF,1
TRBV20-1,TRBJ2-1,SASRLGLYNEQF,2
TRBV20-1,TRBJ2-1,SASRLGNEQF,1
TRBV20-1,TRBJ2-1,SASRLGNHNEQF,1
TRBV20-1,TRBJ2-1,SASRLGNPYNEQF,1
TRBV20-1,TRBJ2-1,SASRLGNSYNEQF,1
TRBV20-1,TRBJ2-1,SASRLGPDEQF,1
TRBV20-1,TRBJ2-1,SASRLGPGDEQF,1
TRBV20-1,TRBJ2-1,SASRLGPGLLLSSYNEQF,1
TRBV20-1,TRBJ2-1,SASRLGPGNEQF,1
TRBV20-1,TRBJ2-1,SASRLGPHNEQF,1
TRBV20-1,TRBJ2-1,SASRLGPRRHEQF,2
TRBV20-1,TRBJ2-1,SASRLGPRVNEQF,1
TRBV20-1,TRBJ2-1,SASRLGPSYNEQF,1
TRBV20-1,TRBJ2-1,SASRLGPYNEQF,2
TRBV20-1,TRBJ2-1,SASRLGQEGQSPYNEQF,1
TRBV20-1,TRBJ2-1,SASRLGQF,2
TRBV20-1,TRBJ2-1,SASRLGQGAYNEQF,1
TRBV20-1,TRBJ2-1,SASRLGQGYNAQF,1
TRBV20-1,TRBJ2-1,SASRLGQGYNEQF,15
TRBV20-1,TRBJ2-1,SASRLGQPYNEQF,1
TRBV20-1,TRBJ2-1,SASRLGQRYNEQF,1
TRBV20-1,TRBJ2-1,SASRLGQSSYNEQF,1
TRBV20-1,TRBJ2-1,SASRLGRASNEQF,1
TRBV20-1,TRBJ2-1,SASRLGRGDNEQF,1
TRBV20-1,TRBJ2-1,SASRLGRGSYNEQF,1
TRBV20-1,TRBJ2-1,SASRLGRGTYNEQF,1
TRBV20-1,TRBJ2-1,SASRLGRNEQF,1
TRBV20-1,TRBJ2-1,SASRLGRNNEQF,4
TRBV20-1,TRBJ2-1,SASRLGRRGNEQF,2
TRBV20-1,TRBJ2-1,SASRLGRRSYNEQF,1
TRBV20-1,TRBJ2-1,SASRLGRSYNEQF,1
TRBV20-1,TRBJ2-1,SASRLGRVYNEQF,1
TRBV20-1,TRBJ2-1,SASRLGRYNEQF,2
TRBV20-1,TRBJ2-1,SASRLGSGNLYNEQF,6
TRBV20-1,TRBJ2-1,SASRLGSGRGHEQF,1
TRBV20-1,TRBJ2-1,SASRLGSGRPYNEQF,1
TRBV20-1,TRBJ2-1,SASRLGSGRVDEQF,1
TRBV20-1,TRBJ2-1,SASRLGSHNEQF,1
TRBV20-1,TRBJ2-1,SASRLGSNEQF,1
TRBV20-1,TRBJ2-1,SASRLGSNYNEQF,1
TRBV20-1,TRBJ2-1,SASRLGSRNEQF,1
TRBV20-1,TRBJ2-1,SASRLGSSYNEQF,2
TRBV20-1,TRBJ2-1,SASRLGSTFNEQF,1
TRBV20-1,TRBJ2-1,SASRLGSYNEQF,10
TRBV20-1,TRBJ2-1,SASRLGTGALLSSYNEQF,1
TRBV20-1,TRBJ2-1,SASRLGTGGNEQF,2
TRBV20-1,TRBJ2-1,SASRLGTGSSSYNEQF,1
TRBV20-1,TRBJ2-1,SASRLGTQLPFNEQF,1
TRBV20-1,TRBJ2-1,SASRLGTSGDEQF,1
TRBV20-1,TRBJ2-1,SASRLGTSGMGDEQF,1
TRBV20-1,TRBJ2-1,SASRLGTVDRTYNEQF,1
TRBV20-1,TRBJ2-1,SASRLGVFDEQF,1
TRBV20-1,TRBJ2-1,SASRLGVGNEQF,4
TRBV20-1,TRBJ2-1,SASRLGVPYNEQF,1
TRBV20-1,TRBJ2-1,SASRLGVSYNEQF,1
TRBV20-1,TRBJ2-1,SASRLGWENEQF,3
TRBV20-1,TRBJ2-1,SASRLGWGVHNEQF,1
TRBV20-1,TRBJ2-1,SASRLGYEQF,1
TRBV20-1,TRBJ2-1,SASRLGYNEQF,2
TRBV20-1,TRBJ2-1,SASRLGYYNEQF,1
TRBV20-1,TRBJ2-1,SASRLHEQF,1
TRBV20-1,TRBJ2-1,SASRLHGFYEQF,1
TRBV20-1,TRBJ2-1,SASRLHNEQF,4
TRBV20-1,TRBJ2-1,SASRLHSGEQF,1
TRBV20-1,TRBJ2-1,SASRLHSYNEQF,2
TRBV20-1,TRBJ2-1,SASRLHTGTSGRLSYNEQF,1
TRBV20-1,TRBJ2-1,SASRLIAGGLAGVSYNEQF,1
TRBV20-1,TRBJ2-1,SASRLIGMQDEQF,1
TRBV20-1,TRBJ2-1,SASRLIGNEQF,1
TRBV20-1,TRBJ2-1,SASRLILSYNEQF,1
TRBV20-1,TRBJ2-1,SASRLIPNEQF,1
TRBV20-1,TRBJ2-1,SASRLIRLAGGPDEQF,1
TRBV20-1,TRBJ2-1,SASRLIRTRDNEQF,1
TRBV20-1,TRBJ2-1,SASRLISYNEQF,1
TRBV20-1,TRBJ2-1,SASRLIYNEQF,1
TRBV20-1,TRBJ2-1,SASRLKAEQF,1
TRBV20-1,TRBJ2-1,SASRLKGHNEQF,3
TRBV20-1,TRBJ2-1,SASRLKNEQF,1
TRBV20-1,TRBJ2-1,SASRLKSSYNEQF,1
TRBV20-1,TRBJ2-1,SASRLKYNEQF,1
TRBV20-1,TRBJ2-1,SASRLLAAGNEQF,1
TRBV20-1,TRBJ2-1,SASRLLAAHHNEQF,1
TRBV20-1,TRBJ2-1,SASRLLAGGDEQF,1
TRBV20-1,TRBJ2-1,SASRLLAGGKNEQF,1
TRBV20-1,TRBJ2-1,SASRLLAGLSYNEQF,1
TRBV20-1,TRBJ2-1,SASRLLAGNNEQF,1
TRBV20-1,TRBJ2-1,SASRLLAGSINEQF,1
TRBV20-1,TRBJ2-1,SASRLLAGTPLDEQF,1
TRBV20-1,TRBJ2-1,SASRLLAGVYEQF,1
TRBV20-1,TRBJ2-1,SASRLLASYNEQF,1
TRBV20-1,TRBJ2-1,SASRLLATDEQF,1
TRBV20-1,TRBJ2-1,SASRLLDEQF,2
TRBV20-1,TRBJ2-1,SASRLLGANNEQF,1
TRBV20-1,TRBJ2-1,SASRLLGGNEQF,1
TRBV20-1,TRBJ2-1,SASRLLGTFYNEQF,1
TRBV20-1,TRBJ2-1,SASRLLGYNEQF,1
TRBV20-1,TRBJ2-1,SASRLLNEQF,4
TRBV20-1,TRBJ2-1,SASRLLNNEQF,2
TRBV20-1,TRBJ2-1,SASRLLNSYNEQF,1
TRBV20-1,TRBJ2-1,SASRLLPEDEQF,6
TRBV20-1,TRBJ2-1,SASRLLPGGINEQF,1
TRBV20-1,TRBJ2-1,SASRLLPNEQF,1
TRBV20-1,TRBJ2-1,SASRLLQGNEQF,1
TRBV20-1,TRBJ2-1,SASRLLRENGYNEQF,1
TRBV20-1,TRBJ2-1,SASRLLREVPYNEQF,1
TRBV20-1,TRBJ2-1,SASRLLRLDEQF,1
TRBV20-1,TRBJ2-1,SASRLLSECNEQF,1
TRBV20-1,TRBJ2-1,SASRLLSSYNEQF,1
TRBV20-1,TRBJ2-1,SASRLLSYNEQF,2
TRBV20-1,TRBJ2-1,SASRLLVYNEQF,1
TRBV20-1,TRBJ2-1,SASRLLYNEQF,2
TRBV20-1,TRBJ2-1,SASRLMSSYNEQF,1
TRBV20-1,TRBJ2-1,SASRLMTGSNEQF,1
TRBV20-1,TRBJ2-1,SASRLNEQF,29
TRBV20-1,TRBJ2-1,SASRLNFTYNEQF,1
TRBV20-1,TRBJ2-1,SASRLNNEQF,8
TRBV20-1,TRBJ2-1,SASRLNQRELQF,4
TRBV20-1,TRBJ2-1,SASRLNRDIYYNEQF,1
TRBV20-1,TRBJ2-1,SASRLNSYNEQF,1
TRBV20-1,TRBJ2-1,SASRLNYNEQF,1
TRBV20-1,TRBJ2-1,SASRLPEQF,5
TRBV20-1,TRBJ2-1,SASRLPERGSYNEQF,1
TRBV20-1,TRBJ2-1,SASRLPERGYNEQF,1
TRBV20-1,TRBJ2-1,SASRLPGDEQF,2
TRBV20-1,TRBJ2-1,SASRLPGGNEQF,1
TRBV20-1,TRBJ2-1,SASRLPGNEQF,1
TRBV20-1,TRBJ2-1,SASRLPGRDNEQF,1
TRBV20-1,TRBJ2-1,SASRLPGSFLGDNEQF,5
TRBV20-1,TRBJ2-1,SASRLPGSGNEQF,1
TRBV20-1,TRBJ2-1,SASRLPGSYNEQF,1
TRBV20-1,TRBJ2-1,SASRLPGTVYNEQF,1
TRBV20-1,TRBJ2-1,SASRLPGVDEQF,1
TRBV20-1,TRBJ2-1,SASRLPHNEQF,1
TRBV20-1,TRBJ2-1,SASRLPIYNEQF,1
TRBV20-1,TRBJ2-1,SASRLPLANEQF,1
TRBV20-1,TRBJ2-1,SASRLPLAPVGYEQF,1
TRBV20-1,TRBJ2-1,SASRLPLRVPSSYNEQF,1
TRBV20-1,TRBJ2-1,SASRLPNAYNEQF,1
TRBV20-1,TRBJ2-1,SASRLPNEQF,3
TRBV20-1,TRBJ2-1,SASRLPPNEQF,1
TRBV20-1,TRBJ2-1,SASRLPPSYNEQF,1
TRBV20-1,TRBJ2-1,SASRLPRNEQF,1
TRBV20-1,TRBJ2-1,SASRLPRTLTYNEQF,1
TRBV20-1,TRBJ2-1,SASRLPRYNEQF,1
TRBV20-1,TRBJ2-1,SASRLPSDNEQF,2
TRBV20-1,TRBJ2-1,SASRLPSFNEQF,1
TRBV20-1,TRBJ2-1,SASRLPSSYNEQF,2
TRBV20-1,TRBJ2-1,SASRLPYNEQF,10
TRBV20-1,TRBJ2-1,SASRLQGHDEQF,1
TRBV20-1,TRBJ2-1,SASRLQGLGGRNEQF,1
TRBV20-1,TRBJ2-1,SASRLQGPGGDEQF,1
TRBV20-1,TRBJ2-1,SASRLQGYNEQF,1
TRBV20-1,TRBJ2-1,SASRLQHEQF,1
TRBV20-1,TRBJ2-1,SASRLQLRNEQF,1
TRBV20-1,TRBJ2-1,SASRLQMQF,1
TRBV20-1,TRBJ2-1,SASRLQRGDYNEQF,1
TRBV20-1,TRBJ2-1,SASRLQSSYNEQF,1
TRBV20-1,TRBJ2-1,SASRLQTSEFNEQF,1
TRBV20-1,TRBJ2-1,SASRLQTYNEQF,1
TRBV20-1,TRBJ2-1,SASRLRAGDEQF,1
TRBV20-1,TRBJ2-1,SASRLRAGNYNEQF,1
TRBV20-1,TRBJ2-1,SASRLRANNEQF,1
TRBV20-1,TRBJ2-1,SASRLRASGTINEQF,1
TRBV20-1,TRBJ2-1,SASRLRASGTLSYNEQF,1
TRBV20-1,TRBJ2-1,SASRLRASYNEQF,1
TRBV20-1,TRBJ2-1,SASRLRDEQF,1
TRBV20-1,TRBJ2-1,SASRLRDHYNEQF,1
TRBV20-1,TRBJ2-1,SASRLRDLDEQF,1
TRBV20-1,TRBJ2-1,SASRLRDNEQF,2
TRBV20-1,TRBJ2-1,SASRLRDPYNEQF,4
TRBV20-1,TRBJ2-1,SASRLRDRDKNEQF,1
TRBV20-1,TRBJ2-1,SASRLRDRGPNEQF,1
TRBV20-1,TRBJ2-1,SASRLRDRGVIGYNEQF,1
TRBV20-1,TRBJ2-1,SASRLRDYPYNEQF,1
TRBV20-1,TRBJ2-1,SASRLRGGAAYNEQF,1
TRBV20-1,TRBJ2-1,SASRLRGGAYNEQF,1
TRBV20-1,TRBJ2-1,SASRLRGNEQF,1
TRBV20-1,TRBJ2-1,SASRLRGPLNEQF,1
TRBV20-1,TRBJ2-1,SASRLRGRDNEQF,1
TRBV20-1,TRBJ2-1,SASRLRGRNEQF,1
TRBV20-1,TRBJ2-1,SASRLRGRYDEQF,1
TRBV20-1,TRBJ2-1,SASRLRGSYNEQF,1
TRBV20-1,TRBJ2-1,SASRLRGTGDANEQF,4
TRBV20-1,TRBJ2-1,SASRLRGWNEQF,1
TRBV20-1,TRBJ2-1,SASRLRGYNEQF,1
TRBV20-1,TRBJ2-1,SASRLRHNEQF,1
TRBV20-1,TRBJ2-1,SASRLRIAGVSNEQF,1
TRBV20-1,TRBJ2-1,SASRLRLAGGGNEQF,1
TRBV20-1,TRBJ2-1,SASRLRLAGRNEQF,1
TRBV20-1,TRBJ2-1,SASRLRNEQF,5
TRBV20-1,TRBJ2-1,SASRLRNNEQF,1
TRBV20-1,TRBJ2-1,SASRLRQGVNEQF,1
TRBV20-1,TRBJ2-1,SASRLRRNTYNEQF,1
TRBV20-1,TRBJ2-1,SASRLRSETRFNEQF,1
TRBV20-1,TRBJ2-1,SASRLRSNEQF,1
TRBV20-1,TRBJ2-1,SASRLRSSYNEQF,1
TRBV20-1,TRBJ2-1,SASRLRSYNEQF,2
TRBV20-1,TRBJ2-1,SASRLRTEWAEHNEQF,1
TRBV20-1,TRBJ2-1,SASRLRTGNEQF,1
TRBV20-1,TRBJ2-1,SASRLRTSGSLNEQF,1
TRBV20-1,TRBJ2-1,SASRLRVSWGYNEQF,7
TRBV20-1,TRBJ2-1,SASRLRYNEQF,3
TRBV20-1,TRBJ2-1,SASRLSDYNEQF,1
TRBV20-1,TRBJ2-1,SASRLSGDYNEQF,1
TRBV20-1,TRBJ2-1,SASRLSGGAGEQF,2
TRBV20-1,TRBJ2-1,SASRLSGGNEQF,1
TRBV20-1,TRBJ2-1,SASRLSGRGDEQF,1
TRBV20-1,TRBJ2-1,SASRLSGRSGNEQF,1
TRBV20-1,TRBJ2-1,SASRLSGRVNEQF,1
TRBV20-1,TRBJ2-1,SASRLSGSASYNEQF,1
TRBV20-1,TRBJ2-1,SASRLSGSGNHNEQF,2
TRBV20-1,TRBJ2-1,SASRLSGSNNEQF,1
TRBV20-1,TRBJ2-1,SASRLSGSPSDTEQF,1
TRBV20-1,TRBJ2-1,SASRLSGSPSYNEQF,2
TRBV20-1,TRBJ2-1,SASRLSGSSYHEQF,1
TRBV20-1,TRBJ2-1,SASRLSGSSYNEQF,9
TRBV20-1,TRBJ2-1,SASRLSGSYNEQF,1
TRBV20-1,TRBJ2-1,SASRLSGTSGKGLFNEQF,1
TRBV20-1,TRBJ2-1,SASRLSGYDNEQF,1
TRBV20-1,TRBJ2-1,SASRLSHSYNEQF,1
TRBV20-1,TRBJ2-1,SASRLSHYNEQF,1
TRBV20-1,TRBJ2-1,SASRLSKNEQF,1
TRBV20-1,TRBJ2-1,SASRLSLNEQF,1
TRBV20-1,TRBJ2-1,SASRLSLTYNEQF,1
TRBV20-1,TRBJ2-1,SASRLSNEQF,3
TRBV20-1,TRBJ2-1,SASRLSRGGRDEQF,1
TRBV20-1,TRBJ2-1,SASRLSSDPYNEQF,1
TRBV20-1,TRBJ2-1,SASRLSSGRARSYNEQF,1
TRBV20-1,TRBJ2-1,SASRLSSGRGSTYNEQF,2
TRBV20-1,TRBJ2-1,SASRLSSGSIDEQF,1
TRBV20-1,TRBJ2-1,SASRLSSGSYNEQF,1
TRBV20-1,TRBJ2-1,SASRLSSQDEQF,1
TRBV20-1,TRBJ2-1,SASRLSSSYNEQF,2
TRBV20-1,TRBJ2-1,SASRLSSYNEQF,19
TRBV20-1,TRBJ2-1,SASRLSVNEQF,1
TRBV20-1,TRBJ2-1,SASRLSWGARNSSIGNEQF,1
TRBV20-1,TRBJ2-1,SASRLSYNEQF,8
TRBV20-1,TRBJ2-1,SASRLTGANEQF,1
TRBV20-1,TRBJ2-1,SASRLTGAYNEQF,1
TRBV20-1,TRBJ2-1,SASRLTGGAVEQF,4
TRBV20-1,TRBJ2-1,SASRLTGHNEPF,1
TRBV20-1,TRBJ2-1,SASRLTGSYNEQF,1
TRBV20-1,TRBJ2-1,SASRLTGYNEQF,1
TRBV20-1,TRBJ2-1,SASRLTHEQF,1
TRBV20-1,TRBJ2-1,SASRLTNEQF,1
TRBV20-1,TRBJ2-1,SASRLTREFNNEQF,1
TRBV20-1,TRBJ2-1,SASRLTRTSYNEQF,1
TRBV20-1,TRBJ2-1,SASRLTSGGSYNEQF,1
TRBV20-1,TRBJ2-1,SASRLTSGIFRPYNEQF,1
TRBV20-1,TRBJ2-1,SASRLTSGMRNEQF,1
TRBV20-1,TRBJ2-1,SASRLTSGRQDEQF,1
TRBV20-1,TRBJ2-1,SASRLTSGSYNEQF,1
TRBV20-1,TRBJ2-1,SASRLTSGVSYNEQF,1
TRBV20-1,TRBJ2-1,SASRLTSHNEQF,1
TRBV20-1,TRBJ2-1,SASRLTSLSYNEQF,1
TRBV20-1,TRBJ2-1,SASRLTSYEQF,1
TRBV20-1,TRBJ2-1,SASRLTSYNEQF,2
TRBV20-1,TRBJ2-1,SASRLTTNEQF,1
TRBV20-1,TRBJ2-1,SASRLTTYNEQF,1
TRBV20-1,TRBJ2-1,SASRLTYNEQF,16
TRBV20-1,TRBJ2-1,SASRLTYNKQF,1
TRBV20-1,TRBJ2-1,SASRLTYTSSYNEQF,1
TRBV20-1,TRBJ2-1,SASRLVAGGGSAYNEQF,1
TRBV20-1,TRBJ2-1,SASRLVAGNNEQF,1
TRBV20-1,TRBJ2-1,SASRLVANEQF,1
TRBV20-1,TRBJ2-1,SASRLVAQGNEQF,1
TRBV20-1,TRBJ2-1,SASRLVARNNEQF,1
TRBV20-1,TRBJ2-1,SASRLVDAYNEQF,1
TRBV20-1,TRBJ2-1,SASRLVDNEQF,1
TRBV20-1,TRBJ2-1,SASRLVEVSYNEQF,1
TRBV20-1,TRBJ2-1,SASRLVFPNEQF,2
TRBV20-1,TRBJ2-1,SASRLVFSEQF,4
TRBV20-1,TRBJ2-1,SASRLVFYNEQF,4
TRBV20-1,TRBJ2-1,SASRLVGDEQF,1
TRBV20-1,TRBJ2-1,SASRLVGDNEQF,1
TRBV20-1,TRBJ2-1,SASRLVGFDEQF,1
TRBV20-1,TRBJ2-1,SASRLVGGNEQF,1
TRBV20-1,TRBJ2-1,SASRLVGIAYNEQF,1
TRBV20-1,TRBJ2-1,SASRLVGNEQF,2
TRBV20-1,TRBJ2-1,SASRLVGSYNEQF,1
TRBV20-1,TRBJ2-1,SASRLVGYNEQF,2
TRBV20-1,TRBJ2-1,SASRLVLAGPLGYNEQF,1
TRBV20-1,TRBJ2-1,SASRLVLDEQF,1
TRBV20-1,TRBJ2-1,SASRLVLGSSYNEQF,1
TRBV20-1,TRBJ2-1,SASRLVLHNEQF,1
TRBV20-1,TRBJ2-1,SASRLVLLNEQF,1
TRBV20-1,TRBJ2-1,SASRLVLNNEQF,1
TRBV20-1,TRBJ2-1,SASRLVLSYNEQF,1
TRBV20-1,TRBJ2-1,SASRLVLYNEQF,3
TRBV20-1,TRBJ2-1,SASRLVMSNEQF,1
TRBV20-1,TRBJ2-1,SASRLVNALDEQF,1
TRBV20-1,TRBJ2-1,SASRLVNEQF,5
TRBV20-1,TRBJ2-1,SASRLVNNEQF,2
TRBV20-1,TRBJ2-1,SASRLVPGNEQF,1
TRBV20-1,TRBJ2-1,SASRLVPYNEQF,1
TRBV20-1,TRBJ2-1,SASRLVQDEQF,1
TRBV20-1,TRBJ2-1,SASRLVRASNEQF,1
TRBV20-1,TRBJ2-1,SASRLVRDEQF,2
TRBV20-1,TRBJ2-1,SASRLVRDNEQF,1
TRBV20-1,TRBJ2-1,SASRLVRGNEQF,1
TRBV20-1,TRBJ2-1,SASRLVRNEQF,1
TRBV20-1,TRBJ2-1,SASRLVRNNEQF,1
TRBV20-1,TRBJ2-1,SASRLVRQSDNEQF,2
TRBV20-1,TRBJ2-1,SASRLVRYNEQF,3
TRBV20-1,TRBJ2-1,SASRLVSDNEQF,1
TRBV20-1,TRBJ2-1,SASRLVSGDYNEQF,1
TRBV20-1,TRBJ2-1,SASRLVSPYNEQF,1
TRBV20-1,TRBJ2-1,SASRLVSSYNEQF,5
TRBV20-1,TRBJ2-1,SASRLVSYNEQF,9
TRBV20-1,TRBJ2-1,SASRLVTGKSSYNEQF,1
TRBV20-1,TRBJ2-1,SASRLVTNEQF,1
TRBV20-1,TRBJ2-1,SASRLVTSYNEQF,1
TRBV20-1,TRBJ2-1,SASRLVTYNEQF,1
TRBV20-1,TRBJ2-1,SASRLVWNEQF,1
TRBV20-1,TRBJ2-1,SASRLVYEQF,2
TRBV20-1,TRBJ2-1,SASRLVYNEQF,11
TRBV20-1,TRBJ2-1,SASRLWGGASGGAPNEQF,3
TRBV20-1,TRBJ2-1,SASRLWGPNEQF,1
TRBV20-1,TRBJ2-1,SASRLWGYEQF,4
TRBV20-1,TRBJ2-1,SASRLYDSYNEQF,1
TRBV20-1,TRBJ2-1,SASRLYEQF,2
TRBV20-1,TRBJ2-1,SASRLYFNEQF,1
TRBV20-1,TRBJ2-1,SASRLYGSYNEQF,1
TRBV20-1,TRBJ2-1,SASRLYNEQF,10
TRBV20-1,TRBJ2-1,SASRLYRSYNEQF,1
TRBV20-1,TRBJ2-1,SASRLYSGLYNEQF,2
TRBV20-1,TRBJ2-1,SASRLYSNEQF,1
TRBV20-1,TRBJ2-1,SASRLYSPFDEQF,1
TRBV20-1,TRBJ2-1,SASRMAGASGPNEQF,1
TRBV20-1,TRBJ2-1,SASRMAGGLYNEQF,1
TRBV20-1,TRBJ2-1,SASRMAGGSYNEQF,3
TRBV20-1,TRBJ2-1,SASRMAGRSYNEQF,1
TRBV20-1,TRBJ2-1,SASRMARTYNEQF,6
TRBV20-1,TRBJ2-1,SASRMASGNNEQF,1
TRBV20-1,TRBJ2-1,SASRMDEQF,5
TRBV20-1,TRBJ2-1,SASRMEGLSNEQF,1
TRBV20-1,TRBJ2-1,SASRMEGYNEQF,1
TRBV20-1,TRBJ2-1,SASRMETEKDEQF,2
TRBV20-1,TRBJ2-1,SASRMGEETWNEQF,1
TRBV20-1,TRBJ2-1,SASRMGGDEQF,1
TRBV20-1,TRBJ2-1,SASRMGGTLGNEQF,1
TRBV20-1,TRBJ2-1,SASRMGRGNEQF,1
TRBV20-1,TRBJ2-1,SASRMGRVPYEQF,1
TRBV20-1,TRBJ2-1,SASRMGSGTYNEQF,1
TRBV20-1,TRBJ2-1,SASRMGSPYNEQF,1
TRBV20-1,TRBJ2-1,SASRMGTSGSDNEQF,1
TRBV20-1,TRBJ2-1,SASRMKNEQF,1
TRBV20-1,TRBJ2-1,SASRMLADLSYNEQF,1
TRBV20-1,TRBJ2-1,SASRMLSYNEQF,1
TRBV20-1,TRBJ2-1,SASRMNEQF,1
TRBV20-1,TRBJ2-1,SASRMPRNNEQF,1
TRBV20-1,TRBJ2-1,SASRMSGSYNEQF,1
TRBV20-1,TRBJ2-1,SASRMSSLSAGYNEQF,1
TRBV20-1,TRBJ2-1,SASRMSSYNEQF,1
TRBV20-1,TRBJ2-1,SASRMTGGDYNEQF,1
TRBV20-1,TRBJ2-1,SASRMTGGIYNEQF,1
TRBV20-1,TRBJ2-1,SASRMTGIDEQF,1
TRBV20-1,TRBJ2-1,SASRMTGNNEQF,1
TRBV20-1,TRBJ2-1,SASRMTGSYNEQF,1
TRBV20-1,TRBJ2-1,SASRMTGYNEQF,1
TRBV20-1,TRBJ2-1,SASRMTSGGNEQF,1
TRBV20-1,TRBJ2-1,SASRMTSGIINEQF,1
TRBV20-1,TRBJ2-1,SASRMVATSYNEQF,1
TRBV20-1,TRBJ2-1,SASRMVLAGGHNEQF,2
TRBV20-1,TRBJ2-1,SASRMVLAYNEQF,1
TRBV20-1,TRBJ2-1,SASRMVSGNEQF,1
TRBV20-1,TRBJ2-1,SASRMVVINNEQF,1
TRBV20-1,TRBJ2-1,SASRMVYNEQF,1
TRBV20-1,TRBJ2-1,SASRMYEQF,1
TRBV20-1,TRBJ2-1,SASRMYNEQF,1
TRBV20-1,TRBJ2-1,SASRNAASGMSSYNEQF,1
TRBV20-1,TRBJ2-1,SASRNARHKEQF,1
TRBV20-1,TRBJ2-1,SASRNARHNEQF,1
TRBV20-1,TRBJ2-1,SASRNDEQF,1
TRBV20-1,TRBJ2-1,SASRNDNEQF,2
TRBV20-1,TRBJ2-1,SASRNDYNEQF,1
TRBV20-1,TRBJ2-1,SASRNEQF,150
TRBV20-1,TRBJ2-1,SASRNEQG,1
TRBV20-1,TRBJ2-1,SASRNGFVDEQF,1
TRBV20-1,TRBJ2-1,SASRNGISYNEQF,1
TRBV20-1,TRBJ2-1,SASRNGNEQF,9
TRBV20-1,TRBJ2-1,SASRNHNEQF,2
TRBV20-1,TRBJ2-1,SASRNLAGAFNEQF,1
TRBV20-1,TRBJ2-1,SASRNLAGEQF,1
TRBV20-1,TRBJ2-1,SASRNLAGPDNEQF,1
TRBV20-1,TRBJ2-1,SASRNLAGVFNEQF,1
TRBV20-1,TRBJ2-1,SASRNLAGVMNEQF,1
TRBV20-1,TRBJ2-1,SASRNLGLYNEQF,2
TRBV20-1,TRBJ2-1,SASRNLGYNEQF,1
TRBV20-1,TRBJ2-1,SASRNLNEQF,4
TRBV20-1,TRBJ2-1,SASRNNEQF,33
TRBV20-1,TRBJ2-1,SASRNNYYYNEQF,1
TRBV20-1,TRBJ2-1,SASRNPGDNEQF,1
TRBV20-1,TRBJ2-1,SASRNPNEQF,1
TRBV20-1,TRBJ2-1,SASRNPNSYNEQF,1
TRBV20-1,TRBJ2-1,SASRNPPSGRTYEQF,1
TRBV20-1,TRBJ2-1,SASRNPSYGSSYNEQF,1
TRBV20-1,TRBJ2-1,SASRNQREGNHIYNEQF,1
TRBV20-1,TRBJ2-1,SASRNQVDEQF,1
TRBV20-1,TRBJ2-1,SASRNRAGATYNEQF,1
TRBV20-1,TRBJ2-1,SASRNRALRNEQF,1
TRBV20-1,TRBJ2-1,SASRNRANNEQF,5
TRBV20-1,TRBJ2-1,SASRNRDDEQF,1
TRBV20-1,TRBJ2-1,SASRNRDNEQF,1
TRBV20-1,TRBJ2-1,SASRNRDTYNEQF,1
TRBV20-1,TRBJ2-1,SASRNRGAGGSNNEQF,1
TRBV20-1,TRBJ2-1,SASRNRGGNEQF,1
TRBV20-1,TRBJ2-1,SASRNRGKKNYNEQF,1
TRBV20-1,TRBJ2-1,SASRNRGRDEQF,1
TRBV20-1,TRBJ2-1,SASRNRGRLGNEQF,1
TRBV20-1,TRBJ2-1,SASRNRGSYNEQF,1
TRBV20-1,TRBJ2-1,SASRNRNEQF,1
TRBV20-1,TRBJ2-1,SASRNRRLAGVNEQF,18
TRBV20-1,TRBJ2-1,SASRNRVGNEQF,4
TRBV20-1,TRBJ2-1,SASRNRYNEQF,1
TRBV20-1,TRBJ2-1,SASRNSEQF,5
TRBV20-1,TRBJ2-1,SASRNSFNEQF,3
TRBV20-1,TRBJ2-1,SASRNSGGAFNEQF,2
TRBV20-1,TRBJ2-1,SASRNSGSSNEQF,19
TRBV20-1,TRBJ2-1,SASRNSGSSNGQF,1
TRBV20-1,TRBJ2-1,SASRNSGSTDEQF,1
TRBV20-1,TRBJ2-1,SASRNSLYNEQF,2
TRBV20-1,TRBJ2-1,SASRNSRNEQF,1
TRBV20-1,TRBJ2-1,SASRNSVVNEQF,6
TRBV20-1,TRBJ2-1,SASRNSYNEQF,9
TRBV20-1,TRBJ2-1,SASRNTYNEQF,1
TRBV20-1,TRBJ2-1,SASRNVLRDGEQF,4
TRBV20-1,TRBJ2-1,SASRNWDPEQF,5
TRBV20-1,TRBJ2-1,SASRNWEQF,1
TRBV20-1,TRBJ2-1,SASRNWEQVYNEQF,1
TRBV20-1,TRBJ2-1,SASRNYEQF,1
TRBV20-1,TRBJ2-1,SASRNYNEQF,11
TRBV20-1,TRBJ2-1,SASRNYPSGRSNEQF,2
TRBV20-1,TRBJ2-1,SASRPAADDNEQF,1
TRBV20-1,TRBJ2-1,SASRPAALDQNEQF,1
TRBV20-1,TRBJ2-1,SASRPAARWGYNEQF,1
TRBV20-1,TRBJ2-1,SASRPADEQF,3
TRBV20-1,TRBJ2-1,SASRPADFYNEQF,1
TRBV20-1,TRBJ2-1,SASRPADSYNEQF,2
TRBV20-1,TRBJ2-1,SASRPADSYNEQL,1
TRBV20-1,TRBJ2-1,SASRPADTYNEQF,1
TRBV20-1,TRBJ2-1,SASRPAELFGNEQF,1
TRBV20-1,TRBJ2-1,SASRPAGADEQF,5
TRBV20-1,TRBJ2-1,SASRPAGADEQL,1
TRBV20-1,TRBJ2-1,SASRPAGANEQF,1
TRBV20-1,TRBJ2-1,SASRPAGASDEQF,1
TRBV20-1,TRBJ2-1,SASRPAGAYNEQF,2
TRBV20-1,TRBJ2-1,SASRPAGDEQF,1
TRBV20-1,TRBJ2-1,SASRPAGDYNEQF,1
TRBV20-1,TRBJ2-1,SASRPAGGDEQF,1
TRBV20-1,TRBJ2-1,SASRPAGGDNEQF,1
TRBV20-1,TRBJ2-1,SASRPAGGFNEQF,1
TRBV20-1,TRBJ2-1,SASRPAGGGNEQF,1
TRBV20-1,TRBJ2-1,SASRPAGGNEQF,9
TRBV20-1,TRBJ2-1,SASRPAGGPNNEQF,2
TRBV20-1,TRBJ2-1,SASRPAGGPTYNEQF,4
TRBV20-1,TRBJ2-1,SASRPAGGPVNEQF,1
TRBV20-1,TRBJ2-1,SASRPAGGRIRNEQF,1
TRBV20-1,TRBJ2-1,SASRPAGGYNEQF,5
TRBV20-1,TRBJ2-1,SASRPAGLYNEQF,1
TRBV20-1,TRBJ2-1,SASRPAGNEQF,1
TRBV20-1,TRBJ2-1,SASRPAGNTYNEQF,2
TRBV20-1,TRBJ2-1,SASRPAGRKNEQF,1
TRBV20-1,TRBJ2-1,SASRPAGRSYNEQF,1
TRBV20-1,TRBJ2-1,SASRPAGSPSYNEQF,1
TRBV20-1,TRBJ2-1,SASRPAGSYNEQF,1
TRBV20-1,TRBJ2-1,SASRPAGTSRGGHEQF,1
TRBV20-1,TRBJ2-1,SASRPAGTYNEQF,2
TRBV20-1,TRBJ2-1,SASRPAGVDNNEQF,1
TRBV20-1,TRBJ2-1,SASRPAGVDYNEQF,6
TRBV20-1,TRBJ2-1,SASRPAGVPYNEQF,1
TRBV20-1,TRBJ2-1,SASRPAGVSYNEQF,1
TRBV20-1,TRBJ2-1,SASRPAGWFDNEQF,1
TRBV20-1,TRBJ2-1,SASRPAGYNEQF,1
TRBV20-1,TRBJ2-1,SASRPAIRSYNEQF,1
TRBV20-1,TRBJ2-1,SASRPALAGPSSYNEQF,4
TRBV20-1,TRBJ2-1,SASRPAMEQF,5
TRBV20-1,TRBJ2-1,SASRPANEQF,5
TRBV20-1,TRBJ2-1,SASRPANSYNEQF,1
TRBV20-1,TRBJ2-1,SASRPAPIYNEQF,1
TRBV20-1,TRBJ2-1,SASRPARAGPSAYNEQF,1
TRBV20-1,TRBJ2-1,SASRPARHNEQF,1
TRBV20-1,TRBJ2-1,SASRPARRYNEQF,2
TRBV20-1,TRBJ2-1,SASRPASEQF,2
TRBV20-1,TRBJ2-1,SASRPASGRYEQF,1
TRBV20-1,TRBJ2-1,SASRPASGYNEQF,1
TRBV20-1,TRBJ2-1,SASRPASKNEQF,1
TRBV20-1,TRBJ2-1,SASRPASSNEQF,1
TRBV20-1,TRBJ2-1,SASRPASYNAQF,1
TRBV20-1,TRBJ2-1,SASRPASYNEQF,2
TRBV20-1,TRBJ2-1,SASRPAVATNEQF,1
TRBV20-1,TRBJ2-1,SASRPAVDEQF,1
TRBV20-1,TRBJ2-1,SASRPAVGSYNEQF,1
TRBV20-1,TRBJ2-1,SASRPAYAVSSYNEQF,1
TRBV20-1,TRBJ2-1,SASRPAYRDEQF,2
TRBV20-1,TRBJ2-1,SASRPDEQF,2
TRBV20-1,TRBJ2-1,SASRPDGADNEQF,1
TRBV20-1,TRBJ2-1,SASRPDGRASGNEQF,1
TRBV20-1,TRBJ2-1,SASRPDGRKDNEQF,2
TRBV20-1,TRBJ2-1,SASRPDKDFYNEQF,1
TRBV20-1,TRBJ2-1,SASRPDLYNEQF,1
TRBV20-1,TRBJ2-1,SASRPDNEQF,8
TRBV20-1,TRBJ2-1,SASRPDNNEQF,5
TRBV20-1,TRBJ2-1,SASRPDNRGRSYNEQF,1
TRBV20-1,TRBJ2-1,SASRPDQQF,4
TRBV20-1,TRBJ2-1,SASRPDRGDGEQF,1
TRBV20-1,TRBJ2-1,SASRPDRGGNEQF,1
TRBV20-1,TRBJ2-1,SASRPDRGHEQF,1
TRBV20-1,TRBJ2-1,SASRPDRGLVYNEQF,1
TRBV20-1,TRBJ2-1,SASRPDRPHNEQF,4
TRBV20-1,TRBJ2-1,SASRPDSEQF,1
TRBV20-1,TRBJ2-1,SASRPDSGRSKSNEQF,1
TRBV20-1,TRBJ2-1,SASRPDSSEDEQF,1
TRBV20-1,TRBJ2-1,SASRPDSYNEQF,2
TRBV20-1,TRBJ2-1,SASRPDYNEQF,12
TRBV20-1,TRBJ2-1,SASRPDYSYNEQF,1
TRBV20-1,TRBJ2-1,SASRPEAGAYNEQF,9
TRBV20-1,TRBJ2-1,SASRPEAPFSSYNEQF,1
TRBV20-1,TRBJ2-1,SASRPEASGNEQF,1
TRBV20-1,TRBJ2-1,SASRPEDEQF,1
TRBV20-1,TRBJ2-1,SASRPEDNEQF,1
TRBV20-1,TRBJ2-1,SASRPEFNEQF,1
TRBV20-1,TRBJ2-1,SASRPEGGSYNEQF,1
TRBV20-1,TRBJ2-1,SASRPEGGTEQF,2
TRBV20-1,TRBJ2-1,SASRPEGHSYNEQF,1
TRBV20-1,TRBJ2-1,SASRPEGLWGNEQF,1
TRBV20-1,TRBJ2-1,SASRPEGWSSYNEQF,1
TRBV20-1,TRBJ2-1,SASRPELYNEQF,1
TRBV20-1,TRBJ2-1,SASRPENNEQF,1
TRBV20-1,TRBJ2-1,SASRPERDEQF,1
TRBV20-1,TRBJ2-1,SASRPESSYNEQF,1
TRBV20-1,TRBJ2-1,SASRPETYNEQF,1
TRBV20-1,TRBJ2-1,SASRPEYNEQF,1
TRBV20-1,TRBJ2-1,SASRPFDEQF,1
TRBV20-1,TRBJ2-1,SASRPFDSGYNEQF,1
TRBV20-1,TRBJ2-1,SASRPFDSYNEQF,1
TRBV20-1,TRBJ2-1,SASRPFFGPSGEQF,11
TRBV20-1,TRBJ2-1,SASRPFGGPGLNEQF,1
TRBV20-1,TRBJ2-1,SASRPFGRAANEQF,1
TRBV20-1,TRBJ2-1,SASRPFGYNEQF,1
TRBV20-1,TRBJ2-1,SASRPFLDNEQF,1
TRBV20-1,TRBJ2-1,SASRPFNEQF,6
TRBV20-1,TRBJ2-1,SASRPFPENEQF,1
TRBV20-1,TRBJ2-1,SASRPFSSYNEQF,1
TRBV20-1,TRBJ2-1,SASRPFSYNEQF,1
TRBV20-1,TRBJ2-1,SASRPFWEGVRFGSYNEQF,1
TRBV20-1,TRBJ2-1,SASRPGADEQF,1
TRBV20-1,TRBJ2-1,SASRPGAGNEQF,14
TRBV20-1,TRBJ2-1,SASRPGAHIHNEQF,1
TRBV20-1,TRBJ2-1,SASRPGANEQF,7
TRBV20-1,TRBJ2-1,SASRPGAPNEQF,1
TRBV20-1,TRBJ2-1,SASRPGARNEQF,1
TRBV20-1,TRBJ2-1,SASRPGASYNEQF,1
TRBV20-1,TRBJ2-1,SASRPGATGKAYNEQF,1
TRBV20-1,TRBJ2-1,SASRPGAYNEQF,1
TRBV20-1,TRBJ2-1,SASRPGDADNEQF,1
TRBV20-1,TRBJ2-1,SASRPGDNEQF,1
TRBV20-1,TRBJ2-1,SASRPGDSYNEQF,2
TRBV20-1,TRBJ2-1,SASRPGDYNEQF,1
TRBV20-1,TRBJ2-1,SASRPGEDYNEQF,2
TRBV20-1,TRBJ2-1,SASRPGEFYNEQF,1
TRBV20-1,TRBJ2-1,SASRPGEGRNYNEQF,1
TRBV20-1,TRBJ2-1,SASRPGEQF,5
TRBV20-1,TRBJ2-1,SASRPGFSNEQF,1
TRBV20-1,TRBJ2-1,SASRPGGAGASYNEQF,1
TRBV20-1,TRBJ2-1,SASRPGGAGNEQF,7
TRBV20-1,TRBJ2-1,SASRPGGASENEQF,4
TRBV20-1,TRBJ2-1,SASRPGGDNEQF,2
TRBV20-1,TRBJ2-1,SASRPGGESEQF,4
TRBV20-1,TRBJ2-1,SASRPGGFYNEQF,1
TRBV20-1,TRBJ2-1,SASRPGGGDEQF,1
TRBV20-1,TRBJ2-1,SASRPGGGHNEQF,1
TRBV20-1,TRBJ2-1,SASRPGGGNEQF,1
TRBV20-1,TRBJ2-1,SASRPGGGPYNEQF,1
TRBV20-1,TRBJ2-1,SASRPGGGRARNEQF,1
TRBV20-1,TRBJ2-1,SASRPGGGRNEQF,2
TRBV20-1,TRBJ2-1,SASRPGGGRNYEQF,1
TRBV20-1,TRBJ2-1,SASRPGGGRVNEQF,4
TRBV20-1,TRBJ2-1,SASRPGGGYNEQF,2
TRBV20-1,TRBJ2-1,SASRPGGHNEQF,1
TRBV20-1,TRBJ2-1,SASRPGGISYNEQF,1
TRBV20-1,TRBJ2-1,SASRPGGIYNEQF,1
TRBV20-1,TRBJ2-1,SASRPGGKGNEQF,1
TRBV20-1,TRBJ2-1,SASRPGGKSSYNEQF,3
TRBV20-1,TRBJ2-1,SASRPGGNEQF,3
TRBV20-1,TRBJ2-1,SASRPGGNYNEQF,1
TRBV20-1,TRBJ2-1,SASRPGGPNEQF,1
TRBV20-1,TRBJ2-1,SASRPGGPYNEQF,1
TRBV20-1,TRBJ2-1,SASRPGGRAFNEQF,1
TRBV20-1,TRBJ2-1,SASRPGGRAVDEQF,1
TRBV20-1,TRBJ2-1,SASRPGGRSYNEQF,3
TRBV20-1,TRBJ2-1,SASRPGGSNEQF,1
TRBV20-1,TRBJ2-1,SASRPGGSYNEQF,1
TRBV20-1,TRBJ2-1,SASRPGGTDEQF,1
TRBV20-1,TRBJ2-1,SASRPGGTNEQF,1
TRBV20-1,TRBJ2-1,SASRPGGTRAKDEQF,1
TRBV20-1,TRBJ2-1,SASRPGGVNEQF,1
TRBV20-1,TRBJ2-1,SASRPGGVSYNEQF,1
TRBV20-1,TRBJ2-1,SASRPGGYNEQF,8
TRBV20-1,TRBJ2-1,SASRPGGYYYNEQF,1
TRBV20-1,TRBJ2-1,SASRPGHGHEQF,1
TRBV20-1,TRBJ2-1,SASRPGHLYNEQF,1
TRBV20-1,TRBJ2-1,SASRPGHSNEQF,1
TRBV20-1,TRBJ2-1,SASRPGHSYNEQF,1
TRBV20-1,TRBJ2-1,SASRPGHTGNEQF,1
TRBV20-1,TRBJ2-1,SASRPGIDNEQF,1
TRBV20-1,TRBJ2-1,SASRPGINEQF,2
TRBV20-1,TRBJ2-1,SASRPGLAAYNEQF,1
TRBV20-1,TRBJ2-1,SASRPGLADNEQF,1
TRBV20-1,TRBJ2-1,SASRPGLADYNEQF,2
TRBV20-1,TRBJ2-1,SASRPGLAGERVRNEQF,4
TRBV20-1,TRBJ2-1,SASRPGLAGFNEQF,1
TRBV20-1,TRBJ2-1,SASRPGLAGGAYNEQF,5
TRBV20-1,TRBJ2-1,SASRPGLAGGGDEQF,1
TRBV20-1,TRBJ2-1,SASRPGLAGGGTYNEQF,1
TRBV20-1,TRBJ2-1,SASRPGLAGGLKSDEQF,1
TRBV20-1,TRBJ2-1,SASRPGLAGGLLDNEQF,1
TRBV20-1,TRBJ2-1,SASRPGLAGGLSYEQF,1
TRBV20-1,TRBJ2-1,SASRPGLAGGNEQF,1
TRBV20-1,TRBJ2-1,SASRPGLAGGPPF,11
TRBV20-1,TRBJ2-1,SASRPGLAGGPTF,1
TRBV20-1,TRBJ2-1,SASRPGLAGGPTYNEQF,1
TRBV20-1,TRBJ2-1,SASRPGLAGGRSYNEQF,2
TRBV20-1,TRBJ2-1,SASRPGLAGGWSYNEQF,1
TRBV20-1,TRBJ2-1,SASRPGLAGGYNEQF,1
TRBV20-1,TRBJ2-1,SASRPGLAGHEQF,1
TRBV20-1,TRBJ2-1,SASRPGLAGIDNEQF,1
TRBV20-1,TRBJ2-1,SASRPGLAGNEQF,5
TRBV20-1,TRBJ2-1,SASRPGLAGRSSYNEQF,1
TRBV20-1,TRBJ2-1,SASRPGLAGSDEQF,1
TRBV20-1,TRBJ2-1,SASRPGLAGSNEQF,1
TRBV20-1,TRBJ2-1,SASRPGLAGSYEQF,2
TRBV20-1,TRBJ2-1,SASRPGLAGVNEQF,1
TRBV20-1,TRBJ2-1,SASRPGLAGWTSSYNEQF,1
TRBV20-1,TRBJ2-1,SASRPGLAGYEQF,2
TRBV20-1,TRBJ2-1,SASRPGLAIHPGSTSNEQF,1
TRBV20-1,TRBJ2-1,SASRPGLAIYNEQF,2
TRBV20-1,TRBJ2-1,SASRPGLALNEQF,2
TRBV20-1,TRBJ2-1,SASRPGLANNEQF,1
TRBV20-1,TRBJ2-1,SASRPGLARYNEQF,1
TRBV20-1,TRBJ2-1,SASRPGLASNEQF,2
TRBV20-1,TRBJ2-1,SASRPGLATGEQF,4
TRBV20-1,TRBJ2-1,SASRPGLATNEQF,1
TRBV20-1,TRBJ2-1,SASRPGLAVDEQF,2
TRBV20-1,TRBJ2-1,SASRPGLAVKNEQF,1
TRBV20-1,TRBJ2-1,SASRPGLAVNEQF,1
TRBV20-1,TRBJ2-1,SASRPGLAVPF,10
TRBV20-1,TRBJ2-1,SASRPGLAVTNEQF,1
TRBV20-1,TRBJ2-1,SASRPGLAVYNEQF,1
TRBV20-1,TRBJ2-1,SASRPGLAYNEQF,3
TRBV20-1,TRBJ2-1,SASRPGLDEQF,20
TRBV20-1,TRBJ2-1,SASRPGLDNEQF,1
TRBV20-1,TRBJ2-1,SASRPGLDRNEQF,1
TRBV20-1,TRBJ2-1,SASRPGLDSYNEQF,1
TRBV20-1,TRBJ2-1,SASRPGLDVNEQF,1
TRBV20-1,TRBJ2-1,SASRPGLDYNEQF,1
TRBV20-1,TRBJ2-1,SASRPGLEEQF,1
TRBV20-1,TRBJ2-1,SASRPGLEHNEQF,1
TRBV20-1,TRBJ2-1,SASRPGLENEQF,1
TRBV20-1,TRBJ2-1,SASRPGLENNEQF,1
TRBV20-1,TRBJ2-1,SASRPGLETSEQF,1
TRBV20-1,TRBJ2-1,SASRPGLGEQF,3
TRBV20-1,TRBJ2-1,SASRPGLGKGFLDNEQF,1
TRBV20-1,TRBJ2-1,SASRPGLGNEQF,1
TRBV20-1,TRBJ2-1,SASRPGLGSENEQF,1
TRBV20-1,TRBJ2-1,SASRPGLGYNEQF,2
TRBV20-1,TRBJ2-1,SASRPGLKRNEQF,1
TRBV20-1,TRBJ2-1,SASRPGLKSHEQF,1
TRBV20-1,TRBJ2-1,SASRPGLLGDEQF,1
TRBV20-1,TRBJ2-1,SASRPGLLYNEQF,1
TRBV20-1,TRBJ2-1,SASRPGLPNNEQF,1
TRBV20-1,TRBJ2-1,SASRPGLPQAYNEQF,1
TRBV20-1,TRBJ2-1,SASRPGLRKQNEQF,1
TRBV20-1,TRBJ2-1,SASRPGLRNEQF,1
TRBV20-1,TRBJ2-1,SASRPGLRNYNEQF,1
TRBV20-1,TRBJ2-1,SASRPGLRYNEQF,1
TRBV20-1,TRBJ2-1,SASRPGLSFDEQF,1
TRBV20-1,TRBJ2-1,SASRPGLTANEQF,1
TRBV20-1,TRBJ2-1,SASRPGLTNEQF,1
TRBV20-1,TRBJ2-1,SASRPGLVDEQF,1
TRBV20-1,TRBJ2-1,SASRPGLVDNEQF,1
TRBV20-1,TRBJ2-1,SASRPGLVNNEQF,1
TRBV20-1,TRBJ2-1,SASRPGLWGAYNEQF,1
TRBV20-1,TRBJ2-1,SASRPGLYNEQF,3
TRBV20-1,TRBJ2-1,SASRPGNEQF,5
TRBV20-1,TRBJ2-1,SASRPGNNEQF,1
TRBV20-1,TRBJ2-1,SASRPGNSANEQF,1
TRBV20-1,TRBJ2-1,SASRPGNSNEQF,1
TRBV20-1,TRBJ2-1,SASRPGPINEQF,1
TRBV20-1,TRBJ2-1,SASRPGPMGHEQF,1
TRBV20-1,TRBJ2-1,SASRPGPNEQF,2
TRBV20-1,TRBJ2-1,SASRPGPNNEQF,1
TRBV20-1,TRBJ2-1,SASRPGPRWNNEQF,1
TRBV20-1,TRBJ2-1,SASRPGPSSYNEQF,1
TRBV20-1,TRBJ2-1,SASRPGPSYNEQF,1
TRBV20-1,TRBJ2-1,SASRPGPYNEQF,1
TRBV20-1,TRBJ2-1,SASRPGQDNEQF,1
TRBV20-1,TRBJ2-1,SASRPGQFNEQF,1
TRBV20-1,TRBJ2-1,SASRPGQGGYEQF,1
TRBV20-1,TRBJ2-1,SASRPGQGIDNEQF,2
TRBV20-1,TRBJ2-1,SASRPGQGLYNEQF,1
TRBV20-1,TRBJ2-1,SASRPGQGNYNEQF,5
TRBV20-1,TRBJ2-1,SASRPGQGSLRPYNEQF,1
TRBV20-1,TRBJ2-1,SASRPGQGSNEQF,1
TRBV20-1,TRBJ2-1,SASRPGQGTDEQF,3
TRBV20-1,TRBJ2-1,SASRPGQGTEQF,5
TRBV20-1,TRBJ2-1,SASRPGQGTNEQF,3
TRBV20-1,TRBJ2-1,SASRPGQGVNEQF,1
TRBV20-1,TRBJ2-1,SASRPGQGWDEQF,1
TRBV20-1,TRBJ2-1,SASRPGQGYNEQF,2
TRBV20-1,TRBJ2-1,SASRPGQRAHEQF,2
TRBV20-1,TRBJ2-1,SASRPGQREGRDEQF,1
TRBV20-1,TRBJ2-1,SASRPGQSSYNEQF,1
TRBV20-1,TRBJ2-1,SASRPGQVYNEQF,3
TRBV20-1,TRBJ2-1,SASRPGRANNEQF,1
TRBV20-1,TRBJ2-1,SASRPGRASGEQF,1
TRBV20-1,TRBJ2-1,SASRPGRAYNEQF,1
TRBV20-1,TRBJ2-1,SASRPGRDNEQF,1
TRBV20-1,TRBJ2-1,SASRPGRGLDEQF,1
TRBV20-1,TRBJ2-1,SASRPGRHEQF,1
TRBV20-1,TRBJ2-1,SASRPGRMNEQF,2
TRBV20-1,TRBJ2-1,SASRPGRRVQNEQF,1
TRBV20-1,TRBJ2-1,SASRPGRSPARFYNEQF,1
TRBV20-1,TRBJ2-1,SASRPGRSYNEQF,5
TRBV20-1,TRBJ2-1,SASRPGRTGETYNEQF,1
TRBV20-1,TRBJ2-1,SASRPGRTNEQF,1
TRBV20-1,TRBJ2-1,SASRPGRYNEQF,6
TRBV20-1,TRBJ2-1,SASRPGSAYNEQF,1
TRBV20-1,TRBJ2-1,SASRPGSDTEQF,1
TRBV20-1,TRBJ2-1,SASRPGSGNEQF,6
TRBV20-1,TRBJ2-1,SASRPGSGNYNEQF,1
TRBV20-1,TRBJ2-1,SASRPGSGRENEQF,1
TRBV20-1,TRBJ2-1,SASRPGSHEQF,9
TRBV20-1,TRBJ2-1,SASRPGSLGNEQF,1
TRBV20-1,TRBJ2-1,SASRPGSLSYNEQF,1
TRBV20-1,TRBJ2-1,SASRPGSNYNEQF,1
TRBV20-1,TRBJ2-1,SASRPGSRDHNEQF,1
TRBV20-1,TRBJ2-1,SASRPGSRSYNEQF,8
TRBV20-1,TRBJ2-1,SASRPGSSYNEQF,7
TRBV20-1,TRBJ2-1,SASRPGSYNEQF,2
TRBV20-1,TRBJ2-1,SASRPGTGDYNEQF,1
TRBV20-1,TRBJ2-1,SASRPGTGGDEQF,1
TRBV20-1,TRBJ2-1,SASRPGTGGNEQF,2
TRBV20-1,TRBJ2-1,SASRPGTGGTSGRAYEQF,5
TRBV20-1,TRBJ2-1,SASRPGTGHNEQF,3
TRBV20-1,TRBJ2-1,SASRPGTGLGNEQF,3
TRBV20-1,TRBJ2-1,SASRPGTGMNNEQF,1
TRBV20-1,TRBJ2-1,SASRPGTGVKF,1
TRBV20-1,TRBJ2-1,SASRPGTGVQVNEQF,1
TRBV20-1,TRBJ2-1,SASRPGTNEQF,4
TRBV20-1,TRBJ2-1,SASRPGTNNEQF,1
TRBV20-1,TRBJ2-1,SASRPGTNREQF,5
TRBV20-1,TRBJ2-1,SASRPGTPYNEQF,2
TRBV20-1,TRBJ2-1,SASRPGTRGQDEQF,2
TRBV20-1,TRBJ2-1,SASRPGTSGIKIPYNEQF,1
TRBV20-1,TRBJ2-1,SASRPGTSGRVGSNEQF,1
TRBV20-1,TRBJ2-1,SASRPGTSGSFHNEQF,1
TRBV20-1,TRBJ2-1,SASRPGTSGSHHEQF,1
TRBV20-1,TRBJ2-1,SASRPGTSLDNEQF,1
TRBV20-1,TRBJ2-1,SASRPGTSNEQF,1
TRBV20-1,TRBJ2-1,SASRPGTSPSSYNEQF,1
TRBV20-1,TRBJ2-1,SASRPGTSSYNEQF,1
TRBV20-1,TRBJ2-1,SASRPGTTFYNEQF,1
TRBV20-1,TRBJ2-1,SASRPGTYATNEQF,1
TRBV20-1,TRBJ2-1,SASRPGTYNEQF,4
TRBV20-1,TRBJ2-1,SASRPGVDDEQF,1
TRBV20-1,TRBJ2-1,SASRPGVDEQF,1
TRBV20-1,TRBJ2-1,SASRPGVHNEQF,2
TRBV20-1,TRBJ2-1,SASRPGVLSYNEQF,1
TRBV20-1,TRBJ2-1,SASRPGVLYNEQF,1
TRBV20-1,TRBJ2-1,SASRPGVMGRNEQF,2
TRBV20-1,TRBJ2-1,SASRPGVNEQF,1
TRBV20-1,TRBJ2-1,SASRPGVPYNEQF,1
TRBV20-1,TRBJ2-1,SASRPGVRYNEQF,2
TRBV20-1,TRBJ2-1,SASRPGVSSYNEQF,2
TRBV20-1,TRBJ2-1,SASRPGVSYNEQF,3
TRBV20-1,TRBJ2-1,SASRPGVTYNEQF,5
TRBV20-1,TRBJ2-1,SASRPGVYNEQF,1
TRBV20-1,TRBJ2-1,SASRPGWNEQF,1
TRBV20-1,TRBJ2-1,SASRPHGDEQF,1
TRBV20-1,TRBJ2-1,SASRPHGGYNEQF,3
TRBV20-1,TRBJ2-1,SASRPHNEQF,12
TRBV20-1,TRBJ2-1,SASRPHSGGNEQF,1
TRBV20-1,TRBJ2-1,SASRPHSGRAKNEQF,1
TRBV20-1,TRBJ2-1,SASRPHSSYNEQF,2
TRBV20-1,TRBJ2-1,SASRPHTGSSYNEQF,1
TRBV20-1,TRBJ2-1,SASRPIAGSYNEQF,1
TRBV20-1,TRBJ2-1,SASRPIGEQF,5
TRBV20-1,TRBJ2-1,SASRPIGGVYNEQF,1
TRBV20-1,TRBJ2-1,SASRPIGYNEQF,1
TRBV20-1,TRBJ2-1,SASRPIIEGTGYNEQF,1
TRBV20-1,TRBJ2-1,SASRPILGHNEQF,1
TRBV20-1,TRBJ2-1,SASRPIPIDEQF,1
TRBV20-1,TRBJ2-1,SASRPIPINEQF,8
TRBV20-1,TRBJ2-1,SASRPIPVASGASFYNEQF,1
TRBV20-1,TRBJ2-1,SASRPIRVNEQF,6
TRBV20-1,TRBJ2-1,SASRPISAYNEQF,1
TRBV20-1,TRBJ2-1,SASRPISSGYNEQF,1
TRBV20-1,TRBJ2-1,SASRPISYNEQF,6
TRBV20-1,TRBJ2-1,SASRPITLAGDEQF,1
TRBV20-1,TRBJ2-1,SASRPIVGNEQF,1
TRBV20-1,TRBJ2-1,SASRPIVPGGGYNEQF,1
TRBV20-1,TRBJ2-1,SASRPIYNEQF,1
TRBV20-1,TRBJ2-1,SASRPKGALGSINEQF,2
TRBV20-1,TRBJ2-1,SASRPKGANEQF,1
TRBV20-1,TRBJ2-1,SASRPKGDEQF,9
TRBV20-1,TRBJ2-1,SASRPKGGLYNEQF,3
TRBV20-1,TRBJ2-1,SASRPKGSYNEQF,1
TRBV20-1,TRBJ2-1,SASRPKRFNSYNEQF,1
TRBV20-1,TRBJ2-1,SASRPKSGYNEQF,1
TRBV20-1,TRBJ2-1,SASRPKSSYNEQF,2
TRBV20-1,TRBJ2-1,SASRPLAASYNEQF,1
TRBV20-1,TRBJ2-1,SASRPLAAYNEQF,1
TRBV20-1,TRBJ2-1,SASRPLADNEQF,1
TRBV20-1,TRBJ2-1,SASRPLAFSYNEQF,1
TRBV20-1,TRBJ2-1,SASRPLAFYNEQF,1
TRBV20-1,TRBJ2-1,SASRPLAGAQSNEQF,1
TRBV20-1,TRBJ2-1,SASRPLAGDNEPF,2
TRBV20-1,TRBJ2-1,SASRPLAGDNEQF,1
TRBV20-1,TRBJ2-1,SASRPLAGEYNEQF,1
TRBV20-1,TRBJ2-1,SASRPLAGGGHNEQF,1
TRBV20-1,TRBJ2-1,SASRPLAGHNEQF,1
TRBV20-1,TRBJ2-1,SASRPLAGINEQF,1
TRBV20-1,TRBJ2-1,SASRPLAGIYNEQF,1
TRBV20-1,TRBJ2-1,SASRPLAGLFNEQF,1
TRBV20-1,TRBJ2-1,SASRPLAGLNYNEQF,4
TRBV20-1,TRBJ2-1,SASRPLAGNNEQF,3
TRBV20-1,TRBJ2-1,SASRPLAGPADEQF,1
TRBV20-1,TRBJ2-1,SASRPLAGPNNEQF,1
TRBV20-1,TRBJ2-1,SASRPLAGTYNEKF,1
TRBV20-1,TRBJ2-1,SASRPLAGTYNEQF,15
TRBV20-1,TRBJ2-1,SASRPLAGVHNEQF,1
TRBV20-1,TRBJ2-1,SASRPLAGVNEQF,1
TRBV20-1,TRBJ2-1,SASRPLAGVRDEQF,1
TRBV20-1,TRBJ2-1,SASRPLAGVYEQF,1
TRBV20-1,TRBJ2-1,SASRPLAPTYNEQF,1
TRBV20-1,TRBJ2-1,SASRPLARTLYNEQF,1
TRBV20-1,TRBJ2-1,SASRPLATYNEQF,1
TRBV20-1,TRBJ2-1,SASRPLDEQF,1
TRBV20-1,TRBJ2-1,SASRPLDSYNEQF,1
TRBV20-1,TRBJ2-1,SASRPLEDEQF,1
TRBV20-1,TRBJ2-1,SASRPLGGNEQF,1
TRBV20-1,TRBJ2-1,SASRPLGNEQF,1
TRBV20-1,TRBJ2-1,SASRPLGNYNEQF,1
TRBV20-1,TRBJ2-1,SASRPLGRGGGWHEQF,2
TRBV20-1,TRBJ2-1,SASRPLGRGGYNEQF,1
TRBV20-1,TRBJ2-1,SASRPLGSYNEQF,1
TRBV20-1,TRBJ2-1,SASRPLGYNEQF,1
TRBV20-1,TRBJ2-1,SASRPLHPGNEQF,8
TRBV20-1,TRBJ2-1,SASRPLISYNEQF,1
TRBV20-1,TRBJ2-1,SASRPLKDNEQF,1
TRBV20-1,TRBJ2-1,SASRPLLAGPINEQF,1
TRBV20-1,TRBJ2-1,SASRPLMDEQF,1
TRBV20-1,TRBJ2-1,SASRPLNEQF,3
TRBV20-1,TRBJ2-1,SASRPLQTRLAGGNEQF,1
TRBV20-1,TRBJ2-1,SASRPLRGSSYNEQF,2
TRBV20-1,TRBJ2-1,SASRPLRYNEQF,1
TRBV20-1,TRBJ2-1,SASRPLSGRANNEQF,1
TRBV20-1,TRBJ2-1,SASRPLSSYNEQF,1
TRBV20-1,TRBJ2-1,SASRPLTGMRENEQF,3
TRBV20-1,TRBJ2-1,SASRPLTQNYNEQF,1
TRBV20-1,TRBJ2-1,SASRPLTYNEQF,5
TRBV20-1,TRBJ2-1,SASRPLVASGRLANEQF,1
TRBV20-1,TRBJ2-1,SASRPLVLSYNEQF,1
TRBV20-1,TRBJ2-1,SASRPLYNEQF,1
TRBV20-1,TRBJ2-1,SASRPMASGSDNEQF,3
TRBV20-1,TRBJ2-1,SASRPMRSYNEQF,2
TRBV20-1,TRBJ2-1,SASRPNEQF,23
TRBV20-1,TRBJ2-1,SASRPNNEQF,11
TRBV20-1,TRBJ2-1,SASRPNNQLLAGELNEQF,2
TRBV20-1,TRBJ2-1,SASRPNSDNEQF,1
TRBV20-1,TRBJ2-1,SASRPNSYNEQF,5
TRBV20-1,TRBJ2-1,SASRPNYNEQF,8
TRBV20-1,TRBJ2-1,SASRPPAGYYNEQF,1
TRBV20-1,TRBJ2-1,SASRPPAILAGEGEQF,1
TRBV20-1,TRBJ2-1,SASRPPASGHEQF,1
TRBV20-1,TRBJ2-1,SASRPPDDEQF,1
TRBV20-1,TRBJ2-1,SASRPPENEQF,1
TRBV20-1,TRBJ2-1,SASRPPGDEQF,1
TRBV20-1,TRBJ2-1,SASRPPGDNEQF,1
TRBV20-1,TRBJ2-1,SASRPPGLAGDDLSSYNEQF,1
TRBV20-1,TRBJ2-1,SASRPPGQGLNEQF,1
TRBV20-1,TRBJ2-1,SASRPPGRNNEQF,1
TRBV20-1,TRBJ2-1,SASRPPGSFLGDNEQF,1
TRBV20-1,TRBJ2-1,SASRPPGTSGRAYNEQF,1
TRBV20-1,TRBJ2-1,SASRPPGTSGRSNEQF,1
TRBV20-1,TRBJ2-1,SASRPPGYNEQF,1
TRBV20-1,TRBJ2-1,SASRPPHNEQF,4
TRBV20-1,TRBJ2-1,SASRPPIISYNEQF,1
TRBV20-1,TRBJ2-1,SASRPPKGYNEQF,1
TRBV20-1,TRBJ2-1,SASRPPNEQF,1
TRBV20-1,TRBJ2-1,SASRPPPGSYNEQF,2
TRBV20-1,TRBJ2-1,SASRPPPRDEQF,1
TRBV20-1,TRBJ2-1,SASRPPPWNEQF,1
TRBV20-1,TRBJ2-1,SASRPPQF,3
TRBV20-1,TRBJ2-1,SASRPPQREGPDEQF,1
TRBV20-1,TRBJ2-1,SASRPPRGAYNEQF,2
TRBV20-1,TRBJ2-1,SASRPPRGVAGTDEQF,2
TRBV20-1,TRBJ2-1,SASRPPRWCPSGQDDEQF,1
TRBV20-1,TRBJ2-1,SASRPPSGGGDEQF,1
TRBV20-1,TRBJ2-1,SASRPPSGPYNEQF,1
TRBV20-1,TRBJ2-1,SASRPPSGRTYNEQF,1
TRBV20-1,TRBJ2-1,SASRPPSNEQF,1
TRBV20-1,TRBJ2-1,SASRPPSSGRAGNEQF,1
TRBV20-1,TRBJ2-1,SASRPPSSYNEQF,2
TRBV20-1,TRBJ2-1,SASRPPSYNEQF,3
TRBV20-1,TRBJ2-1,SASRPPTAYNEQF,1
TRBV20-1,TRBJ2-1,SASRPPTIYNEQF,1
TRBV20-1,TRBJ2-1,SASRPPTSGYGQNEQF,1
TRBV20-1,TRBJ2-1,SASRPPTYNEQF,2
TRBV20-1,TRBJ2-1,SASRPPVGDEQF,1
TRBV20-1,TRBJ2-1,SASRPPYNEQF,1
TRBV20-1,TRBJ2-1,SASRPQAYNEQF,2
TRBV20-1,TRBJ2-1,SASRPQGADEQF,1
TRBV20-1,TRBJ2-1,SASRPQGGLNEQF,1
TRBV20-1,TRBJ2-1,SASRPQGNEQF,1
TRBV20-1,TRBJ2-1,SASRPQGVTYNEQF,1
TRBV20-1,TRBJ2-1,SASRPQRERDEQF,1
TRBV20-1,TRBJ2-1,SASRPQSSYNEQF,2
TRBV20-1,TRBJ2-1,SASRPQTIHEQF,1
TRBV20-1,TRBJ2-1,SASRPQTSGHEQF,1
TRBV20-1,TRBJ2-1,SASRPQTYNEQF,1
TRBV20-1,TRBJ2-1,SASRPRAARDYEQF,1
TRBV20-1,TRBJ2-1,SASRPRACNEQF,1
TRBV20-1,TRBJ2-1,SASRPRAGNNEQF,1
TRBV20-1,TRBJ2-1,SASRPRAGSYNEQF,1
TRBV20-1,TRBJ2-1,SASRPRAPIGGYLYNEQF,1
TRBV20-1,TRBJ2-1,SASRPRASYNEQF,1
TRBV20-1,TRBJ2-1,SASRPRAYNEQF,14
TRBV20-1,TRBJ2-1,SASRPRDRDRYNEQF,2
TRBV20-1,TRBJ2-1,SASRPRDSFLLGGNEQF,1
TRBV20-1,TRBJ2-1,SASRPRDSGHNEQF,1
TRBV20-1,TRBJ2-1,SASRPRDYNEQF,4
TRBV20-1,TRBJ2-1,SASRPRDYPGDEQF,1
TRBV20-1,TRBJ2-1,SASRPRFSSYNEQF,1
TRBV20-1,TRBJ2-1,SASRPRGAISYNEQF,1
TRBV20-1,TRBJ2-1,SASRPRGDNEQF,1
TRBV20-1,TRBJ2-1,SASRPRGGAERGEQF,1
TRBV20-1,TRBJ2-1,SASRPRGGAYNEQF,1
TRBV20-1,TRBJ2-1,SASRPRGGLYNEQF,1
TRBV20-1,TRBJ2-1,SASRPRGGNDNEQF,5
TRBV20-1,TRBJ2-1,SASRPRGGQYNEQF,1
TRBV20-1,TRBJ2-1,SASRPRGNEQF,1
TRBV20-1,TRBJ2-1,SASRPRGPYNEQF,1
TRBV20-1,TRBJ2-1,SASRPRGRYNEQF,1
TRBV20-1,TRBJ2-1,SASRPRGSSYNEQF,2
TRBV20-1,TRBJ2-1,SASRPRGSYNEQF,1
TRBV20-1,TRBJ2-1,SASRPRGYNEQF,1
TRBV20-1,TRBJ2-1,SASRPRKAYNEQF,7
TRBV20-1,TRBJ2-1,SASRPRKAYNVQF,1
TRBV20-1,TRBJ2-1,SASRPRLAGVNEQF,1
TRBV20-1,TRBJ2-1,SASRPRPSSYNEQF,1
TRBV20-1,TRBJ2-1,SASRPRPYNEQF,1
TRBV20-1,TRBJ2-1,SASRPRQTLNEQF,1
TRBV20-1,TRBJ2-1,SASRPRRDDYNEQF,1
TRBV20-1,TRBJ2-1,SASRPRRGYNEQF,1
TRBV20-1,TRBJ2-1,SASRPRRLADNEQF,1
TRBV20-1,TRBJ2-1,SASRPRRTNEQF,1
TRBV20-1,TRBJ2-1,SASRPRRVSGSYKEQF,1
TRBV20-1,TRBJ2-1,SASRPRRVSGSYNEQF,1
TRBV20-1,TRBJ2-1,SASRPRSEVVVNEQF,1
TRBV20-1,TRBJ2-1,SASRPRSFYEQF,1
TRBV20-1,TRBJ2-1,SASRPRSGRNNEQF,1
TRBV20-1,TRBJ2-1,SASRPRSRDEQF,1
TRBV20-1,TRBJ2-1,SASRPRSSYNEQF,2
TRBV20-1,TRBJ2-1,SASRPRSYNEQF,3
TRBV20-1,TRBJ2-1,SASRPRTGVINEQF,1
TRBV20-1,TRBJ2-1,SASRPRTSGHEQF,3
TRBV20-1,TRBJ2-1,SASRPRTSYNEQF,1
TRBV20-1,TRBJ2-1,SASRPRTYNEQF,1
TRBV20-1,TRBJ2-1,SASRPRWSSYNEQF,1
TRBV20-1,TRBJ2-1,SASRPRYNEQF,1
TRBV20-1,TRBJ2-1,SASRPSAINNEQF,1
TRBV20-1,TRBJ2-1,SASRPSDPLNEQF,1
TRBV20-1,TRBJ2-1,SASRPSDSYNEQF,1
TRBV20-1,TRBJ2-1,SASRPSFDEQF,1
TRBV20-1,TRBJ2-1,SASRPSGADEQF,1
TRBV20-1,TRBJ2-1,SASRPSGADNEQF,3
TRBV20-1,TRBJ2-1,SASRPSGAHEQF,2
TRBV20-1,TRBJ2-1,SASRPSGALRYEQF,1
TRBV20-1,TRBJ2-1,SASRPSGANEQF,1
TRBV20-1,TRBJ2-1,SASRPSGANNEQF,6
TRBV20-1,TRBJ2-1,SASRPSGASYNEQF,1
TRBV20-1,TRBJ2-1,SASRPSGAYNEQF,1
TRBV20-1,TRBJ2-1,SASRPSGDNEQF,2
TRBV20-1,TRBJ2-1,SASRPSGFNNEQF,1
TRBV20-1,TRBJ2-1,SASRPSGFSNEQF,1
TRBV20-1,TRBJ2-1,SASRPSGFYNEQF,1
TRBV20-1,TRBJ2-1,SASRPSGGAERGEQF,1
TRBV20-1,TRBJ2-1,SASRPSGGDEQF,1
TRBV20-1,TRBJ2-1,SASRPSGGNEQF,3
TRBV20-1,TRBJ2-1,SASRPSGGNNEQF,3
TRBV20-1,TRBJ2-1,SASRPSGGSSNEQF,1
TRBV20-1,TRBJ2-1,SASRPSGGSYNEQF,3
TRBV20-1,TRBJ2-1,SASRPSGGVINEQF,1
TRBV20-1,TRBJ2-1,SASRPSGGYNEQF,1
TRBV20-1,TRBJ2-1,SASRPSGHNEQF,1
TRBV20-1,TRBJ2-1,SASRPSGHSYNEQF,2
TRBV20-1,TRBJ2-1,SASRPSGHYNEQF,1
TRBV20-1,TRBJ2-1,SASRPSGINEQF,4
TRBV20-1,TRBJ2-1,SASRPSGISYNEQF,1
TRBV20-1,TRBJ2-1,SASRPSGITSNEQF,1
TRBV20-1,TRBJ2-1,SASRPSGIYNEQF,2
TRBV20-1,TRBJ2-1,SASRPSGKIGVGHNEQF,1
TRBV20-1,TRBJ2-1,SASRPSGLGEQF,2
TRBV20-1,TRBJ2-1,SASRPSGLNEQF,1
TRBV20-1,TRBJ2-1,SASRPSGLSHNEQF,1
TRBV20-1,TRBJ2-1,SASRPSGLSYNEQF,3
TRBV20-1,TRBJ2-1,SASRPSGLVSYNEQF,1
TRBV20-1,TRBJ2-1,SASRPSGNSYNEQF,1
TRBV20-1,TRBJ2-1,SASRPSGPNEQF,1
TRBV20-1,TRBJ2-1,SASRPSGPYNEQF,1
TRBV20-1,TRBJ2-1,SASRPSGRAINNEQF,1
TRBV20-1,TRBJ2-1,SASRPSGRASSYNEQF,1
TRBV20-1,TRBJ2-1,SASRPSGRAYNEQF,4
TRBV20-1,TRBJ2-1,SASRPSGRAYNKQF,1
TRBV20-1,TRBJ2-1,SASRPSGRDDEQF,1
TRBV20-1,TRBJ2-1,SASRPSGRDNEQF,1
TRBV20-1,TRBJ2-1,SASRPSGRDYNEQF,1
TRBV20-1,TRBJ2-1,SASRPSGRFNEQF,1
TRBV20-1,TRBJ2-1,SASRPSGRGDEQF,1
TRBV20-1,TRBJ2-1,SASRPSGRGHEQF,3
TRBV20-1,TRBJ2-1,SASRPSGRGNEQF,6
TRBV20-1,TRBJ2-1,SASRPSGRGSSYNEQF,1
TRBV20-1,TRBJ2-1,SASRPSGRGSYNEQF,4
TRBV20-1,TRBJ2-1,SASRPSGRGYNEQF,1
TRBV20-1,TRBJ2-1,SASRPSGRHEQF,1
TRBV20-1,TRBJ2-1,SASRPSGRIGNEQF,1
TRBV20-1,TRBJ2-1,SASRPSGRKGYNEQF,1
TRBV20-1,TRBJ2-1,SASRPSGRLNEQF,2
TRBV20-1,TRBJ2-1,SASRPSGRNEQF,1
TRBV20-1,TRBJ2-1,SASRPSGRPPYNEQF,1
TRBV20-1,TRBJ2-1,SASRPSGRPVHNEQF,1
TRBV20-1,TRBJ2-1,SASRPSGRSYNEQF,1
TRBV20-1,TRBJ2-1,SASRPSGRTYNEQF,1
TRBV20-1,TRBJ2-1,SASRPSGRVGVYNEQF,1
TRBV20-1,TRBJ2-1,SASRPSGRWAFNEQF,1
TRBV20-1,TRBJ2-1,SASRPSGRYNEQF,4
TRBV20-1,TRBJ2-1,SASRPSGSDEQF,1
TRBV20-1,TRBJ2-1,SASRPSGSFNYNEQF,1
TRBV20-1,TRBJ2-1,SASRPSGSFSYNEQF,1
TRBV20-1,TRBJ2-1,SASRPSGSNNEQF,1
TRBV20-1,TRBJ2-1,SASRPSGSQNEQF,3
TRBV20-1,TRBJ2-1,SASRPSGSRNEQF,1
TRBV20-1,TRBJ2-1,SASRPSGSRYNEQF,1
TRBV20-1,TRBJ2-1,SASRPSGSSYNEQF,3
TRBV20-1,TRBJ2-1,SASRPSGSVWDEQF,1
TRBV20-1,TRBJ2-1,SASRPSGSYEQF,5
TRBV20-1,TRBJ2-1,SASRPSGSYNEQF,4
TRBV20-1,TRBJ2-1,SASRPSGTGVLHEQF,1
TRBV20-1,TRBJ2-1,SASRPSGTNEQF,2
TRBV20-1,TRBJ2-1,SASRPSGTNNEQF,1
TRBV20-1,TRBJ2-1,SASRPSGTPYNEQF,2
TRBV20-1,TRBJ2-1,SASRPSGTSGASYNEQF,1
TRBV20-1,TRBJ2-1,SASRPSGTSYNEQF,4
TRBV20-1,TRBJ2-1,SASRPSGTVDEQF,1
TRBV20-1,TRBJ2-1,SASRPSGVDNEQF,1
TRBV20-1,TRBJ2-1,SASRPSGVDYNEQF,1
TRBV20-1,TRBJ2-1,SASRPSGVSNEQF,4
TRBV20-1,TRBJ2-1,SASRPSGVSYNEQF,1
TRBV20-1,TRBJ2-1,SASRPSGVTYNEQF,1
TRBV20-1,TRBJ2-1,SASRPSGVYEQF,1
TRBV20-1,TRBJ2-1,SASRPSGVYNEQF,1
TRBV20-1,TRBJ2-1,SASRPSGYNEQF,9
TRBV20-1,TRBJ2-1,SASRPSGYYNEQF,1
TRBV20-1,TRBJ2-1,SASRPSIIWDYNEQF,1
TRBV20-1,TRBJ2-1,SASRPSIRDEQF,1
TRBV20-1,TRBJ2-1,SASRPSLLAGNEQF,2
TRBV20-1,TRBJ2-1,SASRPSLNEQF,1
TRBV20-1,TRBJ2-1,SASRPSLPSSYNEQF,1
TRBV20-1,TRBJ2-1,SASRPSLPWGNEQF,1
TRBV20-1,TRBJ2-1,SASRPSLQGGNEQF,2
TRBV20-1,TRBJ2-1,SASRPSLSNEQF,1
TRBV20-1,TRBJ2-1,SASRPSLSYNEQF,1
TRBV20-1,TRBJ2-1,SASRPSNEQF,11
TRBV20-1,TRBJ2-1,SASRPSPINEQF,1
TRBV20-1,TRBJ2-1,SASRPSPSGRGEQF,4
TRBV20-1,TRBJ2-1,SASRPSRGGNEQF,1
TRBV20-1,TRBJ2-1,SASRPSRNNEQF,1
TRBV20-1,TRBJ2-1,SASRPSRREAHEQF,1
TRBV20-1,TRBJ2-1,SASRPSRRGYNEQF,4
TRBV20-1,TRBJ2-1,SASRPSRTGSSYNEQF,1
TRBV20-1,TRBJ2-1,SASRPSSGNNEQF,1
TRBV20-1,TRBJ2-1,SASRPSSGRGTNEQF,1
TRBV20-1,TRBJ2-1,SASRPSSGYNEQF,1
TRBV20-1,TRBJ2-1,SASRPSSGYYNEQF,1
TRBV20-1,TRBJ2-1,SASRPSSPYNEQF,1
TRBV20-1,TRBJ2-1,SASRPSSSANEQF,1
TRBV20-1,TRBJ2-1,SASRPSSSSYNEQF,1
TRBV20-1,TRBJ2-1,SASRPSSTLGNEQF,1
TRBV20-1,TRBJ2-1,SASRPSSYNEQF,20
TRBV20-1,TRBJ2-1,SASRPSTGNEQF,1
TRBV20-1,TRBJ2-1,SASRPSTTYNEQF,1
TRBV20-1,TRBJ2-1,SASRPSTYNEQF,1
TRBV20-1,TRBJ2-1,SASRPSVAGGGVHEQF,1
TRBV20-1,TRBJ2-1,SASRPSVGNEQF,1
TRBV20-1,TRBJ2-1,SASRPSWYEQF,1
TRBV20-1,TRBJ2-1,SASRPSYEQF,1
TRBV20-1,TRBJ2-1,SASRPSYNEQF,10
TRBV20-1,TRBJ2-1,SASRPTAGSYNEQF,1
TRBV20-1,TRBJ2-1,SASRPTGDNEQF,2
TRBV20-1,TRBJ2-1,SASRPTGEQF,3
TRBV20-1,TRBJ2-1,SASRPTGGPYNEQF,1
TRBV20-1,TRBJ2-1,SASRPTGGYEQF,1
TRBV20-1,TRBJ2-1,SASRPTGLAAYNEQF,1
TRBV20-1,TRBJ2-1,SASRPTGMDEQF,1
TRBV20-1,TRBJ2-1,SASRPTGSLLVNEQF,1
TRBV20-1,TRBJ2-1,SASRPTGSNEQF,1
TRBV20-1,TRBJ2-1,SASRPTGTTYNEQF,2
TRBV20-1,TRBJ2-1,SASRPTIYNEQF,1
TRBV20-1,TRBJ2-1,SASRPTLNEQF,1
TRBV20-1,TRBJ2-1,SASRPTLYNEQF,4
TRBV20-1,TRBJ2-1,SASRPTNEQF,5
TRBV20-1,TRBJ2-1,SASRPTRNEQF,4
TRBV20-1,TRBJ2-1,SASRPTRTSSYNEQF,1
TRBV20-1,TRBJ2-1,SASRPTRVYNEQF,2
TRBV20-1,TRBJ2-1,SASRPTSATYNEQF,1
TRBV20-1,TRBJ2-1,SASRPTSGGSYNEQF,1
TRBV20-1,TRBJ2-1,SASRPTSGKDNEQF,2
TRBV20-1,TRBJ2-1,SASRPTSGKNNEQF,3
TRBV20-1,TRBJ2-1,SASRPTSGNIEQF,6
TRBV20-1,TRBJ2-1,SASRPTSGRANEQF,4
TRBV20-1,TRBJ2-1,SASRPTSGRDNEQF,3
TRBV20-1,TRBJ2-1,SASRPTSGRHNEQF,1
TRBV20-1,TRBJ2-1,SASRPTSGRKNEQF,2
TRBV20-1,TRBJ2-1,SASRPTSGRMNEQF,5
TRBV20-1,TRBJ2-1,SASRPTSGRSNEQF,2
TRBV20-1,TRBJ2-1,SASRPTSSYNEQF,1
TRBV20-1,TRBJ2-1,SASRPTSTSYNEQF,1
TRBV20-1,TRBJ2-1,SASRPTSVTYNEQF,1
TRBV20-1,TRBJ2-1,SASRPTSVYNEQF,1
TRBV20-1,TRBJ2-1,SASRPTTLYNEQF,1
TRBV20-1,TRBJ2-1,SASRPTVYNEQF,2
TRBV20-1,TRBJ2-1,SASRPTYNEQF,9
TRBV20-1,TRBJ2-1,SASRPVAADNEQF,1
TRBV20-1,TRBJ2-1,SASRPVAGAYNEQF,4
TRBV20-1,TRBJ2-1,SASRPVAGGRNEQF,1
TRBV20-1,TRBJ2-1,SASRPVAGKVNEQF,1
TRBV20-1,TRBJ2-1,SASRPVAGYNEQF,4
TRBV20-1,TRBJ2-1,SASRPVDEQF,1
TRBV20-1,TRBJ2-1,SASRPVEDTRMDNEQF,1
TRBV20-1,TRBJ2-1,SASRPVGEQF,2
TRBV20-1,TRBJ2-1,SASRPVGGLGNEQF,1
TRBV20-1,TRBJ2-1,SASRPVGNEQF,1
TRBV20-1,TRBJ2-1,SASRPVGTLQYEQF,1
TRBV20-1,TRBJ2-1,SASRPVGYNEQF,10
TRBV20-1,TRBJ2-1,SASRPVIGNEQF,1
TRBV20-1,TRBJ2-1,SASRPVNNEQF,1
TRBV20-1,TRBJ2-1,SASRPVPGQRNEQF,1
TRBV20-1,TRBJ2-1,SASRPVPSNEQF,1
TRBV20-1,TRBJ2-1,SASRPVRTGVNEQF,1
TRBV20-1,TRBJ2-1,SASRPVRYRNEQF,1
TRBV20-1,TRBJ2-1,SASRPVSYNEQF,4
TRBV20-1,TRBJ2-1,SASRPVVNEQF,1
TRBV20-1,TRBJ2-1,SASRPVYNEQF,1
TRBV20-1,TRBJ2-1,SASRPWAETSYNEQF,1
TRBV20-1,TRBJ2-1,SASRPWDRIYNEQF,1
TRBV20-1,TRBJ2-1,SASRPWGAGGPNEQF,2
TRBV20-1,TRBJ2-1,SASRPWGNEQF,1
TRBV20-1,TRBJ2-1,SASRPWGSENEQF,2
TRBV20-1,TRBJ2-1,SASRPWGYNEQF,2
TRBV20-1,TRBJ2-1,SASRPWTSGFNSYNEQF,1
TRBV20-1,TRBJ2-1,SASRPWTSGKGYNEQF,1
TRBV20-1,TRBJ2-1,SASRPYEQF,1
TRBV20-1,TRBJ2-1,SASRPYGENEQF,1
TRBV20-1,TRBJ2-1,SASRPYNEQF,17
TRBV20-1,TRBJ2-1,SASRPYPRDEQF,1
TRBV20-1,TRBJ2-1,SASRPYPYNEQF,1
TRBV20-1,TRBJ2-1,SASRPYSSYNEQF,1
TRBV20-1,TRBJ2-1,SASRPYTEQF,1
TRBV20-1,TRBJ2-1,SASRQAANEQF,1
TRBV20-1,TRBJ2-1,SASRQADNEQF,3
TRBV20-1,TRBJ2-1,SASRQAFNEQF,1
TRBV20-1,TRBJ2-1,SASRQAGDEQF,1
TRBV20-1,TRBJ2-1,SASRQAGFNEQF,2
TRBV20-1,TRBJ2-1,SASRQAGLYNEQF,3
TRBV20-1,TRBJ2-1,SASRQAGNNEQF,1
TRBV20-1,TRBJ2-1,SASRQAGSYNEQF,4
TRBV20-1,TRBJ2-1,SASRQAGTSNEQF,1
TRBV20-1,TRBJ2-1,SASRQAGVTNDEQF,1
TRBV20-1,TRBJ2-1,SASRQAIYNEQF,1
TRBV20-1,TRBJ2-1,SASRQALGDEQF,1
TRBV20-1,TRBJ2-1,SASRQALGVNEQF,1
TRBV20-1,TRBJ2-1,SASRQALGYEQF,2
TRBV20-1,TRBJ2-1,SASRQALLRAYNEQF,1
TRBV20-1,TRBJ2-1,SASRQALRYNEQF,2
TRBV20-1,TRBJ2-1,SASRQALSSSYNEQF,1
TRBV20-1,TRBJ2-1,SASRQALYNEQF,2
TRBV20-1,TRBJ2-1,SASRQAMNEQF,1
TRBV20-1,TRBJ2-1,SASRQANEQF,4
TRBV20-1,TRBJ2-1,SASRQAPGAEQF,1
TRBV20-1,TRBJ2-1,SASRQAQVYNEQF,1
TRBV20-1,TRBJ2-1,SASRQARNEQF,1
TRBV20-1,TRBJ2-1,SASRQARSNEQF,1
TRBV20-1,TRBJ2-1,SASRQATLNEQF,1
TRBV20-1,TRBJ2-1,SASRQATRSYNEQF,1
TRBV20-1,TRBJ2-1,SASRQATYNEQF,1
TRBV20-1,TRBJ2-1,SASRQAVPFNEQF,1
TRBV20-1,TRBJ2-1,SASRQAYNEQF,2
TRBV20-1,TRBJ2-1,SASRQDEQF,2
TRBV20-1,TRBJ2-1,SASRQDFNEQF,1
TRBV20-1,TRBJ2-1,SASRQDHYNEQF,1
TRBV20-1,TRBJ2-1,SASRQDNEQF,3
TRBV20-1,TRBJ2-1,SASRQDPRNEQF,1
TRBV20-1,TRBJ2-1,SASRQDPYNEQF,1
TRBV20-1,TRBJ2-1,SASRQDRHYNEQF,1
TRBV20-1,TRBJ2-1,SASRQDSYNEQF,1
TRBV20-1,TRBJ2-1,SASRQDTYNEQF,1
TRBV20-1,TRBJ2-1,SASRQDYNEQF,2
TRBV20-1,TRBJ2-1,SASRQEGFNEQF,1
TRBV20-1,TRBJ2-1,SASRQEGYNEQF,1
TRBV20-1,TRBJ2-1,SASRQEIVDEQF,1
TRBV20-1,TRBJ2-1,SASRQEIYNEQF,1
TRBV20-1,TRBJ2-1,SASRQEKYNEQF,3
TRBV20-1,TRBJ2-1,SASRQELFYNEQF,1
TRBV20-1,TRBJ2-1,SASRQENSYNEQF,1
TRBV20-1,TRBJ2-1,SASRQENYNEQF,2
TRBV20-1,TRBJ2-1,SASRQEPYNEQF,1
TRBV20-1,TRBJ2-1,SASRQEQF,1
TRBV20-1,TRBJ2-1,SASRQERYNEQF,1
TRBV20-1,TRBJ2-1,SASRQESRNEQF,1
TRBV20-1,TRBJ2-1,SASRQESYNEQF,2
TRBV20-1,TRBJ2-1,SASRQEYNEQF,1
TRBV20-1,TRBJ2-1,SASRQFGFDEQF,1
TRBV20-1,TRBJ2-1,SASRQFNEQF,1
TRBV20-1,TRBJ2-1,SASRQGADEQF,7
TRBV20-1,TRBJ2-1,SASRQGAFNEQF,1
TRBV20-1,TRBJ2-1,SASRQGAGDEQF,1
TRBV20-1,TRBJ2-1,SASRQGAGNEQF,12
TRBV20-1,TRBJ2-1,SASRQGAGPYNEQF,17
TRBV20-1,TRBJ2-1,SASRQGAHNEQF,1
TRBV20-1,TRBJ2-1,SASRQGALDEQF,3
TRBV20-1,TRBJ2-1,SASRQGALNEQF,1
TRBV20-1,TRBJ2-1,SASRQGANNEQF,4
TRBV20-1,TRBJ2-1,SASRQGARINEQF,1
TRBV20-1,TRBJ2-1,SASRQGARNEQF,5
TRBV20-1,TRBJ2-1,SASRQGARRNEQF,3
TRBV20-1,TRBJ2-1,SASRQGASDEQF,2
TRBV20-1,TRBJ2-1,SASRQGASEQF,5
TRBV20-1,TRBJ2-1,SASRQGASNEQF,1
TRBV20-1,TRBJ2-1,SASRQGASSYNEQF,1
TRBV20-1,TRBJ2-1,SASRQGASVNEQF,4
TRBV20-1,TRBJ2-1,SASRQGASYNEQF,2
TRBV20-1,TRBJ2-1,SASRQGAVNEQF,1
TRBV20-1,TRBJ2-1,SASRQGAVSYNEQF,1
TRBV20-1,TRBJ2-1,SASRQGAWDEQF,1
TRBV20-1,TRBJ2-1,SASRQGAYEQF,1
TRBV20-1,TRBJ2-1,SASRQGAYLPYNEQF,1
TRBV20-1,TRBJ2-1,SASRQGAYNEQF,22
TRBV20-1,TRBJ2-1,SASRQGDEQF,5
TRBV20-1,TRBJ2-1,SASRQGDISGEQF,3
TRBV20-1,TRBJ2-1,SASRQGDRNEQF,1
TRBV20-1,TRBJ2-1,SASRQGDSLGGYNEQF,1
TRBV20-1,TRBJ2-1,SASRQGEANEQF,1
TRBV20-1,TRBJ2-1,SASRQGELLNEQF,1
TRBV20-1,TRBJ2-1,SASRQGESYNEQF,1
TRBV20-1,TRBJ2-1,SASRQGEYNEQF,1
TRBV20-1,TRBJ2-1,SASRQGFDEQF,3
TRBV20-1,TRBJ2-1,SASRQGFIHEQF,1
TRBV20-1,TRBJ2-1,SASRQGFNEQF,1
TRBV20-1,TRBJ2-1,SASRQGFRDEQF,1
TRBV20-1,TRBJ2-1,SASRQGFRPDEQF,3
TRBV20-1,TRBJ2-1,SASRQGFYNEQF,9
TRBV20-1,TRBJ2-1,SASRQGGEGLDEQF,2
TRBV20-1,TRBJ2-1,SASRQGGEQF,1
TRBV20-1,TRBJ2-1,SASRQGGETSVYEQF,1
TRBV20-1,TRBJ2-1,SASRQGGGNEQF,2
TRBV20-1,TRBJ2-1,SASRQGGHNEQF,3
TRBV20-1,TRBJ2-1,SASRQGGIDEQF,1
TRBV20-1,TRBJ2-1,SASRQGGINEQF,1
TRBV20-1,TRBJ2-1,SASRQGGISYNEQF,1
TRBV20-1,TRBJ2-1,SASRQGGLLSYNEQF,5
TRBV20-1,TRBJ2-1,SASRQGGMDEQF,1
TRBV20-1,TRBJ2-1,SASRQGGNEQF,1
TRBV20-1,TRBJ2-1,SASRQGGNNEQF,2
TRBV20-1,TRBJ2-1,SASRQGGQSGRRNEQF,2
TRBV20-1,TRBJ2-1,SASRQGGRHNEQF,1
TRBV20-1,TRBJ2-1,SASRQGGRYNEQF,1
TRBV20-1,TRBJ2-1,SASRQGGSSYNEQF,2
TRBV20-1,TRBJ2-1,SASRQGGSYNEQF,1
TRBV20-1,TRBJ2-1,SASRQGGTSGRYNEQF,1
TRBV20-1,TRBJ2-1,SASRQGGVMFGSYNEQF,1
TRBV20-1,TRBJ2-1,SASRQGGVNEQF,2
TRBV20-1,TRBJ2-1,SASRQGGYNEQF,22
TRBV20-1,TRBJ2-1,SASRQGHDEQF,1
TRBV20-1,TRBJ2-1,SASRQGHEQF,1
TRBV20-1,TRBJ2-1,SASRQGHGNEQF,1
TRBV20-1,TRBJ2-1,SASRQGHNEQF,2
TRBV20-1,TRBJ2-1,SASRQGHSEQF,1
TRBV20-1,TRBJ2-1,SASRQGHYNEQF,2
TRBV20-1,TRBJ2-1,SASRQGIDYEQF,1
TRBV20-1,TRBJ2-1,SASRQGIFKEQF,1
TRBV20-1,TRBJ2-1,SASRQGIFNEQF,14
TRBV20-1,TRBJ2-1,SASRQGIHNEQF,1
TRBV20-1,TRBJ2-1,SASRQGIKNEQF,2
TRBV20-1,TRBJ2-1,SASRQGILVNEQF,1
TRBV20-1,TRBJ2-1,SASRQGINEQF,2
TRBV20-1,TRBJ2-1,SASRQGISTVYNEQF,1
TRBV20-1,TRBJ2-1,SASRQGIYEQF,1
TRBV20-1,TRBJ2-1,SASRQGIYNEQF,2
TRBV20-1,TRBJ2-1,SASRQGKYNEQF,1
TRBV20-1,TRBJ2-1,SASRQGLAYNEQF,1
TRBV20-1,TRBJ2-1,SASRQGLDEQF,1
TRBV20-1,TRBJ2-1,SASRQGLDNEQF,1
TRBV20-1,TRBJ2-1,SASRQGLEQF,4
TRBV20-1,TRBJ2-1,SASRQGLFSSYNEQF,1
TRBV20-1,TRBJ2-1,SASRQGLGGNEQF,5
TRBV20-1,TRBJ2-1,SASRQGLGNEQF,15
TRBV20-1,TRBJ2-1,SASRQGLNEQF,4
TRBV20-1,TRBJ2-1,SASRQGLRNEQF,1
TRBV20-1,TRBJ2-1,SASRQGLSYNEQF,1
TRBV20-1,TRBJ2-1,SASRQGLTDEQF,1
TRBV20-1,TRBJ2-1,SASRQGLYNEQF,4
TRBV20-1,TRBJ2-1,SASRQGMILLADNEQF,1
TRBV20-1,TRBJ2-1,SASRQGMYEQF,1
TRBV20-1,TRBJ2-1,SASRQGNEQF,21
TRBV20-1,TRBJ2-1,SASRQGNNEQF,2
TRBV20-1,TRBJ2-1,SASRQGNNNEQF,1
TRBV20-1,TRBJ2-1,SASRQGNSYNEQF,1
TRBV20-1,TRBJ2-1,SASRQGNYNEQF,3
TRBV20-1,TRBJ2-1,SASRQGPDEQF,1
TRBV20-1,TRBJ2-1,SASRQGPEQF,3
TRBV20-1,TRBJ2-1,SASRQGPGNEQF,1
TRBV20-1,TRBJ2-1,SASRQGPRRPNNEQF,1
TRBV20-1,TRBJ2-1,SASRQGPSGGYNEQF,1
TRBV20-1,TRBJ2-1,SASRQGPSPIQSGEQF,2
TRBV20-1,TRBJ2-1,SASRQGPSRHNEQF,1
TRBV20-1,TRBJ2-1,SASRQGPSSYNEQF,1
TRBV20-1,TRBJ2-1,SASRQGPYEQF,1
TRBV20-1,TRBJ2-1,SASRQGPYNEQF,9
TRBV20-1,TRBJ2-1,SASRQGQDEQF,1
TRBV20-1,TRBJ2-1,SASRQGQFNNEQF,1
TRBV20-1,TRBJ2-1,SASRQGQGNEQF,2
TRBV20-1,TRBJ2-1,SASRQGQNEQF,1
TRBV20-1,TRBJ2-1,SASRQGQNNEQF,3
TRBV20-1,TRBJ2-1,SASRQGQQF,1
TRBV20-1,TRBJ2-1,SASRQGREQF,6
TRBV20-1,TRBJ2-1,SASRQGRGLYEQF,1
TRBV20-1,TRBJ2-1,SASRQGRGNEQF,1
TRBV20-1,TRBJ2-1,SASRQGRISNEQF,1
TRBV20-1,TRBJ2-1,SASRQGRNEQF,2
TRBV20-1,TRBJ2-1,SASRQGRNNEQF,1
TRBV20-1,TRBJ2-1,SASRQGRRNEQF,1
TRBV20-1,TRBJ2-1,SASRQGRSYNEQF,7
TRBV20-1,TRBJ2-1,SASRQGRTSGYNEQF,1
TRBV20-1,TRBJ2-1,SASRQGRYNEQF,5
TRBV20-1,TRBJ2-1,SASRQGSGPYNEQF,1
TRBV20-1,TRBJ2-1,SASRQGSHEQF,1
TRBV20-1,TRBJ2-1,SASRQGSLRNEQF,8
TRBV20-1,TRBJ2-1,SASRQGSNYNEQF,1
TRBV20-1,TRBJ2-1,SASRQGSSYNEQF,8
TRBV20-1,TRBJ2-1,SASRQGSTYNEQF,5
TRBV20-1,TRBJ2-1,SASRQGSYNEQF,23
TRBV20-1,TRBJ2-1,SASRQGTDNEQF,1
TRBV20-1,TRBJ2-1,SASRQGTEQF,5
TRBV20-1,TRBJ2-1,SASRQGTGLAGYNEQF,1
TRBV20-1,TRBJ2-1,SASRQGTGNEQF,1
TRBV20-1,TRBJ2-1,SASRQGTIYNEQF,1
TRBV20-1,TRBJ2-1,SASRQGTLNEQF,1
TRBV20-1,TRBJ2-1,SASRQGTNNEQF,1
TRBV20-1,TRBJ2-1,SASRQGTPEQF,1
TRBV20-1,TRBJ2-1,SASRQGTPGQF,16
TRBV20-1,TRBJ2-1,SASRQGTRNEQF,1
TRBV20-1,TRBJ2-1,SASRQGTSSYNEQF,1
TRBV20-1,TRBJ2-1,SASRQGTSYNEQF,1
TRBV20-1,TRBJ2-1,SASRQGTWRGNEQF,2
TRBV20-1,TRBJ2-1,SASRQGTYNEQF,4
TRBV20-1,TRBJ2-1,SASRQGVDEQF,1
TRBV20-1,TRBJ2-1,SASRQGVGNEQF,3
TRBV20-1,TRBJ2-1,SASRQGVKDEQF,1
TRBV20-1,TRBJ2-1,SASRQGVNEQF,5
TRBV20-1,TRBJ2-1,SASRQGVNNEQF,1
TRBV20-1,TRBJ2-1,SASRQGVPL,5
TRBV20-1,TRBJ2-1,SASRQGVPSYNEQF,1
TRBV20-1,TRBJ2-1,SASRQGVRNEQF,1
TRBV20-1,TRBJ2-1,SASRQGVSNEQF,3
TRBV20-1,TRBJ2-1,SASRQGVSYNEQF,1
TRBV20-1,TRBJ2-1,SASRQGVVSGQSKLNNEQF,2
TRBV20-1,TRBJ2-1,SASRQGVWNEQF,4
TRBV20-1,TRBJ2-1,SASRQGVYNEQF,3
TRBV20-1,TRBJ2-1,SASRQGWGNEQF,1
TRBV20-1,TRBJ2-1,SASRQGWNEQF,1
TRBV20-1,TRBJ2-1,SASRQGWSSGHNEQF,1
TRBV20-1,TRBJ2-1,SASRQGWYNEQF,4
TRBV20-1,TRBJ2-1,SASRQGYDEQF,6
TRBV20-1,TRBJ2-1,SASRQGYDNEQF,1
TRBV20-1,TRBJ2-1,SASRQGYEQF,3
TRBV20-1,TRBJ2-1,SASRQGYNEQF,3
TRBV20-1,TRBJ2-1,SASRQGYSNEQF,1
TRBV20-1,TRBJ2-1,SASRQGYYNEQF,5
TRBV20-1,TRBJ2-1,SASRQHNEQF,2
TRBV20-1,TRBJ2-1,SASRQIIYNEQF,1
TRBV20-1,TRBJ2-1,SASRQILYNEQF,1
TRBV20-1,TRBJ2-1,SASRQINEQF,3
TRBV20-1,TRBJ2-1,SASRQINNEQF,1
TRBV20-1,TRBJ2-1,SASRQIRGYNEQF,1
TRBV20-1,TRBJ2-1,SASRQISEQF,1
TRBV20-1,TRBJ2-1,SASRQISYNEQF,4
TRBV20-1,TRBJ2-1,SASRQIYEQF,1
TRBV20-1,TRBJ2-1,SASRQKAFNEQF,1
TRBV20-1,TRBJ2-1,SASRQKANEQF,3
TRBV20-1,TRBJ2-1,SASRQKDPYNEQF,1
TRBV20-1,TRBJ2-1,SASRQKFDEQF,1
TRBV20-1,TRBJ2-1,SASRQKGGINEQF,1
TRBV20-1,TRBJ2-1,SASRQKLTDNEQF,1
TRBV20-1,TRBJ2-1,SASRQKQNEQF,5
TRBV20-1,TRBJ2-1,SASRQKSYNEQF,7
TRBV20-1,TRBJ2-1,SASRQLAAPYSYNEQF,1
TRBV20-1,TRBJ2-1,SASRQLAGFYNEQF,2
TRBV20-1,TRBJ2-1,SASRQLAHNEQF,1
TRBV20-1,TRBJ2-1,SASRQLAYNEQF,4
TRBV20-1,TRBJ2-1,SASRQLGDEQF,1
TRBV20-1,TRBJ2-1,SASRQLGEGAYNEQF,1
TRBV20-1,TRBJ2-1,SASRQLGNEQF,1
TRBV20-1,TRBJ2-1,SASRQLGRNEQF,1
TRBV20-1,TRBJ2-1,SASRQLPNEQF,1
TRBV20-1,TRBJ2-1,SASRQLPYNEQF,1
TRBV20-1,TRBJ2-1,SASRQLSSYNEQF,1
TRBV20-1,TRBJ2-1,SASRQLTYNEQF,1
TRBV20-1,TRBJ2-1,SASRQNDNEQF,1
TRBV20-1,TRBJ2-1,SASRQNEQF,8
TRBV20-1,TRBJ2-1,SASRQNKEQF,2
TRBV20-1,TRBJ2-1,SASRQNNEQF,21
TRBV20-1,TRBJ2-1,SASRQNRYNEQF,1
TRBV20-1,TRBJ2-1,SASRQNSNEQF,2
TRBV20-1,TRBJ2-1,SASRQNSYNEQF,1
TRBV20-1,TRBJ2-1,SASRQNWHNEQF,1
TRBV20-1,TRBJ2-1,SASRQNYNEQF,1
TRBV20-1,TRBJ2-1,SASRQPAMLEQF,1
TRBV20-1,TRBJ2-1,SASRQPGDEQF,1
TRBV20-1,TRBJ2-1,SASRQPGLAGELYNEQF,1
TRBV20-1,TRBJ2-1,SASRQPINNEQF,1
TRBV20-1,TRBJ2-1,SASRQPLGNEQF,1
TRBV20-1,TRBJ2-1,SASRQPLVLNEQF,1
TRBV20-1,TRBJ2-1,SASRQPNEQF,3
TRBV20-1,TRBJ2-1,SASRQPRRAGQYNEQF,1
TRBV20-1,TRBJ2-1,SASRQPSMLEQF,11
TRBV20-1,TRBJ2-1,SASRQPSSYNEQF,2
TRBV20-1,TRBJ2-1,SASRQPTGYNEQF,1
TRBV20-1,TRBJ2-1,SASRQPWRGDEQF,1
TRBV20-1,TRBJ2-1,SASRQPYNEQF,6
TRBV20-1,TRBJ2-1,SASRQQNYNEQF,1
TRBV20-1,TRBJ2-1,SASRQQQF,11
TRBV20-1,TRBJ2-1,SASRQRALSYNEQF,1
TRBV20-1,TRBJ2-1,SASRQRANNEQF,1
TRBV20-1,TRBJ2-1,SASRQRDEQF,4
TRBV20-1,TRBJ2-1,SASRQRDYNEQF,7
TRBV20-1,TRBJ2-1,SASRQREGLFYNEQF,1
TRBV20-1,TRBJ2-1,SASRQREGSNEQF,1
TRBV20-1,TRBJ2-1,SASRQREKRPNEQF,1
TRBV20-1,TRBJ2-1,SASRQRERNEQF,1
TRBV20-1,TRBJ2-1,SASRQRGEQF,7
TRBV20-1,TRBJ2-1,SASRQRGGDYNEQF,1
TRBV20-1,TRBJ2-1,SASRQRGNEQF,2
TRBV20-1,TRBJ2-1,SASRQRGRGYEQF,2
TRBV20-1,TRBJ2-1,SASRQRGYNEQF,1
TRBV20-1,TRBJ2-1,SASRQRITVYNEQF,1
TRBV20-1,TRBJ2-1,SASRQRLAWVANEQF,1
TRBV20-1,TRBJ2-1,SASRQRNEQF,3
TRBV20-1,TRBJ2-1,SASRQRRTYNEQF,1
TRBV20-1,TRBJ2-1,SASRQRSYNEQF,2
TRBV20-1,TRBJ2-1,SASRQRTLSYNEQF,7
TRBV20-1,TRBJ2-1,SASRQRVYNEQF,3
TRBV20-1,TRBJ2-1,SASRQRYNEQF,1
TRBV20-1,TRBJ2-1,SASRQSASSSYNEQF,1
TRBV20-1,TRBJ2-1,SASRQSDEQF,9
TRBV20-1,TRBJ2-1,SASRQSDEQL,1
TRBV20-1,TRBJ2-1,SASRQSLYNEQF,1
TRBV20-1,TRBJ2-1,SASRQSNEQF,1
TRBV20-1,TRBJ2-1,SASRQSSYNEQF,12
TRBV20-1,TRBJ2-1,SASRQSTGIDEQF,1
TRBV20-1,TRBJ2-1,SASRQSTYNEQF,1
TRBV20-1,TRBJ2-1,SASRQSYNEQF,12
TRBV20-1,TRBJ2-1,SASRQTEYNEQF,1
TRBV20-1,TRBJ2-1,SASRQTFYNEQF,1
TRBV20-1,TRBJ2-1,SASRQTGFYNEQF,1
TRBV20-1,TRBJ2-1,SASRQTGTGVRNEQF,1
TRBV20-1,TRBJ2-1,SASRQTGTYNEQF,1
TRBV20-1,TRBJ2-1,SASRQTNEHF,2
TRBV20-1,TRBJ2-1,SASRQTNEQC,1
TRBV20-1,TRBJ2-1,SASRQTNEQF,32
TRBV20-1,TRBJ2-1,SASRQTSNNEQF,1
TRBV20-1,TRBJ2-1,SASRQTSSYNEQF,1
TRBV20-1,TRBJ2-1,SASRQTSYNEQF,1
TRBV20-1,TRBJ2-1,SASRQTTYNEQF,1
TRBV20-1,TRBJ2-1,SASRQTYNEQF,3
TRBV20-1,TRBJ2-1,SASRQVANEQF,1
TRBV20-1,TRBJ2-1,SASRQVDHNEQF,1
TRBV20-1,TRBJ2-1,SASRQVGNEQF,2
TRBV20-1,TRBJ2-1,SASRQVGSYNEQF,1
TRBV20-1,TRBJ2-1,SASRQVINEQF,1
TRBV20-1,TRBJ2-1,SASRQVIYNEQF,1
TRBV20-1,TRBJ2-1,SASRQVLHNNEQF,1
TRBV20-1,TRBJ2-1,SASRQVLNEQF,1
TRBV20-1,TRBJ2-1,SASRQVLPSYNEQF,1
TRBV20-1,TRBJ2-1,SASRQVNEQF,1
TRBV20-1,TRBJ2-1,SASRQVNNEQF,2
TRBV20-1,TRBJ2-1,SASRQVRGNEQF,1
TRBV20-1,TRBJ2-1,SASRQVRVSNEQF,1
TRBV20-1,TRBJ2-1,SASRQVSYNEQF,1
TRBV20-1,TRBJ2-1,SASRQVTNEQF,1
TRBV20-1,TRBJ2-1,SASRQVTYNEQF,1
TRBV20-1,TRBJ2-1,SASRQVVYNEQF,1
TRBV20-1,TRBJ2-1,SASRQVYNEQF,3
TRBV20-1,TRBJ2-1,SASRQWRVNEQF,1
TRBV20-1,TRBJ2-1,SASRQWSYNEQF,1
TRBV20-1,TRBJ2-1,SASRQYGNEQF,1
TRBV20-1,TRBJ2-1,SASRQYNEQF,18
TRBV20-1,TRBJ2-1,SASRQYNYNEQF,3
TRBV20-1,TRBJ2-1,SASRQYRNNEQF,1
TRBV20-1,TRBJ2-1,SASRQYSYNEQF,3
TRBV20-1,TRBJ2-1,SASRQYYNEQF,4
TRBV20-1,TRBJ2-1,SASRRAAYNEQF,1
TRBV20-1,TRBJ2-1,SASRRADEQF,2
TRBV20-1,TRBJ2-1,SASRRADSYNEQF,1
TRBV20-1,TRBJ2-1,SASRRAEAYNEQF,4
TRBV20-1,TRBJ2-1,SASRRAFNNEQF,1
TRBV20-1,TRBJ2-1,SASRRAFYNEQF,2
TRBV20-1,TRBJ2-1,SASRRAGADEQF,1
TRBV20-1,TRBJ2-1,SASRRAGDNEQF,1
TRBV20-1,TRBJ2-1,SASRRAGESSYNEQF,1
TRBV20-1,TRBJ2-1,SASRRAGGKDEQF,1
TRBV20-1,TRBJ2-1,SASRRAGGLDEQF,1
TRBV20-1,TRBJ2-1,SASRRAGGPWNEQF,6
TRBV20-1,TRBJ2-1,SASRRAGGPYNEQF,2
TRBV20-1,TRBJ2-1,SASRRAGGWNEQF,1
TRBV20-1,TRBJ2-1,SASRRAGNEQF,1
TRBV20-1,TRBJ2-1,SASRRAGQYNEQF,15
TRBV20-1,TRBJ2-1,SASRRAGQYNQQF,1
TRBV20-1,TRBJ2-1,SASRRAGSSYNEQF,1
TRBV20-1,TRBJ2-1,SASRRAGYNEQF,2
TRBV20-1,TRBJ2-1,SASRRAHNNEQF,1
TRBV20-1,TRBJ2-1,SASRRALDNEQF,1
TRBV20-1,TRBJ2-1,SASRRALGDEQF,7
TRBV20-1,TRBJ2-1,SASRRALLPNEQF,1
TRBV20-1,TRBJ2-1,SASRRALNEQF,2
TRBV20-1,TRBJ2-1,SASRRALYNEQF,1
TRBV20-1,TRBJ2-1,SASRRANEQF,2
TRBV20-1,TRBJ2-1,SASRRANHEQF,1
TRBV20-1,TRBJ2-1,SASRRANNEQF,1
TRBV20-1,TRBJ2-1,SASRRANYNEQF,1
TRBV20-1,TRBJ2-1,SASRRAPKYNEQF,2
TRBV20-1,TRBJ2-1,SASRRAPNNEQF,1
TRBV20-1,TRBJ2-1,SASRRAPVSNEQF,1
TRBV20-1,TRBJ2-1,SASRRAPWWNEQF,1
TRBV20-1,TRBJ2-1,SASRRAPYNEQF,5
TRBV20-1,TRBJ2-1,SASRRAQRYNEQF,1
TRBV20-1,TRBJ2-1,SASRRARNEQF,1
TRBV20-1,TRBJ2-1,SASRRARSSYNEQF,1
TRBV20-1,TRBJ2-1,SASRRARSYNEQF,1
TRBV20-1,TRBJ2-1,SASRRASDEQF,1
TRBV20-1,TRBJ2-1,SASRRASFYNEQF,3
TRBV20-1,TRBJ2-1,SASRRASGRAYNEQF,1
TRBV20-1,TRBJ2-1,SASRRASGRDNEQF,1
TRBV20-1,TRBJ2-1,SASRRASGRSYNEQF,2
TRBV20-1,TRBJ2-1,SASRRASGRYNEQF,1
TRBV20-1,TRBJ2-1,SASRRASGSSYNEQF,1
TRBV20-1,TRBJ2-1,SASRRASGYNEQF,1
TRBV20-1,TRBJ2-1,SASRRASNEQF,1
TRBV20-1,TRBJ2-1,SASRRASPNEQF,1
TRBV20-1,TRBJ2-1,SASRRASSYNEQF,1
TRBV20-1,TRBJ2-1,SASRRASYFGSYNEQF,1
TRBV20-1,TRBJ2-1,SASRRASYFGSYNEQV,1
TRBV20-1,TRBJ2-1,SASRRASYNEQF,1
TRBV20-1,TRBJ2-1,SASRRATKSSVYYEQF,1
TRBV20-1,TRBJ2-1,SASRRDDYNEQF,2
TRBV20-1,TRBJ2-1,SASRRDEQF,50
TRBV20-1,TRBJ2-1,SASRRDGDEQF,1
TRBV20-1,TRBJ2-1,SASRRDGEGSYNEQF,1
TRBV20-1,TRBJ2-1,SASRRDGGTYNEQF,1
TRBV20-1,TRBJ2-1,SASRRDGNEQF,1
TRBV20-1,TRBJ2-1,SASRRDGQF,6
TRBV20-1,TRBJ2-1,SASRRDGSSYNEQF,2
TRBV20-1,TRBJ2-1,SASRRDGYEQF,1
TRBV20-1,TRBJ2-1,SASRRDHEQF,1
TRBV20-1,TRBJ2-1,SASRRDHNEQF,1
TRBV20-1,TRBJ2-1,SASRRDKGGNEQF,1
TRBV20-1,TRBJ2-1,SASRRDKGTSYNEQF,1
TRBV20-1,TRBJ2-1,SASRRDKLYNEQF,1
TRBV20-1,TRBJ2-1,SASRRDKPYNEQF,1
TRBV20-1,TRBJ2-1,SASRRDKRPYNEQF,1
TRBV20-1,TRBJ2-1,SASRRDKRVGGYNEQF,1
TRBV20-1,TRBJ2-1,SASRRDLGDEQF,1
TRBV20-1,TRBJ2-1,SASRRDLGNEQF,1
TRBV20-1,TRBJ2-1,SASRRDLNEQF,1
TRBV20-1,TRBJ2-1,SASRRDLYNEQF,1
TRBV20-1,TRBJ2-1,SASRRDNEQF,4
TRBV20-1,TRBJ2-1,SASRRDNYNEQF,1
TRBV20-1,TRBJ2-1,SASRRDPFGNEQF,1
TRBV20-1,TRBJ2-1,SASRRDPYNEQF,1
TRBV20-1,TRBJ2-1,SASRRDQVADEQF,1
TRBV20-1,TRBJ2-1,SASRRDRAHNEQF,1
TRBV20-1,TRBJ2-1,SASRRDRAYNEQF,4
TRBV20-1,TRBJ2-1,SASRRDRDRDEQF,1
TRBV20-1,TRBJ2-1,SASRRDRESNEQF,1
TRBV20-1,TRBJ2-1,SASRRDRGNEQF,1
TRBV20-1,TRBJ2-1,SASRRDRGNNEQF,4
TRBV20-1,TRBJ2-1,SASRRDRGPNEQF,1
TRBV20-1,TRBJ2-1,SASRRDRGPRTDEQF,1
TRBV20-1,TRBJ2-1,SASRRDRGSNEQF,1
TRBV20-1,TRBJ2-1,SASRRDRGYNEQF,2
TRBV20-1,TRBJ2-1,SASRRDRLNNEQF,1
TRBV20-1,TRBJ2-1,SASRRDRPYNEQF,3
TRBV20-1,TRBJ2-1,SASRRDRSNEQF,1
TRBV20-1,TRBJ2-1,SASRRDRSSYNEQF,2
TRBV20-1,TRBJ2-1,SASRRDRVDNEQF,1
TRBV20-1,TRBJ2-1,SASRRDRVFHEQF,1
TRBV20-1,TRBJ2-1,SASRRDRVRNEQF,1
TRBV20-1,TRBJ2-1,SASRRDRVSNEQF,1
TRBV20-1,TRBJ2-1,SASRRDRVVEF,5
TRBV20-1,TRBJ2-1,SASRRDRYNEQF,2
TRBV20-1,TRBJ2-1,SASRRDSAGYEQF,1
TRBV20-1,TRBJ2-1,SASRRDSAYNEQF,3
TRBV20-1,TRBJ2-1,SASRRDSENNEQF,1
TRBV20-1,TRBJ2-1,SASRRDSFNNEQF,1
TRBV20-1,TRBJ2-1,SASRRDSLGEQF,5
TRBV20-1,TRBJ2-1,SASRRDSLSYNEQF,4
TRBV20-1,TRBJ2-1,SASRRDSQF,2
TRBV20-1,TRBJ2-1,SASRRDSSNEQF,8
TRBV20-1,TRBJ2-1,SASRRDSVYNEQF,1
TRBV20-1,TRBJ2-1,SASRRDSYNEQF,5
TRBV20-1,TRBJ2-1,SASRRDTGHNEQF,1
TRBV20-1,TRBJ2-1,SASRRDTGLYNEQF,1
TRBV20-1,TRBJ2-1,SASRRDTRNEQF,1
TRBV20-1,TRBJ2-1,SASRRDWKYNEQF,5
TRBV20-1,TRBJ2-1,SASRRDYNEQF,3
TRBV20-1,TRBJ2-1,SASRRDYNNEQF,1
TRBV20-1,TRBJ2-1,SASRRDYYNEQF,1
TRBV20-1,TRBJ2-1,SASRREAEQF,3
TRBV20-1,TRBJ2-1,SASRREAGNEQF,1
TRBV20-1,TRBJ2-1,SASRREAISYNEQF,1
TRBV20-1,TRBJ2-1,SASRREAKYNEQF,1
TRBV20-1,TRBJ2-1,SASRREARYNEQF,4
TRBV20-1,TRBJ2-1,SASRREDEQF,1
TRBV20-1,TRBJ2-1,SASRREDNEQF,5
TRBV20-1,TRBJ2-1,SASRREDSYNEQF,1
TRBV20-1,TRBJ2-1,SASRREDYNEQF,2
TRBV20-1,TRBJ2-1,SASRREFDEQF,1
TRBV20-1,TRBJ2-1,SASRREFGNEQF,3
TRBV20-1,TRBJ2-1,SASRREFNEQF,1
TRBV20-1,TRBJ2-1,SASRREFPYNEQF,1
TRBV20-1,TRBJ2-1,SASRREFYNEQF,3
TRBV20-1,TRBJ2-1,SASRREGALYEQF,1
TRBV20-1,TRBJ2-1,SASRREGAYNEQF,2
TRBV20-1,TRBJ2-1,SASRREGDEQF,1
TRBV20-1,TRBJ2-1,SASRREGFDEQF,1
TRBV20-1,TRBJ2-1,SASRREGFNEQF,1
TRBV20-1,TRBJ2-1,SASRREGGGNEQF,1
TRBV20-1,TRBJ2-1,SASRREGHEQF,2
TRBV20-1,TRBJ2-1,SASRREGHNEQF,2
TRBV20-1,TRBJ2-1,SASRREGHNYNEQF,1
TRBV20-1,TRBJ2-1,SASRREGISYNEQF,4
TRBV20-1,TRBJ2-1,SASRREGLHNEQF,2
TRBV20-1,TRBJ2-1,SASRREGLILYNEQF,1
TRBV20-1,TRBJ2-1,SASRREGLIYNEQF,3
TRBV20-1,TRBJ2-1,SASRREGLLSYNEQF,1
TRBV20-1,TRBJ2-1,SASRREGLSSYNEQF,1
TRBV20-1,TRBJ2-1,SASRREGLSTYNEQF,1
TRBV20-1,TRBJ2-1,SASRREGLSYNEQF,4
TRBV20-1,TRBJ2-1,SASRREGLTDEQF,1
TRBV20-1,TRBJ2-1,SASRREGLYNEQF,1
TRBV20-1,TRBJ2-1,SASRREGNEQF,3
TRBV20-1,TRBJ2-1,SASRREGNNEQF,1
TRBV20-1,TRBJ2-1,SASRREGPENEQF,1
TRBV20-1,TRBJ2-1,SASRREGPHEQF,1
TRBV20-1,TRBJ2-1,SASRREGPSLRNEQF,1
TRBV20-1,TRBJ2-1,SASRREGPSYNEQF,1
TRBV20-1,TRBJ2-1,SASRREGPVDEQF,1
TRBV20-1,TRBJ2-1,SASRREGPYNEQF,3
TRBV20-1,TRBJ2-1,SASRREGQNEQF,1
TRBV20-1,TRBJ2-1,SASRREGQSSYNEQF,1
TRBV20-1,TRBJ2-1,SASRREGQYEQF,1
TRBV20-1,TRBJ2-1,SASRREGRDEQF,1
TRBV20-1,TRBJ2-1,SASRREGRHEQF,1
TRBV20-1,TRBJ2-1,SASRREGRNEQF,2
TRBV20-1,TRBJ2-1,SASRREGRSYNEQF,3
TRBV20-1,TRBJ2-1,SASRREGRTGTDEQF,1
TRBV20-1,TRBJ2-1,SASRREGRTYNEQF,1
TRBV20-1,TRBJ2-1,SASRREGRVYNEQF,1
TRBV20-1,TRBJ2-1,SASRREGRYNEQF,1
TRBV20-1,TRBJ2-1,SASRREGSWDEQF,1
TRBV20-1,TRBJ2-1,SASRREGSYNEQF,1
TRBV20-1,TRBJ2-1,SASRREGVLNEQF,1
TRBV20-1,TRBJ2-1,SASRREGYNEQF,7
TRBV20-1,TRBJ2-1,SASRREGYVISYNEQF,3
TRBV20-1,TRBJ2-1,SASRREHLSYNEQF,1
TRBV20-1,TRBJ2-1,SASRREHNNEQF,1
TRBV20-1,TRBJ2-1,SASRREHYNEQF,1
TRBV20-1,TRBJ2-1,SASRREIGNEQF,1
TRBV20-1,TRBJ2-1,SASRREIHNEQF,1
TRBV20-1,TRBJ2-1,SASRREKGYNEQF,1
TRBV20-1,TRBJ2-1,SASRREKYNEQF,1
TRBV20-1,TRBJ2-1,SASRRELAGVNNEQF,1
TRBV20-1,TRBJ2-1,SASRRELGNEQF,7
TRBV20-1,TRBJ2-1,SASRRELKPPYNEQF,1
TRBV20-1,TRBJ2-1,SASRRELMNEQF,3
TRBV20-1,TRBJ2-1,SASRRELNEQF,1
TRBV20-1,TRBJ2-1,SASRREMIYNEQF,1
TRBV20-1,TRBJ2-1,SASRREPYNEQF,6
TRBV20-1,TRBJ2-1,SASRREQF,3
TRBV20-1,TRBJ2-1,SASRREQQF,5
TRBV20-1,TRBJ2-1,SASRREQTYNEQF,1
TRBV20-1,TRBJ2-1,SASRREQYNEQF,2
TRBV20-1,TRBJ2-1,SASRRERDEQF,1
TRBV20-1,TRBJ2-1,SASRRERGYNEQF,1
TRBV20-1,TRBJ2-1,SASRRERNEQF,1
TRBV20-1,TRBJ2-1,SASRRERSYNEQF,2
TRBV20-1,TRBJ2-1,SASRRERYNEQF,1
TRBV20-1,TRBJ2-1,SASRRESFHEQF,1
TRBV20-1,TRBJ2-1,SASRRESGNEQF,1
TRBV20-1,TRBJ2-1,SASRRESGNMQF,4
TRBV20-1,TRBJ2-1,SASRRESHGHEQF,1
TRBV20-1,TRBJ2-1,SASRRESHNEQF,6
TRBV20-1,TRBJ2-1,SASRRESRHEQF,1
TRBV20-1,TRBJ2-1,SASRRESRNEQF,1
TRBV20-1,TRBJ2-1,SASRRESYNEQF,5
TRBV20-1,TRBJ2-1,SASRRETDNEQF,1
TRBV20-1,TRBJ2-1,SASRRETPYNEQF,1
TRBV20-1,TRBJ2-1,SASRRETSGSGSYNEQF,1
TRBV20-1,TRBJ2-1,SASRRETYNEQF,2
TRBV20-1,TRBJ2-1,SASRREVAGGQF,3
TRBV20-1,TRBJ2-1,SASRREVDNEQF,1
TRBV20-1,TRBJ2-1,SASRREVFNEQF,1
TRBV20-1,TRBJ2-1,SASRREVNEQF,1
TRBV20-1,TRBJ2-1,SASRREVNLSPNNEQF,5
TRBV20-1,TRBJ2-1,SASRREVNYNEQF,1
TRBV20-1,TRBJ2-1,SASRREVRDEQF,8
TRBV20-1,TRBJ2-1,SASRREVSDEQF,1
TRBV20-1,TRBJ2-1,SASRREVVDEQF,1
TRBV20-1,TRBJ2-1,SASRREVYNEQF,3
TRBV20-1,TRBJ2-1,SASRREWDNEQF,1
TRBV20-1,TRBJ2-1,SASRREWTNEQF,1
TRBV20-1,TRBJ2-1,SASRREWVNEQF,1
TRBV20-1,TRBJ2-1,SASRREYLNEQF,10
TRBV20-1,TRBJ2-1,SASRREYNNEQF,1
TRBV20-1,TRBJ2-1,SASRREYYNEQF,1
TRBV20-1,TRBJ2-1,SASRRFNEQF,1
TRBV20-1,TRBJ2-1,SASRRFPGTDAYNEQF,1
TRBV20-1,TRBJ2-1,SASRRFREGYNEQF,1
TRBV20-1,TRBJ2-1,SASRRFSDEQF,1
TRBV20-1,TRBJ2-1,SASRRFSFDEQF,2
TRBV20-1,TRBJ2-1,SASRRGAAYNEQF,1
TRBV20-1,TRBJ2-1,SASRRGAGAYNEQF,1
TRBV20-1,TRBJ2-1,SASRRGAGGVYNEQF,1
TRBV20-1,TRBJ2-1,SASRRGAGSYNEQF,1
TRBV20-1,TRBJ2-1,SASRRGAINEQF,1
TRBV20-1,TRBJ2-1,SASRRGANNEQF,2
TRBV20-1,TRBJ2-1,SASRRGARDNEQF,1
TRBV20-1,TRBJ2-1,SASRRGASSYNEQF,1
TRBV20-1,TRBJ2-1,SASRRGAVSYNEQF,2
TRBV20-1,TRBJ2-1,SASRRGAYNEQF,10
TRBV20-1,TRBJ2-1,SASRRGDEQF,9
TRBV20-1,TRBJ2-1,SASRRGDRYLNEQF,5
TRBV20-1,TRBJ2-1,SASRRGDYNEQF,7
TRBV20-1,TRBJ2-1,SASRRGESNNEQF,1
TRBV20-1,TRBJ2-1,SASRRGESYNEQF,1
TRBV20-1,TRBJ2-1,SASRRGEYLSSYNEQF,1
TRBV20-1,TRBJ2-1,SASRRGEYNEQF,2
TRBV20-1,TRBJ2-1,SASRRGGAGPYNEQF,1
TRBV20-1,TRBJ2-1,SASRRGGDEQF,1
TRBV20-1,TRBJ2-1,SASRRGGGGSYNEQF,1
TRBV20-1,TRBJ2-1,SASRRGGGPYNEQF,1
TRBV20-1,TRBJ2-1,SASRRGGGQSEQF,1
TRBV20-1,TRBJ2-1,SASRRGGGRNEQF,1
TRBV20-1,TRBJ2-1,SASRRGGLGSYNEQF,2
TRBV20-1,TRBJ2-1,SASRRGGQYNEQF,1
TRBV20-1,TRBJ2-1,SASRRGGSNEQF,1
TRBV20-1,TRBJ2-1,SASRRGGSNNEQF,1
TRBV20-1,TRBJ2-1,SASRRGGSSYNEQF,1
TRBV20-1,TRBJ2-1,SASRRGGSTGEQF,4
TRBV20-1,TRBJ2-1,SASRRGGSYNEQF,2
TRBV20-1,TRBJ2-1,SASRRGGTGSYNDQF,1
TRBV20-1,TRBJ2-1,SASRRGGVDEQF,1
TRBV20-1,TRBJ2-1,SASRRGGVWNEQF,2
TRBV20-1,TRBJ2-1,SASRRGGWNEQF,1
TRBV20-1,TRBJ2-1,SASRRGGYNEQF,1
TRBV20-1,TRBJ2-1,SASRRGHEQF,1
TRBV20-1,TRBJ2-1,SASRRGHPYNEQF,1
TRBV20-1,TRBJ2-1,SASRRGIGPYNEQF,1
TRBV20-1,TRBJ2-1,SASRRGILNNEQF,1
TRBV20-1,TRBJ2-1,SASRRGKRGDNEQF,4
TRBV20-1,TRBJ2-1,SASRRGKRLNEQF,4
TRBV20-1,TRBJ2-1,SASRRGLAEYNEQF,1
TRBV20-1,TRBJ2-1,SASRRGLAGGREQF,3
TRBV20-1,TRBJ2-1,SASRRGLAGGRNNEQF,1
TRBV20-1,TRBJ2-1,SASRRGLAGVFQRLGDNEQF,1
TRBV20-1,TRBJ2-1,SASRRGLAGVLPADNEQF,1
TRBV20-1,TRBJ2-1,SASRRGLAHNEQF,1
TRBV20-1,TRBJ2-1,SASRRGLARDEQF,2
TRBV20-1,TRBJ2-1,SASRRGLAYNEQF,1
TRBV20-1,TRBJ2-1,SASRRGLFNEQF,1
TRBV20-1,TRBJ2-1,SASRRGLGEQF,1
TRBV20-1,TRBJ2-1,SASRRGLGGNEQF,1
TRBV20-1,TRBJ2-1,SASRRGLGIEGLNEQF,1
TRBV20-1,TRBJ2-1,SASRRGLGNNEQF,4
TRBV20-1,TRBJ2-1,SASRRGLGRNEQF,1
TRBV20-1,TRBJ2-1,SASRRGLLVNEQF,1
TRBV20-1,TRBJ2-1,SASRRGLNEQF,1
TRBV20-1,TRBJ2-1,SASRRGLPNEQF,1
TRBV20-1,TRBJ2-1,SASRRGLSGLNEQF,1
TRBV20-1,TRBJ2-1,SASRRGLSNNEQF,2
TRBV20-1,TRBJ2-1,SASRRGLSSYNEQF,1
TRBV20-1,TRBJ2-1,SASRRGLTNEQF,1
TRBV20-1,TRBJ2-1,SASRRGLYNEQF,3
TRBV20-1,TRBJ2-1,SASRRGMGDEQF,1
TRBV20-1,TRBJ2-1,SASRRGMIDEQF,1
TRBV20-1,TRBJ2-1,SASRRGNEQF,7
TRBV20-1,TRBJ2-1,SASRRGNYNEQF,2
TRBV20-1,TRBJ2-1,SASRRGPAGFNEQF,1
TRBV20-1,TRBJ2-1,SASRRGPGSYNEQF,1
TRBV20-1,TRBJ2-1,SASRRGPHYNEQF,1
TRBV20-1,TRBJ2-1,SASRRGPLSSYNEQF,1
TRBV20-1,TRBJ2-1,SASRRGPNEQF,1
TRBV20-1,TRBJ2-1,SASRRGPPVNEQF,1
TRBV20-1,TRBJ2-1,SASRRGPRDNEQF,1
TRBV20-1,TRBJ2-1,SASRRGPSNEQF,1
TRBV20-1,TRBJ2-1,SASRRGPYNEQF,1
TRBV20-1,TRBJ2-1,SASRRGPYSSYNEQF,1
TRBV20-1,TRBJ2-1,SASRRGQEQF,4
TRBV20-1,TRBJ2-1,SASRRGQPDNEQF,1
TRBV20-1,TRBJ2-1,SASRRGQRRVDEQF,1
TRBV20-1,TRBJ2-1,SASRRGQSGASGYNEQF,10
TRBV20-1,TRBJ2-1,SASRRGQYNEQF,1
TRBV20-1,TRBJ2-1,SASRRGRAGNEQF,1
TRBV20-1,TRBJ2-1,SASRRGREGSYNEQF,1
TRBV20-1,TRBJ2-1,SASRRGRGGNEQF,1
TRBV20-1,TRBJ2-1,SASRRGRLAGVGYEQF,1
TRBV20-1,TRBJ2-1,SASRRGRLKDKEQF,1
TRBV20-1,TRBJ2-1,SASRRGRLKDNEQF,8
TRBV20-1,TRBJ2-1,SASRRGRLYNEQF,1
TRBV20-1,TRBJ2-1,SASRRGRNNEQF,1
TRBV20-1,TRBJ2-1,SASRRGRSPNEQF,1
TRBV20-1,TRBJ2-1,SASRRGRSYNEQF,1
TRBV20-1,TRBJ2-1,SASRRGRTSYNEQF,1
TRBV20-1,TRBJ2-1,SASRRGRVNEQF,4
TRBV20-1,TRBJ2-1,SASRRGRVSYNEQF,1
TRBV20-1,TRBJ2-1,SASRRGRYNEQF,2
TRBV20-1,TRBJ2-1,SASRRGSAHNEQF,4
TRBV20-1,TRBJ2-1,SASRRGSGRNNEQF,1
TRBV20-1,TRBJ2-1,SASRRGSHYNEQF,1
TRBV20-1,TRBJ2-1,SASRRGSIYNEQF,1
TRBV20-1,TRBJ2-1,SASRRGSMNEQF,1
TRBV20-1,TRBJ2-1,SASRRGSNNEQF,1
TRBV20-1,TRBJ2-1,SASRRGSNYNEQF,1
TRBV20-1,TRBJ2-1,SASRRGSRIDEQF,1
TRBV20-1,TRBJ2-1,SASRRGSSGGYYNEQF,1
TRBV20-1,TRBJ2-1,SASRRGSSYNEQF,10
TRBV20-1,TRBJ2-1,SASRRGSYNEQF,6
TRBV20-1,TRBJ2-1,SASRRGTGAFNEQF,1
TRBV20-1,TRBJ2-1,SASRRGTGENEQF,4
TRBV20-1,TRBJ2-1,SASRRGTLNEQF,1
TRBV20-1,TRBJ2-1,SASRRGTLPSYNEQF,1
TRBV20-1,TRBJ2-1,SASRRGTLRGNEQF,1
TRBV20-1,TRBJ2-1,SASRRGTRDEQF,1
TRBV20-1,TRBJ2-1,SASRRGTRKNNEQF,1
TRBV20-1,TRBJ2-1,SASRRGTSGRAKYNEQF,6
TRBV20-1,TRBJ2-1,SASRRGTSGVSYNEQF,1
TRBV20-1,TRBJ2-1,SASRRGTSYNEQF,1
TRBV20-1,TRBJ2-1,SASRRGTYNEQF,6
TRBV20-1,TRBJ2-1,SASRRGTYNNEQF,1
TRBV20-1,TRBJ2-1,SASRRGVGYNEQF,1
TRBV20-1,TRBJ2-1,SASRRGVIANEQF,1
TRBV20-1,TRBJ2-1,SASRRGVLSSYNEQF,4
TRBV20-1,TRBJ2-1,SASRRGVNEQF,1
TRBV20-1,TRBJ2-1,SASRRGVYNEQF,2
TRBV20-1,TRBJ2-1,SASRRGWDEQF,1
TRBV20-1,TRBJ2-1,SASRRGYNEQF,2
TRBV20-1,TRBJ2-1,SASRRGYYNEQF,1
TRBV20-1,TRBJ2-1,SASRRHAGNEQF,1
TRBV20-1,TRBJ2-1,SASRRHEQF,1
TRBV20-1,TRBJ2-1,SASRRHGGGAFKYNEQF,1
TRBV20-1,TRBJ2-1,SASRRHKLSSYNEQF,1
TRBV20-1,TRBJ2-1,SASRRHNEQF,1
TRBV20-1,TRBJ2-1,SASRRHSYNEQF,1
TRBV20-1,TRBJ2-1,SASRRHYNEQF,1
TRBV20-1,TRBJ2-1,SASRRIEGTAYNEQF,1
TRBV20-1,TRBJ2-1,SASRRIGGAGAYNEQF,1
TRBV20-1,TRBJ2-1,SASRRIGRNEQF,1
TRBV20-1,TRBJ2-1,SASRRILNEQF,1
TRBV20-1,TRBJ2-1,SASRRINEQF,8
TRBV20-1,TRBJ2-1,SASRRINLYNEQF,1
TRBV20-1,TRBJ2-1,SASRRISYNEQF,3
TRBV20-1,TRBJ2-1,SASRRIYDEQF,1
TRBV20-1,TRBJ2-1,SASRRKGAAYNEQF,1
TRBV20-1,TRBJ2-1,SASRRKGAPAYNEQF,1
TRBV20-1,TRBJ2-1,SASRRKGGFYNEQF,2
TRBV20-1,TRBJ2-1,SASRRKNYNEQF,1
TRBV20-1,TRBJ2-1,SASRRKPYNEQF,1
TRBV20-1,TRBJ2-1,SASRRKREGPSYNEQF,1
TRBV20-1,TRBJ2-1,SASRRKRGNEQF,2
TRBV20-1,TRBJ2-1,SASRRKSSYNEQF,1
TRBV20-1,TRBJ2-1,SASRRLAADNEQF,1
TRBV20-1,TRBJ2-1,SASRRLAALDEQF,1
TRBV20-1,TRBJ2-1,SASRRLAAYNEQF,1
TRBV20-1,TRBJ2-1,SASRRLADEQF,1
TRBV20-1,TRBJ2-1,SASRRLADSYNEQF,1
TRBV20-1,TRBJ2-1,SASRRLADYNEQF,1
TRBV20-1,TRBJ2-1,SASRRLAEPWNEQF,1
TRBV20-1,TRBJ2-1,SASRRLAFVSNEQF,1
TRBV20-1,TRBJ2-1,SASRRLAGADEQF,1
TRBV20-1,TRBJ2-1,SASRRLAGANNEQF,1
TRBV20-1,TRBJ2-1,SASRRLAGAYNEQF,1
TRBV20-1,TRBJ2-1,SASRRLAGDNEQF,1
TRBV20-1,TRBJ2-1,SASRRLAGEGGRNEQF,1
TRBV20-1,TRBJ2-1,SASRRLAGEVENEQF,1
TRBV20-1,TRBJ2-1,SASRRLAGGLYNEQF,1
TRBV20-1,TRBJ2-1,SASRRLAGGNEQF,1
TRBV20-1,TRBJ2-1,SASRRLAGGPRSYNEQF,1
TRBV20-1,TRBJ2-1,SASRRLAGGTGYNEQF,1
TRBV20-1,TRBJ2-1,SASRRLAGHNEQF,1
TRBV20-1,TRBJ2-1,SASRRLAGKGDEQF,2
TRBV20-1,TRBJ2-1,SASRRLAGLNEQF,1
TRBV20-1,TRBJ2-1,SASRRLAGNEQF,3
TRBV20-1,TRBJ2-1,SASRRLAGNNEQF,1
TRBV20-1,TRBJ2-1,SASRRLAGNYNEQF,1
TRBV20-1,TRBJ2-1,SASRRLAGPQVKYNEQF,7
TRBV20-1,TRBJ2-1,SASRRLAGRDEQF,1
TRBV20-1,TRBJ2-1,SASRRLAGRNNEQF,1
TRBV20-1,TRBJ2-1,SASRRLAGVDEQF,1
TRBV20-1,TRBJ2-1,SASRRLAGVNEQF,1
TRBV20-1,TRBJ2-1,SASRRLAGVYNEQF,1
TRBV20-1,TRBJ2-1,SASRRLAGYNEQF,4
TRBV20-1,TRBJ2-1,SASRRLAHSYNEQF,1
TRBV20-1,TRBJ2-1,SASRRLAISYSSYNEQF,1
TRBV20-1,TRBJ2-1,SASRRLAQYNEQF,1
TRBV20-1,TRBJ2-1,SASRRLAREGRKYNEQF,2
TRBV20-1,TRBJ2-1,SASRRLASNEQF,1
TRBV20-1,TRBJ2-1,SASRRLAVTYNEQF,1
TRBV20-1,TRBJ2-1,SASRRLDEQF,1
TRBV20-1,TRBJ2-1,SASRRLDNEQF,1
TRBV20-1,TRBJ2-1,SASRRLDTYNEQF,1
TRBV20-1,TRBJ2-1,SASRRLFDEQF,1
TRBV20-1,TRBJ2-1,SASRRLGDEQF,1
TRBV20-1,TRBJ2-1,SASRRLGGNEQF,3
TRBV20-1,TRBJ2-1,SASRRLGNEQF,1
TRBV20-1,TRBJ2-1,SASRRLGRSYNEQF,1
TRBV20-1,TRBJ2-1,SASRRLGSSYNEQF,1
TRBV20-1,TRBJ2-1,SASRRLGSYNEQF,1
TRBV20-1,TRBJ2-1,SASRRLGTYNEQF,1
TRBV20-1,TRBJ2-1,SASRRLGYNEQF,4
TRBV20-1,TRBJ2-1,SASRRLKGLAGGRGVDEQF,1
TRBV20-1,TRBJ2-1,SASRRLNEQF,7
TRBV20-1,TRBJ2-1,SASRRLNNEQF,7
TRBV20-1,TRBJ2-1,SASRRLNYNEQF,1
TRBV20-1,TRBJ2-1,SASRRLPYNEQF,2
TRBV20-1,TRBJ2-1,SASRRLRDEQF,1
TRBV20-1,TRBJ2-1,SASRRLRDNEQF,1
TRBV20-1,TRBJ2-1,SASRRLRPNEQF,1
TRBV20-1,TRBJ2-1,SASRRLRWHEQF,5
TRBV20-1,TRBJ2-1,SASRRLSQEQF,3
TRBV20-1,TRBJ2-1,SASRRLSSSYNEQF,1
TRBV20-1,TRBJ2-1,SASRRLSSYNEQF,1
TRBV20-1,TRBJ2-1,SASRRLSYNEQF,1
TRBV20-1,TRBJ2-1,SASRRLTEWVDNEQF,1
TRBV20-1,TRBJ2-1,SASRRLTTSHVKYNEQF,6
TRBV20-1,TRBJ2-1,SASRRLVGNEQF,2
TRBV20-1,TRBJ2-1,SASRRLYEQF,1
TRBV20-1,TRBJ2-1,SASRRLYNEQF,1
TRBV20-1,TRBJ2-1,SASRRMATDSYNEQF,1
TRBV20-1,TRBJ2-1,SASRRMRGLDNEQF,1
TRBV20-1,TRBJ2-1,SASRRMVDEQF,1
TRBV20-1,TRBJ2-1,SASRRNEQF,41
TRBV20-1,TRBJ2-1,SASRRNNEQF,13
TRBV20-1,TRBJ2-1,SASRRNPRADEQF,1
TRBV20-1,TRBJ2-1,SASRRNPYNEQF,1
TRBV20-1,TRBJ2-1,SASRRNRVNEQF,1
TRBV20-1,TRBJ2-1,SASRRNSPSNEQF,1
TRBV20-1,TRBJ2-1,SASRRNSYNEQF,8
TRBV20-1,TRBJ2-1,SASRRNTYNEQF,1
TRBV20-1,TRBJ2-1,SASRRNYNEQF,2
TRBV20-1,TRBJ2-1,SASRRPEQF,2
TRBV20-1,TRBJ2-1,SASRRPGAYNEQF,1
TRBV20-1,TRBJ2-1,SASRRPGEQF,3
TRBV20-1,TRBJ2-1,SASRRPGLAGLYNEQF,1
TRBV20-1,TRBJ2-1,SASRRPGLAVNEQF,1
TRBV20-1,TRBJ2-1,SASRRPGPSSYNEQF,1
TRBV20-1,TRBJ2-1,SASRRPGVYNEQF,1
TRBV20-1,TRBJ2-1,SASRRPHRNEQF,1
TRBV20-1,TRBJ2-1,SASRRPINNEQF,1
TRBV20-1,TRBJ2-1,SASRRPLVDEQF,7
TRBV20-1,TRBJ2-1,SASRRPNSYNEQF,1
TRBV20-1,TRBJ2-1,SASRRPREGFNEQF,1
TRBV20-1,TRBJ2-1,SASRRPRGYNEQF,1
TRBV20-1,TRBJ2-1,SASRRPSGHTTSSYNEQF,1
TRBV20-1,TRBJ2-1,SASRRPSRSYNEQF,1
TRBV20-1,TRBJ2-1,SASRRPSSYNEQF,3
TRBV20-1,TRBJ2-1,SASRRPSYNEQF,1
TRBV20-1,TRBJ2-1,SASRRPVLPLRSGRASHEQF,3
TRBV20-1,TRBJ2-1,SASRRQAGSYNEQF,1
TRBV20-1,TRBJ2-1,SASRRQASSYNEQF,1
TRBV20-1,TRBJ2-1,SASRRQASYNEQF,1
TRBV20-1,TRBJ2-1,SASRRQAVSYNEQF,1
TRBV20-1,TRBJ2-1,SASRRQGDPRYNEQF,1
TRBV20-1,TRBJ2-1,SASRRQGFDEQF,1
TRBV20-1,TRBJ2-1,SASRRQGGNEQF,4
TRBV20-1,TRBJ2-1,SASRRQGLDEQF,1
TRBV20-1,TRBJ2-1,SASRRQGLGNEQF,1
TRBV20-1,TRBJ2-1,SASRRQGRGDEQF,1
TRBV20-1,TRBJ2-1,SASRRQGRTSGRAGAYNEQF,1
TRBV20-1,TRBJ2-1,SASRRQGRYNEQF,1
TRBV20-1,TRBJ2-1,SASRRQGSYNEQF,1
TRBV20-1,TRBJ2-1,SASRRQLAYEQF,1
TRBV20-1,TRBJ2-1,SASRRQPSSYNEQF,1
TRBV20-1,TRBJ2-1,SASRRRAELNEQF,1
TRBV20-1,TRBJ2-1,SASRRRAGGYNEQF,3
TRBV20-1,TRBJ2-1,SASRRRAYNEQF,1
TRBV20-1,TRBJ2-1,SASRRRDEQF,2
TRBV20-1,TRBJ2-1,SASRRRDGVTSSYNEQF,1
TRBV20-1,TRBJ2-1,SASRRRDNEQF,6
TRBV20-1,TRBJ2-1,SASRRREAFLSYNEQF,1
TRBV20-1,TRBJ2-1,SASRRREANEQF,1
TRBV20-1,TRBJ2-1,SASRRREGNEQF,2
TRBV20-1,TRBJ2-1,SASRRREGRNEQF,1
TRBV20-1,TRBJ2-1,SASRRREGYNEQF,1
TRBV20-1,TRBJ2-1,SASRRRERSYNEQF,1
TRBV20-1,TRBJ2-1,SASRRRETYNEQF,4
TRBV20-1,TRBJ2-1,SASRRRFTYNEQF,1
TRBV20-1,TRBJ2-1,SASRRRGENYNEQF,2
TRBV20-1,TRBJ2-1,SASRRRGGGRGKYNEQF,4
TRBV20-1,TRBJ2-1,SASRRRGGPYNEQF,1
TRBV20-1,TRBJ2-1,SASRRRGIAYNEQF,1
TRBV20-1,TRBJ2-1,SASRRRGIGDEQF,1
TRBV20-1,TRBJ2-1,SASRRRGLADHNEQF,1
TRBV20-1,TRBJ2-1,SASRRRGLDEQF,1
TRBV20-1,TRBJ2-1,SASRRRGNNEQF,1
TRBV20-1,TRBJ2-1,SASRRRGNYNEQF,1
TRBV20-1,TRBJ2-1,SASRRRGRALNEQF,1
TRBV20-1,TRBJ2-1,SASRRRGRGNEQF,1
TRBV20-1,TRBJ2-1,SASRRRGRVPSSYNEQF,1
TRBV20-1,TRBJ2-1,SASRRRGSYNEQF,3
TRBV20-1,TRBJ2-1,SASRRRGYNEQF,1
TRBV20-1,TRBJ2-1,SASRRRITNNEQF,1
TRBV20-1,TRBJ2-1,SASRRRLAGEGNEQF,1
TRBV20-1,TRBJ2-1,SASRRRLAGRGPYNEQF,1
TRBV20-1,TRBJ2-1,SASRRRLAGYNEQF,2
TRBV20-1,TRBJ2-1,SASRRRNEQF,1
TRBV20-1,TRBJ2-1,SASRRRNNEQF,1
TRBV20-1,TRBJ2-1,SASRRRNTNEQF,1
TRBV20-1,TRBJ2-1,SASRRRPYNEQF,1
TRBV20-1,TRBJ2-1,SASRRRRDYNEQF,1
TRBV20-1,TRBJ2-1,SASRRRRGNEQF,1
TRBV20-1,TRBJ2-1,SASRRRRIAWNEQF,1
TRBV20-1,TRBJ2-1,SASRRRRLAGVRHEQF,1
TRBV20-1,TRBJ2-1,SASRRRRSYNEQF,3
TRBV20-1,TRBJ2-1,SASRRRSSYNEQF,1
TRBV20-1,TRBJ2-1,SASRRRSYNEQF,2
TRBV20-1,TRBJ2-1,SASRRRTFYNEQF,1
TRBV20-1,TRBJ2-1,SASRRRTTYNEQF,1
TRBV20-1,TRBJ2-1,SASRRRTYNEQF,2
TRBV20-1,TRBJ2-1,SASRRRVRPLALYNEQF,1
TRBV20-1,TRBJ2-1,SASRRRVTPNEQF,1
TRBV20-1,TRBJ2-1,SASRRRYNEQF,1
TRBV20-1,TRBJ2-1,SASRRSAGGSYNEQF,3
TRBV20-1,TRBJ2-1,SASRRSASGGYNEQF,1
TRBV20-1,TRBJ2-1,SASRRSAYNEQF,1
TRBV20-1,TRBJ2-1,SASRRSDEQF,1
TRBV20-1,TRBJ2-1,SASRRSFPYNEQF,1
TRBV20-1,TRBJ2-1,SASRRSGAPREF,1
TRBV20-1,TRBJ2-1,SASRRSGESYNEQF,1
TRBV20-1,TRBJ2-1,SASRRSGGGSYNEQF,1
TRBV20-1,TRBJ2-1,SASRRSGGSSYNEQF,1
TRBV20-1,TRBJ2-1,SASRRSGGTYEQF,1
TRBV20-1,TRBJ2-1,SASRRSGPKQDEQF,1
TRBV20-1,TRBJ2-1,SASRRSGQRYNEQF,1
TRBV20-1,TRBJ2-1,SASRRSGRAHEQF,2
TRBV20-1,TRBJ2-1,SASRRSGRANNEQF,1
TRBV20-1,TRBJ2-1,SASRRSGRAYNEQF,1
TRBV20-1,TRBJ2-1,SASRRSGRLDEQF,1
TRBV20-1,TRBJ2-1,SASRRSGRNPHEQF,1
TRBV20-1,TRBJ2-1,SASRRSGSYNEQF,3
TRBV20-1,TRBJ2-1,SASRRSGTSGRNEQF,1
TRBV20-1,TRBJ2-1,SASRRSIHNEQF,1
TRBV20-1,TRBJ2-1,SASRRSINEQF,1
TRBV20-1,TRBJ2-1,SASRRSLSNEQF,1
TRBV20-1,TRBJ2-1,SASRRSLSSYNEQF,1
TRBV20-1,TRBJ2-1,SASRRSLYNEQF,1
TRBV20-1,TRBJ2-1,SASRRSNELF,1
TRBV20-1,TRBJ2-1,SASRRSNEQF,1
TRBV20-1,TRBJ2-1,SASRRSRVGYNEQF,1
TRBV20-1,TRBJ2-1,SASRRSSFDEQF,1
TRBV20-1,TRBJ2-1,SASRRSSGYNEQF,1
TRBV20-1,TRBJ2-1,SASRRSSYNEQF,18
TRBV20-1,TRBJ2-1,SASRRSTRGNNEQF,1
TRBV20-1,TRBJ2-1,SASRRSVNEQF,1
TRBV20-1,TRBJ2-1,SASRRSYNEQF,8
TRBV20-1,TRBJ2-1,SASRRTAVDEQF,1
TRBV20-1,TRBJ2-1,SASRRTDINEQF,1
TRBV20-1,TRBJ2-1,SASRRTEYNEQF,1
TRBV20-1,TRBJ2-1,SASRRTGAYNEQF,1
TRBV20-1,TRBJ2-1,SASRRTGDLYNEQF,7
TRBV20-1,TRBJ2-1,SASRRTGDNEQF,6
TRBV20-1,TRBJ2-1,SASRRTGENEQF,1
TRBV20-1,TRBJ2-1,SASRRTGFYNEQF,1
TRBV20-1,TRBJ2-1,SASRRTGGFDNEQF,1
TRBV20-1,TRBJ2-1,SASRRTGGGYNEQF,1
TRBV20-1,TRBJ2-1,SASRRTGGNEQF,1
TRBV20-1,TRBJ2-1,SASRRTGGSEQF,2
TRBV20-1,TRBJ2-1,SASRRTGGSNEQF,1
TRBV20-1,TRBJ2-1,SASRRTGGSSYNEQF,1
TRBV20-1,TRBJ2-1,SASRRTGHEQF,2
TRBV20-1,TRBJ2-1,SASRRTGISYNEQF,13
TRBV20-1,TRBJ2-1,SASRRTGISYNEQS,1
TRBV20-1,TRBJ2-1,SASRRTGRQYNEQF,1
TRBV20-1,TRBJ2-1,SASRRTGVRNEQF,1
TRBV20-1,TRBJ2-1,SASRRTGYDEQF,1
TRBV20-1,TRBJ2-1,SASRRTLSADEQF,1
TRBV20-1,TRBJ2-1,SASRRTNEQF,1
TRBV20-1,TRBJ2-1,SASRRTPSGTYNEQF,1
TRBV20-1,TRBJ2-1,SASRRTPTYNEQF,1
TRBV20-1,TRBJ2-1,SASRRTRQTYNEQF,1
TRBV20-1,TRBJ2-1,SASRRTRYKSNEQF,1
TRBV20-1,TRBJ2-1,SASRRTSAYNEQF,1
TRBV20-1,TRBJ2-1,SASRRTSDNEQF,1
TRBV20-1,TRBJ2-1,SASRRTSEGISNNEQF,9
TRBV20-1,TRBJ2-1,SASRRTSFFNEQF,1
TRBV20-1,TRBJ2-1,SASRRTSGGAREQF,3
TRBV20-1,TRBJ2-1,SASRRTSGGNEQF,2
TRBV20-1,TRBJ2-1,SASRRTSGIEQF,1
TRBV20-1,TRBJ2-1,SASRRTSGIVLYNEQF,1
TRBV20-1,TRBJ2-1,SASRRTSGKAFHYNEQF,1
TRBV20-1,TRBJ2-1,SASRRTSGLNEQF,5
TRBV20-1,TRBJ2-1,SASRRTSGNNEQF,1
TRBV20-1,TRBJ2-1,SASRRTSGRADEQF,1
TRBV20-1,TRBJ2-1,SASRRTSGRDEQF,1
TRBV20-1,TRBJ2-1,SASRRTSGRHSYNEQF,1
TRBV20-1,TRBJ2-1,SASRRTSGRNWNEQF,1
TRBV20-1,TRBJ2-1,SASRRTSGRPNEQF,1
TRBV20-1,TRBJ2-1,SASRRTSGSNEQF,1
TRBV20-1,TRBJ2-1,SASRRTSGSRSYNEQF,1
TRBV20-1,TRBJ2-1,SASRRTSGSYNEQF,1
TRBV20-1,TRBJ2-1,SASRRTSGSYYNEQF,1
TRBV20-1,TRBJ2-1,SASRRTSGTLNEQF,1
TRBV20-1,TRBJ2-1,SASRRTSGTNEQF,1
TRBV20-1,TRBJ2-1,SASRRTSGTPRTYNEQF,1
TRBV20-1,TRBJ2-1,SASRRTSGVGDEQF,1
TRBV20-1,TRBJ2-1,SASRRTSGYNEQF,1
TRBV20-1,TRBJ2-1,SASRRTSPLDNEQF,1
TRBV20-1,TRBJ2-1,SASRRTSSRTNEQF,1
TRBV20-1,TRBJ2-1,SASRRTSSSYNEQF,1
TRBV20-1,TRBJ2-1,SASRRTSSYNEQF,1
TRBV20-1,TRBJ2-1,SASRRTSVNYNEQF,1
TRBV20-1,TRBJ2-1,SASRRTSYNEQF,4
TRBV20-1,TRBJ2-1,SASRRTTSSLLKYNEQF,1
TRBV20-1,TRBJ2-1,SASRRTYNEQF,2
TRBV20-1,TRBJ2-1,SASRRVAGRLSSYNEQF,1
TRBV20-1,TRBJ2-1,SASRRVAIDEQF,2
TRBV20-1,TRBJ2-1,SASRRVAPYNEQF,1
TRBV20-1,TRBJ2-1,SASRRVAYNEQF,8
TRBV20-1,TRBJ2-1,SASRRVELDEQF,1
TRBV20-1,TRBJ2-1,SASRRVFSYNEQF,1
TRBV20-1,TRBJ2-1,SASRRVGDEQF,1
TRBV20-1,TRBJ2-1,SASRRVGNEQF,1
TRBV20-1,TRBJ2-1,SASRRVGSLGSNEQF,1
TRBV20-1,TRBJ2-1,SASRRVGYNEQF,1
TRBV20-1,TRBJ2-1,SASRRVHEQF,1
TRBV20-1,TRBJ2-1,SASRRVLIIDNEQF,1
TRBV20-1,TRBJ2-1,SASRRVLSSYNEQF,1
TRBV20-1,TRBJ2-1,SASRRVLYNEQF,1
TRBV20-1,TRBJ2-1,SASRRVNEQF,7
TRBV20-1,TRBJ2-1,SASRRVPNEQF,4
TRBV20-1,TRBJ2-1,SASRRVRGNEQF,1
TRBV20-1,TRBJ2-1,SASRRVRWNEQF,1
TRBV20-1,TRBJ2-1,SASRRVSGSSYNEQF,1
TRBV20-1,TRBJ2-1,SASRRVSSYNEQF,2
TRBV20-1,TRBJ2-1,SASRRVSYNEQF,5
TRBV20-1,TRBJ2-1,SASRRVTYNEQF,2
TRBV20-1,TRBJ2-1,SASRRVVNNEQF,1
TRBV20-1,TRBJ2-1,SASRRVVWNEQF,1
TRBV20-1,TRBJ2-1,SASRRVYNEQF,2
TRBV20-1,TRBJ2-1,SASRRWTSGYNEQF,1
TRBV20-1,TRBJ2-1,SASRRWVYNEQF,1
TRBV20-1,TRBJ2-1,SASRRYGASDYNEQF,1
TRBV20-1,TRBJ2-1,SASRRYNEQF,9
TRBV20-1,TRBJ2-1,SASRRYRSYEQF,1
TRBV20-1,TRBJ2-1,SASRRYSYNEQF,1
TRBV20-1,TRBJ2-1,SASRSAALAGVDYEQF,7
TRBV20-1,TRBJ2-1,SASRSAALAGVNYEQF,1
TRBV20-1,TRBJ2-1,SASRSAASYNEQF,1
TRBV20-1,TRBJ2-1,SASRSAAYNEQF,1
TRBV20-1,TRBJ2-1,SASRSADYNAQF,1
TRBV20-1,TRBJ2-1,SASRSADYNEQF,2
TRBV20-1,TRBJ2-1,SASRSAFASYNEQF,1
TRBV20-1,TRBJ2-1,SASRSAGANNEQF,6
TRBV20-1,TRBJ2-1,SASRSAGDRNEQF,1
TRBV20-1,TRBJ2-1,SASRSAGESGNEQF,1
TRBV20-1,TRBJ2-1,SASRSAGETSYNEQF,1
TRBV20-1,TRBJ2-1,SASRSAGGPKGNEQF,1
TRBV20-1,TRBJ2-1,SASRSAGGPRGNEQF,1
TRBV20-1,TRBJ2-1,SASRSAGGPYNEQF,1
TRBV20-1,TRBJ2-1,SASRSAGGYNEQF,1
TRBV20-1,TRBJ2-1,SASRSAGNEQF,1
TRBV20-1,TRBJ2-1,SASRSAGPGDEQF,1
TRBV20-1,TRBJ2-1,SASRSAGSNNEQF,1
TRBV20-1,TRBJ2-1,SASRSAGVTYNEQF,1
TRBV20-1,TRBJ2-1,SASRSAHFSYNEQF,1
TRBV20-1,TRBJ2-1,SASRSAHYNEQF,1
TRBV20-1,TRBJ2-1,SASRSAISYNEQF,1
TRBV20-1,TRBJ2-1,SASRSALGWNEQF,1
TRBV20-1,TRBJ2-1,SASRSALNEQF,1
TRBV20-1,TRBJ2-1,SASRSANEPC,1
TRBV20-1,TRBJ2-1,SASRSAQF,2
TRBV20-1,TRBJ2-1,SASRSAQIYNEQF,1
TRBV20-1,TRBJ2-1,SASRSAQTFNEQF,5
TRBV20-1,TRBJ2-1,SASRSARFSYNEQF,1
TRBV20-1,TRBJ2-1,SASRSARHNEQF,1
TRBV20-1,TRBJ2-1,SASRSARRDEQF,1
TRBV20-1,TRBJ2-1,SASRSARTSGYNEQF,1
TRBV20-1,TRBJ2-1,SASRSASGIYNEQF,1
TRBV20-1,TRBJ2-1,SASRSASGNYEQF,1
TRBV20-1,TRBJ2-1,SASRSASGRNEQF,2
TRBV20-1,TRBJ2-1,SASRSASGSGNEQF,1
TRBV20-1,TRBJ2-1,SASRSASLNEQF,1
TRBV20-1,TRBJ2-1,SASRSASRNEQF,3
TRBV20-1,TRBJ2-1,SASRSASVYNEQF,1
TRBV20-1,TRBJ2-1,SASRSASYNEQF,2
TRBV20-1,TRBJ2-1,SASRSATFNEQF,3
TRBV20-1,TRBJ2-1,SASRSATPGSR,1
TRBV20-1,TRBJ2-1,SASRSAVAASYNEQF,1
TRBV20-1,TRBJ2-1,SASRSAWDNEQF,1
TRBV20-1,TRBJ2-1,SASRSAWGNNEQF,1
TRBV20-1,TRBJ2-1,SASRSAYNEQF,10
TRBV20-1,TRBJ2-1,SASRSAYYNEQF,1
TRBV20-1,TRBJ2-1,SASRSDEQF,10
TRBV20-1,TRBJ2-1,SASRSDFWREGPNEQF,1
TRBV20-1,TRBJ2-1,SASRSDGTYNEQF,1
TRBV20-1,TRBJ2-1,SASRSDNEQF,8
TRBV20-1,TRBJ2-1,SASRSDPSSYNEQF,1
TRBV20-1,TRBJ2-1,SASRSDQF,1
TRBV20-1,TRBJ2-1,SASRSDSGIYNEQF,3
TRBV20-1,TRBJ2-1,SASRSDSITNEQF,3
TRBV20-1,TRBJ2-1,SASRSDSYNEQF,2
TRBV20-1,TRBJ2-1,SASRSEASYNEQF,1
TRBV20-1,TRBJ2-1,SASRSEEF,1
TRBV20-1,TRBJ2-1,SASRSEGVYNEQF,1
TRBV20-1,TRBJ2-1,SASRSEIAYNEQF,1
TRBV20-1,TRBJ2-1,SASRSELAFYNEQF,1
TRBV20-1,TRBJ2-1,SASRSEMNSYNEQF,1
TRBV20-1,TRBJ2-1,SASRSENEQF,2
TRBV20-1,TRBJ2-1,SASRSEQF,126
TRBV20-1,TRBJ2-1,SASRSERKI,3
TRBV20-1,TRBJ2-1,SASRSERKL,1
TRBV20-1,TRBJ2-1,SASRSESYNEQF,1
TRBV20-1,TRBJ2-1,SASRSETNNEQF,1
TRBV20-1,TRBJ2-1,SASRSETYNEQF,1
TRBV20-1,TRBJ2-1,SASRSEYNEQF,2
TRBV20-1,TRBJ2-1,SASRSFEYNEQF,1
TRBV20-1,TRBJ2-1,SASRSFGAYNEQF,5
TRBV20-1,TRBJ2-1,SASRSFGGEQF,1
TRBV20-1,TRBJ2-1,SASRSFGGNEQF,1
TRBV20-1,TRBJ2-1,SASRSFGNEQF,1
TRBV20-1,TRBJ2-1,SASRSFGTSGTHEQF,1
TRBV20-1,TRBJ2-1,SASRSFREEGHEQF,3
TRBV20-1,TRBJ2-1,SASRSFYTYEQF,1
TRBV20-1,TRBJ2-1,SASRSGAEDEQF,1
TRBV20-1,TRBJ2-1,SASRSGAGVYNEQF,1
TRBV20-1,TRBJ2-1,SASRSGAGYNEQF,2
TRBV20-1,TRBJ2-1,SASRSGAHEQF,1
TRBV20-1,TRBJ2-1,SASRSGALSYNEQF,1
TRBV20-1,TRBJ2-1,SASRSGAPYNEQF,1
TRBV20-1,TRBJ2-1,SASRSGAQDNEQF,1
TRBV20-1,TRBJ2-1,SASRSGASYNEQF,1
TRBV20-1,TRBJ2-1,SASRSGAYNEQF,7
TRBV20-1,TRBJ2-1,SASRSGDEQF,2
TRBV20-1,TRBJ2-1,SASRSGDFANEQF,1
TRBV20-1,TRBJ2-1,SASRSGDFYNEQF,1
TRBV20-1,TRBJ2-1,SASRSGDLYNEQF,1
TRBV20-1,TRBJ2-1,SASRSGDNEQF,3
TRBV20-1,TRBJ2-1,SASRSGDRNEQF,1
TRBV20-1,TRBJ2-1,SASRSGDSYNEQF,1
TRBV20-1,TRBJ2-1,SASRSGDYNEQF,3
TRBV20-1,TRBJ2-1,SASRSGEAKFNEQF,1
TRBV20-1,TRBJ2-1,SASRSGEAYNEQF,1
TRBV20-1,TRBJ2-1,SASRSGEEMSSYNEQF,1
TRBV20-1,TRBJ2-1,SASRSGEFDEQF,1
TRBV20-1,TRBJ2-1,SASRSGEGLSYNEQF,1
TRBV20-1,TRBJ2-1,SASRSGETPRSSYNEQF,1
TRBV20-1,TRBJ2-1,SASRSGEYNEQF,1
TRBV20-1,TRBJ2-1,SASRSGF,7
TRBV20-1,TRBJ2-1,SASRSGFAYNEQF,1
TRBV20-1,TRBJ2-1,SASRSGFSYNEQF,2
TRBV20-1,TRBJ2-1,SASRSGFYNEQF,1
TRBV20-1,TRBJ2-1,SASRSGGASYNEQF,1
TRBV20-1,TRBJ2-1,SASRSGGAYEQF,1
TRBV20-1,TRBJ2-1,SASRSGGFYNEQF,2
TRBV20-1,TRBJ2-1,SASRSGGGDEQF,1
TRBV20-1,TRBJ2-1,SASRSGGGDYNEQF,5
TRBV20-1,TRBJ2-1,SASRSGGGNEQF,1
TRBV20-1,TRBJ2-1,SASRSGGGSYNEQF,1
TRBV20-1,TRBJ2-1,SASRSGGGYNEQF,1
TRBV20-1,TRBJ2-1,SASRSGGHNEQF,2
TRBV20-1,TRBJ2-1,SASRSGGITNEQF,1
TRBV20-1,TRBJ2-1,SASRSGGLAGGPVADEQF,1
TRBV20-1,TRBJ2-1,SASRSGGLLYNEQF,1
TRBV20-1,TRBJ2-1,SASRSGGPLYNEQF,1
TRBV20-1,TRBJ2-1,SASRSGGRGNEQF,16
TRBV20-1,TRBJ2-1,SASRSGGRGSEQF,4
TRBV20-1,TRBJ2-1,SASRSGGRRYNEQF,1
TRBV20-1,TRBJ2-1,SASRSGGRSYNEQF,1
TRBV20-1,TRBJ2-1,SASRSGGSRGFNEQF,1
TRBV20-1,TRBJ2-1,SASRSGGSYNEQF,5
TRBV20-1,TRBJ2-1,SASRSGGTLLAAFNNEQF,1
TRBV20-1,TRBJ2-1,SASRSGGTTYNEQF,1
TRBV20-1,TRBJ2-1,SASRSGGTYNEQF,4
TRBV20-1,TRBJ2-1,SASRSGGVGNEQF,1
TRBV20-1,TRBJ2-1,SASRSGGVYEQF,1
TRBV20-1,TRBJ2-1,SASRSGGYDNEQF,2
TRBV20-1,TRBJ2-1,SASRSGGYIDEQF,1
TRBV20-1,TRBJ2-1,SASRSGGYNEQF,6
TRBV20-1,TRBJ2-1,SASRSGHRSNEQF,6
TRBV20-1,TRBJ2-1,SASRSGINEQF,4
TRBV20-1,TRBJ2-1,SASRSGISSYNEQF,1
TRBV20-1,TRBJ2-1,SASRSGISYNEQF,2
TRBV20-1,TRBJ2-1,SASRSGIWDNEQF,1
TRBV20-1,TRBJ2-1,SASRSGIYNEQF,3
TRBV20-1,TRBJ2-1,SASRSGKAYNEQF,1
TRBV20-1,TRBJ2-1,SASRSGKHEQF,1
TRBV20-1,TRBJ2-1,SASRSGKSSYNEQF,6
TRBV20-1,TRBJ2-1,SASRSGKYNEQF,1
TRBV20-1,TRBJ2-1,SASRSGLAGNEQF,5
TRBV20-1,TRBJ2-1,SASRSGLAGVRSYNEQF,1
TRBV20-1,TRBJ2-1,SASRSGLANPTIYNEQF,1
TRBV20-1,TRBJ2-1,SASRSGLAVYNEQF,2
TRBV20-1,TRBJ2-1,SASRSGLEGRNEQF,1
TRBV20-1,TRBJ2-1,SASRSGLFNEQF,2
TRBV20-1,TRBJ2-1,SASRSGLINEQF,1
TRBV20-1,TRBJ2-1,SASRSGLNNEQF,4
TRBV20-1,TRBJ2-1,SASRSGLPYNEQF,1
TRBV20-1,TRBJ2-1,SASRSGLQYNEQF,6
TRBV20-1,TRBJ2-1,SASRSGLSSYNEQF,1
TRBV20-1,TRBJ2-1,SASRSGLTNEQF,1
TRBV20-1,TRBJ2-1,SASRSGLTYEQF,15
TRBV20-1,TRBJ2-1,SASRSGLVLYNEQF,1
TRBV20-1,TRBJ2-1,SASRSGLYNEQF,5
TRBV20-1,TRBJ2-1,SASRSGMGNEQF,1
TRBV20-1,TRBJ2-1,SASRSGMNEQF,1
TRBV20-1,TRBJ2-1,SASRSGMSNEQF,1
TRBV20-1,TRBJ2-1,SASRSGMYNEQF,1
TRBV20-1,TRBJ2-1,SASRSGNEQF,12
TRBV20-1,TRBJ2-1,SASRSGNNEQF,2
TRBV20-1,TRBJ2-1,SASRSGNSYNEQF,1
TRBV20-1,TRBJ2-1,SASRSGNYNEQF,2
TRBV20-1,TRBJ2-1,SASRSGPLNEQF,1
TRBV20-1,TRBJ2-1,SASRSGPNEQF,1
TRBV20-1,TRBJ2-1,SASRSGPPNEQF,1
TRBV20-1,TRBJ2-1,SASRSGPRDEQF,1
TRBV20-1,TRBJ2-1,SASRSGPSYNEQF,1
TRBV20-1,TRBJ2-1,SASRSGPYNEQF,3
TRBV20-1,TRBJ2-1,SASRSGQDNEQF,1
TRBV20-1,TRBJ2-1,SASRSGQGGYNEQF,3
TRBV20-1,TRBJ2-1,SASRSGQRGNEQF,3
TRBV20-1,TRBJ2-1,SASRSGQVYNEQF,1
TRBV20-1,TRBJ2-1,SASRSGRAAYNEQF,1
TRBV20-1,TRBJ2-1,SASRSGRADEQF,1
TRBV20-1,TRBJ2-1,SASRSGRAFSSKEQF,1
TRBV20-1,TRBJ2-1,SASRSGRALEQF,1
TRBV20-1,TRBJ2-1,SASRSGRANNEQF,1
TRBV20-1,TRBJ2-1,SASRSGRANSNEQF,1
TRBV20-1,TRBJ2-1,SASRSGRAPNEQF,1
TRBV20-1,TRBJ2-1,SASRSGRARGNEQF,1
TRBV20-1,TRBJ2-1,SASRSGRASHNEQF,1
TRBV20-1,TRBJ2-1,SASRSGRASYNEQF,1
TRBV20-1,TRBJ2-1,SASRSGRATVSYNEQF,1
TRBV20-1,TRBJ2-1,SASRSGRAVNEQF,1
TRBV20-1,TRBJ2-1,SASRSGRAYNEQF,2
TRBV20-1,TRBJ2-1,SASRSGRDDEQF,1
TRBV20-1,TRBJ2-1,SASRSGRDLLSSYNEQF,1
TRBV20-1,TRBJ2-1,SASRSGRDNEQF,2
TRBV20-1,TRBJ2-1,SASRSGREVDEQF,1
TRBV20-1,TRBJ2-1,SASRSGRFNEQF,1
TRBV20-1,TRBJ2-1,SASRSGRGDEQF,1
TRBV20-1,TRBJ2-1,SASRSGRGGNEQF,1
TRBV20-1,TRBJ2-1,SASRSGRGGSYNEQF,1
TRBV20-1,TRBJ2-1,SASRSGRGGYEQF,1
TRBV20-1,TRBJ2-1,SASRSGRGNEQF,5
TRBV20-1,TRBJ2-1,SASRSGRGSYNEQF,2
TRBV20-1,TRBJ2-1,SASRSGRHNEQF,2
TRBV20-1,TRBJ2-1,SASRSGRIDEQF,1
TRBV20-1,TRBJ2-1,SASRSGRIYEQF,1
TRBV20-1,TRBJ2-1,SASRSGRIYNEQF,1
TRBV20-1,TRBJ2-1,SASRSGRKDEQF,1
TRBV20-1,TRBJ2-1,SASRSGRNAYNEQF,1
TRBV20-1,TRBJ2-1,SASRSGRNEQF,1
TRBV20-1,TRBJ2-1,SASRSGRNNEQF,1
TRBV20-1,TRBJ2-1,SASRSGRPDNEQF,2
TRBV20-1,TRBJ2-1,SASRSGRPYNEQF,2
TRBV20-1,TRBJ2-1,SASRSGRRGINEQF,1
TRBV20-1,TRBJ2-1,SASRSGRRGTYNEQF,1
TRBV20-1,TRBJ2-1,SASRSGRRNEQF,2
TRBV20-1,TRBJ2-1,SASRSGRSHHNEQF,1
TRBV20-1,TRBJ2-1,SASRSGRSNEQF,3
TRBV20-1,TRBJ2-1,SASRSGRSSYNEQF,3
TRBV20-1,TRBJ2-1,SASRSGRSVNEQF,7
TRBV20-1,TRBJ2-1,SASRSGRSYNEQF,3
TRBV20-1,TRBJ2-1,SASRSGRTGSYNEQF,1
TRBV20-1,TRBJ2-1,SASRSGRTYEQF,1
TRBV20-1,TRBJ2-1,SASRSGRTYNEQF,4
TRBV20-1,TRBJ2-1,SASRSGRVINEQF,1
TRBV20-1,TRBJ2-1,SASRSGRVLAYNEQF,1
TRBV20-1,TRBJ2-1,SASRSGRVNEQF,4
TRBV20-1,TRBJ2-1,SASRSGRYNEQF,3
TRBV20-1,TRBJ2-1,SASRSGRYNNEQF,2
TRBV20-1,TRBJ2-1,SASRSGSDEQF,2
TRBV20-1,TRBJ2-1,SASRSGSFFSYNEQF,1
TRBV20-1,TRBJ2-1,SASRSGSGEQF,5
TRBV20-1,TRBJ2-1,SASRSGSGHNNEQF,1
TRBV20-1,TRBJ2-1,SASRSGSGNEQF,1
TRBV20-1,TRBJ2-1,SASRSGSGYNEQF,1
TRBV20-1,TRBJ2-1,SASRSGSHNEQF,9
TRBV20-1,TRBJ2-1,SASRSGSINEQF,1
TRBV20-1,TRBJ2-1,SASRSGSIYEQF,2
TRBV20-1,TRBJ2-1,SASRSGSKNEQF,2
TRBV20-1,TRBJ2-1,SASRSGSKYEQF,2
TRBV20-1,TRBJ2-1,SASRSGSNEQF,1
TRBV20-1,TRBJ2-1,SASRSGSNNEQF,2
TRBV20-1,TRBJ2-1,SASRSGSPNNEQF,1
TRBV20-1,TRBJ2-1,SASRSGSPRHNEQF,1
TRBV20-1,TRBJ2-1,SASRSGSQWSNEQF,1
TRBV20-1,TRBJ2-1,SASRSGSRHEQF,1
TRBV20-1,TRBJ2-1,SASRSGSRNEQF,4
TRBV20-1,TRBJ2-1,SASRSGSSPSYNEQF,1
TRBV20-1,TRBJ2-1,SASRSGSSSYNEQF,2
TRBV20-1,TRBJ2-1,SASRSGSSYNEQF,18
TRBV20-1,TRBJ2-1,SASRSGSTNEQF,9
TRBV20-1,TRBJ2-1,SASRSGSTSYNEQF,1
TRBV20-1,TRBJ2-1,SASRSGSTYNEQF,1
TRBV20-1,TRBJ2-1,SASRSGSVYNEQF,6
TRBV20-1,TRBJ2-1,SASRSGSWNEQF,2
TRBV20-1,TRBJ2-1,SASRSGSYNEQF,25
TRBV20-1,TRBJ2-1,SASRSGSYVNEQF,1
TRBV20-1,TRBJ2-1,SASRSGTANNEQF,1
TRBV20-1,TRBJ2-1,SASRSGTAYNEQF,1
TRBV20-1,TRBJ2-1,SASRSGTDYNEQF,1
TRBV20-1,TRBJ2-1,SASRSGTGLDNEQF,1
TRBV20-1,TRBJ2-1,SASRSGTGNEQF,1
TRBV20-1,TRBJ2-1,SASRSGTGSYNEQF,1
TRBV20-1,TRBJ2-1,SASRSGTGWDEQF,1
TRBV20-1,TRBJ2-1,SASRSGTHYNEQF,1
TRBV20-1,TRBJ2-1,SASRSGTIGDEQF,1
TRBV20-1,TRBJ2-1,SASRSGTIRNEQF,1
TRBV20-1,TRBJ2-1,SASRSGTNNEQF,3
TRBV20-1,TRBJ2-1,SASRSGTPGSR,5
TRBV20-1,TRBJ2-1,SASRSGTPLFNEQF,1
TRBV20-1,TRBJ2-1,SASRSGTRNEQF,1
TRBV20-1,TRBJ2-1,SASRSGTSEYNEQF,1
TRBV20-1,TRBJ2-1,SASRSGTSGDNEQF,1
TRBV20-1,TRBJ2-1,SASRSGTSGNEQF,1
TRBV20-1,TRBJ2-1,SASRSGTSGRAIGNEQF,1
TRBV20-1,TRBJ2-1,SASRSGTSGRRSYNEQF,1
TRBV20-1,TRBJ2-1,SASRSGTSGSNEQF,2
TRBV20-1,TRBJ2-1,SASRSGTSYNEQF,1
TRBV20-1,TRBJ2-1,SASRSGTYNEQF,6
TRBV20-1,TRBJ2-1,SASRSGVAGNEQF,1
TRBV20-1,TRBJ2-1,SASRSGVGNEQF,1
TRBV20-1,TRBJ2-1,SASRSGVGSSYNEQF,1
TRBV20-1,TRBJ2-1,SASRSGVLNEQF,1
TRBV20-1,TRBJ2-1,SASRSGVNEQF,1
TRBV20-1,TRBJ2-1,SASRSGVSNEQF,1
TRBV20-1,TRBJ2-1,SASRSGVTNYNEQF,1
TRBV20-1,TRBJ2-1,SASRSGVYNEQF,14
TRBV20-1,TRBJ2-1,SASRSGWDNEQF,1
TRBV20-1,TRBJ2-1,SASRSGWGNEQF,2
TRBV20-1,TRBJ2-1,SASRSGWSSYNEQF,1
TRBV20-1,TRBJ2-1,SASRSGYHRVYNEQF,1
TRBV20-1,TRBJ2-1,SASRSGYNEQF,5
TRBV20-1,TRBJ2-1,SASRSGYVQNEQF,1
TRBV20-1,TRBJ2-1,SASRSGYYNEQC,1
TRBV20-1,TRBJ2-1,SASRSGYYNEQF,20
TRBV20-1,TRBJ2-1,SASRSHAWGGRTFHEQF,1
TRBV20-1,TRBJ2-1,SASRSHEQF,1
TRBV20-1,TRBJ2-1,SASRSHGLAGEYEQF,1
TRBV20-1,TRBJ2-1,SASRSHNEQF,2
TRBV20-1,TRBJ2-1,SASRSHSYNEQF,1
TRBV20-1,TRBJ2-1,SASRSILGGRAGNEQF,1
TRBV20-1,TRBJ2-1,SASRSIPNEQF,1
TRBV20-1,TRBJ2-1,SASRSIPREEVEQF,5
TRBV20-1,TRBJ2-1,SASRSISKNEQF,1
TRBV20-1,TRBJ2-1,SASRSISYNEQF,4
TRBV20-1,TRBJ2-1,SASRSIWGYNEQF,1
TRBV20-1,TRBJ2-1,SASRSKKLFSETYNEQF,1
TRBV20-1,TRBJ2-1,SASRSKQF,1
TRBV20-1,TRBJ2-1,SASRSKRAYNEQF,1
TRBV20-1,TRBJ2-1,SASRSKSSGNEQF,5
TRBV20-1,TRBJ2-1,SASRSKSSGSEQF,1
TRBV20-1,TRBJ2-1,SASRSLADNEQF,1
TRBV20-1,TRBJ2-1,SASRSLAGALGYNEQF,1
TRBV20-1,TRBJ2-1,SASRSLAGDDEQF,10
TRBV20-1,TRBJ2-1,SASRSLAGFYNEQF,1
TRBV20-1,TRBJ2-1,SASRSLAGGENEQF,1
TRBV20-1,TRBJ2-1,SASRSLAGGPSDEQF,1
TRBV20-1,TRBJ2-1,SASRSLAGGRYNEQF,5
TRBV20-1,TRBJ2-1,SASRSLAGGWNEQF,1
TRBV20-1,TRBJ2-1,SASRSLAGNEQF,1
TRBV20-1,TRBJ2-1,SASRSLAGSYNEQF,1
TRBV20-1,TRBJ2-1,SASRSLAYNEQF,1
TRBV20-1,TRBJ2-1,SASRSLDNEQF,2
TRBV20-1,TRBJ2-1,SASRSLEGDDEQF,1
TRBV20-1,TRBJ2-1,SASRSLFHEQF,1
TRBV20-1,TRBJ2-1,SASRSLFSNEQF,1
TRBV20-1,TRBJ2-1,SASRSLGGYHEQF,1
TRBV20-1,TRBJ2-1,SASRSLGNEQF,10
TRBV20-1,TRBJ2-1,SASRSLGRWNEQF,1
TRBV20-1,TRBJ2-1,SASRSLGYNEQF,1
TRBV20-1,TRBJ2-1,SASRSLHNEQF,1
TRBV20-1,TRBJ2-1,SASRSLIYNEQF,1
TRBV20-1,TRBJ2-1,SASRSLLADNEQF,1
TRBV20-1,TRBJ2-1,SASRSLLDNEQF,1
TRBV20-1,TRBJ2-1,SASRSLLNNEQF,1
TRBV20-1,TRBJ2-1,SASRSLLYNEQF,1
TRBV20-1,TRBJ2-1,SASRSLPYNEQF,1
TRBV20-1,TRBJ2-1,SASRSLQDEQF,1
TRBV20-1,TRBJ2-1,SASRSLQYNEQF,1
TRBV20-1,TRBJ2-1,SASRSLSPHEQF,1
TRBV20-1,TRBJ2-1,SASRSLSTYNEQF,1
TRBV20-1,TRBJ2-1,SASRSLSYNEQF,5
TRBV20-1,TRBJ2-1,SASRSLYNEQF,1
TRBV20-1,TRBJ2-1,SASRSLYRSSDEQF,1
TRBV20-1,TRBJ2-1,SASRSNEQF,43
TRBV20-1,TRBJ2-1,SASRSNEQV,1
TRBV20-1,TRBJ2-1,SASRSNNEQF,8
TRBV20-1,TRBJ2-1,SASRSNSYNEQF,6
TRBV20-1,TRBJ2-1,SASRSNYNEQF,10
TRBV20-1,TRBJ2-1,SASRSPAGGNEQF,1
TRBV20-1,TRBJ2-1,SASRSPFGGNEQF,1
TRBV20-1,TRBJ2-1,SASRSPFVASISYNEQF,2
TRBV20-1,TRBJ2-1,SASRSPGEQF,5
TRBV20-1,TRBJ2-1,SASRSPGGLNEQF,1
TRBV20-1,TRBJ2-1,SASRSPGGQIDEQF,1
TRBV20-1,TRBJ2-1,SASRSPGSPTYNEQF,1
TRBV20-1,TRBJ2-1,SASRSPILAGGYNEQF,1
TRBV20-1,TRBJ2-1,SASRSPLEGDEQF,1
TRBV20-1,TRBJ2-1,SASRSPLRDEQF,1
TRBV20-1,TRBJ2-1,SASRSPNEQF,8
TRBV20-1,TRBJ2-1,SASRSPPLNEQF,1
TRBV20-1,TRBJ2-1,SASRSPPYNEQF,4
TRBV20-1,TRBJ2-1,SASRSPRGSLDEQF,1
TRBV20-1,TRBJ2-1,SASRSPRPDGNEQF,1
TRBV20-1,TRBJ2-1,SASRSPSGSGDEQF,1
TRBV20-1,TRBJ2-1,SASRSPSSYNEQF,2
TRBV20-1,TRBJ2-1,SASRSPSYNEQF,4
TRBV20-1,TRBJ2-1,SASRSPTSGSYYEQF,1
TRBV20-1,TRBJ2-1,SASRSPTSSYNEQF,1
TRBV20-1,TRBJ2-1,SASRSPTYNEQF,1
TRBV20-1,TRBJ2-1,SASRSPVNEQF,1
TRBV20-1,TRBJ2-1,SASRSPYNEQF,2
TRBV20-1,TRBJ2-1,SASRSQANEQF,1
TRBV20-1,TRBJ2-1,SASRSQDRGRNEQF,3
TRBV20-1,TRBJ2-1,SASRSQEQF,4
TRBV20-1,TRBJ2-1,SASRSQGASYNEQF,1
TRBV20-1,TRBJ2-1,SASRSQGSNEQF,1
TRBV20-1,TRBJ2-1,SASRSQGVNEQF,1
TRBV20-1,TRBJ2-1,SASRSQRDRNEQF,5
TRBV20-1,TRBJ2-1,SASRSQRGEQF,4
TRBV20-1,TRBJ2-1,SASRSQRNNEQF,1
TRBV20-1,TRBJ2-1,SASRSQTGIHEQF,1
TRBV20-1,TRBJ2-1,SASRSRADNEQF,1
TRBV20-1,TRBJ2-1,SASRSRAYNEQF,1
TRBV20-1,TRBJ2-1,SASRSRDEQF,1
TRBV20-1,TRBJ2-1,SASRSRDNEQF,2
TRBV20-1,TRBJ2-1,SASRSRDWTNNEQF,1
TRBV20-1,TRBJ2-1,SASRSREGPNEQF,1
TRBV20-1,TRBJ2-1,SASRSREGYNEQF,1
TRBV20-1,TRBJ2-1,SASRSREHGREHPYNEQF,1
TRBV20-1,TRBJ2-1,SASRSRGGGYNEQF,1
TRBV20-1,TRBJ2-1,SASRSRGGLAVYNEQF,1
TRBV20-1,TRBJ2-1,SASRSRGGRFYNEQF,1
TRBV20-1,TRBJ2-1,SASRSRGGSYNEQF,1
TRBV20-1,TRBJ2-1,SASRSRGGYNEQF,2
TRBV20-1,TRBJ2-1,SASRSRGLAGGNEQF,1
TRBV20-1,TRBJ2-1,SASRSRGLYNEQF,1
TRBV20-1,TRBJ2-1,SASRSRGPYNEQF,1
TRBV20-1,TRBJ2-1,SASRSRGVAGGNNEQF,1
TRBV20-1,TRBJ2-1,SASRSRIESYNEQF,1
TRBV20-1,TRBJ2-1,SASRSRLAGGSGNEQF,39
TRBV20-1,TRBJ2-1,SASRSRNNEQF,1
TRBV20-1,TRBJ2-1,SASRSRPGNEQF,1
TRBV20-1,TRBJ2-1,SASRSRPSYNEQF,1
TRBV20-1,TRBJ2-1,SASRSRRSYNEQF,1
TRBV20-1,TRBJ2-1,SASRSRSSYNEQF,8
TRBV20-1,TRBJ2-1,SASRSRSYNEQF,4
TRBV20-1,TRBJ2-1,SASRSRSYNEQL,1
TRBV20-1,TRBJ2-1,SASRSRTHNEQF,1
TRBV20-1,TRBJ2-1,SASRSRTLNEQF,1
TRBV20-1,TRBJ2-1,SASRSRTNEQF,1
TRBV20-1,TRBJ2-1,SASRSRTSGSNEQF,1
TRBV20-1,TRBJ2-1,SASRSRVFYNEQF,1
TRBV20-1,TRBJ2-1,SASRSRWNNEQF,1
TRBV20-1,TRBJ2-1,SASRSRYNEQF,20
TRBV20-1,TRBJ2-1,SASRSSAGEQF,1
TRBV20-1,TRBJ2-1,SASRSSAHNEQF,1
TRBV20-1,TRBJ2-1,SASRSSAYNEQF,1
TRBV20-1,TRBJ2-1,SASRSSDEQF,3
TRBV20-1,TRBJ2-1,SASRSSDYNEQF,1
TRBV20-1,TRBJ2-1,SASRSSGASYNEQF,1
TRBV20-1,TRBJ2-1,SASRSSGDNEQF,1
TRBV20-1,TRBJ2-1,SASRSSGEQF,5
TRBV20-1,TRBJ2-1,SASRSSGEYNEQF,1
TRBV20-1,TRBJ2-1,SASRSSGGAREPF,1
TRBV20-1,TRBJ2-1,SASRSSGGAREQC,2
TRBV20-1,TRBJ2-1,SASRSSGGAREQF,29
TRBV20-1,TRBJ2-1,SASRSSGGATYNEQF,1
TRBV20-1,TRBJ2-1,SASRSSGGAYNEQF,1
TRBV20-1,TRBJ2-1,SASRSSGGGANEQF,1
TRBV20-1,TRBJ2-1,SASRSSGGGPYNEQF,1
TRBV20-1,TRBJ2-1,SASRSSGGGSYNEQF,1
TRBV20-1,TRBJ2-1,SASRSSGGIGQF,2
TRBV20-1,TRBJ2-1,SASRSSGGINEQF,1
TRBV20-1,TRBJ2-1,SASRSSGGNEQF,1
TRBV20-1,TRBJ2-1,SASRSSGGPREQF,1
TRBV20-1,TRBJ2-1,SASRSSGGSHYNEQF,1
TRBV20-1,TRBJ2-1,SASRSSGGSYNEQF,1
TRBV20-1,TRBJ2-1,SASRSSGGYNEQF,2
TRBV20-1,TRBJ2-1,SASRSSGHYEQF,1
TRBV20-1,TRBJ2-1,SASRSSGIGYNEQF,1
TRBV20-1,TRBJ2-1,SASRSSGILEQF,4
TRBV20-1,TRBJ2-1,SASRSSGIYNEQF,1
TRBV20-1,TRBJ2-1,SASRSSGKFNEQF,1
TRBV20-1,TRBJ2-1,SASRSSGKKSYHNEQF,1
TRBV20-1,TRBJ2-1,SASRSSGLANNEQF,1
TRBV20-1,TRBJ2-1,SASRSSGLNSYNEQF,1
TRBV20-1,TRBJ2-1,SASRSSGLYNEQF,2
TRBV20-1,TRBJ2-1,SASRSSGMSNEQF,1
TRBV20-1,TRBJ2-1,SASRSSGMYNEQF,1
TRBV20-1,TRBJ2-1,SASRSSGNHNEQF,1
TRBV20-1,TRBJ2-1,SASRSSGNYEQF,1
TRBV20-1,TRBJ2-1,SASRSSGPSYNEQF,1
TRBV20-1,TRBJ2-1,SASRSSGPYNEQF,2
TRBV20-1,TRBJ2-1,SASRSSGRAAYNEQF,1
TRBV20-1,TRBJ2-1,SASRSSGRAGYNEQF,1
TRBV20-1,TRBJ2-1,SASRSSGRANEQF,1
TRBV20-1,TRBJ2-1,SASRSSGRGNEQF,2
TRBV20-1,TRBJ2-1,SASRSSGRGSNEQF,1
TRBV20-1,TRBJ2-1,SASRSSGRMDEQF,1
TRBV20-1,TRBJ2-1,SASRSSGRNEQF,1
TRBV20-1,TRBJ2-1,SASRSSGRNNEQF,1
TRBV20-1,TRBJ2-1,SASRSSGRPIRGSYNEQF,1
TRBV20-1,TRBJ2-1,SASRSSGRPPGNEQF,1
TRBV20-1,TRBJ2-1,SASRSSGRSDEQF,3
TRBV20-1,TRBJ2-1,SASRSSGRSEQF,3
TRBV20-1,TRBJ2-1,SASRSSGRTYNEQF,1
TRBV20-1,TRBJ2-1,SASRSSGRVNEQF,1
TRBV20-1,TRBJ2-1,SASRSSGRYNEQF,2
TRBV20-1,TRBJ2-1,SASRSSGSDEQF,1
TRBV20-1,TRBJ2-1,SASRSSGSDQQF,5
TRBV20-1,TRBJ2-1,SASRSSGSETYNEQF,1
TRBV20-1,TRBJ2-1,SASRSSGSGNEQF,5
TRBV20-1,TRBJ2-1,SASRSSGSKDEQF,1
TRBV20-1,TRBJ2-1,SASRSSGSNEQF,7
TRBV20-1,TRBJ2-1,SASRSSGSNNEQF,1
TRBV20-1,TRBJ2-1,SASRSSGSPNEQF,1
TRBV20-1,TRBJ2-1,SASRSSGSRSYNEQF,1
TRBV20-1,TRBJ2-1,SASRSSGSSNEQF,3
TRBV20-1,TRBJ2-1,SASRSSGSSSYNEQF,1
TRBV20-1,TRBJ2-1,SASRSSGSSYNEQF,2
TRBV20-1,TRBJ2-1,SASRSSGSWNEQF,1
TRBV20-1,TRBJ2-1,SASRSSGSYEQF,1
TRBV20-1,TRBJ2-1,SASRSSGSYNEQF,7
TRBV20-1,TRBJ2-1,SASRSSGTLNEQF,2
TRBV20-1,TRBJ2-1,SASRSSGTNEQF,1
TRBV20-1,TRBJ2-1,SASRSSGTSYNEQF,1
TRBV20-1,TRBJ2-1,SASRSSGTYNEQF,1
TRBV20-1,TRBJ2-1,SASRSSGTYYNEQF,1
TRBV20-1,TRBJ2-1,SASRSSGVYNEQF,2
TRBV20-1,TRBJ2-1,SASRSSGWNEQF,6
TRBV20-1,TRBJ2-1,SASRSSGWSYNEQF,1
TRBV20-1,TRBJ2-1,SASRSSGYNEQF,1
TRBV20-1,TRBJ2-1,SASRSSILYNEQF,1
TRBV20-1,TRBJ2-1,SASRSSIYEQF,1
TRBV20-1,TRBJ2-1,SASRSSNEQF,5
TRBV20-1,TRBJ2-1,SASRSSPFNEQF,12
TRBV20-1,TRBJ2-1,SASRSSQGVNEQF,1
TRBV20-1,TRBJ2-1,SASRSSREKHNEQF,1
TRBV20-1,TRBJ2-1,SASRSSRGGNEQF,1
TRBV20-1,TRBJ2-1,SASRSSRGGYEQF,4
TRBV20-1,TRBJ2-1,SASRSSRNYNEQF,1
TRBV20-1,TRBJ2-1,SASRSSRRRNEQF,1
TRBV20-1,TRBJ2-1,SASRSSRSDEQF,1
TRBV20-1,TRBJ2-1,SASRSSRSNEQF,1
TRBV20-1,TRBJ2-1,SASRSSSDEQF,1
TRBV20-1,TRBJ2-1,SASRSSSGARSSYNEQF,1
TRBV20-1,TRBJ2-1,SASRSSSGRSVNEQF,4
TRBV20-1,TRBJ2-1,SASRSSSSYNEQF,1
TRBV20-1,TRBJ2-1,SASRSSSYNEQF,10
TRBV20-1,TRBJ2-1,SASRSSVDEQF,1
TRBV20-1,TRBJ2-1,SASRSSVYNEQF,1
TRBV20-1,TRBJ2-1,SASRSSYNEQC,1
TRBV20-1,TRBJ2-1,SASRSSYNEQF,88
TRBV20-1,TRBJ2-1,SASRSTDYNEQF,2
TRBV20-1,TRBJ2-1,SASRSTGASYNEQF,2
TRBV20-1,TRBJ2-1,SASRSTGDYNEQF,1
TRBV20-1,TRBJ2-1,SASRSTGGSYNEQF,1
TRBV20-1,TRBJ2-1,SASRSTGVAHNEQF,1
TRBV20-1,TRBJ2-1,SASRSTNDEQF,1
TRBV20-1,TRBJ2-1,SASRSTNNEQF,1
TRBV20-1,TRBJ2-1,SASRSTPSYNEQF,1
TRBV20-1,TRBJ2-1,SASRSTQRDEQF,1
TRBV20-1,TRBJ2-1,SASRSTRTSGADNEQF,1
TRBV20-1,TRBJ2-1,SASRSTRVYNEQF,1
TRBV20-1,TRBJ2-1,SASRSTSGGTYNEQF,1
TRBV20-1,TRBJ2-1,SASRSTSGIWDEQF,1
TRBV20-1,TRBJ2-1,SASRSTSGNDEQF,1
TRBV20-1,TRBJ2-1,SASRSTSGSYEQF,4
TRBV20-1,TRBJ2-1,SASRSTSGSYNEQF,1
TRBV20-1,TRBJ2-1,SASRSTSGYNEQF,1
TRBV20-1,TRBJ2-1,SASRSTSSSYNEQF,1
TRBV20-1,TRBJ2-1,SASRSTSSYNEQF,1
TRBV20-1,TRBJ2-1,SASRSTSYNEQF,1
TRBV20-1,TRBJ2-1,SASRSTVVNEQF,1
TRBV20-1,TRBJ2-1,SASRSTYAGVGNEQF,1
TRBV20-1,TRBJ2-1,SASRSTYEQF,2
TRBV20-1,TRBJ2-1,SASRSTYNEQF,1
TRBV20-1,TRBJ2-1,SASRSVAGDNEQF,1
TRBV20-1,TRBJ2-1,SASRSVAYNEQF,9
TRBV20-1,TRBJ2-1,SASRSVDEQF,1
TRBV20-1,TRBJ2-1,SASRSVGANNEQF,1
TRBV20-1,TRBJ2-1,SASRSVGAPNEQF,1
TRBV20-1,TRBJ2-1,SASRSVGGRGNEQF,1
TRBV20-1,TRBJ2-1,SASRSVGISYNEQF,2
TRBV20-1,TRBJ2-1,SASRSVIGNEQF,1
TRBV20-1,TRBJ2-1,SASRSVLGGNEQF,1
TRBV20-1,TRBJ2-1,SASRSVNHNEQF,1
TRBV20-1,TRBJ2-1,SASRSVNPYNEQF,1
TRBV20-1,TRBJ2-1,SASRSVRGNEQF,1
TRBV20-1,TRBJ2-1,SASRSVRSYNEQF,1
TRBV20-1,TRBJ2-1,SASRSVSSYNEQF,2
TRBV20-1,TRBJ2-1,SASRSVSYNELF,1
TRBV20-1,TRBJ2-1,SASRSVSYNEQF,11
TRBV20-1,TRBJ2-1,SASRSVVAGTEQF,5
TRBV20-1,TRBJ2-1,SASRSVVYEQF,1
TRBV20-1,TRBJ2-1,SASRSVVYNEQF,1
TRBV20-1,TRBJ2-1,SASRSVYNEQF,2
TRBV20-1,TRBJ2-1,SASRSVYYNEQF,1
TRBV20-1,TRBJ2-1,SASRSWAGTSSYNEQF,1
TRBV20-1,TRBJ2-1,SASRSWEGEGFYNEQF,1
TRBV20-1,TRBJ2-1,SASRSWERDEQF,1
TRBV20-1,TRBJ2-1,SASRSWGGLAGYNEQF,2
TRBV20-1,TRBJ2-1,SASRSWGYNLYNEQF,1
TRBV20-1,TRBJ2-1,SASRSWNEQF,2
TRBV20-1,TRBJ2-1,SASRSWSGGYNEQF,1
TRBV20-1,TRBJ2-1,SASRSWVDEQF,1
TRBV20-1,TRBJ2-1,SASRSYDEQF,2
TRBV20-1,TRBJ2-1,SASRSYEQF,4
TRBV20-1,TRBJ2-1,SASRSYGYNEQF,1
TRBV20-1,TRBJ2-1,SASRSYHNEQF,1
TRBV20-1,TRBJ2-1,SASRSYLYNEQF,1
TRBV20-1,TRBJ2-1,SASRSYNEQF,34
TRBV20-1,TRBJ2-1,SASRSYQRARNEQF,1
TRBV20-1,TRBJ2-1,SASRSYYNEQF,1
TRBV20-1,TRBJ2-1,SASRTAASYNEQF,1
TRBV20-1,TRBJ2-1,SASRTAAWNEQF,1
TRBV20-1,TRBJ2-1,SASRTAAYNEQF,8
TRBV20-1,TRBJ2-1,SASRTADNEQF,2
TRBV20-1,TRBJ2-1,SASRTADYNEQF,1
TRBV20-1,TRBJ2-1,SASRTAEQF,4
TRBV20-1,TRBJ2-1,SASRTAGGHNEQF,1
TRBV20-1,TRBJ2-1,SASRTAGGLDNEQF,1
TRBV20-1,TRBJ2-1,SASRTAGGNEQF,1
TRBV20-1,TRBJ2-1,SASRTAGILVNEQF,1
TRBV20-1,TRBJ2-1,SASRTAGINEQF,1
TRBV20-1,TRBJ2-1,SASRTAGKHNEQF,6
TRBV20-1,TRBJ2-1,SASRTAGLNEQF,1
TRBV20-1,TRBJ2-1,SASRTAGNEQF,2
TRBV20-1,TRBJ2-1,SASRTAGVRYNEQF,1
TRBV20-1,TRBJ2-1,SASRTAGVYNEQF,1
TRBV20-1,TRBJ2-1,SASRTAGWNEQF,6
TRBV20-1,TRBJ2-1,SASRTAHNEQF,1
TRBV20-1,TRBJ2-1,SASRTAIRENEQF,1
TRBV20-1,TRBJ2-1,SASRTAKDNEQF,1
TRBV20-1,TRBJ2-1,SASRTAKYKEQF,1
TRBV20-1,TRBJ2-1,SASRTAKYNEHF,1
TRBV20-1,TRBJ2-1,SASRTAKYNEQF,23
TRBV20-1,TRBJ2-1,SASRTALHNEQF,1
TRBV20-1,TRBJ2-1,SASRTAMNEQF,1
TRBV20-1,TRBJ2-1,SASRTANDEQF,1
TRBV20-1,TRBJ2-1,SASRTANEQF,5
TRBV20-1,TRBJ2-1,SASRTANNEQF,3
TRBV20-1,TRBJ2-1,SASRTANSYNEQF,2
TRBV20-1,TRBJ2-1,SASRTAPRNEQF,1
TRBV20-1,TRBJ2-1,SASRTAQHNEQF,1
TRBV20-1,TRBJ2-1,SASRTAQTRF,1
TRBV20-1,TRBJ2-1,SASRTARHKEQF,1
TRBV20-1,TRBJ2-1,SASRTARHNEHF,3
TRBV20-1,TRBJ2-1,SASRTARHNEKF,1
TRBV20-1,TRBJ2-1,SASRTARHNEQF,110
TRBV20-1,TRBJ2-1,SASRTARHNGQF,1
TRBV20-1,TRBJ2-1,SASRTARHYEQF,1
TRBV20-1,TRBJ2-1,SASRTARNNEQF,1
TRBV20-1,TRBJ2-1,SASRTARPNEQF,1
TRBV20-1,TRBJ2-1,SASRTARRNEQF,1
TRBV20-1,TRBJ2-1,SASRTASGYNEQF,1
TRBV20-1,TRBJ2-1,SASRTASLLNEQF,1
TRBV20-1,TRBJ2-1,SASRTASSSYNEQF,1
TRBV20-1,TRBJ2-1,SASRTASSYEQF,3
TRBV20-1,TRBJ2-1,SASRTASSYNEQF,4
TRBV20-1,TRBJ2-1,SASRTASYNEQF,3
TRBV20-1,TRBJ2-1,SASRTATSHNEQF,1
TRBV20-1,TRBJ2-1,SASRTATVSYNEQF,1
TRBV20-1,TRBJ2-1,SASRTATYNEQF,2
TRBV20-1,TRBJ2-1,SASRTAVDEQF,1
TRBV20-1,TRBJ2-1,SASRTAVVSYNEQF,1
TRBV20-1,TRBJ2-1,SASRTAVYNEQF,2
TRBV20-1,TRBJ2-1,SASRTAYNEQF,15
TRBV20-1,TRBJ2-1,SASRTAYSYNEQF,1
TRBV20-1,TRBJ2-1,SASRTCGRGNEEF,1
TRBV20-1,TRBJ2-1,SASRTDASYNEQF,1
TRBV20-1,TRBJ2-1,SASRTDEQF,12
TRBV20-1,TRBJ2-1,SASRTDHNEQF,1
TRBV20-1,TRBJ2-1,SASRTDKGLNEQF,1
TRBV20-1,TRBJ2-1,SASRTDKPYNEQF,1
TRBV20-1,TRBJ2-1,SASRTDLWDEQF,1
TRBV20-1,TRBJ2-1,SASRTDLYNEQF,3
TRBV20-1,TRBJ2-1,SASRTDNEQF,21
TRBV20-1,TRBJ2-1,SASRTDPYDEQF,2
TRBV20-1,TRBJ2-1,SASRTDPYNEQF,6
TRBV20-1,TRBJ2-1,SASRTDRAYYNEQF,9
TRBV20-1,TRBJ2-1,SASRTDRGYNEQF,1
TRBV20-1,TRBJ2-1,SASRTDRVGYNEQF,1
TRBV20-1,TRBJ2-1,SASRTDRVLDNEQF,15
TRBV20-1,TRBJ2-1,SASRTDSFSYNEQF,1
TRBV20-1,TRBJ2-1,SASRTDSGGLHEQF,1
TRBV20-1,TRBJ2-1,SASRTDSYNEQF,1
TRBV20-1,TRBJ2-1,SASRTDTLRNEQF,9
TRBV20-1,TRBJ2-1,SASRTDTPRNEQF,1
TRBV20-1,TRBJ2-1,SASRTDYEQF,1
TRBV20-1,TRBJ2-1,SASRTDYNEQF,9
TRBV20-1,TRBJ2-1,SASRTEGVWHEQF,1
TRBV20-1,TRBJ2-1,SASRTEIYNEQF,1
TRBV20-1,TRBJ2-1,SASRTEKNNEQF,1
TRBV20-1,TRBJ2-1,SASRTENEQF,1
TRBV20-1,TRBJ2-1,SASRTERHNEQF,1
TRBV20-1,TRBJ2-1,SASRTERTTYNEQF,1
TRBV20-1,TRBJ2-1,SASRTESHNEQF,1
TRBV20-1,TRBJ2-1,SASRTESYNEQF,3
TRBV20-1,TRBJ2-1,SASRTEVALGNEQF,1
TRBV20-1,TRBJ2-1,SASRTEVYNEQF,1
TRBV20-1,TRBJ2-1,SASRTEYNEQF,1
TRBV20-1,TRBJ2-1,SASRTEYSYNEQF,1
TRBV20-1,TRBJ2-1,SASRTFAGFRGNEQF,1
TRBV20-1,TRBJ2-1,SASRTFNEQF,5
TRBV20-1,TRBJ2-1,SASRTFSGSMNEQF,4
TRBV20-1,TRBJ2-1,SASRTFSYNEQF,2
TRBV20-1,TRBJ2-1,SASRTGAGDDEQF,1
TRBV20-1,TRBJ2-1,SASRTGAGYNEQF,1
TRBV20-1,TRBJ2-1,SASRTGAHNEQF,2
TRBV20-1,TRBJ2-1,SASRTGAISYNEQF,1
TRBV20-1,TRBJ2-1,SASRTGAKNEQF,1
TRBV20-1,TRBJ2-1,SASRTGAL,5
TRBV20-1,TRBJ2-1,SASRTGALSSYNEQF,1
TRBV20-1,TRBJ2-1,SASRTGALYNEQF,1
TRBV20-1,TRBJ2-1,SASRTGANEQF,1
TRBV20-1,TRBJ2-1,SASRTGANNEQF,1
TRBV20-1,TRBJ2-1,SASRTGAPDNEQF,1
TRBV20-1,TRBJ2-1,SASRTGARNEQF,1
TRBV20-1,TRBJ2-1,SASRTGARYNEQF,1
TRBV20-1,TRBJ2-1,SASRTGASPSDEQF,1
TRBV20-1,TRBJ2-1,SASRTGDAYNEQF,4
TRBV20-1,TRBJ2-1,SASRTGDDEQF,1
TRBV20-1,TRBJ2-1,SASRTGDEQF,5
TRBV20-1,TRBJ2-1,SASRTGDFYNEQF,3
TRBV20-1,TRBJ2-1,SASRTGDIYNEQF,1
TRBV20-1,TRBJ2-1,SASRTGDLYNEQF,1
TRBV20-1,TRBJ2-1,SASRTGDNEQF,8
TRBV20-1,TRBJ2-1,SASRTGDNNEQF,1
TRBV20-1,TRBJ2-1,SASRTGDNYNEQF,1
TRBV20-1,TRBJ2-1,SASRTGDQYNEQF,1
TRBV20-1,TRBJ2-1,SASRTGDRYNEQF,1
TRBV20-1,TRBJ2-1,SASRTGDSYNEQF,1
TRBV20-1,TRBJ2-1,SASRTGDYEQF,2
TRBV20-1,TRBJ2-1,SASRTGDYNEQF,3
TRBV20-1,TRBJ2-1,SASRTGDYWNEQF,1
TRBV20-1,TRBJ2-1,SASRTGEASSYNEQF,1
TRBV20-1,TRBJ2-1,SASRTGEAYNEQF,4
TRBV20-1,TRBJ2-1,SASRTGEDEQF,1
TRBV20-1,TRBJ2-1,SASRTGEGDEQF,2
TRBV20-1,TRBJ2-1,SASRTGEGSANEQF,1
TRBV20-1,TRBJ2-1,SASRTGELDEQF,1
TRBV20-1,TRBJ2-1,SASRTGENEQF,4
TRBV20-1,TRBJ2-1,SASRTGEPNEQF,3
TRBV20-1,TRBJ2-1,SASRTGEPYNEQF,2
TRBV20-1,TRBJ2-1,SASRTGEQF,2
TRBV20-1,TRBJ2-1,SASRTGEVPGHEQF,1
TRBV20-1,TRBJ2-1,SASRTGEYEQF,1
TRBV20-1,TRBJ2-1,SASRTGFADEQF,1
TRBV20-1,TRBJ2-1,SASRTGFENNEQF,1
TRBV20-1,TRBJ2-1,SASRTGFEQF,2
TRBV20-1,TRBJ2-1,SASRTGFNEQF,1
TRBV20-1,TRBJ2-1,SASRTGGANDEQF,2
TRBV20-1,TRBJ2-1,SASRTGGAYNEQF,1
TRBV20-1,TRBJ2-1,SASRTGGDEQF,1
TRBV20-1,TRBJ2-1,SASRTGGDFDAQF,1
TRBV20-1,TRBJ2-1,SASRTGGENEQF,1
TRBV20-1,TRBJ2-1,SASRTGGFGRINEQF,1
TRBV20-1,TRBJ2-1,SASRTGGGEQF,3
TRBV20-1,TRBJ2-1,SASRTGGGGAYNEQF,1
TRBV20-1,TRBJ2-1,SASRTGGGGDNEQF,1
TRBV20-1,TRBJ2-1,SASRTGGGNEQF,2
TRBV20-1,TRBJ2-1,SASRTGGGNNEQF,4
TRBV20-1,TRBJ2-1,SASRTGGGTEQF,3
TRBV20-1,TRBJ2-1,SASRTGGIDEQF,1
TRBV20-1,TRBJ2-1,SASRTGGIHEQF,1
TRBV20-1,TRBJ2-1,SASRTGGINEQF,6
TRBV20-1,TRBJ2-1,SASRTGGIYNEQF,1
TRBV20-1,TRBJ2-1,SASRTGGLDNEQF,1
TRBV20-1,TRBJ2-1,SASRTGGLNEQF,5
TRBV20-1,TRBJ2-1,SASRTGGNEQF,18
TRBV20-1,TRBJ2-1,SASRTGGNNEQF,1
TRBV20-1,TRBJ2-1,SASRTGGPPHNEQF,1
TRBV20-1,TRBJ2-1,SASRTGGPSSYNEQF,1
TRBV20-1,TRBJ2-1,SASRTGGPTDEQF,1
TRBV20-1,TRBJ2-1,SASRTGGRGYNEQF,1
TRBV20-1,TRBJ2-1,SASRTGGRTSLLSYNEQF,1
TRBV20-1,TRBJ2-1,SASRTGGRYNEQF,1
TRBV20-1,TRBJ2-1,SASRTGGSNEQF,9
TRBV20-1,TRBJ2-1,SASRTGGSSNEQF,1
TRBV20-1,TRBJ2-1,SASRTGGSSYNEQF,1
TRBV20-1,TRBJ2-1,SASRTGGSYNEQF,5
TRBV20-1,TRBJ2-1,SASRTGGTYNEQF,4
TRBV20-1,TRBJ2-1,SASRTGGVDEQF,1
TRBV20-1,TRBJ2-1,SASRTGGVNEQF,1
TRBV20-1,TRBJ2-1,SASRTGGWEQF,2
TRBV20-1,TRBJ2-1,SASRTGGWGEQF,5
TRBV20-1,TRBJ2-1,SASRTGGWNEQF,2
TRBV20-1,TRBJ2-1,SASRTGGWYNEQF,1
TRBV20-1,TRBJ2-1,SASRTGGYEQF,1
TRBV20-1,TRBJ2-1,SASRTGGYNEQF,13
TRBV20-1,TRBJ2-1,SASRTGHEQF,1
TRBV20-1,TRBJ2-1,SASRTGHNEQF,2
TRBV20-1,TRBJ2-1,SASRTGIDNEQF,1
TRBV20-1,TRBJ2-1,SASRTGIHEQF,1
TRBV20-1,TRBJ2-1,SASRTGIISYNEQF,1
TRBV20-1,TRBJ2-1,SASRTGILNYNEQF,1
TRBV20-1,TRBJ2-1,SASRTGINEQF,1
TRBV20-1,TRBJ2-1,SASRTGINNEQF,1
TRBV20-1,TRBJ2-1,SASRTGIRNEQF,1
TRBV20-1,TRBJ2-1,SASRTGISYNEQF,4
TRBV20-1,TRBJ2-1,SASRTGIYDEQF,1
TRBV20-1,TRBJ2-1,SASRTGIYEQF,7
TRBV20-1,TRBJ2-1,SASRTGIYNEQF,4
TRBV20-1,TRBJ2-1,SASRTGKSDNEQF,1
TRBV20-1,TRBJ2-1,SASRTGKSSYNEQF,1
TRBV20-1,TRBJ2-1,SASRTGLAGDYNEQF,1
TRBV20-1,TRBJ2-1,SASRTGLAGINEQF,1
TRBV20-1,TRBJ2-1,SASRTGLAGWGSYNEQF,1
TRBV20-1,TRBJ2-1,SASRTGLAHNEQF,1
TRBV20-1,TRBJ2-1,SASRTGLDEQF,1
TRBV20-1,TRBJ2-1,SASRTGLGNEQF,4
TRBV20-1,TRBJ2-1,SASRTGLGR,3
TRBV20-1,TRBJ2-1,SASRTGLHYNEQF,1
TRBV20-1,TRBJ2-1,SASRTGLIYNEQF,1
TRBV20-1,TRBJ2-1,SASRTGLMHEQF,1
TRBV20-1,TRBJ2-1,SASRTGLRNEQF,1
TRBV20-1,TRBJ2-1,SASRTGLSNEQF,2
TRBV20-1,TRBJ2-1,SASRTGLVGRDNEQF,1
TRBV20-1,TRBJ2-1,SASRTGLWNEQF,1
TRBV20-1,TRBJ2-1,SASRTGLYNEQF,18
TRBV20-1,TRBJ2-1,SASRTGMYNEQF,7
TRBV20-1,TRBJ2-1,SASRTGNEQF,16
TRBV20-1,TRBJ2-1,SASRTGNHNEQF,1
TRBV20-1,TRBJ2-1,SASRTGNLNEQF,1
TRBV20-1,TRBJ2-1,SASRTGNLNNEQF,1
TRBV20-1,TRBJ2-1,SASRTGNNEQF,5
TRBV20-1,TRBJ2-1,SASRTGNYNEQF,3
TRBV20-1,TRBJ2-1,SASRTGPERVYNEQF,1
TRBV20-1,TRBJ2-1,SASRTGPGGQEYNEQF,1
TRBV20-1,TRBJ2-1,SASRTGPGNEQF,1
TRBV20-1,TRBJ2-1,SASRTGPNEQF,1
TRBV20-1,TRBJ2-1,SASRTGPNNEQF,1
TRBV20-1,TRBJ2-1,SASRTGPQNEQF,1
TRBV20-1,TRBJ2-1,SASRTGPSYNEQF,2
TRBV20-1,TRBJ2-1,SASRTGPYNEQF,3
TRBV20-1,TRBJ2-1,SASRTGQGSNEQF,1
TRBV20-1,TRBJ2-1,SASRTGQGTNEQF,1
TRBV20-1,TRBJ2-1,SASRTGQIYNEQF,9
TRBV20-1,TRBJ2-1,SASRTGQIYTEQF,1
TRBV20-1,TRBJ2-1,SASRTGQNEQF,1
TRBV20-1,TRBJ2-1,SASRTGQSYSGLF,1
TRBV20-1,TRBJ2-1,SASRTGQYNEQF,4
TRBV20-1,TRBJ2-1,SASRTGRDEQF,1
TRBV20-1,TRBJ2-1,SASRTGRDNEQF,1
TRBV20-1,TRBJ2-1,SASRTGRDYNEQF,1
TRBV20-1,TRBJ2-1,SASRTGRFFDEQF,1
TRBV20-1,TRBJ2-1,SASRTGRGDEQF,1
TRBV20-1,TRBJ2-1,SASRTGRGNEQF,1
TRBV20-1,TRBJ2-1,SASRTGRLAVNEQF,4
TRBV20-1,TRBJ2-1,SASRTGRMGNEQF,1
TRBV20-1,TRBJ2-1,SASRTGRNEQF,1
TRBV20-1,TRBJ2-1,SASRTGRNPYNEQF,1
TRBV20-1,TRBJ2-1,SASRTGRRSDNEQF,1
TRBV20-1,TRBJ2-1,SASRTGRSTDEQF,1
TRBV20-1,TRBJ2-1,SASRTGRSYNEQF,3
TRBV20-1,TRBJ2-1,SASRTGSDNEQF,1
TRBV20-1,TRBJ2-1,SASRTGSGNNEQF,3
TRBV20-1,TRBJ2-1,SASRTGSGRDEQF,2
TRBV20-1,TRBJ2-1,SASRTGSHNEQF,1
TRBV20-1,TRBJ2-1,SASRTGSKENEQF,1
TRBV20-1,TRBJ2-1,SASRTGSNEQF,2
TRBV20-1,TRBJ2-1,SASRTGSPYNEQF,2
TRBV20-1,TRBJ2-1,SASRTGSSSYNEQF,2
TRBV20-1,TRBJ2-1,SASRTGSSYNEQF,7
TRBV20-1,TRBJ2-1,SASRTGSTYNEQF,1
TRBV20-1,TRBJ2-1,SASRTGSVSYNEQC,1
TRBV20-1,TRBJ2-1,SASRTGSVSYNEQF,3
TRBV20-1,TRBJ2-1,SASRTGSYNEQF,18
TRBV20-1,TRBJ2-1,SASRTGSYYEQF,1
TRBV20-1,TRBJ2-1,SASRTGTDDEQF,1
TRBV20-1,TRBJ2-1,SASRTGTDEQF,1
TRBV20-1,TRBJ2-1,SASRTGTGARNEQF,1
TRBV20-1,TRBJ2-1,SASRTGTGAYNEQF,1
TRBV20-1,TRBJ2-1,SASRTGTGENEQF,1
TRBV20-1,TRBJ2-1,SASRTGTGFINEQF,1
TRBV20-1,TRBJ2-1,SASRTGTGFYNEQF,1
TRBV20-1,TRBJ2-1,SASRTGTGLYNEQF,5
TRBV20-1,TRBJ2-1,SASRTGTGNEQF,2
TRBV20-1,TRBJ2-1,SASRTGTGSYNEQF,1
TRBV20-1,TRBJ2-1,SASRTGTGWHNEQF,1
TRBV20-1,TRBJ2-1,SASRTGTLADEQF,1
TRBV20-1,TRBJ2-1,SASRTGTNEQF,1
TRBV20-1,TRBJ2-1,SASRTGTNYNEQF,1
TRBV20-1,TRBJ2-1,SASRTGTPSYEQF,1
TRBV20-1,TRBJ2-1,SASRTGTQDNEQF,1
TRBV20-1,TRBJ2-1,SASRTGTRNEQF,1
TRBV20-1,TRBJ2-1,SASRTGTSAYNEQF,1
TRBV20-1,TRBJ2-1,SASRTGTSFYNEQF,1
TRBV20-1,TRBJ2-1,SASRTGTSGLNEQF,1
TRBV20-1,TRBJ2-1,SASRTGTSGRTSSYNEQF,1
TRBV20-1,TRBJ2-1,SASRTGTSGSIFYNEQF,1
TRBV20-1,TRBJ2-1,SASRTGTSGTYNEQF,1
TRBV20-1,TRBJ2-1,SASRTGTSGWSSYNEQF,1
TRBV20-1,TRBJ2-1,SASRTGTSPGNEQF,1
TRBV20-1,TRBJ2-1,SASRTGTSRLYNEQF,1
TRBV20-1,TRBJ2-1,SASRTGTSVYNEQF,2
TRBV20-1,TRBJ2-1,SASRTGTTAYNEQF,1
TRBV20-1,TRBJ2-1,SASRTGTTYWDEQF,1
TRBV20-1,TRBJ2-1,SASRTGTYNEQF,3
TRBV20-1,TRBJ2-1,SASRTGTYPNKEQF,1
TRBV20-1,TRBJ2-1,SASRTGTYPNNEQF,16
TRBV20-1,TRBJ2-1,SASRTGTYPNNVQF,1
TRBV20-1,TRBJ2-1,SASRTGTYYNEQF,1
TRBV20-1,TRBJ2-1,SASRTGVDEQF,1
TRBV20-1,TRBJ2-1,SASRTGVGNEQF,4
TRBV20-1,TRBJ2-1,SASRTGVINEQF,1
TRBV20-1,TRBJ2-1,SASRTGVLNEQF,2
TRBV20-1,TRBJ2-1,SASRTGVNEQF,2
TRBV20-1,TRBJ2-1,SASRTGVNNEQF,4
TRBV20-1,TRBJ2-1,SASRTGVNNGQF,1
TRBV20-1,TRBJ2-1,SASRTGVPDNEQF,1
TRBV20-1,TRBJ2-1,SASRTGVPNEQF,1
TRBV20-1,TRBJ2-1,SASRTGVPYNEQF,1
TRBV20-1,TRBJ2-1,SASRTGVRDEQF,1
TRBV20-1,TRBJ2-1,SASRTGVSNEQF,1
TRBV20-1,TRBJ2-1,SASRTGVSSYNEQF,1
TRBV20-1,TRBJ2-1,SASRTGVTNEQF,1
TRBV20-1,TRBJ2-1,SASRTGVYNEQF,3
TRBV20-1,TRBJ2-1,SASRTGWINEQF,1
TRBV20-1,TRBJ2-1,SASRTGWNEQF,1
TRBV20-1,TRBJ2-1,SASRTGWYDEQF,1
TRBV20-1,TRBJ2-1,SASRTGYEQF,1
TRBV20-1,TRBJ2-1,SASRTGYNEQF,11
TRBV20-1,TRBJ2-1,SASRTGYPDEQF,1
TRBV20-1,TRBJ2-1,SASRTGYSSYNEQF,1
TRBV20-1,TRBJ2-1,SASRTHDTAWRYEQF,1
TRBV20-1,TRBJ2-1,SASRTHEQF,1
TRBV20-1,TRBJ2-1,SASRTHNEQF,3
TRBV20-1,TRBJ2-1,SASRTIAGVYNEQF,1
TRBV20-1,TRBJ2-1,SASRTIDNEQF,1
TRBV20-1,TRBJ2-1,SASRTIGGPSSYNEQF,1
TRBV20-1,TRBJ2-1,SASRTIGGSYNEQF,1
TRBV20-1,TRBJ2-1,SASRTIGGTYNEQF,9
TRBV20-1,TRBJ2-1,SASRTIGNEQF,1
TRBV20-1,TRBJ2-1,SASRTIKDEQF,6
TRBV20-1,TRBJ2-1,SASRTILDEQF,2
TRBV20-1,TRBJ2-1,SASRTILYNEQF,1
TRBV20-1,TRBJ2-1,SASRTINEQF,2
TRBV20-1,TRBJ2-1,SASRTINNEQF,5
TRBV20-1,TRBJ2-1,SASRTISSSYNEQF,2
TRBV20-1,TRBJ2-1,SASRTIVLGGNEQF,1
TRBV20-1,TRBJ2-1,SASRTIYEQF,1
TRBV20-1,TRBJ2-1,SASRTKDNEQF,1
TRBV20-1,TRBJ2-1,SASRTKSYNEQF,1
TRBV20-1,TRBJ2-1,SASRTKTNEQF,1
TRBV20-1,TRBJ2-1,SASRTKTYNEQF,1
TRBV20-1,TRBJ2-1,SASRTKVYNEQF,1
TRBV20-1,TRBJ2-1,SASRTKYNEQF,1
TRBV20-1,TRBJ2-1,SASRTLAGAVFNEQF,1
TRBV20-1,TRBJ2-1,SASRTLAGEGNEQF,1
TRBV20-1,TRBJ2-1,SASRTLAGGAHSYNEQF,1
TRBV20-1,TRBJ2-1,SASRTLAGGNEQF,1
TRBV20-1,TRBJ2-1,SASRTLAGGNNEQF,1
TRBV20-1,TRBJ2-1,SASRTLAGGYNEQF,6
TRBV20-1,TRBJ2-1,SASRTLAGLYNEQF,1
TRBV20-1,TRBJ2-1,SASRTLAGYNEQF,1
TRBV20-1,TRBJ2-1,SASRTLAISHEQF,1
TRBV20-1,TRBJ2-1,SASRTLAYNEQF,1
TRBV20-1,TRBJ2-1,SASRTLDPDNEQF,1
TRBV20-1,TRBJ2-1,SASRTLDVSYNEQF,1
TRBV20-1,TRBJ2-1,SASRTLERNEQF,1
TRBV20-1,TRBJ2-1,SASRTLGDEQF,1
TRBV20-1,TRBJ2-1,SASRTLGEFAMNEQF,1
TRBV20-1,TRBJ2-1,SASRTLGELAFYNEQF,1
TRBV20-1,TRBJ2-1,SASRTLGNEQF,1
TRBV20-1,TRBJ2-1,SASRTLGQGPYNEQF,1
TRBV20-1,TRBJ2-1,SASRTLGSVAYNEQF,1
TRBV20-1,TRBJ2-1,SASRTLHEYNEQF,1
TRBV20-1,TRBJ2-1,SASRTLHYNEQF,1
TRBV20-1,TRBJ2-1,SASRTLNEQF,2
TRBV20-1,TRBJ2-1,SASRTLNFYNEQF,1
TRBV20-1,TRBJ2-1,SASRTLNNEQF,1
TRBV20-1,TRBJ2-1,SASRTLPYNEQF,1
TRBV20-1,TRBJ2-1,SASRTLQAGNEQF,1
TRBV20-1,TRBJ2-1,SASRTLRLNEQF,1
TRBV20-1,TRBJ2-1,SASRTLRTGVNEQF,1
TRBV20-1,TRBJ2-1,SASRTLRYNEQF,1
TRBV20-1,TRBJ2-1,SASRTLSEQF,1
TRBV20-1,TRBJ2-1,SASRTLSSYNEQF,1
TRBV20-1,TRBJ2-1,SASRTLSWGNEQF,1
TRBV20-1,TRBJ2-1,SASRTLTSRYNEQF,1
TRBV20-1,TRBJ2-1,SASRTLVGSSYNEQF,1
TRBV20-1,TRBJ2-1,SASRTLYNEQF,7
TRBV20-1,TRBJ2-1,SASRTMFDEQF,1
TRBV20-1,TRBJ2-1,SASRTMGYNEQF,1
TRBV20-1,TRBJ2-1,SASRTMPSSYNEQF,1
TRBV20-1,TRBJ2-1,SASRTNAYNEQF,1
TRBV20-1,TRBJ2-1,SASRTNEQF,7
TRBV20-1,TRBJ2-1,SASRTNKPSYNEQF,3
TRBV20-1,TRBJ2-1,SASRTNNEQF,12
TRBV20-1,TRBJ2-1,SASRTNSYNEQF,1
TRBV20-1,TRBJ2-1,SASRTNYNEQF,3
TRBV20-1,TRBJ2-1,SASRTPAILAGEGEQF,5
TRBV20-1,TRBJ2-1,SASRTPDEQF,2
TRBV20-1,TRBJ2-1,SASRTPEQF,6
TRBV20-1,TRBJ2-1,SASRTPGLFYNEQF,1
TRBV20-1,TRBJ2-1,SASRTPGPTHNEQF,2
TRBV20-1,TRBJ2-1,SASRTPGQGVSYNEQF,1
TRBV20-1,TRBJ2-1,SASRTPHEQF,1
TRBV20-1,TRBJ2-1,SASRTPNEQF,3
TRBV20-1,TRBJ2-1,SASRTPNNEQF,1
TRBV20-1,TRBJ2-1,SASRTPPRRNEQF,1
TRBV20-1,TRBJ2-1,SASRTPRDEQF,1
TRBV20-1,TRBJ2-1,SASRTPRGGLTTYNEQF,1
TRBV20-1,TRBJ2-1,SASRTPRNEQF,1
TRBV20-1,TRBJ2-1,SASRTPRNNEQF,1
TRBV20-1,TRBJ2-1,SASRTPRRATYNEQF,1
TRBV20-1,TRBJ2-1,SASRTPRVDEQF,1
TRBV20-1,TRBJ2-1,SASRTPSHNEQF,1
TRBV20-1,TRBJ2-1,SASRTPSNEQF,1
TRBV20-1,TRBJ2-1,SASRTPSSSYNEQF,5
TRBV20-1,TRBJ2-1,SASRTPSYNEQF,1
TRBV20-1,TRBJ2-1,SASRTPVDNEQF,1
TRBV20-1,TRBJ2-1,SASRTPVYNEQF,1
TRBV20-1,TRBJ2-1,SASRTPYNEQF,3
TRBV20-1,TRBJ2-1,SASRTPYPYDEQF,1
TRBV20-1,TRBJ2-1,SASRTQEDEQF,1
TRBV20-1,TRBJ2-1,SASRTQGNEQF,2
TRBV20-1,TRBJ2-1,SASRTQGRFYNEQF,1
TRBV20-1,TRBJ2-1,SASRTQGSNEQF,1
TRBV20-1,TRBJ2-1,SASRTQGTLYNEQF,1
TRBV20-1,TRBJ2-1,SASRTQIYNEQF,1
TRBV20-1,TRBJ2-1,SASRTQKTRGYNEQF,1
TRBV20-1,TRBJ2-1,SASRTQNEQF,1
TRBV20-1,TRBJ2-1,SASRTQPNEQF,1
TRBV20-1,TRBJ2-1,SASRTQRYNEQF,1
TRBV20-1,TRBJ2-1,SASRTQSGNEQF,1
TRBV20-1,TRBJ2-1,SASRTQSYNEQF,1
TRBV20-1,TRBJ2-1,SASRTQTNEQF,1
TRBV20-1,TRBJ2-1,SASRTQVDEQF,1
TRBV20-1,TRBJ2-1,SASRTQVSYNEQF,1
TRBV20-1,TRBJ2-1,SASRTRAASNEQF,1
TRBV20-1,TRBJ2-1,SASRTRAFYNEQF,4
TRBV20-1,TRBJ2-1,SASRTRARGDYNEQF,1
TRBV20-1,TRBJ2-1,SASRTRASSYNEQF,1
TRBV20-1,TRBJ2-1,SASRTRAYNEQF,2
TRBV20-1,TRBJ2-1,SASRTRDEQF,1
TRBV20-1,TRBJ2-1,SASRTRDHEQF,1
TRBV20-1,TRBJ2-1,SASRTRDNAQF,1
TRBV20-1,TRBJ2-1,SASRTRDNEKF,1
TRBV20-1,TRBJ2-1,SASRTRDNEQF,64
TRBV20-1,TRBJ2-1,SASRTRENEQF,1
TRBV20-1,TRBJ2-1,SASRTRFSNEQF,2
TRBV20-1,TRBJ2-1,SASRTRGDEQF,1
TRBV20-1,TRBJ2-1,SASRTRGGEQF,2
TRBV20-1,TRBJ2-1,SASRTRGGGYNEQF,1
TRBV20-1,TRBJ2-1,SASRTRGGNEQF,2
TRBV20-1,TRBJ2-1,SASRTRGHEQF,1
TRBV20-1,TRBJ2-1,SASRTRGHNEQF,1
TRBV20-1,TRBJ2-1,SASRTRGNEQF,4
TRBV20-1,TRBJ2-1,SASRTRGNTYNEQF,1
TRBV20-1,TRBJ2-1,SASRTRGNYNEQF,1
TRBV20-1,TRBJ2-1,SASRTRGSEQF,1
TRBV20-1,TRBJ2-1,SASRTRGSSYNEQF,1
TRBV20-1,TRBJ2-1,SASRTRGTSGYNEQF,1
TRBV20-1,TRBJ2-1,SASRTRGVNEQF,1
TRBV20-1,TRBJ2-1,SASRTRGYNEQF,1
TRBV20-1,TRBJ2-1,SASRTRHNEQF,2
TRBV20-1,TRBJ2-1,SASRTRIYNEQF,2
TRBV20-1,TRBJ2-1,SASRTRLDEQF,1
TRBV20-1,TRBJ2-1,SASRTRLFDEQF,1
TRBV20-1,TRBJ2-1,SASRTRLINEQF,1
TRBV20-1,TRBJ2-1,SASRTRNEQF,5
TRBV20-1,TRBJ2-1,SASRTRNNEQF,1
TRBV20-1,TRBJ2-1,SASRTRPSYNEQF,1
TRBV20-1,TRBJ2-1,SASRTRRGDEQF,2
TRBV20-1,TRBJ2-1,SASRTRSRGNEQF,6
TRBV20-1,TRBJ2-1,SASRTRSSYNEQF,1
TRBV20-1,TRBJ2-1,SASRTRSYNEQF,2
TRBV20-1,TRBJ2-1,SASRTRTRYNEQF,1
TRBV20-1,TRBJ2-1,SASRTRTSASYNEQF,1
TRBV20-1,TRBJ2-1,SASRTRTYNEQF,3
TRBV20-1,TRBJ2-1,SASRTRVTNEQF,2
TRBV20-1,TRBJ2-1,SASRTRVYNEQF,14
TRBV20-1,TRBJ2-1,SASRTRWDEQF,1
TRBV20-1,TRBJ2-1,SASRTRWGSYNEQF,1
TRBV20-1,TRBJ2-1,SASRTRWMAYNAQF,1
TRBV20-1,TRBJ2-1,SASRTRYNEQF,3
TRBV20-1,TRBJ2-1,SASRTRYTNEQF,1
TRBV20-1,TRBJ2-1,SASRTSANEQF,2
TRBV20-1,TRBJ2-1,SASRTSANSYNEQF,1
TRBV20-1,TRBJ2-1,SASRTSAPYNEQF,1
TRBV20-1,TRBJ2-1,SASRTSARYGVYNEQF,1
TRBV20-1,TRBJ2-1,SASRTSARYNEQF,1
TRBV20-1,TRBJ2-1,SASRTSASNEQF,1
TRBV20-1,TRBJ2-1,SASRTSASSYNEQF,1
TRBV20-1,TRBJ2-1,SASRTSASYNEQF,1
TRBV20-1,TRBJ2-1,SASRTSATIYNEQF,1
TRBV20-1,TRBJ2-1,SASRTSATYNEQF,1
TRBV20-1,TRBJ2-1,SASRTSAYNEQF,10
TRBV20-1,TRBJ2-1,SASRTSDDNEQF,1
TRBV20-1,TRBJ2-1,SASRTSDEQF,4
TRBV20-1,TRBJ2-1,SASRTSDFYNEQF,1
TRBV20-1,TRBJ2-1,SASRTSDGYNEQF,1
TRBV20-1,TRBJ2-1,SASRTSDLNEQF,1
TRBV20-1,TRBJ2-1,SASRTSDNEQF,7
TRBV20-1,TRBJ2-1,SASRTSDPYNEQF,2
TRBV20-1,TRBJ2-1,SASRTSDQF,1
TRBV20-1,TRBJ2-1,SASRTSDRTWGDEQF,4
TRBV20-1,TRBJ2-1,SASRTSDSYNEQF,1
TRBV20-1,TRBJ2-1,SASRTSDYNEQF,7
TRBV20-1,TRBJ2-1,SASRTSDYYNEQF,1
TRBV20-1,TRBJ2-1,SASRTSEDNEQF,2
TRBV20-1,TRBJ2-1,SASRTSELNEQF,1
TRBV20-1,TRBJ2-1,SASRTSFGNEQF,1
TRBV20-1,TRBJ2-1,SASRTSFNEQF,1
TRBV20-1,TRBJ2-1,SASRTSGAAYNEQF,1
TRBV20-1,TRBJ2-1,SASRTSGADNEQF,1
TRBV20-1,TRBJ2-1,SASRTSGAFNEQF,1
TRBV20-1,TRBJ2-1,SASRTSGAIYNEQF,1
TRBV20-1,TRBJ2-1,SASRTSGALYNEQF,1
TRBV20-1,TRBJ2-1,SASRTSGANEQF,3
TRBV20-1,TRBJ2-1,SASRTSGAPDEQF,1
TRBV20-1,TRBJ2-1,SASRTSGAPNEQF,5
TRBV20-1,TRBJ2-1,SASRTSGAYEQF,1
TRBV20-1,TRBJ2-1,SASRTSGAYNEQF,20
TRBV20-1,TRBJ2-1,SASRTSGDEQF,1
TRBV20-1,TRBJ2-1,SASRTSGDFYNEQF,2
TRBV20-1,TRBJ2-1,SASRTSGDNEQF,17
TRBV20-1,TRBJ2-1,SASRTSGDSNEQF,1
TRBV20-1,TRBJ2-1,SASRTSGDSYNEQF,1
TRBV20-1,TRBJ2-1,SASRTSGDYNEQF,2
TRBV20-1,TRBJ2-1,SASRTSGEGPQF,1
TRBV20-1,TRBJ2-1,SASRTSGENEQF,2
TRBV20-1,TRBJ2-1,SASRTSGFDEQF,1
TRBV20-1,TRBJ2-1,SASRTSGFGNEQF,1
TRBV20-1,TRBJ2-1,SASRTSGFNEQF,3
TRBV20-1,TRBJ2-1,SASRTSGFNSYNEQF,1
TRBV20-1,TRBJ2-1,SASRTSGFPPNEQF,1
TRBV20-1,TRBJ2-1,SASRTSGFRDEQF,1
TRBV20-1,TRBJ2-1,SASRTSGFSSYNEQF,1
TRBV20-1,TRBJ2-1,SASRTSGFTSYNEQF,1
TRBV20-1,TRBJ2-1,SASRTSGFVNEQF,2
TRBV20-1,TRBJ2-1,SASRTSGFYNEQF,2
TRBV20-1,TRBJ2-1,SASRTSGGAGEQF,1
TRBV20-1,TRBJ2-1,SASRTSGGAGNEQF,1
TRBV20-1,TRBJ2-1,SASRTSGGAIYEQF,1
TRBV20-1,TRBJ2-1,SASRTSGGANEQF,2
TRBV20-1,TRBJ2-1,SASRTSGGAYNEQF,1
TRBV20-1,TRBJ2-1,SASRTSGGDEQF,1
TRBV20-1,TRBJ2-1,SASRTSGGDNEQF,7
TRBV20-1,TRBJ2-1,SASRTSGGEQF,5
TRBV20-1,TRBJ2-1,SASRTSGGFNEQF,2
TRBV20-1,TRBJ2-1,SASRTSGGGEQF,1
TRBV20-1,TRBJ2-1,SASRTSGGGNEQF,2
TRBV20-1,TRBJ2-1,SASRTSGGHEQF,1
TRBV20-1,TRBJ2-1,SASRTSGGIHNEQF,1
TRBV20-1,TRBJ2-1,SASRTSGGIWNEQF,3
TRBV20-1,TRBJ2-1,SASRTSGGIYYNEQF,6
TRBV20-1,TRBJ2-1,SASRTSGGLNEQF,2
TRBV20-1,TRBJ2-1,SASRTSGGLSYNEQF,1
TRBV20-1,TRBJ2-1,SASRTSGGMLGNEQF,1
TRBV20-1,TRBJ2-1,SASRTSGGNEQF,15
TRBV20-1,TRBJ2-1,SASRTSGGNNEQF,1
TRBV20-1,TRBJ2-1,SASRTSGGPGNEQF,1
TRBV20-1,TRBJ2-1,SASRTSGGPRNNEQF,1
TRBV20-1,TRBJ2-1,SASRTSGGPYNEQF,2
TRBV20-1,TRBJ2-1,SASRTSGGRDEQF,1
TRBV20-1,TRBJ2-1,SASRTSGGRSNEQF,1
TRBV20-1,TRBJ2-1,SASRTSGGRWGEQF,7
TRBV20-1,TRBJ2-1,SASRTSGGSEQF,8
TRBV20-1,TRBJ2-1,SASRTSGGSLNYNEQF,1
TRBV20-1,TRBJ2-1,SASRTSGGSREQF,1
TRBV20-1,TRBJ2-1,SASRTSGGSSYNEQF,1
TRBV20-1,TRBJ2-1,SASRTSGGSYNEQF,4
TRBV20-1,TRBJ2-1,SASRTSGGTYNEQF,3
TRBV20-1,TRBJ2-1,SASRTSGGVGNEQF,1
TRBV20-1,TRBJ2-1,SASRTSGGVHEQF,1
TRBV20-1,TRBJ2-1,SASRTSGGVYNEQF,3
TRBV20-1,TRBJ2-1,SASRTSGGWNEQF,2
TRBV20-1,TRBJ2-1,SASRTSGGYNEQF,10
TRBV20-1,TRBJ2-1,SASRTSGGYVSYNEQF,1
TRBV20-1,TRBJ2-1,SASRTSGGYYNEQF,1
TRBV20-1,TRBJ2-1,SASRTSGHEQF,2
TRBV20-1,TRBJ2-1,SASRTSGHNEQF,6
TRBV20-1,TRBJ2-1,SASRTSGHRHEQF,1
TRBV20-1,TRBJ2-1,SASRTSGIASYNEQF,1
TRBV20-1,TRBJ2-1,SASRTSGIENEQF,4
TRBV20-1,TRBJ2-1,SASRTSGIFNEQF,1
TRBV20-1,TRBJ2-1,SASRTSGIGAGNEQF,1
TRBV20-1,TRBJ2-1,SASRTSGIGEQF,1
TRBV20-1,TRBJ2-1,SASRTSGIGYEQF,3
TRBV20-1,TRBJ2-1,SASRTSGILGNEQF,1
TRBV20-1,TRBJ2-1,SASRTSGINEQF,13
TRBV20-1,TRBJ2-1,SASRTSGISSNNEQF,2
TRBV20-1,TRBJ2-1,SASRTSGISYNEQF,1
TRBV20-1,TRBJ2-1,SASRTSGISYSYNEQF,1
TRBV20-1,TRBJ2-1,SASRTSGIYEQF,2
TRBV20-1,TRBJ2-1,SASRTSGIYNEQF,3
TRBV20-1,TRBJ2-1,SASRTSGKAYNEQF,1
TRBV20-1,TRBJ2-1,SASRTSGKFYEQF,2
TRBV20-1,TRBJ2-1,SASRTSGKGNEQF,1
TRBV20-1,TRBJ2-1,SASRTSGKNEQF,3
TRBV20-1,TRBJ2-1,SASRTSGKNNEQF,1
TRBV20-1,TRBJ2-1,SASRTSGKQTNEQF,1
TRBV20-1,TRBJ2-1,SASRTSGKVEQF,1
TRBV20-1,TRBJ2-1,SASRTSGKVHEQF,1
TRBV20-1,TRBJ2-1,SASRTSGKVMGNNEQF,1
TRBV20-1,TRBJ2-1,SASRTSGKVSYNEQF,1
TRBV20-1,TRBJ2-1,SASRTSGKYNEQF,10
TRBV20-1,TRBJ2-1,SASRTSGLAYNEQF,1
TRBV20-1,TRBJ2-1,SASRTSGLEQF,1
TRBV20-1,TRBJ2-1,SASRTSGLNEQF,3
TRBV20-1,TRBJ2-1,SASRTSGLSNNEQF,1
TRBV20-1,TRBJ2-1,SASRTSGLSYNEQF,2
TRBV20-1,TRBJ2-1,SASRTSGLTNEQF,1
TRBV20-1,TRBJ2-1,SASRTSGLYNEQF,3
TRBV20-1,TRBJ2-1,SASRTSGMGNEQF,1
TRBV20-1,TRBJ2-1,SASRTSGMIGEQF,1
TRBV20-1,TRBJ2-1,SASRTSGMIYNEQF,1
TRBV20-1,TRBJ2-1,SASRTSGMLSYNEQF,1
TRBV20-1,TRBJ2-1,SASRTSGMNEQF,1
TRBV20-1,TRBJ2-1,SASRTSGNDEQF,1
TRBV20-1,TRBJ2-1,SASRTSGNDNEQF,1
TRBV20-1,TRBJ2-1,SASRTSGNEQF,20
TRBV20-1,TRBJ2-1,SASRTSGNLGNEQF,1
TRBV20-1,TRBJ2-1,SASRTSGNNEQF,17
TRBV20-1,TRBJ2-1,SASRTSGNPKYNEQF,1
TRBV20-1,TRBJ2-1,SASRTSGNPTWDEQF,1
TRBV20-1,TRBJ2-1,SASRTSGNRYYNEQF,1
TRBV20-1,TRBJ2-1,SASRTSGNSEQF,1
TRBV20-1,TRBJ2-1,SASRTSGNSYNEQF,2
TRBV20-1,TRBJ2-1,SASRTSGNYNEQF,3
TRBV20-1,TRBJ2-1,SASRTSGPILSYNEQF,1
TRBV20-1,TRBJ2-1,SASRTSGPNEQF,2
TRBV20-1,TRBJ2-1,SASRTSGPNNEQF,1
TRBV20-1,TRBJ2-1,SASRTSGPPSSYNEQF,3
TRBV20-1,TRBJ2-1,SASRTSGPRDEQF,2
TRBV20-1,TRBJ2-1,SASRTSGPRNEQF,1
TRBV20-1,TRBJ2-1,SASRTSGPSNEQF,1
TRBV20-1,TRBJ2-1,SASRTSGPSYNEQF,2
TRBV20-1,TRBJ2-1,SASRTSGPVLDEQF,1
TRBV20-1,TRBJ2-1,SASRTSGPYNEQF,11
TRBV20-1,TRBJ2-1,SASRTSGQGDEQF,1
TRBV20-1,TRBJ2-1,SASRTSGQMSGQF,7
TRBV20-1,TRBJ2-1,SASRTSGQNNEQF,1
TRBV20-1,TRBJ2-1,SASRTSGRAANEQF,1
TRBV20-1,TRBJ2-1,SASRTSGRAAQF,1
TRBV20-1,TRBJ2-1,SASRTSGRADEQF,1
TRBV20-1,TRBJ2-1,SASRTSGRAERRSYNEQF,1
TRBV20-1,TRBJ2-1,SASRTSGRAFFYNEQF,1
TRBV20-1,TRBJ2-1,SASRTSGRAHEQF,6
TRBV20-1,TRBJ2-1,SASRTSGRAIDEQF,1
TRBV20-1,TRBJ2-1,SASRTSGRAISYNEQF,1
TRBV20-1,TRBJ2-1,SASRTSGRALGDEQF,1
TRBV20-1,TRBJ2-1,SASRTSGRALSSYNEQF,1
TRBV20-1,TRBJ2-1,SASRTSGRALTYNEQF,1
TRBV20-1,TRBJ2-1,SASRTSGRANEQF,5
TRBV20-1,TRBJ2-1,SASRTSGRANSYNEQF,1
TRBV20-1,TRBJ2-1,SASRTSGRAPC,1
TRBV20-1,TRBJ2-1,SASRTSGRAPF,9
TRBV20-1,TRBJ2-1,SASRTSGRAPNNEQF,1
TRBV20-1,TRBJ2-1,SASRTSGRARDEQF,1
TRBV20-1,TRBJ2-1,SASRTSGRARYNEQF,4
TRBV20-1,TRBJ2-1,SASRTSGRASGYNEQF,1
TRBV20-1,TRBJ2-1,SASRTSGRASLYNEQF,1
TRBV20-1,TRBJ2-1,SASRTSGRASYNEQF,2
TRBV20-1,TRBJ2-1,SASRTSGRAYNEQF,20
TRBV20-1,TRBJ2-1,SASRTSGRAYSEQF,1
TRBV20-1,TRBJ2-1,SASRTSGRDEQF,12
TRBV20-1,TRBJ2-1,SASRTSGRDGEQF,1
TRBV20-1,TRBJ2-1,SASRTSGRDNEQF,6
TRBV20-1,TRBJ2-1,SASRTSGRDTEQF,5
TRBV20-1,TRBJ2-1,SASRTSGRDYNEQF,2
TRBV20-1,TRBJ2-1,SASRTSGRENNEQF,1
TRBV20-1,TRBJ2-1,SASRTSGREPF,1
TRBV20-1,TRBJ2-1,SASRTSGRETYNEQF,1
TRBV20-1,TRBJ2-1,SASRTSGRFDNEQF,1
TRBV20-1,TRBJ2-1,SASRTSGRFNEQF,1
TRBV20-1,TRBJ2-1,SASRTSGRFSSYNEQF,1
TRBV20-1,TRBJ2-1,SASRTSGRGDEQF,2
TRBV20-1,TRBJ2-1,SASRTSGRGHEQF,1
TRBV20-1,TRBJ2-1,SASRTSGRGNEQF,4
TRBV20-1,TRBJ2-1,SASRTSGRGPYNEQF,1
TRBV20-1,TRBJ2-1,SASRTSGRGVNEQF,1
TRBV20-1,TRBJ2-1,SASRTSGRGYEQF,7
TRBV20-1,TRBJ2-1,SASRTSGRHEQF,2
TRBV20-1,TRBJ2-1,SASRTSGRIEDEQF,1
TRBV20-1,TRBJ2-1,SASRTSGRIGEQF,2
TRBV20-1,TRBJ2-1,SASRTSGRIGGDNEQF,1
TRBV20-1,TRBJ2-1,SASRTSGRIGNEQF,20
TRBV20-1,TRBJ2-1,SASRTSGRIGSVYNEQF,1
TRBV20-1,TRBJ2-1,SASRTSGRIHEQF,1
TRBV20-1,TRBJ2-1,SASRTSGRIHSYNEQF,1
TRBV20-1,TRBJ2-1,SASRTSGRIPYNEQF,1
TRBV20-1,TRBJ2-1,SASRTSGRKNEQF,1
TRBV20-1,TRBJ2-1,SASRTSGRKRNEQF,1
TRBV20-1,TRBJ2-1,SASRTSGRLGNEQF,1
TRBV20-1,TRBJ2-1,SASRTSGRLNEQF,2
TRBV20-1,TRBJ2-1,SASRTSGRLNYNEQF,1
TRBV20-1,TRBJ2-1,SASRTSGRLSSYNEQF,1
TRBV20-1,TRBJ2-1,SASRTSGRLSYNEQF,1
TRBV20-1,TRBJ2-1,SASRTSGRLYEQF,2
TRBV20-1,TRBJ2-1,SASRTSGRMNNEQF,1
TRBV20-1,TRBJ2-1,SASRTSGRNEQF,8
TRBV20-1,TRBJ2-1,SASRTSGRNHEQF,1
TRBV20-1,TRBJ2-1,SASRTSGRNNEQF,7
TRBV20-1,TRBJ2-1,SASRTSGRNSNEQF,1
TRBV20-1,TRBJ2-1,SASRTSGRPGNNEQF,1
TRBV20-1,TRBJ2-1,SASRTSGRPYNEQF,1
TRBV20-1,TRBJ2-1,SASRTSGRQSSYNEQF,1
TRBV20-1,TRBJ2-1,SASRTSGRRDEQF,1
TRBV20-1,TRBJ2-1,SASRTSGRRDQPVNEQF,1
TRBV20-1,TRBJ2-1,SASRTSGRRNEQF,3
TRBV20-1,TRBJ2-1,SASRTSGRRPYNEQF,1
TRBV20-1,TRBJ2-1,SASRTSGRRYNEQF,2
TRBV20-1,TRBJ2-1,SASRTSGRSAQF,3
TRBV20-1,TRBJ2-1,SASRTSGRSEQF,1
TRBV20-1,TRBJ2-1,SASRTSGRSNEQF,3
TRBV20-1,TRBJ2-1,SASRTSGRSSSYNEQF,1
TRBV20-1,TRBJ2-1,SASRTSGRSSYNEQF,3
TRBV20-1,TRBJ2-1,SASRTSGRSYNEQF,1
TRBV20-1,TRBJ2-1,SASRTSGRTFIGILNNEQF,1
TRBV20-1,TRBJ2-1,SASRTSGRTTINEQF,1
TRBV20-1,TRBJ2-1,SASRTSGRTWGVDEQF,1
TRBV20-1,TRBJ2-1,SASRTSGRTYNEQF,5
TRBV20-1,TRBJ2-1,SASRTSGRVASSYNEQF,1
TRBV20-1,TRBJ2-1,SASRTSGRVFYNEQF,1
TRBV20-1,TRBJ2-1,SASRTSGRVGGYNEQF,2
TRBV20-1,TRBJ2-1,SASRTSGRVGRGNEQF,4
TRBV20-1,TRBJ2-1,SASRTSGRVGSFNEQF,1
TRBV20-1,TRBJ2-1,SASRTSGRVGSSYNEQF,1
TRBV20-1,TRBJ2-1,SASRTSGRVGSYNEQF,7
TRBV20-1,TRBJ2-1,SASRTSGRVGVYNEQF,6
TRBV20-1,TRBJ2-1,SASRTSGRVQQF,1
TRBV20-1,TRBJ2-1,SASRTSGRVSYNEQF,2
TRBV20-1,TRBJ2-1,SASRTSGRVYNEQF,1
TRBV20-1,TRBJ2-1,SASRTSGRWNEQF,1
TRBV20-1,TRBJ2-1,SASRTSGRYASRANEQF,5
TRBV20-1,TRBJ2-1,SASRTSGRYEQF,1
TRBV20-1,TRBJ2-1,SASRTSGRYNEQF,21
TRBV20-1,TRBJ2-1,SASRTSGSAYNEQF,2
TRBV20-1,TRBJ2-1,SASRTSGSDEQF,7
TRBV20-1,TRBJ2-1,SASRTSGSDGGNEQF,1
TRBV20-1,TRBJ2-1,SASRTSGSFDEQF,2
TRBV20-1,TRBJ2-1,SASRTSGSFDNEQF,1
TRBV20-1,TRBJ2-1,SASRTSGSFFYNEQF,1
TRBV20-1,TRBJ2-1,SASRTSGSFHEQF,1
TRBV20-1,TRBJ2-1,SASRTSGSFNEQF,1
TRBV20-1,TRBJ2-1,SASRTSGSFYNEQF,1
TRBV20-1,TRBJ2-1,SASRTSGSGDEQF,1
TRBV20-1,TRBJ2-1,SASRTSGSGEQF,5
TRBV20-1,TRBJ2-1,SASRTSGSGNEQF,4
TRBV20-1,TRBJ2-1,SASRTSGSGSEPF,1
TRBV20-1,TRBJ2-1,SASRTSGSGSEQF,2
TRBV20-1,TRBJ2-1,SASRTSGSGSYNEQF,1
TRBV20-1,TRBJ2-1,SASRTSGSGWNRNEQF,8
TRBV20-1,TRBJ2-1,SASRTSGSHEQF,6
TRBV20-1,TRBJ2-1,SASRTSGSHNEQF,1
TRBV20-1,TRBJ2-1,SASRTSGSHYNEQF,1
TRBV20-1,TRBJ2-1,SASRTSGSIDEQF,2
TRBV20-1,TRBJ2-1,SASRTSGSINEQF,1
TRBV20-1,TRBJ2-1,SASRTSGSKYNEQF,1
TRBV20-1,TRBJ2-1,SASRTSGSLDEQF,3
TRBV20-1,TRBJ2-1,SASRTSGSLGNEQF,1
TRBV20-1,TRBJ2-1,SASRTSGSLNEQF,2
TRBV20-1,TRBJ2-1,SASRTSGSLSSSYNEQF,1
TRBV20-1,TRBJ2-1,SASRTSGSLTYNEQF,1
TRBV20-1,TRBJ2-1,SASRTSGSMNEQF,1
TRBV20-1,TRBJ2-1,SASRTSGSMPNEQF,1
TRBV20-1,TRBJ2-1,SASRTSGSNEQF,17
TRBV20-1,TRBJ2-1,SASRTSGSNIYNEQF,1
TRBV20-1,TRBJ2-1,SASRTSGSPAYNEQF,1
TRBV20-1,TRBJ2-1,SASRTSGSPNEQF,4
TRBV20-1,TRBJ2-1,SASRTSGSPYNEQF,2
TRBV20-1,TRBJ2-1,SASRTSGSQEQF,1
TRBV20-1,TRBJ2-1,SASRTSGSQFGNEQF,2
TRBV20-1,TRBJ2-1,SASRTSGSQHEQF,1
TRBV20-1,TRBJ2-1,SASRTSGSRDEQF,2
TRBV20-1,TRBJ2-1,SASRTSGSRHDEQF,1
TRBV20-1,TRBJ2-1,SASRTSGSRNEQF,4
TRBV20-1,TRBJ2-1,SASRTSGSRRYNEQF,1
TRBV20-1,TRBJ2-1,SASRTSGSRSNEQF,1
TRBV20-1,TRBJ2-1,SASRTSGSRSYNEQF,1
TRBV20-1,TRBJ2-1,SASRTSGSRTRGNEQF,1
TRBV20-1,TRBJ2-1,SASRTSGSRVYNEQF,1
TRBV20-1,TRBJ2-1,SASRTSGSSLYNEQF,1
TRBV20-1,TRBJ2-1,SASRTSGSSYEQF,1
TRBV20-1,TRBJ2-1,SASRTSGSSYNEQF,12
TRBV20-1,TRBJ2-1,SASRTSGSTDEQF,2
TRBV20-1,TRBJ2-1,SASRTSGSTPYNEQF,1
TRBV20-1,TRBJ2-1,SASRTSGSTVSYNEQF,1
TRBV20-1,TRBJ2-1,SASRTSGSTYNEQF,2
TRBV20-1,TRBJ2-1,SASRTSGSVGNEQF,1
TRBV20-1,TRBJ2-1,SASRTSGSVNEQF,2
TRBV20-1,TRBJ2-1,SASRTSGSWDEQF,1
TRBV20-1,TRBJ2-1,SASRTSGSWGGNEQF,1
TRBV20-1,TRBJ2-1,SASRTSGSWNEQF,1
TRBV20-1,TRBJ2-1,SASRTSGSYEQF,6
TRBV20-1,TRBJ2-1,SASRTSGSYNEQF,7
TRBV20-1,TRBJ2-1,SASRTSGTAYNEQF,1
TRBV20-1,TRBJ2-1,SASRTSGTDEQF,3
TRBV20-1,TRBJ2-1,SASRTSGTDFYNEQF,1
TRBV20-1,TRBJ2-1,SASRTSGTDNEQF,7
TRBV20-1,TRBJ2-1,SASRTSGTFWGYNEQF,1
TRBV20-1,TRBJ2-1,SASRTSGTGEQF,2
TRBV20-1,TRBJ2-1,SASRTSGTGNEQF,1
TRBV20-1,TRBJ2-1,SASRTSGTHEQF,1
TRBV20-1,TRBJ2-1,SASRTSGTKYNEQF,1
TRBV20-1,TRBJ2-1,SASRTSGTLDEQF,1
TRBV20-1,TRBJ2-1,SASRTSGTLGDEQF,1
TRBV20-1,TRBJ2-1,SASRTSGTLQNEQF,1
TRBV20-1,TRBJ2-1,SASRTSGTLSYNEQF,1
TRBV20-1,TRBJ2-1,SASRTSGTMVHNEQF,1
TRBV20-1,TRBJ2-1,SASRTSGTNEQF,13
TRBV20-1,TRBJ2-1,SASRTSGTNNEQF,2
TRBV20-1,TRBJ2-1,SASRTSGTNSDEQF,1
TRBV20-1,TRBJ2-1,SASRTSGTPYNEQF,2
TRBV20-1,TRBJ2-1,SASRTSGTRGHEQF,1
TRBV20-1,TRBJ2-1,SASRTSGTRYNEQF,1
TRBV20-1,TRBJ2-1,SASRTSGTSNEQF,1
TRBV20-1,TRBJ2-1,SASRTSGTSSYNEQF,1
TRBV20-1,TRBJ2-1,SASRTSGTSYNEQF,1
TRBV20-1,TRBJ2-1,SASRTSGTYEQF,2
TRBV20-1,TRBJ2-1,SASRTSGTYNEQF,12
TRBV20-1,TRBJ2-1,SASRTSGVCHEQF,1
TRBV20-1,TRBJ2-1,SASRTSGVDEQF,1
TRBV20-1,TRBJ2-1,SASRTSGVNEQF,8
TRBV20-1,TRBJ2-1,SASRTSGVSSYNEQF,2
TRBV20-1,TRBJ2-1,SASRTSGVWNEQF,1
TRBV20-1,TRBJ2-1,SASRTSGVYNEQF,2
TRBV20-1,TRBJ2-1,SASRTSGWGDEQF,1
TRBV20-1,TRBJ2-1,SASRTSGWGEQF,3
TRBV20-1,TRBJ2-1,SASRTSGWGVNEQF,1
TRBV20-1,TRBJ2-1,SASRTSGWNEQF,7
TRBV20-1,TRBJ2-1,SASRTSGYEQF,2
TRBV20-1,TRBJ2-1,SASRTSGYESSYNEQF,1
TRBV20-1,TRBJ2-1,SASRTSGYNEQF,88
TRBV20-1,TRBJ2-1,SASRTSGYNNEQF,2
TRBV20-1,TRBJ2-1,SASRTSHEQF,1
TRBV20-1,TRBJ2-1,SASRTSHNEQF,1
TRBV20-1,TRBJ2-1,SASRTSIDEQF,1
TRBV20-1,TRBJ2-1,SASRTSINEQF,2
TRBV20-1,TRBJ2-1,SASRTSISNEQF,1
TRBV20-1,TRBJ2-1,SASRTSITYNEQF,1
TRBV20-1,TRBJ2-1,SASRTSIYNEQF,1
TRBV20-1,TRBJ2-1,SASRTSKGNEQF,2
TRBV20-1,TRBJ2-1,SASRTSLAYNEQF,1
TRBV20-1,TRBJ2-1,SASRTSLDEQF,1
TRBV20-1,TRBJ2-1,SASRTSLNEQF,5
TRBV20-1,TRBJ2-1,SASRTSLSSYNEQF,6
TRBV20-1,TRBJ2-1,SASRTSLSYNEQF,1
TRBV20-1,TRBJ2-1,SASRTSLYNEQF,4
TRBV20-1,TRBJ2-1,SASRTSMNEQF,1
TRBV20-1,TRBJ2-1,SASRTSNEQF,19
TRBV20-1,TRBJ2-1,SASRTSNEQL,1
TRBV20-1,TRBJ2-1,SASRTSNHNEQF,1
TRBV20-1,TRBJ2-1,SASRTSNNEQF,3
TRBV20-1,TRBJ2-1,SASRTSNRRNEQF,1
TRBV20-1,TRBJ2-1,SASRTSPAGFDNEQF,1
TRBV20-1,TRBJ2-1,SASRTSPDNEQF,1
TRBV20-1,TRBJ2-1,SASRTSPGLAGINEQF,1
TRBV20-1,TRBJ2-1,SASRTSPHNEQF,1
TRBV20-1,TRBJ2-1,SASRTSPLNEQF,1
TRBV20-1,TRBJ2-1,SASRTSPNEQF,1
TRBV20-1,TRBJ2-1,SASRTSPPYNEQF,1
TRBV20-1,TRBJ2-1,SASRTSPWDEQF,1
TRBV20-1,TRBJ2-1,SASRTSPYNEQF,9
TRBV20-1,TRBJ2-1,SASRTSQYNEQF,1
TRBV20-1,TRBJ2-1,SASRTSRGSYNEQF,1
TRBV20-1,TRBJ2-1,SASRTSRLFYNEQF,1
TRBV20-1,TRBJ2-1,SASRTSRNEQF,2
TRBV20-1,TRBJ2-1,SASRTSRNNEQF,1
TRBV20-1,TRBJ2-1,SASRTSRSLYNEQF,1
TRBV20-1,TRBJ2-1,SASRTSRSSYNEQF,1
TRBV20-1,TRBJ2-1,SASRTSRTYNEQF,1
TRBV20-1,TRBJ2-1,SASRTSRYNEQF,7
TRBV20-1,TRBJ2-1,SASRTSSEQF,1
TRBV20-1,TRBJ2-1,SASRTSSGNYNEQF,1
TRBV20-1,TRBJ2-1,SASRTSSINEQF,1
TRBV20-1,TRBJ2-1,SASRTSSNEQF,2
TRBV20-1,TRBJ2-1,SASRTSSPNEQF,1
TRBV20-1,TRBJ2-1,SASRTSSSYNEQF,2
TRBV20-1,TRBJ2-1,SASRTSSYEQF,3
TRBV20-1,TRBJ2-1,SASRTSSYNEQF,13
TRBV20-1,TRBJ2-1,SASRTSTRDEQF,1
TRBV20-1,TRBJ2-1,SASRTSVDEQF,2
TRBV20-1,TRBJ2-1,SASRTSVFNEQF,1
TRBV20-1,TRBJ2-1,SASRTSVGLYYNEQF,1
TRBV20-1,TRBJ2-1,SASRTSVHNEQF,1
TRBV20-1,TRBJ2-1,SASRTSVINEQF,1
TRBV20-1,TRBJ2-1,SASRTSVKDEQF,1
TRBV20-1,TRBJ2-1,SASRTSVLSNEQF,1
TRBV20-1,TRBJ2-1,SASRTSVNEQF,4
TRBV20-1,TRBJ2-1,SASRTSVNNEQF,1
TRBV20-1,TRBJ2-1,SASRTSVRDEQF,2
TRBV20-1,TRBJ2-1,SASRTSVVSNEQF,1
TRBV20-1,TRBJ2-1,SASRTSVWNEQF,1
TRBV20-1,TRBJ2-1,SASRTSVYNEQF,7
TRBV20-1,TRBJ2-1,SASRTSWYNEQF,1
TRBV20-1,TRBJ2-1,SASRTSYEQF,1
TRBV20-1,TRBJ2-1,SASRTSYNEQF,9
TRBV20-1,TRBJ2-1,SASRTTDNEQF,1
TRBV20-1,TRBJ2-1,SASRTTGFNNEQF,1
TRBV20-1,TRBJ2-1,SASRTTGGNEQF,1
TRBV20-1,TRBJ2-1,SASRTTGGRYNEQF,1
TRBV20-1,TRBJ2-1,SASRTTHNEQF,2
TRBV20-1,TRBJ2-1,SASRTTHPGNEQF,1
TRBV20-1,TRBJ2-1,SASRTTIYNEQF,1
TRBV20-1,TRBJ2-1,SASRTTLSSGDISSNEQF,1
TRBV20-1,TRBJ2-1,SASRTTNEQF,1
TRBV20-1,TRBJ2-1,SASRTTNNEQF,1
TRBV20-1,TRBJ2-1,SASRTTPLYNEQF,1
TRBV20-1,TRBJ2-1,SASRTTPNEQF,1
TRBV20-1,TRBJ2-1,SASRTTPNNEQF,1
TRBV20-1,TRBJ2-1,SASRTTPPNNEQF,1
TRBV20-1,TRBJ2-1,SASRTTQFYNEQF,1
TRBV20-1,TRBJ2-1,SASRTTRVNEQF,1
TRBV20-1,TRBJ2-1,SASRTTSANEQF,1
TRBV20-1,TRBJ2-1,SASRTTSAYNEQF,1
TRBV20-1,TRBJ2-1,SASRTTSGGRNEQF,2
TRBV20-1,TRBJ2-1,SASRTTSGIPYNEQF,1
TRBV20-1,TRBJ2-1,SASRTTSGLNEQF,1
TRBV20-1,TRBJ2-1,SASRTTSGNNEQF,1
TRBV20-1,TRBJ2-1,SASRTTSGSYNEQF,1
TRBV20-1,TRBJ2-1,SASRTTSGTARTSNEQF,5
TRBV20-1,TRBJ2-1,SASRTTSYNEQF,1
TRBV20-1,TRBJ2-1,SASRTTTFGNEQF,5
TRBV20-1,TRBJ2-1,SASRTTTNNEQF,2
TRBV20-1,TRBJ2-1,SASRTTTSAYNEQF,2
TRBV20-1,TRBJ2-1,SASRTTTSGHEQF,1
TRBV20-1,TRBJ2-1,SASRTTYNEQF,13
TRBV20-1,TRBJ2-1,SASRTTYSYNEQF,2
TRBV20-1,TRBJ2-1,SASRTVALNEQF,1
TRBV20-1,TRBJ2-1,SASRTVDNEQF,2
TRBV20-1,TRBJ2-1,SASRTVDSYNEQF,1
TRBV20-1,TRBJ2-1,SASRTVENEQF,1
TRBV20-1,TRBJ2-1,SASRTVGFGDEQF,1
TRBV20-1,TRBJ2-1,SASRTVGGLYNEQF,1
TRBV20-1,TRBJ2-1,SASRTVGGNEQF,4
TRBV20-1,TRBJ2-1,SASRTVGGVSSYNEQF,1
TRBV20-1,TRBJ2-1,SASRTVGNEQF,6
TRBV20-1,TRBJ2-1,SASRTVGRNEQF,1
TRBV20-1,TRBJ2-1,SASRTVHNEQF,1
TRBV20-1,TRBJ2-1,SASRTVLLNNEQF,1
TRBV20-1,TRBJ2-1,SASRTVLNSNEQF,1
TRBV20-1,TRBJ2-1,SASRTVNEQF,6
TRBV20-1,TRBJ2-1,SASRTVNNEQF,2
TRBV20-1,TRBJ2-1,SASRTVPGSYNEQF,1
TRBV20-1,TRBJ2-1,SASRTVPPGYNEQF,1
TRBV20-1,TRBJ2-1,SASRTVRGNEQF,1
TRBV20-1,TRBJ2-1,SASRTVRYNEQF,1
TRBV20-1,TRBJ2-1,SASRTVSYNEQF,2
TRBV20-1,TRBJ2-1,SASRTVTGSIPYNEQF,1
TRBV20-1,TRBJ2-1,SASRTVVYNEQF,1
TRBV20-1,TRBJ2-1,SASRTVYNEQF,3
TRBV20-1,TRBJ2-1,SASRTVYYNEQF,1
TRBV20-1,TRBJ2-1,SASRTWGASYNEQF,1
TRBV20-1,TRBJ2-1,SASRTWGENEQF,1
TRBV20-1,TRBJ2-1,SASRTWGGRPYNEQF,4
TRBV20-1,TRBJ2-1,SASRTWGSSYNEQF,3
TRBV20-1,TRBJ2-1,SASRTWSPYNEQF,1
TRBV20-1,TRBJ2-1,SASRTWTGNRYNEQF,1
TRBV20-1,TRBJ2-1,SASRTYEQF,1
TRBV20-1,TRBJ2-1,SASRTYLYNEQF,1
TRBV20-1,TRBJ2-1,SASRTYMEQF,1
TRBV20-1,TRBJ2-1,SASRTYNEQF,19
TRBV20-1,TRBJ2-1,SASRTYPFNNEQF,1
TRBV20-1,TRBJ2-1,SASRTYPYPSQYNEQF,1
TRBV20-1,TRBJ2-1,SASRTYRGDYNEQF,1
TRBV20-1,TRBJ2-1,SASRTYSYNEQF,1
TRBV20-1,TRBJ2-1,SASRTYTSYNEQF,2
TRBV20-1,TRBJ2-1,SASRTYTYNEQF,1
TRBV20-1,TRBJ2-1,SASRVAAGEGDEQF,1
TRBV20-1,TRBJ2-1,SASRVADNSYNEQF,1
TRBV20-1,TRBJ2-1,SASRVAEGSYNEQF,1
TRBV20-1,TRBJ2-1,SASRVAEKLYNEQF,1
TRBV20-1,TRBJ2-1,SASRVAENNEQF,1
TRBV20-1,TRBJ2-1,SASRVAEPNEQF,4
TRBV20-1,TRBJ2-1,SASRVAETNNEQF,1
TRBV20-1,TRBJ2-1,SASRVAETYNEQF,1
TRBV20-1,TRBJ2-1,SASRVAEVDEQF,1
TRBV20-1,TRBJ2-1,SASRVAFNNEQF,1
TRBV20-1,TRBJ2-1,SASRVAGANEQF,1
TRBV20-1,TRBJ2-1,SASRVAGAPYDNEQF,4
TRBV20-1,TRBJ2-1,SASRVAGARYNEQF,1
TRBV20-1,TRBJ2-1,SASRVAGAYNEQF,2
TRBV20-1,TRBJ2-1,SASRVAGGFIS,2
TRBV20-1,TRBJ2-1,SASRVAGGGNEQF,1
TRBV20-1,TRBJ2-1,SASRVAGGHNEQF,1
TRBV20-1,TRBJ2-1,SASRVAGGLDEQF,2
TRBV20-1,TRBJ2-1,SASRVAGGLNEQF,1
TRBV20-1,TRBJ2-1,SASRVAGGNEQF,1
TRBV20-1,TRBJ2-1,SASRVAGGPGNEQF,2
TRBV20-1,TRBJ2-1,SASRVAGGPYNEQF,1
TRBV20-1,TRBJ2-1,SASRVAGGRGDEQF,2
TRBV20-1,TRBJ2-1,SASRVAGGRGSNEQF,1
TRBV20-1,TRBJ2-1,SASRVAGGRNEQF,1
TRBV20-1,TRBJ2-1,SASRVAGGSNEQF,1
TRBV20-1,TRBJ2-1,SASRVAGGSYNEQF,2
TRBV20-1,TRBJ2-1,SASRVAGGTYNEQF,1
TRBV20-1,TRBJ2-1,SASRVAGGVLGNEQF,1
TRBV20-1,TRBJ2-1,SASRVAGGWNEQF,1
TRBV20-1,TRBJ2-1,SASRVAGGYEQF,1
TRBV20-1,TRBJ2-1,SASRVAGGYHEQF,1
TRBV20-1,TRBJ2-1,SASRVAGGYNEQF,1
TRBV20-1,TRBJ2-1,SASRVAGIYEQF,5
TRBV20-1,TRBJ2-1,SASRVAGKSSYNEQF,1
TRBV20-1,TRBJ2-1,SASRVAGLYNEQF,1
TRBV20-1,TRBJ2-1,SASRVAGNGEQF,3
TRBV20-1,TRBJ2-1,SASRVAGNNEQF,1
TRBV20-1,TRBJ2-1,SASRVAGPNEQF,2
TRBV20-1,TRBJ2-1,SASRVAGPPYNEQF,1
TRBV20-1,TRBJ2-1,SASRVAGQRDEQF,1
TRBV20-1,TRBJ2-1,SASRVAGQSYNEQF,1
TRBV20-1,TRBJ2-1,SASRVAGRNEQF,1
TRBV20-1,TRBJ2-1,SASRVAGRPHEQF,1
TRBV20-1,TRBJ2-1,SASRVAGSNEQF,1
TRBV20-1,TRBJ2-1,SASRVAGSYNEQF,1
TRBV20-1,TRBJ2-1,SASRVAGVSYNEQF,2
TRBV20-1,TRBJ2-1,SASRVAGVWDNEQF,4
TRBV20-1,TRBJ2-1,SASRVAGYNEQF,1
TRBV20-1,TRBJ2-1,SASRVAKDEQF,1
TRBV20-1,TRBJ2-1,SASRVALGGNEQF,6
TRBV20-1,TRBJ2-1,SASRVANEQF,3
TRBV20-1,TRBJ2-1,SASRVAPGSYNEQF,3
TRBV20-1,TRBJ2-1,SASRVARDEQF,1
TRBV20-1,TRBJ2-1,SASRVARFSGRGFYNEQF,1
TRBV20-1,TRBJ2-1,SASRVARTYNEQF,1
TRBV20-1,TRBJ2-1,SASRVARYNEQF,1
TRBV20-1,TRBJ2-1,SASRVASGRIDEQF,1
TRBV20-1,TRBJ2-1,SASRVASGSHEQF,1
TRBV20-1,TRBJ2-1,SASRVASGYNEQF,1
TRBV20-1,TRBJ2-1,SASRVASLNEQF,4
TRBV20-1,TRBJ2-1,SASRVASSDNEQF,1
TRBV20-1,TRBJ2-1,SASRVASYNEQF,1
TRBV20-1,TRBJ2-1,SASRVATGRYNEQF,1
TRBV20-1,TRBJ2-1,SASRVATGSDEQF,1
TRBV20-1,TRBJ2-1,SASRVATISYNEQF,1
TRBV20-1,TRBJ2-1,SASRVAVHEQF,1
TRBV20-1,TRBJ2-1,SASRVAVNEQF,1
TRBV20-1,TRBJ2-1,SASRVAVYNEQF,1
TRBV20-1,TRBJ2-1,SASRVAWELGYNEQF,1
TRBV20-1,TRBJ2-1,SASRVAYNEQF,1
TRBV20-1,TRBJ2-1,SASRVDEQF,25
TRBV20-1,TRBJ2-1,SASRVDGNSNEQF,1
TRBV20-1,TRBJ2-1,SASRVDIYNEQF,1
TRBV20-1,TRBJ2-1,SASRVDKYNEQF,1
TRBV20-1,TRBJ2-1,SASRVDNEQF,12
TRBV20-1,TRBJ2-1,SASRVDRDPYNEQF,1
TRBV20-1,TRBJ2-1,SASRVDSYNEQF,5
TRBV20-1,TRBJ2-1,SASRVDTNEQF,1
TRBV20-1,TRBJ2-1,SASRVDYNEQF,2
TRBV20-1,TRBJ2-1,SASRVEAGAWNEQF,1
TRBV20-1,TRBJ2-1,SASRVEGPDYNEQF,2
TRBV20-1,TRBJ2-1,SASRVEGSYNEQF,1
TRBV20-1,TRBJ2-1,SASRVEGYNEQF,1
TRBV20-1,TRBJ2-1,SASRVELGYNEQF,1
TRBV20-1,TRBJ2-1,SASRVEQF,4
TRBV20-1,TRBJ2-1,SASRVEQLNEQF,1
TRBV20-1,TRBJ2-1,SASRVERSSYNEQF,1
TRBV20-1,TRBJ2-1,SASRVERTPNEQF,1
TRBV20-1,TRBJ2-1,SASRVESYNEQF,1
TRBV20-1,TRBJ2-1,SASRVEYNEQF,1
TRBV20-1,TRBJ2-1,SASRVFGGSYNEQF,1
TRBV20-1,TRBJ2-1,SASRVFGLARPESSYNEQF,1
TRBV20-1,TRBJ2-1,SASRVFGPTGTGLHEQF,5
TRBV20-1,TRBJ2-1,SASRVFRTYNEQF,1
TRBV20-1,TRBJ2-1,SASRVFSGIRRYNEQF,1
TRBV20-1,TRBJ2-1,SASRVFVNEQF,1
TRBV20-1,TRBJ2-1,SASRVGAGRGEQF,2
TRBV20-1,TRBJ2-1,SASRVGALAGSGNEQF,1
TRBV20-1,TRBJ2-1,SASRVGARNEQF,1
TRBV20-1,TRBJ2-1,SASRVGARSRDNEQF,1
TRBV20-1,TRBJ2-1,SASRVGASGSGYNEQF,1
TRBV20-1,TRBJ2-1,SASRVGAYNEQF,2
TRBV20-1,TRBJ2-1,SASRVGDEQF,3
TRBV20-1,TRBJ2-1,SASRVGDSYNEQF,1
TRBV20-1,TRBJ2-1,SASRVGDYNEQF,1
TRBV20-1,TRBJ2-1,SASRVGEGQFSYNEQF,1
TRBV20-1,TRBJ2-1,SASRVGEGSSYNEQF,1
TRBV20-1,TRBJ2-1,SASRVGEQF,1
TRBV20-1,TRBJ2-1,SASRVGFLNEQF,1
TRBV20-1,TRBJ2-1,SASRVGFYNEQF,1
TRBV20-1,TRBJ2-1,SASRVGGAAYNEQF,1
TRBV20-1,TRBJ2-1,SASRVGGAYNEQF,1
TRBV20-1,TRBJ2-1,SASRVGGGPINEQF,1
TRBV20-1,TRBJ2-1,SASRVGGGVVYNEQF,1
TRBV20-1,TRBJ2-1,SASRVGGIYNEQF,1
TRBV20-1,TRBJ2-1,SASRVGGKSSYNEQF,1
TRBV20-1,TRBJ2-1,SASRVGGNEQF,1
TRBV20-1,TRBJ2-1,SASRVGGNNEQF,2
TRBV20-1,TRBJ2-1,SASRVGGRANNEQF,1
TRBV20-1,TRBJ2-1,SASRVGGTRGNEQF,1
TRBV20-1,TRBJ2-1,SASRVGGVNEQF,1
TRBV20-1,TRBJ2-1,SASRVGGYNEQF,2
TRBV20-1,TRBJ2-1,SASRVGHYNEQF,2
TRBV20-1,TRBJ2-1,SASRVGIAGYNEQF,1
TRBV20-1,TRBJ2-1,SASRVGLAALREQF,1
TRBV20-1,TRBJ2-1,SASRVGLAGIYNEQF,1
TRBV20-1,TRBJ2-1,SASRVGLAGPSLYNEQF,1
TRBV20-1,TRBJ2-1,SASRVGLDYNEQF,1
TRBV20-1,TRBJ2-1,SASRVGLGIYNEQF,1
TRBV20-1,TRBJ2-1,SASRVGLLAVSSYNEQF,1
TRBV20-1,TRBJ2-1,SASRVGLNEQF,1
TRBV20-1,TRBJ2-1,SASRVGNEQF,9
TRBV20-1,TRBJ2-1,SASRVGPNEQF,1
TRBV20-1,TRBJ2-1,SASRVGPSPSSYNEQF,1
TRBV20-1,TRBJ2-1,SASRVGPYKEQF,2
TRBV20-1,TRBJ2-1,SASRVGPYNEPF,1
TRBV20-1,TRBJ2-1,SASRVGPYNEQF,46
TRBV20-1,TRBJ2-1,SASRVGQGAVYNEQF,1
TRBV20-1,TRBJ2-1,SASRVGQGTHEQF,1
TRBV20-1,TRBJ2-1,SASRVGQGTYNEQF,1
TRBV20-1,TRBJ2-1,SASRVGQPLYKGQF,1
TRBV20-1,TRBJ2-1,SASRVGQRHIYNEQF,1
TRBV20-1,TRBJ2-1,SASRVGRAKDNEQF,1
TRBV20-1,TRBJ2-1,SASRVGRAKYNEQF,1
TRBV20-1,TRBJ2-1,SASRVGRAYNEQF,1
TRBV20-1,TRBJ2-1,SASRVGRLVDEQF,1
TRBV20-1,TRBJ2-1,SASRVGRNEQF,1
TRBV20-1,TRBJ2-1,SASRVGRRDEQF,1
TRBV20-1,TRBJ2-1,SASRVGRSYNEQF,1
TRBV20-1,TRBJ2-1,SASRVGRYNEQF,1
TRBV20-1,TRBJ2-1,SASRVGSGNYNEQF,1
TRBV20-1,TRBJ2-1,SASRVGSGTLYNEQF,1
TRBV20-1,TRBJ2-1,SASRVGSSYNEQF,3
TRBV20-1,TRBJ2-1,SASRVGTIPYNEQF,1
TRBV20-1,TRBJ2-1,SASRVGTRDNEQF,1
TRBV20-1,TRBJ2-1,SASRVGTSGRGNEQF,1
TRBV20-1,TRBJ2-1,SASRVGTYNEQF,1
TRBV20-1,TRBJ2-1,SASRVGVSTSYNEQF,1
TRBV20-1,TRBJ2-1,SASRVGYGYDEQF,1
TRBV20-1,TRBJ2-1,SASRVGYNEQF,2
TRBV20-1,TRBJ2-1,SASRVHSYNEQF,5
TRBV20-1,TRBJ2-1,SASRVIAGAFNEQF,1
TRBV20-1,TRBJ2-1,SASRVIGSYNEQF,1
TRBV20-1,TRBJ2-1,SASRVIHEQF,1
TRBV20-1,TRBJ2-1,SASRVISYNEQF,1
TRBV20-1,TRBJ2-1,SASRVKAAYNEQF,1
TRBV20-1,TRBJ2-1,SASRVKLAVRNEQF,1
TRBV20-1,TRBJ2-1,SASRVLADEQF,1
TRBV20-1,TRBJ2-1,SASRVLAERYNEQF,1
TRBV20-1,TRBJ2-1,SASRVLAGAGNEQF,1
TRBV20-1,TRBJ2-1,SASRVLAGEHEQF,1
TRBV20-1,TRBJ2-1,SASRVLAGGGYNEQF,1
TRBV20-1,TRBJ2-1,SASRVLAGGIGEQF,4
TRBV20-1,TRBJ2-1,SASRVLAGGPFMNEQF,1
TRBV20-1,TRBJ2-1,SASRVLAGRDEQF,1
TRBV20-1,TRBJ2-1,SASRVLALYNEQF,1
TRBV20-1,TRBJ2-1,SASRVLANNEQF,3
TRBV20-1,TRBJ2-1,SASRVLASDNEQF,1
TRBV20-1,TRBJ2-1,SASRVLASYNEQF,1
TRBV20-1,TRBJ2-1,SASRVLGDEQF,3
TRBV20-1,TRBJ2-1,SASRVLGGSHNEQF,1
TRBV20-1,TRBJ2-1,SASRVLGNEQF,1
TRBV20-1,TRBJ2-1,SASRVLKLLRGYNEQF,3
TRBV20-1,TRBJ2-1,SASRVLNEQF,4
TRBV20-1,TRBJ2-1,SASRVLPYNEQF,1
TRBV20-1,TRBJ2-1,SASRVLRDEQF,1
TRBV20-1,TRBJ2-1,SASRVLSAAGQRGNEQF,1
TRBV20-1,TRBJ2-1,SASRVLSRLNNEQF,1
TRBV20-1,TRBJ2-1,SASRVLSSYNEQF,4
TRBV20-1,TRBJ2-1,SASRVLSYNEQF,1
TRBV20-1,TRBJ2-1,SASRVLTGPYNEQF,1
TRBV20-1,TRBJ2-1,SASRVLYNEQF,5
TRBV20-1,TRBJ2-1,SASRVMGLAGGDEQF,1
TRBV20-1,TRBJ2-1,SASRVMGTSNEQF,1
TRBV20-1,TRBJ2-1,SASRVMRGGRQRRDEQF,1
TRBV20-1,TRBJ2-1,SASRVMTSGNNEQF,1
TRBV20-1,TRBJ2-1,SASRVMVYNVQF,1
TRBV20-1,TRBJ2-1,SASRVNEQF,35
TRBV20-1,TRBJ2-1,SASRVNNEQF,2
TRBV20-1,TRBJ2-1,SASRVNSYNEPF,1
TRBV20-1,TRBJ2-1,SASRVNSYNEQF,5
TRBV20-1,TRBJ2-1,SASRVPDNEQF,6
TRBV20-1,TRBJ2-1,SASRVPFNNEQF,1
TRBV20-1,TRBJ2-1,SASRVPGDINEQF,1
TRBV20-1,TRBJ2-1,SASRVPGGRSSYNEQF,1
TRBV20-1,TRBJ2-1,SASRVPGNEQF,1
TRBV20-1,TRBJ2-1,SASRVPGVVNEQF,1
TRBV20-1,TRBJ2-1,SASRVPLAGGSSYNEQF,1
TRBV20-1,TRBJ2-1,SASRVPLYNEQF,2
TRBV20-1,TRBJ2-1,SASRVPNNEQF,1
TRBV20-1,TRBJ2-1,SASRVPNSYNEQF,1
TRBV20-1,TRBJ2-1,SASRVPSGRWDNEQF,1
TRBV20-1,TRBJ2-1,SASRVPSPEDFYNEQF,1
TRBV20-1,TRBJ2-1,SASRVPSSYNEQF,3
TRBV20-1,TRBJ2-1,SASRVPSYNEQF,1
TRBV20-1,TRBJ2-1,SASRVPTSGSYNEQF,1
TRBV20-1,TRBJ2-1,SASRVPTSGYNEQF,1
TRBV20-1,TRBJ2-1,SASRVPTYNEQF,1
TRBV20-1,TRBJ2-1,SASRVPYNEQF,2
TRBV20-1,TRBJ2-1,SASRVQDEQF,4
TRBV20-1,TRBJ2-1,SASRVQEQF,6
TRBV20-1,TRBJ2-1,SASRVQGAGNEQF,1
TRBV20-1,TRBJ2-1,SASRVQGNEQF,5
TRBV20-1,TRBJ2-1,SASRVQGRDEQF,1
TRBV20-1,TRBJ2-1,SASRVQGYNEQF,2
TRBV20-1,TRBJ2-1,SASRVQNEQF,1
TRBV20-1,TRBJ2-1,SASRVQNPNEQF,1
TRBV20-1,TRBJ2-1,SASRVQREGPNEQF,1
TRBV20-1,TRBJ2-1,SASRVQRQGSPYNEQF,1
TRBV20-1,TRBJ2-1,SASRVQRVLYNEQF,1
TRBV20-1,TRBJ2-1,SASRVRAAEQF,1
TRBV20-1,TRBJ2-1,SASRVRAGAYNEQF,1
TRBV20-1,TRBJ2-1,SASRVRAGNEQF,1
TRBV20-1,TRBJ2-1,SASRVRAGPWNEQF,2
TRBV20-1,TRBJ2-1,SASRVRAYNEQF,1
TRBV20-1,TRBJ2-1,SASRVRDDYNEQF,1
TRBV20-1,TRBJ2-1,SASRVRDTINEQF,6
TRBV20-1,TRBJ2-1,SASRVRDYNEQF,1
TRBV20-1,TRBJ2-1,SASRVREGREYNEQF,1
TRBV20-1,TRBJ2-1,SASRVRETYNEQF,1
TRBV20-1,TRBJ2-1,SASRVRGGATDEQF,1
TRBV20-1,TRBJ2-1,SASRVRGGLPVYNEQF,2
TRBV20-1,TRBJ2-1,SASRVRGGNEPF,1
TRBV20-1,TRBJ2-1,SASRVRGGYNEQF,3
TRBV20-1,TRBJ2-1,SASRVRGHNEQF,1
TRBV20-1,TRBJ2-1,SASRVRGPYNEQF,3
TRBV20-1,TRBJ2-1,SASRVRGRSNEQF,2
TRBV20-1,TRBJ2-1,SASRVRGVGFDEQF,1
TRBV20-1,TRBJ2-1,SASRVRGVYNEQF,1
TRBV20-1,TRBJ2-1,SASRVRGYNEQF,2
TRBV20-1,TRBJ2-1,SASRVRIYNEQF,1
TRBV20-1,TRBJ2-1,SASRVRKISSSYNEQF,1
TRBV20-1,TRBJ2-1,SASRVRLAGAYNEQF,1
TRBV20-1,TRBJ2-1,SASRVRLDNEQF,1
TRBV20-1,TRBJ2-1,SASRVRLGNNEQF,1
TRBV20-1,TRBJ2-1,SASRVRLGVNEQF,2
TRBV20-1,TRBJ2-1,SASRVRMSLAGEFNEQF,2
TRBV20-1,TRBJ2-1,SASRVRNEHF,1
TRBV20-1,TRBJ2-1,SASRVRNEQF,34
TRBV20-1,TRBJ2-1,SASRVRNQQF,1
TRBV20-1,TRBJ2-1,SASRVRPDINEQF,1
TRBV20-1,TRBJ2-1,SASRVRPLGNEQF,1
TRBV20-1,TRBJ2-1,SASRVRPYNEQF,2
TRBV20-1,TRBJ2-1,SASRVRQGSEQF,1
TRBV20-1,TRBJ2-1,SASRVRRRGTYNEQF,1
TRBV20-1,TRBJ2-1,SASRVRSDEQF,1
TRBV20-1,TRBJ2-1,SASRVRSINEQF,1
TRBV20-1,TRBJ2-1,SASRVRSSYNEQF,1
TRBV20-1,TRBJ2-1,SASRVRSYNEQF,2
TRBV20-1,TRBJ2-1,SASRVRTGPSNEQF,1
TRBV20-1,TRBJ2-1,SASRVRTSYNEQF,1
TRBV20-1,TRBJ2-1,SASRVRVNEQF,1
TRBV20-1,TRBJ2-1,SASRVRVYNEQF,1
TRBV20-1,TRBJ2-1,SASRVRYNEQF,2
TRBV20-1,TRBJ2-1,SASRVSDDEQF,1
TRBV20-1,TRBJ2-1,SASRVSFYNEQF,1
TRBV20-1,TRBJ2-1,SASRVSGFYNEQF,1
TRBV20-1,TRBJ2-1,SASRVSGGYYNEQF,1
TRBV20-1,TRBJ2-1,SASRVSGNEQF,1
TRBV20-1,TRBJ2-1,SASRVSGNNEQF,1
TRBV20-1,TRBJ2-1,SASRVSGRANEQF,1
TRBV20-1,TRBJ2-1,SASRVSGRAYNEQF,15
TRBV20-1,TRBJ2-1,SASRVSGSIVGNEQF,1
TRBV20-1,TRBJ2-1,SASRVSGSNDEQF,1
TRBV20-1,TRBJ2-1,SASRVSGSSYNEQF,1
TRBV20-1,TRBJ2-1,SASRVSGWAAYNEQF,1
TRBV20-1,TRBJ2-1,SASRVSHEQF,1
TRBV20-1,TRBJ2-1,SASRVSHNNEQF,1
TRBV20-1,TRBJ2-1,SASRVSNEQF,5
TRBV20-1,TRBJ2-1,SASRVSNNEQF,1
TRBV20-1,TRBJ2-1,SASRVSPGVDEQF,1
TRBV20-1,TRBJ2-1,SASRVSPSSYNEQF,1
TRBV20-1,TRBJ2-1,SASRVSPYNEQF,2
TRBV20-1,TRBJ2-1,SASRVSRWAAYNVQF,1
TRBV20-1,TRBJ2-1,SASRVSSGSYNEQF,1
TRBV20-1,TRBJ2-1,SASRVSSLAAYNEQF,1
TRBV20-1,TRBJ2-1,SASRVSSLYNEQF,1
TRBV20-1,TRBJ2-1,SASRVSSSYNEQF,3
TRBV20-1,TRBJ2-1,SASRVSSWAAYNEQF,38
TRBV20-1,TRBJ2-1,SASRVSSWAAYNERF,1
TRBV20-1,TRBJ2-1,SASRVSSWSAYNEQF,1
TRBV20-1,TRBJ2-1,SASRVSSYNEQF,21
TRBV20-1,TRBJ2-1,SASRVSTYNEQF,8
TRBV20-1,TRBJ2-1,SASRVSWGNEQF,1
TRBV20-1,TRBJ2-1,SASRVSYEQF,1
TRBV20-1,TRBJ2-1,SASRVSYNEQF,25
TRBV20-1,TRBJ2-1,SASRVSYSYNEQF,1
TRBV20-1,TRBJ2-1,SASRVTAGLYNEQF,4
TRBV20-1,TRBJ2-1,SASRVTAYNEQF,1
TRBV20-1,TRBJ2-1,SASRVTGDEQF,1
TRBV20-1,TRBJ2-1,SASRVTGEQF,2
TRBV20-1,TRBJ2-1,SASRVTGGFSYNEQF,1
TRBV20-1,TRBJ2-1,SASRVTGLISIVYNEQF,1
TRBV20-1,TRBJ2-1,SASRVTGNEQF,2
TRBV20-1,TRBJ2-1,SASRVTKNNNEQF,1
TRBV20-1,TRBJ2-1,SASRVTPVVHEQF,1
TRBV20-1,TRBJ2-1,SASRVTRGNEQF,1
TRBV20-1,TRBJ2-1,SASRVTSGDYNEQF,1
TRBV20-1,TRBJ2-1,SASRVTSGNNEQF,1
TRBV20-1,TRBJ2-1,SASRVTSGTDEQF,1
TRBV20-1,TRBJ2-1,SASRVTSHVNEQF,4
TRBV20-1,TRBJ2-1,SASRVTSVSHEQF,1
TRBV20-1,TRBJ2-1,SASRVTYNEQF,7
TRBV20-1,TRBJ2-1,SASRVVAENEQF,1
TRBV20-1,TRBJ2-1,SASRVVAGMSYNEQF,1
TRBV20-1,TRBJ2-1,SASRVVAGVQFNEQF,1
TRBV20-1,TRBJ2-1,SASRVVAGVSYNEQF,1
TRBV20-1,TRBJ2-1,SASRVVALGNEQF,1
TRBV20-1,TRBJ2-1,SASRVVDDEQF,1
TRBV20-1,TRBJ2-1,SASRVVENEQF,1
TRBV20-1,TRBJ2-1,SASRVVGFNEQF,1
TRBV20-1,TRBJ2-1,SASRVVGNEQF,1
TRBV20-1,TRBJ2-1,SASRVVIHNEQF,1
TRBV20-1,TRBJ2-1,SASRVVLYNEQF,1
TRBV20-1,TRBJ2-1,SASRVVNEQF,1
TRBV20-1,TRBJ2-1,SASRVVPYNEQF,1
TRBV20-1,TRBJ2-1,SASRVVSDEQF,1
TRBV20-1,TRBJ2-1,SASRVVSYNEQF,1
TRBV20-1,TRBJ2-1,SASRVVVYNEQF,3
TRBV20-1,TRBJ2-1,SASRVVWGNEQF,1
TRBV20-1,TRBJ2-1,SASRVVYNEQF,5
TRBV20-1,TRBJ2-1,SASRVWDEQF,2
TRBV20-1,TRBJ2-1,SASRVWEALTYNEQF,1
TRBV20-1,TRBJ2-1,SASRVWEPNEQF,1
TRBV20-1,TRBJ2-1,SASRVWNEQF,3
TRBV20-1,TRBJ2-1,SASRVWTPLDNEQF,1
TRBV20-1,TRBJ2-1,SASRVYEQF,2
TRBV20-1,TRBJ2-1,SASRVYNEQF,15
TRBV20-1,TRBJ2-1,SASRVYSYNEQF,2
TRBV20-1,TRBJ2-1,SASRVYYNEQF,1
TRBV20-1,TRBJ2-1,SASRWAGGAYNEQF,1
TRBV20-1,TRBJ2-1,SASRWAGGPSSYNEQF,1
TRBV20-1,TRBJ2-1,SASRWALKGRVINEQF,1
TRBV20-1,TRBJ2-1,SASRWALTYNEQF,1
TRBV20-1,TRBJ2-1,SASRWAPSSYNEQF,1
TRBV20-1,TRBJ2-1,SASRWASGANEQF,1
TRBV20-1,TRBJ2-1,SASRWASGGSNEQF,1
TRBV20-1,TRBJ2-1,SASRWASGRDYNEQF,1
TRBV20-1,TRBJ2-1,SASRWASGSWGHNEQF,1
TRBV20-1,TRBJ2-1,SASRWAVIYNEQF,1
TRBV20-1,TRBJ2-1,SASRWDEQF,3
TRBV20-1,TRBJ2-1,SASRWDITLNNEQF,1
TRBV20-1,TRBJ2-1,SASRWDNEQF,2
TRBV20-1,TRBJ2-1,SASRWDQGTYNEQF,1
TRBV20-1,TRBJ2-1,SASRWDRDVYEQF,3
TRBV20-1,TRBJ2-1,SASRWDRGLDEQF,1
TRBV20-1,TRBJ2-1,SASRWDRGNEQF,1
TRBV20-1,TRBJ2-1,SASRWDRVNEQF,2
TRBV20-1,TRBJ2-1,SASRWDRVRYNEQF,1
TRBV20-1,TRBJ2-1,SASRWDVNEQF,1
TRBV20-1,TRBJ2-1,SASRWEAAYNEQF,1
TRBV20-1,TRBJ2-1,SASRWEARYEQF,1
TRBV20-1,TRBJ2-1,SASRWEDNEQF,1
TRBV20-1,TRBJ2-1,SASRWEGPDEQF,1
TRBV20-1,TRBJ2-1,SASRWEGRNEQF,1
TRBV20-1,TRBJ2-1,SASRWEGSYNEQF,1
TRBV20-1,TRBJ2-1,SASRWEGYNEQF,4
TRBV20-1,TRBJ2-1,SASRWELGNEQF,1
TRBV20-1,TRBJ2-1,SASRWELQRGRTYNEQF,1
TRBV20-1,TRBJ2-1,SASRWELTGNEQF,1
TRBV20-1,TRBJ2-1,SASRWENEQF,2
TRBV20-1,TRBJ2-1,SASRWERGINEQF,4
TRBV20-1,TRBJ2-1,SASRWERGYNEQF,3
TRBV20-1,TRBJ2-1,SASRWERLDEQF,1
TRBV20-1,TRBJ2-1,SASRWERSYNEQF,1
TRBV20-1,TRBJ2-1,SASRWESGHNEQF,2
TRBV20-1,TRBJ2-1,SASRWESSYNEQF,2
TRBV20-1,TRBJ2-1,SASRWESYNEQF,2
TRBV20-1,TRBJ2-1,SASRWETGYEQF,1
TRBV20-1,TRBJ2-1,SASRWETYNEQF,1
TRBV20-1,TRBJ2-1,SASRWEWDNEQF,1
TRBV20-1,TRBJ2-1,SASRWEYEQF,2
TRBV20-1,TRBJ2-1,SASRWGAHEQF,2
TRBV20-1,TRBJ2-1,SASRWGANEQF,1
TRBV20-1,TRBJ2-1,SASRWGDLAGEDNEQF,1
TRBV20-1,TRBJ2-1,SASRWGDLYNEQF,1
TRBV20-1,TRBJ2-1,SASRWGDYNEQF,1
TRBV20-1,TRBJ2-1,SASRWGFRGNEQF,1
TRBV20-1,TRBJ2-1,SASRWGGGYNEQF,3
TRBV20-1,TRBJ2-1,SASRWGGVLNEQF,1
TRBV20-1,TRBJ2-1,SASRWGGYNEQF,1
TRBV20-1,TRBJ2-1,SASRWGKAENEQF,1
TRBV20-1,TRBJ2-1,SASRWGLNEQF,1
TRBV20-1,TRBJ2-1,SASRWGPNYNEQF,1
TRBV20-1,TRBJ2-1,SASRWGQKNEQF,1
TRBV20-1,TRBJ2-1,SASRWGQSKYNEQF,1
TRBV20-1,TRBJ2-1,SASRWGRDNEQF,1
TRBV20-1,TRBJ2-1,SASRWGRGGNEQF,1
TRBV20-1,TRBJ2-1,SASRWGRHNEQF,1
TRBV20-1,TRBJ2-1,SASRWGRSYNEQF,3
TRBV20-1,TRBJ2-1,SASRWGSSYNEQF,2
TRBV20-1,TRBJ2-1,SASRWGSYNEQF,1
TRBV20-1,TRBJ2-1,SASRWGTGVQDEQF,1
TRBV20-1,TRBJ2-1,SASRWGTMWGQGYNGQF,1
TRBV20-1,TRBJ2-1,SASRWGTSGNEQF,1
TRBV20-1,TRBJ2-1,SASRWGTSYNEQF,1
TRBV20-1,TRBJ2-1,SASRWGVNNEQF,1
TRBV20-1,TRBJ2-1,SASRWISGGYNEQF,1
TRBV20-1,TRBJ2-1,SASRWISGSNEQF,1
TRBV20-1,TRBJ2-1,SASRWKAGSSYNEQF,1
TRBV20-1,TRBJ2-1,SASRWKLGLAGGPELEQF,1
TRBV20-1,TRBJ2-1,SASRWKTRASGGIYNEQF,2
TRBV20-1,TRBJ2-1,SASRWLADKNEQF,1
TRBV20-1,TRBJ2-1,SASRWLADTNEQF,1
TRBV20-1,TRBJ2-1,SASRWLAGGDEQF,1
TRBV20-1,TRBJ2-1,SASRWLAGGGSYNEQF,1
TRBV20-1,TRBJ2-1,SASRWLAGYNEQF,1
TRBV20-1,TRBJ2-1,SASRWLLAGARSSYNEQF,1
TRBV20-1,TRBJ2-1,SASRWLTTYNEQF,1
TRBV20-1,TRBJ2-1,SASRWMLSSYNEQF,1
TRBV20-1,TRBJ2-1,SASRWNEQF,4
TRBV20-1,TRBJ2-1,SASRWNLGIDNEQF,1
TRBV20-1,TRBJ2-1,SASRWPGGFNEQF,1
TRBV20-1,TRBJ2-1,SASRWPGLALSNEQF,1
TRBV20-1,TRBJ2-1,SASRWPNEQF,1
TRBV20-1,TRBJ2-1,SASRWPRGSSYNEQF,1
TRBV20-1,TRBJ2-1,SASRWPSNNEQF,1
TRBV20-1,TRBJ2-1,SASRWQGAHEQF,1
TRBV20-1,TRBJ2-1,SASRWQGAYNEQF,1
TRBV20-1,TRBJ2-1,SASRWQGHPQDNEQF,1
TRBV20-1,TRBJ2-1,SASRWRAYNEQF,1
TRBV20-1,TRBJ2-1,SASRWREDYNEQF,1
TRBV20-1,TRBJ2-1,SASRWREGPVDEQF,1
TRBV20-1,TRBJ2-1,SASRWREGYNEQF,1
TRBV20-1,TRBJ2-1,SASRWREYNEQF,1
TRBV20-1,TRBJ2-1,SASRWRGAVHPPWDEQF,4
TRBV20-1,TRBJ2-1,SASRWRGRNEQF,1
TRBV20-1,TRBJ2-1,SASRWRGSYNEQF,9
TRBV20-1,TRBJ2-1,SASRWRLAGGLSYNEQF,1
TRBV20-1,TRBJ2-1,SASRWRLDEQF,4
TRBV20-1,TRBJ2-1,SASRWRPESSYNEQF,1
TRBV20-1,TRBJ2-1,SASRWRQGANEQF,3
TRBV20-1,TRBJ2-1,SASRWRRPSSYNEQF,1
TRBV20-1,TRBJ2-1,SASRWRVTFSSYNEQF,1
TRBV20-1,TRBJ2-1,SASRWRWGSQNPGYNEQF,1
TRBV20-1,TRBJ2-1,SASRWSGEQF,1
TRBV20-1,TRBJ2-1,SASRWSGSGNEQF,1
TRBV20-1,TRBJ2-1,SASRWSPFSYNEQF,1
TRBV20-1,TRBJ2-1,SASRWSRPNNEQF,1
TRBV20-1,TRBJ2-1,SASRWSRYNEQF,1
TRBV20-1,TRBJ2-1,SASRWSSYNEQF,7
TRBV20-1,TRBJ2-1,SASRWSSYTNEQF,1
TRBV20-1,TRBJ2-1,SASRWSVGYNEQF,1
TRBV20-1,TRBJ2-1,SASRWSYNEQF,4
TRBV20-1,TRBJ2-1,SASRWTDNEQF,1
TRBV20-1,TRBJ2-1,SASRWTGTYNEQF,4
TRBV20-1,TRBJ2-1,SASRWTGVDNEQF,1
TRBV20-1,TRBJ2-1,SASRWTNEQF,1
TRBV20-1,TRBJ2-1,SASRWTPTDEQF,1
TRBV20-1,TRBJ2-1,SASRWTSEYNEQF,1
TRBV20-1,TRBJ2-1,SASRWTSFNEQF,1
TRBV20-1,TRBJ2-1,SASRWTSGAYNEQF,5
TRBV20-1,TRBJ2-1,SASRWTSGDLNEQF,1
TRBV20-1,TRBJ2-1,SASRWTSGDNEQF,2
TRBV20-1,TRBJ2-1,SASRWTSGEENEQF,1
TRBV20-1,TRBJ2-1,SASRWTSGGFSNEQF,1
TRBV20-1,TRBJ2-1,SASRWTSGGYNEQF,2
TRBV20-1,TRBJ2-1,SASRWTSGINEQF,1
TRBV20-1,TRBJ2-1,SASRWTSGRASSYNEQF,1
TRBV20-1,TRBJ2-1,SASRWTSGSNEQF,1
TRBV20-1,TRBJ2-1,SASRWTSGYYNEQF,1
TRBV20-1,TRBJ2-1,SASRWTSNEQF,1
TRBV20-1,TRBJ2-1,SASRWTSPHNEQF,3
TRBV20-1,TRBJ2-1,SASRWTSSSYNEQF,1
TRBV20-1,TRBJ2-1,SASRWTTSGILTYNEQF,1
TRBV20-1,TRBJ2-1,SASRWTTYNEQF,1
TRBV20-1,TRBJ2-1,SASRWTVTYNEQF,4
TRBV20-1,TRBJ2-1,SASRWVAGGNEQF,1
TRBV20-1,TRBJ2-1,SASRWVDSPGLVTHEQF,1
TRBV20-1,TRBJ2-1,SASRWVGANEQF,3
TRBV20-1,TRBJ2-1,SASRWVPQPNEQF,1
TRBV20-1,TRBJ2-1,SASRWVSYNEQF,2
TRBV20-1,TRBJ2-1,SASRWVTSSSYNEQF,1
TRBV20-1,TRBJ2-1,SASRWVYNEQF,1
TRBV20-1,TRBJ2-1,SASRYAAGVGNEQF,1
TRBV20-1,TRBJ2-1,SASRYAGGPDNEQF,1
TRBV20-1,TRBJ2-1,SASRYAGVVEQF,8
TRBV20-1,TRBJ2-1,SASRYAGVVGQF,2
TRBV20-1,TRBJ2-1,SASRYALDEQF,1
TRBV20-1,TRBJ2-1,SASRYARDRNEQF,1
TRBV20-1,TRBJ2-1,SASRYAWAGNEQF,1
TRBV20-1,TRBJ2-1,SASRYDAYNEQF,1
TRBV20-1,TRBJ2-1,SASRYDNEQF,1
TRBV20-1,TRBJ2-1,SASRYDREYNEQF,1
TRBV20-1,TRBJ2-1,SASRYEDNNEQF,1
TRBV20-1,TRBJ2-1,SASRYEGQSYNEQF,1
TRBV20-1,TRBJ2-1,SASRYEQF,14
TRBV20-1,TRBJ2-1,SASRYERNEQF,4
TRBV20-1,TRBJ2-1,SASRYFLDPPNEQF,1
TRBV20-1,TRBJ2-1,SASRYGAGVHNEQF,1
TRBV20-1,TRBJ2-1,SASRYGEIYNEQF,2
TRBV20-1,TRBJ2-1,SASRYGGGRTNEQF,3
TRBV20-1,TRBJ2-1,SASRYGGNDEQF,2
TRBV20-1,TRBJ2-1,SASRYGGPYNEQF,1
TRBV20-1,TRBJ2-1,SASRYGGRAYNEQF,1
TRBV20-1,TRBJ2-1,SASRYGGRSYNEQF,1
TRBV20-1,TRBJ2-1,SASRYGLAGGPNLEQF,6
TRBV20-1,TRBJ2-1,SASRYGLAGGQNLEQF,1
TRBV20-1,TRBJ2-1,SASRYGLALPSYNEQF,1
TRBV20-1,TRBJ2-1,SASRYGLYNEHF,1
TRBV20-1,TRBJ2-1,SASRYGLYNEQF,6
TRBV20-1,TRBJ2-1,SASRYGQSYNEQF,1
TRBV20-1,TRBJ2-1,SASRYGRGDNEQF,1
TRBV20-1,TRBJ2-1,SASRYGRYNEQF,7
TRBV20-1,TRBJ2-1,SASRYGSYNEQF,1
TRBV20-1,TRBJ2-1,SASRYGTDNEQF,1
TRBV20-1,TRBJ2-1,SASRYGTGYNEQF,1
TRBV20-1,TRBJ2-1,SASRYGYNEQF,1
TRBV20-1,TRBJ2-1,SASRYHNEQF,2
TRBV20-1,TRBJ2-1,SASRYKGVSYNEQF,1
TRBV20-1,TRBJ2-1,SASRYLGGDSSYNEQF,2
TRBV20-1,TRBJ2-1,SASRYLGPGQGLNEQF,1
TRBV20-1,TRBJ2-1,SASRYLPYNEQF,1
TRBV20-1,TRBJ2-1,SASRYLSEGSYNEQF,1
TRBV20-1,TRBJ2-1,SASRYNEQF,84
TRBV20-1,TRBJ2-1,SASRYNEQI,1
TRBV20-1,TRBJ2-1,SASRYPATAHNEQF,1
TRBV20-1,TRBJ2-1,SASRYPLGGYNEQF,1
TRBV20-1,TRBJ2-1,SASRYPPSGYNNEQF,1
TRBV20-1,TRBJ2-1,SASRYPQSSYNEQF,1
TRBV20-1,TRBJ2-1,SASRYPRDFQWEQF,1
TRBV20-1,TRBJ2-1,SASRYPTYNEQF,1
TRBV20-1,TRBJ2-1,SASRYRDNEQF,1
TRBV20-1,TRBJ2-1,SASRYRESPYNEQF,1
TRBV20-1,TRBJ2-1,SASRYREYNEQF,6
TRBV20-1,TRBJ2-1,SASRYRGMDNEQF,1
TRBV20-1,TRBJ2-1,SASRYRGTGVIRDEQF,4
TRBV20-1,TRBJ2-1,SASRYRQGANEQF,1
TRBV20-1,TRBJ2-1,SASRYRSASYNEQF,1
TRBV20-1,TRBJ2-1,SASRYSGAYNEQF,1
TRBV20-1,TRBJ2-1,SASRYSGEIYNEQF,1
TRBV20-1,TRBJ2-1,SASRYSGPVPDEQF,1
TRBV20-1,TRBJ2-1,SASRYSGRAGEQF,3
TRBV20-1,TRBJ2-1,SASRYSGRAYNEQF,1
TRBV20-1,TRBJ2-1,SASRYSSSNEQF,1
TRBV20-1,TRBJ2-1,SASRYSSYNEQF,6
TRBV20-1,TRBJ2-1,SASRYSYNEQF,4
TRBV20-1,TRBJ2-1,SASRYTFSSYNEQF,1
TRBV20-1,TRBJ2-1,SASRYTNEQF,3
TRBV20-1,TRBJ2-1,SASRYTQRDNEQF,1
TRBV20-1,TRBJ2-1,SASRYTYNEQF,1
TRBV20-1,TRBJ2-1,SASRYVLYNEQF,1
TRBV20-1,TRBJ2-1,SASRYWPYNEQF,1
TRBV20-1,TRBJ2-1,SASRYYNEQF,1
TRBV20-1,TRBJ2-1,SASSAAAHEQF,4
TRBV20-1,TRBJ2-1,SASSAAASGHNEQF,1
TRBV20-1,TRBJ2-1,SASSAADQF,1
TRBV20-1,TRBJ2-1,SASSAAGAYNEQF,4
TRBV20-1,TRBJ2-1,SASSAAGDNEQF,1
TRBV20-1,TRBJ2-1,SASSAAGELPGDEQF,1
TRBV20-1,TRBJ2-1,SASSAAGGPNEQF,1
TRBV20-1,TRBJ2-1,SASSAAGGRQDNEQF,1
TRBV20-1,TRBJ2-1,SASSAAGGYNEQF,1
TRBV20-1,TRBJ2-1,SASSAAGIYNEQF,1
TRBV20-1,TRBJ2-1,SASSAAGPNNEQF,1
TRBV20-1,TRBJ2-1,SASSAAGPSYNEQF,4
TRBV20-1,TRBJ2-1,SASSAAGVNEQF,1
TRBV20-1,TRBJ2-1,SASSAAGVTYNEQF,1
TRBV20-1,TRBJ2-1,SASSAALHEQF,1
TRBV20-1,TRBJ2-1,SASSAANEQF,1
TRBV20-1,TRBJ2-1,SASSAANNEQF,1
TRBV20-1,TRBJ2-1,SASSAAPHEQF,1
TRBV20-1,TRBJ2-1,SASSAAPSSYNEQF,1
TRBV20-1,TRBJ2-1,SASSAARGNEQF,1
TRBV20-1,TRBJ2-1,SASSAASGRRNEQF,1
TRBV20-1,TRBJ2-1,SASSAASSYNEQF,2
TRBV20-1,TRBJ2-1,SASSAASYNEQF,1
TRBV20-1,TRBJ2-1,SASSAATNEQF,1
TRBV20-1,TRBJ2-1,SASSAATSEIYNEQF,1
TRBV20-1,TRBJ2-1,SASSAATYNEQF,1
TRBV20-1,TRBJ2-1,SASSAAVDEQF,1
TRBV20-1,TRBJ2-1,SASSAAVRNEQF,7
TRBV20-1,TRBJ2-1,SASSAAYNEQF,3
TRBV20-1,TRBJ2-1,SASSAAYYNEQF,1
TRBV20-1,TRBJ2-1,SASSADEQF,12
TRBV20-1,TRBJ2-1,SASSADGYNEQF,1
TRBV20-1,TRBJ2-1,SASSADHNEQF,1
TRBV20-1,TRBJ2-1,SASSADIYNEQF,1
TRBV20-1,TRBJ2-1,SASSADNEQF,4
TRBV20-1,TRBJ2-1,SASSADNSYNEQF,1
TRBV20-1,TRBJ2-1,SASSADSYNEQF,5
TRBV20-1,TRBJ2-1,SASSADTYNEQF,1
TRBV20-1,TRBJ2-1,SASSADYAREQF,1
TRBV20-1,TRBJ2-1,SASSADYIREQF,1
TRBV20-1,TRBJ2-1,SASSADYNEQF,7
TRBV20-1,TRBJ2-1,SASSADYQQLYNEQF,11
TRBV20-1,TRBJ2-1,SASSADYSREQF,2
TRBV20-1,TRBJ2-1,SASSADYTREPF,1
TRBV20-1,TRBJ2-1,SASSADYTREQF,35
TRBV20-1,TRBJ2-1,SASSADYTRGQF,1
TRBV20-1,TRBJ2-1,SASSAEALEQF,2
TRBV20-1,TRBJ2-1,SASSAEAYNEQF,1
TRBV20-1,TRBJ2-1,SASSAEDASDEQF,2
TRBV20-1,TRBJ2-1,SASSAEDSSDEQF,1
TRBV20-1,TRBJ2-1,SASSAEEYNEQF,1
TRBV20-1,TRBJ2-1,SASSAEFYNEQF,1
TRBV20-1,TRBJ2-1,SASSAEGARSYNEQF,1
TRBV20-1,TRBJ2-1,SASSAEGLPAHEQF,1
TRBV20-1,TRBJ2-1,SASSAEGQYYNEQF,1
TRBV20-1,TRBJ2-1,SASSAEGVAVLNEQF,1
TRBV20-1,TRBJ2-1,SASSAEGYNEQF,1
TRBV20-1,TRBJ2-1,SASSAELAGGYNEQF,1
TRBV20-1,TRBJ2-1,SASSAELAYHEQF,1
TRBV20-1,TRBJ2-1,SASSAELLLYNEQF,1
TRBV20-1,TRBJ2-1,SASSAERGAYNEQF,1
TRBV20-1,TRBJ2-1,SASSAESSYNEQF,16
TRBV20-1,TRBJ2-1,SASSAESYNEQF,1
TRBV20-1,TRBJ2-1,SASSAEYNEQF,1
TRBV20-1,TRBJ2-1,SASSAEYTREQF,2
TRBV20-1,TRBJ2-1,SASSAFAYNEQF,1
TRBV20-1,TRBJ2-1,SASSAFEDNEQF,3
TRBV20-1,TRBJ2-1,SASSAFHNEQF,1
TRBV20-1,TRBJ2-1,SASSAFLAGSSSYNEQF,1
TRBV20-1,TRBJ2-1,SASSAFRGSSYNEQF,2
TRBV20-1,TRBJ2-1,SASSAFSSYNEQF,1
TRBV20-1,TRBJ2-1,SASSAFSYNEQC,1
TRBV20-1,TRBJ2-1,SASSAFSYNEQF,7
TRBV20-1,TRBJ2-1,SASSAGAALAGVDEQF,1
TRBV20-1,TRBJ2-1,SASSAGAAYNEQF,1
TRBV20-1,TRBJ2-1,SASSAGAEQF,3
TRBV20-1,TRBJ2-1,SASSAGAEYNEQF,1
TRBV20-1,TRBJ2-1,SASSAGAKDNEQF,1
TRBV20-1,TRBJ2-1,SASSAGALNEQF,1
TRBV20-1,TRBJ2-1,SASSAGALSYNEQF,1
TRBV20-1,TRBJ2-1,SASSAGANEQF,1
TRBV20-1,TRBJ2-1,SASSAGANNEQF,1
TRBV20-1,TRBJ2-1,SASSAGASNEQF,2
TRBV20-1,TRBJ2-1,SASSAGASWNEQF,1
TRBV20-1,TRBJ2-1,SASSAGATNEQF,1
TRBV20-1,TRBJ2-1,SASSAGAYNEQF,5
TRBV20-1,TRBJ2-1,SASSAGAYSYNEQF,1
TRBV20-1,TRBJ2-1,SASSAGDDEQF,1
TRBV20-1,TRBJ2-1,SASSAGDEQF,1
TRBV20-1,TRBJ2-1,SASSAGDFLYNEQF,4
TRBV20-1,TRBJ2-1,SASSAGDKNEQF,1
TRBV20-1,TRBJ2-1,SASSAGDLNEQF,3
TRBV20-1,TRBJ2-1,SASSAGDMDEQF,1
TRBV20-1,TRBJ2-1,SASSAGDPMDEQF,1
TRBV20-1,TRBJ2-1,SASSAGDRDEQF,1
TRBV20-1,TRBJ2-1,SASSAGDSYNEQF,3
TRBV20-1,TRBJ2-1,SASSAGDWNEQF,1
TRBV20-1,TRBJ2-1,SASSAGDYNEQF,4
TRBV20-1,TRBJ2-1,SASSAGDYYNEQF,1
TRBV20-1,TRBJ2-1,SASSAGEEVYNEQF,1
TRBV20-1,TRBJ2-1,SASSAGEFYNEQF,3
TRBV20-1,TRBJ2-1,SASSAGEGGRSYNEQF,1
TRBV20-1,TRBJ2-1,SASSAGEGKNEQF,1
TRBV20-1,TRBJ2-1,SASSAGEGNNEQF,1
TRBV20-1,TRBJ2-1,SASSAGEMNEQF,1
TRBV20-1,TRBJ2-1,SASSAGERLNEQF,1
TRBV20-1,TRBJ2-1,SASSAGESYNEQF,1
TRBV20-1,TRBJ2-1,SASSAGETNEQF,1
TRBV20-1,TRBJ2-1,SASSAGFSDNEQF,1
TRBV20-1,TRBJ2-1,SASSAGGANEQF,1
TRBV20-1,TRBJ2-1,SASSAGGARNEQF,2
TRBV20-1,TRBJ2-1,SASSAGGASSYNEQF,1
TRBV20-1,TRBJ2-1,SASSAGGASYNEQF,1
TRBV20-1,TRBJ2-1,SASSAGGDEQF,1
TRBV20-1,TRBJ2-1,SASSAGGDYNEQF,1
TRBV20-1,TRBJ2-1,SASSAGGEYNEQF,17
TRBV20-1,TRBJ2-1,SASSAGGEYNKQF,1
TRBV20-1,TRBJ2-1,SASSAGGFAYNEQF,1
TRBV20-1,TRBJ2-1,SASSAGGFYNEQF,1
TRBV20-1,TRBJ2-1,SASSAGGGIMSYNEQF,1
TRBV20-1,TRBJ2-1,SASSAGGGLYNEQF,1
TRBV20-1,TRBJ2-1,SASSAGGGNEQF,8
TRBV20-1,TRBJ2-1,SASSAGGGNNEQF,2
TRBV20-1,TRBJ2-1,SASSAGGGSYNEQF,6
TRBV20-1,TRBJ2-1,SASSAGGGYNEQF,1
TRBV20-1,TRBJ2-1,SASSAGGHEQF,1
TRBV20-1,TRBJ2-1,SASSAGGHNEQF,1
TRBV20-1,TRBJ2-1,SASSAGGIFDEQF,1
TRBV20-1,TRBJ2-1,SASSAGGIFNEQF,1
TRBV20-1,TRBJ2-1,SASSAGGINEQF,1
TRBV20-1,TRBJ2-1,SASSAGGISYNEQF,1
TRBV20-1,TRBJ2-1,SASSAGGKYNEQF,6
TRBV20-1,TRBJ2-1,SASSAGGLDNEQF,1
TRBV20-1,TRBJ2-1,SASSAGGLIGNEQF,4
TRBV20-1,TRBJ2-1,SASSAGGLNEQF,1
TRBV20-1,TRBJ2-1,SASSAGGNEQF,12
TRBV20-1,TRBJ2-1,SASSAGGNNEQF,2
TRBV20-1,TRBJ2-1,SASSAGGNQNEQF,1
TRBV20-1,TRBJ2-1,SASSAGGNVQF,2
TRBV20-1,TRBJ2-1,SASSAGGPATYNEQF,1
TRBV20-1,TRBJ2-1,SASSAGGPDEQF,1
TRBV20-1,TRBJ2-1,SASSAGGPGDEQF,2
TRBV20-1,TRBJ2-1,SASSAGGPGNEQF,5
TRBV20-1,TRBJ2-1,SASSAGGPIPYNEQF,1
TRBV20-1,TRBJ2-1,SASSAGGPIYEQF,1
TRBV20-1,TRBJ2-1,SASSAGGPLYYNEQF,7
TRBV20-1,TRBJ2-1,SASSAGGPNEQF,4
TRBV20-1,TRBJ2-1,SASSAGGPRYNEQF,1
TRBV20-1,TRBJ2-1,SASSAGGPSSYEQF,1
TRBV20-1,TRBJ2-1,SASSAGGPSSYNEQF,1
TRBV20-1,TRBJ2-1,SASSAGGPWDEQF,1
TRBV20-1,TRBJ2-1,SASSAGGPYEQF,1
TRBV20-1,TRBJ2-1,SASSAGGPYNEQF,3
TRBV20-1,TRBJ2-1,SASSAGGQNNEQF,2
TRBV20-1,TRBJ2-1,SASSAGGQSSYNEQF,2
TRBV20-1,TRBJ2-1,SASSAGGRDEQF,1
TRBV20-1,TRBJ2-1,SASSAGGREQF,2
TRBV20-1,TRBJ2-1,SASSAGGRGVRVNEQF,1
TRBV20-1,TRBJ2-1,SASSAGGRTNEQF,1
TRBV20-1,TRBJ2-1,SASSAGGRYNEQF,1
TRBV20-1,TRBJ2-1,SASSAGGSGEQF,3
TRBV20-1,TRBJ2-1,SASSAGGSNEQF,4
TRBV20-1,TRBJ2-1,SASSAGGSSYNEQF,2
TRBV20-1,TRBJ2-1,SASSAGGSWEQF,1
TRBV20-1,TRBJ2-1,SASSAGGSYNEQF,17
TRBV20-1,TRBJ2-1,SASSAGGTVSYNEQF,1
TRBV20-1,TRBJ2-1,SASSAGGTYNEQF,7
TRBV20-1,TRBJ2-1,SASSAGGVGYEQF,1
TRBV20-1,TRBJ2-1,SASSAGGVNEQF,1
TRBV20-1,TRBJ2-1,SASSAGGWRYNEQF,8
TRBV20-1,TRBJ2-1,SASSAGGYNEQF,12
TRBV20-1,TRBJ2-1,SASSAGGYNNEQF,2
TRBV20-1,TRBJ2-1,SASSAGGYQYNEQF,1
TRBV20-1,TRBJ2-1,SASSAGHEQF,2
TRBV20-1,TRBJ2-1,SASSAGHNEQF,1
TRBV20-1,TRBJ2-1,SASSAGIAYNEQF,1
TRBV20-1,TRBJ2-1,SASSAGIGYEQF,1
TRBV20-1,TRBJ2-1,SASSAGISNEQF,1
TRBV20-1,TRBJ2-1,SASSAGISYNEQF,1
TRBV20-1,TRBJ2-1,SASSAGKGYNEQF,1
TRBV20-1,TRBJ2-1,SASSAGKQF,4
TRBV20-1,TRBJ2-1,SASSAGKVNEQF,1
TRBV20-1,TRBJ2-1,SASSAGKWSGYNEQF,1
TRBV20-1,TRBJ2-1,SASSAGLAAGEQF,4
TRBV20-1,TRBJ2-1,SASSAGLAGAYNEQF,1
TRBV20-1,TRBJ2-1,SASSAGLAGGPYNEQF,2
TRBV20-1,TRBJ2-1,SASSAGLAGNEQF,1
TRBV20-1,TRBJ2-1,SASSAGLAINEQF,1
TRBV20-1,TRBJ2-1,SASSAGLASNEQF,1
TRBV20-1,TRBJ2-1,SASSAGLASYNEQF,1
TRBV20-1,TRBJ2-1,SASSAGLAVNEQF,1
TRBV20-1,TRBJ2-1,SASSAGLAYNEQF,2
TRBV20-1,TRBJ2-1,SASSAGLAYNKQF,1
TRBV20-1,TRBJ2-1,SASSAGLHEQF,1
TRBV20-1,TRBJ2-1,SASSAGLKGLKGNEQF,1
TRBV20-1,TRBJ2-1,SASSAGLPRDSYNEQF,1
TRBV20-1,TRBJ2-1,SASSAGLPRYSYNEQF,10
TRBV20-1,TRBJ2-1,SASSAGLRYNEQF,1
TRBV20-1,TRBJ2-1,SASSAGLSSYNEQF,3
TRBV20-1,TRBJ2-1,SASSAGLSVDEQF,5
TRBV20-1,TRBJ2-1,SASSAGLSYNEQF,1
TRBV20-1,TRBJ2-1,SASSAGLTYNEQF,1
TRBV20-1,TRBJ2-1,SASSAGLYNEQF,3
TRBV20-1,TRBJ2-1,SASSAGNEQF,4
TRBV20-1,TRBJ2-1,SASSAGNNEQF,1
TRBV20-1,TRBJ2-1,SASSAGNSYNEQF,1
TRBV20-1,TRBJ2-1,SASSAGPAGDPHEQF,1
TRBV20-1,TRBJ2-1,SASSAGPEQF,5
TRBV20-1,TRBJ2-1,SASSAGPFNEQF,1
TRBV20-1,TRBJ2-1,SASSAGPNEQF,3
TRBV20-1,TRBJ2-1,SASSAGPNNEQF,1
TRBV20-1,TRBJ2-1,SASSAGPPYNEQF,1
TRBV20-1,TRBJ2-1,SASSAGPRLNNEQF,1
TRBV20-1,TRBJ2-1,SASSAGPSNEQF,1
TRBV20-1,TRBJ2-1,SASSAGPSSYNEQF,1
TRBV20-1,TRBJ2-1,SASSAGPVGNEQF,5
TRBV20-1,TRBJ2-1,SASSAGPVPNEQF,1
TRBV20-1,TRBJ2-1,SASSAGPYNEQF,4
TRBV20-1,TRBJ2-1,SASSAGQDDEQF,1
TRBV20-1,TRBJ2-1,SASSAGQGAQRTSGVSYNEQF,8
TRBV20-1,TRBJ2-1,SASSAGQGATYNEQF,1
TRBV20-1,TRBJ2-1,SASSAGQGYNEQF,1
TRBV20-1,TRBJ2-1,SASSAGQVSRYNEQF,1
TRBV20-1,TRBJ2-1,SASSAGRANEQF,1
TRBV20-1,TRBJ2-1,SASSAGRASDNEQF,2
TRBV20-1,TRBJ2-1,SASSAGRAYNEQF,1
TRBV20-1,TRBJ2-1,SASSAGRGDEQF,1
TRBV20-1,TRBJ2-1,SASSAGRGPPYNEQF,1
TRBV20-1,TRBJ2-1,SASSAGRINNEQF,3
TRBV20-1,TRBJ2-1,SASSAGRLNNEQL,1
TRBV20-1,TRBJ2-1,SASSAGRNEQF,1
TRBV20-1,TRBJ2-1,SASSAGRRNEQF,1
TRBV20-1,TRBJ2-1,SASSAGRSYNEQF,1
TRBV20-1,TRBJ2-1,SASSAGRVIYNEQF,1
TRBV20-1,TRBJ2-1,SASSAGRVNEQF,1
TRBV20-1,TRBJ2-1,SASSAGSFSYNEQF,1
TRBV20-1,TRBJ2-1,SASSAGSGRVGSYNEQF,2
TRBV20-1,TRBJ2-1,SASSAGSRNSYNEQF,2
TRBV20-1,TRBJ2-1,SASSAGSSSYNEQF,1
TRBV20-1,TRBJ2-1,SASSAGSSYNEQF,3
TRBV20-1,TRBJ2-1,SASSAGSYNEQF,4
TRBV20-1,TRBJ2-1,SASSAGTFSYNEQF,1
TRBV20-1,TRBJ2-1,SASSAGTGRKF,1
TRBV20-1,TRBJ2-1,SASSAGTGRVNEQF,1
TRBV20-1,TRBJ2-1,SASSAGTGTKF,6
TRBV20-1,TRBJ2-1,SASSAGTISYNEQF,1
TRBV20-1,TRBJ2-1,SASSAGTRSYNEQF,1
TRBV20-1,TRBJ2-1,SASSAGTSAEDEQF,1
TRBV20-1,TRBJ2-1,SASSAGTSGDHSYNEQF,1
TRBV20-1,TRBJ2-1,SASSAGTSGGSSYNEQF,1
TRBV20-1,TRBJ2-1,SASSAGTSGKKSSYNEQF,1
TRBV20-1,TRBJ2-1,SASSAGTSGLNEQF,1
TRBV20-1,TRBJ2-1,SASSAGTSGPSSYNEQF,1
TRBV20-1,TRBJ2-1,SASSAGTSGRVAYNEQF,8
TRBV20-1,TRBJ2-1,SASSAGTSGRVAYNGQF,1
TRBV20-1,TRBJ2-1,SASSAGTSGTKAYNEQF,1
TRBV20-1,TRBJ2-1,SASSAGTVNNEQF,1
TRBV20-1,TRBJ2-1,SASSAGTYNEQF,4
TRBV20-1,TRBJ2-1,SASSAGVEQF,1
TRBV20-1,TRBJ2-1,SASSAGVFNEQF,1
TRBV20-1,TRBJ2-1,SASSAGVFPYNEQF,1
TRBV20-1,TRBJ2-1,SASSAGVGEQF,6
TRBV20-1,TRBJ2-1,SASSAGVGNEQF,4
TRBV20-1,TRBJ2-1,SASSAGVGVNEQF,1
TRBV20-1,TRBJ2-1,SASSAGVGYNEQF,1
TRBV20-1,TRBJ2-1,SASSAGVHNEQF,1
TRBV20-1,TRBJ2-1,SASSAGVIDEQF,1
TRBV20-1,TRBJ2-1,SASSAGVIYNEQF,1
TRBV20-1,TRBJ2-1,SASSAGVNEQF,2
TRBV20-1,TRBJ2-1,SASSAGVNIINEQF,1
TRBV20-1,TRBJ2-1,SASSAGVNNEQF,1
TRBV20-1,TRBJ2-1,SASSAGVPYNEQF,2
TRBV20-1,TRBJ2-1,SASSAGVRDEQF,1
TRBV20-1,TRBJ2-1,SASSAGVRGPNEQF,1
TRBV20-1,TRBJ2-1,SASSAGVSNEQF,1
TRBV20-1,TRBJ2-1,SASSAGVSSSYNEQF,1
TRBV20-1,TRBJ2-1,SASSAGVSYNEQF,3
TRBV20-1,TRBJ2-1,SASSAGVVAYNEQF,1
TRBV20-1,TRBJ2-1,SASSAGVVNEQF,1
TRBV20-1,TRBJ2-1,SASSAGVYNEQF,1
TRBV20-1,TRBJ2-1,SASSAGWNEQF,1
TRBV20-1,TRBJ2-1,SASSAGYEQF,1
TRBV20-1,TRBJ2-1,SASSAGYFAYNEQF,1
TRBV20-1,TRBJ2-1,SASSAGYNEQF,4
TRBV20-1,TRBJ2-1,SASSAGYSSYNEQF,1
TRBV20-1,TRBJ2-1,SASSAHANLGVPF,1
TRBV20-1,TRBJ2-1,SASSAHPNLGVPF,1
TRBV20-1,TRBJ2-1,SASSAHSDLGVPF,1
TRBV20-1,TRBJ2-1,SASSAHSDVGVPF,2
TRBV20-1,TRBJ2-1,SASSAHSHLGVPF,2
TRBV20-1,TRBJ2-1,SASSAHSILGVPF,2
TRBV20-1,TRBJ2-1,SASSAHSNLEVPF,1
TRBV20-1,TRBJ2-1,SASSAHSNLGIPF,1
TRBV20-1,TRBJ2-1,SASSAHSNLGVAF,3
TRBV20-1,TRBJ2-1,SASSAHSNLGVLF,1
TRBV20-1,TRBJ2-1,SASSAHSNLGVPC,1
TRBV20-1,TRBJ2-1,SASSAHSNLGVPF,304
TRBV20-1,TRBJ2-1,SASSAHSNLGVPL,1
TRBV20-1,TRBJ2-1,SASSAHSNLGVPV,1
TRBV20-1,TRBJ2-1,SASSAHSNLGVQF,3
TRBV20-1,TRBJ2-1,SASSAHSNLGVTF,1
TRBV20-1,TRBJ2-1,SASSAHSNLWVPF,3
TRBV20-1,TRBJ2-1,SASSAHSNVGVPF,1
TRBV20-1,TRBJ2-1,SASSAHSNWGVPF,3
TRBV20-1,TRBJ2-1,SASSAHSSLGVPF,2
TRBV20-1,TRBJ2-1,SASSAHSTLGVPF,4
TRBV20-1,TRBJ2-1,SASSAHSYLGVPC,1
TRBV20-1,TRBJ2-1,SASSAHYNVGVPF,1
TRBV20-1,TRBJ2-1,SASSAINEQF,1
TRBV20-1,TRBJ2-1,SASSAKAGSYNEQF,1
TRBV20-1,TRBJ2-1,SASSAKGFENEQF,1
TRBV20-1,TRBJ2-1,SASSAKGNEQF,1
TRBV20-1,TRBJ2-1,SASSAKNSYNEQF,1
TRBV20-1,TRBJ2-1,SASSAKTNEQF,1
TRBV20-1,TRBJ2-1,SASSAKYNEQF,1
TRBV20-1,TRBJ2-1,SASSALADLNNEQF,2
TRBV20-1,TRBJ2-1,SASSALAGGPHEQF,1
TRBV20-1,TRBJ2-1,SASSALAGGPNEQF,1
TRBV20-1,TRBJ2-1,SASSALAGGYEQF,4
TRBV20-1,TRBJ2-1,SASSALAGTSYNEQF,1
TRBV20-1,TRBJ2-1,SASSALAGVGSYNEQF,1
TRBV20-1,TRBJ2-1,SASSALAGYNEQF,1
TRBV20-1,TRBJ2-1,SASSALANSYNEQF,1
TRBV20-1,TRBJ2-1,SASSALASYNEQF,1
TRBV20-1,TRBJ2-1,SASSALAYNEQF,4
TRBV20-1,TRBJ2-1,SASSALEARINNEQF,3
TRBV20-1,TRBJ2-1,SASSALGLNHYNEQF,1
TRBV20-1,TRBJ2-1,SASSALGNEQF,1
TRBV20-1,TRBJ2-1,SASSALGQDYNEQF,1
TRBV20-1,TRBJ2-1,SASSALRDLAGSYNEQF,3
TRBV20-1,TRBJ2-1,SASSALRLGEEYNEQF,1
TRBV20-1,TRBJ2-1,SASSALRYNEQF,1
TRBV20-1,TRBJ2-1,SASSALSYNEQF,16
TRBV20-1,TRBJ2-1,SASSALTSSYNEQF,1
TRBV20-1,TRBJ2-1,SASSALVLNEQF,1
TRBV20-1,TRBJ2-1,SASSALVLNHYNEQF,1
TRBV20-1,TRBJ2-1,SASSALYNEQF,2
TRBV20-1,TRBJ2-1,SASSALYSYNEQF,1
TRBV20-1,TRBJ2-1,SASSAMNEQF,1
TRBV20-1,TRBJ2-1,SASSANEQF,30
TRBV20-1,TRBJ2-1,SASSANNEQF,1
TRBV20-1,TRBJ2-1,SASSANSHLGVPF,1
TRBV20-1,TRBJ2-1,SASSANSNLGVPF,1
TRBV20-1,TRBJ2-1,SASSANSSYNEQF,3
TRBV20-1,TRBJ2-1,SASSANSYNEQF,2
TRBV20-1,TRBJ2-1,SASSANTYNEQF,5
TRBV20-1,TRBJ2-1,SASSANYNEHF,2
TRBV20-1,TRBJ2-1,SASSANYNEQF,22
TRBV20-1,TRBJ2-1,SASSAPDNEQF,1
TRBV20-1,TRBJ2-1,SASSAPFAGYYNEQF,1
TRBV20-1,TRBJ2-1,SASSAPGIGSHDASSYNEQF,1
TRBV20-1,TRBJ2-1,SASSAPGLALYNEQF,1
TRBV20-1,TRBJ2-1,SASSAPGSGSSYNEQF,1
TRBV20-1,TRBJ2-1,SASSAPKSYNEQF,1
TRBV20-1,TRBJ2-1,SASSAPNEQF,1
TRBV20-1,TRBJ2-1,SASSAPPNEQF,1
TRBV20-1,TRBJ2-1,SASSAPPYRNEQF,1
TRBV20-1,TRBJ2-1,SASSAPRAGEINEQF,1
TRBV20-1,TRBJ2-1,SASSAPRYNEQF,1
TRBV20-1,TRBJ2-1,SASSAPSSYNEQF,2
TRBV20-1,TRBJ2-1,SASSAPSYNEQF,1
TRBV20-1,TRBJ2-1,SASSAPTYNEQF,1
TRBV20-1,TRBJ2-1,SASSAPVGDRYNEQF,1
TRBV20-1,TRBJ2-1,SASSAPYNEQF,11
TRBV20-1,TRBJ2-1,SASSAQAGRTYNEQF,1
TRBV20-1,TRBJ2-1,SASSAQGPLSYNEQF,1
TRBV20-1,TRBJ2-1,SASSAQGRYNEQF,1
TRBV20-1,TRBJ2-1,SASSAQKGVNEQF,1
TRBV20-1,TRBJ2-1,SASSAQNNEQF,1
TRBV20-1,TRBJ2-1,SASSAQRYNEQF,1
TRBV20-1,TRBJ2-1,SASSAQSNVGVPF,1
TRBV20-1,TRBJ2-1,SASSAQSSYNEQC,1
TRBV20-1,TRBJ2-1,SASSAQTRLNEQF,1
TRBV20-1,TRBJ2-1,SASSAQVGDNEQF,1
TRBV20-1,TRBJ2-1,SASSARAGAYNEQF,1
TRBV20-1,TRBJ2-1,SASSARATYNEQF,1
TRBV20-1,TRBJ2-1,SASSAREGNNEQF,1
TRBV20-1,TRBJ2-1,SASSAREGRDEQF,1
TRBV20-1,TRBJ2-1,SASSAREIDEQF,1
TRBV20-1,TRBJ2-1,SASSARETYNEQF,1
TRBV20-1,TRBJ2-1,SASSAREVYNEQF,2
TRBV20-1,TRBJ2-1,SASSARGEDEQF,8
TRBV20-1,TRBJ2-1,SASSARGEYEQF,1
TRBV20-1,TRBJ2-1,SASSARGHNEQF,1
TRBV20-1,TRBJ2-1,SASSARGISYNEQF,4
TRBV20-1,TRBJ2-1,SASSARGLSNEQF,1
TRBV20-1,TRBJ2-1,SASSARGPGYNEQF,1
TRBV20-1,TRBJ2-1,SASSARGQYNEQF,1
TRBV20-1,TRBJ2-1,SASSARGRALARQF,2
TRBV20-1,TRBJ2-1,SASSARGRVYEQF,1
TRBV20-1,TRBJ2-1,SASSARGSSSYNEQF,1
TRBV20-1,TRBJ2-1,SASSARGSYNEQF,1
TRBV20-1,TRBJ2-1,SASSARGTLLDEQF,2
TRBV20-1,TRBJ2-1,SASSARGVVNEQF,1
TRBV20-1,TRBJ2-1,SASSARGYNEQF,1
TRBV20-1,TRBJ2-1,SASSARHNEQF,7
TRBV20-1,TRBJ2-1,SASSARKSLNEQF,4
TRBV20-1,TRBJ2-1,SASSARLAAYNEQF,1
TRBV20-1,TRBJ2-1,SASSARLAGGREQF,2
TRBV20-1,TRBJ2-1,SASSARLAYNEQF,1
TRBV20-1,TRBJ2-1,SASSARNNEQF,1
TRBV20-1,TRBJ2-1,SASSARPGTGYNEQF,1
TRBV20-1,TRBJ2-1,SASSARPSPQEDNEQF,1
TRBV20-1,TRBJ2-1,SASSARSAYNEQF,1
TRBV20-1,TRBJ2-1,SASSARSPLSYNEQF,1
TRBV20-1,TRBJ2-1,SASSARTGLYNEQF,1
TRBV20-1,TRBJ2-1,SASSARTSGLNEQF,1
TRBV20-1,TRBJ2-1,SASSARTSGSWNEQF,1
TRBV20-1,TRBJ2-1,SASSARVPGREQF,1
TRBV20-1,TRBJ2-1,SASSARVSYNEQF,1
TRBV20-1,TRBJ2-1,SASSARYNEQF,5
TRBV20-1,TRBJ2-1,SASSARYSYNEQF,1
TRBV20-1,TRBJ2-1,SASSASAMLSYNEQF,1
TRBV20-1,TRBJ2-1,SASSASASSYNEQF,1
TRBV20-1,TRBJ2-1,SASSASDEQF,1
TRBV20-1,TRBJ2-1,SASSASDPYNEQF,1
TRBV20-1,TRBJ2-1,SASSASDYYNEQF,2
TRBV20-1,TRBJ2-1,SASSASFGGVYNEQF,1
TRBV20-1,TRBJ2-1,SASSASFGLAGVGSSYNEQF,1
TRBV20-1,TRBJ2-1,SASSASGADEQF,3
TRBV20-1,TRBJ2-1,SASSASGAGDNEQF,1
TRBV20-1,TRBJ2-1,SASSASGAGGDEQF,1
TRBV20-1,TRBJ2-1,SASSASGANEQF,1
TRBV20-1,TRBJ2-1,SASSASGARTSSYNEQF,1
TRBV20-1,TRBJ2-1,SASSASGASYKEQF,1
TRBV20-1,TRBJ2-1,SASSASGASYNEQF,5
TRBV20-1,TRBJ2-1,SASSASGAYNEQF,1
TRBV20-1,TRBJ2-1,SASSASGDIYNEQF,1
TRBV20-1,TRBJ2-1,SASSASGDYNEQF,1
TRBV20-1,TRBJ2-1,SASSASGENNEQF,1
TRBV20-1,TRBJ2-1,SASSASGEVNEQF,1
TRBV20-1,TRBJ2-1,SASSASGFYNEQF,1
TRBV20-1,TRBJ2-1,SASSASGGANEQF,5
TRBV20-1,TRBJ2-1,SASSASGGGTYNEQF,1
TRBV20-1,TRBJ2-1,SASSASGGLKHNEQF,1
TRBV20-1,TRBJ2-1,SASSASGGNEQF,1
TRBV20-1,TRBJ2-1,SASSASGGNNEQF,9
TRBV20-1,TRBJ2-1,SASSASGGRSSSYNEQF,2
TRBV20-1,TRBJ2-1,SASSASGGTYNEQF,3
TRBV20-1,TRBJ2-1,SASSASGGYYNEQF,1
TRBV20-1,TRBJ2-1,SASSASGIEQF,2
TRBV20-1,TRBJ2-1,SASSASGIWNEQF,1
TRBV20-1,TRBJ2-1,SASSASGIYNEQF,3
TRBV20-1,TRBJ2-1,SASSASGKHEQF,8
TRBV20-1,TRBJ2-1,SASSASGKYNEQF,1
TRBV20-1,TRBJ2-1,SASSASGLDEQF,1
TRBV20-1,TRBJ2-1,SASSASGLGSYNEQF,1
TRBV20-1,TRBJ2-1,SASSASGLNEQF,1
TRBV20-1,TRBJ2-1,SASSASGLYNEQF,2
TRBV20-1,TRBJ2-1,SASSASGMEVNEQF,1
TRBV20-1,TRBJ2-1,SASSASGMNEQF,5
TRBV20-1,TRBJ2-1,SASSASGMYLAVNEQF,1
TRBV20-1,TRBJ2-1,SASSASGMYNEQF,1
TRBV20-1,TRBJ2-1,SASSASGNSYNEQF,1
TRBV20-1,TRBJ2-1,SASSASGNYNEQF,1
TRBV20-1,TRBJ2-1,SASSASGPEVNEQF,1
TRBV20-1,TRBJ2-1,SASSASGPHYNEQF,1
TRBV20-1,TRBJ2-1,SASSASGPLNEQF,1
TRBV20-1,TRBJ2-1,SASSASGPSYNEQF,2
TRBV20-1,TRBJ2-1,SASSASGPYNEQF,1
TRBV20-1,TRBJ2-1,SASSASGRASYNEQF,1
TRBV20-1,TRBJ2-1,SASSASGRATNEQF,4
TRBV20-1,TRBJ2-1,SASSASGRDEQF,1
TRBV20-1,TRBJ2-1,SASSASGREVNEQF,9
TRBV20-1,TRBJ2-1,SASSASGREVNEQV,1
TRBV20-1,TRBJ2-1,SASSASGRFHEQF,1
TRBV20-1,TRBJ2-1,SASSASGRHEQF,1
TRBV20-1,TRBJ2-1,SASSASGRSSYNEQF,1
TRBV20-1,TRBJ2-1,SASSASGRSYNEQF,4
TRBV20-1,TRBJ2-1,SASSASGRTSYNEQF,1
TRBV20-1,TRBJ2-1,SASSASGRTTYNEQF,1
TRBV20-1,TRBJ2-1,SASSASGRTYNEQF,1
TRBV20-1,TRBJ2-1,SASSASGRVHEQF,1
TRBV20-1,TRBJ2-1,SASSASGRVPYNEQF,1
TRBV20-1,TRBJ2-1,SASSASGRVSYNEQF,1
TRBV20-1,TRBJ2-1,SASSASGRWNEQF,1
TRBV20-1,TRBJ2-1,SASSASGRYDEQF,1
TRBV20-1,TRBJ2-1,SASSASGSDEQF,1
TRBV20-1,TRBJ2-1,SASSASGSHNEQF,1
TRBV20-1,TRBJ2-1,SASSASGSKNEQF,1
TRBV20-1,TRBJ2-1,SASSASGSLVRDEQF,1
TRBV20-1,TRBJ2-1,SASSASGSMYEQF,1
TRBV20-1,TRBJ2-1,SASSASGSNEQF,1
TRBV20-1,TRBJ2-1,SASSASGSSYNEQF,3
TRBV20-1,TRBJ2-1,SASSASGSWDEQF,1
TRBV20-1,TRBJ2-1,SASSASGSYEQF,1
TRBV20-1,TRBJ2-1,SASSASGSYNEQF,4
TRBV20-1,TRBJ2-1,SASSASGTMAYNEQF,1
TRBV20-1,TRBJ2-1,SASSASGTNEQF,4
TRBV20-1,TRBJ2-1,SASSASGTYNEQF,2
TRBV20-1,TRBJ2-1,SASSASGVVGNNEQF,1
TRBV20-1,TRBJ2-1,SASSASGWGSYNEQF,1
TRBV20-1,TRBJ2-1,SASSASGYAYNEQF,2
TRBV20-1,TRBJ2-1,SASSASGYNEQF,8
TRBV20-1,TRBJ2-1,SASSASKNEQF,1
TRBV20-1,TRBJ2-1,SASSASLNEQF,1
TRBV20-1,TRBJ2-1,SASSASNEQF,1
TRBV20-1,TRBJ2-1,SASSASPNEQF,1
TRBV20-1,TRBJ2-1,SASSASPSYNEQF,1
TRBV20-1,TRBJ2-1,SASSASRAYNEQF,1
TRBV20-1,TRBJ2-1,SASSASRDNNEQF,1
TRBV20-1,TRBJ2-1,SASSASRGGNEQF,2
TRBV20-1,TRBJ2-1,SASSASRGGQF,1
TRBV20-1,TRBJ2-1,SASSASRGNEQF,5
TRBV20-1,TRBJ2-1,SASSASRLVFYNEQF,1
TRBV20-1,TRBJ2-1,SASSASRRELYEQF,3
TRBV20-1,TRBJ2-1,SASSASSLNEQF,1
TRBV20-1,TRBJ2-1,SASSASSPYNEQF,1
TRBV20-1,TRBJ2-1,SASSASSSLNEQF,1
TRBV20-1,TRBJ2-1,SASSASSYNEQF,19
TRBV20-1,TRBJ2-1,SASSASTSYNEQF,1
TRBV20-1,TRBJ2-1,SASSASVFLRANEQF,1
TRBV20-1,TRBJ2-1,SASSASVSYNEQF,1
TRBV20-1,TRBJ2-1,SASSASVYGYNEQF,1
TRBV20-1,TRBJ2-1,SASSASWRNEQF,1
TRBV20-1,TRBJ2-1,SASSASYNEQF,16
TRBV20-1,TRBJ2-1,SASSATGGNEQF,1
TRBV20-1,TRBJ2-1,SASSATINEQF,1
TRBV20-1,TRBJ2-1,SASSATKSSYNEQF,1
TRBV20-1,TRBJ2-1,SASSATNEQF,1
TRBV20-1,TRBJ2-1,SASSATRNEQF,1
TRBV20-1,TRBJ2-1,SASSATRSNEQF,1
TRBV20-1,TRBJ2-1,SASSATRTGGYNGQF,2
TRBV20-1,TRBJ2-1,SASSATRTTNEQF,1
TRBV20-1,TRBJ2-1,SASSATSAYNEQF,1
TRBV20-1,TRBJ2-1,SASSATSGEQF,1
TRBV20-1,TRBJ2-1,SASSATSGGSNEQF,2
TRBV20-1,TRBJ2-1,SASSATSGSNTCNEQF,1
TRBV20-1,TRBJ2-1,SASSATSGSNTYNEQF,1
TRBV20-1,TRBJ2-1,SASSATSGSYNEQF,1
TRBV20-1,TRBJ2-1,SASSATSNEQF,1
TRBV20-1,TRBJ2-1,SASSATSSYNEQF,2
TRBV20-1,TRBJ2-1,SASSATTYNEQF,1
TRBV20-1,TRBJ2-1,SASSATYNEQF,6
TRBV20-1,TRBJ2-1,SASSAVAGGYNEQF,1
TRBV20-1,TRBJ2-1,SASSAVAGVGNEQF,1
TRBV20-1,TRBJ2-1,SASSAVAGVYNEQF,1
TRBV20-1,TRBJ2-1,SASSAVALYNEQF,1
TRBV20-1,TRBJ2-1,SASSAVDQYNEQF,1
TRBV20-1,TRBJ2-1,SASSAVEQF,4
TRBV20-1,TRBJ2-1,SASSAVGLGNEQF,1
TRBV20-1,TRBJ2-1,SASSAVGVSYNEQF,1
TRBV20-1,TRBJ2-1,SASSAVLALNEQF,1
TRBV20-1,TRBJ2-1,SASSAVLGNEQF,4
TRBV20-1,TRBJ2-1,SASSAVLNEQF,1
TRBV20-1,TRBJ2-1,SASSAVPGGNEQF,1
TRBV20-1,TRBJ2-1,SASSAVSSYNEQF,3
TRBV20-1,TRBJ2-1,SASSAVSYNEQF,9
TRBV20-1,TRBJ2-1,SASSAVSYNEQL,1
TRBV20-1,TRBJ2-1,SASSAVTYNEQF,1
TRBV20-1,TRBJ2-1,SASSAVWYNEQF,1
TRBV20-1,TRBJ2-1,SASSAVYNEQF,5
TRBV20-1,TRBJ2-1,SASSAWFSGRPPDEQF,12
TRBV20-1,TRBJ2-1,SASSAWNEQF,1
TRBV20-1,TRBJ2-1,SASSAWREDHNEQF,1
TRBV20-1,TRBJ2-1,SASSAWSSGNNEQF,1
TRBV20-1,TRBJ2-1,SASSAWVYNEQF,1
TRBV20-1,TRBJ2-1,SASSAWYNEQF,1
TRBV20-1,TRBJ2-1,SASSAYNEQF,10
TRBV20-1,TRBJ2-1,SASSAYSGTNEQF,1
TRBV20-1,TRBJ2-1,SASSAYSNLGVPF,1
TRBV20-1,TRBJ2-1,SASSAYSYNEQF,1
TRBV20-1,TRBJ2-1,SASSCAYNEQF,1
TRBV20-1,TRBJ2-1,SASSCQGYNEQF,1
TRBV20-1,TRBJ2-1,SASSCTGRFYNEQF,2
TRBV20-1,TRBJ2-1,SASSDAFRVTYNEQF,1
TRBV20-1,TRBJ2-1,SASSDANEQF,6
TRBV20-1,TRBJ2-1,SASSDAQYNEQF,1
TRBV20-1,TRBJ2-1,SASSDAYNEQF,1
TRBV20-1,TRBJ2-1,SASSDDEQF,1
TRBV20-1,TRBJ2-1,SASSDDFRVTYNEQF,1
TRBV20-1,TRBJ2-1,SASSDDRNEQF,1
TRBV20-1,TRBJ2-1,SASSDDSGSYNEQF,1
TRBV20-1,TRBJ2-1,SASSDDYNEQF,1
TRBV20-1,TRBJ2-1,SASSDEQF,17
TRBV20-1,TRBJ2-1,SASSDESSYNEQF,3
TRBV20-1,TRBJ2-1,SASSDFHNEQF,1
TRBV20-1,TRBJ2-1,SASSDFNEQF,3
TRBV20-1,TRBJ2-1,SASSDFPSSSYNEQF,2
TRBV20-1,TRBJ2-1,SASSDFRYNEQF,1
TRBV20-1,TRBJ2-1,SASSDFSYNEQF,2
TRBV20-1,TRBJ2-1,SASSDFYNEQF,2
TRBV20-1,TRBJ2-1,SASSDGDVLNEQF,3
TRBV20-1,TRBJ2-1,SASSDGEKKDEQF,1
TRBV20-1,TRBJ2-1,SASSDGGERYNEQF,1
TRBV20-1,TRBJ2-1,SASSDGKYNEQF,3
TRBV20-1,TRBJ2-1,SASSDGLPNEQF,1
TRBV20-1,TRBJ2-1,SASSDGNEQF,1
TRBV20-1,TRBJ2-1,SASSDGQGAIYEQF,1
TRBV20-1,TRBJ2-1,SASSDGRANEQF,1
TRBV20-1,TRBJ2-1,SASSDGRKDEQF,1
TRBV20-1,TRBJ2-1,SASSDGSYNEQF,2
TRBV20-1,TRBJ2-1,SASSDGTHPNEQF,5
TRBV20-1,TRBJ2-1,SASSDGTRIDQNYNEQF,1
TRBV20-1,TRBJ2-1,SASSDGVGYNEQF,1
TRBV20-1,TRBJ2-1,SASSDGYPPSYNEQF,1
TRBV20-1,TRBJ2-1,SASSDHSGPSYNEQF,1
TRBV20-1,TRBJ2-1,SASSDHSNLGVPF,2
TRBV20-1,TRBJ2-1,SASSDISYNEQF,2
TRBV20-1,TRBJ2-1,SASSDISYSEQF,1
TRBV20-1,TRBJ2-1,SASSDIYNEQF,1
TRBV20-1,TRBJ2-1,SASSDKTVYNEQF,1
TRBV20-1,TRBJ2-1,SASSDLAGASYNEQF,1
TRBV20-1,TRBJ2-1,SASSDLASGSLYNEQF,1
TRBV20-1,TRBJ2-1,SASSDLDSYNEQF,1
TRBV20-1,TRBJ2-1,SASSDLFYNEQF,1
TRBV20-1,TRBJ2-1,SASSDLGVPRYNEQF,1
TRBV20-1,TRBJ2-1,SASSDLKNEQF,1
TRBV20-1,TRBJ2-1,SASSDLSNEQF,1
TRBV20-1,TRBJ2-1,SASSDLSSYNEQF,1
TRBV20-1,TRBJ2-1,SASSDLYNEQF,11
TRBV20-1,TRBJ2-1,SASSDMYNEQF,1
TRBV20-1,TRBJ2-1,SASSDNEQF,12
TRBV20-1,TRBJ2-1,SASSDNYNEQF,3
TRBV20-1,TRBJ2-1,SASSDPEHNEQF,1
TRBV20-1,TRBJ2-1,SASSDPGGYSYNEQF,5
TRBV20-1,TRBJ2-1,SASSDPGLARNEQF,1
TRBV20-1,TRBJ2-1,SASSDPLGTVNEQF,1
TRBV20-1,TRBJ2-1,SASSDPPTKNEQF,1
TRBV20-1,TRBJ2-1,SASSDPPYNEQF,1
TRBV20-1,TRBJ2-1,SASSDPQKNRGQF,1
TRBV20-1,TRBJ2-1,SASSDPRTGTLSSAYYNEQF,1
TRBV20-1,TRBJ2-1,SASSDPSNEQF,1
TRBV20-1,TRBJ2-1,SASSDPSYNEQF,1
TRBV20-1,TRBJ2-1,SASSDPYNEQF,16
TRBV20-1,TRBJ2-1,SASSDQKINNEQF,1
TRBV20-1,TRBJ2-1,SASSDQRYNEQF,1
TRBV20-1,TRBJ2-1,SASSDQYNEQF,2
TRBV20-1,TRBJ2-1,SASSDRALENEQF,1
TRBV20-1,TRBJ2-1,SASSDRANEQF,1
TRBV20-1,TRBJ2-1,SASSDRARYNEQF,2
TRBV20-1,TRBJ2-1,SASSDRAYEQF,1
TRBV20-1,TRBJ2-1,SASSDRAYNEQF,1
TRBV20-1,TRBJ2-1,SASSDRDNEQF,4
TRBV20-1,TRBJ2-1,SASSDRDPYNEQF,1
TRBV20-1,TRBJ2-1,SASSDRDSYNEQF,3
TRBV20-1,TRBJ2-1,SASSDRDYNEQF,1
TRBV20-1,TRBJ2-1,SASSDRDYYYNEQF,1
TRBV20-1,TRBJ2-1,SASSDREASGDNEQF,1
TRBV20-1,TRBJ2-1,SASSDREDEQF,3
TRBV20-1,TRBJ2-1,SASSDRENEQF,1
TRBV20-1,TRBJ2-1,SASSDRETYNEQF,1
TRBV20-1,TRBJ2-1,SASSDRGDEQF,2
TRBV20-1,TRBJ2-1,SASSDRGDGEQF,2
TRBV20-1,TRBJ2-1,SASSDRGLNEQF,1
TRBV20-1,TRBJ2-1,SASSDRGLREQF,1
TRBV20-1,TRBJ2-1,SASSDRGMTLRDEQF,1
TRBV20-1,TRBJ2-1,SASSDRGNNEQF,1
TRBV20-1,TRBJ2-1,SASSDRGQNEQF,1
TRBV20-1,TRBJ2-1,SASSDRGQTYNEQF,1
TRBV20-1,TRBJ2-1,SASSDRGRINEQF,1
TRBV20-1,TRBJ2-1,SASSDRGRNEQF,1
TRBV20-1,TRBJ2-1,SASSDRGSRSYNEQF,1
TRBV20-1,TRBJ2-1,SASSDRGSYNEQF,7
TRBV20-1,TRBJ2-1,SASSDRGYNEQF,4
TRBV20-1,TRBJ2-1,SASSDRGYYNEQF,1
TRBV20-1,TRBJ2-1,SASSDRHNEQF,3
TRBV20-1,TRBJ2-1,SASSDRIAYNEQF,1
TRBV20-1,TRBJ2-1,SASSDRISYNEQF,1
TRBV20-1,TRBJ2-1,SASSDRLAGISYNEQF,1
TRBV20-1,TRBJ2-1,SASSDRLAGVYEQF,1
TRBV20-1,TRBJ2-1,SASSDRNEQF,1
TRBV20-1,TRBJ2-1,SASSDRNNEQF,8
TRBV20-1,TRBJ2-1,SASSDRPVAGVKSYNEQF,1
TRBV20-1,TRBJ2-1,SASSDRRAGQGQF,3
TRBV20-1,TRBJ2-1,SASSDRRYNEQF,1
TRBV20-1,TRBJ2-1,SASSDRSIYNEQF,2
TRBV20-1,TRBJ2-1,SASSDRSLDEQF,1
TRBV20-1,TRBJ2-1,SASSDRSYNEQF,2
TRBV20-1,TRBJ2-1,SASSDRTGTVYNEQF,1
TRBV20-1,TRBJ2-1,SASSDRTGWNEQF,1
TRBV20-1,TRBJ2-1,SASSDRVEQF,3
TRBV20-1,TRBJ2-1,SASSDRVPYNEQF,1
TRBV20-1,TRBJ2-1,SASSDRWGQGREWDEQF,1
TRBV20-1,TRBJ2-1,SASSDRYNEQF,5
TRBV20-1,TRBJ2-1,SASSDSAVNYNEQF,1
TRBV20-1,TRBJ2-1,SASSDSAYNEQF,5
TRBV20-1,TRBJ2-1,SASSDSFNEQF,4
TRBV20-1,TRBJ2-1,SASSDSFYNEQF,1
TRBV20-1,TRBJ2-1,SASSDSGGASYNEQF,1
TRBV20-1,TRBJ2-1,SASSDSGHNEQF,1
TRBV20-1,TRBJ2-1,SASSDSGIGDEQF,1
TRBV20-1,TRBJ2-1,SASSDSGIYNEQF,1
TRBV20-1,TRBJ2-1,SASSDSGRFAYVGNEQF,1
TRBV20-1,TRBJ2-1,SASSDSGTTVQF,5
TRBV20-1,TRBJ2-1,SASSDSGYNEQF,3
TRBV20-1,TRBJ2-1,SASSDSGYNEQI,1
TRBV20-1,TRBJ2-1,SASSDSHLSYNEQF,1
TRBV20-1,TRBJ2-1,SASSDSIANEQF,1
TRBV20-1,TRBJ2-1,SASSDSIEDEQF,1
TRBV20-1,TRBJ2-1,SASSDSKNEQF,6
TRBV20-1,TRBJ2-1,SASSDSNEQF,1
TRBV20-1,TRBJ2-1,SASSDSNSYNEQF,1
TRBV20-1,TRBJ2-1,SASSDSPYNEQF,2
TRBV20-1,TRBJ2-1,SASSDSQSSYNEQF,1
TRBV20-1,TRBJ2-1,SASSDSRAYEQF,1
TRBV20-1,TRBJ2-1,SASSDSRSSYNEQF,1
TRBV20-1,TRBJ2-1,SASSDSSSYNEQF,2
TRBV20-1,TRBJ2-1,SASSDSSYNEQF,10
TRBV20-1,TRBJ2-1,SASSDSTYNEQF,1
TRBV20-1,TRBJ2-1,SASSDSYNEQF,16
TRBV20-1,TRBJ2-1,SASSDSYPDEQF,1
TRBV20-1,TRBJ2-1,SASSDSYYNEQF,1
TRBV20-1,TRBJ2-1,SASSDTGTSYNEQF,1
TRBV20-1,TRBJ2-1,SASSDTGYNEQF,1
TRBV20-1,TRBJ2-1,SASSDTNYNEQF,1
TRBV20-1,TRBJ2-1,SASSDTPARGLAGASYNEQF,1
TRBV20-1,TRBJ2-1,SASSDTQKNRGQF,2
TRBV20-1,TRBJ2-1,SASSDTYNEQF,5
TRBV20-1,TRBJ2-1,SASSDVGRNNEQF,1
TRBV20-1,TRBJ2-1,SASSDVIVNEQF,1
TRBV20-1,TRBJ2-1,SASSDVSGPYNEQF,1
TRBV20-1,TRBJ2-1,SASSDWASGYNEQF,2
TRBV20-1,TRBJ2-1,SASSDWDYNEQF,1
TRBV20-1,TRBJ2-1,SASSDWGRGYNEQF,1
TRBV20-1,TRBJ2-1,SASSDWNNEQF,1
TRBV20-1,TRBJ2-1,SASSDWYNEQF,1
TRBV20-1,TRBJ2-1,SASSDYDFNEQF,1
TRBV20-1,TRBJ2-1,SASSDYHNEQF,4
TRBV20-1,TRBJ2-1,SASSDYNEQF,19
TRBV20-1,TRBJ2-1,SASSDYNNEQF,4
TRBV20-1,TRBJ2-1,SASSDYPNEQF,1
TRBV20-1,TRBJ2-1,SASSDYPYNEQF,1
TRBV20-1,TRBJ2-1,SASSDYSNEQF,1
TRBV20-1,TRBJ2-1,SASSDYYNEQF,3
TRBV20-1,TRBJ2-1,SASSEAEPYNEQF,1
TRBV20-1,TRBJ2-1,SASSEAGGPFNEQF,1
TRBV20-1,TRBJ2-1,SASSEAGWNNEQF,1
TRBV20-1,TRBJ2-1,SASSEALRTPLNEQF,1
TRBV20-1,TRBJ2-1,SASSEALVDEQF,1
TRBV20-1,TRBJ2-1,SASSEANSGWGNEQF,1
TRBV20-1,TRBJ2-1,SASSEAPYNEQF,7
TRBV20-1,TRBJ2-1,SASSEARLWNEQF,1
TRBV20-1,TRBJ2-1,SASSEARRGNEQF,1
TRBV20-1,TRBJ2-1,SASSEASGTYNEQF,1
TRBV20-1,TRBJ2-1,SASSEAYNEQF,2
TRBV20-1,TRBJ2-1,SASSEDEQF,3
TRBV20-1,TRBJ2-1,SASSEDKLYNEQF,1
TRBV20-1,TRBJ2-1,SASSEDPYNEQF,1
TRBV20-1,TRBJ2-1,SASSEDRGLNEQF,1
TRBV20-1,TRBJ2-1,SASSEDSSYNEQF,1
TRBV20-1,TRBJ2-1,SASSEEAVNEQF,1
TRBV20-1,TRBJ2-1,SASSEEDNEQF,1
TRBV20-1,TRBJ2-1,SASSEEGSSNEQF,1
TRBV20-1,TRBJ2-1,SASSEERAGANEQF,1
TRBV20-1,TRBJ2-1,SASSEEYYNEQF,1
TRBV20-1,TRBJ2-1,SASSEFSYNEQF,1
TRBV20-1,TRBJ2-1,SASSEGEGTDEQF,1
TRBV20-1,TRBJ2-1,SASSEGERKRNEQF,1
TRBV20-1,TRBJ2-1,SASSEGGASYNEQF,1
TRBV20-1,TRBJ2-1,SASSEGGAWNEQF,1
TRBV20-1,TRBJ2-1,SASSEGHEQF,1
TRBV20-1,TRBJ2-1,SASSEGIYNEQF,1
TRBV20-1,TRBJ2-1,SASSEGKYNEQF,1
TRBV20-1,TRBJ2-1,SASSEGLAGGPRNEQF,4
TRBV20-1,TRBJ2-1,SASSEGLAGVSNEQF,2
TRBV20-1,TRBJ2-1,SASSEGLSYNEQF,1
TRBV20-1,TRBJ2-1,SASSEGRGSYNEQF,1
TRBV20-1,TRBJ2-1,SASSEGRLAGNEQF,1
TRBV20-1,TRBJ2-1,SASSEGRYEQF,1
TRBV20-1,TRBJ2-1,SASSEGSGRNFNEQF,1
TRBV20-1,TRBJ2-1,SASSEGSYNEQF,2
TRBV20-1,TRBJ2-1,SASSEGVPPYNEQF,1
TRBV20-1,TRBJ2-1,SASSEGWYNEQF,1
TRBV20-1,TRBJ2-1,SASSEGYELYNEQF,1
TRBV20-1,TRBJ2-1,SASSEHEQF,1
TRBV20-1,TRBJ2-1,SASSEHSGPYNEQF,1
TRBV20-1,TRBJ2-1,SASSEHYNEQF,3
TRBV20-1,TRBJ2-1,SASSEHYYNEQF,1
TRBV20-1,TRBJ2-1,SASSEIAGVGYEQF,1
TRBV20-1,TRBJ2-1,SASSEISYNEQF,1
TRBV20-1,TRBJ2-1,SASSEIYNEQF,8
TRBV20-1,TRBJ2-1,SASSEKANEQF,1
TRBV20-1,TRBJ2-1,SASSEKQF,8
TRBV20-1,TRBJ2-1,SASSELAGGPGNEQF,1
TRBV20-1,TRBJ2-1,SASSELAGHEQF,1
TRBV20-1,TRBJ2-1,SASSELAPYNEQF,1
TRBV20-1,TRBJ2-1,SASSELEIDEQF,3
TRBV20-1,TRBJ2-1,SASSELNNEQF,1
TRBV20-1,TRBJ2-1,SASSELPETYNEQF,1
TRBV20-1,TRBJ2-1,SASSELSHEQF,1
TRBV20-1,TRBJ2-1,SASSELSSYNEQF,1
TRBV20-1,TRBJ2-1,SASSELTPSSYNEQF,4
TRBV20-1,TRBJ2-1,SASSELVTYNEQF,1
TRBV20-1,TRBJ2-1,SASSELYNEQF,1
TRBV20-1,TRBJ2-1,SASSEMGSYNEQF,1
TRBV20-1,TRBJ2-1,SASSENEQF,3
TRBV20-1,TRBJ2-1,SASSENSYNEQF,7
TRBV20-1,TRBJ2-1,SASSENYNEQF,1
TRBV20-1,TRBJ2-1,SASSEPFYNEQF,1
TRBV20-1,TRBJ2-1,SASSEPGYNEQF,2
TRBV20-1,TRBJ2-1,SASSEPNEQF,1
TRBV20-1,TRBJ2-1,SASSEPSFYSYNEQF,1
TRBV20-1,TRBJ2-1,SASSEPSYNEQF,1
TRBV20-1,TRBJ2-1,SASSEQEIDDQF,1
TRBV20-1,TRBJ2-1,SASSEQF,1
TRBV20-1,TRBJ2-1,SASSEQGAWDEQF,1
TRBV20-1,TRBJ2-1,SASSERAAYEQF,1
TRBV20-1,TRBJ2-1,SASSERALGDEQF,1
TRBV20-1,TRBJ2-1,SASSERAYNEQF,1
TRBV20-1,TRBJ2-1,SASSERDQGYNEQF,1
TRBV20-1,TRBJ2-1,SASSERDVNEQF,1
TRBV20-1,TRBJ2-1,SASSEREAYNEQF,1
TRBV20-1,TRBJ2-1,SASSEREFYEQF,1
TRBV20-1,TRBJ2-1,SASSEREGDEQF,4
TRBV20-1,TRBJ2-1,SASSEREGGNEQF,1
TRBV20-1,TRBJ2-1,SASSEREIDEPF,1
TRBV20-1,TRBJ2-1,SASSEREIDEQC,2
TRBV20-1,TRBJ2-1,SASSEREIDEQF,168
TRBV20-1,TRBJ2-1,SASSEREIDQQF,1
TRBV20-1,TRBJ2-1,SASSEREIEEQF,1
TRBV20-1,TRBJ2-1,SASSEREIGEQF,1
TRBV20-1,TRBJ2-1,SASSEREIHEQF,1
TRBV20-1,TRBJ2-1,SASSEREIYEQF,1
TRBV20-1,TRBJ2-1,SASSERENDEQF,1
TRBV20-1,TRBJ2-1,SASSERENEQF,1
TRBV20-1,TRBJ2-1,SASSERENYNEQF,1
TRBV20-1,TRBJ2-1,SASSEREPNEQF,1
TRBV20-1,TRBJ2-1,SASSEREPNNEQF,1
TRBV20-1,TRBJ2-1,SASSERESPHEQF,7
TRBV20-1,TRBJ2-1,SASSERESSYNEQF,1
TRBV20-1,TRBJ2-1,SASSERETDEQF,1
TRBV20-1,TRBJ2-1,SASSERGAYNEQF,1
TRBV20-1,TRBJ2-1,SASSERGIDEQF,1
TRBV20-1,TRBJ2-1,SASSERGRTYNEQF,1
TRBV20-1,TRBJ2-1,SASSERGSYNEQF,7
TRBV20-1,TRBJ2-1,SASSERISYNEQF,1
TRBV20-1,TRBJ2-1,SASSERIYNEQF,1
TRBV20-1,TRBJ2-1,SASSERLAGGNEQF,1
TRBV20-1,TRBJ2-1,SASSERLSYNEQF,1
TRBV20-1,TRBJ2-1,SASSERNEQF,1
TRBV20-1,TRBJ2-1,SASSERNYNEQF,1
TRBV20-1,TRBJ2-1,SASSERRYNEQF,1
TRBV20-1,TRBJ2-1,SASSERSSYNEQF,4
TRBV20-1,TRBJ2-1,SASSERSYNEQF,1
TRBV20-1,TRBJ2-1,SASSERTGHNEQF,2
TRBV20-1,TRBJ2-1,SASSERTSSYNEQF,1
TRBV20-1,TRBJ2-1,SASSERVPYNEQF,2
TRBV20-1,TRBJ2-1,SASSESGEQF,1
TRBV20-1,TRBJ2-1,SASSESGNEQF,3
TRBV20-1,TRBJ2-1,SASSESGRVSYNEQF,1
TRBV20-1,TRBJ2-1,SASSESGSYNEQF,5
TRBV20-1,TRBJ2-1,SASSESLGTPSYNEQF,1
TRBV20-1,TRBJ2-1,SASSESNEQF,7
TRBV20-1,TRBJ2-1,SASSESSNEQF,1
TRBV20-1,TRBJ2-1,SASSESSYNEQF,11
TRBV20-1,TRBJ2-1,SASSESSYTEQF,1
TRBV20-1,TRBJ2-1,SASSESYNEQF,1
TRBV20-1,TRBJ2-1,SASSETGDSGSNYNEQF,1
TRBV20-1,TRBJ2-1,SASSETNNEQF,1
TRBV20-1,TRBJ2-1,SASSETRPHNEQF,1
TRBV20-1,TRBJ2-1,SASSETSAYNEQF,1
TRBV20-1,TRBJ2-1,SASSETSGSDNEQF,1
TRBV20-1,TRBJ2-1,SASSETSSYNEQF,1
TRBV20-1,TRBJ2-1,SASSETSYNEQF,1
TRBV20-1,TRBJ2-1,SASSETYNEQF,2
TRBV20-1,TRBJ2-1,SASSEVAYYNEQF,1
TRBV20-1,TRBJ2-1,SASSEVEDEQF,1
TRBV20-1,TRBJ2-1,SASSEVENEQF,1
TRBV20-1,TRBJ2-1,SASSEVNEQF,4
TRBV20-1,TRBJ2-1,SASSEVYNEQF,3
TRBV20-1,TRBJ2-1,SASSEWDSYNEQF,3
TRBV20-1,TRBJ2-1,SASSEWEIDEQF,1
TRBV20-1,TRBJ2-1,SASSEYASGADEQF,1
TRBV20-1,TRBJ2-1,SASSEYEQF,1
TRBV20-1,TRBJ2-1,SASSEYHEQF,1
TRBV20-1,TRBJ2-1,SASSEYNEQF,4
TRBV20-1,TRBJ2-1,SASSEYSYNEQF,1
TRBV20-1,TRBJ2-1,SASSEYTSRHNEQF,1
TRBV20-1,TRBJ2-1,SASSFAAGLGNEQF,1
TRBV20-1,TRBJ2-1,SASSFAAGSYNEQF,1
TRBV20-1,TRBJ2-1,SASSFAGASYNEQF,1
TRBV20-1,TRBJ2-1,SASSFAGDLHYNEQF,1
TRBV20-1,TRBJ2-1,SASSFAGETYNEQF,1
TRBV20-1,TRBJ2-1,SASSFAGGNNEQF,1
TRBV20-1,TRBJ2-1,SASSFAGGQMNEQF,1
TRBV20-1,TRBJ2-1,SASSFAGGYNEQF,1
TRBV20-1,TRBJ2-1,SASSFAMNEQF,1
TRBV20-1,TRBJ2-1,SASSFASGSFNEQF,1
TRBV20-1,TRBJ2-1,SASSFASSYNEQF,1
TRBV20-1,TRBJ2-1,SASSFATYNEQF,1
TRBV20-1,TRBJ2-1,SASSFDEQF,1
TRBV20-1,TRBJ2-1,SASSFDVAGLTRNEQF,1
TRBV20-1,TRBJ2-1,SASSFDYNEQF,1
TRBV20-1,TRBJ2-1,SASSFEDRDEQF,1
TRBV20-1,TRBJ2-1,SASSFEGESYNEQF,1
TRBV20-1,TRBJ2-1,SASSFEGQGPSYNEQF,4
TRBV20-1,TRBJ2-1,SASSFEVEPGGYNEQF,1
TRBV20-1,TRBJ2-1,SASSFEVGGDYNEQF,1
TRBV20-1,TRBJ2-1,SASSFFGTSGRDEQF,1
TRBV20-1,TRBJ2-1,SASSFGASGTSSYNEQF,1
TRBV20-1,TRBJ2-1,SASSFGEVGSNEQF,7
TRBV20-1,TRBJ2-1,SASSFGGAAPYNEQF,3
TRBV20-1,TRBJ2-1,SASSFGGASYNEQF,1
TRBV20-1,TRBJ2-1,SASSFGGDKYNEQF,1
TRBV20-1,TRBJ2-1,SASSFGGEAYNEQF,1
TRBV20-1,TRBJ2-1,SASSFGGFTYNEQF,1
TRBV20-1,TRBJ2-1,SASSFGGGYNEQF,1
TRBV20-1,TRBJ2-1,SASSFGGKTYNEQF,1
TRBV20-1,TRBJ2-1,SASSFGGLSYNEQF,1
TRBV20-1,TRBJ2-1,SASSFGGRAYNEQF,1
TRBV20-1,TRBJ2-1,SASSFGGRNNEQF,3
TRBV20-1,TRBJ2-1,SASSFGGRYNEQF,1
TRBV20-1,TRBJ2-1,SASSFGGSGYNEQF,1
TRBV20-1,TRBJ2-1,SASSFGGSSYNEQF,8
TRBV20-1,TRBJ2-1,SASSFGGSYNEQF,1
TRBV20-1,TRBJ2-1,SASSFGGVAGAYNEQF,1
TRBV20-1,TRBJ2-1,SASSFGHNEQF,1
TRBV20-1,TRBJ2-1,SASSFGLADNEQF,1
TRBV20-1,TRBJ2-1,SASSFGLADYNEQF,1
TRBV20-1,TRBJ2-1,SASSFGLAGANEQF,1
TRBV20-1,TRBJ2-1,SASSFGLGRGYNEQF,1
TRBV20-1,TRBJ2-1,SASSFGNEQF,1
TRBV20-1,TRBJ2-1,SASSFGRGSYNEQF,1
TRBV20-1,TRBJ2-1,SASSFGRYNEQF,1
TRBV20-1,TRBJ2-1,SASSFGSDEQF,1
TRBV20-1,TRBJ2-1,SASSFGSDNEQF,1
TRBV20-1,TRBJ2-1,SASSFGSGRTYNEQF,1
TRBV20-1,TRBJ2-1,SASSFGSNEQF,1
TRBV20-1,TRBJ2-1,SASSFGSPGLAGRDEQF,1
TRBV20-1,TRBJ2-1,SASSFGSRISSYNEQF,1
TRBV20-1,TRBJ2-1,SASSFGTGESNEQF,1
TRBV20-1,TRBJ2-1,SASSFGTGGTDEQF,3
TRBV20-1,TRBJ2-1,SASSFGTGGTDKQF,1
TRBV20-1,TRBJ2-1,SASSFGTGINEQF,1
TRBV20-1,TRBJ2-1,SASSFGTGPYNEQF,3
TRBV20-1,TRBJ2-1,SASSFGTKYNEQF,1
TRBV20-1,TRBJ2-1,SASSFGTSGRSSYNEQF,1
TRBV20-1,TRBJ2-1,SASSFGTSGSTGYNEQF,1
TRBV20-1,TRBJ2-1,SASSFGTTKYNEQF,2
TRBV20-1,TRBJ2-1,SASSFGYGEQF,6
TRBV20-1,TRBJ2-1,SASSFHAPTLNEQF,1
TRBV20-1,TRBJ2-1,SASSFHEQF,11
TRBV20-1,TRBJ2-1,SASSFHERF,1
TRBV20-1,TRBJ2-1,SASSFKTDYNEQF,3
TRBV20-1,TRBJ2-1,SASSFKTDYNEQS,1
TRBV20-1,TRBJ2-1,SASSFLAGDDNEQF,1
TRBV20-1,TRBJ2-1,SASSFLANEQF,11
TRBV20-1,TRBJ2-1,SASSFLAWNEQF,1
TRBV20-1,TRBJ2-1,SASSFLAYNEQF,4
TRBV20-1,TRBJ2-1,SASSFLDRGPNNEQF,2
TRBV20-1,TRBJ2-1,SASSFLLKANSIYNEQF,5
TRBV20-1,TRBJ2-1,SASSFLLSGGAYNEQF,1
TRBV20-1,TRBJ2-1,SASSFLMLVINYNEQF,1
TRBV20-1,TRBJ2-1,SASSFLQAGRDEQF,1
TRBV20-1,TRBJ2-1,SASSFLQGSYNEQF,1
TRBV20-1,TRBJ2-1,SASSFLRRGRGSSYNEQF,1
TRBV20-1,TRBJ2-1,SASSFLRTSGSYNEQF,1
TRBV20-1,TRBJ2-1,SASSFMQEGILSSYNEQF,1
TRBV20-1,TRBJ2-1,SASSFNEQF,3
TRBV20-1,TRBJ2-1,SASSFNGDRGHHEQF,1
TRBV20-1,TRBJ2-1,SASSFPAGFDEQF,3
TRBV20-1,TRBJ2-1,SASSFPGLAGGGTYNEQF,1
TRBV20-1,TRBJ2-1,SASSFPGNEQF,1
TRBV20-1,TRBJ2-1,SASSFPIMGYNEQF,1
TRBV20-1,TRBJ2-1,SASSFPPTRGGSSYNEQF,1
TRBV20-1,TRBJ2-1,SASSFPRPDEQF,1
TRBV20-1,TRBJ2-1,SASSFPSGRAPPTNNEQF,1
TRBV20-1,TRBJ2-1,SASSFPSGSSYNEQF,1
TRBV20-1,TRBJ2-1,SASSFPVGNEQF,1
TRBV20-1,TRBJ2-1,SASSFPVNEQF,1
TRBV20-1,TRBJ2-1,SASSFQGASYNEQF,1
TRBV20-1,TRBJ2-1,SASSFQGLNEQF,1
TRBV20-1,TRBJ2-1,SASSFQGVAGYNEQF,2
TRBV20-1,TRBJ2-1,SASSFQRDNEQF,1
TRBV20-1,TRBJ2-1,SASSFQRKPYNEQF,1
TRBV20-1,TRBJ2-1,SASSFQRPLSYNEQF,1
TRBV20-1,TRBJ2-1,SASSFQRYNEQF,1
TRBV20-1,TRBJ2-1,SASSFQSVSYNEQF,1
TRBV20-1,TRBJ2-1,SASSFRAAPLVNNEQF,1
TRBV20-1,TRBJ2-1,SASSFRAGGLYNEQF,1
TRBV20-1,TRBJ2-1,SASSFRAYNEQF,1
TRBV20-1,TRBJ2-1,SASSFRDEQF,1
TRBV20-1,TRBJ2-1,SASSFRDRVDEQF,1
TRBV20-1,TRBJ2-1,SASSFRDYNEQF,1
TRBV20-1,TRBJ2-1,SASSFRENNEQF,1
TRBV20-1,TRBJ2-1,SASSFRGDRYNEQF,1
TRBV20-1,TRBJ2-1,SASSFRGRRNNEQF,1
TRBV20-1,TRBJ2-1,SASSFRGSSYNEQF,1
TRBV20-1,TRBJ2-1,SASSFRGTRREPYNEQF,1
TRBV20-1,TRBJ2-1,SASSFRLSYNEQF,1
TRBV20-1,TRBJ2-1,SASSFRPYNEQF,3
TRBV20-1,TRBJ2-1,SASSFRSNEQF,1
TRBV20-1,TRBJ2-1,SASSFSAGIYNEQF,1
TRBV20-1,TRBJ2-1,SASSFSAPTNEQF,3
TRBV20-1,TRBJ2-1,SASSFSATYNEQF,1
TRBV20-1,TRBJ2-1,SASSFSDEQF,1
TRBV20-1,TRBJ2-1,SASSFSGDSYNEQF,1
TRBV20-1,TRBJ2-1,SASSFSGGAGNEQF,1
TRBV20-1,TRBJ2-1,SASSFSGGGTNNEQF,1
TRBV20-1,TRBJ2-1,SASSFSGGLYNEQF,1
TRBV20-1,TRBJ2-1,SASSFSGGNYNEQF,1
TRBV20-1,TRBJ2-1,SASSFSGLDYNEQF,1
TRBV20-1,TRBJ2-1,SASSFSGNEQF,1
TRBV20-1,TRBJ2-1,SASSFSGRDPYNEQF,1
TRBV20-1,TRBJ2-1,SASSFSGRGDEQF,1
TRBV20-1,TRBJ2-1,SASSFSGRQYNEQF,1
TRBV20-1,TRBJ2-1,SASSFSGSGYEQF,1
TRBV20-1,TRBJ2-1,SASSFSGSLSPSYNEQF,1
TRBV20-1,TRBJ2-1,SASSFSGSSYNEQF,3
TRBV20-1,TRBJ2-1,SASSFSGSTYNEQF,1
TRBV20-1,TRBJ2-1,SASSFSGSYNEQF,1
TRBV20-1,TRBJ2-1,SASSFSGTSYNEQF,1
TRBV20-1,TRBJ2-1,SASSFSLGLAGVGSYNEQF,1
TRBV20-1,TRBJ2-1,SASSFSNEQF,1
TRBV20-1,TRBJ2-1,SASSFSRGRTYNEQF,1
TRBV20-1,TRBJ2-1,SASSFSSESYNEQF,1
TRBV20-1,TRBJ2-1,SASSFSSGAYNEQF,1
TRBV20-1,TRBJ2-1,SASSFSSQDDEQF,1
TRBV20-1,TRBJ2-1,SASSFSSYNEQF,2
TRBV20-1,TRBJ2-1,SASSFSVGFYNEQF,1
TRBV20-1,TRBJ2-1,SASSFSYNEQF,10
TRBV20-1,TRBJ2-1,SASSFTGTSSYNEQF,1
TRBV20-1,TRBJ2-1,SASSFTLDNYNEQF,1
TRBV20-1,TRBJ2-1,SASSFTQIDSYNEQF,1
TRBV20-1,TRBJ2-1,SASSFTSGGGDEQF,1
TRBV20-1,TRBJ2-1,SASSFTSGRRGNEQF,1
TRBV20-1,TRBJ2-1,SASSFTSGSGDEQF,1
TRBV20-1,TRBJ2-1,SASSFTSTQNNEQF,1
TRBV20-1,TRBJ2-1,SASSFVGGSYNEQF,1
TRBV20-1,TRBJ2-1,SASSFVGTMQF,4
TRBV20-1,TRBJ2-1,SASSFVRDYNEQF,1
TRBV20-1,TRBJ2-1,SASSFVRLAGGVYNEQF,1
TRBV20-1,TRBJ2-1,SASSFVSGDYNEQF,1
TRBV20-1,TRBJ2-1,SASSFVYNEQF,1
TRBV20-1,TRBJ2-1,SASSFWETGFNEQF,1
TRBV20-1,TRBJ2-1,SASSFYNEQF,4
TRBV20-1,TRBJ2-1,SASSGAARPYNEQF,1
TRBV20-1,TRBJ2-1,SASSGAASYNEQF,1
TRBV20-1,TRBJ2-1,SASSGAAYNEQF,5
TRBV20-1,TRBJ2-1,SASSGADEQF,1
TRBV20-1,TRBJ2-1,SASSGADKDNEQF,1
TRBV20-1,TRBJ2-1,SASSGADNEQF,3
TRBV20-1,TRBJ2-1,SASSGADPSYNEQF,1
TRBV20-1,TRBJ2-1,SASSGADYNEQF,3
TRBV20-1,TRBJ2-1,SASSGADYYNEQF,1
TRBV20-1,TRBJ2-1,SASSGAFSEQL,1
TRBV20-1,TRBJ2-1,SASSGAFSSNEQF,1
TRBV20-1,TRBJ2-1,SASSGAFSYNEQF,3
TRBV20-1,TRBJ2-1,SASSGAFYNEQF,1
TRBV20-1,TRBJ2-1,SASSGAGAHNEQF,1
TRBV20-1,TRBJ2-1,SASSGAGAYNEQF,7
TRBV20-1,TRBJ2-1,SASSGAGFLAGGKVYEQF,1
TRBV20-1,TRBJ2-1,SASSGAGGELGEQF,3
TRBV20-1,TRBJ2-1,SASSGAGGFYNEQF,1
TRBV20-1,TRBJ2-1,SASSGAGGLGNEQF,1
TRBV20-1,TRBJ2-1,SASSGAGGPGEQF,1
TRBV20-1,TRBJ2-1,SASSGAGGSYNEQF,1
TRBV20-1,TRBJ2-1,SASSGAGGYNEQF,1
TRBV20-1,TRBJ2-1,SASSGAGINEQF,1
TRBV20-1,TRBJ2-1,SASSGAGKNEQF,1
TRBV20-1,TRBJ2-1,SASSGAGLTYNEQF,1
TRBV20-1,TRBJ2-1,SASSGAGNEQF,1
TRBV20-1,TRBJ2-1,SASSGAGPYNEQF,1
TRBV20-1,TRBJ2-1,SASSGAGRGPIYNEQF,3
TRBV20-1,TRBJ2-1,SASSGAGSAVHYNEQF,1
TRBV20-1,TRBJ2-1,SASSGAGSSYNEQF,1
TRBV20-1,TRBJ2-1,SASSGAGTSGYNEQF,5
TRBV20-1,TRBJ2-1,SASSGAGVLYNEQF,1
TRBV20-1,TRBJ2-1,SASSGAGVPNEQF,5
TRBV20-1,TRBJ2-1,SASSGAGYNEQF,3
TRBV20-1,TRBJ2-1,SASSGAHNEQF,5
TRBV20-1,TRBJ2-1,SASSGAIYNEQF,2
TRBV20-1,TRBJ2-1,SASSGAKAYNEQF,1
TRBV20-1,TRBJ2-1,SASSGAKEQF,2
TRBV20-1,TRBJ2-1,SASSGALDNEQF,1
TRBV20-1,TRBJ2-1,SASSGALGNNEQF,1
TRBV20-1,TRBJ2-1,SASSGALLGNEQF,1
TRBV20-1,TRBJ2-1,SASSGALLSGVNEQF,1
TRBV20-1,TRBJ2-1,SASSGALNNEQF,1
TRBV20-1,TRBJ2-1,SASSGALPYNEQF,1
TRBV20-1,TRBJ2-1,SASSGALRMDEQF,1
TRBV20-1,TRBJ2-1,SASSGALSYNEQF,2
TRBV20-1,TRBJ2-1,SASSGALTYNEQF,2
TRBV20-1,TRBJ2-1,SASSGALYNEQF,3
TRBV20-1,TRBJ2-1,SASSGAMDEQF,1
TRBV20-1,TRBJ2-1,SASSGAMYNEQF,1
TRBV20-1,TRBJ2-1,SASSGANEQF,17
TRBV20-1,TRBJ2-1,SASSGANNEQF,2
TRBV20-1,TRBJ2-1,SASSGANSYNEQF,1
TRBV20-1,TRBJ2-1,SASSGANYNEQF,3
TRBV20-1,TRBJ2-1,SASSGAPFNEQF,6
TRBV20-1,TRBJ2-1,SASSGAPHNEQF,4
TRBV20-1,TRBJ2-1,SASSGAPLDNEQF,10
TRBV20-1,TRBJ2-1,SASSGAPLNEQF,1
TRBV20-1,TRBJ2-1,SASSGAPNEQF,1
TRBV20-1,TRBJ2-1,SASSGAPSGNEQF,1
TRBV20-1,TRBJ2-1,SASSGAPSYNEQF,1
TRBV20-1,TRBJ2-1,SASSGAPYNEQF,9
TRBV20-1,TRBJ2-1,SASSGAQNNEQF,1
TRBV20-1,TRBJ2-1,SASSGAQYNEQF,1
TRBV20-1,TRBJ2-1,SASSGARGRNEQF,1
TRBV20-1,TRBJ2-1,SASSGARGYEQF,1
TRBV20-1,TRBJ2-1,SASSGARIDEQF,4
TRBV20-1,TRBJ2-1,SASSGARLNEQF,4
TRBV20-1,TRBJ2-1,SASSGARNEQF,8
TRBV20-1,TRBJ2-1,SASSGARPYNEQF,1
TRBV20-1,TRBJ2-1,SASSGARQYNEQF,1
TRBV20-1,TRBJ2-1,SASSGARYNEQF,3
TRBV20-1,TRBJ2-1,SASSGASGDNEQF,1
TRBV20-1,TRBJ2-1,SASSGASGGNEQF,1
TRBV20-1,TRBJ2-1,SASSGASGKGDEQF,1
TRBV20-1,TRBJ2-1,SASSGASGRTYNEQF,1
TRBV20-1,TRBJ2-1,SASSGASGSYNEQF,1
TRBV20-1,TRBJ2-1,SASSGASGTYNEQF,6
TRBV20-1,TRBJ2-1,SASSGASGYNEQF,1
TRBV20-1,TRBJ2-1,SASSGASQF,3
TRBV20-1,TRBJ2-1,SASSGASSYNEQF,12
TRBV20-1,TRBJ2-1,SASSGASTNEQF,1
TRBV20-1,TRBJ2-1,SASSGASVLYNEQF,1
TRBV20-1,TRBJ2-1,SASSGASYNEQF,17
TRBV20-1,TRBJ2-1,SASSGATLEVINEQF,1
TRBV20-1,TRBJ2-1,SASSGATNYNEQF,2
TRBV20-1,TRBJ2-1,SASSGATSSYNEQF,1
TRBV20-1,TRBJ2-1,SASSGATTYNEQF,1
TRBV20-1,TRBJ2-1,SASSGATYNEQF,10
TRBV20-1,TRBJ2-1,SASSGAVDEQF,1
TRBV20-1,TRBJ2-1,SASSGAVGGDEQF,1
TRBV20-1,TRBJ2-1,SASSGAVGYNEQF,1
TRBV20-1,TRBJ2-1,SASSGAVNEQF,5
TRBV20-1,TRBJ2-1,SASSGAVRDEQF,10
TRBV20-1,TRBJ2-1,SASSGAVSYNEQF,1
TRBV20-1,TRBJ2-1,SASSGAVTNEQF,1
TRBV20-1,TRBJ2-1,SASSGAWGNEQF,1
TRBV20-1,TRBJ2-1,SASSGAWNEQF,1
TRBV20-1,TRBJ2-1,SASSGAYNEQF,39
TRBV20-1,TRBJ2-1,SASSGAYNNEQF,3
TRBV20-1,TRBJ2-1,SASSGCDSYNEQF,1
TRBV20-1,TRBJ2-1,SASSGDATSKQF,2
TRBV20-1,TRBJ2-1,SASSGDAYNEQF,2
TRBV20-1,TRBJ2-1,SASSGDEQF,17
TRBV20-1,TRBJ2-1,SASSGDFLRSSYNEQF,1
TRBV20-1,TRBJ2-1,SASSGDFLYNEQF,1
TRBV20-1,TRBJ2-1,SASSGDGYNEQF,1
TRBV20-1,TRBJ2-1,SASSGDHEQF,1
TRBV20-1,TRBJ2-1,SASSGDHNEQF,2
TRBV20-1,TRBJ2-1,SASSGDIVAYNEQF,1
TRBV20-1,TRBJ2-1,SASSGDLANEQF,1
TRBV20-1,TRBJ2-1,SASSGDLGEQF,4
TRBV20-1,TRBJ2-1,SASSGDLGNEQF,1
TRBV20-1,TRBJ2-1,SASSGDLNNEQF,1
TRBV20-1,TRBJ2-1,SASSGDLPYNEQF,1
TRBV20-1,TRBJ2-1,SASSGDLYNEQF,1
TRBV20-1,TRBJ2-1,SASSGDNEQF,10
TRBV20-1,TRBJ2-1,SASSGDNSYNEQF,1
TRBV20-1,TRBJ2-1,SASSGDNYNEQF,1
TRBV20-1,TRBJ2-1,SASSGDPETYNAYNEQF,2
TRBV20-1,TRBJ2-1,SASSGDPSRNEQF,1
TRBV20-1,TRBJ2-1,SASSGDPYNEQF,1
TRBV20-1,TRBJ2-1,SASSGDRAYNEQF,8
TRBV20-1,TRBJ2-1,SASSGDREQF,2
TRBV20-1,TRBJ2-1,SASSGDRGGNEQF,1
TRBV20-1,TRBJ2-1,SASSGDRGVLYSLENEQF,1
TRBV20-1,TRBJ2-1,SASSGDRKWYNEQF,1
TRBV20-1,TRBJ2-1,SASSGDRQNNEQF,1
TRBV20-1,TRBJ2-1,SASSGDRVGNEQF,5
TRBV20-1,TRBJ2-1,SASSGDRVSNEQF,1
TRBV20-1,TRBJ2-1,SASSGDRVVDEQF,1
TRBV20-1,TRBJ2-1,SASSGDRVYEQF,1
TRBV20-1,TRBJ2-1,SASSGDRYNEQF,1
TRBV20-1,TRBJ2-1,SASSGDSFYNEQF,5
TRBV20-1,TRBJ2-1,SASSGDSSSYNEQF,1
TRBV20-1,TRBJ2-1,SASSGDSSYNEQF,1
TRBV20-1,TRBJ2-1,SASSGDSYNEQF,8
TRBV20-1,TRBJ2-1,SASSGDTRNYNEQF,13
TRBV20-1,TRBJ2-1,SASSGDTTYNEQF,1
TRBV20-1,TRBJ2-1,SASSGDTYNEQF,1
TRBV20-1,TRBJ2-1,SASSGDWNEQF,1
TRBV20-1,TRBJ2-1,SASSGDWTYNEQF,3
TRBV20-1,TRBJ2-1,SASSGDYNEQF,23
TRBV20-1,TRBJ2-1,SASSGDYNNEQF,1
TRBV20-1,TRBJ2-1,SASSGDYYNEQF,1
TRBV20-1,TRBJ2-1,SASSGEAAVYNEQF,2
TRBV20-1,TRBJ2-1,SASSGEADEQF,1
TRBV20-1,TRBJ2-1,SASSGEAGLYNEQF,1
TRBV20-1,TRBJ2-1,SASSGEAGSDEQF,1
TRBV20-1,TRBJ2-1,SASSGEAPNEQF,1
TRBV20-1,TRBJ2-1,SASSGEARGINEQF,1
TRBV20-1,TRBJ2-1,SASSGEAVSYNEQF,3
TRBV20-1,TRBJ2-1,SASSGEFPSDEQF,1
TRBV20-1,TRBJ2-1,SASSGEFSYNEQF,1
TRBV20-1,TRBJ2-1,SASSGEGASYNEQF,1
TRBV20-1,TRBJ2-1,SASSGEGDEQF,2
TRBV20-1,TRBJ2-1,SASSGEGFYNEQF,3
TRBV20-1,TRBJ2-1,SASSGEGLHEQF,2
TRBV20-1,TRBJ2-1,SASSGEGNNEQF,1
TRBV20-1,TRBJ2-1,SASSGEGPNNEQF,1
TRBV20-1,TRBJ2-1,SASSGEGPRNEQF,1
TRBV20-1,TRBJ2-1,SASSGEGPYNEQF,1
TRBV20-1,TRBJ2-1,SASSGEGSYNEQF,1
TRBV20-1,TRBJ2-1,SASSGEGTYNEQF,1
TRBV20-1,TRBJ2-1,SASSGEGVAGSYNEQF,1
TRBV20-1,TRBJ2-1,SASSGEGYEQF,1
TRBV20-1,TRBJ2-1,SASSGEGYNEQF,4
TRBV20-1,TRBJ2-1,SASSGEGYSYNEQF,1
TRBV20-1,TRBJ2-1,SASSGEHSYNEQF,1
TRBV20-1,TRBJ2-1,SASSGEIYNEQF,2
TRBV20-1,TRBJ2-1,SASSGEKNEQF,1
TRBV20-1,TRBJ2-1,SASSGEKVNEQF,1
TRBV20-1,TRBJ2-1,SASSGEKYNEQF,3
TRBV20-1,TRBJ2-1,SASSGELDEQF,5
TRBV20-1,TRBJ2-1,SASSGELNEQF,1
TRBV20-1,TRBJ2-1,SASSGELYNEQF,3
TRBV20-1,TRBJ2-1,SASSGENEQF,3
TRBV20-1,TRBJ2-1,SASSGEPAPNEQF,1
TRBV20-1,TRBJ2-1,SASSGEPGGNEQF,2
TRBV20-1,TRBJ2-1,SASSGEQF,6
TRBV20-1,TRBJ2-1,SASSGERANEQF,7
TRBV20-1,TRBJ2-1,SASSGERANEQV,1
TRBV20-1,TRBJ2-1,SASSGERNEQF,1
TRBV20-1,TRBJ2-1,SASSGERTNEQF,1
TRBV20-1,TRBJ2-1,SASSGERYNEQF,1
TRBV20-1,TRBJ2-1,SASSGESGSYNEQF,1
TRBV20-1,TRBJ2-1,SASSGESSYNEQF,16
TRBV20-1,TRBJ2-1,SASSGESYEQF,2
TRBV20-1,TRBJ2-1,SASSGESYNEQF,4
TRBV20-1,TRBJ2-1,SASSGETLYNEQF,1
TRBV20-1,TRBJ2-1,SASSGETYNEQF,7
TRBV20-1,TRBJ2-1,SASSGEVGNEQF,1
TRBV20-1,TRBJ2-1,SASSGEVNEQF,1
TRBV20-1,TRBJ2-1,SASSGEVSYNEQF,1
TRBV20-1,TRBJ2-1,SASSGEVYNEQF,1
TRBV20-1,TRBJ2-1,SASSGEWNEQF,1
TRBV20-1,TRBJ2-1,SASSGEWNVNEQF,1
TRBV20-1,TRBJ2-1,SASSGEYNEQF,4
TRBV20-1,TRBJ2-1,SASSGFAGGGNEQF,1
TRBV20-1,TRBJ2-1,SASSGFDEQF,1
TRBV20-1,TRBJ2-1,SASSGFGLAGYNEQF,1
TRBV20-1,TRBJ2-1,SASSGFGQGANNEQF,1
TRBV20-1,TRBJ2-1,SASSGFGVRGSYNEQF,1
TRBV20-1,TRBJ2-1,SASSGFLSYNEQF,1
TRBV20-1,TRBJ2-1,SASSGFNEQF,4
TRBV20-1,TRBJ2-1,SASSGFPYNEQF,2
TRBV20-1,TRBJ2-1,SASSGFRYNEQF,7
TRBV20-1,TRBJ2-1,SASSGFSNEQF,1
TRBV20-1,TRBJ2-1,SASSGFSSAYNEQF,1
TRBV20-1,TRBJ2-1,SASSGFSSYNEQF,2
TRBV20-1,TRBJ2-1,SASSGFSYNEQF,10
TRBV20-1,TRBJ2-1,SASSGFSYNGRF,1
TRBV20-1,TRBJ2-1,SASSGFTNEQF,1
TRBV20-1,TRBJ2-1,SASSGFVGNNEQF,1
TRBV20-1,TRBJ2-1,SASSGFWANEQF,1
TRBV20-1,TRBJ2-1,SASSGFWDEQF,2
TRBV20-1,TRBJ2-1,SASSGFWGNEQF,1
TRBV20-1,TRBJ2-1,SASSGFYNEQF,7
TRBV20-1,TRBJ2-1,SASSGFYNNEQF,1
TRBV20-1,TRBJ2-1,SASSGGAAEQF,1
TRBV20-1,TRBJ2-1,SASSGGAASEQF,2
TRBV20-1,TRBJ2-1,SASSGGAEGNEQF,1
TRBV20-1,TRBJ2-1,SASSGGAENEQF,1
TRBV20-1,TRBJ2-1,SASSGGAFNEQF,1
TRBV20-1,TRBJ2-1,SASSGGAGDEQF,1
TRBV20-1,TRBJ2-1,SASSGGAGYNEQF,1
TRBV20-1,TRBJ2-1,SASSGGAHNEQF,2
TRBV20-1,TRBJ2-1,SASSGGAIDEQF,1
TRBV20-1,TRBJ2-1,SASSGGAINEQF,1
TRBV20-1,TRBJ2-1,SASSGGALNEQF,1
TRBV20-1,TRBJ2-1,SASSGGALREQF,1
TRBV20-1,TRBJ2-1,SASSGGALSYNEQF,1
TRBV20-1,TRBJ2-1,SASSGGANEQF,8
TRBV20-1,TRBJ2-1,SASSGGANYNEQF,1
TRBV20-1,TRBJ2-1,SASSGGAPNEQF,1
TRBV20-1,TRBJ2-1,SASSGGAPRSYNEQF,1
TRBV20-1,TRBJ2-1,SASSGGAPYNEQF,2
TRBV20-1,TRBJ2-1,SASSGGARNEQF,3
TRBV20-1,TRBJ2-1,SASSGGARYNEQF,3
TRBV20-1,TRBJ2-1,SASSGGASFNEQF,1
TRBV20-1,TRBJ2-1,SASSGGASLRNEQF,1
TRBV20-1,TRBJ2-1,SASSGGASNEQF,3
TRBV20-1,TRBJ2-1,SASSGGASYNEQF,1
TRBV20-1,TRBJ2-1,SASSGGATGNEQF,3
TRBV20-1,TRBJ2-1,SASSGGATNEQF,2
TRBV20-1,TRBJ2-1,SASSGGATSYNEQF,1
TRBV20-1,TRBJ2-1,SASSGGAVGNEQF,1
TRBV20-1,TRBJ2-1,SASSGGAVNEQF,1
TRBV20-1,TRBJ2-1,SASSGGAVSHEQF,1
TRBV20-1,TRBJ2-1,SASSGGAVYEQF,1
TRBV20-1,TRBJ2-1,SASSGGAWNEQF,4
TRBV20-1,TRBJ2-1,SASSGGAYDNEQF,1
TRBV20-1,TRBJ2-1,SASSGGAYEQF,6
TRBV20-1,TRBJ2-1,SASSGGAYNDQF,1
TRBV20-1,TRBJ2-1,SASSGGAYNEQF,45
TRBV20-1,TRBJ2-1,SASSGGAYNNEQF,2
TRBV20-1,TRBJ2-1,SASSGGDEQF,9
TRBV20-1,TRBJ2-1,SASSGGDGNEQF,1
TRBV20-1,TRBJ2-1,SASSGGDHEQF,1
TRBV20-1,TRBJ2-1,SASSGGDHNEQF,1
TRBV20-1,TRBJ2-1,SASSGGDNEQF,10
TRBV20-1,TRBJ2-1,SASSGGDPYNEQF,1
TRBV20-1,TRBJ2-1,SASSGGDRHEQF,1
TRBV20-1,TRBJ2-1,SASSGGDSYNEQF,3
TRBV20-1,TRBJ2-1,SASSGGDYNEQF,9
TRBV20-1,TRBJ2-1,SASSGGEAYNEQF,1
TRBV20-1,TRBJ2-1,SASSGGEFNEQF,9
TRBV20-1,TRBJ2-1,SASSGGENEQF,2
TRBV20-1,TRBJ2-1,SASSGGEQF,4
TRBV20-1,TRBJ2-1,SASSGGESYNEQF,2
TRBV20-1,TRBJ2-1,SASSGGEYNEQF,3
TRBV20-1,TRBJ2-1,SASSGGFAYNEQF,1
TRBV20-1,TRBJ2-1,SASSGGFDLDEQF,1
TRBV20-1,TRBJ2-1,SASSGGFGRSGYNEQF,1
TRBV20-1,TRBJ2-1,SASSGGFNEQF,2
TRBV20-1,TRBJ2-1,SASSGGFSNEQF,1
TRBV20-1,TRBJ2-1,SASSGGFYNEQF,2
TRBV20-1,TRBJ2-1,SASSGGGANEQF,1
TRBV20-1,TRBJ2-1,SASSGGGAYNEQF,1
TRBV20-1,TRBJ2-1,SASSGGGDEQF,2
TRBV20-1,TRBJ2-1,SASSGGGDNEQF,3
TRBV20-1,TRBJ2-1,SASSGGGEGRVYNEQF,1
TRBV20-1,TRBJ2-1,SASSGGGEYNEQF,3
TRBV20-1,TRBJ2-1,SASSGGGGGEQF,1
TRBV20-1,TRBJ2-1,SASSGGGGYNEQF,1
TRBV20-1,TRBJ2-1,SASSGGGHMYEQF,1
TRBV20-1,TRBJ2-1,SASSGGGHNEQF,1
TRBV20-1,TRBJ2-1,SASSGGGKHSYNEQF,1
TRBV20-1,TRBJ2-1,SASSGGGLAVRVSYNEQF,1
TRBV20-1,TRBJ2-1,SASSGGGLDEQF,1
TRBV20-1,TRBJ2-1,SASSGGGLGEQF,1
TRBV20-1,TRBJ2-1,SASSGGGLYNEQF,1
TRBV20-1,TRBJ2-1,SASSGGGNEQF,8
TRBV20-1,TRBJ2-1,SASSGGGNNEQF,1
TRBV20-1,TRBJ2-1,SASSGGGPFISNEQF,1
TRBV20-1,TRBJ2-1,SASSGGGPISGNEQF,1
TRBV20-1,TRBJ2-1,SASSGGGQSYNEQF,1
TRBV20-1,TRBJ2-1,SASSGGGRNEQF,3
TRBV20-1,TRBJ2-1,SASSGGGSYNEQF,8
TRBV20-1,TRBJ2-1,SASSGGGVDEQF,1
TRBV20-1,TRBJ2-1,SASSGGGVNEQF,2
TRBV20-1,TRBJ2-1,SASSGGGYEQF,1
TRBV20-1,TRBJ2-1,SASSGGGYNEQF,10
TRBV20-1,TRBJ2-1,SASSGGHNEQF,3
TRBV20-1,TRBJ2-1,SASSGGHRDEQF,1
TRBV20-1,TRBJ2-1,SASSGGIDNEQF,1
TRBV20-1,TRBJ2-1,SASSGGIHNEQF,1
TRBV20-1,TRBJ2-1,SASSGGIMDEQF,1
TRBV20-1,TRBJ2-1,SASSGGINEQF,3
TRBV20-1,TRBJ2-1,SASSGGINNEQF,1
TRBV20-1,TRBJ2-1,SASSGGIRNEQF,1
TRBV20-1,TRBJ2-1,SASSGGISYNEQF,12
TRBV20-1,TRBJ2-1,SASSGGIYEQF,1
TRBV20-1,TRBJ2-1,SASSGGIYNEQF,17
TRBV20-1,TRBJ2-1,SASSGGKDEQF,1
TRBV20-1,TRBJ2-1,SASSGGKDGNEQF,1
TRBV20-1,TRBJ2-1,SASSGGKGSYNEQF,1
TRBV20-1,TRBJ2-1,SASSGGKPYNEQF,1
TRBV20-1,TRBJ2-1,SASSGGKRYNEQF,1
TRBV20-1,TRBJ2-1,SASSGGKSSYNEQF,3
TRBV20-1,TRBJ2-1,SASSGGKSYNEQF,1
TRBV20-1,TRBJ2-1,SASSGGKVHNEQF,1
TRBV20-1,TRBJ2-1,SASSGGKYNEQF,1
TRBV20-1,TRBJ2-1,SASSGGLAGFNEQF,1
TRBV20-1,TRBJ2-1,SASSGGLAGGLSYNEQF,1
TRBV20-1,TRBJ2-1,SASSGGLAGGPYNEQF,7
TRBV20-1,TRBJ2-1,SASSGGLAGVHEQF,1
TRBV20-1,TRBJ2-1,SASSGGLAGYYNEQF,1
TRBV20-1,TRBJ2-1,SASSGGLAVYNEQF,1
TRBV20-1,TRBJ2-1,SASSGGLDEQF,1
TRBV20-1,TRBJ2-1,SASSGGLFNEQF,1
TRBV20-1,TRBJ2-1,SASSGGLGNEQF,6
TRBV20-1,TRBJ2-1,SASSGGLGRNEQF,1
TRBV20-1,TRBJ2-1,SASSGGLGTSGISNEQF,1
TRBV20-1,TRBJ2-1,SASSGGLGYNEQF,1
TRBV20-1,TRBJ2-1,SASSGGLHNEQF,1
TRBV20-1,TRBJ2-1,SASSGGLISYNEQF,2
TRBV20-1,TRBJ2-1,SASSGGLLDNEQF,1
TRBV20-1,TRBJ2-1,SASSGGLLVRSNEQF,1
TRBV20-1,TRBJ2-1,SASSGGLLYEQF,1
TRBV20-1,TRBJ2-1,SASSGGLNEQF,2
TRBV20-1,TRBJ2-1,SASSGGLNNEQF,1
TRBV20-1,TRBJ2-1,SASSGGLNSNEQF,1
TRBV20-1,TRBJ2-1,SASSGGLPSSYNEQF,1
TRBV20-1,TRBJ2-1,SASSGGLPYNEQF,1
TRBV20-1,TRBJ2-1,SASSGGLSKNEQF,1
TRBV20-1,TRBJ2-1,SASSGGLSYNEQF,10
TRBV20-1,TRBJ2-1,SASSGGLVGLDNEQF,2
TRBV20-1,TRBJ2-1,SASSGGLVNEQF,1
TRBV20-1,TRBJ2-1,SASSGGLWNEQF,1
TRBV20-1,TRBJ2-1,SASSGGLYEQF,1
TRBV20-1,TRBJ2-1,SASSGGLYNEQF,1
TRBV20-1,TRBJ2-1,SASSGGMAYNEQF,1
TRBV20-1,TRBJ2-1,SASSGGMRYEQF,1
TRBV20-1,TRBJ2-1,SASSGGMTYNEQF,1
TRBV20-1,TRBJ2-1,SASSGGMYNEQF,1
TRBV20-1,TRBJ2-1,SASSGGNEQF,39
TRBV20-1,TRBJ2-1,SASSGGNIEQF,1
TRBV20-1,TRBJ2-1,SASSGGNKEQF,1
TRBV20-1,TRBJ2-1,SASSGGNNEQF,24
TRBV20-1,TRBJ2-1,SASSGGNNNEQF,5
TRBV20-1,TRBJ2-1,SASSGGNNYNEQF,1
TRBV20-1,TRBJ2-1,SASSGGNRNEQF,1
TRBV20-1,TRBJ2-1,SASSGGNSNEQF,1
TRBV20-1,TRBJ2-1,SASSGGNVLTNEQF,5
TRBV20-1,TRBJ2-1,SASSGGNWYNEQF,1
TRBV20-1,TRBJ2-1,SASSGGNYEQF,1
TRBV20-1,TRBJ2-1,SASSGGNYNEQF,8
TRBV20-1,TRBJ2-1,SASSGGPAYNEQF,2
TRBV20-1,TRBJ2-1,SASSGGPDNEQF,1
TRBV20-1,TRBJ2-1,SASSGGPENNEQF,1
TRBV20-1,TRBJ2-1,SASSGGPGEQF,6
TRBV20-1,TRBJ2-1,SASSGGPGNEQF,3
TRBV20-1,TRBJ2-1,SASSGGPGYEQF,1
TRBV20-1,TRBJ2-1,SASSGGPHNEQF,2
TRBV20-1,TRBJ2-1,SASSGGPIDEQF,1
TRBV20-1,TRBJ2-1,SASSGGPLNEQF,1
TRBV20-1,TRBJ2-1,SASSGGPMDEQF,1
TRBV20-1,TRBJ2-1,SASSGGPNEQF,10
TRBV20-1,TRBJ2-1,SASSGGPPHNEQF,1
TRBV20-1,TRBJ2-1,SASSGGPPYNEQF,1
TRBV20-1,TRBJ2-1,SASSGGPRNEQF,2
TRBV20-1,TRBJ2-1,SASSGGPRYNEQF,1
TRBV20-1,TRBJ2-1,SASSGGPSNEQF,1
TRBV20-1,TRBJ2-1,SASSGGPSNNEQF,1
TRBV20-1,TRBJ2-1,SASSGGPSRAHEQF,3
TRBV20-1,TRBJ2-1,SASSGGPSSYNEQF,3
TRBV20-1,TRBJ2-1,SASSGGPSYNEQF,3
TRBV20-1,TRBJ2-1,SASSGGPWDFYNEQF,1
TRBV20-1,TRBJ2-1,SASSGGPWEHNEQF,1
TRBV20-1,TRBJ2-1,SASSGGPYEQF,1
TRBV20-1,TRBJ2-1,SASSGGPYIEQF,1
TRBV20-1,TRBJ2-1,SASSGGPYNEQF,40
TRBV20-1,TRBJ2-1,SASSGGQFNEQF,1
TRBV20-1,TRBJ2-1,SASSGGQGGDEQF,1
TRBV20-1,TRBJ2-1,SASSGGQLGNEQF,11
TRBV20-1,TRBJ2-1,SASSGGQMDDEQF,1
TRBV20-1,TRBJ2-1,SASSGGQNNEQF,3
TRBV20-1,TRBJ2-1,SASSGGQPYNEQF,1
TRBV20-1,TRBJ2-1,SASSGGQSYNEQF,1
TRBV20-1,TRBJ2-1,SASSGGQYNEQF,11
TRBV20-1,TRBJ2-1,SASSGGRADEQF,1
TRBV20-1,TRBJ2-1,SASSGGRAGSYNEQF,1
TRBV20-1,TRBJ2-1,SASSGGRAGYEQF,2
TRBV20-1,TRBJ2-1,SASSGGRAIFYNEQF,4
TRBV20-1,TRBJ2-1,SASSGGRAYNEQF,1
TRBV20-1,TRBJ2-1,SASSGGRDEQF,6
TRBV20-1,TRBJ2-1,SASSGGRDNEQF,1
TRBV20-1,TRBJ2-1,SASSGGREDEQF,1
TRBV20-1,TRBJ2-1,SASSGGRFNEQF,3
TRBV20-1,TRBJ2-1,SASSGGRGNEQF,1
TRBV20-1,TRBJ2-1,SASSGGRGYNEQF,1
TRBV20-1,TRBJ2-1,SASSGGRINEQF,1
TRBV20-1,TRBJ2-1,SASSGGRLGFDNEQF,2
TRBV20-1,TRBJ2-1,SASSGGRLHNEQF,2
TRBV20-1,TRBJ2-1,SASSGGRLNNEQF,1
TRBV20-1,TRBJ2-1,SASSGGRNEQF,21
TRBV20-1,TRBJ2-1,SASSGGRNNEQF,2
TRBV20-1,TRBJ2-1,SASSGGRNYNEQF,1
TRBV20-1,TRBJ2-1,SASSGGRPYNEQF,6
TRBV20-1,TRBJ2-1,SASSGGRRVYNEQF,1
TRBV20-1,TRBJ2-1,SASSGGRSDEQF,1
TRBV20-1,TRBJ2-1,SASSGGRSYNEQF,2
TRBV20-1,TRBJ2-1,SASSGGRTDEQF,1
TRBV20-1,TRBJ2-1,SASSGGRVDEQF,5
TRBV20-1,TRBJ2-1,SASSGGRVSYNEQF,1
TRBV20-1,TRBJ2-1,SASSGGRVVNEQF,1
TRBV20-1,TRBJ2-1,SASSGGRVYNEQF,1
TRBV20-1,TRBJ2-1,SASSGGRWF,3
TRBV20-1,TRBJ2-1,SASSGGRYNEQF,4
TRBV20-1,TRBJ2-1,SASSGGSAYNEQF,1
TRBV20-1,TRBJ2-1,SASSGGSGNEQF,1
TRBV20-1,TRBJ2-1,SASSGGSGRGNEQF,1
TRBV20-1,TRBJ2-1,SASSGGSGRSLSYNEQF,1
TRBV20-1,TRBJ2-1,SASSGGSGRYNEQF,1
TRBV20-1,TRBJ2-1,SASSGGSGYNEQF,1
TRBV20-1,TRBJ2-1,SASSGGSLRVWNEQF,2
TRBV20-1,TRBJ2-1,SASSGGSNEQF,3
TRBV20-1,TRBJ2-1,SASSGGSNNEQF,1
TRBV20-1,TRBJ2-1,SASSGGSPLYNEQF,1
TRBV20-1,TRBJ2-1,SASSGGSPNEQF,1
TRBV20-1,TRBJ2-1,SASSGGSPRSYNEQF,1
TRBV20-1,TRBJ2-1,SASSGGSPYNEQF,1
TRBV20-1,TRBJ2-1,SASSGGSPYNQQF,1
TRBV20-1,TRBJ2-1,SASSGGSRHEQF,1
TRBV20-1,TRBJ2-1,SASSGGSSYNEQF,27
TRBV20-1,TRBJ2-1,SASSGGSTYNEQF,1
TRBV20-1,TRBJ2-1,SASSGGSYEQF,3
TRBV20-1,TRBJ2-1,SASSGGSYNEQF,37
TRBV20-1,TRBJ2-1,SASSGGSYSYNEQF,3
TRBV20-1,TRBJ2-1,SASSGGTAYNEQF,2
TRBV20-1,TRBJ2-1,SASSGGTGLYNEQF,1
TRBV20-1,TRBJ2-1,SASSGGTGYNEQF,1
TRBV20-1,TRBJ2-1,SASSGGTHYNEQF,1
TRBV20-1,TRBJ2-1,SASSGGTLYNEQF,1
TRBV20-1,TRBJ2-1,SASSGGTRYNEQF,1
TRBV20-1,TRBJ2-1,SASSGGTSGGSTLNEQF,1
TRBV20-1,TRBJ2-1,SASSGGTSGRRDEQF,4
TRBV20-1,TRBJ2-1,SASSGGTSGTHNEQF,2
TRBV20-1,TRBJ2-1,SASSGGTSLTTSYNEQF,1
TRBV20-1,TRBJ2-1,SASSGGTSRPSYNEQF,2
TRBV20-1,TRBJ2-1,SASSGGTSYNEQF,5
TRBV20-1,TRBJ2-1,SASSGGTVGEQF,4
TRBV20-1,TRBJ2-1,SASSGGTYNEQC,1
TRBV20-1,TRBJ2-1,SASSGGTYNEQF,32
TRBV20-1,TRBJ2-1,SASSGGVENEQF,1
TRBV20-1,TRBJ2-1,SASSGGVFYNEQF,1
TRBV20-1,TRBJ2-1,SASSGGVGNEQF,1
TRBV20-1,TRBJ2-1,SASSGGVNAQF,1
TRBV20-1,TRBJ2-1,SASSGGVNEQF,17
TRBV20-1,TRBJ2-1,SASSGGVRDNEQF,1
TRBV20-1,TRBJ2-1,SASSGGVRNEQF,4
TRBV20-1,TRBJ2-1,SASSGGVRNNEQF,1
TRBV20-1,TRBJ2-1,SASSGGVSSYNEQF,1
TRBV20-1,TRBJ2-1,SASSGGVYEQF,1
TRBV20-1,TRBJ2-1,SASSGGVYNEQF,2
TRBV20-1,TRBJ2-1,SASSGGWDNEQF,1
TRBV20-1,TRBJ2-1,SASSGGWNEQF,1
TRBV20-1,TRBJ2-1,SASSGGWTSGRALNEQF,1
TRBV20-1,TRBJ2-1,SASSGGWYNEQF,3
TRBV20-1,TRBJ2-1,SASSGGYEQF,1
TRBV20-1,TRBJ2-1,SASSGGYNEQF,66
TRBV20-1,TRBJ2-1,SASSGGYNSEQF,2
TRBV20-1,TRBJ2-1,SASSGGYYDEQF,2
TRBV20-1,TRBJ2-1,SASSGGYYNEQF,6
TRBV20-1,TRBJ2-1,SASSGHATYNEQF,2
TRBV20-1,TRBJ2-1,SASSGHAYNEQF,1
TRBV20-1,TRBJ2-1,SASSGHDNEQF,1
TRBV20-1,TRBJ2-1,SASSGHEQF,2
TRBV20-1,TRBJ2-1,SASSGHGINEQF,1
TRBV20-1,TRBJ2-1,SASSGHGNEQF,1
TRBV20-1,TRBJ2-1,SASSGHGQF,4
TRBV20-1,TRBJ2-1,SASSGHILDEQF,1
TRBV20-1,TRBJ2-1,SASSGHINNEQF,1
TRBV20-1,TRBJ2-1,SASSGHLNEQF,1
TRBV20-1,TRBJ2-1,SASSGHLYNEQF,1
TRBV20-1,TRBJ2-1,SASSGHNEQF,5
TRBV20-1,TRBJ2-1,SASSGHNEQS,1
TRBV20-1,TRBJ2-1,SASSGHPAFFSYNEQF,1
TRBV20-1,TRBJ2-1,SASSGHRANEQF,1
TRBV20-1,TRBJ2-1,SASSGHRDEQF,1
TRBV20-1,TRBJ2-1,SASSGHSGAGEQF,1
TRBV20-1,TRBJ2-1,SASSGHSNEQF,1
TRBV20-1,TRBJ2-1,SASSGHSNLGVPF,1
TRBV20-1,TRBJ2-1,SASSGHSSYNEQF,1
TRBV20-1,TRBJ2-1,SASSGHSYNEQF,1
TRBV20-1,TRBJ2-1,SASSGHTYNEQF,1
TRBV20-1,TRBJ2-1,SASSGHYLKNEQF,1
TRBV20-1,TRBJ2-1,SASSGHYNEQF,5
TRBV20-1,TRBJ2-1,SASSGHYYNEQF,1
TRBV20-1,TRBJ2-1,SASSGIAGNEQF,1
TRBV20-1,TRBJ2-1,SASSGIAGSNEQF,1
TRBV20-1,TRBJ2-1,SASSGIALNEQF,3
TRBV20-1,TRBJ2-1,SASSGIAPYNEQF,1
TRBV20-1,TRBJ2-1,SASSGIAWNEQF,1
TRBV20-1,TRBJ2-1,SASSGIDEQF,8
TRBV20-1,TRBJ2-1,SASSGIENEQF,1
TRBV20-1,TRBJ2-1,SASSGIETYNEQF,1
TRBV20-1,TRBJ2-1,SASSGIFVNEQF,1
TRBV20-1,TRBJ2-1,SASSGIGNEQF,3
TRBV20-1,TRBJ2-1,SASSGIGREQF,1
TRBV20-1,TRBJ2-1,SASSGIGRTYNEQF,2
TRBV20-1,TRBJ2-1,SASSGIGSSYNEQF,1
TRBV20-1,TRBJ2-1,SASSGIGSYNEQF,1
TRBV20-1,TRBJ2-1,SASSGIGTNEQF,1
TRBV20-1,TRBJ2-1,SASSGIGTSGRAYNEQF,1
TRBV20-1,TRBJ2-1,SASSGIGYNEQF,1
TRBV20-1,TRBJ2-1,SASSGIHNEQF,1
TRBV20-1,TRBJ2-1,SASSGIIDDNELF,1
TRBV20-1,TRBJ2-1,SASSGIIDDNEQF,2
TRBV20-1,TRBJ2-1,SASSGIIIRPGYNEQF,1
TRBV20-1,TRBJ2-1,SASSGIILSIHNEQF,1
TRBV20-1,TRBJ2-1,SASSGIINEQF,1
TRBV20-1,TRBJ2-1,SASSGIKNEQF,1
TRBV20-1,TRBJ2-1,SASSGILDNEQF,1
TRBV20-1,TRBJ2-1,SASSGILTNEQF,1
TRBV20-1,TRBJ2-1,SASSGILYNEQF,2
TRBV20-1,TRBJ2-1,SASSGINEQF,6
TRBV20-1,TRBJ2-1,SASSGINNEQF,2
TRBV20-1,TRBJ2-1,SASSGINSYNEQF,1
TRBV20-1,TRBJ2-1,SASSGIPNEQF,1
TRBV20-1,TRBJ2-1,SASSGIPRNEQF,1
TRBV20-1,TRBJ2-1,SASSGIPYNEQF,4
TRBV20-1,TRBJ2-1,SASSGIRKNEQF,1
TRBV20-1,TRBJ2-1,SASSGIRNNEQF,1
TRBV20-1,TRBJ2-1,SASSGIRWNEQF,2
TRBV20-1,TRBJ2-1,SASSGIRYEQF,1
TRBV20-1,TRBJ2-1,SASSGISDDEQF,1
TRBV20-1,TRBJ2-1,SASSGISTYNEQF,2
TRBV20-1,TRBJ2-1,SASSGISYNEQF,6
TRBV20-1,TRBJ2-1,SASSGITRYEQF,1
TRBV20-1,TRBJ2-1,SASSGITYNEQF,3
TRBV20-1,TRBJ2-1,SASSGITYTEQF,1
TRBV20-1,TRBJ2-1,SASSGIYNEQF,19
TRBV20-1,TRBJ2-1,SASSGKAREQF,4
TRBV20-1,TRBJ2-1,SASSGKDNEQF,2
TRBV20-1,TRBJ2-1,SASSGKFEQF,6
TRBV20-1,TRBJ2-1,SASSGKFGNEQF,1
TRBV20-1,TRBJ2-1,SASSGKGAHNEQF,1
TRBV20-1,TRBJ2-1,SASSGKGAYNEQF,1
TRBV20-1,TRBJ2-1,SASSGKGFRNEQF,1
TRBV20-1,TRBJ2-1,SASSGKGRYNEQF,1
TRBV20-1,TRBJ2-1,SASSGKGSYNEQF,1
TRBV20-1,TRBJ2-1,SASSGKGYNEQF,2
TRBV20-1,TRBJ2-1,SASSGKHTYNEQF,1
TRBV20-1,TRBJ2-1,SASSGKIGNEQF,1
TRBV20-1,TRBJ2-1,SASSGKIYNEQF,1
TRBV20-1,TRBJ2-1,SASSGKLNEQF,1
TRBV20-1,TRBJ2-1,SASSGKNYNEQF,1
TRBV20-1,TRBJ2-1,SASSGKPGNEQF,1
TRBV20-1,TRBJ2-1,SASSGKPHSYNEQF,1
TRBV20-1,TRBJ2-1,SASSGKPNEQF,1
TRBV20-1,TRBJ2-1,SASSGKRKNEQF,1
TRBV20-1,TRBJ2-1,SASSGKRLLRRNEQF,1
TRBV20-1,TRBJ2-1,SASSGKRRNEQF,1
TRBV20-1,TRBJ2-1,SASSGKSNEQF,1
TRBV20-1,TRBJ2-1,SASSGKSPLNEQF,1
TRBV20-1,TRBJ2-1,SASSGKSPYNEQF,1
TRBV20-1,TRBJ2-1,SASSGKSSYNEQF,4
TRBV20-1,TRBJ2-1,SASSGKSYNEQF,1
TRBV20-1,TRBJ2-1,SASSGKTDEQF,2
TRBV20-1,TRBJ2-1,SASSGKVAYNEQF,1
TRBV20-1,TRBJ2-1,SASSGKVNEQF,1
TRBV20-1,TRBJ2-1,SASSGKVYNEQF,2
TRBV20-1,TRBJ2-1,SASSGKYMLRQF,3
TRBV20-1,TRBJ2-1,SASSGKYNEQF,1
TRBV20-1,TRBJ2-1,SASSGLAAAYNEQF,2
TRBV20-1,TRBJ2-1,SASSGLAAHEQF,1
TRBV20-1,TRBJ2-1,SASSGLAAIGEQF,4
TRBV20-1,TRBJ2-1,SASSGLAALTGYNEQF,1
TRBV20-1,TRBJ2-1,SASSGLAANEQF,10
TRBV20-1,TRBJ2-1,SASSGLAANNEQF,1
TRBV20-1,TRBJ2-1,SASSGLAASSSYNEQF,1
TRBV20-1,TRBJ2-1,SASSGLAAYNEQF,6
TRBV20-1,TRBJ2-1,SASSGLADATYNEQF,1
TRBV20-1,TRBJ2-1,SASSGLADESSYNEQF,1
TRBV20-1,TRBJ2-1,SASSGLADLSSYNEQF,1
TRBV20-1,TRBJ2-1,SASSGLADNEQF,3
TRBV20-1,TRBJ2-1,SASSGLADSYNEQF,2
TRBV20-1,TRBJ2-1,SASSGLADYNEQF,15
TRBV20-1,TRBJ2-1,SASSGLADYNKQF,1
TRBV20-1,TRBJ2-1,SASSGLAEQF,3
TRBV20-1,TRBJ2-1,SASSGLAEYNEQF,1
TRBV20-1,TRBJ2-1,SASSGLAFARPYNEQF,1
TRBV20-1,TRBJ2-1,SASSGLAFDEQF,1
TRBV20-1,TRBJ2-1,SASSGLAFPAYNEQF,1
TRBV20-1,TRBJ2-1,SASSGLAGADYNEQF,1
TRBV20-1,TRBJ2-1,SASSGLAGAFSYNEQF,1
TRBV20-1,TRBJ2-1,SASSGLAGAHNEQF,4
TRBV20-1,TRBJ2-1,SASSGLAGALNEQF,1
TRBV20-1,TRBJ2-1,SASSGLAGAPGANEQF,1
TRBV20-1,TRBJ2-1,SASSGLAGASPYNEQF,1
TRBV20-1,TRBJ2-1,SASSGLAGASYNEQF,1
TRBV20-1,TRBJ2-1,SASSGLAGAWNEQF,1
TRBV20-1,TRBJ2-1,SASSGLAGAYNEQF,5
TRBV20-1,TRBJ2-1,SASSGLAGDEQF,5
TRBV20-1,TRBJ2-1,SASSGLAGDIRNNEQF,1
TRBV20-1,TRBJ2-1,SASSGLAGDNEQF,4
TRBV20-1,TRBJ2-1,SASSGLAGDYNEQF,1
TRBV20-1,TRBJ2-1,SASSGLAGEDEQF,1
TRBV20-1,TRBJ2-1,SASSGLAGEGNEQF,1
TRBV20-1,TRBJ2-1,SASSGLAGERDEQF,1
TRBV20-1,TRBJ2-1,SASSGLAGERYNEQF,1
TRBV20-1,TRBJ2-1,SASSGLAGFDEQF,1
TRBV20-1,TRBJ2-1,SASSGLAGFLNEQF,1
TRBV20-1,TRBJ2-1,SASSGLAGFNEQF,2
TRBV20-1,TRBJ2-1,SASSGLAGFYNEQF,1
TRBV20-1,TRBJ2-1,SASSGLAGGDEQF,1
TRBV20-1,TRBJ2-1,SASSGLAGGDNEQF,1
TRBV20-1,TRBJ2-1,SASSGLAGGDYNEQF,1
TRBV20-1,TRBJ2-1,SASSGLAGGGYNEQF,1
TRBV20-1,TRBJ2-1,SASSGLAGGGYYNEQF,3
TRBV20-1,TRBJ2-1,SASSGLAGGHEQF,1
TRBV20-1,TRBJ2-1,SASSGLAGGIHEQF,1
TRBV20-1,TRBJ2-1,SASSGLAGGIIYEQF,1
TRBV20-1,TRBJ2-1,SASSGLAGGISYNEQF,1
TRBV20-1,TRBJ2-1,SASSGLAGGLLDEQF,1
TRBV20-1,TRBJ2-1,SASSGLAGGMNEQF,8
TRBV20-1,TRBJ2-1,SASSGLAGGNEQF,5
TRBV20-1,TRBJ2-1,SASSGLAGGPAF,2
TRBV20-1,TRBJ2-1,SASSGLAGGPHEQF,1
TRBV20-1,TRBJ2-1,SASSGLAGGPNEQF,1
TRBV20-1,TRBJ2-1,SASSGLAGGPYNEQF,1
TRBV20-1,TRBJ2-1,SASSGLAGGPYVYNEQF,1
TRBV20-1,TRBJ2-1,SASSGLAGGRNEQF,4
TRBV20-1,TRBJ2-1,SASSGLAGGRSYNEQF,1
TRBV20-1,TRBJ2-1,SASSGLAGGRTSYNEQF,1
TRBV20-1,TRBJ2-1,SASSGLAGGRYNEQF,1
TRBV20-1,TRBJ2-1,SASSGLAGGSNEQF,1
TRBV20-1,TRBJ2-1,SASSGLAGGSSYNEQF,3
TRBV20-1,TRBJ2-1,SASSGLAGGSYNEQF,2
TRBV20-1,TRBJ2-1,SASSGLAGGTSYNEQF,1
TRBV20-1,TRBJ2-1,SASSGLAGGWDEQF,1
TRBV20-1,TRBJ2-1,SASSGLAGGYNEQF,3
TRBV20-1,TRBJ2-1,SASSGLAGHYNEQF,1
TRBV20-1,TRBJ2-1,SASSGLAGIYEQF,1
TRBV20-1,TRBJ2-1,SASSGLAGIYNEQF,1
TRBV20-1,TRBJ2-1,SASSGLAGLDEQF,1
TRBV20-1,TRBJ2-1,SASSGLAGLFNEQF,1
TRBV20-1,TRBJ2-1,SASSGLAGLLAYNEQF,1
TRBV20-1,TRBJ2-1,SASSGLAGLPHNEQF,1
TRBV20-1,TRBJ2-1,SASSGLAGLYNEQF,1
TRBV20-1,TRBJ2-1,SASSGLAGMAALNEQF,1
TRBV20-1,TRBJ2-1,SASSGLAGNEQF,10
TRBV20-1,TRBJ2-1,SASSGLAGNNEQF,1
TRBV20-1,TRBJ2-1,SASSGLAGNYNEQF,1
TRBV20-1,TRBJ2-1,SASSGLAGPLSYNEQF,1
TRBV20-1,TRBJ2-1,SASSGLAGPYNEQF,4
TRBV20-1,TRBJ2-1,SASSGLAGQNEQF,4
TRBV20-1,TRBJ2-1,SASSGLAGRFYNEQF,1
TRBV20-1,TRBJ2-1,SASSGLAGRIDEQF,1
TRBV20-1,TRBJ2-1,SASSGLAGRNEQF,5
TRBV20-1,TRBJ2-1,SASSGLAGSEQF,3
TRBV20-1,TRBJ2-1,SASSGLAGSSYNEQF,1
TRBV20-1,TRBJ2-1,SASSGLAGSYNEQF,1
TRBV20-1,TRBJ2-1,SASSGLAGTNEQF,1
TRBV20-1,TRBJ2-1,SASSGLAGVDEQF,3
TRBV20-1,TRBJ2-1,SASSGLAGVGYNEQF,1
TRBV20-1,TRBJ2-1,SASSGLAGVHEQF,1
TRBV20-1,TRBJ2-1,SASSGLAGVLNEQF,1
TRBV20-1,TRBJ2-1,SASSGLAGVNEQF,3
TRBV20-1,TRBJ2-1,SASSGLAGVNSYNEQF,1
TRBV20-1,TRBJ2-1,SASSGLAGVRSSYNEQF,1
TRBV20-1,TRBJ2-1,SASSGLAGVSNEQF,1
TRBV20-1,TRBJ2-1,SASSGLAGVTYNEQF,1
TRBV20-1,TRBJ2-1,SASSGLAGVVEQF,2
TRBV20-1,TRBJ2-1,SASSGLAGVYEQF,1
TRBV20-1,TRBJ2-1,SASSGLAGVYNEQF,2
TRBV20-1,TRBJ2-1,SASSGLAGYEQF,1
TRBV20-1,TRBJ2-1,SASSGLAGYNEQF,17
TRBV20-1,TRBJ2-1,SASSGLAKSSYNEQF,1
TRBV20-1,TRBJ2-1,SASSGLALDNEQF,1
TRBV20-1,TRBJ2-1,SASSGLALTNNEQF,4
TRBV20-1,TRBJ2-1,SASSGLANEQF,1
TRBV20-1,TRBJ2-1,SASSGLANNEQF,1
TRBV20-1,TRBJ2-1,SASSGLANYNEQF,1
TRBV20-1,TRBJ2-1,SASSGLAPTNEQF,1
TRBV20-1,TRBJ2-1,SASSGLAPYNEQF,1
TRBV20-1,TRBJ2-1,SASSGLAQLNEQF,4
TRBV20-1,TRBJ2-1,SASSGLARAYNEQF,1
TRBV20-1,TRBJ2-1,SASSGLARNEQF,2
TRBV20-1,TRBJ2-1,SASSGLASNEQF,1
TRBV20-1,TRBJ2-1,SASSGLASNNEQF,1
TRBV20-1,TRBJ2-1,SASSGLASSYNEQF,1
TRBV20-1,TRBJ2-1,SASSGLASYNEQF,3
TRBV20-1,TRBJ2-1,SASSGLATYNEQF,1
TRBV20-1,TRBJ2-1,SASSGLAVDEQF,3
TRBV20-1,TRBJ2-1,SASSGLAVDKSSYNEQF,3
TRBV20-1,TRBJ2-1,SASSGLAVDNEQF,1
TRBV20-1,TRBJ2-1,SASSGLAVLNEQF,1
TRBV20-1,TRBJ2-1,SASSGLAVLYEQF,1
TRBV20-1,TRBJ2-1,SASSGLAVNEQF,2
TRBV20-1,TRBJ2-1,SASSGLAVTSSYNEQF,1
TRBV20-1,TRBJ2-1,SASSGLAVTYNEQF,2
TRBV20-1,TRBJ2-1,SASSGLAVVDEQF,1
TRBV20-1,TRBJ2-1,SASSGLAVYEQF,1
TRBV20-1,TRBJ2-1,SASSGLAVYNEQF,6
TRBV20-1,TRBJ2-1,SASSGLAYGNEQF,1
TRBV20-1,TRBJ2-1,SASSGLAYNEQF,11
TRBV20-1,TRBJ2-1,SASSGLDLNSEQF,4
TRBV20-1,TRBJ2-1,SASSGLDNEQF,4
TRBV20-1,TRBJ2-1,SASSGLDQ,4
TRBV20-1,TRBJ2-1,SASSGLDSYNEQF,1
TRBV20-1,TRBJ2-1,SASSGLDYASSYNEQF,1
TRBV20-1,TRBJ2-1,SASSGLDYNEQF,4
TRBV20-1,TRBJ2-1,SASSGLEDNEQF,1
TRBV20-1,TRBJ2-1,SASSGLETHNEQF,1
TRBV20-1,TRBJ2-1,SASSGLETYNEQF,13
TRBV20-1,TRBJ2-1,SASSGLEVVYNEQF,1
TRBV20-1,TRBJ2-1,SASSGLEYNEQF,1
TRBV20-1,TRBJ2-1,SASSGLFSYNEQF,1
TRBV20-1,TRBJ2-1,SASSGLGANEQF,1
TRBV20-1,TRBJ2-1,SASSGLGDEQF,1
TRBV20-1,TRBJ2-1,SASSGLGDNEQF,5
TRBV20-1,TRBJ2-1,SASSGLGFYNEQF,5
TRBV20-1,TRBJ2-1,SASSGLGGDEQF,1
TRBV20-1,TRBJ2-1,SASSGLGGLCNEQF,1
TRBV20-1,TRBJ2-1,SASSGLGGLYNEQF,1
TRBV20-1,TRBJ2-1,SASSGLGGTIEQF,2
TRBV20-1,TRBJ2-1,SASSGLGGYNEQF,1
TRBV20-1,TRBJ2-1,SASSGLGINEQF,1
TRBV20-1,TRBJ2-1,SASSGLGIYNEQF,1
TRBV20-1,TRBJ2-1,SASSGLGNEQF,4
TRBV20-1,TRBJ2-1,SASSGLGNNEQF,1
TRBV20-1,TRBJ2-1,SASSGLGPFSSYNEQF,1
TRBV20-1,TRBJ2-1,SASSGLGRNEQF,1
TRBV20-1,TRBJ2-1,SASSGLGRSHEQF,1
TRBV20-1,TRBJ2-1,SASSGLGSYNEQF,1
TRBV20-1,TRBJ2-1,SASSGLGTYNEQF,1
TRBV20-1,TRBJ2-1,SASSGLGVNEQF,1
TRBV20-1,TRBJ2-1,SASSGLGVYNEQF,1
TRBV20-1,TRBJ2-1,SASSGLGWGSYNEQF,1
TRBV20-1,TRBJ2-1,SASSGLGWIGSYNEQF,1
TRBV20-1,TRBJ2-1,SASSGLGYEQF,1
TRBV20-1,TRBJ2-1,SASSGLGYNEQF,10
TRBV20-1,TRBJ2-1,SASSGLHEQF,2
TRBV20-1,TRBJ2-1,SASSGLHNEQF,7
TRBV20-1,TRBJ2-1,SASSGLIDNEQF,1
TRBV20-1,TRBJ2-1,SASSGLISRDEQF,1
TRBV20-1,TRBJ2-1,SASSGLISYNEQF,4
TRBV20-1,TRBJ2-1,SASSGLIYNEQF,2
TRBV20-1,TRBJ2-1,SASSGLKLYEQF,1
TRBV20-1,TRBJ2-1,SASSGLKPSNEQF,1
TRBV20-1,TRBJ2-1,SASSGLLAGYNEQF,1
TRBV20-1,TRBJ2-1,SASSGLLINEQF,1
TRBV20-1,TRBJ2-1,SASSGLLPF,5
TRBV20-1,TRBJ2-1,SASSGLLSNEQF,1
TRBV20-1,TRBJ2-1,SASSGLLTRDYNEQF,1
TRBV20-1,TRBJ2-1,SASSGLLYNEQF,1
TRBV20-1,TRBJ2-1,SASSGLNEQF,17
TRBV20-1,TRBJ2-1,SASSGLNNEQF,1
TRBV20-1,TRBJ2-1,SASSGLNSYNEQF,1
TRBV20-1,TRBJ2-1,SASSGLNYNEQF,1
TRBV20-1,TRBJ2-1,SASSGLPHNEQF,1
TRBV20-1,TRBJ2-1,SASSGLPLNEQF,6
TRBV20-1,TRBJ2-1,SASSGLPNEQF,1
TRBV20-1,TRBJ2-1,SASSGLPRNEQF,1
TRBV20-1,TRBJ2-1,SASSGLPSYNEQF,1
TRBV20-1,TRBJ2-1,SASSGLPYNEQF,3
TRBV20-1,TRBJ2-1,SASSGLQPYNEQF,1
TRBV20-1,TRBJ2-1,SASSGLRDEQF,1
TRBV20-1,TRBJ2-1,SASSGLRGGRDNEQF,1
TRBV20-1,TRBJ2-1,SASSGLRHEQF,1
TRBV20-1,TRBJ2-1,SASSGLRNNEQF,1
TRBV20-1,TRBJ2-1,SASSGLRSSYNEQF,1
TRBV20-1,TRBJ2-1,SASSGLRSYNEQF,1
TRBV20-1,TRBJ2-1,SASSGLRTTSAGGNEQF,1
TRBV20-1,TRBJ2-1,SASSGLSKF,17
TRBV20-1,TRBJ2-1,SASSGLSNEQF,1
TRBV20-1,TRBJ2-1,SASSGLSNVIYNEQF,1
TRBV20-1,TRBJ2-1,SASSGLSPYNEQF,3
TRBV20-1,TRBJ2-1,SASSGLSSNEQF,1
TRBV20-1,TRBJ2-1,SASSGLSSYNEQF,2
TRBV20-1,TRBJ2-1,SASSGLSYNEQF,12
TRBV20-1,TRBJ2-1,SASSGLTGPLKSSYNEQF,1
TRBV20-1,TRBJ2-1,SASSGLTLDEQF,1
TRBV20-1,TRBJ2-1,SASSGLTNEQF,1
TRBV20-1,TRBJ2-1,SASSGLTRSYNEQF,1
TRBV20-1,TRBJ2-1,SASSGLTTYNEQF,1
TRBV20-1,TRBJ2-1,SASSGLTYNEQF,6
TRBV20-1,TRBJ2-1,SASSGLVANEQF,1
TRBV20-1,TRBJ2-1,SASSGLVDNEQF,14
TRBV20-1,TRBJ2-1,SASSGLVFNEQF,3
TRBV20-1,TRBJ2-1,SASSGLVGDEQF,1
TRBV20-1,TRBJ2-1,SASSGLVGGGNNEQF,1
TRBV20-1,TRBJ2-1,SASSGLVGNEQC,1
TRBV20-1,TRBJ2-1,SASSGLVGNEQF,3
TRBV20-1,TRBJ2-1,SASSGLVHNEQF,2
TRBV20-1,TRBJ2-1,SASSGLVMHEQF,1
TRBV20-1,TRBJ2-1,SASSGLVRNEQF,1
TRBV20-1,TRBJ2-1,SASSGLVYNEQF,5
TRBV20-1,TRBJ2-1,SASSGLWASGGSSYNEQF,1
TRBV20-1,TRBJ2-1,SASSGLWDEQF,1
TRBV20-1,TRBJ2-1,SASSGLWNEQF,3
TRBV20-1,TRBJ2-1,SASSGLWRGRDNEQF,1
TRBV20-1,TRBJ2-1,SASSGLWTSGDNEQF,1
TRBV20-1,TRBJ2-1,SASSGLYFDEQF,1
TRBV20-1,TRBJ2-1,SASSGLYNEQF,18
TRBV20-1,TRBJ2-1,SASSGLYYNEQF,2
TRBV20-1,TRBJ2-1,SASSGMAGVWYNEAF,1
TRBV20-1,TRBJ2-1,SASSGMDEQF,1
TRBV20-1,TRBJ2-1,SASSGMDYNEQF,1
TRBV20-1,TRBJ2-1,SASSGMFGHEQF,1
TRBV20-1,TRBJ2-1,SASSGMFYNEQF,1
TRBV20-1,TRBJ2-1,SASSGMGNEQF,2
TRBV20-1,TRBJ2-1,SASSGMGSYNEQF,20
TRBV20-1,TRBJ2-1,SASSGMGYNEQF,5
TRBV20-1,TRBJ2-1,SASSGMIYNEQF,1
TRBV20-1,TRBJ2-1,SASSGMPGANEQF,1
TRBV20-1,TRBJ2-1,SASSGMRYNEQF,1
TRBV20-1,TRBJ2-1,SASSGMSISYNEQF,1
TRBV20-1,TRBJ2-1,SASSGMSSYNEQF,2
TRBV20-1,TRBJ2-1,SASSGMSYNEQF,2
TRBV20-1,TRBJ2-1,SASSGMTYNEQF,1
TRBV20-1,TRBJ2-1,SASSGMWLADLYEQF,1
TRBV20-1,TRBJ2-1,SASSGMYNEQF,8
TRBV20-1,TRBJ2-1,SASSGNAYNEQF,1
TRBV20-1,TRBJ2-1,SASSGNEQF,59
TRBV20-1,TRBJ2-1,SASSGNFNEQF,1
TRBV20-1,TRBJ2-1,SASSGNFRGNEQF,1
TRBV20-1,TRBJ2-1,SASSGNFYNEQF,1
TRBV20-1,TRBJ2-1,SASSGNGRDEQF,1
TRBV20-1,TRBJ2-1,SASSGNGYNEQF,1
TRBV20-1,TRBJ2-1,SASSGNHNEQF,1
TRBV20-1,TRBJ2-1,SASSGNHNYNEQF,1
TRBV20-1,TRBJ2-1,SASSGNHYNEQF,1
TRBV20-1,TRBJ2-1,SASSGNLGRF,2
TRBV20-1,TRBJ2-1,SASSGNLYNEQF,1
TRBV20-1,TRBJ2-1,SASSGNNEQF,28
TRBV20-1,TRBJ2-1,SASSGNNGQF,1
TRBV20-1,TRBJ2-1,SASSGNNYNEQF,1
TRBV20-1,TRBJ2-1,SASSGNPKNEQF,1
TRBV20-1,TRBJ2-1,SASSGNPNEQF,1
TRBV20-1,TRBJ2-1,SASSGNPQF,2
TRBV20-1,TRBJ2-1,SASSGNPYNEQF,1
TRBV20-1,TRBJ2-1,SASSGNRGNEQF,1
TRBV20-1,TRBJ2-1,SASSGNRGRNEQF,5
TRBV20-1,TRBJ2-1,SASSGNRNEQF,2
TRBV20-1,TRBJ2-1,SASSGNRYNEQF,1
TRBV20-1,TRBJ2-1,SASSGNSEQF,1
TRBV20-1,TRBJ2-1,SASSGNSGRANEQF,1
TRBV20-1,TRBJ2-1,SASSGNSNEQF,2
TRBV20-1,TRBJ2-1,SASSGNSYNEQF,21
TRBV20-1,TRBJ2-1,SASSGNTEQF,1
TRBV20-1,TRBJ2-1,SASSGNTYNEQF,5
TRBV20-1,TRBJ2-1,SASSGNVYNEQF,1
TRBV20-1,TRBJ2-1,SASSGNWIYNEQF,1
TRBV20-1,TRBJ2-1,SASSGNYEQF,1
TRBV20-1,TRBJ2-1,SASSGNYNEQF,29
TRBV20-1,TRBJ2-1,SASSGPAASGEQF,1
TRBV20-1,TRBJ2-1,SASSGPADEQF,1
TRBV20-1,TRBJ2-1,SASSGPAGGPNEQF,1
TRBV20-1,TRBJ2-1,SASSGPAPYNEQF,1
TRBV20-1,TRBJ2-1,SASSGPASGRILDDEQF,1
TRBV20-1,TRBJ2-1,SASSGPATYNEQF,1
TRBV20-1,TRBJ2-1,SASSGPAYNEQF,2
TRBV20-1,TRBJ2-1,SASSGPDEQF,6
TRBV20-1,TRBJ2-1,SASSGPDRAVYNEQF,1
TRBV20-1,TRBJ2-1,SASSGPEQF,1
TRBV20-1,TRBJ2-1,SASSGPFGGNEQF,1
TRBV20-1,TRBJ2-1,SASSGPFNEQF,1
TRBV20-1,TRBJ2-1,SASSGPGADNEQF,1
TRBV20-1,TRBJ2-1,SASSGPGENEQF,1
TRBV20-1,TRBJ2-1,SASSGPGLAGYEQF,1
TRBV20-1,TRBJ2-1,SASSGPGNEQF,6
TRBV20-1,TRBJ2-1,SASSGPGNNEQF,1
TRBV20-1,TRBJ2-1,SASSGPGNYNEQF,1
TRBV20-1,TRBJ2-1,SASSGPGSYNEQF,1
TRBV20-1,TRBJ2-1,SASSGPGVVLNEQF,1
TRBV20-1,TRBJ2-1,SASSGPGWDEQF,1
TRBV20-1,TRBJ2-1,SASSGPGWGVYNEQF,1
TRBV20-1,TRBJ2-1,SASSGPGYNEQF,5
TRBV20-1,TRBJ2-1,SASSGPHAGYEQF,1
TRBV20-1,TRBJ2-1,SASSGPHNEQF,5
TRBV20-1,TRBJ2-1,SASSGPHYNEQF,1
TRBV20-1,TRBJ2-1,SASSGPISYNEQF,1
TRBV20-1,TRBJ2-1,SASSGPIWNNEQF,1
TRBV20-1,TRBJ2-1,SASSGPKGNEQF,1
TRBV20-1,TRBJ2-1,SASSGPKSDEQF,1
TRBV20-1,TRBJ2-1,SASSGPLAGPYNEQF,1
TRBV20-1,TRBJ2-1,SASSGPLGNEQF,1
TRBV20-1,TRBJ2-1,SASSGPLIYNEQF,1
TRBV20-1,TRBJ2-1,SASSGPLNEQF,4
TRBV20-1,TRBJ2-1,SASSGPLYNEQF,5
TRBV20-1,TRBJ2-1,SASSGPLYNEQY,1
TRBV20-1,TRBJ2-1,SASSGPMYNEQF,1
TRBV20-1,TRBJ2-1,SASSGPNEQF,8
TRBV20-1,TRBJ2-1,SASSGPNIYNEQF,1
TRBV20-1,TRBJ2-1,SASSGPNRDEQF,4
TRBV20-1,TRBJ2-1,SASSGPNYNEQF,2
TRBV20-1,TRBJ2-1,SASSGPPAYNEQF,1
TRBV20-1,TRBJ2-1,SASSGPPGNEQF,1
TRBV20-1,TRBJ2-1,SASSGPPKYNEQF,1
TRBV20-1,TRBJ2-1,SASSGPPSSYNEQF,1
TRBV20-1,TRBJ2-1,SASSGPPTPNEQF,1
TRBV20-1,TRBJ2-1,SASSGPPYNEQF,6
TRBV20-1,TRBJ2-1,SASSGPQIHEQF,2
TRBV20-1,TRBJ2-1,SASSGPRGKVGEQF,4
TRBV20-1,TRBJ2-1,SASSGPRGLNEQF,1
TRBV20-1,TRBJ2-1,SASSGPRIHEQF,1
TRBV20-1,TRBJ2-1,SASSGPRYNEQF,2
TRBV20-1,TRBJ2-1,SASSGPSGPQF,5
TRBV20-1,TRBJ2-1,SASSGPSSYNEQF,9
TRBV20-1,TRBJ2-1,SASSGPSYNEQF,18
TRBV20-1,TRBJ2-1,SASSGPTNEQF,4
TRBV20-1,TRBJ2-1,SASSGPTYNEQF,2
TRBV20-1,TRBJ2-1,SASSGPVSYNEQF,5
TRBV20-1,TRBJ2-1,SASSGPVYNEQF,1
TRBV20-1,TRBJ2-1,SASSGPWDEQF,1
TRBV20-1,TRBJ2-1,SASSGPWGNEQF,2
TRBV20-1,TRBJ2-1,SASSGPWGNNEQF,1
TRBV20-1,TRBJ2-1,SASSGPYNEQF,22
TRBV20-1,TRBJ2-1,SASSGPYNNEQF,1
TRBV20-1,TRBJ2-1,SASSGQAGASYNEQF,7
TRBV20-1,TRBJ2-1,SASSGQANSYNEQF,1
TRBV20-1,TRBJ2-1,SASSGQAYNEQF,1
TRBV20-1,TRBJ2-1,SASSGQCYNEQF,1
TRBV20-1,TRBJ2-1,SASSGQDNEQF,1
TRBV20-1,TRBJ2-1,SASSGQEGNEQF,1
TRBV20-1,TRBJ2-1,SASSGQFYNEQF,2
TRBV20-1,TRBJ2-1,SASSGQGAFSRYNEQF,3
TRBV20-1,TRBJ2-1,SASSGQGAFYEQF,1
TRBV20-1,TRBJ2-1,SASSGQGALDEQF,1
TRBV20-1,TRBJ2-1,SASSGQGANNEQF,1
TRBV20-1,TRBJ2-1,SASSGQGAVAGLYNEQF,1
TRBV20-1,TRBJ2-1,SASSGQGAWGGLRWDNEQF,1
TRBV20-1,TRBJ2-1,SASSGQGAYNEQF,4
TRBV20-1,TRBJ2-1,SASSGQGDPYNEQF,1
TRBV20-1,TRBJ2-1,SASSGQGFWNEQF,1
TRBV20-1,TRBJ2-1,SASSGQGFYNEQF,4
TRBV20-1,TRBJ2-1,SASSGQGGNEQF,8
TRBV20-1,TRBJ2-1,SASSGQGGYNEQF,1
TRBV20-1,TRBJ2-1,SASSGQGHNEQF,1
TRBV20-1,TRBJ2-1,SASSGQGINEQF,3
TRBV20-1,TRBJ2-1,SASSGQGKDNEQF,1
TRBV20-1,TRBJ2-1,SASSGQGKVNEQF,1
TRBV20-1,TRBJ2-1,SASSGQGLDNEQF,1
TRBV20-1,TRBJ2-1,SASSGQGLGEQF,8
TRBV20-1,TRBJ2-1,SASSGQGLHNEQF,1
TRBV20-1,TRBJ2-1,SASSGQGLNEQF,1
TRBV20-1,TRBJ2-1,SASSGQGNNEQF,3
TRBV20-1,TRBJ2-1,SASSGQGNSHEQF,1
TRBV20-1,TRBJ2-1,SASSGQGNTYNEQF,4
TRBV20-1,TRBJ2-1,SASSGQGPFNEQF,2
TRBV20-1,TRBJ2-1,SASSGQGPSNEQF,1
TRBV20-1,TRBJ2-1,SASSGQGRDNEQF,1
TRBV20-1,TRBJ2-1,SASSGQGRNNEQF,1
TRBV20-1,TRBJ2-1,SASSGQGRSNEQF,1
TRBV20-1,TRBJ2-1,SASSGQGRVSSYNEQF,1
TRBV20-1,TRBJ2-1,SASSGQGS,1
TRBV20-1,TRBJ2-1,SASSGQGSGVPYNEQF,5
TRBV20-1,TRBJ2-1,SASSGQGSNEQF,1
TRBV20-1,TRBJ2-1,SASSGQGSSYNEQF,1
TRBV20-1,TRBJ2-1,SASSGQGSYNEQF,1
TRBV20-1,TRBJ2-1,SASSGQGTNEQF,2
TRBV20-1,TRBJ2-1,SASSGQGTSYNEQF,1
TRBV20-1,TRBJ2-1,SASSGQGWNEQF,1
TRBV20-1,TRBJ2-1,SASSGQGYHEQF,1
TRBV20-1,TRBJ2-1,SASSGQGYKEQF,2
TRBV20-1,TRBJ2-1,SASSGQGYNAQF,2
TRBV20-1,TRBJ2-1,SASSGQGYNDQF,1
TRBV20-1,TRBJ2-1,SASSGQGYNEHF,2
TRBV20-1,TRBJ2-1,SASSGQGYNELF,1
TRBV20-1,TRBJ2-1,SASSGQGYNEPF,3
TRBV20-1,TRBJ2-1,SASSGQGYNEQF,189
TRBV20-1,TRBJ2-1,SASSGQGYNEQL,2
TRBV20-1,TRBJ2-1,SASSGQGYNGQF,1
TRBV20-1,TRBJ2-1,SASSGQHNEQF,1
TRBV20-1,TRBJ2-1,SASSGQHPYNEQF,1
TRBV20-1,TRBJ2-1,SASSGQIFNEQF,1
TRBV20-1,TRBJ2-1,SASSGQISYNEQF,1
TRBV20-1,TRBJ2-1,SASSGQLAGNEQF,1
TRBV20-1,TRBJ2-1,SASSGQLGDEQF,4
TRBV20-1,TRBJ2-1,SASSGQLINEQF,1
TRBV20-1,TRBJ2-1,SASSGQLSYNEQF,1
TRBV20-1,TRBJ2-1,SASSGQLVNNEQF,1
TRBV20-1,TRBJ2-1,SASSGQNEQF,10
TRBV20-1,TRBJ2-1,SASSGQNNEQF,1
TRBV20-1,TRBJ2-1,SASSGQNYNEQF,3
TRBV20-1,TRBJ2-1,SASSGQPNEQF,1
TRBV20-1,TRBJ2-1,SASSGQPWNEQF,1
TRBV20-1,TRBJ2-1,SASSGQRELDEQF,1
TRBV20-1,TRBJ2-1,SASSGQRNEQF,3
TRBV20-1,TRBJ2-1,SASSGQRSYHEQF,1
TRBV20-1,TRBJ2-1,SASSGQRSYNEQF,9
TRBV20-1,TRBJ2-1,SASSGQRYNEQF,1
TRBV20-1,TRBJ2-1,SASSGQSDEQF,1
TRBV20-1,TRBJ2-1,SASSGQSNEQF,1
TRBV20-1,TRBJ2-1,SASSGQSPGDEQF,1
TRBV20-1,TRBJ2-1,SASSGQSSSYNEQF,1
TRBV20-1,TRBJ2-1,SASSGQSSYNEQF,8
TRBV20-1,TRBJ2-1,SASSGQSYNEQF,3
TRBV20-1,TRBJ2-1,SASSGQTANEQF,1
TRBV20-1,TRBJ2-1,SASSGQTNEQF,1
TRBV20-1,TRBJ2-1,SASSGQTPYNEQF,4
TRBV20-1,TRBJ2-1,SASSGQVGLAGSNNEQF,1
TRBV20-1,TRBJ2-1,SASSGQVLSNEQF,7
TRBV20-1,TRBJ2-1,SASSGQVLYNEQF,1
TRBV20-1,TRBJ2-1,SASSGQVSYNEQF,1
TRBV20-1,TRBJ2-1,SASSGQVYNEQF,4
TRBV20-1,TRBJ2-1,SASSGQWGNEQF,1
TRBV20-1,TRBJ2-1,SASSGQYNEQF,6
TRBV20-1,TRBJ2-1,SASSGRAADNEQF,1
TRBV20-1,TRBJ2-1,SASSGRAAISANEQF,1
TRBV20-1,TRBJ2-1,SASSGRAANEQF,5
TRBV20-1,TRBJ2-1,SASSGRAARSNEQF,1
TRBV20-1,TRBJ2-1,SASSGRAAYEQF,1
TRBV20-1,TRBJ2-1,SASSGRAAYNEQF,6
TRBV20-1,TRBJ2-1,SASSGRADEQF,2
TRBV20-1,TRBJ2-1,SASSGRADNEQF,7
TRBV20-1,TRBJ2-1,SASSGRAEFYNEQF,1
TRBV20-1,TRBJ2-1,SASSGRAELYNEQF,1
TRBV20-1,TRBJ2-1,SASSGRAENEQF,2
TRBV20-1,TRBJ2-1,SASSGRAFDEQF,4
TRBV20-1,TRBJ2-1,SASSGRAFDNEQF,1
TRBV20-1,TRBJ2-1,SASSGRAFGINEQF,1
TRBV20-1,TRBJ2-1,SASSGRAFGNEQF,2
TRBV20-1,TRBJ2-1,SASSGRAFKNEQF,1
TRBV20-1,TRBJ2-1,SASSGRAFNEQF,6
TRBV20-1,TRBJ2-1,SASSGRAFYNEQF,3
TRBV20-1,TRBJ2-1,SASSGRAGDEQF,2
TRBV20-1,TRBJ2-1,SASSGRAGLDEQF,1
TRBV20-1,TRBJ2-1,SASSGRAGLVDNEQF,1
TRBV20-1,TRBJ2-1,SASSGRAGNEHF,1
TRBV20-1,TRBJ2-1,SASSGRAGNEQF,31
TRBV20-1,TRBJ2-1,SASSGRAGNNEQF,1
TRBV20-1,TRBJ2-1,SASSGRAGSGYNEQF,1
TRBV20-1,TRBJ2-1,SASSGRAGTRSDEQF,10
TRBV20-1,TRBJ2-1,SASSGRAGYEQF,1
TRBV20-1,TRBJ2-1,SASSGRAGYNEQF,1
TRBV20-1,TRBJ2-1,SASSGRAHNEQF,5
TRBV20-1,TRBJ2-1,SASSGRAHPNNEQF,1
TRBV20-1,TRBJ2-1,SASSGRAIDEQF,2
TRBV20-1,TRBJ2-1,SASSGRAILNEQF,1
TRBV20-1,TRBJ2-1,SASSGRAINEQF,7
TRBV20-1,TRBJ2-1,SASSGRAIYNEQF,1
TRBV20-1,TRBJ2-1,SASSGRAKNEQF,2
TRBV20-1,TRBJ2-1,SASSGRAKSSYNEQF,2
TRBV20-1,TRBJ2-1,SASSGRALDEQF,3
TRBV20-1,TRBJ2-1,SASSGRALDNEQF,1
TRBV20-1,TRBJ2-1,SASSGRALGEQF,14
TRBV20-1,TRBJ2-1,SASSGRALGNEQF,1
TRBV20-1,TRBJ2-1,SASSGRALGYNEQF,5
TRBV20-1,TRBJ2-1,SASSGRALHEQF,1
TRBV20-1,TRBJ2-1,SASSGRALNEQF,9
TRBV20-1,TRBJ2-1,SASSGRALSYNEQF,3
TRBV20-1,TRBJ2-1,SASSGRALTNEQF,1
TRBV20-1,TRBJ2-1,SASSGRALYEQF,2
TRBV20-1,TRBJ2-1,SASSGRALYNEQF,1
TRBV20-1,TRBJ2-1,SASSGRANEQF,23
TRBV20-1,TRBJ2-1,SASSGRANLLYEQF,1
TRBV20-1,TRBJ2-1,SASSGRANNEQF,2
TRBV20-1,TRBJ2-1,SASSGRAPDNEQF,1
TRBV20-1,TRBJ2-1,SASSGRAPGNEQF,1
TRBV20-1,TRBJ2-1,SASSGRAPPNEQF,1
TRBV20-1,TRBJ2-1,SASSGRAPSNEQF,1
TRBV20-1,TRBJ2-1,SASSGRAPSSNEQF,1
TRBV20-1,TRBJ2-1,SASSGRAPSSYNEQF,2
TRBV20-1,TRBJ2-1,SASSGRAPYEQF,1
TRBV20-1,TRBJ2-1,SASSGRAPYNEQF,8
TRBV20-1,TRBJ2-1,SASSGRAQENEQF,1
TRBV20-1,TRBJ2-1,SASSGRAQINEQF,1
TRBV20-1,TRBJ2-1,SASSGRAQKFNEQF,1
TRBV20-1,TRBJ2-1,SASSGRAQNEQF,2
TRBV20-1,TRBJ2-1,SASSGRAQRLSYNEQF,1
TRBV20-1,TRBJ2-1,SASSGRARDEQF,1
TRBV20-1,TRBJ2-1,SASSGRARDNEQF,1
TRBV20-1,TRBJ2-1,SASSGRAREQF,2
TRBV20-1,TRBJ2-1,SASSGRARGNEQF,1
TRBV20-1,TRBJ2-1,SASSGRARHEQF,3
TRBV20-1,TRBJ2-1,SASSGRARNEQF,8
TRBV20-1,TRBJ2-1,SASSGRARREQF,5
TRBV20-1,TRBJ2-1,SASSGRARYNEQF,1
TRBV20-1,TRBJ2-1,SASSGRASGEQF,7
TRBV20-1,TRBJ2-1,SASSGRASHEQF,1
TRBV20-1,TRBJ2-1,SASSGRASLRNEQF,3
TRBV20-1,TRBJ2-1,SASSGRASNEQF,15
TRBV20-1,TRBJ2-1,SASSGRASPTYNEQF,1
TRBV20-1,TRBJ2-1,SASSGRASREQF,2
TRBV20-1,TRBJ2-1,SASSGRASSEQF,2
TRBV20-1,TRBJ2-1,SASSGRASSLDEQF,4
TRBV20-1,TRBJ2-1,SASSGRASSYNEQF,2
TRBV20-1,TRBJ2-1,SASSGRASYNEQF,23
TRBV20-1,TRBJ2-1,SASSGRATNEQF,7
TRBV20-1,TRBJ2-1,SASSGRATRNEQF,1
TRBV20-1,TRBJ2-1,SASSGRATRYNEQF,1
TRBV20-1,TRBJ2-1,SASSGRAVAYNEQF,1
TRBV20-1,TRBJ2-1,SASSGRAVDEQF,2
TRBV20-1,TRBJ2-1,SASSGRAVFYNEQF,1
TRBV20-1,TRBJ2-1,SASSGRAVNEQF,6
TRBV20-1,TRBJ2-1,SASSGRAVYEQF,1
TRBV20-1,TRBJ2-1,SASSGRAVYNEQF,2
TRBV20-1,TRBJ2-1,SASSGRAWEQF,9
TRBV20-1,TRBJ2-1,SASSGRAWGRDNEQF,1
TRBV20-1,TRBJ2-1,SASSGRAWNEQF,1
TRBV20-1,TRBJ2-1,SASSGRAWSNEQF,1
TRBV20-1,TRBJ2-1,SASSGRAWSYNEQF,1
TRBV20-1,TRBJ2-1,SASSGRAWYNEQF,1
TRBV20-1,TRBJ2-1,SASSGRAYDEQF,1
TRBV20-1,TRBJ2-1,SASSGRAYLYNEQF,5
TRBV20-1,TRBJ2-1,SASSGRAYNEQF,51
TRBV20-1,TRBJ2-1,SASSGRAYSEQF,8
TRBV20-1,TRBJ2-1,SASSGRAYTEQC,1
TRBV20-1,TRBJ2-1,SASSGRDEIYNEQF,4
TRBV20-1,TRBJ2-1,SASSGRDENEQF,1
TRBV20-1,TRBJ2-1,SASSGRDEQF,7
TRBV20-1,TRBJ2-1,SASSGRDFSYNEQF,1
TRBV20-1,TRBJ2-1,SASSGRDGNEQF,1
TRBV20-1,TRBJ2-1,SASSGRDHNAQF,1
TRBV20-1,TRBJ2-1,SASSGRDHNEQF,6
TRBV20-1,TRBJ2-1,SASSGRDISNEQF,1
TRBV20-1,TRBJ2-1,SASSGRDLHEQF,3
TRBV20-1,TRBJ2-1,SASSGRDLNEQF,14
TRBV20-1,TRBJ2-1,SASSGRDLYNEQF,1
TRBV20-1,TRBJ2-1,SASSGRDMYNEQF,5
TRBV20-1,TRBJ2-1,SASSGRDNEQF,5
TRBV20-1,TRBJ2-1,SASSGRDNNEQF,1
TRBV20-1,TRBJ2-1,SASSGRDNSYNEQF,1
TRBV20-1,TRBJ2-1,SASSGRDPNEQF,8
TRBV20-1,TRBJ2-1,SASSGRDPYNEQF,2
TRBV20-1,TRBJ2-1,SASSGRDSRNEQF,1
TRBV20-1,TRBJ2-1,SASSGRDSYNEQF,1
TRBV20-1,TRBJ2-1,SASSGRDYNEQF,26
TRBV20-1,TRBJ2-1,SASSGREEDGDEQF,6
TRBV20-1,TRBJ2-1,SASSGREGLGNEQF,1
TRBV20-1,TRBJ2-1,SASSGREGNEQF,1
TRBV20-1,TRBJ2-1,SASSGREGRYEQF,1
TRBV20-1,TRBJ2-1,SASSGREIDELF,1
TRBV20-1,TRBJ2-1,SASSGREIDEQF,1
TRBV20-1,TRBJ2-1,SASSGREIYNEQF,1
TRBV20-1,TRBJ2-1,SASSGRELNEQF,1
TRBV20-1,TRBJ2-1,SASSGRELPNEQF,1
TRBV20-1,TRBJ2-1,SASSGRENEQF,2
TRBV20-1,TRBJ2-1,SASSGRENNEQF,1
TRBV20-1,TRBJ2-1,SASSGRENYNEQF,1
TRBV20-1,TRBJ2-1,SASSGREQF,3
TRBV20-1,TRBJ2-1,SASSGRERNEQF,1
TRBV20-1,TRBJ2-1,SASSGRETINEQF,1
TRBV20-1,TRBJ2-1,SASSGREVAYNEQF,1
TRBV20-1,TRBJ2-1,SASSGREVNNEQF,1
TRBV20-1,TRBJ2-1,SASSGREYNEQF,2
TRBV20-1,TRBJ2-1,SASSGREYSYNEQF,1
TRBV20-1,TRBJ2-1,SASSGRFGDEQF,1
TRBV20-1,TRBJ2-1,SASSGRFNEQF,4
TRBV20-1,TRBJ2-1,SASSGRFRDEQF,1
TRBV20-1,TRBJ2-1,SASSGRFSNEQF,2
TRBV20-1,TRBJ2-1,SASSGRFSYNEQF,1
TRBV20-1,TRBJ2-1,SASSGRFYEQF,2
TRBV20-1,TRBJ2-1,SASSGRFYNEQF,2
TRBV20-1,TRBJ2-1,SASSGRGANEQF,3
TRBV20-1,TRBJ2-1,SASSGRGARNEQF,1
TRBV20-1,TRBJ2-1,SASSGRGAYNEQF,6
TRBV20-1,TRBJ2-1,SASSGRGDEQF,10
TRBV20-1,TRBJ2-1,SASSGRGDNEQF,2
TRBV20-1,TRBJ2-1,SASSGRGENEQF,1
TRBV20-1,TRBJ2-1,SASSGRGEQF,4
TRBV20-1,TRBJ2-1,SASSGRGFNEQF,1
TRBV20-1,TRBJ2-1,SASSGRGGDEQF,1
TRBV20-1,TRBJ2-1,SASSGRGGEQF,1
TRBV20-1,TRBJ2-1,SASSGRGGNEQF,9
TRBV20-1,TRBJ2-1,SASSGRGGRSSYNEQF,1
TRBV20-1,TRBJ2-1,SASSGRGGRSYNEQF,1
TRBV20-1,TRBJ2-1,SASSGRGGTVFNEQF,1
TRBV20-1,TRBJ2-1,SASSGRGGYEQF,1
TRBV20-1,TRBJ2-1,SASSGRGGYNEQF,2
TRBV20-1,TRBJ2-1,SASSGRGINEKF,1
TRBV20-1,TRBJ2-1,SASSGRGINEQF,3
TRBV20-1,TRBJ2-1,SASSGRGKGDEQF,2
TRBV20-1,TRBJ2-1,SASSGRGLDEQF,1
TRBV20-1,TRBJ2-1,SASSGRGLHNEQF,1
TRBV20-1,TRBJ2-1,SASSGRGLLRNEQF,1
TRBV20-1,TRBJ2-1,SASSGRGLNEQF,1
TRBV20-1,TRBJ2-1,SASSGRGMNEQF,1
TRBV20-1,TRBJ2-1,SASSGRGNEQF,22
TRBV20-1,TRBJ2-1,SASSGRGNNEQF,3
TRBV20-1,TRBJ2-1,SASSGRGNYNEQF,3
TRBV20-1,TRBJ2-1,SASSGRGPEAYNEQF,1
TRBV20-1,TRBJ2-1,SASSGRGPNEQF,1
TRBV20-1,TRBJ2-1,SASSGRGPYNEQF,4
TRBV20-1,TRBJ2-1,SASSGRGQF,4
TRBV20-1,TRBJ2-1,SASSGRGRAYNEQF,1
TRBV20-1,TRBJ2-1,SASSGRGRLEHNEQF,1
TRBV20-1,TRBJ2-1,SASSGRGRNNEQF,3
TRBV20-1,TRBJ2-1,SASSGRGSNEQF,3
TRBV20-1,TRBJ2-1,SASSGRGSRNEQF,1
TRBV20-1,TRBJ2-1,SASSGRGSSYNEQF,1
TRBV20-1,TRBJ2-1,SASSGRGSWDEQF,1
TRBV20-1,TRBJ2-1,SASSGRGSYNEQF,6
TRBV20-1,TRBJ2-1,SASSGRGTGDEQF,1
TRBV20-1,TRBJ2-1,SASSGRGTYNEQF,5
TRBV20-1,TRBJ2-1,SASSGRGVAEQF,1
TRBV20-1,TRBJ2-1,SASSGRGVDEQF,10
TRBV20-1,TRBJ2-1,SASSGRGVNEQF,1
TRBV20-1,TRBJ2-1,SASSGRGVNNEQF,1
TRBV20-1,TRBJ2-1,SASSGRGVQRYEQF,1
TRBV20-1,TRBJ2-1,SASSGRGVYNEQF,4
TRBV20-1,TRBJ2-1,SASSGRGWNEQF,1
TRBV20-1,TRBJ2-1,SASSGRGYEQF,3
TRBV20-1,TRBJ2-1,SASSGRGYNEHF,1
TRBV20-1,TRBJ2-1,SASSGRGYNEQF,45
TRBV20-1,TRBJ2-1,SASSGRGYSEQF,1
TRBV20-1,TRBJ2-1,SASSGRHEQF,1
TRBV20-1,TRBJ2-1,SASSGRHNEQF,1
TRBV20-1,TRBJ2-1,SASSGRHPNEQF,1
TRBV20-1,TRBJ2-1,SASSGRIDNEQF,1
TRBV20-1,TRBJ2-1,SASSGRIHNEQF,1
TRBV20-1,TRBJ2-1,SASSGRILYNEQF,1
TRBV20-1,TRBJ2-1,SASSGRINEQF,2
TRBV20-1,TRBJ2-1,SASSGRINNEQF,1
TRBV20-1,TRBJ2-1,SASSGRIRAFYNEQF,1
TRBV20-1,TRBJ2-1,SASSGRIRNEQF,4
TRBV20-1,TRBJ2-1,SASSGRISYNEQF,2
TRBV20-1,TRBJ2-1,SASSGRIYEQF,1
TRBV20-1,TRBJ2-1,SASSGRIYNEQF,4
TRBV20-1,TRBJ2-1,SASSGRKDNEQF,1
TRBV20-1,TRBJ2-1,SASSGRKGNEQF,3
TRBV20-1,TRBJ2-1,SASSGRKGYNEQF,1
TRBV20-1,TRBJ2-1,SASSGRKSNEQF,3
TRBV20-1,TRBJ2-1,SASSGRKYNEQF,2
TRBV20-1,TRBJ2-1,SASSGRLAGGYNEQF,1
TRBV20-1,TRBJ2-1,SASSGRLAGVNEQF,1
TRBV20-1,TRBJ2-1,SASSGRLAGYNEQF,1
TRBV20-1,TRBJ2-1,SASSGRLANEQF,1
TRBV20-1,TRBJ2-1,SASSGRLDEQF,2
TRBV20-1,TRBJ2-1,SASSGRLDNEQF,1
TRBV20-1,TRBJ2-1,SASSGRLDYNEQF,1
TRBV20-1,TRBJ2-1,SASSGRLGNEQF,3
TRBV20-1,TRBJ2-1,SASSGRLIYNEQF,1
TRBV20-1,TRBJ2-1,SASSGRLLNNEQF,1
TRBV20-1,TRBJ2-1,SASSGRLNEQF,2
TRBV20-1,TRBJ2-1,SASSGRLPYNEQF,2
TRBV20-1,TRBJ2-1,SASSGRLSNEQF,2
TRBV20-1,TRBJ2-1,SASSGRLWNEQF,1
TRBV20-1,TRBJ2-1,SASSGRLYEQF,2
TRBV20-1,TRBJ2-1,SASSGRLYNEQF,4
TRBV20-1,TRBJ2-1,SASSGRMLDEQF,4
TRBV20-1,TRBJ2-1,SASSGRMNEQF,1
TRBV20-1,TRBJ2-1,SASSGRMSRNEQF,1
TRBV20-1,TRBJ2-1,SASSGRMSSYNEQF,1
TRBV20-1,TRBJ2-1,SASSGRNEQF,14
TRBV20-1,TRBJ2-1,SASSGRNLNEQF,1
TRBV20-1,TRBJ2-1,SASSGRNNEQF,3
TRBV20-1,TRBJ2-1,SASSGRNNNEQF,1
TRBV20-1,TRBJ2-1,SASSGRNSNEQF,1
TRBV20-1,TRBJ2-1,SASSGRNSYNEQF,3
TRBV20-1,TRBJ2-1,SASSGRNTEAYNEQF,2
TRBV20-1,TRBJ2-1,SASSGRNYNEQF,2
TRBV20-1,TRBJ2-1,SASSGRPGDEQF,3
TRBV20-1,TRBJ2-1,SASSGRPGYNEQF,1
TRBV20-1,TRBJ2-1,SASSGRPHNEQF,2
TRBV20-1,TRBJ2-1,SASSGRPLGNEQF,1
TRBV20-1,TRBJ2-1,SASSGRPLPPTDNEQF,1
TRBV20-1,TRBJ2-1,SASSGRPLYNEQF,1
TRBV20-1,TRBJ2-1,SASSGRPNEQF,4
TRBV20-1,TRBJ2-1,SASSGRPPNEQF,1
TRBV20-1,TRBJ2-1,SASSGRPSYNEQF,1
TRBV20-1,TRBJ2-1,SASSGRPYEQF,1
TRBV20-1,TRBJ2-1,SASSGRPYNEQF,5
TRBV20-1,TRBJ2-1,SASSGRQDNEQF,1
TRBV20-1,TRBJ2-1,SASSGRQGYNEQF,1
TRBV20-1,TRBJ2-1,SASSGRQNEQF,1
TRBV20-1,TRBJ2-1,SASSGRQSYNEQF,1
TRBV20-1,TRBJ2-1,SASSGRRAYNEQF,4
TRBV20-1,TRBJ2-1,SASSGRRDEQF,6
TRBV20-1,TRBJ2-1,SASSGRRDNEQF,1
TRBV20-1,TRBJ2-1,SASSGRRENEQF,1
TRBV20-1,TRBJ2-1,SASSGRRFDEQF,1
TRBV20-1,TRBJ2-1,SASSGRRGKVGEQF,1
TRBV20-1,TRBJ2-1,SASSGRRGNEQF,2
TRBV20-1,TRBJ2-1,SASSGRRIYNEQF,1
TRBV20-1,TRBJ2-1,SASSGRRNEQF,4
TRBV20-1,TRBJ2-1,SASSGRRNNEQF,1
TRBV20-1,TRBJ2-1,SASSGRRRNEQF,1
TRBV20-1,TRBJ2-1,SASSGRRSDEQF,1
TRBV20-1,TRBJ2-1,SASSGRRSYNEQF,4
TRBV20-1,TRBJ2-1,SASSGRRVDEQF,1
TRBV20-1,TRBJ2-1,SASSGRRVGNEQF,1
TRBV20-1,TRBJ2-1,SASSGRRVNEQF,1
TRBV20-1,TRBJ2-1,SASSGRRYEQF,1
TRBV20-1,TRBJ2-1,SASSGRRYNEQF,14
TRBV20-1,TRBJ2-1,SASSGRSANEQF,1
TRBV20-1,TRBJ2-1,SASSGRSAYNEQF,2
TRBV20-1,TRBJ2-1,SASSGRSDVNEQF,1
TRBV20-1,TRBJ2-1,SASSGRSGDEQF,2
TRBV20-1,TRBJ2-1,SASSGRSGNEQF,1
TRBV20-1,TRBJ2-1,SASSGRSGSRDEQF,1
TRBV20-1,TRBJ2-1,SASSGRSLTYEQF,4
TRBV20-1,TRBJ2-1,SASSGRSLVDEQF,1
TRBV20-1,TRBJ2-1,SASSGRSNEQF,3
TRBV20-1,TRBJ2-1,SASSGRSNNEQF,2
TRBV20-1,TRBJ2-1,SASSGRSPYNEQF,1
TRBV20-1,TRBJ2-1,SASSGRSPYSYNEQF,1
TRBV20-1,TRBJ2-1,SASSGRSSNEQF,4
TRBV20-1,TRBJ2-1,SASSGRSSRNEQF,1
TRBV20-1,TRBJ2-1,SASSGRSSSYNEQF,9
TRBV20-1,TRBJ2-1,SASSGRSSSYNGQF,1
TRBV20-1,TRBJ2-1,SASSGRSSYNEQF,12
TRBV20-1,TRBJ2-1,SASSGRSTYNEQF,2
TRBV20-1,TRBJ2-1,SASSGRSYEQF,1
TRBV20-1,TRBJ2-1,SASSGRSYNEQF,28
TRBV20-1,TRBJ2-1,SASSGRTASYNEQF,1
TRBV20-1,TRBJ2-1,SASSGRTGDEQF,1
TRBV20-1,TRBJ2-1,SASSGRTHEQF,1
TRBV20-1,TRBJ2-1,SASSGRTHYNEQF,1
TRBV20-1,TRBJ2-1,SASSGRTNEQF,4
TRBV20-1,TRBJ2-1,SASSGRTNNEQF,5
TRBV20-1,TRBJ2-1,SASSGRTPISYNEQF,1
TRBV20-1,TRBJ2-1,SASSGRTRAYNEQF,1
TRBV20-1,TRBJ2-1,SASSGRTRRYNEQF,1
TRBV20-1,TRBJ2-1,SASSGRTSGDNEQF,1
TRBV20-1,TRBJ2-1,SASSGRTSGNEQF,1
TRBV20-1,TRBJ2-1,SASSGRTSNEQF,1
TRBV20-1,TRBJ2-1,SASSGRTSYNEQF,2
TRBV20-1,TRBJ2-1,SASSGRTTAYNEQF,1
TRBV20-1,TRBJ2-1,SASSGRTVYEQF,1
TRBV20-1,TRBJ2-1,SASSGRTYNDQF,1
TRBV20-1,TRBJ2-1,SASSGRTYNEQF,37
TRBV20-1,TRBJ2-1,SASSGRTYNERF,1
TRBV20-1,TRBJ2-1,SASSGRVADNEQF,1
TRBV20-1,TRBJ2-1,SASSGRVAGHEQF,1
TRBV20-1,TRBJ2-1,SASSGRVAYNEQF,1
TRBV20-1,TRBJ2-1,SASSGRVDEQF,1
TRBV20-1,TRBJ2-1,SASSGRVDNEQF,10
TRBV20-1,TRBJ2-1,SASSGRVENEQF,1
TRBV20-1,TRBJ2-1,SASSGRVFDEQF,4
TRBV20-1,TRBJ2-1,SASSGRVGDEQF,1
TRBV20-1,TRBJ2-1,SASSGRVGNEQF,5
TRBV20-1,TRBJ2-1,SASSGRVIPWGYNEQF,1
TRBV20-1,TRBJ2-1,SASSGRVIYNEQF,1
TRBV20-1,TRBJ2-1,SASSGRVKYEQF,1
TRBV20-1,TRBJ2-1,SASSGRVLFNEQF,7
TRBV20-1,TRBJ2-1,SASSGRVLNEQF,1
TRBV20-1,TRBJ2-1,SASSGRVLTYNEQF,1
TRBV20-1,TRBJ2-1,SASSGRVNEQF,6
TRBV20-1,TRBJ2-1,SASSGRVNNEQF,3
TRBV20-1,TRBJ2-1,SASSGRVPLRYNEQF,1
TRBV20-1,TRBJ2-1,SASSGRVPNEQF,1
TRBV20-1,TRBJ2-1,SASSGRVPRTGDNEQF,1
TRBV20-1,TRBJ2-1,SASSGRVRGHEQF,1
TRBV20-1,TRBJ2-1,SASSGRVRNEQF,1
TRBV20-1,TRBJ2-1,SASSGRVSNEQF,1
TRBV20-1,TRBJ2-1,SASSGRVSSYNEQF,1
TRBV20-1,TRBJ2-1,SASSGRVSYNEQF,7
TRBV20-1,TRBJ2-1,SASSGRVVDEQF,1
TRBV20-1,TRBJ2-1,SASSGRVVNEQF,2
TRBV20-1,TRBJ2-1,SASSGRVYNEQF,7
TRBV20-1,TRBJ2-1,SASSGRVYSYNEQF,1
TRBV20-1,TRBJ2-1,SASSGRWDEQF,1
TRBV20-1,TRBJ2-1,SASSGRWGNEQF,1
TRBV20-1,TRBJ2-1,SASSGRWNEQF,3
TRBV20-1,TRBJ2-1,SASSGRWPNEQF,1
TRBV20-1,TRBJ2-1,SASSGRWRDEQF,1
TRBV20-1,TRBJ2-1,SASSGRWRNEQF,1
TRBV20-1,TRBJ2-1,SASSGRWSYNEQF,1
TRBV20-1,TRBJ2-1,SASSGRWYNEQF,1
TRBV20-1,TRBJ2-1,SASSGRYLDEQF,1
TRBV20-1,TRBJ2-1,SASSGRYNEQF,9
TRBV20-1,TRBJ2-1,SASSGRYRNEQF,1
TRBV20-1,TRBJ2-1,SASSGRYSYNEQF,1
TRBV20-1,TRBJ2-1,SASSGRYYNEQF,1
TRBV20-1,TRBJ2-1,SASSGSADNEQF,1
TRBV20-1,TRBJ2-1,SASSGSAGSYNEQF,1
TRBV20-1,TRBJ2-1,SASSGSAHGNEQF,1
TRBV20-1,TRBJ2-1,SASSGSALFGNEQF,1
TRBV20-1,TRBJ2-1,SASSGSANEQF,4
TRBV20-1,TRBJ2-1,SASSGSANNEQF,1
TRBV20-1,TRBJ2-1,SASSGSAWNEQF,1
TRBV20-1,TRBJ2-1,SASSGSAYNEQF,23
TRBV20-1,TRBJ2-1,SASSGSDEQF,5
TRBV20-1,TRBJ2-1,SASSGSDNEQF,2
TRBV20-1,TRBJ2-1,SASSGSDPNEQF,1
TRBV20-1,TRBJ2-1,SASSGSDPYNEQF,1
TRBV20-1,TRBJ2-1,SASSGSDSSYNEQF,1
TRBV20-1,TRBJ2-1,SASSGSDSYNEQF,28
TRBV20-1,TRBJ2-1,SASSGSDSYNEQS,1
TRBV20-1,TRBJ2-1,SASSGSDSYNEQY,2
TRBV20-1,TRBJ2-1,SASSGSDSYNERF,2
TRBV20-1,TRBJ2-1,SASSGSDSYTRQC,1
TRBV20-1,TRBJ2-1,SASSGSDYNEQF,1
TRBV20-1,TRBJ2-1,SASSGSDYYNEQF,1
TRBV20-1,TRBJ2-1,SASSGSEALYNEQF,1
TRBV20-1,TRBJ2-1,SASSGSEFYNEQF,1
TRBV20-1,TRBJ2-1,SASSGSEGNEQF,1
TRBV20-1,TRBJ2-1,SASSGSEGSYNEQF,2
TRBV20-1,TRBJ2-1,SASSGSEHEQF,1
TRBV20-1,TRBJ2-1,SASSGSELYNEQF,1
TRBV20-1,TRBJ2-1,SASSGSEYNEQF,7
TRBV20-1,TRBJ2-1,SASSGSEYYNEQF,1
TRBV20-1,TRBJ2-1,SASSGSFADEQF,3
TRBV20-1,TRBJ2-1,SASSGSFDEQF,1
TRBV20-1,TRBJ2-1,SASSGSFDNEQF,2
TRBV20-1,TRBJ2-1,SASSGSFNEQF,7
TRBV20-1,TRBJ2-1,SASSGSFSNEQF,3
TRBV20-1,TRBJ2-1,SASSGSFYEQF,2
TRBV20-1,TRBJ2-1,SASSGSFYNEQF,33
TRBV20-1,TRBJ2-1,SASSGSGDEQF,2
TRBV20-1,TRBJ2-1,SASSGSGDYNEQF,1
TRBV20-1,TRBJ2-1,SASSGSGEQF,2
TRBV20-1,TRBJ2-1,SASSGSGESYNEQF,1
TRBV20-1,TRBJ2-1,SASSGSGFGNEQF,2
TRBV20-1,TRBJ2-1,SASSGSGGLNEQF,1
TRBV20-1,TRBJ2-1,SASSGSGGNEQF,1
TRBV20-1,TRBJ2-1,SASSGSGGNNEQF,2
TRBV20-1,TRBJ2-1,SASSGSGGYNEQF,3
TRBV20-1,TRBJ2-1,SASSGSGHNEQF,1
TRBV20-1,TRBJ2-1,SASSGSGINNEQF,1
TRBV20-1,TRBJ2-1,SASSGSGKYNEQF,1
TRBV20-1,TRBJ2-1,SASSGSGLDEQF,4
TRBV20-1,TRBJ2-1,SASSGSGLGLQNEQF,1
TRBV20-1,TRBJ2-1,SASSGSGLNEQF,1
TRBV20-1,TRBJ2-1,SASSGSGLRRLRNEQF,15
TRBV20-1,TRBJ2-1,SASSGSGLRRLRNERF,1
TRBV20-1,TRBJ2-1,SASSGSGNEQF,6
TRBV20-1,TRBJ2-1,SASSGSGNNEQF,2
TRBV20-1,TRBJ2-1,SASSGSGNSYNEQF,1
TRBV20-1,TRBJ2-1,SASSGSGRAGYNEQF,1
TRBV20-1,TRBJ2-1,SASSGSGRAPEQF,3
TRBV20-1,TRBJ2-1,SASSGSGRAYNEQF,1
TRBV20-1,TRBJ2-1,SASSGSGRGYNEQF,1
TRBV20-1,TRBJ2-1,SASSGSGRNNEQF,1
TRBV20-1,TRBJ2-1,SASSGSGRRDNEQF,1
TRBV20-1,TRBJ2-1,SASSGSGRSNNEQF,1
TRBV20-1,TRBJ2-1,SASSGSGRWNEQF,1
TRBV20-1,TRBJ2-1,SASSGSGSIGGNEQF,1
TRBV20-1,TRBJ2-1,SASSGSGSNEQF,1
TRBV20-1,TRBJ2-1,SASSGSGSSYNEQF,2
TRBV20-1,TRBJ2-1,SASSGSGSWSYNEQF,1
TRBV20-1,TRBJ2-1,SASSGSGSYNEQF,9
TRBV20-1,TRBJ2-1,SASSGSGSYNGQF,1
TRBV20-1,TRBJ2-1,SASSGSGTNEQF,1
TRBV20-1,TRBJ2-1,SASSGSGTSSYNEQF,1
TRBV20-1,TRBJ2-1,SASSGSGTSYNEQF,1
TRBV20-1,TRBJ2-1,SASSGSGTYNEQF,1
TRBV20-1,TRBJ2-1,SASSGSGVYNEQF,5
TRBV20-1,TRBJ2-1,SASSGSGYEQF,1
TRBV20-1,TRBJ2-1,SASSGSGYNEQF,35
TRBV20-1,TRBJ2-1,SASSGSGYRNEQF,1
TRBV20-1,TRBJ2-1,SASSGSGYYNEQF,1
TRBV20-1,TRBJ2-1,SASSGSHEQF,1
TRBV20-1,TRBJ2-1,SASSGSHHDEQF,1
TRBV20-1,TRBJ2-1,SASSGSHNEQF,16
TRBV20-1,TRBJ2-1,SASSGSHSYNEQF,1
TRBV20-1,TRBJ2-1,SASSGSHYNEQF,5
TRBV20-1,TRBJ2-1,SASSGSIDEQF,5
TRBV20-1,TRBJ2-1,SASSGSIDNEQF,2
TRBV20-1,TRBJ2-1,SASSGSIEQF,3
TRBV20-1,TRBJ2-1,SASSGSIGEQF,5
TRBV20-1,TRBJ2-1,SASSGSILSSYNEQF,1
TRBV20-1,TRBJ2-1,SASSGSINEQF,4
TRBV20-1,TRBJ2-1,SASSGSIYDEQF,1
TRBV20-1,TRBJ2-1,SASSGSIYEQF,3
TRBV20-1,TRBJ2-1,SASSGSIYNEQF,2
TRBV20-1,TRBJ2-1,SASSGSKDNEQF,1
TRBV20-1,TRBJ2-1,SASSGSKGNEQF,3
TRBV20-1,TRBJ2-1,SASSGSKIDNEQF,3
TRBV20-1,TRBJ2-1,SASSGSKRYNEQF,1
TRBV20-1,TRBJ2-1,SASSGSLDEQF,4
TRBV20-1,TRBJ2-1,SASSGSLDYNEQF,1
TRBV20-1,TRBJ2-1,SASSGSLF,1
TRBV20-1,TRBJ2-1,SASSGSLGDEQF,5
TRBV20-1,TRBJ2-1,SASSGSLGEKF,1
TRBV20-1,TRBJ2-1,SASSGSLGNEQF,1
TRBV20-1,TRBJ2-1,SASSGSLGYNEQF,2
TRBV20-1,TRBJ2-1,SASSGSLHEQF,1
TRBV20-1,TRBJ2-1,SASSGSLHYNEQF,2
TRBV20-1,TRBJ2-1,SASSGSLKNEQF,1
TRBV20-1,TRBJ2-1,SASSGSLKTNEQF,3
TRBV20-1,TRBJ2-1,SASSGSLLNEQF,1
TRBV20-1,TRBJ2-1,SASSGSLNEQF,8
TRBV20-1,TRBJ2-1,SASSGSLPSYNEQF,1
TRBV20-1,TRBJ2-1,SASSGSLRGNEQF,1
TRBV20-1,TRBJ2-1,SASSGSLSYNEQF,2
TRBV20-1,TRBJ2-1,SASSGSLVFNEQF,1
TRBV20-1,TRBJ2-1,SASSGSLYEQF,2
TRBV20-1,TRBJ2-1,SASSGSLYNEQF,5
TRBV20-1,TRBJ2-1,SASSGSMTYNEQF,1
TRBV20-1,TRBJ2-1,SASSGSNDEQF,1
TRBV20-1,TRBJ2-1,SASSGSNDNEQF,1
TRBV20-1,TRBJ2-1,SASSGSNEQF,28
TRBV20-1,TRBJ2-1,SASSGSNLNEQF,1
TRBV20-1,TRBJ2-1,SASSGSNNEQF,5
TRBV20-1,TRBJ2-1,SASSGSNRNEQF,1
TRBV20-1,TRBJ2-1,SASSGSNSYEQF,1
TRBV20-1,TRBJ2-1,SASSGSNSYNEQF,2
TRBV20-1,TRBJ2-1,SASSGSNYNEQF,4
TRBV20-1,TRBJ2-1,SASSGSPDEQF,1
TRBV20-1,TRBJ2-1,SASSGSPGDEQF,1
TRBV20-1,TRBJ2-1,SASSGSPHNEQF,1
TRBV20-1,TRBJ2-1,SASSGSPINEQF,1
TRBV20-1,TRBJ2-1,SASSGSPLNEQF,2
TRBV20-1,TRBJ2-1,SASSGSPLSNEQF,1
TRBV20-1,TRBJ2-1,SASSGSPLSYNEQF,1
TRBV20-1,TRBJ2-1,SASSGSPNNEQF,2
TRBV20-1,TRBJ2-1,SASSGSPNSYNEQF,1
TRBV20-1,TRBJ2-1,SASSGSPPHEQF,1
TRBV20-1,TRBJ2-1,SASSGSPPYNEQF,1
TRBV20-1,TRBJ2-1,SASSGSPREQF,3
TRBV20-1,TRBJ2-1,SASSGSPSSYNEQF,6
TRBV20-1,TRBJ2-1,SASSGSPSYNEQF,1
TRBV20-1,TRBJ2-1,SASSGSPTYNEQF,1
TRBV20-1,TRBJ2-1,SASSGSPVNEQF,1
TRBV20-1,TRBJ2-1,SASSGSPYEQF,1
TRBV20-1,TRBJ2-1,SASSGSPYNEQF,14
TRBV20-1,TRBJ2-1,SASSGSQAYNEQF,1
TRBV20-1,TRBJ2-1,SASSGSQDEQF,1
TRBV20-1,TRBJ2-1,SASSGSQGNEQF,1
TRBV20-1,TRBJ2-1,SASSGSQSYNEQF,1
TRBV20-1,TRBJ2-1,SASSGSRCNEQF,1
TRBV20-1,TRBJ2-1,SASSGSRGNNEQF,1
TRBV20-1,TRBJ2-1,SASSGSRIGNEQF,1
TRBV20-1,TRBJ2-1,SASSGSRLDEQF,3
TRBV20-1,TRBJ2-1,SASSGSRLDNEQF,1
TRBV20-1,TRBJ2-1,SASSGSRNEQC,1
TRBV20-1,TRBJ2-1,SASSGSRNEQF,10
TRBV20-1,TRBJ2-1,SASSGSRNNEQF,1
TRBV20-1,TRBJ2-1,SASSGSRPYNEQF,4
TRBV20-1,TRBJ2-1,SASSGSRSNEQF,6
TRBV20-1,TRBJ2-1,SASSGSRTYNEQF,3
TRBV20-1,TRBJ2-1,SASSGSRVGEQF,1
TRBV20-1,TRBJ2-1,SASSGSRVRNEQF,1
TRBV20-1,TRBJ2-1,SASSGSRYNEQF,8
TRBV20-1,TRBJ2-1,SASSGSSCNEQF,1
TRBV20-1,TRBJ2-1,SASSGSSDYEQF,1
TRBV20-1,TRBJ2-1,SASSGSSFDNEQF,1
TRBV20-1,TRBJ2-1,SASSGSSGNEQF,1
TRBV20-1,TRBJ2-1,SASSGSSGYNEQF,1
TRBV20-1,TRBJ2-1,SASSGSSLYNEQF,1
TRBV20-1,TRBJ2-1,SASSGSSNEQF,2
TRBV20-1,TRBJ2-1,SASSGSSPYNEQF,2
TRBV20-1,TRBJ2-1,SASSGSSPYVNEQF,1
TRBV20-1,TRBJ2-1,SASSGSSSNEQF,1
TRBV20-1,TRBJ2-1,SASSGSSSYNEQF,10
TRBV20-1,TRBJ2-1,SASSGSSTYNEQF,1
TRBV20-1,TRBJ2-1,SASSGSSVNEQF,1
TRBV20-1,TRBJ2-1,SASSGSSYEQF,2
TRBV20-1,TRBJ2-1,SASSGSSYHEQF,1
TRBV20-1,TRBJ2-1,SASSGSSYNCQF,1
TRBV20-1,TRBJ2-1,SASSGSSYNEQF,227
TRBV20-1,TRBJ2-1,SASSGSSYNEQL,1
TRBV20-1,TRBJ2-1,SASSGSTANEQF,1
TRBV20-1,TRBJ2-1,SASSGSTGHEQF,1
TRBV20-1,TRBJ2-1,SASSGSTGNEQF,2
TRBV20-1,TRBJ2-1,SASSGSTNEQF,6
TRBV20-1,TRBJ2-1,SASSGSTNNEQF,6
TRBV20-1,TRBJ2-1,SASSGSTWSDRDDEQF,1
TRBV20-1,TRBJ2-1,SASSGSTYEQF,1
TRBV20-1,TRBJ2-1,SASSGSTYNEQF,7
TRBV20-1,TRBJ2-1,SASSGSVANEQF,2
TRBV20-1,TRBJ2-1,SASSGSVDEQF,2
TRBV20-1,TRBJ2-1,SASSGSVFNEQF,1
TRBV20-1,TRBJ2-1,SASSGSVIHEQF,1
TRBV20-1,TRBJ2-1,SASSGSVNEQF,4
TRBV20-1,TRBJ2-1,SASSGSVNNEQF,1
TRBV20-1,TRBJ2-1,SASSGSVSEQF,2
TRBV20-1,TRBJ2-1,SASSGSVSGRLSPPDEQF,1
TRBV20-1,TRBJ2-1,SASSGSVSYNEQF,2
TRBV20-1,TRBJ2-1,SASSGSVTVTMLNEQF,1
TRBV20-1,TRBJ2-1,SASSGSVTYNEQF,4
TRBV20-1,TRBJ2-1,SASSGSVYEQF,1
TRBV20-1,TRBJ2-1,SASSGSVYNEQF,2
TRBV20-1,TRBJ2-1,SASSGSWDTQYNEQF,1
TRBV20-1,TRBJ2-1,SASSGSWGDEQF,1
TRBV20-1,TRBJ2-1,SASSGSWGNEQF,1
TRBV20-1,TRBJ2-1,SASSGSWHNEQF,1
TRBV20-1,TRBJ2-1,SASSGSWNEQF,1
TRBV20-1,TRBJ2-1,SASSGSWNNEQF,1
TRBV20-1,TRBJ2-1,SASSGSWSFGSYNEQF,1
TRBV20-1,TRBJ2-1,SASSGSWSYNEQF,1
TRBV20-1,TRBJ2-1,SASSGSWYSYNEQF,1
TRBV20-1,TRBJ2-1,SASSGSYDNEQF,1
TRBV20-1,TRBJ2-1,SASSGSYEQF,4
TRBV20-1,TRBJ2-1,SASSGSYFYEQF,1
TRBV20-1,TRBJ2-1,SASSGSYHNEQF,2
TRBV20-1,TRBJ2-1,SASSGSYNEHF,1
TRBV20-1,TRBJ2-1,SASSGSYNEQF,103
TRBV20-1,TRBJ2-1,SASSGSYNGQF,1
TRBV20-1,TRBJ2-1,SASSGSYNNEQF,1
TRBV20-1,TRBJ2-1,SASSGSYPTEQF,4
TRBV20-1,TRBJ2-1,SASSGSYSYNEQF,7
TRBV20-1,TRBJ2-1,SASSGSYYNEQF,4
TRBV20-1,TRBJ2-1,SASSGTAAYNEQF,1
TRBV20-1,TRBJ2-1,SASSGTAGGSYNEQF,1
TRBV20-1,TRBJ2-1,SASSGTAGNYNEQF,1
TRBV20-1,TRBJ2-1,SASSGTALNNEQF,1
TRBV20-1,TRBJ2-1,SASSGTANEQF,13
TRBV20-1,TRBJ2-1,SASSGTANNEQF,3
TRBV20-1,TRBJ2-1,SASSGTAPYNEQF,4
TRBV20-1,TRBJ2-1,SASSGTASNEQF,1
TRBV20-1,TRBJ2-1,SASSGTASSYNEQF,3
TRBV20-1,TRBJ2-1,SASSGTASYNEQF,1
TRBV20-1,TRBJ2-1,SASSGTAVYNEQF,1
TRBV20-1,TRBJ2-1,SASSGTAYNEQF,18
TRBV20-1,TRBJ2-1,SASSGTCYNEQC,1
TRBV20-1,TRBJ2-1,SASSGTDAINEQF,1
TRBV20-1,TRBJ2-1,SASSGTDEQF,1
TRBV20-1,TRBJ2-1,SASSGTDFNNEQF,1
TRBV20-1,TRBJ2-1,SASSGTDNEQF,2
TRBV20-1,TRBJ2-1,SASSGTDRWDEQF,1
TRBV20-1,TRBJ2-1,SASSGTDSYNEQF,4
TRBV20-1,TRBJ2-1,SASSGTDTYNEQF,1
TRBV20-1,TRBJ2-1,SASSGTDVYNEQF,3
TRBV20-1,TRBJ2-1,SASSGTDWKFAYNEQF,1
TRBV20-1,TRBJ2-1,SASSGTEAYNEQF,1
TRBV20-1,TRBJ2-1,SASSGTERFYNEPF,1
TRBV20-1,TRBJ2-1,SASSGTEVNEQF,1
TRBV20-1,TRBJ2-1,SASSGTEVYNEQF,1
TRBV20-1,TRBJ2-1,SASSGTEYNEQF,1
TRBV20-1,TRBJ2-1,SASSGTFDNEQF,1
TRBV20-1,TRBJ2-1,SASSGTFPYNEQF,1
TRBV20-1,TRBJ2-1,SASSGTFSYNEQF,1
TRBV20-1,TRBJ2-1,SASSGTFYNEQF,2
TRBV20-1,TRBJ2-1,SASSGTGAGVAF,2
TRBV20-1,TRBJ2-1,SASSGTGAYNEQF,3
TRBV20-1,TRBJ2-1,SASSGTGDEQF,6
TRBV20-1,TRBJ2-1,SASSGTGDNEQF,7
TRBV20-1,TRBJ2-1,SASSGTGDPYNEQF,1
TRBV20-1,TRBJ2-1,SASSGTGDTFYNEQF,1
TRBV20-1,TRBJ2-1,SASSGTGDVNEQF,2
TRBV20-1,TRBJ2-1,SASSGTGDYNEQF,1
TRBV20-1,TRBJ2-1,SASSGTGFNEQF,1
TRBV20-1,TRBJ2-1,SASSGTGFYNEQF,3
TRBV20-1,TRBJ2-1,SASSGTGGEQF,2
TRBV20-1,TRBJ2-1,SASSGTGGGNEQF,2
TRBV20-1,TRBJ2-1,SASSGTGGLNEQF,1
TRBV20-1,TRBJ2-1,SASSGTGGNEQF,1
TRBV20-1,TRBJ2-1,SASSGTGGNNEQF,1
TRBV20-1,TRBJ2-1,SASSGTGGRNEQF,1
TRBV20-1,TRBJ2-1,SASSGTGGSYNEQF,6
TRBV20-1,TRBJ2-1,SASSGTGGTNEQF,1
TRBV20-1,TRBJ2-1,SASSGTGGYNEQF,18
TRBV20-1,TRBJ2-1,SASSGTGHNEQF,1
TRBV20-1,TRBJ2-1,SASSGTGIHNEQF,1
TRBV20-1,TRBJ2-1,SASSGTGILNEQF,2
TRBV20-1,TRBJ2-1,SASSGTGINEQF,2
TRBV20-1,TRBJ2-1,SASSGTGLKNEQF,1
TRBV20-1,TRBJ2-1,SASSGTGLLGSYNEQF,1
TRBV20-1,TRBJ2-1,SASSGTGLNEQF,2
TRBV20-1,TRBJ2-1,SASSGTGLRNEQF,1
TRBV20-1,TRBJ2-1,SASSGTGLYNEQF,1
TRBV20-1,TRBJ2-1,SASSGTGNEQF,4
TRBV20-1,TRBJ2-1,SASSGTGNNEQF,5
TRBV20-1,TRBJ2-1,SASSGTGNYNEQF,1
TRBV20-1,TRBJ2-1,SASSGTGPNEQF,1
TRBV20-1,TRBJ2-1,SASSGTGPTNEQF,1
TRBV20-1,TRBJ2-1,SASSGTGRFFNEQF,1
TRBV20-1,TRBJ2-1,SASSGTGRFYNEQF,18
TRBV20-1,TRBJ2-1,SASSGTGRNNEQF,2
TRBV20-1,TRBJ2-1,SASSGTGRQANEQF,1
TRBV20-1,TRBJ2-1,SASSGTGRYEQF,1
TRBV20-1,TRBJ2-1,SASSGTGRYNEQF,2
TRBV20-1,TRBJ2-1,SASSGTGSINEQF,7
TRBV20-1,TRBJ2-1,SASSGTGSSYNEQF,2
TRBV20-1,TRBJ2-1,SASSGTGSYNEQF,11
TRBV20-1,TRBJ2-1,SASSGTGTIHEQF,2
TRBV20-1,TRBJ2-1,SASSGTGTNEQF,2
TRBV20-1,TRBJ2-1,SASSGTGTYNEQF,4
TRBV20-1,TRBJ2-1,SASSGTGVDDEQF,1
TRBV20-1,TRBJ2-1,SASSGTGVGDEQF,1
TRBV20-1,TRBJ2-1,SASSGTGVISSYNEQF,1
TRBV20-1,TRBJ2-1,SASSGTGVNEQF,3
TRBV20-1,TRBJ2-1,SASSGTGVWDNEQF,1
TRBV20-1,TRBJ2-1,SASSGTGVYNEQF,3
TRBV20-1,TRBJ2-1,SASSGTGYEQF,1
TRBV20-1,TRBJ2-1,SASSGTGYNEQF,7
TRBV20-1,TRBJ2-1,SASSGTGYTYSYNEQF,1
TRBV20-1,TRBJ2-1,SASSGTHNEQF,1
TRBV20-1,TRBJ2-1,SASSGTHRDNEQF,1
TRBV20-1,TRBJ2-1,SASSGTHSYNEQF,1
TRBV20-1,TRBJ2-1,SASSGTHSYYNEQF,1
TRBV20-1,TRBJ2-1,SASSGTHYNEQF,1
TRBV20-1,TRBJ2-1,SASSGTIDNEQF,1
TRBV20-1,TRBJ2-1,SASSGTIFGNEQF,1
TRBV20-1,TRBJ2-1,SASSGTINEQF,2
TRBV20-1,TRBJ2-1,SASSGTIPYNEQF,1
TRBV20-1,TRBJ2-1,SASSGTISYNEQF,1
TRBV20-1,TRBJ2-1,SASSGTITYNEQF,1
TRBV20-1,TRBJ2-1,SASSGTIYNEQF,6
TRBV20-1,TRBJ2-1,SASSGTKDEQF,1
TRBV20-1,TRBJ2-1,SASSGTKPYNEQF,1
TRBV20-1,TRBJ2-1,SASSGTKTANEQF,1
TRBV20-1,TRBJ2-1,SASSGTKYNEQF,1
TRBV20-1,TRBJ2-1,SASSGTLAYNEQF,2
TRBV20-1,TRBJ2-1,SASSGTLGSNEQF,1
TRBV20-1,TRBJ2-1,SASSGTLHNEQF,1
TRBV20-1,TRBJ2-1,SASSGTLNEQF,1
TRBV20-1,TRBJ2-1,SASSGTLNNEQF,1
TRBV20-1,TRBJ2-1,SASSGTLRPYNEQF,6
TRBV20-1,TRBJ2-1,SASSGTLSNEQF,4
TRBV20-1,TRBJ2-1,SASSGTLSYNEQF,1
TRBV20-1,TRBJ2-1,SASSGTLTYNEQF,1
TRBV20-1,TRBJ2-1,SASSGTLYNEQF,8
TRBV20-1,TRBJ2-1,SASSGTMDNEQF,2
TRBV20-1,TRBJ2-1,SASSGTNEQF,18
TRBV20-1,TRBJ2-1,SASSGTNGDNEQF,1
TRBV20-1,TRBJ2-1,SASSGTNIGYNEQF,1
TRBV20-1,TRBJ2-1,SASSGTNNEQF,5
TRBV20-1,TRBJ2-1,SASSGTNNNEQF,1
TRBV20-1,TRBJ2-1,SASSGTNRNEQF,3
TRBV20-1,TRBJ2-1,SASSGTNSNEQF,1
TRBV20-1,TRBJ2-1,SASSGTNSYNEQF,4
TRBV20-1,TRBJ2-1,SASSGTNYNEQF,1
TRBV20-1,TRBJ2-1,SASSGTNYNFYNEQF,1
TRBV20-1,TRBJ2-1,SASSGTPDYNEQF,1
TRBV20-1,TRBJ2-1,SASSGTPHNEQF,1
TRBV20-1,TRBJ2-1,SASSGTPKDEQF,1
TRBV20-1,TRBJ2-1,SASSGTPNEQF,6
TRBV20-1,TRBJ2-1,SASSGTPPPYNEQF,2
TRBV20-1,TRBJ2-1,SASSGTPQGIYNEQF,1
TRBV20-1,TRBJ2-1,SASSGTPSGDEQF,4
TRBV20-1,TRBJ2-1,SASSGTPYEQF,1
TRBV20-1,TRBJ2-1,SASSGTPYNEQF,7
TRBV20-1,TRBJ2-1,SASSGTQGNNEQF,1
TRBV20-1,TRBJ2-1,SASSGTQHNEQF,2
TRBV20-1,TRBJ2-1,SASSGTQNEQF,1
TRBV20-1,TRBJ2-1,SASSGTQSYNEQF,7
TRBV20-1,TRBJ2-1,SASSGTRANEQF,2
TRBV20-1,TRBJ2-1,SASSGTRAYNEQF,1
TRBV20-1,TRBJ2-1,SASSGTRDEQF,1
TRBV20-1,TRBJ2-1,SASSGTRDYNEQF,1
TRBV20-1,TRBJ2-1,SASSGTRFNEQF,1
TRBV20-1,TRBJ2-1,SASSGTRGNYEQF,1
TRBV20-1,TRBJ2-1,SASSGTRGYNEQF,5
TRBV20-1,TRBJ2-1,SASSGTRHEQF,1
TRBV20-1,TRBJ2-1,SASSGTRKANEQF,1
TRBV20-1,TRBJ2-1,SASSGTRMGNEQF,1
TRBV20-1,TRBJ2-1,SASSGTRRNEQF,2
TRBV20-1,TRBJ2-1,SASSGTRSFSYNEQF,1
TRBV20-1,TRBJ2-1,SASSGTRSGNEQF,1
TRBV20-1,TRBJ2-1,SASSGTRSNEQF,1
TRBV20-1,TRBJ2-1,SASSGTRSNNEQF,5
TRBV20-1,TRBJ2-1,SASSGTRSTNEQF,1
TRBV20-1,TRBJ2-1,SASSGTRSYEQF,1
TRBV20-1,TRBJ2-1,SASSGTRSYNEQF,3
TRBV20-1,TRBJ2-1,SASSGTRVFNEQF,1
TRBV20-1,TRBJ2-1,SASSGTRVNEQF,1
TRBV20-1,TRBJ2-1,SASSGTRVNNEQF,1
TRBV20-1,TRBJ2-1,SASSGTRVRVNEQF,1
TRBV20-1,TRBJ2-1,SASSGTRVYNEQF,1
TRBV20-1,TRBJ2-1,SASSGTRWYNEQF,1
TRBV20-1,TRBJ2-1,SASSGTRYNEQF,4
TRBV20-1,TRBJ2-1,SASSGTSAGNEQF,1
TRBV20-1,TRBJ2-1,SASSGTSAHNEQF,1
TRBV20-1,TRBJ2-1,SASSGTSANEQF,1
TRBV20-1,TRBJ2-1,SASSGTSARIYNEQF,2
TRBV20-1,TRBJ2-1,SASSGTSASYNEQF,1
TRBV20-1,TRBJ2-1,SASSGTSATNEQF,1
TRBV20-1,TRBJ2-1,SASSGTSAYNEQF,4
TRBV20-1,TRBJ2-1,SASSGTSDNEQF,2
TRBV20-1,TRBJ2-1,SASSGTSDRNEQF,1
TRBV20-1,TRBJ2-1,SASSGTSDSYNEQF,1
TRBV20-1,TRBJ2-1,SASSGTSDYNEQF,1
TRBV20-1,TRBJ2-1,SASSGTSEDNEQF,1
TRBV20-1,TRBJ2-1,SASSGTSEFNEQF,1
TRBV20-1,TRBJ2-1,SASSGTSENEQF,6
TRBV20-1,TRBJ2-1,SASSGTSENNEQF,1
TRBV20-1,TRBJ2-1,SASSGTSESNEQF,1
TRBV20-1,TRBJ2-1,SASSGTSEYNEQF,2
TRBV20-1,TRBJ2-1,SASSGTSFIEQF,1
TRBV20-1,TRBJ2-1,SASSGTSFNEQF,5
TRBV20-1,TRBJ2-1,SASSGTSGADDQF,1
TRBV20-1,TRBJ2-1,SASSGTSGADEQF,3
TRBV20-1,TRBJ2-1,SASSGTSGANEQF,4
TRBV20-1,TRBJ2-1,SASSGTSGASSYNEQF,1
TRBV20-1,TRBJ2-1,SASSGTSGASYNEQF,1
TRBV20-1,TRBJ2-1,SASSGTSGDKEQF,1
TRBV20-1,TRBJ2-1,SASSGTSGDNEQF,6
TRBV20-1,TRBJ2-1,SASSGTSGDYNEQF,2
TRBV20-1,TRBJ2-1,SASSGTSGFNEQF,6
TRBV20-1,TRBJ2-1,SASSGTSGFQF,1
TRBV20-1,TRBJ2-1,SASSGTSGFYNEQF,1
TRBV20-1,TRBJ2-1,SASSGTSGGFLGNEQF,1
TRBV20-1,TRBJ2-1,SASSGTSGGGSYNEQF,9
TRBV20-1,TRBJ2-1,SASSGTSGGGSYNQQF,1
TRBV20-1,TRBJ2-1,SASSGTSGGNEQF,2
TRBV20-1,TRBJ2-1,SASSGTSGGPDEQF,1
TRBV20-1,TRBJ2-1,SASSGTSGGRNEQF,6
TRBV20-1,TRBJ2-1,SASSGTSGGSEQF,4
TRBV20-1,TRBJ2-1,SASSGTSGHDEQF,3
TRBV20-1,TRBJ2-1,SASSGTSGHSYNEQF,1
TRBV20-1,TRBJ2-1,SASSGTSGIEYNEQF,1
TRBV20-1,TRBJ2-1,SASSGTSGILDYNEQF,1
TRBV20-1,TRBJ2-1,SASSGTSGILGNEQF,1
TRBV20-1,TRBJ2-1,SASSGTSGINEQF,3
TRBV20-1,TRBJ2-1,SASSGTSGIRSYNEQF,3
TRBV20-1,TRBJ2-1,SASSGTSGISEQF,2
TRBV20-1,TRBJ2-1,SASSGTSGISSYNEQF,2
TRBV20-1,TRBJ2-1,SASSGTSGIYNEQF,1
TRBV20-1,TRBJ2-1,SASSGTSGIYPYNEQF,1
TRBV20-1,TRBJ2-1,SASSGTSGKGNEQF,4
TRBV20-1,TRBJ2-1,SASSGTSGLNEQF,2
TRBV20-1,TRBJ2-1,SASSGTSGLSSYNEQF,1
TRBV20-1,TRBJ2-1,SASSGTSGLYNEQF,3
TRBV20-1,TRBJ2-1,SASSGTSGMDEQF,1
TRBV20-1,TRBJ2-1,SASSGTSGMYEQF,1
TRBV20-1,TRBJ2-1,SASSGTSGNEQF,9
TRBV20-1,TRBJ2-1,SASSGTSGNNEQF,10
TRBV20-1,TRBJ2-1,SASSGTSGNYNEQF,2
TRBV20-1,TRBJ2-1,SASSGTSGPGDEQF,1
TRBV20-1,TRBJ2-1,SASSGTSGPGEQF,3
TRBV20-1,TRBJ2-1,SASSGTSGPNEQF,2
TRBV20-1,TRBJ2-1,SASSGTSGPYNEQF,1
TRBV20-1,TRBJ2-1,SASSGTSGRAENDEQF,1
TRBV20-1,TRBJ2-1,SASSGTSGRAYNEQF,1
TRBV20-1,TRBJ2-1,SASSGTSGRDRRSYNEQF,1
TRBV20-1,TRBJ2-1,SASSGTSGREAYNEQF,1
TRBV20-1,TRBJ2-1,SASSGTSGRENEQF,2
TRBV20-1,TRBJ2-1,SASSGTSGRGDEQF,1
TRBV20-1,TRBJ2-1,SASSGTSGRGEQF,1
TRBV20-1,TRBJ2-1,SASSGTSGRGHEQF,1
TRBV20-1,TRBJ2-1,SASSGTSGRGHNNEQF,1
TRBV20-1,TRBJ2-1,SASSGTSGRGNEQF,1
TRBV20-1,TRBJ2-1,SASSGTSGRGSYNEQF,1
TRBV20-1,TRBJ2-1,SASSGTSGRGWF,1
TRBV20-1,TRBJ2-1,SASSGTSGRGYEQF,1
TRBV20-1,TRBJ2-1,SASSGTSGRGYNEQF,1
TRBV20-1,TRBJ2-1,SASSGTSGRNEQF,17
TRBV20-1,TRBJ2-1,SASSGTSGRNNEQF,7
TRBV20-1,TRBJ2-1,SASSGTSGRPFNEQF,1
TRBV20-1,TRBJ2-1,SASSGTSGRPNEQF,1
TRBV20-1,TRBJ2-1,SASSGTSGRRDNEQF,4
TRBV20-1,TRBJ2-1,SASSGTSGRSNEQF,1
TRBV20-1,TRBJ2-1,SASSGTSGRSPPYNEQF,1
TRBV20-1,TRBJ2-1,SASSGTSGRSSYNEQF,3
TRBV20-1,TRBJ2-1,SASSGTSGRSYDEQF,1
TRBV20-1,TRBJ2-1,SASSGTSGRTYNEQF,1
TRBV20-1,TRBJ2-1,SASSGTSGRYNEQF,1
TRBV20-1,TRBJ2-1,SASSGTSGRYSYNEQF,1
TRBV20-1,TRBJ2-1,SASSGTSGSDEQF,2
TRBV20-1,TRBJ2-1,SASSGTSGSFDEQF,1
TRBV20-1,TRBJ2-1,SASSGTSGSGASYNEQF,1
TRBV20-1,TRBJ2-1,SASSGTSGSGNEQF,1
TRBV20-1,TRBJ2-1,SASSGTSGSGSEQF,4
TRBV20-1,TRBJ2-1,SASSGTSGSHNEQF,1
TRBV20-1,TRBJ2-1,SASSGTSGSLDEQF,2
TRBV20-1,TRBJ2-1,SASSGTSGSLGNEQF,1
TRBV20-1,TRBJ2-1,SASSGTSGSLSNEQF,1
TRBV20-1,TRBJ2-1,SASSGTSGSNEQF,18
TRBV20-1,TRBJ2-1,SASSGTSGSQSSYNEQF,1
TRBV20-1,TRBJ2-1,SASSGTSGSSSYNEQF,5
TRBV20-1,TRBJ2-1,SASSGTSGSSYNEQF,1
TRBV20-1,TRBJ2-1,SASSGTSGSYEQF,7
TRBV20-1,TRBJ2-1,SASSGTSGSYNEQF,14
TRBV20-1,TRBJ2-1,SASSGTSGTDEQF,1
TRBV20-1,TRBJ2-1,SASSGTSGTENEQF,1
TRBV20-1,TRBJ2-1,SASSGTSGTGNEQF,1
TRBV20-1,TRBJ2-1,SASSGTSGTLSYNEQF,1
TRBV20-1,TRBJ2-1,SASSGTSGTNEQF,1
TRBV20-1,TRBJ2-1,SASSGTSGTNNEQF,1
TRBV20-1,TRBJ2-1,SASSGTSGTRTYNEQF,1
TRBV20-1,TRBJ2-1,SASSGTSGTTYNEQF,1
TRBV20-1,TRBJ2-1,SASSGTSGTWWVNEQF,2
TRBV20-1,TRBJ2-1,SASSGTSGTYNEQF,3
TRBV20-1,TRBJ2-1,SASSGTSGVHEQF,1
TRBV20-1,TRBJ2-1,SASSGTSGVNEQF,5
TRBV20-1,TRBJ2-1,SASSGTSGVSYNEQF,1
TRBV20-1,TRBJ2-1,SASSGTSGVYNEQF,1
TRBV20-1,TRBJ2-1,SASSGTSGWNEQF,1
TRBV20-1,TRBJ2-1,SASSGTSGWSSYNEQF,1
TRBV20-1,TRBJ2-1,SASSGTSGYNEQF,22
TRBV20-1,TRBJ2-1,SASSGTSHNEQF,2
TRBV20-1,TRBJ2-1,SASSGTSIFSPIPEF,3
TRBV20-1,TRBJ2-1,SASSGTSINEQF,1
TRBV20-1,TRBJ2-1,SASSGTSIRNEQF,1
TRBV20-1,TRBJ2-1,SASSGTSIYNEQF,1
TRBV20-1,TRBJ2-1,SASSGTSKNEQF,1
TRBV20-1,TRBJ2-1,SASSGTSLDNEQF,2
TRBV20-1,TRBJ2-1,SASSGTSLKSYNEQF,1
TRBV20-1,TRBJ2-1,SASSGTSLNEQF,1
TRBV20-1,TRBJ2-1,SASSGTSLPNEQF,1
TRBV20-1,TRBJ2-1,SASSGTSLPTEQF,2
TRBV20-1,TRBJ2-1,SASSGTSLSYEQF,1
TRBV20-1,TRBJ2-1,SASSGTSLYNEQF,1
TRBV20-1,TRBJ2-1,SASSGTSNEQF,2
TRBV20-1,TRBJ2-1,SASSGTSNSYNEQF,1
TRBV20-1,TRBJ2-1,SASSGTSPNEQF,2
TRBV20-1,TRBJ2-1,SASSGTSPSNEQF,1
TRBV20-1,TRBJ2-1,SASSGTSPYNEQF,9
TRBV20-1,TRBJ2-1,SASSGTSRAYNEQF,1
TRBV20-1,TRBJ2-1,SASSGTSREQF,1
TRBV20-1,TRBJ2-1,SASSGTSRNEQF,4
TRBV20-1,TRBJ2-1,SASSGTSRSNEQF,1
TRBV20-1,TRBJ2-1,SASSGTSRWNEQF,3
TRBV20-1,TRBJ2-1,SASSGTSRYEQF,1
TRBV20-1,TRBJ2-1,SASSGTSRYNEQF,7
TRBV20-1,TRBJ2-1,SASSGTSSANEQF,1
TRBV20-1,TRBJ2-1,SASSGTSSDNEQF,3
TRBV20-1,TRBJ2-1,SASSGTSSHEQF,1
TRBV20-1,TRBJ2-1,SASSGTSSNEQF,1
TRBV20-1,TRBJ2-1,SASSGTSSPQWEQF,1
TRBV20-1,TRBJ2-1,SASSGTSSSYNEQF,2
TRBV20-1,TRBJ2-1,SASSGTSSYNEQF,29
TRBV20-1,TRBJ2-1,SASSGTSTGDEQF,1
TRBV20-1,TRBJ2-1,SASSGTSTNEQF,1
TRBV20-1,TRBJ2-1,SASSGTSTRSEQF,5
TRBV20-1,TRBJ2-1,SASSGTSVGNEQF,1
TRBV20-1,TRBJ2-1,SASSGTSVHEQF,2
TRBV20-1,TRBJ2-1,SASSGTSVNEQF,2
TRBV20-1,TRBJ2-1,SASSGTSVTYNEQF,1
TRBV20-1,TRBJ2-1,SASSGTSVYFSYNEQF,1
TRBV20-1,TRBJ2-1,SASSGTSVYNEQF,12
TRBV20-1,TRBJ2-1,SASSGTSWNEQF,1
TRBV20-1,TRBJ2-1,SASSGTSWNNEQF,1
TRBV20-1,TRBJ2-1,SASSGTSYEQF,1
TRBV20-1,TRBJ2-1,SASSGTSYNEQF,18
TRBV20-1,TRBJ2-1,SASSGTSYNERF,1
TRBV20-1,TRBJ2-1,SASSGTSYSDEQF,2
TRBV20-1,TRBJ2-1,SASSGTTHYNEQF,1
TRBV20-1,TRBJ2-1,SASSGTTIYNEQF,1
TRBV20-1,TRBJ2-1,SASSGTTKKYNEQF,1
TRBV20-1,TRBJ2-1,SASSGTTNNEQF,1
TRBV20-1,TRBJ2-1,SASSGTTNSAYNEQF,1
TRBV20-1,TRBJ2-1,SASSGTTNVNEQF,1
TRBV20-1,TRBJ2-1,SASSGTTPINEQF,1
TRBV20-1,TRBJ2-1,SASSGTTRNEQF,2
TRBV20-1,TRBJ2-1,SASSGTTSLGSYNEQF,1
TRBV20-1,TRBJ2-1,SASSGTTSSYNEQF,1
TRBV20-1,TRBJ2-1,SASSGTTSYNEQF,3
TRBV20-1,TRBJ2-1,SASSGTTTNEQF,2
TRBV20-1,TRBJ2-1,SASSGTTVNEQF,1
TRBV20-1,TRBJ2-1,SASSGTTYNEQF,9
TRBV20-1,TRBJ2-1,SASSGTVDNEQF,1
TRBV20-1,TRBJ2-1,SASSGTVNEQF,1
TRBV20-1,TRBJ2-1,SASSGTVNNEQF,1
TRBV20-1,TRBJ2-1,SASSGTVPYNEQF,1
TRBV20-1,TRBJ2-1,SASSGTVSYNEQF,1
TRBV20-1,TRBJ2-1,SASSGTVYNEQF,7
TRBV20-1,TRBJ2-1,SASSGTWGNEQF,1
TRBV20-1,TRBJ2-1,SASSGTYAYNEQF,1
TRBV20-1,TRBJ2-1,SASSGTYNEQF,60
TRBV20-1,TRBJ2-1,SASSGTYSNEQF,1
TRBV20-1,TRBJ2-1,SASSGTYSYNEQF,1
TRBV20-1,TRBJ2-1,SASSGTYYNEQF,1
TRBV20-1,TRBJ2-1,SASSGVAGA,1
TRBV20-1,TRBJ2-1,SASSGVAGENEQF,10
TRBV20-1,TRBJ2-1,SASSGVAGGGNEQC,2
TRBV20-1,TRBJ2-1,SASSGVAGGGNEQF,21
TRBV20-1,TRBJ2-1,SASSGVAGGPGNEQF,1
TRBV20-1,TRBJ2-1,SASSGVAGSSYNEQF,1
TRBV20-1,TRBJ2-1,SASSGVAGWNEQF,1
TRBV20-1,TRBJ2-1,SASSGVANLRYNEQF,1
TRBV20-1,TRBJ2-1,SASSGVAYNEQF,3
TRBV20-1,TRBJ2-1,SASSGVDEQF,1
TRBV20-1,TRBJ2-1,SASSGVDNEQF,2
TRBV20-1,TRBJ2-1,SASSGVEQF,7
TRBV20-1,TRBJ2-1,SASSGVFNEQF,1
TRBV20-1,TRBJ2-1,SASSGVGADSSSYNEQF,1
TRBV20-1,TRBJ2-1,SASSGVGAGNEQF,1
TRBV20-1,TRBJ2-1,SASSGVGALGEQF,1
TRBV20-1,TRBJ2-1,SASSGVGANEQF,1
TRBV20-1,TRBJ2-1,SASSGVGDEQF,3
TRBV20-1,TRBJ2-1,SASSGVGFNEQF,1
TRBV20-1,TRBJ2-1,SASSGVGGNEQF,1
TRBV20-1,TRBJ2-1,SASSGVGGSYNEQF,1
TRBV20-1,TRBJ2-1,SASSGVGGYNEQF,1
TRBV20-1,TRBJ2-1,SASSGVGLNNEQF,1
TRBV20-1,TRBJ2-1,SASSGVGNEQF,3
TRBV20-1,TRBJ2-1,SASSGVGSYNEQF,1
TRBV20-1,TRBJ2-1,SASSGVGYNEQF,7
TRBV20-1,TRBJ2-1,SASSGVGYYNEQF,1
TRBV20-1,TRBJ2-1,SASSGVHNEQF,1
TRBV20-1,TRBJ2-1,SASSGVHSNNEQF,1
TRBV20-1,TRBJ2-1,SASSGVKHNEQF,1
TRBV20-1,TRBJ2-1,SASSGVLENEQF,1
TRBV20-1,TRBJ2-1,SASSGVLGNEQF,3
TRBV20-1,TRBJ2-1,SASSGVLSYNEQF,1
TRBV20-1,TRBJ2-1,SASSGVLYNEQF,2
TRBV20-1,TRBJ2-1,SASSGVNDNEQF,1
TRBV20-1,TRBJ2-1,SASSGVNDYNEQF,1
TRBV20-1,TRBJ2-1,SASSGVNEQF,7
TRBV20-1,TRBJ2-1,SASSGVNNEQF,3
TRBV20-1,TRBJ2-1,SASSGVNSYNEQF,1
TRBV20-1,TRBJ2-1,SASSGVNYNEQF,3
TRBV20-1,TRBJ2-1,SASSGVPLNEQF,1
TRBV20-1,TRBJ2-1,SASSGVPNNEQF,1
TRBV20-1,TRBJ2-1,SASSGVPYNEQF,1
TRBV20-1,TRBJ2-1,SASSGVRDEQF,1
TRBV20-1,TRBJ2-1,SASSGVREQF,3
TRBV20-1,TRBJ2-1,SASSGVRLNEQF,1
TRBV20-1,TRBJ2-1,SASSGVRNEQF,1
TRBV20-1,TRBJ2-1,SASSGVRSSYNEQF,1
TRBV20-1,TRBJ2-1,SASSGVRYNEQF,2
TRBV20-1,TRBJ2-1,SASSGVSGSYNEQF,1
TRBV20-1,TRBJ2-1,SASSGVSINEQF,1
TRBV20-1,TRBJ2-1,SASSGVSKF,1
TRBV20-1,TRBJ2-1,SASSGVSPNEQF,4
TRBV20-1,TRBJ2-1,SASSGVSPYNEQF,3
TRBV20-1,TRBJ2-1,SASSGVSRTLAYNEQF,1
TRBV20-1,TRBJ2-1,SASSGVSSSYNEQF,1
TRBV20-1,TRBJ2-1,SASSGVSSYNEQF,15
TRBV20-1,TRBJ2-1,SASSGVSYNEQF,25
TRBV20-1,TRBJ2-1,SASSGVSYNQQF,1
TRBV20-1,TRBJ2-1,SASSGVSYSLYNEQF,2
TRBV20-1,TRBJ2-1,SASSGVTSYNEQF,3
TRBV20-1,TRBJ2-1,SASSGVTYNEQF,5
TRBV20-1,TRBJ2-1,SASSGVVGDEQF,1
TRBV20-1,TRBJ2-1,SASSGVVGGRGNEQF,1
TRBV20-1,TRBJ2-1,SASSGVWASRADEQF,1
TRBV20-1,TRBJ2-1,SASSGVWGNNEQF,1
TRBV20-1,TRBJ2-1,SASSGVYNEQF,22
TRBV20-1,TRBJ2-1,SASSGWASYEQF,1
TRBV20-1,TRBJ2-1,SASSGWAYNEQF,1
TRBV20-1,TRBJ2-1,SASSGWEGDEQF,9
TRBV20-1,TRBJ2-1,SASSGWERANYNEQF,3
TRBV20-1,TRBJ2-1,SASSGWERRHNEQF,3
TRBV20-1,TRBJ2-1,SASSGWGNEQF,1
TRBV20-1,TRBJ2-1,SASSGWGSYNEQF,1
TRBV20-1,TRBJ2-1,SASSGWGYNEQF,1
TRBV20-1,TRBJ2-1,SASSGWINEQF,1
TRBV20-1,TRBJ2-1,SASSGWISYNEQF,1
TRBV20-1,TRBJ2-1,SASSGWLNEQF,1
TRBV20-1,TRBJ2-1,SASSGWNNEQF,2
TRBV20-1,TRBJ2-1,SASSGWRPYNEQF,1
TRBV20-1,TRBJ2-1,SASSGWSGNEQF,10
TRBV20-1,TRBJ2-1,SASSGWSSYNEQF,4
TRBV20-1,TRBJ2-1,SASSGWTRNEQF,1
TRBV20-1,TRBJ2-1,SASSGWTYNEQF,10
TRBV20-1,TRBJ2-1,SASSGWVYNEQF,3
TRBV20-1,TRBJ2-1,SASSGWYNEQF,1
TRBV20-1,TRBJ2-1,SASSGYAYNEQF,1
TRBV20-1,TRBJ2-1,SASSGYDNEQF,1
TRBV20-1,TRBJ2-1,SASSGYEQF,4
TRBV20-1,TRBJ2-1,SASSGYGNEQF,3
TRBV20-1,TRBJ2-1,SASSGYGYNEQF,1
TRBV20-1,TRBJ2-1,SASSGYISYNEQF,4
TRBV20-1,TRBJ2-1,SASSGYKLNEQF,1
TRBV20-1,TRBJ2-1,SASSGYLGNEQF,5
TRBV20-1,TRBJ2-1,SASSGYLNNEQF,1
TRBV20-1,TRBJ2-1,SASSGYMLNEQF,3
TRBV20-1,TRBJ2-1,SASSGYNEQF,50
TRBV20-1,TRBJ2-1,SASSGYPYNEQF,1
TRBV20-1,TRBJ2-1,SASSGYRGDEQF,1
TRBV20-1,TRBJ2-1,SASSGYRNEQF,1
TRBV20-1,TRBJ2-1,SASSGYSSYNEQF,25
TRBV20-1,TRBJ2-1,SASSGYSYNEQF,7
TRBV20-1,TRBJ2-1,SASSGYWDEQF,1
TRBV20-1,TRBJ2-1,SASSGYYNEQF,17
TRBV20-1,TRBJ2-1,SASSGYYNNEQF,1
TRBV20-1,TRBJ2-1,SASSHAGTSGRIYNEQF,3
TRBV20-1,TRBJ2-1,SASSHANPGLAYVYNEQF,1
TRBV20-1,TRBJ2-1,SASSHAVISYNEQF,1
TRBV20-1,TRBJ2-1,SASSHDLYNEQF,1
TRBV20-1,TRBJ2-1,SASSHDNEQF,1
TRBV20-1,TRBJ2-1,SASSHEKNNEQF,2
TRBV20-1,TRBJ2-1,SASSHELAVHNEQF,1
TRBV20-1,TRBJ2-1,SASSHEQF,14
TRBV20-1,TRBJ2-1,SASSHEVSVYNEQF,3
TRBV20-1,TRBJ2-1,SASSHEVYNEQF,1
TRBV20-1,TRBJ2-1,SASSHFAVARELGSSYNEQF,1
TRBV20-1,TRBJ2-1,SASSHFKSYNEQF,4
TRBV20-1,TRBJ2-1,SASSHFSNEQF,2
TRBV20-1,TRBJ2-1,SASSHGARDNEQF,1
TRBV20-1,TRBJ2-1,SASSHGGPYNEQF,1
TRBV20-1,TRBJ2-1,SASSHGGQAYNEQF,1
TRBV20-1,TRBJ2-1,SASSHGGYNEQF,3
TRBV20-1,TRBJ2-1,SASSHGHVDNEQF,1
TRBV20-1,TRBJ2-1,SASSHGKGNEQF,1
TRBV20-1,TRBJ2-1,SASSHGLAENNEQF,1
TRBV20-1,TRBJ2-1,SASSHGQVDNEQF,7
TRBV20-1,TRBJ2-1,SASSHGSNEQF,4
TRBV20-1,TRBJ2-1,SASSHGSSYNEQF,3
TRBV20-1,TRBJ2-1,SASSHGSYNEQF,1
TRBV20-1,TRBJ2-1,SASSHGVWGFDEQF,1
TRBV20-1,TRBJ2-1,SASSHHKGSYNEQF,1
TRBV20-1,TRBJ2-1,SASSHHLATYNEQF,3
TRBV20-1,TRBJ2-1,SASSHHNEQF,2
TRBV20-1,TRBJ2-1,SASSHIGGPYNEQF,1
TRBV20-1,TRBJ2-1,SASSHIKHFRNEQF,1
TRBV20-1,TRBJ2-1,SASSHKFGSFYNEQF,1
TRBV20-1,TRBJ2-1,SASSHLAGFYNEQF,1
TRBV20-1,TRBJ2-1,SASSHLAGSYNEQF,1
TRBV20-1,TRBJ2-1,SASSHLFSYNEQF,1
TRBV20-1,TRBJ2-1,SASSHLRDRGWDEQF,1
TRBV20-1,TRBJ2-1,SASSHNEQF,19
TRBV20-1,TRBJ2-1,SASSHNNEQF,1
TRBV20-1,TRBJ2-1,SASSHPGLAERYNEQF,1
TRBV20-1,TRBJ2-1,SASSHPGQDRF,5
TRBV20-1,TRBJ2-1,SASSHPGQYRF,1
TRBV20-1,TRBJ2-1,SASSHPGVQRRPYNEQF,1
TRBV20-1,TRBJ2-1,SASSHPPADEQF,5
TRBV20-1,TRBJ2-1,SASSHPRLAPYNEQF,1
TRBV20-1,TRBJ2-1,SASSHQGDTRNEQF,2
TRBV20-1,TRBJ2-1,SASSHQGGSGLSSYNEQF,1
TRBV20-1,TRBJ2-1,SASSHQRNEQF,1
TRBV20-1,TRBJ2-1,SASSHQSVGRVYNEQF,2
TRBV20-1,TRBJ2-1,SASSHRDSGLAFRPNEQF,1
TRBV20-1,TRBJ2-1,SASSHRDYNEQF,16
TRBV20-1,TRBJ2-1,SASSHRGLATYNEQF,1
TRBV20-1,TRBJ2-1,SASSHRGMYNEQF,1
TRBV20-1,TRBJ2-1,SASSHRLAGYSPLQRNEQF,1
TRBV20-1,TRBJ2-1,SASSHRTLAGGRKRYNEQF,1
TRBV20-1,TRBJ2-1,SASSHSGGSNNEQF,2
TRBV20-1,TRBJ2-1,SASSHSGNNEQF,2
TRBV20-1,TRBJ2-1,SASSHSGRPDEQF,4
TRBV20-1,TRBJ2-1,SASSHSGSSVYNEQF,1
TRBV20-1,TRBJ2-1,SASSHSGSSYNEQF,1
TRBV20-1,TRBJ2-1,SASSHSGTGSLDEQF,1
TRBV20-1,TRBJ2-1,SASSHSGTSGFNSYNEQF,1
TRBV20-1,TRBJ2-1,SASSHSGTSGVSSYNEQF,1
TRBV20-1,TRBJ2-1,SASSHSGYNEQF,3
TRBV20-1,TRBJ2-1,SASSHSSGIYNEQF,1
TRBV20-1,TRBJ2-1,SASSHSSYNEQF,3
TRBV20-1,TRBJ2-1,SASSHSYNEQF,9
TRBV20-1,TRBJ2-1,SASSHTENSYNEQF,1
TRBV20-1,TRBJ2-1,SASSHTHNEQF,1
TRBV20-1,TRBJ2-1,SASSHTRGVYNEQF,1
TRBV20-1,TRBJ2-1,SASSHTRSSYNEQF,1
TRBV20-1,TRBJ2-1,SASSHTSNEQF,1
TRBV20-1,TRBJ2-1,SASSHTYNEQF,1
TRBV20-1,TRBJ2-1,SASSHVAGGGYNEQF,1
TRBV20-1,TRBJ2-1,SASSHVYYNEQF,1
TRBV20-1,TRBJ2-1,SASSHWDSSSYNEQF,1
TRBV20-1,TRBJ2-1,SASSHYEEIPYNEQF,1
TRBV20-1,TRBJ2-1,SASSHYEQF,5
TRBV20-1,TRBJ2-1,SASSHYNEQF,4
TRBV20-1,TRBJ2-1,SASSHYQANEQF,1
TRBV20-1,TRBJ2-1,SASSHYSYNEQF,1
TRBV20-1,TRBJ2-1,SASSIAADLNEQF,1
TRBV20-1,TRBJ2-1,SASSIAESSYNEQF,2
TRBV20-1,TRBJ2-1,SASSIAGDSYNEQF,1
TRBV20-1,TRBJ2-1,SASSIAGDYEQF,1
TRBV20-1,TRBJ2-1,SASSIAGGFNEQF,1
TRBV20-1,TRBJ2-1,SASSIAGGIGDEQF,1
TRBV20-1,TRBJ2-1,SASSIAGGPLTSSYNEQF,1
TRBV20-1,TRBJ2-1,SASSIAGGPSYNEQF,1
TRBV20-1,TRBJ2-1,SASSIAGGPYNEQF,1
TRBV20-1,TRBJ2-1,SASSIAGGRYEQF,1
TRBV20-1,TRBJ2-1,SASSIAGINYNEQF,6
TRBV20-1,TRBJ2-1,SASSIAGNSYNEQF,1
TRBV20-1,TRBJ2-1,SASSIAGQAKGDEQF,1
TRBV20-1,TRBJ2-1,SASSIAGRGEEQF,3
TRBV20-1,TRBJ2-1,SASSIAGRNYNEQF,1
TRBV20-1,TRBJ2-1,SASSIAGSYNEQF,1
TRBV20-1,TRBJ2-1,SASSIAGTSYNEQF,1
TRBV20-1,TRBJ2-1,SASSIAGTYNEQF,1
TRBV20-1,TRBJ2-1,SASSIAGVAYNEQF,1
TRBV20-1,TRBJ2-1,SASSIAGVYNEQF,1
TRBV20-1,TRBJ2-1,SASSIAILYNEQF,2
TRBV20-1,TRBJ2-1,SASSIAISLLNEQF,1
TRBV20-1,TRBJ2-1,SASSIALAGGSNEQF,1
TRBV20-1,TRBJ2-1,SASSIALNEQF,1
TRBV20-1,TRBJ2-1,SASSIAPSYNEQF,1
TRBV20-1,TRBJ2-1,SASSIASGRDEQF,1
TRBV20-1,TRBJ2-1,SASSIAYEQF,2
TRBV20-1,TRBJ2-1,SASSIDGAGVRYNEQF,1
TRBV20-1,TRBJ2-1,SASSIDGDFPRDEQF,1
TRBV20-1,TRBJ2-1,SASSIDLRESYNEQF,1
TRBV20-1,TRBJ2-1,SASSIDLRKQNEQF,1
TRBV20-1,TRBJ2-1,SASSIDNEQF,2
TRBV20-1,TRBJ2-1,SASSIELAGDNEQF,1
TRBV20-1,TRBJ2-1,SASSIERGGVWNEQF,1
TRBV20-1,TRBJ2-1,SASSIFSREGRVNEQF,2
TRBV20-1,TRBJ2-1,SASSIGAGPYNEQF,1
TRBV20-1,TRBJ2-1,SASSIGALNNEQF,1
TRBV20-1,TRBJ2-1,SASSIGDEQF,1
TRBV20-1,TRBJ2-1,SASSIGDIYNEQF,1
TRBV20-1,TRBJ2-1,SASSIGEQF,4
TRBV20-1,TRBJ2-1,SASSIGGLAGGSSYNEQF,1
TRBV20-1,TRBJ2-1,SASSIGLAGVNEQF,1
TRBV20-1,TRBJ2-1,SASSIGLAGYNEQF,1
TRBV20-1,TRBJ2-1,SASSIGMVNEQF,1
TRBV20-1,TRBJ2-1,SASSIGNEQF,4
TRBV20-1,TRBJ2-1,SASSIGREGLPYNEQF,1
TRBV20-1,TRBJ2-1,SASSIGRPQEEF,1
TRBV20-1,TRBJ2-1,SASSIGSGPYNEQF,5
TRBV20-1,TRBJ2-1,SASSIGTGSNEQF,1
TRBV20-1,TRBJ2-1,SASSIGTSGSNEQF,1
TRBV20-1,TRBJ2-1,SASSIGYGNEQF,1
TRBV20-1,TRBJ2-1,SASSILAEVNEQF,1
TRBV20-1,TRBJ2-1,SASSILAGAYNEQF,1
TRBV20-1,TRBJ2-1,SASSILAGEYVNEQF,1
TRBV20-1,TRBJ2-1,SASSILAGGPNEQF,1
TRBV20-1,TRBJ2-1,SASSILAGSVDEQF,1
TRBV20-1,TRBJ2-1,SASSILASPYNEQF,1
TRBV20-1,TRBJ2-1,SASSILATSSYNEQF,1
TRBV20-1,TRBJ2-1,SASSILAVLSSYNEQF,1
TRBV20-1,TRBJ2-1,SASSILEQF,2
TRBV20-1,TRBJ2-1,SASSILGLALNNEQF,1
TRBV20-1,TRBJ2-1,SASSILQDFNEQF,1
TRBV20-1,TRBJ2-1,SASSIMRTDEQF,1
TRBV20-1,TRBJ2-1,SASSINEQF,6
TRBV20-1,TRBJ2-1,SASSINNEQF,2
TRBV20-1,TRBJ2-1,SASSIPGLAGGTAYNEQF,1
TRBV20-1,TRBJ2-1,SASSIPGLGGMGNEQF,1
TRBV20-1,TRBJ2-1,SASSIPINEQF,1
TRBV20-1,TRBJ2-1,SASSIPPGPNEQF,1
TRBV20-1,TRBJ2-1,SASSIPRTRYNEQF,1
TRBV20-1,TRBJ2-1,SASSIPSLNEQF,7
TRBV20-1,TRBJ2-1,SASSIPTLNEQF,1
TRBV20-1,TRBJ2-1,SASSIQAGGQGNEQF,1
TRBV20-1,TRBJ2-1,SASSIQGPYNEQF,2
TRBV20-1,TRBJ2-1,SASSIQGSHEQF,1
TRBV20-1,TRBJ2-1,SASSIQGVWNEQF,1
TRBV20-1,TRBJ2-1,SASSIQQQGGSSYNEQF,2
TRBV20-1,TRBJ2-1,SASSIQRAPVDNEQF,1
TRBV20-1,TRBJ2-1,SASSIRALYNEQF,1
TRBV20-1,TRBJ2-1,SASSIRASGLYNEQF,1
TRBV20-1,TRBJ2-1,SASSIRDHSYNEQF,1
TRBV20-1,TRBJ2-1,SASSIRDRGSDEQF,1
TRBV20-1,TRBJ2-1,SASSIRDRYNNEQF,1
TRBV20-1,TRBJ2-1,SASSIRGRRSHNEQF,1
TRBV20-1,TRBJ2-1,SASSIRGSSYNEQF,1
TRBV20-1,TRBJ2-1,SASSIRGWNEQF,1
TRBV20-1,TRBJ2-1,SASSIRGWYNEQF,1
TRBV20-1,TRBJ2-1,SASSIRHNEQF,1
TRBV20-1,TRBJ2-1,SASSIRLANEQF,1
TRBV20-1,TRBJ2-1,SASSIRLGDYNEQF,1
TRBV20-1,TRBJ2-1,SASSIRNEQF,1
TRBV20-1,TRBJ2-1,SASSIRSSYNEQF,1
TRBV20-1,TRBJ2-1,SASSIRSYNEQF,1
TRBV20-1,TRBJ2-1,SASSISGRAYNEQF,3
TRBV20-1,TRBJ2-1,SASSISGSGGDEQF,1
TRBV20-1,TRBJ2-1,SASSISGSVYSYNEQF,1
TRBV20-1,TRBJ2-1,SASSISGWGNEQF,1
TRBV20-1,TRBJ2-1,SASSISNEQF,2
TRBV20-1,TRBJ2-1,SASSISSYNEQF,6
TRBV20-1,TRBJ2-1,SASSISTNNEQF,9
TRBV20-1,TRBJ2-1,SASSISYNEQF,2
TRBV20-1,TRBJ2-1,SASSISYYNEQF,1
TRBV20-1,TRBJ2-1,SASSITGLYNEQF,1
TRBV20-1,TRBJ2-1,SASSITNEQF,1
TRBV20-1,TRBJ2-1,SASSITSGNNEQF,1
TRBV20-1,TRBJ2-1,SASSITSGSSGNNEQF,6
TRBV20-1,TRBJ2-1,SASSITYNEQF,1
TRBV20-1,TRBJ2-1,SASSITYSSSNEQF,1
TRBV20-1,TRBJ2-1,SASSIVGGGDEQC,1
TRBV20-1,TRBJ2-1,SASSIVGGGDEQF,3
TRBV20-1,TRBJ2-1,SASSIVSYNEQF,1
TRBV20-1,TRBJ2-1,SASSIWGSYNEQF,1
TRBV20-1,TRBJ2-1,SASSIWRESPYNEQF,1
TRBV20-1,TRBJ2-1,SASSIWTEDNEQF,1
TRBV20-1,TRBJ2-1,SASSIYGRSYNEQF,1
TRBV20-1,TRBJ2-1,SASSIYHNEQF,2
TRBV20-1,TRBJ2-1,SASSIYNEQF,6
TRBV20-1,TRBJ2-1,SASSIYRDRGNNEQF,1
TRBV20-1,TRBJ2-1,SASSIYYNEQF,1
TRBV20-1,TRBJ2-1,SASSKAGGFLNEQF,1
TRBV20-1,TRBJ2-1,SASSKAGGSYNEQF,1
TRBV20-1,TRBJ2-1,SASSKARYNEQF,1
TRBV20-1,TRBJ2-1,SASSKAYYYNEQF,1
TRBV20-1,TRBJ2-1,SASSKDGATVGSSYNEQF,1
TRBV20-1,TRBJ2-1,SASSKDGGYPLQDEQF,1
TRBV20-1,TRBJ2-1,SASSKDSPLWHEQF,1
TRBV20-1,TRBJ2-1,SASSKEDNEQF,2
TRBV20-1,TRBJ2-1,SASSKFRYPTYNEQF,1
TRBV20-1,TRBJ2-1,SASSKGDSSYNEQF,1
TRBV20-1,TRBJ2-1,SASSKGEGYEQF,1
TRBV20-1,TRBJ2-1,SASSKGELLFYEQF,1
TRBV20-1,TRBJ2-1,SASSKGELRYNEQF,3
TRBV20-1,TRBJ2-1,SASSKGGGVPYNEQF,2
TRBV20-1,TRBJ2-1,SASSKGGGYNEQF,1
TRBV20-1,TRBJ2-1,SASSKGGLSYNEQF,5
TRBV20-1,TRBJ2-1,SASSKGGTLGNEQF,1
TRBV20-1,TRBJ2-1,SASSKGHPIHEQF,1
TRBV20-1,TRBJ2-1,SASSKGLLSPNEQF,1
TRBV20-1,TRBJ2-1,SASSKGQGSYNEQF,1
TRBV20-1,TRBJ2-1,SASSKGQGYNEQF,1
TRBV20-1,TRBJ2-1,SASSKGRYNEQF,1
TRBV20-1,TRBJ2-1,SASSKGTSYEQF,1
TRBV20-1,TRBJ2-1,SASSKGYNEQF,1
TRBV20-1,TRBJ2-1,SASSKIAGDEQF,1
TRBV20-1,TRBJ2-1,SASSKLAEENYYNEQF,1
TRBV20-1,TRBJ2-1,SASSKLGNEQF,3
TRBV20-1,TRBJ2-1,SASSKLTSYNEQF,1
TRBV20-1,TRBJ2-1,SASSKNEQF,18
TRBV20-1,TRBJ2-1,SASSKNRNEQF,1
TRBV20-1,TRBJ2-1,SASSKNRNYNEQF,1
TRBV20-1,TRBJ2-1,SASSKPKQF,7
TRBV20-1,TRBJ2-1,SASSKPQAAGGPHEQF,5
TRBV20-1,TRBJ2-1,SASSKPYNEQF,1
TRBV20-1,TRBJ2-1,SASSKQGHSYNEQF,1
TRBV20-1,TRBJ2-1,SASSKQREVLNEQF,2
TRBV20-1,TRBJ2-1,SASSKREPGNEQF,1
TRBV20-1,TRBJ2-1,SASSKREQF,5
TRBV20-1,TRBJ2-1,SASSKRGSPNEQF,1
TRBV20-1,TRBJ2-1,SASSKRGSSYNEQF,1
TRBV20-1,TRBJ2-1,SASSKRGTLYNEQF,1
TRBV20-1,TRBJ2-1,SASSKRSIYNEQF,1
TRBV20-1,TRBJ2-1,SASSKRTRGYNEQF,1
TRBV20-1,TRBJ2-1,SASSKSGLGNNEQF,1
TRBV20-1,TRBJ2-1,SASSKSGSSYNEQF,1
TRBV20-1,TRBJ2-1,SASSKSGSWNEQF,2
TRBV20-1,TRBJ2-1,SASSKSRDFRTYNEQF,1
TRBV20-1,TRBJ2-1,SASSKSSGLHNEQF,1
TRBV20-1,TRBJ2-1,SASSKSSYNEQF,4
TRBV20-1,TRBJ2-1,SASSKTADSYNEQF,1
TRBV20-1,TRBJ2-1,SASSKTSGFNNEQF,1
TRBV20-1,TRBJ2-1,SASSKVGGTYNEQF,1
TRBV20-1,TRBJ2-1,SASSKVNEQF,1
TRBV20-1,TRBJ2-1,SASSKVPLREPRNEQF,1
TRBV20-1,TRBJ2-1,SASSKVRNEQF,3
TRBV20-1,TRBJ2-1,SASSKWTSGINEQF,2
TRBV20-1,TRBJ2-1,SASSLAAAYNEQF,1
TRBV20-1,TRBJ2-1,SASSLAAGGYNEQF,1
TRBV20-1,TRBJ2-1,SASSLAAGSYNEQF,1
TRBV20-1,TRBJ2-1,SASSLAAIYNEQF,1
TRBV20-1,TRBJ2-1,SASSLAALRSYNEQF,1
TRBV20-1,TRBJ2-1,SASSLAALSYNEQF,1
TRBV20-1,TRBJ2-1,SASSLAANEQF,3
TRBV20-1,TRBJ2-1,SASSLAANSYNEQF,1
TRBV20-1,TRBJ2-1,SASSLAASDHNEQF,1
TRBV20-1,TRBJ2-1,SASSLAASSYNEQF,6
TRBV20-1,TRBJ2-1,SASSLAASYNEQF,11
TRBV20-1,TRBJ2-1,SASSLAATSYNEQF,1
TRBV20-1,TRBJ2-1,SASSLAATYNEQF,2
TRBV20-1,TRBJ2-1,SASSLAAVGYNEQF,1
TRBV20-1,TRBJ2-1,SASSLAAWDEQF,1
TRBV20-1,TRBJ2-1,SASSLAAYNEQF,9
TRBV20-1,TRBJ2-1,SASSLACYNEQF,1
TRBV20-1,TRBJ2-1,SASSLADFYNEQF,1
TRBV20-1,TRBJ2-1,SASSLADIYNEQF,1
TRBV20-1,TRBJ2-1,SASSLADNEQF,7
TRBV20-1,TRBJ2-1,SASSLADNNEQF,2
TRBV20-1,TRBJ2-1,SASSLADNYNEQF,1
TRBV20-1,TRBJ2-1,SASSLADSYNEQF,6
TRBV20-1,TRBJ2-1,SASSLADTYNEQF,2
TRBV20-1,TRBJ2-1,SASSLADYNEQF,5
TRBV20-1,TRBJ2-1,SASSLADYYNEQF,1
TRBV20-1,TRBJ2-1,SASSLAEAMVKQS,1
TRBV20-1,TRBJ2-1,SASSLAEAYNEQF,1
TRBV20-1,TRBJ2-1,SASSLAEDYNEQF,1
TRBV20-1,TRBJ2-1,SASSLAEGVYNEQF,1
TRBV20-1,TRBJ2-1,SASSLAEKYNEQF,1
TRBV20-1,TRBJ2-1,SASSLAEPRADDEQF,1
TRBV20-1,TRBJ2-1,SASSLAESSYNEQF,1
TRBV20-1,TRBJ2-1,SASSLAETYNEQF,2
TRBV20-1,TRBJ2-1,SASSLAEVTYNEQF,1
TRBV20-1,TRBJ2-1,SASSLAEYNEQF,7
TRBV20-1,TRBJ2-1,SASSLAFDEQF,1
TRBV20-1,TRBJ2-1,SASSLAFNEQF,3
TRBV20-1,TRBJ2-1,SASSLAFYNEQF,1
TRBV20-1,TRBJ2-1,SASSLAGAASSYNEQF,1
TRBV20-1,TRBJ2-1,SASSLAGADNEQF,2
TRBV20-1,TRBJ2-1,SASSLAGAEGYNEQF,1
TRBV20-1,TRBJ2-1,SASSLAGAFYNEQF,1
TRBV20-1,TRBJ2-1,SASSLAGAGSYNEQF,1
TRBV20-1,TRBJ2-1,SASSLAGAHNEQF,9
TRBV20-1,TRBJ2-1,SASSLAGAHYNEQF,3
TRBV20-1,TRBJ2-1,SASSLAGAIGISYNEQF,1
TRBV20-1,TRBJ2-1,SASSLAGAIHKEQF,1
TRBV20-1,TRBJ2-1,SASSLAGAIHNEQF,4
TRBV20-1,TRBJ2-1,SASSLAGALISYNEQF,1
TRBV20-1,TRBJ2-1,SASSLAGALRSYNEQF,1
TRBV20-1,TRBJ2-1,SASSLAGALYNEQF,1
TRBV20-1,TRBJ2-1,SASSLAGANEQF,1
TRBV20-1,TRBJ2-1,SASSLAGANKYNEQF,1
TRBV20-1,TRBJ2-1,SASSLAGAPDNEQF,1
TRBV20-1,TRBJ2-1,SASSLAGAPSYNEQF,3
TRBV20-1,TRBJ2-1,SASSLAGAQSYNEQF,1
TRBV20-1,TRBJ2-1,SASSLAGAQYNEQF,3
TRBV20-1,TRBJ2-1,SASSLAGARSGYNEQF,1
TRBV20-1,TRBJ2-1,SASSLAGARSYNEQF,1
TRBV20-1,TRBJ2-1,SASSLAGARYNEQF,8
TRBV20-1,TRBJ2-1,SASSLAGASIRDEQF,1
TRBV20-1,TRBJ2-1,SASSLAGASSYNEQF,4
TRBV20-1,TRBJ2-1,SASSLAGASWVNEQF,1
TRBV20-1,TRBJ2-1,SASSLAGASYNEQF,3
TRBV20-1,TRBJ2-1,SASSLAGATYNEQF,2
TRBV20-1,TRBJ2-1,SASSLAGAVGEQF,3
TRBV20-1,TRBJ2-1,SASSLAGAVYNEQF,4
TRBV20-1,TRBJ2-1,SASSLAGAYHEQF,1
TRBV20-1,TRBJ2-1,SASSLAGAYNEQF,9
TRBV20-1,TRBJ2-1,SASSLAGDAYEQF,1
TRBV20-1,TRBJ2-1,SASSLAGDEQF,1
TRBV20-1,TRBJ2-1,SASSLAGDGNEQF,4
TRBV20-1,TRBJ2-1,SASSLAGDGSYNEQF,1
TRBV20-1,TRBJ2-1,SASSLAGDNEQF,12
TRBV20-1,TRBJ2-1,SASSLAGDNFYNEQF,1
TRBV20-1,TRBJ2-1,SASSLAGDRNEQF,1
TRBV20-1,TRBJ2-1,SASSLAGDRYNEQF,1
TRBV20-1,TRBJ2-1,SASSLAGDSYNEQF,8
TRBV20-1,TRBJ2-1,SASSLAGDTNEQF,5
TRBV20-1,TRBJ2-1,SASSLAGDYNEQF,4
TRBV20-1,TRBJ2-1,SASSLAGEDEQF,1
TRBV20-1,TRBJ2-1,SASSLAGEDNEQF,1
TRBV20-1,TRBJ2-1,SASSLAGEGEQF,4
TRBV20-1,TRBJ2-1,SASSLAGEGNEQF,1
TRBV20-1,TRBJ2-1,SASSLAGEGSYNEQF,1
TRBV20-1,TRBJ2-1,SASSLAGEGYNEQF,1
TRBV20-1,TRBJ2-1,SASSLAGEHFYNEQF,1
TRBV20-1,TRBJ2-1,SASSLAGENEQF,1
TRBV20-1,TRBJ2-1,SASSLAGENRNEQF,1
TRBV20-1,TRBJ2-1,SASSLAGEQYDEQF,1
TRBV20-1,TRBJ2-1,SASSLAGERLQNEQF,1
TRBV20-1,TRBJ2-1,SASSLAGESYNEQF,2
TRBV20-1,TRBJ2-1,SASSLAGETYNEQF,1
TRBV20-1,TRBJ2-1,SASSLAGEVNEQF,1
TRBV20-1,TRBJ2-1,SASSLAGEVSYNEQF,2
TRBV20-1,TRBJ2-1,SASSLAGEYEQF,1
TRBV20-1,TRBJ2-1,SASSLAGEYNEQF,1
TRBV20-1,TRBJ2-1,SASSLAGEYPYNEQF,1
TRBV20-1,TRBJ2-1,SASSLAGFDEQF,1
TRBV20-1,TRBJ2-1,SASSLAGFKYNEQF,1
TRBV20-1,TRBJ2-1,SASSLAGFNEQF,3
TRBV20-1,TRBJ2-1,SASSLAGGADEQF,1
TRBV20-1,TRBJ2-1,SASSLAGGDNEQF,2
TRBV20-1,TRBJ2-1,SASSLAGGFLYEQF,1
TRBV20-1,TRBJ2-1,SASSLAGGFNEQF,1
TRBV20-1,TRBJ2-1,SASSLAGGFPGYNEQF,1
TRBV20-1,TRBJ2-1,SASSLAGGFYNEQF,1
TRBV20-1,TRBJ2-1,SASSLAGGGDNEQF,1
TRBV20-1,TRBJ2-1,SASSLAGGGNEQF,7
TRBV20-1,TRBJ2-1,SASSLAGGGVLVNEQF,10
TRBV20-1,TRBJ2-1,SASSLAGGGYEQF,1
TRBV20-1,TRBJ2-1,SASSLAGGGYNEQF,5
TRBV20-1,TRBJ2-1,SASSLAGGHEQF,1
TRBV20-1,TRBJ2-1,SASSLAGGHNEQF,1
TRBV20-1,TRBJ2-1,SASSLAGGHSEQF,4
TRBV20-1,TRBJ2-1,SASSLAGGIDYNEQF,1
TRBV20-1,TRBJ2-1,SASSLAGGINEQF,1
TRBV20-1,TRBJ2-1,SASSLAGGIYNEQF,4
TRBV20-1,TRBJ2-1,SASSLAGGKYNEQF,1
TRBV20-1,TRBJ2-1,SASSLAGGLHEQF,1
TRBV20-1,TRBJ2-1,SASSLAGGLISYNEQF,1
TRBV20-1,TRBJ2-1,SASSLAGGLPGWSYNEQF,1
TRBV20-1,TRBJ2-1,SASSLAGGLRSYNEQF,1
TRBV20-1,TRBJ2-1,SASSLAGGLSSYNEQF,1
TRBV20-1,TRBJ2-1,SASSLAGGLSYNEQF,1
TRBV20-1,TRBJ2-1,SASSLAGGLVSYNEQF,1
TRBV20-1,TRBJ2-1,SASSLAGGLYNEQF,1
TRBV20-1,TRBJ2-1,SASSLAGGLYVNEQF,1
TRBV20-1,TRBJ2-1,SASSLAGGMADEQF,1
TRBV20-1,TRBJ2-1,SASSLAGGNEQF,12
TRBV20-1,TRBJ2-1,SASSLAGGNYNEQF,1
TRBV20-1,TRBJ2-1,SASSLAGGPGNEQF,2
TRBV20-1,TRBJ2-1,SASSLAGGPGSYNEQF,1
TRBV20-1,TRBJ2-1,SASSLAGGPIDEQF,1
TRBV20-1,TRBJ2-1,SASSLAGGPLDNEQF,1
TRBV20-1,TRBJ2-1,SASSLAGGPLNEQF,1
TRBV20-1,TRBJ2-1,SASSLAGGPNEQF,2
TRBV20-1,TRBJ2-1,SASSLAGGPRNEQF,1
TRBV20-1,TRBJ2-1,SASSLAGGPRRANEQF,1
TRBV20-1,TRBJ2-1,SASSLAGGPRSDEQF,1
TRBV20-1,TRBJ2-1,SASSLAGGPSYNEQF,6
TRBV20-1,TRBJ2-1,SASSLAGGPTSGNEQF,1
TRBV20-1,TRBJ2-1,SASSLAGGPVSNEQF,3
TRBV20-1,TRBJ2-1,SASSLAGGPYNEQF,2
TRBV20-1,TRBJ2-1,SASSLAGGQF,3
TRBV20-1,TRBJ2-1,SASSLAGGQNEQF,3
TRBV20-1,TRBJ2-1,SASSLAGGQSSYNEKF,1
TRBV20-1,TRBJ2-1,SASSLAGGQSSYNELF,1
TRBV20-1,TRBJ2-1,SASSLAGGQSSYNEQF,6
TRBV20-1,TRBJ2-1,SASSLAGGQYNEQF,3
TRBV20-1,TRBJ2-1,SASSLAGGRASYNEQF,1
TRBV20-1,TRBJ2-1,SASSLAGGRAYNEQF,2
TRBV20-1,TRBJ2-1,SASSLAGGRNEQF,2
TRBV20-1,TRBJ2-1,SASSLAGGRNNEQF,2
TRBV20-1,TRBJ2-1,SASSLAGGRNYNEQF,1
TRBV20-1,TRBJ2-1,SASSLAGGRPDEQF,1
TRBV20-1,TRBJ2-1,SASSLAGGRRNEQF,1
TRBV20-1,TRBJ2-1,SASSLAGGRSSYNEQF,2
TRBV20-1,TRBJ2-1,SASSLAGGRSYNEQF,2
TRBV20-1,TRBJ2-1,SASSLAGGRTSYNEQF,1
TRBV20-1,TRBJ2-1,SASSLAGGRYNEQF,1
TRBV20-1,TRBJ2-1,SASSLAGGSGSYNEQF,1
TRBV20-1,TRBJ2-1,SASSLAGGSNEQF,1
TRBV20-1,TRBJ2-1,SASSLAGGSSYNEQF,2
TRBV20-1,TRBJ2-1,SASSLAGGSYNEQF,6
TRBV20-1,TRBJ2-1,SASSLAGGTGSSYNEQF,1
TRBV20-1,TRBJ2-1,SASSLAGGTNEQF,1
TRBV20-1,TRBJ2-1,SASSLAGGTSYNEQF,1
TRBV20-1,TRBJ2-1,SASSLAGGTYKGQL,1
TRBV20-1,TRBJ2-1,SASSLAGGTYNEQF,23
TRBV20-1,TRBJ2-1,SASSLAGGTYNEQS,1
TRBV20-1,TRBJ2-1,SASSLAGGVSSYNEQF,1
TRBV20-1,TRBJ2-1,SASSLAGGVYNEQF,3
TRBV20-1,TRBJ2-1,SASSLAGGWGDEQF,1
TRBV20-1,TRBJ2-1,SASSLAGGWGNEQF,2
TRBV20-1,TRBJ2-1,SASSLAGGWNEQF,5
TRBV20-1,TRBJ2-1,SASSLAGGYEQF,3
TRBV20-1,TRBJ2-1,SASSLAGGYNEQF,13
TRBV20-1,TRBJ2-1,SASSLAGHNEQF,1
TRBV20-1,TRBJ2-1,SASSLAGHSYNEQF,1
TRBV20-1,TRBJ2-1,SASSLAGHVNEQF,1
TRBV20-1,TRBJ2-1,SASSLAGHYNEQF,1
TRBV20-1,TRBJ2-1,SASSLAGIDNEQF,2
TRBV20-1,TRBJ2-1,SASSLAGIHEQF,1
TRBV20-1,TRBJ2-1,SASSLAGILNEQF,1
TRBV20-1,TRBJ2-1,SASSLAGINEQF,1
TRBV20-1,TRBJ2-1,SASSLAGISSYNEQF,1
TRBV20-1,TRBJ2-1,SASSLAGIVYNEQF,1
TRBV20-1,TRBJ2-1,SASSLAGIYNEQF,2
TRBV20-1,TRBJ2-1,SASSLAGIYYVQF,1
TRBV20-1,TRBJ2-1,SASSLAGKDYNEQF,1
TRBV20-1,TRBJ2-1,SASSLAGKYNEQF,1
TRBV20-1,TRBJ2-1,SASSLAGLAGVDEQF,1
TRBV20-1,TRBJ2-1,SASSLAGLAVRGNEQF,1
TRBV20-1,TRBJ2-1,SASSLAGLFSYNEQF,1
TRBV20-1,TRBJ2-1,SASSLAGLGNEQF,1
TRBV20-1,TRBJ2-1,SASSLAGLHEQF,6
TRBV20-1,TRBJ2-1,SASSLAGLHYNEQF,1
TRBV20-1,TRBJ2-1,SASSLAGLLNEQF,1
TRBV20-1,TRBJ2-1,SASSLAGLNEQF,3
TRBV20-1,TRBJ2-1,SASSLAGLSYNEQF,1
TRBV20-1,TRBJ2-1,SASSLAGLYNEQF,6
TRBV20-1,TRBJ2-1,SASSLAGMNEQF,2
TRBV20-1,TRBJ2-1,SASSLAGNEQF,14
TRBV20-1,TRBJ2-1,SASSLAGNNEQF,5
TRBV20-1,TRBJ2-1,SASSLAGNSESYNEQF,1
TRBV20-1,TRBJ2-1,SASSLAGNYNEQF,2
TRBV20-1,TRBJ2-1,SASSLAGPDYNEQF,1
TRBV20-1,TRBJ2-1,SASSLAGPNEQF,1
TRBV20-1,TRBJ2-1,SASSLAGPSNEQF,1
TRBV20-1,TRBJ2-1,SASSLAGPTYNEQF,1
TRBV20-1,TRBJ2-1,SASSLAGPYNEQF,4
TRBV20-1,TRBJ2-1,SASSLAGQASSYNEQF,1
TRBV20-1,TRBJ2-1,SASSLAGQNEQF,1
TRBV20-1,TRBJ2-1,SASSLAGRDEQF,2
TRBV20-1,TRBJ2-1,SASSLAGRGDKGQF,2
TRBV20-1,TRBJ2-1,SASSLAGRNEQF,3
TRBV20-1,TRBJ2-1,SASSLAGRPNEQF,1
TRBV20-1,TRBJ2-1,SASSLAGRYNEQF,2
TRBV20-1,TRBJ2-1,SASSLAGSIYNEQF,1
TRBV20-1,TRBJ2-1,SASSLAGSLDEQF,1
TRBV20-1,TRBJ2-1,SASSLAGSLTYNEQF,1
TRBV20-1,TRBJ2-1,SASSLAGSNEQF,1
TRBV20-1,TRBJ2-1,SASSLAGSPVGAYNEQF,1
TRBV20-1,TRBJ2-1,SASSLAGSRHNEQF,1
TRBV20-1,TRBJ2-1,SASSLAGSRNEQF,1
TRBV20-1,TRBJ2-1,SASSLAGSSNEQF,1
TRBV20-1,TRBJ2-1,SASSLAGSSSYNEQF,1
TRBV20-1,TRBJ2-1,SASSLAGSSYNEQF,13
TRBV20-1,TRBJ2-1,SASSLAGSTYNEQF,1
TRBV20-1,TRBJ2-1,SASSLAGSYNEQF,13
TRBV20-1,TRBJ2-1,SASSLAGTDEQF,1
TRBV20-1,TRBJ2-1,SASSLAGTEQF,20
TRBV20-1,TRBJ2-1,SASSLAGTFSYNEQF,1
TRBV20-1,TRBJ2-1,SASSLAGTNEQF,2
TRBV20-1,TRBJ2-1,SASSLAGTSSYNEQF,1
TRBV20-1,TRBJ2-1,SASSLAGTSTYNEQF,1
TRBV20-1,TRBJ2-1,SASSLAGTYNEQF,10
TRBV20-1,TRBJ2-1,SASSLAGVDEQF,2
TRBV20-1,TRBJ2-1,SASSLAGVFNEQF,2
TRBV20-1,TRBJ2-1,SASSLAGVFSYKEQF,1
TRBV20-1,TRBJ2-1,SASSLAGVFSYNEQF,5
TRBV20-1,TRBJ2-1,SASSLAGVGDEQF,1
TRBV20-1,TRBJ2-1,SASSLAGVGDNEQF,1
TRBV20-1,TRBJ2-1,SASSLAGVGNEQF,3
TRBV20-1,TRBJ2-1,SASSLAGVHNEQF,2
TRBV20-1,TRBJ2-1,SASSLAGVHSYNEQF,2
TRBV20-1,TRBJ2-1,SASSLAGVLYNEQF,1
TRBV20-1,TRBJ2-1,SASSLAGVNEQF,16
TRBV20-1,TRBJ2-1,SASSLAGVNNEQF,4
TRBV20-1,TRBJ2-1,SASSLAGVPSYNEQF,4
TRBV20-1,TRBJ2-1,SASSLAGVSNEQF,2
TRBV20-1,TRBJ2-1,SASSLAGVSYNEQF,4
TRBV20-1,TRBJ2-1,SASSLAGVVPYNEQF,1
TRBV20-1,TRBJ2-1,SASSLAGVWNEQF,3
TRBV20-1,TRBJ2-1,SASSLAGVYEQF,5
TRBV20-1,TRBJ2-1,SASSLAGVYNEQF,11
TRBV20-1,TRBJ2-1,SASSLAGVYYNEQF,1
TRBV20-1,TRBJ2-1,SASSLAGWDEQF,1
TRBV20-1,TRBJ2-1,SASSLAGWLNEQF,1
TRBV20-1,TRBJ2-1,SASSLAGYNEQF,19
TRBV20-1,TRBJ2-1,SASSLAGYWNEQF,1
TRBV20-1,TRBJ2-1,SASSLAHDSYNEQF,1
TRBV20-1,TRBJ2-1,SASSLAHNEQF,1
TRBV20-1,TRBJ2-1,SASSLAHPNEQF,1
TRBV20-1,TRBJ2-1,SASSLAHSYNEQF,1
TRBV20-1,TRBJ2-1,SASSLAIVGSYNEQF,1
TRBV20-1,TRBJ2-1,SASSLAIYEQF,3
TRBV20-1,TRBJ2-1,SASSLALNEQF,3
TRBV20-1,TRBJ2-1,SASSLALSYNEQF,2
TRBV20-1,TRBJ2-1,SASSLALYNEQF,20
TRBV20-1,TRBJ2-1,SASSLAMERRAGNEQF,6
TRBV20-1,TRBJ2-1,SASSLANEQF,8
TRBV20-1,TRBJ2-1,SASSLANNEQF,1
TRBV20-1,TRBJ2-1,SASSLANYNEQF,2
TRBV20-1,TRBJ2-1,SASSLAPKNEQF,1
TRBV20-1,TRBJ2-1,SASSLAPSYNEQF,1
TRBV20-1,TRBJ2-1,SASSLAPYNEQF,4
TRBV20-1,TRBJ2-1,SASSLARASYNEQF,4
TRBV20-1,TRBJ2-1,SASSLARDCNEQF,1
TRBV20-1,TRBJ2-1,SASSLARDYNEQF,7
TRBV20-1,TRBJ2-1,SASSLAREYKEQF,1
TRBV20-1,TRBJ2-1,SASSLARNEQF,1
TRBV20-1,TRBJ2-1,SASSLARSSYNEQF,1
TRBV20-1,TRBJ2-1,SASSLARSYNEQF,1
TRBV20-1,TRBJ2-1,SASSLARTYNEQF,1
TRBV20-1,TRBJ2-1,SASSLARVNEQF,1
TRBV20-1,TRBJ2-1,SASSLARVYEQF,1
TRBV20-1,TRBJ2-1,SASSLARYNEQF,1
TRBV20-1,TRBJ2-1,SASSLASDEQF,3
TRBV20-1,TRBJ2-1,SASSLASGFSYNEQF,1
TRBV20-1,TRBJ2-1,SASSLASGGQATYNEQF,1
TRBV20-1,TRBJ2-1,SASSLASGGRNWGNEQF,1
TRBV20-1,TRBJ2-1,SASSLASGQYNEQF,1
TRBV20-1,TRBJ2-1,SASSLASGSHEQF,1
TRBV20-1,TRBJ2-1,SASSLASGSHNEQF,1
TRBV20-1,TRBJ2-1,SASSLASGSYNEQF,2
TRBV20-1,TRBJ2-1,SASSLASHYNEQF,1
TRBV20-1,TRBJ2-1,SASSLASISYNEQF,1
TRBV20-1,TRBJ2-1,SASSLASLLIYNEQF,1
TRBV20-1,TRBJ2-1,SASSLASSSYNEQF,1
TRBV20-1,TRBJ2-1,SASSLASSYNEQF,2
TRBV20-1,TRBJ2-1,SASSLASWDNEQF,1
TRBV20-1,TRBJ2-1,SASSLASYNEQF,2
TRBV20-1,TRBJ2-1,SASSLATDYNEQF,1
TRBV20-1,TRBJ2-1,SASSLATNNEQF,1
TRBV20-1,TRBJ2-1,SASSLATNYEQF,1
TRBV20-1,TRBJ2-1,SASSLATSGNNEQF,1
TRBV20-1,TRBJ2-1,SASSLAVAVGEQF,2
TRBV20-1,TRBJ2-1,SASSLAVIVGDEQF,1
TRBV20-1,TRBJ2-1,SASSLAVMYNEQF,1
TRBV20-1,TRBJ2-1,SASSLAVNEQF,1
TRBV20-1,TRBJ2-1,SASSLAVPYNDQF,1
TRBV20-1,TRBJ2-1,SASSLAVPYNEQF,14
TRBV20-1,TRBJ2-1,SASSLAVSYNEQF,2
TRBV20-1,TRBJ2-1,SASSLAVSYNVQF,1
TRBV20-1,TRBJ2-1,SASSLAVTYNEQF,5
TRBV20-1,TRBJ2-1,SASSLAVTYSEQF,1
TRBV20-1,TRBJ2-1,SASSLAVVGNEQF,1
TRBV20-1,TRBJ2-1,SASSLAVVYNEQF,1
TRBV20-1,TRBJ2-1,SASSLAVYNEQF,12
TRBV20-1,TRBJ2-1,SASSLAWGYNEQF,4
TRBV20-1,TRBJ2-1,SASSLAYDEQF,1
TRBV20-1,TRBJ2-1,SASSLAYNEQF,1
TRBV20-1,TRBJ2-1,SASSLAYPNEQF,1
TRBV20-1,TRBJ2-1,SASSLAYYNEQF,1
TRBV20-1,TRBJ2-1,SASSLDEQF,10
TRBV20-1,TRBJ2-1,SASSLDGNHNEKQF,2
TRBV20-1,TRBJ2-1,SASSLDGRAYNEQF,2
TRBV20-1,TRBJ2-1,SASSLDHNEQF,1
TRBV20-1,TRBJ2-1,SASSLDHPLNSYNEQF,2
TRBV20-1,TRBJ2-1,SASSLDLYNEQF,2
TRBV20-1,TRBJ2-1,SASSLDNEQF,3
TRBV20-1,TRBJ2-1,SASSLDNNEQF,1
TRBV20-1,TRBJ2-1,SASSLDPYNEQF,1
TRBV20-1,TRBJ2-1,SASSLDQVDEQF,1
TRBV20-1,TRBJ2-1,SASSLDRALYNEQF,1
TRBV20-1,TRBJ2-1,SASSLDRAYNEQF,1
TRBV20-1,TRBJ2-1,SASSLDREVPYNEQF,1
TRBV20-1,TRBJ2-1,SASSLDRGGRDEQF,1
TRBV20-1,TRBJ2-1,SASSLDRGIGNEQF,1
TRBV20-1,TRBJ2-1,SASSLDRLYNEQF,1
TRBV20-1,TRBJ2-1,SASSLDRTIHNEQF,1
TRBV20-1,TRBJ2-1,SASSLDSDNEQF,1
TRBV20-1,TRBJ2-1,SASSLDSGSYNEQF,1
TRBV20-1,TRBJ2-1,SASSLDSYNEQF,2
TRBV20-1,TRBJ2-1,SASSLDYYNEQF,1
TRBV20-1,TRBJ2-1,SASSLEAIAYNEQF,1
TRBV20-1,TRBJ2-1,SASSLEASSYNEQF,1
TRBV20-1,TRBJ2-1,SASSLEEHNEQF,1
TRBV20-1,TRBJ2-1,SASSLEGDSYNEQF,1
TRBV20-1,TRBJ2-1,SASSLEGDTYNEQF,1
TRBV20-1,TRBJ2-1,SASSLEGGNEQF,1
TRBV20-1,TRBJ2-1,SASSLEGQGYNEQF,3
TRBV20-1,TRBJ2-1,SASSLEGYNEQF,1
TRBV20-1,TRBJ2-1,SASSLENAYNEQF,3
TRBV20-1,TRBJ2-1,SASSLEPNFYNEQF,1
TRBV20-1,TRBJ2-1,SASSLESIDNEQF,4
TRBV20-1,TRBJ2-1,SASSLESSYNEQF,1
TRBV20-1,TRBJ2-1,SASSLETNNNEQF,1
TRBV20-1,TRBJ2-1,SASSLETSSYNEQF,1
TRBV20-1,TRBJ2-1,SASSLETYNEQF,1
TRBV20-1,TRBJ2-1,SASSLEWIIAVYNEQF,1
TRBV20-1,TRBJ2-1,SASSLEYLNNEQF,1
TRBV20-1,TRBJ2-1,SASSLEYNEQF,1
TRBV20-1,TRBJ2-1,SASSLFDEQF,1
TRBV20-1,TRBJ2-1,SASSLFEQF,1
TRBV20-1,TRBJ2-1,SASSLFGYNNEQF,1
TRBV20-1,TRBJ2-1,SASSLFRREGLVDNEQF,1
TRBV20-1,TRBJ2-1,SASSLGAGDTYNEQF,1
TRBV20-1,TRBJ2-1,SASSLGASSYNEQF,2
TRBV20-1,TRBJ2-1,SASSLGAVYNEQF,1
TRBV20-1,TRBJ2-1,SASSLGAYNEQF,1
TRBV20-1,TRBJ2-1,SASSLGDEQF,1
TRBV20-1,TRBJ2-1,SASSLGDGHEQF,3
TRBV20-1,TRBJ2-1,SASSLGDNEQF,1
TRBV20-1,TRBJ2-1,SASSLGDSYNEQF,2
TRBV20-1,TRBJ2-1,SASSLGFNEQF,4
TRBV20-1,TRBJ2-1,SASSLGGAENEQF,1
TRBV20-1,TRBJ2-1,SASSLGGAYNEQF,1
TRBV20-1,TRBJ2-1,SASSLGGDNEQF,1
TRBV20-1,TRBJ2-1,SASSLGGEDEQF,1
TRBV20-1,TRBJ2-1,SASSLGGEYSYNEQF,1
TRBV20-1,TRBJ2-1,SASSLGGFYNEQF,3
TRBV20-1,TRBJ2-1,SASSLGGGAAYEQF,1
TRBV20-1,TRBJ2-1,SASSLGGGKTYNEQF,1
TRBV20-1,TRBJ2-1,SASSLGGGSYNEQF,1
TRBV20-1,TRBJ2-1,SASSLGGLANEQF,1
TRBV20-1,TRBJ2-1,SASSLGGLISSYNEQF,1
TRBV20-1,TRBJ2-1,SASSLGGLSYNEQF,6
TRBV20-1,TRBJ2-1,SASSLGGMNEQF,1
TRBV20-1,TRBJ2-1,SASSLGGNEQF,1
TRBV20-1,TRBJ2-1,SASSLGGNQPYNEQF,1
TRBV20-1,TRBJ2-1,SASSLGGNTNEQF,1
TRBV20-1,TRBJ2-1,SASSLGGPNEQF,1
TRBV20-1,TRBJ2-1,SASSLGGPYNEQF,1
TRBV20-1,TRBJ2-1,SASSLGGRKGGPLNSYNEQF,1
TRBV20-1,TRBJ2-1,SASSLGGRNHNEQF,1
TRBV20-1,TRBJ2-1,SASSLGGRTYNEQF,1
TRBV20-1,TRBJ2-1,SASSLGGSLNEQF,4
TRBV20-1,TRBJ2-1,SASSLGGSNEQF,1
TRBV20-1,TRBJ2-1,SASSLGGSSYNEQF,2
TRBV20-1,TRBJ2-1,SASSLGGTVG,3
TRBV20-1,TRBJ2-1,SASSLGGTYNEQF,1
TRBV20-1,TRBJ2-1,SASSLGGYNHNEQF,1
TRBV20-1,TRBJ2-1,SASSLGHKDNEQF,1
TRBV20-1,TRBJ2-1,SASSLGIYNEQF,1
TRBV20-1,TRBJ2-1,SASSLGLAEFYNEQF,1
TRBV20-1,TRBJ2-1,SASSLGLAGGLGNEQF,1
TRBV20-1,TRBJ2-1,SASSLGLAGGLGYNEQF,1
TRBV20-1,TRBJ2-1,SASSLGLAGGPLYNEQF,2
TRBV20-1,TRBJ2-1,SASSLGLAGGRGYNEQF,1
TRBV20-1,TRBJ2-1,SASSLGLAGLSSYNEQF,1
TRBV20-1,TRBJ2-1,SASSLGLAGSPYNEQF,1
TRBV20-1,TRBJ2-1,SASSLGLAGTGYEQF,1
TRBV20-1,TRBJ2-1,SASSLGLAGVNEQF,1
TRBV20-1,TRBJ2-1,SASSLGLASDNEQF,1
TRBV20-1,TRBJ2-1,SASSLGLAVNEQF,1
TRBV20-1,TRBJ2-1,SASSLGLDYNEQF,1
TRBV20-1,TRBJ2-1,SASSLGLGGSGQF,4
TRBV20-1,TRBJ2-1,SASSLGLGNEQF,1
TRBV20-1,TRBJ2-1,SASSLGLGVNEQF,1
TRBV20-1,TRBJ2-1,SASSLGLHFINEQF,1
TRBV20-1,TRBJ2-1,SASSLGLPYNEQF,1
TRBV20-1,TRBJ2-1,SASSLGLSSYNEQF,14
TRBV20-1,TRBJ2-1,SASSLGNEQF,2
TRBV20-1,TRBJ2-1,SASSLGPGQGKRDSYNEQF,1
TRBV20-1,TRBJ2-1,SASSLGPGSYNEQF,1
TRBV20-1,TRBJ2-1,SASSLGPYNEQF,1
TRBV20-1,TRBJ2-1,SASSLGQFKNEQF,1
TRBV20-1,TRBJ2-1,SASSLGQGAYNEQF,1
TRBV20-1,TRBJ2-1,SASSLGQGNNEQF,1
TRBV20-1,TRBJ2-1,SASSLGQIYNEQF,1
TRBV20-1,TRBJ2-1,SASSLGQYNEQF,1
TRBV20-1,TRBJ2-1,SASSLGRAYNEQF,1
TRBV20-1,TRBJ2-1,SASSLGRGAYNEQF,1
TRBV20-1,TRBJ2-1,SASSLGRGHNEQF,3
TRBV20-1,TRBJ2-1,SASSLGRLAGFNEQF,1
TRBV20-1,TRBJ2-1,SASSLGRSYNEQF,2
TRBV20-1,TRBJ2-1,SASSLGRTISYNEQF,1
TRBV20-1,TRBJ2-1,SASSLGRVSGSWDFSYNEQF,1
TRBV20-1,TRBJ2-1,SASSLGSDYEQF,1
TRBV20-1,TRBJ2-1,SASSLGSGGVNEQF,1
TRBV20-1,TRBJ2-1,SASSLGSGRRWNEQF,1
TRBV20-1,TRBJ2-1,SASSLGSGRYSYNEQF,3
TRBV20-1,TRBJ2-1,SASSLGSMFYEQF,1
TRBV20-1,TRBJ2-1,SASSLGSPSYNEQF,1
TRBV20-1,TRBJ2-1,SASSLGSSYNEQF,1
TRBV20-1,TRBJ2-1,SASSLGSYNEQF,4
TRBV20-1,TRBJ2-1,SASSLGTGIYNEQF,1
TRBV20-1,TRBJ2-1,SASSLGTGYNEQF,1
TRBV20-1,TRBJ2-1,SASSLGTRGHEQF,1
TRBV20-1,TRBJ2-1,SASSLGTRQSSYNEQF,1
TRBV20-1,TRBJ2-1,SASSLGTSDTNEQF,1
TRBV20-1,TRBJ2-1,SASSLGTSGGFSYNEQF,1
TRBV20-1,TRBJ2-1,SASSLGTSGSNEQF,1
TRBV20-1,TRBJ2-1,SASSLGTSGYNEQF,1
TRBV20-1,TRBJ2-1,SASSLGTSSYNEQF,1
TRBV20-1,TRBJ2-1,SASSLGTSYNEQF,1
TRBV20-1,TRBJ2-1,SASSLGTTYNEQF,1
TRBV20-1,TRBJ2-1,SASSLGVAYNEQF,1
TRBV20-1,TRBJ2-1,SASSLGVWNEQF,1
TRBV20-1,TRBJ2-1,SASSLGYDEQF,1
TRBV20-1,TRBJ2-1,SASSLGYNEQF,2
TRBV20-1,TRBJ2-1,SASSLGYYNEQF,1
TRBV20-1,TRBJ2-1,SASSLHEQF,4
TRBV20-1,TRBJ2-1,SASSLHGLAGGNNEQF,1
TRBV20-1,TRBJ2-1,SASSLHNEQF,3
TRBV20-1,TRBJ2-1,SASSLHRGNNEQF,1
TRBV20-1,TRBJ2-1,SASSLHRGSYNEQF,1
TRBV20-1,TRBJ2-1,SASSLHTHNEQF,1
TRBV20-1,TRBJ2-1,SASSLHTTPSILAGVGNEQF,1
TRBV20-1,TRBJ2-1,SASSLIAEHYNEQF,1
TRBV20-1,TRBJ2-1,SASSLIGGRDWNEQF,1
TRBV20-1,TRBJ2-1,SASSLIGQLINEQF,1
TRBV20-1,TRBJ2-1,SASSLIKRGVGNEQF,1
TRBV20-1,TRBJ2-1,SASSLIMTTHYNEQF,1
TRBV20-1,TRBJ2-1,SASSLIRIDDEQF,1
TRBV20-1,TRBJ2-1,SASSLISYNEQF,5
TRBV20-1,TRBJ2-1,SASSLITSSYNEQF,1
TRBV20-1,TRBJ2-1,SASSLKDNEQF,1
TRBV20-1,TRBJ2-1,SASSLKGHNEQF,1
TRBV20-1,TRBJ2-1,SASSLKGNEQF,4
TRBV20-1,TRBJ2-1,SASSLKLAGGNNEQF,4
TRBV20-1,TRBJ2-1,SASSLKMGQHYNEQF,1
TRBV20-1,TRBJ2-1,SASSLKRGGNEQF,2
TRBV20-1,TRBJ2-1,SASSLKRNYNEQF,1
TRBV20-1,TRBJ2-1,SASSLKVGTTNEQF,1
TRBV20-1,TRBJ2-1,SASSLLAGAYNEQF,1
TRBV20-1,TRBJ2-1,SASSLLAGDNEQF,3
TRBV20-1,TRBJ2-1,SASSLLAGFDEQF,1
TRBV20-1,TRBJ2-1,SASSLLAGGDSYNEQF,1
TRBV20-1,TRBJ2-1,SASSLLAGGHDEQF,1
TRBV20-1,TRBJ2-1,SASSLLAGGPYNEQF,1
TRBV20-1,TRBJ2-1,SASSLLAGGTNEQF,1
TRBV20-1,TRBJ2-1,SASSLLAGGYNEQF,1
TRBV20-1,TRBJ2-1,SASSLLAGSYNEQF,1
TRBV20-1,TRBJ2-1,SASSLLAGVDNEQF,1
TRBV20-1,TRBJ2-1,SASSLLAGVGDEQF,1
TRBV20-1,TRBJ2-1,SASSLLAGVHEQF,1
TRBV20-1,TRBJ2-1,SASSLLAGVSSSYNEQF,1
TRBV20-1,TRBJ2-1,SASSLLAGYNEQF,2
TRBV20-1,TRBJ2-1,SASSLLAKRDEQF,5
TRBV20-1,TRBJ2-1,SASSLLALGYNEQF,1
TRBV20-1,TRBJ2-1,SASSLLANLYNEQF,1
TRBV20-1,TRBJ2-1,SASSLLANSYNEQF,5
TRBV20-1,TRBJ2-1,SASSLLAVYNEQF,1
TRBV20-1,TRBJ2-1,SASSLLDNEQF,1
TRBV20-1,TRBJ2-1,SASSLLDSYNEQF,1
TRBV20-1,TRBJ2-1,SASSLLGEKF,1
TRBV20-1,TRBJ2-1,SASSLLGEQF,2
TRBV20-1,TRBJ2-1,SASSLLGGPSYNEQF,1
TRBV20-1,TRBJ2-1,SASSLLGTSDNEQF,1
TRBV20-1,TRBJ2-1,SASSLLGTSGRYNEQF,1
TRBV20-1,TRBJ2-1,SASSLLGWNEQF,1
TRBV20-1,TRBJ2-1,SASSLLLAGGDNEQF,1
TRBV20-1,TRBJ2-1,SASSLLLAGTYNEQF,1
TRBV20-1,TRBJ2-1,SASSLLLVNEQF,1
TRBV20-1,TRBJ2-1,SASSLLLYNEQF,1
TRBV20-1,TRBJ2-1,SASSLLNEQF,7
TRBV20-1,TRBJ2-1,SASSLLPWVDNEQF,1
TRBV20-1,TRBJ2-1,SASSLLQRSYNEQF,1
TRBV20-1,TRBJ2-1,SASSLLRSNEQF,1
TRBV20-1,TRBJ2-1,SASSLLSGPYNEQF,1
TRBV20-1,TRBJ2-1,SASSLLSSYNEQF,1
TRBV20-1,TRBJ2-1,SASSLLTPGNEQF,1
TRBV20-1,TRBJ2-1,SASSLLTSGTYNEQF,1
TRBV20-1,TRBJ2-1,SASSLLYNEQF,1
TRBV20-1,TRBJ2-1,SASSLMRELDNEQF,1
TRBV20-1,TRBJ2-1,SASSLMRINEQF,1
TRBV20-1,TRBJ2-1,SASSLNAYNEQF,1
TRBV20-1,TRBJ2-1,SASSLNEQF,11
TRBV20-1,TRBJ2-1,SASSLNGRATSSYNEQF,2
TRBV20-1,TRBJ2-1,SASSLNILAGVSSYNEQF,1
TRBV20-1,TRBJ2-1,SASSLNNEQF,2
TRBV20-1,TRBJ2-1,SASSLNQGFDEQF,1
TRBV20-1,TRBJ2-1,SASSLNSGPESGYNEQF,1
TRBV20-1,TRBJ2-1,SASSLNWQAAYNEQF,2
TRBV20-1,TRBJ2-1,SASSLNYNEQF,11
TRBV20-1,TRBJ2-1,SASSLPELRVFNEQF,1
TRBV20-1,TRBJ2-1,SASSLPGAGVFYNEQF,1
TRBV20-1,TRBJ2-1,SASSLPGGLYNEQF,3
TRBV20-1,TRBJ2-1,SASSLPGGYNEQF,1
TRBV20-1,TRBJ2-1,SASSLPGLAGEGDEQF,1
TRBV20-1,TRBJ2-1,SASSLPGLAGGHSYNEQF,1
TRBV20-1,TRBJ2-1,SASSLPGPSPGNEQF,1
TRBV20-1,TRBJ2-1,SASSLPGQKNLTITYNEQF,1
TRBV20-1,TRBJ2-1,SASSLPGYEQF,1
TRBV20-1,TRBJ2-1,SASSLPIKTAVYNEQF,1
TRBV20-1,TRBJ2-1,SASSLPNEQF,3
TRBV20-1,TRBJ2-1,SASSLPRREGRSSSYNEQF,1
TRBV20-1,TRBJ2-1,SASSLPSGTGSSKRYNEQF,1
TRBV20-1,TRBJ2-1,SASSLPSSYNEQF,2
TRBV20-1,TRBJ2-1,SASSLPSYNEQF,2
TRBV20-1,TRBJ2-1,SASSLPTKYYNEQF,1
TRBV20-1,TRBJ2-1,SASSLPTNNEQF,1
TRBV20-1,TRBJ2-1,SASSLPYNEQF,1
TRBV20-1,TRBJ2-1,SASSLQAFDEQF,1
TRBV20-1,TRBJ2-1,SASSLQASGHLNEQF,1
TRBV20-1,TRBJ2-1,SASSLQGAGYNEQF,2
TRBV20-1,TRBJ2-1,SASSLQGALLTYNEQF,1
TRBV20-1,TRBJ2-1,SASSLQGGYEQF,1
TRBV20-1,TRBJ2-1,SASSLQGPRDEQF,1
TRBV20-1,TRBJ2-1,SASSLQGPRYNEQF,1
TRBV20-1,TRBJ2-1,SASSLQGPYNEQF,4
TRBV20-1,TRBJ2-1,SASSLQGQRYNEQF,1
TRBV20-1,TRBJ2-1,SASSLQGRYNEQF,1
TRBV20-1,TRBJ2-1,SASSLQGYEQF,1
TRBV20-1,TRBJ2-1,SASSLQLYNEQF,9
TRBV20-1,TRBJ2-1,SASSLQRYNEQF,1
TRBV20-1,TRBJ2-1,SASSLQSSSYNEQF,1
TRBV20-1,TRBJ2-1,SASSLQSSYNEQF,5
TRBV20-1,TRBJ2-1,SASSLQTTNEQF,1
TRBV20-1,TRBJ2-1,SASSLQVEFIYEQF,1
TRBV20-1,TRBJ2-1,SASSLQWKSNEQF,2
TRBV20-1,TRBJ2-1,SASSLRAGYNEQF,1
TRBV20-1,TRBJ2-1,SASSLRAQMYNEQF,6
TRBV20-1,TRBJ2-1,SASSLRARDEQF,5
TRBV20-1,TRBJ2-1,SASSLRATGYNEQF,1
TRBV20-1,TRBJ2-1,SASSLRATYNEQF,1
TRBV20-1,TRBJ2-1,SASSLRDQSNEQF,5
TRBV20-1,TRBJ2-1,SASSLRDRGYNEQF,1
TRBV20-1,TRBJ2-1,SASSLRDYYNEQF,2
TRBV20-1,TRBJ2-1,SASSLREALNEQF,1
TRBV20-1,TRBJ2-1,SASSLREGPNEQF,1
TRBV20-1,TRBJ2-1,SASSLREGQDEQF,1
TRBV20-1,TRBJ2-1,SASSLREVSYNEQF,1
TRBV20-1,TRBJ2-1,SASSLRFDNEQF,1
TRBV20-1,TRBJ2-1,SASSLRGDEQF,2
TRBV20-1,TRBJ2-1,SASSLRGFHEQF,1
TRBV20-1,TRBJ2-1,SASSLRGGYNEQF,1
TRBV20-1,TRBJ2-1,SASSLRGLAGFNEQF,1
TRBV20-1,TRBJ2-1,SASSLRGLAGYNEKL,1
TRBV20-1,TRBJ2-1,SASSLRGLAGYNEQF,10
TRBV20-1,TRBJ2-1,SASSLRGLVMAHDNEQF,1
TRBV20-1,TRBJ2-1,SASSLRGNEQF,10
TRBV20-1,TRBJ2-1,SASSLRGNNEQF,3
TRBV20-1,TRBJ2-1,SASSLRGREDNEQF,1
TRBV20-1,TRBJ2-1,SASSLRGRYNEQF,1
TRBV20-1,TRBJ2-1,SASSLRGSHNEQF,1
TRBV20-1,TRBJ2-1,SASSLRGSSYNEQF,2
TRBV20-1,TRBJ2-1,SASSLRIHNEQF,1
TRBV20-1,TRBJ2-1,SASSLRLAANNEQF,1
TRBV20-1,TRBJ2-1,SASSLRLADSYNEQF,1
TRBV20-1,TRBJ2-1,SASSLRLAGVYEQF,1
TRBV20-1,TRBJ2-1,SASSLRLASSYNEQF,1
TRBV20-1,TRBJ2-1,SASSLRLAYNEQF,2
TRBV20-1,TRBJ2-1,SASSLRLVNEQF,2
TRBV20-1,TRBJ2-1,SASSLRNEQF,5
TRBV20-1,TRBJ2-1,SASSLRPSNEQF,1
TRBV20-1,TRBJ2-1,SASSLRQSYNEQF,1
TRBV20-1,TRBJ2-1,SASSLRREGRNNEQF,1
TRBV20-1,TRBJ2-1,SASSLRREYNEQF,1
TRBV20-1,TRBJ2-1,SASSLRSDEQF,2
TRBV20-1,TRBJ2-1,SASSLRSGNEQF,1
TRBV20-1,TRBJ2-1,SASSLRTALGNEQF,1
TRBV20-1,TRBJ2-1,SASSLRTGQSLYNEQF,1
TRBV20-1,TRBJ2-1,SASSLRTSDDNEQF,8
TRBV20-1,TRBJ2-1,SASSLRVGKNNEQF,1
TRBV20-1,TRBJ2-1,SASSLRVNEQF,1
TRBV20-1,TRBJ2-1,SASSLRVRSGSGSYNEQF,1
TRBV20-1,TRBJ2-1,SASSLRVSSYNEQF,2
TRBV20-1,TRBJ2-1,SASSLRVYEQF,1
TRBV20-1,TRBJ2-1,SASSLRVYNEQF,1
TRBV20-1,TRBJ2-1,SASSLRYNEQF,1
TRBV20-1,TRBJ2-1,SASSLSAANYNEQF,1
TRBV20-1,TRBJ2-1,SASSLSAGDGYNEQF,1
TRBV20-1,TRBJ2-1,SASSLSAGEGFYNEQF,1
TRBV20-1,TRBJ2-1,SASSLSAVNYNEQF,5
TRBV20-1,TRBJ2-1,SASSLSAYNEQF,1
TRBV20-1,TRBJ2-1,SASSLSDEQF,2
TRBV20-1,TRBJ2-1,SASSLSDNEQF,1
TRBV20-1,TRBJ2-1,SASSLSEKSSYNEQF,1
TRBV20-1,TRBJ2-1,SASSLSETYNEQF,1
TRBV20-1,TRBJ2-1,SASSLSGARNEQF,1
TRBV20-1,TRBJ2-1,SASSLSGASSYNEQF,1
TRBV20-1,TRBJ2-1,SASSLSGGAYNEQF,6
TRBV20-1,TRBJ2-1,SASSLSGGAYTEQF,2
TRBV20-1,TRBJ2-1,SASSLSGGPYNEQF,1
TRBV20-1,TRBJ2-1,SASSLSGGSYNEQF,5
TRBV20-1,TRBJ2-1,SASSLSGGTYNEQF,1
TRBV20-1,TRBJ2-1,SASSLSGGYNEQF,1
TRBV20-1,TRBJ2-1,SASSLSGIVGGSYNEQF,1
TRBV20-1,TRBJ2-1,SASSLSGLSYNEQF,1
TRBV20-1,TRBJ2-1,SASSLSGLWVSNEQF,1
TRBV20-1,TRBJ2-1,SASSLSGMYNEHF,1
TRBV20-1,TRBJ2-1,SASSLSGMYNEQF,3
TRBV20-1,TRBJ2-1,SASSLSGNEQF,1
TRBV20-1,TRBJ2-1,SASSLSGQQF,1
TRBV20-1,TRBJ2-1,SASSLSGRASNEQF,1
TRBV20-1,TRBJ2-1,SASSLSGRAYNEQF,1
TRBV20-1,TRBJ2-1,SASSLSGRNSYNEQF,1
TRBV20-1,TRBJ2-1,SASSLSGRRNEQF,1
TRBV20-1,TRBJ2-1,SASSLSGRSYNEQF,2
TRBV20-1,TRBJ2-1,SASSLSGSAGDLFSYNEQF,1
TRBV20-1,TRBJ2-1,SASSLSGSSSEQF,1
TRBV20-1,TRBJ2-1,SASSLSGSSYNEQF,2
TRBV20-1,TRBJ2-1,SASSLSGSYNEQC,1
TRBV20-1,TRBJ2-1,SASSLSGSYNEQF,6
TRBV20-1,TRBJ2-1,SASSLSGVGNNEQF,1
TRBV20-1,TRBJ2-1,SASSLSGYGEQF,2
TRBV20-1,TRBJ2-1,SASSLSKDEQF,1
TRBV20-1,TRBJ2-1,SASSLSKYNEQF,1
TRBV20-1,TRBJ2-1,SASSLSNEQF,1
TRBV20-1,TRBJ2-1,SASSLSQGAI,4
TRBV20-1,TRBJ2-1,SASSLSQRGYNEQF,3
TRBV20-1,TRBJ2-1,SASSLSRGNEQF,2
TRBV20-1,TRBJ2-1,SASSLSRSSSYNEQF,1
TRBV20-1,TRBJ2-1,SASSLSRTGGSYNEQF,1
TRBV20-1,TRBJ2-1,SASSLSSGHKGSRTYNEQF,1
TRBV20-1,TRBJ2-1,SASSLSSGIGHEQF,1
TRBV20-1,TRBJ2-1,SASSLSSGNHEQF,1
TRBV20-1,TRBJ2-1,SASSLSSGRFNEQF,1
TRBV20-1,TRBJ2-1,SASSLSSYNEQF,17
TRBV20-1,TRBJ2-1,SASSLSTYNEQF,1
TRBV20-1,TRBJ2-1,SASSLSVLAYNEQF,1
TRBV20-1,TRBJ2-1,SASSLSYEQF,1
TRBV20-1,TRBJ2-1,SASSLSYNEQF,2
TRBV20-1,TRBJ2-1,SASSLTDNEQF,2
TRBV20-1,TRBJ2-1,SASSLTEPGGPFNEQF,1
TRBV20-1,TRBJ2-1,SASSLTEQF,5
TRBV20-1,TRBJ2-1,SASSLTESSYNEQF,1
TRBV20-1,TRBJ2-1,SASSLTGAFKNEQF,1
TRBV20-1,TRBJ2-1,SASSLTGDARSYNEQF,4
TRBV20-1,TRBJ2-1,SASSLTGDNEQF,1
TRBV20-1,TRBJ2-1,SASSLTGDYNEQF,1
TRBV20-1,TRBJ2-1,SASSLTGFYNEQF,1
TRBV20-1,TRBJ2-1,SASSLTGGPGYNEQF,1
TRBV20-1,TRBJ2-1,SASSLTGIRLADNEQF,1
TRBV20-1,TRBJ2-1,SASSLTGNEQF,5
TRBV20-1,TRBJ2-1,SASSLTGPGYNEQF,1
TRBV20-1,TRBJ2-1,SASSLTGTSYNEQF,1
TRBV20-1,TRBJ2-1,SASSLTGVSYNEQF,1
TRBV20-1,TRBJ2-1,SASSLTGYNEQF,4
TRBV20-1,TRBJ2-1,SASSLTGYNEQL,1
TRBV20-1,TRBJ2-1,SASSLTLAGGNTEQF,1
TRBV20-1,TRBJ2-1,SASSLTNEQF,2
TRBV20-1,TRBJ2-1,SASSLTQIDNEQF,1
TRBV20-1,TRBJ2-1,SASSLTRGNYNEQF,6
TRBV20-1,TRBJ2-1,SASSLTSAFNEQF,2
TRBV20-1,TRBJ2-1,SASSLTSARISYNEQF,1
TRBV20-1,TRBJ2-1,SASSLTSESYNEQF,2
TRBV20-1,TRBJ2-1,SASSLTSGAPLHSYNEQF,1
TRBV20-1,TRBJ2-1,SASSLTSGDNEQF,1
TRBV20-1,TRBJ2-1,SASSLTSGIVYNEQF,1
TRBV20-1,TRBJ2-1,SASSLTSGRGLPYNEQF,1
TRBV20-1,TRBJ2-1,SASSLTSGSYNEQF,2
TRBV20-1,TRBJ2-1,SASSLTSRSYNEQF,1
TRBV20-1,TRBJ2-1,SASSLTSSYNEQF,1
TRBV20-1,TRBJ2-1,SASSLTTNNEQF,7
TRBV20-1,TRBJ2-1,SASSLTTYNEQF,1
TRBV20-1,TRBJ2-1,SASSLTWNEQF,1
TRBV20-1,TRBJ2-1,SASSLTYNEQF,2
TRBV20-1,TRBJ2-1,SASSLVAGANEQF,1
TRBV20-1,TRBJ2-1,SASSLVAGVSSYNEQF,1
TRBV20-1,TRBJ2-1,SASSLVASLYNEQF,1
TRBV20-1,TRBJ2-1,SASSLVAYNEQF,1
TRBV20-1,TRBJ2-1,SASSLVESYNEQF,1
TRBV20-1,TRBJ2-1,SASSLVGGSYYNEQF,1
TRBV20-1,TRBJ2-1,SASSLVGKYNEQF,1
TRBV20-1,TRBJ2-1,SASSLVGSNEQF,1
TRBV20-1,TRBJ2-1,SASSLVHNEQF,2
TRBV20-1,TRBJ2-1,SASSLVIYNEQF,1
TRBV20-1,TRBJ2-1,SASSLVLAGSSYNEQF,1
TRBV20-1,TRBJ2-1,SASSLVPSYNEQF,1
TRBV20-1,TRBJ2-1,SASSLVQYNEQF,1
TRBV20-1,TRBJ2-1,SASSLVRAHNEQF,1
TRBV20-1,TRBJ2-1,SASSLVRAYKEQF,1
TRBV20-1,TRBJ2-1,SASSLVRAYNAQF,1
TRBV20-1,TRBJ2-1,SASSLVRAYNEQF,33
TRBV20-1,TRBJ2-1,SASSLVRAYNEQV,1
TRBV20-1,TRBJ2-1,SASSLVRRDEQF,2
TRBV20-1,TRBJ2-1,SASSLVRSGEQF,3
TRBV20-1,TRBJ2-1,SASSLVRVYNERF,1
TRBV20-1,TRBJ2-1,SASSLVSAYNEQF,1
TRBV20-1,TRBJ2-1,SASSLVSRENSYNEQF,1
TRBV20-1,TRBJ2-1,SASSLVSRSYNEQF,1
TRBV20-1,TRBJ2-1,SASSLVSSPNEQF,1
TRBV20-1,TRBJ2-1,SASSLVSSYNEQF,1
TRBV20-1,TRBJ2-1,SASSLVSYNEQF,1
TRBV20-1,TRBJ2-1,SASSLVTATDDNEQF,1
TRBV20-1,TRBJ2-1,SASSLVTYNEQF,20
TRBV20-1,TRBJ2-1,SASSLVVAGGDEQF,3
TRBV20-1,TRBJ2-1,SASSLVVGNEQF,1
TRBV20-1,TRBJ2-1,SASSLVVNEQF,1
TRBV20-1,TRBJ2-1,SASSLVYNEQF,4
TRBV20-1,TRBJ2-1,SASSLWEPYNEQF,1
TRBV20-1,TRBJ2-1,SASSLWGGKYNEQF,1
TRBV20-1,TRBJ2-1,SASSLWGQGWNEQF,1
TRBV20-1,TRBJ2-1,SASSLWGSGGRYNEQF,1
TRBV20-1,TRBJ2-1,SASSLWREGLGNEQF,1
TRBV20-1,TRBJ2-1,SASSLWRLNNEQF,1
TRBV20-1,TRBJ2-1,SASSLWSGSSYNEQF,1
TRBV20-1,TRBJ2-1,SASSLWTSGRLRDEQF,1
TRBV20-1,TRBJ2-1,SASSLWVGNEQF,2
TRBV20-1,TRBJ2-1,SASSLYEGLGNNEQF,3
TRBV20-1,TRBJ2-1,SASSLYEQF,2
TRBV20-1,TRBJ2-1,SASSLYGGKGNEQF,2
TRBV20-1,TRBJ2-1,SASSLYHRDSNNEQF,1
TRBV20-1,TRBJ2-1,SASSLYLAGKYNEQF,1
TRBV20-1,TRBJ2-1,SASSLYNEQF,5
TRBV20-1,TRBJ2-1,SASSLYNGGLNNEQF,2
TRBV20-1,TRBJ2-1,SASSLYRNNEQF,1
TRBV20-1,TRBJ2-1,SASSLYSGRNNEQF,1
TRBV20-1,TRBJ2-1,SASSLYTYNEQF,1
TRBV20-1,TRBJ2-1,SASSLYYNEQF,1
TRBV20-1,TRBJ2-1,SASSMAETYNEQF,1
TRBV20-1,TRBJ2-1,SASSMAGGGNEQF,1
TRBV20-1,TRBJ2-1,SASSMAGGHKEQF,1
TRBV20-1,TRBJ2-1,SASSMAGGPNEQF,2
TRBV20-1,TRBJ2-1,SASSMAPSGRSYNEQF,1
TRBV20-1,TRBJ2-1,SASSMDGIYNEQF,2
TRBV20-1,TRBJ2-1,SASSMDGSSYNEQF,1
TRBV20-1,TRBJ2-1,SASSMDRVDNEQF,1
TRBV20-1,TRBJ2-1,SASSMDYNEQF,1
TRBV20-1,TRBJ2-1,SASSMEKLTNNEQF,1
TRBV20-1,TRBJ2-1,SASSMESLGAYNEQF,4
TRBV20-1,TRBJ2-1,SASSMFEQF,1
TRBV20-1,TRBJ2-1,SASSMGGLF,6
TRBV20-1,TRBJ2-1,SASSMGGRMNSYNEQF,1
TRBV20-1,TRBJ2-1,SASSMGGSYNEQF,1
TRBV20-1,TRBJ2-1,SASSMGGYNEQF,1
TRBV20-1,TRBJ2-1,SASSMGLAAYNEQF,1
TRBV20-1,TRBJ2-1,SASSMGLADNEQF,4
TRBV20-1,TRBJ2-1,SASSMGLAGGNEQF,1
TRBV20-1,TRBJ2-1,SASSMGLARHNEQF,1
TRBV20-1,TRBJ2-1,SASSMGLASYNEQF,1
TRBV20-1,TRBJ2-1,SASSMGLATYNEQF,1
TRBV20-1,TRBJ2-1,SASSMGPYNEQF,1
TRBV20-1,TRBJ2-1,SASSMGQVKANEQF,1
TRBV20-1,TRBJ2-1,SASSMGQVYNEQF,1
TRBV20-1,TRBJ2-1,SASSMGTSGLNEQF,1
TRBV20-1,TRBJ2-1,SASSMGTSGRRTYNEQF,1
TRBV20-1,TRBJ2-1,SASSMGYNEQF,1
TRBV20-1,TRBJ2-1,SASSMIAGPNEQF,1
TRBV20-1,TRBJ2-1,SASSMIHNEQF,1
TRBV20-1,TRBJ2-1,SASSMITGGEQF,3
TRBV20-1,TRBJ2-1,SASSMLAGVAFYNEQF,1
TRBV20-1,TRBJ2-1,SASSMLAGVYNEQF,1
TRBV20-1,TRBJ2-1,SASSMLGLSYNEQF,1
TRBV20-1,TRBJ2-1,SASSMNEQF,1
TRBV20-1,TRBJ2-1,SASSMNNEQF,4
TRBV20-1,TRBJ2-1,SASSMNRGYNEQF,1
TRBV20-1,TRBJ2-1,SASSMQDEQF,1
TRBV20-1,TRBJ2-1,SASSMSGGYNEQF,1
TRBV20-1,TRBJ2-1,SASSMSGSWNEQF,1
TRBV20-1,TRBJ2-1,SASSMSRGLSYNEQF,1
TRBV20-1,TRBJ2-1,SASSMSRRNEQF,1
TRBV20-1,TRBJ2-1,SASSMTGPRAVYNEQF,1
TRBV20-1,TRBJ2-1,SASSMTGVGRGLYNEQF,2
TRBV20-1,TRBJ2-1,SASSMTSGSYNEQF,2
TRBV20-1,TRBJ2-1,SASSMTSNNYNEQF,1
TRBV20-1,TRBJ2-1,SASSMVDNEQF,1
TRBV20-1,TRBJ2-1,SASSMVGDSYNEQF,1
TRBV20-1,TRBJ2-1,SASSMVGSPYNEQF,1
TRBV20-1,TRBJ2-1,SASSMWGGKHEQF,1
TRBV20-1,TRBJ2-1,SASSMYNEQF,1
TRBV20-1,TRBJ2-1,SASSNAGEYNEQF,1
TRBV20-1,TRBJ2-1,SASSNAPNEQF,1
TRBV20-1,TRBJ2-1,SASSNAQF,1
TRBV20-1,TRBJ2-1,SASSNEQC,1
TRBV20-1,TRBJ2-1,SASSNEQF,92
TRBV20-1,TRBJ2-1,SASSNEYEQF,1
TRBV20-1,TRBJ2-1,SASSNFISGRVGNEQF,1
TRBV20-1,TRBJ2-1,SASSNFNEQF,1
TRBV20-1,TRBJ2-1,SASSNGAASTEQF,6
TRBV20-1,TRBJ2-1,SASSNGANEQF,1
TRBV20-1,TRBJ2-1,SASSNGAPYNEQF,1
TRBV20-1,TRBJ2-1,SASSNGDYNEQF,1
TRBV20-1,TRBJ2-1,SASSNGGEQF,3
TRBV20-1,TRBJ2-1,SASSNGGGNEQF,1
TRBV20-1,TRBJ2-1,SASSNGGSYNEQF,3
TRBV20-1,TRBJ2-1,SASSNGGSYNVQF,1
TRBV20-1,TRBJ2-1,SASSNGISYNEQF,1
TRBV20-1,TRBJ2-1,SASSNGPSRANEQF,5
TRBV20-1,TRBJ2-1,SASSNGRASYNEQF,1
TRBV20-1,TRBJ2-1,SASSNGRDNNEQF,1
TRBV20-1,TRBJ2-1,SASSNGRSSYNEQF,1
TRBV20-1,TRBJ2-1,SASSNGVSYNEQF,1
TRBV20-1,TRBJ2-1,SASSNHAGLAGQDEQF,1
TRBV20-1,TRBJ2-1,SASSNHEQF,1
TRBV20-1,TRBJ2-1,SASSNLAESYNEQF,1
TRBV20-1,TRBJ2-1,SASSNLAGNEQF,1
TRBV20-1,TRBJ2-1,SASSNLAVYNEQF,1
TRBV20-1,TRBJ2-1,SASSNLGGQNEQF,1
TRBV20-1,TRBJ2-1,SASSNLGGSYNEQF,1
TRBV20-1,TRBJ2-1,SASSNLGTSRNNEQF,1
TRBV20-1,TRBJ2-1,SASSNLGYEQF,1
TRBV20-1,TRBJ2-1,SASSNLVSSYNEQF,1
TRBV20-1,TRBJ2-1,SASSNNEQF,18
TRBV20-1,TRBJ2-1,SASSNPANEQF,1
TRBV20-1,TRBJ2-1,SASSNPFDEQF,1
TRBV20-1,TRBJ2-1,SASSNPFNEQF,1
TRBV20-1,TRBJ2-1,SASSNPGLAGEYNEQF,1
TRBV20-1,TRBJ2-1,SASSNPGQGRSYNEQF,1
TRBV20-1,TRBJ2-1,SASSNPGRPNEQF,1
TRBV20-1,TRBJ2-1,SASSNPQFIYGPYNEQF,1
TRBV20-1,TRBJ2-1,SASSNPSGSSYNEQF,1
TRBV20-1,TRBJ2-1,SASSNPTSGIYNEQF,1
TRBV20-1,TRBJ2-1,SASSNPYYNEQF,1
TRBV20-1,TRBJ2-1,SASSNQGADEQF,1
TRBV20-1,TRBJ2-1,SASSNQGAYNEQF,2
TRBV20-1,TRBJ2-1,SASSNQGWDYNEQF,3
TRBV20-1,TRBJ2-1,SASSNQGYNEQF,1
TRBV20-1,TRBJ2-1,SASSNRDNEQF,1
TRBV20-1,TRBJ2-1,SASSNRDRDPHEQF,1
TRBV20-1,TRBJ2-1,SASSNRGFLNEQF,1
TRBV20-1,TRBJ2-1,SASSNRGGSYNEQF,1
TRBV20-1,TRBJ2-1,SASSNRGLSSYNEQF,1
TRBV20-1,TRBJ2-1,SASSNRGRPDEQF,1
TRBV20-1,TRBJ2-1,SASSNRGRVLFYNEQF,1
TRBV20-1,TRBJ2-1,SASSNRLAASYNEQF,1
TRBV20-1,TRBJ2-1,SASSNRLAFNEQF,1
TRBV20-1,TRBJ2-1,SASSNRVNEQF,1
TRBV20-1,TRBJ2-1,SASSNRVNSYNEQF,5
TRBV20-1,TRBJ2-1,SASSNSATSEQF,3
TRBV20-1,TRBJ2-1,SASSNSGGLNEQF,1
TRBV20-1,TRBJ2-1,SASSNSGRSYNEQF,1
TRBV20-1,TRBJ2-1,SASSNSGSSYNEQF,3
TRBV20-1,TRBJ2-1,SASSNSNEQF,1
TRBV20-1,TRBJ2-1,SASSNSPAIYNEQF,1
TRBV20-1,TRBJ2-1,SASSNSRSSYNEQF,1
TRBV20-1,TRBJ2-1,SASSNSYNEQF,1
TRBV20-1,TRBJ2-1,SASSNTGLAYNEQF,1
TRBV20-1,TRBJ2-1,SASSNTYNEQF,1
TRBV20-1,TRBJ2-1,SASSNVAGSYNEQF,1
TRBV20-1,TRBJ2-1,SASSNVGNEQF,1
TRBV20-1,TRBJ2-1,SASSNVGPASSSDNEQF,1
TRBV20-1,TRBJ2-1,SASSNYGQPGTSGSRYNEQF,1
TRBV20-1,TRBJ2-1,SASSNYNEQF,5
TRBV20-1,TRBJ2-1,SASSPAAANEQF,1
TRBV20-1,TRBJ2-1,SASSPAAEQF,1
TRBV20-1,TRBJ2-1,SASSPAAESYNEQF,1
TRBV20-1,TRBJ2-1,SASSPAALSYNEQF,1
TRBV20-1,TRBJ2-1,SASSPAASYNEQF,5
TRBV20-1,TRBJ2-1,SASSPAAYNEQF,1
TRBV20-1,TRBJ2-1,SASSPAAYQQF,1
TRBV20-1,TRBJ2-1,SASSPADLNNEQF,1
TRBV20-1,TRBJ2-1,SASSPADLTQKIYNEQF,1
TRBV20-1,TRBJ2-1,SASSPAELTYNEQF,1
TRBV20-1,TRBJ2-1,SASSPAGAGEQF,3
TRBV20-1,TRBJ2-1,SASSPAGANEQF,1
TRBV20-1,TRBJ2-1,SASSPAGANNEQF,1
TRBV20-1,TRBJ2-1,SASSPAGAYNEQF,8
TRBV20-1,TRBJ2-1,SASSPAGEIYNEQF,1
TRBV20-1,TRBJ2-1,SASSPAGELYNEQF,1
TRBV20-1,TRBJ2-1,SASSPAGGDEQF,1
TRBV20-1,TRBJ2-1,SASSPAGGGDEQF,1
TRBV20-1,TRBJ2-1,SASSPAGGHYNEQF,2
TRBV20-1,TRBJ2-1,SASSPAGGKYNEQF,1
TRBV20-1,TRBJ2-1,SASSPAGGNNEQF,1
TRBV20-1,TRBJ2-1,SASSPAGGPSNEQF,1
TRBV20-1,TRBJ2-1,SASSPAGGQLSSYNEQF,1
TRBV20-1,TRBJ2-1,SASSPAGGSYEQF,1
TRBV20-1,TRBJ2-1,SASSPAGGWNEQF,1
TRBV20-1,TRBJ2-1,SASSPAGIYNEQF,1
TRBV20-1,TRBJ2-1,SASSPAGLGLYNEQF,1
TRBV20-1,TRBJ2-1,SASSPAGLNEQF,1
TRBV20-1,TRBJ2-1,SASSPAGSSYNEQF,1
TRBV20-1,TRBJ2-1,SASSPAGVGNEQF,1
TRBV20-1,TRBJ2-1,SASSPAGVHYNEQF,4
TRBV20-1,TRBJ2-1,SASSPAGVNEQF,1
TRBV20-1,TRBJ2-1,SASSPAGVSYKEQF,1
TRBV20-1,TRBJ2-1,SASSPAGVSYNEQF,3
TRBV20-1,TRBJ2-1,SASSPAGWEQF,9
TRBV20-1,TRBJ2-1,SASSPAGYSYNEQF,1
TRBV20-1,TRBJ2-1,SASSPAIVRVSYNEQF,1
TRBV20-1,TRBJ2-1,SASSPAKGNEQC,1
TRBV20-1,TRBJ2-1,SASSPAKGNEQF,3
TRBV20-1,TRBJ2-1,SASSPALAGEVNEQF,1
TRBV20-1,TRBJ2-1,SASSPALAGMDEQF,2
TRBV20-1,TRBJ2-1,SASSPANEQF,1
TRBV20-1,TRBJ2-1,SASSPAPFNEQF,1
TRBV20-1,TRBJ2-1,SASSPAQGNEQF,1
TRBV20-1,TRBJ2-1,SASSPAQGYNEQF,1
TRBV20-1,TRBJ2-1,SASSPAQRDEQF,3
TRBV20-1,TRBJ2-1,SASSPARVHNEQF,1
TRBV20-1,TRBJ2-1,SASSPASATYNEQF,1
TRBV20-1,TRBJ2-1,SASSPASGGYNEQF,1
TRBV20-1,TRBJ2-1,SASSPASGSNEQF,1
TRBV20-1,TRBJ2-1,SASSPASGTYNEQF,1
TRBV20-1,TRBJ2-1,SASSPASHQNEQF,1
TRBV20-1,TRBJ2-1,SASSPASNEQF,1
TRBV20-1,TRBJ2-1,SASSPASPNEQF,1
TRBV20-1,TRBJ2-1,SASSPASPNNEQF,1
TRBV20-1,TRBJ2-1,SASSPASSYNEQF,2
TRBV20-1,TRBJ2-1,SASSPASYNEQF,2
TRBV20-1,TRBJ2-1,SASSPAVGGYNEQF,1
TRBV20-1,TRBJ2-1,SASSPAVHYNEQF,1
TRBV20-1,TRBJ2-1,SASSPAVSGGYNEQF,1
TRBV20-1,TRBJ2-1,SASSPAVSYNEQF,1
TRBV20-1,TRBJ2-1,SASSPAWAISYNEQF,1
TRBV20-1,TRBJ2-1,SASSPAYNEQF,3
TRBV20-1,TRBJ2-1,SASSPCWSSSEEF,1
TRBV20-1,TRBJ2-1,SASSPDEQF,6
TRBV20-1,TRBJ2-1,SASSPDGGAYNEQF,1
TRBV20-1,TRBJ2-1,SASSPDGTNEQF,1
TRBV20-1,TRBJ2-1,SASSPDLGNNEQF,1
TRBV20-1,TRBJ2-1,SASSPDLYNEQF,1
TRBV20-1,TRBJ2-1,SASSPDNEQF,3
TRBV20-1,TRBJ2-1,SASSPDQGNEQF,1
TRBV20-1,TRBJ2-1,SASSPDRDNEQF,6
TRBV20-1,TRBJ2-1,SASSPDRERVVHEQF,1
TRBV20-1,TRBJ2-1,SASSPDRFFNEQF,1
TRBV20-1,TRBJ2-1,SASSPDRGGEQF,2
TRBV20-1,TRBJ2-1,SASSPDRGINEQF,1
TRBV20-1,TRBJ2-1,SASSPDRGLNEQF,1
TRBV20-1,TRBJ2-1,SASSPDRPQNEQF,1
TRBV20-1,TRBJ2-1,SASSPDRRLRNEQF,1
TRBV20-1,TRBJ2-1,SASSPDRSSYNEQF,1
TRBV20-1,TRBJ2-1,SASSPDRVSYNEQF,1
TRBV20-1,TRBJ2-1,SASSPDSNNEQF,1
TRBV20-1,TRBJ2-1,SASSPDSQNEQF,1
TRBV20-1,TRBJ2-1,SASSPDSYNEQF,1
TRBV20-1,TRBJ2-1,SASSPDTTNNEQF,1
TRBV20-1,TRBJ2-1,SASSPDWWENEQF,1
TRBV20-1,TRBJ2-1,SASSPDYNEQF,1
TRBV20-1,TRBJ2-1,SASSPEEAPGNEQF,1
TRBV20-1,TRBJ2-1,SASSPEFRADNEQF,2
TRBV20-1,TRBJ2-1,SASSPEGGNYNEQF,1
TRBV20-1,TRBJ2-1,SASSPEGNEQF,1
TRBV20-1,TRBJ2-1,SASSPEGTYNEQF,1
TRBV20-1,TRBJ2-1,SASSPELGSYNEQF,1
TRBV20-1,TRBJ2-1,SASSPENNEQF,1
TRBV20-1,TRBJ2-1,SASSPENWNNEQF,3
TRBV20-1,TRBJ2-1,SASSPERDSDEQF,1
TRBV20-1,TRBJ2-1,SASSPERPSNEQF,1
TRBV20-1,TRBJ2-1,SASSPETATYNEQF,3
TRBV20-1,TRBJ2-1,SASSPETPNEQF,1
TRBV20-1,TRBJ2-1,SASSPEVDSANNEQF,1
TRBV20-1,TRBJ2-1,SASSPEVPTGNEQF,2
TRBV20-1,TRBJ2-1,SASSPEYNEQF,2
TRBV20-1,TRBJ2-1,SASSPFAGGWNEQF,1
TRBV20-1,TRBJ2-1,SASSPFERDEQF,1
TRBV20-1,TRBJ2-1,SASSPFFSYNEQF,1
TRBV20-1,TRBJ2-1,SASSPFGYNEQF,3
TRBV20-1,TRBJ2-1,SASSPFISGSGNEQF,4
TRBV20-1,TRBJ2-1,SASSPFLYEQF,1
TRBV20-1,TRBJ2-1,SASSPFRNNEQF,1
TRBV20-1,TRBJ2-1,SASSPFSGLAGYNEQF,1
TRBV20-1,TRBJ2-1,SASSPFSGRGPSYNEQF,1
TRBV20-1,TRBJ2-1,SASSPFSGRPYNEQF,1
TRBV20-1,TRBJ2-1,SASSPFSSYNEQF,1
TRBV20-1,TRBJ2-1,SASSPFSYNEQF,5
TRBV20-1,TRBJ2-1,SASSPFTLAGGDEQF,2
TRBV20-1,TRBJ2-1,SASSPFTRSYNEQF,1
TRBV20-1,TRBJ2-1,SASSPFVGNEQF,1
TRBV20-1,TRBJ2-1,SASSPFVYNEQF,1
TRBV20-1,TRBJ2-1,SASSPGAAIYNEQF,1
TRBV20-1,TRBJ2-1,SASSPGAGANEQF,1
TRBV20-1,TRBJ2-1,SASSPGAGNNEQF,1
TRBV20-1,TRBJ2-1,SASSPGARHEQF,1
TRBV20-1,TRBJ2-1,SASSPGASNEQF,1
TRBV20-1,TRBJ2-1,SASSPGASSYNEQF,1
TRBV20-1,TRBJ2-1,SASSPGATYNEQF,1
TRBV20-1,TRBJ2-1,SASSPGAYNEQF,1
TRBV20-1,TRBJ2-1,SASSPGDEQF,9
TRBV20-1,TRBJ2-1,SASSPGDGVGNEQF,1
TRBV20-1,TRBJ2-1,SASSPGDNEQF,1
TRBV20-1,TRBJ2-1,SASSPGDTKNNEQF,3
TRBV20-1,TRBJ2-1,SASSPGEAVSYNEQF,1
TRBV20-1,TRBJ2-1,SASSPGEGSYNEQF,3
TRBV20-1,TRBJ2-1,SASSPGENEQF,1
TRBV20-1,TRBJ2-1,SASSPGENGPNYNEQF,1
TRBV20-1,TRBJ2-1,SASSPGEQF,2
TRBV20-1,TRBJ2-1,SASSPGERGLTNEQF,1
TRBV20-1,TRBJ2-1,SASSPGESFVPNEQF,1
TRBV20-1,TRBJ2-1,SASSPGEWHEQF,1
TRBV20-1,TRBJ2-1,SASSPGFASPSRSGGGNEQF,1
TRBV20-1,TRBJ2-1,SASSPGFKRDEQF,1
TRBV20-1,TRBJ2-1,SASSPGFPYNEQF,1
TRBV20-1,TRBJ2-1,SASSPGGADNEQF,1
TRBV20-1,TRBJ2-1,SASSPGGASGRNEQF,1
TRBV20-1,TRBJ2-1,SASSPGGDEQF,1
TRBV20-1,TRBJ2-1,SASSPGGDNEQF,1
TRBV20-1,TRBJ2-1,SASSPGGFYNEQF,1
TRBV20-1,TRBJ2-1,SASSPGGGGYNEQF,1
TRBV20-1,TRBJ2-1,SASSPGGGLVNEQF,5
TRBV20-1,TRBJ2-1,SASSPGGGRALDEQF,1
TRBV20-1,TRBJ2-1,SASSPGGHNEQF,1
TRBV20-1,TRBJ2-1,SASSPGGHYNEQF,1
TRBV20-1,TRBJ2-1,SASSPGGISYNEQF,1
TRBV20-1,TRBJ2-1,SASSPGGLAGYNEQF,1
TRBV20-1,TRBJ2-1,SASSPGGLTYNEQF,1
TRBV20-1,TRBJ2-1,SASSPGGLYEQF,1
TRBV20-1,TRBJ2-1,SASSPGGNEQF,1
TRBV20-1,TRBJ2-1,SASSPGGPDEQF,1
TRBV20-1,TRBJ2-1,SASSPGGPHEQF,1
TRBV20-1,TRBJ2-1,SASSPGGRMDYNEQF,1
TRBV20-1,TRBJ2-1,SASSPGGRTYNEQF,1
TRBV20-1,TRBJ2-1,SASSPGGRYNEQF,2
TRBV20-1,TRBJ2-1,SASSPGGSFYNEQF,1
TRBV20-1,TRBJ2-1,SASSPGGSSSEQF,5
TRBV20-1,TRBJ2-1,SASSPGGSYNEQF,2
TRBV20-1,TRBJ2-1,SASSPGGTSGLNEQF,4
TRBV20-1,TRBJ2-1,SASSPGGTSGNEQF,1
TRBV20-1,TRBJ2-1,SASSPGGTSYNEQF,4
TRBV20-1,TRBJ2-1,SASSPGGVEGEQF,1
TRBV20-1,TRBJ2-1,SASSPGGVTTSSYNEQF,1
TRBV20-1,TRBJ2-1,SASSPGGVYNEQF,1
TRBV20-1,TRBJ2-1,SASSPGGWGYNEQF,7
TRBV20-1,TRBJ2-1,SASSPGGWYNEQF,1
TRBV20-1,TRBJ2-1,SASSPGGYNAQY,1
TRBV20-1,TRBJ2-1,SASSPGGYNEQF,20
TRBV20-1,TRBJ2-1,SASSPGGYYNEQF,1
TRBV20-1,TRBJ2-1,SASSPGHMDEQF,1
TRBV20-1,TRBJ2-1,SASSPGIAYNEQF,1
TRBV20-1,TRBJ2-1,SASSPGIDEQF,1
TRBV20-1,TRBJ2-1,SASSPGIGEQF,1
TRBV20-1,TRBJ2-1,SASSPGIHNEQF,1
TRBV20-1,TRBJ2-1,SASSPGINEQF,4
TRBV20-1,TRBJ2-1,SASSPGKEVEQF,4
TRBV20-1,TRBJ2-1,SASSPGLAANEQF,1
TRBV20-1,TRBJ2-1,SASSPGLAAYNEQF,3
TRBV20-1,TRBJ2-1,SASSPGLADGSSYNEQF,1
TRBV20-1,TRBJ2-1,SASSPGLADYLSYNEQF,2
TRBV20-1,TRBJ2-1,SASSPGLAELYNEQF,1
TRBV20-1,TRBJ2-1,SASSPGLAEMSSYNEQF,1
TRBV20-1,TRBJ2-1,SASSPGLAENNEQF,1
TRBV20-1,TRBJ2-1,SASSPGLAESSYNEQF,1
TRBV20-1,TRBJ2-1,SASSPGLAFFNEQF,4
TRBV20-1,TRBJ2-1,SASSPGLAGAAVMDEQF,1
TRBV20-1,TRBJ2-1,SASSPGLAGAGFYNEQF,1
TRBV20-1,TRBJ2-1,SASSPGLAGAMGEQF,3
TRBV20-1,TRBJ2-1,SASSPGLAGAVSNEQF,1
TRBV20-1,TRBJ2-1,SASSPGLAGFNEQF,1
TRBV20-1,TRBJ2-1,SASSPGLAGFQQF,8
TRBV20-1,TRBJ2-1,SASSPGLAGGEFYNEQF,4
TRBV20-1,TRBJ2-1,SASSPGLAGGFWYNEQF,1
TRBV20-1,TRBJ2-1,SASSPGLAGGKGEQF,2
TRBV20-1,TRBJ2-1,SASSPGLAGGNEQF,1
TRBV20-1,TRBJ2-1,SASSPGLAGGPNEQF,1
TRBV20-1,TRBJ2-1,SASSPGLAGGQSYNEQF,1
TRBV20-1,TRBJ2-1,SASSPGLAGGSHEQF,1
TRBV20-1,TRBJ2-1,SASSPGLAGGSSYNEQF,1
TRBV20-1,TRBJ2-1,SASSPGLAGGSYNEQF,9
TRBV20-1,TRBJ2-1,SASSPGLAGHSYNEQF,1
TRBV20-1,TRBJ2-1,SASSPGLAGMNEQF,1
TRBV20-1,TRBJ2-1,SASSPGLAGNEQF,2
TRBV20-1,TRBJ2-1,SASSPGLAGPNEQF,1
TRBV20-1,TRBJ2-1,SASSPGLAGPYNEQF,1
TRBV20-1,TRBJ2-1,SASSPGLAGREGLYNEQF,4
TRBV20-1,TRBJ2-1,SASSPGLAGRGNEQF,1
TRBV20-1,TRBJ2-1,SASSPGLAGRSNEQF,1
TRBV20-1,TRBJ2-1,SASSPGLAGSSYNEQF,3
TRBV20-1,TRBJ2-1,SASSPGLAGVGEQF,6
TRBV20-1,TRBJ2-1,SASSPGLAGVNEQF,4
TRBV20-1,TRBJ2-1,SASSPGLAGYEQF,1
TRBV20-1,TRBJ2-1,SASSPGLAISYNEQF,1
TRBV20-1,TRBJ2-1,SASSPGLALNEQF,1
TRBV20-1,TRBJ2-1,SASSPGLASFSSYNEQF,2
TRBV20-1,TRBJ2-1,SASSPGLASGNEQF,1
TRBV20-1,TRBJ2-1,SASSPGLASYNEQF,4
TRBV20-1,TRBJ2-1,SASSPGLAVNEQF,1
TRBV20-1,TRBJ2-1,SASSPGLAVNNEQF,1
TRBV20-1,TRBJ2-1,SASSPGLAVSSYNEQF,1
TRBV20-1,TRBJ2-1,SASSPGLAYDEQF,1
TRBV20-1,TRBJ2-1,SASSPGLAYNEQF,2
TRBV20-1,TRBJ2-1,SASSPGLAYYNEQF,2
TRBV20-1,TRBJ2-1,SASSPGLDPNEQF,1
TRBV20-1,TRBJ2-1,SASSPGLEGDEQF,1
TRBV20-1,TRBJ2-1,SASSPGLGDNEQF,1
TRBV20-1,TRBJ2-1,SASSPGLGNNEQF,1
TRBV20-1,TRBJ2-1,SASSPGLGTNEQF,1
TRBV20-1,TRBJ2-1,SASSPGLPTNEQF,2
TRBV20-1,TRBJ2-1,SASSPGLPVGQF,2
TRBV20-1,TRBJ2-1,SASSPGLRSYNEQF,1
TRBV20-1,TRBJ2-1,SASSPGLRVYNEQF,1
TRBV20-1,TRBJ2-1,SASSPGLSSSYNEQF,1
TRBV20-1,TRBJ2-1,SASSPGLSYNEQF,1
TRBV20-1,TRBJ2-1,SASSPGLVRYNEQF,1
TRBV20-1,TRBJ2-1,SASSPGLVVYNEQF,1
TRBV20-1,TRBJ2-1,SASSPGLYKEQF,2
TRBV20-1,TRBJ2-1,SASSPGLYNEQF,7
TRBV20-1,TRBJ2-1,SASSPGMASGRAYEQF,1
TRBV20-1,TRBJ2-1,SASSPGNEQF,6
TRBV20-1,TRBJ2-1,SASSPGNLQDNEQF,1
TRBV20-1,TRBJ2-1,SASSPGNNLYNEQF,1
TRBV20-1,TRBJ2-1,SASSPGNYNEQF,2
TRBV20-1,TRBJ2-1,SASSPGPANEQF,1
TRBV20-1,TRBJ2-1,SASSPGPASRYNEQF,1
TRBV20-1,TRBJ2-1,SASSPGPEQF,2
TRBV20-1,TRBJ2-1,SASSPGPLGEQF,2
TRBV20-1,TRBJ2-1,SASSPGPNEQF,1
TRBV20-1,TRBJ2-1,SASSPGPPSYNEQF,1
TRBV20-1,TRBJ2-1,SASSPGPRGGNNEQF,1
TRBV20-1,TRBJ2-1,SASSPGPSSNEQF,1
TRBV20-1,TRBJ2-1,SASSPGPVYNEQF,1
TRBV20-1,TRBJ2-1,SASSPGPYNEQF,8
TRBV20-1,TRBJ2-1,SASSPGQDNEQF,1
TRBV20-1,TRBJ2-1,SASSPGQENNEQF,1
TRBV20-1,TRBJ2-1,SASSPGQFNEQF,1
TRBV20-1,TRBJ2-1,SASSPGQGANEQF,1
TRBV20-1,TRBJ2-1,SASSPGQGDNEQF,5
TRBV20-1,TRBJ2-1,SASSPGQGFHEQF,1
TRBV20-1,TRBJ2-1,SASSPGQGGSYNEQF,1
TRBV20-1,TRBJ2-1,SASSPGQGIIRDYNEQF,1
TRBV20-1,TRBJ2-1,SASSPGQGLHEQF,1
TRBV20-1,TRBJ2-1,SASSPGQGNDEQF,1
TRBV20-1,TRBJ2-1,SASSPGQGNEQF,4
TRBV20-1,TRBJ2-1,SASSPGQGNKNEQF,1
TRBV20-1,TRBJ2-1,SASSPGQGTDEQF,1
TRBV20-1,TRBJ2-1,SASSPGQGVHEQF,1
TRBV20-1,TRBJ2-1,SASSPGQGVLEQF,1
TRBV20-1,TRBJ2-1,SASSPGQGYNEQF,18
TRBV20-1,TRBJ2-1,SASSPGQRNEQF,1
TRBV20-1,TRBJ2-1,SASSPGQVDEQF,1
TRBV20-1,TRBJ2-1,SASSPGRAAVNEQF,1
TRBV20-1,TRBJ2-1,SASSPGRASRYNEQF,1
TRBV20-1,TRBJ2-1,SASSPGRAYEQF,1
TRBV20-1,TRBJ2-1,SASSPGRAYNEQF,2
TRBV20-1,TRBJ2-1,SASSPGRDEQF,2
TRBV20-1,TRBJ2-1,SASSPGRDNEQF,1
TRBV20-1,TRBJ2-1,SASSPGREYNEQF,1
TRBV20-1,TRBJ2-1,SASSPGRGSYNEQF,3
TRBV20-1,TRBJ2-1,SASSPGRGTNEQF,1
TRBV20-1,TRBJ2-1,SASSPGRLYNEQF,1
TRBV20-1,TRBJ2-1,SASSPGRMGNEQF,1
TRBV20-1,TRBJ2-1,SASSPGRSSYNEQF,1
TRBV20-1,TRBJ2-1,SASSPGRSVYNEQF,5
TRBV20-1,TRBJ2-1,SASSPGRSYNEQF,1
TRBV20-1,TRBJ2-1,SASSPGRTGSYNEQF,1
TRBV20-1,TRBJ2-1,SASSPGRTVRNEQF,3
TRBV20-1,TRBJ2-1,SASSPGRTYNEQF,1
TRBV20-1,TRBJ2-1,SASSPGRYNEQF,1
TRBV20-1,TRBJ2-1,SASSPGRYYNEQF,2
TRBV20-1,TRBJ2-1,SASSPGSGGPRYNEQF,1
TRBV20-1,TRBJ2-1,SASSPGSGGSYNEQF,1
TRBV20-1,TRBJ2-1,SASSPGSGLLPYEQF,1
TRBV20-1,TRBJ2-1,SASSPGSGLRVFYNEQF,4
TRBV20-1,TRBJ2-1,SASSPGSGLRVVYNEQF,1
TRBV20-1,TRBJ2-1,SASSPGSGYNEQF,2
TRBV20-1,TRBJ2-1,SASSPGSMQF,3
TRBV20-1,TRBJ2-1,SASSPGSPYNEQF,1
TRBV20-1,TRBJ2-1,SASSPGSRRYNEQF,1
TRBV20-1,TRBJ2-1,SASSPGSSYNEQF,4
TRBV20-1,TRBJ2-1,SASSPGSTYNEQF,1
TRBV20-1,TRBJ2-1,SASSPGSWNEQF,1
TRBV20-1,TRBJ2-1,SASSPGSYNEQF,11
TRBV20-1,TRBJ2-1,SASSPGTCNEQF,2
TRBV20-1,TRBJ2-1,SASSPGTDYNEQF,4
TRBV20-1,TRBJ2-1,SASSPGTFYNEQF,1
TRBV20-1,TRBJ2-1,SASSPGTGEDEQF,1
TRBV20-1,TRBJ2-1,SASSPGTGKSSSSYNEQF,2
TRBV20-1,TRBJ2-1,SASSPGTGNNEQF,1
TRBV20-1,TRBJ2-1,SASSPGTGSNEQF,1
TRBV20-1,TRBJ2-1,SASSPGTGTNEQF,1
TRBV20-1,TRBJ2-1,SASSPGTGTSEEVDEQF,1
TRBV20-1,TRBJ2-1,SASSPGTGVRSGYYNEQF,1
TRBV20-1,TRBJ2-1,SASSPGTHNEQF,1
TRBV20-1,TRBJ2-1,SASSPGTLLFNEQF,1
TRBV20-1,TRBJ2-1,SASSPGTNEQF,1
TRBV20-1,TRBJ2-1,SASSPGTPTNEQF,1
TRBV20-1,TRBJ2-1,SASSPGTRISNEQF,1
TRBV20-1,TRBJ2-1,SASSPGTRRGDEQF,1
TRBV20-1,TRBJ2-1,SASSPGTSADNEQF,1
TRBV20-1,TRBJ2-1,SASSPGTSAHVSYNEQF,1
TRBV20-1,TRBJ2-1,SASSPGTSDEQF,1
TRBV20-1,TRBJ2-1,SASSPGTSGDSYNEQF,1
TRBV20-1,TRBJ2-1,SASSPGTSGINYNEQF,1
TRBV20-1,TRBJ2-1,SASSPGTSGLTYNEQF,1
TRBV20-1,TRBJ2-1,SASSPGTSGMSYNEQF,1
TRBV20-1,TRBJ2-1,SASSPGTSGNNEQF,1
TRBV20-1,TRBJ2-1,SASSPGTSGRGPYNEQF,2
TRBV20-1,TRBJ2-1,SASSPGTSGRGVPNEQF,1
TRBV20-1,TRBJ2-1,SASSPGTSGRPYNEQF,1
TRBV20-1,TRBJ2-1,SASSPGTSGRYNEQF,1
TRBV20-1,TRBJ2-1,SASSPGTSGSNNEQF,1
TRBV20-1,TRBJ2-1,SASSPGTSGSSYNEQF,1
TRBV20-1,TRBJ2-1,SASSPGTSGYNEQF,7
TRBV20-1,TRBJ2-1,SASSPGTSLNEQF,1
TRBV20-1,TRBJ2-1,SASSPGTSLSYNEQF,1
TRBV20-1,TRBJ2-1,SASSPGTSNEQF,1
TRBV20-1,TRBJ2-1,SASSPGTSNNEQF,1
TRBV20-1,TRBJ2-1,SASSPGTSVSAYNEQF,1
TRBV20-1,TRBJ2-1,SASSPGTSVYNEQF,1
TRBV20-1,TRBJ2-1,SASSPGTTLYNEQF,1
TRBV20-1,TRBJ2-1,SASSPGTTSYNEQF,1
TRBV20-1,TRBJ2-1,SASSPGTYDEQF,1
TRBV20-1,TRBJ2-1,SASSPGTYHEQF,1
TRBV20-1,TRBJ2-1,SASSPGTYNEHF,1
TRBV20-1,TRBJ2-1,SASSPGTYNEQF,34
TRBV20-1,TRBJ2-1,SASSPGTYNQQF,2
TRBV20-1,TRBJ2-1,SASSPGVAGGGFNEQF,1
TRBV20-1,TRBJ2-1,SASSPGVLINEQF,1
TRBV20-1,TRBJ2-1,SASSPGVLYNEQF,1
TRBV20-1,TRBJ2-1,SASSPGVNNEQF,1
TRBV20-1,TRBJ2-1,SASSPGVPSSYNEQF,1
TRBV20-1,TRBJ2-1,SASSPGVSGRNEQF,1
TRBV20-1,TRBJ2-1,SASSPGVSNEQF,1
TRBV20-1,TRBJ2-1,SASSPGVVYNEQF,1
TRBV20-1,TRBJ2-1,SASSPGVYNEQF,5
TRBV20-1,TRBJ2-1,SASSPGYNEQF,2
TRBV20-1,TRBJ2-1,SASSPHEQF,2
TRBV20-1,TRBJ2-1,SASSPHGRAFMNEQF,1
TRBV20-1,TRBJ2-1,SASSPHNEQF,1
TRBV20-1,TRBJ2-1,SASSPHSSANEQF,1
TRBV20-1,TRBJ2-1,SASSPHYNEQF,1
TRBV20-1,TRBJ2-1,SASSPIAGAYNEQF,1
TRBV20-1,TRBJ2-1,SASSPIAGENYNEQF,1
TRBV20-1,TRBJ2-1,SASSPIGEVTYNEQF,1
TRBV20-1,TRBJ2-1,SASSPINEQF,1
TRBV20-1,TRBJ2-1,SASSPIPGATNEQF,1
TRBV20-1,TRBJ2-1,SASSPIRTSDNEQF,1
TRBV20-1,TRBJ2-1,SASSPISDEQF,1
TRBV20-1,TRBJ2-1,SASSPISYNEQF,1
TRBV20-1,TRBJ2-1,SASSPKFNEQF,2
TRBV20-1,TRBJ2-1,SASSPKGAVGEQF,3
TRBV20-1,TRBJ2-1,SASSPKGNEQF,2
TRBV20-1,TRBJ2-1,SASSPKGRNEQF,1
TRBV20-1,TRBJ2-1,SASSPKGVYNEQF,1
TRBV20-1,TRBJ2-1,SASSPKIARNEQF,1
TRBV20-1,TRBJ2-1,SASSPKIHVNEQF,1
TRBV20-1,TRBJ2-1,SASSPKLAGGYNEQF,1
TRBV20-1,TRBJ2-1,SASSPKQGAHGNEQF,1
TRBV20-1,TRBJ2-1,SASSPKQTGYEQF,15
TRBV20-1,TRBJ2-1,SASSPKRSNEQF,1
TRBV20-1,TRBJ2-1,SASSPKSSYNEPF,1
TRBV20-1,TRBJ2-1,SASSPKSSYNEQF,18
TRBV20-1,TRBJ2-1,SASSPKTSGMYNEQF,1
TRBV20-1,TRBJ2-1,SASSPKVFYNEQF,1
TRBV20-1,TRBJ2-1,SASSPLAAAINNEQF,1
TRBV20-1,TRBJ2-1,SASSPLAASSNEQF,1
TRBV20-1,TRBJ2-1,SASSPLAASYNEQF,1
TRBV20-1,TRBJ2-1,SASSPLADHYNEQF,1
TRBV20-1,TRBJ2-1,SASSPLADLTYNEQF,1
TRBV20-1,TRBJ2-1,SASSPLAEEVDEQF,9
TRBV20-1,TRBJ2-1,SASSPLAGARNEQF,1
TRBV20-1,TRBJ2-1,SASSPLAGAYNEQF,1
TRBV20-1,TRBJ2-1,SASSPLAGGDGEQF,2
TRBV20-1,TRBJ2-1,SASSPLAGGHEQF,1
TRBV20-1,TRBJ2-1,SASSPLAGGNEQF,1
TRBV20-1,TRBJ2-1,SASSPLAGGPPSYNEQF,1
TRBV20-1,TRBJ2-1,SASSPLAGGYNEQF,1
TRBV20-1,TRBJ2-1,SASSPLAGIDDEQF,1
TRBV20-1,TRBJ2-1,SASSPLAGLNEQF,1
TRBV20-1,TRBJ2-1,SASSPLAGPYNEQF,1
TRBV20-1,TRBJ2-1,SASSPLAGSSYNEQF,1
TRBV20-1,TRBJ2-1,SASSPLAGTNNEQF,1
TRBV20-1,TRBJ2-1,SASSPLAGVHEQF,1
TRBV20-1,TRBJ2-1,SASSPLAGVRNEQF,1
TRBV20-1,TRBJ2-1,SASSPLAGVYNEQF,1
TRBV20-1,TRBJ2-1,SASSPLAGYNEQF,2
TRBV20-1,TRBJ2-1,SASSPLAGYYNEQF,5
TRBV20-1,TRBJ2-1,SASSPLANEQF,1
TRBV20-1,TRBJ2-1,SASSPLANNEQF,1
TRBV20-1,TRBJ2-1,SASSPLANYNEQF,1
TRBV20-1,TRBJ2-1,SASSPLAQYNEQF,1
TRBV20-1,TRBJ2-1,SASSPLDISNEQF,1
TRBV20-1,TRBJ2-1,SASSPLDKNEQF,1
TRBV20-1,TRBJ2-1,SASSPLDNEQF,1
TRBV20-1,TRBJ2-1,SASSPLGAGGRGNEQF,2
TRBV20-1,TRBJ2-1,SASSPLGDEQF,2
TRBV20-1,TRBJ2-1,SASSPLGDNEQF,1
TRBV20-1,TRBJ2-1,SASSPLGEGVDEQF,1
TRBV20-1,TRBJ2-1,SASSPLGENEQF,1
TRBV20-1,TRBJ2-1,SASSPLGGANNEQF,1
TRBV20-1,TRBJ2-1,SASSPLGLRF,6
TRBV20-1,TRBJ2-1,SASSPLGLYNEQF,1
TRBV20-1,TRBJ2-1,SASSPLGNEQF,1
TRBV20-1,TRBJ2-1,SASSPLGPYNEQF,1
TRBV20-1,TRBJ2-1,SASSPLGYEQF,1
TRBV20-1,TRBJ2-1,SASSPLKKYNEQF,2
TRBV20-1,TRBJ2-1,SASSPLLAGEFYEQF,1
TRBV20-1,TRBJ2-1,SASSPLLGDNEQF,5
TRBV20-1,TRBJ2-1,SASSPLLYNEQF,1
TRBV20-1,TRBJ2-1,SASSPLNEQF,2
TRBV20-1,TRBJ2-1,SASSPLQGLSYNEQF,15
TRBV20-1,TRBJ2-1,SASSPLRQGTGEQF,6
TRBV20-1,TRBJ2-1,SASSPLRRSYNEQF,1
TRBV20-1,TRBJ2-1,SASSPLRTSGRNEQF,1
TRBV20-1,TRBJ2-1,SASSPLSGYNEQF,1
TRBV20-1,TRBJ2-1,SASSPLSLRF,1
TRBV20-1,TRBJ2-1,SASSPLSNEQF,1
TRBV20-1,TRBJ2-1,SASSPLSSYNEQF,4
TRBV20-1,TRBJ2-1,SASSPLTGTSERSNEQF,1
TRBV20-1,TRBJ2-1,SASSPLTNEQF,1
TRBV20-1,TRBJ2-1,SASSPLTYNEQF,5
TRBV20-1,TRBJ2-1,SASSPLVAYNEQF,1
TRBV20-1,TRBJ2-1,SASSPLWGAVYNEQF,1
TRBV20-1,TRBJ2-1,SASSPLWGTYNEQF,1
TRBV20-1,TRBJ2-1,SASSPLYEQF,2
TRBV20-1,TRBJ2-1,SASSPLYNEQF,8
TRBV20-1,TRBJ2-1,SASSPMGLAGDNEQF,1
TRBV20-1,TRBJ2-1,SASSPMLYNEQF,1
TRBV20-1,TRBJ2-1,SASSPMSGNEQF,1
TRBV20-1,TRBJ2-1,SASSPNDNEQF,1
TRBV20-1,TRBJ2-1,SASSPNEQF,10
TRBV20-1,TRBJ2-1,SASSPNFRYNEQF,3
TRBV20-1,TRBJ2-1,SASSPNGGRATYNEQF,2
TRBV20-1,TRBJ2-1,SASSPNKYNEQF,1
TRBV20-1,TRBJ2-1,SASSPNNEQF,3
TRBV20-1,TRBJ2-1,SASSPNPGANEQF,2
TRBV20-1,TRBJ2-1,SASSPNPLSYKGQF,1
TRBV20-1,TRBJ2-1,SASSPNPLSYNEQF,3
TRBV20-1,TRBJ2-1,SASSPNPLSYNEQL,1
TRBV20-1,TRBJ2-1,SASSPNQF,4
TRBV20-1,TRBJ2-1,SASSPNRNEQF,1
TRBV20-1,TRBJ2-1,SASSPNSYNEQF,10
TRBV20-1,TRBJ2-1,SASSPNTGQF,2
TRBV20-1,TRBJ2-1,SASSPNTNEQF,1
TRBV20-1,TRBJ2-1,SASSPNTYEQF,1
TRBV20-1,TRBJ2-1,SASSPNTYNEQF,1
TRBV20-1,TRBJ2-1,SASSPNYGSYNEQF,1
TRBV20-1,TRBJ2-1,SASSPNYNEQF,1
TRBV20-1,TRBJ2-1,SASSPPANEQF,1
TRBV20-1,TRBJ2-1,SASSPPASGANNEQF,1
TRBV20-1,TRBJ2-1,SASSPPAYNEQF,1
TRBV20-1,TRBJ2-1,SASSPPEASGGTSNNEQF,1
TRBV20-1,TRBJ2-1,SASSPPGEYNEQF,3
TRBV20-1,TRBJ2-1,SASSPPGGRSYNEQF,2
TRBV20-1,TRBJ2-1,SASSPPGNEQF,1
TRBV20-1,TRBJ2-1,SASSPPGRGGSSYNEQF,11
TRBV20-1,TRBJ2-1,SASSPPGRGGSYYNEQF,1
TRBV20-1,TRBJ2-1,SASSPPGSPF,1
TRBV20-1,TRBJ2-1,SASSPPGTSGRGNEQF,1
TRBV20-1,TRBJ2-1,SASSPPGTSGTLYYNEQF,1
TRBV20-1,TRBJ2-1,SASSPPGTSSYNEQF,1
TRBV20-1,TRBJ2-1,SASSPPHNEQF,1
TRBV20-1,TRBJ2-1,SASSPPIYNEQF,1
TRBV20-1,TRBJ2-1,SASSPPKGNEHF,1
TRBV20-1,TRBJ2-1,SASSPPKGNEQF,1
TRBV20-1,TRBJ2-1,SASSPPNEQF,2
TRBV20-1,TRBJ2-1,SASSPPPGYNEQF,4
TRBV20-1,TRBJ2-1,SASSPPRDEQF,2
TRBV20-1,TRBJ2-1,SASSPPRGNEKF,1
TRBV20-1,TRBJ2-1,SASSPPRGRGVYNEQF,1
TRBV20-1,TRBJ2-1,SASSPPRSGRSSNEQF,2
TRBV20-1,TRBJ2-1,SASSPPRSSYNEQF,1
TRBV20-1,TRBJ2-1,SASSPPSGHNEQF,1
TRBV20-1,TRBJ2-1,SASSPPSGRGNEQF,1
TRBV20-1,TRBJ2-1,SASSPPSGTYNEQF,1
TRBV20-1,TRBJ2-1,SASSPPSYNEQF,1
TRBV20-1,TRBJ2-1,SASSPPTGIYNEQF,1
TRBV20-1,TRBJ2-1,SASSPPTRYNEQF,1
TRBV20-1,TRBJ2-1,SASSPPTSGHQQF,2
TRBV20-1,TRBJ2-1,SASSPPTSGLTYNEQF,11
TRBV20-1,TRBJ2-1,SASSPPTSGSYNEQF,1
TRBV20-1,TRBJ2-1,SASSPPVDEQF,1
TRBV20-1,TRBJ2-1,SASSPPVNEQF,2
TRBV20-1,TRBJ2-1,SASSPPYNEQF,5
TRBV20-1,TRBJ2-1,SASSPQAGAGNEQF,1
TRBV20-1,TRBJ2-1,SASSPQAGVTNEQF,1
TRBV20-1,TRBJ2-1,SASSPQFTYNEQF,1
TRBV20-1,TRBJ2-1,SASSPQFYNEQF,1
TRBV20-1,TRBJ2-1,SASSPQGAAGGGYNEQF,1
TRBV20-1,TRBJ2-1,SASSPQGAVYNEQF,1
TRBV20-1,TRBJ2-1,SASSPQGDEQF,1
TRBV20-1,TRBJ2-1,SASSPQGDNEQF,1
TRBV20-1,TRBJ2-1,SASSPQGFSNEQF,4
TRBV20-1,TRBJ2-1,SASSPQGGDEQF,1
TRBV20-1,TRBJ2-1,SASSPQGSYNEQF,1
TRBV20-1,TRBJ2-1,SASSPQGVDNVQF,1
TRBV20-1,TRBJ2-1,SASSPQHNEQF,1
TRBV20-1,TRBJ2-1,SASSPQLAGGHNEQF,1
TRBV20-1,TRBJ2-1,SASSPQLAYNEQF,1
TRBV20-1,TRBJ2-1,SASSPQPYNEQF,1
TRBV20-1,TRBJ2-1,SASSPQQSSYNEQF,1
TRBV20-1,TRBJ2-1,SASSPQRELNEQF,1
TRBV20-1,TRBJ2-1,SASSPQRGLSDNEQF,1
TRBV20-1,TRBJ2-1,SASSPQRGYNEQF,1
TRBV20-1,TRBJ2-1,SASSPQRHEQF,1
TRBV20-1,TRBJ2-1,SASSPQRLSYNEQF,1
TRBV20-1,TRBJ2-1,SASSPQRYNEQF,1
TRBV20-1,TRBJ2-1,SASSPQSSYNEQF,1
TRBV20-1,TRBJ2-1,SASSPQSVGRVYNEQF,1
TRBV20-1,TRBJ2-1,SASSPQTSGSYNEQF,1
TRBV20-1,TRBJ2-1,SASSPQTSGTFNEQF,1
TRBV20-1,TRBJ2-1,SASSPQTYNEQF,1
TRBV20-1,TRBJ2-1,SASSPQWNEQF,1
TRBV20-1,TRBJ2-1,SASSPRAAGMYNEQF,1
TRBV20-1,TRBJ2-1,SASSPRAGNEQF,2
TRBV20-1,TRBJ2-1,SASSPRAGSYNEQF,1
TRBV20-1,TRBJ2-1,SASSPRASGNEQF,1
TRBV20-1,TRBJ2-1,SASSPRASGRHYNEQF,1
TRBV20-1,TRBJ2-1,SASSPRASSYNEQF,1
TRBV20-1,TRBJ2-1,SASSPRATNEQF,1
TRBV20-1,TRBJ2-1,SASSPRDAYEQF,1
TRBV20-1,TRBJ2-1,SASSPRDEQF,1
TRBV20-1,TRBJ2-1,SASSPRDFSYNEQF,1
TRBV20-1,TRBJ2-1,SASSPRDKSYNEQF,1
TRBV20-1,TRBJ2-1,SASSPRDRTRGSSYNEQF,1
TRBV20-1,TRBJ2-1,SASSPRDRVSYNEQF,1
TRBV20-1,TRBJ2-1,SASSPRDYLYNEQF,1
TRBV20-1,TRBJ2-1,SASSPREFVDEQF,1
TRBV20-1,TRBJ2-1,SASSPREGPYNEQF,10
TRBV20-1,TRBJ2-1,SASSPRESHNEQF,1
TRBV20-1,TRBJ2-1,SASSPRESPNEQF,1
TRBV20-1,TRBJ2-1,SASSPREWNEQF,2
TRBV20-1,TRBJ2-1,SASSPRGANEQF,1
TRBV20-1,TRBJ2-1,SASSPRGARNEQF,1
TRBV20-1,TRBJ2-1,SASSPRGDSYNEQF,5
TRBV20-1,TRBJ2-1,SASSPRGFSYNEQF,6
TRBV20-1,TRBJ2-1,SASSPRGGGNEQF,1
TRBV20-1,TRBJ2-1,SASSPRGGRANEQF,1
TRBV20-1,TRBJ2-1,SASSPRGGSSYNEQF,2
TRBV20-1,TRBJ2-1,SASSPRGNEQF,2
TRBV20-1,TRBJ2-1,SASSPRGQSSYNEQF,2
TRBV20-1,TRBJ2-1,SASSPRGRNEQF,1
TRBV20-1,TRBJ2-1,SASSPRGRQGPYNEQF,1
TRBV20-1,TRBJ2-1,SASSPRGSASEQF,2
TRBV20-1,TRBJ2-1,SASSPRGSDEQF,1
TRBV20-1,TRBJ2-1,SASSPRGSSSEQF,2
TRBV20-1,TRBJ2-1,SASSPRGSSYNEQF,1
TRBV20-1,TRBJ2-1,SASSPRGSYNEQF,2
TRBV20-1,TRBJ2-1,SASSPRGTGKYNEQF,1
TRBV20-1,TRBJ2-1,SASSPRGTYNEQF,1
TRBV20-1,TRBJ2-1,SASSPRGYNEQF,4
TRBV20-1,TRBJ2-1,SASSPRHEQF,1
TRBV20-1,TRBJ2-1,SASSPRILDYNEQF,1
TRBV20-1,TRBJ2-1,SASSPRLADEQF,3
TRBV20-1,TRBJ2-1,SASSPRLAGGSYNEQF,1
TRBV20-1,TRBJ2-1,SASSPRLGPYNEQF,1
TRBV20-1,TRBJ2-1,SASSPRLVRSYNEQF,1
TRBV20-1,TRBJ2-1,SASSPRNNEQF,2
TRBV20-1,TRBJ2-1,SASSPRPGGYNEQF,1
TRBV20-1,TRBJ2-1,SASSPRQFRNEQF,3
TRBV20-1,TRBJ2-1,SASSPRQGLYNEQF,1
TRBV20-1,TRBJ2-1,SASSPRQGPYNEQF,1
TRBV20-1,TRBJ2-1,SASSPRQNVANEQF,1
TRBV20-1,TRBJ2-1,SASSPRRDNEQF,4
TRBV20-1,TRBJ2-1,SASSPRRGSYNEQF,1
TRBV20-1,TRBJ2-1,SASSPRRGYNEQF,1
TRBV20-1,TRBJ2-1,SASSPRRHEQF,2
TRBV20-1,TRBJ2-1,SASSPRRSANEQF,1
TRBV20-1,TRBJ2-1,SASSPRRSYNEQF,1
TRBV20-1,TRBJ2-1,SASSPRSRLGYNEQF,1
TRBV20-1,TRBJ2-1,SASSPRSYNEQF,1
TRBV20-1,TRBJ2-1,SASSPRTGNNYNEQF,1
TRBV20-1,TRBJ2-1,SASSPRTIYNEQF,1
TRBV20-1,TRBJ2-1,SASSPRTNEQF,1
TRBV20-1,TRBJ2-1,SASSPRTSADNEHF,1
TRBV20-1,TRBJ2-1,SASSPRTSGGTGDNEQF,5
TRBV20-1,TRBJ2-1,SASSPRTSGNNEQF,1
TRBV20-1,TRBJ2-1,SASSPRTSGSYNEQF,1
TRBV20-1,TRBJ2-1,SASSPRTSGTNEQF,1
TRBV20-1,TRBJ2-1,SASSPRTYNEQF,3
TRBV20-1,TRBJ2-1,SASSPRVAPQVDEQF,1
TRBV20-1,TRBJ2-1,SASSPRVDFSQTNEQF,1
TRBV20-1,TRBJ2-1,SASSPRVNEQF,1
TRBV20-1,TRBJ2-1,SASSPRVSSREQF,1
TRBV20-1,TRBJ2-1,SASSPRVSYNEQF,1
TRBV20-1,TRBJ2-1,SASSPRVTYNEQF,1
TRBV20-1,TRBJ2-1,SASSPRWAEIYNEQF,1
TRBV20-1,TRBJ2-1,SASSPRWAGNEQF,1
TRBV20-1,TRBJ2-1,SASSPSAGGSYNEQF,1
TRBV20-1,TRBJ2-1,SASSPSAGYNEQF,2
TRBV20-1,TRBJ2-1,SASSPSALSYNEQF,1
TRBV20-1,TRBJ2-1,SASSPSASYNEQF,1
TRBV20-1,TRBJ2-1,SASSPSATNEQF,1
TRBV20-1,TRBJ2-1,SASSPSAYRHSYNEQF,1
TRBV20-1,TRBJ2-1,SASSPSAYSYNEQF,1
TRBV20-1,TRBJ2-1,SASSPSDPRYNEQF,1
TRBV20-1,TRBJ2-1,SASSPSEKFYNEQF,1
TRBV20-1,TRBJ2-1,SASSPSFGNEQF,1
TRBV20-1,TRBJ2-1,SASSPSGAGNEQF,1
TRBV20-1,TRBJ2-1,SASSPSGANYNEQF,1
TRBV20-1,TRBJ2-1,SASSPSGAYNEQF,2
TRBV20-1,TRBJ2-1,SASSPSGDSYNEQF,1
TRBV20-1,TRBJ2-1,SASSPSGDYNEQF,1
TRBV20-1,TRBJ2-1,SASSPSGENEQF,1
TRBV20-1,TRBJ2-1,SASSPSGFNEQF,1
TRBV20-1,TRBJ2-1,SASSPSGGAGLNNEQF,1
TRBV20-1,TRBJ2-1,SASSPSGGARSYNEQF,1
TRBV20-1,TRBJ2-1,SASSPSGGDNEQF,1
TRBV20-1,TRBJ2-1,SASSPSGGGSSYNEQF,1
TRBV20-1,TRBJ2-1,SASSPSGGINEQF,1
TRBV20-1,TRBJ2-1,SASSPSGGNNEQF,4
TRBV20-1,TRBJ2-1,SASSPSGGSGEQF,1
TRBV20-1,TRBJ2-1,SASSPSGGSNEQF,1
TRBV20-1,TRBJ2-1,SASSPSGGSSEQF,1
TRBV20-1,TRBJ2-1,SASSPSGGSYNEQF,3
TRBV20-1,TRBJ2-1,SASSPSGGTNEQF,1
TRBV20-1,TRBJ2-1,SASSPSGGYNEQF,1
TRBV20-1,TRBJ2-1,SASSPSGHNEQF,1
TRBV20-1,TRBJ2-1,SASSPSGIGNEQF,1
TRBV20-1,TRBJ2-1,SASSPSGIPITNEQF,1
TRBV20-1,TRBJ2-1,SASSPSGISSEQF,1
TRBV20-1,TRBJ2-1,SASSPSGKIANEQF,1
TRBV20-1,TRBJ2-1,SASSPSGKLQNEQF,3
TRBV20-1,TRBJ2-1,SASSPSGLASYNEQF,1
TRBV20-1,TRBJ2-1,SASSPSGLIRGNEQF,2
TRBV20-1,TRBJ2-1,SASSPSGLSYNEQF,24
TRBV20-1,TRBJ2-1,SASSPSGMSSEQF,1
TRBV20-1,TRBJ2-1,SASSPSGNDEQF,1
TRBV20-1,TRBJ2-1,SASSPSGNEQF,1
TRBV20-1,TRBJ2-1,SASSPSGNNEQF,1
TRBV20-1,TRBJ2-1,SASSPSGNNNEQF,1
TRBV20-1,TRBJ2-1,SASSPSGPGDEQF,1
TRBV20-1,TRBJ2-1,SASSPSGPNTEQF,1
TRBV20-1,TRBJ2-1,SASSPSGQFNEQF,7
TRBV20-1,TRBJ2-1,SASSPSGRADHEQF,1
TRBV20-1,TRBJ2-1,SASSPSGRAHEQF,1
TRBV20-1,TRBJ2-1,SASSPSGRALNEQF,1
TRBV20-1,TRBJ2-1,SASSPSGRANEQF,6
TRBV20-1,TRBJ2-1,SASSPSGRAPNEQF,1
TRBV20-1,TRBJ2-1,SASSPSGRASGIDEQF,1
TRBV20-1,TRBJ2-1,SASSPSGRAYNEQF,1
TRBV20-1,TRBJ2-1,SASSPSGRDNEQF,3
TRBV20-1,TRBJ2-1,SASSPSGRFHNEQF,1
TRBV20-1,TRBJ2-1,SASSPSGRFNEQF,2
TRBV20-1,TRBJ2-1,SASSPSGRGPAYNEQF,1
TRBV20-1,TRBJ2-1,SASSPSGRHEQF,1
TRBV20-1,TRBJ2-1,SASSPSGRIHEQF,2
TRBV20-1,TRBJ2-1,SASSPSGRIYNEQF,1
TRBV20-1,TRBJ2-1,SASSPSGRNGNEQF,2
TRBV20-1,TRBJ2-1,SASSPSGRRYNEQF,1
TRBV20-1,TRBJ2-1,SASSPSGRSSEQF,2
TRBV20-1,TRBJ2-1,SASSPSGRSSYNEQF,1
TRBV20-1,TRBJ2-1,SASSPSGRTPYNEQF,4
TRBV20-1,TRBJ2-1,SASSPSGRVLHEQF,3
TRBV20-1,TRBJ2-1,SASSPSGRVSYRDNEQF,1
TRBV20-1,TRBJ2-1,SASSPSGRVYEQF,6
TRBV20-1,TRBJ2-1,SASSPSGRWQF,6
TRBV20-1,TRBJ2-1,SASSPSGRYNEQF,5
TRBV20-1,TRBJ2-1,SASSPSGSASEQF,3
TRBV20-1,TRBJ2-1,SASSPSGSDEQF,6
TRBV20-1,TRBJ2-1,SASSPSGSEYNEQF,1
TRBV20-1,TRBJ2-1,SASSPSGSGRDRIYNEQF,1
TRBV20-1,TRBJ2-1,SASSPSGSLIYNEQF,1
TRBV20-1,TRBJ2-1,SASSPSGSPSGQF,1
TRBV20-1,TRBJ2-1,SASSPSGSPYNEQF,1
TRBV20-1,TRBJ2-1,SASSPSGSRQNSYNEQF,1
TRBV20-1,TRBJ2-1,SASSPSGSSCEQF,1
TRBV20-1,TRBJ2-1,SASSPSGSSGEQF,1
TRBV20-1,TRBJ2-1,SASSPSGSSNEQF,2
TRBV20-1,TRBJ2-1,SASSPSGSSREQF,1
TRBV20-1,TRBJ2-1,SASSPSGSSSDQF,1
TRBV20-1,TRBJ2-1,SASSPSGSSSEEF,1
TRBV20-1,TRBJ2-1,SASSPSGSSSEHF,2
TRBV20-1,TRBJ2-1,SASSPSGSSSEQF,238
TRBV20-1,TRBJ2-1,SASSPSGSSSEQS,1
TRBV20-1,TRBJ2-1,SASSPSGSSSQQF,1
TRBV20-1,TRBJ2-1,SASSPSGSSYNEQF,5
TRBV20-1,TRBJ2-1,SASSPSGSVGNEQF,1
TRBV20-1,TRBJ2-1,SASSPSGSYEQF,1
TRBV20-1,TRBJ2-1,SASSPSGSYNEQF,4
TRBV20-1,TRBJ2-1,SASSPSGTSSAQS,1
TRBV20-1,TRBJ2-1,SASSPSGTSSYNEQF,1
TRBV20-1,TRBJ2-1,SASSPSGTSYNEQF,1
TRBV20-1,TRBJ2-1,SASSPSGTYNEQF,10
TRBV20-1,TRBJ2-1,SASSPSGVIYNEQF,1
TRBV20-1,TRBJ2-1,SASSPSGVNEQF,1
TRBV20-1,TRBJ2-1,SASSPSGVSSYNEQF,1
TRBV20-1,TRBJ2-1,SASSPSGVSYNEQF,1
TRBV20-1,TRBJ2-1,SASSPSGYKYNEQF,1
TRBV20-1,TRBJ2-1,SASSPSGYNEQF,7
TRBV20-1,TRBJ2-1,SASSPSGYNNEQF,1
TRBV20-1,TRBJ2-1,SASSPSGYTNEQF,1
TRBV20-1,TRBJ2-1,SASSPSHPREAEQF,2
TRBV20-1,TRBJ2-1,SASSPSIGNEQF,2
TRBV20-1,TRBJ2-1,SASSPSKGDEQF,1
TRBV20-1,TRBJ2-1,SASSPSKGNDQF,1
TRBV20-1,TRBJ2-1,SASSPSKGNEHF,1
TRBV20-1,TRBJ2-1,SASSPSKGNEKC,1
TRBV20-1,TRBJ2-1,SASSPSKGNEQF,98
TRBV20-1,TRBJ2-1,SASSPSKGNERL,1
TRBV20-1,TRBJ2-1,SASSPSKGNVQF,1
TRBV20-1,TRBJ2-1,SASSPSKRNEQF,1
TRBV20-1,TRBJ2-1,SASSPSKVNEQF,1
TRBV20-1,TRBJ2-1,SASSPSKWNAKF,1
TRBV20-1,TRBJ2-1,SASSPSLGREGYNEQF,1
TRBV20-1,TRBJ2-1,SASSPSNGNEQF,2
TRBV20-1,TRBJ2-1,SASSPSNGNKRF,1
TRBV20-1,TRBJ2-1,SASSPSNKRESSYNEQF,1
TRBV20-1,TRBJ2-1,SASSPSNNEQF,4
TRBV20-1,TRBJ2-1,SASSPSPPGEQF,7
TRBV20-1,TRBJ2-1,SASSPSQGNEQF,1
TRBV20-1,TRBJ2-1,SASSPSRGNEQF,2
TRBV20-1,TRBJ2-1,SASSPSRRLAAYNEQF,1
TRBV20-1,TRBJ2-1,SASSPSRSYNEQF,6
TRBV20-1,TRBJ2-1,SASSPSSGFWNEQF,1
TRBV20-1,TRBJ2-1,SASSPSSGKYNEQF,1
TRBV20-1,TRBJ2-1,SASSPSSGRSHEQF,6
TRBV20-1,TRBJ2-1,SASSPSSPGLAPNEQF,1
TRBV20-1,TRBJ2-1,SASSPSSPYNEQF,1
TRBV20-1,TRBJ2-1,SASSPSSSRRSNEQF,1
TRBV20-1,TRBJ2-1,SASSPSSSYNEQF,2
TRBV20-1,TRBJ2-1,SASSPSSWQF,2
TRBV20-1,TRBJ2-1,SASSPSSYNEQF,24
TRBV20-1,TRBJ2-1,SASSPSTGNEQF,2
TRBV20-1,TRBJ2-1,SASSPSVDEQF,1
TRBV20-1,TRBJ2-1,SASSPSVSSSEQF,1
TRBV20-1,TRBJ2-1,SASSPSVSYNEQF,1
TRBV20-1,TRBJ2-1,SASSPSVTNEQF,1
TRBV20-1,TRBJ2-1,SASSPSVWGHEQF,1
TRBV20-1,TRBJ2-1,SASSPSWSSSEQF,1
TRBV20-1,TRBJ2-1,SASSPSYLNEQF,3
TRBV20-1,TRBJ2-1,SASSPSYNEQF,27
TRBV20-1,TRBJ2-1,SASSPSYSNEQF,1
TRBV20-1,TRBJ2-1,SASSPTEPSVNEQF,1
TRBV20-1,TRBJ2-1,SASSPTFHEQF,1
TRBV20-1,TRBJ2-1,SASSPTGGHNEQF,2
TRBV20-1,TRBJ2-1,SASSPTGGIGEQF,4
TRBV20-1,TRBJ2-1,SASSPTGGKGNEQF,1
TRBV20-1,TRBJ2-1,SASSPTGGSDEQF,1
TRBV20-1,TRBJ2-1,SASSPTGGTYNEQF,1
TRBV20-1,TRBJ2-1,SASSPTGLSYNEQF,1
TRBV20-1,TRBJ2-1,SASSPTGNEQF,1
TRBV20-1,TRBJ2-1,SASSPTGSSYNEQF,1
TRBV20-1,TRBJ2-1,SASSPTGTSGDWGENEQF,1
TRBV20-1,TRBJ2-1,SASSPTHSYNEQF,1
TRBV20-1,TRBJ2-1,SASSPTLAGGGNEQF,4
TRBV20-1,TRBJ2-1,SASSPTLAGGNNEQF,1
TRBV20-1,TRBJ2-1,SASSPTLSYNEQF,1
TRBV20-1,TRBJ2-1,SASSPTMGREAYNEQF,1
TRBV20-1,TRBJ2-1,SASSPTNEQF,1
TRBV20-1,TRBJ2-1,SASSPTNSYNEQF,2
TRBV20-1,TRBJ2-1,SASSPTNYNEQF,1
TRBV20-1,TRBJ2-1,SASSPTPLSYNEQF,1
TRBV20-1,TRBJ2-1,SASSPTPSSYNEQF,1
TRBV20-1,TRBJ2-1,SASSPTQF,2
TRBV20-1,TRBJ2-1,SASSPTQRKYNEQF,1
TRBV20-1,TRBJ2-1,SASSPTRHNEQF,1
TRBV20-1,TRBJ2-1,SASSPTRSYNEQF,1
TRBV20-1,TRBJ2-1,SASSPTSASHNEQF,1
TRBV20-1,TRBJ2-1,SASSPTSEIYNEQF,1
TRBV20-1,TRBJ2-1,SASSPTSFYNEQF,4
TRBV20-1,TRBJ2-1,SASSPTSGGPNEQF,1
TRBV20-1,TRBJ2-1,SASSPTSGGSSYNEQF,1
TRBV20-1,TRBJ2-1,SASSPTSGGSYNEQF,1
TRBV20-1,TRBJ2-1,SASSPTSGGYNEQF,1
TRBV20-1,TRBJ2-1,SASSPTSGIGNEQF,1
TRBV20-1,TRBJ2-1,SASSPTSGLHNEQF,1
TRBV20-1,TRBJ2-1,SASSPTSGPYNEQF,1
TRBV20-1,TRBJ2-1,SASSPTSGRADEQF,1
TRBV20-1,TRBJ2-1,SASSPTSGRALNEQF,1
TRBV20-1,TRBJ2-1,SASSPTSGREGF,1
TRBV20-1,TRBJ2-1,SASSPTSGRGNNEQF,1
TRBV20-1,TRBJ2-1,SASSPTSGRLPLYNEQF,1
TRBV20-1,TRBJ2-1,SASSPTSGRNNEQF,1
TRBV20-1,TRBJ2-1,SASSPTSGRRSYNEQF,1
TRBV20-1,TRBJ2-1,SASSPTSGRWDEQF,1
TRBV20-1,TRBJ2-1,SASSPTSGSDEQF,3
TRBV20-1,TRBJ2-1,SASSPTSGSFNEQF,1
TRBV20-1,TRBJ2-1,SASSPTSGSYEQF,1
TRBV20-1,TRBJ2-1,SASSPTSKVVNEQF,1
TRBV20-1,TRBJ2-1,SASSPTSLNEQF,1
TRBV20-1,TRBJ2-1,SASSPTSRDNEQF,1
TRBV20-1,TRBJ2-1,SASSPTSSYNEQF,4
TRBV20-1,TRBJ2-1,SASSPTSTSYNEQF,1
TRBV20-1,TRBJ2-1,SASSPTSVYNEQF,1
TRBV20-1,TRBJ2-1,SASSPTSYNDQF,1
TRBV20-1,TRBJ2-1,SASSPTSYNEQF,2
TRBV20-1,TRBJ2-1,SASSPTTAYNEQF,1
TRBV20-1,TRBJ2-1,SASSPTTPPHEQF,1
TRBV20-1,TRBJ2-1,SASSPTTYNEQF,1
TRBV20-1,TRBJ2-1,SASSPTVNEQF,1
TRBV20-1,TRBJ2-1,SASSPTVRFYNEQF,5
TRBV20-1,TRBJ2-1,SASSPTYNEQF,8
TRBV20-1,TRBJ2-1,SASSPTYNNEQF,1
TRBV20-1,TRBJ2-1,SASSPVAGVHNEQF,2
TRBV20-1,TRBJ2-1,SASSPVANNEQF,1
TRBV20-1,TRBJ2-1,SASSPVGGHNEQF,1
TRBV20-1,TRBJ2-1,SASSPVGREGWDNEQF,1
TRBV20-1,TRBJ2-1,SASSPVLDEQF,1
TRBV20-1,TRBJ2-1,SASSPVLFYNEQF,1
TRBV20-1,TRBJ2-1,SASSPVLSYNEQF,1
TRBV20-1,TRBJ2-1,SASSPVLVPYNEQF,1
TRBV20-1,TRBJ2-1,SASSPVNEQF,1
TRBV20-1,TRBJ2-1,SASSPVPEQF,5
TRBV20-1,TRBJ2-1,SASSPVRANNEQF,1
TRBV20-1,TRBJ2-1,SASSPVRAYNEQF,3
TRBV20-1,TRBJ2-1,SASSPVRSSGAYNEQF,1
TRBV20-1,TRBJ2-1,SASSPVSGRNEQF,1
TRBV20-1,TRBJ2-1,SASSPVSLAGGGSYNEQF,1
TRBV20-1,TRBJ2-1,SASSPVSSYNEQF,2
TRBV20-1,TRBJ2-1,SASSPVSYNEQF,2
TRBV20-1,TRBJ2-1,SASSPVTSGGNNEQF,6
TRBV20-1,TRBJ2-1,SASSPVTSSSYNEQF,4
TRBV20-1,TRBJ2-1,SASSPVVAGGYYNEQF,1
TRBV20-1,TRBJ2-1,SASSPVYNEQF,1
TRBV20-1,TRBJ2-1,SASSPWAGGGEQF,1
TRBV20-1,TRBJ2-1,SASSPWDEQF,1
TRBV20-1,TRBJ2-1,SASSPWGGLNEQF,3
TRBV20-1,TRBJ2-1,SASSPWGILNEQF,1
TRBV20-1,TRBJ2-1,SASSPWGQNNEQF,1
TRBV20-1,TRBJ2-1,SASSPWPSGASSYNEQF,1
TRBV20-1,TRBJ2-1,SASSPWSASYNEQF,1
TRBV20-1,TRBJ2-1,SASSPWSSGSYEQF,1
TRBV20-1,TRBJ2-1,SASSPWSYNEQF,1
TRBV20-1,TRBJ2-1,SASSPWTRSGDEQF,1
TRBV20-1,TRBJ2-1,SASSPWTTSLSEQF,2
TRBV20-1,TRBJ2-1,SASSPWVRNEQF,1
TRBV20-1,TRBJ2-1,SASSPWVYEQF,10
TRBV20-1,TRBJ2-1,SASSPYDEQF,1
TRBV20-1,TRBJ2-1,SASSPYEQF,1
TRBV20-1,TRBJ2-1,SASSPYERLNPDEQF,1
TRBV20-1,TRBJ2-1,SASSPYEYEQF,1
TRBV20-1,TRBJ2-1,SASSPYNEQF,8
TRBV20-1,TRBJ2-1,SASSPYPSGSYNEQF,1
TRBV20-1,TRBJ2-1,SASSPYRDYEQF,1
TRBV20-1,TRBJ2-1,SASSPYRNLYNEQF,3
TRBV20-1,TRBJ2-1,SASSPYRYNEQF,10
TRBV20-1,TRBJ2-1,SASSPYTSGRAYNEQF,1
TRBV20-1,TRBJ2-1,SASSQAASSYNEQF,1
TRBV20-1,TRBJ2-1,SASSQADEQF,1
TRBV20-1,TRBJ2-1,SASSQAGAYNEQF,1
TRBV20-1,TRBJ2-1,SASSQAGDSYNEQF,1
TRBV20-1,TRBJ2-1,SASSQAGGSYNEQF,1
TRBV20-1,TRBJ2-1,SASSQAGSSYNEQF,2
TRBV20-1,TRBJ2-1,SASSQAGTSGYEQF,5
TRBV20-1,TRBJ2-1,SASSQAGVESYNEQF,1
TRBV20-1,TRBJ2-1,SASSQAGVSNNEQF,1
TRBV20-1,TRBJ2-1,SASSQAGVSYNEQF,5
TRBV20-1,TRBJ2-1,SASSQAIAAFYEQF,1
TRBV20-1,TRBJ2-1,SASSQALYNEQF,1
TRBV20-1,TRBJ2-1,SASSQANEQF,1
TRBV20-1,TRBJ2-1,SASSQARRVNEQF,24
TRBV20-1,TRBJ2-1,SASSQASGSLNEQF,1
TRBV20-1,TRBJ2-1,SASSQASYNEQF,1
TRBV20-1,TRBJ2-1,SASSQAWGTNEQF,1
TRBV20-1,TRBJ2-1,SASSQAYNEQF,1
TRBV20-1,TRBJ2-1,SASSQDEQF,1
TRBV20-1,TRBJ2-1,SASSQDPNEQF,9
TRBV20-1,TRBJ2-1,SASSQDRANEQF,1
TRBV20-1,TRBJ2-1,SASSQDRTYNEQF,1
TRBV20-1,TRBJ2-1,SASSQEAYNEQF,1
TRBV20-1,TRBJ2-1,SASSQEGSAYYNEQF,1
TRBV20-1,TRBJ2-1,SASSQENSGSSYNEQF,1
TRBV20-1,TRBJ2-1,SASSQEQF,2
TRBV20-1,TRBJ2-1,SASSQEVYNEQF,1
TRBV20-1,TRBJ2-1,SASSQFDEQF,1
TRBV20-1,TRBJ2-1,SASSQFGYNEQF,1
TRBV20-1,TRBJ2-1,SASSQFLPGNEQF,1
TRBV20-1,TRBJ2-1,SASSQFRADEQF,1
TRBV20-1,TRBJ2-1,SASSQFRGESDNEQF,7
TRBV20-1,TRBJ2-1,SASSQGAANYNEQF,1
TRBV20-1,TRBJ2-1,SASSQGAGGTYNEQF,1
TRBV20-1,TRBJ2-1,SASSQGAKNEQF,1
TRBV20-1,TRBJ2-1,SASSQGALYYSYNEQF,1
TRBV20-1,TRBJ2-1,SASSQGANYNEQF,8
TRBV20-1,TRBJ2-1,SASSQGAPKFYNEQF,1
TRBV20-1,TRBJ2-1,SASSQGAPYNEQF,1
TRBV20-1,TRBJ2-1,SASSQGASVYNEQF,2
TRBV20-1,TRBJ2-1,SASSQGAVNEQF,1
TRBV20-1,TRBJ2-1,SASSQGAVYNEQF,5
TRBV20-1,TRBJ2-1,SASSQGAYNEQF,3
TRBV20-1,TRBJ2-1,SASSQGDNEQF,2
TRBV20-1,TRBJ2-1,SASSQGFNEQF,1
TRBV20-1,TRBJ2-1,SASSQGFRSYNEQF,1
TRBV20-1,TRBJ2-1,SASSQGFYNEQF,1
TRBV20-1,TRBJ2-1,SASSQGGEIFNEQF,1
TRBV20-1,TRBJ2-1,SASSQGGEQF,1
TRBV20-1,TRBJ2-1,SASSQGGIYNEQF,1
TRBV20-1,TRBJ2-1,SASSQGGLAGVNNEQF,1
TRBV20-1,TRBJ2-1,SASSQGGLYNEQF,1
TRBV20-1,TRBJ2-1,SASSQGGNEQF,2
TRBV20-1,TRBJ2-1,SASSQGGNNEQF,1
TRBV20-1,TRBJ2-1,SASSQGGQDEQF,5
TRBV20-1,TRBJ2-1,SASSQGGSYNEQF,8
TRBV20-1,TRBJ2-1,SASSQGGVNNEQF,8
TRBV20-1,TRBJ2-1,SASSQGGWRDEQF,1
TRBV20-1,TRBJ2-1,SASSQGGYNEQF,1
TRBV20-1,TRBJ2-1,SASSQGHEQF,2
TRBV20-1,TRBJ2-1,SASSQGIAGIYSSYNEQF,2
TRBV20-1,TRBJ2-1,SASSQGIDEQF,1
TRBV20-1,TRBJ2-1,SASSQGIGNEQF,2
TRBV20-1,TRBJ2-1,SASSQGINEQF,7
TRBV20-1,TRBJ2-1,SASSQGIYNEQF,5
TRBV20-1,TRBJ2-1,SASSQGKGAGTGQF,5
TRBV20-1,TRBJ2-1,SASSQGLAQYNEQF,1
TRBV20-1,TRBJ2-1,SASSQGLGGHEQF,1
TRBV20-1,TRBJ2-1,SASSQGLHYNEQF,1
TRBV20-1,TRBJ2-1,SASSQGLSSYNEQF,1
TRBV20-1,TRBJ2-1,SASSQGMRNEQF,1
TRBV20-1,TRBJ2-1,SASSQGMYNEQF,1
TRBV20-1,TRBJ2-1,SASSQGNEQF,2
TRBV20-1,TRBJ2-1,SASSQGNNEQF,1
TRBV20-1,TRBJ2-1,SASSQGNPRNNEQF,1
TRBV20-1,TRBJ2-1,SASSQGPYNEQF,7
TRBV20-1,TRBJ2-1,SASSQGRNEQF,1
TRBV20-1,TRBJ2-1,SASSQGRSNEQF,1
TRBV20-1,TRBJ2-1,SASSQGRSSYNEQF,1
TRBV20-1,TRBJ2-1,SASSQGRSYNEQF,1
TRBV20-1,TRBJ2-1,SASSQGRTRGNEQF,1
TRBV20-1,TRBJ2-1,SASSQGSFNEQF,1
TRBV20-1,TRBJ2-1,SASSQGSGKRQLTYNEQF,3
TRBV20-1,TRBJ2-1,SASSQGSGNEQF,1
TRBV20-1,TRBJ2-1,SASSQGSGVFSSYNEQF,1
TRBV20-1,TRBJ2-1,SASSQGSSAGDEQF,1
TRBV20-1,TRBJ2-1,SASSQGSYNEQF,10
TRBV20-1,TRBJ2-1,SASSQGTNEQF,2
TRBV20-1,TRBJ2-1,SASSQGTSGAYNEQF,1
TRBV20-1,TRBJ2-1,SASSQGVDEQF,1
TRBV20-1,TRBJ2-1,SASSQGVGSIHEQF,1
TRBV20-1,TRBJ2-1,SASSQGVNEQF,1
TRBV20-1,TRBJ2-1,SASSQGVRDEQF,1
TRBV20-1,TRBJ2-1,SASSQGVRGQKQF,2
TRBV20-1,TRBJ2-1,SASSQGVRGSYNEQF,1
TRBV20-1,TRBJ2-1,SASSQGVSRNEQF,1
TRBV20-1,TRBJ2-1,SASSQGVSSYNEQF,1
TRBV20-1,TRBJ2-1,SASSQGVTGEQF,3
TRBV20-1,TRBJ2-1,SASSQGVVNEQF,1
TRBV20-1,TRBJ2-1,SASSQGVYNEQF,1
TRBV20-1,TRBJ2-1,SASSQGWANEQF,1
TRBV20-1,TRBJ2-1,SASSQGWHNEQF,1
TRBV20-1,TRBJ2-1,SASSQGWPGGSQYNEQF,1
TRBV20-1,TRBJ2-1,SASSQGWQNEQF,1
TRBV20-1,TRBJ2-1,SASSQGYEQF,1
TRBV20-1,TRBJ2-1,SASSQGYNEQF,2
TRBV20-1,TRBJ2-1,SASSQGYSSYNEQF,3
TRBV20-1,TRBJ2-1,SASSQHDEQF,1
TRBV20-1,TRBJ2-1,SASSQHNSYNEQF,1
TRBV20-1,TRBJ2-1,SASSQHPAANEQF,1
TRBV20-1,TRBJ2-1,SASSQINEQF,1
TRBV20-1,TRBJ2-1,SASSQIRVLAGAFNEQF,1
TRBV20-1,TRBJ2-1,SASSQISYNEQF,1
TRBV20-1,TRBJ2-1,SASSQKADYNEQF,1
TRBV20-1,TRBJ2-1,SASSQKGNEQF,1
TRBV20-1,TRBJ2-1,SASSQKSVYNEQF,1
TRBV20-1,TRBJ2-1,SASSQLAGGHNEQF,1
TRBV20-1,TRBJ2-1,SASSQLAGVYNEQF,1
TRBV20-1,TRBJ2-1,SASSQLANEQF,1
TRBV20-1,TRBJ2-1,SASSQLARPYNEQF,1
TRBV20-1,TRBJ2-1,SASSQLGDEQF,1
TRBV20-1,TRBJ2-1,SASSQLMHNEQF,1
TRBV20-1,TRBJ2-1,SASSQLNEQF,1
TRBV20-1,TRBJ2-1,SASSQLNINEQF,1
TRBV20-1,TRBJ2-1,SASSQLRINEQF,1
TRBV20-1,TRBJ2-1,SASSQLSLNEQF,1
TRBV20-1,TRBJ2-1,SASSQLSYNEQF,1
TRBV20-1,TRBJ2-1,SASSQLTSSDNEQF,1
TRBV20-1,TRBJ2-1,SASSQLTSSYNEQF,6
TRBV20-1,TRBJ2-1,SASSQLYNEQF,5
TRBV20-1,TRBJ2-1,SASSQNDYPNEQF,1
TRBV20-1,TRBJ2-1,SASSQNEQF,10
TRBV20-1,TRBJ2-1,SASSQNNEQF,2
TRBV20-1,TRBJ2-1,SASSQNRNEQF,1
TRBV20-1,TRBJ2-1,SASSQNSYNEQF,1
TRBV20-1,TRBJ2-1,SASSQNYNEQF,1
TRBV20-1,TRBJ2-1,SASSQPALFYYNEQF,1
TRBV20-1,TRBJ2-1,SASSQPGRFNEQF,1
TRBV20-1,TRBJ2-1,SASSQPNEQF,1
TRBV20-1,TRBJ2-1,SASSQPPNNEQF,1
TRBV20-1,TRBJ2-1,SASSQQGVSSYNEQF,11
TRBV20-1,TRBJ2-1,SASSQQGYNEQF,1
TRBV20-1,TRBJ2-1,SASSQQGYYNEQF,1
TRBV20-1,TRBJ2-1,SASSQQNNEQF,1
TRBV20-1,TRBJ2-1,SASSQQYNEQF,6
TRBV20-1,TRBJ2-1,SASSQRAGNEQF,1
TRBV20-1,TRBJ2-1,SASSQRASGNEQF,1
TRBV20-1,TRBJ2-1,SASSQRASSYNEQF,1
TRBV20-1,TRBJ2-1,SASSQRAYNEQF,4
TRBV20-1,TRBJ2-1,SASSQRDEQF,5
TRBV20-1,TRBJ2-1,SASSQRDNEQF,4
TRBV20-1,TRBJ2-1,SASSQREGDEQF,1
TRBV20-1,TRBJ2-1,SASSQREGNEQF,1
TRBV20-1,TRBJ2-1,SASSQREGSYNEQF,1
TRBV20-1,TRBJ2-1,SASSQRETTYNEQF,2
TRBV20-1,TRBJ2-1,SASSQREVYNEQF,5
TRBV20-1,TRBJ2-1,SASSQREYNEQF,1
TRBV20-1,TRBJ2-1,SASSQRFYNEQF,1
TRBV20-1,TRBJ2-1,SASSQRGGSYNEQF,6
TRBV20-1,TRBJ2-1,SASSQRGIYNEQF,1
TRBV20-1,TRBJ2-1,SASSQRGYAYNEQF,1
TRBV20-1,TRBJ2-1,SASSQRGYNEQF,4
TRBV20-1,TRBJ2-1,SASSQRLYNEQF,1
TRBV20-1,TRBJ2-1,SASSQRPFNEQF,1
TRBV20-1,TRBJ2-1,SASSQRRGDNEQF,1
TRBV20-1,TRBJ2-1,SASSQRRGYNEQF,1
TRBV20-1,TRBJ2-1,SASSQRRNEQF,5
TRBV20-1,TRBJ2-1,SASSQRRSYNEQF,1
TRBV20-1,TRBJ2-1,SASSQRSYNEQF,1
TRBV20-1,TRBJ2-1,SASSQRTQTNEQF,1
TRBV20-1,TRBJ2-1,SASSQRTSANNEQF,1
TRBV20-1,TRBJ2-1,SASSQRTSYNEQF,1
TRBV20-1,TRBJ2-1,SASSQRTYNEQF,3
TRBV20-1,TRBJ2-1,SASSQRVIPGEQF,5
TRBV20-1,TRBJ2-1,SASSQRVTYNEQF,5
TRBV20-1,TRBJ2-1,SASSQRVYEQF,1
TRBV20-1,TRBJ2-1,SASSQRVYNEQF,1
TRBV20-1,TRBJ2-1,SASSQSEAYNEQF,1
TRBV20-1,TRBJ2-1,SASSQSGFNEQF,1
TRBV20-1,TRBJ2-1,SASSQSGRSYNEQF,1
TRBV20-1,TRBJ2-1,SASSQSGSSSKQF,1
TRBV20-1,TRBJ2-1,SASSQSGSSYNEQF,2
TRBV20-1,TRBJ2-1,SASSQSLSYNEQF,1
TRBV20-1,TRBJ2-1,SASSQSPFSNEQF,1
TRBV20-1,TRBJ2-1,SASSQSPGRNEQF,1
TRBV20-1,TRBJ2-1,SASSQSPHNEQF,1
TRBV20-1,TRBJ2-1,SASSQSRSYNEQF,1
TRBV20-1,TRBJ2-1,SASSQSRTTNEQF,1
TRBV20-1,TRBJ2-1,SASSQSSSYNEQF,2
TRBV20-1,TRBJ2-1,SASSQSSYNEQF,12
TRBV20-1,TRBJ2-1,SASSQTGISLLSSYNEQF,1
TRBV20-1,TRBJ2-1,SASSQTGLAGYYNEQF,1
TRBV20-1,TRBJ2-1,SASSQTGRGNEQF,1
TRBV20-1,TRBJ2-1,SASSQTLATSYNEQF,4
TRBV20-1,TRBJ2-1,SASSQTLQRGVGNEQF,1
TRBV20-1,TRBJ2-1,SASSQTNEQF,1
TRBV20-1,TRBJ2-1,SASSQTRGYNEQF,1
TRBV20-1,TRBJ2-1,SASSQTRRSYNEQF,1
TRBV20-1,TRBJ2-1,SASSQTSGRADEQF,1
TRBV20-1,TRBJ2-1,SASSQTSGSRNEQF,1
TRBV20-1,TRBJ2-1,SASSQTSGSRYEQF,1
TRBV20-1,TRBJ2-1,SASSQTSSRGNEQF,1
TRBV20-1,TRBJ2-1,SASSQTVFLYNEQF,1
TRBV20-1,TRBJ2-1,SASSQTYNEQF,4
TRBV20-1,TRBJ2-1,SASSQVAGLPNEQF,1
TRBV20-1,TRBJ2-1,SASSQVGAYNEQF,1
TRBV20-1,TRBJ2-1,SASSQVGINEQF,2
TRBV20-1,TRBJ2-1,SASSQVGLAGLWSDNEQF,1
TRBV20-1,TRBJ2-1,SASSQVGSVGEQF,3
TRBV20-1,TRBJ2-1,SASSQVLAGVYNEQF,1
TRBV20-1,TRBJ2-1,SASSQVNEQF,1
TRBV20-1,TRBJ2-1,SASSQVPGTSYNEQF,1
TRBV20-1,TRBJ2-1,SASSQVPHNEQF,1
TRBV20-1,TRBJ2-1,SASSQYLEDEQF,1
TRBV20-1,TRBJ2-1,SASSQYNEQF,20
TRBV20-1,TRBJ2-1,SASSQYYNEQF,1
TRBV20-1,TRBJ2-1,SASSRAAGTYNEQF,1
TRBV20-1,TRBJ2-1,SASSRAAYNEQF,2
TRBV20-1,TRBJ2-1,SASSRADEQF,2
TRBV20-1,TRBJ2-1,SASSRADSLNNEQF,1
TRBV20-1,TRBJ2-1,SASSRAEQYNEQF,8
TRBV20-1,TRBJ2-1,SASSRAFDNEQF,1
TRBV20-1,TRBJ2-1,SASSRAGAHHNEQF,1
TRBV20-1,TRBJ2-1,SASSRAGASYNEQF,1
TRBV20-1,TRBJ2-1,SASSRAGAVYNEQF,5
TRBV20-1,TRBJ2-1,SASSRAGAYNEQF,1
TRBV20-1,TRBJ2-1,SASSRAGDFRFRVNEQF,1
TRBV20-1,TRBJ2-1,SASSRAGEITNEQF,1
TRBV20-1,TRBJ2-1,SASSRAGGAYNEQF,1
TRBV20-1,TRBJ2-1,SASSRAGGLSSYNEQF,1
TRBV20-1,TRBJ2-1,SASSRAGGPKYNEQF,1
TRBV20-1,TRBJ2-1,SASSRAGGSYNEQF,1
TRBV20-1,TRBJ2-1,SASSRAGGTYNEQF,2
TRBV20-1,TRBJ2-1,SASSRAGPYNEQF,3
TRBV20-1,TRBJ2-1,SASSRAGSGYNEQF,1
TRBV20-1,TRBJ2-1,SASSRAGSSYNEQF,1
TRBV20-1,TRBJ2-1,SASSRAGTTNEQF,1
TRBV20-1,TRBJ2-1,SASSRAGVSYNEQF,1
TRBV20-1,TRBJ2-1,SASSRAGVYNEQF,1
TRBV20-1,TRBJ2-1,SASSRAGYNEQF,2
TRBV20-1,TRBJ2-1,SASSRALAIRIGDEQF,1
TRBV20-1,TRBJ2-1,SASSRALASPYNEQF,1
TRBV20-1,TRBJ2-1,SASSRALDNEQF,1
TRBV20-1,TRBJ2-1,SASSRALGNEQF,1
TRBV20-1,TRBJ2-1,SASSRALHNEQF,1
TRBV20-1,TRBJ2-1,SASSRALRNEQF,5
TRBV20-1,TRBJ2-1,SASSRALSSYNEQF,1
TRBV20-1,TRBJ2-1,SASSRALYNEQF,1
TRBV20-1,TRBJ2-1,SASSRANEQF,4
TRBV20-1,TRBJ2-1,SASSRANFYNEQF,1
TRBV20-1,TRBJ2-1,SASSRAPNEQF,1
TRBV20-1,TRBJ2-1,SASSRAPRSHEQF,3
TRBV20-1,TRBJ2-1,SASSRAQVYNEQF,1
TRBV20-1,TRBJ2-1,SASSRAQYNEQF,1
TRBV20-1,TRBJ2-1,SASSRARAYNEQF,1
TRBV20-1,TRBJ2-1,SASSRARHYNEQF,1
TRBV20-1,TRBJ2-1,SASSRARLSNEQF,6
TRBV20-1,TRBJ2-1,SASSRARRAGAYNEQF,1
TRBV20-1,TRBJ2-1,SASSRARYNEQF,1
TRBV20-1,TRBJ2-1,SASSRASGAYNEQF,5
TRBV20-1,TRBJ2-1,SASSRASGDYNEQF,1
TRBV20-1,TRBJ2-1,SASSRASGGAEQF,4
TRBV20-1,TRBJ2-1,SASSRASGGHNEQF,1
TRBV20-1,TRBJ2-1,SASSRASGHEQF,1
TRBV20-1,TRBJ2-1,SASSRASGIYNEQF,1
TRBV20-1,TRBJ2-1,SASSRASGKPYNEQF,1
TRBV20-1,TRBJ2-1,SASSRASGKYNEQF,1
TRBV20-1,TRBJ2-1,SASSRASGLVSYNEQF,1
TRBV20-1,TRBJ2-1,SASSRASGRDEQF,1
TRBV20-1,TRBJ2-1,SASSRASGRKVYNEQF,1
TRBV20-1,TRBJ2-1,SASSRASGRYYNEQF,3
TRBV20-1,TRBJ2-1,SASSRASGSDEQF,1
TRBV20-1,TRBJ2-1,SASSRASGSYNEQF,1
TRBV20-1,TRBJ2-1,SASSRASGTLFYNEQF,1
TRBV20-1,TRBJ2-1,SASSRASSYNEQF,1
TRBV20-1,TRBJ2-1,SASSRASYNEQF,2
TRBV20-1,TRBJ2-1,SASSRATSYNEQF,1
TRBV20-1,TRBJ2-1,SASSRATTRAEQF,5
TRBV20-1,TRBJ2-1,SASSRATVMDNEQF,2
TRBV20-1,TRBJ2-1,SASSRAVNEQF,3
TRBV20-1,TRBJ2-1,SASSRAYNEQF,11
TRBV20-1,TRBJ2-1,SASSRAYSSYNEQF,1
TRBV20-1,TRBJ2-1,SASSRDALADNEQF,1
TRBV20-1,TRBJ2-1,SASSRDAYNEQF,1
TRBV20-1,TRBJ2-1,SASSRDEQF,18
TRBV20-1,TRBJ2-1,SASSRDFDYNEQF,1
TRBV20-1,TRBJ2-1,SASSRDFLYNEQF,1
TRBV20-1,TRBJ2-1,SASSRDFYNEQF,1
TRBV20-1,TRBJ2-1,SASSRDGFVNEQF,1
TRBV20-1,TRBJ2-1,SASSRDGGRVYNEQF,1
TRBV20-1,TRBJ2-1,SASSRDGLLYNEQF,1
TRBV20-1,TRBJ2-1,SASSRDGNNEQF,10
TRBV20-1,TRBJ2-1,SASSRDGNSYNEQF,1
TRBV20-1,TRBJ2-1,SASSRDGRSYNEQF,4
TRBV20-1,TRBJ2-1,SASSRDGSGPYNEQF,1
TRBV20-1,TRBJ2-1,SASSRDGSSYNEQF,1
TRBV20-1,TRBJ2-1,SASSRDGTASSYNEQF,1
TRBV20-1,TRBJ2-1,SASSRDHRAYNEQF,1
TRBV20-1,TRBJ2-1,SASSRDHYNEQF,1
TRBV20-1,TRBJ2-1,SASSRDISYNEPF,1
TRBV20-1,TRBJ2-1,SASSRDISYNEQF,5
TRBV20-1,TRBJ2-1,SASSRDLYYNEQF,1
TRBV20-1,TRBJ2-1,SASSRDMRLAGYNEQF,1
TRBV20-1,TRBJ2-1,SASSRDNEQF,2
TRBV20-1,TRBJ2-1,SASSRDPSYNEQF,1
TRBV20-1,TRBJ2-1,SASSRDQRNEQF,1
TRBV20-1,TRBJ2-1,SASSRDRARVNEQF,1
TRBV20-1,TRBJ2-1,SASSRDRASNEQF,5
TRBV20-1,TRBJ2-1,SASSRDRAYNEQF,9
TRBV20-1,TRBJ2-1,SASSRDRDNEQF,1
TRBV20-1,TRBJ2-1,SASSRDRGDSNEQF,1
TRBV20-1,TRBJ2-1,SASSRDRGGTYNEQF,1
TRBV20-1,TRBJ2-1,SASSRDRGHYEQF,3
TRBV20-1,TRBJ2-1,SASSRDRGIDEQF,4
TRBV20-1,TRBJ2-1,SASSRDRGLDEQF,1
TRBV20-1,TRBJ2-1,SASSRDRIYNEQF,1
TRBV20-1,TRBJ2-1,SASSRDRNRPPYNEQF,1
TRBV20-1,TRBJ2-1,SASSRDRSYNEQF,1
TRBV20-1,TRBJ2-1,SASSRDRVYNEQF,2
TRBV20-1,TRBJ2-1,SASSRDRYNEQF,4
TRBV20-1,TRBJ2-1,SASSRDSDAYNEQF,1
TRBV20-1,TRBJ2-1,SASSRDSHSSYNEQF,1
TRBV20-1,TRBJ2-1,SASSRDSKRYNEQF,1
TRBV20-1,TRBJ2-1,SASSRDSNDNEQF,1
TRBV20-1,TRBJ2-1,SASSRDSPYNEQF,1
TRBV20-1,TRBJ2-1,SASSRDSRSYNEQF,1
TRBV20-1,TRBJ2-1,SASSRDSSSYNEQF,2
TRBV20-1,TRBJ2-1,SASSRDSTIYNEQF,1
TRBV20-1,TRBJ2-1,SASSRDSTYNEQF,1
TRBV20-1,TRBJ2-1,SASSRDSYNEQF,15
TRBV20-1,TRBJ2-1,SASSRDTYNEQF,2
TRBV20-1,TRBJ2-1,SASSRDWASDEQF,1
TRBV20-1,TRBJ2-1,SASSRDWSSYNEQF,1
TRBV20-1,TRBJ2-1,SASSRDWYSYNEQF,1
TRBV20-1,TRBJ2-1,SASSRDYAYNEQF,1
TRBV20-1,TRBJ2-1,SASSRDYFYNEQF,1
TRBV20-1,TRBJ2-1,SASSRDYPNEQF,1
TRBV20-1,TRBJ2-1,SASSRDYRSYNEQF,1
TRBV20-1,TRBJ2-1,SASSRDYYNEQF,2
TRBV20-1,TRBJ2-1,SASSREAGGIDEQF,1
TRBV20-1,TRBJ2-1,SASSREASGYNEQF,1
TRBV20-1,TRBJ2-1,SASSREASYNEQF,3
TRBV20-1,TRBJ2-1,SASSREAYNEQF,2
TRBV20-1,TRBJ2-1,SASSREDYYNEQF,1
TRBV20-1,TRBJ2-1,SASSREEGVYNEQF,2
TRBV20-1,TRBJ2-1,SASSREEQF,49
TRBV20-1,TRBJ2-1,SASSREEYNEQF,1
TRBV20-1,TRBJ2-1,SASSREGAYNEQF,2
TRBV20-1,TRBJ2-1,SASSREGFNEQF,1
TRBV20-1,TRBJ2-1,SASSREGGNEQF,1
TRBV20-1,TRBJ2-1,SASSREGGSYNEQF,1
TRBV20-1,TRBJ2-1,SASSREGHINEQF,1
TRBV20-1,TRBJ2-1,SASSREGHIYNEQF,1
TRBV20-1,TRBJ2-1,SASSREGHNEQF,1
TRBV20-1,TRBJ2-1,SASSREGINEQF,1
TRBV20-1,TRBJ2-1,SASSREGLFNEQF,1
TRBV20-1,TRBJ2-1,SASSREGLGDEQF,4
TRBV20-1,TRBJ2-1,SASSREGLHEQF,1
TRBV20-1,TRBJ2-1,SASSREGLNEQF,1
TRBV20-1,TRBJ2-1,SASSREGLSHNEQF,1
TRBV20-1,TRBJ2-1,SASSREGPGNEQF,1
TRBV20-1,TRBJ2-1,SASSREGPLDEQF,1
TRBV20-1,TRBJ2-1,SASSREGPYNEQF,3
TRBV20-1,TRBJ2-1,SASSREGQRYNEQF,1
TRBV20-1,TRBJ2-1,SASSREGQSYNEQF,3
TRBV20-1,TRBJ2-1,SASSREGRFYNEQF,1
TRBV20-1,TRBJ2-1,SASSREGRGDEQF,1
TRBV20-1,TRBJ2-1,SASSREGRHEQF,1
TRBV20-1,TRBJ2-1,SASSREGRNEQF,6
TRBV20-1,TRBJ2-1,SASSREGRSYNEQF,1
TRBV20-1,TRBJ2-1,SASSREGRYNEQF,1
TRBV20-1,TRBJ2-1,SASSREGSSYNEQF,11
TRBV20-1,TRBJ2-1,SASSREGTFYNEQF,1
TRBV20-1,TRBJ2-1,SASSREGTYNEQF,2
TRBV20-1,TRBJ2-1,SASSREGVDEQF,1
TRBV20-1,TRBJ2-1,SASSREGVGNEQF,1
TRBV20-1,TRBJ2-1,SASSREGWTRF,2
TRBV20-1,TRBJ2-1,SASSREGYNEQF,5
TRBV20-1,TRBJ2-1,SASSREIYNEQF,1
TRBV20-1,TRBJ2-1,SASSREKVRNEQF,1
TRBV20-1,TRBJ2-1,SASSRELDLENEQF,1
TRBV20-1,TRBJ2-1,SASSRENEQF,1
TRBV20-1,TRBJ2-1,SASSRENNEQF,1
TRBV20-1,TRBJ2-1,SASSREQF,7
TRBV20-1,TRBJ2-1,SASSREQSYNEQF,1
TRBV20-1,TRBJ2-1,SASSRERAYNEQF,1
TRBV20-1,TRBJ2-1,SASSRERLYNEQF,1
TRBV20-1,TRBJ2-1,SASSRERPGLGNEQF,1
TRBV20-1,TRBJ2-1,SASSRERSYNEQF,2
TRBV20-1,TRBJ2-1,SASSRERWYNEQF,1
TRBV20-1,TRBJ2-1,SASSRERYNEQF,7
TRBV20-1,TRBJ2-1,SASSRESAYNEQF,1
TRBV20-1,TRBJ2-1,SASSRESGNEQF,1
TRBV20-1,TRBJ2-1,SASSRESLSYNEQF,1
TRBV20-1,TRBJ2-1,SASSRESRYNEQF,1
TRBV20-1,TRBJ2-1,SASSRESSYNEQF,4
TRBV20-1,TRBJ2-1,SASSRESWHEQF,1
TRBV20-1,TRBJ2-1,SASSRESYNEQF,2
TRBV20-1,TRBJ2-1,SASSRETEQF,2
TRBV20-1,TRBJ2-1,SASSRETGSGAYNEQF,1
TRBV20-1,TRBJ2-1,SASSRETINEQF,1
TRBV20-1,TRBJ2-1,SASSRETPPHNEQF,1
TRBV20-1,TRBJ2-1,SASSRETRNEQF,2
TRBV20-1,TRBJ2-1,SASSRETSWQNEQF,1
TRBV20-1,TRBJ2-1,SASSREVGNEQF,1
TRBV20-1,TRBJ2-1,SASSREVLNEQF,1
TRBV20-1,TRBJ2-1,SASSREVNEQF,1
TRBV20-1,TRBJ2-1,SASSREVRYEQF,1
TRBV20-1,TRBJ2-1,SASSREVTYNEQF,1
TRBV20-1,TRBJ2-1,SASSREWAPNEQF,1
TRBV20-1,TRBJ2-1,SASSREWHNEQF,1
TRBV20-1,TRBJ2-1,SASSREYNEQF,2
TRBV20-1,TRBJ2-1,SASSRFDEQF,1
TRBV20-1,TRBJ2-1,SASSRFGRAGYNEQF,1
TRBV20-1,TRBJ2-1,SASSRFIGSYNEQF,1
TRBV20-1,TRBJ2-1,SASSRFNEPF,1
TRBV20-1,TRBJ2-1,SASSRFNEQF,2
TRBV20-1,TRBJ2-1,SASSRFQTYNEQF,1
TRBV20-1,TRBJ2-1,SASSRFRSHEQF,1
TRBV20-1,TRBJ2-1,SASSRFSPNEQF,1
TRBV20-1,TRBJ2-1,SASSRFSYNEQF,2
TRBV20-1,TRBJ2-1,SASSRFYNEQF,1
TRBV20-1,TRBJ2-1,SASSRGAFSYNEQF,1
TRBV20-1,TRBJ2-1,SASSRGAGLSSYNEQF,1
TRBV20-1,TRBJ2-1,SASSRGALYNEQF,1
TRBV20-1,TRBJ2-1,SASSRGANNEQF,2
TRBV20-1,TRBJ2-1,SASSRGANYNEQF,1
TRBV20-1,TRBJ2-1,SASSRGAPNNEQF,1
TRBV20-1,TRBJ2-1,SASSRGARIKNHYNEQF,2
TRBV20-1,TRBJ2-1,SASSRGASGRAVYNEQF,1
TRBV20-1,TRBJ2-1,SASSRGASGRSPTYNEQF,1
TRBV20-1,TRBJ2-1,SASSRGASSYNEQF,2
TRBV20-1,TRBJ2-1,SASSRGASYNEQF,2
TRBV20-1,TRBJ2-1,SASSRGAVTYNEQF,1
TRBV20-1,TRBJ2-1,SASSRGAYNEQF,3
TRBV20-1,TRBJ2-1,SASSRGDEQF,7
TRBV20-1,TRBJ2-1,SASSRGDNEQF,2
TRBV20-1,TRBJ2-1,SASSRGEAYNEQF,1
TRBV20-1,TRBJ2-1,SASSRGEPTYNEQF,1
TRBV20-1,TRBJ2-1,SASSRGETYNEQF,1
TRBV20-1,TRBJ2-1,SASSRGEVNEQF,1
TRBV20-1,TRBJ2-1,SASSRGFNEQF,1
TRBV20-1,TRBJ2-1,SASSRGFSYNEQF,7
TRBV20-1,TRBJ2-1,SASSRGGAFYNEQF,2
TRBV20-1,TRBJ2-1,SASSRGGAGYNEQF,1
TRBV20-1,TRBJ2-1,SASSRGGARSSYNEQF,1
TRBV20-1,TRBJ2-1,SASSRGGASDEQF,1
TRBV20-1,TRBJ2-1,SASSRGGASGYNEQF,5
TRBV20-1,TRBJ2-1,SASSRGGEAYNEQF,1
TRBV20-1,TRBJ2-1,SASSRGGGAGPSYNEQF,1
TRBV20-1,TRBJ2-1,SASSRGGGGTYNEQF,1
TRBV20-1,TRBJ2-1,SASSRGGGNEQF,1
TRBV20-1,TRBJ2-1,SASSRGGGPSYNEQF,1
TRBV20-1,TRBJ2-1,SASSRGGGSYNEQF,1
TRBV20-1,TRBJ2-1,SASSRGGGTYNEQF,1
TRBV20-1,TRBJ2-1,SASSRGGLYNEQF,2
TRBV20-1,TRBJ2-1,SASSRGGNEQF,9
TRBV20-1,TRBJ2-1,SASSRGGPPFSYNEQF,1
TRBV20-1,TRBJ2-1,SASSRGGPSNEQF,5
TRBV20-1,TRBJ2-1,SASSRGGPSYKDQF,1
TRBV20-1,TRBJ2-1,SASSRGGPSYNEQF,11
TRBV20-1,TRBJ2-1,SASSRGGPYNEQF,3
TRBV20-1,TRBJ2-1,SASSRGGRASYNEQF,1
TRBV20-1,TRBJ2-1,SASSRGGRGNEQF,1
TRBV20-1,TRBJ2-1,SASSRGGRGYNEQF,1
TRBV20-1,TRBJ2-1,SASSRGGRNEQF,2
TRBV20-1,TRBJ2-1,SASSRGGRYNEQF,1
TRBV20-1,TRBJ2-1,SASSRGGSEQF,7
TRBV20-1,TRBJ2-1,SASSRGGSERF,1
TRBV20-1,TRBJ2-1,SASSRGGSSYNEQF,4
TRBV20-1,TRBJ2-1,SASSRGGSYNEQF,1
TRBV20-1,TRBJ2-1,SASSRGGTLKNEQF,3
TRBV20-1,TRBJ2-1,SASSRGGTYNEQF,1
TRBV20-1,TRBJ2-1,SASSRGGVNEQF,1
TRBV20-1,TRBJ2-1,SASSRGGVSYNEQF,1
TRBV20-1,TRBJ2-1,SASSRGGYNEQF,3
TRBV20-1,TRBJ2-1,SASSRGHAGSSYNEQF,2
TRBV20-1,TRBJ2-1,SASSRGHEQF,2
TRBV20-1,TRBJ2-1,SASSRGHLRERYYNEQF,1
TRBV20-1,TRBJ2-1,SASSRGHNEQF,1
TRBV20-1,TRBJ2-1,SASSRGHSSYNEQF,1
TRBV20-1,TRBJ2-1,SASSRGHSYNEQF,2
TRBV20-1,TRBJ2-1,SASSRGHYNEQF,1
TRBV20-1,TRBJ2-1,SASSRGKGDEQF,1
TRBV20-1,TRBJ2-1,SASSRGKRERWAYNEQF,1
TRBV20-1,TRBJ2-1,SASSRGKRGDNEQF,1
TRBV20-1,TRBJ2-1,SASSRGKSSYNEQF,1
TRBV20-1,TRBJ2-1,SASSRGKSYYNEQF,1
TRBV20-1,TRBJ2-1,SASSRGLAGGPEPNEQF,1
TRBV20-1,TRBJ2-1,SASSRGLAPRSYNEQF,1
TRBV20-1,TRBJ2-1,SASSRGLAYEQF,1
TRBV20-1,TRBJ2-1,SASSRGLGNEQF,3
TRBV20-1,TRBJ2-1,SASSRGLLERNEQF,1
TRBV20-1,TRBJ2-1,SASSRGLLHLNEQF,1
TRBV20-1,TRBJ2-1,SASSRGLRGHNEQF,1
TRBV20-1,TRBJ2-1,SASSRGLRPNEQF,1
TRBV20-1,TRBJ2-1,SASSRGLSNEQF,3
TRBV20-1,TRBJ2-1,SASSRGLSYNEQF,1
TRBV20-1,TRBJ2-1,SASSRGLVFDHKEQF,1
TRBV20-1,TRBJ2-1,SASSRGLVFDHNEQF,4
TRBV20-1,TRBJ2-1,SASSRGLVFDHNGQF,1
TRBV20-1,TRBJ2-1,SASSRGLYNEQF,3
TRBV20-1,TRBJ2-1,SASSRGNEQF,14
TRBV20-1,TRBJ2-1,SASSRGNTYNEQF,1
TRBV20-1,TRBJ2-1,SASSRGNYNEQF,1
TRBV20-1,TRBJ2-1,SASSRGPAYNEQF,1
TRBV20-1,TRBJ2-1,SASSRGPFNEQF,1
TRBV20-1,TRBJ2-1,SASSRGPSGRDFAYNEQF,1
TRBV20-1,TRBJ2-1,SASSRGPSGYNEQF,1
TRBV20-1,TRBJ2-1,SASSRGPSSYNEQF,3
TRBV20-1,TRBJ2-1,SASSRGPSYNEQF,1
TRBV20-1,TRBJ2-1,SASSRGPTSYNEQF,2
TRBV20-1,TRBJ2-1,SASSRGPYNEQF,2
TRBV20-1,TRBJ2-1,SASSRGQGRNEQF,1
TRBV20-1,TRBJ2-1,SASSRGQGYLDEQF,1
TRBV20-1,TRBJ2-1,SASSRGQRYNEQF,1
TRBV20-1,TRBJ2-1,SASSRGQSNEQF,1
TRBV20-1,TRBJ2-1,SASSRGQVPNEQF,1
TRBV20-1,TRBJ2-1,SASSRGRADDEQF,1
TRBV20-1,TRBJ2-1,SASSRGRANEQF,1
TRBV20-1,TRBJ2-1,SASSRGRAVPEQF,6
TRBV20-1,TRBJ2-1,SASSRGRAYNEQF,1
TRBV20-1,TRBJ2-1,SASSRGRDEQF,1
TRBV20-1,TRBJ2-1,SASSRGRDSYNEQF,1
TRBV20-1,TRBJ2-1,SASSRGRGDEQF,2
TRBV20-1,TRBJ2-1,SASSRGRGGNEQF,4
TRBV20-1,TRBJ2-1,SASSRGRGSYNEQF,1
TRBV20-1,TRBJ2-1,SASSRGRGYNEQF,1
TRBV20-1,TRBJ2-1,SASSRGRIEQF,6
TRBV20-1,TRBJ2-1,SASSRGRKNYNEQF,1
TRBV20-1,TRBJ2-1,SASSRGRNYNEQF,5
TRBV20-1,TRBJ2-1,SASSRGRPTGGGSYNEQF,1
TRBV20-1,TRBJ2-1,SASSRGRSSYNEQF,2
TRBV20-1,TRBJ2-1,SASSRGRSYNEQF,1
TRBV20-1,TRBJ2-1,SASSRGRTANEQF,1
TRBV20-1,TRBJ2-1,SASSRGRTYNEQF,1
TRBV20-1,TRBJ2-1,SASSRGRVGNEQF,1
TRBV20-1,TRBJ2-1,SASSRGRVRSYNEQF,1
TRBV20-1,TRBJ2-1,SASSRGRVSGDEQF,1
TRBV20-1,TRBJ2-1,SASSRGRYDNEQF,1
TRBV20-1,TRBJ2-1,SASSRGSDAYNEQF,1
TRBV20-1,TRBJ2-1,SASSRGSGGLYDEQF,1
TRBV20-1,TRBJ2-1,SASSRGSGRSNEQF,1
TRBV20-1,TRBJ2-1,SASSRGSGSYNEQF,1
TRBV20-1,TRBJ2-1,SASSRGSLDEQF,1
TRBV20-1,TRBJ2-1,SASSRGSRLNEQF,1
TRBV20-1,TRBJ2-1,SASSRGSSSYNEQF,2
TRBV20-1,TRBJ2-1,SASSRGSSYNEQF,9
TRBV20-1,TRBJ2-1,SASSRGSYNEQF,2
TRBV20-1,TRBJ2-1,SASSRGTDLYNEQF,1
TRBV20-1,TRBJ2-1,SASSRGTGPYNEQF,1
TRBV20-1,TRBJ2-1,SASSRGTIYNEQF,1
TRBV20-1,TRBJ2-1,SASSRGTLYNEQF,1
TRBV20-1,TRBJ2-1,SASSRGTNYNEQF,4
TRBV20-1,TRBJ2-1,SASSRGTSAYNEQF,1
TRBV20-1,TRBJ2-1,SASSRGTSGIRSNYNEQF,1
TRBV20-1,TRBJ2-1,SASSRGTSGLNEQF,1
TRBV20-1,TRBJ2-1,SASSRGTSGRVNPYNEQF,1
TRBV20-1,TRBJ2-1,SASSRGTSGSHGYNEQF,1
TRBV20-1,TRBJ2-1,SASSRGTSGSSYNEQF,2
TRBV20-1,TRBJ2-1,SASSRGTSSNEQF,1
TRBV20-1,TRBJ2-1,SASSRGTSSYNEQF,1
TRBV20-1,TRBJ2-1,SASSRGTSVPYNEQF,1
TRBV20-1,TRBJ2-1,SASSRGTYNEQF,4
TRBV20-1,TRBJ2-1,SASSRGVGKKSSYNEQF,1
TRBV20-1,TRBJ2-1,SASSRGVHEQF,3
TRBV20-1,TRBJ2-1,SASSRGVNEQF,1
TRBV20-1,TRBJ2-1,SASSRGVRDEQF,6
TRBV20-1,TRBJ2-1,SASSRGVWGLADNEQF,1
TRBV20-1,TRBJ2-1,SASSRGVYNEQF,3
TRBV20-1,TRBJ2-1,SASSRGWTLKKLQC,1
TRBV20-1,TRBJ2-1,SASSRGYEQF,3
TRBV20-1,TRBJ2-1,SASSRGYNEQF,2
TRBV20-1,TRBJ2-1,SASSRGYYNEQF,1
TRBV20-1,TRBJ2-1,SASSRHEQF,1
TRBV20-1,TRBJ2-1,SASSRHGGYNEQF,1
TRBV20-1,TRBJ2-1,SASSRHNEQF,1
TRBV20-1,TRBJ2-1,SASSRHSYNEQF,2
TRBV20-1,TRBJ2-1,SASSRHWGYNEQF,1
TRBV20-1,TRBJ2-1,SASSRHYNEQF,1
TRBV20-1,TRBJ2-1,SASSRIAGWNEQF,1
TRBV20-1,TRBJ2-1,SASSRIDEQF,1
TRBV20-1,TRBJ2-1,SASSRIDRDEQF,1
TRBV20-1,TRBJ2-1,SASSRIEGNEQF,1
TRBV20-1,TRBJ2-1,SASSRIGTRPAHAYNEQF,1
TRBV20-1,TRBJ2-1,SASSRIGTRYNEQF,1
TRBV20-1,TRBJ2-1,SASSRIGYNEQF,2
TRBV20-1,TRBJ2-1,SASSRINEQF,2
TRBV20-1,TRBJ2-1,SASSRIPYNEQF,1
TRBV20-1,TRBJ2-1,SASSRISGTISYNEQF,7
TRBV20-1,TRBJ2-1,SASSRISYNEQF,1
TRBV20-1,TRBJ2-1,SASSRITAYNEQF,1
TRBV20-1,TRBJ2-1,SASSRITYNEQF,1
TRBV20-1,TRBJ2-1,SASSRIWAGGNEQF,1
TRBV20-1,TRBJ2-1,SASSRIYNEQF,1
TRBV20-1,TRBJ2-1,SASSRKGEDEQF,1
TRBV20-1,TRBJ2-1,SASSRKGVSYNEQF,1
TRBV20-1,TRBJ2-1,SASSRKSYNEQF,1
TRBV20-1,TRBJ2-1,SASSRKYEQF,1
TRBV20-1,TRBJ2-1,SASSRKYNNNEQF,5
TRBV20-1,TRBJ2-1,SASSRLAASYNEQF,1
TRBV20-1,TRBJ2-1,SASSRLAAYNEQF,2
TRBV20-1,TRBJ2-1,SASSRLADNEQF,1
TRBV20-1,TRBJ2-1,SASSRLADSYNEQF,1
TRBV20-1,TRBJ2-1,SASSRLADYNEQF,4
TRBV20-1,TRBJ2-1,SASSRLAENYNEQF,1
TRBV20-1,TRBJ2-1,SASSRLAFPYNEQF,1
TRBV20-1,TRBJ2-1,SASSRLAGAPLFHNEQF,1
TRBV20-1,TRBJ2-1,SASSRLAGAYNEQF,1
TRBV20-1,TRBJ2-1,SASSRLAGDYNEQF,1
TRBV20-1,TRBJ2-1,SASSRLAGEGSYNEQF,1
TRBV20-1,TRBJ2-1,SASSRLAGENNEQF,1
TRBV20-1,TRBJ2-1,SASSRLAGEVRSYNEQF,1
TRBV20-1,TRBJ2-1,SASSRLAGFRNEQF,1
TRBV20-1,TRBJ2-1,SASSRLAGGHEQF,2
TRBV20-1,TRBJ2-1,SASSRLAGGIGYNEQF,4
TRBV20-1,TRBJ2-1,SASSRLAGGLDEQF,1
TRBV20-1,TRBJ2-1,SASSRLAGGLGSYNEQF,1
TRBV20-1,TRBJ2-1,SASSRLAGGPLQMDEQF,1
TRBV20-1,TRBJ2-1,SASSRLAGGPYNEQF,1
TRBV20-1,TRBJ2-1,SASSRLAGGVSSYNEQF,1
TRBV20-1,TRBJ2-1,SASSRLAGIDEQF,1
TRBV20-1,TRBJ2-1,SASSRLAGIGYNEQF,1
TRBV20-1,TRBJ2-1,SASSRLAGNNEQF,4
TRBV20-1,TRBJ2-1,SASSRLAGNYNEQF,1
TRBV20-1,TRBJ2-1,SASSRLAGRDEQF,1
TRBV20-1,TRBJ2-1,SASSRLAGSYNEQF,2
TRBV20-1,TRBJ2-1,SASSRLAGVARDNEQF,1
TRBV20-1,TRBJ2-1,SASSRLAGVNNEQF,1
TRBV20-1,TRBJ2-1,SASSRLAGWNEQF,1
TRBV20-1,TRBJ2-1,SASSRLAGYNEQF,6
TRBV20-1,TRBJ2-1,SASSRLAHLNEQF,2
TRBV20-1,TRBJ2-1,SASSRLAIGYNEQF,1
TRBV20-1,TRBJ2-1,SASSRLANEQF,1
TRBV20-1,TRBJ2-1,SASSRLAPYNEQF,1
TRBV20-1,TRBJ2-1,SASSRLASAYNEQF,1
TRBV20-1,TRBJ2-1,SASSRLASGYNEQF,1
TRBV20-1,TRBJ2-1,SASSRLASIHEQF,1
TRBV20-1,TRBJ2-1,SASSRLASKYNEQF,1
TRBV20-1,TRBJ2-1,SASSRLASYNEQF,1
TRBV20-1,TRBJ2-1,SASSRLAVYNEQF,1
TRBV20-1,TRBJ2-1,SASSRLAYNEQF,5
TRBV20-1,TRBJ2-1,SASSRLAYYNEQF,1
TRBV20-1,TRBJ2-1,SASSRLDSYNEQF,1
TRBV20-1,TRBJ2-1,SASSRLEILNEQF,1
TRBV20-1,TRBJ2-1,SASSRLERLNEQF,1
TRBV20-1,TRBJ2-1,SASSRLFEREETYNEQF,6
TRBV20-1,TRBJ2-1,SASSRLGDNEQF,1
TRBV20-1,TRBJ2-1,SASSRLGDSYNEQF,1
TRBV20-1,TRBJ2-1,SASSRLGFGEQF,4
TRBV20-1,TRBJ2-1,SASSRLGGYYNEQF,1
TRBV20-1,TRBJ2-1,SASSRLGHNEQF,1
TRBV20-1,TRBJ2-1,SASSRLGIANEQF,1
TRBV20-1,TRBJ2-1,SASSRLGIYNEQF,2
TRBV20-1,TRBJ2-1,SASSRLGNEQF,1
TRBV20-1,TRBJ2-1,SASSRLGNNEQF,1
TRBV20-1,TRBJ2-1,SASSRLGSDEQF,1
TRBV20-1,TRBJ2-1,SASSRLGVDEQF,1
TRBV20-1,TRBJ2-1,SASSRLGYNEQF,1
TRBV20-1,TRBJ2-1,SASSRLHEQF,1
TRBV20-1,TRBJ2-1,SASSRLIRYNEQF,3
TRBV20-1,TRBJ2-1,SASSRLISYNEQF,5
TRBV20-1,TRBJ2-1,SASSRLKIGGNSYNEQF,1
TRBV20-1,TRBJ2-1,SASSRLLGIFDNEQF,1
TRBV20-1,TRBJ2-1,SASSRLLNNEQF,1
TRBV20-1,TRBJ2-1,SASSRLLYNEQF,1
TRBV20-1,TRBJ2-1,SASSRLNEQF,6
TRBV20-1,TRBJ2-1,SASSRLNQGRRSYNEQF,1
TRBV20-1,TRBJ2-1,SASSRLPGSYNEQF,1
TRBV20-1,TRBJ2-1,SASSRLPSGYNEQF,1
TRBV20-1,TRBJ2-1,SASSRLQAYNEQF,1
TRBV20-1,TRBJ2-1,SASSRLSSYNEQF,1
TRBV20-1,TRBJ2-1,SASSRLSYNEQF,7
TRBV20-1,TRBJ2-1,SASSRLTNYNEQF,1
TRBV20-1,TRBJ2-1,SASSRLTSGRNEQF,1
TRBV20-1,TRBJ2-1,SASSRLVAYNEQF,1
TRBV20-1,TRBJ2-1,SASSRLVNEQF,1
TRBV20-1,TRBJ2-1,SASSRLVSYNEQF,1
TRBV20-1,TRBJ2-1,SASSRLVTNEQF,1
TRBV20-1,TRBJ2-1,SASSRMGSSYNEQF,1
TRBV20-1,TRBJ2-1,SASSRMGYNEQF,1
TRBV20-1,TRBJ2-1,SASSRMTYNEQF,1
TRBV20-1,TRBJ2-1,SASSRNEQF,24
TRBV20-1,TRBJ2-1,SASSRNGGSNEQF,1
TRBV20-1,TRBJ2-1,SASSRNNEQF,5
TRBV20-1,TRBJ2-1,SASSRNSGRLDEQF,3
TRBV20-1,TRBJ2-1,SASSRNYNEQF,1
TRBV20-1,TRBJ2-1,SASSRPAGAYYNEQF,1
TRBV20-1,TRBJ2-1,SASSRPDGVDEQF,1
TRBV20-1,TRBJ2-1,SASSRPGHEQF,6
TRBV20-1,TRBJ2-1,SASSRPGLAGGSSYNEQF,1
TRBV20-1,TRBJ2-1,SASSRPGLAGYNEQF,1
TRBV20-1,TRBJ2-1,SASSRPGLSPDNEQF,1
TRBV20-1,TRBJ2-1,SASSRPGSSYNEQF,1
TRBV20-1,TRBJ2-1,SASSRPGSYNEQF,1
TRBV20-1,TRBJ2-1,SASSRPGTNYFNEQF,1
TRBV20-1,TRBJ2-1,SASSRPGTSGSDEQF,1
TRBV20-1,TRBJ2-1,SASSRPISSYNEQF,1
TRBV20-1,TRBJ2-1,SASSRPIYNEQF,1
TRBV20-1,TRBJ2-1,SASSRPKGYNEQF,1
TRBV20-1,TRBJ2-1,SASSRPKSYNEQF,1
TRBV20-1,TRBJ2-1,SASSRPLAGGYNEQF,1
TRBV20-1,TRBJ2-1,SASSRPLGGNEQF,1
TRBV20-1,TRBJ2-1,SASSRPLVFYNEQF,1
TRBV20-1,TRBJ2-1,SASSRPLYNEQF,1
TRBV20-1,TRBJ2-1,SASSRPNEQF,1
TRBV20-1,TRBJ2-1,SASSRPPYNEQF,6
TRBV20-1,TRBJ2-1,SASSRPRRLAGLFSYNEQF,1
TRBV20-1,TRBJ2-1,SASSRPSRSSYNEQF,1
TRBV20-1,TRBJ2-1,SASSRPSYNEQF,1
TRBV20-1,TRBJ2-1,SASSRPTSGERQSSYNEQF,1
TRBV20-1,TRBJ2-1,SASSRPTSGIYNEQF,1
TRBV20-1,TRBJ2-1,SASSRPTVNEQF,1
TRBV20-1,TRBJ2-1,SASSRPVEVNEQF,1
TRBV20-1,TRBJ2-1,SASSRPWTSGGHSEQF,1
TRBV20-1,TRBJ2-1,SASSRPYNEQF,3
TRBV20-1,TRBJ2-1,SASSRQANSYNEQF,1
TRBV20-1,TRBJ2-1,SASSRQDYNEQF,1
TRBV20-1,TRBJ2-1,SASSRQFNEQF,1
TRBV20-1,TRBJ2-1,SASSRQGAGNEQF,1
TRBV20-1,TRBJ2-1,SASSRQGAPSYNEQF,1
TRBV20-1,TRBJ2-1,SASSRQGARNEQF,1
TRBV20-1,TRBJ2-1,SASSRQGARYEQF,1
TRBV20-1,TRBJ2-1,SASSRQGDSYNEQF,1
TRBV20-1,TRBJ2-1,SASSRQGEDEQF,1
TRBV20-1,TRBJ2-1,SASSRQGGYNEQF,1
TRBV20-1,TRBJ2-1,SASSRQGLYNEQF,1
TRBV20-1,TRBJ2-1,SASSRQGPDNEQF,1
TRBV20-1,TRBJ2-1,SASSRQGPIDEQF,1
TRBV20-1,TRBJ2-1,SASSRQGPSYNEQF,2
TRBV20-1,TRBJ2-1,SASSRQGRESGYNEQF,1
TRBV20-1,TRBJ2-1,SASSRQGSSYNEQF,1
TRBV20-1,TRBJ2-1,SASSRQGSYNEQF,2
TRBV20-1,TRBJ2-1,SASSRQGTYNEQF,1
TRBV20-1,TRBJ2-1,SASSRQGYNEQF,4
TRBV20-1,TRBJ2-1,SASSRQISYNEQF,1
TRBV20-1,TRBJ2-1,SASSRQLYNEQF,1
TRBV20-1,TRBJ2-1,SASSRQNNEQF,1
TRBV20-1,TRBJ2-1,SASSRQNNYNEQF,1
TRBV20-1,TRBJ2-1,SASSRQQTYNEQF,1
TRBV20-1,TRBJ2-1,SASSRQRPYNEQF,1
TRBV20-1,TRBJ2-1,SASSRQSSSYNEQF,1
TRBV20-1,TRBJ2-1,SASSRQTKGNEQF,3
TRBV20-1,TRBJ2-1,SASSRQVNEQF,1
TRBV20-1,TRBJ2-1,SASSRRAYNEQF,1
TRBV20-1,TRBJ2-1,SASSRRDEQF,1
TRBV20-1,TRBJ2-1,SASSRRDGFYEQF,1
TRBV20-1,TRBJ2-1,SASSRRDGGYNEQF,1
TRBV20-1,TRBJ2-1,SASSRRDGNEQF,1
TRBV20-1,TRBJ2-1,SASSRRDNEQF,1
TRBV20-1,TRBJ2-1,SASSRREDNEQF,1
TRBV20-1,TRBJ2-1,SASSRREEYNEQF,1
TRBV20-1,TRBJ2-1,SASSRREGLGNEQF,9
TRBV20-1,TRBJ2-1,SASSRREGLNEQF,6
TRBV20-1,TRBJ2-1,SASSRRENNEQF,8
TRBV20-1,TRBJ2-1,SASSRRERGVYNEQF,1
TRBV20-1,TRBJ2-1,SASSRRERYNEQF,1
TRBV20-1,TRBJ2-1,SASSRRESYNEQF,1
TRBV20-1,TRBJ2-1,SASSRRFSYNEQF,1
TRBV20-1,TRBJ2-1,SASSRRGDNEQF,1
TRBV20-1,TRBJ2-1,SASSRRGESYNEQF,1
TRBV20-1,TRBJ2-1,SASSRRGGDEQF,1
TRBV20-1,TRBJ2-1,SASSRRGGYNEQF,1
TRBV20-1,TRBJ2-1,SASSRRGHYNEQF,1
TRBV20-1,TRBJ2-1,SASSRRGLAGGPKYNEQF,1
TRBV20-1,TRBJ2-1,SASSRRGNAFYEQF,1
TRBV20-1,TRBJ2-1,SASSRRGNNEQF,1
TRBV20-1,TRBJ2-1,SASSRRGPDNEQF,1
TRBV20-1,TRBJ2-1,SASSRRGSYNEQF,7
TRBV20-1,TRBJ2-1,SASSRRGVGIFYNEQF,1
TRBV20-1,TRBJ2-1,SASSRRGYNEQF,4
TRBV20-1,TRBJ2-1,SASSRRHEQF,1
TRBV20-1,TRBJ2-1,SASSRRHGDNEQF,3
TRBV20-1,TRBJ2-1,SASSRRHNEQF,1
TRBV20-1,TRBJ2-1,SASSRRHYNELF,1
TRBV20-1,TRBJ2-1,SASSRRIEGTSSYNEQF,1
TRBV20-1,TRBJ2-1,SASSRRKSSYNEQF,1
TRBV20-1,TRBJ2-1,SASSRRLAGGSGDEQF,1
TRBV20-1,TRBJ2-1,SASSRRLPNNEQF,1
TRBV20-1,TRBJ2-1,SASSRRLSAYNEQF,1
TRBV20-1,TRBJ2-1,SASSRRNEQF,7
TRBV20-1,TRBJ2-1,SASSRRRAGFNEQF,1
TRBV20-1,TRBJ2-1,SASSRRREQF,1
TRBV20-1,TRBJ2-1,SASSRRRGGNEQF,1
TRBV20-1,TRBJ2-1,SASSRRRGNEQF,1
TRBV20-1,TRBJ2-1,SASSRRRLAVTSSSYNEQF,6
TRBV20-1,TRBJ2-1,SASSRRRNEQF,1
TRBV20-1,TRBJ2-1,SASSRRRNPYNEQF,1
TRBV20-1,TRBJ2-1,SASSRRRSSYNEQF,1
TRBV20-1,TRBJ2-1,SASSRRRSYNEQF,1
TRBV20-1,TRBJ2-1,SASSRRSQHNEQF,1
TRBV20-1,TRBJ2-1,SASSRRSSTDEQF,3
TRBV20-1,TRBJ2-1,SASSRRSSYNEQF,3
TRBV20-1,TRBJ2-1,SASSRRSTNEQL,1
TRBV20-1,TRBJ2-1,SASSRRSYNEQF,2
TRBV20-1,TRBJ2-1,SASSRRTYNEQF,1
TRBV20-1,TRBJ2-1,SASSRRWREGGNEQF,1
TRBV20-1,TRBJ2-1,SASSRSADSYNEQF,1
TRBV20-1,TRBJ2-1,SASSRSDEQF,1
TRBV20-1,TRBJ2-1,SASSRSFGNEQF,1
TRBV20-1,TRBJ2-1,SASSRSGETYNEQF,1
TRBV20-1,TRBJ2-1,SASSRSGFNEQF,1
TRBV20-1,TRBJ2-1,SASSRSGFYNEQF,2
TRBV20-1,TRBJ2-1,SASSRSGNEQF,1
TRBV20-1,TRBJ2-1,SASSRSGPAYNEQF,2
TRBV20-1,TRBJ2-1,SASSRSGPSSYNEQF,4
TRBV20-1,TRBJ2-1,SASSRSGRAEYNEQF,1
TRBV20-1,TRBJ2-1,SASSRSGRGYNEQF,1
TRBV20-1,TRBJ2-1,SASSRSGRKGSYNEQF,6
TRBV20-1,TRBJ2-1,SASSRSGRLDEQF,1
TRBV20-1,TRBJ2-1,SASSRSGRNNEQF,1
TRBV20-1,TRBJ2-1,SASSRSGSSYNEQF,1
TRBV20-1,TRBJ2-1,SASSRSGTGYNEQF,1
TRBV20-1,TRBJ2-1,SASSRSGTHNEQF,1
TRBV20-1,TRBJ2-1,SASSRSGTSGYNEQF,1
TRBV20-1,TRBJ2-1,SASSRSGTSSYNEQF,1
TRBV20-1,TRBJ2-1,SASSRSHNEQF,1
TRBV20-1,TRBJ2-1,SASSRSLAYNEQF,1
TRBV20-1,TRBJ2-1,SASSRSLGYNEQF,1
TRBV20-1,TRBJ2-1,SASSRSLSYNEQF,1
TRBV20-1,TRBJ2-1,SASSRSNDNEQF,1
TRBV20-1,TRBJ2-1,SASSRSNEQF,1
TRBV20-1,TRBJ2-1,SASSRSNNEQF,1
TRBV20-1,TRBJ2-1,SASSRSSGRAYNEQF,1
TRBV20-1,TRBJ2-1,SASSRSSGSYNEQF,1
TRBV20-1,TRBJ2-1,SASSRSSNTYEQF,1
TRBV20-1,TRBJ2-1,SASSRSSQTYNEQF,1
TRBV20-1,TRBJ2-1,SASSRSSYNEQF,15
TRBV20-1,TRBJ2-1,SASSRSWGRAWNEKF,1
TRBV20-1,TRBJ2-1,SASSRSWGRAWNEQF,6
TRBV20-1,TRBJ2-1,SASSRSYNEQF,2
TRBV20-1,TRBJ2-1,SASSRTANRYNEQF,1
TRBV20-1,TRBJ2-1,SASSRTASSYNEQF,1
TRBV20-1,TRBJ2-1,SASSRTASYNEQF,1
TRBV20-1,TRBJ2-1,SASSRTAYNEQF,1
TRBV20-1,TRBJ2-1,SASSRTDYNEQF,1
TRBV20-1,TRBJ2-1,SASSRTESVNEQF,1
TRBV20-1,TRBJ2-1,SASSRTFNEQF,1
TRBV20-1,TRBJ2-1,SASSRTFSYNEQF,1
TRBV20-1,TRBJ2-1,SASSRTGAYNEQF,6
TRBV20-1,TRBJ2-1,SASSRTGDSNEQF,4
TRBV20-1,TRBJ2-1,SASSRTGEGTYNEQF,1
TRBV20-1,TRBJ2-1,SASSRTGENYNEQF,1
TRBV20-1,TRBJ2-1,SASSRTGEYRNEQF,2
TRBV20-1,TRBJ2-1,SASSRTGGENEQF,1
TRBV20-1,TRBJ2-1,SASSRTGGTNEQF,1
TRBV20-1,TRBJ2-1,SASSRTGKDNQQF,1
TRBV20-1,TRBJ2-1,SASSRTGNRYNEQF,1
TRBV20-1,TRBJ2-1,SASSRTGNYNEQF,1
TRBV20-1,TRBJ2-1,SASSRTGPNEQF,1
TRBV20-1,TRBJ2-1,SASSRTGRYNEQF,1
TRBV20-1,TRBJ2-1,SASSRTGSYNEQF,1
TRBV20-1,TRBJ2-1,SASSRTGTLNGNEQF,4
TRBV20-1,TRBJ2-1,SASSRTGTSGDEQF,3
TRBV20-1,TRBJ2-1,SASSRTGTTYNEQF,1
TRBV20-1,TRBJ2-1,SASSRTGYNEQF,2
TRBV20-1,TRBJ2-1,SASSRTGYYEQF,1
TRBV20-1,TRBJ2-1,SASSRTHEQF,1
TRBV20-1,TRBJ2-1,SASSRTHNEQF,3
TRBV20-1,TRBJ2-1,SASSRTIRNNEQF,1
TRBV20-1,TRBJ2-1,SASSRTLAGSINEQF,2
TRBV20-1,TRBJ2-1,SASSRTLPYNEQF,1
TRBV20-1,TRBJ2-1,SASSRTLYNEQF,1
TRBV20-1,TRBJ2-1,SASSRTNEQF,1
TRBV20-1,TRBJ2-1,SASSRTQNYNEQF,1
TRBV20-1,TRBJ2-1,SASSRTRRWDNEQF,5
TRBV20-1,TRBJ2-1,SASSRTRSIGNEQF,1
TRBV20-1,TRBJ2-1,SASSRTRYNEQF,1
TRBV20-1,TRBJ2-1,SASSRTSETYNEQF,1
TRBV20-1,TRBJ2-1,SASSRTSFFNEQF,1
TRBV20-1,TRBJ2-1,SASSRTSGASYSYNEQF,1
TRBV20-1,TRBJ2-1,SASSRTSGGAIYNEQF,1
TRBV20-1,TRBJ2-1,SASSRTSGGKGWYNEQF,1
TRBV20-1,TRBJ2-1,SASSRTSGIDEQF,3
TRBV20-1,TRBJ2-1,SASSRTSGIYNEQF,1
TRBV20-1,TRBJ2-1,SASSRTSGLKSHSYNEQF,4
TRBV20-1,TRBJ2-1,SASSRTSGNNEQF,1
TRBV20-1,TRBJ2-1,SASSRTSGPNNEQF,1
TRBV20-1,TRBJ2-1,SASSRTSGRAGGNEQF,1
TRBV20-1,TRBJ2-1,SASSRTSGRATYNEQF,1
TRBV20-1,TRBJ2-1,SASSRTSGRESYNEQF,1
TRBV20-1,TRBJ2-1,SASSRTSGRGNEQF,2
TRBV20-1,TRBJ2-1,SASSRTSGRGRPYNEQF,1
TRBV20-1,TRBJ2-1,SASSRTSGRKGGYNEQF,3
TRBV20-1,TRBJ2-1,SASSRTSGRPYNEQF,2
TRBV20-1,TRBJ2-1,SASSRTSGRTFLNEQF,1
TRBV20-1,TRBJ2-1,SASSRTSGRYYNEQF,1
TRBV20-1,TRBJ2-1,SASSRTSGSFNEQF,7
TRBV20-1,TRBJ2-1,SASSRTSGSLIQYNEQF,1
TRBV20-1,TRBJ2-1,SASSRTSGSSYNEQF,1
TRBV20-1,TRBJ2-1,SASSRTSGSYNEQF,2
TRBV20-1,TRBJ2-1,SASSRTSGTSSYNEQF,1
TRBV20-1,TRBJ2-1,SASSRTSGTYEQF,1
TRBV20-1,TRBJ2-1,SASSRTSGTYNEQF,3
TRBV20-1,TRBJ2-1,SASSRTSGYNEQF,1
TRBV20-1,TRBJ2-1,SASSRTSPFYNEQF,1
TRBV20-1,TRBJ2-1,SASSRTSSISYNEQF,1
TRBV20-1,TRBJ2-1,SASSRTSSYNEQF,4
TRBV20-1,TRBJ2-1,SASSRTSVANEQF,1
TRBV20-1,TRBJ2-1,SASSRTSVYNEQF,1
TRBV20-1,TRBJ2-1,SASSRTSYNEQF,3
TRBV20-1,TRBJ2-1,SASSRTTNEQF,1
TRBV20-1,TRBJ2-1,SASSRTVPHNEQF,7
TRBV20-1,TRBJ2-1,SASSRTVPSYNEQF,1
TRBV20-1,TRBJ2-1,SASSRTVVGDEQF,1
TRBV20-1,TRBJ2-1,SASSRTWDRVNEQF,1
TRBV20-1,TRBJ2-1,SASSRTYNEQF,8
TRBV20-1,TRBJ2-1,SASSRTYYNEQF,1
TRBV20-1,TRBJ2-1,SASSRVAAYNEQF,1
TRBV20-1,TRBJ2-1,SASSRVAESYNEQF,1
TRBV20-1,TRBJ2-1,SASSRVAEWNEQF,1
TRBV20-1,TRBJ2-1,SASSRVAGA,3
TRBV20-1,TRBJ2-1,SASSRVAGWNEQF,15
TRBV20-1,TRBJ2-1,SASSRVAYNEQF,1
TRBV20-1,TRBJ2-1,SASSRVDEQF,3
TRBV20-1,TRBJ2-1,SASSRVENEQF,1
TRBV20-1,TRBJ2-1,SASSRVFSYNEQF,1
TRBV20-1,TRBJ2-1,SASSRVGDEQF,1
TRBV20-1,TRBJ2-1,SASSRVGEQF,3
TRBV20-1,TRBJ2-1,SASSRVGHSYNEQF,1
TRBV20-1,TRBJ2-1,SASSRVGISYNEQF,1
TRBV20-1,TRBJ2-1,SASSRVGIYEQF,1
TRBV20-1,TRBJ2-1,SASSRVGNDNEQF,1
TRBV20-1,TRBJ2-1,SASSRVGNEQF,1
TRBV20-1,TRBJ2-1,SASSRVGNNEQF,1
TRBV20-1,TRBJ2-1,SASSRVGRGNEQF,1
TRBV20-1,TRBJ2-1,SASSRVGSSYNEQF,8
TRBV20-1,TRBJ2-1,SASSRVGSVSGGLSSYNEQF,1
TRBV20-1,TRBJ2-1,SASSRVHSYNEQF,7
TRBV20-1,TRBJ2-1,SASSRVILAGYNEQF,1
TRBV20-1,TRBJ2-1,SASSRVKTYNEQF,1
TRBV20-1,TRBJ2-1,SASSRVKVNEQF,1
TRBV20-1,TRBJ2-1,SASSRVLAYNEQF,1
TRBV20-1,TRBJ2-1,SASSRVLGNEQF,1
TRBV20-1,TRBJ2-1,SASSRVLSYNEQF,2
TRBV20-1,TRBJ2-1,SASSRVNEQF,8
TRBV20-1,TRBJ2-1,SASSRVNNEQF,2
TRBV20-1,TRBJ2-1,SASSRVRNNEQF,3
TRBV20-1,TRBJ2-1,SASSRVRSYNEQF,1
TRBV20-1,TRBJ2-1,SASSRVRTNEQF,1
TRBV20-1,TRBJ2-1,SASSRVSGSFNEQF,1
TRBV20-1,TRBJ2-1,SASSRVSMRNEQF,8
TRBV20-1,TRBJ2-1,SASSRVSSAYNEQF,5
TRBV20-1,TRBJ2-1,SASSRVSSGSPSSYNEQF,1
TRBV20-1,TRBJ2-1,SASSRVSSYNEQF,2
TRBV20-1,TRBJ2-1,SASSRVSVRNEQF,1
TRBV20-1,TRBJ2-1,SASSRVSYNEQF,5
TRBV20-1,TRBJ2-1,SASSRVTNEQF,3
TRBV20-1,TRBJ2-1,SASSRVTSYNEQF,4
TRBV20-1,TRBJ2-1,SASSRVVYNEQF,1
TRBV20-1,TRBJ2-1,SASSRVYNEQF,3
TRBV20-1,TRBJ2-1,SASSRVYYNEQF,1
TRBV20-1,TRBJ2-1,SASSRWALFDEQF,1
TRBV20-1,TRBJ2-1,SASSRWDNEQF,12
TRBV20-1,TRBJ2-1,SASSRWENLDEQF,9
TRBV20-1,TRBJ2-1,SASSRWGNNEQF,1
TRBV20-1,TRBJ2-1,SASSRWNSYNEQF,1
TRBV20-1,TRBJ2-1,SASSRWRANEQF,1
TRBV20-1,TRBJ2-1,SASSRWSSYNEQF,1
TRBV20-1,TRBJ2-1,SASSRWTWTTRGDEQF,3
TRBV20-1,TRBJ2-1,SASSRYEQF,5
TRBV20-1,TRBJ2-1,SASSRYGGEFDNEQF,1
TRBV20-1,TRBJ2-1,SASSRYGSAYNEQF,1
TRBV20-1,TRBJ2-1,SASSRYGYNEQF,1
TRBV20-1,TRBJ2-1,SASSRYNEQF,16
TRBV20-1,TRBJ2-1,SASSRYSNEQF,1
TRBV20-1,TRBJ2-1,SASSRYSSYNEQF,1
TRBV20-1,TRBJ2-1,SASSRYTTSYNEQF,2
TRBV20-1,TRBJ2-1,SASSSAASYNEQF,2
TRBV20-1,TRBJ2-1,SASSSAAYNEQF,1
TRBV20-1,TRBJ2-1,SASSSADEQF,1
TRBV20-1,TRBJ2-1,SASSSAESDNEQF,1
TRBV20-1,TRBJ2-1,SASSSAESYNEQF,1
TRBV20-1,TRBJ2-1,SASSSAGAFYNEQF,1
TRBV20-1,TRBJ2-1,SASSSAGASRYNEQF,1
TRBV20-1,TRBJ2-1,SASSSAGDNNEQF,1
TRBV20-1,TRBJ2-1,SASSSAGEQF,6
TRBV20-1,TRBJ2-1,SASSSAGERYNEQF,3
TRBV20-1,TRBJ2-1,SASSSAGGPRNEQF,1
TRBV20-1,TRBJ2-1,SASSSAGGTYNEQF,1
TRBV20-1,TRBJ2-1,SASSSAGLAGSSYNEQF,1
TRBV20-1,TRBJ2-1,SASSSAGRLYNEQF,1
TRBV20-1,TRBJ2-1,SASSSAGSAYNEQF,1
TRBV20-1,TRBJ2-1,SASSSAGVVGSYNEQF,1
TRBV20-1,TRBJ2-1,SASSSAHNEQF,12
TRBV20-1,TRBJ2-1,SASSSALSSYNEQF,1
TRBV20-1,TRBJ2-1,SASSSANEQF,2
TRBV20-1,TRBJ2-1,SASSSANNEQF,1
TRBV20-1,TRBJ2-1,SASSSARGGYNEQF,1
TRBV20-1,TRBJ2-1,SASSSARSNEQF,5
TRBV20-1,TRBJ2-1,SASSSASAPSYNEQF,1
TRBV20-1,TRBJ2-1,SASSSASGAYNEQF,1
TRBV20-1,TRBJ2-1,SASSSASGDGDEQF,1
TRBV20-1,TRBJ2-1,SASSSASGDNEQF,1
TRBV20-1,TRBJ2-1,SASSSASGGNEQF,1
TRBV20-1,TRBJ2-1,SASSSASGIYNEQF,1
TRBV20-1,TRBJ2-1,SASSSASGSSSYNEQF,4
TRBV20-1,TRBJ2-1,SASSSASGTYNEQF,1
TRBV20-1,TRBJ2-1,SASSSASGYNEQF,2
TRBV20-1,TRBJ2-1,SASSSASRHNEQF,1
TRBV20-1,TRBJ2-1,SASSSASSYNEQF,2
TRBV20-1,TRBJ2-1,SASSSASVYNEQF,1
TRBV20-1,TRBJ2-1,SASSSAVSYNEQF,1
TRBV20-1,TRBJ2-1,SASSSAVTYNEQF,1
TRBV20-1,TRBJ2-1,SASSSAYNEQF,20
TRBV20-1,TRBJ2-1,SASSSAYSYNEQF,1
TRBV20-1,TRBJ2-1,SASSSDEQF,1
TRBV20-1,TRBJ2-1,SASSSDFYNEQF,1
TRBV20-1,TRBJ2-1,SASSSDGIGGNEQF,1
TRBV20-1,TRBJ2-1,SASSSDIAGWVNEQF,1
TRBV20-1,TRBJ2-1,SASSSDIGYNEQF,2
TRBV20-1,TRBJ2-1,SASSSDIKSNEQF,1
TRBV20-1,TRBJ2-1,SASSSDNEQF,3
TRBV20-1,TRBJ2-1,SASSSDPKTGVSYNEQF,1
TRBV20-1,TRBJ2-1,SASSSDPSSYNEQF,1
TRBV20-1,TRBJ2-1,SASSSDQNEQF,1
TRBV20-1,TRBJ2-1,SASSSDRFPVDEQF,1
TRBV20-1,TRBJ2-1,SASSSDRGLYNEQF,1
TRBV20-1,TRBJ2-1,SASSSDRGYNEQF,1
TRBV20-1,TRBJ2-1,SASSSDSGSYNEQF,1
TRBV20-1,TRBJ2-1,SASSSDSSSYNEQF,1
TRBV20-1,TRBJ2-1,SASSSDSYNEQF,1
TRBV20-1,TRBJ2-1,SASSSDVYNEQF,1
TRBV20-1,TRBJ2-1,SASSSDWTVSYNEQF,1
TRBV20-1,TRBJ2-1,SASSSDYNEQF,1
TRBV20-1,TRBJ2-1,SASSSDYTREQF,1
TRBV20-1,TRBJ2-1,SASSSEGAGNEQF,1
TRBV20-1,TRBJ2-1,SASSSEGGSSYHEQF,1
TRBV20-1,TRBJ2-1,SASSSEGGSSYNEQF,9
TRBV20-1,TRBJ2-1,SASSSEGNNEQF,2
TRBV20-1,TRBJ2-1,SASSSEGPPYNEQF,1
TRBV20-1,TRBJ2-1,SASSSEGVSYNEQF,1
TRBV20-1,TRBJ2-1,SASSSEGWDEQF,3
TRBV20-1,TRBJ2-1,SASSSENNNEQF,1
TRBV20-1,TRBJ2-1,SASSSEPGLAGGPVLDEQF,1
TRBV20-1,TRBJ2-1,SASSSEPPWNEQF,5
TRBV20-1,TRBJ2-1,SASSSEPYNEQF,2
TRBV20-1,TRBJ2-1,SASSSERTYNEQF,1
TRBV20-1,TRBJ2-1,SASSSESNEQF,1
TRBV20-1,TRBJ2-1,SASSSESSYNEQF,4
TRBV20-1,TRBJ2-1,SASSSESYHNEQF,1
TRBV20-1,TRBJ2-1,SASSSESYNEQF,7
TRBV20-1,TRBJ2-1,SASSSEVLVFGHEQF,1
TRBV20-1,TRBJ2-1,SASSSEWHEQF,1
TRBV20-1,TRBJ2-1,SASSSEYNEQF,1
TRBV20-1,TRBJ2-1,SASSSFAGHSYNEQF,1
TRBV20-1,TRBJ2-1,SASSSFDEQF,2
TRBV20-1,TRBJ2-1,SASSSFGEQF,2
TRBV20-1,TRBJ2-1,SASSSFGLNEQF,1
TRBV20-1,TRBJ2-1,SASSSFGNEQF,2
TRBV20-1,TRBJ2-1,SASSSFLAGLLNEQF,1
TRBV20-1,TRBJ2-1,SASSSFLYNEQF,1
TRBV20-1,TRBJ2-1,SASSSFNEQF,1
TRBV20-1,TRBJ2-1,SASSSFNNEQF,1
TRBV20-1,TRBJ2-1,SASSSFQGARNEQF,2
TRBV20-1,TRBJ2-1,SASSSFQGNEQF,1
TRBV20-1,TRBJ2-1,SASSSFSGDSYNEQF,1
TRBV20-1,TRBJ2-1,SASSSFSYNEQF,1
TRBV20-1,TRBJ2-1,SASSSFTMSDSYNEQF,4
TRBV20-1,TRBJ2-1,SASSSFTSSYNEQF,1
TRBV20-1,TRBJ2-1,SASSSFYNEQF,3
TRBV20-1,TRBJ2-1,SASSSGAAYNEQF,1
TRBV20-1,TRBJ2-1,SASSSGADFYNEQF,1
TRBV20-1,TRBJ2-1,SASSSGAENEQF,1
TRBV20-1,TRBJ2-1,SASSSGAETYNEQF,9
TRBV20-1,TRBJ2-1,SASSSGAFNEQF,1
TRBV20-1,TRBJ2-1,SASSSGAGHEQF,1
TRBV20-1,TRBJ2-1,SASSSGAGNNEQF,1
TRBV20-1,TRBJ2-1,SASSSGAGPHNEQF,8
TRBV20-1,TRBJ2-1,SASSSGAGPHNEQL,1
TRBV20-1,TRBJ2-1,SASSSGAGSYNEQF,3
TRBV20-1,TRBJ2-1,SASSSGAGYNEQF,2
TRBV20-1,TRBJ2-1,SASSSGAIRGYNEQF,4
TRBV20-1,TRBJ2-1,SASSSGAKSHNEQF,1
TRBV20-1,TRBJ2-1,SASSSGALFYNEQF,1
TRBV20-1,TRBJ2-1,SASSSGALHEQY,1
TRBV20-1,TRBJ2-1,SASSSGALNEQF,9
TRBV20-1,TRBJ2-1,SASSSGANEQF,1
TRBV20-1,TRBJ2-1,SASSSGANYNEQF,1
TRBV20-1,TRBJ2-1,SASSSGAPNEQF,3
TRBV20-1,TRBJ2-1,SASSSGAPPYNEQF,1
TRBV20-1,TRBJ2-1,SASSSGAPSNEQF,1
TRBV20-1,TRBJ2-1,SASSSGAPYNEQF,1
TRBV20-1,TRBJ2-1,SASSSGARPHNEQF,1
TRBV20-1,TRBJ2-1,SASSSGASSSYNEQF,1
TRBV20-1,TRBJ2-1,SASSSGASSYNEQF,8
TRBV20-1,TRBJ2-1,SASSSGATNEQF,1
TRBV20-1,TRBJ2-1,SASSSGATYNEQF,2
TRBV20-1,TRBJ2-1,SASSSGAYNEQF,18
TRBV20-1,TRBJ2-1,SASSSGDATSSYNEQF,1
TRBV20-1,TRBJ2-1,SASSSGDEREGRNEQF,1
TRBV20-1,TRBJ2-1,SASSSGDFNEQF,5
TRBV20-1,TRBJ2-1,SASSSGDLFRITDNEQF,1
TRBV20-1,TRBJ2-1,SASSSGDNEQF,4
TRBV20-1,TRBJ2-1,SASSSGDRGSNEQF,1
TRBV20-1,TRBJ2-1,SASSSGDSNEQF,1
TRBV20-1,TRBJ2-1,SASSSGDSSYNEQF,1
TRBV20-1,TRBJ2-1,SASSSGDSYNEQF,9
TRBV20-1,TRBJ2-1,SASSSGDYNEQF,9
TRBV20-1,TRBJ2-1,SASSSGEAYNEQF,6
TRBV20-1,TRBJ2-1,SASSSGEEYNEQF,1
TRBV20-1,TRBJ2-1,SASSSGEIYNEQF,1
TRBV20-1,TRBJ2-1,SASSSGEPGGYNEQF,1
TRBV20-1,TRBJ2-1,SASSSGEPRGYNEQF,1
TRBV20-1,TRBJ2-1,SASSSGESSYNEQF,1
TRBV20-1,TRBJ2-1,SASSSGETYNEQF,1
TRBV20-1,TRBJ2-1,SASSSGEYNEQF,2
TRBV20-1,TRBJ2-1,SASSSGFFGNEQF,1
TRBV20-1,TRBJ2-1,SASSSGFHNEQF,1
TRBV20-1,TRBJ2-1,SASSSGFPPGNEQF,1
TRBV20-1,TRBJ2-1,SASSSGFVDEQF,1
TRBV20-1,TRBJ2-1,SASSSGFYNEQF,1
TRBV20-1,TRBJ2-1,SASSSGGAAYNEQF,1
TRBV20-1,TRBJ2-1,SASSSGGADEQF,1
TRBV20-1,TRBJ2-1,SASSSGGAFYNEQF,1
TRBV20-1,TRBJ2-1,SASSSGGAGSYNEQF,1
TRBV20-1,TRBJ2-1,SASSSGGAKYNEQF,3
TRBV20-1,TRBJ2-1,SASSSGGAPYNEQF,1
TRBV20-1,TRBJ2-1,SASSSGGARNEQF,1
TRBV20-1,TRBJ2-1,SASSSGGARSNNEQF,1
TRBV20-1,TRBJ2-1,SASSSGGASEQF,2
TRBV20-1,TRBJ2-1,SASSSGGASLLNEQF,5
TRBV20-1,TRBJ2-1,SASSSGGASYNEQF,1
TRBV20-1,TRBJ2-1,SASSSGGAWEQF,5
TRBV20-1,TRBJ2-1,SASSSGGAYNEQF,1
TRBV20-1,TRBJ2-1,SASSSGGDEQF,2
TRBV20-1,TRBJ2-1,SASSSGGDGNEQF,1
TRBV20-1,TRBJ2-1,SASSSGGEQF,6
TRBV20-1,TRBJ2-1,SASSSGGESYNEQF,4
TRBV20-1,TRBJ2-1,SASSSGGFAEQF,4
TRBV20-1,TRBJ2-1,SASSSGGFSYNEQF,1
TRBV20-1,TRBJ2-1,SASSSGGGNNEQF,2
TRBV20-1,TRBJ2-1,SASSSGGGRRNEQF,1
TRBV20-1,TRBJ2-1,SASSSGGGSYNEQF,1
TRBV20-1,TRBJ2-1,SASSSGGGYNEQF,1
TRBV20-1,TRBJ2-1,SASSSGGHNEQF,1
TRBV20-1,TRBJ2-1,SASSSGGHSYNEQF,2
TRBV20-1,TRBJ2-1,SASSSGGINEQF,1
TRBV20-1,TRBJ2-1,SASSSGGLDNEQF,1
TRBV20-1,TRBJ2-1,SASSSGGLEQF,2
TRBV20-1,TRBJ2-1,SASSSGGLNEQF,1
TRBV20-1,TRBJ2-1,SASSSGGLSEQF,16
TRBV20-1,TRBJ2-1,SASSSGGLSSYNEQF,2
TRBV20-1,TRBJ2-1,SASSSGGLYYNEQF,1
TRBV20-1,TRBJ2-1,SASSSGGNEQF,7
TRBV20-1,TRBJ2-1,SASSSGGNNEQF,1
TRBV20-1,TRBJ2-1,SASSSGGNYNEQF,4
TRBV20-1,TRBJ2-1,SASSSGGPGVEQF,1
TRBV20-1,TRBJ2-1,SASSSGGPLNEQF,1
TRBV20-1,TRBJ2-1,SASSSGGPYNEQF,4
TRBV20-1,TRBJ2-1,SASSSGGQNEQF,1
TRBV20-1,TRBJ2-1,SASSSGGQYNEQF,3
TRBV20-1,TRBJ2-1,SASSSGGRALYEQF,2
TRBV20-1,TRBJ2-1,SASSSGGRGFYNEQF,1
TRBV20-1,TRBJ2-1,SASSSGGRGRASYNEQF,1
TRBV20-1,TRBJ2-1,SASSSGGRLYNEQF,1
TRBV20-1,TRBJ2-1,SASSSGGRPYNEQF,10
TRBV20-1,TRBJ2-1,SASSSGGRSYNEQF,2
TRBV20-1,TRBJ2-1,SASSSGGRTYNEQF,4
TRBV20-1,TRBJ2-1,SASSSGGSGTVANEQF,1
TRBV20-1,TRBJ2-1,SASSSGGSHEQF,1
TRBV20-1,TRBJ2-1,SASSSGGSNEQF,2
TRBV20-1,TRBJ2-1,SASSSGGSSYNEQF,1
TRBV20-1,TRBJ2-1,SASSSGGSYNEQF,14
TRBV20-1,TRBJ2-1,SASSSGGTSYNEQF,3
TRBV20-1,TRBJ2-1,SASSSGGTTLSYNEQF,1
TRBV20-1,TRBJ2-1,SASSSGGTYNEQF,3
TRBV20-1,TRBJ2-1,SASSSGGVISYNEQF,1
TRBV20-1,TRBJ2-1,SASSSGGVSSYNEQF,1
TRBV20-1,TRBJ2-1,SASSSGGVTYNEQF,1
TRBV20-1,TRBJ2-1,SASSSGGVYNEQF,6
TRBV20-1,TRBJ2-1,SASSSGGWDEQF,1
TRBV20-1,TRBJ2-1,SASSSGGWNEQF,8
TRBV20-1,TRBJ2-1,SASSSGGYKEQF,1
TRBV20-1,TRBJ2-1,SASSSGGYNEQF,15
TRBV20-1,TRBJ2-1,SASSSGGYSYNEQF,2
TRBV20-1,TRBJ2-1,SASSSGGYYNEQF,1
TRBV20-1,TRBJ2-1,SASSSGHEQF,5
TRBV20-1,TRBJ2-1,SASSSGHGYNEQF,1
TRBV20-1,TRBJ2-1,SASSSGHLRYNEQF,1
TRBV20-1,TRBJ2-1,SASSSGHPIDNEQF,1
TRBV20-1,TRBJ2-1,SASSSGHTYNEQF,1
TRBV20-1,TRBJ2-1,SASSSGHYNEQF,3
TRBV20-1,TRBJ2-1,SASSSGIDNEQF,1
TRBV20-1,TRBJ2-1,SASSSGIGSYNEQF,1
TRBV20-1,TRBJ2-1,SASSSGIHNEQF,1
TRBV20-1,TRBJ2-1,SASSSGIIDEQF,1
TRBV20-1,TRBJ2-1,SASSSGINEQF,2
TRBV20-1,TRBJ2-1,SASSSGINYNEQF,2
TRBV20-1,TRBJ2-1,SASSSGIPNEQF,1
TRBV20-1,TRBJ2-1,SASSSGISSNEQF,1
TRBV20-1,TRBJ2-1,SASSSGISYNEQF,6
TRBV20-1,TRBJ2-1,SASSSGIVNEQF,1
TRBV20-1,TRBJ2-1,SASSSGIVYNEQF,1
TRBV20-1,TRBJ2-1,SASSSGIWNEQF,1
TRBV20-1,TRBJ2-1,SASSSGIYDEQF,1
TRBV20-1,TRBJ2-1,SASSSGIYNEQF,7
TRBV20-1,TRBJ2-1,SASSSGIYRRDNEQF,1
TRBV20-1,TRBJ2-1,SASSSGKAYNEQF,1
TRBV20-1,TRBJ2-1,SASSSGKGGYNEQF,1
TRBV20-1,TRBJ2-1,SASSSGKGTYNEQF,1
TRBV20-1,TRBJ2-1,SASSSGKISYNEQF,1
TRBV20-1,TRBJ2-1,SASSSGKPSSYNEQF,1
TRBV20-1,TRBJ2-1,SASSSGKPYNEQF,1
TRBV20-1,TRBJ2-1,SASSSGKSYNEQF,1
TRBV20-1,TRBJ2-1,SASSSGKTSYNEQF,1
TRBV20-1,TRBJ2-1,SASSSGKVSNEQF,1
TRBV20-1,TRBJ2-1,SASSSGKYNEQF,6
TRBV20-1,TRBJ2-1,SASSSGLADNEQF,1
TRBV20-1,TRBJ2-1,SASSSGLAFNEQF,1
TRBV20-1,TRBJ2-1,SASSSGLAGAYNEQF,1
TRBV20-1,TRBJ2-1,SASSSGLAGDNEQF,1
TRBV20-1,TRBJ2-1,SASSSGLAGGLANEQF,1
TRBV20-1,TRBJ2-1,SASSSGLAGGYEQF,1
TRBV20-1,TRBJ2-1,SASSSGLAGYNEQF,1
TRBV20-1,TRBJ2-1,SASSSGLESNEQF,1
TRBV20-1,TRBJ2-1,SASSSGLGNNEQF,1
TRBV20-1,TRBJ2-1,SASSSGLGRIDEQF,1
TRBV20-1,TRBJ2-1,SASSSGLINEQF,1
TRBV20-1,TRBJ2-1,SASSSGLLNEQF,1
TRBV20-1,TRBJ2-1,SASSSGLNEQF,2
TRBV20-1,TRBJ2-1,SASSSGLPHEQF,2
TRBV20-1,TRBJ2-1,SASSSGLRYNEQF,1
TRBV20-1,TRBJ2-1,SASSSGLSNEQF,1
TRBV20-1,TRBJ2-1,SASSSGLSSYNEQF,5
TRBV20-1,TRBJ2-1,SASSSGLSYNEQF,5
TRBV20-1,TRBJ2-1,SASSSGLWNEHF,1
TRBV20-1,TRBJ2-1,SASSSGLWNEQF,1
TRBV20-1,TRBJ2-1,SASSSGLYNEQF,11
TRBV20-1,TRBJ2-1,SASSSGMGLSYNEQF,1
TRBV20-1,TRBJ2-1,SASSSGMSYNEQF,1
TRBV20-1,TRBJ2-1,SASSSGMTYNEQF,1
TRBV20-1,TRBJ2-1,SASSSGMYNEQF,1
TRBV20-1,TRBJ2-1,SASSSGNEQF,13
TRBV20-1,TRBJ2-1,SASSSGNFLGNEQF,1
TRBV20-1,TRBJ2-1,SASSSGNHNEQF,1
TRBV20-1,TRBJ2-1,SASSSGNLEQF,5
TRBV20-1,TRBJ2-1,SASSSGNNEQF,6
TRBV20-1,TRBJ2-1,SASSSGNQFYEQF,1
TRBV20-1,TRBJ2-1,SASSSGNVYEQF,1
TRBV20-1,TRBJ2-1,SASSSGNYLNEQF,1
TRBV20-1,TRBJ2-1,SASSSGNYNEQF,11
TRBV20-1,TRBJ2-1,SASSSGPDVGNEQF,1
TRBV20-1,TRBJ2-1,SASSSGPFFSYNEQF,1
TRBV20-1,TRBJ2-1,SASSSGPLNEQF,1
TRBV20-1,TRBJ2-1,SASSSGPMYEQF,1
TRBV20-1,TRBJ2-1,SASSSGPNEQF,2
TRBV20-1,TRBJ2-1,SASSSGPNNEQF,1
TRBV20-1,TRBJ2-1,SASSSGPQDNEQF,1
TRBV20-1,TRBJ2-1,SASSSGPQSYNEQF,1
TRBV20-1,TRBJ2-1,SASSSGPSSYNEQF,3
TRBV20-1,TRBJ2-1,SASSSGPSYNEQF,1
TRBV20-1,TRBJ2-1,SASSSGPYNEQF,14
TRBV20-1,TRBJ2-1,SASSSGQGAYEQF,1
TRBV20-1,TRBJ2-1,SASSSGQGLNEQF,1
TRBV20-1,TRBJ2-1,SASSSGQGLYNEQF,1
TRBV20-1,TRBJ2-1,SASSSGQHHYNEQF,1
TRBV20-1,TRBJ2-1,SASSSGQSSYNEQF,1
TRBV20-1,TRBJ2-1,SASSSGQTYNEQF,1
TRBV20-1,TRBJ2-1,SASSSGQVGYNEQF,1
TRBV20-1,TRBJ2-1,SASSSGQYNEQF,1
TRBV20-1,TRBJ2-1,SASSSGRADEQF,6
TRBV20-1,TRBJ2-1,SASSSGRAENEQF,4
TRBV20-1,TRBJ2-1,SASSSGRAFNEQF,2
TRBV20-1,TRBJ2-1,SASSSGRAGNEQF,4
TRBV20-1,TRBJ2-1,SASSSGRAGSYNEQF,2
TRBV20-1,TRBJ2-1,SASSSGRAGVYNEQF,1
TRBV20-1,TRBJ2-1,SASSSGRAHEQF,4
TRBV20-1,TRBJ2-1,SASSSGRAHNEQF,1
TRBV20-1,TRBJ2-1,SASSSGRAILNEQF,4
TRBV20-1,TRBJ2-1,SASSSGRAKDEQF,1
TRBV20-1,TRBJ2-1,SASSSGRALGEQF,3
TRBV20-1,TRBJ2-1,SASSSGRALSHNEQF,1
TRBV20-1,TRBJ2-1,SASSSGRALSSYNEQF,1
TRBV20-1,TRBJ2-1,SASSSGRALSYNEQF,1
TRBV20-1,TRBJ2-1,SASSSGRALVYNEQF,1
TRBV20-1,TRBJ2-1,SASSSGRALYNEQF,1
TRBV20-1,TRBJ2-1,SASSSGRAMIDEQF,1
TRBV20-1,TRBJ2-1,SASSSGRAMMYEQF,2
TRBV20-1,TRBJ2-1,SASSSGRANEQF,6
TRBV20-1,TRBJ2-1,SASSSGRANNEQF,7
TRBV20-1,TRBJ2-1,SASSSGRANSDNEQF,1
TRBV20-1,TRBJ2-1,SASSSGRANSYNEQF,1
TRBV20-1,TRBJ2-1,SASSSGRAPVNEQF,1
TRBV20-1,TRBJ2-1,SASSSGRAPVYNEQF,1
TRBV20-1,TRBJ2-1,SASSSGRAPYNEQF,4
TRBV20-1,TRBJ2-1,SASSSGRAREYNEQF,2
TRBV20-1,TRBJ2-1,SASSSGRARGDEQF,3
TRBV20-1,TRBJ2-1,SASSSGRARGNNEQF,1
TRBV20-1,TRBJ2-1,SASSSGRARNEQF,2
TRBV20-1,TRBJ2-1,SASSSGRASSYNEQF,1
TRBV20-1,TRBJ2-1,SASSSGRASYEQF,1
TRBV20-1,TRBJ2-1,SASSSGRATEQF,5
TRBV20-1,TRBJ2-1,SASSSGRATWNEQF,1
TRBV20-1,TRBJ2-1,SASSSGRAVNEQF,2
TRBV20-1,TRBJ2-1,SASSSGRAVSYNEQF,1
TRBV20-1,TRBJ2-1,SASSSGRAYEQF,1
TRBV20-1,TRBJ2-1,SASSSGRAYNEQF,40
TRBV20-1,TRBJ2-1,SASSSGRDEQF,1
TRBV20-1,TRBJ2-1,SASSSGRDHNEQF,2
TRBV20-1,TRBJ2-1,SASSSGRDIYNEQF,1
TRBV20-1,TRBJ2-1,SASSSGRDNEQF,2
TRBV20-1,TRBJ2-1,SASSSGRDYNEQF,2
TRBV20-1,TRBJ2-1,SASSSGREDEQF,2
TRBV20-1,TRBJ2-1,SASSSGREGSSYNEQF,1
TRBV20-1,TRBJ2-1,SASSSGREHNEQF,1
TRBV20-1,TRBJ2-1,SASSSGREYNEQF,2
TRBV20-1,TRBJ2-1,SASSSGRFDEQF,1
TRBV20-1,TRBJ2-1,SASSSGRFHEQF,1
TRBV20-1,TRBJ2-1,SASSSGRFNEQF,1
TRBV20-1,TRBJ2-1,SASSSGRFSYNEQF,1
TRBV20-1,TRBJ2-1,SASSSGRFYNEQF,4
TRBV20-1,TRBJ2-1,SASSSGRGANEQF,1
TRBV20-1,TRBJ2-1,SASSSGRGAYNEQF,3
TRBV20-1,TRBJ2-1,SASSSGRGDEQF,2
TRBV20-1,TRBJ2-1,SASSSGRGGGSYNEQF,1
TRBV20-1,TRBJ2-1,SASSSGRGGYNEQF,3
TRBV20-1,TRBJ2-1,SASSSGRGNEQF,4
TRBV20-1,TRBJ2-1,SASSSGRGPPMRNEQF,1
TRBV20-1,TRBJ2-1,SASSSGRGRIDEQF,2
TRBV20-1,TRBJ2-1,SASSSGRGSYNEQF,5
TRBV20-1,TRBJ2-1,SASSSGRGYNEQF,4
TRBV20-1,TRBJ2-1,SASSSGRHEQF,1
TRBV20-1,TRBJ2-1,SASSSGRHSYNEQF,1
TRBV20-1,TRBJ2-1,SASSSGRHYNEQF,1
TRBV20-1,TRBJ2-1,SASSSGRINEQF,1
TRBV20-1,TRBJ2-1,SASSSGRIRVYNEQF,1
TRBV20-1,TRBJ2-1,SASSSGRIYNEQF,1
TRBV20-1,TRBJ2-1,SASSSGRKNEQF,1
TRBV20-1,TRBJ2-1,SASSSGRLDEQF,1
TRBV20-1,TRBJ2-1,SASSSGRLGNEQF,2
TRBV20-1,TRBJ2-1,SASSSGRLNEQF,7
TRBV20-1,TRBJ2-1,SASSSGRLNNEQF,1
TRBV20-1,TRBJ2-1,SASSSGRLSSTYNEQF,1
TRBV20-1,TRBJ2-1,SASSSGRLYNEQF,1
TRBV20-1,TRBJ2-1,SASSSGRMDEQF,2
TRBV20-1,TRBJ2-1,SASSSGRMGNEQF,1
TRBV20-1,TRBJ2-1,SASSSGRMNEQF,1
TRBV20-1,TRBJ2-1,SASSSGRMYNEQF,1
TRBV20-1,TRBJ2-1,SASSSGRNEQF,3
TRBV20-1,TRBJ2-1,SASSSGRNNEQF,4
TRBV20-1,TRBJ2-1,SASSSGRNRYNEQF,1
TRBV20-1,TRBJ2-1,SASSSGRPDNEQF,1
TRBV20-1,TRBJ2-1,SASSSGRPINEQF,2
TRBV20-1,TRBJ2-1,SASSSGRPNEQF,5
TRBV20-1,TRBJ2-1,SASSSGRPPPYNEQF,1
TRBV20-1,TRBJ2-1,SASSSGRPPSYNEQF,1
TRBV20-1,TRBJ2-1,SASSSGRPQEEF,2
TRBV20-1,TRBJ2-1,SASSSGRPRANEQF,1
TRBV20-1,TRBJ2-1,SASSSGRPSSYNEQF,2
TRBV20-1,TRBJ2-1,SASSSGRPWDEQF,1
TRBV20-1,TRBJ2-1,SASSSGRPYNEQF,4
TRBV20-1,TRBJ2-1,SASSSGRQDNEQF,1
TRBV20-1,TRBJ2-1,SASSSGRQYNEQF,3
TRBV20-1,TRBJ2-1,SASSSGRRAVHNEQF,1
TRBV20-1,TRBJ2-1,SASSSGRRAYNEQF,1
TRBV20-1,TRBJ2-1,SASSSGRRDNEQF,3
TRBV20-1,TRBJ2-1,SASSSGRRFSSYNEQF,7
TRBV20-1,TRBJ2-1,SASSSGRRMDEQF,1
TRBV20-1,TRBJ2-1,SASSSGRRNEQF,1
TRBV20-1,TRBJ2-1,SASSSGRRSNEQF,1
TRBV20-1,TRBJ2-1,SASSSGRRSYNEQF,1
TRBV20-1,TRBJ2-1,SASSSGRSDEQF,7
TRBV20-1,TRBJ2-1,SASSSGRSDNEQF,5
TRBV20-1,TRBJ2-1,SASSSGRSEDEQF,2
TRBV20-1,TRBJ2-1,SASSSGRSFNEQF,1
TRBV20-1,TRBJ2-1,SASSSGRSGNEQF,1
TRBV20-1,TRBJ2-1,SASSSGRSHNEQF,5
TRBV20-1,TRBJ2-1,SASSSGRSNEQF,8
TRBV20-1,TRBJ2-1,SASSSGRSNSYNEQF,1
TRBV20-1,TRBJ2-1,SASSSGRSQRGNEQF,10
TRBV20-1,TRBJ2-1,SASSSGRSQSGNEQF,1
TRBV20-1,TRBJ2-1,SASSSGRSSYNEQF,2
TRBV20-1,TRBJ2-1,SASSSGRSYNEQF,30
TRBV20-1,TRBJ2-1,SASSSGRTDNEQF,1
TRBV20-1,TRBJ2-1,SASSSGRTGNEQF,1
TRBV20-1,TRBJ2-1,SASSSGRTNEQF,2
TRBV20-1,TRBJ2-1,SASSSGRTRRNEQF,1
TRBV20-1,TRBJ2-1,SASSSGRTSYNEQF,1
TRBV20-1,TRBJ2-1,SASSSGRTYEQF,1
TRBV20-1,TRBJ2-1,SASSSGRTYNEQF,9
TRBV20-1,TRBJ2-1,SASSSGRTYYYNEQF,1
TRBV20-1,TRBJ2-1,SASSSGRVDEQF,3
TRBV20-1,TRBJ2-1,SASSSGRVDNEQF,1
TRBV20-1,TRBJ2-1,SASSSGRVGEQF,7
TRBV20-1,TRBJ2-1,SASSSGRVGGNEQF,1
TRBV20-1,TRBJ2-1,SASSSGRVGSYNEQF,1
TRBV20-1,TRBJ2-1,SASSSGRVLDNEQF,1
TRBV20-1,TRBJ2-1,SASSSGRVLGSYNEQF,1
TRBV20-1,TRBJ2-1,SASSSGRVNEQF,5
TRBV20-1,TRBJ2-1,SASSSGRVNNEQF,4
TRBV20-1,TRBJ2-1,SASSSGRVRSYNEQF,1
TRBV20-1,TRBJ2-1,SASSSGRVSSYNEQF,1
TRBV20-1,TRBJ2-1,SASSSGRVTYNEQF,5
TRBV20-1,TRBJ2-1,SASSSGRVYNEQF,3
TRBV20-1,TRBJ2-1,SASSSGRWDEQF,1
TRBV20-1,TRBJ2-1,SASSSGRWDNEQF,1
TRBV20-1,TRBJ2-1,SASSSGRWNEQF,2
TRBV20-1,TRBJ2-1,SASSSGRYNEQF,53
TRBV20-1,TRBJ2-1,SASSSGRYSNEQF,1
TRBV20-1,TRBJ2-1,SASSSGSAGGSYNEQF,1
TRBV20-1,TRBJ2-1,SASSSGSAPYNEQF,1
TRBV20-1,TRBJ2-1,SASSSGSASYNEQF,1
TRBV20-1,TRBJ2-1,SASSSGSAYNEQF,4
TRBV20-1,TRBJ2-1,SASSSGSDEQF,1
TRBV20-1,TRBJ2-1,SASSSGSESYNEQF,1
TRBV20-1,TRBJ2-1,SASSSGSFDEQF,1
TRBV20-1,TRBJ2-1,SASSSGSFGEQF,2
TRBV20-1,TRBJ2-1,SASSSGSFHNEQF,1
TRBV20-1,TRBJ2-1,SASSSGSFRGGYNEQF,1
TRBV20-1,TRBJ2-1,SASSSGSGNEQF,4
TRBV20-1,TRBJ2-1,SASSSGSGYGNEQF,1
TRBV20-1,TRBJ2-1,SASSSGSHSYNEQF,2
TRBV20-1,TRBJ2-1,SASSSGSIDEQF,2
TRBV20-1,TRBJ2-1,SASSSGSIDNEQF,3
TRBV20-1,TRBJ2-1,SASSSGSIHNEQF,1
TRBV20-1,TRBJ2-1,SASSSGSIVGYNEQF,1
TRBV20-1,TRBJ2-1,SASSSGSKNEQF,1
TRBV20-1,TRBJ2-1,SASSSGSKQSYNEQF,1
TRBV20-1,TRBJ2-1,SASSSGSKRYNEQF,1
TRBV20-1,TRBJ2-1,SASSSGSLDEQF,11
TRBV20-1,TRBJ2-1,SASSSGSLHEQF,1
TRBV20-1,TRBJ2-1,SASSSGSLHNEQF,11
TRBV20-1,TRBJ2-1,SASSSGSLHNERF,1
TRBV20-1,TRBJ2-1,SASSSGSLLYNEQF,1
TRBV20-1,TRBJ2-1,SASSSGSLNEQF,2
TRBV20-1,TRBJ2-1,SASSSGSLSSYNEQF,1
TRBV20-1,TRBJ2-1,SASSSGSLTGNEQF,1
TRBV20-1,TRBJ2-1,SASSSGSMDEQF,2
TRBV20-1,TRBJ2-1,SASSSGSNEQF,3
TRBV20-1,TRBJ2-1,SASSSGSNGSYNEQF,1
TRBV20-1,TRBJ2-1,SASSSGSNNEQF,1
TRBV20-1,TRBJ2-1,SASSSGSNRWNEQF,1
TRBV20-1,TRBJ2-1,SASSSGSNSRNEQF,1
TRBV20-1,TRBJ2-1,SASSSGSPPYNEQF,1
TRBV20-1,TRBJ2-1,SASSSGSPSSYNEQF,1
TRBV20-1,TRBJ2-1,SASSSGSPYNEQF,3
TRBV20-1,TRBJ2-1,SASSSGSRLRYNEQF,1
TRBV20-1,TRBJ2-1,SASSSGSRNEQF,1
TRBV20-1,TRBJ2-1,SASSSGSRTGNEQF,1
TRBV20-1,TRBJ2-1,SASSSGSSEVFYNEQF,1
TRBV20-1,TRBJ2-1,SASSSGSSKDEQF,1
TRBV20-1,TRBJ2-1,SASSSGSSLGNEQF,1
TRBV20-1,TRBJ2-1,SASSSGSSLNEQF,1
TRBV20-1,TRBJ2-1,SASSSGSSSSYNEQF,7
TRBV20-1,TRBJ2-1,SASSSGSSSYNEQF,4
TRBV20-1,TRBJ2-1,SASSSGSSTYNEQF,1
TRBV20-1,TRBJ2-1,SASSSGSSYNEQF,28
TRBV20-1,TRBJ2-1,SASSSGSTDEQF,1
TRBV20-1,TRBJ2-1,SASSSGSTFTNEQF,1
TRBV20-1,TRBJ2-1,SASSSGSTNEQF,1
TRBV20-1,TRBJ2-1,SASSSGSTSYNEQF,3
TRBV20-1,TRBJ2-1,SASSSGSTTYNEQF,3
TRBV20-1,TRBJ2-1,SASSSGSTYNEQF,2
TRBV20-1,TRBJ2-1,SASSSGSVNEQF,1
TRBV20-1,TRBJ2-1,SASSSGSVSYNEQF,1
TRBV20-1,TRBJ2-1,SASSSGSVYNEQF,1
TRBV20-1,TRBJ2-1,SASSSGSWYNEQF,2
TRBV20-1,TRBJ2-1,SASSSGSYEQF,1
TRBV20-1,TRBJ2-1,SASSSGSYNEQF,32
TRBV20-1,TRBJ2-1,SASSSGTALYNEQF,1
TRBV20-1,TRBJ2-1,SASSSGTASGNEQF,3
TRBV20-1,TRBJ2-1,SASSSGTASSYNEQF,1
TRBV20-1,TRBJ2-1,SASSSGTDNEQF,1
TRBV20-1,TRBJ2-1,SASSSGTGADEQF,1
TRBV20-1,TRBJ2-1,SASSSGTGHEQF,3
TRBV20-1,TRBJ2-1,SASSSGTGLNEQF,1
TRBV20-1,TRBJ2-1,SASSSGTGSYNEQF,3
TRBV20-1,TRBJ2-1,SASSSGTGYNEQF,2
TRBV20-1,TRBJ2-1,SASSSGTLLGNEQF,1
TRBV20-1,TRBJ2-1,SASSSGTNEQF,2
TRBV20-1,TRBJ2-1,SASSSGTPPYNEQF,1
TRBV20-1,TRBJ2-1,SASSSGTPSSYNEQF,1
TRBV20-1,TRBJ2-1,SASSSGTPYNEQF,1
TRBV20-1,TRBJ2-1,SASSSGTRDEQF,1
TRBV20-1,TRBJ2-1,SASSSGTSASNEQF,1
TRBV20-1,TRBJ2-1,SASSSGTSGLNEQF,6
TRBV20-1,TRBJ2-1,SASSSGTSGNEQF,1
TRBV20-1,TRBJ2-1,SASSSGTSGNIPYNEQF,2
TRBV20-1,TRBJ2-1,SASSSGTSGNNEQF,1
TRBV20-1,TRBJ2-1,SASSSGTSGRAAYNEQF,1
TRBV20-1,TRBJ2-1,SASSSGTSGYNEQF,2
TRBV20-1,TRBJ2-1,SASSSGTSSYNEQF,10
TRBV20-1,TRBJ2-1,SASSSGTSVHNEQF,2
TRBV20-1,TRBJ2-1,SASSSGTSVPRVDNEQF,1
TRBV20-1,TRBJ2-1,SASSSGTSVYNEQF,1
TRBV20-1,TRBJ2-1,SASSSGTSYNEQF,5
TRBV20-1,TRBJ2-1,SASSSGTSYTNEQF,1
TRBV20-1,TRBJ2-1,SASSSGTTGNEQF,1
TRBV20-1,TRBJ2-1,SASSSGTTLSYNEQF,1
TRBV20-1,TRBJ2-1,SASSSGTTYNEQF,1
TRBV20-1,TRBJ2-1,SASSSGTVNEQF,2
TRBV20-1,TRBJ2-1,SASSSGTYNEQF,11
TRBV20-1,TRBJ2-1,SASSSGVGDEQF,1
TRBV20-1,TRBJ2-1,SASSSGVLFHEQF,1
TRBV20-1,TRBJ2-1,SASSSGVNEQF,1
TRBV20-1,TRBJ2-1,SASSSGVPNEQF,1
TRBV20-1,TRBJ2-1,SASSSGVQRNEQF,1
TRBV20-1,TRBJ2-1,SASSSGVRDEQF,1
TRBV20-1,TRBJ2-1,SASSSGVSYNEQF,2
TRBV20-1,TRBJ2-1,SASSSGVTGNEQF,1
TRBV20-1,TRBJ2-1,SASSSGVYEQF,1
TRBV20-1,TRBJ2-1,SASSSGVYNEQF,7
TRBV20-1,TRBJ2-1,SASSSGVYRASWNEQF,1
TRBV20-1,TRBJ2-1,SASSSGWGNNEQF,1
TRBV20-1,TRBJ2-1,SASSSGWGPRGNEQF,2
TRBV20-1,TRBJ2-1,SASSSGYFHEQF,1
TRBV20-1,TRBJ2-1,SASSSGYGLSNEQF,1
TRBV20-1,TRBJ2-1,SASSSGYHNEQF,1
TRBV20-1,TRBJ2-1,SASSSGYMNEQF,1
TRBV20-1,TRBJ2-1,SASSSGYNEQF,21
TRBV20-1,TRBJ2-1,SASSSGYSLGEQF,8
TRBV20-1,TRBJ2-1,SASSSGYSYNEQF,2
TRBV20-1,TRBJ2-1,SASSSGYTYNEQF,2
TRBV20-1,TRBJ2-1,SASSSGYYNEQF,7
TRBV20-1,TRBJ2-1,SASSSGYYNGQF,1
TRBV20-1,TRBJ2-1,SASSSGYYSEQF,1
TRBV20-1,TRBJ2-1,SASSSHEQF,2
TRBV20-1,TRBJ2-1,SASSSHNEQF,1
TRBV20-1,TRBJ2-1,SASSSHTNEQF,1
TRBV20-1,TRBJ2-1,SASSSHTVDRNEQF,12
TRBV20-1,TRBJ2-1,SASSSHYNEQF,1
TRBV20-1,TRBJ2-1,SASSSIDEQF,7
TRBV20-1,TRBJ2-1,SASSSIHLFYNEQF,1
TRBV20-1,TRBJ2-1,SASSSIHNEQF,2
TRBV20-1,TRBJ2-1,SASSSINEQF,2
TRBV20-1,TRBJ2-1,SASSSISGRNEQF,1
TRBV20-1,TRBJ2-1,SASSSISRDSYNEQF,3
TRBV20-1,TRBJ2-1,SASSSITSYNEQF,1
TRBV20-1,TRBJ2-1,SASSSIYNEQF,2
TRBV20-1,TRBJ2-1,SASSSKAGERNEQF,1
TRBV20-1,TRBJ2-1,SASSSKAPNIFYNEQF,1
TRBV20-1,TRBJ2-1,SASSSKISSYNEQF,1
TRBV20-1,TRBJ2-1,SASSSKIYNEQF,1
TRBV20-1,TRBJ2-1,SASSSKNEQF,1
TRBV20-1,TRBJ2-1,SASSSKNGRNYNEQF,1
TRBV20-1,TRBJ2-1,SASSSKTSGAQF,3
TRBV20-1,TRBJ2-1,SASSSLAANEQF,1
TRBV20-1,TRBJ2-1,SASSSLAATSNSYNEQF,1
TRBV20-1,TRBJ2-1,SASSSLADGKNFDEQF,1
TRBV20-1,TRBJ2-1,SASSSLADSYNEQF,1
TRBV20-1,TRBJ2-1,SASSSLAESNEQF,3
TRBV20-1,TRBJ2-1,SASSSLAGAGPIIAYNEQF,1
TRBV20-1,TRBJ2-1,SASSSLAGEYNEQF,1
TRBV20-1,TRBJ2-1,SASSSLAGFDEQF,1
TRBV20-1,TRBJ2-1,SASSSLAGGPDEQF,1
TRBV20-1,TRBJ2-1,SASSSLAGGRNEQF,1
TRBV20-1,TRBJ2-1,SASSSLAGINEQF,1
TRBV20-1,TRBJ2-1,SASSSLAGVSYNEQF,1
TRBV20-1,TRBJ2-1,SASSSLAGVYNEQF,1
TRBV20-1,TRBJ2-1,SASSSLAGYNEQF,1
TRBV20-1,TRBJ2-1,SASSSLAIYNEQF,1
TRBV20-1,TRBJ2-1,SASSSLASSYNEQF,1
TRBV20-1,TRBJ2-1,SASSSLATVGSYNEQF,1
TRBV20-1,TRBJ2-1,SASSSLAVNEQF,1
TRBV20-1,TRBJ2-1,SASSSLDLTSADEQF,1
TRBV20-1,TRBJ2-1,SASSSLDNEQF,3
TRBV20-1,TRBJ2-1,SASSSLGGMNNEQF,1
TRBV20-1,TRBJ2-1,SASSSLGGSSYNEQF,1
TRBV20-1,TRBJ2-1,SASSSLGLAGYNEQF,1
TRBV20-1,TRBJ2-1,SASSSLGLYEQF,1
TRBV20-1,TRBJ2-1,SASSSLGRASYNEQF,1
TRBV20-1,TRBJ2-1,SASSSLGVAYNEQF,1
TRBV20-1,TRBJ2-1,SASSSLLGHEQF,1
TRBV20-1,TRBJ2-1,SASSSLLHNEQF,7
TRBV20-1,TRBJ2-1,SASSSLLSSYNEQF,6
TRBV20-1,TRBJ2-1,SASSSLNEQF,1
TRBV20-1,TRBJ2-1,SASSSLNQYNEQF,1
TRBV20-1,TRBJ2-1,SASSSLRWGHNEQF,3
TRBV20-1,TRBJ2-1,SASSSLSGRPYNEQF,1
TRBV20-1,TRBJ2-1,SASSSLSSYNEQF,4
TRBV20-1,TRBJ2-1,SASSSLSTNEQF,1
TRBV20-1,TRBJ2-1,SASSSLVGNEQF,1
TRBV20-1,TRBJ2-1,SASSSLYNEQF,4
TRBV20-1,TRBJ2-1,SASSSMALSGNEHF,1
TRBV20-1,TRBJ2-1,SASSSMAYNEQF,1
TRBV20-1,TRBJ2-1,SASSSMEGDEQF,1
TRBV20-1,TRBJ2-1,SASSSMGLANEQF,1
TRBV20-1,TRBJ2-1,SASSSMTYNEQF,1
TRBV20-1,TRBJ2-1,SASSSNDEQF,1
TRBV20-1,TRBJ2-1,SASSSNEQF,31
TRBV20-1,TRBJ2-1,SASSSNHEQF,1
TRBV20-1,TRBJ2-1,SASSSNLAGRFNEQF,1
TRBV20-1,TRBJ2-1,SASSSNLGDEQF,1
TRBV20-1,TRBJ2-1,SASSSNNEQF,16
TRBV20-1,TRBJ2-1,SASSSNPYNEQF,2
TRBV20-1,TRBJ2-1,SASSSNRGLYNEQF,1
TRBV20-1,TRBJ2-1,SASSSNSGSYNEQF,1
TRBV20-1,TRBJ2-1,SASSSNSYNEQF,4
TRBV20-1,TRBJ2-1,SASSSNTYNEQF,1
TRBV20-1,TRBJ2-1,SASSSNVSSYNEQF,4
TRBV20-1,TRBJ2-1,SASSSPEFHNEQF,1
TRBV20-1,TRBJ2-1,SASSSPEVDEQF,1
TRBV20-1,TRBJ2-1,SASSSPEWGRNEQF,4
TRBV20-1,TRBJ2-1,SASSSPGAHEQF,3
TRBV20-1,TRBJ2-1,SASSSPGDEQF,1
TRBV20-1,TRBJ2-1,SASSSPGGNEQF,1
TRBV20-1,TRBJ2-1,SASSSPGGSYNEQF,1
TRBV20-1,TRBJ2-1,SASSSPGLAGAGYNEQF,1
TRBV20-1,TRBJ2-1,SASSSPGTSGAFNNEQF,1
TRBV20-1,TRBJ2-1,SASSSPGTSGRTAYNEQF,1
TRBV20-1,TRBJ2-1,SASSSPLAAHNEQF,1
TRBV20-1,TRBJ2-1,SASSSPLLDEQF,1
TRBV20-1,TRBJ2-1,SASSSPLLYNEQF,1
TRBV20-1,TRBJ2-1,SASSSPNEQF,6
TRBV20-1,TRBJ2-1,SASSSPPGNEQF,1
TRBV20-1,TRBJ2-1,SASSSPPYNEQF,1
TRBV20-1,TRBJ2-1,SASSSPRNNEQF,1
TRBV20-1,TRBJ2-1,SASSSPRSGRRNEQF,1
TRBV20-1,TRBJ2-1,SASSSPSGQF,2
TRBV20-1,TRBJ2-1,SASSSPSGSNEQF,1
TRBV20-1,TRBJ2-1,SASSSPSIPAGGRRNEQF,1
TRBV20-1,TRBJ2-1,SASSSPSYNEQF,11
TRBV20-1,TRBJ2-1,SASSSPSYYNEQF,1
TRBV20-1,TRBJ2-1,SASSSPTNEQF,1
TRBV20-1,TRBJ2-1,SASSSPTPYYNEQF,1
TRBV20-1,TRBJ2-1,SASSSPWGNEQF,1
TRBV20-1,TRBJ2-1,SASSSPWHEQF,1
TRBV20-1,TRBJ2-1,SASSSPYNEQF,4
TRBV20-1,TRBJ2-1,SASSSQGDYNEQF,1
TRBV20-1,TRBJ2-1,SASSSQGPFGDEQF,1
TRBV20-1,TRBJ2-1,SASSSQGSSYNEQF,1
TRBV20-1,TRBJ2-1,SASSSQHNEQF,1
TRBV20-1,TRBJ2-1,SASSSQRGDNEQF,1
TRBV20-1,TRBJ2-1,SASSSQRVYNEQF,1
TRBV20-1,TRBJ2-1,SASSSQSSYNEQF,1
TRBV20-1,TRBJ2-1,SASSSQTSYNEQF,1
TRBV20-1,TRBJ2-1,SASSSRASSYNEQF,1
TRBV20-1,TRBJ2-1,SASSSRATYNEQF,2
TRBV20-1,TRBJ2-1,SASSSRAYNEQF,1
TRBV20-1,TRBJ2-1,SASSSRDFPYNEQF,1
TRBV20-1,TRBJ2-1,SASSSRDGLNEQF,2
TRBV20-1,TRBJ2-1,SASSSRDHPGNEQF,1
TRBV20-1,TRBJ2-1,SASSSRDNEQF,5
TRBV20-1,TRBJ2-1,SASSSRDRYNEQF,1
TRBV20-1,TRBJ2-1,SASSSRDWSYNEQF,1
TRBV20-1,TRBJ2-1,SASSSRESKNEQF,3
TRBV20-1,TRBJ2-1,SASSSRESTYVYEQF,1
TRBV20-1,TRBJ2-1,SASSSRFSYNEQF,1
TRBV20-1,TRBJ2-1,SASSSRGATYNEQF,2
TRBV20-1,TRBJ2-1,SASSSRGLIYNEQF,1
TRBV20-1,TRBJ2-1,SASSSRGLYNEQF,1
TRBV20-1,TRBJ2-1,SASSSRGRANEQF,6
TRBV20-1,TRBJ2-1,SASSSRGRIDNEQF,1
TRBV20-1,TRBJ2-1,SASSSRGRPSSYNEQF,1
TRBV20-1,TRBJ2-1,SASSSRGSSYNEQF,1
TRBV20-1,TRBJ2-1,SASSSRGVDEQF,1
TRBV20-1,TRBJ2-1,SASSSRGYNEQF,2
TRBV20-1,TRBJ2-1,SASSSRHNEQF,1
TRBV20-1,TRBJ2-1,SASSSRIYNEQF,2
TRBV20-1,TRBJ2-1,SASSSRKPNEQF,1
TRBV20-1,TRBJ2-1,SASSSRLDEQF,9
TRBV20-1,TRBJ2-1,SASSSRLDKQF,1
TRBV20-1,TRBJ2-1,SASSSRLGNEQF,1
TRBV20-1,TRBJ2-1,SASSSRLRSYNEQF,1
TRBV20-1,TRBJ2-1,SASSSRLSSLLTNEQF,1
TRBV20-1,TRBJ2-1,SASSSRNEQF,5
TRBV20-1,TRBJ2-1,SASSSRNFSYNEQF,1
TRBV20-1,TRBJ2-1,SASSSRPRSYNEQF,1
TRBV20-1,TRBJ2-1,SASSSRQADFYNEQF,1
TRBV20-1,TRBJ2-1,SASSSRQDSYNEQF,5
TRBV20-1,TRBJ2-1,SASSSRQSPYNEQF,1
TRBV20-1,TRBJ2-1,SASSSRRAGYNEQF,1
TRBV20-1,TRBJ2-1,SASSSRRFNNEQF,1
TRBV20-1,TRBJ2-1,SASSSRRGVVNEQF,1
TRBV20-1,TRBJ2-1,SASSSRRREFYNEQF,1
TRBV20-1,TRBJ2-1,SASSSRSGNEQF,1
TRBV20-1,TRBJ2-1,SASSSRSQDYNEQF,3
TRBV20-1,TRBJ2-1,SASSSRSSYNEQF,7
TRBV20-1,TRBJ2-1,SASSSRSYNEQF,1
TRBV20-1,TRBJ2-1,SASSSRTFYNEQF,1
TRBV20-1,TRBJ2-1,SASSSRTGVGNEQF,1
TRBV20-1,TRBJ2-1,SASSSRVDYNEQF,1
TRBV20-1,TRBJ2-1,SASSSRVGEAYNEQF,1
TRBV20-1,TRBJ2-1,SASSSRVPGREQF,4
TRBV20-1,TRBJ2-1,SASSSRVRYNEQF,8
TRBV20-1,TRBJ2-1,SASSSRVYNEQF,3
TRBV20-1,TRBJ2-1,SASSSRYEQF,3
TRBV20-1,TRBJ2-1,SASSSRYNEQF,4
TRBV20-1,TRBJ2-1,SASSSSALNSYNEQF,1
TRBV20-1,TRBJ2-1,SASSSSANSYNEQF,1
TRBV20-1,TRBJ2-1,SASSSSAPLDNEQF,1
TRBV20-1,TRBJ2-1,SASSSSAQSYNEQF,3
TRBV20-1,TRBJ2-1,SASSSSASSYNEQF,1
TRBV20-1,TRBJ2-1,SASSSSASYNEQF,1
TRBV20-1,TRBJ2-1,SASSSSATYNEQF,1
TRBV20-1,TRBJ2-1,SASSSSAYTYNEQF,1
TRBV20-1,TRBJ2-1,SASSSSDNEQF,1
TRBV20-1,TRBJ2-1,SASSSSDYNEQF,11
TRBV20-1,TRBJ2-1,SASSSSEDYNEQF,1
TRBV20-1,TRBJ2-1,SASSSSGAWNEQF,1
TRBV20-1,TRBJ2-1,SASSSSGAYNEQF,1
TRBV20-1,TRBJ2-1,SASSSSGDTYNEQF,1
TRBV20-1,TRBJ2-1,SASSSSGFGSYNEQF,1
TRBV20-1,TRBJ2-1,SASSSSGFNEQF,1
TRBV20-1,TRBJ2-1,SASSSSGGDEQF,1
TRBV20-1,TRBJ2-1,SASSSSGGDNEQF,1
TRBV20-1,TRBJ2-1,SASSSSGGFDEQF,1
TRBV20-1,TRBJ2-1,SASSSSGGGSFLNEQF,1
TRBV20-1,TRBJ2-1,SASSSSGGHYNEQF,1
TRBV20-1,TRBJ2-1,SASSSSGGLTYNEQF,1
TRBV20-1,TRBJ2-1,SASSSSGGSYNEQF,1
TRBV20-1,TRBJ2-1,SASSSSGGTYNEQF,6
TRBV20-1,TRBJ2-1,SASSSSGGYNEQF,1
TRBV20-1,TRBJ2-1,SASSSSGKNEQF,1
TRBV20-1,TRBJ2-1,SASSSSGKPRPYNEQF,1
TRBV20-1,TRBJ2-1,SASSSSGKYNEQF,1
TRBV20-1,TRBJ2-1,SASSSSGNEQF,1
TRBV20-1,TRBJ2-1,SASSSSGNSYNEQF,3
TRBV20-1,TRBJ2-1,SASSSSGQGANEQF,1
TRBV20-1,TRBJ2-1,SASSSSGRAHEQF,1
TRBV20-1,TRBJ2-1,SASSSSGRAPYNEQF,2
TRBV20-1,TRBJ2-1,SASSSSGRAYEQF,1
TRBV20-1,TRBJ2-1,SASSSSGRDNEQF,2
TRBV20-1,TRBJ2-1,SASSSSGRFDEQF,1
TRBV20-1,TRBJ2-1,SASSSSGRGNEQF,1
TRBV20-1,TRBJ2-1,SASSSSGRGYEQF,1
TRBV20-1,TRBJ2-1,SASSSSGRKYEQF,1
TRBV20-1,TRBJ2-1,SASSSSGRNEQF,1
TRBV20-1,TRBJ2-1,SASSSSGRRGNEQF,1
TRBV20-1,TRBJ2-1,SASSSSGRSNEQF,1
TRBV20-1,TRBJ2-1,SASSSSGRSYEQF,1
TRBV20-1,TRBJ2-1,SASSSSGRTNEQF,1
TRBV20-1,TRBJ2-1,SASSSSGRTYNEQF,1
TRBV20-1,TRBJ2-1,SASSSSGRVMNEQF,1
TRBV20-1,TRBJ2-1,SASSSSGRVSDEQF,1
TRBV20-1,TRBJ2-1,SASSSSGRVYNEQF,1
TRBV20-1,TRBJ2-1,SASSSSGRWNEQF,1
TRBV20-1,TRBJ2-1,SASSSSGSFLQGNEQF,1
TRBV20-1,TRBJ2-1,SASSSSGSHEQF,4
TRBV20-1,TRBJ2-1,SASSSSGSSSEQF,1
TRBV20-1,TRBJ2-1,SASSSSGSSYNEQF,5
TRBV20-1,TRBJ2-1,SASSSSGSVSNEQF,1
TRBV20-1,TRBJ2-1,SASSSSGSVYEQF,1
TRBV20-1,TRBJ2-1,SASSSSGSYEQF,1
TRBV20-1,TRBJ2-1,SASSSSGSYNEQF,2
TRBV20-1,TRBJ2-1,SASSSSGTGGVYEQF,1
TRBV20-1,TRBJ2-1,SASSSSGTNEQF,2
TRBV20-1,TRBJ2-1,SASSSSGTYNEQF,3
TRBV20-1,TRBJ2-1,SASSSSGWADEQF,1
TRBV20-1,TRBJ2-1,SASSSSGWTYNEQF,1
TRBV20-1,TRBJ2-1,SASSSSGYNEQF,6
TRBV20-1,TRBJ2-1,SASSSSHSEQF,9
TRBV20-1,TRBJ2-1,SASSSSLAEGYNEQF,1
TRBV20-1,TRBJ2-1,SASSSSLAVYNEQF,1
TRBV20-1,TRBJ2-1,SASSSSLGLDEQF,1
TRBV20-1,TRBJ2-1,SASSSSLLSEQF,3
TRBV20-1,TRBJ2-1,SASSSSLYNEQF,2
TRBV20-1,TRBJ2-1,SASSSSNEQF,2
TRBV20-1,TRBJ2-1,SASSSSNKRLFNEQF,1
TRBV20-1,TRBJ2-1,SASSSSPFGNNEQF,1
TRBV20-1,TRBJ2-1,SASSSSPKRYNEQF,1
TRBV20-1,TRBJ2-1,SASSSSPSFIYEQF,1
TRBV20-1,TRBJ2-1,SASSSSQLSYNEQF,1
TRBV20-1,TRBJ2-1,SASSSSQYNEQF,1
TRBV20-1,TRBJ2-1,SASSSSREQF,9
TRBV20-1,TRBJ2-1,SASSSSRHYNEQF,1
TRBV20-1,TRBJ2-1,SASSSSSGSPYNEQF,1
TRBV20-1,TRBJ2-1,SASSSSSTDEQF,1
TRBV20-1,TRBJ2-1,SASSSSSYNEQF,12
TRBV20-1,TRBJ2-1,SASSSSTWAMDNEQF,1
TRBV20-1,TRBJ2-1,SASSSSVSYNEQF,1
TRBV20-1,TRBJ2-1,SASSSSYNEQF,65
TRBV20-1,TRBJ2-1,SASSSTAPSYNEQF,1
TRBV20-1,TRBJ2-1,SASSSTAVNEQF,1
TRBV20-1,TRBJ2-1,SASSSTDEQF,1
TRBV20-1,TRBJ2-1,SASSSTDNEQF,1
TRBV20-1,TRBJ2-1,SASSSTGGDRNEQF,1
TRBV20-1,TRBJ2-1,SASSSTGGQWQF,2
TRBV20-1,TRBJ2-1,SASSSTGGSYNEQF,1
TRBV20-1,TRBJ2-1,SASSSTGKENEQF,1
TRBV20-1,TRBJ2-1,SASSSTGNLYNEQF,2
TRBV20-1,TRBJ2-1,SASSSTGSSYNEQF,1
TRBV20-1,TRBJ2-1,SASSSTGTYNEQF,1
TRBV20-1,TRBJ2-1,SASSSTGVMHNEQF,1
TRBV20-1,TRBJ2-1,SASSSTGVYNEQF,1
TRBV20-1,TRBJ2-1,SASSSTHEQF,1
TRBV20-1,TRBJ2-1,SASSSTHNEQF,3
TRBV20-1,TRBJ2-1,SASSSTKNEQF,1
TRBV20-1,TRBJ2-1,SASSSTKYNEQF,1
TRBV20-1,TRBJ2-1,SASSSTLEQF,2
TRBV20-1,TRBJ2-1,SASSSTNNEQF,1
TRBV20-1,TRBJ2-1,SASSSTPSSYNEQF,1
TRBV20-1,TRBJ2-1,SASSSTRRGQSYNEQF,1
TRBV20-1,TRBJ2-1,SASSSTRSRYNEQF,1
TRBV20-1,TRBJ2-1,SASSSTSGEQF,4
TRBV20-1,TRBJ2-1,SASSSTSGNYNEQF,1
TRBV20-1,TRBJ2-1,SASSSTSGRADEQF,2
TRBV20-1,TRBJ2-1,SASSSTSGRDYNEQF,1
TRBV20-1,TRBJ2-1,SASSSTSGRGDEQF,1
TRBV20-1,TRBJ2-1,SASSSTSGSYNEQF,2
TRBV20-1,TRBJ2-1,SASSSTSGYNEQF,1
TRBV20-1,TRBJ2-1,SASSSTSLYEQF,1
TRBV20-1,TRBJ2-1,SASSSTSWNEQF,1
TRBV20-1,TRBJ2-1,SASSSTSYNEQF,2
TRBV20-1,TRBJ2-1,SASSSTTSGRVYEQF,1
TRBV20-1,TRBJ2-1,SASSSTVEQF,1
TRBV20-1,TRBJ2-1,SASSSTVNEQF,1
TRBV20-1,TRBJ2-1,SASSSVASYNEQF,1
TRBV20-1,TRBJ2-1,SASSSVAYNEQF,1
TRBV20-1,TRBJ2-1,SASSSVCNEQF,2
TRBV20-1,TRBJ2-1,SASSSVDEQF,8
TRBV20-1,TRBJ2-1,SASSSVFDEQF,1
TRBV20-1,TRBJ2-1,SASSSVFNEQF,1
TRBV20-1,TRBJ2-1,SASSSVGINEQF,1
TRBV20-1,TRBJ2-1,SASSSVGLDNEQF,6
TRBV20-1,TRBJ2-1,SASSSVGYNEQF,1
TRBV20-1,TRBJ2-1,SASSSVHNEQF,1
TRBV20-1,TRBJ2-1,SASSSVHSYNEQF,1
TRBV20-1,TRBJ2-1,SASSSVISYNEQF,1
TRBV20-1,TRBJ2-1,SASSSVLGWDEQF,1
TRBV20-1,TRBJ2-1,SASSSVLSYNEQF,1
TRBV20-1,TRBJ2-1,SASSSVLVYNEQF,1
TRBV20-1,TRBJ2-1,SASSSVNEQF,1
TRBV20-1,TRBJ2-1,SASSSVNNEQF,1
TRBV20-1,TRBJ2-1,SASSSVNRRTYNEQF,1
TRBV20-1,TRBJ2-1,SASSSVNYNEQF,1
TRBV20-1,TRBJ2-1,SASSSVPSNEQF,1
TRBV20-1,TRBJ2-1,SASSSVQPYNEQF,1
TRBV20-1,TRBJ2-1,SASSSVRGNEQF,1
TRBV20-1,TRBJ2-1,SASSSVRKNYNEQF,3
TRBV20-1,TRBJ2-1,SASSSVSNEQF,1
TRBV20-1,TRBJ2-1,SASSSVSSYNEQF,1
TRBV20-1,TRBJ2-1,SASSSVSYNEQF,3
TRBV20-1,TRBJ2-1,SASSSVTYNEQF,2
TRBV20-1,TRBJ2-1,SASSSVVELIPGNEQF,1
TRBV20-1,TRBJ2-1,SASSSVWLGNNEQF,1
TRBV20-1,TRBJ2-1,SASSSVYDEQF,1
TRBV20-1,TRBJ2-1,SASSSVYEQF,1
TRBV20-1,TRBJ2-1,SASSSVYKEQF,2
TRBV20-1,TRBJ2-1,SASSSVYNEHF,1
TRBV20-1,TRBJ2-1,SASSSVYNEKF,1
TRBV20-1,TRBJ2-1,SASSSVYNEQF,234
TRBV20-1,TRBJ2-1,SASSSVYNEQI,1
TRBV20-1,TRBJ2-1,SASSSVYNEQL,2
TRBV20-1,TRBJ2-1,SASSSVYNERF,2
TRBV20-1,TRBJ2-1,SASSSVYNGQF,3
TRBV20-1,TRBJ2-1,SASSSVYNVQF,1
TRBV20-1,TRBJ2-1,SASSSVYSYNEQF,1
TRBV20-1,TRBJ2-1,SASSSVYYNEQF,1
TRBV20-1,TRBJ2-1,SASSSWAGRYNEQF,1
TRBV20-1,TRBJ2-1,SASSSWAYNEQF,1
TRBV20-1,TRBJ2-1,SASSSWDEQF,1
TRBV20-1,TRBJ2-1,SASSSWDIYNEQF,1
TRBV20-1,TRBJ2-1,SASSSWEGYNEQF,1
TRBV20-1,TRBJ2-1,SASSSWERYYNEQF,1
TRBV20-1,TRBJ2-1,SASSSWGGYNEQF,1
TRBV20-1,TRBJ2-1,SASSSWLARNEQF,1
TRBV20-1,TRBJ2-1,SASSSWLVGTEQF,2
TRBV20-1,TRBJ2-1,SASSSWREGSLNEQF,1
TRBV20-1,TRBJ2-1,SASSSWSLDEQF,1
TRBV20-1,TRBJ2-1,SASSSWSSYNEQF,1
TRBV20-1,TRBJ2-1,SASSSWWGEQF,2
TRBV20-1,TRBJ2-1,SASSSWYYNEQF,1
TRBV20-1,TRBJ2-1,SASSSYDYNEQF,1
TRBV20-1,TRBJ2-1,SASSSYEQF,1
TRBV20-1,TRBJ2-1,SASSSYGGAYNEQF,1
TRBV20-1,TRBJ2-1,SASSSYNEQF,52
TRBV20-1,TRBJ2-1,SASSSYNNEQF,1
TRBV20-1,TRBJ2-1,SASSSYRDSYNEQF,1
TRBV20-1,TRBJ2-1,SASSSYSSYNEQF,1
TRBV20-1,TRBJ2-1,SASSSYTSSYNEQF,1
TRBV20-1,TRBJ2-1,SASSSYYNEQF,2
TRBV20-1,TRBJ2-1,SASSTADNEQF,1
TRBV20-1,TRBJ2-1,SASSTAGAVSYNEQF,1
TRBV20-1,TRBJ2-1,SASSTAGGNYEQF,1
TRBV20-1,TRBJ2-1,SASSTAGGVHNEQF,2
TRBV20-1,TRBJ2-1,SASSTAGKYNEQF,1
TRBV20-1,TRBJ2-1,SASSTAGPYNEQF,4
TRBV20-1,TRBJ2-1,SASSTAGTEYNEQF,1
TRBV20-1,TRBJ2-1,SASSTALDNEQF,1
TRBV20-1,TRBJ2-1,SASSTALGFYNEQF,1
TRBV20-1,TRBJ2-1,SASSTANNEQF,1
TRBV20-1,TRBJ2-1,SASSTARHNKQF,1
TRBV20-1,TRBJ2-1,SASSTARPNNEQF,1
TRBV20-1,TRBJ2-1,SASSTASGSGPPYNEQF,1
TRBV20-1,TRBJ2-1,SASSTASLSYNEQF,1
TRBV20-1,TRBJ2-1,SASSTASSYNEQF,1
TRBV20-1,TRBJ2-1,SASSTASTYNEQF,2
TRBV20-1,TRBJ2-1,SASSTAYNEQF,2
TRBV20-1,TRBJ2-1,SASSTAYNYNEQF,9
TRBV20-1,TRBJ2-1,SASSTDDEQF,13
TRBV20-1,TRBJ2-1,SASSTDNEQF,2
TRBV20-1,TRBJ2-1,SASSTDPRPNEQF,1
TRBV20-1,TRBJ2-1,SASSTDPSSYNEQF,1
TRBV20-1,TRBJ2-1,SASSTDPYNEQF,2
TRBV20-1,TRBJ2-1,SASSTDRGFYNEQF,1
TRBV20-1,TRBJ2-1,SASSTDRGGNEQF,1
TRBV20-1,TRBJ2-1,SASSTDRGWYNEQF,1
TRBV20-1,TRBJ2-1,SASSTDRVNSYNEQF,1
TRBV20-1,TRBJ2-1,SASSTDSSYNEQF,1
TRBV20-1,TRBJ2-1,SASSTDWVNEQF,1
TRBV20-1,TRBJ2-1,SASSTDYEQF,4
TRBV20-1,TRBJ2-1,SASSTEAIPLSYNEQF,1
TRBV20-1,TRBJ2-1,SASSTEDEQF,1
TRBV20-1,TRBJ2-1,SASSTEFNEQF,2
TRBV20-1,TRBJ2-1,SASSTEISYNEQF,1
TRBV20-1,TRBJ2-1,SASSTEKTYNEQF,1
TRBV20-1,TRBJ2-1,SASSTEPPYNEQF,1
TRBV20-1,TRBJ2-1,SASSTEQF,2
TRBV20-1,TRBJ2-1,SASSTERAYNEQF,1
TRBV20-1,TRBJ2-1,SASSTESSYNEQF,2
TRBV20-1,TRBJ2-1,SASSTESTYNEQF,1
TRBV20-1,TRBJ2-1,SASSTESYNEQF,1
TRBV20-1,TRBJ2-1,SASSTFGGGYEQF,1
TRBV20-1,TRBJ2-1,SASSTFNEQF,1
TRBV20-1,TRBJ2-1,SASSTFSGRVNEQF,3
TRBV20-1,TRBJ2-1,SASSTFYNEQF,1
TRBV20-1,TRBJ2-1,SASSTGAALRYNEQF,1
TRBV20-1,TRBJ2-1,SASSTGAGNEQF,1
TRBV20-1,TRBJ2-1,SASSTGALGHNEQF,1
TRBV20-1,TRBJ2-1,SASSTGAPVDNEQF,1
TRBV20-1,TRBJ2-1,SASSTGAPYNEQF,1
TRBV20-1,TRBJ2-1,SASSTGAYNEQF,2
TRBV20-1,TRBJ2-1,SASSTGDEQF,1
TRBV20-1,TRBJ2-1,SASSTGDNEQF,5
TRBV20-1,TRBJ2-1,SASSTGEPQSSYNEQF,1
TRBV20-1,TRBJ2-1,SASSTGERPHNEQF,1
TRBV20-1,TRBJ2-1,SASSTGFDNEQF,3
TRBV20-1,TRBJ2-1,SASSTGFHNEQF,1
TRBV20-1,TRBJ2-1,SASSTGFNEQF,1
TRBV20-1,TRBJ2-1,SASSTGGAYNEQF,1
TRBV20-1,TRBJ2-1,SASSTGGGTYNEQF,1
TRBV20-1,TRBJ2-1,SASSTGGHNEQF,7
TRBV20-1,TRBJ2-1,SASSTGGHNEQS,1
TRBV20-1,TRBJ2-1,SASSTGGIAFSYNEQF,1
TRBV20-1,TRBJ2-1,SASSTGGIYNEQF,1
TRBV20-1,TRBJ2-1,SASSTGGMNEQF,1
TRBV20-1,TRBJ2-1,SASSTGGNEQF,2
TRBV20-1,TRBJ2-1,SASSTGGPGGNEQF,1
TRBV20-1,TRBJ2-1,SASSTGGPSYNEQF,1
TRBV20-1,TRBJ2-1,SASSTGGPYNEQF,4
TRBV20-1,TRBJ2-1,SASSTGGSHNEQF,1
TRBV20-1,TRBJ2-1,SASSTGGSSYNEQF,1
TRBV20-1,TRBJ2-1,SASSTGGSYNEQF,2
TRBV20-1,TRBJ2-1,SASSTGGTPNEQF,1
TRBV20-1,TRBJ2-1,SASSTGGTYNEQF,1
TRBV20-1,TRBJ2-1,SASSTGGYHYNEQF,1
TRBV20-1,TRBJ2-1,SASSTGGYIEQF,1
TRBV20-1,TRBJ2-1,SASSTGGYNEQF,22
TRBV20-1,TRBJ2-1,SASSTGINDNEQF,1
TRBV20-1,TRBJ2-1,SASSTGKTSGAYNEQF,1
TRBV20-1,TRBJ2-1,SASSTGLAGDNEQF,1
TRBV20-1,TRBJ2-1,SASSTGLAGEGNEQF,1
TRBV20-1,TRBJ2-1,SASSTGLAGGNEQF,1
TRBV20-1,TRBJ2-1,SASSTGLAGHGLNNEQF,1
TRBV20-1,TRBJ2-1,SASSTGLAGHNEQF,1
TRBV20-1,TRBJ2-1,SASSTGLAGYNEQF,2
TRBV20-1,TRBJ2-1,SASSTGLAHNEQF,1
TRBV20-1,TRBJ2-1,SASSTGLGDEQF,1
TRBV20-1,TRBJ2-1,SASSTGLGIYNEQF,2
TRBV20-1,TRBJ2-1,SASSTGLSYNEQF,2
TRBV20-1,TRBJ2-1,SASSTGLTGQSQNEQF,1
TRBV20-1,TRBJ2-1,SASSTGLYNEQF,1
TRBV20-1,TRBJ2-1,SASSTGNEQF,3
TRBV20-1,TRBJ2-1,SASSTGNNEQF,1
TRBV20-1,TRBJ2-1,SASSTGNPRFYNEQF,1
TRBV20-1,TRBJ2-1,SASSTGNPYNEQF,1
TRBV20-1,TRBJ2-1,SASSTGPRVVEQF,12
TRBV20-1,TRBJ2-1,SASSTGPYNEQF,1
TRBV20-1,TRBJ2-1,SASSTGQGFYNEQF,1
TRBV20-1,TRBJ2-1,SASSTGQKYNEQF,1
TRBV20-1,TRBJ2-1,SASSTGRDEQF,1
TRBV20-1,TRBJ2-1,SASSTGRDNEQF,1
TRBV20-1,TRBJ2-1,SASSTGRDYNEQF,1
TRBV20-1,TRBJ2-1,SASSTGRGDGNEQF,1
TRBV20-1,TRBJ2-1,SASSTGRHNEQF,1
TRBV20-1,TRBJ2-1,SASSTGRMDEQF,1
TRBV20-1,TRBJ2-1,SASSTGRSYNEQF,1
TRBV20-1,TRBJ2-1,SASSTGRTSYEQF,1
TRBV20-1,TRBJ2-1,SASSTGRYNEQF,4
TRBV20-1,TRBJ2-1,SASSTGSDEQF,1
TRBV20-1,TRBJ2-1,SASSTGSFNEQF,1
TRBV20-1,TRBJ2-1,SASSTGSNEQF,1
TRBV20-1,TRBJ2-1,SASSTGSNYNEQF,1
TRBV20-1,TRBJ2-1,SASSTGSSYNEQF,4
TRBV20-1,TRBJ2-1,SASSTGSYNEQF,3
TRBV20-1,TRBJ2-1,SASSTGSYSEQF,1
TRBV20-1,TRBJ2-1,SASSTGTELSHEQF,1
TRBV20-1,TRBJ2-1,SASSTGTGDNEQF,1
TRBV20-1,TRBJ2-1,SASSTGTGGFSNEQF,1
TRBV20-1,TRBJ2-1,SASSTGTGGINEQF,5
TRBV20-1,TRBJ2-1,SASSTGTGHYNEQF,1
TRBV20-1,TRBJ2-1,SASSTGTGILDEQF,1
TRBV20-1,TRBJ2-1,SASSTGTGKDEQF,1
TRBV20-1,TRBJ2-1,SASSTGTGLRKLGNEQF,1
TRBV20-1,TRBJ2-1,SASSTGTIHEQF,1
TRBV20-1,TRBJ2-1,SASSTGTLYNEQF,1
TRBV20-1,TRBJ2-1,SASSTGTNEQF,1
TRBV20-1,TRBJ2-1,SASSTGTQAYNEQF,1
TRBV20-1,TRBJ2-1,SASSTGTRNEQF,1
TRBV20-1,TRBJ2-1,SASSTGTRSYNEQF,1
TRBV20-1,TRBJ2-1,SASSTGTSANEQF,3
TRBV20-1,TRBJ2-1,SASSTGTSRMYNEQF,1
TRBV20-1,TRBJ2-1,SASSTGTSSYNEQF,1
TRBV20-1,TRBJ2-1,SASSTGTSYNEQF,2
TRBV20-1,TRBJ2-1,SASSTGTTGNEQF,1
TRBV20-1,TRBJ2-1,SASSTGVANEQF,1
TRBV20-1,TRBJ2-1,SASSTGVGYNEQF,1
TRBV20-1,TRBJ2-1,SASSTGVLGNEQF,1
TRBV20-1,TRBJ2-1,SASSTGVPGNEQF,1
TRBV20-1,TRBJ2-1,SASSTGVSYNEQF,1
TRBV20-1,TRBJ2-1,SASSTGVVNEQF,1
TRBV20-1,TRBJ2-1,SASSTGYGSSSYNEQF,1
TRBV20-1,TRBJ2-1,SASSTGYNEQF,2
TRBV20-1,TRBJ2-1,SASSTGYNNEQF,1
TRBV20-1,TRBJ2-1,SASSTHGVSNNEQF,1
TRBV20-1,TRBJ2-1,SASSTHRDEQF,1
TRBV20-1,TRBJ2-1,SASSTIHNEQF,2
TRBV20-1,TRBJ2-1,SASSTINEQF,1
TRBV20-1,TRBJ2-1,SASSTIRRQFNEQF,1
TRBV20-1,TRBJ2-1,SASSTISYNEQF,1
TRBV20-1,TRBJ2-1,SASSTITSGVTYNEQF,1
TRBV20-1,TRBJ2-1,SASSTIYNEQF,1
TRBV20-1,TRBJ2-1,SASSTKNEQF,1
TRBV20-1,TRBJ2-1,SASSTKRGGNEQF,1
TRBV20-1,TRBJ2-1,SASSTLAASSYNEQF,1
TRBV20-1,TRBJ2-1,SASSTLAEFYNEQF,1
TRBV20-1,TRBJ2-1,SASSTLAGANEQF,1
TRBV20-1,TRBJ2-1,SASSTLAGANNEQF,1
TRBV20-1,TRBJ2-1,SASSTLAGIYNEQF,1
TRBV20-1,TRBJ2-1,SASSTLAGSSYNEQF,1
TRBV20-1,TRBJ2-1,SASSTLAGVGYNEQF,1
TRBV20-1,TRBJ2-1,SASSTLAYNEQF,1
TRBV20-1,TRBJ2-1,SASSTLGLASSSYKEQF,1
TRBV20-1,TRBJ2-1,SASSTLLAPNEQF,1
TRBV20-1,TRBJ2-1,SASSTLLPNEQF,1
TRBV20-1,TRBJ2-1,SASSTLNEQF,1
TRBV20-1,TRBJ2-1,SASSTLPYNEQF,1
TRBV20-1,TRBJ2-1,SASSTLRNNEQF,1
TRBV20-1,TRBJ2-1,SASSTLSSYNEQF,2
TRBV20-1,TRBJ2-1,SASSTLSYNEQF,2
TRBV20-1,TRBJ2-1,SASSTLTSGRSTAYNEQF,1
TRBV20-1,TRBJ2-1,SASSTLTSSYNEQF,1
TRBV20-1,TRBJ2-1,SASSTLTYNEQF,1
TRBV20-1,TRBJ2-1,SASSTLVGYNEQF,1
TRBV20-1,TRBJ2-1,SASSTLYNEQF,1
TRBV20-1,TRBJ2-1,SASSTMGLASSSHKEQF,1
TRBV20-1,TRBJ2-1,SASSTMGLASSSYDEQF,1
TRBV20-1,TRBJ2-1,SASSTMGLASSSYKEQF,1
TRBV20-1,TRBJ2-1,SASSTMGLASSSYNAQF,1
TRBV20-1,TRBJ2-1,SASSTMGLASSSYNEQF,24
TRBV20-1,TRBJ2-1,SASSTMGLASSSYNEQL,1
TRBV20-1,TRBJ2-1,SASSTMGRASSSYNEQF,1
TRBV20-1,TRBJ2-1,SASSTMGVASSDYKEQF,1
TRBV20-1,TRBJ2-1,SASSTNEQF,6
TRBV20-1,TRBJ2-1,SASSTNFNEQF,1
TRBV20-1,TRBJ2-1,SASSTNGDEQF,1
TRBV20-1,TRBJ2-1,SASSTNNEQF,1
TRBV20-1,TRBJ2-1,SASSTNRGAYNEQF,1
TRBV20-1,TRBJ2-1,SASSTNYNEQF,3
TRBV20-1,TRBJ2-1,SASSTPASGRGSEQL,2
TRBV20-1,TRBJ2-1,SASSTPDLSYNEQF,1
TRBV20-1,TRBJ2-1,SASSTPFARIAPYNEQF,1
TRBV20-1,TRBJ2-1,SASSTPGDNEQF,1
TRBV20-1,TRBJ2-1,SASSTPGQGASWSYNEQF,1
TRBV20-1,TRBJ2-1,SASSTPGQGRGNEQF,1
TRBV20-1,TRBJ2-1,SASSTPGSYNEQF,1
TRBV20-1,TRBJ2-1,SASSTPGTELYNEQF,1
TRBV20-1,TRBJ2-1,SASSTPGVNEQF,1
TRBV20-1,TRBJ2-1,SASSTPLYNEQF,1
TRBV20-1,TRBJ2-1,SASSTPNEQF,1
TRBV20-1,TRBJ2-1,SASSTPNSYNEQF,7
TRBV20-1,TRBJ2-1,SASSTPRPYNEQF,1
TRBV20-1,TRBJ2-1,SASSTPSSYNEQF,1
TRBV20-1,TRBJ2-1,SASSTPTNEQF,4
TRBV20-1,TRBJ2-1,SASSTPYNEQF,1
TRBV20-1,TRBJ2-1,SASSTQANEQF,1
TRBV20-1,TRBJ2-1,SASSTQGSSYNEQF,1
TRBV20-1,TRBJ2-1,SASSTQNTYNEQF,2
TRBV20-1,TRBJ2-1,SASSTQRDPYNEQF,1
TRBV20-1,TRBJ2-1,SASSTQSAYNEQF,1
TRBV20-1,TRBJ2-1,SASSTQSYNEQF,1
TRBV20-1,TRBJ2-1,SASSTRANEQF,2
TRBV20-1,TRBJ2-1,SASSTRASSYNEQF,2
TRBV20-1,TRBJ2-1,SASSTRDLFSYNEQF,2
TRBV20-1,TRBJ2-1,SASSTRDNEQF,1
TRBV20-1,TRBJ2-1,SASSTREGDEQF,1
TRBV20-1,TRBJ2-1,SASSTRFNEQF,1
TRBV20-1,TRBJ2-1,SASSTRGENNEQF,1
TRBV20-1,TRBJ2-1,SASSTRGESYYNEQF,1
TRBV20-1,TRBJ2-1,SASSTRGGNEQF,1
TRBV20-1,TRBJ2-1,SASSTRGLHNEQF,4
TRBV20-1,TRBJ2-1,SASSTRGSYNEQF,1
TRBV20-1,TRBJ2-1,SASSTRGTYNEQF,1
TRBV20-1,TRBJ2-1,SASSTRGYNEQF,3
TRBV20-1,TRBJ2-1,SASSTRHEQF,1
TRBV20-1,TRBJ2-1,SASSTRISYKEQF,1
TRBV20-1,TRBJ2-1,SASSTRISYNEQF,5
TRBV20-1,TRBJ2-1,SASSTRKGNEQF,1
TRBV20-1,TRBJ2-1,SASSTRLSPTSSYNEQF,1
TRBV20-1,TRBJ2-1,SASSTRPNEQF,6
TRBV20-1,TRBJ2-1,SASSTRPSYNEQF,1
TRBV20-1,TRBJ2-1,SASSTRRGRVGYNEQF,1
TRBV20-1,TRBJ2-1,SASSTRSYNEQF,4
TRBV20-1,TRBJ2-1,SASSTRTGGLHEQF,1
TRBV20-1,TRBJ2-1,SASSTRTGSYNEQF,1
TRBV20-1,TRBJ2-1,SASSTRTGYNEQF,1
TRBV20-1,TRBJ2-1,SASSTRYNEQF,3
TRBV20-1,TRBJ2-1,SASSTRYSYNEQF,1
TRBV20-1,TRBJ2-1,SASSTSAQDNEQF,3
TRBV20-1,TRBJ2-1,SASSTSASLGEQF,1
TRBV20-1,TRBJ2-1,SASSTSASYNEQF,1
TRBV20-1,TRBJ2-1,SASSTSAYNEQF,1
TRBV20-1,TRBJ2-1,SASSTSDEQF,1
TRBV20-1,TRBJ2-1,SASSTSDNEQF,1
TRBV20-1,TRBJ2-1,SASSTSENEQF,4
TRBV20-1,TRBJ2-1,SASSTSERDNEQF,1
TRBV20-1,TRBJ2-1,SASSTSFWVSSYNEQF,1
TRBV20-1,TRBJ2-1,SASSTSGAFPLNNEQF,1
TRBV20-1,TRBJ2-1,SASSTSGALYNEQF,1
TRBV20-1,TRBJ2-1,SASSTSGARSYNEQF,1
TRBV20-1,TRBJ2-1,SASSTSGAYNEQF,2
TRBV20-1,TRBJ2-1,SASSTSGDFSSYNEQF,1
TRBV20-1,TRBJ2-1,SASSTSGDFYNEQF,1
TRBV20-1,TRBJ2-1,SASSTSGDYNEQF,2
TRBV20-1,TRBJ2-1,SASSTSGELSSYNEQF,1
TRBV20-1,TRBJ2-1,SASSTSGELYNEQF,1
TRBV20-1,TRBJ2-1,SASSTSGFNEQF,1
TRBV20-1,TRBJ2-1,SASSTSGFYNEQF,10
TRBV20-1,TRBJ2-1,SASSTSGGDYNEQF,4
TRBV20-1,TRBJ2-1,SASSTSGGGNEQF,1
TRBV20-1,TRBJ2-1,SASSTSGGHNEQF,3
TRBV20-1,TRBJ2-1,SASSTSGGIYNEQF,3
TRBV20-1,TRBJ2-1,SASSTSGGNEQF,1
TRBV20-1,TRBJ2-1,SASSTSGGTYNEQF,3
TRBV20-1,TRBJ2-1,SASSTSGGYNEQF,3
TRBV20-1,TRBJ2-1,SASSTSGHEQF,1
TRBV20-1,TRBJ2-1,SASSTSGIFDEQF,1
TRBV20-1,TRBJ2-1,SASSTSGIKNNEQF,1
TRBV20-1,TRBJ2-1,SASSTSGINEQF,2
TRBV20-1,TRBJ2-1,SASSTSGISYNEQF,1
TRBV20-1,TRBJ2-1,SASSTSGIYNEQF,1
TRBV20-1,TRBJ2-1,SASSTSGKNEQF,1
TRBV20-1,TRBJ2-1,SASSTSGKSYNEQF,1
TRBV20-1,TRBJ2-1,SASSTSGKVNEQF,1
TRBV20-1,TRBJ2-1,SASSTSGKWNEQF,1
TRBV20-1,TRBJ2-1,SASSTSGKYSYNEHF,1
TRBV20-1,TRBJ2-1,SASSTSGKYSYNEQF,7
TRBV20-1,TRBJ2-1,SASSTSGLGNEQF,1
TRBV20-1,TRBJ2-1,SASSTSGLNNEQF,1
TRBV20-1,TRBJ2-1,SASSTSGMSNEQF,1
TRBV20-1,TRBJ2-1,SASSTSGNEQF,6
TRBV20-1,TRBJ2-1,SASSTSGNNEQF,4
TRBV20-1,TRBJ2-1,SASSTSGPGNELF,1
TRBV20-1,TRBJ2-1,SASSTSGPGNEQF,5
TRBV20-1,TRBJ2-1,SASSTSGPLPYNEQF,1
TRBV20-1,TRBJ2-1,SASSTSGPSYNEQF,8
TRBV20-1,TRBJ2-1,SASSTSGPYGNEQF,1
TRBV20-1,TRBJ2-1,SASSTSGRAKNEQF,4
TRBV20-1,TRBJ2-1,SASSTSGRANEQF,3
TRBV20-1,TRBJ2-1,SASSTSGRARNEQF,3
TRBV20-1,TRBJ2-1,SASSTSGRARSNEQF,1
TRBV20-1,TRBJ2-1,SASSTSGRAYNEQF,1
TRBV20-1,TRBJ2-1,SASSTSGRDDEQF,1
TRBV20-1,TRBJ2-1,SASSTSGRDNEQF,5
TRBV20-1,TRBJ2-1,SASSTSGRDTEQF,1
TRBV20-1,TRBJ2-1,SASSTSGRFNDEQF,1
TRBV20-1,TRBJ2-1,SASSTSGRFNEQF,1
TRBV20-1,TRBJ2-1,SASSTSGRGDEQF,1
TRBV20-1,TRBJ2-1,SASSTSGRGEQF,2
TRBV20-1,TRBJ2-1,SASSTSGRGNEQF,2
TRBV20-1,TRBJ2-1,SASSTSGRGYNDQF,1
TRBV20-1,TRBJ2-1,SASSTSGRGYNEQF,12
TRBV20-1,TRBJ2-1,SASSTSGRHEQF,1
TRBV20-1,TRBJ2-1,SASSTSGRHYNEQF,1
TRBV20-1,TRBJ2-1,SASSTSGRLMGNEQF,1
TRBV20-1,TRBJ2-1,SASSTSGRLMNEQF,1
TRBV20-1,TRBJ2-1,SASSTSGRLSYNEQF,1
TRBV20-1,TRBJ2-1,SASSTSGRNEQF,2
TRBV20-1,TRBJ2-1,SASSTSGRSSYNEQF,1
TRBV20-1,TRBJ2-1,SASSTSGRTGEQF,4
TRBV20-1,TRBJ2-1,SASSTSGRVGNEQF,1
TRBV20-1,TRBJ2-1,SASSTSGRVNEQF,2
TRBV20-1,TRBJ2-1,SASSTSGRVYNEQF,1
TRBV20-1,TRBJ2-1,SASSTSGRWSSYNEQF,1
TRBV20-1,TRBJ2-1,SASSTSGRYHEQF,2
TRBV20-1,TRBJ2-1,SASSTSGRYNEQF,1
TRBV20-1,TRBJ2-1,SASSTSGSANEQF,1
TRBV20-1,TRBJ2-1,SASSTSGSFTYNEQF,1
TRBV20-1,TRBJ2-1,SASSTSGSHHSYNEQF,1
TRBV20-1,TRBJ2-1,SASSTSGSHKQNEQF,1
TRBV20-1,TRBJ2-1,SASSTSGSHNEQF,2
TRBV20-1,TRBJ2-1,SASSTSGSHYNEQF,6
TRBV20-1,TRBJ2-1,SASSTSGSLGEQF,1
TRBV20-1,TRBJ2-1,SASSTSGSLYEQF,1
TRBV20-1,TRBJ2-1,SASSTSGSNEQF,5
TRBV20-1,TRBJ2-1,SASSTSGSPLDNEQF,1
TRBV20-1,TRBJ2-1,SASSTSGSPYNEQF,3
TRBV20-1,TRBJ2-1,SASSTSGSSYNEQF,11
TRBV20-1,TRBJ2-1,SASSTSGSTSGDEQF,1
TRBV20-1,TRBJ2-1,SASSTSGSVNEQF,1
TRBV20-1,TRBJ2-1,SASSTSGSWDEQF,1
TRBV20-1,TRBJ2-1,SASSTSGSWYNEQF,1
TRBV20-1,TRBJ2-1,SASSTSGSYNEQF,6
TRBV20-1,TRBJ2-1,SASSTSGTHYNEQF,1
TRBV20-1,TRBJ2-1,SASSTSGTIYNEQF,1
TRBV20-1,TRBJ2-1,SASSTSGTNNEQF,2
TRBV20-1,TRBJ2-1,SASSTSGTSYNEQF,2
TRBV20-1,TRBJ2-1,SASSTSGTTYNEQF,1
TRBV20-1,TRBJ2-1,SASSTSGTYNEQF,11
TRBV20-1,TRBJ2-1,SASSTSGVDEQF,1
TRBV20-1,TRBJ2-1,SASSTSGVDNEQF,1
TRBV20-1,TRBJ2-1,SASSTSGVYNEQF,3
TRBV20-1,TRBJ2-1,SASSTSGYNEQF,4
TRBV20-1,TRBJ2-1,SASSTSGYSSYNEQF,2
TRBV20-1,TRBJ2-1,SASSTSHEQF,1
TRBV20-1,TRBJ2-1,SASSTSHNEQF,1
TRBV20-1,TRBJ2-1,SASSTSHPGNEQF,1
TRBV20-1,TRBJ2-1,SASSTSLGKF,6
TRBV20-1,TRBJ2-1,SASSTSLGRF,1
TRBV20-1,TRBJ2-1,SASSTSLNYNEQF,1
TRBV20-1,TRBJ2-1,SASSTSLTTNEQF,1
TRBV20-1,TRBJ2-1,SASSTSLYNEQF,1
TRBV20-1,TRBJ2-1,SASSTSNEQF,6
TRBV20-1,TRBJ2-1,SASSTSNYNEQF,1
TRBV20-1,TRBJ2-1,SASSTSPELATNEQF,1
TRBV20-1,TRBJ2-1,SASSTSPGVYEQF,1
TRBV20-1,TRBJ2-1,SASSTSQGNAQF,1
TRBV20-1,TRBJ2-1,SASSTSRALSYNEQF,1
TRBV20-1,TRBJ2-1,SASSTSRANEQF,1
TRBV20-1,TRBJ2-1,SASSTSRRNEQF,1
TRBV20-1,TRBJ2-1,SASSTSRRYNEQF,1
TRBV20-1,TRBJ2-1,SASSTSRSNEQF,2
TRBV20-1,TRBJ2-1,SASSTSRYNEQF,1
TRBV20-1,TRBJ2-1,SASSTSSGDEQF,1
TRBV20-1,TRBJ2-1,SASSTSSSYNEQF,1
TRBV20-1,TRBJ2-1,SASSTSSYNEQF,13
TRBV20-1,TRBJ2-1,SASSTSTSRNEQF,6
TRBV20-1,TRBJ2-1,SASSTSVGNHEQF,1
TRBV20-1,TRBJ2-1,SASSTSVNEQF,5
TRBV20-1,TRBJ2-1,SASSTSVSYNEQF,1
TRBV20-1,TRBJ2-1,SASSTSVVYNEQF,1
TRBV20-1,TRBJ2-1,SASSTSVYNEQF,1
TRBV20-1,TRBJ2-1,SASSTSWNEQF,1
TRBV20-1,TRBJ2-1,SASSTSYNEQF,4
TRBV20-1,TRBJ2-1,SASSTTAEQF,3
TRBV20-1,TRBJ2-1,SASSTTASYNEQF,1
TRBV20-1,TRBJ2-1,SASSTTDEQF,5
TRBV20-1,TRBJ2-1,SASSTTGQGYNEQF,1
TRBV20-1,TRBJ2-1,SASSTTGRALYNEQF,1
TRBV20-1,TRBJ2-1,SASSTTGRVNEQF,4
TRBV20-1,TRBJ2-1,SASSTTLPTNEQF,4
TRBV20-1,TRBJ2-1,SASSTTPGNEQF,1
TRBV20-1,TRBJ2-1,SASSTTRGNEQF,1
TRBV20-1,TRBJ2-1,SASSTTRLAGANEQF,7
TRBV20-1,TRBJ2-1,SASSTTRPYNEQF,1
TRBV20-1,TRBJ2-1,SASSTTRVGVYNEQF,1
TRBV20-1,TRBJ2-1,SASSTTSGPNNEQF,1
TRBV20-1,TRBJ2-1,SASSTTSGRANEQF,1
TRBV20-1,TRBJ2-1,SASSTTSGRFNEQF,1
TRBV20-1,TRBJ2-1,SASSTTSGRSHEQF,26
TRBV20-1,TRBJ2-1,SASSTTSGYYNEQF,2
TRBV20-1,TRBJ2-1,SASSTTSSYNEQF,1
TRBV20-1,TRBJ2-1,SASSTTVRLNEQF,1
TRBV20-1,TRBJ2-1,SASSTTYNEQF,1
TRBV20-1,TRBJ2-1,SASSTVAGRNEQF,1
TRBV20-1,TRBJ2-1,SASSTVHHEQF,1
TRBV20-1,TRBJ2-1,SASSTVHNEQF,1
TRBV20-1,TRBJ2-1,SASSTVNEQF,1
TRBV20-1,TRBJ2-1,SASSTVPAGNEQF,1
TRBV20-1,TRBJ2-1,SASSTVSSLANEQF,1
TRBV20-1,TRBJ2-1,SASSTVYEQF,1
TRBV20-1,TRBJ2-1,SASSTVYNEQF,8
TRBV20-1,TRBJ2-1,SASSTWNEQF,1
TRBV20-1,TRBJ2-1,SASSTWNNEQF,1
TRBV20-1,TRBJ2-1,SASSTWNSEQF,1
TRBV20-1,TRBJ2-1,SASSTYNEQF,8
TRBV20-1,TRBJ2-1,SASSTYVLALSYNEQF,4
TRBV20-1,TRBJ2-1,SASSVADEQF,1
TRBV20-1,TRBJ2-1,SASSVAETYNEQF,1
TRBV20-1,TRBJ2-1,SASSVAGAHEQF,1
TRBV20-1,TRBJ2-1,SASSVAGATYNEQF,1
TRBV20-1,TRBJ2-1,SASSVAGAYNEQF,1
TRBV20-1,TRBJ2-1,SASSVAGDLSSYNEQF,1
TRBV20-1,TRBJ2-1,SASSVAGDSNEQF,1
TRBV20-1,TRBJ2-1,SASSVAGDYNEQF,1
TRBV20-1,TRBJ2-1,SASSVAGGGSYNEQF,1
TRBV20-1,TRBJ2-1,SASSVAGGKTPYNEQF,1
TRBV20-1,TRBJ2-1,SASSVAGGLYNEQF,2
TRBV20-1,TRBJ2-1,SASSVAGGPFSNEQF,1
TRBV20-1,TRBJ2-1,SASSVAGGPSSYNEQF,1
TRBV20-1,TRBJ2-1,SASSVAGGRYNEQF,1
TRBV20-1,TRBJ2-1,SASSVAGGSYNEQF,2
TRBV20-1,TRBJ2-1,SASSVAGGWNEQF,1
TRBV20-1,TRBJ2-1,SASSVAGHNEQF,1
TRBV20-1,TRBJ2-1,SASSVAGINEQF,1
TRBV20-1,TRBJ2-1,SASSVAGIYNEQF,1
TRBV20-1,TRBJ2-1,SASSVAGNEQF,1
TRBV20-1,TRBJ2-1,SASSVAGNNEQF,1
TRBV20-1,TRBJ2-1,SASSVAGPSSYNEQF,1
TRBV20-1,TRBJ2-1,SASSVAGRNNEQF,2
TRBV20-1,TRBJ2-1,SASSVAGSSYNEQF,1
TRBV20-1,TRBJ2-1,SASSVAGSYNEQF,3
TRBV20-1,TRBJ2-1,SASSVAGTGNEQF,2
TRBV20-1,TRBJ2-1,SASSVAGTNEQF,1
TRBV20-1,TRBJ2-1,SASSVAGTSSYNEQF,1
TRBV20-1,TRBJ2-1,SASSVAGVEEQF,1
TRBV20-1,TRBJ2-1,SASSVAGVEVPYNEQF,1
TRBV20-1,TRBJ2-1,SASSVAGVGEQF,4
TRBV20-1,TRBJ2-1,SASSVAGVHEQF,1
TRBV20-1,TRBJ2-1,SASSVAGVHNEQF,1
TRBV20-1,TRBJ2-1,SASSVAGVLNEQF,1
TRBV20-1,TRBJ2-1,SASSVAGVSYNEQF,2
TRBV20-1,TRBJ2-1,SASSVAGVYNEQF,1
TRBV20-1,TRBJ2-1,SASSVAGYNEQF,1
TRBV20-1,TRBJ2-1,SASSVANEQF,1
TRBV20-1,TRBJ2-1,SASSVANNEQF,1
TRBV20-1,TRBJ2-1,SASSVAQVYNEQF,4
TRBV20-1,TRBJ2-1,SASSVARSKREILNEQF,1
TRBV20-1,TRBJ2-1,SASSVASAYNEQF,1
TRBV20-1,TRBJ2-1,SASSVASGLNEQF,1
TRBV20-1,TRBJ2-1,SASSVASGSWDEQF,1
TRBV20-1,TRBJ2-1,SASSVAVSSYNEQF,1
TRBV20-1,TRBJ2-1,SASSVAVSYNEQF,1
TRBV20-1,TRBJ2-1,SASSVAYNEQF,1
TRBV20-1,TRBJ2-1,SASSVDEQF,7
TRBV20-1,TRBJ2-1,SASSVDGSYNEQF,1
TRBV20-1,TRBJ2-1,SASSVDNEQF,2
TRBV20-1,TRBJ2-1,SASSVDRGKNEQF,1
TRBV20-1,TRBJ2-1,SASSVDSYNEQF,1
TRBV20-1,TRBJ2-1,SASSVDWENIYNEQF,2
TRBV20-1,TRBJ2-1,SASSVEGHAYNEQF,1
TRBV20-1,TRBJ2-1,SASSVEHEQF,7
TRBV20-1,TRBJ2-1,SASSVEQF,1
TRBV20-1,TRBJ2-1,SASSVFAGQGKGNEQF,1
TRBV20-1,TRBJ2-1,SASSVFNEQF,1
TRBV20-1,TRBJ2-1,SASSVFSSYNEQF,1
TRBV20-1,TRBJ2-1,SASSVFVTSGLGRNEQF,1
TRBV20-1,TRBJ2-1,SASSVGAGSSYNEQF,1
TRBV20-1,TRBJ2-1,SASSVGASGRNEQF,1
TRBV20-1,TRBJ2-1,SASSVGASVLYNEQF,1
TRBV20-1,TRBJ2-1,SASSVGASYNEQF,1
TRBV20-1,TRBJ2-1,SASSVGDEQF,3
TRBV20-1,TRBJ2-1,SASSVGDLSGSSYNEQF,1
TRBV20-1,TRBJ2-1,SASSVGDRGPLQYNEQF,1
TRBV20-1,TRBJ2-1,SASSVGDSSYNEQF,1
TRBV20-1,TRBJ2-1,SASSVGDSYNEQF,1
TRBV20-1,TRBJ2-1,SASSVGETVNEQF,1
TRBV20-1,TRBJ2-1,SASSVGEVRDEQF,1
TRBV20-1,TRBJ2-1,SASSVGGGAFNEQF,2
TRBV20-1,TRBJ2-1,SASSVGGGIYNEQF,1
TRBV20-1,TRBJ2-1,SASSVGGHNEQF,20
TRBV20-1,TRBJ2-1,SASSVGGIKLNEQF,1
TRBV20-1,TRBJ2-1,SASSVGGLRNEQF,1
TRBV20-1,TRBJ2-1,SASSVGGLTGRMNEQF,2
TRBV20-1,TRBJ2-1,SASSVGGPRNEQF,1
TRBV20-1,TRBJ2-1,SASSVGGRGLAGGVRSYNEQF,7
TRBV20-1,TRBJ2-1,SASSVGGRHNEQF,1
TRBV20-1,TRBJ2-1,SASSVGGSMYNEQF,6
TRBV20-1,TRBJ2-1,SASSVGGSSYNEQF,1
TRBV20-1,TRBJ2-1,SASSVGHEQF,1
TRBV20-1,TRBJ2-1,SASSVGHNEQF,1
TRBV20-1,TRBJ2-1,SASSVGHSDEQF,1
TRBV20-1,TRBJ2-1,SASSVGKNYNEQF,7
TRBV20-1,TRBJ2-1,SASSVGLADNEQF,1
TRBV20-1,TRBJ2-1,SASSVGLAESSYNEQF,1
TRBV20-1,TRBJ2-1,SASSVGLAGVWNEQF,3
TRBV20-1,TRBJ2-1,SASSVGLGDNEQF,6
TRBV20-1,TRBJ2-1,SASSVGLGNEQF,3
TRBV20-1,TRBJ2-1,SASSVGLQF,1
TRBV20-1,TRBJ2-1,SASSVGLWNEQF,1
TRBV20-1,TRBJ2-1,SASSVGNEQF,1
TRBV20-1,TRBJ2-1,SASSVGPYNEQF,1
TRBV20-1,TRBJ2-1,SASSVGQGARGEQF,1
TRBV20-1,TRBJ2-1,SASSVGRHSYNEQF,1
TRBV20-1,TRBJ2-1,SASSVGRRSSYNEQF,1
TRBV20-1,TRBJ2-1,SASSVGRSYEQF,1
TRBV20-1,TRBJ2-1,SASSVGRSYNEQF,1
TRBV20-1,TRBJ2-1,SASSVGSFLNEQF,1
TRBV20-1,TRBJ2-1,SASSVGSGGRSYNEQF,1
TRBV20-1,TRBJ2-1,SASSVGSGLDEQF,1
TRBV20-1,TRBJ2-1,SASSVGSGVSSYNEQF,1
TRBV20-1,TRBJ2-1,SASSVGSSYNEQF,2
TRBV20-1,TRBJ2-1,SASSVGSYNEQF,1
TRBV20-1,TRBJ2-1,SASSVGTGTYNEQF,1
TRBV20-1,TRBJ2-1,SASSVGTSGRVVNEQF,1
TRBV20-1,TRBJ2-1,SASSVGTSSYNEQF,1
TRBV20-1,TRBJ2-1,SASSVGTSYNEQF,1
TRBV20-1,TRBJ2-1,SASSVGTTTYNEQF,1
TRBV20-1,TRBJ2-1,SASSVGTYNEQF,1
TRBV20-1,TRBJ2-1,SASSVGVGYNEQF,4
TRBV20-1,TRBJ2-1,SASSVGVNEQF,2
TRBV20-1,TRBJ2-1,SASSVGVTYNEQF,1
TRBV20-1,TRBJ2-1,SASSVGVYNEQF,2
TRBV20-1,TRBJ2-1,SASSVGWEQF,1
TRBV20-1,TRBJ2-1,SASSVGYNEQF,2
TRBV20-1,TRBJ2-1,SASSVGYSSYNEQF,1
TRBV20-1,TRBJ2-1,SASSVHEQF,5
TRBV20-1,TRBJ2-1,SASSVHNEQF,1
TRBV20-1,TRBJ2-1,SASSVIAAINEQF,3
TRBV20-1,TRBJ2-1,SASSVIGNEQF,2
TRBV20-1,TRBJ2-1,SASSVISGAYNEQF,1
TRBV20-1,TRBJ2-1,SASSVIVIVSVDEQF,1
TRBV20-1,TRBJ2-1,SASSVIVYNEQF,1
TRBV20-1,TRBJ2-1,SASSVIYNEQF,1
TRBV20-1,TRBJ2-1,SASSVKENEQF,1
TRBV20-1,TRBJ2-1,SASSVKGGRLNEQF,1
TRBV20-1,TRBJ2-1,SASSVKGTSGRADEQF,1
TRBV20-1,TRBJ2-1,SASSVKLGENEQF,1
TRBV20-1,TRBJ2-1,SASSVKLGENTQF,1
TRBV20-1,TRBJ2-1,SASSVKTYNEQF,1
TRBV20-1,TRBJ2-1,SASSVLAEYNEQF,1
TRBV20-1,TRBJ2-1,SASSVLAGGLSYNEQF,1
TRBV20-1,TRBJ2-1,SASSVLAGGRNEQF,1
TRBV20-1,TRBJ2-1,SASSVLAGGRSYNEQF,1
TRBV20-1,TRBJ2-1,SASSVLAGGVNEQF,1
TRBV20-1,TRBJ2-1,SASSVLAGSSYNEQF,1
TRBV20-1,TRBJ2-1,SASSVLAGYNEHF,1
TRBV20-1,TRBJ2-1,SASSVLAGYNEQC,1
TRBV20-1,TRBJ2-1,SASSVLAGYNEQF,55
TRBV20-1,TRBJ2-1,SASSVLAGYTEQF,1
TRBV20-1,TRBJ2-1,SASSVLANAHNEQF,1
TRBV20-1,TRBJ2-1,SASSVLDGSYNEQF,1
TRBV20-1,TRBJ2-1,SASSVLEPSYNEQF,1
TRBV20-1,TRBJ2-1,SASSVLETSGTLYNEQF,1
TRBV20-1,TRBJ2-1,SASSVLGDEQF,1
TRBV20-1,TRBJ2-1,SASSVLGGAYNEQF,1
TRBV20-1,TRBJ2-1,SASSVLGGSGLAGGPVNEQF,5
TRBV20-1,TRBJ2-1,SASSVLGLDEQF,1
TRBV20-1,TRBJ2-1,SASSVLGVEQF,1
TRBV20-1,TRBJ2-1,SASSVLIKNEQF,1
TRBV20-1,TRBJ2-1,SASSVLLVLLNEQF,1
TRBV20-1,TRBJ2-1,SASSVLPHDEQF,1
TRBV20-1,TRBJ2-1,SASSVLPHNEQF,5
TRBV20-1,TRBJ2-1,SASSVLRAGLSYNEQF,1
TRBV20-1,TRBJ2-1,SASSVLSGTSYNEQF,1
TRBV20-1,TRBJ2-1,SASSVLSHVGNEQF,1
TRBV20-1,TRBJ2-1,SASSVLSYNEQF,1
TRBV20-1,TRBJ2-1,SASSVLTRGIVGYNEQF,1
TRBV20-1,TRBJ2-1,SASSVLVYNEQF,10
TRBV20-1,TRBJ2-1,SASSVMGGSYNEQF,1
TRBV20-1,TRBJ2-1,SASSVMGYNEQF,1
TRBV20-1,TRBJ2-1,SASSVMNEQF,1
TRBV20-1,TRBJ2-1,SASSVNEQF,17
TRBV20-1,TRBJ2-1,SASSVNGFNEQF,1
TRBV20-1,TRBJ2-1,SASSVNHGRVDEQF,1
TRBV20-1,TRBJ2-1,SASSVNNEQF,11
TRBV20-1,TRBJ2-1,SASSVNRRLNEQF,1
TRBV20-1,TRBJ2-1,SASSVNSYNEQF,4
TRBV20-1,TRBJ2-1,SASSVNSYNVQF,1
TRBV20-1,TRBJ2-1,SASSVNYNEQF,1
TRBV20-1,TRBJ2-1,SASSVPAGGLSYNEQF,1
TRBV20-1,TRBJ2-1,SASSVPEQF,6
TRBV20-1,TRBJ2-1,SASSVPGNEQF,4
TRBV20-1,TRBJ2-1,SASSVPPSNEQF,1
TRBV20-1,TRBJ2-1,SASSVPSGNEQF,1
TRBV20-1,TRBJ2-1,SASSVPVGDEQF,1
TRBV20-1,TRBJ2-1,SASSVPVSYNEQF,1
TRBV20-1,TRBJ2-1,SASSVPVTLIHHNEQF,1
TRBV20-1,TRBJ2-1,SASSVPYNEQF,2
TRBV20-1,TRBJ2-1,SASSVQASSYNEQF,1
TRBV20-1,TRBJ2-1,SASSVQGGWGNEQF,1
TRBV20-1,TRBJ2-1,SASSVQGGYNEQF,11
TRBV20-1,TRBJ2-1,SASSVQGPDLEF,1
TRBV20-1,TRBJ2-1,SASSVQGSSYNEQF,1
TRBV20-1,TRBJ2-1,SASSVQGVYNEQF,1
TRBV20-1,TRBJ2-1,SASSVQKFYNEQF,1
TRBV20-1,TRBJ2-1,SASSVQPQDNEQF,4
TRBV20-1,TRBJ2-1,SASSVQVRSYNEQF,5
TRBV20-1,TRBJ2-1,SASSVRAGESNEQF,1
TRBV20-1,TRBJ2-1,SASSVRASYNEQF,2
TRBV20-1,TRBJ2-1,SASSVRDEQF,1
TRBV20-1,TRBJ2-1,SASSVREDDEQF,1
TRBV20-1,TRBJ2-1,SASSVREGSASYNEQF,1
TRBV20-1,TRBJ2-1,SASSVRERQF,16
TRBV20-1,TRBJ2-1,SASSVRERSSYNEQF,1
TRBV20-1,TRBJ2-1,SASSVRESNEQF,1
TRBV20-1,TRBJ2-1,SASSVREVLNNEQF,1
TRBV20-1,TRBJ2-1,SASSVREYYNEQF,1
TRBV20-1,TRBJ2-1,SASSVRGNYNEQF,2
TRBV20-1,TRBJ2-1,SASSVRGYNEQF,3
TRBV20-1,TRBJ2-1,SASSVRLAVYNEQF,1
TRBV20-1,TRBJ2-1,SASSVRNEQF,6
TRBV20-1,TRBJ2-1,SASSVRPQHNEQF,1
TRBV20-1,TRBJ2-1,SASSVRSSSYNEQF,1
TRBV20-1,TRBJ2-1,SASSVRSYNEQF,4
TRBV20-1,TRBJ2-1,SASSVRTKSHEQF,1
TRBV20-1,TRBJ2-1,SASSVRVGGFTEQF,4
TRBV20-1,TRBJ2-1,SASSVRVSSYNEQF,2
TRBV20-1,TRBJ2-1,SASSVSAEAYNEQF,1
TRBV20-1,TRBJ2-1,SASSVSEPYNEQF,1
TRBV20-1,TRBJ2-1,SASSVSGAYNEQF,1
TRBV20-1,TRBJ2-1,SASSVSGFDEQF,1
TRBV20-1,TRBJ2-1,SASSVSGFIEQF,1
TRBV20-1,TRBJ2-1,SASSVSGFNEPF,1
TRBV20-1,TRBJ2-1,SASSVSGFNEQC,2
TRBV20-1,TRBJ2-1,SASSVSGFNEQF,27
TRBV20-1,TRBJ2-1,SASSVSGGAYNEQF,4
TRBV20-1,TRBJ2-1,SASSVSGRHSSYNEQF,2
TRBV20-1,TRBJ2-1,SASSVSGSSYNEQF,4
TRBV20-1,TRBJ2-1,SASSVSGSYNEQF,2
TRBV20-1,TRBJ2-1,SASSVSGVAYNEQF,1
TRBV20-1,TRBJ2-1,SASSVSGYNEQF,1
TRBV20-1,TRBJ2-1,SASSVSKINEQF,1
TRBV20-1,TRBJ2-1,SASSVSLSYNEQF,2
TRBV20-1,TRBJ2-1,SASSVSMLANNEQF,1
TRBV20-1,TRBJ2-1,SASSVSNEQF,5
TRBV20-1,TRBJ2-1,SASSVSPGRNEQF,3
TRBV20-1,TRBJ2-1,SASSVSRYNEQF,1
TRBV20-1,TRBJ2-1,SASSVSSYNEQF,14
TRBV20-1,TRBJ2-1,SASSVSWEVVYNEQF,1
TRBV20-1,TRBJ2-1,SASSVSYNEQF,11
TRBV20-1,TRBJ2-1,SASSVTANEQF,1
TRBV20-1,TRBJ2-1,SASSVTGAANEQF,1
TRBV20-1,TRBJ2-1,SASSVTGANEQF,1
TRBV20-1,TRBJ2-1,SASSVTIYNEQF,1
TRBV20-1,TRBJ2-1,SASSVTNSYNEQF,1
TRBV20-1,TRBJ2-1,SASSVTRPYNEQF,1
TRBV20-1,TRBJ2-1,SASSVTRYHNEQF,1
TRBV20-1,TRBJ2-1,SASSVTSFYNEQF,1
TRBV20-1,TRBJ2-1,SASSVTSGHLNEQF,1
TRBV20-1,TRBJ2-1,SASSVTSGSFNEQF,1
TRBV20-1,TRBJ2-1,SASSVTSGYNEQF,1
TRBV20-1,TRBJ2-1,SASSVTSSYNEQF,1
TRBV20-1,TRBJ2-1,SASSVTYNEQF,2
TRBV20-1,TRBJ2-1,SASSVVAGGRSYNEQF,1
TRBV20-1,TRBJ2-1,SASSVVAGYNEQF,1
TRBV20-1,TRBJ2-1,SASSVVDYYNEQF,1
TRBV20-1,TRBJ2-1,SASSVVFNEQF,3
TRBV20-1,TRBJ2-1,SASSVVGSDEQF,1
TRBV20-1,TRBJ2-1,SASSVVGYNEQF,1
TRBV20-1,TRBJ2-1,SASSVVNEQF,1
TRBV20-1,TRBJ2-1,SASSVVRAPDNEQF,1
TRBV20-1,TRBJ2-1,SASSVVSRNEQF,1
TRBV20-1,TRBJ2-1,SASSVVTGLTNEQF,1
TRBV20-1,TRBJ2-1,SASSVVTSGKSYNEQF,2
TRBV20-1,TRBJ2-1,SASSVVVNEQF,2
TRBV20-1,TRBJ2-1,SASSVVWINEQF,1
TRBV20-1,TRBJ2-1,SASSVWADSYNEQF,6
TRBV20-1,TRBJ2-1,SASSVWAYNEQF,1
TRBV20-1,TRBJ2-1,SASSVWEIHYNEQF,1
TRBV20-1,TRBJ2-1,SASSVWGLYNEQF,1
TRBV20-1,TRBJ2-1,SASSVWTSPPGLDNEQF,1
TRBV20-1,TRBJ2-1,SASSVYAWYNEQF,1
TRBV20-1,TRBJ2-1,SASSVYEQF,2
TRBV20-1,TRBJ2-1,SASSVYEVRGHVDEQF,1
TRBV20-1,TRBJ2-1,SASSVYKNNEQF,1
TRBV20-1,TRBJ2-1,SASSVYNEQF,3
TRBV20-1,TRBJ2-1,SASSVYTPYNEQF,3
TRBV20-1,TRBJ2-1,SASSWAGDNEQF,1
TRBV20-1,TRBJ2-1,SASSWAGGSYNEQF,1
TRBV20-1,TRBJ2-1,SASSWAGRAVNEQF,1
TRBV20-1,TRBJ2-1,SASSWAGSDSYEQF,1
TRBV20-1,TRBJ2-1,SASSWAGSYNEQF,1
TRBV20-1,TRBJ2-1,SASSWAGYNEQF,2
TRBV20-1,TRBJ2-1,SASSWAHYNEQF,1
TRBV20-1,TRBJ2-1,SASSWALAGEQF,3
TRBV20-1,TRBJ2-1,SASSWANEQF,1
TRBV20-1,TRBJ2-1,SASSWAVINEQF,1
TRBV20-1,TRBJ2-1,SASSWAYNEQF,2
TRBV20-1,TRBJ2-1,SASSWDFEVHNEQF,1
TRBV20-1,TRBJ2-1,SASSWDNNEQF,1
TRBV20-1,TRBJ2-1,SASSWDRDYNEQF,1
TRBV20-1,TRBJ2-1,SASSWDRGSNEQF,1
TRBV20-1,TRBJ2-1,SASSWDRKYNEQF,1
TRBV20-1,TRBJ2-1,SASSWDRNEQF,1
TRBV20-1,TRBJ2-1,SASSWDRPTDEQF,1
TRBV20-1,TRBJ2-1,SASSWDRQGDEQF,6
TRBV20-1,TRBJ2-1,SASSWDRSSYNEQF,1
TRBV20-1,TRBJ2-1,SASSWDRVDNEQF,1
TRBV20-1,TRBJ2-1,SASSWDYRDNEQF,1
TRBV20-1,TRBJ2-1,SASSWEANEQF,1
TRBV20-1,TRBJ2-1,SASSWEDEQF,11
TRBV20-1,TRBJ2-1,SASSWEEQF,1
TRBV20-1,TRBJ2-1,SASSWEGLDEQF,2
TRBV20-1,TRBJ2-1,SASSWEGLMNEQF,1
TRBV20-1,TRBJ2-1,SASSWEGRTDEQF,1
TRBV20-1,TRBJ2-1,SASSWEGSSYNEQF,1
TRBV20-1,TRBJ2-1,SASSWEKGYNEQF,1
TRBV20-1,TRBJ2-1,SASSWERERDEQF,1
TRBV20-1,TRBJ2-1,SASSWERHNEQF,1
TRBV20-1,TRBJ2-1,SASSWESSYNEQF,2
TRBV20-1,TRBJ2-1,SASSWEVAGEFSYNEQF,8
TRBV20-1,TRBJ2-1,SASSWFDYNEQF,1
TRBV20-1,TRBJ2-1,SASSWGAGGDEQF,1
TRBV20-1,TRBJ2-1,SASSWGANNEQF,1
TRBV20-1,TRBJ2-1,SASSWGAYNEQF,1
TRBV20-1,TRBJ2-1,SASSWGDNEQF,1
TRBV20-1,TRBJ2-1,SASSWGEKPYNEQF,1
TRBV20-1,TRBJ2-1,SASSWGETYNEQF,1
TRBV20-1,TRBJ2-1,SASSWGGDNEQF,1
TRBV20-1,TRBJ2-1,SASSWGGEQF,2
TRBV20-1,TRBJ2-1,SASSWGGSWNEQF,2
TRBV20-1,TRBJ2-1,SASSWGGYNEQF,5
TRBV20-1,TRBJ2-1,SASSWGIPSLNNEQF,1
TRBV20-1,TRBJ2-1,SASSWGKSNNEQF,1
TRBV20-1,TRBJ2-1,SASSWGLAGGEYNEQF,1
TRBV20-1,TRBJ2-1,SASSWGLAGGNEQF,1
TRBV20-1,TRBJ2-1,SASSWGLAGKDEQF,1
TRBV20-1,TRBJ2-1,SASSWGLEYNEQF,8
TRBV20-1,TRBJ2-1,SASSWGNEPF,2
TRBV20-1,TRBJ2-1,SASSWGNEQF,31
TRBV20-1,TRBJ2-1,SASSWGNERF,2
TRBV20-1,TRBJ2-1,SASSWGPSDEQF,1
TRBV20-1,TRBJ2-1,SASSWGQGGYNEQF,2
TRBV20-1,TRBJ2-1,SASSWGQPNNEQF,1
TRBV20-1,TRBJ2-1,SASSWGRGNEQF,8
TRBV20-1,TRBJ2-1,SASSWGRGNSYNEQF,1
TRBV20-1,TRBJ2-1,SASSWGRGSDHEQF,5
TRBV20-1,TRBJ2-1,SASSWGRNEQF,1
TRBV20-1,TRBJ2-1,SASSWGRSNEQF,4
TRBV20-1,TRBJ2-1,SASSWGSASYNEQF,2
TRBV20-1,TRBJ2-1,SASSWGSGEGNEQF,1
TRBV20-1,TRBJ2-1,SASSWGSGGYNEQF,2
TRBV20-1,TRBJ2-1,SASSWGSSYNEQF,6
TRBV20-1,TRBJ2-1,SASSWGTREGSYNEQF,1
TRBV20-1,TRBJ2-1,SASSWGTSESYNEQF,1
TRBV20-1,TRBJ2-1,SASSWGTSYNEQF,2
TRBV20-1,TRBJ2-1,SASSWGTTKDEQF,1
TRBV20-1,TRBJ2-1,SASSWGTTYNEQF,1
TRBV20-1,TRBJ2-1,SASSWGWVDEQF,1
TRBV20-1,TRBJ2-1,SASSWIEGREGLYNEQF,1
TRBV20-1,TRBJ2-1,SASSWLAGDEQF,1
TRBV20-1,TRBJ2-1,SASSWLAGGGEQF,1
TRBV20-1,TRBJ2-1,SASSWLAGGGEQS,1
TRBV20-1,TRBJ2-1,SASSWLAGGSYNEQF,2
TRBV20-1,TRBJ2-1,SASSWLAGINEQF,1
TRBV20-1,TRBJ2-1,SASSWLAGRSSYNEQF,1
TRBV20-1,TRBJ2-1,SASSWLARMNEQF,1
TRBV20-1,TRBJ2-1,SASSWLGSYNEQF,1
TRBV20-1,TRBJ2-1,SASSWLGTDEQF,1
TRBV20-1,TRBJ2-1,SASSWLQNDDEQF,1
TRBV20-1,TRBJ2-1,SASSWMVAGRGNEQF,1
TRBV20-1,TRBJ2-1,SASSWNEQF,4
TRBV20-1,TRBJ2-1,SASSWNNEQF,1
TRBV20-1,TRBJ2-1,SASSWPHNEQF,1
TRBV20-1,TRBJ2-1,SASSWQGSNEQF,1
TRBV20-1,TRBJ2-1,SASSWQGVVDEQF,1
TRBV20-1,TRBJ2-1,SASSWQSSYNEQF,1
TRBV20-1,TRBJ2-1,SASSWRDSARNEQF,3
TRBV20-1,TRBJ2-1,SASSWREGDEQF,1
TRBV20-1,TRBJ2-1,SASSWREKHNEQF,1
TRBV20-1,TRBJ2-1,SASSWRELFSYNEQF,1
TRBV20-1,TRBJ2-1,SASSWRESGYNEQF,1
TRBV20-1,TRBJ2-1,SASSWRGGPYNEQF,1
TRBV20-1,TRBJ2-1,SASSWRGIGHEQF,1
TRBV20-1,TRBJ2-1,SASSWRGPYNEQF,1
TRBV20-1,TRBJ2-1,SASSWRGRAYNEQF,1
TRBV20-1,TRBJ2-1,SASSWRGSSYNEQF,2
TRBV20-1,TRBJ2-1,SASSWRGYNEQF,1
TRBV20-1,TRBJ2-1,SASSWRHYNEQF,24
TRBV20-1,TRBJ2-1,SASSWRNEQF,1
TRBV20-1,TRBJ2-1,SASSWRRSSYNEQF,1
TRBV20-1,TRBJ2-1,SASSWRSSYNEQF,1
TRBV20-1,TRBJ2-1,SASSWRSYHEQF,1
TRBV20-1,TRBJ2-1,SASSWRSYNEQF,20
TRBV20-1,TRBJ2-1,SASSWRSYTEQF,1
TRBV20-1,TRBJ2-1,SASSWSDSYNEQF,5
TRBV20-1,TRBJ2-1,SASSWSGGINEQF,1
TRBV20-1,TRBJ2-1,SASSWSSEDEQF,1
TRBV20-1,TRBJ2-1,SASSWSSGSYNEQF,1
TRBV20-1,TRBJ2-1,SASSWSSYNEQF,10
TRBV20-1,TRBJ2-1,SASSWSYNEQF,14
TRBV20-1,TRBJ2-1,SASSWTGDNEQF,5
TRBV20-1,TRBJ2-1,SASSWTGGFYNEQF,1
TRBV20-1,TRBJ2-1,SASSWTGGNEQF,1
TRBV20-1,TRBJ2-1,SASSWTGGSYNEQF,1
TRBV20-1,TRBJ2-1,SASSWTGIDEQF,1
TRBV20-1,TRBJ2-1,SASSWTLYNEQF,2
TRBV20-1,TRBJ2-1,SASSWTMSSYNEQF,1
TRBV20-1,TRBJ2-1,SASSWTPDLFLGNEQF,2
TRBV20-1,TRBJ2-1,SASSWTSANEQF,1
TRBV20-1,TRBJ2-1,SASSWTSGDYNEQF,1
TRBV20-1,TRBJ2-1,SASSWTSGGYNEQF,2
TRBV20-1,TRBJ2-1,SASSWTSGISPSYNEQF,1
TRBV20-1,TRBJ2-1,SASSWTSGLLYNEQF,1
TRBV20-1,TRBJ2-1,SASSWTSGNNEQF,1
TRBV20-1,TRBJ2-1,SASSWTSGRAYNEQF,1
TRBV20-1,TRBJ2-1,SASSWTSGRNEQF,1
TRBV20-1,TRBJ2-1,SASSWTSGSRYNEQF,1
TRBV20-1,TRBJ2-1,SASSWTSGSYNEQF,2
TRBV20-1,TRBJ2-1,SASSWTSGWYNEQF,1
TRBV20-1,TRBJ2-1,SASSWTSGYNEQF,2
TRBV20-1,TRBJ2-1,SASSWTSSYDEQF,1
TRBV20-1,TRBJ2-1,SASSWTSSYNEQF,4
TRBV20-1,TRBJ2-1,SASSWTSVSNEQF,1
TRBV20-1,TRBJ2-1,SASSWTVDRNEQF,8
TRBV20-1,TRBJ2-1,SASSWTYNEQF,1
TRBV20-1,TRBJ2-1,SASSWTYSYNEQF,1
TRBV20-1,TRBJ2-1,SASSWVAGSSYNEQF,1
TRBV20-1,TRBJ2-1,SASSWVAGWNEQF,1
TRBV20-1,TRBJ2-1,SASSWVEGGPHNEQF,1
TRBV20-1,TRBJ2-1,SASSWVGGYNEQF,1
TRBV20-1,TRBJ2-1,SASSWVGSGYNEQF,10
TRBV20-1,TRBJ2-1,SASSWVGYNEQF,1
TRBV20-1,TRBJ2-1,SASSWVRGNEQF,1
TRBV20-1,TRBJ2-1,SASSWVYEQF,1
TRBV20-1,TRBJ2-1,SASSWWGSGYNEQF,1
TRBV20-1,TRBJ2-1,SASSWWPSYNEQF,1
TRBV20-1,TRBJ2-1,SASSYAEREAHEQF,1
TRBV20-1,TRBJ2-1,SASSYAGGAYNEQF,1
TRBV20-1,TRBJ2-1,SASSYAGGINYNEQF,1
TRBV20-1,TRBJ2-1,SASSYAGSSYNEQF,1
TRBV20-1,TRBJ2-1,SASSYAKRGGPRDSYNEQF,1
TRBV20-1,TRBJ2-1,SASSYAQGLTYNEQF,1
TRBV20-1,TRBJ2-1,SASSYDEQF,1
TRBV20-1,TRBJ2-1,SASSYDNEQF,1
TRBV20-1,TRBJ2-1,SASSYEAVSYNEQF,1
TRBV20-1,TRBJ2-1,SASSYEGAENEQF,1
TRBV20-1,TRBJ2-1,SASSYEGFRTYNEQF,1
TRBV20-1,TRBJ2-1,SASSYELGSGYNEQF,1
TRBV20-1,TRBJ2-1,SASSYEQF,14
TRBV20-1,TRBJ2-1,SASSYFYNEQF,1
TRBV20-1,TRBJ2-1,SASSYGDNEQF,1
TRBV20-1,TRBJ2-1,SASSYGGDASYNEQF,1
TRBV20-1,TRBJ2-1,SASSYGGDNEQF,1
TRBV20-1,TRBJ2-1,SASSYGGGADEQF,1
TRBV20-1,TRBJ2-1,SASSYGGRSYNEQF,2
TRBV20-1,TRBJ2-1,SASSYGGSDNEQF,1
TRBV20-1,TRBJ2-1,SASSYGGSSYNEQF,1
TRBV20-1,TRBJ2-1,SASSYGGTGLNEQF,1
TRBV20-1,TRBJ2-1,SASSYGGVNEQF,1
TRBV20-1,TRBJ2-1,SASSYGLAAEDEQF,1
TRBV20-1,TRBJ2-1,SASSYGNYNEQF,1
TRBV20-1,TRBJ2-1,SASSYGQASSYNEQF,1
TRBV20-1,TRBJ2-1,SASSYGRLSHNEQF,1
TRBV20-1,TRBJ2-1,SASSYGTPDNEQF,1
TRBV20-1,TRBJ2-1,SASSYGTSGSWNEQF,1
TRBV20-1,TRBJ2-1,SASSYGTSGTRNEQF,1
TRBV20-1,TRBJ2-1,SASSYGTSVYNEQF,1
TRBV20-1,TRBJ2-1,SASSYGTVYNEQF,1
TRBV20-1,TRBJ2-1,SASSYGYNEQF,2
TRBV20-1,TRBJ2-1,SASSYHNEQF,1
TRBV20-1,TRBJ2-1,SASSYIYNEQF,3
TRBV20-1,TRBJ2-1,SASSYKTYNEQF,1
TRBV20-1,TRBJ2-1,SASSYLAGGAYNEQF,1
TRBV20-1,TRBJ2-1,SASSYLAGGPPQDEQF,1
TRBV20-1,TRBJ2-1,SASSYLAGKYNEQF,1
TRBV20-1,TRBJ2-1,SASSYLAGVYNEQF,1
TRBV20-1,TRBJ2-1,SASSYLALTYNEQF,1
TRBV20-1,TRBJ2-1,SASSYLGGNEQF,1
TRBV20-1,TRBJ2-1,SASSYLGGYNEQF,1
TRBV20-1,TRBJ2-1,SASSYLGLAGDEQF,1
TRBV20-1,TRBJ2-1,SASSYLGPDEQF,1
TRBV20-1,TRBJ2-1,SASSYLYNEQF,2
TRBV20-1,TRBJ2-1,SASSYMGLAGVNEQF,1
TRBV20-1,TRBJ2-1,SASSYNEQF,155
TRBV20-1,TRBJ2-1,SASSYNMQL,1
TRBV20-1,TRBJ2-1,SASSYPGLAVYNEQF,1
TRBV20-1,TRBJ2-1,SASSYPPTLAGHNEQF,5
TRBV20-1,TRBJ2-1,SASSYPSYNEQF,11
TRBV20-1,TRBJ2-1,SASSYPTGSSYNEQF,1
TRBV20-1,TRBJ2-1,SASSYPTNYNEQF,1
TRBV20-1,TRBJ2-1,SASSYPYNEQF,1
TRBV20-1,TRBJ2-1,SASSYQASGTINEQF,1
TRBV20-1,TRBJ2-1,SASSYQLLHNEQF,1
TRBV20-1,TRBJ2-1,SASSYQLSYNEQF,1
TRBV20-1,TRBJ2-1,SASSYQRGPYNEQF,1
TRBV20-1,TRBJ2-1,SASSYRDSPYNEQF,2
TRBV20-1,TRBJ2-1,SASSYRDTNEQF,1
TRBV20-1,TRBJ2-1,SASSYRELYNEQF,1
TRBV20-1,TRBJ2-1,SASSYRGRNNEQF,2
TRBV20-1,TRBJ2-1,SASSYRGRSQDNEQF,1
TRBV20-1,TRBJ2-1,SASSYRLAVTYNEQF,1
TRBV20-1,TRBJ2-1,SASSYRLNEQF,1
TRBV20-1,TRBJ2-1,SASSYSAPGNEQF,1
TRBV20-1,TRBJ2-1,SASSYSAYNEQF,1
TRBV20-1,TRBJ2-1,SASSYSGLAGYEQF,1
TRBV20-1,TRBJ2-1,SASSYSGPAGTYNEQF,1
TRBV20-1,TRBJ2-1,SASSYSGPGDEQF,1
TRBV20-1,TRBJ2-1,SASSYSGPGNEQF,1
TRBV20-1,TRBJ2-1,SASSYSGRADTYNEQF,1
TRBV20-1,TRBJ2-1,SASSYSGRGIPYNEQF,1
TRBV20-1,TRBJ2-1,SASSYSGRIYNEQF,1
TRBV20-1,TRBJ2-1,SASSYSGSHNEQF,2
TRBV20-1,TRBJ2-1,SASSYSGSSYNEQF,4
TRBV20-1,TRBJ2-1,SASSYSGTSGSYNEQF,5
TRBV20-1,TRBJ2-1,SASSYSLAGANEQF,1
TRBV20-1,TRBJ2-1,SASSYSPGNEQF,1
TRBV20-1,TRBJ2-1,SASSYSYNEQF,3
TRBV20-1,TRBJ2-1,SASSYTEGFWDNEQF,1
TRBV20-1,TRBJ2-1,SASSYTGLAVGNEQF,2
TRBV20-1,TRBJ2-1,SASSYTGTSGYNEQF,1
TRBV20-1,TRBJ2-1,SASSYTGVNNEQF,1
TRBV20-1,TRBJ2-1,SASSYTKRINNEQF,1
TRBV20-1,TRBJ2-1,SASSYTSGGGNEQF,1
TRBV20-1,TRBJ2-1,SASSYTSSLGYEQF,1
TRBV20-1,TRBJ2-1,SASSYTVEVYNEQF,1
TRBV20-1,TRBJ2-1,SASSYVGTSYNEQF,1
TRBV20-1,TRBJ2-1,SASSYVLAGGPYNEQF,1
TRBV20-1,TRBJ2-1,SASSYVSGSRYNEQF,1
TRBV20-1,TRBJ2-1,SASSYVVYNEQF,1
TRBV20-1,TRBJ2-1,SASSYVYNEQF,1
TRBV20-1,TRBJ2-1,SASSYYGYNEQF,1
TRBV20-1,TRBJ2-1,SASSYYNEQF,1
TRBV20-1,TRBJ2-1,SASTAAAGVGDEQF,2
TRBV20-1,TRBJ2-1,SASTAAAGVGDEQI,1
TRBV20-1,TRBJ2-1,SASTAADEQF,1
TRBV20-1,TRBJ2-1,SASTAAGGNEQF,1
TRBV20-1,TRBJ2-1,SASTAAGGNNEQF,1
TRBV20-1,TRBJ2-1,SASTAAGIYNEQF,1
TRBV20-1,TRBJ2-1,SASTAAGNNEQF,1
TRBV20-1,TRBJ2-1,SASTAAGVINEQF,1
TRBV20-1,TRBJ2-1,SASTAAPYNEQF,1
TRBV20-1,TRBJ2-1,SASTAASGGNEQF,1
TRBV20-1,TRBJ2-1,SASTAASGNNEQF,1
TRBV20-1,TRBJ2-1,SASTAAVNGNEQF,1
TRBV20-1,TRBJ2-1,SASTAAYNEQF,1
TRBV20-1,TRBJ2-1,SASTADEQF,3
TRBV20-1,TRBJ2-1,SASTADHNEQF,1
TRBV20-1,TRBJ2-1,SASTADRNYNEQF,1
TRBV20-1,TRBJ2-1,SASTAFAGDLRSYNEQF,1
TRBV20-1,TRBJ2-1,SASTAFAVYNEQF,1
TRBV20-1,TRBJ2-1,SASTAFGPYNEQF,1
TRBV20-1,TRBJ2-1,SASTAFLNEQF,1
TRBV20-1,TRBJ2-1,SASTAFLRESYNEQF,1
TRBV20-1,TRBJ2-1,SASTAFTYNEQF,1
TRBV20-1,TRBJ2-1,SASTAGAADHYNEQF,6
TRBV20-1,TRBJ2-1,SASTAGADNEQF,1
TRBV20-1,TRBJ2-1,SASTAGANNEQF,1
TRBV20-1,TRBJ2-1,SASTAGAPPPRDEQF,6
TRBV20-1,TRBJ2-1,SASTAGASGSYNEQF,24
TRBV20-1,TRBJ2-1,SASTAGASYNEQF,5
TRBV20-1,TRBJ2-1,SASTAGAYNEQF,4
TRBV20-1,TRBJ2-1,SASTAGDLDNEQF,1
TRBV20-1,TRBJ2-1,SASTAGDNEQF,1
TRBV20-1,TRBJ2-1,SASTAGDPQTEQF,3
TRBV20-1,TRBJ2-1,SASTAGDSDEQF,1
TRBV20-1,TRBJ2-1,SASTAGDYNEQF,1
TRBV20-1,TRBJ2-1,SASTAGEASSYNEQF,1
TRBV20-1,TRBJ2-1,SASTAGENNEQF,1
TRBV20-1,TRBJ2-1,SASTAGEYNEQF,1
TRBV20-1,TRBJ2-1,SASTAGFDNEQF,2
TRBV20-1,TRBJ2-1,SASTAGGDEQF,1
TRBV20-1,TRBJ2-1,SASTAGGDNEQF,1
TRBV20-1,TRBJ2-1,SASTAGGEVSEQF,1
TRBV20-1,TRBJ2-1,SASTAGGFYNEQF,1
TRBV20-1,TRBJ2-1,SASTAGGGANEQF,1
TRBV20-1,TRBJ2-1,SASTAGGGNEQF,2
TRBV20-1,TRBJ2-1,SASTAGGGNNEQF,1
TRBV20-1,TRBJ2-1,SASTAGGHGFAHNEQF,1
TRBV20-1,TRBJ2-1,SASTAGGIGSYNEQF,1
TRBV20-1,TRBJ2-1,SASTAGGLYNEQF,1
TRBV20-1,TRBJ2-1,SASTAGGNNEQF,12
TRBV20-1,TRBJ2-1,SASTAGGNTEQF,1
TRBV20-1,TRBJ2-1,SASTAGGNYEQF,1
TRBV20-1,TRBJ2-1,SASTAGGPGNEQF,2
TRBV20-1,TRBJ2-1,SASTAGGPKSSYNEQF,1
TRBV20-1,TRBJ2-1,SASTAGGPNEQF,3
TRBV20-1,TRBJ2-1,SASTAGGPREQF,1
TRBV20-1,TRBJ2-1,SASTAGGPVAYNEQF,1
TRBV20-1,TRBJ2-1,SASTAGGPYNEQF,1
TRBV20-1,TRBJ2-1,SASTAGGRDEQF,1
TRBV20-1,TRBJ2-1,SASTAGGRNEQF,5
TRBV20-1,TRBJ2-1,SASTAGGRSYNEQF,1
TRBV20-1,TRBJ2-1,SASTAGGSNEQF,7
TRBV20-1,TRBJ2-1,SASTAGGSSYNEQF,1
TRBV20-1,TRBJ2-1,SASTAGGVDEQF,1
TRBV20-1,TRBJ2-1,SASTAGGVNEQF,1
TRBV20-1,TRBJ2-1,SASTAGGWNNEQF,1
TRBV20-1,TRBJ2-1,SASTAGGYEQF,1
TRBV20-1,TRBJ2-1,SASTAGGYNEQF,7
TRBV20-1,TRBJ2-1,SASTAGGYYNEQF,4
TRBV20-1,TRBJ2-1,SASTAGIHNEQF,1
TRBV20-1,TRBJ2-1,SASTAGISYNEQF,1
TRBV20-1,TRBJ2-1,SASTAGIYNEQF,2
TRBV20-1,TRBJ2-1,SASTAGIYYNEQF,1
TRBV20-1,TRBJ2-1,SASTAGKRNEQF,1
TRBV20-1,TRBJ2-1,SASTAGLAGRTFNEQF,1
TRBV20-1,TRBJ2-1,SASTAGLAHNEQF,1
TRBV20-1,TRBJ2-1,SASTAGNEQF,2
TRBV20-1,TRBJ2-1,SASTAGNNEQF,1
TRBV20-1,TRBJ2-1,SASTAGPYEQF,1
TRBV20-1,TRBJ2-1,SASTAGQGRKSSYNEQF,1
TRBV20-1,TRBJ2-1,SASTAGQGRNEQF,1
TRBV20-1,TRBJ2-1,SASTAGQVGNEQF,1
TRBV20-1,TRBJ2-1,SASTAGRGDEQF,1
TRBV20-1,TRBJ2-1,SASTAGRNEQF,1
TRBV20-1,TRBJ2-1,SASTAGRSYNEQF,1
TRBV20-1,TRBJ2-1,SASTAGSSYNEQF,1
TRBV20-1,TRBJ2-1,SASTAGSVVNEQF,1
TRBV20-1,TRBJ2-1,SASTAGSYNEQF,3
TRBV20-1,TRBJ2-1,SASTAGTGLNEQF,8
TRBV20-1,TRBJ2-1,SASTAGTLSSSYNEQF,1
TRBV20-1,TRBJ2-1,SASTAGTLYNEQF,1
TRBV20-1,TRBJ2-1,SASTAGTSGRGFDEQF,1
TRBV20-1,TRBJ2-1,SASTAGTVNNEQF,1
TRBV20-1,TRBJ2-1,SASTAGTYIEHL,1
TRBV20-1,TRBJ2-1,SASTAGTYNEQF,1
TRBV20-1,TRBJ2-1,SASTAGVAEYNEQF,1
TRBV20-1,TRBJ2-1,SASTAGVISNEQF,1
TRBV20-1,TRBJ2-1,SASTAGVVNEQF,1
TRBV20-1,TRBJ2-1,SASTAGVYNEQF,2
TRBV20-1,TRBJ2-1,SASTAGVYYNEQF,1
TRBV20-1,TRBJ2-1,SASTAGWYYNEQF,1
TRBV20-1,TRBJ2-1,SASTAGYYNEQF,1
TRBV20-1,TRBJ2-1,SASTAHSNLGVPF,1
TRBV20-1,TRBJ2-1,SASTAIGDEQF,1
TRBV20-1,TRBJ2-1,SASTAIGDNEQF,1
TRBV20-1,TRBJ2-1,SASTAILSYNEQF,1
TRBV20-1,TRBJ2-1,SASTAINEQF,2
TRBV20-1,TRBJ2-1,SASTAISYNEQF,2
TRBV20-1,TRBJ2-1,SASTAKGDNEQF,1
TRBV20-1,TRBJ2-1,SASTAKIYNEQF,1
TRBV20-1,TRBJ2-1,SASTALADNNEQF,1
TRBV20-1,TRBJ2-1,SASTALAGGSYNEQF,17
TRBV20-1,TRBJ2-1,SASTALALNEQF,1
TRBV20-1,TRBJ2-1,SASTALARLYNEQF,1
TRBV20-1,TRBJ2-1,SASTALDEQF,3
TRBV20-1,TRBJ2-1,SASTALGDNEQF,5
TRBV20-1,TRBJ2-1,SASTALGTDTYNEQF,1
TRBV20-1,TRBJ2-1,SASTALKRGKYNEQF,1
TRBV20-1,TRBJ2-1,SASTALLAGGDNEQF,1
TRBV20-1,TRBJ2-1,SASTALLQYNEQF,1
TRBV20-1,TRBJ2-1,SASTALNYNEQF,5
TRBV20-1,TRBJ2-1,SASTALSYNEQF,5
TRBV20-1,TRBJ2-1,SASTALVTSDYNEQF,1
TRBV20-1,TRBJ2-1,SASTALYNEQF,2
TRBV20-1,TRBJ2-1,SASTANGAYNEQF,1
TRBV20-1,TRBJ2-1,SASTANGNEQF,1
TRBV20-1,TRBJ2-1,SASTANKGNEQF,1
TRBV20-1,TRBJ2-1,SASTANLF,4
TRBV20-1,TRBJ2-1,SASTANLGEYNEQF,1
TRBV20-1,TRBJ2-1,SASTANLHNEQF,1
TRBV20-1,TRBJ2-1,SASTANNEQF,6
TRBV20-1,TRBJ2-1,SASTANPGSTTPYNEQF,2
TRBV20-1,TRBJ2-1,SASTANPGTTTPYNEQF,3
TRBV20-1,TRBJ2-1,SASTANRYNEQF,1
TRBV20-1,TRBJ2-1,SASTANYNEQF,1
TRBV20-1,TRBJ2-1,SASTAPAHEQF,1
TRBV20-1,TRBJ2-1,SASTAPAWLNEQF,1
TRBV20-1,TRBJ2-1,SASTAPNEQF,1
TRBV20-1,TRBJ2-1,SASTAPSGYNEQF,2
TRBV20-1,TRBJ2-1,SASTAPSNEQF,1
TRBV20-1,TRBJ2-1,SASTAPSSYNEQF,1
TRBV20-1,TRBJ2-1,SASTAPTDNEQF,1
TRBV20-1,TRBJ2-1,SASTAPYNEQF,2
TRBV20-1,TRBJ2-1,SASTAQGREQLVYYRQDEQF,2
TRBV20-1,TRBJ2-1,SASTARADNEQF,5
TRBV20-1,TRBJ2-1,SASTARAYNEQF,1
TRBV20-1,TRBJ2-1,SASTARENNEQF,1
TRBV20-1,TRBJ2-1,SASTARGGVPNEQF,1
TRBV20-1,TRBJ2-1,SASTARGNNEQF,1
TRBV20-1,TRBJ2-1,SASTARGQVNEQF,1
TRBV20-1,TRBJ2-1,SASTARGTNRGSYNEQF,4
TRBV20-1,TRBJ2-1,SASTARLAGDYNEQF,1
TRBV20-1,TRBJ2-1,SASTARLGSYNEQF,1
TRBV20-1,TRBJ2-1,SASTARNNEQF,5
TRBV20-1,TRBJ2-1,SASTARQDLYNEQF,1
TRBV20-1,TRBJ2-1,SASTARTSGNEQF,1
TRBV20-1,TRBJ2-1,SASTARTYNEQF,1
TRBV20-1,TRBJ2-1,SASTARYNEQF,1
TRBV20-1,TRBJ2-1,SASTASDEQF,1
TRBV20-1,TRBJ2-1,SASTASGFNNEQF,1
TRBV20-1,TRBJ2-1,SASTASGHLYNEQF,1
TRBV20-1,TRBJ2-1,SASTASGHNEQF,1
TRBV20-1,TRBJ2-1,SASTASGINEQF,1
TRBV20-1,TRBJ2-1,SASTASGIRNEQF,1
TRBV20-1,TRBJ2-1,SASTASGLNEQF,2
TRBV20-1,TRBJ2-1,SASTASGNEQF,1
TRBV20-1,TRBJ2-1,SASTASGNHYNEQF,1
TRBV20-1,TRBJ2-1,SASTASGPYNEQF,1
TRBV20-1,TRBJ2-1,SASTASGQGFYNEQF,1
TRBV20-1,TRBJ2-1,SASTASGRAFNEQF,1
TRBV20-1,TRBJ2-1,SASTASGRAGISYNEQF,1
TRBV20-1,TRBJ2-1,SASTASGRAGYNEQF,1
TRBV20-1,TRBJ2-1,SASTASGRDNEQF,3
TRBV20-1,TRBJ2-1,SASTASGRGDEQF,1
TRBV20-1,TRBJ2-1,SASTASGRPQTSYNEQF,1
TRBV20-1,TRBJ2-1,SASTASGRTSSYNEQF,1
TRBV20-1,TRBJ2-1,SASTASGRVYNEQF,1
TRBV20-1,TRBJ2-1,SASTASGSDSSYNEQF,1
TRBV20-1,TRBJ2-1,SASTASGSGNEQF,1
TRBV20-1,TRBJ2-1,SASTASGSIYEQF,1
TRBV20-1,TRBJ2-1,SASTASGSLNEQF,1
TRBV20-1,TRBJ2-1,SASTASGSLSSYNEQF,1
TRBV20-1,TRBJ2-1,SASTASGSNEQF,2
TRBV20-1,TRBJ2-1,SASTASGSRNEQF,1
TRBV20-1,TRBJ2-1,SASTASGSSYNEQF,2
TRBV20-1,TRBJ2-1,SASTASGSVNEQF,1
TRBV20-1,TRBJ2-1,SASTASGSYNEQF,2
TRBV20-1,TRBJ2-1,SASTASGTTVDEQF,1
TRBV20-1,TRBJ2-1,SASTASGVKYEQF,1
TRBV20-1,TRBJ2-1,SASTASGVQQF,1
TRBV20-1,TRBJ2-1,SASTASGVYNEQF,1
TRBV20-1,TRBJ2-1,SASTASGWSYNEQF,1
TRBV20-1,TRBJ2-1,SASTASGYNEQF,2
TRBV20-1,TRBJ2-1,SASTASKYEQF,1
TRBV20-1,TRBJ2-1,SASTASNEQF,1
TRBV20-1,TRBJ2-1,SASTASPYNEQF,1
TRBV20-1,TRBJ2-1,SASTASRGGTYNEQF,1
TRBV20-1,TRBJ2-1,SASTASRVHNEQF,1
TRBV20-1,TRBJ2-1,SASTASSAYNEQF,1
TRBV20-1,TRBJ2-1,SASTASSSYNEQF,3
TRBV20-1,TRBJ2-1,SASTASSYNEQF,10
TRBV20-1,TRBJ2-1,SASTASTGYNEQF,1
TRBV20-1,TRBJ2-1,SASTASTVNNEQF,1
TRBV20-1,TRBJ2-1,SASTASYPTYNEQF,1
TRBV20-1,TRBJ2-1,SASTATAQF,1
TRBV20-1,TRBJ2-1,SASTATEQC,1
TRBV20-1,TRBJ2-1,SASTATEQF,27
TRBV20-1,TRBJ2-1,SASTATGHYNEQF,1
TRBV20-1,TRBJ2-1,SASTATGSSYNEQF,3
TRBV20-1,TRBJ2-1,SASTATGTSYNEQF,1
TRBV20-1,TRBJ2-1,SASTATHEQF,1
TRBV20-1,TRBJ2-1,SASTATNEQF,1
TRBV20-1,TRBJ2-1,SASTATREVPYNEQF,1
TRBV20-1,TRBJ2-1,SASTATRSIQLYNEQF,1
TRBV20-1,TRBJ2-1,SASTATRTYNEQF,1
TRBV20-1,TRBJ2-1,SASTATRYNEQF,1
TRBV20-1,TRBJ2-1,SASTATSGTYNEQF,2
TRBV20-1,TRBJ2-1,SASTATSSYNEQF,1
TRBV20-1,TRBJ2-1,SASTATSYNEQF,6
TRBV20-1,TRBJ2-1,SASTATSYNGPF,1
TRBV20-1,TRBJ2-1,SASTATWNEQF,2
TRBV20-1,TRBJ2-1,SASTAVDYNEQF,1
TRBV20-1,TRBJ2-1,SASTAVGANEQF,1
TRBV20-1,TRBJ2-1,SASTAVKDEQF,1
TRBV20-1,TRBJ2-1,SASTAVLNNEQF,1
TRBV20-1,TRBJ2-1,SASTAVRRYEQF,1
TRBV20-1,TRBJ2-1,SASTAVSYNEQF,1
TRBV20-1,TRBJ2-1,SASTAVVYNEQF,1
TRBV20-1,TRBJ2-1,SASTAVYEQF,1
TRBV20-1,TRBJ2-1,SASTAWESLYNEQF,1
TRBV20-1,TRBJ2-1,SASTAWGGGNNEQF,1
TRBV20-1,TRBJ2-1,SASTAWGSSYNEQF,1
TRBV20-1,TRBJ2-1,SASTAWTRGNEQF,1
TRBV20-1,TRBJ2-1,SASTAYEQF,2
TRBV20-1,TRBJ2-1,SASTAYNEQF,20
TRBV20-1,TRBJ2-1,SASTAYYNEQF,1
TRBV20-1,TRBJ2-1,SASTCTDRWDEHF,1
TRBV20-1,TRBJ2-1,SASTDANEQF,1
TRBV20-1,TRBJ2-1,SASTDANNEQF,1
TRBV20-1,TRBJ2-1,SASTDASSYNEQF,1
TRBV20-1,TRBJ2-1,SASTDEAPGNEQF,1
TRBV20-1,TRBJ2-1,SASTDEQF,7
TRBV20-1,TRBJ2-1,SASTDGALNEQF,1
TRBV20-1,TRBJ2-1,SASTDGDNEQF,1
TRBV20-1,TRBJ2-1,SASTDGSSYNEQF,1
TRBV20-1,TRBJ2-1,SASTDGTYNEQF,1
TRBV20-1,TRBJ2-1,SASTDGVENEQF,1
TRBV20-1,TRBJ2-1,SASTDGYEQF,1
TRBV20-1,TRBJ2-1,SASTDGYNEQF,2
TRBV20-1,TRBJ2-1,SASTDHNEKF,1
TRBV20-1,TRBJ2-1,SASTDHNEQC,1
TRBV20-1,TRBJ2-1,SASTDHNEQF,3
TRBV20-1,TRBJ2-1,SASTDHSSYNEQF,1
TRBV20-1,TRBJ2-1,SASTDHYNEQF,1
TRBV20-1,TRBJ2-1,SASTDIGYNEQF,1
TRBV20-1,TRBJ2-1,SASTDIYNEQF,1
TRBV20-1,TRBJ2-1,SASTDKEGQTSYNEQF,1
TRBV20-1,TRBJ2-1,SASTDKGTYNEQF,1
TRBV20-1,TRBJ2-1,SASTDKGTYNEQS,1
TRBV20-1,TRBJ2-1,SASTDKLDEQF,1
TRBV20-1,TRBJ2-1,SASTDKYNEQF,3
TRBV20-1,TRBJ2-1,SASTDLASYNEQF,1
TRBV20-1,TRBJ2-1,SASTDLDEQF,1
TRBV20-1,TRBJ2-1,SASTDLGHEQF,1
TRBV20-1,TRBJ2-1,SASTDLGTSSYNEQF,1
TRBV20-1,TRBJ2-1,SASTDLIFNEQF,1
TRBV20-1,TRBJ2-1,SASTDLNEQF,1
TRBV20-1,TRBJ2-1,SASTDLNNEQF,1
TRBV20-1,TRBJ2-1,SASTDLWVDEQF,1
TRBV20-1,TRBJ2-1,SASTDLYNEQF,1
TRBV20-1,TRBJ2-1,SASTDNEQF,8
TRBV20-1,TRBJ2-1,SASTDNHEQF,1
TRBV20-1,TRBJ2-1,SASTDNNEQF,23
TRBV20-1,TRBJ2-1,SASTDNSYNEQF,1
TRBV20-1,TRBJ2-1,SASTDPDEQF,1
TRBV20-1,TRBJ2-1,SASTDPPVYNEQF,1
TRBV20-1,TRBJ2-1,SASTDPQGSSYNEQF,1
TRBV20-1,TRBJ2-1,SASTDPSYNEQF,4
TRBV20-1,TRBJ2-1,SASTDPYNEQF,17
TRBV20-1,TRBJ2-1,SASTDRAGNEQF,6
TRBV20-1,TRBJ2-1,SASTDRAHEQF,5
TRBV20-1,TRBJ2-1,SASTDRANEQF,2
TRBV20-1,TRBJ2-1,SASTDRANNEQF,1
TRBV20-1,TRBJ2-1,SASTDRANYNEQF,1
TRBV20-1,TRBJ2-1,SASTDRAVYNEQF,4
TRBV20-1,TRBJ2-1,SASTDRAYEDEQF,2
TRBV20-1,TRBJ2-1,SASTDRDDEQF,1
TRBV20-1,TRBJ2-1,SASTDRDISYNEQF,1
TRBV20-1,TRBJ2-1,SASTDRDNEQF,2
TRBV20-1,TRBJ2-1,SASTDRDQDNEQF,1
TRBV20-1,TRBJ2-1,SASTDRDSYNEQF,1
TRBV20-1,TRBJ2-1,SASTDRDYNEQF,4
TRBV20-1,TRBJ2-1,SASTDRGLNEQF,2
TRBV20-1,TRBJ2-1,SASTDRGNEQF,2
TRBV20-1,TRBJ2-1,SASTDRGRGSGQF,5
TRBV20-1,TRBJ2-1,SASTDRGRTEQF,9
TRBV20-1,TRBJ2-1,SASTDRGSYNEQF,1
TRBV20-1,TRBJ2-1,SASTDRGTANEQF,6
TRBV20-1,TRBJ2-1,SASTDRGVNEQF,1
TRBV20-1,TRBJ2-1,SASTDRGYNEQF,4
TRBV20-1,TRBJ2-1,SASTDRLANLRDEQF,1
TRBV20-1,TRBJ2-1,SASTDRLLYNEQF,1
TRBV20-1,TRBJ2-1,SASTDRNEQF,4
TRBV20-1,TRBJ2-1,SASTDRPSSNEQF,1
TRBV20-1,TRBJ2-1,SASTDRRYNEQF,1
TRBV20-1,TRBJ2-1,SASTDRSFFVEQF,1
TRBV20-1,TRBJ2-1,SASTDRSQLDHEQF,2
TRBV20-1,TRBJ2-1,SASTDRSTYNEQF,1
TRBV20-1,TRBJ2-1,SASTDRSYNEPF,1
TRBV20-1,TRBJ2-1,SASTDRTYNEQF,1
TRBV20-1,TRBJ2-1,SASTDRVAYNEQF,1
TRBV20-1,TRBJ2-1,SASTDRVGDEQF,1
TRBV20-1,TRBJ2-1,SASTDRVSSYNEQF,1
TRBV20-1,TRBJ2-1,SASTDRVSYNEQF,4
TRBV20-1,TRBJ2-1,SASTDRYNEQF,2
TRBV20-1,TRBJ2-1,SASTDSFYNEQF,1
TRBV20-1,TRBJ2-1,SASTDSGRGNEQF,1
TRBV20-1,TRBJ2-1,SASTDSGRTEQF,1
TRBV20-1,TRBJ2-1,SASTDSNEQF,3
TRBV20-1,TRBJ2-1,SASTDSNNEQF,1
TRBV20-1,TRBJ2-1,SASTDSSSYNEQF,2
TRBV20-1,TRBJ2-1,SASTDSSYNEQF,7
TRBV20-1,TRBJ2-1,SASTDSVAANSYNEQF,1
TRBV20-1,TRBJ2-1,SASTDSYKEQF,1
TRBV20-1,TRBJ2-1,SASTDSYNEQF,15
TRBV20-1,TRBJ2-1,SASTDTEQF,1
TRBV20-1,TRBJ2-1,SASTDTNNEQF,1
TRBV20-1,TRBJ2-1,SASTDTSYNEQF,1
TRBV20-1,TRBJ2-1,SASTDTYNEQF,1
TRBV20-1,TRBJ2-1,SASTDVGYNEQF,1
TRBV20-1,TRBJ2-1,SASTDWDEQF,1
TRBV20-1,TRBJ2-1,SASTDWTPDYNEQF,1
TRBV20-1,TRBJ2-1,SASTDWTSGYNEQF,1
TRBV20-1,TRBJ2-1,SASTDYNEQF,4
TRBV20-1,TRBJ2-1,SASTDYSSYNEQF,2
TRBV20-1,TRBJ2-1,SASTDYSYNEQF,1
TRBV20-1,TRBJ2-1,SASTEAEQF,4
TRBV20-1,TRBJ2-1,SASTEAGDYNEQF,1
TRBV20-1,TRBJ2-1,SASTEAGRRNEQF,1
TRBV20-1,TRBJ2-1,SASTEAGTFYNEQF,3
TRBV20-1,TRBJ2-1,SASTEALRTPLNAQF,1
TRBV20-1,TRBJ2-1,SASTEARVNEQF,1
TRBV20-1,TRBJ2-1,SASTEASYNEQF,1
TRBV20-1,TRBJ2-1,SASTEAYNEQF,1
TRBV20-1,TRBJ2-1,SASTEDEQF,19
TRBV20-1,TRBJ2-1,SASTEDFQSSYNEQF,1
TRBV20-1,TRBJ2-1,SASTEEFYNEQF,1
TRBV20-1,TRBJ2-1,SASTEEGPRNEQF,1
TRBV20-1,TRBJ2-1,SASTEEGRGYEQF,1
TRBV20-1,TRBJ2-1,SASTEEQF,2
TRBV20-1,TRBJ2-1,SASTEFFYNEQF,3
TRBV20-1,TRBJ2-1,SASTEFNEQF,1
TRBV20-1,TRBJ2-1,SASTEGFNNEQF,1
TRBV20-1,TRBJ2-1,SASTEGGGEQF,3
TRBV20-1,TRBJ2-1,SASTEGGGGNEQF,4
TRBV20-1,TRBJ2-1,SASTEGGYYNEQF,1
TRBV20-1,TRBJ2-1,SASTEGLAEVPSSYNEQF,1
TRBV20-1,TRBJ2-1,SASTEGLAIFYNEQF,1
TRBV20-1,TRBJ2-1,SASTEGLAYEQF,1
TRBV20-1,TRBJ2-1,SASTEGLKGVNEQF,1
TRBV20-1,TRBJ2-1,SASTEGLRNEQF,1
TRBV20-1,TRBJ2-1,SASTEGNEQF,2
TRBV20-1,TRBJ2-1,SASTEGRRGNEQF,1
TRBV20-1,TRBJ2-1,SASTEGRRYNEQF,1
TRBV20-1,TRBJ2-1,SASTEGTSGYNEQF,1
TRBV20-1,TRBJ2-1,SASTEGTYNEQF,1
TRBV20-1,TRBJ2-1,SASTEHEQF,1
TRBV20-1,TRBJ2-1,SASTEHYNEQF,1
TRBV20-1,TRBJ2-1,SASTEIAYNEQF,1
TRBV20-1,TRBJ2-1,SASTEITYNEQF,4
TRBV20-1,TRBJ2-1,SASTEKLTSGSLINEQF,1
TRBV20-1,TRBJ2-1,SASTELSSYNEQF,1
TRBV20-1,TRBJ2-1,SASTENEQF,2
TRBV20-1,TRBJ2-1,SASTENYNEQF,2
TRBV20-1,TRBJ2-1,SASTEPGLASNYNEQF,1
TRBV20-1,TRBJ2-1,SASTEPHNEQF,1
TRBV20-1,TRBJ2-1,SASTEPHTYNEQF,1
TRBV20-1,TRBJ2-1,SASTEPIGNEQF,1
TRBV20-1,TRBJ2-1,SASTEPSGGPVNEQF,4
TRBV20-1,TRBJ2-1,SASTEPSSYNEQF,1
TRBV20-1,TRBJ2-1,SASTEPYNEQF,2
TRBV20-1,TRBJ2-1,SASTEQELAHEQF,1
TRBV20-1,TRBJ2-1,SASTEQF,1
TRBV20-1,TRBJ2-1,SASTEQVITSNEQF,1
TRBV20-1,TRBJ2-1,SASTERAYNEQF,1
TRBV20-1,TRBJ2-1,SASTERDYNEQF,1
TRBV20-1,TRBJ2-1,SASTEREGLYNEQF,7
TRBV20-1,TRBJ2-1,SASTEREIDELF,1
TRBV20-1,TRBJ2-1,SASTEREIDNEQF,1
TRBV20-1,TRBJ2-1,SASTERERRDEQF,1
TRBV20-1,TRBJ2-1,SASTERTRLFNEQF,1
TRBV20-1,TRBJ2-1,SASTERTSGSNEQF,2
TRBV20-1,TRBJ2-1,SASTERTYNEQF,1
TRBV20-1,TRBJ2-1,SASTERYNEQF,1
TRBV20-1,TRBJ2-1,SASTESGNEQF,1
TRBV20-1,TRBJ2-1,SASTESLGNEQF,1
TRBV20-1,TRBJ2-1,SASTESSYNEQF,2
TRBV20-1,TRBJ2-1,SASTETAVNEQF,1
TRBV20-1,TRBJ2-1,SASTETEYNEQF,1
TRBV20-1,TRBJ2-1,SASTETGNNEQF,1
TRBV20-1,TRBJ2-1,SASTETYNEQF,2
TRBV20-1,TRBJ2-1,SASTEVNEQF,1
TRBV20-1,TRBJ2-1,SASTEVYNEQF,1
TRBV20-1,TRBJ2-1,SASTEWGPQF,16
TRBV20-1,TRBJ2-1,SASTEWYEQF,1
TRBV20-1,TRBJ2-1,SASTEYAVDEQF,1
TRBV20-1,TRBJ2-1,SASTEYEQF,19
TRBV20-1,TRBJ2-1,SASTEYNEQF,2
TRBV20-1,TRBJ2-1,SASTEYYNEQF,1
TRBV20-1,TRBJ2-1,SASTF,3
TRBV20-1,TRBJ2-1,SASTFAGAGDEQF,1
TRBV20-1,TRBJ2-1,SASTFAGQFYNEQF,1
TRBV20-1,TRBJ2-1,SASTFARNEQF,1
TRBV20-1,TRBJ2-1,SASTFASALYNEQF,1
TRBV20-1,TRBJ2-1,SASTFEAGNYNEQF,2
TRBV20-1,TRBJ2-1,SASTFERTGYNEQF,1
TRBV20-1,TRBJ2-1,SASTFGGAHEQF,1
TRBV20-1,TRBJ2-1,SASTFGIGSYNEQF,1
TRBV20-1,TRBJ2-1,SASTFGLAGDRYNEQF,9
TRBV20-1,TRBJ2-1,SASTFGLAHKPYNEQF,1
TRBV20-1,TRBJ2-1,SASTFGLANRNEQF,3
TRBV20-1,TRBJ2-1,SASTFGTKYNEQF,1
TRBV20-1,TRBJ2-1,SASTFGYRGSWYNEQF,2
TRBV20-1,TRBJ2-1,SASTFIGGDEQF,1
TRBV20-1,TRBJ2-1,SASTFIGTTTQYNEQF,1
TRBV20-1,TRBJ2-1,SASTFLGGNEQF,1
TRBV20-1,TRBJ2-1,SASTFLSSYNEQF,1
TRBV20-1,TRBJ2-1,SASTFLYNEQF,1
TRBV20-1,TRBJ2-1,SASTFMGIGNEQF,1
TRBV20-1,TRBJ2-1,SASTFNLGAGGPNEQF,1
TRBV20-1,TRBJ2-1,SASTFNNEQF,1
TRBV20-1,TRBJ2-1,SASTFNRASNEQF,1
TRBV20-1,TRBJ2-1,SASTFPAGGPYNEQF,1
TRBV20-1,TRBJ2-1,SASTFPDVLHNEQF,1
TRBV20-1,TRBJ2-1,SASTFPLAPNYNEQF,3
TRBV20-1,TRBJ2-1,SASTFPTYNEQF,2
TRBV20-1,TRBJ2-1,SASTFPVYNEQF,1
TRBV20-1,TRBJ2-1,SASTFREGLNEQF,6
TRBV20-1,TRBJ2-1,SASTFRGLAGDPPRNEQF,1
TRBV20-1,TRBJ2-1,SASTFRLFNNEQF,1
TRBV20-1,TRBJ2-1,SASTFRLGTNEQF,1
TRBV20-1,TRBJ2-1,SASTFRRGNEQF,5
TRBV20-1,TRBJ2-1,SASTFRSPNYNEQF,1
TRBV20-1,TRBJ2-1,SASTFRTSGAYNEQF,2
TRBV20-1,TRBJ2-1,SASTFRWGTYNEQF,1
TRBV20-1,TRBJ2-1,SASTFSGQGARNEQF,1
TRBV20-1,TRBJ2-1,SASTFSGRYNEQF,1
TRBV20-1,TRBJ2-1,SASTFSGSNEQF,1
TRBV20-1,TRBJ2-1,SASTFSGSRNNEQF,2
TRBV20-1,TRBJ2-1,SASTFSGSSYNEQF,1
TRBV20-1,TRBJ2-1,SASTFSGTTTQYNEQF,3
TRBV20-1,TRBJ2-1,SASTFSNEQF,1
TRBV20-1,TRBJ2-1,SASTFSPQTGVGYNEQF,1
TRBV20-1,TRBJ2-1,SASTFSSGYYNEQF,1
TRBV20-1,TRBJ2-1,SASTFSSYNEQF,1
TRBV20-1,TRBJ2-1,SASTFSYNEQF,2
TRBV20-1,TRBJ2-1,SASTFTTPGLHNEQF,1
TRBV20-1,TRBJ2-1,SASTFVLAGGPNEQF,1
TRBV20-1,TRBJ2-1,SASTFWDNEQF,1
TRBV20-1,TRBJ2-1,SASTFWGRAFNEQF,1
TRBV20-1,TRBJ2-1,SASTFYNEQF,4
TRBV20-1,TRBJ2-1,SASTGAAGTRNEQF,1
TRBV20-1,TRBJ2-1,SASTGAANEQF,2
TRBV20-1,TRBJ2-1,SASTGAATMDEQF,1
TRBV20-1,TRBJ2-1,SASTGAAYNEQF,2
TRBV20-1,TRBJ2-1,SASTGADEQF,2
TRBV20-1,TRBJ2-1,SASTGADNEQF,1
TRBV20-1,TRBJ2-1,SASTGADYNEQF,2
TRBV20-1,TRBJ2-1,SASTGAEYNEQF,2
TRBV20-1,TRBJ2-1,SASTGAFGNEQF,1
TRBV20-1,TRBJ2-1,SASTGAFYNEQF,1
TRBV20-1,TRBJ2-1,SASTGAGDEQF,1
TRBV20-1,TRBJ2-1,SASTGAGEGNEQF,9
TRBV20-1,TRBJ2-1,SASTGAGGRDEQF,1
TRBV20-1,TRBJ2-1,SASTGAGGSYNEQF,4
TRBV20-1,TRBJ2-1,SASTGAGNEQF,2
TRBV20-1,TRBJ2-1,SASTGAGSYNEQF,1
TRBV20-1,TRBJ2-1,SASTGAGTNNEQF,1
TRBV20-1,TRBJ2-1,SASTGAGWNEQF,1
TRBV20-1,TRBJ2-1,SASTGAGYNEQF,3
TRBV20-1,TRBJ2-1,SASTGAHNEQF,1
TRBV20-1,TRBJ2-1,SASTGAILHNEQF,1
TRBV20-1,TRBJ2-1,SASTGAINEQF,2
TRBV20-1,TRBJ2-1,SASTGAKNEQF,1
TRBV20-1,TRBJ2-1,SASTGAKQF,2
TRBV20-1,TRBJ2-1,SASTGALNEQF,1
TRBV20-1,TRBJ2-1,SASTGALPYNEQF,1
TRBV20-1,TRBJ2-1,SASTGALSYNEQF,5
TRBV20-1,TRBJ2-1,SASTGANEQF,6
TRBV20-1,TRBJ2-1,SASTGANPSSYNEQF,1
TRBV20-1,TRBJ2-1,SASTGANYDEQF,1
TRBV20-1,TRBJ2-1,SASTGANYNEQF,2
TRBV20-1,TRBJ2-1,SASTGAPFGDEQF,1
TRBV20-1,TRBJ2-1,SASTGAPSNNEQF,3
TRBV20-1,TRBJ2-1,SASTGAPSVYEQF,1
TRBV20-1,TRBJ2-1,SASTGAPSYNEQF,1
TRBV20-1,TRBJ2-1,SASTGAPYNEQF,1
TRBV20-1,TRBJ2-1,SASTGAPYYNEQF,2
TRBV20-1,TRBJ2-1,SASTGARDEQF,1
TRBV20-1,TRBJ2-1,SASTGARVNEQF,1
TRBV20-1,TRBJ2-1,SASTGARYNEQF,1
TRBV20-1,TRBJ2-1,SASTGASGGEDEQF,1
TRBV20-1,TRBJ2-1,SASTGASGRNEQF,1
TRBV20-1,TRBJ2-1,SASTGASGSGNEQF,1
TRBV20-1,TRBJ2-1,SASTGASGSNEQF,1
TRBV20-1,TRBJ2-1,SASTGASNNEQF,1
TRBV20-1,TRBJ2-1,SASTGASYNEQF,1
TRBV20-1,TRBJ2-1,SASTGATKDNEQF,1
TRBV20-1,TRBJ2-1,SASTGATYNEQF,3
TRBV20-1,TRBJ2-1,SASTGAVNEQF,1
TRBV20-1,TRBJ2-1,SASTGAVTYNEQF,1
TRBV20-1,TRBJ2-1,SASTGAVYNEQF,2
TRBV20-1,TRBJ2-1,SASTGAWEQF,16
TRBV20-1,TRBJ2-1,SASTGAWGNEQF,1
TRBV20-1,TRBJ2-1,SASTGAYNEQF,9
TRBV20-1,TRBJ2-1,SASTGAYSYNEQF,2
TRBV20-1,TRBJ2-1,SASTGAYYNEQF,2
TRBV20-1,TRBJ2-1,SASTGDAYNEQF,1
TRBV20-1,TRBJ2-1,SASTGDEQF,13
TRBV20-1,TRBJ2-1,SASTGDFYFGYEQF,1
TRBV20-1,TRBJ2-1,SASTGDLNEQF,1
TRBV20-1,TRBJ2-1,SASTGDLSSYNEQF,4
TRBV20-1,TRBJ2-1,SASTGDLYNEQF,1
TRBV20-1,TRBJ2-1,SASTGDNEQF,6
TRBV20-1,TRBJ2-1,SASTGDPYNEQF,2
TRBV20-1,TRBJ2-1,SASTGDRHNEQF,1
TRBV20-1,TRBJ2-1,SASTGDRPEDEQF,1
TRBV20-1,TRBJ2-1,SASTGDRYEQF,1
TRBV20-1,TRBJ2-1,SASTGDSGSGQF,1
TRBV20-1,TRBJ2-1,SASTGDSSYNEQF,4
TRBV20-1,TRBJ2-1,SASTGDSTYNEQF,1
TRBV20-1,TRBJ2-1,SASTGDSYNAQF,2
TRBV20-1,TRBJ2-1,SASTGDSYNEQF,10
TRBV20-1,TRBJ2-1,SASTGDTYNYQF,1
TRBV20-1,TRBJ2-1,SASTGDYNEQF,7
TRBV20-1,TRBJ2-1,SASTGDYVNEQF,1
TRBV20-1,TRBJ2-1,SASTGEANEQF,1
TRBV20-1,TRBJ2-1,SASTGEAPYNEQF,2
TRBV20-1,TRBJ2-1,SASTGEASGSDEQF,1
TRBV20-1,TRBJ2-1,SASTGEEAYNEQF,1
TRBV20-1,TRBJ2-1,SASTGEEWNEQF,1
TRBV20-1,TRBJ2-1,SASTGEFEQF,12
TRBV20-1,TRBJ2-1,SASTGEGFYNEQF,1
TRBV20-1,TRBJ2-1,SASTGEGINEQF,2
TRBV20-1,TRBJ2-1,SASTGEGLVAYNEQF,2
TRBV20-1,TRBJ2-1,SASTGEGSNEQF,1
TRBV20-1,TRBJ2-1,SASTGEGSSYNEQF,1
TRBV20-1,TRBJ2-1,SASTGEGYNEQF,8
TRBV20-1,TRBJ2-1,SASTGEINNEQF,1
TRBV20-1,TRBJ2-1,SASTGEIYNEQF,3
TRBV20-1,TRBJ2-1,SASTGEKYNEQF,1
TRBV20-1,TRBJ2-1,SASTGELSSYNEQF,2
TRBV20-1,TRBJ2-1,SASTGENEQF,2
TRBV20-1,TRBJ2-1,SASTGENNEQF,2
TRBV20-1,TRBJ2-1,SASTGEREWYEQF,1
TRBV20-1,TRBJ2-1,SASTGERYNEQF,1
TRBV20-1,TRBJ2-1,SASTGESDNEHF,1
TRBV20-1,TRBJ2-1,SASTGESSYNEQF,3
TRBV20-1,TRBJ2-1,SASTGEVSYNEQF,2
TRBV20-1,TRBJ2-1,SASTGEWYNEQF,1
TRBV20-1,TRBJ2-1,SASTGEYYNEQF,1
TRBV20-1,TRBJ2-1,SASTGFDEQF,1
TRBV20-1,TRBJ2-1,SASTGFDNEQF,1
TRBV20-1,TRBJ2-1,SASTGFLNEQF,1
TRBV20-1,TRBJ2-1,SASTGFLYNEQF,1
TRBV20-1,TRBJ2-1,SASTGFNEQF,2
TRBV20-1,TRBJ2-1,SASTGFNPSYNEQF,3
TRBV20-1,TRBJ2-1,SASTGFSQTRYNEQF,1
TRBV20-1,TRBJ2-1,SASTGFSSYNEQF,4
TRBV20-1,TRBJ2-1,SASTGFSYNEQF,4
TRBV20-1,TRBJ2-1,SASTGFWYNEQF,1
TRBV20-1,TRBJ2-1,SASTGFYNEQF,8
TRBV20-1,TRBJ2-1,SASTGFYYNEQF,1
TRBV20-1,TRBJ2-1,SASTGGADNEQF,6
TRBV20-1,TRBJ2-1,SASTGGAFNEQF,1
TRBV20-1,TRBJ2-1,SASTGGAGVEDEQF,1
TRBV20-1,TRBJ2-1,SASTGGAINEQF,1
TRBV20-1,TRBJ2-1,SASTGGASAYNEQF,7
TRBV20-1,TRBJ2-1,SASTGGASRHNEQF,1
TRBV20-1,TRBJ2-1,SASTGGASYNEQF,1
TRBV20-1,TRBJ2-1,SASTGGAYNEQF,12
TRBV20-1,TRBJ2-1,SASTGGDEQF,8
TRBV20-1,TRBJ2-1,SASTGGDLNEQF,1
TRBV20-1,TRBJ2-1,SASTGGDNEQF,3
TRBV20-1,TRBJ2-1,SASTGGDRNEQF,1
TRBV20-1,TRBJ2-1,SASTGGDSMDEQF,1
TRBV20-1,TRBJ2-1,SASTGGDSNEQF,1
TRBV20-1,TRBJ2-1,SASTGGDYNEQF,2
TRBV20-1,TRBJ2-1,SASTGGEHYNEQF,4
TRBV20-1,TRBJ2-1,SASTGGEQF,24
TRBV20-1,TRBJ2-1,SASTGGFEQF,1
TRBV20-1,TRBJ2-1,SASTGGFYNEQF,2
TRBV20-1,TRBJ2-1,SASTGGGASYNEQF,1
TRBV20-1,TRBJ2-1,SASTGGGESYNEQF,1
TRBV20-1,TRBJ2-1,SASTGGGGYNEQF,2
TRBV20-1,TRBJ2-1,SASTGGGLAGVNEQF,1
TRBV20-1,TRBJ2-1,SASTGGGLNEQF,1
TRBV20-1,TRBJ2-1,SASTGGGNEKF,1
TRBV20-1,TRBJ2-1,SASTGGGNEQF,23
TRBV20-1,TRBJ2-1,SASTGGGNQQF,1
TRBV20-1,TRBJ2-1,SASTGGGRNEQF,1
TRBV20-1,TRBJ2-1,SASTGGGSSYNEQF,1
TRBV20-1,TRBJ2-1,SASTGGGSYNEQF,2
TRBV20-1,TRBJ2-1,SASTGGGYNEQF,5
TRBV20-1,TRBJ2-1,SASTGGHEQF,5
TRBV20-1,TRBJ2-1,SASTGGHNEQF,1
TRBV20-1,TRBJ2-1,SASTGGHRSYNEQF,1
TRBV20-1,TRBJ2-1,SASTGGIAGGNEQF,1
TRBV20-1,TRBJ2-1,SASTGGIDEQF,1
TRBV20-1,TRBJ2-1,SASTGGIGNEQF,4
TRBV20-1,TRBJ2-1,SASTGGIYNEQF,6
TRBV20-1,TRBJ2-1,SASTGGKFNEQF,1
TRBV20-1,TRBJ2-1,SASTGGLADYNEQF,2
TRBV20-1,TRBJ2-1,SASTGGLAGAYNEQF,1
TRBV20-1,TRBJ2-1,SASTGGLAGSDEQF,6
TRBV20-1,TRBJ2-1,SASTGGLARNEQF,2
TRBV20-1,TRBJ2-1,SASTGGLDEQF,1
TRBV20-1,TRBJ2-1,SASTGGLGNEQF,4
TRBV20-1,TRBJ2-1,SASTGGLLGFNEQF,1
TRBV20-1,TRBJ2-1,SASTGGLNEQF,6
TRBV20-1,TRBJ2-1,SASTGGLVGGEQF,1
TRBV20-1,TRBJ2-1,SASTGGLYNEQF,2
TRBV20-1,TRBJ2-1,SASTGGMGNEQF,1
TRBV20-1,TRBJ2-1,SASTGGMYNEQF,1
TRBV20-1,TRBJ2-1,SASTGGNEQF,28
TRBV20-1,TRBJ2-1,SASTGGNNEQF,2
TRBV20-1,TRBJ2-1,SASTGGNPYNEQF,1
TRBV20-1,TRBJ2-1,SASTGGNSYNEQF,1
TRBV20-1,TRBJ2-1,SASTGGPDEQF,2
TRBV20-1,TRBJ2-1,SASTGGPDNEQF,2
TRBV20-1,TRBJ2-1,SASTGGPFNEQF,1
TRBV20-1,TRBJ2-1,SASTGGPGNEQF,1
TRBV20-1,TRBJ2-1,SASTGGPHEQF,1
TRBV20-1,TRBJ2-1,SASTGGPHPYNEQF,1
TRBV20-1,TRBJ2-1,SASTGGPKNEQF,1
TRBV20-1,TRBJ2-1,SASTGGPLLNTSYNEQF,1
TRBV20-1,TRBJ2-1,SASTGGPLYNEQF,1
TRBV20-1,TRBJ2-1,SASTGGPNEQF,3
TRBV20-1,TRBJ2-1,SASTGGPRNEQF,3
TRBV20-1,TRBJ2-1,SASTGGPSYNEQF,6
TRBV20-1,TRBJ2-1,SASTGGPTSYNEQF,1
TRBV20-1,TRBJ2-1,SASTGGPYEQF,1
TRBV20-1,TRBJ2-1,SASTGGPYNEQF,6
TRBV20-1,TRBJ2-1,SASTGGQINEQF,1
TRBV20-1,TRBJ2-1,SASTGGQSGNEQF,6
TRBV20-1,TRBJ2-1,SASTGGQYNEQF,2
TRBV20-1,TRBJ2-1,SASTGGRAHEQF,2
TRBV20-1,TRBJ2-1,SASTGGRDEQF,4
TRBV20-1,TRBJ2-1,SASTGGRDYNEQF,7
TRBV20-1,TRBJ2-1,SASTGGREFLSYNEQF,4
TRBV20-1,TRBJ2-1,SASTGGRHEQF,1
TRBV20-1,TRBJ2-1,SASTGGRHYNEQF,1
TRBV20-1,TRBJ2-1,SASTGGRLVDEQF,1
TRBV20-1,TRBJ2-1,SASTGGRNEQF,2
TRBV20-1,TRBJ2-1,SASTGGRNNEQF,2
TRBV20-1,TRBJ2-1,SASTGGRSYNEQF,3
TRBV20-1,TRBJ2-1,SASTGGRVGNEQF,1
TRBV20-1,TRBJ2-1,SASTGGSFPPSYNEQF,1
TRBV20-1,TRBJ2-1,SASTGGSGDEQF,1
TRBV20-1,TRBJ2-1,SASTGGSGGSYNEQF,1
TRBV20-1,TRBJ2-1,SASTGGSGGTSYNEQF,1
TRBV20-1,TRBJ2-1,SASTGGSGRAGEF,2
TRBV20-1,TRBJ2-1,SASTGGSGYNEQF,1
TRBV20-1,TRBJ2-1,SASTGGSKNEQF,1
TRBV20-1,TRBJ2-1,SASTGGSLHNEQF,1
TRBV20-1,TRBJ2-1,SASTGGSNEQF,1
TRBV20-1,TRBJ2-1,SASTGGSSNEQF,1
TRBV20-1,TRBJ2-1,SASTGGSSYNEQF,11
TRBV20-1,TRBJ2-1,SASTGGSTNEQF,1
TRBV20-1,TRBJ2-1,SASTGGSWYEQF,1
TRBV20-1,TRBJ2-1,SASTGGSYNEQF,33
TRBV20-1,TRBJ2-1,SASTGGSYNNEQF,1
TRBV20-1,TRBJ2-1,SASTGGTDEQF,1
TRBV20-1,TRBJ2-1,SASTGGTNEQF,1
TRBV20-1,TRBJ2-1,SASTGGTPNNEQF,1
TRBV20-1,TRBJ2-1,SASTGGTQYTSNEQF,1
TRBV20-1,TRBJ2-1,SASTGGTRHDEQF,1
TRBV20-1,TRBJ2-1,SASTGGTSGNEQF,1
TRBV20-1,TRBJ2-1,SASTGGTYNEQF,4
TRBV20-1,TRBJ2-1,SASTGGVDEQF,2
TRBV20-1,TRBJ2-1,SASTGGVFFSGNEQF,1
TRBV20-1,TRBJ2-1,SASTGGVHEQF,1
TRBV20-1,TRBJ2-1,SASTGGVLYNEQF,1
TRBV20-1,TRBJ2-1,SASTGGVNEQF,1
TRBV20-1,TRBJ2-1,SASTGGVNHEQF,1
TRBV20-1,TRBJ2-1,SASTGGVNNEQF,3
TRBV20-1,TRBJ2-1,SASTGGVRANEQF,1
TRBV20-1,TRBJ2-1,SASTGGVRNEQF,2
TRBV20-1,TRBJ2-1,SASTGGVYNEQF,1
TRBV20-1,TRBJ2-1,SASTGGWDEQF,1
TRBV20-1,TRBJ2-1,SASTGGWDNEQF,1
TRBV20-1,TRBJ2-1,SASTGGWEQF,1
TRBV20-1,TRBJ2-1,SASTGGWPSGRYNEQF,1
TRBV20-1,TRBJ2-1,SASTGGWVEQF,3
TRBV20-1,TRBJ2-1,SASTGGYEQF,2
TRBV20-1,TRBJ2-1,SASTGGYGGTYNEQF,1
TRBV20-1,TRBJ2-1,SASTGGYHNEQF,1
TRBV20-1,TRBJ2-1,SASTGGYLNEQF,1
TRBV20-1,TRBJ2-1,SASTGGYNEQF,8
TRBV20-1,TRBJ2-1,SASTGGYSSGYNEQF,3
TRBV20-1,TRBJ2-1,SASTGGYSYNEQF,1
TRBV20-1,TRBJ2-1,SASTGGYYNEQF,5
TRBV20-1,TRBJ2-1,SASTGHAYNEQF,1
TRBV20-1,TRBJ2-1,SASTGHEQF,1
TRBV20-1,TRBJ2-1,SASTGHLRDEQF,1
TRBV20-1,TRBJ2-1,SASTGHNEQF,5
TRBV20-1,TRBJ2-1,SASTGHRLSYNEQF,1
TRBV20-1,TRBJ2-1,SASTGHSYNEQF,2
TRBV20-1,TRBJ2-1,SASTGHTSYNEQF,1
TRBV20-1,TRBJ2-1,SASTGHVVSYNEQF,1
TRBV20-1,TRBJ2-1,SASTGHYNEQF,20
TRBV20-1,TRBJ2-1,SASTGIDSYNEQF,1
TRBV20-1,TRBJ2-1,SASTGIGDEQF,1
TRBV20-1,TRBJ2-1,SASTGIGGHNNEQF,1
TRBV20-1,TRBJ2-1,SASTGIGYNEQF,2
TRBV20-1,TRBJ2-1,SASTGILKNEQF,1
TRBV20-1,TRBJ2-1,SASTGILVNNEQF,1
TRBV20-1,TRBJ2-1,SASTGINSYNEQF,1
TRBV20-1,TRBJ2-1,SASTGIPPNEQF,1
TRBV20-1,TRBJ2-1,SASTGIRGHNEQF,1
TRBV20-1,TRBJ2-1,SASTGIRSYNEQF,1
TRBV20-1,TRBJ2-1,SASTGISDNEQF,1
TRBV20-1,TRBJ2-1,SASTGISHEQF,1
TRBV20-1,TRBJ2-1,SASTGISSYNEQF,3
TRBV20-1,TRBJ2-1,SASTGISYNEQF,1
TRBV20-1,TRBJ2-1,SASTGIVSNEQF,1
TRBV20-1,TRBJ2-1,SASTGIYNEQF,7
TRBV20-1,TRBJ2-1,SASTGKDEQF,1
TRBV20-1,TRBJ2-1,SASTGKESYNEQF,1
TRBV20-1,TRBJ2-1,SASTGKGDEQF,1
TRBV20-1,TRBJ2-1,SASTGKGNEQF,5
TRBV20-1,TRBJ2-1,SASTGKLAANEQF,1
TRBV20-1,TRBJ2-1,SASTGKLYNEQF,1
TRBV20-1,TRBJ2-1,SASTGKLYRNEQF,1
TRBV20-1,TRBJ2-1,SASTGKNEQF,1
TRBV20-1,TRBJ2-1,SASTGKRSYNEQF,1
TRBV20-1,TRBJ2-1,SASTGKSSYNEQF,1
TRBV20-1,TRBJ2-1,SASTGKVLNEQF,1
TRBV20-1,TRBJ2-1,SASTGKVNEQF,1
TRBV20-1,TRBJ2-1,SASTGKYHYNEQF,2
TRBV20-1,TRBJ2-1,SASTGKYNEQF,4
TRBV20-1,TRBJ2-1,SASTGLAARSYNEQF,1
TRBV20-1,TRBJ2-1,SASTGLAASNEQF,1
TRBV20-1,TRBJ2-1,SASTGLAAYNEQF,1
TRBV20-1,TRBJ2-1,SASTGLADSSYNEQF,1
TRBV20-1,TRBJ2-1,SASTGLADSYNEQF,1
TRBV20-1,TRBJ2-1,SASTGLAEAYNEQF,1
TRBV20-1,TRBJ2-1,SASTGLAEFDNEQF,1
TRBV20-1,TRBJ2-1,SASTGLAESSYNEQF,4
TRBV20-1,TRBJ2-1,SASTGLAESYNEQF,1
TRBV20-1,TRBJ2-1,SASTGLAGAGNEQF,2
TRBV20-1,TRBJ2-1,SASTGLAGDGSDEQF,1
TRBV20-1,TRBJ2-1,SASTGLAGDNEQF,3
TRBV20-1,TRBJ2-1,SASTGLAGDYEQF,1
TRBV20-1,TRBJ2-1,SASTGLAGEAPYNEQF,2
TRBV20-1,TRBJ2-1,SASTGLAGEGGYNEQF,1
TRBV20-1,TRBJ2-1,SASTGLAGEQF,1
TRBV20-1,TRBJ2-1,SASTGLAGESSYNEQF,1
TRBV20-1,TRBJ2-1,SASTGLAGEYEQF,1
TRBV20-1,TRBJ2-1,SASTGLAGEYNEQF,1
TRBV20-1,TRBJ2-1,SASTGLAGGFEQF,3
TRBV20-1,TRBJ2-1,SASTGLAGGFYNEQF,1
TRBV20-1,TRBJ2-1,SASTGLAGGGAYNEQF,1
TRBV20-1,TRBJ2-1,SASTGLAGGGSYNEQF,1
TRBV20-1,TRBJ2-1,SASTGLAGGHEQF,1
TRBV20-1,TRBJ2-1,SASTGLAGGHYNEQF,1
TRBV20-1,TRBJ2-1,SASTGLAGGRNEQF,5
TRBV20-1,TRBJ2-1,SASTGLAGGSYNEQF,2
TRBV20-1,TRBJ2-1,SASTGLAGGTSSYNEQF,1
TRBV20-1,TRBJ2-1,SASTGLAGGVNEQF,1
TRBV20-1,TRBJ2-1,SASTGLAGHEQF,1
TRBV20-1,TRBJ2-1,SASTGLAGIRF,1
TRBV20-1,TRBJ2-1,SASTGLAGLNEQF,1
TRBV20-1,TRBJ2-1,SASTGLAGNEQF,3
TRBV20-1,TRBJ2-1,SASTGLAGNSYNEQF,5
TRBV20-1,TRBJ2-1,SASTGLAGRNEQF,1
TRBV20-1,TRBJ2-1,SASTGLAGRSSYNEQF,1
TRBV20-1,TRBJ2-1,SASTGLAGSNEQF,1
TRBV20-1,TRBJ2-1,SASTGLAGSYNEQF,1
TRBV20-1,TRBJ2-1,SASTGLAGTNEQF,1
TRBV20-1,TRBJ2-1,SASTGLAGVDEQF,2
TRBV20-1,TRBJ2-1,SASTGLAGVYEQF,1
TRBV20-1,TRBJ2-1,SASTGLAGYEQF,1
TRBV20-1,TRBJ2-1,SASTGLAGYNEQF,3
TRBV20-1,TRBJ2-1,SASTGLAHDNEQF,1
TRBV20-1,TRBJ2-1,SASTGLAIDNEQF,1
TRBV20-1,TRBJ2-1,SASTGLALNVGSYNEQF,1
TRBV20-1,TRBJ2-1,SASTGLALSYNEQF,1
TRBV20-1,TRBJ2-1,SASTGLALTYNEQF,2
TRBV20-1,TRBJ2-1,SASTGLANEQF,4
TRBV20-1,TRBJ2-1,SASTGLANSYNEQF,4
TRBV20-1,TRBJ2-1,SASTGLAPNNEQF,1
TRBV20-1,TRBJ2-1,SASTGLAPSGTYNEQF,2
TRBV20-1,TRBJ2-1,SASTGLARYNEQF,11
TRBV20-1,TRBJ2-1,SASTGLASSNEQF,1
TRBV20-1,TRBJ2-1,SASTGLATPGSSYNEQF,1
TRBV20-1,TRBJ2-1,SASTGLATYNEQF,1
TRBV20-1,TRBJ2-1,SASTGLAVDEQF,1
TRBV20-1,TRBJ2-1,SASTGLAVRDEQF,1
TRBV20-1,TRBJ2-1,SASTGLAVYNEQF,4
TRBV20-1,TRBJ2-1,SASTGLAYIHEQF,1
TRBV20-1,TRBJ2-1,SASTGLAYNEQF,3
TRBV20-1,TRBJ2-1,SASTGLAYNNEQF,1
TRBV20-1,TRBJ2-1,SASTGLDDTEQF,1
TRBV20-1,TRBJ2-1,SASTGLDEQF,1
TRBV20-1,TRBJ2-1,SASTGLDNEQF,8
TRBV20-1,TRBJ2-1,SASTGLDYNEQF,1
TRBV20-1,TRBJ2-1,SASTGLFPNNEQF,1
TRBV20-1,TRBJ2-1,SASTGLGAPNEQF,4
TRBV20-1,TRBJ2-1,SASTGLGDEQF,1
TRBV20-1,TRBJ2-1,SASTGLGDNEQF,1
TRBV20-1,TRBJ2-1,SASTGLGGNEQF,1
TRBV20-1,TRBJ2-1,SASTGLGGNNEQF,1
TRBV20-1,TRBJ2-1,SASTGLGGVSSYNEQF,2
TRBV20-1,TRBJ2-1,SASTGLGIYEQF,1
TRBV20-1,TRBJ2-1,SASTGLGKDEQF,1
TRBV20-1,TRBJ2-1,SASTGLGNEQF,3
TRBV20-1,TRBJ2-1,SASTGLGSYNEQF,1
TRBV20-1,TRBJ2-1,SASTGLGTGNEQF,1
TRBV20-1,TRBJ2-1,SASTGLGYNEQF,3
TRBV20-1,TRBJ2-1,SASTGLHNEQF,1
TRBV20-1,TRBJ2-1,SASTGLIDHSYNEQF,1
TRBV20-1,TRBJ2-1,SASTGLIDLHNEQF,1
TRBV20-1,TRBJ2-1,SASTGLIHYNEQF,1
TRBV20-1,TRBJ2-1,SASTGLISYNEQF,1
TRBV20-1,TRBJ2-1,SASTGLLANEQF,1
TRBV20-1,TRBJ2-1,SASTGLLENEQF,1
TRBV20-1,TRBJ2-1,SASTGLLGQSYNEQF,1
TRBV20-1,TRBJ2-1,SASTGLLIYNEQF,1
TRBV20-1,TRBJ2-1,SASTGLLYNEQF,1
TRBV20-1,TRBJ2-1,SASTGLNEQF,6
TRBV20-1,TRBJ2-1,SASTGLNNEQF,1
TRBV20-1,TRBJ2-1,SASTGLPSNEQF,1
TRBV20-1,TRBJ2-1,SASTGLPSYNEQF,1
TRBV20-1,TRBJ2-1,SASTGLPYNEQF,1
TRBV20-1,TRBJ2-1,SASTGLRSGNEQF,5
TRBV20-1,TRBJ2-1,SASTGLRSYNEQF,3
TRBV20-1,TRBJ2-1,SASTGLRWNEQF,1
TRBV20-1,TRBJ2-1,SASTGLRYNEQF,1
TRBV20-1,TRBJ2-1,SASTGLSEQF,3
TRBV20-1,TRBJ2-1,SASTGLSGDNEQF,1
TRBV20-1,TRBJ2-1,SASTGLSISEQF,2
TRBV20-1,TRBJ2-1,SASTGLSLNEQF,3
TRBV20-1,TRBJ2-1,SASTGLSLNQQF,1
TRBV20-1,TRBJ2-1,SASTGLSLYTDEQF,1
TRBV20-1,TRBJ2-1,SASTGLSNEQF,1
TRBV20-1,TRBJ2-1,SASTGLSSRAVTNEQF,1
TRBV20-1,TRBJ2-1,SASTGLSSYNEQF,1
TRBV20-1,TRBJ2-1,SASTGLTDNEQF,1
TRBV20-1,TRBJ2-1,SASTGLTYNEQF,1
TRBV20-1,TRBJ2-1,SASTGLVDNEQF,1
TRBV20-1,TRBJ2-1,SASTGLVFNEQF,1
TRBV20-1,TRBJ2-1,SASTGLVGHNEQF,1
TRBV20-1,TRBJ2-1,SASTGLVLNEQF,1
TRBV20-1,TRBJ2-1,SASTGLVSHNEQF,1
TRBV20-1,TRBJ2-1,SASTGLVSSNEQF,1
TRBV20-1,TRBJ2-1,SASTGLVSYNEQF,2
TRBV20-1,TRBJ2-1,SASTGLVWNEQF,1
TRBV20-1,TRBJ2-1,SASTGLVYNEQF,2
TRBV20-1,TRBJ2-1,SASTGLWDNEQF,1
TRBV20-1,TRBJ2-1,SASTGLWNEQF,1
TRBV20-1,TRBJ2-1,SASTGLWQF,3
TRBV20-1,TRBJ2-1,SASTGLWSSYNEQF,1
TRBV20-1,TRBJ2-1,SASTGLYNEQF,11
TRBV20-1,TRBJ2-1,SASTGMAYNEQF,1
TRBV20-1,TRBJ2-1,SASTGMEGLYNEQF,1
TRBV20-1,TRBJ2-1,SASTGMGDEQF,1
TRBV20-1,TRBJ2-1,SASTGMINNEQF,1
TRBV20-1,TRBJ2-1,SASTGMNNEQF,5
TRBV20-1,TRBJ2-1,SASTGMPYNEQF,1
TRBV20-1,TRBJ2-1,SASTGMVDEQF,1
TRBV20-1,TRBJ2-1,SASTGMVSNALF,1
TRBV20-1,TRBJ2-1,SASTGMYNEQF,1
TRBV20-1,TRBJ2-1,SASTGMYYNEQF,1
TRBV20-1,TRBJ2-1,SASTGNAYNEQF,4
TRBV20-1,TRBJ2-1,SASTGNEQF,21
TRBV20-1,TRBJ2-1,SASTGNEVNEQF,5
TRBV20-1,TRBJ2-1,SASTGNHEQF,1
TRBV20-1,TRBJ2-1,SASTGNKNEQF,1
TRBV20-1,TRBJ2-1,SASTGNLASYNEQF,1
TRBV20-1,TRBJ2-1,SASTGNLNEQF,2
TRBV20-1,TRBJ2-1,SASTGNNEQF,12
TRBV20-1,TRBJ2-1,SASTGNPSSYNEQF,1
TRBV20-1,TRBJ2-1,SASTGNPYNEQF,1
TRBV20-1,TRBJ2-1,SASTGNSIYNEQF,1
TRBV20-1,TRBJ2-1,SASTGNSYNEQF,3
TRBV20-1,TRBJ2-1,SASTGNTPLGNEQF,1
TRBV20-1,TRBJ2-1,SASTGNYNEQF,6
TRBV20-1,TRBJ2-1,SASTGPAYNEQF,1
TRBV20-1,TRBJ2-1,SASTGPFYNEQF,1
TRBV20-1,TRBJ2-1,SASTGPGDPDPLYYNEQF,1
TRBV20-1,TRBJ2-1,SASTGPGLAGASYNEQF,3
TRBV20-1,TRBJ2-1,SASTGPGLAVYNEQF,1
TRBV20-1,TRBJ2-1,SASTGPGNEQF,1
TRBV20-1,TRBJ2-1,SASTGPHDEQF,1
TRBV20-1,TRBJ2-1,SASTGPHEQF,1
TRBV20-1,TRBJ2-1,SASTGPISYNEQF,1
TRBV20-1,TRBJ2-1,SASTGPKRNEQF,1
TRBV20-1,TRBJ2-1,SASTGPLDNEQF,1
TRBV20-1,TRBJ2-1,SASTGPLGYNEQF,1
TRBV20-1,TRBJ2-1,SASTGPLNEQF,1
TRBV20-1,TRBJ2-1,SASTGPNEQF,6
TRBV20-1,TRBJ2-1,SASTGPRAGTHEQF,1
TRBV20-1,TRBJ2-1,SASTGPRNEQF,2
TRBV20-1,TRBJ2-1,SASTGPSGRINEQF,1
TRBV20-1,TRBJ2-1,SASTGPSSYNEQF,7
TRBV20-1,TRBJ2-1,SASTGPSVYNEQF,1
TRBV20-1,TRBJ2-1,SASTGPSYNEQF,8
TRBV20-1,TRBJ2-1,SASTGPTANEQF,1
TRBV20-1,TRBJ2-1,SASTGPTSYNEQF,1
TRBV20-1,TRBJ2-1,SASTGPTYNEQF,2
TRBV20-1,TRBJ2-1,SASTGPWDYNEQF,1
TRBV20-1,TRBJ2-1,SASTGPYEQF,1
TRBV20-1,TRBJ2-1,SASTGPYNAQF,1
TRBV20-1,TRBJ2-1,SASTGPYNEQF,16
TRBV20-1,TRBJ2-1,SASTGPYNSNEQF,1
TRBV20-1,TRBJ2-1,SASTGQAGVDEQF,1
TRBV20-1,TRBJ2-1,SASTGQASSYNEQF,1
TRBV20-1,TRBJ2-1,SASTGQAYNEQF,1
TRBV20-1,TRBJ2-1,SASTGQDYYNEQF,1
TRBV20-1,TRBJ2-1,SASTGQEMYNEQF,2
TRBV20-1,TRBJ2-1,SASTGQFGSSYNEQF,1
TRBV20-1,TRBJ2-1,SASTGQGAGGSSYNEQF,1
TRBV20-1,TRBJ2-1,SASTGQGAKSSYNEQF,1
TRBV20-1,TRBJ2-1,SASTGQGARNEQF,1
TRBV20-1,TRBJ2-1,SASTGQGAVNEQF,3
TRBV20-1,TRBJ2-1,SASTGQGGDEQF,1
TRBV20-1,TRBJ2-1,SASTGQGGNEQF,2
TRBV20-1,TRBJ2-1,SASTGQGGSYNEQF,1
TRBV20-1,TRBJ2-1,SASTGQGGWDEQF,2
TRBV20-1,TRBJ2-1,SASTGQGIDEQF,1
TRBV20-1,TRBJ2-1,SASTGQGIYNEQF,1
TRBV20-1,TRBJ2-1,SASTGQGNFYNEQF,1
TRBV20-1,TRBJ2-1,SASTGQGNNEQF,1
TRBV20-1,TRBJ2-1,SASTGQGQIYSYNEQF,1
TRBV20-1,TRBJ2-1,SASTGQGSSYNEQF,1
TRBV20-1,TRBJ2-1,SASTGQGSYNEQF,2
TRBV20-1,TRBJ2-1,SASTGQGVDNEQF,2
TRBV20-1,TRBJ2-1,SASTGQGVNEQF,1
TRBV20-1,TRBJ2-1,SASTGQGVRDEQF,1
TRBV20-1,TRBJ2-1,SASTGQGVYNEQF,1
TRBV20-1,TRBJ2-1,SASTGQGYNEQF,7
TRBV20-1,TRBJ2-1,SASTGQKGYNEQF,1
TRBV20-1,TRBJ2-1,SASTGQLSSNEQF,1
TRBV20-1,TRBJ2-1,SASTGQNNEQF,1
TRBV20-1,TRBJ2-1,SASTGQPNYNEQF,1
TRBV20-1,TRBJ2-1,SASTGQPYNEQF,1
TRBV20-1,TRBJ2-1,SASTGQQF,5
TRBV20-1,TRBJ2-1,SASTGQRYNEQF,1
TRBV20-1,TRBJ2-1,SASTGQSSYNEQF,1
TRBV20-1,TRBJ2-1,SASTGQSYNEQF,1
TRBV20-1,TRBJ2-1,SASTGQTNEQF,1
TRBV20-1,TRBJ2-1,SASTGQTPPNNEQF,1
TRBV20-1,TRBJ2-1,SASTGQVPYNEQF,2
TRBV20-1,TRBJ2-1,SASTGQVYNEQF,1
TRBV20-1,TRBJ2-1,SASTGQYEQF,1
TRBV20-1,TRBJ2-1,SASTGQYNEQF,8
TRBV20-1,TRBJ2-1,SASTGRAAYNEQF,1
TRBV20-1,TRBJ2-1,SASTGRAGGLYNEQF,1
TRBV20-1,TRBJ2-1,SASTGRAGGPEQF,2
TRBV20-1,TRBJ2-1,SASTGRAGINEQF,1
TRBV20-1,TRBJ2-1,SASTGRAGVPEQF,6
TRBV20-1,TRBJ2-1,SASTGRAGVPGQF,1
TRBV20-1,TRBJ2-1,SASTGRAIHEQF,1
TRBV20-1,TRBJ2-1,SASTGRALNEQF,1
TRBV20-1,TRBJ2-1,SASTGRAPYNEQF,1
TRBV20-1,TRBJ2-1,SASTGRARYNEQF,1
TRBV20-1,TRBJ2-1,SASTGRASNEQF,1
TRBV20-1,TRBJ2-1,SASTGRASYNEQF,1
TRBV20-1,TRBJ2-1,SASTGRAVYNEQF,1
TRBV20-1,TRBJ2-1,SASTGRAYNEQF,1
TRBV20-1,TRBJ2-1,SASTGRDEQF,1
TRBV20-1,TRBJ2-1,SASTGRDRNEQF,1
TRBV20-1,TRBJ2-1,SASTGRDSYNEQF,1
TRBV20-1,TRBJ2-1,SASTGREIYNEQF,1
TRBV20-1,TRBJ2-1,SASTGRFDEQF,1
TRBV20-1,TRBJ2-1,SASTGRFRNEQF,1
TRBV20-1,TRBJ2-1,SASTGRGANNEQF,1
TRBV20-1,TRBJ2-1,SASTGRGFDEQF,1
TRBV20-1,TRBJ2-1,SASTGRGGVYNEQF,1
TRBV20-1,TRBJ2-1,SASTGRGHNEQF,1
TRBV20-1,TRBJ2-1,SASTGRGNEQF,5
TRBV20-1,TRBJ2-1,SASTGRGQYNEQF,1
TRBV20-1,TRBJ2-1,SASTGRGSGNEQF,1
TRBV20-1,TRBJ2-1,SASTGRGSNEQF,1
TRBV20-1,TRBJ2-1,SASTGRGYNEQF,2
TRBV20-1,TRBJ2-1,SASTGRHAPGNEQF,1
TRBV20-1,TRBJ2-1,SASTGRHNEQF,5
TRBV20-1,TRBJ2-1,SASTGRIHNEQF,1
TRBV20-1,TRBJ2-1,SASTGRIYNEQF,1
TRBV20-1,TRBJ2-1,SASTGRKNNEQF,1
TRBV20-1,TRBJ2-1,SASTGRKPLDEQF,1
TRBV20-1,TRBJ2-1,SASTGRLDEQF,1
TRBV20-1,TRBJ2-1,SASTGRLGIGYNEQF,1
TRBV20-1,TRBJ2-1,SASTGRLNEQF,1
TRBV20-1,TRBJ2-1,SASTGRLPSYNEQF,1
TRBV20-1,TRBJ2-1,SASTGRNEQF,1
TRBV20-1,TRBJ2-1,SASTGRNIEQF,1
TRBV20-1,TRBJ2-1,SASTGRNNEQF,16
TRBV20-1,TRBJ2-1,SASTGRPGNEQF,2
TRBV20-1,TRBJ2-1,SASTGRPSYNEQF,1
TRBV20-1,TRBJ2-1,SASTGRPYIEQF,1
TRBV20-1,TRBJ2-1,SASTGRPYNEQF,7
TRBV20-1,TRBJ2-1,SASTGRQTYNEQF,1
TRBV20-1,TRBJ2-1,SASTGRRDDEQF,6
TRBV20-1,TRBJ2-1,SASTGRRGNEQF,1
TRBV20-1,TRBJ2-1,SASTGRRHNEQF,2
TRBV20-1,TRBJ2-1,SASTGRRLNEQF,1
TRBV20-1,TRBJ2-1,SASTGRSSYNEQF,2
TRBV20-1,TRBJ2-1,SASTGRSYNEQF,18
TRBV20-1,TRBJ2-1,SASTGRTAYNEQF,1
TRBV20-1,TRBJ2-1,SASTGRTGNEQF,1
TRBV20-1,TRBJ2-1,SASTGRTHYNEQF,1
TRBV20-1,TRBJ2-1,SASTGRTPFDEQF,1
TRBV20-1,TRBJ2-1,SASTGRTYNEQF,5
TRBV20-1,TRBJ2-1,SASTGRVAGKDEQF,1
TRBV20-1,TRBJ2-1,SASTGRVDNEQF,1
TRBV20-1,TRBJ2-1,SASTGRVHNEQF,1
TRBV20-1,TRBJ2-1,SASTGRVHYNEQF,1
TRBV20-1,TRBJ2-1,SASTGRVLSSYNEQF,1
TRBV20-1,TRBJ2-1,SASTGRVNEQF,1
TRBV20-1,TRBJ2-1,SASTGRVTYNEQF,3
TRBV20-1,TRBJ2-1,SASTGRVYNEQF,2
TRBV20-1,TRBJ2-1,SASTGRWFDEQF,1
TRBV20-1,TRBJ2-1,SASTGRYNEQF,1
TRBV20-1,TRBJ2-1,SASTGSASYNEQF,1
TRBV20-1,TRBJ2-1,SASTGSAYNEQF,2
TRBV20-1,TRBJ2-1,SASTGSDDEQF,1
TRBV20-1,TRBJ2-1,SASTGSDEQF,1
TRBV20-1,TRBJ2-1,SASTGSEYNEQF,1
TRBV20-1,TRBJ2-1,SASTGSFLNEQF,1
TRBV20-1,TRBJ2-1,SASTGSFYNEQF,1
TRBV20-1,TRBJ2-1,SASTGSGFDNEQF,1
TRBV20-1,TRBJ2-1,SASTGSGGGGGNEQF,1
TRBV20-1,TRBJ2-1,SASTGSGMYNEQF,1
TRBV20-1,TRBJ2-1,SASTGSGNEQF,1
TRBV20-1,TRBJ2-1,SASTGSGNNEQF,1
TRBV20-1,TRBJ2-1,SASTGSGSYNEQF,7
TRBV20-1,TRBJ2-1,SASTGSGTYNEQF,10
TRBV20-1,TRBJ2-1,SASTGSGYNEQF,1
TRBV20-1,TRBJ2-1,SASTGSGYYNEQF,1
TRBV20-1,TRBJ2-1,SASTGSHGDVSYNEQF,1
TRBV20-1,TRBJ2-1,SASTGSIYNEQF,3
TRBV20-1,TRBJ2-1,SASTGSLANEQF,3
TRBV20-1,TRBJ2-1,SASTGSLLNEQF,1
TRBV20-1,TRBJ2-1,SASTGSLTYNEQF,1
TRBV20-1,TRBJ2-1,SASTGSLVLFNEQF,1
TRBV20-1,TRBJ2-1,SASTGSLYNEQF,1
TRBV20-1,TRBJ2-1,SASTGSNEQF,15
TRBV20-1,TRBJ2-1,SASTGSNPHNEQF,1
TRBV20-1,TRBJ2-1,SASTGSPSYNEQF,1
TRBV20-1,TRBJ2-1,SASTGSPYNEQF,1
TRBV20-1,TRBJ2-1,SASTGSQPPAYNEQF,1
TRBV20-1,TRBJ2-1,SASTGSQYEQF,1
TRBV20-1,TRBJ2-1,SASTGSRHNEQF,1
TRBV20-1,TRBJ2-1,SASTGSSDNEQF,1
TRBV20-1,TRBJ2-1,SASTGSSDNGQF,1
TRBV20-1,TRBJ2-1,SASTGSSGGPGNEQF,4
TRBV20-1,TRBJ2-1,SASTGSSNEQF,5
TRBV20-1,TRBJ2-1,SASTGSSRYNEQF,1
TRBV20-1,TRBJ2-1,SASTGSSSYNEQF,2
TRBV20-1,TRBJ2-1,SASTGSSYNEQF,62
TRBV20-1,TRBJ2-1,SASTGSSYSEQF,1
TRBV20-1,TRBJ2-1,SASTGSTYNEQF,3
TRBV20-1,TRBJ2-1,SASTGSVDEQF,1
TRBV20-1,TRBJ2-1,SASTGSVSYNEQF,2
TRBV20-1,TRBJ2-1,SASTGSWEQF,1
TRBV20-1,TRBJ2-1,SASTGSYAYNEQF,1
TRBV20-1,TRBJ2-1,SASTGSYAYNGQV,1
TRBV20-1,TRBJ2-1,SASTGSYNEQF,21
TRBV20-1,TRBJ2-1,SASTGSYSYNEQF,1
TRBV20-1,TRBJ2-1,SASTGTAAAEQF,1
TRBV20-1,TRBJ2-1,SASTGTAAAYNEQF,1
TRBV20-1,TRBJ2-1,SASTGTAAKEQF,1
TRBV20-1,TRBJ2-1,SASTGTAANEQF,1
TRBV20-1,TRBJ2-1,SASTGTADNEQF,7
TRBV20-1,TRBJ2-1,SASTGTADYNEQF,2
TRBV20-1,TRBJ2-1,SASTGTAEYNEQF,1
TRBV20-1,TRBJ2-1,SASTGTAFNEQF,1
TRBV20-1,TRBJ2-1,SASTGTAGYNEQF,1
TRBV20-1,TRBJ2-1,SASTGTALNNEQF,2
TRBV20-1,TRBJ2-1,SASTGTANEQF,2
TRBV20-1,TRBJ2-1,SASTGTANNEQF,1
TRBV20-1,TRBJ2-1,SASTGTAPYSYNEQF,3
TRBV20-1,TRBJ2-1,SASTGTASSYNEQF,1
TRBV20-1,TRBJ2-1,SASTGTASYNEQF,1
TRBV20-1,TRBJ2-1,SASTGTATYNEQF,1
TRBV20-1,TRBJ2-1,SASTGTAVNEQF,13
TRBV20-1,TRBJ2-1,SASTGTAYNEQF,5
TRBV20-1,TRBJ2-1,SASTGTDAYNEQF,1
TRBV20-1,TRBJ2-1,SASTGTDEQF,1
TRBV20-1,TRBJ2-1,SASTGTDGANEQF,1
TRBV20-1,TRBJ2-1,SASTGTDPYNEQF,2
TRBV20-1,TRBJ2-1,SASTGTDRWDEQF,28
TRBV20-1,TRBJ2-1,SASTGTDSNNEQF,1
TRBV20-1,TRBJ2-1,SASTGTDSYNEQF,2
TRBV20-1,TRBJ2-1,SASTGTDTYNEQF,1
TRBV20-1,TRBJ2-1,SASTGTDYNEQF,1
TRBV20-1,TRBJ2-1,SASTGTEIYNEQF,1
TRBV20-1,TRBJ2-1,SASTGTETYNEQF,2
TRBV20-1,TRBJ2-1,SASTGTFNEQF,1
TRBV20-1,TRBJ2-1,SASTGTFYNEQF,1
TRBV20-1,TRBJ2-1,SASTGTGAHNEQF,1
TRBV20-1,TRBJ2-1,SASTGTGALNEQF,1
TRBV20-1,TRBJ2-1,SASTGTGANNEQF,1
TRBV20-1,TRBJ2-1,SASTGTGASNEQF,2
TRBV20-1,TRBJ2-1,SASTGTGAYEQF,1
TRBV20-1,TRBJ2-1,SASTGTGDANEQF,1
TRBV20-1,TRBJ2-1,SASTGTGDEQF,1
TRBV20-1,TRBJ2-1,SASTGTGDGNEQF,1
TRBV20-1,TRBJ2-1,SASTGTGDNEQF,4
TRBV20-1,TRBJ2-1,SASTGTGDYNEQF,2
TRBV20-1,TRBJ2-1,SASTGTGEGNEQF,1
TRBV20-1,TRBJ2-1,SASTGTGENEQF,1
TRBV20-1,TRBJ2-1,SASTGTGFPYSSNEQF,1
TRBV20-1,TRBJ2-1,SASTGTGGDEQF,1
TRBV20-1,TRBJ2-1,SASTGTGGFNEQF,1
TRBV20-1,TRBJ2-1,SASTGTGGLVAGSAYNEQF,1
TRBV20-1,TRBJ2-1,SASTGTGGNEQF,4
TRBV20-1,TRBJ2-1,SASTGTGGPISDDEQF,1
TRBV20-1,TRBJ2-1,SASTGTGGRNEQF,1
TRBV20-1,TRBJ2-1,SASTGTGGYNEQF,9
TRBV20-1,TRBJ2-1,SASTGTGHYYNEQF,1
TRBV20-1,TRBJ2-1,SASTGTGKNEQF,1
TRBV20-1,TRBJ2-1,SASTGTGLAPAGRSSYNEQF,1
TRBV20-1,TRBJ2-1,SASTGTGLHEQF,1
TRBV20-1,TRBJ2-1,SASTGTGLSGYEQF,1
TRBV20-1,TRBJ2-1,SASTGTGLSNEQF,1
TRBV20-1,TRBJ2-1,SASTGTGLTRSYNEQF,1
TRBV20-1,TRBJ2-1,SASTGTGLWDEQF,1
TRBV20-1,TRBJ2-1,SASTGTGLYNEQF,6
TRBV20-1,TRBJ2-1,SASTGTGNEQF,1
TRBV20-1,TRBJ2-1,SASTGTGNNEQF,4
TRBV20-1,TRBJ2-1,SASTGTGPNEQF,2
TRBV20-1,TRBJ2-1,SASTGTGPNNEQF,1
TRBV20-1,TRBJ2-1,SASTGTGPYNEQF,2
TRBV20-1,TRBJ2-1,SASTGTGQYNEQF,1
TRBV20-1,TRBJ2-1,SASTGTGRKWFNEQF,1
TRBV20-1,TRBJ2-1,SASTGTGRNEQF,1
TRBV20-1,TRBJ2-1,SASTGTGRSSYNEQF,1
TRBV20-1,TRBJ2-1,SASTGTGRSYNEQF,1
TRBV20-1,TRBJ2-1,SASTGTGRWDEQF,1
TRBV20-1,TRBJ2-1,SASTGTGSFDEQF,1
TRBV20-1,TRBJ2-1,SASTGTGSNEQF,13
TRBV20-1,TRBJ2-1,SASTGTGSSYNEQF,1
TRBV20-1,TRBJ2-1,SASTGTGSYNEQF,14
TRBV20-1,TRBJ2-1,SASTGTGTANEQF,1
TRBV20-1,TRBJ2-1,SASTGTGTNEQF,2
TRBV20-1,TRBJ2-1,SASTGTGTYNEQF,2
TRBV20-1,TRBJ2-1,SASTGTGVFNEQF,1
TRBV20-1,TRBJ2-1,SASTGTGVGNEQF,1
TRBV20-1,TRBJ2-1,SASTGTGVINEQF,1
TRBV20-1,TRBJ2-1,SASTGTGVLDEQF,1
TRBV20-1,TRBJ2-1,SASTGTGVNEQF,1
TRBV20-1,TRBJ2-1,SASTGTGVRNEQF,1
TRBV20-1,TRBJ2-1,SASTGTGVSNEQF,1
TRBV20-1,TRBJ2-1,SASTGTGVTNEQF,1
TRBV20-1,TRBJ2-1,SASTGTGVYNEQF,4
TRBV20-1,TRBJ2-1,SASTGTGYNEQF,6
TRBV20-1,TRBJ2-1,SASTGTHNEQF,2
TRBV20-1,TRBJ2-1,SASTGTHYNEQF,3
TRBV20-1,TRBJ2-1,SASTGTIDEQF,1
TRBV20-1,TRBJ2-1,SASTGTILNEQF,1
TRBV20-1,TRBJ2-1,SASTGTIYNEQF,5
TRBV20-1,TRBJ2-1,SASTGTKDNEQF,1
TRBV20-1,TRBJ2-1,SASTGTKKHNEQF,1
TRBV20-1,TRBJ2-1,SASTGTKPYNEQF,1
TRBV20-1,TRBJ2-1,SASTGTKSYNEQF,2
TRBV20-1,TRBJ2-1,SASTGTLGNEQF,1
TRBV20-1,TRBJ2-1,SASTGTLKSSYNEQF,1
TRBV20-1,TRBJ2-1,SASTGTLSYNEQF,1
TRBV20-1,TRBJ2-1,SASTGTLTYNEQF,1
TRBV20-1,TRBJ2-1,SASTGTLYNEQF,1
TRBV20-1,TRBJ2-1,SASTGTNEQF,1
TRBV20-1,TRBJ2-1,SASTGTNPYNEQF,1
TRBV20-1,TRBJ2-1,SASTGTNQLNEQF,1
TRBV20-1,TRBJ2-1,SASTGTNSYNEQF,1
TRBV20-1,TRBJ2-1,SASTGTNTNEQF,1
TRBV20-1,TRBJ2-1,SASTGTPAYNEQF,1
TRBV20-1,TRBJ2-1,SASTGTPDYNEQF,1
TRBV20-1,TRBJ2-1,SASTGTPQSNEQF,1
TRBV20-1,TRBJ2-1,SASTGTPSYNEQF,6
TRBV20-1,TRBJ2-1,SASTGTPTRDPF,2
TRBV20-1,TRBJ2-1,SASTGTPWDNEQF,1
TRBV20-1,TRBJ2-1,SASTGTQHGYNEQF,1
TRBV20-1,TRBJ2-1,SASTGTRANEQF,1
TRBV20-1,TRBJ2-1,SASTGTRAVNEQF,1
TRBV20-1,TRBJ2-1,SASTGTRGDEQF,3
TRBV20-1,TRBJ2-1,SASTGTRGNEQF,1
TRBV20-1,TRBJ2-1,SASTGTRGYNEQF,4
TRBV20-1,TRBJ2-1,SASTGTRHYNEQF,1
TRBV20-1,TRBJ2-1,SASTGTRLYNEQF,1
TRBV20-1,TRBJ2-1,SASTGTRNLNEQF,1
TRBV20-1,TRBJ2-1,SASTGTRPNEQF,1
TRBV20-1,TRBJ2-1,SASTGTRQGNEQF,1
TRBV20-1,TRBJ2-1,SASTGTRSVNEQF,1
TRBV20-1,TRBJ2-1,SASTGTRSYNEQF,3
TRBV20-1,TRBJ2-1,SASTGTRTTYNEQF,1
TRBV20-1,TRBJ2-1,SASTGTRVDEQF,1
TRBV20-1,TRBJ2-1,SASTGTRVFNEQF,1
TRBV20-1,TRBJ2-1,SASTGTRYNEQF,4
TRBV20-1,TRBJ2-1,SASTGTSANEQF,2
TRBV20-1,TRBJ2-1,SASTGTSAPGAFNEQF,2
TRBV20-1,TRBJ2-1,SASTGTSAYNEQF,9
TRBV20-1,TRBJ2-1,SASTGTSDEPF,1
TRBV20-1,TRBJ2-1,SASTGTSDEQF,11
TRBV20-1,TRBJ2-1,SASTGTSDYEQF,2
TRBV20-1,TRBJ2-1,SASTGTSEAYNEQF,1
TRBV20-1,TRBJ2-1,SASTGTSESNEQF,1
TRBV20-1,TRBJ2-1,SASTGTSEWDEQF,3
TRBV20-1,TRBJ2-1,SASTGTSEYNEQF,1
TRBV20-1,TRBJ2-1,SASTGTSFGYEQF,1
TRBV20-1,TRBJ2-1,SASTGTSFNEQF,1
TRBV20-1,TRBJ2-1,SASTGTSFYEQF,1
TRBV20-1,TRBJ2-1,SASTGTSGADEQF,1
TRBV20-1,TRBJ2-1,SASTGTSGANEQF,1
TRBV20-1,TRBJ2-1,SASTGTSGDEQF,1
TRBV20-1,TRBJ2-1,SASTGTSGDNEQF,1
TRBV20-1,TRBJ2-1,SASTGTSGDNNEQF,3
TRBV20-1,TRBJ2-1,SASTGTSGGDEQF,1
TRBV20-1,TRBJ2-1,SASTGTSGGKEF,1
TRBV20-1,TRBJ2-1,SASTGTSGGLYNEQF,1
TRBV20-1,TRBJ2-1,SASTGTSGGNEQF,2
TRBV20-1,TRBJ2-1,SASTGTSGGRGSYNEQF,1
TRBV20-1,TRBJ2-1,SASTGTSGGVNEQF,1
TRBV20-1,TRBJ2-1,SASTGTSGGYNEQF,1
TRBV20-1,TRBJ2-1,SASTGTSGHNEQF,2
TRBV20-1,TRBJ2-1,SASTGTSGKDEQF,1
TRBV20-1,TRBJ2-1,SASTGTSGKHSYNEQF,2
TRBV20-1,TRBJ2-1,SASTGTSGKSNEQF,8
TRBV20-1,TRBJ2-1,SASTGTSGKSSYNEQF,1
TRBV20-1,TRBJ2-1,SASTGTSGLDNEQF,1
TRBV20-1,TRBJ2-1,SASTGTSGLNEQF,1
TRBV20-1,TRBJ2-1,SASTGTSGLYNEQF,2
TRBV20-1,TRBJ2-1,SASTGTSGMHTYNEQF,1
TRBV20-1,TRBJ2-1,SASTGTSGNNEQF,6
TRBV20-1,TRBJ2-1,SASTGTSGNSGGNEQF,1
TRBV20-1,TRBJ2-1,SASTGTSGNTNEQF,1
TRBV20-1,TRBJ2-1,SASTGTSGPNEQF,1
TRBV20-1,TRBJ2-1,SASTGTSGRAGNEQF,1
TRBV20-1,TRBJ2-1,SASTGTSGRDEQF,2
TRBV20-1,TRBJ2-1,SASTGTSGRDNEQF,1
TRBV20-1,TRBJ2-1,SASTGTSGRFEQF,2
TRBV20-1,TRBJ2-1,SASTGTSGRFWDEQF,2
TRBV20-1,TRBJ2-1,SASTGTSGRGRYNEQF,1
TRBV20-1,TRBJ2-1,SASTGTSGRGSYNEQF,1
TRBV20-1,TRBJ2-1,SASTGTSGRGYDNEQF,1
TRBV20-1,TRBJ2-1,SASTGTSGRIGNNEQF,1
TRBV20-1,TRBJ2-1,SASTGTSGRNEQF,10
TRBV20-1,TRBJ2-1,SASTGTSGRNSYNEQF,1
TRBV20-1,TRBJ2-1,SASTGTSGRRVGNEQF,1
TRBV20-1,TRBJ2-1,SASTGTSGRYEQF,1
TRBV20-1,TRBJ2-1,SASTGTSGRYPYNEQF,1
TRBV20-1,TRBJ2-1,SASTGTSGRYSQSYNEQF,1
TRBV20-1,TRBJ2-1,SASTGTSGSDEQF,3
TRBV20-1,TRBJ2-1,SASTGTSGSLYLGNEQF,1
TRBV20-1,TRBJ2-1,SASTGTSGSMDEQF,1
TRBV20-1,TRBJ2-1,SASTGTSGSNEQF,13
TRBV20-1,TRBJ2-1,SASTGTSGSVDNEQF,1
TRBV20-1,TRBJ2-1,SASTGTSGSYEQF,1
TRBV20-1,TRBJ2-1,SASTGTSGTNEQF,1
TRBV20-1,TRBJ2-1,SASTGTSGVNEQF,1
TRBV20-1,TRBJ2-1,SASTGTSGVYNEQF,3
TRBV20-1,TRBJ2-1,SASTGTSGWDNEQF,1
TRBV20-1,TRBJ2-1,SASTGTSGWNEQF,1
TRBV20-1,TRBJ2-1,SASTGTSGWYEQF,1
TRBV20-1,TRBJ2-1,SASTGTSGYHEQF,2
TRBV20-1,TRBJ2-1,SASTGTSGYNEQF,26
TRBV20-1,TRBJ2-1,SASTGTSGYYEQF,1
TRBV20-1,TRBJ2-1,SASTGTSGYYNEQF,1
TRBV20-1,TRBJ2-1,SASTGTSHSNEQF,1
TRBV20-1,TRBJ2-1,SASTGTSHYNEQF,1
TRBV20-1,TRBJ2-1,SASTGTSIDNEQF,1
TRBV20-1,TRBJ2-1,SASTGTSINEQF,1
TRBV20-1,TRBJ2-1,SASTGTSKSNEQF,1
TRBV20-1,TRBJ2-1,SASTGTSLYNEQF,2
TRBV20-1,TRBJ2-1,SASTGTSNEQF,6
TRBV20-1,TRBJ2-1,SASTGTSNLNEQF,1
TRBV20-1,TRBJ2-1,SASTGTSNNEQF,1
TRBV20-1,TRBJ2-1,SASTGTSNRNEQF,1
TRBV20-1,TRBJ2-1,SASTGTSNYNEQF,3
TRBV20-1,TRBJ2-1,SASTGTSPNNEQF,2
TRBV20-1,TRBJ2-1,SASTGTSPRVAYNEQF,1
TRBV20-1,TRBJ2-1,SASTGTSPSNEQF,1
TRBV20-1,TRBJ2-1,SASTGTSPSSDEQF,1
TRBV20-1,TRBJ2-1,SASTGTSPYNEQF,5
TRBV20-1,TRBJ2-1,SASTGTSQSNEQF,2
TRBV20-1,TRBJ2-1,SASTGTSRNEQF,6
TRBV20-1,TRBJ2-1,SASTGTSRYNEQF,1
TRBV20-1,TRBJ2-1,SASTGTSSHNEQF,1
TRBV20-1,TRBJ2-1,SASTGTSSINEQF,1
TRBV20-1,TRBJ2-1,SASTGTSSSSLYNEQF,1
TRBV20-1,TRBJ2-1,SASTGTSSYNEQF,6
TRBV20-1,TRBJ2-1,SASTGTSTNNEQF,1
TRBV20-1,TRBJ2-1,SASTGTSVDEQF,1
TRBV20-1,TRBJ2-1,SASTGTSVDNEQF,1
TRBV20-1,TRBJ2-1,SASTGTSVKSNEQF,1
TRBV20-1,TRBJ2-1,SASTGTSVLLGDNEQF,1
TRBV20-1,TRBJ2-1,SASTGTSVNEQF,2
TRBV20-1,TRBJ2-1,SASTGTSVNNEQF,1
TRBV20-1,TRBJ2-1,SASTGTSVRNEQF,2
TRBV20-1,TRBJ2-1,SASTGTSVWNEQF,13
TRBV20-1,TRBJ2-1,SASTGTSVWNEQY,1
TRBV20-1,TRBJ2-1,SASTGTSVWYNEQF,1
TRBV20-1,TRBJ2-1,SASTGTSVYNEQF,10
TRBV20-1,TRBJ2-1,SASTGTSYEQF,1
TRBV20-1,TRBJ2-1,SASTGTSYNEQF,5
TRBV20-1,TRBJ2-1,SASTGTSYYNEQF,1
TRBV20-1,TRBJ2-1,SASTGTTDEQF,1
TRBV20-1,TRBJ2-1,SASTGTTDRNEQF,2
TRBV20-1,TRBJ2-1,SASTGTTGVDEQF,1
TRBV20-1,TRBJ2-1,SASTGTTIYNEQF,5
TRBV20-1,TRBJ2-1,SASTGTTNNEQF,3
TRBV20-1,TRBJ2-1,SASTGTTRNEQF,1
TRBV20-1,TRBJ2-1,SASTGTTSDEQF,1
TRBV20-1,TRBJ2-1,SASTGTTSYNEQF,1
TRBV20-1,TRBJ2-1,SASTGTTTWGEQF,1
TRBV20-1,TRBJ2-1,SASTGTTYNEQF,10
TRBV20-1,TRBJ2-1,SASTGTVNEQF,1
TRBV20-1,TRBJ2-1,SASTGTVVYNEQF,1
TRBV20-1,TRBJ2-1,SASTGTVYNEQF,3
TRBV20-1,TRBJ2-1,SASTGTWRSYNEQF,1
TRBV20-1,TRBJ2-1,SASTGTYNEQF,8
TRBV20-1,TRBJ2-1,SASTGTYSYNEQF,1
TRBV20-1,TRBJ2-1,SASTGTYYNEQF,1
TRBV20-1,TRBJ2-1,SASTGVAAYNEQF,1
TRBV20-1,TRBJ2-1,SASTGVAGFYNEQF,1
TRBV20-1,TRBJ2-1,SASTGVASEQF,3
TRBV20-1,TRBJ2-1,SASTGVAYNEQF,5
TRBV20-1,TRBJ2-1,SASTGVDEQF,4
TRBV20-1,TRBJ2-1,SASTGVELGDNEQF,2
TRBV20-1,TRBJ2-1,SASTGVFDNEQF,1
TRBV20-1,TRBJ2-1,SASTGVFNEQF,1
TRBV20-1,TRBJ2-1,SASTGVFYNEQF,1
TRBV20-1,TRBJ2-1,SASTGVGANEQF,1
TRBV20-1,TRBJ2-1,SASTGVGDEQF,1
TRBV20-1,TRBJ2-1,SASTGVGDNEQF,1
TRBV20-1,TRBJ2-1,SASTGVGGFGYNEQF,3
TRBV20-1,TRBJ2-1,SASTGVGGNEQF,1
TRBV20-1,TRBJ2-1,SASTGVGNEQF,8
TRBV20-1,TRBJ2-1,SASTGVGSSYNEQF,6
TRBV20-1,TRBJ2-1,SASTGVGYNEQF,1
TRBV20-1,TRBJ2-1,SASTGVHNEQF,1
TRBV20-1,TRBJ2-1,SASTGVIENEQF,2
TRBV20-1,TRBJ2-1,SASTGVKEQF,1
TRBV20-1,TRBJ2-1,SASTGVLDEQF,1
TRBV20-1,TRBJ2-1,SASTGVLFYNEQF,1
TRBV20-1,TRBJ2-1,SASTGVMVADNEQF,1
TRBV20-1,TRBJ2-1,SASTGVNEQF,12
TRBV20-1,TRBJ2-1,SASTGVNPEQF,2
TRBV20-1,TRBJ2-1,SASTGVNTYNEQF,1
TRBV20-1,TRBJ2-1,SASTGVNYNEQF,1
TRBV20-1,TRBJ2-1,SASTGVPDHNDLL,1
TRBV20-1,TRBJ2-1,SASTGVPNEQF,1
TRBV20-1,TRBJ2-1,SASTGVPYNEQF,1
TRBV20-1,TRBJ2-1,SASTGVQQF,1
TRBV20-1,TRBJ2-1,SASTGVRNEQF,1
TRBV20-1,TRBJ2-1,SASTGVRTYDEQF,1
TRBV20-1,TRBJ2-1,SASTGVSSYNEQF,3
TRBV20-1,TRBJ2-1,SASTGVSYNEQF,9
TRBV20-1,TRBJ2-1,SASTGVTHNEQF,1
TRBV20-1,TRBJ2-1,SASTGVVLNNEQF,1
TRBV20-1,TRBJ2-1,SASTGVVPYNEQF,1
TRBV20-1,TRBJ2-1,SASTGVVSYNEQF,1
TRBV20-1,TRBJ2-1,SASTGVVWGNEQF,1
TRBV20-1,TRBJ2-1,SASTGVVYNEQF,1
TRBV20-1,TRBJ2-1,SASTGVYDEQF,1
TRBV20-1,TRBJ2-1,SASTGVYEQF,1
TRBV20-1,TRBJ2-1,SASTGVYNEQF,1
TRBV20-1,TRBJ2-1,SASTGWANEQF,1
TRBV20-1,TRBJ2-1,SASTGWDNEQF,2
TRBV20-1,TRBJ2-1,SASTGWEAYNEQF,1
TRBV20-1,TRBJ2-1,SASTGWGINEQF,1
TRBV20-1,TRBJ2-1,SASTGWGSYNEQF,1
TRBV20-1,TRBJ2-1,SASTGWSSYNEQF,1
TRBV20-1,TRBJ2-1,SASTGYAYNEQF,1
TRBV20-1,TRBJ2-1,SASTGYDEQF,1
TRBV20-1,TRBJ2-1,SASTGYENNEQF,1
TRBV20-1,TRBJ2-1,SASTGYEQF,9
TRBV20-1,TRBJ2-1,SASTGYGAGRSNEQF,1
TRBV20-1,TRBJ2-1,SASTGYGNEQF,2
TRBV20-1,TRBJ2-1,SASTGYHNEQF,1
TRBV20-1,TRBJ2-1,SASTGYNEQF,30
TRBV20-1,TRBJ2-1,SASTGYNYNGQF,1
TRBV20-1,TRBJ2-1,SASTGYPNEQF,1
TRBV20-1,TRBJ2-1,SASTGYPYIEQF,1
TRBV20-1,TRBJ2-1,SASTGYPYNEQF,1
TRBV20-1,TRBJ2-1,SASTGYSDNDQF,1
TRBV20-1,TRBJ2-1,SASTGYSGLAYNEQF,1
TRBV20-1,TRBJ2-1,SASTGYSSYNEQF,1
TRBV20-1,TRBJ2-1,SASTGYSYKEQF,2
TRBV20-1,TRBJ2-1,SASTGYSYNEQF,10
TRBV20-1,TRBJ2-1,SASTGYTYHEQF,1
TRBV20-1,TRBJ2-1,SASTGYTYKEQF,1
TRBV20-1,TRBJ2-1,SASTGYTYNEQF,111
TRBV20-1,TRBJ2-1,SASTGYTYNEQL,2
TRBV20-1,TRBJ2-1,SASTGYTYSEQF,1
TRBV20-1,TRBJ2-1,SASTHADEQF,1
TRBV20-1,TRBJ2-1,SASTHDSYNEQF,1
TRBV20-1,TRBJ2-1,SASTHEQF,4
TRBV20-1,TRBJ2-1,SASTHGGRNEQF,1
TRBV20-1,TRBJ2-1,SASTHGGTGTYNEQF,1
TRBV20-1,TRBJ2-1,SASTHGLANEQF,1
TRBV20-1,TRBJ2-1,SASTHGQDYNEQF,1
TRBV20-1,TRBJ2-1,SASTHGRSNEQF,1
TRBV20-1,TRBJ2-1,SASTHGSYFDEQF,1
TRBV20-1,TRBJ2-1,SASTHGYNEQF,1
TRBV20-1,TRBJ2-1,SASTHKRAYNEQF,1
TRBV20-1,TRBJ2-1,SASTHLADNEQF,1
TRBV20-1,TRBJ2-1,SASTHLDMNEQF,1
TRBV20-1,TRBJ2-1,SASTHNEQF,9
TRBV20-1,TRBJ2-1,SASTHNGQF,1
TRBV20-1,TRBJ2-1,SASTHPGTPIAHSDNEQF,2
TRBV20-1,TRBJ2-1,SASTHPIGGNEQF,1
TRBV20-1,TRBJ2-1,SASTHPRYNEQF,1
TRBV20-1,TRBJ2-1,SASTHPSRSNEQF,4
TRBV20-1,TRBJ2-1,SASTHQGLAGFSYNEQF,1
TRBV20-1,TRBJ2-1,SASTHRLYNEQF,1
TRBV20-1,TRBJ2-1,SASTHRTHHEQF,1
TRBV20-1,TRBJ2-1,SASTHRTSIDHEQF,1
TRBV20-1,TRBJ2-1,SASTHRVNNEQF,1
TRBV20-1,TRBJ2-1,SASTHSAKQYNEQF,1
TRBV20-1,TRBJ2-1,SASTHSDLRSYNEQF,1
TRBV20-1,TRBJ2-1,SASTHSGPNEQF,1
TRBV20-1,TRBJ2-1,SASTHSKWLAVNNEQF,1
TRBV20-1,TRBJ2-1,SASTHSSGNYNEQF,1
TRBV20-1,TRBJ2-1,SASTHSSYNEQF,1
TRBV20-1,TRBJ2-1,SASTHSYNEQF,1
TRBV20-1,TRBJ2-1,SASTHTSFNEQF,5
TRBV20-1,TRBJ2-1,SASTHTSLGGNEQF,1
TRBV20-1,TRBJ2-1,SASTHTSYNEQF,1
TRBV20-1,TRBJ2-1,SASTHTYNEQF,1
TRBV20-1,TRBJ2-1,SASTHVAGGSYNEQF,1
TRBV20-1,TRBJ2-1,SASTHVDEQF,1
TRBV20-1,TRBJ2-1,SASTHYNEQF,24
TRBV20-1,TRBJ2-1,SASTIACGPLF,1
TRBV20-1,TRBJ2-1,SASTIAGEEF,2
TRBV20-1,TRBJ2-1,SASTIAGEPRF,1
TRBV20-1,TRBJ2-1,SASTIAGGFYNEQF,1
TRBV20-1,TRBJ2-1,SASTIAGGHDEQF,1
TRBV20-1,TRBJ2-1,SASTIAGGPEESYNEQF,1
TRBV20-1,TRBJ2-1,SASTIAGGPLF,18
TRBV20-1,TRBJ2-1,SASTIAGGTNEQF,1
TRBV20-1,TRBJ2-1,SASTIAGGYNEQF,1
TRBV20-1,TRBJ2-1,SASTIALPPSFSYNEQF,1
TRBV20-1,TRBJ2-1,SASTIARDWPPDEQF,4
TRBV20-1,TRBJ2-1,SASTIARLNEQF,1
TRBV20-1,TRBJ2-1,SASTIAVYSYNEQF,1
TRBV20-1,TRBJ2-1,SASTIDEQF,1
TRBV20-1,TRBJ2-1,SASTIDRVPYNEQF,1
TRBV20-1,TRBJ2-1,SASTIDSGSIDEQF,1
TRBV20-1,TRBJ2-1,SASTIEREYYNEQF,1
TRBV20-1,TRBJ2-1,SASTIFSTRSYNEQF,1
TRBV20-1,TRBJ2-1,SASTIGGAYNEQF,1
TRBV20-1,TRBJ2-1,SASTIGGKNTYNEQF,1
TRBV20-1,TRBJ2-1,SASTIGGYEQF,1
TRBV20-1,TRBJ2-1,SASTIGLAGPGFYNEQF,1
TRBV20-1,TRBJ2-1,SASTIGLAGYNEQF,1
TRBV20-1,TRBJ2-1,SASTIGLYNEQF,6
TRBV20-1,TRBJ2-1,SASTIGNPGSYNEQC,1
TRBV20-1,TRBJ2-1,SASTIGREGLDEQF,1
TRBV20-1,TRBJ2-1,SASTIGTRDNEQF,1
TRBV20-1,TRBJ2-1,SASTIGTRGNEQF,1
TRBV20-1,TRBJ2-1,SASTILAASYNEQF,1
TRBV20-1,TRBJ2-1,SASTILAGIYNEQF,3
TRBV20-1,TRBJ2-1,SASTILAVGYNEQF,1
TRBV20-1,TRBJ2-1,SASTILGTGSVDEQF,1
TRBV20-1,TRBJ2-1,SASTILNEQF,1
TRBV20-1,TRBJ2-1,SASTILSSYNEQF,1
TRBV20-1,TRBJ2-1,SASTINEQF,15
TRBV20-1,TRBJ2-1,SASTINNEQF,1
TRBV20-1,TRBJ2-1,SASTIPGLAGAEASYNEQF,1
TRBV20-1,TRBJ2-1,SASTIPGLAGRFPSYNEQF,1
TRBV20-1,TRBJ2-1,SASTIPGLAGSSYNEQF,1
TRBV20-1,TRBJ2-1,SASTIPGLEYNEQF,1
TRBV20-1,TRBJ2-1,SASTIPGTSGPYNEQF,1
TRBV20-1,TRBJ2-1,SASTIPGTTYNEQF,1
TRBV20-1,TRBJ2-1,SASTIPHEQF,1
TRBV20-1,TRBJ2-1,SASTIPRNEQF,1
TRBV20-1,TRBJ2-1,SASTIQGSGSHNEQF,1
TRBV20-1,TRBJ2-1,SASTIQGSGSYNEHV,1
TRBV20-1,TRBJ2-1,SASTIQGSGSYNEQF,10
TRBV20-1,TRBJ2-1,SASTIQQSYNEQF,1
TRBV20-1,TRBJ2-1,SASTISDNEQF,1
TRBV20-1,TRBJ2-1,SASTISGNFDEQF,11
TRBV20-1,TRBJ2-1,SASTISSGSSDEQF,1
TRBV20-1,TRBJ2-1,SASTISSYNEQF,6
TRBV20-1,TRBJ2-1,SASTISYNEQF,20
TRBV20-1,TRBJ2-1,SASTISYSYNEQF,1
TRBV20-1,TRBJ2-1,SASTITDEQF,1
TRBV20-1,TRBJ2-1,SASTITEQF,1
TRBV20-1,TRBJ2-1,SASTITGGFYNEQF,1
TRBV20-1,TRBJ2-1,SASTITGGSYNEQF,1
TRBV20-1,TRBJ2-1,SASTITGNEQF,1
TRBV20-1,TRBJ2-1,SASTITYNEQF,1
TRBV20-1,TRBJ2-1,SASTIVDEQF,2
TRBV20-1,TRBJ2-1,SASTIVGTWSNEQF,1
TRBV20-1,TRBJ2-1,SASTIVNEQF,6
TRBV20-1,TRBJ2-1,SASTIWTGVNEQF,1
TRBV20-1,TRBJ2-1,SASTIYEQF,1
TRBV20-1,TRBJ2-1,SASTKAGLGGNEQF,2
TRBV20-1,TRBJ2-1,SASTKALNEQF,1
TRBV20-1,TRBJ2-1,SASTKEVYNEQF,1
TRBV20-1,TRBJ2-1,SASTKFGSYNEQF,1
TRBV20-1,TRBJ2-1,SASTKGGGTYNEQF,1
TRBV20-1,TRBJ2-1,SASTKGQRRQTYNEQF,1
TRBV20-1,TRBJ2-1,SASTKGVVVYNEQF,1
TRBV20-1,TRBJ2-1,SASTKITYNEQF,1
TRBV20-1,TRBJ2-1,SASTKLAHPNNEQF,3
TRBV20-1,TRBJ2-1,SASTKLGDEQF,1
TRBV20-1,TRBJ2-1,SASTKMGEQF,7
TRBV20-1,TRBJ2-1,SASTKNPPPQLAAYNEQF,1
TRBV20-1,TRBJ2-1,SASTKNRDRGNNEQF,1
TRBV20-1,TRBJ2-1,SASTKPGLNYNEQF,1
TRBV20-1,TRBJ2-1,SASTKPPGLAVDEQF,1
TRBV20-1,TRBJ2-1,SASTKRVDSYNEQF,1
TRBV20-1,TRBJ2-1,SASTKSGSSYNEQF,1
TRBV20-1,TRBJ2-1,SASTKSREWLDEQF,1
TRBV20-1,TRBJ2-1,SASTKTGSYNEQF,1
TRBV20-1,TRBJ2-1,SASTKTRSYNEQF,1
TRBV20-1,TRBJ2-1,SASTKVAGAVWGYNEQF,1
TRBV20-1,TRBJ2-1,SASTLAAHEQF,1
TRBV20-1,TRBJ2-1,SASTLAALYNEQF,1
TRBV20-1,TRBJ2-1,SASTLAANYNEQF,1
TRBV20-1,TRBJ2-1,SASTLAASGDEQF,1
TRBV20-1,TRBJ2-1,SASTLAASLYNEQF,1
TRBV20-1,TRBJ2-1,SASTLAASSYNEQF,2
TRBV20-1,TRBJ2-1,SASTLAASSYNGQF,1
TRBV20-1,TRBJ2-1,SASTLAASYNEQF,2
TRBV20-1,TRBJ2-1,SASTLAAVYNEQF,4
TRBV20-1,TRBJ2-1,SASTLAAYNEQF,3
TRBV20-1,TRBJ2-1,SASTLADNTEQF,4
TRBV20-1,TRBJ2-1,SASTLADSYNEQF,1
TRBV20-1,TRBJ2-1,SASTLAEAYNEQF,1
TRBV20-1,TRBJ2-1,SASTLAEPYNEQF,1
TRBV20-1,TRBJ2-1,SASTLAEYNEQF,8
TRBV20-1,TRBJ2-1,SASTLAGAHEQF,1
TRBV20-1,TRBJ2-1,SASTLAGANEQF,1
TRBV20-1,TRBJ2-1,SASTLAGAPLSYNEQF,1
TRBV20-1,TRBJ2-1,SASTLAGARGSYNEQF,1
TRBV20-1,TRBJ2-1,SASTLAGARYNEQF,1
TRBV20-1,TRBJ2-1,SASTLAGASYNEQF,2
TRBV20-1,TRBJ2-1,SASTLAGAVYNEQF,1
TRBV20-1,TRBJ2-1,SASTLAGAYNEQF,9
TRBV20-1,TRBJ2-1,SASTLAGDEQF,2
TRBV20-1,TRBJ2-1,SASTLAGDNYNEQF,1
TRBV20-1,TRBJ2-1,SASTLAGDSYNEQF,1
TRBV20-1,TRBJ2-1,SASTLAGDYNEQF,5
TRBV20-1,TRBJ2-1,SASTLAGEDEQF,2
TRBV20-1,TRBJ2-1,SASTLAGEHYNEQF,1
TRBV20-1,TRBJ2-1,SASTLAGELNEQF,1
TRBV20-1,TRBJ2-1,SASTLAGEVYNEQF,1
TRBV20-1,TRBJ2-1,SASTLAGFYNEQF,1
TRBV20-1,TRBJ2-1,SASTLAGFYNGQF,1
TRBV20-1,TRBJ2-1,SASTLAGGAHEQF,11
TRBV20-1,TRBJ2-1,SASTLAGGANEQF,1
TRBV20-1,TRBJ2-1,SASTLAGGDEQF,1
TRBV20-1,TRBJ2-1,SASTLAGGDNEQF,2
TRBV20-1,TRBJ2-1,SASTLAGGFDEQF,1
TRBV20-1,TRBJ2-1,SASTLAGGFYNEQF,1
TRBV20-1,TRBJ2-1,SASTLAGGGALNEQF,1
TRBV20-1,TRBJ2-1,SASTLAGGGIYNEQF,1
TRBV20-1,TRBJ2-1,SASTLAGGGNEQF,2
TRBV20-1,TRBJ2-1,SASTLAGGIFGNEQF,1
TRBV20-1,TRBJ2-1,SASTLAGGLNEQF,1
TRBV20-1,TRBJ2-1,SASTLAGGLSSYNEQF,2
TRBV20-1,TRBJ2-1,SASTLAGGLSYNEQF,1
TRBV20-1,TRBJ2-1,SASTLAGGLYNEQF,1
TRBV20-1,TRBJ2-1,SASTLAGGMDEQF,1
TRBV20-1,TRBJ2-1,SASTLAGGMYNEQF,2
TRBV20-1,TRBJ2-1,SASTLAGGMYNEQV,1
TRBV20-1,TRBJ2-1,SASTLAGGNEQF,4
TRBV20-1,TRBJ2-1,SASTLAGGNYNEQF,3
TRBV20-1,TRBJ2-1,SASTLAGGPGYNEQF,1
TRBV20-1,TRBJ2-1,SASTLAGGPSSYNEQF,1
TRBV20-1,TRBJ2-1,SASTLAGGPSYNEQF,2
TRBV20-1,TRBJ2-1,SASTLAGGPYNEQF,1
TRBV20-1,TRBJ2-1,SASTLAGGQDEQF,4
TRBV20-1,TRBJ2-1,SASTLAGGRFNEQF,1
TRBV20-1,TRBJ2-1,SASTLAGGRRYNEQF,1
TRBV20-1,TRBJ2-1,SASTLAGGSFYNEQF,1
TRBV20-1,TRBJ2-1,SASTLAGGSHNEQF,1
TRBV20-1,TRBJ2-1,SASTLAGGSPNEQF,2
TRBV20-1,TRBJ2-1,SASTLAGGSSYNEQF,1
TRBV20-1,TRBJ2-1,SASTLAGGSTSSYNEQF,1
TRBV20-1,TRBJ2-1,SASTLAGGSYEQF,3
TRBV20-1,TRBJ2-1,SASTLAGGSYNEQF,1
TRBV20-1,TRBJ2-1,SASTLAGGVSYNEQF,1
TRBV20-1,TRBJ2-1,SASTLAGGYNEQF,4
TRBV20-1,TRBJ2-1,SASTLAGIPYNEQF,1
TRBV20-1,TRBJ2-1,SASTLAGKNNEQF,1
TRBV20-1,TRBJ2-1,SASTLAGLAHRSYNEQF,1
TRBV20-1,TRBJ2-1,SASTLAGLIEQF,1
TRBV20-1,TRBJ2-1,SASTLAGMNYEQF,1
TRBV20-1,TRBJ2-1,SASTLAGNEQF,1
TRBV20-1,TRBJ2-1,SASTLAGNNEQF,1
TRBV20-1,TRBJ2-1,SASTLAGNYNEQF,1
TRBV20-1,TRBJ2-1,SASTLAGPNEQF,1
TRBV20-1,TRBJ2-1,SASTLAGPQFSYNEQF,1
TRBV20-1,TRBJ2-1,SASTLAGPYNEQF,1
TRBV20-1,TRBJ2-1,SASTLAGRPYNEQF,1
TRBV20-1,TRBJ2-1,SASTLAGRSYNEQF,1
TRBV20-1,TRBJ2-1,SASTLAGRYNEQF,1
TRBV20-1,TRBJ2-1,SASTLAGSDNEQF,1
TRBV20-1,TRBJ2-1,SASTLAGSHNQQF,1
TRBV20-1,TRBJ2-1,SASTLAGSRNEQF,3
TRBV20-1,TRBJ2-1,SASTLAGSSYNEQF,4
TRBV20-1,TRBJ2-1,SASTLAGSYNEQF,3
TRBV20-1,TRBJ2-1,SASTLAGTNEQF,2
TRBV20-1,TRBJ2-1,SASTLAGTRNEQF,1
TRBV20-1,TRBJ2-1,SASTLAGTYNEQF,6
TRBV20-1,TRBJ2-1,SASTLAGVALYNEQF,1
TRBV20-1,TRBJ2-1,SASTLAGVDEQF,5
TRBV20-1,TRBJ2-1,SASTLAGVDNEQF,1
TRBV20-1,TRBJ2-1,SASTLAGVGNEQF,3
TRBV20-1,TRBJ2-1,SASTLAGVGPSYNEQF,1
TRBV20-1,TRBJ2-1,SASTLAGVINEQF,1
TRBV20-1,TRBJ2-1,SASTLAGVKVYNEQF,1
TRBV20-1,TRBJ2-1,SASTLAGVNEQF,2
TRBV20-1,TRBJ2-1,SASTLAGVNNEQF,4
TRBV20-1,TRBJ2-1,SASTLAGVRAYNEQF,1
TRBV20-1,TRBJ2-1,SASTLAGVSDEQF,1
TRBV20-1,TRBJ2-1,SASTLAGVSDNEQF,1
TRBV20-1,TRBJ2-1,SASTLAGVSYNEQF,2
TRBV20-1,TRBJ2-1,SASTLAGVVNEQF,1
TRBV20-1,TRBJ2-1,SASTLAGVYEQF,1
TRBV20-1,TRBJ2-1,SASTLAGVYNEQF,2
TRBV20-1,TRBJ2-1,SASTLAGYEQF,1
TRBV20-1,TRBJ2-1,SASTLAGYNEQF,3
TRBV20-1,TRBJ2-1,SASTLAGYSEQF,2
TRBV20-1,TRBJ2-1,SASTLAISYNEQF,1
TRBV20-1,TRBJ2-1,SASTLALDNEQF,1
TRBV20-1,TRBJ2-1,SASTLALIYNEQF,3
TRBV20-1,TRBJ2-1,SASTLANEQF,3
TRBV20-1,TRBJ2-1,SASTLANNEQF,1
TRBV20-1,TRBJ2-1,SASTLAPEEQF,8
TRBV20-1,TRBJ2-1,SASTLAPSSYNEQF,1
TRBV20-1,TRBJ2-1,SASTLAPYNEQF,1
TRBV20-1,TRBJ2-1,SASTLARNNEQF,1
TRBV20-1,TRBJ2-1,SASTLASGGGNEQF,1
TRBV20-1,TRBJ2-1,SASTLASGSHNEQF,1
TRBV20-1,TRBJ2-1,SASTLASINEQF,5
TRBV20-1,TRBJ2-1,SASTLASSYNEQF,7
TRBV20-1,TRBJ2-1,SASTLASYNEQF,1
TRBV20-1,TRBJ2-1,SASTLATPKGYNEQF,1
TRBV20-1,TRBJ2-1,SASTLATRSYNEQF,3
TRBV20-1,TRBJ2-1,SASTLAVLNEQF,1
TRBV20-1,TRBJ2-1,SASTLAVTYNEQF,1
TRBV20-1,TRBJ2-1,SASTLAVVSYNEQF,1
TRBV20-1,TRBJ2-1,SASTLAYNEQF,1
TRBV20-1,TRBJ2-1,SASTLAYRGDEQF,3
TRBV20-1,TRBJ2-1,SASTLDAQF,1
TRBV20-1,TRBJ2-1,SASTLDEQF,2
TRBV20-1,TRBJ2-1,SASTLDNEQF,1
TRBV20-1,TRBJ2-1,SASTLDRDLYEQF,1
TRBV20-1,TRBJ2-1,SASTLDYNEQF,1
TRBV20-1,TRBJ2-1,SASTLEASSYNEQF,1
TRBV20-1,TRBJ2-1,SASTLEERPYNEQF,1
TRBV20-1,TRBJ2-1,SASTLEGDSGYNEQF,1
TRBV20-1,TRBJ2-1,SASTLEGDYNEQF,1
TRBV20-1,TRBJ2-1,SASTLEGPTYNEQF,1
TRBV20-1,TRBJ2-1,SASTLEGTYEQF,1
TRBV20-1,TRBJ2-1,SASTLEGYNEQF,1
TRBV20-1,TRBJ2-1,SASTLEKGNEQF,1
TRBV20-1,TRBJ2-1,SASTLFGYNEQF,1
TRBV20-1,TRBJ2-1,SASTLFKEQF,8
TRBV20-1,TRBJ2-1,SASTLGAGSYNEQF,1
TRBV20-1,TRBJ2-1,SASTLGAPYNEQF,9
TRBV20-1,TRBJ2-1,SASTLGAYKNEQF,1
TRBV20-1,TRBJ2-1,SASTLGDEQF,8
TRBV20-1,TRBJ2-1,SASTLGDLPSYNEQF,1
TRBV20-1,TRBJ2-1,SASTLGDYQIRSYNEQF,1
TRBV20-1,TRBJ2-1,SASTLGESSYNEQF,1
TRBV20-1,TRBJ2-1,SASTLGGGYNEPF,1
TRBV20-1,TRBJ2-1,SASTLGGLPYNEQF,2
TRBV20-1,TRBJ2-1,SASTLGGPIYEQF,1
TRBV20-1,TRBJ2-1,SASTLGGPYNEQF,1
TRBV20-1,TRBJ2-1,SASTLGGRAGNEQF,1
TRBV20-1,TRBJ2-1,SASTLGGRQYNEQF,1
TRBV20-1,TRBJ2-1,SASTLGGRVLDEQF,1
TRBV20-1,TRBJ2-1,SASTLGGSGRSSYNEQF,1
TRBV20-1,TRBJ2-1,SASTLGGTRNNEQF,1
TRBV20-1,TRBJ2-1,SASTLGGTSGRRTNEQF,1
TRBV20-1,TRBJ2-1,SASTLGGVYNEQF,1
TRBV20-1,TRBJ2-1,SASTLGGYNEQF,1
TRBV20-1,TRBJ2-1,SASTLGHLTYNEQF,1
TRBV20-1,TRBJ2-1,SASTLGIAAINEQF,1
TRBV20-1,TRBJ2-1,SASTLGKNYNEQF,1
TRBV20-1,TRBJ2-1,SASTLGLAGVNEQF,1
TRBV20-1,TRBJ2-1,SASTLGLYNEQF,1
TRBV20-1,TRBJ2-1,SASTLGPNEQF,2
TRBV20-1,TRBJ2-1,SASTLGQGNHEQF,1
TRBV20-1,TRBJ2-1,SASTLGRAYNEQF,3
TRBV20-1,TRBJ2-1,SASTLGRGRYNEQF,1
TRBV20-1,TRBJ2-1,SASTLGRGYNEQF,1
TRBV20-1,TRBJ2-1,SASTLGRSYNEQF,1
TRBV20-1,TRBJ2-1,SASTLGRYEQF,1
TRBV20-1,TRBJ2-1,SASTLGSSYNEQF,1
TRBV20-1,TRBJ2-1,SASTLGTSDYNEQF,2
TRBV20-1,TRBJ2-1,SASTLGTSGKAFNEQF,1
TRBV20-1,TRBJ2-1,SASTLGTSGSAGNEQF,2
TRBV20-1,TRBJ2-1,SASTLGTSGSSSYNEQF,1
TRBV20-1,TRBJ2-1,SASTLGTSGVSSYNEQF,1
TRBV20-1,TRBJ2-1,SASTLGVLTYNEQF,1
TRBV20-1,TRBJ2-1,SASTLGVTNEQF,1
TRBV20-1,TRBJ2-1,SASTLGYNEQF,1
TRBV20-1,TRBJ2-1,SASTLHRGFRNEQF,1
TRBV20-1,TRBJ2-1,SASTLHSGTSGSNEQF,1
TRBV20-1,TRBJ2-1,SASTLIAGSYNEQF,1
TRBV20-1,TRBJ2-1,SASTLILYEQF,1
TRBV20-1,TRBJ2-1,SASTLINEQF,1
TRBV20-1,TRBJ2-1,SASTLIPAGNEQF,8
TRBV20-1,TRBJ2-1,SASTLIRAGDEQF,3
TRBV20-1,TRBJ2-1,SASTLIRGSYNEQF,1
TRBV20-1,TRBJ2-1,SASTLKAYNEQF,1
TRBV20-1,TRBJ2-1,SASTLLAGGEDEQF,1
TRBV20-1,TRBJ2-1,SASTLLAGGTDEQF,4
TRBV20-1,TRBJ2-1,SASTLLAGPGDNEQF,1
TRBV20-1,TRBJ2-1,SASTLLAGRSNEQF,4
TRBV20-1,TRBJ2-1,SASTLLAGRYNEQF,1
TRBV20-1,TRBJ2-1,SASTLLAGTYNEQF,1
TRBV20-1,TRBJ2-1,SASTLLAGVNEQF,1
TRBV20-1,TRBJ2-1,SASTLLARSYNEQF,1
TRBV20-1,TRBJ2-1,SASTLLATNEQF,1
TRBV20-1,TRBJ2-1,SASTLLAYNEQF,1
TRBV20-1,TRBJ2-1,SASTLLGHNEQF,1
TRBV20-1,TRBJ2-1,SASTLLGNEQF,2
TRBV20-1,TRBJ2-1,SASTLLGQGNNEQF,1
TRBV20-1,TRBJ2-1,SASTLLGTYNEQF,1
TRBV20-1,TRBJ2-1,SASTLLIRGRANEQF,1
TRBV20-1,TRBJ2-1,SASTLLLGDEQF,1
TRBV20-1,TRBJ2-1,SASTLLRDILNNEQF,1
TRBV20-1,TRBJ2-1,SASTLLSYNEQF,2
TRBV20-1,TRBJ2-1,SASTLLWEDQPLYNEQF,1
TRBV20-1,TRBJ2-1,SASTLMAGVANEQF,1
TRBV20-1,TRBJ2-1,SASTLNDNEQF,1
TRBV20-1,TRBJ2-1,SASTLNEQF,5
TRBV20-1,TRBJ2-1,SASTLNHNEQF,1
TRBV20-1,TRBJ2-1,SASTLNNEQC,1
TRBV20-1,TRBJ2-1,SASTLNNEQF,7
TRBV20-1,TRBJ2-1,SASTLNRAQNEQF,1
TRBV20-1,TRBJ2-1,SASTLNRDREHNEQF,1
TRBV20-1,TRBJ2-1,SASTLNSYNEQF,1
TRBV20-1,TRBJ2-1,SASTLNYNEQF,5
TRBV20-1,TRBJ2-1,SASTLPGGGPSYNEQF,1
TRBV20-1,TRBJ2-1,SASTLPGLAGEGNEQF,1
TRBV20-1,TRBJ2-1,SASTLPGLPYNEQF,1
TRBV20-1,TRBJ2-1,SASTLPGSSYNEQF,1
TRBV20-1,TRBJ2-1,SASTLPLAGGNEQF,1
TRBV20-1,TRBJ2-1,SASTLPMRSSYNEQF,1
TRBV20-1,TRBJ2-1,SASTLPNSYNEQF,5
TRBV20-1,TRBJ2-1,SASTLPSGYNEQF,1
TRBV20-1,TRBJ2-1,SASTLPSYNEQF,1
TRBV20-1,TRBJ2-1,SASTLQGVVGEQF,1
TRBV20-1,TRBJ2-1,SASTLRDEQF,1
TRBV20-1,TRBJ2-1,SASTLRDRVLDEQF,1
TRBV20-1,TRBJ2-1,SASTLRDYNEQF,1
TRBV20-1,TRBJ2-1,SASTLREGRNEQF,1
TRBV20-1,TRBJ2-1,SASTLRELDEQF,1
TRBV20-1,TRBJ2-1,SASTLRGDNEQF,1
TRBV20-1,TRBJ2-1,SASTLRGESYNEQF,1
TRBV20-1,TRBJ2-1,SASTLRGGSYNEQF,1
TRBV20-1,TRBJ2-1,SASTLRGLTNEEF,1
TRBV20-1,TRBJ2-1,SASTLRGLTNELF,1
TRBV20-1,TRBJ2-1,SASTLRGLTNEQF,9
TRBV20-1,TRBJ2-1,SASTLRGPRDNEQF,1
TRBV20-1,TRBJ2-1,SASTLRGTSGGNEQF,1
TRBV20-1,TRBJ2-1,SASTLRGVTYNEQF,1
TRBV20-1,TRBJ2-1,SASTLRHNMYNEQF,1
TRBV20-1,TRBJ2-1,SASTLRLAGSNEQF,1
TRBV20-1,TRBJ2-1,SASTLRLAGSYNEQF,1
TRBV20-1,TRBJ2-1,SASTLRLSSYNEQF,1
TRBV20-1,TRBJ2-1,SASTLRLYNEQF,1
TRBV20-1,TRBJ2-1,SASTLRNEQF,4
TRBV20-1,TRBJ2-1,SASTLRRANEQF,1
TRBV20-1,TRBJ2-1,SASTLRRERYNEQF,1
TRBV20-1,TRBJ2-1,SASTLRRSSYNEQF,1
TRBV20-1,TRBJ2-1,SASTLRSSNEQF,1
TRBV20-1,TRBJ2-1,SASTLRSSYNEQF,1
TRBV20-1,TRBJ2-1,SASTLRSYNEQF,1
TRBV20-1,TRBJ2-1,SASTLSAPYNEQF,1
TRBV20-1,TRBJ2-1,SASTLSDKGNEQF,1
TRBV20-1,TRBJ2-1,SASTLSFEGRVYNEQF,2
TRBV20-1,TRBJ2-1,SASTLSGIQYNEQF,1
TRBV20-1,TRBJ2-1,SASTLSGNDEQF,1
TRBV20-1,TRBJ2-1,SASTLSGNVYNEQF,1
TRBV20-1,TRBJ2-1,SASTLSGRAFYNEQF,1
TRBV20-1,TRBJ2-1,SASTLSGRDLDEQF,1
TRBV20-1,TRBJ2-1,SASTLSGSGDEQF,1
TRBV20-1,TRBJ2-1,SASTLSGTSTDEQF,1
TRBV20-1,TRBJ2-1,SASTLSGTYNEQF,3
TRBV20-1,TRBJ2-1,SASTLSHEQF,1
TRBV20-1,TRBJ2-1,SASTLSNEQF,2
TRBV20-1,TRBJ2-1,SASTLSSGSSYEQF,1
TRBV20-1,TRBJ2-1,SASTLSSGSYNEQF,1
TRBV20-1,TRBJ2-1,SASTLSSRANEQF,1
TRBV20-1,TRBJ2-1,SASTLSSSSYNEQF,2
TRBV20-1,TRBJ2-1,SASTLSSVVSYNEQF,1
TRBV20-1,TRBJ2-1,SASTLSSYNEQF,8
TRBV20-1,TRBJ2-1,SASTLSVYNEQF,1
TRBV20-1,TRBJ2-1,SASTLSWSRDYNEQF,1
TRBV20-1,TRBJ2-1,SASTLSYNEQF,9
TRBV20-1,TRBJ2-1,SASTLTGGLGINEQF,1
TRBV20-1,TRBJ2-1,SASTLTGGPDEQF,1
TRBV20-1,TRBJ2-1,SASTLTGLDNEQF,1
TRBV20-1,TRBJ2-1,SASTLTGPEQF,7
TRBV20-1,TRBJ2-1,SASTLTGSSYNEQF,1
TRBV20-1,TRBJ2-1,SASTLTGTELYNEQF,1
TRBV20-1,TRBJ2-1,SASTLTGTIGYNEQF,1
TRBV20-1,TRBJ2-1,SASTLTGTSFFIPYNEQF,9
TRBV20-1,TRBJ2-1,SASTLTSGGLGISYNEQF,1
TRBV20-1,TRBJ2-1,SASTLTSGNNEQF,1
TRBV20-1,TRBJ2-1,SASTLTSGRVNEQF,3
TRBV20-1,TRBJ2-1,SASTLTSPYNEQF,1
TRBV20-1,TRBJ2-1,SASTLTSTPRNEQF,1
TRBV20-1,TRBJ2-1,SASTLTYNEQF,1
TRBV20-1,TRBJ2-1,SASTLVAGGYNEQF,1
TRBV20-1,TRBJ2-1,SASTLVDSDNEQF,1
TRBV20-1,TRBJ2-1,SASTLVGGNEQF,1
TRBV20-1,TRBJ2-1,SASTLVGGRDSYNEQF,1
TRBV20-1,TRBJ2-1,SASTLVGNEQF,1
TRBV20-1,TRBJ2-1,SASTLVGRSSYNEQF,1
TRBV20-1,TRBJ2-1,SASTLVLAPYNEQF,1
TRBV20-1,TRBJ2-1,SASTLVSSYNEQF,1
TRBV20-1,TRBJ2-1,SASTLVVRADNEQF,1
TRBV20-1,TRBJ2-1,SASTLWAATSGYNEQF,1
TRBV20-1,TRBJ2-1,SASTLWGAGGRYNEQF,1
TRBV20-1,TRBJ2-1,SASTLWGGWDNEQF,1
TRBV20-1,TRBJ2-1,SASTLYNEQF,7
TRBV20-1,TRBJ2-1,SASTMAGEPYNEQF,1
TRBV20-1,TRBJ2-1,SASTMAGGPRF,1
TRBV20-1,TRBJ2-1,SASTMAGTGSYNEQF,1
TRBV20-1,TRBJ2-1,SASTMAGTYNEQF,1
TRBV20-1,TRBJ2-1,SASTMASGAYNEQF,1
TRBV20-1,TRBJ2-1,SASTMASSLYNEQF,2
TRBV20-1,TRBJ2-1,SASTMASYLYNEQF,1
TRBV20-1,TRBJ2-1,SASTMDGGWSYNEQF,1
TRBV20-1,TRBJ2-1,SASTMDYQSSYNEQF,1
TRBV20-1,TRBJ2-1,SASTMGAAAHNEQF,1
TRBV20-1,TRBJ2-1,SASTMGDPLIEQF,2
TRBV20-1,TRBJ2-1,SASTMGGGRAWNEQF,1
TRBV20-1,TRBJ2-1,SASTMGQYNEQF,6
TRBV20-1,TRBJ2-1,SASTMREFNNEQF,1
TRBV20-1,TRBJ2-1,SASTMRGYNEQF,1
TRBV20-1,TRBJ2-1,SASTMRSGLDEQF,1
TRBV20-1,TRBJ2-1,SASTMRVGRKDEQF,1
TRBV20-1,TRBJ2-1,SASTMRWSYNEQF,1
TRBV20-1,TRBJ2-1,SASTMSGGLYNEQF,1
TRBV20-1,TRBJ2-1,SASTMSGRTYGEQF,1
TRBV20-1,TRBJ2-1,SASTMSSYNEQF,1
TRBV20-1,TRBJ2-1,SASTMTGSNEQF,1
TRBV20-1,TRBJ2-1,SASTMTGYNEQF,1
TRBV20-1,TRBJ2-1,SASTMTSGSYNEQF,1
TRBV20-1,TRBJ2-1,SASTMVLNEQF,1
TRBV20-1,TRBJ2-1,SASTMVSSYNEQF,1
TRBV20-1,TRBJ2-1,SASTNAQYNEQF,1
TRBV20-1,TRBJ2-1,SASTNEQF,26
TRBV20-1,TRBJ2-1,SASTNFDEQF,1
TRBV20-1,TRBJ2-1,SASTNGAGGYNEQF,1
TRBV20-1,TRBJ2-1,SASTNGEQF,1
TRBV20-1,TRBJ2-1,SASTNGHEQF,1
TRBV20-1,TRBJ2-1,SASTNLAGGFNEQF,1
TRBV20-1,TRBJ2-1,SASTNLAGGWNEQF,1
TRBV20-1,TRBJ2-1,SASTNNEQF,18
TRBV20-1,TRBJ2-1,SASTNPAAWSSYNEQF,1
TRBV20-1,TRBJ2-1,SASTNPDEQF,1
TRBV20-1,TRBJ2-1,SASTNPGAYNEQF,2
TRBV20-1,TRBJ2-1,SASTNPGGPYNEQF,4
TRBV20-1,TRBJ2-1,SASTNPPASSSYNEQF,1
TRBV20-1,TRBJ2-1,SASTNQRNEQF,1
TRBV20-1,TRBJ2-1,SASTNQRPYNEQF,1
TRBV20-1,TRBJ2-1,SASTNRDGNEQF,1
TRBV20-1,TRBJ2-1,SASTNRDGPYNEQF,1
TRBV20-1,TRBJ2-1,SASTNRGGTYNEQF,1
TRBV20-1,TRBJ2-1,SASTNRGPNEQF,5
TRBV20-1,TRBJ2-1,SASTNRHEQF,4
TRBV20-1,TRBJ2-1,SASTNSGGWDEQF,1
TRBV20-1,TRBJ2-1,SASTNSGRAGNEQF,1
TRBV20-1,TRBJ2-1,SASTNSGSIYNEQF,1
TRBV20-1,TRBJ2-1,SASTNSKAAWDYNEQF,1
TRBV20-1,TRBJ2-1,SASTNSYNEQF,1
TRBV20-1,TRBJ2-1,SASTNYEGYNEQF,2
TRBV20-1,TRBJ2-1,SASTPAAHNEQF,1
TRBV20-1,TRBJ2-1,SASTPADSYNEQF,1
TRBV20-1,TRBJ2-1,SASTPADYNEQF,1
TRBV20-1,TRBJ2-1,SASTPAEAPGDEQL,1
TRBV20-1,TRBJ2-1,SASTPAGGSYNEQF,1
TRBV20-1,TRBJ2-1,SASTPAGLAGNNEQF,1
TRBV20-1,TRBJ2-1,SASTPAGLSYNEQF,1
TRBV20-1,TRBJ2-1,SASTPAGNEQF,1
TRBV20-1,TRBJ2-1,SASTPAGNNEQF,1
TRBV20-1,TRBJ2-1,SASTPAGPSYNEQF,1
TRBV20-1,TRBJ2-1,SASTPALAETNEQF,1
TRBV20-1,TRBJ2-1,SASTPAPTYNEQF,1
TRBV20-1,TRBJ2-1,SASTPARGLSYNEQF,1
TRBV20-1,TRBJ2-1,SASTPASGLDYSYNEQF,3
TRBV20-1,TRBJ2-1,SASTPASGLFNEQF,11
TRBV20-1,TRBJ2-1,SASTPASSIHNEQF,1
TRBV20-1,TRBJ2-1,SASTPASVSSYNEQF,1
TRBV20-1,TRBJ2-1,SASTPAYNEQF,3
TRBV20-1,TRBJ2-1,SASTPDLNEQF,1
TRBV20-1,TRBJ2-1,SASTPDNEQF,1
TRBV20-1,TRBJ2-1,SASTPDRGGYNEQF,1
TRBV20-1,TRBJ2-1,SASTPDRGPNEQF,1
TRBV20-1,TRBJ2-1,SASTPDRGSNEQF,1
TRBV20-1,TRBJ2-1,SASTPDRRF,2
TRBV20-1,TRBJ2-1,SASTPDSRIDNEQF,1
TRBV20-1,TRBJ2-1,SASTPDSSYNEQF,1
TRBV20-1,TRBJ2-1,SASTPDSYNEQF,2
TRBV20-1,TRBJ2-1,SASTPDYNEQF,1
TRBV20-1,TRBJ2-1,SASTPEAGGPTDEQF,1
TRBV20-1,TRBJ2-1,SASTPEAREGSNEQF,1
TRBV20-1,TRBJ2-1,SASTPEASSYNEQF,1
TRBV20-1,TRBJ2-1,SASTPEETPGDEQF,19
TRBV20-1,TRBJ2-1,SASTPEETSGDEQF,1
TRBV20-1,TRBJ2-1,SASTPEFYNEQF,1
TRBV20-1,TRBJ2-1,SASTPEGSYNEQF,11
TRBV20-1,TRBJ2-1,SASTPEGVYNEQF,1
TRBV20-1,TRBJ2-1,SASTPEKTPGDEQF,1
TRBV20-1,TRBJ2-1,SASTPEPSNEQF,1
TRBV20-1,TRBJ2-1,SASTPETSYNEQF,3
TRBV20-1,TRBJ2-1,SASTPEVRMTYNEQF,1
TRBV20-1,TRBJ2-1,SASTPFDGDDEQF,10
TRBV20-1,TRBJ2-1,SASTPFGKYNEQF,1
TRBV20-1,TRBJ2-1,SASTPFKDEQF,1
TRBV20-1,TRBJ2-1,SASTPFSYNEQF,3
TRBV20-1,TRBJ2-1,SASTPGADYNEQF,1
TRBV20-1,TRBJ2-1,SASTPGAGGLPLYNEQF,1
TRBV20-1,TRBJ2-1,SASTPGAGNEQF,1
TRBV20-1,TRBJ2-1,SASTPGAGYNEQF,1
TRBV20-1,TRBJ2-1,SASTPGAKDEQF,1
TRBV20-1,TRBJ2-1,SASTPGALRNEQF,1
TRBV20-1,TRBJ2-1,SASTPGARSYNEQF,1
TRBV20-1,TRBJ2-1,SASTPGDPSYNEQF,14
TRBV20-1,TRBJ2-1,SASTPGDSYNEQF,2
TRBV20-1,TRBJ2-1,SASTPGFFHEQF,1
TRBV20-1,TRBJ2-1,SASTPGGAPHNEQF,1
TRBV20-1,TRBJ2-1,SASTPGGASYNEQF,1
TRBV20-1,TRBJ2-1,SASTPGGGDYNEQF,1
TRBV20-1,TRBJ2-1,SASTPGGLAGVAYNEQF,1
TRBV20-1,TRBJ2-1,SASTPGGNEQF,1
TRBV20-1,TRBJ2-1,SASTPGGNSYNEQF,4
TRBV20-1,TRBJ2-1,SASTPGGPSYNEQF,1
TRBV20-1,TRBJ2-1,SASTPGGPTYNEQF,1
TRBV20-1,TRBJ2-1,SASTPGGRAWNEQF,1
TRBV20-1,TRBJ2-1,SASTPGGREGDEQF,4
TRBV20-1,TRBJ2-1,SASTPGGSGGNEQF,1
TRBV20-1,TRBJ2-1,SASTPGGSVNEQF,1
TRBV20-1,TRBJ2-1,SASTPGGTNEQF,1
TRBV20-1,TRBJ2-1,SASTPGGTPYNEQF,1
TRBV20-1,TRBJ2-1,SASTPGGTRSYNEQF,2
TRBV20-1,TRBJ2-1,SASTPGGYNEQF,1
TRBV20-1,TRBJ2-1,SASTPGHNEQF,1
TRBV20-1,TRBJ2-1,SASTPGIGSYNEQF,2
TRBV20-1,TRBJ2-1,SASTPGKDEQF,1
TRBV20-1,TRBJ2-1,SASTPGLAGDNEQF,1
TRBV20-1,TRBJ2-1,SASTPGLAGEGLGDEQF,1
TRBV20-1,TRBJ2-1,SASTPGLAGGPSYNEQF,1
TRBV20-1,TRBJ2-1,SASTPGLAGGPTYNEQF,1
TRBV20-1,TRBJ2-1,SASTPGLAGGRNEQF,1
TRBV20-1,TRBJ2-1,SASTPGLAGGSDEQF,1
TRBV20-1,TRBJ2-1,SASTPGLAGGTYNEQF,1
TRBV20-1,TRBJ2-1,SASTPGLAGGVNEQF,1
TRBV20-1,TRBJ2-1,SASTPGLAGQISYNEQF,9
TRBV20-1,TRBJ2-1,SASTPGLAGRGIRDEQF,1
TRBV20-1,TRBJ2-1,SASTPGLAGVDEQF,1
TRBV20-1,TRBJ2-1,SASTPGLAGVDNEQF,1
TRBV20-1,TRBJ2-1,SASTPGLAGVNEQF,1
TRBV20-1,TRBJ2-1,SASTPGLAGYSYNEQF,1
TRBV20-1,TRBJ2-1,SASTPGLANNEQF,1
TRBV20-1,TRBJ2-1,SASTPGLAPYNEQF,1
TRBV20-1,TRBJ2-1,SASTPGLARNEQF,1
TRBV20-1,TRBJ2-1,SASTPGLARPDEQF,1
TRBV20-1,TRBJ2-1,SASTPGLAVYNEQF,4
TRBV20-1,TRBJ2-1,SASTPGLAWRNEQF,1
TRBV20-1,TRBJ2-1,SASTPGLAYNEQF,2
TRBV20-1,TRBJ2-1,SASTPGLERNEQF,1
TRBV20-1,TRBJ2-1,SASTPGLESDEQF,5
TRBV20-1,TRBJ2-1,SASTPGLHEQF,1
TRBV20-1,TRBJ2-1,SASTPGLHNEQF,1
TRBV20-1,TRBJ2-1,SASTPGLHYNEQF,1
TRBV20-1,TRBJ2-1,SASTPGLLSGGATNEQF,1
TRBV20-1,TRBJ2-1,SASTPGLSGLLYNEQF,1
TRBV20-1,TRBJ2-1,SASTPGLSYNEQF,1
TRBV20-1,TRBJ2-1,SASTPGLTVYNEQF,1
TRBV20-1,TRBJ2-1,SASTPGLTYNEQF,1
TRBV20-1,TRBJ2-1,SASTPGLVSYNEQF,1
TRBV20-1,TRBJ2-1,SASTPGLVYNEQF,2
TRBV20-1,TRBJ2-1,SASTPGLWNEQF,1
TRBV20-1,TRBJ2-1,SASTPGLYNEQF,1
TRBV20-1,TRBJ2-1,SASTPGNEQF,1
TRBV20-1,TRBJ2-1,SASTPGPAGGLNEQF,1
TRBV20-1,TRBJ2-1,SASTPGPTGYEQF,1
TRBV20-1,TRBJ2-1,SASTPGPYNEQF,1
TRBV20-1,TRBJ2-1,SASTPGQGDNEQF,1
TRBV20-1,TRBJ2-1,SASTPGQGIWDEQF,1
TRBV20-1,TRBJ2-1,SASTPGQGNEQF,1
TRBV20-1,TRBJ2-1,SASTPGQGQDEQF,1
TRBV20-1,TRBJ2-1,SASTPGQGRTYNEQF,1
TRBV20-1,TRBJ2-1,SASTPGQGYNEQF,1
TRBV20-1,TRBJ2-1,SASTPGQNFDEQF,5
TRBV20-1,TRBJ2-1,SASTPGQQF,17
TRBV20-1,TRBJ2-1,SASTPGQYNEQF,1
TRBV20-1,TRBJ2-1,SASTPGQYYNEQF,1
TRBV20-1,TRBJ2-1,SASTPGRASNEQF,1
TRBV20-1,TRBJ2-1,SASTPGRGEQF,3
TRBV20-1,TRBJ2-1,SASTPGRGGEQF,4
TRBV20-1,TRBJ2-1,SASTPGRIYNEQF,1
TRBV20-1,TRBJ2-1,SASTPGRLTNEQF,1
TRBV20-1,TRBJ2-1,SASTPGRNEQF,2
TRBV20-1,TRBJ2-1,SASTPGRRTHNEQF,1
TRBV20-1,TRBJ2-1,SASTPGSDEQF,1
TRBV20-1,TRBJ2-1,SASTPGSREQF,2
TRBV20-1,TRBJ2-1,SASTPGSRNEQF,1
TRBV20-1,TRBJ2-1,SASTPGSSYNEQF,1
TRBV20-1,TRBJ2-1,SASTPGSYKEQF,1
TRBV20-1,TRBJ2-1,SASTPGSYNEQF,4
TRBV20-1,TRBJ2-1,SASTPGTFYNEQF,1
TRBV20-1,TRBJ2-1,SASTPGTINNEQF,1
TRBV20-1,TRBJ2-1,SASTPGTKYNEQF,2
TRBV20-1,TRBJ2-1,SASTPGTPVDNEQF,1
TRBV20-1,TRBJ2-1,SASTPGTRPSYNEQF,3
TRBV20-1,TRBJ2-1,SASTPGTSGSNEQF,2
TRBV20-1,TRBJ2-1,SASTPGTSGYGSEQF,1
TRBV20-1,TRBJ2-1,SASTPGTSRYNEQF,1
TRBV20-1,TRBJ2-1,SASTPGTSVSYNEQF,1
TRBV20-1,TRBJ2-1,SASTPGTVNNEQF,1
TRBV20-1,TRBJ2-1,SASTPGVSYNEQF,1
TRBV20-1,TRBJ2-1,SASTPGWERPYNEQF,1
TRBV20-1,TRBJ2-1,SASTPGYQYNEQF,1
TRBV20-1,TRBJ2-1,SASTPHGNEQF,2
TRBV20-1,TRBJ2-1,SASTPHSYNEQF,2
TRBV20-1,TRBJ2-1,SASTPIAGGLDEQF,1
TRBV20-1,TRBJ2-1,SASTPIALAGLGNEQF,1
TRBV20-1,TRBJ2-1,SASTPIKSSYNEQF,1
TRBV20-1,TRBJ2-1,SASTPILAGVHEQF,1
TRBV20-1,TRBJ2-1,SASTPIRGSYNEQF,1
TRBV20-1,TRBJ2-1,SASTPISYNEQF,1
TRBV20-1,TRBJ2-1,SASTPITYNEQF,1
TRBV20-1,TRBJ2-1,SASTPKPPNEQF,2
TRBV20-1,TRBJ2-1,SASTPKTSLSYNEQF,1
TRBV20-1,TRBJ2-1,SASTPKTSYNAQF,1
TRBV20-1,TRBJ2-1,SASTPLAANYNEQF,1
TRBV20-1,TRBJ2-1,SASTPLAASYNEQF,3
TRBV20-1,TRBJ2-1,SASTPLADLYNEQF,3
TRBV20-1,TRBJ2-1,SASTPLAGAYNEQF,2
TRBV20-1,TRBJ2-1,SASTPLAGFTYNEQF,1
TRBV20-1,TRBJ2-1,SASTPLAGGHNEQF,1
TRBV20-1,TRBJ2-1,SASTPLAGGLDEQF,12
TRBV20-1,TRBJ2-1,SASTPLAGGPRSYNEQF,10
TRBV20-1,TRBJ2-1,SASTPLAGGSYNEQF,1
TRBV20-1,TRBJ2-1,SASTPLAGRTNEQF,6
TRBV20-1,TRBJ2-1,SASTPLAGSTDEQF,1
TRBV20-1,TRBJ2-1,SASTPLAGSYNEQF,3
TRBV20-1,TRBJ2-1,SASTPLAGSYNEQI,1
TRBV20-1,TRBJ2-1,SASTPLAGVPNEQF,1
TRBV20-1,TRBJ2-1,SASTPLAMGGYNEQF,1
TRBV20-1,TRBJ2-1,SASTPLAVSYNEQF,1
TRBV20-1,TRBJ2-1,SASTPLDGDDEQF,1
TRBV20-1,TRBJ2-1,SASTPLEHFRLGNEQF,1
TRBV20-1,TRBJ2-1,SASTPLGASSSYNEQF,3
TRBV20-1,TRBJ2-1,SASTPLGQGFLYEQF,1
TRBV20-1,TRBJ2-1,SASTPLGSYNEQF,1
TRBV20-1,TRBJ2-1,SASTPLGYNEQF,1
TRBV20-1,TRBJ2-1,SASTPLLAGASDEQF,1
TRBV20-1,TRBJ2-1,SASTPLLLGF,4
TRBV20-1,TRBJ2-1,SASTPLLTSGSNSYNEQF,1
TRBV20-1,TRBJ2-1,SASTPLNNEQF,1
TRBV20-1,TRBJ2-1,SASTPLPGHINEQF,1
TRBV20-1,TRBJ2-1,SASTPLRGGSRGSNEQF,1
TRBV20-1,TRBJ2-1,SASTPLSYNEQF,2
TRBV20-1,TRBJ2-1,SASTPLTSGGNEQF,1
TRBV20-1,TRBJ2-1,SASTPLYNEQF,3
TRBV20-1,TRBJ2-1,SASTPMGNEQF,1
TRBV20-1,TRBJ2-1,SASTPMRTSSNEQF,1
TRBV20-1,TRBJ2-1,SASTPMTSAYNEQF,1
TRBV20-1,TRBJ2-1,SASTPNEQF,16
TRBV20-1,TRBJ2-1,SASTPNGGLATSNEQF,1
TRBV20-1,TRBJ2-1,SASTPNLYEQF,1
TRBV20-1,TRBJ2-1,SASTPNLYNEQF,1
TRBV20-1,TRBJ2-1,SASTPNNEQF,1
TRBV20-1,TRBJ2-1,SASTPNQGDNEQF,1
TRBV20-1,TRBJ2-1,SASTPNREVNEQF,1
TRBV20-1,TRBJ2-1,SASTPNRLLAVYNEQF,1
TRBV20-1,TRBJ2-1,SASTPNSYNEQF,1
TRBV20-1,TRBJ2-1,SASTPNYNEQF,1
TRBV20-1,TRBJ2-1,SASTPPAHYEQF,1
TRBV20-1,TRBJ2-1,SASTPPATSGSWEQF,1
TRBV20-1,TRBJ2-1,SASTPPDNEQF,1
TRBV20-1,TRBJ2-1,SASTPPETSGSWEQF,2
TRBV20-1,TRBJ2-1,SASTPPGGIGNEQF,1
TRBV20-1,TRBJ2-1,SASTPPGGRSNEQF,1
TRBV20-1,TRBJ2-1,SASTPPGLAEYFSYNEQF,1
TRBV20-1,TRBJ2-1,SASTPPGLAGGSANEQF,6
TRBV20-1,TRBJ2-1,SASTPPGLAGGYYNEQF,2
TRBV20-1,TRBJ2-1,SASTPPGLAGINEQF,1
TRBV20-1,TRBJ2-1,SASTPPGPGPNEQF,1
TRBV20-1,TRBJ2-1,SASTPPGTGGSWEQF,1
TRBV20-1,TRBJ2-1,SASTPPGTSGIWEQF,1
TRBV20-1,TRBJ2-1,SASTPPGTSGSGEQF,1
TRBV20-1,TRBJ2-1,SASTPPGTSGSWEQC,2
TRBV20-1,TRBJ2-1,SASTPPGTSGSWEQF,62
TRBV20-1,TRBJ2-1,SASTPPGTSGTWEQF,1
TRBV20-1,TRBJ2-1,SASTPPISTPYNEQF,6
TRBV20-1,TRBJ2-1,SASTPPISYNEQF,1
TRBV20-1,TRBJ2-1,SASTPPLAGAYNEQF,1
TRBV20-1,TRBJ2-1,SASTPPLAGTYNEQF,1
TRBV20-1,TRBJ2-1,SASTPPLSYNEQF,1
TRBV20-1,TRBJ2-1,SASTPPLVNEQF,2
TRBV20-1,TRBJ2-1,SASTPPLVRGINEQF,1
TRBV20-1,TRBJ2-1,SASTPPLYNEQF,2
TRBV20-1,TRBJ2-1,SASTPPMGAGIYNEQF,1
TRBV20-1,TRBJ2-1,SASTPPNEQF,1
TRBV20-1,TRBJ2-1,SASTPPPGPHRDEQF,1
TRBV20-1,TRBJ2-1,SASTPPRDEPF,1
TRBV20-1,TRBJ2-1,SASTPPSDEQF,3
TRBV20-1,TRBJ2-1,SASTPPSNEQF,1
TRBV20-1,TRBJ2-1,SASTPPSVVYNEQF,1
TRBV20-1,TRBJ2-1,SASTPPSYNEQF,1
TRBV20-1,TRBJ2-1,SASTPPTPSGGHNEQF,1
TRBV20-1,TRBJ2-1,SASTPPVSTSDEQF,1
TRBV20-1,TRBJ2-1,SASTPPVSYNEQF,1
TRBV20-1,TRBJ2-1,SASTPQAGKQF,3
TRBV20-1,TRBJ2-1,SASTPQFSSGSTNNEQF,1
TRBV20-1,TRBJ2-1,SASTPQGALNEQF,1
TRBV20-1,TRBJ2-1,SASTPQGGHNEQF,1
TRBV20-1,TRBJ2-1,SASTPQGSHNEQF,1
TRBV20-1,TRBJ2-1,SASTPQGSSYNEQF,1
TRBV20-1,TRBJ2-1,SASTPQLSYNEQF,1
TRBV20-1,TRBJ2-1,SASTPQSYNEQF,5
TRBV20-1,TRBJ2-1,SASTPQYNEQF,1
TRBV20-1,TRBJ2-1,SASTPRAGGNYNEQF,1
TRBV20-1,TRBJ2-1,SASTPRANSYNEQF,1
TRBV20-1,TRBJ2-1,SASTPRDNEQF,5
TRBV20-1,TRBJ2-1,SASTPREDNEQF,1
TRBV20-1,TRBJ2-1,SASTPREGLHEQF,2
TRBV20-1,TRBJ2-1,SASTPREVNNEQF,2
TRBV20-1,TRBJ2-1,SASTPRFTPPYARGNEQF,1
TRBV20-1,TRBJ2-1,SASTPRGEAQYNEQF,1
TRBV20-1,TRBJ2-1,SASTPRGGLAGNEQF,1
TRBV20-1,TRBJ2-1,SASTPRGGLSNEQF,1
TRBV20-1,TRBJ2-1,SASTPRGGRNNEQF,2
TRBV20-1,TRBJ2-1,SASTPRGGTYNEQF,4
TRBV20-1,TRBJ2-1,SASTPRGLYNEQF,1
TRBV20-1,TRBJ2-1,SASTPRGQTYNEQF,1
TRBV20-1,TRBJ2-1,SASTPRGTSGSWEQF,1
TRBV20-1,TRBJ2-1,SASTPRGVNEQF,1
TRBV20-1,TRBJ2-1,SASTPRIGHNEQF,1
TRBV20-1,TRBJ2-1,SASTPRLADSYNEQF,2
TRBV20-1,TRBJ2-1,SASTPRLAGEVHEQF,1
TRBV20-1,TRBJ2-1,SASTPRLAGGRRVNEQF,1
TRBV20-1,TRBJ2-1,SASTPRLATHNEQF,2
TRBV20-1,TRBJ2-1,SASTPRLPYNEQF,1
TRBV20-1,TRBJ2-1,SASTPRLTYNEQF,1
TRBV20-1,TRBJ2-1,SASTPRQGSSYNEQF,1
TRBV20-1,TRBJ2-1,SASTPRRVAGGFDYNEQF,1
TRBV20-1,TRBJ2-1,SASTPRRYSSYNEQF,1
TRBV20-1,TRBJ2-1,SASTPRSAYNEQF,1
TRBV20-1,TRBJ2-1,SASTPRSSYNEQF,1
TRBV20-1,TRBJ2-1,SASTPRSYNEQF,1
TRBV20-1,TRBJ2-1,SASTPRTAYNEQF,1
TRBV20-1,TRBJ2-1,SASTPRTSRPYNEQF,1
TRBV20-1,TRBJ2-1,SASTPRVAVYNEQF,1
TRBV20-1,TRBJ2-1,SASTPRVFYNEQF,2
TRBV20-1,TRBJ2-1,SASTPRWGSQSGNEQF,1
TRBV20-1,TRBJ2-1,SASTPRYAFGHEQF,1
TRBV20-1,TRBJ2-1,SASTPRYAFGNEQF,14
TRBV20-1,TRBJ2-1,SASTPSAGSYNEQF,3
TRBV20-1,TRBJ2-1,SASTPSAQNHNEQF,1
TRBV20-1,TRBJ2-1,SASTPSARGNNEQF,8
TRBV20-1,TRBJ2-1,SASTPSDNEQF,1
TRBV20-1,TRBJ2-1,SASTPSGDSYNEQF,1
TRBV20-1,TRBJ2-1,SASTPSGENEQF,2
TRBV20-1,TRBJ2-1,SASTPSGGAIEQF,1
TRBV20-1,TRBJ2-1,SASTPSGGAYNEQF,3
TRBV20-1,TRBJ2-1,SASTPSGGRYEQF,1
TRBV20-1,TRBJ2-1,SASTPSGKRTGYNEQF,1
TRBV20-1,TRBJ2-1,SASTPSGLAGINEQF,1
TRBV20-1,TRBJ2-1,SASTPSGLLNEQF,1
TRBV20-1,TRBJ2-1,SASTPSGLPGGSYNEQF,1
TRBV20-1,TRBJ2-1,SASTPSGLSYNEQF,1
TRBV20-1,TRBJ2-1,SASTPSGLYNEQF,1
TRBV20-1,TRBJ2-1,SASTPSGMVDEQF,1
TRBV20-1,TRBJ2-1,SASTPSGNEQF,1
TRBV20-1,TRBJ2-1,SASTPSGPTYNEQF,1
TRBV20-1,TRBJ2-1,SASTPSGRAEQF,1
TRBV20-1,TRBJ2-1,SASTPSGRAIEQF,8
TRBV20-1,TRBJ2-1,SASTPSGRANNEQF,3
TRBV20-1,TRBJ2-1,SASTPSGRENEQF,1
TRBV20-1,TRBJ2-1,SASTPSGRGRGSYNEQF,1
TRBV20-1,TRBJ2-1,SASTPSGRIYNEQF,3
TRBV20-1,TRBJ2-1,SASTPSGRPYNEQF,1
TRBV20-1,TRBJ2-1,SASTPSGRSSYNEQF,1
TRBV20-1,TRBJ2-1,SASTPSGRSYNEQF,1
TRBV20-1,TRBJ2-1,SASTPSGRVYEQF,1
TRBV20-1,TRBJ2-1,SASTPSGRVYNEQF,1
TRBV20-1,TRBJ2-1,SASTPSGSAYNEQF,5
TRBV20-1,TRBJ2-1,SASTPSGSNEQF,2
TRBV20-1,TRBJ2-1,SASTPSGSRYNEQF,1
TRBV20-1,TRBJ2-1,SASTPSGSSSEQF,1
TRBV20-1,TRBJ2-1,SASTPSGSSYNEQF,1
TRBV20-1,TRBJ2-1,SASTPSGSTYNEQF,1
TRBV20-1,TRBJ2-1,SASTPSGSYNEQF,8
TRBV20-1,TRBJ2-1,SASTPSGTNEQF,1
TRBV20-1,TRBJ2-1,SASTPSGTYNEQF,1
TRBV20-1,TRBJ2-1,SASTPSGYEYSEQF,1
TRBV20-1,TRBJ2-1,SASTPSGYNEQF,1
TRBV20-1,TRBJ2-1,SASTPSHTYNEQF,4
TRBV20-1,TRBJ2-1,SASTPSIDEQF,1
TRBV20-1,TRBJ2-1,SASTPSIYNEQF,1
TRBV20-1,TRBJ2-1,SASTPSMGKSEQF,3
TRBV20-1,TRBJ2-1,SASTPSNEQF,1
TRBV20-1,TRBJ2-1,SASTPSQGTYNEQF,1
TRBV20-1,TRBJ2-1,SASTPSSGRPNEQF,1
TRBV20-1,TRBJ2-1,SASTPSSRLVGNEQF,1
TRBV20-1,TRBJ2-1,SASTPSSSYNEQF,1
TRBV20-1,TRBJ2-1,SASTPSSYEQF,1
TRBV20-1,TRBJ2-1,SASTPSSYNEQF,20
TRBV20-1,TRBJ2-1,SASTPSSYNKQF,1
TRBV20-1,TRBJ2-1,SASTPSTGGSYNEQF,6
TRBV20-1,TRBJ2-1,SASTPSTQNEQF,1
TRBV20-1,TRBJ2-1,SASTPSTSSYNEQF,1
TRBV20-1,TRBJ2-1,SASTPSVGDFPYNEQF,1
TRBV20-1,TRBJ2-1,SASTPSWGGYYNEQF,1
TRBV20-1,TRBJ2-1,SASTPSWVYNEQF,1
TRBV20-1,TRBJ2-1,SASTPSYNEQF,14
TRBV20-1,TRBJ2-1,SASTPTALNEQF,2
TRBV20-1,TRBJ2-1,SASTPTDEQF,2
TRBV20-1,TRBJ2-1,SASTPTGGLYNEQF,4
TRBV20-1,TRBJ2-1,SASTPTGRAYNEQF,1
TRBV20-1,TRBJ2-1,SASTPTGTGRYNEQF,1
TRBV20-1,TRBJ2-1,SASTPTGTSSYNEQF,1
TRBV20-1,TRBJ2-1,SASTPTIRQSSYNEQF,1
TRBV20-1,TRBJ2-1,SASTPTKGGDEQF,4
TRBV20-1,TRBJ2-1,SASTPTNEQF,2
TRBV20-1,TRBJ2-1,SASTPTSGGGNEQF,1
TRBV20-1,TRBJ2-1,SASTPTSGIGNEQF,1
TRBV20-1,TRBJ2-1,SASTPTSGRAHEQF,1
TRBV20-1,TRBJ2-1,SASTPTSGSDNEQF,1
TRBV20-1,TRBJ2-1,SASTPTSGSSNEQF,1
TRBV20-1,TRBJ2-1,SASTPTSGSYNEQF,1
TRBV20-1,TRBJ2-1,SASTPTSGTYNEQF,1
TRBV20-1,TRBJ2-1,SASTPTSGYYNEQF,1
TRBV20-1,TRBJ2-1,SASTPTSLDEQF,1
TRBV20-1,TRBJ2-1,SASTPTSSLNEQF,1
TRBV20-1,TRBJ2-1,SASTPTSVIYNEQF,1
TRBV20-1,TRBJ2-1,SASTPTSYNEQF,1
TRBV20-1,TRBJ2-1,SASTPTTNEQF,1
TRBV20-1,TRBJ2-1,SASTPTYNEQF,3
TRBV20-1,TRBJ2-1,SASTPVGASYNEQF,1
TRBV20-1,TRBJ2-1,SASTPVGGYNEQF,1
TRBV20-1,TRBJ2-1,SASTPVGYSYNEQF,1
TRBV20-1,TRBJ2-1,SASTPVRREYNEQF,1
TRBV20-1,TRBJ2-1,SASTPVWFNEQF,3
TRBV20-1,TRBJ2-1,SASTPWANEQF,1
TRBV20-1,TRBJ2-1,SASTPWGGPSYNEQF,1
TRBV20-1,TRBJ2-1,SASTPWTSGGDGSYNEQF,5
TRBV20-1,TRBJ2-1,SASTPYASGGPGNEQF,1
TRBV20-1,TRBJ2-1,SASTPYHSYNEQF,1
TRBV20-1,TRBJ2-1,SASTPYNEQF,13
TRBV20-1,TRBJ2-1,SASTPYNNEQF,1
TRBV20-1,TRBJ2-1,SASTPYSYNEQF,6
TRBV20-1,TRBJ2-1,SASTPYYNEQF,1
TRBV20-1,TRBJ2-1,SASTQAGEHYNEQF,1
TRBV20-1,TRBJ2-1,SASTQAGGHEQF,1
TRBV20-1,TRBJ2-1,SASTQAGTSGSYNEQF,1
TRBV20-1,TRBJ2-1,SASTQALGTSGTISSYNEQF,1
TRBV20-1,TRBJ2-1,SASTQAMWNEQF,1
TRBV20-1,TRBJ2-1,SASTQARRVKEQF,1
TRBV20-1,TRBJ2-1,SASTQASSYNEQF,5
TRBV20-1,TRBJ2-1,SASTQATGGNNEQF,1
TRBV20-1,TRBJ2-1,SASTQDGSYNEQF,1
TRBV20-1,TRBJ2-1,SASTQDPSTYNEQF,1
TRBV20-1,TRBJ2-1,SASTQDRSYNEQF,13
TRBV20-1,TRBJ2-1,SASTQDSYNEQF,1
TRBV20-1,TRBJ2-1,SASTQEGGNEQF,1
TRBV20-1,TRBJ2-1,SASTQESFYNEQF,1
TRBV20-1,TRBJ2-1,SASTQEYNEQF,1
TRBV20-1,TRBJ2-1,SASTQFNLAGVHNEQF,1
TRBV20-1,TRBJ2-1,SASTQGAESSYNEQF,3
TRBV20-1,TRBJ2-1,SASTQGAGEQF,6
TRBV20-1,TRBJ2-1,SASTQGAYEQF,1
TRBV20-1,TRBJ2-1,SASTQGDYNEQF,1
TRBV20-1,TRBJ2-1,SASTQGEDNEQF,1
TRBV20-1,TRBJ2-1,SASTQGENEQF,1
TRBV20-1,TRBJ2-1,SASTQGGSNYNEQF,1
TRBV20-1,TRBJ2-1,SASTQGGVGYNEQF,1
TRBV20-1,TRBJ2-1,SASTQGHYNEQF,1
TRBV20-1,TRBJ2-1,SASTQGIRNEQF,1
TRBV20-1,TRBJ2-1,SASTQGIVESHNEQF,1
TRBV20-1,TRBJ2-1,SASTQGIYNEQF,1
TRBV20-1,TRBJ2-1,SASTQGLIYNEQF,1
TRBV20-1,TRBJ2-1,SASTQGLSSYNEQF,1
TRBV20-1,TRBJ2-1,SASTQGLTLSLSYNEQF,1
TRBV20-1,TRBJ2-1,SASTQGRPNEQF,2
TRBV20-1,TRBJ2-1,SASTQGRQF,1
TRBV20-1,TRBJ2-1,SASTQGRTYNEQF,1
TRBV20-1,TRBJ2-1,SASTQGRVDNEQC,1
TRBV20-1,TRBJ2-1,SASTQGRVDNEQF,4
TRBV20-1,TRBJ2-1,SASTQGSEQF,5
TRBV20-1,TRBJ2-1,SASTQGSFHNEQF,1
TRBV20-1,TRBJ2-1,SASTQGSLTYNEQF,1
TRBV20-1,TRBJ2-1,SASTQGTDFYYNEQF,1
TRBV20-1,TRBJ2-1,SASTQGTGINEQF,3
TRBV20-1,TRBJ2-1,SASTQGTKSYNEQF,1
TRBV20-1,TRBJ2-1,SASTQGTSPYNEQF,1
TRBV20-1,TRBJ2-1,SASTQGVNEQF,1
TRBV20-1,TRBJ2-1,SASTQGYNEQF,3
TRBV20-1,TRBJ2-1,SASTQHSYNEQF,1
TRBV20-1,TRBJ2-1,SASTQILDRALYNEQF,1
TRBV20-1,TRBJ2-1,SASTQILYNEQF,1
TRBV20-1,TRBJ2-1,SASTQITYNEQF,2
TRBV20-1,TRBJ2-1,SASTQIYDNEQF,1
TRBV20-1,TRBJ2-1,SASTQKEFSYNEQF,1
TRBV20-1,TRBJ2-1,SASTQKVHEQF,1
TRBV20-1,TRBJ2-1,SASTQLAGGDEQF,1
TRBV20-1,TRBJ2-1,SASTQLAGKYNEQF,1
TRBV20-1,TRBJ2-1,SASTQLDEQF,1
TRBV20-1,TRBJ2-1,SASTQLDYNEQF,1
TRBV20-1,TRBJ2-1,SASTQNNEQF,1
TRBV20-1,TRBJ2-1,SASTQNSYNEQF,1
TRBV20-1,TRBJ2-1,SASTQPHEQF,1
TRBV20-1,TRBJ2-1,SASTQPLAFPYNEQF,1
TRBV20-1,TRBJ2-1,SASTQPQNNEQF,1
TRBV20-1,TRBJ2-1,SASTQRDDFNEQF,1
TRBV20-1,TRBJ2-1,SASTQRDEQF,1
TRBV20-1,TRBJ2-1,SASTQRDRNEQF,3
TRBV20-1,TRBJ2-1,SASTQREGLYEQF,3
TRBV20-1,TRBJ2-1,SASTQRELYEQF,1
TRBV20-1,TRBJ2-1,SASTQRENNEQF,1
TRBV20-1,TRBJ2-1,SASTQRGDNEQF,11
TRBV20-1,TRBJ2-1,SASTQRGFNEQF,1
TRBV20-1,TRBJ2-1,SASTQRGGYNEQF,1
TRBV20-1,TRBJ2-1,SASTQRGNNEQF,1
TRBV20-1,TRBJ2-1,SASTQRGSNEQF,1
TRBV20-1,TRBJ2-1,SASTQRGVYNEQF,1
TRBV20-1,TRBJ2-1,SASTQRGYNEQF,14
TRBV20-1,TRBJ2-1,SASTQRKYNEQF,1
TRBV20-1,TRBJ2-1,SASTQRSSGRSSYNEQF,1
TRBV20-1,TRBJ2-1,SASTQRSSYNEQF,1
TRBV20-1,TRBJ2-1,SASTQRVSSYNEQF,1
TRBV20-1,TRBJ2-1,SASTQSESRDEQF,1
TRBV20-1,TRBJ2-1,SASTQSPDNEQF,1
TRBV20-1,TRBJ2-1,SASTQSPYNEQF,1
TRBV20-1,TRBJ2-1,SASTQSSYNEQF,3
TRBV20-1,TRBJ2-1,SASTQTEDYNELF,1
TRBV20-1,TRBJ2-1,SASTQTGGYDNEQF,1
TRBV20-1,TRBJ2-1,SASTQTLLANEQF,1
TRBV20-1,TRBJ2-1,SASTQTRMGIYNEQF,1
TRBV20-1,TRBJ2-1,SASTQTSGRVYEQF,1
TRBV20-1,TRBJ2-1,SASTQTSGRYNEQF,1
TRBV20-1,TRBJ2-1,SASTQTSGSRMGNEQF,2
TRBV20-1,TRBJ2-1,SASTQTSGSYNEQF,1
TRBV20-1,TRBJ2-1,SASTQTSGYNEQF,1
TRBV20-1,TRBJ2-1,SASTQTSHSYNEQF,1
TRBV20-1,TRBJ2-1,SASTQVAYNEQF,1
TRBV20-1,TRBJ2-1,SASTQVQF,1
TRBV20-1,TRBJ2-1,SASTQVWGNEQF,1
TRBV20-1,TRBJ2-1,SASTQWANEQF,1
TRBV20-1,TRBJ2-1,SASTQWRTSNEQF,1
TRBV20-1,TRBJ2-1,SASTQYNEQF,2
TRBV20-1,TRBJ2-1,SASTQYSYNEQF,2
TRBV20-1,TRBJ2-1,SASTQYSYNEQL,1
TRBV20-1,TRBJ2-1,SASTQYSYNKQF,1
TRBV20-1,TRBJ2-1,SASTQYYNEQF,1
TRBV20-1,TRBJ2-1,SASTRAASSYNEQF,1
TRBV20-1,TRBJ2-1,SASTRAAYEQF,1
TRBV20-1,TRBJ2-1,SASTRAEIIANEQF,2
TRBV20-1,TRBJ2-1,SASTRAGAYNEQF,1
TRBV20-1,TRBJ2-1,SASTRAGEYNEQF,1
TRBV20-1,TRBJ2-1,SASTRAGGDEQF,7
TRBV20-1,TRBJ2-1,SASTRAGGGWQF,1
TRBV20-1,TRBJ2-1,SASTRAGGHEQF,1
TRBV20-1,TRBJ2-1,SASTRAGIYNEQF,1
TRBV20-1,TRBJ2-1,SASTRAGLALHEQF,1
TRBV20-1,TRBJ2-1,SASTRAGNSYNEQF,1
TRBV20-1,TRBJ2-1,SASTRAGRSYNEQF,1
TRBV20-1,TRBJ2-1,SASTRAGSTYNEQF,1
TRBV20-1,TRBJ2-1,SASTRAGTYNEQF,1
TRBV20-1,TRBJ2-1,SASTRAHWNEQF,1
TRBV20-1,TRBJ2-1,SASTRAHYNEQF,1
TRBV20-1,TRBJ2-1,SASTRALAYEQF,1
TRBV20-1,TRBJ2-1,SASTRANEQF,1
TRBV20-1,TRBJ2-1,SASTRANNEQF,3
TRBV20-1,TRBJ2-1,SASTRANYNEQF,6
TRBV20-1,TRBJ2-1,SASTRAREQF,1
TRBV20-1,TRBJ2-1,SASTRASGSSGIYNEQF,1
TRBV20-1,TRBJ2-1,SASTRASINEQF,1
TRBV20-1,TRBJ2-1,SASTRASYNEQF,1
TRBV20-1,TRBJ2-1,SASTRAVDEQF,1
TRBV20-1,TRBJ2-1,SASTRAVPNDEQF,1
TRBV20-1,TRBJ2-1,SASTRDEQF,4
TRBV20-1,TRBJ2-1,SASTRDGPYNEQF,1
TRBV20-1,TRBJ2-1,SASTRDGSFFGNEQF,4
TRBV20-1,TRBJ2-1,SASTRDKVYNEQF,1
TRBV20-1,TRBJ2-1,SASTRDLGYNEQF,1
TRBV20-1,TRBJ2-1,SASTRDLSSYNEQF,1
TRBV20-1,TRBJ2-1,SASTRDNEQF,8
TRBV20-1,TRBJ2-1,SASTRDPHYNEQF,1
TRBV20-1,TRBJ2-1,SASTRDPYNEQF,1
TRBV20-1,TRBJ2-1,SASTRDRDSRNEQF,1
TRBV20-1,TRBJ2-1,SASTRDRGHSYNEQF,1
TRBV20-1,TRBJ2-1,SASTRDRGNNEQF,1
TRBV20-1,TRBJ2-1,SASTRDRGSNEQF,1
TRBV20-1,TRBJ2-1,SASTRDRGYNEQF,2
TRBV20-1,TRBJ2-1,SASTRDRQLAGGNEQF,1
TRBV20-1,TRBJ2-1,SASTRDRSNEQF,3
TRBV20-1,TRBJ2-1,SASTRDRYNEQF,1
TRBV20-1,TRBJ2-1,SASTRDSNNEQF,1
TRBV20-1,TRBJ2-1,SASTRDSYNEQF,2
TRBV20-1,TRBJ2-1,SASTRDTAYNEQF,1
TRBV20-1,TRBJ2-1,SASTRDTNEQF,1
TRBV20-1,TRBJ2-1,SASTRDTYNEQF,1
TRBV20-1,TRBJ2-1,SASTRDWYNEQF,2
TRBV20-1,TRBJ2-1,SASTRDYFNEQF,3
TRBV20-1,TRBJ2-1,SASTREFTYNEQF,1
TRBV20-1,TRBJ2-1,SASTREGLGNEQF,1
TRBV20-1,TRBJ2-1,SASTREGLNEQF,1
TRBV20-1,TRBJ2-1,SASTREGLSYNEQF,1
TRBV20-1,TRBJ2-1,SASTREGQNEQF,1
TRBV20-1,TRBJ2-1,SASTREGRKYNEQF,1
TRBV20-1,TRBJ2-1,SASTREGSSYNEQF,1
TRBV20-1,TRBJ2-1,SASTREGSYNEQF,1
TRBV20-1,TRBJ2-1,SASTREGYNDQF,1
TRBV20-1,TRBJ2-1,SASTREGYNEQF,8
TRBV20-1,TRBJ2-1,SASTRELYNEQF,1
TRBV20-1,TRBJ2-1,SASTRESGLAGHSSYNEQF,1
TRBV20-1,TRBJ2-1,SASTRESSYNEQF,3
TRBV20-1,TRBJ2-1,SASTRETPLNEQF,2
TRBV20-1,TRBJ2-1,SASTRETYNEQF,1
TRBV20-1,TRBJ2-1,SASTREVYNEQF,1
TRBV20-1,TRBJ2-1,SASTREYNEQF,2
TRBV20-1,TRBJ2-1,SASTRFAVNEQF,1
TRBV20-1,TRBJ2-1,SASTRFEQF,2
TRBV20-1,TRBJ2-1,SASTRFPNEQF,1
TRBV20-1,TRBJ2-1,SASTRFSYNEQF,2
TRBV20-1,TRBJ2-1,SASTRGAGGPYNEQF,1
TRBV20-1,TRBJ2-1,SASTRGASGYYNEQF,1
TRBV20-1,TRBJ2-1,SASTRGAVAYNEQF,1
TRBV20-1,TRBJ2-1,SASTRGAVSCNEQF,1
TRBV20-1,TRBJ2-1,SASTRGAVSYNEQF,15
TRBV20-1,TRBJ2-1,SASTRGAYNEQF,1
TRBV20-1,TRBJ2-1,SASTRGDEQF,1
TRBV20-1,TRBJ2-1,SASTRGDSYNEQF,1
TRBV20-1,TRBJ2-1,SASTRGDYNEQF,1
TRBV20-1,TRBJ2-1,SASTRGEEFYNEQF,1
TRBV20-1,TRBJ2-1,SASTRGGDSYNEQF,1
TRBV20-1,TRBJ2-1,SASTRGGEPGVYNEQF,1
TRBV20-1,TRBJ2-1,SASTRGGGSYNEQF,1
TRBV20-1,TRBJ2-1,SASTRGGGWNEQF,1
TRBV20-1,TRBJ2-1,SASTRGGKLKNEQF,1
TRBV20-1,TRBJ2-1,SASTRGGKSSYNEQF,1
TRBV20-1,TRBJ2-1,SASTRGGNYNEQF,1
TRBV20-1,TRBJ2-1,SASTRGGNYPSYNEQF,1
TRBV20-1,TRBJ2-1,SASTRGGQF,1
TRBV20-1,TRBJ2-1,SASTRGGSRAYNEQF,1
TRBV20-1,TRBJ2-1,SASTRGGSSYNEQF,2
TRBV20-1,TRBJ2-1,SASTRGGSYNEPF,1
TRBV20-1,TRBJ2-1,SASTRGGSYNEQF,3
TRBV20-1,TRBJ2-1,SASTRGGTHKNEQF,1
TRBV20-1,TRBJ2-1,SASTRGGTLKKEQF,1
TRBV20-1,TRBJ2-1,SASTRGGTLKNDQF,1
TRBV20-1,TRBJ2-1,SASTRGGTLKNEHF,1
TRBV20-1,TRBJ2-1,SASTRGGTLKNEKF,1
TRBV20-1,TRBJ2-1,SASTRGGTLKNEQF,272
TRBV20-1,TRBJ2-1,SASTRGGTLKNEQL,1
TRBV20-1,TRBJ2-1,SASTRGGTLKNERF,1
TRBV20-1,TRBJ2-1,SASTRGGTLKNGQF,1
TRBV20-1,TRBJ2-1,SASTRGGTLKSEQF,1
TRBV20-1,TRBJ2-1,SASTRGGTLMNEQF,1
TRBV20-1,TRBJ2-1,SASTRGGTLNNAHF,1
TRBV20-1,TRBJ2-1,SASTRGGTLTNEQF,2
TRBV20-1,TRBJ2-1,SASTRGGTNYNEQF,1
TRBV20-1,TRBJ2-1,SASTRGGTRKNEQF,1
TRBV20-1,TRBJ2-1,SASTRGGYESSYNEQF,1
TRBV20-1,TRBJ2-1,SASTRGHNYNEQF,2
TRBV20-1,TRBJ2-1,SASTRGLANSGQF,1
TRBV20-1,TRBJ2-1,SASTRGLAYNEQF,1
TRBV20-1,TRBJ2-1,SASTRGLGNNEQF,1
TRBV20-1,TRBJ2-1,SASTRGLSSYNEQF,1
TRBV20-1,TRBJ2-1,SASTRGNEQF,12
TRBV20-1,TRBJ2-1,SASTRGPFINEQF,1
TRBV20-1,TRBJ2-1,SASTRGPYNEQF,1
TRBV20-1,TRBJ2-1,SASTRGQGGNNEQF,1
TRBV20-1,TRBJ2-1,SASTRGQTYNEQF,2
TRBV20-1,TRBJ2-1,SASTRGRASVYNEQF,1
TRBV20-1,TRBJ2-1,SASTRGRAYNEQF,2
TRBV20-1,TRBJ2-1,SASTRGRFDNEQF,1
TRBV20-1,TRBJ2-1,SASTRGRFYNEQF,1
TRBV20-1,TRBJ2-1,SASTRGRKSNEQF,1
TRBV20-1,TRBJ2-1,SASTRGRPYNEQF,2
TRBV20-1,TRBJ2-1,SASTRGRSDNEQF,1
TRBV20-1,TRBJ2-1,SASTRGRSYNEQF,1
TRBV20-1,TRBJ2-1,SASTRGRTLKNEQF,1
TRBV20-1,TRBJ2-1,SASTRGRYSYNEQF,1
TRBV20-1,TRBJ2-1,SASTRGSGNEQF,1
TRBV20-1,TRBJ2-1,SASTRGSGPYNEQF,1
TRBV20-1,TRBJ2-1,SASTRGSGRPSSYNEQF,1
TRBV20-1,TRBJ2-1,SASTRGSGSSSYNEQF,1
TRBV20-1,TRBJ2-1,SASTRGSPYNEQF,7
TRBV20-1,TRBJ2-1,SASTRGSQKGTDEQF,1
TRBV20-1,TRBJ2-1,SASTRGSRESYNEQF,1
TRBV20-1,TRBJ2-1,SASTRGSSYNEQF,3
TRBV20-1,TRBJ2-1,SASTRGSYNEQF,4
TRBV20-1,TRBJ2-1,SASTRGTGVNEQF,1
TRBV20-1,TRBJ2-1,SASTRGTMTYNEQF,2
TRBV20-1,TRBJ2-1,SASTRGTRLYNEQF,1
TRBV20-1,TRBJ2-1,SASTRGTSGSRGTFSSYNEQF,1
TRBV20-1,TRBJ2-1,SASTRGTSGSYNEQF,1
TRBV20-1,TRBJ2-1,SASTRGTSPYNEQF,1
TRBV20-1,TRBJ2-1,SASTRGTYNEQF,1
TRBV20-1,TRBJ2-1,SASTRGVGNEQF,1
TRBV20-1,TRBJ2-1,SASTRGVPYNEQF,1
TRBV20-1,TRBJ2-1,SASTRGWDSYNEQF,1
TRBV20-1,TRBJ2-1,SASTRGYNEQF,5
TRBV20-1,TRBJ2-1,SASTRHNEQF,1
TRBV20-1,TRBJ2-1,SASTRHTYNEQF,1
TRBV20-1,TRBJ2-1,SASTRIAGQGPYNEQF,1
TRBV20-1,TRBJ2-1,SASTRIEQF,2
TRBV20-1,TRBJ2-1,SASTRIGGVSYNEQF,1
TRBV20-1,TRBJ2-1,SASTRIGLAGVGQF,1
TRBV20-1,TRBJ2-1,SASTRIIYNEQF,1
TRBV20-1,TRBJ2-1,SASTRILYYNEQF,1
TRBV20-1,TRBJ2-1,SASTRINEQF,1
TRBV20-1,TRBJ2-1,SASTRIPYNEQF,1
TRBV20-1,TRBJ2-1,SASTRISLDEQF,1
TRBV20-1,TRBJ2-1,SASTRIYEQF,1
TRBV20-1,TRBJ2-1,SASTRIYNEQF,1
TRBV20-1,TRBJ2-1,SASTRKPSSEQF,3
TRBV20-1,TRBJ2-1,SASTRKYNEQF,1
TRBV20-1,TRBJ2-1,SASTRLAAYNEQF,1
TRBV20-1,TRBJ2-1,SASTRLADGGHEQF,1
TRBV20-1,TRBJ2-1,SASTRLADSYNEQF,1
TRBV20-1,TRBJ2-1,SASTRLAGEDEQF,1
TRBV20-1,TRBJ2-1,SASTRLAGGDEQF,1
TRBV20-1,TRBJ2-1,SASTRLAGINEQF,3
TRBV20-1,TRBJ2-1,SASTRLAGLYNEQF,1
TRBV20-1,TRBJ2-1,SASTRLAGNNEQF,1
TRBV20-1,TRBJ2-1,SASTRLAGRTYNEQF,1
TRBV20-1,TRBJ2-1,SASTRLAGSGHSYNEQF,1
TRBV20-1,TRBJ2-1,SASTRLAGSSYNEQF,4
TRBV20-1,TRBJ2-1,SASTRLAGTYNEQF,1
TRBV20-1,TRBJ2-1,SASTRLAPYSEQF,1
TRBV20-1,TRBJ2-1,SASTRLASYNEQF,1
TRBV20-1,TRBJ2-1,SASTRLATYNEQF,1
TRBV20-1,TRBJ2-1,SASTRLAVYNEQF,1
TRBV20-1,TRBJ2-1,SASTRLAYNEQF,1
TRBV20-1,TRBJ2-1,SASTRLAYSYNEQF,1
TRBV20-1,TRBJ2-1,SASTRLDLYNEQF,1
TRBV20-1,TRBJ2-1,SASTRLEDNEQF,1
TRBV20-1,TRBJ2-1,SASTRLGSGNYNEQF,1
TRBV20-1,TRBJ2-1,SASTRLKADNEQF,1
TRBV20-1,TRBJ2-1,SASTRLLYNEQF,1
TRBV20-1,TRBJ2-1,SASTRLPDRAYNEQF,1
TRBV20-1,TRBJ2-1,SASTRLPVPGSDRVGNEQF,1
TRBV20-1,TRBJ2-1,SASTRLQYNEQF,1
TRBV20-1,TRBJ2-1,SASTRLSEF,1
TRBV20-1,TRBJ2-1,SASTRLSGEYNEQF,1
TRBV20-1,TRBJ2-1,SASTRLSSYNEQF,1
TRBV20-1,TRBJ2-1,SASTRLTSGSYHEQF,1
TRBV20-1,TRBJ2-1,SASTRLTSGTPYNEQF,1
TRBV20-1,TRBJ2-1,SASTRLTYNEQF,1
TRBV20-1,TRBJ2-1,SASTRLYNEQF,7
TRBV20-1,TRBJ2-1,SASTRMDEQF,1
TRBV20-1,TRBJ2-1,SASTRMNEQF,1
TRBV20-1,TRBJ2-1,SASTRMVSNEQF,8
TRBV20-1,TRBJ2-1,SASTRNEQF,10
TRBV20-1,TRBJ2-1,SASTRNGTSADEQF,5
TRBV20-1,TRBJ2-1,SASTRNNEQF,3
TRBV20-1,TRBJ2-1,SASTRNPANEQF,1
TRBV20-1,TRBJ2-1,SASTRNRISYNEQF,1
TRBV20-1,TRBJ2-1,SASTRNYNEQF,1
TRBV20-1,TRBJ2-1,SASTRPENEQF,2
TRBV20-1,TRBJ2-1,SASTRPGLNEQF,1
TRBV20-1,TRBJ2-1,SASTRPGYNEQF,1
TRBV20-1,TRBJ2-1,SASTRPLRNEQF,1
TRBV20-1,TRBJ2-1,SASTRPLSYNEQF,1
TRBV20-1,TRBJ2-1,SASTRPNEQF,1
TRBV20-1,TRBJ2-1,SASTRPSGKSSYNEQF,1
TRBV20-1,TRBJ2-1,SASTRQATYNEQF,1
TRBV20-1,TRBJ2-1,SASTRQGAPNEQF,1
TRBV20-1,TRBJ2-1,SASTRQGASYNEQF,1
TRBV20-1,TRBJ2-1,SASTRQGDEQF,1
TRBV20-1,TRBJ2-1,SASTRQGEINEQF,4
TRBV20-1,TRBJ2-1,SASTRQGERYNEQF,1
TRBV20-1,TRBJ2-1,SASTRQGGNEQF,1
TRBV20-1,TRBJ2-1,SASTRQGGVNEQF,4
TRBV20-1,TRBJ2-1,SASTRQGLWNEQF,1
TRBV20-1,TRBJ2-1,SASTRQGNIGDEQF,2
TRBV20-1,TRBJ2-1,SASTRQGSAYNEQF,1
TRBV20-1,TRBJ2-1,SASTRQGSYNEQF,1
TRBV20-1,TRBJ2-1,SASTRQGTRGGNEQF,1
TRBV20-1,TRBJ2-1,SASTRQGTTYNEQF,1
TRBV20-1,TRBJ2-1,SASTRQGYNEQF,1
TRBV20-1,TRBJ2-1,SASTRQNNEQF,1
TRBV20-1,TRBJ2-1,SASTRQPYNEQF,1
TRBV20-1,TRBJ2-1,SASTRRDEQF,1
TRBV20-1,TRBJ2-1,SASTRRDNEQF,1
TRBV20-1,TRBJ2-1,SASTRREASSYNEQF,1
TRBV20-1,TRBJ2-1,SASTRRGANEQF,1
TRBV20-1,TRBJ2-1,SASTRRGLVFTNEQF,1
TRBV20-1,TRBJ2-1,SASTRRGTLKNEQF,1
TRBV20-1,TRBJ2-1,SASTRRGYNEQF,1
TRBV20-1,TRBJ2-1,SASTRRLFRNEQF,1
TRBV20-1,TRBJ2-1,SASTRRRSDEQF,1
TRBV20-1,TRBJ2-1,SASTRRSSYNEQF,1
TRBV20-1,TRBJ2-1,SASTRRTSGRDNEQF,1
TRBV20-1,TRBJ2-1,SASTRRTSGYNEQF,1
TRBV20-1,TRBJ2-1,SASTRRTSSYNEQF,2
TRBV20-1,TRBJ2-1,SASTRRTYNEQF,1
TRBV20-1,TRBJ2-1,SASTRRYNEQF,2
TRBV20-1,TRBJ2-1,SASTRSDEQF,1
TRBV20-1,TRBJ2-1,SASTRSGSGNEQF,1
TRBV20-1,TRBJ2-1,SASTRSGSSYNEQF,1
TRBV20-1,TRBJ2-1,SASTRSGSYNEQF,4
TRBV20-1,TRBJ2-1,SASTRSGTPYNEQF,1
TRBV20-1,TRBJ2-1,SASTRSGVDNEQF,1
TRBV20-1,TRBJ2-1,SASTRSINEQF,1
TRBV20-1,TRBJ2-1,SASTRSRHEQF,1
TRBV20-1,TRBJ2-1,SASTRSRYNEQF,1
TRBV20-1,TRBJ2-1,SASTRSSGNRNEQF,3
TRBV20-1,TRBJ2-1,SASTRSSGSAGKYNEQF,2
TRBV20-1,TRBJ2-1,SASTRSSGVSSYNEQF,1
TRBV20-1,TRBJ2-1,SASTRSSYNEQF,9
TRBV20-1,TRBJ2-1,SASTRSTEQF,2
TRBV20-1,TRBJ2-1,SASTRSYNEQF,3
TRBV20-1,TRBJ2-1,SASTRTASYKEQF,1
TRBV20-1,TRBJ2-1,SASTRTAYNEQF,1
TRBV20-1,TRBJ2-1,SASTRTGASYNEQF,2
TRBV20-1,TRBJ2-1,SASTRTGESYNEQF,1
TRBV20-1,TRBJ2-1,SASTRTGGNYNEQF,2
TRBV20-1,TRBJ2-1,SASTRTGGSNEQF,1
TRBV20-1,TRBJ2-1,SASTRTGLVDNEQF,1
TRBV20-1,TRBJ2-1,SASTRTGNEQF,1
TRBV20-1,TRBJ2-1,SASTRTGSSYNEQF,3
TRBV20-1,TRBJ2-1,SASTRTGVRYNEQF,1
TRBV20-1,TRBJ2-1,SASTRTGVWSLANEQF,1
TRBV20-1,TRBJ2-1,SASTRTIGPNNEQF,1
TRBV20-1,TRBJ2-1,SASTRTISYNEQF,1
TRBV20-1,TRBJ2-1,SASTRTNEQF,1
TRBV20-1,TRBJ2-1,SASTRTSAYNEQF,1
TRBV20-1,TRBJ2-1,SASTRTSDSYNEQF,1
TRBV20-1,TRBJ2-1,SASTRTSGDYNEQF,1
TRBV20-1,TRBJ2-1,SASTRTSGNSNEQF,1
TRBV20-1,TRBJ2-1,SASTRTSGPNNEQF,4
TRBV20-1,TRBJ2-1,SASTRTSGQYNEQF,1
TRBV20-1,TRBJ2-1,SASTRTSGRHEQF,1
TRBV20-1,TRBJ2-1,SASTRTSGRKGNEQF,2
TRBV20-1,TRBJ2-1,SASTRTSGSSGIYNEQF,1
TRBV20-1,TRBJ2-1,SASTRTSGWSSYNEQF,5
TRBV20-1,TRBJ2-1,SASTRTSSNYNEQF,1
TRBV20-1,TRBJ2-1,SASTRTSYNEQF,1
TRBV20-1,TRBJ2-1,SASTRTTSYNEQF,1
TRBV20-1,TRBJ2-1,SASTRTTVYNEQF,1
TRBV20-1,TRBJ2-1,SASTRTYNEQF,2
TRBV20-1,TRBJ2-1,SASTRVATSYNEQF,1
TRBV20-1,TRBJ2-1,SASTRVAYNEQF,1
TRBV20-1,TRBJ2-1,SASTRVDEQF,1
TRBV20-1,TRBJ2-1,SASTRVGAYNEQF,4
TRBV20-1,TRBJ2-1,SASTRVGTRYNEQF,1
TRBV20-1,TRBJ2-1,SASTRVGYNEQF,1
TRBV20-1,TRBJ2-1,SASTRVGYYNEQF,1
TRBV20-1,TRBJ2-1,SASTRVIANEQF,1
TRBV20-1,TRBJ2-1,SASTRVPNEQF,6
TRBV20-1,TRBJ2-1,SASTRVRNEQF,1
TRBV20-1,TRBJ2-1,SASTRVSYNEQF,1
TRBV20-1,TRBJ2-1,SASTRVVWNEQF,1
TRBV20-1,TRBJ2-1,SASTRWDNEQF,2
TRBV20-1,TRBJ2-1,SASTRWLGTSSDEQF,1
TRBV20-1,TRBJ2-1,SASTRWTYNEQF,1
TRBV20-1,TRBJ2-1,SASTRYGRVVMNEQF,1
TRBV20-1,TRBJ2-1,SASTRYNEQF,3
TRBV20-1,TRBJ2-1,SASTRYSYNEQF,3
TRBV20-1,TRBJ2-1,SASTSAASSYNEQF,1
TRBV20-1,TRBJ2-1,SASTSADEQF,2
TRBV20-1,TRBJ2-1,SASTSADNEQF,1
TRBV20-1,TRBJ2-1,SASTSADYNEQF,3
TRBV20-1,TRBJ2-1,SASTSAEFFNEQF,1
TRBV20-1,TRBJ2-1,SASTSAEYNEQF,1
TRBV20-1,TRBJ2-1,SASTSAGFNEQF,1
TRBV20-1,TRBJ2-1,SASTSAGFYNEQF,1
TRBV20-1,TRBJ2-1,SASTSAGGPYNEQF,2
TRBV20-1,TRBJ2-1,SASTSAGGSYNEQF,1
TRBV20-1,TRBJ2-1,SASTSAGSNEQF,1
TRBV20-1,TRBJ2-1,SASTSAGSSYNEQF,1
TRBV20-1,TRBJ2-1,SASTSAGVHNRDEQF,1
TRBV20-1,TRBJ2-1,SASTSAHNEQF,1
TRBV20-1,TRBJ2-1,SASTSAHPYNEQF,1
TRBV20-1,TRBJ2-1,SASTSAHSYNEQF,1
TRBV20-1,TRBJ2-1,SASTSAILNEQF,1
TRBV20-1,TRBJ2-1,SASTSAKNNEQF,4
TRBV20-1,TRBJ2-1,SASTSALAHEQF,1
TRBV20-1,TRBJ2-1,SASTSANEQF,2
TRBV20-1,TRBJ2-1,SASTSANNEQF,1
TRBV20-1,TRBJ2-1,SASTSANQRNEQF,2
TRBV20-1,TRBJ2-1,SASTSAPSSYNEQF,1
TRBV20-1,TRBJ2-1,SASTSAQYNEQF,1
TRBV20-1,TRBJ2-1,SASTSARGGDEQF,1
TRBV20-1,TRBJ2-1,SASTSARGGYNEQF,1
TRBV20-1,TRBJ2-1,SASTSARSSYNEQF,1
TRBV20-1,TRBJ2-1,SASTSARVNEQF,1
TRBV20-1,TRBJ2-1,SASTSARYNEQF,1
TRBV20-1,TRBJ2-1,SASTSASLQF,4
TRBV20-1,TRBJ2-1,SASTSASSYNEQF,3
TRBV20-1,TRBJ2-1,SASTSASYNEQF,8
TRBV20-1,TRBJ2-1,SASTSATGDEQF,1
TRBV20-1,TRBJ2-1,SASTSAYNEQF,3
TRBV20-1,TRBJ2-1,SASTSAYSNEQF,1
TRBV20-1,TRBJ2-1,SASTSDASYNEQF,1
TRBV20-1,TRBJ2-1,SASTSDDEQF,1
TRBV20-1,TRBJ2-1,SASTSDEQF,6
TRBV20-1,TRBJ2-1,SASTSDGGPYNEQF,1
TRBV20-1,TRBJ2-1,SASTSDGSNEQF,4
TRBV20-1,TRBJ2-1,SASTSDGYNEQF,1
TRBV20-1,TRBJ2-1,SASTSDHGNEQF,1
TRBV20-1,TRBJ2-1,SASTSDLRGNEQF,1
TRBV20-1,TRBJ2-1,SASTSDLYNEQF,1
TRBV20-1,TRBJ2-1,SASTSDNEQF,1
TRBV20-1,TRBJ2-1,SASTSDPIFSYNEQF,1
TRBV20-1,TRBJ2-1,SASTSDPYNEQF,1
TRBV20-1,TRBJ2-1,SASTSDRFYNEQF,1
TRBV20-1,TRBJ2-1,SASTSDRYNEQF,2
TRBV20-1,TRBJ2-1,SASTSDSSYNEQF,1
TRBV20-1,TRBJ2-1,SASTSDSYNEQF,4
TRBV20-1,TRBJ2-1,SASTSDWTRLYNEQF,1
TRBV20-1,TRBJ2-1,SASTSDYNEQF,3
TRBV20-1,TRBJ2-1,SASTSEDNEQF,1
TRBV20-1,TRBJ2-1,SASTSEFHNEQF,1
TRBV20-1,TRBJ2-1,SASTSEG,4
TRBV20-1,TRBJ2-1,SASTSEGWGHEQF,1
TRBV20-1,TRBJ2-1,SASTSEGYNEQF,1
TRBV20-1,TRBJ2-1,SASTSEHEQF,1
TRBV20-1,TRBJ2-1,SASTSEHNNEQF,1
TRBV20-1,TRBJ2-1,SASTSEHYNEQF,6
TRBV20-1,TRBJ2-1,SASTSEIGNEQF,1
TRBV20-1,TRBJ2-1,SASTSENYNEQF,2
TRBV20-1,TRBJ2-1,SASTSEPGSYNEQF,1
TRBV20-1,TRBJ2-1,SASTSERIHNEQF,1
TRBV20-1,TRBJ2-1,SASTSERVYNEQF,1
TRBV20-1,TRBJ2-1,SASTSESGRTDEQF,1
TRBV20-1,TRBJ2-1,SASTSESSYNEQF,1
TRBV20-1,TRBJ2-1,SASTSESYNEQF,3
TRBV20-1,TRBJ2-1,SASTSETLTYNEQF,4
TRBV20-1,TRBJ2-1,SASTSETYNEQF,3
TRBV20-1,TRBJ2-1,SASTSEYNEQF,9
TRBV20-1,TRBJ2-1,SASTSFDEQF,1
TRBV20-1,TRBJ2-1,SASTSFGDNEQF,1
TRBV20-1,TRBJ2-1,SASTSFHEQF,1
TRBV20-1,TRBJ2-1,SASTSFNEQF,1
TRBV20-1,TRBJ2-1,SASTSFNNEQF,1
TRBV20-1,TRBJ2-1,SASTSFSYNEQF,2
TRBV20-1,TRBJ2-1,SASTSFYNEQF,3
TRBV20-1,TRBJ2-1,SASTSGAAHYNEQF,2
TRBV20-1,TRBJ2-1,SASTSGAAPTSGRNNEQF,1
TRBV20-1,TRBJ2-1,SASTSGADNNEQF,1
TRBV20-1,TRBJ2-1,SASTSGAEIYNEQF,3
TRBV20-1,TRBJ2-1,SASTSGAEIYNEQI,1
TRBV20-1,TRBJ2-1,SASTSGAFNEQF,1
TRBV20-1,TRBJ2-1,SASTSGAFSPYNEQF,1
TRBV20-1,TRBJ2-1,SASTSGAFSSYNEPF,1
TRBV20-1,TRBJ2-1,SASTSGAFSSYNEQF,2
TRBV20-1,TRBJ2-1,SASTSGAGGFYNEQF,6
TRBV20-1,TRBJ2-1,SASTSGAGNEQF,1
TRBV20-1,TRBJ2-1,SASTSGAHNEQF,1
TRBV20-1,TRBJ2-1,SASTSGALNEQF,2
TRBV20-1,TRBJ2-1,SASTSGANEQF,2
TRBV20-1,TRBJ2-1,SASTSGANNEQF,2
TRBV20-1,TRBJ2-1,SASTSGAPNEQF,1
TRBV20-1,TRBJ2-1,SASTSGAPYEQF,3
TRBV20-1,TRBJ2-1,SASTSGAPYNEQF,1
TRBV20-1,TRBJ2-1,SASTSGAQLDEQF,1
TRBV20-1,TRBJ2-1,SASTSGARTYNEQF,1
TRBV20-1,TRBJ2-1,SASTSGARYEQF,1
TRBV20-1,TRBJ2-1,SASTSGARYNEQF,1
TRBV20-1,TRBJ2-1,SASTSGASGSSKNEQF,1
TRBV20-1,TRBJ2-1,SASTSGASSYNEQF,1
TRBV20-1,TRBJ2-1,SASTSGASYNEQF,1
TRBV20-1,TRBJ2-1,SASTSGATRSYNEQF,2
TRBV20-1,TRBJ2-1,SASTSGATYNEQF,2
TRBV20-1,TRBJ2-1,SASTSGAVSYNEQF,1
TRBV20-1,TRBJ2-1,SASTSGAWDEQF,1
TRBV20-1,TRBJ2-1,SASTSGAYNEQF,33
TRBV20-1,TRBJ2-1,SASTSGDDNEQF,1
TRBV20-1,TRBJ2-1,SASTSGDEQF,6
TRBV20-1,TRBJ2-1,SASTSGDHNEQF,3
TRBV20-1,TRBJ2-1,SASTSGDIRGSYNEQF,1
TRBV20-1,TRBJ2-1,SASTSGDISYNEQF,6
TRBV20-1,TRBJ2-1,SASTSGDNEQF,3
TRBV20-1,TRBJ2-1,SASTSGDNNEQF,1
TRBV20-1,TRBJ2-1,SASTSGDSSYNEQF,1
TRBV20-1,TRBJ2-1,SASTSGDYNEQF,9
TRBV20-1,TRBJ2-1,SASTSGEAGEQF,1
TRBV20-1,TRBJ2-1,SASTSGEANEQF,1
TRBV20-1,TRBJ2-1,SASTSGEAYNEQF,1
TRBV20-1,TRBJ2-1,SASTSGEFYNEQF,1
TRBV20-1,TRBJ2-1,SASTSGEGLNEQF,2
TRBV20-1,TRBJ2-1,SASTSGERNEQF,1
TRBV20-1,TRBJ2-1,SASTSGETYNEQF,1
TRBV20-1,TRBJ2-1,SASTSGEVYNEQF,1
TRBV20-1,TRBJ2-1,SASTSGEYNEQF,3
TRBV20-1,TRBJ2-1,SASTSGFANEQF,1
TRBV20-1,TRBJ2-1,SASTSGFIDEQF,1
TRBV20-1,TRBJ2-1,SASTSGFSYNEQF,2
TRBV20-1,TRBJ2-1,SASTSGFTYNEQF,1
TRBV20-1,TRBJ2-1,SASTSGFVNEQF,3
TRBV20-1,TRBJ2-1,SASTSGFYAYNEQF,1
TRBV20-1,TRBJ2-1,SASTSGFYNEKF,1
TRBV20-1,TRBJ2-1,SASTSGFYNEQF,8
TRBV20-1,TRBJ2-1,SASTSGGAAFWNEQF,1
TRBV20-1,TRBJ2-1,SASTSGGAFGEQF,1
TRBV20-1,TRBJ2-1,SASTSGGAFYNEQF,2
TRBV20-1,TRBJ2-1,SASTSGGAGEQF,3
TRBV20-1,TRBJ2-1,SASTSGGAGTYNEQF,1
TRBV20-1,TRBJ2-1,SASTSGGANAQF,1
TRBV20-1,TRBJ2-1,SASTSGGANEQF,17
TRBV20-1,TRBJ2-1,SASTSGGAQPNEQF,1
TRBV20-1,TRBJ2-1,SASTSGGARAYNEQF,1
TRBV20-1,TRBJ2-1,SASTSGGARYNEQF,1
TRBV20-1,TRBJ2-1,SASTSGGASGYNEQF,1
TRBV20-1,TRBJ2-1,SASTSGGASNEQF,1
TRBV20-1,TRBJ2-1,SASTSGGAWEQF,1
TRBV20-1,TRBJ2-1,SASTSGGAWNEQF,1
TRBV20-1,TRBJ2-1,SASTSGGAYNEQF,2
TRBV20-1,TRBJ2-1,SASTSGGDNEQF,2
TRBV20-1,TRBJ2-1,SASTSGGGNEQF,4
TRBV20-1,TRBJ2-1,SASTSGGGRGVEQF,4
TRBV20-1,TRBJ2-1,SASTSGGGSEQF,2
TRBV20-1,TRBJ2-1,SASTSGGGSYNEQF,1
TRBV20-1,TRBJ2-1,SASTSGGGWREQF,2
TRBV20-1,TRBJ2-1,SASTSGGGYNEQF,3
TRBV20-1,TRBJ2-1,SASTSGGHEQF,2
TRBV20-1,TRBJ2-1,SASTSGGHNEQF,3
TRBV20-1,TRBJ2-1,SASTSGGHSSYNEQF,1
TRBV20-1,TRBJ2-1,SASTSGGKNEQF,1
TRBV20-1,TRBJ2-1,SASTSGGLNEQF,2
TRBV20-1,TRBJ2-1,SASTSGGLQAYNEQF,1
TRBV20-1,TRBJ2-1,SASTSGGLSSYNEQF,1
TRBV20-1,TRBJ2-1,SASTSGGLYEQF,1
TRBV20-1,TRBJ2-1,SASTSGGLYNEQF,2
TRBV20-1,TRBJ2-1,SASTSGGMGPYNEQF,1
TRBV20-1,TRBJ2-1,SASTSGGNEQF,1
TRBV20-1,TRBJ2-1,SASTSGGNNEQF,3
TRBV20-1,TRBJ2-1,SASTSGGNSYNEQF,1
TRBV20-1,TRBJ2-1,SASTSGGPHEHF,1
TRBV20-1,TRBJ2-1,SASTSGGPHEQF,5
TRBV20-1,TRBJ2-1,SASTSGGPLGQF,2
TRBV20-1,TRBJ2-1,SASTSGGPNEQF,8
TRBV20-1,TRBJ2-1,SASTSGGPPYNEQF,1
TRBV20-1,TRBJ2-1,SASTSGGPREQF,1
TRBV20-1,TRBJ2-1,SASTSGGPYNEQF,5
TRBV20-1,TRBJ2-1,SASTSGGQF,32
TRBV20-1,TRBJ2-1,SASTSGGQV,1
TRBV20-1,TRBJ2-1,SASTSGGRASYNEQF,1
TRBV20-1,TRBJ2-1,SASTSGGRNEQF,2
TRBV20-1,TRBJ2-1,SASTSGGRSSYNEQF,2
TRBV20-1,TRBJ2-1,SASTSGGRYNEQF,2
TRBV20-1,TRBJ2-1,SASTSGGSAYNEQF,1
TRBV20-1,TRBJ2-1,SASTSGGSGGGYEQF,4
TRBV20-1,TRBJ2-1,SASTSGGSNEQF,5
TRBV20-1,TRBJ2-1,SASTSGGSRDNEQF,1
TRBV20-1,TRBJ2-1,SASTSGGSSYNEQF,1
TRBV20-1,TRBJ2-1,SASTSGGSVKDNEQF,1
TRBV20-1,TRBJ2-1,SASTSGGSYNEQF,6
TRBV20-1,TRBJ2-1,SASTSGGTHTRNNEQF,2
TRBV20-1,TRBJ2-1,SASTSGGTYNEQF,1
TRBV20-1,TRBJ2-1,SASTSGGVLSSYNEQF,1
TRBV20-1,TRBJ2-1,SASTSGGVNEQF,1
TRBV20-1,TRBJ2-1,SASTSGGVSYNEQF,1
TRBV20-1,TRBJ2-1,SASTSGGVWNEQF,1
TRBV20-1,TRBJ2-1,SASTSGGVYNEQF,2
TRBV20-1,TRBJ2-1,SASTSGGWNEQF,1
TRBV20-1,TRBJ2-1,SASTSGGYGSYNEQF,3
TRBV20-1,TRBJ2-1,SASTSGGYLDEQF,8
TRBV20-1,TRBJ2-1,SASTSGGYNEQF,42
TRBV20-1,TRBJ2-1,SASTSGGYNEQS,1
TRBV20-1,TRBJ2-1,SASTSGGYSYNEQF,2
TRBV20-1,TRBJ2-1,SASTSGHAQGNEQF,1
TRBV20-1,TRBJ2-1,SASTSGHEQF,2
TRBV20-1,TRBJ2-1,SASTSGHGNEQF,2
TRBV20-1,TRBJ2-1,SASTSGHLLYNEQF,1
TRBV20-1,TRBJ2-1,SASTSGHNEQF,5
TRBV20-1,TRBJ2-1,SASTSGHSPYNEQF,1
TRBV20-1,TRBJ2-1,SASTSGHSYNEQF,2
TRBV20-1,TRBJ2-1,SASTSGHVHEQF,1
TRBV20-1,TRBJ2-1,SASTSGHYNEQF,1
TRBV20-1,TRBJ2-1,SASTSGIDLSYNEQF,1
TRBV20-1,TRBJ2-1,SASTSGIFNEQF,1
TRBV20-1,TRBJ2-1,SASTSGIGDEQF,1
TRBV20-1,TRBJ2-1,SASTSGIGHSYNEQF,1
TRBV20-1,TRBJ2-1,SASTSGIHYNEQF,1
TRBV20-1,TRBJ2-1,SASTSGIIQYNEQF,1
TRBV20-1,TRBJ2-1,SASTSGIKATNEQF,1
TRBV20-1,TRBJ2-1,SASTSGILNEQF,1
TRBV20-1,TRBJ2-1,SASTSGILRYNEQF,4
TRBV20-1,TRBJ2-1,SASTSGILTGNEQF,1
TRBV20-1,TRBJ2-1,SASTSGIMNEQF,2
TRBV20-1,TRBJ2-1,SASTSGINEQF,2
TRBV20-1,TRBJ2-1,SASTSGINNEQF,1
TRBV20-1,TRBJ2-1,SASTSGIRNEQF,2
TRBV20-1,TRBJ2-1,SASTSGISNEQF,2
TRBV20-1,TRBJ2-1,SASTSGISYNEQF,1
TRBV20-1,TRBJ2-1,SASTSGITNEQF,4
TRBV20-1,TRBJ2-1,SASTSGITYNEQF,1
TRBV20-1,TRBJ2-1,SASTSGIVSNEQF,1
TRBV20-1,TRBJ2-1,SASTSGIVSSYNEQF,1
TRBV20-1,TRBJ2-1,SASTSGIWNEQF,1
TRBV20-1,TRBJ2-1,SASTSGIWSYNEQF,1
TRBV20-1,TRBJ2-1,SASTSGIYNEQF,13
TRBV20-1,TRBJ2-1,SASTSGKAGEQF,18
TRBV20-1,TRBJ2-1,SASTSGKASEQF,1
TRBV20-1,TRBJ2-1,SASTSGKATSYNEQF,1
TRBV20-1,TRBJ2-1,SASTSGKAYEQF,1
TRBV20-1,TRBJ2-1,SASTSGKDNEQF,2
TRBV20-1,TRBJ2-1,SASTSGKDYEQF,1
TRBV20-1,TRBJ2-1,SASTSGKFNEQF,1
TRBV20-1,TRBJ2-1,SASTSGKGGNEQF,1
TRBV20-1,TRBJ2-1,SASTSGKGNEQF,1
TRBV20-1,TRBJ2-1,SASTSGKINEQF,1
TRBV20-1,TRBJ2-1,SASTSGKKVTGSTSYNEQF,1
TRBV20-1,TRBJ2-1,SASTSGKLIHNEQF,1
TRBV20-1,TRBJ2-1,SASTSGKNEQF,1
TRBV20-1,TRBJ2-1,SASTSGKNSEQF,1
TRBV20-1,TRBJ2-1,SASTSGKPF,5
TRBV20-1,TRBJ2-1,SASTSGKPYNEQF,1
TRBV20-1,TRBJ2-1,SASTSGKRNEQF,45
TRBV20-1,TRBJ2-1,SASTSGKRSEQC,1
TRBV20-1,TRBJ2-1,SASTSGKSFNEQF,1
TRBV20-1,TRBJ2-1,SASTSGKSIYNEQF,1
TRBV20-1,TRBJ2-1,SASTSGKTNEQF,1
TRBV20-1,TRBJ2-1,SASTSGKTYDEQF,2
TRBV20-1,TRBJ2-1,SASTSGKTYNEQF,1
TRBV20-1,TRBJ2-1,SASTSGKWHEQF,1
TRBV20-1,TRBJ2-1,SASTSGKYNEQF,10
TRBV20-1,TRBJ2-1,SASTSGLAGGPGHNEQF,4
TRBV20-1,TRBJ2-1,SASTSGLAGGSVYEQF,1
TRBV20-1,TRBJ2-1,SASTSGLAGPYNEQF,1
TRBV20-1,TRBJ2-1,SASTSGLAYNEQF,2
TRBV20-1,TRBJ2-1,SASTSGLGGYNEQF,1
TRBV20-1,TRBJ2-1,SASTSGLGNEQF,7
TRBV20-1,TRBJ2-1,SASTSGLNEQF,1
TRBV20-1,TRBJ2-1,SASTSGLPVSYNEQF,1
TRBV20-1,TRBJ2-1,SASTSGLSGRRNEQF,1
TRBV20-1,TRBJ2-1,SASTSGLSNEQF,1
TRBV20-1,TRBJ2-1,SASTSGLSRGYNEQF,1
TRBV20-1,TRBJ2-1,SASTSGLSSYNEQF,1
TRBV20-1,TRBJ2-1,SASTSGLSYNEQF,31
TRBV20-1,TRBJ2-1,SASTSGLSYSEQF,1
TRBV20-1,TRBJ2-1,SASTSGLVKGNEQF,1
TRBV20-1,TRBJ2-1,SASTSGLVQF,1
TRBV20-1,TRBJ2-1,SASTSGLYNEQF,7
TRBV20-1,TRBJ2-1,SASTSGMGNEQF,1
TRBV20-1,TRBJ2-1,SASTSGMHNEQF,1
TRBV20-1,TRBJ2-1,SASTSGMLDEQF,1
TRBV20-1,TRBJ2-1,SASTSGMLNEQF,6
TRBV20-1,TRBJ2-1,SASTSGMSYNEQF,1
TRBV20-1,TRBJ2-1,SASTSGMVRSYNEQF,1
TRBV20-1,TRBJ2-1,SASTSGMYNEQF,2
TRBV20-1,TRBJ2-1,SASTSGNEQF,16
TRBV20-1,TRBJ2-1,SASTSGNFYNEQF,1
TRBV20-1,TRBJ2-1,SASTSGNGNEQF,1
TRBV20-1,TRBJ2-1,SASTSGNHNEQF,1
TRBV20-1,TRBJ2-1,SASTSGNNEQF,9
TRBV20-1,TRBJ2-1,SASTSGNNRLYEQF,1
TRBV20-1,TRBJ2-1,SASTSGNPGSYNEQF,3
TRBV20-1,TRBJ2-1,SASTSGNPPADNEQF,1
TRBV20-1,TRBJ2-1,SASTSGNSYNEQF,1
TRBV20-1,TRBJ2-1,SASTSGNYNEQF,11
TRBV20-1,TRBJ2-1,SASTSGNYYNEQF,1
TRBV20-1,TRBJ2-1,SASTSGPGNEQF,1
TRBV20-1,TRBJ2-1,SASTSGPGTYNEQF,1
TRBV20-1,TRBJ2-1,SASTSGPINEQF,1
TRBV20-1,TRBJ2-1,SASTSGPKSHNEQF,4
TRBV20-1,TRBJ2-1,SASTSGPNEQF,2
TRBV20-1,TRBJ2-1,SASTSGPNNEQF,6
TRBV20-1,TRBJ2-1,SASTSGPPYNEQF,1
TRBV20-1,TRBJ2-1,SASTSGPSRNEQF,1
TRBV20-1,TRBJ2-1,SASTSGPSSYNEQF,3
TRBV20-1,TRBJ2-1,SASTSGPSYNEQF,3
TRBV20-1,TRBJ2-1,SASTSGPTWDNEQF,1
TRBV20-1,TRBJ2-1,SASTSGPTYNEQF,1
TRBV20-1,TRBJ2-1,SASTSGPYNEQF,16
TRBV20-1,TRBJ2-1,SASTSGQGLNEQF,1
TRBV20-1,TRBJ2-1,SASTSGQGNNEQF,1
TRBV20-1,TRBJ2-1,SASTSGQPYNEQF,2
TRBV20-1,TRBJ2-1,SASTSGQRNEQF,1
TRBV20-1,TRBJ2-1,SASTSGQSYNEQF,2
TRBV20-1,TRBJ2-1,SASTSGQTQVSSYNEQF,1
TRBV20-1,TRBJ2-1,SASTSGRAADEQF,5
TRBV20-1,TRBJ2-1,SASTSGRAAYEQF,2
TRBV20-1,TRBJ2-1,SASTSGRADNEQF,15
TRBV20-1,TRBJ2-1,SASTSGRAEEQF,1
TRBV20-1,TRBJ2-1,SASTSGRAEGGEQF,1
TRBV20-1,TRBJ2-1,SASTSGRAENEQF,1
TRBV20-1,TRBJ2-1,SASTSGRAFDEQF,1
TRBV20-1,TRBJ2-1,SASTSGRAFYEQF,2
TRBV20-1,TRBJ2-1,SASTSGRAGEQF,2
TRBV20-1,TRBJ2-1,SASTSGRAGNEQF,6
TRBV20-1,TRBJ2-1,SASTSGRAGNNEQF,1
TRBV20-1,TRBJ2-1,SASTSGRAGRHNEQF,1
TRBV20-1,TRBJ2-1,SASTSGRAGSYNEQF,1
TRBV20-1,TRBJ2-1,SASTSGRAGWTYNEQF,1
TRBV20-1,TRBJ2-1,SASTSGRAGYNEQF,4
TRBV20-1,TRBJ2-1,SASTSGRAHEQF,1
TRBV20-1,TRBJ2-1,SASTSGRAHNEQF,2
TRBV20-1,TRBJ2-1,SASTSGRAIGYNEQF,1
TRBV20-1,TRBJ2-1,SASTSGRAIINEQF,1
TRBV20-1,TRBJ2-1,SASTSGRAITYNEQF,1
TRBV20-1,TRBJ2-1,SASTSGRALFNEQF,1
TRBV20-1,TRBJ2-1,SASTSGRALINEQF,39
TRBV20-1,TRBJ2-1,SASTSGRALLNEQF,1
TRBV20-1,TRBJ2-1,SASTSGRALNEQF,5
TRBV20-1,TRBJ2-1,SASTSGRALVNNEQF,1
TRBV20-1,TRBJ2-1,SASTSGRALYEQF,1
TRBV20-1,TRBJ2-1,SASTSGRALYNEQF,1
TRBV20-1,TRBJ2-1,SASTSGRANEQF,61
TRBV20-1,TRBJ2-1,SASTSGRANNEQF,1
TRBV20-1,TRBJ2-1,SASTSGRANYNEQF,1
TRBV20-1,TRBJ2-1,SASTSGRAPLSYNEQF,1
TRBV20-1,TRBJ2-1,SASTSGRAPSYNEQF,1
TRBV20-1,TRBJ2-1,SASTSGRAPYNEQF,3
TRBV20-1,TRBJ2-1,SASTSGRARDNEQF,1
TRBV20-1,TRBJ2-1,SASTSGRARDYNEQF,1
TRBV20-1,TRBJ2-1,SASTSGRARGDEQF,1
TRBV20-1,TRBJ2-1,SASTSGRARSSYNEQF,1
TRBV20-1,TRBJ2-1,SASTSGRARSVGNEQF,1
TRBV20-1,TRBJ2-1,SASTSGRARVDEQF,4
TRBV20-1,TRBJ2-1,SASTSGRASDEQF,1
TRBV20-1,TRBJ2-1,SASTSGRASNEQF,1
TRBV20-1,TRBJ2-1,SASTSGRASYNEQF,2
TRBV20-1,TRBJ2-1,SASTSGRATPRYNEQF,1
TRBV20-1,TRBJ2-1,SASTSGRAVDEQF,1
TRBV20-1,TRBJ2-1,SASTSGRAVGNEQF,1
TRBV20-1,TRBJ2-1,SASTSGRAVNEQF,3
TRBV20-1,TRBJ2-1,SASTSGRAVSHEQF,5
TRBV20-1,TRBJ2-1,SASTSGRAWNEQF,1
TRBV20-1,TRBJ2-1,SASTSGRAYEQF,1
TRBV20-1,TRBJ2-1,SASTSGRAYIGDEQF,1
TRBV20-1,TRBJ2-1,SASTSGRAYNEQF,3
TRBV20-1,TRBJ2-1,SASTSGRAYSYNEQF,12
TRBV20-1,TRBJ2-1,SASTSGRDEQF,4
TRBV20-1,TRBJ2-1,SASTSGRDNEQF,6
TRBV20-1,TRBJ2-1,SASTSGRDTYNEQF,1
TRBV20-1,TRBJ2-1,SASTSGRDYNEQF,1
TRBV20-1,TRBJ2-1,SASTSGREDNEQF,1
TRBV20-1,TRBJ2-1,SASTSGREGLPYNEQF,6
TRBV20-1,TRBJ2-1,SASTSGREGSNEQF,1
TRBV20-1,TRBJ2-1,SASTSGRELSYNEQF,1
TRBV20-1,TRBJ2-1,SASTSGRENEQF,7
TRBV20-1,TRBJ2-1,SASTSGREPYNEQF,1
TRBV20-1,TRBJ2-1,SASTSGREYNEQF,1
TRBV20-1,TRBJ2-1,SASTSGRFANEQF,1
TRBV20-1,TRBJ2-1,SASTSGRFDEQF,1
TRBV20-1,TRBJ2-1,SASTSGRFHEQF,3
TRBV20-1,TRBJ2-1,SASTSGRFLNEQF,1
TRBV20-1,TRBJ2-1,SASTSGRFNEQF,9
TRBV20-1,TRBJ2-1,SASTSGRFPNEQF,1
TRBV20-1,TRBJ2-1,SASTSGRFSSYNEQF,1
TRBV20-1,TRBJ2-1,SASTSGRFWAYNEQF,1
TRBV20-1,TRBJ2-1,SASTSGRFYNEQF,1
TRBV20-1,TRBJ2-1,SASTSGRGASYNGTF,1
TRBV20-1,TRBJ2-1,SASTSGRGDEQF,7
TRBV20-1,TRBJ2-1,SASTSGRGGMFYNEQF,1
TRBV20-1,TRBJ2-1,SASTSGRGGSYNEQF,1
TRBV20-1,TRBJ2-1,SASTSGRGHEQF,2
TRBV20-1,TRBJ2-1,SASTSGRGIEWNEQF,1
TRBV20-1,TRBJ2-1,SASTSGRGLYNEQF,5
TRBV20-1,TRBJ2-1,SASTSGRGNEQF,32
TRBV20-1,TRBJ2-1,SASTSGRGPDNEQF,1
TRBV20-1,TRBJ2-1,SASTSGRGPYNEQF,3
TRBV20-1,TRBJ2-1,SASTSGRGRNEQF,1
TRBV20-1,TRBJ2-1,SASTSGRGSSYNEQF,1
TRBV20-1,TRBJ2-1,SASTSGRGSYNEQF,3
TRBV20-1,TRBJ2-1,SASTSGRGVYNEQF,1
TRBV20-1,TRBJ2-1,SASTSGRGYEQF,1
TRBV20-1,TRBJ2-1,SASTSGRGYNEQF,5
TRBV20-1,TRBJ2-1,SASTSGRHEQF,5
TRBV20-1,TRBJ2-1,SASTSGRHNEQF,2
TRBV20-1,TRBJ2-1,SASTSGRHYNEQF,1
TRBV20-1,TRBJ2-1,SASTSGRIDEQF,2
TRBV20-1,TRBJ2-1,SASTSGRINEQF,3
TRBV20-1,TRBJ2-1,SASTSGRIPLSYNEQF,1
TRBV20-1,TRBJ2-1,SASTSGRIYEQF,1
TRBV20-1,TRBJ2-1,SASTSGRIYNEQF,2
TRBV20-1,TRBJ2-1,SASTSGRKNEQF,1
TRBV20-1,TRBJ2-1,SASTSGRKSHEQF,1
TRBV20-1,TRBJ2-1,SASTSGRKTYNEQF,1
TRBV20-1,TRBJ2-1,SASTSGRLDEQF,1
TRBV20-1,TRBJ2-1,SASTSGRLDNEQF,1
TRBV20-1,TRBJ2-1,SASTSGRLGEQF,1
TRBV20-1,TRBJ2-1,SASTSGRLHEQF,1
TRBV20-1,TRBJ2-1,SASTSGRLHNEQF,1
TRBV20-1,TRBJ2-1,SASTSGRLIPYNEQF,1
TRBV20-1,TRBJ2-1,SASTSGRLNEQF,4
TRBV20-1,TRBJ2-1,SASTSGRLPNEQF,1
TRBV20-1,TRBJ2-1,SASTSGRLPYNEQF,2
TRBV20-1,TRBJ2-1,SASTSGRLRDEQF,1
TRBV20-1,TRBJ2-1,SASTSGRLRSPYNEQF,1
TRBV20-1,TRBJ2-1,SASTSGRLSSYNEQF,1
TRBV20-1,TRBJ2-1,SASTSGRLYNEQF,3
TRBV20-1,TRBJ2-1,SASTSGRMDEQF,1
TRBV20-1,TRBJ2-1,SASTSGRMGSYNEQF,1
TRBV20-1,TRBJ2-1,SASTSGRMNEQF,1
TRBV20-1,TRBJ2-1,SASTSGRMYEQF,1
TRBV20-1,TRBJ2-1,SASTSGRMYNEQF,3
TRBV20-1,TRBJ2-1,SASTSGRNEQF,26
TRBV20-1,TRBJ2-1,SASTSGRNNEQF,8
TRBV20-1,TRBJ2-1,SASTSGRNRSSYNEQF,1
TRBV20-1,TRBJ2-1,SASTSGRNSYNEQF,1
TRBV20-1,TRBJ2-1,SASTSGRPARF,2
TRBV20-1,TRBJ2-1,SASTSGRPGLNNEQF,1
TRBV20-1,TRBJ2-1,SASTSGRPKNNEQF,1
TRBV20-1,TRBJ2-1,SASTSGRPNEQF,3
TRBV20-1,TRBJ2-1,SASTSGRPPYNEQF,2
TRBV20-1,TRBJ2-1,SASTSGRPSSYNEQF,2
TRBV20-1,TRBJ2-1,SASTSGRPYNEQF,1
TRBV20-1,TRBJ2-1,SASTSGRRDEQF,2
TRBV20-1,TRBJ2-1,SASTSGRRDGWNEQF,1
TRBV20-1,TRBJ2-1,SASTSGRRDNEQF,2
TRBV20-1,TRBJ2-1,SASTSGRRENEQF,1
TRBV20-1,TRBJ2-1,SASTSGRRNAQF,1
TRBV20-1,TRBJ2-1,SASTSGRRNEQF,4
TRBV20-1,TRBJ2-1,SASTSGRRSYNEQF,2
TRBV20-1,TRBJ2-1,SASTSGRRTGLNEQF,1
TRBV20-1,TRBJ2-1,SASTSGRRVSSYNEQF,1
TRBV20-1,TRBJ2-1,SASTSGRRYNEQF,2
TRBV20-1,TRBJ2-1,SASTSGRSAGGNEQF,1
TRBV20-1,TRBJ2-1,SASTSGRSAYNEQF,1
TRBV20-1,TRBJ2-1,SASTSGRSDEQF,2
TRBV20-1,TRBJ2-1,SASTSGRSGNEQF,1
TRBV20-1,TRBJ2-1,SASTSGRSKGHNEQF,1
TRBV20-1,TRBJ2-1,SASTSGRSKRTNEQF,7
TRBV20-1,TRBJ2-1,SASTSGRSNEQF,4
TRBV20-1,TRBJ2-1,SASTSGRSPSYNEQF,1
TRBV20-1,TRBJ2-1,SASTSGRSSYNEQF,8
TRBV20-1,TRBJ2-1,SASTSGRSTYNEQF,1
TRBV20-1,TRBJ2-1,SASTSGRSWSYNEQF,1
TRBV20-1,TRBJ2-1,SASTSGRSYEQF,1
TRBV20-1,TRBJ2-1,SASTSGRSYNEQF,4
TRBV20-1,TRBJ2-1,SASTSGRTASLNEQF,1
TRBV20-1,TRBJ2-1,SASTSGRTDEQF,1
TRBV20-1,TRBJ2-1,SASTSGRTGSYNEQF,1
TRBV20-1,TRBJ2-1,SASTSGRTHEQF,1
TRBV20-1,TRBJ2-1,SASTSGRTLNEQF,1
TRBV20-1,TRBJ2-1,SASTSGRTNEQF,10
TRBV20-1,TRBJ2-1,SASTSGRTPYNEQF,1
TRBV20-1,TRBJ2-1,SASTSGRTQF,2
TRBV20-1,TRBJ2-1,SASTSGRTSNEQF,1
TRBV20-1,TRBJ2-1,SASTSGRTSQAGEQF,2
TRBV20-1,TRBJ2-1,SASTSGRTSQSGEQF,6
TRBV20-1,TRBJ2-1,SASTSGRTSSYNEQF,2
TRBV20-1,TRBJ2-1,SASTSGRTSYNEQF,1
TRBV20-1,TRBJ2-1,SASTSGRTWVNEQF,1
TRBV20-1,TRBJ2-1,SASTSGRTYNEQF,5
TRBV20-1,TRBJ2-1,SASTSGRVDEQF,2
TRBV20-1,TRBJ2-1,SASTSGRVDGQF,1
TRBV20-1,TRBJ2-1,SASTSGRVDNEQF,1
TRBV20-1,TRBJ2-1,SASTSGRVDYNEQF,1
TRBV20-1,TRBJ2-1,SASTSGRVEQF,2
TRBV20-1,TRBJ2-1,SASTSGRVGEQF,1
TRBV20-1,TRBJ2-1,SASTSGRVIYNEQF,1
TRBV20-1,TRBJ2-1,SASTSGRVLDEQF,2
TRBV20-1,TRBJ2-1,SASTSGRVLYNEQF,2
TRBV20-1,TRBJ2-1,SASTSGRVNEQF,8
TRBV20-1,TRBJ2-1,SASTSGRVPSYNEQF,1
TRBV20-1,TRBJ2-1,SASTSGRVRDEQF,2
TRBV20-1,TRBJ2-1,SASTSGRVSSYNEQF,2
TRBV20-1,TRBJ2-1,SASTSGRVSYNEQF,4
TRBV20-1,TRBJ2-1,SASTSGRVWHNEQF,1
TRBV20-1,TRBJ2-1,SASTSGRVYEQF,1
TRBV20-1,TRBJ2-1,SASTSGRWENEQF,1
TRBV20-1,TRBJ2-1,SASTSGRWGNEQF,1
TRBV20-1,TRBJ2-1,SASTSGRWNEQF,2
TRBV20-1,TRBJ2-1,SASTSGRWNNEQF,1
TRBV20-1,TRBJ2-1,SASTSGRWSYNEQF,1
TRBV20-1,TRBJ2-1,SASTSGRWWDEQF,4
TRBV20-1,TRBJ2-1,SASTSGRYEQF,2
TRBV20-1,TRBJ2-1,SASTSGRYNEQF,17
TRBV20-1,TRBJ2-1,SASTSGRYYNEQF,2
TRBV20-1,TRBJ2-1,SASTSGSAINEQF,1
TRBV20-1,TRBJ2-1,SASTSGSAPYNEQF,1
TRBV20-1,TRBJ2-1,SASTSGSAYNEQF,2
TRBV20-1,TRBJ2-1,SASTSGSDEQF,2
TRBV20-1,TRBJ2-1,SASTSGSDNEQF,1
TRBV20-1,TRBJ2-1,SASTSGSEQF,2
TRBV20-1,TRBJ2-1,SASTSGSFDEQF,1
TRBV20-1,TRBJ2-1,SASTSGSFGNEQF,1
TRBV20-1,TRBJ2-1,SASTSGSFGYNEQF,1
TRBV20-1,TRBJ2-1,SASTSGSFHEQF,1
TRBV20-1,TRBJ2-1,SASTSGSFNEQF,3
TRBV20-1,TRBJ2-1,SASTSGSFPNEQF,1
TRBV20-1,TRBJ2-1,SASTSGSFRNEQF,1
TRBV20-1,TRBJ2-1,SASTSGSFYEQF,1
TRBV20-1,TRBJ2-1,SASTSGSGIGANEQF,2
TRBV20-1,TRBJ2-1,SASTSGSGNEQF,12
TRBV20-1,TRBJ2-1,SASTSGSGSSYNEQF,1
TRBV20-1,TRBJ2-1,SASTSGSGSYNEQF,1
TRBV20-1,TRBJ2-1,SASTSGSGTYNEQF,1
TRBV20-1,TRBJ2-1,SASTSGSGYEQF,1
TRBV20-1,TRBJ2-1,SASTSGSGYNEQF,2
TRBV20-1,TRBJ2-1,SASTSGSHNEQF,3
TRBV20-1,TRBJ2-1,SASTSGSIFNEQF,1
TRBV20-1,TRBJ2-1,SASTSGSILGAYNEQF,1
TRBV20-1,TRBJ2-1,SASTSGSINEQF,3
TRBV20-1,TRBJ2-1,SASTSGSISYNEQF,12
TRBV20-1,TRBJ2-1,SASTSGSIYEQF,1
TRBV20-1,TRBJ2-1,SASTSGSIYNEQF,1
TRBV20-1,TRBJ2-1,SASTSGSKDEQF,1
TRBV20-1,TRBJ2-1,SASTSGSKTNEQF,1
TRBV20-1,TRBJ2-1,SASTSGSLDEQF,5
TRBV20-1,TRBJ2-1,SASTSGSLFIHNEQF,1
TRBV20-1,TRBJ2-1,SASTSGSLNEQF,8
TRBV20-1,TRBJ2-1,SASTSGSLSYNEQF,2
TRBV20-1,TRBJ2-1,SASTSGSLYEQF,1
TRBV20-1,TRBJ2-1,SASTSGSMYNEQF,1
TRBV20-1,TRBJ2-1,SASTSGSNEQF,13
TRBV20-1,TRBJ2-1,SASTSGSNNEQF,2
TRBV20-1,TRBJ2-1,SASTSGSPHEQF,1
TRBV20-1,TRBJ2-1,SASTSGSPLNEQF,1
TRBV20-1,TRBJ2-1,SASTSGSPLPSYNEQF,1
TRBV20-1,TRBJ2-1,SASTSGSPLSDEQF,1
TRBV20-1,TRBJ2-1,SASTSGSPLSYNEQF,1
TRBV20-1,TRBJ2-1,SASTSGSPPTYNEQF,3
TRBV20-1,TRBJ2-1,SASTSGSPSHFYNEQF,1
TRBV20-1,TRBJ2-1,SASTSGSPSYNEQF,2
TRBV20-1,TRBJ2-1,SASTSGSPTRQF,5
TRBV20-1,TRBJ2-1,SASTSGSPTYNEQF,1
TRBV20-1,TRBJ2-1,SASTSGSPYNEQF,3
TRBV20-1,TRBJ2-1,SASTSGSQAKYNEQF,1
TRBV20-1,TRBJ2-1,SASTSGSQGSYNEQF,1
TRBV20-1,TRBJ2-1,SASTSGSRHEQF,2
TRBV20-1,TRBJ2-1,SASTSGSRNEQF,4
TRBV20-1,TRBJ2-1,SASTSGSRPYNEQF,2
TRBV20-1,TRBJ2-1,SASTSGSRREQF,10
TRBV20-1,TRBJ2-1,SASTSGSRSYNEQF,2
TRBV20-1,TRBJ2-1,SASTSGSSEYNEQF,1
TRBV20-1,TRBJ2-1,SASTSGSSFYNEQF,1
TRBV20-1,TRBJ2-1,SASTSGSSGNEQF,1
TRBV20-1,TRBJ2-1,SASTSGSSHEQF,1
TRBV20-1,TRBJ2-1,SASTSGSSHNEQF,5
TRBV20-1,TRBJ2-1,SASTSGSSILTYNEQF,1
TRBV20-1,TRBJ2-1,SASTSGSSNEQF,9
TRBV20-1,TRBJ2-1,SASTSGSSQRRAFYNEQF,1
TRBV20-1,TRBJ2-1,SASTSGSSRGYNEQF,1
TRBV20-1,TRBJ2-1,SASTSGSSSLYNEQF,1
TRBV20-1,TRBJ2-1,SASTSGSSSYNEQF,1
TRBV20-1,TRBJ2-1,SASTSGSSYEQF,3
TRBV20-1,TRBJ2-1,SASTSGSSYLYNEQF,1
TRBV20-1,TRBJ2-1,SASTSGSSYNEQF,24
TRBV20-1,TRBJ2-1,SASTSGSTHEQF,1
TRBV20-1,TRBJ2-1,SASTSGSTQSSYNEQF,1
TRBV20-1,TRBJ2-1,SASTSGSTSYNEQF,1
TRBV20-1,TRBJ2-1,SASTSGSTVNNEQF,1
TRBV20-1,TRBJ2-1,SASTSGSTYNEQF,2
TRBV20-1,TRBJ2-1,SASTSGSVAHEQF,1
TRBV20-1,TRBJ2-1,SASTSGSVNEQF,3
TRBV20-1,TRBJ2-1,SASTSGSVYEQF,1
TRBV20-1,TRBJ2-1,SASTSGSVYNEQF,1
TRBV20-1,TRBJ2-1,SASTSGSWDEQF,1
TRBV20-1,TRBJ2-1,SASTSGSWYEQF,5
TRBV20-1,TRBJ2-1,SASTSGSWYNEQF,2
TRBV20-1,TRBJ2-1,SASTSGSYNEQF,38
TRBV20-1,TRBJ2-1,SASTSGSYVEQF,3
TRBV20-1,TRBJ2-1,SASTSGTDEQF,1
TRBV20-1,TRBJ2-1,SASTSGTDNEQF,1
TRBV20-1,TRBJ2-1,SASTSGTFPRSSYNEQF,1
TRBV20-1,TRBJ2-1,SASTSGTFSYNEQF,4
TRBV20-1,TRBJ2-1,SASTSGTGEQF,4
TRBV20-1,TRBJ2-1,SASTSGTGNEQF,1
TRBV20-1,TRBJ2-1,SASTSGTGSYNEQF,1
TRBV20-1,TRBJ2-1,SASTSGTGVTNEQF,6
TRBV20-1,TRBJ2-1,SASTSGTHKDNEQF,1
TRBV20-1,TRBJ2-1,SASTSGTHNEQF,1
TRBV20-1,TRBJ2-1,SASTSGTKNEQF,1
TRBV20-1,TRBJ2-1,SASTSGTKSPHNEQF,1
TRBV20-1,TRBJ2-1,SASTSGTKYNEQF,1
TRBV20-1,TRBJ2-1,SASTSGTLDEQF,1
TRBV20-1,TRBJ2-1,SASTSGTLGDNEQF,1
TRBV20-1,TRBJ2-1,SASTSGTLHNEQF,1
TRBV20-1,TRBJ2-1,SASTSGTLLDEQF,1
TRBV20-1,TRBJ2-1,SASTSGTNEQF,1
TRBV20-1,TRBJ2-1,SASTSGTNNEQF,2
TRBV20-1,TRBJ2-1,SASTSGTPSYNEQF,1
TRBV20-1,TRBJ2-1,SASTSGTPYNEQF,1
TRBV20-1,TRBJ2-1,SASTSGTPYSYNEQF,1
TRBV20-1,TRBJ2-1,SASTSGTRDVNEQF,1
TRBV20-1,TRBJ2-1,SASTSGTRNEQF,4
TRBV20-1,TRBJ2-1,SASTSGTSDSYNEQF,1
TRBV20-1,TRBJ2-1,SASTSGTSGRARYNEQF,1
TRBV20-1,TRBJ2-1,SASTSGTSGSNYNEQF,1
TRBV20-1,TRBJ2-1,SASTSGTSGSSYNEQF,1
TRBV20-1,TRBJ2-1,SASTSGTSGYNEQF,1
TRBV20-1,TRBJ2-1,SASTSGTSLNEQF,1
TRBV20-1,TRBJ2-1,SASTSGTSNEQF,1
TRBV20-1,TRBJ2-1,SASTSGTTYNEQF,2
TRBV20-1,TRBJ2-1,SASTSGTVRRNEQF,1
TRBV20-1,TRBJ2-1,SASTSGTVTYNEQF,1
TRBV20-1,TRBJ2-1,SASTSGTYNEQF,33
TRBV20-1,TRBJ2-1,SASTSGTYNGQF,1
TRBV20-1,TRBJ2-1,SASTSGVAEQF,2
TRBV20-1,TRBJ2-1,SASTSGVANEQF,2
TRBV20-1,TRBJ2-1,SASTSGVARDRNEQF,1
TRBV20-1,TRBJ2-1,SASTSGVDEQF,11
TRBV20-1,TRBJ2-1,SASTSGVDNEQF,1
TRBV20-1,TRBJ2-1,SASTSGVGDEQF,1
TRBV20-1,TRBJ2-1,SASTSGVGRDNEQF,1
TRBV20-1,TRBJ2-1,SASTSGVKNEQF,1
TRBV20-1,TRBJ2-1,SASTSGVNEQF,1
TRBV20-1,TRBJ2-1,SASTSGVNNEQF,1
TRBV20-1,TRBJ2-1,SASTSGVPDEQF,1
TRBV20-1,TRBJ2-1,SASTSGVPYNEQF,1
TRBV20-1,TRBJ2-1,SASTSGVQDEQF,1
TRBV20-1,TRBJ2-1,SASTSGVRIVLNEQF,1
TRBV20-1,TRBJ2-1,SASTSGVSNEQF,3
TRBV20-1,TRBJ2-1,SASTSGVSSYNEQF,1
TRBV20-1,TRBJ2-1,SASTSGVWYNEQF,1
TRBV20-1,TRBJ2-1,SASTSGVYNEQF,6
TRBV20-1,TRBJ2-1,SASTSGVYYNEQF,1
TRBV20-1,TRBJ2-1,SASTSGWGDEQF,12
TRBV20-1,TRBJ2-1,SASTSGWGHNEQF,1
TRBV20-1,TRBJ2-1,SASTSGWGNEQF,1
TRBV20-1,TRBJ2-1,SASTSGWSYNEQF,1
TRBV20-1,TRBJ2-1,SASTSGWTDEQF,1
TRBV20-1,TRBJ2-1,SASTSGWTHEQF,1
TRBV20-1,TRBJ2-1,SASTSGWWGEQF,5
TRBV20-1,TRBJ2-1,SASTSGYDNEQF,1
TRBV20-1,TRBJ2-1,SASTSGYEQF,5
TRBV20-1,TRBJ2-1,SASTSGYNEQF,49
TRBV20-1,TRBJ2-1,SASTSGYPYNEQF,1
TRBV20-1,TRBJ2-1,SASTSGYSYNEQF,1
TRBV20-1,TRBJ2-1,SASTSGYSYNERF,1
TRBV20-1,TRBJ2-1,SASTSGYYNEQF,5
TRBV20-1,TRBJ2-1,SASTSHEQF,7
TRBV20-1,TRBJ2-1,SASTSHITYNEQF,1
TRBV20-1,TRBJ2-1,SASTSHLGNNEQF,3
TRBV20-1,TRBJ2-1,SASTSIDEQF,2
TRBV20-1,TRBJ2-1,SASTSIGDNEQF,1
TRBV20-1,TRBJ2-1,SASTSIGFGNEQF,1
TRBV20-1,TRBJ2-1,SASTSIIDEQF,1
TRBV20-1,TRBJ2-1,SASTSIKLNEQF,1
TRBV20-1,TRBJ2-1,SASTSIKNEQF,1
TRBV20-1,TRBJ2-1,SASTSILYNEQF,12
TRBV20-1,TRBJ2-1,SASTSINEQF,1
TRBV20-1,TRBJ2-1,SASTSINNEQF,5
TRBV20-1,TRBJ2-1,SASTSISYNEQF,1
TRBV20-1,TRBJ2-1,SASTSIYNEQF,2
TRBV20-1,TRBJ2-1,SASTSKVTYNEQF,11
TRBV20-1,TRBJ2-1,SASTSLADLYNEQF,1
TRBV20-1,TRBJ2-1,SASTSLAGGFYNEQF,1
TRBV20-1,TRBJ2-1,SASTSLASYNEQF,1
TRBV20-1,TRBJ2-1,SASTSLLSNEQF,1
TRBV20-1,TRBJ2-1,SASTSLNEQF,2
TRBV20-1,TRBJ2-1,SASTSLPSGTSYNEQF,1
TRBV20-1,TRBJ2-1,SASTSLREFNEQF,1
TRBV20-1,TRBJ2-1,SASTSLREFSYNEQF,1
TRBV20-1,TRBJ2-1,SASTSLSYNEQF,3
TRBV20-1,TRBJ2-1,SASTSLSYYNEQF,1
TRBV20-1,TRBJ2-1,SASTSLTSGSYNEQF,1
TRBV20-1,TRBJ2-1,SASTSLTYNEQF,1
TRBV20-1,TRBJ2-1,SASTSLYEQF,2
TRBV20-1,TRBJ2-1,SASTSLYNEQF,1
TRBV20-1,TRBJ2-1,SASTSMGNEQF,1
TRBV20-1,TRBJ2-1,SASTSMLCNEQF,1
TRBV20-1,TRBJ2-1,SASTSMLYNEQF,10
TRBV20-1,TRBJ2-1,SASTSMRYNEQF,1
TRBV20-1,TRBJ2-1,SASTSMVYNEQF,1
TRBV20-1,TRBJ2-1,SASTSNEQF,9
TRBV20-1,TRBJ2-1,SASTSNLTPNEQF,1
TRBV20-1,TRBJ2-1,SASTSNNEQF,2
TRBV20-1,TRBJ2-1,SASTSNSYNEQF,3
TRBV20-1,TRBJ2-1,SASTSNYNEQF,1
TRBV20-1,TRBJ2-1,SASTSPAGSSYNEQF,2
TRBV20-1,TRBJ2-1,SASTSPDDYNEQF,1
TRBV20-1,TRBJ2-1,SASTSPDNEQF,1
TRBV20-1,TRBJ2-1,SASTSPDYNEQF,4
TRBV20-1,TRBJ2-1,SASTSPFGNEQF,1
TRBV20-1,TRBJ2-1,SASTSPGGGNEQF,1
TRBV20-1,TRBJ2-1,SASTSPGLAGVGSYNEQF,1
TRBV20-1,TRBJ2-1,SASTSPGRAYNEQF,1
TRBV20-1,TRBJ2-1,SASTSPGTNEQF,1
TRBV20-1,TRBJ2-1,SASTSPHNEQF,4
TRBV20-1,TRBJ2-1,SASTSPIDNEQF,1
TRBV20-1,TRBJ2-1,SASTSPISYNEQF,1
TRBV20-1,TRBJ2-1,SASTSPLHNEQF,1
TRBV20-1,TRBJ2-1,SASTSPLYNEQF,1
TRBV20-1,TRBJ2-1,SASTSPNEQF,2
TRBV20-1,TRBJ2-1,SASTSPNNEQF,1
TRBV20-1,TRBJ2-1,SASTSPPHNEQF,1
TRBV20-1,TRBJ2-1,SASTSPPRNEQF,1
TRBV20-1,TRBJ2-1,SASTSPPSYNEQF,1
TRBV20-1,TRBJ2-1,SASTSPQNEQF,1
TRBV20-1,TRBJ2-1,SASTSPSSYNEQF,2
TRBV20-1,TRBJ2-1,SASTSPSYNEQF,5
TRBV20-1,TRBJ2-1,SASTSPTPSGYEQF,1
TRBV20-1,TRBJ2-1,SASTSPTYNEQF,1
TRBV20-1,TRBJ2-1,SASTSPVIYNEQF,1
TRBV20-1,TRBJ2-1,SASTSPYEQF,2
TRBV20-1,TRBJ2-1,SASTSPYNEQF,2
TRBV20-1,TRBJ2-1,SASTSQAGAYNEQF,1
TRBV20-1,TRBJ2-1,SASTSQDYNEQF,1
TRBV20-1,TRBJ2-1,SASTSQGIGSYNEQF,1
TRBV20-1,TRBJ2-1,SASTSQGSSYNEQF,1
TRBV20-1,TRBJ2-1,SASTSQPYNEQF,1
TRBV20-1,TRBJ2-1,SASTSQSSYNEQF,1
TRBV20-1,TRBJ2-1,SASTSQSYNEQF,1
TRBV20-1,TRBJ2-1,SASTSQVYNEQF,1
TRBV20-1,TRBJ2-1,SASTSRAAFWNEQF,3
TRBV20-1,TRBJ2-1,SASTSRARRGNEQF,1
TRBV20-1,TRBJ2-1,SASTSRAVDEQF,8
TRBV20-1,TRBJ2-1,SASTSRDNEQF,1
TRBV20-1,TRBJ2-1,SASTSREESNEQF,1
TRBV20-1,TRBJ2-1,SASTSRFYNEQF,1
TRBV20-1,TRBJ2-1,SASTSRGATGLRTYNEQF,1
TRBV20-1,TRBJ2-1,SASTSRGDEQF,1
TRBV20-1,TRBJ2-1,SASTSRGGSYNEQF,1
TRBV20-1,TRBJ2-1,SASTSRGRRDNEQF,1
TRBV20-1,TRBJ2-1,SASTSRGTYNEQF,1
TRBV20-1,TRBJ2-1,SASTSRGVNEQF,1
TRBV20-1,TRBJ2-1,SASTSRGVYSYNEQF,2
TRBV20-1,TRBJ2-1,SASTSRGYLNEQF,1
TRBV20-1,TRBJ2-1,SASTSRGYNEQF,2
TRBV20-1,TRBJ2-1,SASTSRHNEQF,1
TRBV20-1,TRBJ2-1,SASTSRHSYNEQF,1
TRBV20-1,TRBJ2-1,SASTSRKDNEQF,1
TRBV20-1,TRBJ2-1,SASTSRLNEQF,1
TRBV20-1,TRBJ2-1,SASTSRNEQF,5
TRBV20-1,TRBJ2-1,SASTSRNSDEQF,1
TRBV20-1,TRBJ2-1,SASTSRNYNEQF,1
TRBV20-1,TRBJ2-1,SASTSRPSYNEQF,4
TRBV20-1,TRBJ2-1,SASTSRQNEQF,1
TRBV20-1,TRBJ2-1,SASTSRQYNEQF,1
TRBV20-1,TRBJ2-1,SASTSRRALINDPF,1
TRBV20-1,TRBJ2-1,SASTSRRDNEQF,1
TRBV20-1,TRBJ2-1,SASTSRRFNEQF,1
TRBV20-1,TRBJ2-1,SASTSRSEQF,1
TRBV20-1,TRBJ2-1,SASTSRSPLNEQF,1
TRBV20-1,TRBJ2-1,SASTSRSSYNEQF,3
TRBV20-1,TRBJ2-1,SASTSRSYNEQF,2
TRBV20-1,TRBJ2-1,SASTSRTGGSYNEQF,1
TRBV20-1,TRBJ2-1,SASTSRTGYNEQF,4
TRBV20-1,TRBJ2-1,SASTSRTSDYNEQF,1
TRBV20-1,TRBJ2-1,SASTSRTSGYNEQF,1
TRBV20-1,TRBJ2-1,SASTSRVPNNEQF,1
TRBV20-1,TRBJ2-1,SASTSRYEQF,1
TRBV20-1,TRBJ2-1,SASTSRYNEQF,2
TRBV20-1,TRBJ2-1,SASTSSASSYNEQF,1
TRBV20-1,TRBJ2-1,SASTSSASTYNEQF,1
TRBV20-1,TRBJ2-1,SASTSSASYNEQF,1
TRBV20-1,TRBJ2-1,SASTSSDEQF,1
TRBV20-1,TRBJ2-1,SASTSSFANEQF,1
TRBV20-1,TRBJ2-1,SASTSSGAYEQF,1
TRBV20-1,TRBJ2-1,SASTSSGGDEQF,5
TRBV20-1,TRBJ2-1,SASTSSGGRDNEQF,1
TRBV20-1,TRBJ2-1,SASTSSGGYSYNEQF,1
TRBV20-1,TRBJ2-1,SASTSSGKYNEQF,1
TRBV20-1,TRBJ2-1,SASTSSGLYNEQF,1
TRBV20-1,TRBJ2-1,SASTSSGNSYNEQF,1
TRBV20-1,TRBJ2-1,SASTSSGPEQF,1
TRBV20-1,TRBJ2-1,SASTSSGPYNEQF,1
TRBV20-1,TRBJ2-1,SASTSSGQNYNEQF,1
TRBV20-1,TRBJ2-1,SASTSSGRGYEQF,1
TRBV20-1,TRBJ2-1,SASTSSGRNEQF,1
TRBV20-1,TRBJ2-1,SASTSSGRPVDEQF,1
TRBV20-1,TRBJ2-1,SASTSSGRRHEQF,1
TRBV20-1,TRBJ2-1,SASTSSGRSPLHEQF,1
TRBV20-1,TRBJ2-1,SASTSSGRSYNEQF,2
TRBV20-1,TRBJ2-1,SASTSSGSSYNEQF,1
TRBV20-1,TRBJ2-1,SASTSSGSWDEQF,1
TRBV20-1,TRBJ2-1,SASTSSGTLQNNEQF,1
TRBV20-1,TRBJ2-1,SASTSSHNEQF,3
TRBV20-1,TRBJ2-1,SASTSSLTNEQF,1
TRBV20-1,TRBJ2-1,SASTSSNNEQF,1
TRBV20-1,TRBJ2-1,SASTSSRGSYNEQF,5
TRBV20-1,TRBJ2-1,SASTSSRLNEQF,1
TRBV20-1,TRBJ2-1,SASTSSRMYNEQF,2
TRBV20-1,TRBJ2-1,SASTSSRQITGVYNEQF,2
TRBV20-1,TRBJ2-1,SASTSSSGSSLHYNEQF,1
TRBV20-1,TRBJ2-1,SASTSSSSLNEQF,1
TRBV20-1,TRBJ2-1,SASTSSSYNEQF,10
TRBV20-1,TRBJ2-1,SASTSSTYNEQF,1
TRBV20-1,TRBJ2-1,SASTSSVSGRFNEQF,1
TRBV20-1,TRBJ2-1,SASTSSYNEQF,49
TRBV20-1,TRBJ2-1,SASTSTAYNEQF,1
TRBV20-1,TRBJ2-1,SASTSTEGYEQF,10
TRBV20-1,TRBJ2-1,SASTSTEPF,1
TRBV20-1,TRBJ2-1,SASTSTEQF,4
TRBV20-1,TRBJ2-1,SASTSTGRSSYNEQF,1
TRBV20-1,TRBJ2-1,SASTSTGSLNEQF,1
TRBV20-1,TRBJ2-1,SASTSTGYNEQF,1
TRBV20-1,TRBJ2-1,SASTSTHNEQF,1
TRBV20-1,TRBJ2-1,SASTSTLGHEQF,1
TRBV20-1,TRBJ2-1,SASTSTNEQF,1
TRBV20-1,TRBJ2-1,SASTSTPNEQF,1
TRBV20-1,TRBJ2-1,SASTSTRLAEYNEQF,1
TRBV20-1,TRBJ2-1,SASTSTSASYNEQF,3
TRBV20-1,TRBJ2-1,SASTSTSDPSNEQF,1
TRBV20-1,TRBJ2-1,SASTSTSERNNEQF,1
TRBV20-1,TRBJ2-1,SASTSTSGGNEQF,1
TRBV20-1,TRBJ2-1,SASTSTSGRNNEQF,1
TRBV20-1,TRBJ2-1,SASTSTSGSYNEQF,1
TRBV20-1,TRBJ2-1,SASTSTSSSYNEQF,1
TRBV20-1,TRBJ2-1,SASTSTSSYNEQF,5
TRBV20-1,TRBJ2-1,SASTSTTGSYNEQF,1
TRBV20-1,TRBJ2-1,SASTSTYEQF,1
TRBV20-1,TRBJ2-1,SASTSTYNEQF,5
TRBV20-1,TRBJ2-1,SASTSVDEQF,1
TRBV20-1,TRBJ2-1,SASTSVDHEQF,7
TRBV20-1,TRBJ2-1,SASTSVDNEQF,16
TRBV20-1,TRBJ2-1,SASTSVFGDPNEQF,1
TRBV20-1,TRBJ2-1,SASTSVGEQF,1
TRBV20-1,TRBJ2-1,SASTSVGGYNEQF,1
TRBV20-1,TRBJ2-1,SASTSVGINEQF,2
TRBV20-1,TRBJ2-1,SASTSVGSYNEQF,1
TRBV20-1,TRBJ2-1,SASTSVGYNEQF,2
TRBV20-1,TRBJ2-1,SASTSVHEQF,1
TRBV20-1,TRBJ2-1,SASTSVIPA,1
TRBV20-1,TRBJ2-1,SASTSVIYNEQF,1
TRBV20-1,TRBJ2-1,SASTSVLASSYNEQF,4
TRBV20-1,TRBJ2-1,SASTSVLATNEQF,1
TRBV20-1,TRBJ2-1,SASTSVLHEQF,1
TRBV20-1,TRBJ2-1,SASTSVLPA,5
TRBV20-1,TRBJ2-1,SASTSVNEQF,1
TRBV20-1,TRBJ2-1,SASTSVNNEQF,1
TRBV20-1,TRBJ2-1,SASTSVPYNEQF,1
TRBV20-1,TRBJ2-1,SASTSVSSYNEQF,1
TRBV20-1,TRBJ2-1,SASTSVSYNEQF,6
TRBV20-1,TRBJ2-1,SASTSVTYNEQF,2
TRBV20-1,TRBJ2-1,SASTSVYNEQF,8
TRBV20-1,TRBJ2-1,SASTSWALNEQF,1
TRBV20-1,TRBJ2-1,SASTSWANNEQF,1
TRBV20-1,TRBJ2-1,SASTSWDEQF,5
TRBV20-1,TRBJ2-1,SASTSWDKLNNEQF,1
TRBV20-1,TRBJ2-1,SASTSWGDYNEQF,1
TRBV20-1,TRBJ2-1,SASTSWGGRARNEQF,1
TRBV20-1,TRBJ2-1,SASTSWGNYEQF,1
TRBV20-1,TRBJ2-1,SASTSWGPYNEQF,1
TRBV20-1,TRBJ2-1,SASTSWGQF,1
TRBV20-1,TRBJ2-1,SASTSWGYNEQF,1
TRBV20-1,TRBJ2-1,SASTSWNNEQF,1
TRBV20-1,TRBJ2-1,SASTSWRGFYNEQF,1
TRBV20-1,TRBJ2-1,SASTSYEQF,3
TRBV20-1,TRBJ2-1,SASTSYNEQF,23
TRBV20-1,TRBJ2-1,SASTSYSGSNEQF,5
TRBV20-1,TRBJ2-1,SASTSYSYNEQF,1
TRBV20-1,TRBJ2-1,SASTSYYNEQF,2
TRBV20-1,TRBJ2-1,SASTTAAEEQF,2
TRBV20-1,TRBJ2-1,SASTTAGDYNEQF,1
TRBV20-1,TRBJ2-1,SASTTANEQF,1
TRBV20-1,TRBJ2-1,SASTTASGGYNEQF,1
TRBV20-1,TRBJ2-1,SASTTASGNWYEQF,1
TRBV20-1,TRBJ2-1,SASTTASYNEQF,1
TRBV20-1,TRBJ2-1,SASTTDARTYNEQF,1
TRBV20-1,TRBJ2-1,SASTTDEQF,1
TRBV20-1,TRBJ2-1,SASTTDNEQF,2
TRBV20-1,TRBJ2-1,SASTTENEQF,2
TRBV20-1,TRBJ2-1,SASTTFGGQVNEQF,8
TRBV20-1,TRBJ2-1,SASTTFGISSYNEQF,1
TRBV20-1,TRBJ2-1,SASTTFRNNEQF,2
TRBV20-1,TRBJ2-1,SASTTGALVYYNEQF,1
TRBV20-1,TRBJ2-1,SASTTGALYNEQF,1
TRBV20-1,TRBJ2-1,SASTTGASAGQF,1
TRBV20-1,TRBJ2-1,SASTTGAVSEQF,1
TRBV20-1,TRBJ2-1,SASTTGEATFNEQF,1
TRBV20-1,TRBJ2-1,SASTTGFAYNEQF,5
TRBV20-1,TRBJ2-1,SASTTGFDHEQF,1
TRBV20-1,TRBJ2-1,SASTTGGAYNEQF,1
TRBV20-1,TRBJ2-1,SASTTGGGIYNEQF,1
TRBV20-1,TRBJ2-1,SASTTGGGNNEQF,1
TRBV20-1,TRBJ2-1,SASTTGGINEQF,1
TRBV20-1,TRBJ2-1,SASTTGGPEDEQF,3
TRBV20-1,TRBJ2-1,SASTTGGPYNEQF,6
TRBV20-1,TRBJ2-1,SASTTGGRDNEQF,2
TRBV20-1,TRBJ2-1,SASTTGGSHNEQF,1
TRBV20-1,TRBJ2-1,SASTTGGSNSYNEQF,1
TRBV20-1,TRBJ2-1,SASTTGGSSYNEQF,1
TRBV20-1,TRBJ2-1,SASTTGGTNEQF,1
TRBV20-1,TRBJ2-1,SASTTGGYNEQF,4
TRBV20-1,TRBJ2-1,SASTTGKLPNNEQF,1
TRBV20-1,TRBJ2-1,SASTTGKPHNEQF,1
TRBV20-1,TRBJ2-1,SASTTGLAGEFYNEQF,1
TRBV20-1,TRBJ2-1,SASTTGLAGTSYNEQF,1
TRBV20-1,TRBJ2-1,SASTTGLANGNEQF,15
TRBV20-1,TRBJ2-1,SASTTGLVPNEQF,1
TRBV20-1,TRBJ2-1,SASTTGPYNEQF,1
TRBV20-1,TRBJ2-1,SASTTGQGRLGSSYNEQF,1
TRBV20-1,TRBJ2-1,SASTTGRGLDFVRGNEQF,1
TRBV20-1,TRBJ2-1,SASTTGRGYNEQF,3
TRBV20-1,TRBJ2-1,SASTTGRLYNEQF,1
TRBV20-1,TRBJ2-1,SASTTGSGLSYNEQF,1
TRBV20-1,TRBJ2-1,SASTTGTEETYNEQF,1
TRBV20-1,TRBJ2-1,SASTTGTSAGQF,6
TRBV20-1,TRBJ2-1,SASTTGTSGESLYNEQF,1
TRBV20-1,TRBJ2-1,SASTTGTSGGYNEQF,1
TRBV20-1,TRBJ2-1,SASTTGTSGRGNEQF,1
TRBV20-1,TRBJ2-1,SASTTGTSGVYNEQF,1
TRBV20-1,TRBJ2-1,SASTTGTYNEQF,1
TRBV20-1,TRBJ2-1,SASTTGVEQF,10
TRBV20-1,TRBJ2-1,SASTTGVPVHEQF,1
TRBV20-1,TRBJ2-1,SASTTGYNEQF,1
TRBV20-1,TRBJ2-1,SASTTHSDNEQF,1
TRBV20-1,TRBJ2-1,SASTTINPNNEQF,1
TRBV20-1,TRBJ2-1,SASTTKGGRLGKGSSYNEQF,1
TRBV20-1,TRBJ2-1,SASTTLAGGNYNEQF,1
TRBV20-1,TRBJ2-1,SASTTLAGGPMI,2
TRBV20-1,TRBJ2-1,SASTTLAGGPYNEQF,1
TRBV20-1,TRBJ2-1,SASTTLAGGTNEQF,1
TRBV20-1,TRBJ2-1,SASTTLAGVHHEQF,1
TRBV20-1,TRBJ2-1,SASTTLFRDNYNEQF,1
TRBV20-1,TRBJ2-1,SASTTLGRLAGGGNEQF,1
TRBV20-1,TRBJ2-1,SASTTLKDNEQF,1
TRBV20-1,TRBJ2-1,SASTTLSSYNEQF,1
TRBV20-1,TRBJ2-1,SASTTLTNNEQF,1
TRBV20-1,TRBJ2-1,SASTTLTRDEQF,3
TRBV20-1,TRBJ2-1,SASTTLVYNEQF,1
TRBV20-1,TRBJ2-1,SASTTLWGTWNEQF,1
TRBV20-1,TRBJ2-1,SASTTLYNEQF,1
TRBV20-1,TRBJ2-1,SASTTMGDEQF,1
TRBV20-1,TRBJ2-1,SASTTMRGQF,8
TRBV20-1,TRBJ2-1,SASTTNEAYNEQF,1
TRBV20-1,TRBJ2-1,SASTTNEQF,3
TRBV20-1,TRBJ2-1,SASTTNGHNEQF,1
TRBV20-1,TRBJ2-1,SASTTNNEQF,1
TRBV20-1,TRBJ2-1,SASTTNRANEQF,3
TRBV20-1,TRBJ2-1,SASTTPEQF,7
TRBV20-1,TRBJ2-1,SASTTPGAHNEQF,1
TRBV20-1,TRBJ2-1,SASTTPGQGAGNEQF,1
TRBV20-1,TRBJ2-1,SASTTPPSSGSYEQF,1
TRBV20-1,TRBJ2-1,SASTTPQYNEQF,1
TRBV20-1,TRBJ2-1,SASTTPRRRNNEQF,1
TRBV20-1,TRBJ2-1,SASTTPTIDNEQF,1
TRBV20-1,TRBJ2-1,SASTTPVWDEQF,1
TRBV20-1,TRBJ2-1,SASTTPYNEQF,1
TRBV20-1,TRBJ2-1,SASTTQGNEQF,1
TRBV20-1,TRBJ2-1,SASTTQGQANNEQF,1
TRBV20-1,TRBJ2-1,SASTTQGSSYNEQF,1
TRBV20-1,TRBJ2-1,SASTTQSYNEQF,1
TRBV20-1,TRBJ2-1,SASTTRASYNEQF,1
TRBV20-1,TRBJ2-1,SASTTRDLVVYEQF,1
TRBV20-1,TRBJ2-1,SASTTRFFYEQF,1
TRBV20-1,TRBJ2-1,SASTTRGFNEQF,1
TRBV20-1,TRBJ2-1,SASTTRGSYNEQF,3
TRBV20-1,TRBJ2-1,SASTTRGYNEQF,1
TRBV20-1,TRBJ2-1,SASTTRKGNEQF,1
TRBV20-1,TRBJ2-1,SASTTRRGYNEQF,1
TRBV20-1,TRBJ2-1,SASTTRSSYNEQF,2
TRBV20-1,TRBJ2-1,SASTTRTGSYEQF,3
TRBV20-1,TRBJ2-1,SASTTRTSGINEQF,1
TRBV20-1,TRBJ2-1,SASTTSALYNEQF,1
TRBV20-1,TRBJ2-1,SASTTSASYNEQF,1
TRBV20-1,TRBJ2-1,SASTTSAYNEQF,1
TRBV20-1,TRBJ2-1,SASTTSEFYNEQF,1
TRBV20-1,TRBJ2-1,SASTTSETYNEQF,1
TRBV20-1,TRBJ2-1,SASTTSGANNEQF,1
TRBV20-1,TRBJ2-1,SASTTSGAYNEQF,1
TRBV20-1,TRBJ2-1,SASTTSGDNEQF,2
TRBV20-1,TRBJ2-1,SASTTSGFYNEQF,5
TRBV20-1,TRBJ2-1,SASTTSGGADYNEQF,1
TRBV20-1,TRBJ2-1,SASTTSGGADYNERF,1
TRBV20-1,TRBJ2-1,SASTTSGGANEQF,1
TRBV20-1,TRBJ2-1,SASTTSGGFDEQF,1
TRBV20-1,TRBJ2-1,SASTTSGGFYNEQF,1
TRBV20-1,TRBJ2-1,SASTTSGGKNEQF,2
TRBV20-1,TRBJ2-1,SASTTSGGSYNEQF,1
TRBV20-1,TRBJ2-1,SASTTSGGVNEQF,1
TRBV20-1,TRBJ2-1,SASTTSGGYNEQF,6
TRBV20-1,TRBJ2-1,SASTTSGHYNEQF,1
TRBV20-1,TRBJ2-1,SASTTSGIMNEQF,1
TRBV20-1,TRBJ2-1,SASTTSGINEQF,9
TRBV20-1,TRBJ2-1,SASTTSGINGQF,1
TRBV20-1,TRBJ2-1,SASTTSGIYYNEQF,1
TRBV20-1,TRBJ2-1,SASTTSGKSYNEQF,1
TRBV20-1,TRBJ2-1,SASTTSGLANEQF,1
TRBV20-1,TRBJ2-1,SASTTSGLEDEQF,1
TRBV20-1,TRBJ2-1,SASTTSGLGGDNEQF,1
TRBV20-1,TRBJ2-1,SASTTSGLNNEQF,1
TRBV20-1,TRBJ2-1,SASTTSGMDDEQF,1
TRBV20-1,TRBJ2-1,SASTTSGNEQF,1
TRBV20-1,TRBJ2-1,SASTTSGPYNEQF,2
TRBV20-1,TRBJ2-1,SASTTSGRADEQF,1
TRBV20-1,TRBJ2-1,SASTTSGRAHEQF,1
TRBV20-1,TRBJ2-1,SASTTSGRALDNEQF,1
TRBV20-1,TRBJ2-1,SASTTSGRANEQF,13
TRBV20-1,TRBJ2-1,SASTTSGRAYNEQF,2
TRBV20-1,TRBJ2-1,SASTTSGRFRNEQF,1
TRBV20-1,TRBJ2-1,SASTTSGRFSYNEQF,1
TRBV20-1,TRBJ2-1,SASTTSGRGYNEQF,1
TRBV20-1,TRBJ2-1,SASTTSGRISYNEQF,2
TRBV20-1,TRBJ2-1,SASTTSGRRNEQF,1
TRBV20-1,TRBJ2-1,SASTTSGRSNEQF,1
TRBV20-1,TRBJ2-1,SASTTSGRSYNEQF,1
TRBV20-1,TRBJ2-1,SASTTSGRTPADEQF,1
TRBV20-1,TRBJ2-1,SASTTSGRVLSYNEQF,1
TRBV20-1,TRBJ2-1,SASTTSGRVNEQF,1
TRBV20-1,TRBJ2-1,SASTTSGRYNEQF,2
TRBV20-1,TRBJ2-1,SASTTSGSFDEQF,1
TRBV20-1,TRBJ2-1,SASTTSGSHEQF,1
TRBV20-1,TRBJ2-1,SASTTSGSHNEQF,1
TRBV20-1,TRBJ2-1,SASTTSGSPLDNEQF,5
TRBV20-1,TRBJ2-1,SASTTSGSPYNEQF,1
TRBV20-1,TRBJ2-1,SASTTSGSSDAYNEQF,1
TRBV20-1,TRBJ2-1,SASTTSGSSYNEQF,11
TRBV20-1,TRBJ2-1,SASTTSGSTNEQF,2
TRBV20-1,TRBJ2-1,SASTTSGSYNEQF,5
TRBV20-1,TRBJ2-1,SASTTSGTLNEQF,1
TRBV20-1,TRBJ2-1,SASTTSGTYNEQF,2
TRBV20-1,TRBJ2-1,SASTTSGVGNEQF,1
TRBV20-1,TRBJ2-1,SASTTSGVNEQF,2
TRBV20-1,TRBJ2-1,SASTTSGVYNEQF,1
TRBV20-1,TRBJ2-1,SASTTSGYNEQF,2
TRBV20-1,TRBJ2-1,SASTTSLPDNEQF,1
TRBV20-1,TRBJ2-1,SASTTSLRYNEQF,1
TRBV20-1,TRBJ2-1,SASTTSNEQF,1
TRBV20-1,TRBJ2-1,SASTTSQREGWSSYNEQF,5
TRBV20-1,TRBJ2-1,SASTTSRNEQF,3
TRBV20-1,TRBJ2-1,SASTTSSGVNEQF,5
TRBV20-1,TRBJ2-1,SASTTSSYNEQF,3
TRBV20-1,TRBJ2-1,SASTTSTRVDEQF,1
TRBV20-1,TRBJ2-1,SASTTSVYNEQF,1
TRBV20-1,TRBJ2-1,SASTTSWTGHNEQF,1
TRBV20-1,TRBJ2-1,SASTTSYEQF,1
TRBV20-1,TRBJ2-1,SASTTSYNEQF,1
TRBV20-1,TRBJ2-1,SASTTSYSSYNEQF,1
TRBV20-1,TRBJ2-1,SASTTTEKNEQF,1
TRBV20-1,TRBJ2-1,SASTTTGDFYNEQF,1
TRBV20-1,TRBJ2-1,SASTTTGQSGNYNEQF,1
TRBV20-1,TRBJ2-1,SASTTTPHNEQF,1
TRBV20-1,TRBJ2-1,SASTTTQTDNEQF,1
TRBV20-1,TRBJ2-1,SASTTTSGDYNEQF,1
TRBV20-1,TRBJ2-1,SASTTTSGMGNEQF,1
TRBV20-1,TRBJ2-1,SASTTTYNEQF,1
TRBV20-1,TRBJ2-1,SASTTVDEQF,3
TRBV20-1,TRBJ2-1,SASTTVSSYNEQF,1
TRBV20-1,TRBJ2-1,SASTTVYNEQF,1
TRBV20-1,TRBJ2-1,SASTTWMGSRDEQF,1
TRBV20-1,TRBJ2-1,SASTTWQL,3
TRBV20-1,TRBJ2-1,SASTTWSGNEQF,1
TRBV20-1,TRBJ2-1,SASTTYNEQF,5
TRBV20-1,TRBJ2-1,SASTTYPGLAGTSYNEQF,3
TRBV20-1,TRBJ2-1,SASTTYVWHLENEQF,1
TRBV20-1,TRBJ2-1,SASTVAANEQF,1
TRBV20-1,TRBJ2-1,SASTVAGAPFYNEQF,2
TRBV20-1,TRBJ2-1,SASTVAGASYNEQF,5
TRBV20-1,TRBJ2-1,SASTVAGDGAYNEQF,1
TRBV20-1,TRBJ2-1,SASTVAGDNEQF,1
TRBV20-1,TRBJ2-1,SASTVAGFRGSSYNEQF,2
TRBV20-1,TRBJ2-1,SASTVAGGLNNEQF,1
TRBV20-1,TRBJ2-1,SASTVAGGPNNEQF,1
TRBV20-1,TRBJ2-1,SASTVAGKYNEQF,6
TRBV20-1,TRBJ2-1,SASTVAGLHEDEQF,1
TRBV20-1,TRBJ2-1,SASTVAGSANEQF,1
TRBV20-1,TRBJ2-1,SASTVAGSGNEQF,10
TRBV20-1,TRBJ2-1,SASTVAGVLGNEQF,1
TRBV20-1,TRBJ2-1,SASTVANEQF,1
TRBV20-1,TRBJ2-1,SASTVAPPYNEQF,1
TRBV20-1,TRBJ2-1,SASTVAQNNEQF,1
TRBV20-1,TRBJ2-1,SASTVASNEQF,3
TRBV20-1,TRBJ2-1,SASTVASYNEQF,2
TRBV20-1,TRBJ2-1,SASTVAVGAYTEQF,1
TRBV20-1,TRBJ2-1,SASTVDEQF,3
TRBV20-1,TRBJ2-1,SASTVDGTGGNEQF,1
TRBV20-1,TRBJ2-1,SASTVDNEQF,5
TRBV20-1,TRBJ2-1,SASTVDREVNEQF,1
TRBV20-1,TRBJ2-1,SASTVDSRDYQNEQF,1
TRBV20-1,TRBJ2-1,SASTVDSYNEQF,1
TRBV20-1,TRBJ2-1,SASTVDYLNEQF,1
TRBV20-1,TRBJ2-1,SASTVDYNEQF,2
TRBV20-1,TRBJ2-1,SASTVEAAEYNEQF,1
TRBV20-1,TRBJ2-1,SASTVEGSYNEQF,1
TRBV20-1,TRBJ2-1,SASTVEMVYNEQF,1
TRBV20-1,TRBJ2-1,SASTVEQF,3
TRBV20-1,TRBJ2-1,SASTVERPARSYNEQF,1
TRBV20-1,TRBJ2-1,SASTVETYNEQF,1
TRBV20-1,TRBJ2-1,SASTVEVYNEQF,1
TRBV20-1,TRBJ2-1,SASTVFGGSSYNEQF,1
TRBV20-1,TRBJ2-1,SASTVGAGGPYNEQF,8
TRBV20-1,TRBJ2-1,SASTVGALYNEQF,1
TRBV20-1,TRBJ2-1,SASTVGETGPGYYNEQF,1
TRBV20-1,TRBJ2-1,SASTVGFSYNEQF,1
TRBV20-1,TRBJ2-1,SASTVGGDEQF,1
TRBV20-1,TRBJ2-1,SASTVGGEQF,26
TRBV20-1,TRBJ2-1,SASTVGGHNEQF,1
TRBV20-1,TRBJ2-1,SASTVGGLAGDSSYNEQF,1
TRBV20-1,TRBJ2-1,SASTVGGLAGLATYNEQF,4
TRBV20-1,TRBJ2-1,SASTVGGLHYNEQF,1
TRBV20-1,TRBJ2-1,SASTVGGNEQF,1
TRBV20-1,TRBJ2-1,SASTVGGRGRNEQF,1
TRBV20-1,TRBJ2-1,SASTVGGYASDEQF,1
TRBV20-1,TRBJ2-1,SASTVGILRNNEQF,1
TRBV20-1,TRBJ2-1,SASTVGLAFPSVYNEQF,1
TRBV20-1,TRBJ2-1,SASTVGLAGGHLDNEQF,1
TRBV20-1,TRBJ2-1,SASTVGLGGIGNEPF,1
TRBV20-1,TRBJ2-1,SASTVGLGGIGNEQF,5
TRBV20-1,TRBJ2-1,SASTVGNYNEQF,4
TRBV20-1,TRBJ2-1,SASTVGQGNEQF,2
TRBV20-1,TRBJ2-1,SASTVGSSYNEQF,1
TRBV20-1,TRBJ2-1,SASTVGSYNEQF,1
TRBV20-1,TRBJ2-1,SASTVGTNEQF,1
TRBV20-1,TRBJ2-1,SASTVGTSGSSYNEQF,4
TRBV20-1,TRBJ2-1,SASTVGVGASGYNEQF,1
TRBV20-1,TRBJ2-1,SASTVGYNEQF,1
TRBV20-1,TRBJ2-1,SASTVHAGGPDNEQF,2
TRBV20-1,TRBJ2-1,SASTVHNEQF,3
TRBV20-1,TRBJ2-1,SASTVINEQF,5
TRBV20-1,TRBJ2-1,SASTVIRDEQF,1
TRBV20-1,TRBJ2-1,SASTVISSYYNEQF,1
TRBV20-1,TRBJ2-1,SASTVLAGAFGNEQF,1
TRBV20-1,TRBJ2-1,SASTVLAGGRRLYNEQF,1
TRBV20-1,TRBJ2-1,SASTVLANEQF,1
TRBV20-1,TRBJ2-1,SASTVLGSSYNEQF,4
TRBV20-1,TRBJ2-1,SASTVLLAGLGSYNEQF,1
TRBV20-1,TRBJ2-1,SASTVLPSSYNEQF,1
TRBV20-1,TRBJ2-1,SASTVLQNEQF,1
TRBV20-1,TRBJ2-1,SASTVLRAYNEQF,2
TRBV20-1,TRBJ2-1,SASTVLRRAGVDEQF,3
TRBV20-1,TRBJ2-1,SASTVLSSYNEQF,1
TRBV20-1,TRBJ2-1,SASTVLTTYNEQF,1
TRBV20-1,TRBJ2-1,SASTVLWESYSQDEQF,2
TRBV20-1,TRBJ2-1,SASTVNEQF,11
TRBV20-1,TRBJ2-1,SASTVNINSGSSYNEQF,2
TRBV20-1,TRBJ2-1,SASTVNNEQF,6
TRBV20-1,TRBJ2-1,SASTVNSGNPYNEQF,1
TRBV20-1,TRBJ2-1,SASTVPGGPYNEQF,1
TRBV20-1,TRBJ2-1,SASTVPRGNEQF,1
TRBV20-1,TRBJ2-1,SASTVPRLSYNEQF,1
TRBV20-1,TRBJ2-1,SASTVQDNEQF,1
TRBV20-1,TRBJ2-1,SASTVQGFYNEQF,1
TRBV20-1,TRBJ2-1,SASTVQGHNNEQF,1
TRBV20-1,TRBJ2-1,SASTVQGNSYNEQF,1
TRBV20-1,TRBJ2-1,SASTVQGTHNEQF,1
TRBV20-1,TRBJ2-1,SASTVQKSYNEQF,1
TRBV20-1,TRBJ2-1,SASTVQLAGDLYNEQF,1
TRBV20-1,TRBJ2-1,SASTVQRVDEQF,1
TRBV20-1,TRBJ2-1,SASTVRDNEQF,1
TRBV20-1,TRBJ2-1,SASTVRDRDLNEQF,1
TRBV20-1,TRBJ2-1,SASTVREGLNNEQF,1
TRBV20-1,TRBJ2-1,SASTVRGLAYNEQF,1
TRBV20-1,TRBJ2-1,SASTVRGYEQF,1
TRBV20-1,TRBJ2-1,SASTVRNEQF,1
TRBV20-1,TRBJ2-1,SASTVRQF,2
TRBV20-1,TRBJ2-1,SASTVRVGRNEQF,1
TRBV20-1,TRBJ2-1,SASTVRWYNEQF,1
TRBV20-1,TRBJ2-1,SASTVSAGASYNEQF,1
TRBV20-1,TRBJ2-1,SASTVSGRVYEQF,1
TRBV20-1,TRBJ2-1,SASTVSGSPYNEQF,1
TRBV20-1,TRBJ2-1,SASTVSGTGNEQF,1
TRBV20-1,TRBJ2-1,SASTVSSSYNEQF,1
TRBV20-1,TRBJ2-1,SASTVSSYNEQF,2
TRBV20-1,TRBJ2-1,SASTVSTYNEQF,1
TRBV20-1,TRBJ2-1,SASTVSYNEQF,3
TRBV20-1,TRBJ2-1,SASTVTARGINEQF,1
TRBV20-1,TRBJ2-1,SASTVTDNEQF,1
TRBV20-1,TRBJ2-1,SASTVTGAYNEQF,1
TRBV20-1,TRBJ2-1,SASTVTGGSYNEQF,1
TRBV20-1,TRBJ2-1,SASTVTGSIEDNEQF,1
TRBV20-1,TRBJ2-1,SASTVTNEQF,1
TRBV20-1,TRBJ2-1,SASTVTSYNEQF,2
TRBV20-1,TRBJ2-1,SASTVTYNEQF,1
TRBV20-1,TRBJ2-1,SASTVVAAYNEQF,1
TRBV20-1,TRBJ2-1,SASTVVAGPYNEQF,1
TRBV20-1,TRBJ2-1,SASTVVDEQF,1
TRBV20-1,TRBJ2-1,SASTVVGNEQF,1
TRBV20-1,TRBJ2-1,SASTVVRPYNEQF,1
TRBV20-1,TRBJ2-1,SASTVVSTAYNEQF,1
TRBV20-1,TRBJ2-1,SASTVWASGTDYNEQF,5
TRBV20-1,TRBJ2-1,SASTVWRLTDEQF,1
TRBV20-1,TRBJ2-1,SASTVYEQF,3
TRBV20-1,TRBJ2-1,SASTVYNEQF,4
TRBV20-1,TRBJ2-1,SASTVYRGGDEQF,13
TRBV20-1,TRBJ2-1,SASTVYVYNEQF,1
TRBV20-1,TRBJ2-1,SASTWAGFYNEQF,1
TRBV20-1,TRBJ2-1,SASTWAGGNNEQF,1
TRBV20-1,TRBJ2-1,SASTWAGSYNEQF,1
TRBV20-1,TRBJ2-1,SASTWAPYNEQF,1
TRBV20-1,TRBJ2-1,SASTWASESYNEQF,1
TRBV20-1,TRBJ2-1,SASTWASGRINEQF,1
TRBV20-1,TRBJ2-1,SASTWASGVYNEQF,1
TRBV20-1,TRBJ2-1,SASTWAVYNEQF,1
TRBV20-1,TRBJ2-1,SASTWAYNEQF,1
TRBV20-1,TRBJ2-1,SASTWDEQF,2
TRBV20-1,TRBJ2-1,SASTWDGSYNEQF,2
TRBV20-1,TRBJ2-1,SASTWDLSYNEQF,1
TRBV20-1,TRBJ2-1,SASTWDRGRHNEQF,1
TRBV20-1,TRBJ2-1,SASTWDRNNEQF,1
TRBV20-1,TRBJ2-1,SASTWDSSSYNEQF,1
TRBV20-1,TRBJ2-1,SASTWDVLSYNEQF,1
TRBV20-1,TRBJ2-1,SASTWDYEQF,1
TRBV20-1,TRBJ2-1,SASTWEFVNEQF,1
TRBV20-1,TRBJ2-1,SASTWEGSSYNEQF,1
TRBV20-1,TRBJ2-1,SASTWESSYNEQF,1
TRBV20-1,TRBJ2-1,SASTWGAKLYNEQF,1
TRBV20-1,TRBJ2-1,SASTWGAYNEQF,1
TRBV20-1,TRBJ2-1,SASTWGEAESSYNEQF,1
TRBV20-1,TRBJ2-1,SASTWGEYNEQF,1
TRBV20-1,TRBJ2-1,SASTWGGPYNEQF,1
TRBV20-1,TRBJ2-1,SASTWGLAEAAYNEQF,1
TRBV20-1,TRBJ2-1,SASTWGLANSYNEQF,1
TRBV20-1,TRBJ2-1,SASTWGNEQF,8
TRBV20-1,TRBJ2-1,SASTWGNERF,1
TRBV20-1,TRBJ2-1,SASTWGSHNEQF,1
TRBV20-1,TRBJ2-1,SASTWGVANEQF,1
TRBV20-1,TRBJ2-1,SASTWGWEQC,1
TRBV20-1,TRBJ2-1,SASTWGYNEQF,1
TRBV20-1,TRBJ2-1,SASTWHGLMGQF,4
TRBV20-1,TRBJ2-1,SASTWNEQF,14
TRBV20-1,TRBJ2-1,SASTWPGSLLIYNEQF,1
TRBV20-1,TRBJ2-1,SASTWRDNNEQF,1
TRBV20-1,TRBJ2-1,SASTWRDPVYNEQF,1
TRBV20-1,TRBJ2-1,SASTWREFYNEQF,1
TRBV20-1,TRBJ2-1,SASTWRERYNEQF,1
TRBV20-1,TRBJ2-1,SASTWRESYNEQF,1
TRBV20-1,TRBJ2-1,SASTWRGTAFDNEQF,1
TRBV20-1,TRBJ2-1,SASTWRNEQF,1
TRBV20-1,TRBJ2-1,SASTWRSSYNEQF,1
TRBV20-1,TRBJ2-1,SASTWSSYNEQF,2
TRBV20-1,TRBJ2-1,SASTWSYNEQF,1
TRBV20-1,TRBJ2-1,SASTWTAFNEQF,2
TRBV20-1,TRBJ2-1,SASTWTDEQF,1
TRBV20-1,TRBJ2-1,SASTWTEPDEQF,1
TRBV20-1,TRBJ2-1,SASTWTGDNEQF,1
TRBV20-1,TRBJ2-1,SASTWTGGMRSSYNEQF,1
TRBV20-1,TRBJ2-1,SASTWTGLWTTNEQF,9
TRBV20-1,TRBJ2-1,SASTWTGLWTTNEQS,2
TRBV20-1,TRBJ2-1,SASTWTGVDNEQF,1
TRBV20-1,TRBJ2-1,SASTWTKGEQF,1
TRBV20-1,TRBJ2-1,SASTWTMGNEQF,1
TRBV20-1,TRBJ2-1,SASTWTQNEQF,1
TRBV20-1,TRBJ2-1,SASTWTSGDNEQF,1
TRBV20-1,TRBJ2-1,SASTWTSGEAYNEQF,1
TRBV20-1,TRBJ2-1,SASTWTSGRIDEQF,1
TRBV20-1,TRBJ2-1,SASTWTSGSNEQF,1
TRBV20-1,TRBJ2-1,SASTWTSGSYEQF,1
TRBV20-1,TRBJ2-1,SASTWTSLDYNEQF,1
TRBV20-1,TRBJ2-1,SASTWTTVNNEQF,1
TRBV20-1,TRBJ2-1,SASTWTVVADNEQF,2
TRBV20-1,TRBJ2-1,SASTWVGGRGFDEQF,1
TRBV20-1,TRBJ2-1,SASTWYNEQF,1
TRBV20-1,TRBJ2-1,SASTYASRYNEQF,1
TRBV20-1,TRBJ2-1,SASTYEESSYNEQF,1
TRBV20-1,TRBJ2-1,SASTYEGEINEQF,1
TRBV20-1,TRBJ2-1,SASTYEQF,3
TRBV20-1,TRBJ2-1,SASTYFAGGFTDEQF,1
TRBV20-1,TRBJ2-1,SASTYFGGTNYNEQF,1
TRBV20-1,TRBJ2-1,SASTYGGGANEQF,4
TRBV20-1,TRBJ2-1,SASTYGGHPLNEQF,1
TRBV20-1,TRBJ2-1,SASTYGGSDNEQF,1
TRBV20-1,TRBJ2-1,SASTYGISSYNEQF,1
TRBV20-1,TRBJ2-1,SASTYGLAGFSYNEQF,1
TRBV20-1,TRBJ2-1,SASTYGLANEQF,1
TRBV20-1,TRBJ2-1,SASTYGQGASNEQF,1
TRBV20-1,TRBJ2-1,SASTYGRDTYNEQF,1
TRBV20-1,TRBJ2-1,SASTYGRLSSYNEQF,1
TRBV20-1,TRBJ2-1,SASTYGTGGRNEQF,5
TRBV20-1,TRBJ2-1,SASTYGTGPYNEQF,1
TRBV20-1,TRBJ2-1,SASTYHSYNEQF,1
TRBV20-1,TRBJ2-1,SASTYINEQF,1
TRBV20-1,TRBJ2-1,SASTYKGAGNEQF,5
TRBV20-1,TRBJ2-1,SASTYKRRPYNEQF,1
TRBV20-1,TRBJ2-1,SASTYLAASYNEQF,1
TRBV20-1,TRBJ2-1,SASTYLARNYNEQF,2
TRBV20-1,TRBJ2-1,SASTYLGAQREGTRYNEQF,1
TRBV20-1,TRBJ2-1,SASTYLGHYNEQF,1
TRBV20-1,TRBJ2-1,SASTYLHPAQF,1
TRBV20-1,TRBJ2-1,SASTYLNNEQF,1
TRBV20-1,TRBJ2-1,SASTYLPYNEQF,1
TRBV20-1,TRBJ2-1,SASTYLQGVTYNEQF,12
TRBV20-1,TRBJ2-1,SASTYLRFGSNNEQF,1
TRBV20-1,TRBJ2-1,SASTYLSYNEQF,1
TRBV20-1,TRBJ2-1,SASTYNEQF,42
TRBV20-1,TRBJ2-1,SASTYPGLAGGYNEQF,4
TRBV20-1,TRBJ2-1,SASTYPGLSYNEQF,1
TRBV20-1,TRBJ2-1,SASTYPRGSYNEQF,1
TRBV20-1,TRBJ2-1,SASTYPSSKEQF,1
TRBV20-1,TRBJ2-1,SASTYPSYNEQF,1
TRBV20-1,TRBJ2-1,SASTYPTSGSLYEQF,1
TRBV20-1,TRBJ2-1,SASTYQDSYNEQF,1
TRBV20-1,TRBJ2-1,SASTYQPYNEQF,1
TRBV20-1,TRBJ2-1,SASTYRDRGYNEQF,1
TRBV20-1,TRBJ2-1,SASTYRETSGSYNEQF,1
TRBV20-1,TRBJ2-1,SASTYRGLRTSGRKNEQF,1
TRBV20-1,TRBJ2-1,SASTYRGNYNEQF,1
TRBV20-1,TRBJ2-1,SASTYRGSSNEQF,1
TRBV20-1,TRBJ2-1,SASTYRLAGGLYNEQF,1
TRBV20-1,TRBJ2-1,SASTYRNYNEQF,1
TRBV20-1,TRBJ2-1,SASTYRPAYNEQF,1
TRBV20-1,TRBJ2-1,SASTYSDNEQF,1
TRBV20-1,TRBJ2-1,SASTYSGRDNEQF,1
TRBV20-1,TRBJ2-1,SASTYSGSSYNEQF,1
TRBV20-1,TRBJ2-1,SASTYSGYYNEQF,1
TRBV20-1,TRBJ2-1,SASTYSSYNEQF,1
TRBV20-1,TRBJ2-1,SASTYSTVTNEQF,1
TRBV20-1,TRBJ2-1,SASTYSYNEQF,1
TRBV20-1,TRBJ2-1,SASTYTLNEQF,1
TRBV20-1,TRBJ2-1,SASTYTRQGIYNEQF,1
TRBV20-1,TRBJ2-1,SASTYTSVVDEQF,1
TRBV20-1,TRBJ2-1,SASTYVELYNEQF,1
TRBV20-1,TRBJ2-1,SASTYVGLSQFNEQF,1
TRBV20-1,TRBJ2-1,SASTYVGNEQF,1
TRBV20-1,TRBJ2-1,SASTYVGNNEQF,1
TRBV20-1,TRBJ2-1,SASTYVKSSYNEQF,1
TRBV20-1,TRBJ2-1,SASTYVPSGRSYNEQF,1
TRBV20-1,TRBJ2-1,SASTYWSGRTNEQF,1
TRBV20-1,TRBJ2-1,SASTYWTNEQF,1
TRBV20-1,TRBJ2-1,SASVAAEGEQF,3
TRBV20-1,TRBJ2-1,SASVAAGGAYNEQF,1
TRBV20-1,TRBJ2-1,SASVAAGGGNEQF,1
TRBV20-1,TRBJ2-1,SASVAAGGNNEQF,1
TRBV20-1,TRBJ2-1,SASVAAGGSYNEQF,1
TRBV20-1,TRBJ2-1,SASVAAGIGLYNEQF,1
TRBV20-1,TRBJ2-1,SASVAAGNSYNEQF,1
TRBV20-1,TRBJ2-1,SASVAAGSGDEQF,1
TRBV20-1,TRBJ2-1,SASVAAGSLYNEQF,1
TRBV20-1,TRBJ2-1,SASVAAGYNEQF,1
TRBV20-1,TRBJ2-1,SASVAALHEQF,1
TRBV20-1,TRBJ2-1,SASVAALSYNEQF,1
TRBV20-1,TRBJ2-1,SASVAANEQF,3
TRBV20-1,TRBJ2-1,SASVAAPHNEQF,1
TRBV20-1,TRBJ2-1,SASVAARGNDEQF,5
TRBV20-1,TRBJ2-1,SASVAARYNEQF,2
TRBV20-1,TRBJ2-1,SASVAASYNEQF,1
TRBV20-1,TRBJ2-1,SASVAATGLEQF,2
TRBV20-1,TRBJ2-1,SASVAATSRDWSGKDNEQF,1
TRBV20-1,TRBJ2-1,SASVAATYNEQF,1
TRBV20-1,TRBJ2-1,SASVAAVINNEQF,1
TRBV20-1,TRBJ2-1,SASVAAYNEQF,3
TRBV20-1,TRBJ2-1,SASVADIYNEQF,4
TRBV20-1,TRBJ2-1,SASVADLNYNEQF,2
TRBV20-1,TRBJ2-1,SASVADLRDEQF,1
TRBV20-1,TRBJ2-1,SASVADPHEQF,1
TRBV20-1,TRBJ2-1,SASVADPYNEHF,1
TRBV20-1,TRBJ2-1,SASVADPYNEQF,8
TRBV20-1,TRBJ2-1,SASVADPYNGQC,1
TRBV20-1,TRBJ2-1,SASVADPYNGQF,1
TRBV20-1,TRBJ2-1,SASVADSSYNEQF,1
TRBV20-1,TRBJ2-1,SASVADTQFFNEQF,1
TRBV20-1,TRBJ2-1,SASVADYNEQF,3
TRBV20-1,TRBJ2-1,SASVAEAEQF,1
TRBV20-1,TRBJ2-1,SASVAEDEQF,2
TRBV20-1,TRBJ2-1,SASVAEGFYNEQF,1
TRBV20-1,TRBJ2-1,SASVAEGHSYNEQF,1
TRBV20-1,TRBJ2-1,SASVAEGRSYNEQF,1
TRBV20-1,TRBJ2-1,SASVAEKDNEQF,1
TRBV20-1,TRBJ2-1,SASVAELYNEQF,1
TRBV20-1,TRBJ2-1,SASVAENEQF,1
TRBV20-1,TRBJ2-1,SASVAESSYNEQF,2
TRBV20-1,TRBJ2-1,SASVAESVYNEQF,1
TRBV20-1,TRBJ2-1,SASVAEYNEQF,1
TRBV20-1,TRBJ2-1,SASVAFASGWYNEQF,1
TRBV20-1,TRBJ2-1,SASVAFELNEQF,1
TRBV20-1,TRBJ2-1,SASVAFYNEQF,1
TRBV20-1,TRBJ2-1,SASVAGADNNEQF,6
TRBV20-1,TRBJ2-1,SASVAGAGKEQF,2
TRBV20-1,TRBJ2-1,SASVAGAGLRSEQF,4
TRBV20-1,TRBJ2-1,SASVAGAGNEQF,2
TRBV20-1,TRBJ2-1,SASVAGAGSYNEQF,1
TRBV20-1,TRBJ2-1,SASVAGAKSYNEQF,1
TRBV20-1,TRBJ2-1,SASVAGALLRYNEQF,1
TRBV20-1,TRBJ2-1,SASVAGALNEQF,1
TRBV20-1,TRBJ2-1,SASVAGALSYNEQF,1
TRBV20-1,TRBJ2-1,SASVAGALYNEQF,1
TRBV20-1,TRBJ2-1,SASVAGAMYEQF,1
TRBV20-1,TRBJ2-1,SASVAGANEQF,1
TRBV20-1,TRBJ2-1,SASVAGANNNEQF,1
TRBV20-1,TRBJ2-1,SASVAGARNEQF,1
TRBV20-1,TRBJ2-1,SASVAGASDNEQF,1
TRBV20-1,TRBJ2-1,SASVAGASNEQF,2
TRBV20-1,TRBJ2-1,SASVAGASYNEQF,6
TRBV20-1,TRBJ2-1,SASVAGATRYNEQF,1
TRBV20-1,TRBJ2-1,SASVAGATYNEQF,1
TRBV20-1,TRBJ2-1,SASVAGAVSYNEQF,1
TRBV20-1,TRBJ2-1,SASVAGAWDEQF,1
TRBV20-1,TRBJ2-1,SASVAGAWNEQF,1
TRBV20-1,TRBJ2-1,SASVAGAYNEQF,5
TRBV20-1,TRBJ2-1,SASVAGCYNEQF,1
TRBV20-1,TRBJ2-1,SASVAGDAYNEQF,1
TRBV20-1,TRBJ2-1,SASVAGDEQF,1
TRBV20-1,TRBJ2-1,SASVAGDFYNEQF,1
TRBV20-1,TRBJ2-1,SASVAGDGFNEQF,1
TRBV20-1,TRBJ2-1,SASVAGDGNEQF,1
TRBV20-1,TRBJ2-1,SASVAGDGYNEQF,1
TRBV20-1,TRBJ2-1,SASVAGDLYNEQF,1
TRBV20-1,TRBJ2-1,SASVAGDQWYEQF,1
TRBV20-1,TRBJ2-1,SASVAGDRDEQF,1
TRBV20-1,TRBJ2-1,SASVAGDRNNEQF,1
TRBV20-1,TRBJ2-1,SASVAGDSDEQF,1
TRBV20-1,TRBJ2-1,SASVAGDSYNEQF,4
TRBV20-1,TRBJ2-1,SASVAGDYNEQF,2
TRBV20-1,TRBJ2-1,SASVAGEAYNEQF,1
TRBV20-1,TRBJ2-1,SASVAGEFLNNEQF,6
TRBV20-1,TRBJ2-1,SASVAGEGNNEQF,1
TRBV20-1,TRBJ2-1,SASVAGEGYNEQF,1
TRBV20-1,TRBJ2-1,SASVAGENEQF,1
TRBV20-1,TRBJ2-1,SASVAGENNEQF,5
TRBV20-1,TRBJ2-1,SASVAGEQF,6
TRBV20-1,TRBJ2-1,SASVAGEVYNEQF,1
TRBV20-1,TRBJ2-1,SASVAGEYNEQF,4
TRBV20-1,TRBJ2-1,SASVAGEYSYNEQF,1
TRBV20-1,TRBJ2-1,SASVAGFTYNEQF,1
TRBV20-1,TRBJ2-1,SASVAGFYNEQF,1
TRBV20-1,TRBJ2-1,SASVAGGAEQF,2
TRBV20-1,TRBJ2-1,SASVAGGAINEQF,1
TRBV20-1,TRBJ2-1,SASVAGGANEQF,1
TRBV20-1,TRBJ2-1,SASVAGGAPNNEQF,1
TRBV20-1,TRBJ2-1,SASVAGGDEQF,1
TRBV20-1,TRBJ2-1,SASVAGGDNEQF,2
TRBV20-1,TRBJ2-1,SASVAGGDREQF,2
TRBV20-1,TRBJ2-1,SASVAGGEYNEQF,1
TRBV20-1,TRBJ2-1,SASVAGGFDNEQF,1
TRBV20-1,TRBJ2-1,SASVAGGFHEQF,1
TRBV20-1,TRBJ2-1,SASVAGGFRNEQF,1
TRBV20-1,TRBJ2-1,SASVAGGFSSYNEQF,1
TRBV20-1,TRBJ2-1,SASVAGGGFSYNEQF,1
TRBV20-1,TRBJ2-1,SASVAGGGHEQF,1
TRBV20-1,TRBJ2-1,SASVAGGGKEQF,1
TRBV20-1,TRBJ2-1,SASVAGGGNEQF,3
TRBV20-1,TRBJ2-1,SASVAGGGNVDEQF,1
TRBV20-1,TRBJ2-1,SASVAGGGYNEQF,1
TRBV20-1,TRBJ2-1,SASVAGGHNEQF,2
TRBV20-1,TRBJ2-1,SASVAGGHSYNEQF,1
TRBV20-1,TRBJ2-1,SASVAGGINEQF,1
TRBV20-1,TRBJ2-1,SASVAGGISYNEQF,11
TRBV20-1,TRBJ2-1,SASVAGGIYNEQF,1
TRBV20-1,TRBJ2-1,SASVAGGKGDEQF,1
TRBV20-1,TRBJ2-1,SASVAGGKNYNEQF,1
TRBV20-1,TRBJ2-1,SASVAGGKSYNEQF,1
TRBV20-1,TRBJ2-1,SASVAGGKYNEQF,1
TRBV20-1,TRBJ2-1,SASVAGGLFNEQF,2
TRBV20-1,TRBJ2-1,SASVAGGLGNEQF,1
TRBV20-1,TRBJ2-1,SASVAGGLISYNEQF,1
TRBV20-1,TRBJ2-1,SASVAGGLNEQF,1
TRBV20-1,TRBJ2-1,SASVAGGLTYNEQF,1
TRBV20-1,TRBJ2-1,SASVAGGMRNEQF,1
TRBV20-1,TRBJ2-1,SASVAGGNEQF,1
TRBV20-1,TRBJ2-1,SASVAGGNNEQF,2
TRBV20-1,TRBJ2-1,SASVAGGNWDEQF,1
TRBV20-1,TRBJ2-1,SASVAGGNYNEQF,9
TRBV20-1,TRBJ2-1,SASVAGGPAGYSEQF,1
TRBV20-1,TRBJ2-1,SASVAGGPDLEQF,1
TRBV20-1,TRBJ2-1,SASVAGGPGHEQF,1
TRBV20-1,TRBJ2-1,SASVAGGPGNEQF,3
TRBV20-1,TRBJ2-1,SASVAGGPGQF,6
TRBV20-1,TRBJ2-1,SASVAGGPHNEQF,1
TRBV20-1,TRBJ2-1,SASVAGGPHSSSYNEQF,1
TRBV20-1,TRBJ2-1,SASVAGGPINEQF,1
TRBV20-1,TRBJ2-1,SASVAGGPKYNEQF,12
TRBV20-1,TRBJ2-1,SASVAGGPLYEQF,1
TRBV20-1,TRBJ2-1,SASVAGGPNEQF,1
TRBV20-1,TRBJ2-1,SASVAGGPNNEQF,1
TRBV20-1,TRBJ2-1,SASVAGGPREQF,6
TRBV20-1,TRBJ2-1,SASVAGGPRGNEQF,3
TRBV20-1,TRBJ2-1,SASVAGGPRNEQF,1
TRBV20-1,TRBJ2-1,SASVAGGPRSYNEQF,1
TRBV20-1,TRBJ2-1,SASVAGGPRVNEQF,1
TRBV20-1,TRBJ2-1,SASVAGGPSFHYNEQF,1
TRBV20-1,TRBJ2-1,SASVAGGPSFSEQF,7
TRBV20-1,TRBJ2-1,SASVAGGPSYNEQF,2
TRBV20-1,TRBJ2-1,SASVAGGPWDEQF,1
TRBV20-1,TRBJ2-1,SASVAGGPYLEQF,1
TRBV20-1,TRBJ2-1,SASVAGGPYNDQF,1
TRBV20-1,TRBJ2-1,SASVAGGPYNEQF,15
TRBV20-1,TRBJ2-1,SASVAGGPYYNEQF,1
TRBV20-1,TRBJ2-1,SASVAGGQMGNEQF,7
TRBV20-1,TRBJ2-1,SASVAGGREQF,2
TRBV20-1,TRBJ2-1,SASVAGGRHEQF,5
TRBV20-1,TRBJ2-1,SASVAGGRNEQF,1
TRBV20-1,TRBJ2-1,SASVAGGRRNEQF,5
TRBV20-1,TRBJ2-1,SASVAGGRSYNEQF,1
TRBV20-1,TRBJ2-1,SASVAGGSDEQF,1
TRBV20-1,TRBJ2-1,SASVAGGSGEQF,3
TRBV20-1,TRBJ2-1,SASVAGGSISYNEQF,1
TRBV20-1,TRBJ2-1,SASVAGGSNEQF,4
TRBV20-1,TRBJ2-1,SASVAGGSRSQF,13
TRBV20-1,TRBJ2-1,SASVAGGSWNEQF,1
TRBV20-1,TRBJ2-1,SASVAGGSYNEQF,13
TRBV20-1,TRBJ2-1,SASVAGGTNEQF,1
TRBV20-1,TRBJ2-1,SASVAGGTSSYNEQF,1
TRBV20-1,TRBJ2-1,SASVAGGVDEQF,1
TRBV20-1,TRBJ2-1,SASVAGGVNEQF,11
TRBV20-1,TRBJ2-1,SASVAGGVYNEQF,1
TRBV20-1,TRBJ2-1,SASVAGGWNEQF,1
TRBV20-1,TRBJ2-1,SASVAGGYINEQF,1
TRBV20-1,TRBJ2-1,SASVAGGYNEQF,15
TRBV20-1,TRBJ2-1,SASVAGGYYNEQF,1
TRBV20-1,TRBJ2-1,SASVAGHYNEQF,5
TRBV20-1,TRBJ2-1,SASVAGINNEQF,1
TRBV20-1,TRBJ2-1,SASVAGIYNEQF,4
TRBV20-1,TRBJ2-1,SASVAGKYNEQF,1
TRBV20-1,TRBJ2-1,SASVAGLAANEQF,1
TRBV20-1,TRBJ2-1,SASVAGLAF,3
TRBV20-1,TRBJ2-1,SASVAGLGHNEQF,2
TRBV20-1,TRBJ2-1,SASVAGLSSYNEQF,1
TRBV20-1,TRBJ2-1,SASVAGLYNAQF,1
TRBV20-1,TRBJ2-1,SASVAGLYNEQF,13
TRBV20-1,TRBJ2-1,SASVAGMEYNEQF,1
TRBV20-1,TRBJ2-1,SASVAGMHYNEQF,1
TRBV20-1,TRBJ2-1,SASVAGNAQF,1
TRBV20-1,TRBJ2-1,SASVAGNEQF,4
TRBV20-1,TRBJ2-1,SASVAGPGGSNEQF,1
TRBV20-1,TRBJ2-1,SASVAGPNEQF,1
TRBV20-1,TRBJ2-1,SASVAGPRNEQF,2
TRBV20-1,TRBJ2-1,SASVAGPSSYNEQF,5
TRBV20-1,TRBJ2-1,SASVAGPTNEQF,1
TRBV20-1,TRBJ2-1,SASVAGPYNEQF,6
TRBV20-1,TRBJ2-1,SASVAGQSSYNEQF,1
TRBV20-1,TRBJ2-1,SASVAGQYNEQF,1
TRBV20-1,TRBJ2-1,SASVAGRASHEQF,1
TRBV20-1,TRBJ2-1,SASVAGRDNEQF,1
TRBV20-1,TRBJ2-1,SASVAGRESYNEQF,1
TRBV20-1,TRBJ2-1,SASVAGRGEQF,1
TRBV20-1,TRBJ2-1,SASVAGRGNEQF,1
TRBV20-1,TRBJ2-1,SASVAGRHNEQF,1
TRBV20-1,TRBJ2-1,SASVAGRILSYNEQF,1
TRBV20-1,TRBJ2-1,SASVAGRNEQF,6
TRBV20-1,TRBJ2-1,SASVAGRNNEQF,12
TRBV20-1,TRBJ2-1,SASVAGRSCNEQF,1
TRBV20-1,TRBJ2-1,SASVAGRSYNALF,1
TRBV20-1,TRBJ2-1,SASVAGRSYNEQF,26
TRBV20-1,TRBJ2-1,SASVAGRSYNGQF,1
TRBV20-1,TRBJ2-1,SASVAGRWGNEQF,5
TRBV20-1,TRBJ2-1,SASVAGRYNEQF,3
TRBV20-1,TRBJ2-1,SASVAGSGSNEQF,8
TRBV20-1,TRBJ2-1,SASVAGSNRNEQF,1
TRBV20-1,TRBJ2-1,SASVAGSPNEQF,1
TRBV20-1,TRBJ2-1,SASVAGSSLYNEQF,1
TRBV20-1,TRBJ2-1,SASVAGSSSYNEQF,1
TRBV20-1,TRBJ2-1,SASVAGSSYNEQF,3
TRBV20-1,TRBJ2-1,SASVAGSWDNEQF,1
TRBV20-1,TRBJ2-1,SASVAGSYNEQF,15
TRBV20-1,TRBJ2-1,SASVAGTAYNEQF,1
TRBV20-1,TRBJ2-1,SASVAGTDWDEQF,3
TRBV20-1,TRBJ2-1,SASVAGTGDSNEQF,1
TRBV20-1,TRBJ2-1,SASVAGTGGSNEHF,1
TRBV20-1,TRBJ2-1,SASVAGTGGSNEPF,1
TRBV20-1,TRBJ2-1,SASVAGTGGSNEQF,27
TRBV20-1,TRBJ2-1,SASVAGTGGSTEQF,1
TRBV20-1,TRBJ2-1,SASVAGTGNNEQF,1
TRBV20-1,TRBJ2-1,SASVAGTGSWISYNEQF,1
TRBV20-1,TRBJ2-1,SASVAGTGTYNEQF,1
TRBV20-1,TRBJ2-1,SASVAGTGYNEQF,2
TRBV20-1,TRBJ2-1,SASVAGTPDNEQF,1
TRBV20-1,TRBJ2-1,SASVAGTSGRYNEQF,1
TRBV20-1,TRBJ2-1,SASVAGTSGSYNEQF,4
TRBV20-1,TRBJ2-1,SASVAGTSNEQF,1
TRBV20-1,TRBJ2-1,SASVAGTSPDEQF,1
TRBV20-1,TRBJ2-1,SASVAGTSTPNEQF,1
TRBV20-1,TRBJ2-1,SASVAGTTSSYNEQF,2
TRBV20-1,TRBJ2-1,SASVAGTYNEQF,11
TRBV20-1,TRBJ2-1,SASVAGVAYEQF,1
TRBV20-1,TRBJ2-1,SASVAGVDNEQF,2
TRBV20-1,TRBJ2-1,SASVAGVEQF,1
TRBV20-1,TRBJ2-1,SASVAGVFHEQF,1
TRBV20-1,TRBJ2-1,SASVAGVGGRNEQF,1
TRBV20-1,TRBJ2-1,SASVAGVGNEQF,1
TRBV20-1,TRBJ2-1,SASVAGVGNNAQF,1
TRBV20-1,TRBJ2-1,SASVAGVGNNEQF,3
TRBV20-1,TRBJ2-1,SASVAGVHNEQF,1
TRBV20-1,TRBJ2-1,SASVAGVIYNEQF,1
TRBV20-1,TRBJ2-1,SASVAGVKPYNEQF,1
TRBV20-1,TRBJ2-1,SASVAGVLGNEQF,1
TRBV20-1,TRBJ2-1,SASVAGVLHNEQF,6
TRBV20-1,TRBJ2-1,SASVAGVLYNEQF,1
TRBV20-1,TRBJ2-1,SASVAGVNEQF,3
TRBV20-1,TRBJ2-1,SASVAGVNPNEQF,1
TRBV20-1,TRBJ2-1,SASVAGVPSYNEQF,1
TRBV20-1,TRBJ2-1,SASVAGVRNEQF,1
TRBV20-1,TRBJ2-1,SASVAGVRNNEQF,1
TRBV20-1,TRBJ2-1,SASVAGVSNEQF,1
TRBV20-1,TRBJ2-1,SASVAGVSYNEQF,1
TRBV20-1,TRBJ2-1,SASVAGVTNEQF,1
TRBV20-1,TRBJ2-1,SASVAGVTYEQF,1
TRBV20-1,TRBJ2-1,SASVAGVVFNNEQF,1
TRBV20-1,TRBJ2-1,SASVAGVYNEQF,6
TRBV20-1,TRBJ2-1,SASVAGWGSYNEQF,1
TRBV20-1,TRBJ2-1,SASVAGWPYNEQF,3
TRBV20-1,TRBJ2-1,SASVAGWYNEQF,1
TRBV20-1,TRBJ2-1,SASVAGYNEQF,3
TRBV20-1,TRBJ2-1,SASVAGYYNEQF,1
TRBV20-1,TRBJ2-1,SASVAHSSYNEQF,1
TRBV20-1,TRBJ2-1,SASVAHTSGNEQF,1
TRBV20-1,TRBJ2-1,SASVAIDEQF,1
TRBV20-1,TRBJ2-1,SASVAIGNEQF,1
TRBV20-1,TRBJ2-1,SASVAIGSGEQF,1
TRBV20-1,TRBJ2-1,SASVAISYNEQF,1
TRBV20-1,TRBJ2-1,SASVAKGRYNEQF,1
TRBV20-1,TRBJ2-1,SASVAKKSHEQF,1
TRBV20-1,TRBJ2-1,SASVAKLNEQF,1
TRBV20-1,TRBJ2-1,SASVAKNNEQF,5
TRBV20-1,TRBJ2-1,SASVALADYNEQF,1
TRBV20-1,TRBJ2-1,SASVALAGFLSYSEPF,1
TRBV20-1,TRBJ2-1,SASVALAGGLSNEQF,1
TRBV20-1,TRBJ2-1,SASVALAGGRNEQF,1
TRBV20-1,TRBJ2-1,SASVALAHNEQF,1
TRBV20-1,TRBJ2-1,SASVALARNEQF,1
TRBV20-1,TRBJ2-1,SASVALARSYNEQF,1
TRBV20-1,TRBJ2-1,SASVALGNEQF,1
TRBV20-1,TRBJ2-1,SASVALGPSNEQF,1
TRBV20-1,TRBJ2-1,SASVALHYNEQF,1
TRBV20-1,TRBJ2-1,SASVALIYNEQF,1
TRBV20-1,TRBJ2-1,SASVALSSYNEQF,3
TRBV20-1,TRBJ2-1,SASVALSYNEQF,4
TRBV20-1,TRBJ2-1,SASVALVSGGPQSSYNEQF,1
TRBV20-1,TRBJ2-1,SASVALYNEQF,2
TRBV20-1,TRBJ2-1,SASVAMAAYNEQF,1
TRBV20-1,TRBJ2-1,SASVAMFYNEQF,1
TRBV20-1,TRBJ2-1,SASVAMYNEQF,1
TRBV20-1,TRBJ2-1,SASVANDEQF,1
TRBV20-1,TRBJ2-1,SASVANEQF,3
TRBV20-1,TRBJ2-1,SASVANLRNEQF,1
TRBV20-1,TRBJ2-1,SASVANNEQF,1
TRBV20-1,TRBJ2-1,SASVANSYNEQF,3
TRBV20-1,TRBJ2-1,SASVANTYNEQF,1
TRBV20-1,TRBJ2-1,SASVAPAYNEQF,2
TRBV20-1,TRBJ2-1,SASVAPGGTNAQF,1
TRBV20-1,TRBJ2-1,SASVAPGSYNEQF,1
TRBV20-1,TRBJ2-1,SASVAPLTNEQF,1
TRBV20-1,TRBJ2-1,SASVAPNEQF,1
TRBV20-1,TRBJ2-1,SASVAPSGRDHEQF,1
TRBV20-1,TRBJ2-1,SASVAPSGTSGSYNEQF,1
TRBV20-1,TRBJ2-1,SASVAQGVNEQF,1
TRBV20-1,TRBJ2-1,SASVAQRYNEQF,1
TRBV20-1,TRBJ2-1,SASVARDEQF,8
TRBV20-1,TRBJ2-1,SASVARDPYNEQF,1
TRBV20-1,TRBJ2-1,SASVAREAYYNEQF,1
TRBV20-1,TRBJ2-1,SASVARFYNEQF,1
TRBV20-1,TRBJ2-1,SASVARGGSYNEQF,1
TRBV20-1,TRBJ2-1,SASVARGREEQF,2
TRBV20-1,TRBJ2-1,SASVARGSGEQF,2
TRBV20-1,TRBJ2-1,SASVARGYNEQF,1
TRBV20-1,TRBJ2-1,SASVARIYNEQF,1
TRBV20-1,TRBJ2-1,SASVARLAGGNEQF,4
TRBV20-1,TRBJ2-1,SASVARNEQF,1
TRBV20-1,TRBJ2-1,SASVARRGLDEQF,5
TRBV20-1,TRBJ2-1,SASVARSYNEQF,2
TRBV20-1,TRBJ2-1,SASVARTPLGEQF,1
TRBV20-1,TRBJ2-1,SASVARVLYNEQF,1
TRBV20-1,TRBJ2-1,SASVARVYNEQF,1
TRBV20-1,TRBJ2-1,SASVARYNEQF,1
TRBV20-1,TRBJ2-1,SASVASARDEQF,3
TRBV20-1,TRBJ2-1,SASVASAYNEQF,1
TRBV20-1,TRBJ2-1,SASVASDNEQF,9
TRBV20-1,TRBJ2-1,SASVASEYDEQF,1
TRBV20-1,TRBJ2-1,SASVASFSYNEQF,7
TRBV20-1,TRBJ2-1,SASVASGAQGNEQF,1
TRBV20-1,TRBJ2-1,SASVASGAYNEQF,2
TRBV20-1,TRBJ2-1,SASVASGDNEQF,2
TRBV20-1,TRBJ2-1,SASVASGDSYNEQF,3
TRBV20-1,TRBJ2-1,SASVASGGAYNEQF,1
TRBV20-1,TRBJ2-1,SASVASGGDEQF,1
TRBV20-1,TRBJ2-1,SASVASGGGEQF,7
TRBV20-1,TRBJ2-1,SASVASGGNNEQF,1
TRBV20-1,TRBJ2-1,SASVASGGYEQF,9
TRBV20-1,TRBJ2-1,SASVASGGYSYNEQF,1
TRBV20-1,TRBJ2-1,SASVASGHSYNEQF,1
TRBV20-1,TRBJ2-1,SASVASGIGEQF,5
TRBV20-1,TRBJ2-1,SASVASGKNEQF,1
TRBV20-1,TRBJ2-1,SASVASGKNYNEQF,1
TRBV20-1,TRBJ2-1,SASVASGMGDEQF,1
TRBV20-1,TRBJ2-1,SASVASGNGEQF,1
TRBV20-1,TRBJ2-1,SASVASGNNEQF,1
TRBV20-1,TRBJ2-1,SASVASGNYNEQF,1
TRBV20-1,TRBJ2-1,SASVASGQWAGSYNEQF,1
TRBV20-1,TRBJ2-1,SASVASGRADEQF,1
TRBV20-1,TRBJ2-1,SASVASGRARSYNEQF,1
TRBV20-1,TRBJ2-1,SASVASGREPLYNEQF,1
TRBV20-1,TRBJ2-1,SASVASGRGEQF,13
TRBV20-1,TRBJ2-1,SASVASGRGGQF,1
TRBV20-1,TRBJ2-1,SASVASGRGHEQF,1
TRBV20-1,TRBJ2-1,SASVASGRGSYNEQF,1
TRBV20-1,TRBJ2-1,SASVASGRKSYNEQF,1
TRBV20-1,TRBJ2-1,SASVASGRNEQF,1
TRBV20-1,TRBJ2-1,SASVASGRPPGGYNEQF,1
TRBV20-1,TRBJ2-1,SASVASGRRGHNEQF,1
TRBV20-1,TRBJ2-1,SASVASGRSYNEQF,1
TRBV20-1,TRBJ2-1,SASVASGRVYNEQF,1
TRBV20-1,TRBJ2-1,SASVASGSAEQF,1
TRBV20-1,TRBJ2-1,SASVASGSCEQF,4
TRBV20-1,TRBJ2-1,SASVASGSDEQF,3
TRBV20-1,TRBJ2-1,SASVASGSFYNEQF,5
TRBV20-1,TRBJ2-1,SASVASGSGAQF,4
TRBV20-1,TRBJ2-1,SASVASGSGDQF,3
TRBV20-1,TRBJ2-1,SASVASGSGEHF,2
TRBV20-1,TRBJ2-1,SASVASGSGEKF,3
TRBV20-1,TRBJ2-1,SASVASGSGELF,5
TRBV20-1,TRBJ2-1,SASVASGSGEPF,3
TRBV20-1,TRBJ2-1,SASVASGSGEQC,5
TRBV20-1,TRBJ2-1,SASVASGSGEQF,873
TRBV20-1,TRBJ2-1,SASVASGSGEQL,3
TRBV20-1,TRBJ2-1,SASVASGSGEQY,2
TRBV20-1,TRBJ2-1,SASVASGSGERF,3
TRBV20-1,TRBJ2-1,SASVASGSGGQF,1
TRBV20-1,TRBJ2-1,SASVASGSGKQF,1
TRBV20-1,TRBJ2-1,SASVASGSGQQF,1
TRBV20-1,TRBJ2-1,SASVASGSGVQF,1
TRBV20-1,TRBJ2-1,SASVASGSHNEQF,2
TRBV20-1,TRBJ2-1,SASVASGSIEHF,1
TRBV20-1,TRBJ2-1,SASVASGSLSYNEQF,1
TRBV20-1,TRBJ2-1,SASVASGSNEQF,4
TRBV20-1,TRBJ2-1,SASVASGSQAYNEQF,1
TRBV20-1,TRBJ2-1,SASVASGSQYNEQF,1
TRBV20-1,TRBJ2-1,SASVASGSREQF,1
TRBV20-1,TRBJ2-1,SASVASGSSEHF,1
TRBV20-1,TRBJ2-1,SASVASGSSEQF,1
TRBV20-1,TRBJ2-1,SASVASGSSYNEQF,6
TRBV20-1,TRBJ2-1,SASVASGSVEQF,1
TRBV20-1,TRBJ2-1,SASVASGSYNEQF,5
TRBV20-1,TRBJ2-1,SASVASGTAYNEQF,1
TRBV20-1,TRBJ2-1,SASVASGTGEQF,1
TRBV20-1,TRBJ2-1,SASVASGTSGYNEQF,1
TRBV20-1,TRBJ2-1,SASVASGTYNEQF,1
TRBV20-1,TRBJ2-1,SASVASGYNEQF,5
TRBV20-1,TRBJ2-1,SASVASGYSYNEQF,2
TRBV20-1,TRBJ2-1,SASVASKGNNEQF,1
TRBV20-1,TRBJ2-1,SASVASLNEQF,1
TRBV20-1,TRBJ2-1,SASVASPHHYNEQF,1
TRBV20-1,TRBJ2-1,SASVASPNEQF,1
TRBV20-1,TRBJ2-1,SASVASPYNEQF,4
TRBV20-1,TRBJ2-1,SASVASRGYNEQF,1
TRBV20-1,TRBJ2-1,SASVASRSGEQF,1
TRBV20-1,TRBJ2-1,SASVASRSYNEQF,1
TRBV20-1,TRBJ2-1,SASVASRTRNNEQF,1
TRBV20-1,TRBJ2-1,SASVASRYNEQF,1
TRBV20-1,TRBJ2-1,SASVASSGSISYNEQF,1
TRBV20-1,TRBJ2-1,SASVASSVYNEQF,4
TRBV20-1,TRBJ2-1,SASVASSYNEQF,3
TRBV20-1,TRBJ2-1,SASVASTPYNEQF,1
TRBV20-1,TRBJ2-1,SASVASVSSYNEQF,1
TRBV20-1,TRBJ2-1,SASVASWSGEQF,5
TRBV20-1,TRBJ2-1,SASVASWYNEQF,1
TRBV20-1,TRBJ2-1,SASVASYNEQF,6
TRBV20-1,TRBJ2-1,SASVATDNEQF,1
TRBV20-1,TRBJ2-1,SASVATFSYNEQF,1
TRBV20-1,TRBJ2-1,SASVATISYNEQF,1
TRBV20-1,TRBJ2-1,SASVATLAYNEQF,1
TRBV20-1,TRBJ2-1,SASVATSGMNEQF,1
TRBV20-1,TRBJ2-1,SASVATSSYNEQF,2
TRBV20-1,TRBJ2-1,SASVATSTNEQF,1
TRBV20-1,TRBJ2-1,SASVATSYNEQF,1
TRBV20-1,TRBJ2-1,SASVATYNEQF,3
TRBV20-1,TRBJ2-1,SASVAVEAYNEQF,1
TRBV20-1,TRBJ2-1,SASVAVGTRYNEQF,1
TRBV20-1,TRBJ2-1,SASVAVISYNEQF,1
TRBV20-1,TRBJ2-1,SASVAVNDEQF,1
TRBV20-1,TRBJ2-1,SASVAVPRNEQF,1
TRBV20-1,TRBJ2-1,SASVAVPSYNEQF,2
TRBV20-1,TRBJ2-1,SASVAVPWGNEQF,1
TRBV20-1,TRBJ2-1,SASVAVQNEQF,1
TRBV20-1,TRBJ2-1,SASVAVSSYNEQF,1
TRBV20-1,TRBJ2-1,SASVAVVYNEPF,1
TRBV20-1,TRBJ2-1,SASVAVYNEQF,1
TRBV20-1,TRBJ2-1,SASVAWWVGGYHDQF,1
TRBV20-1,TRBJ2-1,SASVAYLLDEQF,1
TRBV20-1,TRBJ2-1,SASVAYNEQF,21
TRBV20-1,TRBJ2-1,SASVAYTYNEQF,1
TRBV20-1,TRBJ2-1,SASVCGLAGGDEQV,1
TRBV20-1,TRBJ2-1,SASVCTRGTLNEQF,1
TRBV20-1,TRBJ2-1,SASVDAPYNEQF,1
TRBV20-1,TRBJ2-1,SASVDASYNEQF,1
TRBV20-1,TRBJ2-1,SASVDEQF,25
TRBV20-1,TRBJ2-1,SASVDFNEQF,1
TRBV20-1,TRBJ2-1,SASVDFSIAGPPNQPLGDEQF,7
TRBV20-1,TRBJ2-1,SASVDGASGNEQF,1
TRBV20-1,TRBJ2-1,SASVDGDNEQF,2
TRBV20-1,TRBJ2-1,SASVDGGPMSSYNEQF,1
TRBV20-1,TRBJ2-1,SASVDGRGSYNEQF,1
TRBV20-1,TRBJ2-1,SASVDGYNEQF,1
TRBV20-1,TRBJ2-1,SASVDILDEQF,1
TRBV20-1,TRBJ2-1,SASVDINNEQF,1
TRBV20-1,TRBJ2-1,SASVDIQNEQF,2
TRBV20-1,TRBJ2-1,SASVDKHEQF,1
TRBV20-1,TRBJ2-1,SASVDKPGLAVYNEQF,1
TRBV20-1,TRBJ2-1,SASVDLAGGILTYNEQF,1
TRBV20-1,TRBJ2-1,SASVDLFSSYNEQF,1
TRBV20-1,TRBJ2-1,SASVDLGNEQF,1
TRBV20-1,TRBJ2-1,SASVDLYNEQF,1
TRBV20-1,TRBJ2-1,SASVDNEQF,11
TRBV20-1,TRBJ2-1,SASVDNGAENEQF,2
TRBV20-1,TRBJ2-1,SASVDNPIYNDEQF,3
TRBV20-1,TRBJ2-1,SASVDPGRYNEQF,1
TRBV20-1,TRBJ2-1,SASVDPGTSGVMSSYNEQF,6
TRBV20-1,TRBJ2-1,SASVDPSSYNEQF,2
TRBV20-1,TRBJ2-1,SASVDPSYNEQF,3
TRBV20-1,TRBJ2-1,SASVDPYNEQF,2
TRBV20-1,TRBJ2-1,SASVDRAPYNEQF,1
TRBV20-1,TRBJ2-1,SASVDRDNEQF,1
TRBV20-1,TRBJ2-1,SASVDREPYNEQF,1
TRBV20-1,TRBJ2-1,SASVDREWLAGTNEQF,1
TRBV20-1,TRBJ2-1,SASVDRGGYNEQF,1
TRBV20-1,TRBJ2-1,SASVDRGLLYNEQF,1
TRBV20-1,TRBJ2-1,SASVDRGRSYNEQF,1
TRBV20-1,TRBJ2-1,SASVDRGRYEQF,2
TRBV20-1,TRBJ2-1,SASVDRGSYNEQF,1
TRBV20-1,TRBJ2-1,SASVDRLESYNEQF,1
TRBV20-1,TRBJ2-1,SASVDRRGEVYNEQF,1
TRBV20-1,TRBJ2-1,SASVDRVYNEQF,1
TRBV20-1,TRBJ2-1,SASVDRVYYEQF,1
TRBV20-1,TRBJ2-1,SASVDRYNEQF,1
TRBV20-1,TRBJ2-1,SASVDSDYNEQF,2
TRBV20-1,TRBJ2-1,SASVDSGIGNEQF,7
TRBV20-1,TRBJ2-1,SASVDSGNEQF,1
TRBV20-1,TRBJ2-1,SASVDSNNEQF,1
TRBV20-1,TRBJ2-1,SASVDSPTSYNEQF,1
TRBV20-1,TRBJ2-1,SASVDSPYNEQF,1
TRBV20-1,TRBJ2-1,SASVDSRNNEQF,1
TRBV20-1,TRBJ2-1,SASVDSSSYNEQF,1
TRBV20-1,TRBJ2-1,SASVDSSYNEQF,4
TRBV20-1,TRBJ2-1,SASVDSTNYNEQF,1
TRBV20-1,TRBJ2-1,SASVDSTSSYNEQF,1
TRBV20-1,TRBJ2-1,SASVDSVSYNEQF,1
TRBV20-1,TRBJ2-1,SASVDSYNEQF,10
TRBV20-1,TRBJ2-1,SASVDTPNGNEQF,1
TRBV20-1,TRBJ2-1,SASVDTTHNEQF,1
TRBV20-1,TRBJ2-1,SASVDTYNEQF,8
TRBV20-1,TRBJ2-1,SASVDVLKYRNNEQF,1
TRBV20-1,TRBJ2-1,SASVDVYEQF,1
TRBV20-1,TRBJ2-1,SASVDYEQF,1
TRBV20-1,TRBJ2-1,SASVDYGDEQF,1
TRBV20-1,TRBJ2-1,SASVDYGHREYNEQF,1
TRBV20-1,TRBJ2-1,SASVDYLYNEQF,1
TRBV20-1,TRBJ2-1,SASVDYNEQF,7
TRBV20-1,TRBJ2-1,SASVDYPSYNEQF,3
TRBV20-1,TRBJ2-1,SASVDYRLYNEQF,1
TRBV20-1,TRBJ2-1,SASVDYYNEQF,2
TRBV20-1,TRBJ2-1,SASVEAESSYNEQF,8
TRBV20-1,TRBJ2-1,SASVEAGGAYNEQF,1
TRBV20-1,TRBJ2-1,SASVEAGLAAYNEQF,1
TRBV20-1,TRBJ2-1,SASVEAGPSDEQF,1
TRBV20-1,TRBJ2-1,SASVEAREQF,1
TRBV20-1,TRBJ2-1,SASVEASGNTYNEQF,5
TRBV20-1,TRBJ2-1,SASVEASTNEQF,1
TRBV20-1,TRBJ2-1,SASVEAYNEQF,2
TRBV20-1,TRBJ2-1,SASVEDEQF,5
TRBV20-1,TRBJ2-1,SASVEDSYNEQF,1
TRBV20-1,TRBJ2-1,SASVEEIAGLGYNEQF,1
TRBV20-1,TRBJ2-1,SASVEFGNEQF,1
TRBV20-1,TRBJ2-1,SASVEFHEQF,1
TRBV20-1,TRBJ2-1,SASVEFLAGDINEQF,1
TRBV20-1,TRBJ2-1,SASVEGDVHEQF,1
TRBV20-1,TRBJ2-1,SASVEGEYNEQC,1
TRBV20-1,TRBJ2-1,SASVEGEYNEQF,5
TRBV20-1,TRBJ2-1,SASVEGGHNEQF,1
TRBV20-1,TRBJ2-1,SASVEGGPSKNEQF,1
TRBV20-1,TRBJ2-1,SASVEGKFNNEQF,1
TRBV20-1,TRBJ2-1,SASVEGLEQF,1
TRBV20-1,TRBJ2-1,SASVEGLGGNEQF,1
TRBV20-1,TRBJ2-1,SASVEGLYNEQF,1
TRBV20-1,TRBJ2-1,SASVEGREQF,110
TRBV20-1,TRBJ2-1,SASVEGREQY,2
TRBV20-1,TRBJ2-1,SASVEGRERF,2
TRBV20-1,TRBJ2-1,SASVEGRSNEQF,1
TRBV20-1,TRBJ2-1,SASVEGRYNEQF,1
TRBV20-1,TRBJ2-1,SASVEHEQF,11
TRBV20-1,TRBJ2-1,SASVEISYNEQF,1
TRBV20-1,TRBJ2-1,SASVELAGNEQF,1
TRBV20-1,TRBJ2-1,SASVENEQF,6
TRBV20-1,TRBJ2-1,SASVEPRTAYNEQF,2
TRBV20-1,TRBJ2-1,SASVEPVSYNEQF,1
TRBV20-1,TRBJ2-1,SASVEQGVREQF,3
TRBV20-1,TRBJ2-1,SASVEREDEQF,1
TRBV20-1,TRBJ2-1,SASVERGYNEQF,1
TRBV20-1,TRBJ2-1,SASVERHRHEQF,1
TRBV20-1,TRBJ2-1,SASVERRHNEQF,1
TRBV20-1,TRBJ2-1,SASVERTLSYNEQF,1
TRBV20-1,TRBJ2-1,SASVERVVYNEQF,6
TRBV20-1,TRBJ2-1,SASVESAYNEQF,3
TRBV20-1,TRBJ2-1,SASVESEQF,2
TRBV20-1,TRBJ2-1,SASVESIFDEQF,1
TRBV20-1,TRBJ2-1,SASVESIRYNEQF,5
TRBV20-1,TRBJ2-1,SASVESRELSSYNEQF,5
TRBV20-1,TRBJ2-1,SASVESSNEQF,1
TRBV20-1,TRBJ2-1,SASVESSYNEQF,15
TRBV20-1,TRBJ2-1,SASVETGLAGNEQF,1
TRBV20-1,TRBJ2-1,SASVETIKGLAGHNEQF,1
TRBV20-1,TRBJ2-1,SASVETSGSNEQF,2
TRBV20-1,TRBJ2-1,SASVETVAPTNEQF,1
TRBV20-1,TRBJ2-1,SASVEVGSYNEQF,1
TRBV20-1,TRBJ2-1,SASVEVSYNEQF,6
TRBV20-1,TRBJ2-1,SASVEYEQF,2
TRBV20-1,TRBJ2-1,SASVEYNEQF,2
TRBV20-1,TRBJ2-1,SASVFAGGPNEQF,1
TRBV20-1,TRBJ2-1,SASVFDEQF,1
TRBV20-1,TRBJ2-1,SASVFEQF,4
TRBV20-1,TRBJ2-1,SASVFGAGSTPYNEQF,1
TRBV20-1,TRBJ2-1,SASVFGAYSYNEQF,1
TRBV20-1,TRBJ2-1,SASVFGDSWSANEQF,1
TRBV20-1,TRBJ2-1,SASVFGFMGNEQF,4
TRBV20-1,TRBJ2-1,SASVFGGGSNEQF,1
TRBV20-1,TRBJ2-1,SASVFGGRALTYNEQF,1
TRBV20-1,TRBJ2-1,SASVFGGSAYNEQF,1
TRBV20-1,TRBJ2-1,SASVFGGYNEQF,1
TRBV20-1,TRBJ2-1,SASVFGLAGSYNEQF,1
TRBV20-1,TRBJ2-1,SASVFGLAGSYNEQL,1
TRBV20-1,TRBJ2-1,SASVFGLSGSNEQF,1
TRBV20-1,TRBJ2-1,SASVFGNSYNEQF,1
TRBV20-1,TRBJ2-1,SASVFGPAANEQF,1
TRBV20-1,TRBJ2-1,SASVFGRGDEQF,3
TRBV20-1,TRBJ2-1,SASVFGRGGTSGGNEQF,4
TRBV20-1,TRBJ2-1,SASVFGSSNYNEQF,1
TRBV20-1,TRBJ2-1,SASVFGTARRYNEQF,1
TRBV20-1,TRBJ2-1,SASVFGTGLVNEQF,1
TRBV20-1,TRBJ2-1,SASVFGTSRPNNEQF,4
TRBV20-1,TRBJ2-1,SASVFGTSYNEQF,2
TRBV20-1,TRBJ2-1,SASVFGTYNEQF,1
TRBV20-1,TRBJ2-1,SASVFGVYNEQF,1
TRBV20-1,TRBJ2-1,SASVFHEQF,1
TRBV20-1,TRBJ2-1,SASVFLLNEQF,1
TRBV20-1,TRBJ2-1,SASVFLNNEQF,1
TRBV20-1,TRBJ2-1,SASVFNEQF,5
TRBV20-1,TRBJ2-1,SASVFPLRSYNEQF,1
TRBV20-1,TRBJ2-1,SASVFPNEQF,3
TRBV20-1,TRBJ2-1,SASVFQGRTYNEQF,1
TRBV20-1,TRBJ2-1,SASVFREGMYNEQF,1
TRBV20-1,TRBJ2-1,SASVFRGWEYNEQF,5
TRBV20-1,TRBJ2-1,SASVFRLGGSNEQF,1
TRBV20-1,TRBJ2-1,SASVFRPPREQF,1
TRBV20-1,TRBJ2-1,SASVFRRGLAGNEQF,1
TRBV20-1,TRBJ2-1,SASVFRSPREQF,3
TRBV20-1,TRBJ2-1,SASVFRVERDEQF,1
TRBV20-1,TRBJ2-1,SASVFRVPVNEQF,1
TRBV20-1,TRBJ2-1,SASVFSGNEQF,1
TRBV20-1,TRBJ2-1,SASVFSGPYNEQF,1
TRBV20-1,TRBJ2-1,SASVFSGSGEQF,1
TRBV20-1,TRBJ2-1,SASVFSGSHNEQF,1
TRBV20-1,TRBJ2-1,SASVFSGSRYEQF,1
TRBV20-1,TRBJ2-1,SASVFSGTLYNEQF,1
TRBV20-1,TRBJ2-1,SASVFSRVDSNEQF,1
TRBV20-1,TRBJ2-1,SASVFSSAYNEQF,1
TRBV20-1,TRBJ2-1,SASVFSSYNEQF,1
TRBV20-1,TRBJ2-1,SASVFSYNEQF,1
TRBV20-1,TRBJ2-1,SASVFTKLNNEQF,1
TRBV20-1,TRBJ2-1,SASVFTRSYNEQF,1
TRBV20-1,TRBJ2-1,SASVFWASGRALSYNEQF,1
TRBV20-1,TRBJ2-1,SASVFWGTDCNEQF,1
TRBV20-1,TRBJ2-1,SASVFWTGSSYNEQF,1
TRBV20-1,TRBJ2-1,SASVFYAGGAANEQF,1
TRBV20-1,TRBJ2-1,SASVGAAQF,1
TRBV20-1,TRBJ2-1,SASVGAAYNEQF,1
TRBV20-1,TRBJ2-1,SASVGADNEQF,1
TRBV20-1,TRBJ2-1,SASVGAEQF,12
TRBV20-1,TRBJ2-1,SASVGAGGHEQF,1
TRBV20-1,TRBJ2-1,SASVGAGGLDEQF,1
TRBV20-1,TRBJ2-1,SASVGAGGNEQF,3
TRBV20-1,TRBJ2-1,SASVGAGGPLYNEQF,1
TRBV20-1,TRBJ2-1,SASVGAGGPNNEQF,6
TRBV20-1,TRBJ2-1,SASVGAGGRNNEQF,1
TRBV20-1,TRBJ2-1,SASVGAGGSYNEQF,1
TRBV20-1,TRBJ2-1,SASVGAGSASNEQF,1
TRBV20-1,TRBJ2-1,SASVGAGSSREQF,1
TRBV20-1,TRBJ2-1,SASVGAGSYNEQF,1
TRBV20-1,TRBJ2-1,SASVGAGTLSSYNEQF,1
TRBV20-1,TRBJ2-1,SASVGAGWHEQF,1
TRBV20-1,TRBJ2-1,SASVGALAGRDYNEQF,1
TRBV20-1,TRBJ2-1,SASVGALNEQF,1
TRBV20-1,TRBJ2-1,SASVGALSGRRNEQF,1
TRBV20-1,TRBJ2-1,SASVGANEQF,7
TRBV20-1,TRBJ2-1,SASVGAPYNEQF,3
TRBV20-1,TRBJ2-1,SASVGARANEQF,1
TRBV20-1,TRBJ2-1,SASVGARDEQF,1
TRBV20-1,TRBJ2-1,SASVGARLAGVAYNEQF,1
TRBV20-1,TRBJ2-1,SASVGARRSYYNEQF,1
TRBV20-1,TRBJ2-1,SASVGARTRWYNEQF,1
TRBV20-1,TRBJ2-1,SASVGASGNNEQF,1
TRBV20-1,TRBJ2-1,SASVGASGSHEQF,1
TRBV20-1,TRBJ2-1,SASVGASYNEQF,4
TRBV20-1,TRBJ2-1,SASVGATLKDYNEQF,1
TRBV20-1,TRBJ2-1,SASVGAVPYNEQF,1
TRBV20-1,TRBJ2-1,SASVGAVWDEQF,1
TRBV20-1,TRBJ2-1,SASVGAYNEQF,3
TRBV20-1,TRBJ2-1,SASVGDDEQF,1
TRBV20-1,TRBJ2-1,SASVGDDNEQF,1
TRBV20-1,TRBJ2-1,SASVGDEQF,14
TRBV20-1,TRBJ2-1,SASVGDLRGPYNEQF,1
TRBV20-1,TRBJ2-1,SASVGDLYNEQF,6
TRBV20-1,TRBJ2-1,SASVGDNEQF,3
TRBV20-1,TRBJ2-1,SASVGDPLGNEQF,1
TRBV20-1,TRBJ2-1,SASVGDRERLAGYNEQF,1
TRBV20-1,TRBJ2-1,SASVGDRFHNEQF,1
TRBV20-1,TRBJ2-1,SASVGDSGDNFSYNEQF,1
TRBV20-1,TRBJ2-1,SASVGDSYNEQF,1
TRBV20-1,TRBJ2-1,SASVGDYNEQF,3
TRBV20-1,TRBJ2-1,SASVGEAYNEQF,1
TRBV20-1,TRBJ2-1,SASVGEDEQF,2
TRBV20-1,TRBJ2-1,SASVGEEYNEQF,2
TRBV20-1,TRBJ2-1,SASVGEGPLGNEQF,1
TRBV20-1,TRBJ2-1,SASVGEGVNEQF,1
TRBV20-1,TRBJ2-1,SASVGEHEQF,1
TRBV20-1,TRBJ2-1,SASVGELSNEQF,1
TRBV20-1,TRBJ2-1,SASVGELYNEQF,1
TRBV20-1,TRBJ2-1,SASVGEQF,1
TRBV20-1,TRBJ2-1,SASVGEREQF,2
TRBV20-1,TRBJ2-1,SASVGERGFDEQF,3
TRBV20-1,TRBJ2-1,SASVGESSYNEQF,1
TRBV20-1,TRBJ2-1,SASVGETYNEQF,1
TRBV20-1,TRBJ2-1,SASVGFADYNEQF,2
TRBV20-1,TRBJ2-1,SASVGFDNEQF,1
TRBV20-1,TRBJ2-1,SASVGFGFYNEQF,1
TRBV20-1,TRBJ2-1,SASVGFHNEQF,1
TRBV20-1,TRBJ2-1,SASVGFNEQF,1
TRBV20-1,TRBJ2-1,SASVGFPYNEQF,1
TRBV20-1,TRBJ2-1,SASVGFSEQF,21
TRBV20-1,TRBJ2-1,SASVGFSSGSNNEQF,2
TRBV20-1,TRBJ2-1,SASVGFYNEQF,3
TRBV20-1,TRBJ2-1,SASVGGAGNEQF,1
TRBV20-1,TRBJ2-1,SASVGGALVEQF,2
TRBV20-1,TRBJ2-1,SASVGGARSYNEQF,1
TRBV20-1,TRBJ2-1,SASVGGASNEQF,1
TRBV20-1,TRBJ2-1,SASVGGASNNEQF,1
TRBV20-1,TRBJ2-1,SASVGGASYNEQF,1
TRBV20-1,TRBJ2-1,SASVGGAWNEQF,1
TRBV20-1,TRBJ2-1,SASVGGDEQF,3
TRBV20-1,TRBJ2-1,SASVGGDPYNEQF,2
TRBV20-1,TRBJ2-1,SASVGGDYNEQF,3
TRBV20-1,TRBJ2-1,SASVGGEIPEQF,2
TRBV20-1,TRBJ2-1,SASVGGEL,1
TRBV20-1,TRBJ2-1,SASVGGELGRRDISGNEQF,1
TRBV20-1,TRBJ2-1,SASVGGEQF,2
TRBV20-1,TRBJ2-1,SASVGGFNEQF,3
TRBV20-1,TRBJ2-1,SASVGGFYNEQF,1
TRBV20-1,TRBJ2-1,SASVGGGAYNEQF,1
TRBV20-1,TRBJ2-1,SASVGGGFAYNEQF,1
TRBV20-1,TRBJ2-1,SASVGGGGYNEQF,9
TRBV20-1,TRBJ2-1,SASVGGGIYNEQF,1
TRBV20-1,TRBJ2-1,SASVGGGKNEQF,1
TRBV20-1,TRBJ2-1,SASVGGGLPNEQF,1
TRBV20-1,TRBJ2-1,SASVGGGLYNEQF,1
TRBV20-1,TRBJ2-1,SASVGGGMYNEQF,1
TRBV20-1,TRBJ2-1,SASVGGGPNEQF,1
TRBV20-1,TRBJ2-1,SASVGGGPSYNEQF,1
TRBV20-1,TRBJ2-1,SASVGGGPYNEQF,1
TRBV20-1,TRBJ2-1,SASVGGGSYNEQF,3
TRBV20-1,TRBJ2-1,SASVGGGTYNEQF,1
TRBV20-1,TRBJ2-1,SASVGGGYNEQF,3
TRBV20-1,TRBJ2-1,SASVGGHEQF,1
TRBV20-1,TRBJ2-1,SASVGGINEQF,1
TRBV20-1,TRBJ2-1,SASVGGISYNEQF,1
TRBV20-1,TRBJ2-1,SASVGGKHEQF,1
TRBV20-1,TRBJ2-1,SASVGGLADNEQF,1
TRBV20-1,TRBJ2-1,SASVGGLAGDNEQF,1
TRBV20-1,TRBJ2-1,SASVGGLDEQF,1
TRBV20-1,TRBJ2-1,SASVGGLGGNEQF,8
TRBV20-1,TRBJ2-1,SASVGGLGNEQF,1
TRBV20-1,TRBJ2-1,SASVGGLGVTNNEQF,1
TRBV20-1,TRBJ2-1,SASVGGLPYNEQF,1
TRBV20-1,TRBJ2-1,SASVGGLYNEQF,38
TRBV20-1,TRBJ2-1,SASVGGLYNEQS,1
TRBV20-1,TRBJ2-1,SASVGGLYNKQF,1
TRBV20-1,TRBJ2-1,SASVGGNEQF,13
TRBV20-1,TRBJ2-1,SASVGGNNEQF,1
TRBV20-1,TRBJ2-1,SASVGGPDEQF,1
TRBV20-1,TRBJ2-1,SASVGGPGNEQF,2
TRBV20-1,TRBJ2-1,SASVGGPHNEQF,1
TRBV20-1,TRBJ2-1,SASVGGPLDEQF,1
TRBV20-1,TRBJ2-1,SASVGGPLNEQF,2
TRBV20-1,TRBJ2-1,SASVGGPSYNEQF,1
TRBV20-1,TRBJ2-1,SASVGGPTFENEQF,1
TRBV20-1,TRBJ2-1,SASVGGPVNEQF,1
TRBV20-1,TRBJ2-1,SASVGGPVNNEQF,1
TRBV20-1,TRBJ2-1,SASVGGPVYNEQF,1
TRBV20-1,TRBJ2-1,SASVGGPYEQF,1
TRBV20-1,TRBJ2-1,SASVGGPYNEQF,5
TRBV20-1,TRBJ2-1,SASVGGQHNEQF,1
TRBV20-1,TRBJ2-1,SASVGGRALNNEQF,1
TRBV20-1,TRBJ2-1,SASVGGRASNEQF,2
TRBV20-1,TRBJ2-1,SASVGGRAVVNEQF,1
TRBV20-1,TRBJ2-1,SASVGGRAYNEQF,1
TRBV20-1,TRBJ2-1,SASVGGRDPYNEQF,1
TRBV20-1,TRBJ2-1,SASVGGRDWSNEQF,3
TRBV20-1,TRBJ2-1,SASVGGRGEQF,4
TRBV20-1,TRBJ2-1,SASVGGRGGRTYNEQF,1
TRBV20-1,TRBJ2-1,SASVGGRGNEQF,2
TRBV20-1,TRBJ2-1,SASVGGRHSDNEQF,1
TRBV20-1,TRBJ2-1,SASVGGRLYNEQF,1
TRBV20-1,TRBJ2-1,SASVGGRNMNNEQF,1
TRBV20-1,TRBJ2-1,SASVGGRNYNEQF,1
TRBV20-1,TRBJ2-1,SASVGGRPYNEQF,1
TRBV20-1,TRBJ2-1,SASVGGRQGNEQF,1
TRBV20-1,TRBJ2-1,SASVGGRRFDEQF,1
TRBV20-1,TRBJ2-1,SASVGGRTHNEQF,1
TRBV20-1,TRBJ2-1,SASVGGRTSFNEQF,2
TRBV20-1,TRBJ2-1,SASVGGRTYNEQF,4
TRBV20-1,TRBJ2-1,SASVGGRYNEQF,1
TRBV20-1,TRBJ2-1,SASVGGSFNEQF,1
TRBV20-1,TRBJ2-1,SASVGGSGNEQF,1
TRBV20-1,TRBJ2-1,SASVGGSHYNEQF,1
TRBV20-1,TRBJ2-1,SASVGGSLNEQF,1
TRBV20-1,TRBJ2-1,SASVGGSRSYNEQF,1
TRBV20-1,TRBJ2-1,SASVGGSSYNEQF,5
TRBV20-1,TRBJ2-1,SASVGGSVNEQF,1
TRBV20-1,TRBJ2-1,SASVGGSYDEQF,1
TRBV20-1,TRBJ2-1,SASVGGSYNEQF,21
TRBV20-1,TRBJ2-1,SASVGGTAAYNEQF,1
TRBV20-1,TRBJ2-1,SASVGGTEQF,2
TRBV20-1,TRBJ2-1,SASVGGTPIVHEQF,1
TRBV20-1,TRBJ2-1,SASVGGTSAFNEQF,2
TRBV20-1,TRBJ2-1,SASVGGTSDYNEQF,1
TRBV20-1,TRBJ2-1,SASVGGTSGHNEQF,2
TRBV20-1,TRBJ2-1,SASVGGTSRNEQF,1
TRBV20-1,TRBJ2-1,SASVGGTSYNEQF,1
TRBV20-1,TRBJ2-1,SASVGGTYNEQF,3
TRBV20-1,TRBJ2-1,SASVGGVEQF,1
TRBV20-1,TRBJ2-1,SASVGGVLNEQF,1
TRBV20-1,TRBJ2-1,SASVGGVVHEQF,1
TRBV20-1,TRBJ2-1,SASVGGVYNEQF,1
TRBV20-1,TRBJ2-1,SASVGGWSNEQF,1
TRBV20-1,TRBJ2-1,SASVGGYNEQF,6
TRBV20-1,TRBJ2-1,SASVGHAEYNEQF,1
TRBV20-1,TRBJ2-1,SASVGHDEQF,1
TRBV20-1,TRBJ2-1,SASVGHEQF,2
TRBV20-1,TRBJ2-1,SASVGHKDINYYNEQF,1
TRBV20-1,TRBJ2-1,SASVGHNEQF,2
TRBV20-1,TRBJ2-1,SASVGHPSENEQF,8
TRBV20-1,TRBJ2-1,SASVGHSYNEQF,1
TRBV20-1,TRBJ2-1,SASVGHTYNEQF,1
TRBV20-1,TRBJ2-1,SASVGILAGGNEQF,1
TRBV20-1,TRBJ2-1,SASVGILYNEQF,1
TRBV20-1,TRBJ2-1,SASVGIQRNEQF,1
TRBV20-1,TRBJ2-1,SASVGISNEQF,1
TRBV20-1,TRBJ2-1,SASVGISSYNEQF,1
TRBV20-1,TRBJ2-1,SASVGISYNEQF,1
TRBV20-1,TRBJ2-1,SASVGKDEQF,1
TRBV20-1,TRBJ2-1,SASVGKGSGNEQF,1
TRBV20-1,TRBJ2-1,SASVGKLSSYNEQF,5
TRBV20-1,TRBJ2-1,SASVGKPYNEQF,1
TRBV20-1,TRBJ2-1,SASVGKWREGRYNEQF,1
TRBV20-1,TRBJ2-1,SASVGLACNYKEKF,1
TRBV20-1,TRBJ2-1,SASVGLADEQF,1
TRBV20-1,TRBJ2-1,SASVGLADNEQF,1
TRBV20-1,TRBJ2-1,SASVGLADNNEQF,1
TRBV20-1,TRBJ2-1,SASVGLADYNEQF,10
TRBV20-1,TRBJ2-1,SASVGLAFDYNEQF,1
TRBV20-1,TRBJ2-1,SASVGLAFNEQF,1
TRBV20-1,TRBJ2-1,SASVGLAFNNNEQF,1
TRBV20-1,TRBJ2-1,SASVGLAFNYKEQF,2
TRBV20-1,TRBJ2-1,SASVGLAFNYNAQF,1
TRBV20-1,TRBJ2-1,SASVGLAFNYNEKF,1
TRBV20-1,TRBJ2-1,SASVGLAFNYNEQF,70
TRBV20-1,TRBJ2-1,SASVGLAFNYNGQF,1
TRBV20-1,TRBJ2-1,SASVGLAFNYNQQF,1
TRBV20-1,TRBJ2-1,SASVGLAFNYNWQF,1
TRBV20-1,TRBJ2-1,SASVGLAFNYSEQF,1
TRBV20-1,TRBJ2-1,SASVGLAFNYTEQF,1
TRBV20-1,TRBJ2-1,SASVGLAFPNEQF,2
TRBV20-1,TRBJ2-1,SASVGLAFSYNEQF,2
TRBV20-1,TRBJ2-1,SASVGLAGANEQF,1
TRBV20-1,TRBJ2-1,SASVGLAGASYNEQF,1
TRBV20-1,TRBJ2-1,SASVGLAGAYNEQF,1
TRBV20-1,TRBJ2-1,SASVGLAGDEQF,15
TRBV20-1,TRBJ2-1,SASVGLAGEAYNEQF,1
TRBV20-1,TRBJ2-1,SASVGLAGERNEQF,1
TRBV20-1,TRBJ2-1,SASVGLAGGDEQF,1
TRBV20-1,TRBJ2-1,SASVGLAGGNSNYNEQF,2
TRBV20-1,TRBJ2-1,SASVGLAGGPGF,1
TRBV20-1,TRBJ2-1,SASVGLAGGPRF,13
TRBV20-1,TRBJ2-1,SASVGLAGGPYNEQF,1
TRBV20-1,TRBJ2-1,SASVGLAGGTSYNEQF,1
TRBV20-1,TRBJ2-1,SASVGLAGGTYNEQF,1
TRBV20-1,TRBJ2-1,SASVGLAGGYDEQF,2
TRBV20-1,TRBJ2-1,SASVGLAGLYNEQF,1
TRBV20-1,TRBJ2-1,SASVGLAGNEQF,6
TRBV20-1,TRBJ2-1,SASVGLAGPYYNEQF,1
TRBV20-1,TRBJ2-1,SASVGLAGRDEQF,1
TRBV20-1,TRBJ2-1,SASVGLAGRSYNEQF,1
TRBV20-1,TRBJ2-1,SASVGLAGTLSYNEQF,1
TRBV20-1,TRBJ2-1,SASVGLAGWGSYNEQF,1
TRBV20-1,TRBJ2-1,SASVGLAGWYNEQF,1
TRBV20-1,TRBJ2-1,SASVGLAGYNEQF,1
TRBV20-1,TRBJ2-1,SASVGLAHNEQF,1
TRBV20-1,TRBJ2-1,SASVGLAINEQF,1
TRBV20-1,TRBJ2-1,SASVGLAIRNEQF,1
TRBV20-1,TRBJ2-1,SASVGLAIRYNEQF,1
TRBV20-1,TRBJ2-1,SASVGLALSSYNEQF,1
TRBV20-1,TRBJ2-1,SASVGLALYNEQF,1
TRBV20-1,TRBJ2-1,SASVGLANQYNAQF,1
TRBV20-1,TRBJ2-1,SASVGLANQYNEQF,3
TRBV20-1,TRBJ2-1,SASVGLANYNEQF,1
TRBV20-1,TRBJ2-1,SASVGLAPLNEQF,1
TRBV20-1,TRBJ2-1,SASVGLASEQF,5
TRBV20-1,TRBJ2-1,SASVGLASFGNEQF,1
TRBV20-1,TRBJ2-1,SASVGLASQYKEQF,1
TRBV20-1,TRBJ2-1,SASVGLASSNEQF,2
TRBV20-1,TRBJ2-1,SASVGLASSYNDQF,1
TRBV20-1,TRBJ2-1,SASVGLASSYNEQF,2
TRBV20-1,TRBJ2-1,SASVGLASYNEQF,1
TRBV20-1,TRBJ2-1,SASVGLATSNEQF,3
TRBV20-1,TRBJ2-1,SASVGLAVYNEQF,2
TRBV20-1,TRBJ2-1,SASVGLAWGYDEQF,1
TRBV20-1,TRBJ2-1,SASVGLAWNEQF,1
TRBV20-1,TRBJ2-1,SASVGLAYHDNEQF,1
TRBV20-1,TRBJ2-1,SASVGLAYNEQF,6
TRBV20-1,TRBJ2-1,SASVGLDDNEQF,1
TRBV20-1,TRBJ2-1,SASVGLDEDEQF,1
TRBV20-1,TRBJ2-1,SASVGLDEQF,1
TRBV20-1,TRBJ2-1,SASVGLDNEQF,1
TRBV20-1,TRBJ2-1,SASVGLDYNEQF,1
TRBV20-1,TRBJ2-1,SASVGLEINEQF,1
TRBV20-1,TRBJ2-1,SASVGLERNEQF,1
TRBV20-1,TRBJ2-1,SASVGLFYNEQF,1
TRBV20-1,TRBJ2-1,SASVGLGFLNEQF,1
TRBV20-1,TRBJ2-1,SASVGLGLGNEQF,1
TRBV20-1,TRBJ2-1,SASVGLGNEQF,2
TRBV20-1,TRBJ2-1,SASVGLGVYEQF,1
TRBV20-1,TRBJ2-1,SASVGLISYNEQF,1
TRBV20-1,TRBJ2-1,SASVGLIYNEQF,2
TRBV20-1,TRBJ2-1,SASVGLKYLNEQF,1
TRBV20-1,TRBJ2-1,SASVGLLNEQF,1
TRBV20-1,TRBJ2-1,SASVGLMAGADHNEQF,1
TRBV20-1,TRBJ2-1,SASVGLNEQF,8
TRBV20-1,TRBJ2-1,SASVGLPYNEQF,1
TRBV20-1,TRBJ2-1,SASVGLRDNEQF,1
TRBV20-1,TRBJ2-1,SASVGLRRYEQF,1
TRBV20-1,TRBJ2-1,SASVGLRVVFYNEQF,2
TRBV20-1,TRBJ2-1,SASVGLSSYNEQF,1
TRBV20-1,TRBJ2-1,SASVGLVFNYNEQF,8
TRBV20-1,TRBJ2-1,SASVGLVFNYNGQF,1
TRBV20-1,TRBJ2-1,SASVGLVSSYNEQF,1
TRBV20-1,TRBJ2-1,SASVGLVSYNEQF,1
TRBV20-1,TRBJ2-1,SASVGLVYNEQF,1
TRBV20-1,TRBJ2-1,SASVGLYNEQF,3
TRBV20-1,TRBJ2-1,SASVGMFNEQF,1
TRBV20-1,TRBJ2-1,SASVGMWQNNEQF,1
TRBV20-1,TRBJ2-1,SASVGNEQF,19
TRBV20-1,TRBJ2-1,SASVGNGPYNEQF,1
TRBV20-1,TRBJ2-1,SASVGNNNEQF,1
TRBV20-1,TRBJ2-1,SASVGNPNEQF,1
TRBV20-1,TRBJ2-1,SASVGNPSYNEQF,1
TRBV20-1,TRBJ2-1,SASVGNSYNEQF,3
TRBV20-1,TRBJ2-1,SASVGNTNEQF,1
TRBV20-1,TRBJ2-1,SASVGNTYNEQF,1
TRBV20-1,TRBJ2-1,SASVGNYNEQF,2
TRBV20-1,TRBJ2-1,SASVGPAHNEQF,1
TRBV20-1,TRBJ2-1,SASVGPDSYNEQF,1
TRBV20-1,TRBJ2-1,SASVGPEQF,4
TRBV20-1,TRBJ2-1,SASVGPEYNEQF,1
TRBV20-1,TRBJ2-1,SASVGPFLTGNEQF,1
TRBV20-1,TRBJ2-1,SASVGPGDNEQF,1
TRBV20-1,TRBJ2-1,SASVGPGNEQF,1
TRBV20-1,TRBJ2-1,SASVGPLNEQF,1
TRBV20-1,TRBJ2-1,SASVGPNDEQF,1
TRBV20-1,TRBJ2-1,SASVGPNEQF,2
TRBV20-1,TRBJ2-1,SASVGPPRLSNEQF,1
TRBV20-1,TRBJ2-1,SASVGPQANEQF,1
TRBV20-1,TRBJ2-1,SASVGPQYNEQF,1
TRBV20-1,TRBJ2-1,SASVGPRDEQF,1
TRBV20-1,TRBJ2-1,SASVGPSGTGTYNEQF,1
TRBV20-1,TRBJ2-1,SASVGPSPNNEQF,1
TRBV20-1,TRBJ2-1,SASVGPSSYNEQF,1
TRBV20-1,TRBJ2-1,SASVGPSTNNEQF,5
TRBV20-1,TRBJ2-1,SASVGPSYNAQF,1
TRBV20-1,TRBJ2-1,SASVGPSYNEQF,8
TRBV20-1,TRBJ2-1,SASVGPTHNEQF,1
TRBV20-1,TRBJ2-1,SASVGPTYNEQF,1
TRBV20-1,TRBJ2-1,SASVGPYNEQF,2
TRBV20-1,TRBJ2-1,SASVGQATNEQF,1
TRBV20-1,TRBJ2-1,SASVGQETYNEQF,1
TRBV20-1,TRBJ2-1,SASVGQGAYNEQF,3
TRBV20-1,TRBJ2-1,SASVGQGFYEQF,1
TRBV20-1,TRBJ2-1,SASVGQGGGSFFNEQF,1
TRBV20-1,TRBJ2-1,SASVGQGIVDEQF,1
TRBV20-1,TRBJ2-1,SASVGQGKRQF,1
TRBV20-1,TRBJ2-1,SASVGQGRRNEQF,1
TRBV20-1,TRBJ2-1,SASVGQGSSNEQF,1
TRBV20-1,TRBJ2-1,SASVGQGSSYNEQF,1
TRBV20-1,TRBJ2-1,SASVGQGTYNEQF,1
TRBV20-1,TRBJ2-1,SASVGQGVNNEQF,1
TRBV20-1,TRBJ2-1,SASVGQGYNEQF,1
TRBV20-1,TRBJ2-1,SASVGQHYNEQF,1
TRBV20-1,TRBJ2-1,SASVGQKGNEQF,1
TRBV20-1,TRBJ2-1,SASVGQKYNEQF,1
TRBV20-1,TRBJ2-1,SASVGQLFVNEQF,1
TRBV20-1,TRBJ2-1,SASVGQLNEQF,1
TRBV20-1,TRBJ2-1,SASVGQMINNEQF,1
TRBV20-1,TRBJ2-1,SASVGQRSYNEQF,2
TRBV20-1,TRBJ2-1,SASVGQRYNEQF,5
TRBV20-1,TRBJ2-1,SASVGQWAYNEQF,1
TRBV20-1,TRBJ2-1,SASVGQYNEQF,1
TRBV20-1,TRBJ2-1,SASVGRAFNYNEQF,1
TRBV20-1,TRBJ2-1,SASVGRAFYEQF,1
TRBV20-1,TRBJ2-1,SASVGRAGVPRF,1
TRBV20-1,TRBJ2-1,SASVGRAIHSGRNNEQF,1
TRBV20-1,TRBJ2-1,SASVGRALGNEQF,1
TRBV20-1,TRBJ2-1,SASVGRANNEQF,1
TRBV20-1,TRBJ2-1,SASVGRAPRDEQF,1
TRBV20-1,TRBJ2-1,SASVGRASYEQF,1
TRBV20-1,TRBJ2-1,SASVGRASYNEQF,3
TRBV20-1,TRBJ2-1,SASVGRATFYEQF,3
TRBV20-1,TRBJ2-1,SASVGRAYNEQF,2
TRBV20-1,TRBJ2-1,SASVGRDEQF,2
TRBV20-1,TRBJ2-1,SASVGRDTEQF,1
TRBV20-1,TRBJ2-1,SASVGREIYNEQF,1
TRBV20-1,TRBJ2-1,SASVGREQF,5
TRBV20-1,TRBJ2-1,SASVGRGCNEQF,2
TRBV20-1,TRBJ2-1,SASVGRGHYNEQF,1
TRBV20-1,TRBJ2-1,SASVGRGQGSNEQF,1
TRBV20-1,TRBJ2-1,SASVGRGRNEQF,1
TRBV20-1,TRBJ2-1,SASVGRGSYNEQF,1
TRBV20-1,TRBJ2-1,SASVGRGYNEQF,59
TRBV20-1,TRBJ2-1,SASVGRGYNGQF,1
TRBV20-1,TRBJ2-1,SASVGRKGYNEQF,1
TRBV20-1,TRBJ2-1,SASVGRLAGVLSFLDEQF,1
TRBV20-1,TRBJ2-1,SASVGRLSSYNEQF,1
TRBV20-1,TRBJ2-1,SASVGRLTYNEQF,1
TRBV20-1,TRBJ2-1,SASVGRMSYNEQF,1
TRBV20-1,TRBJ2-1,SASVGRNEQF,4
TRBV20-1,TRBJ2-1,SASVGRNNEQF,1
TRBV20-1,TRBJ2-1,SASVGRPGNEQF,1
TRBV20-1,TRBJ2-1,SASVGRPYYNEQF,1
TRBV20-1,TRBJ2-1,SASVGRRDEQF,1
TRBV20-1,TRBJ2-1,SASVGRRSNEQF,1
TRBV20-1,TRBJ2-1,SASVGRRSYNEQF,1
TRBV20-1,TRBJ2-1,SASVGRSNEQF,1
TRBV20-1,TRBJ2-1,SASVGRSSYNEQF,2
TRBV20-1,TRBJ2-1,SASVGRSVGNNEQF,1
TRBV20-1,TRBJ2-1,SASVGRSYNEQF,4
TRBV20-1,TRBJ2-1,SASVGRVNEQF,1
TRBV20-1,TRBJ2-1,SASVGRVSYNEQF,1
TRBV20-1,TRBJ2-1,SASVGRYNEQF,7
TRBV20-1,TRBJ2-1,SASVGRYNERF,1
TRBV20-1,TRBJ2-1,SASVGSALNEQF,1
TRBV20-1,TRBJ2-1,SASVGSAPGNEQF,1
TRBV20-1,TRBJ2-1,SASVGSAPYNEQF,1
TRBV20-1,TRBJ2-1,SASVGSASYNEQF,1
TRBV20-1,TRBJ2-1,SASVGSDYNEQF,1
TRBV20-1,TRBJ2-1,SASVGSFSYNEQF,1
TRBV20-1,TRBJ2-1,SASVGSGGANEQF,2
TRBV20-1,TRBJ2-1,SASVGSGGLNEQF,1
TRBV20-1,TRBJ2-1,SASVGSGGPNEQF,1
TRBV20-1,TRBJ2-1,SASVGSGMGNEQF,1
TRBV20-1,TRBJ2-1,SASVGSGPYNEQF,2
TRBV20-1,TRBJ2-1,SASVGSGRADEQF,1
TRBV20-1,TRBJ2-1,SASVGSGRAYHFGNEQF,1
TRBV20-1,TRBJ2-1,SASVGSGRFNNEQF,1
TRBV20-1,TRBJ2-1,SASVGSGRSSYNEQF,1
TRBV20-1,TRBJ2-1,SASVGSGSADNEQF,1
TRBV20-1,TRBJ2-1,SASVGSGSGDEQF,4
TRBV20-1,TRBJ2-1,SASVGSGSGEQF,1
TRBV20-1,TRBJ2-1,SASVGSGSYNEQF,4
TRBV20-1,TRBJ2-1,SASVGSGTGNEQF,1
TRBV20-1,TRBJ2-1,SASVGSGVGNEQF,2
TRBV20-1,TRBJ2-1,SASVGSGVNEQF,1
TRBV20-1,TRBJ2-1,SASVGSGWNEQF,2
TRBV20-1,TRBJ2-1,SASVGSGYEQF,1
TRBV20-1,TRBJ2-1,SASVGSGYNEQF,1
TRBV20-1,TRBJ2-1,SASVGSHNEQF,1
TRBV20-1,TRBJ2-1,SASVGSHYNEQF,1
TRBV20-1,TRBJ2-1,SASVGSKYNEQF,1
TRBV20-1,TRBJ2-1,SASVGSLAYNEQF,1
TRBV20-1,TRBJ2-1,SASVGSLDNEQF,1
TRBV20-1,TRBJ2-1,SASVGSLSSYNEQF,1
TRBV20-1,TRBJ2-1,SASVGSNDEQF,1
TRBV20-1,TRBJ2-1,SASVGSNYNEQF,1
TRBV20-1,TRBJ2-1,SASVGSPQF,2
TRBV20-1,TRBJ2-1,SASVGSQYYNEQF,1
TRBV20-1,TRBJ2-1,SASVGSRELGNEQF,1
TRBV20-1,TRBJ2-1,SASVGSRGKSSYNEQF,1
TRBV20-1,TRBJ2-1,SASVGSRGNEQF,1
TRBV20-1,TRBJ2-1,SASVGSRPTYNEQF,1
TRBV20-1,TRBJ2-1,SASVGSRSYNEQF,1
TRBV20-1,TRBJ2-1,SASVGSSGFEQF,3
TRBV20-1,TRBJ2-1,SASVGSSGGGRYNEQF,1
TRBV20-1,TRBJ2-1,SASVGSSGNEQF,1
TRBV20-1,TRBJ2-1,SASVGSSSNEQF,1
TRBV20-1,TRBJ2-1,SASVGSSSYNEQF,1
TRBV20-1,TRBJ2-1,SASVGSSYNEQF,46
TRBV20-1,TRBJ2-1,SASVGSSYTEQF,1
TRBV20-1,TRBJ2-1,SASVGSTHNEQF,1
TRBV20-1,TRBJ2-1,SASVGSTNEQF,1
TRBV20-1,TRBJ2-1,SASVGSTYNEQF,1
TRBV20-1,TRBJ2-1,SASVGSYEQF,1
TRBV20-1,TRBJ2-1,SASVGSYNEQF,9
TRBV20-1,TRBJ2-1,SASVGSYYNEQF,1
TRBV20-1,TRBJ2-1,SASVGTARSYNEQF,1
TRBV20-1,TRBJ2-1,SASVGTASSYNEQF,1
TRBV20-1,TRBJ2-1,SASVGTAYNEQF,1
TRBV20-1,TRBJ2-1,SASVGTDNEQF,1
TRBV20-1,TRBJ2-1,SASVGTDPYNEQF,1
TRBV20-1,TRBJ2-1,SASVGTEDLNEQF,1
TRBV20-1,TRBJ2-1,SASVGTFDEQF,5
TRBV20-1,TRBJ2-1,SASVGTFNEQF,2
TRBV20-1,TRBJ2-1,SASVGTGANEQF,1
TRBV20-1,TRBJ2-1,SASVGTGDPYNEQF,1
TRBV20-1,TRBJ2-1,SASVGTGDYNEQF,10
TRBV20-1,TRBJ2-1,SASVGTGGDEQF,1
TRBV20-1,TRBJ2-1,SASVGTGGGYEQF,1
TRBV20-1,TRBJ2-1,SASVGTGLLEQF,1
TRBV20-1,TRBJ2-1,SASVGTGLNEQF,2
TRBV20-1,TRBJ2-1,SASVGTGLRNEQF,1
TRBV20-1,TRBJ2-1,SASVGTGLWDEQF,2
TRBV20-1,TRBJ2-1,SASVGTGQKYNEQF,1
TRBV20-1,TRBJ2-1,SASVGTGQQF,5
TRBV20-1,TRBJ2-1,SASVGTGRSYNEQF,1
TRBV20-1,TRBJ2-1,SASVGTGSLNEQF,1
TRBV20-1,TRBJ2-1,SASVGTGSYNEQF,1
TRBV20-1,TRBJ2-1,SASVGTGTSTNEQF,1
TRBV20-1,TRBJ2-1,SASVGTGVNNEQF,1
TRBV20-1,TRBJ2-1,SASVGTGYNEQF,2
TRBV20-1,TRBJ2-1,SASVGTHSYNEQF,1
TRBV20-1,TRBJ2-1,SASVGTKHNEQF,2
TRBV20-1,TRBJ2-1,SASVGTKSYNEQF,1
TRBV20-1,TRBJ2-1,SASVGTKYNEQF,1
TRBV20-1,TRBJ2-1,SASVGTLYNEQF,3
TRBV20-1,TRBJ2-1,SASVGTNEQF,3
TRBV20-1,TRBJ2-1,SASVGTNNEQF,2
TRBV20-1,TRBJ2-1,SASVGTNNYEQF,1
TRBV20-1,TRBJ2-1,SASVGTPRDEQF,2
TRBV20-1,TRBJ2-1,SASVGTPYNEQF,6
TRBV20-1,TRBJ2-1,SASVGTRAYNEQF,1
TRBV20-1,TRBJ2-1,SASVGTRHSSYNEQF,1
TRBV20-1,TRBJ2-1,SASVGTRNNEQF,1
TRBV20-1,TRBJ2-1,SASVGTRSYNEQF,2
TRBV20-1,TRBJ2-1,SASVGTSGDNEQF,3
TRBV20-1,TRBJ2-1,SASVGTSGFRQF,4
TRBV20-1,TRBJ2-1,SASVGTSGGNEQF,1
TRBV20-1,TRBJ2-1,SASVGTSGGRNNEQF,1
TRBV20-1,TRBJ2-1,SASVGTSGGRRF,2
TRBV20-1,TRBJ2-1,SASVGTSGKHEQF,1
TRBV20-1,TRBJ2-1,SASVGTSGKNEQF,1
TRBV20-1,TRBJ2-1,SASVGTSGLNEQF,1
TRBV20-1,TRBJ2-1,SASVGTSGNNEQF,1
TRBV20-1,TRBJ2-1,SASVGTSGPSSYNEQF,1
TRBV20-1,TRBJ2-1,SASVGTSGPYNEQF,2
TRBV20-1,TRBJ2-1,SASVGTSGRAEQF,1
TRBV20-1,TRBJ2-1,SASVGTSGRAFSEQF,1
TRBV20-1,TRBJ2-1,SASVGTSGRAIYNEQF,1
TRBV20-1,TRBJ2-1,SASVGTSGRARYNEQF,1
TRBV20-1,TRBJ2-1,SASVGTSGRDEQF,1
TRBV20-1,TRBJ2-1,SASVGTSGRHNEQF,2
TRBV20-1,TRBJ2-1,SASVGTSGRNEQF,1
TRBV20-1,TRBJ2-1,SASVGTSGRSHEQF,1
TRBV20-1,TRBJ2-1,SASVGTSGSDEQF,3
TRBV20-1,TRBJ2-1,SASVGTSGSNEQF,1
TRBV20-1,TRBJ2-1,SASVGTSGSRDEQF,1
TRBV20-1,TRBJ2-1,SASVGTSGSSNEQF,1
TRBV20-1,TRBJ2-1,SASVGTSGTNEQF,1
TRBV20-1,TRBJ2-1,SASVGTSGYNEQF,5
TRBV20-1,TRBJ2-1,SASVGTSGYSSYNEQF,1
TRBV20-1,TRBJ2-1,SASVGTSIGNEQF,1
TRBV20-1,TRBJ2-1,SASVGTSINEQF,2
TRBV20-1,TRBJ2-1,SASVGTSIRDEQF,2
TRBV20-1,TRBJ2-1,SASVGTSLNNEQF,1
TRBV20-1,TRBJ2-1,SASVGTSQHNEQF,4
TRBV20-1,TRBJ2-1,SASVGTSSGNEQF,1
TRBV20-1,TRBJ2-1,SASVGTSSSYNEQF,1
TRBV20-1,TRBJ2-1,SASVGTSSYNEQF,2
TRBV20-1,TRBJ2-1,SASVGTSVDNEQF,1
TRBV20-1,TRBJ2-1,SASVGTSVHNEQF,1
TRBV20-1,TRBJ2-1,SASVGTSVRNEQF,1
TRBV20-1,TRBJ2-1,SASVGTSVYNEQF,1
TRBV20-1,TRBJ2-1,SASVGTSWLNEQF,1
TRBV20-1,TRBJ2-1,SASVGTSYDEQF,1
TRBV20-1,TRBJ2-1,SASVGTSYNEQF,3
TRBV20-1,TRBJ2-1,SASVGTTDNEQF,1
TRBV20-1,TRBJ2-1,SASVGTTPGVDEQF,1
TRBV20-1,TRBJ2-1,SASVGTTTGNEQF,5
TRBV20-1,TRBJ2-1,SASVGTTTNEQF,8
TRBV20-1,TRBJ2-1,SASVGTTYNEQF,1
TRBV20-1,TRBJ2-1,SASVGTVQF,1
TRBV20-1,TRBJ2-1,SASVGTVRRSYNEQF,6
TRBV20-1,TRBJ2-1,SASVGTVYNEQF,7
TRBV20-1,TRBJ2-1,SASVGTWLLEQF,2
TRBV20-1,TRBJ2-1,SASVGTYNEQF,9
TRBV20-1,TRBJ2-1,SASVGTYTEQF,1
TRBV20-1,TRBJ2-1,SASVGVADEQF,1
TRBV20-1,TRBJ2-1,SASVGVAGAHEQF,14
TRBV20-1,TRBJ2-1,SASVGVAGANEQF,1
TRBV20-1,TRBJ2-1,SASVGVAGVRDEQL,1
TRBV20-1,TRBJ2-1,SASVGVAGYSYNEQF,1
TRBV20-1,TRBJ2-1,SASVGVDNEQF,1
TRBV20-1,TRBJ2-1,SASVGVFYNEQF,1
TRBV20-1,TRBJ2-1,SASVGVGNEQF,1
TRBV20-1,TRBJ2-1,SASVGVGSYNEHF,1
TRBV20-1,TRBJ2-1,SASVGVGSYNEQF,23
TRBV20-1,TRBJ2-1,SASVGVGTGRSYNEQF,1
TRBV20-1,TRBJ2-1,SASVGVGYNEHF,1
TRBV20-1,TRBJ2-1,SASVGVGYNEQF,6
TRBV20-1,TRBJ2-1,SASVGVHNEQF,1
TRBV20-1,TRBJ2-1,SASVGVINEQF,6
TRBV20-1,TRBJ2-1,SASVGVNEQF,4
TRBV20-1,TRBJ2-1,SASVGVPDEQF,3
TRBV20-1,TRBJ2-1,SASVGVPSYNEQF,1
TRBV20-1,TRBJ2-1,SASVGVRIGAYNEQF,4
TRBV20-1,TRBJ2-1,SASVGVRNEQF,1
TRBV20-1,TRBJ2-1,SASVGVRNNEQF,1
TRBV20-1,TRBJ2-1,SASVGVRYNEQF,1
TRBV20-1,TRBJ2-1,SASVGVSYNEQF,1
TRBV20-1,TRBJ2-1,SASVGWDYNEQF,1
TRBV20-1,TRBJ2-1,SASVGWGLGYEQF,1
TRBV20-1,TRBJ2-1,SASVGWGNEQF,1
TRBV20-1,TRBJ2-1,SASVGWGYNEQF,1
TRBV20-1,TRBJ2-1,SASVGWRNYNEQF,1
TRBV20-1,TRBJ2-1,SASVGYEQF,4
TRBV20-1,TRBJ2-1,SASVGYNEQF,16
TRBV20-1,TRBJ2-1,SASVGYSDEQF,1
TRBV20-1,TRBJ2-1,SASVGYSGSTYNEQF,1
TRBV20-1,TRBJ2-1,SASVGYSYNEQF,1
TRBV20-1,TRBJ2-1,SASVGYYNEQF,1
TRBV20-1,TRBJ2-1,SASVHEQF,10
TRBV20-1,TRBJ2-1,SASVHGGRNPYNEQF,1
TRBV20-1,TRBJ2-1,SASVHGPYNEQF,6
TRBV20-1,TRBJ2-1,SASVHILGEYNEQF,1
TRBV20-1,TRBJ2-1,SASVHNENEQF,1
TRBV20-1,TRBJ2-1,SASVHNEQF,4
TRBV20-1,TRBJ2-1,SASVHPGLAGYNEQF,1
TRBV20-1,TRBJ2-1,SASVHPLGNEQF,1
TRBV20-1,TRBJ2-1,SASVHPRWNEQF,1
TRBV20-1,TRBJ2-1,SASVHPSYNEQF,1
TRBV20-1,TRBJ2-1,SASVHQSNEQF,1
TRBV20-1,TRBJ2-1,SASVHRSSYNEQF,1
TRBV20-1,TRBJ2-1,SASVHSGSNEQF,4
TRBV20-1,TRBJ2-1,SASVHSSLSYNEQF,1
TRBV20-1,TRBJ2-1,SASVHSTANEQF,1
TRBV20-1,TRBJ2-1,SASVHSYNEQF,1
TRBV20-1,TRBJ2-1,SASVHTAYNEQF,1
TRBV20-1,TRBJ2-1,SASVHTDLTGSYNEQF,1
TRBV20-1,TRBJ2-1,SASVHTYNEQF,4
TRBV20-1,TRBJ2-1,SASVIAAYNEQF,1
TRBV20-1,TRBJ2-1,SASVIAEGSYEQF,1
TRBV20-1,TRBJ2-1,SASVIAGALYNEQF,1
TRBV20-1,TRBJ2-1,SASVIAGASYNEQF,1
TRBV20-1,TRBJ2-1,SASVIAGGPWNEQF,1
TRBV20-1,TRBJ2-1,SASVIAGGWYEQF,5
TRBV20-1,TRBJ2-1,SASVIAGGYNEQF,2
TRBV20-1,TRBJ2-1,SASVIAGRSYNEQF,1
TRBV20-1,TRBJ2-1,SASVIAGSSYNEQF,1
TRBV20-1,TRBJ2-1,SASVIAGTYNEQF,1
TRBV20-1,TRBJ2-1,SASVIAGVPYNEQF,1
TRBV20-1,TRBJ2-1,SASVIAGVRDQF,1
TRBV20-1,TRBJ2-1,SASVIAGVREQF,70
TRBV20-1,TRBJ2-1,SASVIAGVREQY,1
TRBV20-1,TRBJ2-1,SASVIAGVRGQF,1
TRBV20-1,TRBJ2-1,SASVIASGRRDNEQF,1
TRBV20-1,TRBJ2-1,SASVIASYNEQF,1
TRBV20-1,TRBJ2-1,SASVIAVPGVVYNEQF,1
TRBV20-1,TRBJ2-1,SASVIERGRNEQF,1
TRBV20-1,TRBJ2-1,SASVIGAGNYNEQF,1
TRBV20-1,TRBJ2-1,SASVIGEVNEQF,1
TRBV20-1,TRBJ2-1,SASVIGGDYNEQF,1
TRBV20-1,TRBJ2-1,SASVIGGGADEQF,6
TRBV20-1,TRBJ2-1,SASVIGGQF,8
TRBV20-1,TRBJ2-1,SASVIGGVREQF,1
TRBV20-1,TRBJ2-1,SASVIGGYYNEQF,1
TRBV20-1,TRBJ2-1,SASVIGKDNEQF,1
TRBV20-1,TRBJ2-1,SASVIGLAGGPSYNEQF,7
TRBV20-1,TRBJ2-1,SASVIGSVWNEQF,1
TRBV20-1,TRBJ2-1,SASVIGTYNEHF,1
TRBV20-1,TRBJ2-1,SASVILAGGPENEQF,1
TRBV20-1,TRBJ2-1,SASVILAIINNEQF,1
TRBV20-1,TRBJ2-1,SASVILAVYNEQF,1
TRBV20-1,TRBJ2-1,SASVILDRRKNEQF,1
TRBV20-1,TRBJ2-1,SASVILYYNEQF,1
TRBV20-1,TRBJ2-1,SASVIMSSYNEQF,1
TRBV20-1,TRBJ2-1,SASVINEQF,3
TRBV20-1,TRBJ2-1,SASVIPKSSYNEQF,1
TRBV20-1,TRBJ2-1,SASVIPSSYNEQF,1
TRBV20-1,TRBJ2-1,SASVIPTSGSHNEQF,1
TRBV20-1,TRBJ2-1,SASVIPVSYNEQF,1
TRBV20-1,TRBJ2-1,SASVIRGRANNEQF,1
TRBV20-1,TRBJ2-1,SASVIRGYNEQF,1
TRBV20-1,TRBJ2-1,SASVIRLAGTVGNEQF,1
TRBV20-1,TRBJ2-1,SASVISGRASHEQF,1
TRBV20-1,TRBJ2-1,SASVISGSYNEQF,1
TRBV20-1,TRBJ2-1,SASVISYNEQF,5
TRBV20-1,TRBJ2-1,SASVITGVSYNEQF,1
TRBV20-1,TRBJ2-1,SASVITRGYEQF,1
TRBV20-1,TRBJ2-1,SASVITYNEQF,1
TRBV20-1,TRBJ2-1,SASVIVGVREQF,1
TRBV20-1,TRBJ2-1,SASVIVNEQF,1
TRBV20-1,TRBJ2-1,SASVIWGVGHNEQF,1
TRBV20-1,TRBJ2-1,SASVKAGASFYYNEQF,1
TRBV20-1,TRBJ2-1,SASVKAGGPRNEQF,2
TRBV20-1,TRBJ2-1,SASVKAGGYNEQF,1
TRBV20-1,TRBJ2-1,SASVKALGYNEQF,1
TRBV20-1,TRBJ2-1,SASVKDEQF,4
TRBV20-1,TRBJ2-1,SASVKEWGNEQF,1
TRBV20-1,TRBJ2-1,SASVKGGFNEQF,1
TRBV20-1,TRBJ2-1,SASVKGLAVYNEQF,1
TRBV20-1,TRBJ2-1,SASVKGLRSYNEQF,1
TRBV20-1,TRBJ2-1,SASVKGTSSRSSYSEQF,1
TRBV20-1,TRBJ2-1,SASVKLAPYNEQF,1
TRBV20-1,TRBJ2-1,SASVKLLYNEQF,1
TRBV20-1,TRBJ2-1,SASVKPGLAGPLYPYNEQF,1
TRBV20-1,TRBJ2-1,SASVKPKGYNEQF,1
TRBV20-1,TRBJ2-1,SASVKRLAGLNEQF,1
TRBV20-1,TRBJ2-1,SASVKRTSGRANYNEQF,1
TRBV20-1,TRBJ2-1,SASVKSYSNNEQF,1
TRBV20-1,TRBJ2-1,SASVKTGMRYNEQF,1
TRBV20-1,TRBJ2-1,SASVKTNEQF,1
TRBV20-1,TRBJ2-1,SASVKTSGRGEQF,1
TRBV20-1,TRBJ2-1,SASVKVNEQF,1
TRBV20-1,TRBJ2-1,SASVKWTSPSPYNEQF,1
TRBV20-1,TRBJ2-1,SASVKYEQF,4
TRBV20-1,TRBJ2-1,SASVKYSSYNEQF,1
TRBV20-1,TRBJ2-1,SASVLAAADSYNEQF,1
TRBV20-1,TRBJ2-1,SASVLAAGPYNEQF,1
TRBV20-1,TRBJ2-1,SASVLAALLDNEQF,1
TRBV20-1,TRBJ2-1,SASVLAANNEQF,1
TRBV20-1,TRBJ2-1,SASVLAAPSSYNEQF,1
TRBV20-1,TRBJ2-1,SASVLAASGDEQF,1
TRBV20-1,TRBJ2-1,SASVLAAYNEQF,2
TRBV20-1,TRBJ2-1,SASVLADDNEQF,1
TRBV20-1,TRBJ2-1,SASVLADNEQF,1
TRBV20-1,TRBJ2-1,SASVLADYNEQF,2
TRBV20-1,TRBJ2-1,SASVLAEHYNEQF,1
TRBV20-1,TRBJ2-1,SASVLAENNEQF,3
TRBV20-1,TRBJ2-1,SASVLAESNEQF,4
TRBV20-1,TRBJ2-1,SASVLAGALSSYNEQF,2
TRBV20-1,TRBJ2-1,SASVLAGANEQF,1
TRBV20-1,TRBJ2-1,SASVLAGANNEQF,1
TRBV20-1,TRBJ2-1,SASVLAGANVYNEQF,1
TRBV20-1,TRBJ2-1,SASVLAGARVNEQF,1
TRBV20-1,TRBJ2-1,SASVLAGASSYNEQF,2
TRBV20-1,TRBJ2-1,SASVLAGATEQF,4
TRBV20-1,TRBJ2-1,SASVLAGAYNEQF,2
TRBV20-1,TRBJ2-1,SASVLAGDEQF,1
TRBV20-1,TRBJ2-1,SASVLAGDLSYNEQF,1
TRBV20-1,TRBJ2-1,SASVLAGDNEQF,1
TRBV20-1,TRBJ2-1,SASVLAGDNNEQF,1
TRBV20-1,TRBJ2-1,SASVLAGDPQQF,6
TRBV20-1,TRBJ2-1,SASVLAGDYNEQF,1
TRBV20-1,TRBJ2-1,SASVLAGEEGSYNEQF,1
TRBV20-1,TRBJ2-1,SASVLAGEGNEQF,1
TRBV20-1,TRBJ2-1,SASVLAGEKGYNEQF,1
TRBV20-1,TRBJ2-1,SASVLAGEWDEQF,1
TRBV20-1,TRBJ2-1,SASVLAGFNEQF,1
TRBV20-1,TRBJ2-1,SASVLAGGAMDNEQF,2
TRBV20-1,TRBJ2-1,SASVLAGGFYNEQF,1
TRBV20-1,TRBJ2-1,SASVLAGGGNEQF,1
TRBV20-1,TRBJ2-1,SASVLAGGGSYNEQF,2
TRBV20-1,TRBJ2-1,SASVLAGGIYNEQF,2
TRBV20-1,TRBJ2-1,SASVLAGGKSSYNEQF,1
TRBV20-1,TRBJ2-1,SASVLAGGLGYNEQF,1
TRBV20-1,TRBJ2-1,SASVLAGGLNEQF,2
TRBV20-1,TRBJ2-1,SASVLAGGLSSYNEQF,1
TRBV20-1,TRBJ2-1,SASVLAGGNEQF,1
TRBV20-1,TRBJ2-1,SASVLAGGNNEQF,6
TRBV20-1,TRBJ2-1,SASVLAGGPGRSNEQF,2
TRBV20-1,TRBJ2-1,SASVLAGGPHEQF,1
TRBV20-1,TRBJ2-1,SASVLAGGPNEQF,1
TRBV20-1,TRBJ2-1,SASVLAGGPPYNEQF,1
TRBV20-1,TRBJ2-1,SASVLAGGPSNEQF,1
TRBV20-1,TRBJ2-1,SASVLAGGPSSYNEQL,4
TRBV20-1,TRBJ2-1,SASVLAGGPVYNEQF,1
TRBV20-1,TRBJ2-1,SASVLAGGPYEQF,1
TRBV20-1,TRBJ2-1,SASVLAGGPYNEQF,1
TRBV20-1,TRBJ2-1,SASVLAGGQNEQF,1
TRBV20-1,TRBJ2-1,SASVLAGGRGGYNEQF,1
TRBV20-1,TRBJ2-1,SASVLAGGRLKNEQF,6
TRBV20-1,TRBJ2-1,SASVLAGGRNEQF,1
TRBV20-1,TRBJ2-1,SASVLAGGRSSYNEQF,1
TRBV20-1,TRBJ2-1,SASVLAGGRSYNEQF,6
TRBV20-1,TRBJ2-1,SASVLAGGRYNEQF,2
TRBV20-1,TRBJ2-1,SASVLAGGSFYNEQF,1
TRBV20-1,TRBJ2-1,SASVLAGGSGYNEQF,1
TRBV20-1,TRBJ2-1,SASVLAGGSNEQF,1
TRBV20-1,TRBJ2-1,SASVLAGGSSYNEQF,4
TRBV20-1,TRBJ2-1,SASVLAGGSYNEQF,1
TRBV20-1,TRBJ2-1,SASVLAGGTYNEQF,4
TRBV20-1,TRBJ2-1,SASVLAGGWNEQF,8
TRBV20-1,TRBJ2-1,SASVLAGGYEQF,1
TRBV20-1,TRBJ2-1,SASVLAGGYNEQF,3
TRBV20-1,TRBJ2-1,SASVLAGGYVANEQF,1
TRBV20-1,TRBJ2-1,SASVLAGHNEQF,1
TRBV20-1,TRBJ2-1,SASVLAGHYNEQF,1
TRBV20-1,TRBJ2-1,SASVLAGIYNEQF,2
TRBV20-1,TRBJ2-1,SASVLAGLNNEQF,1
TRBV20-1,TRBJ2-1,SASVLAGLVYEQF,1
TRBV20-1,TRBJ2-1,SASVLAGLYNEQF,1
TRBV20-1,TRBJ2-1,SASVLAGMDEQF,1
TRBV20-1,TRBJ2-1,SASVLAGMNEQF,1
TRBV20-1,TRBJ2-1,SASVLAGMYNEQF,3
TRBV20-1,TRBJ2-1,SASVLAGNEQF,3
TRBV20-1,TRBJ2-1,SASVLAGNNEQF,1
TRBV20-1,TRBJ2-1,SASVLAGPGGGYNEQF,1
TRBV20-1,TRBJ2-1,SASVLAGPSSYNEQF,1
TRBV20-1,TRBJ2-1,SASVLAGPTSYNEQF,7
TRBV20-1,TRBJ2-1,SASVLAGPTSYTEQF,1
TRBV20-1,TRBJ2-1,SASVLAGPYNDQF,1
TRBV20-1,TRBJ2-1,SASVLAGPYNEQF,7
TRBV20-1,TRBJ2-1,SASVLAGPYNVQL,1
TRBV20-1,TRBJ2-1,SASVLAGQSYNEQF,1
TRBV20-1,TRBJ2-1,SASVLAGRDNEQF,5
TRBV20-1,TRBJ2-1,SASVLAGRNEQF,6
TRBV20-1,TRBJ2-1,SASVLAGRNNEQF,1
TRBV20-1,TRBJ2-1,SASVLAGRSSYNEQF,1
TRBV20-1,TRBJ2-1,SASVLAGRYEQF,1
TRBV20-1,TRBJ2-1,SASVLAGSHNEQF,7
TRBV20-1,TRBJ2-1,SASVLAGSSYNEQF,3
TRBV20-1,TRBJ2-1,SASVLAGSYNEQF,5
TRBV20-1,TRBJ2-1,SASVLAGTNEQF,1
TRBV20-1,TRBJ2-1,SASVLAGTYNEQF,2
TRBV20-1,TRBJ2-1,SASVLAGVATYNEQF,1
TRBV20-1,TRBJ2-1,SASVLAGVDEQF,1
TRBV20-1,TRBJ2-1,SASVLAGVHEQF,2
TRBV20-1,TRBJ2-1,SASVLAGVIHEQF,1
TRBV20-1,TRBJ2-1,SASVLAGVLNNEQF,1
TRBV20-1,TRBJ2-1,SASVLAGVLRNEQF,1
TRBV20-1,TRBJ2-1,SASVLAGVNEQF,11
TRBV20-1,TRBJ2-1,SASVLAGVPSSYNEQF,1
TRBV20-1,TRBJ2-1,SASVLAGVRHEQF,1
TRBV20-1,TRBJ2-1,SASVLAGVSLYNEQF,1
TRBV20-1,TRBJ2-1,SASVLAGVSNEQF,1
TRBV20-1,TRBJ2-1,SASVLAGVSYNEQF,2
TRBV20-1,TRBJ2-1,SASVLAGVVGNEQF,2
TRBV20-1,TRBJ2-1,SASVLAGVYEQF,1
TRBV20-1,TRBJ2-1,SASVLAGVYNEQF,4
TRBV20-1,TRBJ2-1,SASVLAGYEQF,1
TRBV20-1,TRBJ2-1,SASVLAGYNEQF,11
TRBV20-1,TRBJ2-1,SASVLAGYYNEQF,1
TRBV20-1,TRBJ2-1,SASVLAHSYNEQF,1
TRBV20-1,TRBJ2-1,SASVLAIDEQF,1
TRBV20-1,TRBJ2-1,SASVLAISSYNEQF,1
TRBV20-1,TRBJ2-1,SASVLALIYNEQF,1
TRBV20-1,TRBJ2-1,SASVLALSSYNEQF,1
TRBV20-1,TRBJ2-1,SASVLANEQF,1
TRBV20-1,TRBJ2-1,SASVLANNYHEQF,1
TRBV20-1,TRBJ2-1,SASVLAPNNEQF,3
TRBV20-1,TRBJ2-1,SASVLAPPYNEQF,1
TRBV20-1,TRBJ2-1,SASVLAQDHYNEQF,1
TRBV20-1,TRBJ2-1,SASVLARNEQF,2
TRBV20-1,TRBJ2-1,SASVLARNNEQF,1
TRBV20-1,TRBJ2-1,SASVLARSYNEQF,6
TRBV20-1,TRBJ2-1,SASVLARTVSYNEQF,1
TRBV20-1,TRBJ2-1,SASVLARYEQF,1
TRBV20-1,TRBJ2-1,SASVLASGGNEQF,1
TRBV20-1,TRBJ2-1,SASVLASGRGSYNEQF,1
TRBV20-1,TRBJ2-1,SASVLASGSPNEQF,1
TRBV20-1,TRBJ2-1,SASVLASSYNEQF,2
TRBV20-1,TRBJ2-1,SASVLATNYNEQF,7
TRBV20-1,TRBJ2-1,SASVLATNYNEQV,1
TRBV20-1,TRBJ2-1,SASVLATYKEQF,1
TRBV20-1,TRBJ2-1,SASVLATYNEQF,9
TRBV20-1,TRBJ2-1,SASVLATYYNEQF,1
TRBV20-1,TRBJ2-1,SASVLAVERYNEQF,1
TRBV20-1,TRBJ2-1,SASVLAVHNEQF,1
TRBV20-1,TRBJ2-1,SASVLAVNEQF,1
TRBV20-1,TRBJ2-1,SASVLAVTLAGLYNEQF,1
TRBV20-1,TRBJ2-1,SASVLAVYNEQF,5
TRBV20-1,TRBJ2-1,SASVLAVYYNEQF,1
TRBV20-1,TRBJ2-1,SASVLAYNEQF,1
TRBV20-1,TRBJ2-1,SASVLAYYNEQF,1
TRBV20-1,TRBJ2-1,SASVLDEQF,1
TRBV20-1,TRBJ2-1,SASVLDGSHNEQF,1
TRBV20-1,TRBJ2-1,SASVLDGSYNEQF,1
TRBV20-1,TRBJ2-1,SASVLDLRPYNEQF,11
TRBV20-1,TRBJ2-1,SASVLDLSYNEQF,1
TRBV20-1,TRBJ2-1,SASVLDNEQF,12
TRBV20-1,TRBJ2-1,SASVLDRDSYNEQF,4
TRBV20-1,TRBJ2-1,SASVLDRVNEQF,3
TRBV20-1,TRBJ2-1,SASVLDWGYNEQF,1
TRBV20-1,TRBJ2-1,SASVLDYNEQF,2
TRBV20-1,TRBJ2-1,SASVLELAGGIGNEQF,2
TRBV20-1,TRBJ2-1,SASVLEPTSYNEQF,1
TRBV20-1,TRBJ2-1,SASVLEPYNEQF,1
TRBV20-1,TRBJ2-1,SASVLEYSYDEQF,1
TRBV20-1,TRBJ2-1,SASVLEYSYNEQF,6
TRBV20-1,TRBJ2-1,SASVLFASRYNEQF,1
TRBV20-1,TRBJ2-1,SASVLFPYNEQF,1
TRBV20-1,TRBJ2-1,SASVLGALNEQF,1
TRBV20-1,TRBJ2-1,SASVLGASYNEQF,1
TRBV20-1,TRBJ2-1,SASVLGDRSYNEQF,1
TRBV20-1,TRBJ2-1,SASVLGFDEQF,1
TRBV20-1,TRBJ2-1,SASVLGFGTYNEQF,3
TRBV20-1,TRBJ2-1,SASVLGGGDYNEQF,1
TRBV20-1,TRBJ2-1,SASVLGGGKVYNEQF,1
TRBV20-1,TRBJ2-1,SASVLGGLGIDEQF,5
TRBV20-1,TRBJ2-1,SASVLGGRAYNEQF,1
TRBV20-1,TRBJ2-1,SASVLGGRYSNEQF,1
TRBV20-1,TRBJ2-1,SASVLGGSNSYNEQF,1
TRBV20-1,TRBJ2-1,SASVLGGSSYNEQF,2
TRBV20-1,TRBJ2-1,SASVLGGSYNEQF,1
TRBV20-1,TRBJ2-1,SASVLGGTLNNEQF,1
TRBV20-1,TRBJ2-1,SASVLGGYEQF,1
TRBV20-1,TRBJ2-1,SASVLGIAGVNNEQF,1
TRBV20-1,TRBJ2-1,SASVLGLAANEQF,9
TRBV20-1,TRBJ2-1,SASVLGLADNEQF,1
TRBV20-1,TRBJ2-1,SASVLGLAGANEQF,1
TRBV20-1,TRBJ2-1,SASVLGLASNEQF,1
TRBV20-1,TRBJ2-1,SASVLGLGNNEQF,1
TRBV20-1,TRBJ2-1,SASVLGLNNNEQF,1
TRBV20-1,TRBJ2-1,SASVLGNEQF,2
TRBV20-1,TRBJ2-1,SASVLGNNEQF,5
TRBV20-1,TRBJ2-1,SASVLGNYNEQF,1
TRBV20-1,TRBJ2-1,SASVLGPSLNNEQF,1
TRBV20-1,TRBJ2-1,SASVLGQGARNEQF,5
TRBV20-1,TRBJ2-1,SASVLGQGDNEQF,1
TRBV20-1,TRBJ2-1,SASVLGQGEQF,2
TRBV20-1,TRBJ2-1,SASVLGQGYNEQF,5
TRBV20-1,TRBJ2-1,SASVLGRGSYNEQF,1
TRBV20-1,TRBJ2-1,SASVLGRLLNEQF,1
TRBV20-1,TRBJ2-1,SASVLGRSSYNEQF,1
TRBV20-1,TRBJ2-1,SASVLGRTIYNEQF,1
TRBV20-1,TRBJ2-1,SASVLGSGNEQF,1
TRBV20-1,TRBJ2-1,SASVLGSGSSYNEQF,1
TRBV20-1,TRBJ2-1,SASVLGSSLYNEQF,1
TRBV20-1,TRBJ2-1,SASVLGSYNEQF,3
TRBV20-1,TRBJ2-1,SASVLGTGSFNEQF,7
TRBV20-1,TRBJ2-1,SASVLGTGYNEQF,2
TRBV20-1,TRBJ2-1,SASVLGTRIYEQF,1
TRBV20-1,TRBJ2-1,SASVLGTSGSLGVKNEQF,1
TRBV20-1,TRBJ2-1,SASVLGTSPYNEQF,1
TRBV20-1,TRBJ2-1,SASVLKGSYNEQF,2
TRBV20-1,TRBJ2-1,SASVLKGTFYNEQF,1
TRBV20-1,TRBJ2-1,SASVLKSDDNEQF,1
TRBV20-1,TRBJ2-1,SASVLLAEHNEQF,1
TRBV20-1,TRBJ2-1,SASVLLAGKDNEQF,1
TRBV20-1,TRBJ2-1,SASVLLAGVHEQF,1
TRBV20-1,TRBJ2-1,SASVLLAGVSYNEQF,1
TRBV20-1,TRBJ2-1,SASVLLAYNEQF,1
TRBV20-1,TRBJ2-1,SASVLLDFRYNEQF,1
TRBV20-1,TRBJ2-1,SASVLLGFNEQF,1
TRBV20-1,TRBJ2-1,SASVLLGSYNEQF,1
TRBV20-1,TRBJ2-1,SASVLLPSSYNEQF,1
TRBV20-1,TRBJ2-1,SASVLLSYNEQF,1
TRBV20-1,TRBJ2-1,SASVLLTFNEQF,1
TRBV20-1,TRBJ2-1,SASVLLVGGPYNEQF,1
TRBV20-1,TRBJ2-1,SASVLLVHNEQF,1
TRBV20-1,TRBJ2-1,SASVLLYNEQF,1
TRBV20-1,TRBJ2-1,SASVLNEQF,4
TRBV20-1,TRBJ2-1,SASVLNHNEQF,1
TRBV20-1,TRBJ2-1,SASVLNQQF,2
TRBV20-1,TRBJ2-1,SASVLNQYNEQF,1
TRBV20-1,TRBJ2-1,SASVLNRNRYNEQF,1
TRBV20-1,TRBJ2-1,SASVLPANEQF,1
TRBV20-1,TRBJ2-1,SASVLPEGGDNEQF,1
TRBV20-1,TRBJ2-1,SASVLPEQF,4
TRBV20-1,TRBJ2-1,SASVLPGRGNYNEQF,1
TRBV20-1,TRBJ2-1,SASVLPNEQF,4
TRBV20-1,TRBJ2-1,SASVLPRGNEQF,1
TRBV20-1,TRBJ2-1,SASVLPSGRSSYNEQF,1
TRBV20-1,TRBJ2-1,SASVLPSSYNEQF,5
TRBV20-1,TRBJ2-1,SASVLPTSYNEQF,1
TRBV20-1,TRBJ2-1,SASVLPTSYYEQF,1
TRBV20-1,TRBJ2-1,SASVLPTYNEQF,1
TRBV20-1,TRBJ2-1,SASVLQGAERYNEQF,3
TRBV20-1,TRBJ2-1,SASVLQGGYNEQF,1
TRBV20-1,TRBJ2-1,SASVLRAGGFGNEQF,1
TRBV20-1,TRBJ2-1,SASVLRASSYNEQF,4
TRBV20-1,TRBJ2-1,SASVLRDNEQF,1
TRBV20-1,TRBJ2-1,SASVLREPDGSVPSSYNEQF,1
TRBV20-1,TRBJ2-1,SASVLRGGMYEQF,1
TRBV20-1,TRBJ2-1,SASVLRGPNKKSYNEQF,1
TRBV20-1,TRBJ2-1,SASVLRGYNEQF,7
TRBV20-1,TRBJ2-1,SASVLRLAGVYEQF,1
TRBV20-1,TRBJ2-1,SASVLRLASYNEQF,1
TRBV20-1,TRBJ2-1,SASVLRLTYNEQF,1
TRBV20-1,TRBJ2-1,SASVLRNEQF,1
TRBV20-1,TRBJ2-1,SASVLRPPNEQF,1
TRBV20-1,TRBJ2-1,SASVLRREGGNEQF,1
TRBV20-1,TRBJ2-1,SASVLRRGPSYNEQF,1
TRBV20-1,TRBJ2-1,SASVLRSSYNEQF,2
TRBV20-1,TRBJ2-1,SASVLRVSNEQF,1
TRBV20-1,TRBJ2-1,SASVLSAGIYNEQF,1
TRBV20-1,TRBJ2-1,SASVLSEGNEQF,2
TRBV20-1,TRBJ2-1,SASVLSGAGNEQF,1
TRBV20-1,TRBJ2-1,SASVLSGATYNEQF,1
TRBV20-1,TRBJ2-1,SASVLSGDNEQF,1
TRBV20-1,TRBJ2-1,SASVLSGEGYNEQF,1
TRBV20-1,TRBJ2-1,SASVLSGGNEQF,1
TRBV20-1,TRBJ2-1,SASVLSGGSLYNEQF,1
TRBV20-1,TRBJ2-1,SASVLSGRYNEQF,1
TRBV20-1,TRBJ2-1,SASVLSGRYSEQF,1
TRBV20-1,TRBJ2-1,SASVLSGSSYNEQF,2
TRBV20-1,TRBJ2-1,SASVLSGSYPGVYNEQF,1
TRBV20-1,TRBJ2-1,SASVLSRDSSYNEQF,2
TRBV20-1,TRBJ2-1,SASVLSRGGGYNEQF,1
TRBV20-1,TRBJ2-1,SASVLSRLAGNEQF,1
TRBV20-1,TRBJ2-1,SASVLSRLVGDEQF,5
TRBV20-1,TRBJ2-1,SASVLSSGYYNEQF,5
TRBV20-1,TRBJ2-1,SASVLSSYNEQF,2
TRBV20-1,TRBJ2-1,SASVLSTPRNEQF,1
TRBV20-1,TRBJ2-1,SASVLSYNEQF,2
TRBV20-1,TRBJ2-1,SASVLTAHNEQF,1
TRBV20-1,TRBJ2-1,SASVLTEQF,1
TRBV20-1,TRBJ2-1,SASVLTGPYNEQF,1
TRBV20-1,TRBJ2-1,SASVLTSAYNEQF,1
TRBV20-1,TRBJ2-1,SASVLTSGLDEQF,1
TRBV20-1,TRBJ2-1,SASVLTSGNNEQF,1
TRBV20-1,TRBJ2-1,SASVLTSGRYNEQF,1
TRBV20-1,TRBJ2-1,SASVLTSGSNEQF,1
TRBV20-1,TRBJ2-1,SASVLTSGYYNEQF,1
TRBV20-1,TRBJ2-1,SASVLTYNEQF,2
TRBV20-1,TRBJ2-1,SASVLVDEQF,1
TRBV20-1,TRBJ2-1,SASVLVGNEQF,2
TRBV20-1,TRBJ2-1,SASVLVNEQF,1
TRBV20-1,TRBJ2-1,SASVLVNNEQF,1
TRBV20-1,TRBJ2-1,SASVLVSGRANEQF,1
TRBV20-1,TRBJ2-1,SASVLVSNEQF,1
TRBV20-1,TRBJ2-1,SASVLVSSYNEQF,1
TRBV20-1,TRBJ2-1,SASVLVTYNEQF,1
TRBV20-1,TRBJ2-1,SASVLVYNEQF,2
TRBV20-1,TRBJ2-1,SASVLWDEQF,1
TRBV20-1,TRBJ2-1,SASVLWDNYNEQF,1
TRBV20-1,TRBJ2-1,SASVLWGTNEQF,1
TRBV20-1,TRBJ2-1,SASVLWTILAGRDNEQF,1
TRBV20-1,TRBJ2-1,SASVLWTSGYNEQF,1
TRBV20-1,TRBJ2-1,SASVLYEQF,4
TRBV20-1,TRBJ2-1,SASVLYNDQF,1
TRBV20-1,TRBJ2-1,SASVLYNEQF,8
TRBV20-1,TRBJ2-1,SASVLYYNEQF,1
TRBV20-1,TRBJ2-1,SASVMAGGPYEQF,3
TRBV20-1,TRBJ2-1,SASVMGDNEQF,1
TRBV20-1,TRBJ2-1,SASVMGGPPSSYNEQF,1
TRBV20-1,TRBJ2-1,SASVMGGVSYNEQF,1
TRBV20-1,TRBJ2-1,SASVMGPGIYNEQF,1
TRBV20-1,TRBJ2-1,SASVMGSSYNEQF,2
TRBV20-1,TRBJ2-1,SASVMGTSGYNEQF,1
TRBV20-1,TRBJ2-1,SASVMQGPTRWRYNEQF,3
TRBV20-1,TRBJ2-1,SASVMRGSSYNEQF,1
TRBV20-1,TRBJ2-1,SASVMSGGTYNEQF,1
TRBV20-1,TRBJ2-1,SASVMSGRDYNEQF,1
TRBV20-1,TRBJ2-1,SASVMSSYNEQF,1
TRBV20-1,TRBJ2-1,SASVMTSGHYNEQF,1
TRBV20-1,TRBJ2-1,SASVMVGGDEQF,1
TRBV20-1,TRBJ2-1,SASVNAGAYNEQF,1
TRBV20-1,TRBJ2-1,SASVNEQF,32
TRBV20-1,TRBJ2-1,SASVNGEQF,1
TRBV20-1,TRBJ2-1,SASVNGERNEQF,1
TRBV20-1,TRBJ2-1,SASVNGLHNEQF,1
TRBV20-1,TRBJ2-1,SASVNGNEQF,1
TRBV20-1,TRBJ2-1,SASVNGRGNEQF,4
TRBV20-1,TRBJ2-1,SASVNHNEQF,9
TRBV20-1,TRBJ2-1,SASVNHRDEQF,1
TRBV20-1,TRBJ2-1,SASVNLAGYRSSYNEQF,2
TRBV20-1,TRBJ2-1,SASVNLAYNEQF,1
TRBV20-1,TRBJ2-1,SASVNLQLSDEQF,1
TRBV20-1,TRBJ2-1,SASVNLRNEQF,1
TRBV20-1,TRBJ2-1,SASVNNEQF,5
TRBV20-1,TRBJ2-1,SASVNRESSYNEQF,1
TRBV20-1,TRBJ2-1,SASVNRGGNEQF,1
TRBV20-1,TRBJ2-1,SASVNRGGVWNEQF,1
TRBV20-1,TRBJ2-1,SASVNRGLHYNEQF,1
TRBV20-1,TRBJ2-1,SASVNSGRAVNEQF,1
TRBV20-1,TRBJ2-1,SASVNSYNEQF,1
TRBV20-1,TRBJ2-1,SASVPAAHEQF,1
TRBV20-1,TRBJ2-1,SASVPAASGRREQF,2
TRBV20-1,TRBJ2-1,SASVPAGFNEQF,1
TRBV20-1,TRBJ2-1,SASVPAGGGEQF,3
TRBV20-1,TRBJ2-1,SASVPAGGLHEQF,3
TRBV20-1,TRBJ2-1,SASVPAGGSYNEQF,1
TRBV20-1,TRBJ2-1,SASVPAGGYNNEQF,1
TRBV20-1,TRBJ2-1,SASVPAGVEQF,1
TRBV20-1,TRBJ2-1,SASVPAGVLNEQF,1
TRBV20-1,TRBJ2-1,SASVPAPGTSGSRTYNEQF,1
TRBV20-1,TRBJ2-1,SASVPASGSNEQF,1
TRBV20-1,TRBJ2-1,SASVPATYNEQF,5
TRBV20-1,TRBJ2-1,SASVPCRQGNEQF,1
TRBV20-1,TRBJ2-1,SASVPDAIDDEQF,1
TRBV20-1,TRBJ2-1,SASVPDDTYNEQF,1
TRBV20-1,TRBJ2-1,SASVPDEQF,1
TRBV20-1,TRBJ2-1,SASVPDGARDEQF,1
TRBV20-1,TRBJ2-1,SASVPDGLAGADEQF,3
TRBV20-1,TRBJ2-1,SASVPDGSWYNEQF,1
TRBV20-1,TRBJ2-1,SASVPDPLNEQF,6
TRBV20-1,TRBJ2-1,SASVPDRGPYNEQF,1
TRBV20-1,TRBJ2-1,SASVPDRVDNEQF,2
TRBV20-1,TRBJ2-1,SASVPDTGGNEQF,1
TRBV20-1,TRBJ2-1,SASVPDYSYNEQF,1
TRBV20-1,TRBJ2-1,SASVPEPLNEQF,1
TRBV20-1,TRBJ2-1,SASVPFASGSYWRDNEQF,1
TRBV20-1,TRBJ2-1,SASVPFSNEQF,1
TRBV20-1,TRBJ2-1,SASVPFTSGSFNEQF,1
TRBV20-1,TRBJ2-1,SASVPFYNEQF,2
TRBV20-1,TRBJ2-1,SASVPGAGNEQF,1
TRBV20-1,TRBJ2-1,SASVPGAIYNEQF,1
TRBV20-1,TRBJ2-1,SASVPGANEQF,1
TRBV20-1,TRBJ2-1,SASVPGAPYNEQF,1
TRBV20-1,TRBJ2-1,SASVPGARGNEQF,1
TRBV20-1,TRBJ2-1,SASVPGASGGLQGKF,4
TRBV20-1,TRBJ2-1,SASVPGASYNEQF,3
TRBV20-1,TRBJ2-1,SASVPGAVASYNEQF,1
TRBV20-1,TRBJ2-1,SASVPGAYNEQF,3
TRBV20-1,TRBJ2-1,SASVPGAYYNEQF,7
TRBV20-1,TRBJ2-1,SASVPGDPWGNEQF,1
TRBV20-1,TRBJ2-1,SASVPGDSYNEQF,1
TRBV20-1,TRBJ2-1,SASVPGDYNEQF,2
TRBV20-1,TRBJ2-1,SASVPGGAGNEQF,1
TRBV20-1,TRBJ2-1,SASVPGGDEQF,1
TRBV20-1,TRBJ2-1,SASVPGGGFYNEQF,1
TRBV20-1,TRBJ2-1,SASVPGGGNEQF,1
TRBV20-1,TRBJ2-1,SASVPGGLENEQF,1
TRBV20-1,TRBJ2-1,SASVPGGLRYNEQF,1
TRBV20-1,TRBJ2-1,SASVPGGNEQF,4
TRBV20-1,TRBJ2-1,SASVPGGNSYNEQF,1
TRBV20-1,TRBJ2-1,SASVPGGPNEQF,2
TRBV20-1,TRBJ2-1,SASVPGGPNNEQF,1
TRBV20-1,TRBJ2-1,SASVPGGPWEQF,1
TRBV20-1,TRBJ2-1,SASVPGGSYNEQF,1
TRBV20-1,TRBJ2-1,SASVPGGTNEQF,1
TRBV20-1,TRBJ2-1,SASVPGGVNNEQF,2
TRBV20-1,TRBJ2-1,SASVPGGYNEQF,3
TRBV20-1,TRBJ2-1,SASVPGHFSSYNEQF,1
TRBV20-1,TRBJ2-1,SASVPGHNEQF,1
TRBV20-1,TRBJ2-1,SASVPGIVNEQF,1
TRBV20-1,TRBJ2-1,SASVPGIYNEQF,1
TRBV20-1,TRBJ2-1,SASVPGKLGSSNEQF,1
TRBV20-1,TRBJ2-1,SASVPGLAAGDEQF,1
TRBV20-1,TRBJ2-1,SASVPGLAAYNEQF,1
TRBV20-1,TRBJ2-1,SASVPGLAEINEQF,1
TRBV20-1,TRBJ2-1,SASVPGLAESSYNEQF,1
TRBV20-1,TRBJ2-1,SASVPGLAGDSSYNEQF,1
TRBV20-1,TRBJ2-1,SASVPGLAGGGAYNEQF,2
TRBV20-1,TRBJ2-1,SASVPGLAGGKVLYNEQF,1
TRBV20-1,TRBJ2-1,SASVPGLAGGLDNEQF,1
TRBV20-1,TRBJ2-1,SASVPGLAGTSYNEQF,1
TRBV20-1,TRBJ2-1,SASVPGLAGVASYNEQF,1
TRBV20-1,TRBJ2-1,SASVPGLANEQF,13
TRBV20-1,TRBJ2-1,SASVPGLAVNEQF,2
TRBV20-1,TRBJ2-1,SASVPGLGNHEQF,1
TRBV20-1,TRBJ2-1,SASVPGLHNEQF,1
TRBV20-1,TRBJ2-1,SASVPGLNEQF,3
TRBV20-1,TRBJ2-1,SASVPGLPSNEQF,2
TRBV20-1,TRBJ2-1,SASVPGLTYNEQF,1
TRBV20-1,TRBJ2-1,SASVPGPPNNEQF,1
TRBV20-1,TRBJ2-1,SASVPGPRSYNEQF,1
TRBV20-1,TRBJ2-1,SASVPGQDNEQF,1
TRBV20-1,TRBJ2-1,SASVPGQGPPEVYNEQF,1
TRBV20-1,TRBJ2-1,SASVPGQGSSYNEQF,1
TRBV20-1,TRBJ2-1,SASVPGQNEQF,2
TRBV20-1,TRBJ2-1,SASVPGQSNEQF,1
TRBV20-1,TRBJ2-1,SASVPGQSSYNEQF,1
TRBV20-1,TRBJ2-1,SASVPGQVFHEQF,1
TRBV20-1,TRBJ2-1,SASVPGQVYNEQF,4
TRBV20-1,TRBJ2-1,SASVPGRAYNEQF,1
TRBV20-1,TRBJ2-1,SASVPGRGYNEQF,7
TRBV20-1,TRBJ2-1,SASVPGRHNEQF,1
TRBV20-1,TRBJ2-1,SASVPGRNEQF,1
TRBV20-1,TRBJ2-1,SASVPGRNNEQF,1
TRBV20-1,TRBJ2-1,SASVPGRNYNEQF,1
TRBV20-1,TRBJ2-1,SASVPGRTNNEQF,3
TRBV20-1,TRBJ2-1,SASVPGSGGTNNEQF,1
TRBV20-1,TRBJ2-1,SASVPGSNNEQF,2
TRBV20-1,TRBJ2-1,SASVPGSYNEQF,1
TRBV20-1,TRBJ2-1,SASVPGTGNEQF,1
TRBV20-1,TRBJ2-1,SASVPGTGNFYNEQF,1
TRBV20-1,TRBJ2-1,SASVPGTIGDNEQF,1
TRBV20-1,TRBJ2-1,SASVPGTLNEQF,1
TRBV20-1,TRBJ2-1,SASVPGTPSDEQF,1
TRBV20-1,TRBJ2-1,SASVPGTSGGAQNEQF,1
TRBV20-1,TRBJ2-1,SASVPGTSQWNEQF,3
TRBV20-1,TRBJ2-1,SASVPGTYNEQF,6
TRBV20-1,TRBJ2-1,SASVPGVDYNEQF,1
TRBV20-1,TRBJ2-1,SASVPGVGDEQF,1
TRBV20-1,TRBJ2-1,SASVPGVNNEQF,5
TRBV20-1,TRBJ2-1,SASVPGVTYNEQF,1
TRBV20-1,TRBJ2-1,SASVPGVVRYNEQF,1
TRBV20-1,TRBJ2-1,SASVPGVYNEQF,7
TRBV20-1,TRBJ2-1,SASVPGYTYNEQF,1
TRBV20-1,TRBJ2-1,SASVPIETNYNEQF,2
TRBV20-1,TRBJ2-1,SASVPIFGGEAYNEQF,1
TRBV20-1,TRBJ2-1,SASVPIGSNEQF,3
TRBV20-1,TRBJ2-1,SASVPKQGTPYNEQF,1
TRBV20-1,TRBJ2-1,SASVPKRGSNEQF,1
TRBV20-1,TRBJ2-1,SASVPLAGDNEQF,3
TRBV20-1,TRBJ2-1,SASVPLAGDPYNEQF,1
TRBV20-1,TRBJ2-1,SASVPLAGFYNEQF,1
TRBV20-1,TRBJ2-1,SASVPLAGGLNEQF,1
TRBV20-1,TRBJ2-1,SASVPLAGMYEQF,1
TRBV20-1,TRBJ2-1,SASVPLAGNNEQF,2
TRBV20-1,TRBJ2-1,SASVPLAGVYNEQF,1
TRBV20-1,TRBJ2-1,SASVPLAPSYNEQF,6
TRBV20-1,TRBJ2-1,SASVPLGNEQF,1
TRBV20-1,TRBJ2-1,SASVPLGSDEQF,1
TRBV20-1,TRBJ2-1,SASVPLGSYNEQF,2
TRBV20-1,TRBJ2-1,SASVPLLAGGKYNEQF,1
TRBV20-1,TRBJ2-1,SASVPLLDEQF,1
TRBV20-1,TRBJ2-1,SASVPLPGLTNEQF,1
TRBV20-1,TRBJ2-1,SASVPLQRESSYNEQF,1
TRBV20-1,TRBJ2-1,SASVPLRGYNEQF,1
TRBV20-1,TRBJ2-1,SASVPLSLAGYEQF,1
TRBV20-1,TRBJ2-1,SASVPLTGQSYNEQF,1
TRBV20-1,TRBJ2-1,SASVPLTSGLLHEQF,1
TRBV20-1,TRBJ2-1,SASVPLVSYNEQF,4
TRBV20-1,TRBJ2-1,SASVPLYNEQF,1
TRBV20-1,TRBJ2-1,SASVPNEQF,16
TRBV20-1,TRBJ2-1,SASVPNNEQF,1
TRBV20-1,TRBJ2-1,SASVPNSYNEQF,1
TRBV20-1,TRBJ2-1,SASVPNTYNEQF,1
TRBV20-1,TRBJ2-1,SASVPNYNEQF,1
TRBV20-1,TRBJ2-1,SASVPPAYNEQF,30
TRBV20-1,TRBJ2-1,SASVPPGDYNEQF,1
TRBV20-1,TRBJ2-1,SASVPPGGREQF,1
TRBV20-1,TRBJ2-1,SASVPPGNEQF,1
TRBV20-1,TRBJ2-1,SASVPPGRREQF,8
TRBV20-1,TRBJ2-1,SASVPPLAHISYNEQF,1
TRBV20-1,TRBJ2-1,SASVPPPYNEQF,1
TRBV20-1,TRBJ2-1,SASVPPRPNEQF,1
TRBV20-1,TRBJ2-1,SASVPPSGGYNEQF,1
TRBV20-1,TRBJ2-1,SASVPPSGIRSYNEQF,1
TRBV20-1,TRBJ2-1,SASVPPSLMDEQF,8
TRBV20-1,TRBJ2-1,SASVPPSYNEQF,2
TRBV20-1,TRBJ2-1,SASVPPTGSYNEQF,1
TRBV20-1,TRBJ2-1,SASVPPYNEQF,1
TRBV20-1,TRBJ2-1,SASVPQGMRSYNEQF,1
TRBV20-1,TRBJ2-1,SASVPQGSYNEQF,1
TRBV20-1,TRBJ2-1,SASVPQGVHNEQF,1
TRBV20-1,TRBJ2-1,SASVPQGVVYNEQF,1
TRBV20-1,TRBJ2-1,SASVPQKSYNEQF,1
TRBV20-1,TRBJ2-1,SASVPQRWSYNEQF,1
TRBV20-1,TRBJ2-1,SASVPRARSHEQF,12
TRBV20-1,TRBJ2-1,SASVPRDEQF,1
TRBV20-1,TRBJ2-1,SASVPRDNSDNEQF,1
TRBV20-1,TRBJ2-1,SASVPREANSYNEQF,1
TRBV20-1,TRBJ2-1,SASVPRGAHNEQF,1
TRBV20-1,TRBJ2-1,SASVPRGDSSYNEQF,4
TRBV20-1,TRBJ2-1,SASVPRGGNEQF,1
TRBV20-1,TRBJ2-1,SASVPRGGSYNEQF,1
TRBV20-1,TRBJ2-1,SASVPRGPYNEQF,4
TRBV20-1,TRBJ2-1,SASVPRGSYNEQF,1
TRBV20-1,TRBJ2-1,SASVPRGTYNEQF,1
TRBV20-1,TRBJ2-1,SASVPRLAGGHEQF,1
TRBV20-1,TRBJ2-1,SASVPRLANYNEQF,1
TRBV20-1,TRBJ2-1,SASVPRNSYNEQF,1
TRBV20-1,TRBJ2-1,SASVPRNYNEQF,1
TRBV20-1,TRBJ2-1,SASVPRPYNEQF,1
TRBV20-1,TRBJ2-1,SASVPRQGRNEQF,1
TRBV20-1,TRBJ2-1,SASVPRRNEQF,1
TRBV20-1,TRBJ2-1,SASVPRRPTNEQF,1
TRBV20-1,TRBJ2-1,SASVPRSYNEQF,1
TRBV20-1,TRBJ2-1,SASVPRTSSSYNEQF,1
TRBV20-1,TRBJ2-1,SASVPRTYEQF,1
TRBV20-1,TRBJ2-1,SASVPSAGGPYNEQF,1
TRBV20-1,TRBJ2-1,SASVPSANEQF,1
TRBV20-1,TRBJ2-1,SASVPSAPPYNEQF,2
TRBV20-1,TRBJ2-1,SASVPSASSYNEQF,2
TRBV20-1,TRBJ2-1,SASVPSASYNEQF,1
TRBV20-1,TRBJ2-1,SASVPSAVEQF,7
TRBV20-1,TRBJ2-1,SASVPSDEQF,1
TRBV20-1,TRBJ2-1,SASVPSGAFNEQF,1
TRBV20-1,TRBJ2-1,SASVPSGALNEQF,1
TRBV20-1,TRBJ2-1,SASVPSGFNEQF,1
TRBV20-1,TRBJ2-1,SASVPSGGNEQF,2
TRBV20-1,TRBJ2-1,SASVPSGGSYNEQF,1
TRBV20-1,TRBJ2-1,SASVPSGGYNEQF,1
TRBV20-1,TRBJ2-1,SASVPSGIYNEQF,5
TRBV20-1,TRBJ2-1,SASVPSGLAGNEQF,1
TRBV20-1,TRBJ2-1,SASVPSGLYNEQF,5
TRBV20-1,TRBJ2-1,SASVPSGNEQF,1
TRBV20-1,TRBJ2-1,SASVPSGPLNEQF,1
TRBV20-1,TRBJ2-1,SASVPSGPYNEQF,1
TRBV20-1,TRBJ2-1,SASVPSGRAHEQF,1
TRBV20-1,TRBJ2-1,SASVPSGRAHNEQF,1
TRBV20-1,TRBJ2-1,SASVPSGRANEQF,2
TRBV20-1,TRBJ2-1,SASVPSGRASYNEQF,1
TRBV20-1,TRBJ2-1,SASVPSGRAYNEQF,4
TRBV20-1,TRBJ2-1,SASVPSGRGRTNEQF,1
TRBV20-1,TRBJ2-1,SASVPSGRGSSYNEQF,3
TRBV20-1,TRBJ2-1,SASVPSGRNEQF,1
TRBV20-1,TRBJ2-1,SASVPSGRRYEQF,1
TRBV20-1,TRBJ2-1,SASVPSGRVDEQF,1
TRBV20-1,TRBJ2-1,SASVPSGRWNEQF,1
TRBV20-1,TRBJ2-1,SASVPSGSDEQF,1
TRBV20-1,TRBJ2-1,SASVPSGSIYEQF,1
TRBV20-1,TRBJ2-1,SASVPSGSNEQF,6
TRBV20-1,TRBJ2-1,SASVPSGSPNEQF,1
TRBV20-1,TRBJ2-1,SASVPSGSSYNEQF,2
TRBV20-1,TRBJ2-1,SASVPSGSVNEQF,1
TRBV20-1,TRBJ2-1,SASVPSGSYEQF,1
TRBV20-1,TRBJ2-1,SASVPSGTDNEQF,1
TRBV20-1,TRBJ2-1,SASVPSGTHEQF,1
TRBV20-1,TRBJ2-1,SASVPSGTLYNEQF,1
TRBV20-1,TRBJ2-1,SASVPSGTNEQF,1
TRBV20-1,TRBJ2-1,SASVPSGTSGNEQF,1
TRBV20-1,TRBJ2-1,SASVPSGVNEQF,1
TRBV20-1,TRBJ2-1,SASVPSGYNEQF,3
TRBV20-1,TRBJ2-1,SASVPSGYYNEQF,2
TRBV20-1,TRBJ2-1,SASVPSLAHEQF,1
TRBV20-1,TRBJ2-1,SASVPSPKRGNEQF,1
TRBV20-1,TRBJ2-1,SASVPSPLSYNEQF,1
TRBV20-1,TRBJ2-1,SASVPSRSGDEQF,1
TRBV20-1,TRBJ2-1,SASVPSSGRGYNEQF,1
TRBV20-1,TRBJ2-1,SASVPSSSYNEQF,1
TRBV20-1,TRBJ2-1,SASVPSSYNEQF,3
TRBV20-1,TRBJ2-1,SASVPSVTYNEQF,1
TRBV20-1,TRBJ2-1,SASVPSYNEQF,2
TRBV20-1,TRBJ2-1,SASVPTENYNEQF,1
TRBV20-1,TRBJ2-1,SASVPTETSVDEQF,1
TRBV20-1,TRBJ2-1,SASVPTFSNEQF,1
TRBV20-1,TRBJ2-1,SASVPTGGGGNEQF,3
TRBV20-1,TRBJ2-1,SASVPTGSYNEQF,1
TRBV20-1,TRBJ2-1,SASVPTGYNEQF,1
TRBV20-1,TRBJ2-1,SASVPTIVSYEQF,2
TRBV20-1,TRBJ2-1,SASVPTNEQF,1
TRBV20-1,TRBJ2-1,SASVPTNSYNEQF,7
TRBV20-1,TRBJ2-1,SASVPTRGSYNEQF,1
TRBV20-1,TRBJ2-1,SASVPTSGFNEQF,1
TRBV20-1,TRBJ2-1,SASVPTSGPYNEQF,1
TRBV20-1,TRBJ2-1,SASVPTSGRTNEQF,1
TRBV20-1,TRBJ2-1,SASVPTSGSNEQF,1
TRBV20-1,TRBJ2-1,SASVPTSGTYNEQF,1
TRBV20-1,TRBJ2-1,SASVPTSYNEQF,1
TRBV20-1,TRBJ2-1,SASVPTSYNGQV,1
TRBV20-1,TRBJ2-1,SASVPTYDANEQF,1
TRBV20-1,TRBJ2-1,SASVPTYNEQF,11
TRBV20-1,TRBJ2-1,SASVPVASGRDEQF,3
TRBV20-1,TRBJ2-1,SASVPVFLAKGNYNEQF,1
TRBV20-1,TRBJ2-1,SASVPVGSSYNEQF,2
TRBV20-1,TRBJ2-1,SASVPVHNEQF,1
TRBV20-1,TRBJ2-1,SASVPVRGRGGNEQF,1
TRBV20-1,TRBJ2-1,SASVPVSDNEQF,5
TRBV20-1,TRBJ2-1,SASVPVSGSAYNEQF,3
TRBV20-1,TRBJ2-1,SASVPVVNEQF,5
TRBV20-1,TRBJ2-1,SASVPWDLTPHNEQF,1
TRBV20-1,TRBJ2-1,SASVPWQNEQF,1
TRBV20-1,TRBJ2-1,SASVPWRRADEQF,3
TRBV20-1,TRBJ2-1,SASVPWTSGSYNEQF,3
TRBV20-1,TRBJ2-1,SASVPYEQF,2
TRBV20-1,TRBJ2-1,SASVPYGTSGNEQF,1
TRBV20-1,TRBJ2-1,SASVPYNEQF,12
TRBV20-1,TRBJ2-1,SASVPYPSNEQF,1
TRBV20-1,TRBJ2-1,SASVPYRLAGLWNEQF,1
TRBV20-1,TRBJ2-1,SASVPYRQGNEQF,1
TRBV20-1,TRBJ2-1,SASVPYYSYNEQF,1
TRBV20-1,TRBJ2-1,SASVQARGLAGGDEQF,3
TRBV20-1,TRBJ2-1,SASVQASGSFYNEQF,1
TRBV20-1,TRBJ2-1,SASVQDAHSYNEQF,1
TRBV20-1,TRBJ2-1,SASVQDEQF,4
TRBV20-1,TRBJ2-1,SASVQENEQF,1
TRBV20-1,TRBJ2-1,SASVQESDEQF,4
TRBV20-1,TRBJ2-1,SASVQFTSGILNNEQF,1
TRBV20-1,TRBJ2-1,SASVQGAGDEQF,1
TRBV20-1,TRBJ2-1,SASVQGAGNEQF,1
TRBV20-1,TRBJ2-1,SASVQGALNEQF,1
TRBV20-1,TRBJ2-1,SASVQGANNEQF,1
TRBV20-1,TRBJ2-1,SASVQGASREQF,6
TRBV20-1,TRBJ2-1,SASVQGDTYEQF,4
TRBV20-1,TRBJ2-1,SASVQGEYNEQF,1
TRBV20-1,TRBJ2-1,SASVQGFSYNEQF,1
TRBV20-1,TRBJ2-1,SASVQGFYNEQF,1
TRBV20-1,TRBJ2-1,SASVQGGNEQF,1
TRBV20-1,TRBJ2-1,SASVQGGPYNEQF,1
TRBV20-1,TRBJ2-1,SASVQGGSYNEQF,1
TRBV20-1,TRBJ2-1,SASVQGGYNEQF,3
TRBV20-1,TRBJ2-1,SASVQGIEQF,1
TRBV20-1,TRBJ2-1,SASVQGLNEQF,1
TRBV20-1,TRBJ2-1,SASVQGNEQF,3
TRBV20-1,TRBJ2-1,SASVQGPYNEQF,3
TRBV20-1,TRBJ2-1,SASVQGQEDNEQF,2
TRBV20-1,TRBJ2-1,SASVQGQGRGSSYNEQF,1
TRBV20-1,TRBJ2-1,SASVQGQGWGNEQF,1
TRBV20-1,TRBJ2-1,SASVQGRGDEQF,1
TRBV20-1,TRBJ2-1,SASVQGRGGYNEQF,1
TRBV20-1,TRBJ2-1,SASVQGRNEQF,4
TRBV20-1,TRBJ2-1,SASVQGSYEQF,1
TRBV20-1,TRBJ2-1,SASVQGSYNEQF,2
TRBV20-1,TRBJ2-1,SASVQGTYNEQF,1
TRBV20-1,TRBJ2-1,SASVQGVKKNTRAPYNEQF,1
TRBV20-1,TRBJ2-1,SASVQGVVDEQF,8
TRBV20-1,TRBJ2-1,SASVQGVYYNEQF,1
TRBV20-1,TRBJ2-1,SASVQGWNEQF,1
TRBV20-1,TRBJ2-1,SASVQGYEQF,3
TRBV20-1,TRBJ2-1,SASVQGYNEQF,2
TRBV20-1,TRBJ2-1,SASVQHNEQF,3
TRBV20-1,TRBJ2-1,SASVQHRARIIYNEQF,1
TRBV20-1,TRBJ2-1,SASVQKGYNEQF,1
TRBV20-1,TRBJ2-1,SASVQLAAAYNEQF,1
TRBV20-1,TRBJ2-1,SASVQLARSYNEQF,1
TRBV20-1,TRBJ2-1,SASVQLGSYNEQF,1
TRBV20-1,TRBJ2-1,SASVQLHEQF,1
TRBV20-1,TRBJ2-1,SASVQLIYNEQF,1
TRBV20-1,TRBJ2-1,SASVQLLGTSGSRKNEQF,1
TRBV20-1,TRBJ2-1,SASVQNEQF,2
TRBV20-1,TRBJ2-1,SASVQNHNEQF,1
TRBV20-1,TRBJ2-1,SASVQPSYNEQF,1
TRBV20-1,TRBJ2-1,SASVQPYNEQF,2
TRBV20-1,TRBJ2-1,SASVQQEQF,3
TRBV20-1,TRBJ2-1,SASVQQWVTTGSYNEQF,1
TRBV20-1,TRBJ2-1,SASVQREFDEQF,6
TRBV20-1,TRBJ2-1,SASVQREGNEQF,1
TRBV20-1,TRBJ2-1,SASVQREIDEQF,1
TRBV20-1,TRBJ2-1,SASVQRESSYNEQF,1
TRBV20-1,TRBJ2-1,SASVQRGAHLNEQF,1
TRBV20-1,TRBJ2-1,SASVQRGAYNEQF,2
TRBV20-1,TRBJ2-1,SASVQRGFNEQF,1
TRBV20-1,TRBJ2-1,SASVQRGHRVNEQF,1
TRBV20-1,TRBJ2-1,SASVQRGNNEQF,2
TRBV20-1,TRBJ2-1,SASVQRGSSYNEQF,1
TRBV20-1,TRBJ2-1,SASVQRGYNEQF,1
TRBV20-1,TRBJ2-1,SASVQRLAGLYEQF,1
TRBV20-1,TRBJ2-1,SASVQRRHNEQF,5
TRBV20-1,TRBJ2-1,SASVQRTYGEQF,1
TRBV20-1,TRBJ2-1,SASVQRTYNEQF,4
TRBV20-1,TRBJ2-1,SASVQSSYNEQF,1
TRBV20-1,TRBJ2-1,SASVQTGGALNEQF,2
TRBV20-1,TRBJ2-1,SASVQTGNEQF,1
TRBV20-1,TRBJ2-1,SASVQVGTIVNEQF,1
TRBV20-1,TRBJ2-1,SASVQYNEQF,4
TRBV20-1,TRBJ2-1,SASVQYPFNEQF,4
TRBV20-1,TRBJ2-1,SASVRAAQPSYNEQF,1
TRBV20-1,TRBJ2-1,SASVRAASSYNEQF,1
TRBV20-1,TRBJ2-1,SASVRAEVYNEQF,1
TRBV20-1,TRBJ2-1,SASVRAGEAYNEQF,4
TRBV20-1,TRBJ2-1,SASVRAGLSSYNEQF,4
TRBV20-1,TRBJ2-1,SASVRAGNYNEQF,1
TRBV20-1,TRBJ2-1,SASVRAGTKLINEQF,1
TRBV20-1,TRBJ2-1,SASVRAGTQGGYYNEQF,1
TRBV20-1,TRBJ2-1,SASVRAGVAYNEQF,1
TRBV20-1,TRBJ2-1,SASVRAIATYNEQF,1
TRBV20-1,TRBJ2-1,SASVRAIWGDEQF,15
TRBV20-1,TRBJ2-1,SASVRALPYNEQF,1
TRBV20-1,TRBJ2-1,SASVRALYNEQF,1
TRBV20-1,TRBJ2-1,SASVRANQYNEQF,1
TRBV20-1,TRBJ2-1,SASVRARIDEQF,1
TRBV20-1,TRBJ2-1,SASVRASATYNEQF,9
TRBV20-1,TRBJ2-1,SASVRASGAYNEQF,1
TRBV20-1,TRBJ2-1,SASVRASGRFLDEQF,1
TRBV20-1,TRBJ2-1,SASVRASGSSRYNEQF,1
TRBV20-1,TRBJ2-1,SASVRASGVHEQF,1
TRBV20-1,TRBJ2-1,SASVRASYNEQF,1
TRBV20-1,TRBJ2-1,SASVRATSYNEQF,1
TRBV20-1,TRBJ2-1,SASVRAVSYNEQF,1
TRBV20-1,TRBJ2-1,SASVRAYNEQF,2
TRBV20-1,TRBJ2-1,SASVRAYYNEQF,3
TRBV20-1,TRBJ2-1,SASVRDADRNEQF,1
TRBV20-1,TRBJ2-1,SASVRDEQF,5
TRBV20-1,TRBJ2-1,SASVRDFQNNEQF,1
TRBV20-1,TRBJ2-1,SASVRDGRTSYNEQF,9
TRBV20-1,TRBJ2-1,SASVRDNEQF,7
TRBV20-1,TRBJ2-1,SASVRDNYNEQF,7
TRBV20-1,TRBJ2-1,SASVRDRGGNEQF,1
TRBV20-1,TRBJ2-1,SASVRDRGINEQF,1
TRBV20-1,TRBJ2-1,SASVRDRGYNEQF,1
TRBV20-1,TRBJ2-1,SASVRDRPYNEQF,7
TRBV20-1,TRBJ2-1,SASVRDRVYNEQF,1
TRBV20-1,TRBJ2-1,SASVRDSHGDEQF,8
TRBV20-1,TRBJ2-1,SASVRDSKGHEQF,1
TRBV20-1,TRBJ2-1,SASVRDSLLNEQF,1
TRBV20-1,TRBJ2-1,SASVRDSSYNEQF,1
TRBV20-1,TRBJ2-1,SASVRDTLVSDEQF,1
TRBV20-1,TRBJ2-1,SASVRDWLDEQF,1
TRBV20-1,TRBJ2-1,SASVRDYAYNEQF,2
TRBV20-1,TRBJ2-1,SASVRDYNEQF,1
TRBV20-1,TRBJ2-1,SASVRDYYNEQF,1
TRBV20-1,TRBJ2-1,SASVREALWNEQF,1
TRBV20-1,TRBJ2-1,SASVREDRGNEQF,1
TRBV20-1,TRBJ2-1,SASVREEILDEQF,1
TRBV20-1,TRBJ2-1,SASVREFHNEQF,1
TRBV20-1,TRBJ2-1,SASVREGAIVNEQF,1
TRBV20-1,TRBJ2-1,SASVREGFHEQF,1
TRBV20-1,TRBJ2-1,SASVREGFNEQF,4
TRBV20-1,TRBJ2-1,SASVREGGSGYNEQF,1
TRBV20-1,TRBJ2-1,SASVREGIRYEQF,1
TRBV20-1,TRBJ2-1,SASVREGLGYEQF,1
TRBV20-1,TRBJ2-1,SASVREGLLGNNEQF,1
TRBV20-1,TRBJ2-1,SASVREGLVYNEQF,1
TRBV20-1,TRBJ2-1,SASVREGPDEQF,1
TRBV20-1,TRBJ2-1,SASVREGPNEQF,2
TRBV20-1,TRBJ2-1,SASVREGQAYNEQF,1
TRBV20-1,TRBJ2-1,SASVREGRGYNEQF,2
TRBV20-1,TRBJ2-1,SASVREGRRSYNEQF,1
TRBV20-1,TRBJ2-1,SASVREGRRYNEQF,1
TRBV20-1,TRBJ2-1,SASVREGRYNEQF,4
TRBV20-1,TRBJ2-1,SASVREGYNEQF,2
TRBV20-1,TRBJ2-1,SASVREKVYNEQF,1
TRBV20-1,TRBJ2-1,SASVREMFNEQF,1
TRBV20-1,TRBJ2-1,SASVREPGQGGSYNEQF,1
TRBV20-1,TRBJ2-1,SASVREPHEQF,5
TRBV20-1,TRBJ2-1,SASVRERAPYNEQF,1
TRBV20-1,TRBJ2-1,SASVRERITYNEQF,1
TRBV20-1,TRBJ2-1,SASVRERIVGQF,9
TRBV20-1,TRBJ2-1,SASVRERSGEQF,1
TRBV20-1,TRBJ2-1,SASVRERSNEQF,1
TRBV20-1,TRBJ2-1,SASVRESSYNEQF,2
TRBV20-1,TRBJ2-1,SASVRESYNEQF,3
TRBV20-1,TRBJ2-1,SASVRETFSYNEQF,1
TRBV20-1,TRBJ2-1,SASVREYNEQF,1
TRBV20-1,TRBJ2-1,SASVRFGSYNEQF,1
TRBV20-1,TRBJ2-1,SASVRFLAGHRDEQF,1
TRBV20-1,TRBJ2-1,SASVRFPSYEQF,1
TRBV20-1,TRBJ2-1,SASVRFSYNEQF,1
TRBV20-1,TRBJ2-1,SASVRGAGGPYNEQF,1
TRBV20-1,TRBJ2-1,SASVRGAGSNEQF,1
TRBV20-1,TRBJ2-1,SASVRGALSYNEQF,1
TRBV20-1,TRBJ2-1,SASVRGASAYNEQF,3
TRBV20-1,TRBJ2-1,SASVRGASSYNEQF,1
TRBV20-1,TRBJ2-1,SASVRGAVAGSSYNEQF,1
TRBV20-1,TRBJ2-1,SASVRGAYNEQF,1
TRBV20-1,TRBJ2-1,SASVRGDEQF,3
TRBV20-1,TRBJ2-1,SASVRGDHNEQF,1
TRBV20-1,TRBJ2-1,SASVRGDPYNEQF,1
TRBV20-1,TRBJ2-1,SASVRGDSPYNEQF,1
TRBV20-1,TRBJ2-1,SASVRGEQF,3
TRBV20-1,TRBJ2-1,SASVRGEYNEQF,1
TRBV20-1,TRBJ2-1,SASVRGFYNEQF,2
TRBV20-1,TRBJ2-1,SASVRGGFVDNEQF,1
TRBV20-1,TRBJ2-1,SASVRGGGRRGSYNEQF,1
TRBV20-1,TRBJ2-1,SASVRGGISYNEQF,1
TRBV20-1,TRBJ2-1,SASVRGGRPSSYNEQF,1
TRBV20-1,TRBJ2-1,SASVRGGRQYNEQF,2
TRBV20-1,TRBJ2-1,SASVRGGRYNEQF,1
TRBV20-1,TRBJ2-1,SASVRGGSGYTSSYNEQF,1
TRBV20-1,TRBJ2-1,SASVRGGSSYNEQF,4
TRBV20-1,TRBJ2-1,SASVRGGSVGRSGYNEQF,1
TRBV20-1,TRBJ2-1,SASVRGGSYNEQF,3
TRBV20-1,TRBJ2-1,SASVRGGTSGYNEQF,1
TRBV20-1,TRBJ2-1,SASVRGGTSYNEQF,1
TRBV20-1,TRBJ2-1,SASVRGIGDEQF,1
TRBV20-1,TRBJ2-1,SASVRGILGSGRLRDVYNEQF,1
TRBV20-1,TRBJ2-1,SASVRGLAGGSSYNEQF,4
TRBV20-1,TRBJ2-1,SASVRGLANEQF,1
TRBV20-1,TRBJ2-1,SASVRGLASYNEQF,1
TRBV20-1,TRBJ2-1,SASVRGLDYNEQF,1
TRBV20-1,TRBJ2-1,SASVRGLGNEQF,1
TRBV20-1,TRBJ2-1,SASVRGLYNEQF,1
TRBV20-1,TRBJ2-1,SASVRGNEQF,3
TRBV20-1,TRBJ2-1,SASVRGNNEQF,1
TRBV20-1,TRBJ2-1,SASVRGNSYNEQF,2
TRBV20-1,TRBJ2-1,SASVRGPGVYNEQF,1
TRBV20-1,TRBJ2-1,SASVRGPYNEQF,4
TRBV20-1,TRBJ2-1,SASVRGQALNEQS,1
TRBV20-1,TRBJ2-1,SASVRGQF,2
TRBV20-1,TRBJ2-1,SASVRGQGLHLRDEQF,1
TRBV20-1,TRBJ2-1,SASVRGQGVYEQF,1
TRBV20-1,TRBJ2-1,SASVRGQSPYNEQF,1
TRBV20-1,TRBJ2-1,SASVRGREAYNEQF,1
TRBV20-1,TRBJ2-1,SASVRGRKNEQF,1
TRBV20-1,TRBJ2-1,SASVRGRLSYNEQF,1
TRBV20-1,TRBJ2-1,SASVRGRNQNEQF,1
TRBV20-1,TRBJ2-1,SASVRGRVDEQF,1
TRBV20-1,TRBJ2-1,SASVRGSGIYNEQF,1
TRBV20-1,TRBJ2-1,SASVRGSNEQF,1
TRBV20-1,TRBJ2-1,SASVRGSQSSYNEQF,1
TRBV20-1,TRBJ2-1,SASVRGSSYNEQF,4
TRBV20-1,TRBJ2-1,SASVRGSYNEQF,2
TRBV20-1,TRBJ2-1,SASVRGTADYNEQF,1
TRBV20-1,TRBJ2-1,SASVRGTGGNEQF,1
TRBV20-1,TRBJ2-1,SASVRGTGTYNEQF,1
TRBV20-1,TRBJ2-1,SASVRGTSDNEQF,1
TRBV20-1,TRBJ2-1,SASVRGTSGSAGYNEQF,1
TRBV20-1,TRBJ2-1,SASVRGTSGYNEQF,1
TRBV20-1,TRBJ2-1,SASVRGYDNEQF,2
TRBV20-1,TRBJ2-1,SASVRGYEQF,1
TRBV20-1,TRBJ2-1,SASVRGYYNEQF,4
TRBV20-1,TRBJ2-1,SASVRHRVTYNEQF,1
TRBV20-1,TRBJ2-1,SASVRIAEPYNEQF,1
TRBV20-1,TRBJ2-1,SASVRKRSSYNEQF,1
TRBV20-1,TRBJ2-1,SASVRKVEQF,1
TRBV20-1,TRBJ2-1,SASVRLAAYNEQF,1
TRBV20-1,TRBJ2-1,SASVRLAGAYNEQF,1
TRBV20-1,TRBJ2-1,SASVRLAGDNEQF,2
TRBV20-1,TRBJ2-1,SASVRLAGGLGEQF,3
TRBV20-1,TRBJ2-1,SASVRLAGGSSSYNEQF,1
TRBV20-1,TRBJ2-1,SASVRLAGNNEQF,2
TRBV20-1,TRBJ2-1,SASVRLAGNYNEQF,1
TRBV20-1,TRBJ2-1,SASVRLAGRNEQF,1
TRBV20-1,TRBJ2-1,SASVRLANSYNEQF,1
TRBV20-1,TRBJ2-1,SASVRLARNNEQF,1
TRBV20-1,TRBJ2-1,SASVRLAVSSYNEQF,1
TRBV20-1,TRBJ2-1,SASVRLAVSYNEQF,1
TRBV20-1,TRBJ2-1,SASVRLAVYNEQF,1
TRBV20-1,TRBJ2-1,SASVRLGDEQF,1
TRBV20-1,TRBJ2-1,SASVRLGGNNEQF,1
TRBV20-1,TRBJ2-1,SASVRLGNNEQF,1
TRBV20-1,TRBJ2-1,SASVRLGYNEQF,1
TRBV20-1,TRBJ2-1,SASVRLMSSYNEQF,1
TRBV20-1,TRBJ2-1,SASVRLPENEQF,1
TRBV20-1,TRBJ2-1,SASVRLVFYNEQF,2
TRBV20-1,TRBJ2-1,SASVRNEQF,2
TRBV20-1,TRBJ2-1,SASVRNLNEQF,1
TRBV20-1,TRBJ2-1,SASVRNNEQF,7
TRBV20-1,TRBJ2-1,SASVRNQWGRRRGAYNEQF,1
TRBV20-1,TRBJ2-1,SASVRNSYNEQF,1
TRBV20-1,TRBJ2-1,SASVRPGLGNEQF,1
TRBV20-1,TRBJ2-1,SASVRPGVSYNEQF,2
TRBV20-1,TRBJ2-1,SASVRPLNEQF,1
TRBV20-1,TRBJ2-1,SASVRPPRNEQF,1
TRBV20-1,TRBJ2-1,SASVRPSGDNEQF,1
TRBV20-1,TRBJ2-1,SASVRPSGNEQF,1
TRBV20-1,TRBJ2-1,SASVRPSNEQF,1
TRBV20-1,TRBJ2-1,SASVRPSSYNEQF,1
TRBV20-1,TRBJ2-1,SASVRPTQHLGQSYEQF,1
TRBV20-1,TRBJ2-1,SASVRPYNEQF,1
TRBV20-1,TRBJ2-1,SASVRQF,1
TRBV20-1,TRBJ2-1,SASVRQGSNYNEQF,1
TRBV20-1,TRBJ2-1,SASVRQGSSYNEQF,1
TRBV20-1,TRBJ2-1,SASVRQGTSYNEQF,1
TRBV20-1,TRBJ2-1,SASVRQGYNEQF,1
TRBV20-1,TRBJ2-1,SASVRQNEQF,1
TRBV20-1,TRBJ2-1,SASVRQSYNEQF,2
TRBV20-1,TRBJ2-1,SASVRQTRYADNEQF,1
TRBV20-1,TRBJ2-1,SASVRRAKSSYNEQF,1
TRBV20-1,TRBJ2-1,SASVRRDEQF,1
TRBV20-1,TRBJ2-1,SASVRRDNEQF,1
TRBV20-1,TRBJ2-1,SASVRRDRGHNEQF,1
TRBV20-1,TRBJ2-1,SASVRRENNEQF,1
TRBV20-1,TRBJ2-1,SASVRREVRNEQF,1
TRBV20-1,TRBJ2-1,SASVRREVYNEQF,1
TRBV20-1,TRBJ2-1,SASVRREWGEQF,1
TRBV20-1,TRBJ2-1,SASVRRFGLAEKYNEQF,1
TRBV20-1,TRBJ2-1,SASVRRFYNEQF,1
TRBV20-1,TRBJ2-1,SASVRRGLAGLVGSYNEQF,1
TRBV20-1,TRBJ2-1,SASVRRGSAYNEQF,1
TRBV20-1,TRBJ2-1,SASVRRGWDEQF,8
TRBV20-1,TRBJ2-1,SASVRRIRDEQF,1
TRBV20-1,TRBJ2-1,SASVRRKGSGNEQF,1
TRBV20-1,TRBJ2-1,SASVRRLVYNEQF,1
TRBV20-1,TRBJ2-1,SASVRRNNEQF,2
TRBV20-1,TRBJ2-1,SASVRRQGNYNEQF,1
TRBV20-1,TRBJ2-1,SASVRRQGYEQF,1
TRBV20-1,TRBJ2-1,SASVRRRESYNEQF,1
TRBV20-1,TRBJ2-1,SASVRRSDYNEQF,7
TRBV20-1,TRBJ2-1,SASVRRSYNEQF,1
TRBV20-1,TRBJ2-1,SASVRSAYNEQF,1
TRBV20-1,TRBJ2-1,SASVRSGGAYNEQF,1
TRBV20-1,TRBJ2-1,SASVRSGGIGYNEQF,1
TRBV20-1,TRBJ2-1,SASVRSGGYNEQF,1
TRBV20-1,TRBJ2-1,SASVRSGNYNEQF,1
TRBV20-1,TRBJ2-1,SASVRSGRANEQF,1
TRBV20-1,TRBJ2-1,SASVRSGREGYNEQF,1
TRBV20-1,TRBJ2-1,SASVRSGRSYNEQF,1
TRBV20-1,TRBJ2-1,SASVRSGRTSSYNEQF,1
TRBV20-1,TRBJ2-1,SASVRSGTLSSYNEQF,1
TRBV20-1,TRBJ2-1,SASVRSLNEQF,1
TRBV20-1,TRBJ2-1,SASVRSNEQF,2
TRBV20-1,TRBJ2-1,SASVRSSGNLDEQF,1
TRBV20-1,TRBJ2-1,SASVRSSYNEQF,4
TRBV20-1,TRBJ2-1,SASVRSYNEQF,1
TRBV20-1,TRBJ2-1,SASVRTAYNEQF,1
TRBV20-1,TRBJ2-1,SASVRTFYNEQF,1
TRBV20-1,TRBJ2-1,SASVRTGGPGNEQF,1
TRBV20-1,TRBJ2-1,SASVRTGHNEQF,3
TRBV20-1,TRBJ2-1,SASVRTGLGYNEQF,4
TRBV20-1,TRBJ2-1,SASVRTGQDEQF,1
TRBV20-1,TRBJ2-1,SASVRTGSHNEQF,1
TRBV20-1,TRBJ2-1,SASVRTLYNEQF,1
TRBV20-1,TRBJ2-1,SASVRTNPHNEQF,1
TRBV20-1,TRBJ2-1,SASVRTQSNEQF,1
TRBV20-1,TRBJ2-1,SASVRTSGKSISYNEQF,1
TRBV20-1,TRBJ2-1,SASVRTSGLPGDEQF,1
TRBV20-1,TRBJ2-1,SASVRTSGNNEQF,1
TRBV20-1,TRBJ2-1,SASVRTSGNYNEQF,1
TRBV20-1,TRBJ2-1,SASVRTSGRARSYNEQF,1
TRBV20-1,TRBJ2-1,SASVRTSGRDEQF,1
TRBV20-1,TRBJ2-1,SASVRTSGRDYEQF,1
TRBV20-1,TRBJ2-1,SASVRTSGRYNEQF,1
TRBV20-1,TRBJ2-1,SASVRTSGSAYNEQF,1
TRBV20-1,TRBJ2-1,SASVRTSGSDEQF,15
TRBV20-1,TRBJ2-1,SASVRTSGSSEQF,1
TRBV20-1,TRBJ2-1,SASVRTSLSEQF,2
TRBV20-1,TRBJ2-1,SASVRTSPSSYNEQF,10
TRBV20-1,TRBJ2-1,SASVRTSRYNEQF,1
TRBV20-1,TRBJ2-1,SASVRTSSNEQF,1
TRBV20-1,TRBJ2-1,SASVRTSWTLNYNEQF,1
TRBV20-1,TRBJ2-1,SASVRTSYNELF,1
TRBV20-1,TRBJ2-1,SASVRTSYNEQF,33
TRBV20-1,TRBJ2-1,SASVRTSYSYNEQF,1
TRBV20-1,TRBJ2-1,SASVRVAGGGAYNEQF,1
TRBV20-1,TRBJ2-1,SASVRVAVSDEQF,1
TRBV20-1,TRBJ2-1,SASVRVDYNKHF,1
TRBV20-1,TRBJ2-1,SASVRVGFNYNEPF,1
TRBV20-1,TRBJ2-1,SASVRVGGTNEQF,1
TRBV20-1,TRBJ2-1,SASVRVKAYNEQF,1
TRBV20-1,TRBJ2-1,SASVRVNEQF,3
TRBV20-1,TRBJ2-1,SASVRVSPYEQF,2
TRBV20-1,TRBJ2-1,SASVRVSVNEQF,1
TRBV20-1,TRBJ2-1,SASVRVSYNEQF,2
TRBV20-1,TRBJ2-1,SASVRVVINEQF,1
TRBV20-1,TRBJ2-1,SASVRVVNEQF,1
TRBV20-1,TRBJ2-1,SASVRVVYNEQF,1
TRBV20-1,TRBJ2-1,SASVRWTLNEQF,1
TRBV20-1,TRBJ2-1,SASVRYNEQF,3
TRBV20-1,TRBJ2-1,SASVSAAIPYNEQF,1
TRBV20-1,TRBJ2-1,SASVSAASYNEQF,1
TRBV20-1,TRBJ2-1,SASVSAAYNEQF,1
TRBV20-1,TRBJ2-1,SASVSAFGNEQF,1
TRBV20-1,TRBJ2-1,SASVSAGAGNEQF,3
TRBV20-1,TRBJ2-1,SASVSAGASYNEQF,1
TRBV20-1,TRBJ2-1,SASVSAGIVRNEQF,1
TRBV20-1,TRBJ2-1,SASVSAGVGNEQF,1
TRBV20-1,TRBJ2-1,SASVSAGVNEQF,1
TRBV20-1,TRBJ2-1,SASVSAIYEQF,1
TRBV20-1,TRBJ2-1,SASVSANEQF,3
TRBV20-1,TRBJ2-1,SASVSAPSYNEQF,1
TRBV20-1,TRBJ2-1,SASVSASLDEQF,1
TRBV20-1,TRBJ2-1,SASVSASSYNEQF,5
TRBV20-1,TRBJ2-1,SASVSASYNEQF,1
TRBV20-1,TRBJ2-1,SASVSAVGNEQF,1
TRBV20-1,TRBJ2-1,SASVSAVSSYNEQF,1
TRBV20-1,TRBJ2-1,SASVSAYNEQF,1
TRBV20-1,TRBJ2-1,SASVSDEQF,3
TRBV20-1,TRBJ2-1,SASVSDHEQF,3
TRBV20-1,TRBJ2-1,SASVSDLNNEQF,1
TRBV20-1,TRBJ2-1,SASVSDNEQF,4
TRBV20-1,TRBJ2-1,SASVSDRNNEQF,1
TRBV20-1,TRBJ2-1,SASVSDYNEQF,2
TRBV20-1,TRBJ2-1,SASVSEAGGYNEQF,1
TRBV20-1,TRBJ2-1,SASVSEAPYNEQF,1
TRBV20-1,TRBJ2-1,SASVSETYNEQF,1
TRBV20-1,TRBJ2-1,SASVSFIGNEQF,1
TRBV20-1,TRBJ2-1,SASVSFLYNEQF,1
TRBV20-1,TRBJ2-1,SASVSFNEQF,1
TRBV20-1,TRBJ2-1,SASVSFYNEQF,1
TRBV20-1,TRBJ2-1,SASVSGAAYNEQF,1
TRBV20-1,TRBJ2-1,SASVSGAGNEQF,6
TRBV20-1,TRBJ2-1,SASVSGAGPYNEQF,1
TRBV20-1,TRBJ2-1,SASVSGAGTRIVNEQF,2
TRBV20-1,TRBJ2-1,SASVSGALLFYNEQF,3
TRBV20-1,TRBJ2-1,SASVSGAQNEQF,1
TRBV20-1,TRBJ2-1,SASVSGASSYNEQF,1
TRBV20-1,TRBJ2-1,SASVSGASYNEQF,1
TRBV20-1,TRBJ2-1,SASVSGAYNEQF,1
TRBV20-1,TRBJ2-1,SASVSGDDEQF,1
TRBV20-1,TRBJ2-1,SASVSGDEQF,1
TRBV20-1,TRBJ2-1,SASVSGDNEQF,2
TRBV20-1,TRBJ2-1,SASVSGDYYNEQF,1
TRBV20-1,TRBJ2-1,SASVSGGAIYNEQF,1
TRBV20-1,TRBJ2-1,SASVSGGAPMNNEQF,1
TRBV20-1,TRBJ2-1,SASVSGGASNEQF,3
TRBV20-1,TRBJ2-1,SASVSGGAYNEQF,1
TRBV20-1,TRBJ2-1,SASVSGGDNEQF,1
TRBV20-1,TRBJ2-1,SASVSGGDSEQF,1
TRBV20-1,TRBJ2-1,SASVSGGGGYNEQF,2
TRBV20-1,TRBJ2-1,SASVSGGHNEQF,3
TRBV20-1,TRBJ2-1,SASVSGGIAYNEQF,1
TRBV20-1,TRBJ2-1,SASVSGGKNEQF,1
TRBV20-1,TRBJ2-1,SASVSGGLNEQF,1
TRBV20-1,TRBJ2-1,SASVSGGLSSYNEQF,1
TRBV20-1,TRBJ2-1,SASVSGGPSYNEKF,1
TRBV20-1,TRBJ2-1,SASVSGGPSYNEQF,7
TRBV20-1,TRBJ2-1,SASVSGGRLNEQF,3
TRBV20-1,TRBJ2-1,SASVSGGRNEQF,1
TRBV20-1,TRBJ2-1,SASVSGGRRSYNEQF,1
TRBV20-1,TRBJ2-1,SASVSGGRSYNEQF,2
TRBV20-1,TRBJ2-1,SASVSGGSAYNEQF,6
TRBV20-1,TRBJ2-1,SASVSGGSGWLAGAYNEQF,1
TRBV20-1,TRBJ2-1,SASVSGGSYNEQF,2
TRBV20-1,TRBJ2-1,SASVSGGVENNEQF,1
TRBV20-1,TRBJ2-1,SASVSGGVNEQF,1
TRBV20-1,TRBJ2-1,SASVSGGYNEQF,4
TRBV20-1,TRBJ2-1,SASVSGISYNEQF,5
TRBV20-1,TRBJ2-1,SASVSGITYNEQF,1
TRBV20-1,TRBJ2-1,SASVSGKGYNEQF,1
TRBV20-1,TRBJ2-1,SASVSGKNEQF,1
TRBV20-1,TRBJ2-1,SASVSGKNYNEQF,1
TRBV20-1,TRBJ2-1,SASVSGLAAYNEQF,1
TRBV20-1,TRBJ2-1,SASVSGLAGGTSSYNEQF,1
TRBV20-1,TRBJ2-1,SASVSGLASYNEQF,1
TRBV20-1,TRBJ2-1,SASVSGLHLNNEQF,1
TRBV20-1,TRBJ2-1,SASVSGLSYNEQF,1
TRBV20-1,TRBJ2-1,SASVSGLYNEQF,5
TRBV20-1,TRBJ2-1,SASVSGNEQF,3
TRBV20-1,TRBJ2-1,SASVSGNMNEQF,1
TRBV20-1,TRBJ2-1,SASVSGNNEQF,1
TRBV20-1,TRBJ2-1,SASVSGNSYNEQF,2
TRBV20-1,TRBJ2-1,SASVSGPNNEQF,7
TRBV20-1,TRBJ2-1,SASVSGPTYNEQF,6
TRBV20-1,TRBJ2-1,SASVSGPYNEQF,1
TRBV20-1,TRBJ2-1,SASVSGQFNEQF,2
TRBV20-1,TRBJ2-1,SASVSGQGNYNEQF,1
TRBV20-1,TRBJ2-1,SASVSGRAGIYNEQF,1
TRBV20-1,TRBJ2-1,SASVSGRAKSYNEQF,1
TRBV20-1,TRBJ2-1,SASVSGRALNEQF,1
TRBV20-1,TRBJ2-1,SASVSGRANEQF,1
TRBV20-1,TRBJ2-1,SASVSGRANNEQF,1
TRBV20-1,TRBJ2-1,SASVSGRASNEQF,1
TRBV20-1,TRBJ2-1,SASVSGRASYNEQF,1
TRBV20-1,TRBJ2-1,SASVSGRAVYNEQF,1
TRBV20-1,TRBJ2-1,SASVSGRAWDEQF,1
TRBV20-1,TRBJ2-1,SASVSGRAYNEQF,1
TRBV20-1,TRBJ2-1,SASVSGRDHEQF,1
TRBV20-1,TRBJ2-1,SASVSGRDNEQF,12
TRBV20-1,TRBJ2-1,SASVSGRDYNEQF,1
TRBV20-1,TRBJ2-1,SASVSGRFYNEQF,1
TRBV20-1,TRBJ2-1,SASVSGRGHNEQF,1
TRBV20-1,TRBJ2-1,SASVSGRGNEQF,2
TRBV20-1,TRBJ2-1,SASVSGRGSYNEQF,1
TRBV20-1,TRBJ2-1,SASVSGRHEQF,1
TRBV20-1,TRBJ2-1,SASVSGRISYNEQF,1
TRBV20-1,TRBJ2-1,SASVSGRLGSYNEQF,1
TRBV20-1,TRBJ2-1,SASVSGRLNEQF,3
TRBV20-1,TRBJ2-1,SASVSGRLNNEQF,1
TRBV20-1,TRBJ2-1,SASVSGRLYNEQF,1
TRBV20-1,TRBJ2-1,SASVSGRNHNEQF,1
TRBV20-1,TRBJ2-1,SASVSGRNPAYNEQF,1
TRBV20-1,TRBJ2-1,SASVSGRPEYNEQF,1
TRBV20-1,TRBJ2-1,SASVSGRPNEQF,1
TRBV20-1,TRBJ2-1,SASVSGRQSSYNEQF,1
TRBV20-1,TRBJ2-1,SASVSGRRSSYNEQF,1
TRBV20-1,TRBJ2-1,SASVSGRSYNEQF,1
TRBV20-1,TRBJ2-1,SASVSGRTNEQF,1
TRBV20-1,TRBJ2-1,SASVSGRTYEQF,1
TRBV20-1,TRBJ2-1,SASVSGRVNEQF,2
TRBV20-1,TRBJ2-1,SASVSGRVRYNEQF,1
TRBV20-1,TRBJ2-1,SASVSGRVYNEQF,1
TRBV20-1,TRBJ2-1,SASVSGRWDNEQF,7
TRBV20-1,TRBJ2-1,SASVSGRYNEQF,2
TRBV20-1,TRBJ2-1,SASVSGSFSESDEQF,1
TRBV20-1,TRBJ2-1,SASVSGSFSYNEQF,1
TRBV20-1,TRBJ2-1,SASVSGSHNEQF,5
TRBV20-1,TRBJ2-1,SASVSGSKQF,2
TRBV20-1,TRBJ2-1,SASVSGSLNEQF,1
TRBV20-1,TRBJ2-1,SASVSGSLRNEQF,1
TRBV20-1,TRBJ2-1,SASVSGSLSEQF,1
TRBV20-1,TRBJ2-1,SASVSGSLYNEQF,1
TRBV20-1,TRBJ2-1,SASVSGSNEQF,1
TRBV20-1,TRBJ2-1,SASVSGSRNEQF,1
TRBV20-1,TRBJ2-1,SASVSGSSYNEQC,1
TRBV20-1,TRBJ2-1,SASVSGSSYNEQF,16
TRBV20-1,TRBJ2-1,SASVSGSVFGVEQF,2
TRBV20-1,TRBJ2-1,SASVSGSVYNEQF,1
TRBV20-1,TRBJ2-1,SASVSGSWRPNEQF,1
TRBV20-1,TRBJ2-1,SASVSGSYNEQF,24
TRBV20-1,TRBJ2-1,SASVSGTDNEQF,1
TRBV20-1,TRBJ2-1,SASVSGTGPYNEQF,1
TRBV20-1,TRBJ2-1,SASVSGTGTPNEQF,3
TRBV20-1,TRBJ2-1,SASVSGTHSNEQF,1
TRBV20-1,TRBJ2-1,SASVSGTRNNEQF,3
TRBV20-1,TRBJ2-1,SASVSGTSAYNEQF,6
TRBV20-1,TRBJ2-1,SASVSGTSGIYEQF,1
TRBV20-1,TRBJ2-1,SASVSGTSGRVSYNEQF,1
TRBV20-1,TRBJ2-1,SASVSGTSVYYNEQF,1
TRBV20-1,TRBJ2-1,SASVSGTTSSYNEQF,1
TRBV20-1,TRBJ2-1,SASVSGTVSYNEQF,1
TRBV20-1,TRBJ2-1,SASVSGTYNEQF,14
TRBV20-1,TRBJ2-1,SASVSGVGPYNEQF,2
TRBV20-1,TRBJ2-1,SASVSGVYNEQF,2
TRBV20-1,TRBJ2-1,SASVSGYNEQF,4
TRBV20-1,TRBJ2-1,SASVSIAGMAYNEQF,1
TRBV20-1,TRBJ2-1,SASVSIYNEQF,1
TRBV20-1,TRBJ2-1,SASVSKGDEF,1
TRBV20-1,TRBJ2-1,SASVSLAGDNEQF,1
TRBV20-1,TRBJ2-1,SASVSLAGINEQF,1
TRBV20-1,TRBJ2-1,SASVSLAGYNEQF,1
TRBV20-1,TRBJ2-1,SASVSLASYNEQF,1
TRBV20-1,TRBJ2-1,SASVSLAVNEQF,1
TRBV20-1,TRBJ2-1,SASVSLAVTNEQF,3
TRBV20-1,TRBJ2-1,SASVSLGSYNEQF,1
TRBV20-1,TRBJ2-1,SASVSLGYNEQF,1
TRBV20-1,TRBJ2-1,SASVSLLAHNEQF,1
TRBV20-1,TRBJ2-1,SASVSLLNEQF,7
TRBV20-1,TRBJ2-1,SASVSLLVEQC,1
TRBV20-1,TRBJ2-1,SASVSLPGGNEQF,1
TRBV20-1,TRBJ2-1,SASVSLYNEQF,3
TRBV20-1,TRBJ2-1,SASVSMDSF,8
TRBV20-1,TRBJ2-1,SASVSMNNEQF,1
TRBV20-1,TRBJ2-1,SASVSMSYNEQF,1
TRBV20-1,TRBJ2-1,SASVSNEQF,8
TRBV20-1,TRBJ2-1,SASVSNSYNEQF,1
TRBV20-1,TRBJ2-1,SASVSNYEQF,1
TRBV20-1,TRBJ2-1,SASVSPGQGINEQF,1
TRBV20-1,TRBJ2-1,SASVSPRGEQF,3
TRBV20-1,TRBJ2-1,SASVSPRRNEQF,1
TRBV20-1,TRBJ2-1,SASVSPSSYYEQF,1
TRBV20-1,TRBJ2-1,SASVSPYNEQF,1
TRBV20-1,TRBJ2-1,SASVSQGPNEQF,1
TRBV20-1,TRBJ2-1,SASVSQQGFYNEQF,1
TRBV20-1,TRBJ2-1,SASVSRAGDYNEQF,7
TRBV20-1,TRBJ2-1,SASVSRAGVSGYNEQF,1
TRBV20-1,TRBJ2-1,SASVSRGDEQF,1
TRBV20-1,TRBJ2-1,SASVSRGETAYNEQF,1
TRBV20-1,TRBJ2-1,SASVSRGRLSLSSYNEQF,1
TRBV20-1,TRBJ2-1,SASVSRGYNEQF,1
TRBV20-1,TRBJ2-1,SASVSRPSSYNEQF,1
TRBV20-1,TRBJ2-1,SASVSRSYNEQF,1
TRBV20-1,TRBJ2-1,SASVSRWEGPSYNEQF,1
TRBV20-1,TRBJ2-1,SASVSRYTHEQF,2
TRBV20-1,TRBJ2-1,SASVSSANNEQF,1
TRBV20-1,TRBJ2-1,SASVSSAYNEQF,3
TRBV20-1,TRBJ2-1,SASVSSDLYNEQF,1
TRBV20-1,TRBJ2-1,SASVSSDNEQF,1
TRBV20-1,TRBJ2-1,SASVSSGGNNEQF,2
TRBV20-1,TRBJ2-1,SASVSSGGQSSYNEQF,1
TRBV20-1,TRBJ2-1,SASVSSGGWYNEQF,4
TRBV20-1,TRBJ2-1,SASVSSGGYYNEQF,1
TRBV20-1,TRBJ2-1,SASVSSGKMYNEQF,1
TRBV20-1,TRBJ2-1,SASVSSGNEQF,1
TRBV20-1,TRBJ2-1,SASVSSGNNEQF,1
TRBV20-1,TRBJ2-1,SASVSSGNYNEQF,1
TRBV20-1,TRBJ2-1,SASVSSGPLNNEQF,2
TRBV20-1,TRBJ2-1,SASVSSGPYNEQF,1
TRBV20-1,TRBJ2-1,SASVSSGRAYNEQF,1
TRBV20-1,TRBJ2-1,SASVSSGRFGYNEQF,1
TRBV20-1,TRBJ2-1,SASVSSGRFYNEQF,1
TRBV20-1,TRBJ2-1,SASVSSGRLYNEQF,1
TRBV20-1,TRBJ2-1,SASVSSGRMYNEQF,1
TRBV20-1,TRBJ2-1,SASVSSGRSYNEQF,1
TRBV20-1,TRBJ2-1,SASVSSGRVYEQF,1
TRBV20-1,TRBJ2-1,SASVSSGRVYNEQF,4
TRBV20-1,TRBJ2-1,SASVSSGSHDEQF,1
TRBV20-1,TRBJ2-1,SASVSSGSKFDEQF,1
TRBV20-1,TRBJ2-1,SASVSSGSNEQF,2
TRBV20-1,TRBJ2-1,SASVSSGSSVGEQF,4
TRBV20-1,TRBJ2-1,SASVSSGSSYNEQF,5
TRBV20-1,TRBJ2-1,SASVSSGTNPYNEQF,1
TRBV20-1,TRBJ2-1,SASVSSGTSGYNEQF,1
TRBV20-1,TRBJ2-1,SASVSSGWTKAGLSYNEQF,2
TRBV20-1,TRBJ2-1,SASVSSGYNEQF,1
TRBV20-1,TRBJ2-1,SASVSSNEKF,1
TRBV20-1,TRBJ2-1,SASVSSRAYNEQF,1
TRBV20-1,TRBJ2-1,SASVSSSWYSYNEQF,1
TRBV20-1,TRBJ2-1,SASVSSSYNEQF,3
TRBV20-1,TRBJ2-1,SASVSSVRNEQF,1
TRBV20-1,TRBJ2-1,SASVSSYNEQF,23
TRBV20-1,TRBJ2-1,SASVSTAYNEQF,1
TRBV20-1,TRBJ2-1,SASVSTEQF,2
TRBV20-1,TRBJ2-1,SASVSTGGSYEQF,1
TRBV20-1,TRBJ2-1,SASVSTGNNEQF,1
TRBV20-1,TRBJ2-1,SASVSTGSSYNEQF,1
TRBV20-1,TRBJ2-1,SASVSTGTSGYNEQF,1
TRBV20-1,TRBJ2-1,SASVSTIVNEQF,1
TRBV20-1,TRBJ2-1,SASVSTQAWGNEQF,3
TRBV20-1,TRBJ2-1,SASVSVANEQF,1
TRBV20-1,TRBJ2-1,SASVSVNEQF,2
TRBV20-1,TRBJ2-1,SASVSVPYNEQF,1
TRBV20-1,TRBJ2-1,SASVSVRSSYNEQF,1
TRBV20-1,TRBJ2-1,SASVSVYNEQF,1
TRBV20-1,TRBJ2-1,SASVSWESYNEQF,1
TRBV20-1,TRBJ2-1,SASVSWGGTYNEQF,1
TRBV20-1,TRBJ2-1,SASVSWGPSYNEQF,1
TRBV20-1,TRBJ2-1,SASVSWNEQF,1
TRBV20-1,TRBJ2-1,SASVSWSNEQF,1
TRBV20-1,TRBJ2-1,SASVSYGQTGNEQF,1
TRBV20-1,TRBJ2-1,SASVSYNEQF,30
TRBV20-1,TRBJ2-1,SASVSYQRGHYNEQF,1
TRBV20-1,TRBJ2-1,SASVSYRGMNEQF,1
TRBV20-1,TRBJ2-1,SASVTADTDYNEQF,1
TRBV20-1,TRBJ2-1,SASVTAEQF,8
TRBV20-1,TRBJ2-1,SASVTAFYNEQF,1
TRBV20-1,TRBJ2-1,SASVTAGDSYNEQF,1
TRBV20-1,TRBJ2-1,SASVTAGHKKYNEQF,1
TRBV20-1,TRBJ2-1,SASVTALNEQF,1
TRBV20-1,TRBJ2-1,SASVTANEQF,1
TRBV20-1,TRBJ2-1,SASVTAPNEQF,1
TRBV20-1,TRBJ2-1,SASVTASGITNEQF,1
TRBV20-1,TRBJ2-1,SASVTDYNEQF,9
TRBV20-1,TRBJ2-1,SASVTEGNNEQF,1
TRBV20-1,TRBJ2-1,SASVTEKSSNEQF,1
TRBV20-1,TRBJ2-1,SASVTERTNNEQF,9
TRBV20-1,TRBJ2-1,SASVTGARSYNEQF,1
TRBV20-1,TRBJ2-1,SASVTGAYEQF,9
TRBV20-1,TRBJ2-1,SASVTGAYNEQF,1
TRBV20-1,TRBJ2-1,SASVTGDEQF,1
TRBV20-1,TRBJ2-1,SASVTGEDEQF,1
TRBV20-1,TRBJ2-1,SASVTGEFYNEQF,1
TRBV20-1,TRBJ2-1,SASVTGELGYEQF,5
TRBV20-1,TRBJ2-1,SASVTGENNEQF,1
TRBV20-1,TRBJ2-1,SASVTGGFNEQF,9
TRBV20-1,TRBJ2-1,SASVTGGGNEQF,3
TRBV20-1,TRBJ2-1,SASVTGGHEQF,1
TRBV20-1,TRBJ2-1,SASVTGGHNEQF,1
TRBV20-1,TRBJ2-1,SASVTGGPGNEQF,1
TRBV20-1,TRBJ2-1,SASVTGGRDNEQF,1
TRBV20-1,TRBJ2-1,SASVTGGSYNEQF,3
TRBV20-1,TRBJ2-1,SASVTGGYNEQF,1
TRBV20-1,TRBJ2-1,SASVTGGYSNEQF,1
TRBV20-1,TRBJ2-1,SASVTGLALYNEQF,1
TRBV20-1,TRBJ2-1,SASVTGLTAYNEQF,1
TRBV20-1,TRBJ2-1,SASVTGLYNEQF,7
TRBV20-1,TRBJ2-1,SASVTGNEQF,2
TRBV20-1,TRBJ2-1,SASVTGPTYNEQF,8
TRBV20-1,TRBJ2-1,SASVTGRDNNEQF,1
TRBV20-1,TRBJ2-1,SASVTGRNEQF,1
TRBV20-1,TRBJ2-1,SASVTGRSNEQF,1
TRBV20-1,TRBJ2-1,SASVTGRTRYNEQF,7
TRBV20-1,TRBJ2-1,SASVTGSEQF,1
TRBV20-1,TRBJ2-1,SASVTGSLLDNEQF,1
TRBV20-1,TRBJ2-1,SASVTGSNEQF,1
TRBV20-1,TRBJ2-1,SASVTGSSYNEQF,1
TRBV20-1,TRBJ2-1,SASVTGSYNEQF,2
TRBV20-1,TRBJ2-1,SASVTGTGFGDEQF,4
TRBV20-1,TRBJ2-1,SASVTGTGPYNEQF,1
TRBV20-1,TRBJ2-1,SASVTGTLNEQF,1
TRBV20-1,TRBJ2-1,SASVTGTSGRRTYNEQF,1
TRBV20-1,TRBJ2-1,SASVTGTSSPPGNEQF,1
TRBV20-1,TRBJ2-1,SASVTGTVDEQF,2
TRBV20-1,TRBJ2-1,SASVTGTVNEQF,1
TRBV20-1,TRBJ2-1,SASVTGTYNEQF,1
TRBV20-1,TRBJ2-1,SASVTGVINEQF,1
TRBV20-1,TRBJ2-1,SASVTGVYNEQF,2
TRBV20-1,TRBJ2-1,SASVTGWGNEQF,1
TRBV20-1,TRBJ2-1,SASVTGYEQF,1
TRBV20-1,TRBJ2-1,SASVTGYNEQF,1
TRBV20-1,TRBJ2-1,SASVTHFHEQF,1
TRBV20-1,TRBJ2-1,SASVTIDEQF,3
TRBV20-1,TRBJ2-1,SASVTINNEQF,1
TRBV20-1,TRBJ2-1,SASVTIVSYNEQF,1
TRBV20-1,TRBJ2-1,SASVTKWRISSYNEQF,1
TRBV20-1,TRBJ2-1,SASVTKYNEQF,1
TRBV20-1,TRBJ2-1,SASVTLAGSYNEQF,1
TRBV20-1,TRBJ2-1,SASVTLAMDNEQF,1
TRBV20-1,TRBJ2-1,SASVTLAPSSYNEQF,1
TRBV20-1,TRBJ2-1,SASVTLHEQF,1
TRBV20-1,TRBJ2-1,SASVTLSGRAHEQF,2
TRBV20-1,TRBJ2-1,SASVTLSKSSYNEQF,1
TRBV20-1,TRBJ2-1,SASVTNEQF,2
TRBV20-1,TRBJ2-1,SASVTNNEQF,4
TRBV20-1,TRBJ2-1,SASVTNPYNEQF,1
TRBV20-1,TRBJ2-1,SASVTPEDRVYNEQF,1
TRBV20-1,TRBJ2-1,SASVTPGLHYNAQF,1
TRBV20-1,TRBJ2-1,SASVTPGLHYNEQF,7
TRBV20-1,TRBJ2-1,SASVTPSYNEQF,1
TRBV20-1,TRBJ2-1,SASVTQGRNEQF,1
TRBV20-1,TRBJ2-1,SASVTRAQEF,5
TRBV20-1,TRBJ2-1,SASVTRAVEQF,5
TRBV20-1,TRBJ2-1,SASVTRGNEQF,2
TRBV20-1,TRBJ2-1,SASVTRGNNEQF,4
TRBV20-1,TRBJ2-1,SASVTRGNVQF,1
TRBV20-1,TRBJ2-1,SASVTRGSGEQF,1
TRBV20-1,TRBJ2-1,SASVTRGSYNEQF,5
TRBV20-1,TRBJ2-1,SASVTRGTKQF,1
TRBV20-1,TRBJ2-1,SASVTRHNEQF,1
TRBV20-1,TRBJ2-1,SASVTRNNEQF,1
TRBV20-1,TRBJ2-1,SASVTRPYNEQF,2
TRBV20-1,TRBJ2-1,SASVTRQGVYNEQF,1
TRBV20-1,TRBJ2-1,SASVTRRTYNEQF,1
TRBV20-1,TRBJ2-1,SASVTRSYNEQF,2
TRBV20-1,TRBJ2-1,SASVTSADEQF,1
TRBV20-1,TRBJ2-1,SASVTSANNEQF,1
TRBV20-1,TRBJ2-1,SASVTSASSYNEQF,5
TRBV20-1,TRBJ2-1,SASVTSAYNEQF,1
TRBV20-1,TRBJ2-1,SASVTSGAYNEQF,1
TRBV20-1,TRBJ2-1,SASVTSGFNEQF,1
TRBV20-1,TRBJ2-1,SASVTSGFYNEQF,2
TRBV20-1,TRBJ2-1,SASVTSGGAVNEQF,2
TRBV20-1,TRBJ2-1,SASVTSGGGINEQF,1
TRBV20-1,TRBJ2-1,SASVTSGGNEQF,2
TRBV20-1,TRBJ2-1,SASVTSGGNGQV,1
TRBV20-1,TRBJ2-1,SASVTSGGYNEQF,5
TRBV20-1,TRBJ2-1,SASVTSGIRWNEQF,1
TRBV20-1,TRBJ2-1,SASVTSGLDNEQF,2
TRBV20-1,TRBJ2-1,SASVTSGMERLYNEQF,1
TRBV20-1,TRBJ2-1,SASVTSGNEQF,1
TRBV20-1,TRBJ2-1,SASVTSGNNEQF,1
TRBV20-1,TRBJ2-1,SASVTSGPYNEQF,3
TRBV20-1,TRBJ2-1,SASVTSGRAAPYNEQF,1
TRBV20-1,TRBJ2-1,SASVTSGRADEQF,1
TRBV20-1,TRBJ2-1,SASVTSGRANEQF,1
TRBV20-1,TRBJ2-1,SASVTSGRASEQF,1
TRBV20-1,TRBJ2-1,SASVTSGRAVNEQF,3
TRBV20-1,TRBJ2-1,SASVTSGRFNEQF,1
TRBV20-1,TRBJ2-1,SASVTSGRGDEQF,1
TRBV20-1,TRBJ2-1,SASVTSGRGNEQF,5
TRBV20-1,TRBJ2-1,SASVTSGRIGNEQF,1
TRBV20-1,TRBJ2-1,SASVTSGRKNEQF,2
TRBV20-1,TRBJ2-1,SASVTSGRPYEQF,1
TRBV20-1,TRBJ2-1,SASVTSGRPYNEQF,1
TRBV20-1,TRBJ2-1,SASVTSGRRNEQF,3
TRBV20-1,TRBJ2-1,SASVTSGRSHEQF,1
TRBV20-1,TRBJ2-1,SASVTSGRTSSYNEQF,1
TRBV20-1,TRBJ2-1,SASVTSGRVGDYNEQF,1
TRBV20-1,TRBJ2-1,SASVTSGRVSYNEQF,1
TRBV20-1,TRBJ2-1,SASVTSGRYNEQF,2
TRBV20-1,TRBJ2-1,SASVTSGSASSYNEQF,1
TRBV20-1,TRBJ2-1,SASVTSGSDNEQF,1
TRBV20-1,TRBJ2-1,SASVTSGSIDEQF,2
TRBV20-1,TRBJ2-1,SASVTSGSNNEQF,1
TRBV20-1,TRBJ2-1,SASVTSGSQF,1
TRBV20-1,TRBJ2-1,SASVTSGSRIYNEQF,1
TRBV20-1,TRBJ2-1,SASVTSGSRSYNEQF,1
TRBV20-1,TRBJ2-1,SASVTSGSSNEQF,1
TRBV20-1,TRBJ2-1,SASVTSGSSYNEQF,3
TRBV20-1,TRBJ2-1,SASVTSGSYNEQF,2
TRBV20-1,TRBJ2-1,SASVTSGTKQF,1
TRBV20-1,TRBJ2-1,SASVTSGTNEQF,1
TRBV20-1,TRBJ2-1,SASVTSGTNYNEQF,1
TRBV20-1,TRBJ2-1,SASVTSGVIYNEQF,1
TRBV20-1,TRBJ2-1,SASVTSGVVGEQF,3
TRBV20-1,TRBJ2-1,SASVTSGVYNEQF,1
TRBV20-1,TRBJ2-1,SASVTSGYHEQF,1
TRBV20-1,TRBJ2-1,SASVTSGYNEQF,11
TRBV20-1,TRBJ2-1,SASVTSGYSYNEQF,1
TRBV20-1,TRBJ2-1,SASVTSGYYNEQF,1
TRBV20-1,TRBJ2-1,SASVTSINEQF,1
TRBV20-1,TRBJ2-1,SASVTSLSYNEQF,1
TRBV20-1,TRBJ2-1,SASVTSPHEQF,1
TRBV20-1,TRBJ2-1,SASVTSRDEQF,1
TRBV20-1,TRBJ2-1,SASVTSRNEQF,1
TRBV20-1,TRBJ2-1,SASVTSSNNEQF,1
TRBV20-1,TRBJ2-1,SASVTSSYNEQF,3
TRBV20-1,TRBJ2-1,SASVTSTNEQF,5
TRBV20-1,TRBJ2-1,SASVTSVYNEQF,3
TRBV20-1,TRBJ2-1,SASVTSWEQF,2
TRBV20-1,TRBJ2-1,SASVTSWYNNQY,1
TRBV20-1,TRBJ2-1,SASVTSYNEQF,2
TRBV20-1,TRBJ2-1,SASVTTDEQF,2
TRBV20-1,TRBJ2-1,SASVTTHPYNEQF,1
TRBV20-1,TRBJ2-1,SASVTTSGIYNEQF,1
TRBV20-1,TRBJ2-1,SASVTTSGRFNEQF,1
TRBV20-1,TRBJ2-1,SASVTTYNEQF,3
TRBV20-1,TRBJ2-1,SASVTVNEQF,1
TRBV20-1,TRBJ2-1,SASVTYNEQF,2
TRBV20-1,TRBJ2-1,SASVVAAPYNEQF,1
TRBV20-1,TRBJ2-1,SASVVADSYNEQF,5
TRBV20-1,TRBJ2-1,SASVVAGDLLFNEQF,1
TRBV20-1,TRBJ2-1,SASVVAGFDEQF,1
TRBV20-1,TRBJ2-1,SASVVAGFNEQF,1
TRBV20-1,TRBJ2-1,SASVVAGGDEQF,1
TRBV20-1,TRBJ2-1,SASVVAGGGNEQF,1
TRBV20-1,TRBJ2-1,SASVVAGGHEQF,3
TRBV20-1,TRBJ2-1,SASVVAGGIEQF,1
TRBV20-1,TRBJ2-1,SASVVAGGLEQF,2
TRBV20-1,TRBJ2-1,SASVVAGGLNEQF,1
TRBV20-1,TRBJ2-1,SASVVAGGPYNEQF,1
TRBV20-1,TRBJ2-1,SASVVAGGSYNEQF,1
TRBV20-1,TRBJ2-1,SASVVAGTIYNEQF,1
TRBV20-1,TRBJ2-1,SASVVAGVVNEQF,1
TRBV20-1,TRBJ2-1,SASVVAGYNEHF,2
TRBV20-1,TRBJ2-1,SASVVAGYNEQF,2
TRBV20-1,TRBJ2-1,SASVVAKLQNEQF,1
TRBV20-1,TRBJ2-1,SASVVARGNEQF,1
TRBV20-1,TRBJ2-1,SASVVARLQNEQF,3
TRBV20-1,TRBJ2-1,SASVVARLQNEQY,1
TRBV20-1,TRBJ2-1,SASVVASGRYNEQF,1
TRBV20-1,TRBJ2-1,SASVVASGSNEQF,1
TRBV20-1,TRBJ2-1,SASVVASGYNEQF,1
TRBV20-1,TRBJ2-1,SASVVAWDEQF,1
TRBV20-1,TRBJ2-1,SASVVAYNEQF,1
TRBV20-1,TRBJ2-1,SASVVDEQF,2
TRBV20-1,TRBJ2-1,SASVVDGILSYNEQF,1
TRBV20-1,TRBJ2-1,SASVVEQF,2
TRBV20-1,TRBJ2-1,SASVVFDYNEQF,1
TRBV20-1,TRBJ2-1,SASVVGEPYNEQF,1
TRBV20-1,TRBJ2-1,SASVVGGRSYNEQF,8
TRBV20-1,TRBJ2-1,SASVVGLHGDEQF,1
TRBV20-1,TRBJ2-1,SASVVGLYNEQF,1
TRBV20-1,TRBJ2-1,SASVVGMSYNEQF,1
TRBV20-1,TRBJ2-1,SASVVGNEQF,1
TRBV20-1,TRBJ2-1,SASVVGRGSYNEQF,1
TRBV20-1,TRBJ2-1,SASVVGRKSSYNEQF,1
TRBV20-1,TRBJ2-1,SASVVGRNEQF,3
TRBV20-1,TRBJ2-1,SASVVGSGRAQTYNEQF,1
TRBV20-1,TRBJ2-1,SASVVGSYNEQF,2
TRBV20-1,TRBJ2-1,SASVVGTGTHNEQF,1
TRBV20-1,TRBJ2-1,SASVVGTNSYNEQF,1
TRBV20-1,TRBJ2-1,SASVVGTSGSYNEQF,1
TRBV20-1,TRBJ2-1,SASVVGTSSTDEQF,1
TRBV20-1,TRBJ2-1,SASVVGYNEQF,1
TRBV20-1,TRBJ2-1,SASVVIADEQF,1
TRBV20-1,TRBJ2-1,SASVVIAGAYNEQF,1
TRBV20-1,TRBJ2-1,SASVVIGDEQF,1
TRBV20-1,TRBJ2-1,SASVVIPPYNEQF,1
TRBV20-1,TRBJ2-1,SASVVISGRIYNEQF,1
TRBV20-1,TRBJ2-1,SASVVIYNEQF,1
TRBV20-1,TRBJ2-1,SASVVKAGGYNEQF,1
TRBV20-1,TRBJ2-1,SASVVKGGYNEQF,1
TRBV20-1,TRBJ2-1,SASVVKRAYNEQF,1
TRBV20-1,TRBJ2-1,SASVVKSSYNEQF,2
TRBV20-1,TRBJ2-1,SASVVLAGGGGVDEQF,3
TRBV20-1,TRBJ2-1,SASVVLAGLNEQF,1
TRBV20-1,TRBJ2-1,SASVVLASTGWNEQF,1
TRBV20-1,TRBJ2-1,SASVVLDRENNEQF,1
TRBV20-1,TRBJ2-1,SASVVLGEDEQF,1
TRBV20-1,TRBJ2-1,SASVVLGNEQF,8
TRBV20-1,TRBJ2-1,SASVVLPPYNEQF,1
TRBV20-1,TRBJ2-1,SASVVLRLGGRGSLWYNEQF,1
TRBV20-1,TRBJ2-1,SASVVLVDEQF,1
TRBV20-1,TRBJ2-1,SASVVLVSYNEQF,2
TRBV20-1,TRBJ2-1,SASVVLYNEQF,1
TRBV20-1,TRBJ2-1,SASVVMRLNSYNEQF,1
TRBV20-1,TRBJ2-1,SASVVNEQF,8
TRBV20-1,TRBJ2-1,SASVVNRNEQF,1
TRBV20-1,TRBJ2-1,SASVVPGGGNEQF,1
TRBV20-1,TRBJ2-1,SASVVPGVNEQF,1
TRBV20-1,TRBJ2-1,SASVVPNEQF,1
TRBV20-1,TRBJ2-1,SASVVPSGRPGSYNEQF,1
TRBV20-1,TRBJ2-1,SASVVPVGFNEQF,1
TRBV20-1,TRBJ2-1,SASVVPWSYNEQF,1
TRBV20-1,TRBJ2-1,SASVVPYNEQF,1
TRBV20-1,TRBJ2-1,SASVVQGTNEQF,1
TRBV20-1,TRBJ2-1,SASVVRAGTPLYNEQF,1
TRBV20-1,TRBJ2-1,SASVVRASGGREQF,7
TRBV20-1,TRBJ2-1,SASVVRAYNEQF,1
TRBV20-1,TRBJ2-1,SASVVRDNEQF,1
TRBV20-1,TRBJ2-1,SASVVRGANEQF,1
TRBV20-1,TRBJ2-1,SASVVRGGNNEQF,1
TRBV20-1,TRBJ2-1,SASVVRGISYNEQF,1
TRBV20-1,TRBJ2-1,SASVVRGSVPYNEQF,1
TRBV20-1,TRBJ2-1,SASVVRGSYNEQF,1
TRBV20-1,TRBJ2-1,SASVVRRKYNEQF,1
TRBV20-1,TRBJ2-1,SASVVRRNEQF,1
TRBV20-1,TRBJ2-1,SASVVSANEQF,1
TRBV20-1,TRBJ2-1,SASVVSEAEQF,5
TRBV20-1,TRBJ2-1,SASVVSGAYNEQF,1
TRBV20-1,TRBJ2-1,SASVVSGRAGSYNEQF,1
TRBV20-1,TRBJ2-1,SASVVSGRPRLYNEQF,1
TRBV20-1,TRBJ2-1,SASVVSGSPYNEQF,1
TRBV20-1,TRBJ2-1,SASVVSPSGRYNEQF,1
TRBV20-1,TRBJ2-1,SASVVSSGDYNEQF,1
TRBV20-1,TRBJ2-1,SASVVSSPYNEQF,1
TRBV20-1,TRBJ2-1,SASVVSSYNEQF,1
TRBV20-1,TRBJ2-1,SASVVTGKAYNEQF,4
TRBV20-1,TRBJ2-1,SASVVTSARFNEQF,1
TRBV20-1,TRBJ2-1,SASVVTSGYNEQF,1
TRBV20-1,TRBJ2-1,SASVVTVGYNEQF,1
TRBV20-1,TRBJ2-1,SASVVVAWNEQF,1
TRBV20-1,TRBJ2-1,SASVVVGDNEQF,1
TRBV20-1,TRBJ2-1,SASVVVGGDEQF,1
TRBV20-1,TRBJ2-1,SASVVVGGSFRNEQF,1
TRBV20-1,TRBJ2-1,SASVVVGNEQF,1
TRBV20-1,TRBJ2-1,SASVVVGNNEQF,1
TRBV20-1,TRBJ2-1,SASVVVNNEQF,1
TRBV20-1,TRBJ2-1,SASVVVYNEQF,1
TRBV20-1,TRBJ2-1,SASVVYEQF,1
TRBV20-1,TRBJ2-1,SASVVYGHFNEQF,1
TRBV20-1,TRBJ2-1,SASVVYNEQF,2
TRBV20-1,TRBJ2-1,SASVVYNYNEQF,1
TRBV20-1,TRBJ2-1,SASVWAERDYNEQF,1
TRBV20-1,TRBJ2-1,SASVWAGSKLDNEQF,1
TRBV20-1,TRBJ2-1,SASVWAGSKLYNEQF,1
TRBV20-1,TRBJ2-1,SASVWAGSKLYNGQF,1
TRBV20-1,TRBJ2-1,SASVWALDNEQF,1
TRBV20-1,TRBJ2-1,SASVWDRGAYEQF,1
TRBV20-1,TRBJ2-1,SASVWDRGHNEQF,1
TRBV20-1,TRBJ2-1,SASVWDSGDEQF,1
TRBV20-1,TRBJ2-1,SASVWDSYNEQF,1
TRBV20-1,TRBJ2-1,SASVWDTGPNEQF,1
TRBV20-1,TRBJ2-1,SASVWEADNEQF,3
TRBV20-1,TRBJ2-1,SASVWEDSYNEQF,1
TRBV20-1,TRBJ2-1,SASVWEHYNEQF,1
TRBV20-1,TRBJ2-1,SASVWELYNEQF,1
TRBV20-1,TRBJ2-1,SASVWENEQF,2
TRBV20-1,TRBJ2-1,SASVWESYNEQF,1
TRBV20-1,TRBJ2-1,SASVWGAGNEQF,1
TRBV20-1,TRBJ2-1,SASVWGASGRPLRNNEQF,1
TRBV20-1,TRBJ2-1,SASVWGDEQF,2
TRBV20-1,TRBJ2-1,SASVWGGLNNEQF,1
TRBV20-1,TRBJ2-1,SASVWGGTEAYNEQF,1
TRBV20-1,TRBJ2-1,SASVWGGYNEQF,3
TRBV20-1,TRBJ2-1,SASVWGLGGNEQF,1
TRBV20-1,TRBJ2-1,SASVWGNEQF,1
TRBV20-1,TRBJ2-1,SASVWGQGAYNEQF,1
TRBV20-1,TRBJ2-1,SASVWGRLNEQF,1
TRBV20-1,TRBJ2-1,SASVWGRSGNEQF,1
TRBV20-1,TRBJ2-1,SASVWGSYNEQF,1
TRBV20-1,TRBJ2-1,SASVWGTGPNEQF,2
TRBV20-1,TRBJ2-1,SASVWINEQF,1
TRBV20-1,TRBJ2-1,SASVWLAGEPYNEQF,1
TRBV20-1,TRBJ2-1,SASVWLAGGHNEQF,1
TRBV20-1,TRBJ2-1,SASVWLAGGSSYNEQF,1
TRBV20-1,TRBJ2-1,SASVWLAGTYNEQF,1
TRBV20-1,TRBJ2-1,SASVWLANEQF,1
TRBV20-1,TRBJ2-1,SASVWNEQF,1
TRBV20-1,TRBJ2-1,SASVWNNEQF,5
TRBV20-1,TRBJ2-1,SASVWNSYNEQF,1
TRBV20-1,TRBJ2-1,SASVWQDNEQF,1
TRBV20-1,TRBJ2-1,SASVWQYNEQF,1
TRBV20-1,TRBJ2-1,SASVWRDNEQF,1
TRBV20-1,TRBJ2-1,SASVWREAYNEQF,1
TRBV20-1,TRBJ2-1,SASVWREPYNEQF,1
TRBV20-1,TRBJ2-1,SASVWREWGNEQF,4
TRBV20-1,TRBJ2-1,SASVWRGSLNEQF,1
TRBV20-1,TRBJ2-1,SASVWRVRWNEQF,1
TRBV20-1,TRBJ2-1,SASVWSNDEQF,2
TRBV20-1,TRBJ2-1,SASVWSNEQF,4
TRBV20-1,TRBJ2-1,SASVWSSYNEQF,2
TRBV20-1,TRBJ2-1,SASVWTENNEQF,1
TRBV20-1,TRBJ2-1,SASVWTGPSDEQF,1
TRBV20-1,TRBJ2-1,SASVWTGSYNEQF,1
TRBV20-1,TRBJ2-1,SASVWTRWSPLNEQF,1
TRBV20-1,TRBJ2-1,SASVWTSGKSSYNEQF,1
TRBV20-1,TRBJ2-1,SASVWTSGRLGNEQF,1
TRBV20-1,TRBJ2-1,SASVWTSGTLNEQF,5
TRBV20-1,TRBJ2-1,SASVWTSIGDEQF,1
TRBV20-1,TRBJ2-1,SASVWTSRNNEQF,1
TRBV20-1,TRBJ2-1,SASVWTSSYNEQF,1
TRBV20-1,TRBJ2-1,SASVWTVYNNEQF,1
TRBV20-1,TRBJ2-1,SASVWVDSYNEQF,1
TRBV20-1,TRBJ2-1,SASVWVGRGVSYNEQF,1
TRBV20-1,TRBJ2-1,SASVWWTTSGRTHNEQF,1
TRBV20-1,TRBJ2-1,SASVYDEQF,2
TRBV20-1,TRBJ2-1,SASVYEQF,5
TRBV20-1,TRBJ2-1,SASVYFGQPGNEQF,1
TRBV20-1,TRBJ2-1,SASVYGAAYNEQF,1
TRBV20-1,TRBJ2-1,SASVYGGAFPDEQF,5
TRBV20-1,TRBJ2-1,SASVYGGERYNEQF,2
TRBV20-1,TRBJ2-1,SASVYGIYNEQF,1
TRBV20-1,TRBJ2-1,SASVYGKYNEQF,1
TRBV20-1,TRBJ2-1,SASVYGLAGAYNEQF,1
TRBV20-1,TRBJ2-1,SASVYGRGNEQF,1
TRBV20-1,TRBJ2-1,SASVYGRVYNEQF,1
TRBV20-1,TRBJ2-1,SASVYGSSYNEQF,1
TRBV20-1,TRBJ2-1,SASVYHEQF,1
TRBV20-1,TRBJ2-1,SASVYHNEQF,1
TRBV20-1,TRBJ2-1,SASVYIGTSGRSVGNEQF,1
TRBV20-1,TRBJ2-1,SASVYKIHHEQF,1
TRBV20-1,TRBJ2-1,SASVYLPYNEQF,1
TRBV20-1,TRBJ2-1,SASVYNEQF,27
TRBV20-1,TRBJ2-1,SASVYPGTNEQF,1
TRBV20-1,TRBJ2-1,SASVYPGTSAYNEQF,1
TRBV20-1,TRBJ2-1,SASVYPLNDQF,1
TRBV20-1,TRBJ2-1,SASVYPLNEQF,8
TRBV20-1,TRBJ2-1,SASVYRAGNEQF,1
TRBV20-1,TRBJ2-1,SASVYRDSNNEQF,1
TRBV20-1,TRBJ2-1,SASVYRLGCYNEQF,1
TRBV20-1,TRBJ2-1,SASVYRSGHEQF,1
TRBV20-1,TRBJ2-1,SASVYRTSGSNEQF,1
TRBV20-1,TRBJ2-1,SASVYSGRPTDEQF,2
TRBV20-1,TRBJ2-1,SASVYSGSLLNEQF,4
TRBV20-1,TRBJ2-1,SASVYSRGDEQF,1
TRBV20-1,TRBJ2-1,SASVYSSGSYNEQF,1
TRBV20-1,TRBJ2-1,SASVYSSNEQF,5
TRBV20-1,TRBJ2-1,SASVYSSYNEQF,1
TRBV20-1,TRBJ2-1,SASVYSYYNEQF,1
TRBV20-1,TRBJ2-1,SASVYTGTINNEQF,1
TRBV20-1,TRBJ2-1,SASVYTSSYNEQF,1
TRBV20-1,TRBJ2-1,SASVYVESSYNEQF,1
TRBV20-1,TRBJ2-1,SASVYVLYNEQF,1
TRBV20-1,TRBJ2-1,SASVYYFGTSGRPIDNEQF,2
TRBV20-1,TRBJ2-1,SASVYYFGTSWRPIDNEQC,1
TRBV20-1,TRBJ2-1,SASVYYLSYNEQF,1
TRBV20-1,TRBJ2-1,SASWAADPSVPYNEQF,1
TRBV20-1,TRBJ2-1,SASWAADSYNEQF,1
TRBV20-1,TRBJ2-1,SASWAAGAGGSGNEQF,1
TRBV20-1,TRBJ2-1,SASWAAGAYNEQF,2
TRBV20-1,TRBJ2-1,SASWAAGEYNEQF,1
TRBV20-1,TRBJ2-1,SASWAAHGNNEQF,1
TRBV20-1,TRBJ2-1,SASWAANEQF,2
TRBV20-1,TRBJ2-1,SASWAAQGGVNEQF,1
TRBV20-1,TRBJ2-1,SASWAASGGYNEQF,1
TRBV20-1,TRBJ2-1,SASWAASSYNEQF,1
TRBV20-1,TRBJ2-1,SASWADDFNEQF,1
TRBV20-1,TRBJ2-1,SASWADNEQF,1
TRBV20-1,TRBJ2-1,SASWAEAFNEQF,1
TRBV20-1,TRBJ2-1,SASWAEAYNEQF,1
TRBV20-1,TRBJ2-1,SASWAEGIYNEQF,1
TRBV20-1,TRBJ2-1,SASWAENSYNEQF,1
TRBV20-1,TRBJ2-1,SASWAEQF,10
TRBV20-1,TRBJ2-1,SASWAERTSNEQF,1
TRBV20-1,TRBJ2-1,SASWAESSYNEQF,1
TRBV20-1,TRBJ2-1,SASWAESTYNEQF,1
TRBV20-1,TRBJ2-1,SASWAGAFYNEQF,1
TRBV20-1,TRBJ2-1,SASWAGAGRGEQF,1
TRBV20-1,TRBJ2-1,SASWAGASNEQF,1
TRBV20-1,TRBJ2-1,SASWAGASYEQF,1
TRBV20-1,TRBJ2-1,SASWAGAVHEQF,1
TRBV20-1,TRBJ2-1,SASWAGAYNEQF,1
TRBV20-1,TRBJ2-1,SASWAGDEQF,1
TRBV20-1,TRBJ2-1,SASWAGDYNEQF,3
TRBV20-1,TRBJ2-1,SASWAGEDNEQF,1
TRBV20-1,TRBJ2-1,SASWAGEGFNEQF,1
TRBV20-1,TRBJ2-1,SASWAGELPYNEQF,1
TRBV20-1,TRBJ2-1,SASWAGERYNEQF,1
TRBV20-1,TRBJ2-1,SASWAGFGYNEQF,1
TRBV20-1,TRBJ2-1,SASWAGFNEQF,8
TRBV20-1,TRBJ2-1,SASWAGGADNEQF,1
TRBV20-1,TRBJ2-1,SASWAGGAGNEQF,4
TRBV20-1,TRBJ2-1,SASWAGGAQNEQF,5
TRBV20-1,TRBJ2-1,SASWAGGFNEQF,1
TRBV20-1,TRBJ2-1,SASWAGGGFSYNEQF,1
TRBV20-1,TRBJ2-1,SASWAGGGNEQF,1
TRBV20-1,TRBJ2-1,SASWAGGHNEQF,2
TRBV20-1,TRBJ2-1,SASWAGGIFHNEPF,1
TRBV20-1,TRBJ2-1,SASWAGGIFHNEQF,1
TRBV20-1,TRBJ2-1,SASWAGGINEQF,1
TRBV20-1,TRBJ2-1,SASWAGGPDEQF,1
TRBV20-1,TRBJ2-1,SASWAGGPDNEQF,1
TRBV20-1,TRBJ2-1,SASWAGGPGGYEQF,1
TRBV20-1,TRBJ2-1,SASWAGGPGNEQF,1
TRBV20-1,TRBJ2-1,SASWAGGPRGEQF,1
TRBV20-1,TRBJ2-1,SASWAGGPSYNEQF,1
TRBV20-1,TRBJ2-1,SASWAGGPTYNEQF,1
TRBV20-1,TRBJ2-1,SASWAGGPYNEQF,1
TRBV20-1,TRBJ2-1,SASWAGGRDNEQF,1
TRBV20-1,TRBJ2-1,SASWAGGRSYEQF,2
TRBV20-1,TRBJ2-1,SASWAGGSAYNEQF,1
TRBV20-1,TRBJ2-1,SASWAGGSSYNEQF,6
TRBV20-1,TRBJ2-1,SASWAGGSYNEQF,10
TRBV20-1,TRBJ2-1,SASWAGILRNEQF,8
TRBV20-1,TRBJ2-1,SASWAGINYNEQF,1
TRBV20-1,TRBJ2-1,SASWAGISYNEQF,1
TRBV20-1,TRBJ2-1,SASWAGKARGNEQF,2
TRBV20-1,TRBJ2-1,SASWAGKFRNEQF,1
TRBV20-1,TRBJ2-1,SASWAGKVDEQF,2
TRBV20-1,TRBJ2-1,SASWAGLAGVHEQF,1
TRBV20-1,TRBJ2-1,SASWAGLGNEQF,1
TRBV20-1,TRBJ2-1,SASWAGLYNEQF,2
TRBV20-1,TRBJ2-1,SASWAGNEQF,2
TRBV20-1,TRBJ2-1,SASWAGPNEQF,1
TRBV20-1,TRBJ2-1,SASWAGPRNEQF,2
TRBV20-1,TRBJ2-1,SASWAGPSSYNEQF,1
TRBV20-1,TRBJ2-1,SASWAGPYNEQF,3
TRBV20-1,TRBJ2-1,SASWAGQFSSYNEQF,1
TRBV20-1,TRBJ2-1,SASWAGQNEQF,1
TRBV20-1,TRBJ2-1,SASWAGRDEQF,1
TRBV20-1,TRBJ2-1,SASWAGRELF,2
TRBV20-1,TRBJ2-1,SASWAGREYNEQF,6
TRBV20-1,TRBJ2-1,SASWAGRGDEQF,2
TRBV20-1,TRBJ2-1,SASWAGRNNEQF,5
TRBV20-1,TRBJ2-1,SASWAGRQNEQF,1
TRBV20-1,TRBJ2-1,SASWAGRYNEQF,1
TRBV20-1,TRBJ2-1,SASWAGSNEQF,1
TRBV20-1,TRBJ2-1,SASWAGSQDNEQF,1
TRBV20-1,TRBJ2-1,SASWAGSYNEQF,10
TRBV20-1,TRBJ2-1,SASWAGTITYNEQF,1
TRBV20-1,TRBJ2-1,SASWAGTLGLAGGYNEQF,1
TRBV20-1,TRBJ2-1,SASWAGTNEQF,1
TRBV20-1,TRBJ2-1,SASWAGTSGSSKRNEQF,3
TRBV20-1,TRBJ2-1,SASWAGTSYNEQF,1
TRBV20-1,TRBJ2-1,SASWAGTTYNEQF,3
TRBV20-1,TRBJ2-1,SASWAGTYNEQF,1
TRBV20-1,TRBJ2-1,SASWAGVGNEQF,1
TRBV20-1,TRBJ2-1,SASWAGVHRNEQF,4
TRBV20-1,TRBJ2-1,SASWAGVINEQF,1
TRBV20-1,TRBJ2-1,SASWAGYSYNEQF,3
TRBV20-1,TRBJ2-1,SASWAHEQF,3
TRBV20-1,TRBJ2-1,SASWAHKSSYKEQF,1
TRBV20-1,TRBJ2-1,SASWAIGYNEQF,2
TRBV20-1,TRBJ2-1,SASWAIISRGIYEQF,1
TRBV20-1,TRBJ2-1,SASWAIKYNEQF,1
TRBV20-1,TRBJ2-1,SASWAKGLVTYEQF,1
TRBV20-1,TRBJ2-1,SASWALAGAYNEQF,1
TRBV20-1,TRBJ2-1,SASWALAGEWQNEQF,1
TRBV20-1,TRBJ2-1,SASWALAGPVRNEQF,1
TRBV20-1,TRBJ2-1,SASWALIRNEQF,6
TRBV20-1,TRBJ2-1,SASWALTGNEQF,1
TRBV20-1,TRBJ2-1,SASWANEQF,9
TRBV20-1,TRBJ2-1,SASWANRGPNEQF,1
TRBV20-1,TRBJ2-1,SASWANRYHEQF,1
TRBV20-1,TRBJ2-1,SASWANYNEQF,2
TRBV20-1,TRBJ2-1,SASWAPGHNEQF,1
TRBV20-1,TRBJ2-1,SASWAPNEQF,2
TRBV20-1,TRBJ2-1,SASWAPPYNEQF,1
TRBV20-1,TRBJ2-1,SASWAPYNEQF,6
TRBV20-1,TRBJ2-1,SASWAQVYNEQF,1
TRBV20-1,TRBJ2-1,SASWARAGGPTYNEQF,1
TRBV20-1,TRBJ2-1,SASWARENNEQF,1
TRBV20-1,TRBJ2-1,SASWARENYNEQF,1
TRBV20-1,TRBJ2-1,SASWARGISYNEQF,1
TRBV20-1,TRBJ2-1,SASWARGSYNEQF,1
TRBV20-1,TRBJ2-1,SASWARHYNEQF,1
TRBV20-1,TRBJ2-1,SASWARNEQF,1
TRBV20-1,TRBJ2-1,SASWARSSYNEQF,3
TRBV20-1,TRBJ2-1,SASWARTQF,1
TRBV20-1,TRBJ2-1,SASWARVHNEQF,1
TRBV20-1,TRBJ2-1,SASWARWGNEQF,1
TRBV20-1,TRBJ2-1,SASWASAMSSYNEQF,1
TRBV20-1,TRBJ2-1,SASWASESSYNEQF,1
TRBV20-1,TRBJ2-1,SASWASGAYNEQF,1
TRBV20-1,TRBJ2-1,SASWASGDKSSYNEQF,1
TRBV20-1,TRBJ2-1,SASWASGEAYNEQF,1
TRBV20-1,TRBJ2-1,SASWASGFSNEQF,1
TRBV20-1,TRBJ2-1,SASWASGGDEQF,1
TRBV20-1,TRBJ2-1,SASWASGGDFYNEQF,1
TRBV20-1,TRBJ2-1,SASWASGGDSGHNEQF,1
TRBV20-1,TRBJ2-1,SASWASGGIYNEQF,3
TRBV20-1,TRBJ2-1,SASWASGGLNEQF,1
TRBV20-1,TRBJ2-1,SASWASGHNEQF,6
TRBV20-1,TRBJ2-1,SASWASGINNEQF,1
TRBV20-1,TRBJ2-1,SASWASGIVNEQF,1
TRBV20-1,TRBJ2-1,SASWASGLHNEQF,1
TRBV20-1,TRBJ2-1,SASWASGLSYNEQF,1
TRBV20-1,TRBJ2-1,SASWASGMGEQF,4
TRBV20-1,TRBJ2-1,SASWASGMVNEQF,9
TRBV20-1,TRBJ2-1,SASWASGNNEQF,1
TRBV20-1,TRBJ2-1,SASWASGNSYNEQF,1
TRBV20-1,TRBJ2-1,SASWASGNWNEQF,1
TRBV20-1,TRBJ2-1,SASWASGPYNEQF,3
TRBV20-1,TRBJ2-1,SASWASGRAGRKNEQF,1
TRBV20-1,TRBJ2-1,SASWASGRAMNEQF,2
TRBV20-1,TRBJ2-1,SASWASGREDEQF,1
TRBV20-1,TRBJ2-1,SASWASGRSDEQF,1
TRBV20-1,TRBJ2-1,SASWASGRSGDYNEQF,1
TRBV20-1,TRBJ2-1,SASWASGRSMDEQF,1
TRBV20-1,TRBJ2-1,SASWASGRSSYNEQF,1
TRBV20-1,TRBJ2-1,SASWASGSFASEQF,3
TRBV20-1,TRBJ2-1,SASWASGSGVFGNEQF,1
TRBV20-1,TRBJ2-1,SASWASGSKNEQF,1
TRBV20-1,TRBJ2-1,SASWASGSLGYNEQF,1
TRBV20-1,TRBJ2-1,SASWASGSNEQF,1
TRBV20-1,TRBJ2-1,SASWASGSPYNEQF,1
TRBV20-1,TRBJ2-1,SASWASGSRNEQF,1
TRBV20-1,TRBJ2-1,SASWASGSSYNEQF,6
TRBV20-1,TRBJ2-1,SASWASGSTDEQF,1
TRBV20-1,TRBJ2-1,SASWASGSTNEQF,1
TRBV20-1,TRBJ2-1,SASWASGSYNEQF,1
TRBV20-1,TRBJ2-1,SASWASGTDEQF,1
TRBV20-1,TRBJ2-1,SASWASGTRNEQF,1
TRBV20-1,TRBJ2-1,SASWASGTYNEQF,1
TRBV20-1,TRBJ2-1,SASWASGYNEQF,14
TRBV20-1,TRBJ2-1,SASWASHSYNEQF,1
TRBV20-1,TRBJ2-1,SASWASNEQF,1
TRBV20-1,TRBJ2-1,SASWASNSYNEQF,1
TRBV20-1,TRBJ2-1,SASWASPNEQF,2
TRBV20-1,TRBJ2-1,SASWASQYNEQF,1
TRBV20-1,TRBJ2-1,SASWASRDEQF,1
TRBV20-1,TRBJ2-1,SASWASRINEQF,7
TRBV20-1,TRBJ2-1,SASWASSDPYNEQF,1
TRBV20-1,TRBJ2-1,SASWASSYNEQF,4
TRBV20-1,TRBJ2-1,SASWASVGNSGNEQF,1
TRBV20-1,TRBJ2-1,SASWASVRYNEQF,4
TRBV20-1,TRBJ2-1,SASWASVRYNGQF,1
TRBV20-1,TRBJ2-1,SASWASYNEQF,2
TRBV20-1,TRBJ2-1,SASWATGYEQF,1
TRBV20-1,TRBJ2-1,SASWATKPNEQF,1
TRBV20-1,TRBJ2-1,SASWATLGNEQF,1
TRBV20-1,TRBJ2-1,SASWATNEQF,53
TRBV20-1,TRBJ2-1,SASWATPTSGRHEQF,1
TRBV20-1,TRBJ2-1,SASWATSGTYNEQF,1
TRBV20-1,TRBJ2-1,SASWAVASSYNEQF,1
TRBV20-1,TRBJ2-1,SASWAVAYNEQF,1
TRBV20-1,TRBJ2-1,SASWAVEYNEQF,2
TRBV20-1,TRBJ2-1,SASWAVGGNEQF,1
TRBV20-1,TRBJ2-1,SASWAVGNEQF,1
TRBV20-1,TRBJ2-1,SASWAVGTPKTF,6
TRBV20-1,TRBJ2-1,SASWAVKYNEQF,5
TRBV20-1,TRBJ2-1,SASWAVNEQF,1
TRBV20-1,TRBJ2-1,SASWAVSNEQF,1
TRBV20-1,TRBJ2-1,SASWAVSYNEQF,1
TRBV20-1,TRBJ2-1,SASWAVVYNEQF,1
TRBV20-1,TRBJ2-1,SASWAVYNEQF,3
TRBV20-1,TRBJ2-1,SASWAYNAQF,1
TRBV20-1,TRBJ2-1,SASWAYNEQF,2
TRBV20-1,TRBJ2-1,SASWAYSYNEQF,1
TRBV20-1,TRBJ2-1,SASWCSRDYNEQF,1
TRBV20-1,TRBJ2-1,SASWDAQNEQF,1
TRBV20-1,TRBJ2-1,SASWDASSYNEQF,1
TRBV20-1,TRBJ2-1,SASWDDSYNEQF,1
TRBV20-1,TRBJ2-1,SASWDEAGGLYNEQF,1
TRBV20-1,TRBJ2-1,SASWDEQF,16
TRBV20-1,TRBJ2-1,SASWDERNEQF,1
TRBV20-1,TRBJ2-1,SASWDFNEQF,1
TRBV20-1,TRBJ2-1,SASWDFSNEQF,1
TRBV20-1,TRBJ2-1,SASWDFYNEQF,1
TRBV20-1,TRBJ2-1,SASWDGRDEQF,1
TRBV20-1,TRBJ2-1,SASWDGSSYNEQF,1
TRBV20-1,TRBJ2-1,SASWDGYEQF,1
TRBV20-1,TRBJ2-1,SASWDGYNEQF,1
TRBV20-1,TRBJ2-1,SASWDHNEQF,1
TRBV20-1,TRBJ2-1,SASWDIAFSNEQF,1
TRBV20-1,TRBJ2-1,SASWDIHNEQF,1
TRBV20-1,TRBJ2-1,SASWDINEQF,1
TRBV20-1,TRBJ2-1,SASWDIRTEQF,4
TRBV20-1,TRBJ2-1,SASWDKGDEQF,8
TRBV20-1,TRBJ2-1,SASWDLDYNEQF,1
TRBV20-1,TRBJ2-1,SASWDLLHNEQF,1
TRBV20-1,TRBJ2-1,SASWDLPSYNEQF,1
TRBV20-1,TRBJ2-1,SASWDLQAVNEQF,1
TRBV20-1,TRBJ2-1,SASWDLSSYNEQF,1
TRBV20-1,TRBJ2-1,SASWDLVAYNEQF,1
TRBV20-1,TRBJ2-1,SASWDLYNEQF,1
TRBV20-1,TRBJ2-1,SASWDMGINEQF,1
TRBV20-1,TRBJ2-1,SASWDNEQF,4
TRBV20-1,TRBJ2-1,SASWDNNEQF,2
TRBV20-1,TRBJ2-1,SASWDNYNEQF,2
TRBV20-1,TRBJ2-1,SASWDPGARNEQF,1
TRBV20-1,TRBJ2-1,SASWDPGGTYNEQF,1
TRBV20-1,TRBJ2-1,SASWDPGSRNEQC,1
TRBV20-1,TRBJ2-1,SASWDPGSRNEQF,22
TRBV20-1,TRBJ2-1,SASWDPLDEQF,1
TRBV20-1,TRBJ2-1,SASWDPLGNEQF,1
TRBV20-1,TRBJ2-1,SASWDPNEQF,1
TRBV20-1,TRBJ2-1,SASWDPYNEQF,2
TRBV20-1,TRBJ2-1,SASWDQGDDQF,1
TRBV20-1,TRBJ2-1,SASWDQYNEQF,1
TRBV20-1,TRBJ2-1,SASWDRALNEQF,1
TRBV20-1,TRBJ2-1,SASWDRAYNEQF,2
TRBV20-1,TRBJ2-1,SASWDRDDEQF,2
TRBV20-1,TRBJ2-1,SASWDRDLHEQF,1
TRBV20-1,TRBJ2-1,SASWDRDNEQF,4
TRBV20-1,TRBJ2-1,SASWDRDSYNEQF,1
TRBV20-1,TRBJ2-1,SASWDRDYNEQF,2
TRBV20-1,TRBJ2-1,SASWDRENNEQF,1
TRBV20-1,TRBJ2-1,SASWDREYNEQF,1
TRBV20-1,TRBJ2-1,SASWDRGADNEQF,5
TRBV20-1,TRBJ2-1,SASWDRGFDEQF,1
TRBV20-1,TRBJ2-1,SASWDRGFYNEQF,1
TRBV20-1,TRBJ2-1,SASWDRGGNEQF,1
TRBV20-1,TRBJ2-1,SASWDRGHASSYNEQF,1
TRBV20-1,TRBJ2-1,SASWDRGHNEQF,2
TRBV20-1,TRBJ2-1,SASWDRGIYNEQF,1
TRBV20-1,TRBJ2-1,SASWDRGKNEQF,1
TRBV20-1,TRBJ2-1,SASWDRGLINEQF,1
TRBV20-1,TRBJ2-1,SASWDRGLNEQF,3
TRBV20-1,TRBJ2-1,SASWDRGMDEQF,2
TRBV20-1,TRBJ2-1,SASWDRGMTAYNEQF,1
TRBV20-1,TRBJ2-1,SASWDRGNEQF,1
TRBV20-1,TRBJ2-1,SASWDRGPRDEQF,1
TRBV20-1,TRBJ2-1,SASWDRGRDEQF,2
TRBV20-1,TRBJ2-1,SASWDRGSYNEQF,1
TRBV20-1,TRBJ2-1,SASWDRGVAYNEQF,1
TRBV20-1,TRBJ2-1,SASWDRGYEQF,1
TRBV20-1,TRBJ2-1,SASWDRGYNEQF,10
TRBV20-1,TRBJ2-1,SASWDRNEQF,1
TRBV20-1,TRBJ2-1,SASWDRNNEQF,3
TRBV20-1,TRBJ2-1,SASWDRNYNEQF,1
TRBV20-1,TRBJ2-1,SASWDRPNNEQF,1
TRBV20-1,TRBJ2-1,SASWDRPQNEQF,1
TRBV20-1,TRBJ2-1,SASWDRPRAGNEQF,1
TRBV20-1,TRBJ2-1,SASWDRQRNEQF,1
TRBV20-1,TRBJ2-1,SASWDRRGSYNEQF,1
TRBV20-1,TRBJ2-1,SASWDRRLAGEAYNEQF,1
TRBV20-1,TRBJ2-1,SASWDRSLGALYNEQF,1
TRBV20-1,TRBJ2-1,SASWDRSNEQF,3
TRBV20-1,TRBJ2-1,SASWDRSSYNEQF,1
TRBV20-1,TRBJ2-1,SASWDRSYNEQF,3
TRBV20-1,TRBJ2-1,SASWDRVGDNEQF,1
TRBV20-1,TRBJ2-1,SASWDRVINEQF,1
TRBV20-1,TRBJ2-1,SASWDRVKNEQF,1
TRBV20-1,TRBJ2-1,SASWDRVNEQF,3
TRBV20-1,TRBJ2-1,SASWDRVNNEQF,9
TRBV20-1,TRBJ2-1,SASWDRVPDEQF,1
TRBV20-1,TRBJ2-1,SASWDRVPGNEQF,1
TRBV20-1,TRBJ2-1,SASWDRYNEQF,1
TRBV20-1,TRBJ2-1,SASWDRYSYNEQF,1
TRBV20-1,TRBJ2-1,SASWDSAYNEQF,1
TRBV20-1,TRBJ2-1,SASWDSEQF,1
TRBV20-1,TRBJ2-1,SASWDSGSAQF,1
TRBV20-1,TRBJ2-1,SASWDSGVNEQF,5
TRBV20-1,TRBJ2-1,SASWDSIYNEQF,1
TRBV20-1,TRBJ2-1,SASWDSKGGNEQF,1
TRBV20-1,TRBJ2-1,SASWDSLDVNEQF,1
TRBV20-1,TRBJ2-1,SASWDSLGENEQF,11
TRBV20-1,TRBJ2-1,SASWDSLGYNEQF,1
TRBV20-1,TRBJ2-1,SASWDSNEQF,6
TRBV20-1,TRBJ2-1,SASWDSSHYNEQF,1
TRBV20-1,TRBJ2-1,SASWDSSNYNEQF,4
TRBV20-1,TRBJ2-1,SASWDSSYNEQF,3
TRBV20-1,TRBJ2-1,SASWDSTYNEKF,2
TRBV20-1,TRBJ2-1,SASWDSTYNEQF,3
TRBV20-1,TRBJ2-1,SASWDSVYNEQF,1
TRBV20-1,TRBJ2-1,SASWDTGNEQF,1
TRBV20-1,TRBJ2-1,SASWDTRRYNEQF,1
TRBV20-1,TRBJ2-1,SASWDTRYNEQF,1
TRBV20-1,TRBJ2-1,SASWDTVNNEQF,1
TRBV20-1,TRBJ2-1,SASWDTWVVSRPYNEQF,2
TRBV20-1,TRBJ2-1,SASWDTYNEQF,1
TRBV20-1,TRBJ2-1,SASWDWGNEQF,1
TRBV20-1,TRBJ2-1,SASWDWSSYNEQF,1
TRBV20-1,TRBJ2-1,SASWDYAYNEQF,1
TRBV20-1,TRBJ2-1,SASWDYEIGGNEQF,1
TRBV20-1,TRBJ2-1,SASWDYEQF,1
TRBV20-1,TRBJ2-1,SASWDYGNEQF,1
TRBV20-1,TRBJ2-1,SASWDYHEQF,1
TRBV20-1,TRBJ2-1,SASWDYLNEQF,1
TRBV20-1,TRBJ2-1,SASWDYNEQF,1
TRBV20-1,TRBJ2-1,SASWDYPSSYNEQF,12
TRBV20-1,TRBJ2-1,SASWDYPYNEQF,1
TRBV20-1,TRBJ2-1,SASWDYTYNEQF,1
TRBV20-1,TRBJ2-1,SASWEAGGLNEQF,1
TRBV20-1,TRBJ2-1,SASWEAGLYNEQF,1
TRBV20-1,TRBJ2-1,SASWEAGNYNEQF,23
TRBV20-1,TRBJ2-1,SASWEAGNYNEQS,4
TRBV20-1,TRBJ2-1,SASWEAGYNEQF,2
TRBV20-1,TRBJ2-1,SASWEAYNEQF,2
TRBV20-1,TRBJ2-1,SASWEDTHNEQF,1
TRBV20-1,TRBJ2-1,SASWEETSGAWPPYNEQF,4
TRBV20-1,TRBJ2-1,SASWEFRYNEQF,3
TRBV20-1,TRBJ2-1,SASWEFVENEQF,6
TRBV20-1,TRBJ2-1,SASWEFYNEQF,1
TRBV20-1,TRBJ2-1,SASWEGGRRNEQF,4
TRBV20-1,TRBJ2-1,SASWEGGSINEQF,1
TRBV20-1,TRBJ2-1,SASWEGGSYNEQF,1
TRBV20-1,TRBJ2-1,SASWEGHTYEQF,4
TRBV20-1,TRBJ2-1,SASWEGKDNEQF,1
TRBV20-1,TRBJ2-1,SASWEGLAGNEQF,1
TRBV20-1,TRBJ2-1,SASWEGLFYEQF,1
TRBV20-1,TRBJ2-1,SASWEGLYNEQF,1
TRBV20-1,TRBJ2-1,SASWEGNEQF,1
TRBV20-1,TRBJ2-1,SASWEGNNEQF,1
TRBV20-1,TRBJ2-1,SASWEGPANEQF,1
TRBV20-1,TRBJ2-1,SASWEGPGNEQF,1
TRBV20-1,TRBJ2-1,SASWEGRAGGSYNEQF,10
TRBV20-1,TRBJ2-1,SASWEGRGGNEQF,3
TRBV20-1,TRBJ2-1,SASWEGRGGYEQF,1
TRBV20-1,TRBJ2-1,SASWEGTSYNEQF,1
TRBV20-1,TRBJ2-1,SASWEIGSYNEQF,1
TRBV20-1,TRBJ2-1,SASWEITYNEQF,1
TRBV20-1,TRBJ2-1,SASWELADVWAYNEQF,5
TRBV20-1,TRBJ2-1,SASWELAGIHEQF,1
TRBV20-1,TRBJ2-1,SASWELAGTSSYNEQF,1
TRBV20-1,TRBJ2-1,SASWELAGVGNEQF,1
TRBV20-1,TRBJ2-1,SASWEMGFSEQF,7
TRBV20-1,TRBJ2-1,SASWENEQF,3
TRBV20-1,TRBJ2-1,SASWENNEQF,2
TRBV20-1,TRBJ2-1,SASWENYRLAYNEQF,1
TRBV20-1,TRBJ2-1,SASWEPHEQF,4
TRBV20-1,TRBJ2-1,SASWEPSGDFLYNEQF,4
TRBV20-1,TRBJ2-1,SASWERETNEQF,1
TRBV20-1,TRBJ2-1,SASWEREYYEQF,1
TRBV20-1,TRBJ2-1,SASWERGGLYNEQF,4
TRBV20-1,TRBJ2-1,SASWERGSSYNEQF,1
TRBV20-1,TRBJ2-1,SASWESLEQF,1
TRBV20-1,TRBJ2-1,SASWESRYNEQF,3
TRBV20-1,TRBJ2-1,SASWESSYNEQF,5
TRBV20-1,TRBJ2-1,SASWETDPEGYYNEQF,1
TRBV20-1,TRBJ2-1,SASWETLAPREVSYNEQF,1
TRBV20-1,TRBJ2-1,SASWETNNEQF,1
TRBV20-1,TRBJ2-1,SASWETYNEQF,1
TRBV20-1,TRBJ2-1,SASWEVAVKNEQF,1
TRBV20-1,TRBJ2-1,SASWEVSDRDSNPRRGIYNEQF,2
TRBV20-1,TRBJ2-1,SASWEVYNEQF,1
TRBV20-1,TRBJ2-1,SASWEWGSNEQF,1
TRBV20-1,TRBJ2-1,SASWEWNEQF,1
TRBV20-1,TRBJ2-1,SASWF,1
TRBV20-1,TRBJ2-1,SASWFAGGHPNEQF,1
TRBV20-1,TRBJ2-1,SASWFDEQF,2
TRBV20-1,TRBJ2-1,SASWFENNEQF,1
TRBV20-1,TRBJ2-1,SASWFFRRNRNEQF,1
TRBV20-1,TRBJ2-1,SASWFGLASYNEQF,1
TRBV20-1,TRBJ2-1,SASWFGRGGYNEQF,1
TRBV20-1,TRBJ2-1,SASWFGSGNEQF,7
TRBV20-1,TRBJ2-1,SASWFGTARVHEQF,1
TRBV20-1,TRBJ2-1,SASWFGVGSYNEQF,1
TRBV20-1,TRBJ2-1,SASWFPLTYNEQC,1
TRBV20-1,TRBJ2-1,SASWFPLTYNEQF,4
TRBV20-1,TRBJ2-1,SASWFRDLRI,9
TRBV20-1,TRBJ2-1,SASWFRGRLYNEQF,1
TRBV20-1,TRBJ2-1,SASWFRRTYNEQF,1
TRBV20-1,TRBJ2-1,SASWFRTHGLRYNEQF,1
TRBV20-1,TRBJ2-1,SASWFSGNNEQF,1
TRBV20-1,TRBJ2-1,SASWFSGTGRNEQF,1
TRBV20-1,TRBJ2-1,SASWFSRETSTYNEQF,1
TRBV20-1,TRBJ2-1,SASWFVHNEQF,1
TRBV20-1,TRBJ2-1,SASWGAAYNEQF,1
TRBV20-1,TRBJ2-1,SASWGADNEQF,1
TRBV20-1,TRBJ2-1,SASWGAEQF,7
TRBV20-1,TRBJ2-1,SASWGAGDEQF,7
TRBV20-1,TRBJ2-1,SASWGAGDYNEQF,1
TRBV20-1,TRBJ2-1,SASWGAGGAYNEQF,5
TRBV20-1,TRBJ2-1,SASWGAGGPYNEQF,2
TRBV20-1,TRBJ2-1,SASWGAGGSYNEQF,2
TRBV20-1,TRBJ2-1,SASWGAGHNEQF,1
TRBV20-1,TRBJ2-1,SASWGAGNEQF,1
TRBV20-1,TRBJ2-1,SASWGAGSGNEQF,1
TRBV20-1,TRBJ2-1,SASWGAGTDEQF,1
TRBV20-1,TRBJ2-1,SASWGAGVPRNEQF,1
TRBV20-1,TRBJ2-1,SASWGAGYNEQF,1
TRBV20-1,TRBJ2-1,SASWGAHTEQF,1
TRBV20-1,TRBJ2-1,SASWGALDEQF,1
TRBV20-1,TRBJ2-1,SASWGALQF,4
TRBV20-1,TRBJ2-1,SASWGALYNEQF,1
TRBV20-1,TRBJ2-1,SASWGAMNEQF,1
TRBV20-1,TRBJ2-1,SASWGANEQF,1
TRBV20-1,TRBJ2-1,SASWGAPYNEQF,1
TRBV20-1,TRBJ2-1,SASWGAQEDEQF,1
TRBV20-1,TRBJ2-1,SASWGARDEQF,1
TRBV20-1,TRBJ2-1,SASWGARFPNEQF,1
TRBV20-1,TRBJ2-1,SASWGARNEQF,1
TRBV20-1,TRBJ2-1,SASWGARRAGAYNEQF,1
TRBV20-1,TRBJ2-1,SASWGASSYNEQF,1
TRBV20-1,TRBJ2-1,SASWGASYNEQF,2
TRBV20-1,TRBJ2-1,SASWGATSYNEQF,1
TRBV20-1,TRBJ2-1,SASWGAVDEQF,1
TRBV20-1,TRBJ2-1,SASWGAVIDYEQF,1
TRBV20-1,TRBJ2-1,SASWGAVYNEQF,5
TRBV20-1,TRBJ2-1,SASWGAYNEQF,9
TRBV20-1,TRBJ2-1,SASWGDEQF,10
TRBV20-1,TRBJ2-1,SASWGDHFSDEQF,1
TRBV20-1,TRBJ2-1,SASWGDLSSYNEQF,1
TRBV20-1,TRBJ2-1,SASWGDNDQF,1
TRBV20-1,TRBJ2-1,SASWGDNEQF,1
TRBV20-1,TRBJ2-1,SASWGDPSYNEQF,1
TRBV20-1,TRBJ2-1,SASWGDREGNEQF,1
TRBV20-1,TRBJ2-1,SASWGDTGNEQF,1
TRBV20-1,TRBJ2-1,SASWGDWSYNEQF,1
TRBV20-1,TRBJ2-1,SASWGDYNEQF,1
TRBV20-1,TRBJ2-1,SASWGEANYNEQF,1
TRBV20-1,TRBJ2-1,SASWGEAYNEQF,1
TRBV20-1,TRBJ2-1,SASWGEFYNEQF,1
TRBV20-1,TRBJ2-1,SASWGEGPYNEQF,1
TRBV20-1,TRBJ2-1,SASWGELYNEQF,1
TRBV20-1,TRBJ2-1,SASWGEQGNEQF,1
TRBV20-1,TRBJ2-1,SASWGERDEQF,1
TRBV20-1,TRBJ2-1,SASWGERF,1
TRBV20-1,TRBJ2-1,SASWGERHEQF,1
TRBV20-1,TRBJ2-1,SASWGESGHNEQF,1
TRBV20-1,TRBJ2-1,SASWGESIFNEQF,1
TRBV20-1,TRBJ2-1,SASWGESSYNEQF,3
TRBV20-1,TRBJ2-1,SASWGESVYNEQF,1
TRBV20-1,TRBJ2-1,SASWGESYNEQF,1
TRBV20-1,TRBJ2-1,SASWGFAYNEQF,1
TRBV20-1,TRBJ2-1,SASWGFDEQF,1
TRBV20-1,TRBJ2-1,SASWGFGNEQF,1
TRBV20-1,TRBJ2-1,SASWGFGSYNEQF,1
TRBV20-1,TRBJ2-1,SASWGFLAGGIGNEQF,2
TRBV20-1,TRBJ2-1,SASWGFLGDEQF,10
TRBV20-1,TRBJ2-1,SASWGFPSF,5
TRBV20-1,TRBJ2-1,SASWGFQF,1
TRBV20-1,TRBJ2-1,SASWGFSSYNEQF,1
TRBV20-1,TRBJ2-1,SASWGFYNEQF,6
TRBV20-1,TRBJ2-1,SASWGGADEQF,1
TRBV20-1,TRBJ2-1,SASWGGAIGQF,9
TRBV20-1,TRBJ2-1,SASWGGANTDEQF,1
TRBV20-1,TRBJ2-1,SASWGGASGSYNEQF,1
TRBV20-1,TRBJ2-1,SASWGGASSYNEQF,4
TRBV20-1,TRBJ2-1,SASWGGATYNEQF,1
TRBV20-1,TRBJ2-1,SASWGGAYNEQF,1
TRBV20-1,TRBJ2-1,SASWGGDEQF,1
TRBV20-1,TRBJ2-1,SASWGGDYNEQF,1
TRBV20-1,TRBJ2-1,SASWGGEARDEQF,1
TRBV20-1,TRBJ2-1,SASWGGEWDEQF,4
TRBV20-1,TRBJ2-1,SASWGGEYEQF,1
TRBV20-1,TRBJ2-1,SASWGGGEEF,1
TRBV20-1,TRBJ2-1,SASWGGGGSAYNEQF,2
TRBV20-1,TRBJ2-1,SASWGGGNDEQF,2
TRBV20-1,TRBJ2-1,SASWGGGNEQF,1
TRBV20-1,TRBJ2-1,SASWGGGPHNEQF,2
TRBV20-1,TRBJ2-1,SASWGGGSGRAEQF,1
TRBV20-1,TRBJ2-1,SASWGGGSSYNEQF,2
TRBV20-1,TRBJ2-1,SASWGGGSYNEQF,1
TRBV20-1,TRBJ2-1,SASWGGGVSYNEQF,1
TRBV20-1,TRBJ2-1,SASWGGGYLYNEQF,1
TRBV20-1,TRBJ2-1,SASWGGGYNEQF,4
TRBV20-1,TRBJ2-1,SASWGGKDEQF,1
TRBV20-1,TRBJ2-1,SASWGGLDEQF,1
TRBV20-1,TRBJ2-1,SASWGGNEQF,10
TRBV20-1,TRBJ2-1,SASWGGNNEQF,12
TRBV20-1,TRBJ2-1,SASWGGNNKQF,1
TRBV20-1,TRBJ2-1,SASWGGPAYNEQF,1
TRBV20-1,TRBJ2-1,SASWGGPGNEQF,2
TRBV20-1,TRBJ2-1,SASWGGPNEQF,9
TRBV20-1,TRBJ2-1,SASWGGPYNEQF,3
TRBV20-1,TRBJ2-1,SASWGGRALRSYNEQF,1
TRBV20-1,TRBJ2-1,SASWGGRARNEQF,2
TRBV20-1,TRBJ2-1,SASWGGRARYNEQF,1
TRBV20-1,TRBJ2-1,SASWGGRAYNEQF,1
TRBV20-1,TRBJ2-1,SASWGGRGNEQF,1
TRBV20-1,TRBJ2-1,SASWGGRGNNEQF,1
TRBV20-1,TRBJ2-1,SASWGGRHEHF,1
TRBV20-1,TRBJ2-1,SASWGGRHEQF,26
TRBV20-1,TRBJ2-1,SASWGGRHNEQF,1
TRBV20-1,TRBJ2-1,SASWGGRLNEQF,1
TRBV20-1,TRBJ2-1,SASWGGRMGKNEQF,1
TRBV20-1,TRBJ2-1,SASWGGRPRLLGNEQF,1
TRBV20-1,TRBJ2-1,SASWGGRRYNEQF,1
TRBV20-1,TRBJ2-1,SASWGGSGNEQF,1
TRBV20-1,TRBJ2-1,SASWGGSGPHNEQF,17
TRBV20-1,TRBJ2-1,SASWGGSGPNNEQF,1
TRBV20-1,TRBJ2-1,SASWGGSNNEQF,1
TRBV20-1,TRBJ2-1,SASWGGSSYNEQF,6
TRBV20-1,TRBJ2-1,SASWGGSVNEQF,1
TRBV20-1,TRBJ2-1,SASWGGSYEQF,1
TRBV20-1,TRBJ2-1,SASWGGSYNEQF,12
TRBV20-1,TRBJ2-1,SASWGGTADNEQF,1
TRBV20-1,TRBJ2-1,SASWGGTEQF,2
TRBV20-1,TRBJ2-1,SASWGGTLSYNEQF,1
TRBV20-1,TRBJ2-1,SASWGGTSGFLAVYNEQF,1
TRBV20-1,TRBJ2-1,SASWGGTYNEQF,1
TRBV20-1,TRBJ2-1,SASWGGYNEQF,2
TRBV20-1,TRBJ2-1,SASWGGYSYNEQF,1
TRBV20-1,TRBJ2-1,SASWGHLSYNEQF,1
TRBV20-1,TRBJ2-1,SASWGHPSYNEQF,1
TRBV20-1,TRBJ2-1,SASWGIAYNEQF,1
TRBV20-1,TRBJ2-1,SASWGIDEQF,1
TRBV20-1,TRBJ2-1,SASWGIYNEQF,1
TRBV20-1,TRBJ2-1,SASWGKSYNEQF,1
TRBV20-1,TRBJ2-1,SASWGLADEQF,2
TRBV20-1,TRBJ2-1,SASWGLADFYNEQF,1
TRBV20-1,TRBJ2-1,SASWGLAEKNNEQF,1
TRBV20-1,TRBJ2-1,SASWGLAGDEQF,1
TRBV20-1,TRBJ2-1,SASWGLAGGEGEQF,5
TRBV20-1,TRBJ2-1,SASWGLAGGENEQF,1
TRBV20-1,TRBJ2-1,SASWGLAGGGYNEQF,1
TRBV20-1,TRBJ2-1,SASWGLAGGNEQF,3
TRBV20-1,TRBJ2-1,SASWGLAGGPDEQF,1
TRBV20-1,TRBJ2-1,SASWGLAGGRDSYNEQF,1
TRBV20-1,TRBJ2-1,SASWGLAGGWDEQF,1
TRBV20-1,TRBJ2-1,SASWGLAGLNEQF,1
TRBV20-1,TRBJ2-1,SASWGLAGNEQF,1
TRBV20-1,TRBJ2-1,SASWGLAGSGDNEQF,1
TRBV20-1,TRBJ2-1,SASWGLAGVGSYNEQF,1
TRBV20-1,TRBJ2-1,SASWGLAGVHEQF,1
TRBV20-1,TRBJ2-1,SASWGLAGYNEQF,3
TRBV20-1,TRBJ2-1,SASWGLALSYNEQF,1
TRBV20-1,TRBJ2-1,SASWGLANEQF,1
TRBV20-1,TRBJ2-1,SASWGLANERF,1
TRBV20-1,TRBJ2-1,SASWGLANSYNEQF,1
TRBV20-1,TRBJ2-1,SASWGLARSYNEQF,1
TRBV20-1,TRBJ2-1,SASWGLARVNEQF,1
TRBV20-1,TRBJ2-1,SASWGLASDEQF,1
TRBV20-1,TRBJ2-1,SASWGLASSYNEQF,1
TRBV20-1,TRBJ2-1,SASWGLASYEKF,1
TRBV20-1,TRBJ2-1,SASWGLASYEQF,5
TRBV20-1,TRBJ2-1,SASWGLASYNEQF,1
TRBV20-1,TRBJ2-1,SASWGLAVSYNEQF,2
TRBV20-1,TRBJ2-1,SASWGLAVWNEQF,1
TRBV20-1,TRBJ2-1,SASWGLAVYNEQF,1
TRBV20-1,TRBJ2-1,SASWGLAYNEQF,1
TRBV20-1,TRBJ2-1,SASWGLDIEQF,1
TRBV20-1,TRBJ2-1,SASWGLDYNEQF,1
TRBV20-1,TRBJ2-1,SASWGLGHNEQF,1
TRBV20-1,TRBJ2-1,SASWGLGQSLGQF,2
TRBV20-1,TRBJ2-1,SASWGLGSRGNEQF,1
TRBV20-1,TRBJ2-1,SASWGLGSSYNEQF,1
TRBV20-1,TRBJ2-1,SASWGLGSYNEQF,1
TRBV20-1,TRBJ2-1,SASWGLIYNEQF,1
TRBV20-1,TRBJ2-1,SASWGLKNEQF,1
TRBV20-1,TRBJ2-1,SASWGLLLADEQF,3
TRBV20-1,TRBJ2-1,SASWGLLNEQF,1
TRBV20-1,TRBJ2-1,SASWGLLSYNEQF,1
TRBV20-1,TRBJ2-1,SASWGLNEQF,1
TRBV20-1,TRBJ2-1,SASWGLSSGRADEQF,4
TRBV20-1,TRBJ2-1,SASWGLSSYNEQF,1
TRBV20-1,TRBJ2-1,SASWGLSYNEQF,2
TRBV20-1,TRBJ2-1,SASWGLTSISYNEQF,1
TRBV20-1,TRBJ2-1,SASWGLVGYNEQF,1
TRBV20-1,TRBJ2-1,SASWGLVHNEQF,1
TRBV20-1,TRBJ2-1,SASWGLVLSNEQF,1
TRBV20-1,TRBJ2-1,SASWGLYNEQF,1
TRBV20-1,TRBJ2-1,SASWGMETSALMSYNEQF,1
TRBV20-1,TRBJ2-1,SASWGNEQF,30
TRBV20-1,TRBJ2-1,SASWGNGNEQF,2
TRBV20-1,TRBJ2-1,SASWGNGYNEQF,1
TRBV20-1,TRBJ2-1,SASWGNNEQF,15
TRBV20-1,TRBJ2-1,SASWGNNNEQF,1
TRBV20-1,TRBJ2-1,SASWGNPYNEQF,1
TRBV20-1,TRBJ2-1,SASWGNRAFQNYEQF,3
TRBV20-1,TRBJ2-1,SASWGNSYNEQF,1
TRBV20-1,TRBJ2-1,SASWGNYNEQF,1
TRBV20-1,TRBJ2-1,SASWGPESYNEQF,1
TRBV20-1,TRBJ2-1,SASWGPGGGQF,1
TRBV20-1,TRBJ2-1,SASWGPGNEQF,1
TRBV20-1,TRBJ2-1,SASWGPGYNEQF,1
TRBV20-1,TRBJ2-1,SASWGPMGEQF,4
TRBV20-1,TRBJ2-1,SASWGPMREQF,1
TRBV20-1,TRBJ2-1,SASWGPNNEQF,4
TRBV20-1,TRBJ2-1,SASWGPQGNEQF,1
TRBV20-1,TRBJ2-1,SASWGPRSYNEQF,1
TRBV20-1,TRBJ2-1,SASWGPRYNEQF,2
TRBV20-1,TRBJ2-1,SASWGPSASSYNEQF,1
TRBV20-1,TRBJ2-1,SASWGPSSGVYNEQF,1
TRBV20-1,TRBJ2-1,SASWGPSSYNEQF,4
TRBV20-1,TRBJ2-1,SASWGPSYNEQF,1
TRBV20-1,TRBJ2-1,SASWGPTSGNYNEQF,1
TRBV20-1,TRBJ2-1,SASWGPTYNEQF,12
TRBV20-1,TRBJ2-1,SASWGPYNEQF,4
TRBV20-1,TRBJ2-1,SASWGQGAWNEQF,3
TRBV20-1,TRBJ2-1,SASWGQGDNEQF,1
TRBV20-1,TRBJ2-1,SASWGQGFYEQF,1
TRBV20-1,TRBJ2-1,SASWGQGIYNEQF,1
TRBV20-1,TRBJ2-1,SASWGQGLYNEQF,5
TRBV20-1,TRBJ2-1,SASWGQGNEQF,2
TRBV20-1,TRBJ2-1,SASWGQGPNEQF,1
TRBV20-1,TRBJ2-1,SASWGQGPYNEQF,1
TRBV20-1,TRBJ2-1,SASWGQGTNEQF,4
TRBV20-1,TRBJ2-1,SASWGQGYNEQF,1
TRBV20-1,TRBJ2-1,SASWGQILSSYNEQF,1
TRBV20-1,TRBJ2-1,SASWGQQQF,1
TRBV20-1,TRBJ2-1,SASWGQRNNEQF,1
TRBV20-1,TRBJ2-1,SASWGQVAYNEQF,1
TRBV20-1,TRBJ2-1,SASWGRADNEQF,2
TRBV20-1,TRBJ2-1,SASWGRAGGLGYNEQF,1
TRBV20-1,TRBJ2-1,SASWGRAGGPYNEQF,1
TRBV20-1,TRBJ2-1,SASWGRAGYNEQF,1
TRBV20-1,TRBJ2-1,SASWGRAIINEQF,1
TRBV20-1,TRBJ2-1,SASWGRANEQF,1
TRBV20-1,TRBJ2-1,SASWGRAPPNEQF,1
TRBV20-1,TRBJ2-1,SASWGRAPYNEQF,2
TRBV20-1,TRBJ2-1,SASWGRASGEQF,2
TRBV20-1,TRBJ2-1,SASWGRDEQF,2
TRBV20-1,TRBJ2-1,SASWGRDSFFYNEQF,1
TRBV20-1,TRBJ2-1,SASWGRGGGSSYNEQF,1
TRBV20-1,TRBJ2-1,SASWGRGNHNEQF,1
TRBV20-1,TRBJ2-1,SASWGRGNYEQF,6
TRBV20-1,TRBJ2-1,SASWGRGPNNEQF,1
TRBV20-1,TRBJ2-1,SASWGRGRHEQF,1
TRBV20-1,TRBJ2-1,SASWGRGRNNEQF,1
TRBV20-1,TRBJ2-1,SASWGRGSSYNEQF,2
TRBV20-1,TRBJ2-1,SASWGRGYNEQF,2
TRBV20-1,TRBJ2-1,SASWGRIRNEQF,1
TRBV20-1,TRBJ2-1,SASWGRLAGENEQF,1
TRBV20-1,TRBJ2-1,SASWGRLYNEQF,1
TRBV20-1,TRBJ2-1,SASWGRNEQF,2
TRBV20-1,TRBJ2-1,SASWGRNNEQF,1
TRBV20-1,TRBJ2-1,SASWGRPNNEQF,1
TRBV20-1,TRBJ2-1,SASWGRRDNEQF,1
TRBV20-1,TRBJ2-1,SASWGRRSSYNEQF,1
TRBV20-1,TRBJ2-1,SASWGRSRNEQF,1
TRBV20-1,TRBJ2-1,SASWGRSSYNEQF,7
TRBV20-1,TRBJ2-1,SASWGRSYNEQF,1
TRBV20-1,TRBJ2-1,SASWGRVSNNEQF,1
TRBV20-1,TRBJ2-1,SASWGRVWFEQF,10
TRBV20-1,TRBJ2-1,SASWGSANNEQF,6
TRBV20-1,TRBJ2-1,SASWGSFSYNEQF,1
TRBV20-1,TRBJ2-1,SASWGSGGSYNEQF,1
TRBV20-1,TRBJ2-1,SASWGSGHNEQF,1
TRBV20-1,TRBJ2-1,SASWGSGNEQF,1
TRBV20-1,TRBJ2-1,SASWGSGTNEQF,1
TRBV20-1,TRBJ2-1,SASWGSGTNNEQF,1
TRBV20-1,TRBJ2-1,SASWGSGVLSYNEQF,3
TRBV20-1,TRBJ2-1,SASWGSGVNEQF,1
TRBV20-1,TRBJ2-1,SASWGSGVYNEQF,6
TRBV20-1,TRBJ2-1,SASWGSGYNEQF,1
TRBV20-1,TRBJ2-1,SASWGSHDNEQF,1
TRBV20-1,TRBJ2-1,SASWGSKATYEQF,1
TRBV20-1,TRBJ2-1,SASWGSKDEQF,1
TRBV20-1,TRBJ2-1,SASWGSKNEQF,3
TRBV20-1,TRBJ2-1,SASWGSKYNEQF,1
TRBV20-1,TRBJ2-1,SASWGSLASDEQF,1
TRBV20-1,TRBJ2-1,SASWGSLDYNEQF,1
TRBV20-1,TRBJ2-1,SASWGSMYEQF,5
TRBV20-1,TRBJ2-1,SASWGSNEQF,1
TRBV20-1,TRBJ2-1,SASWGSNYNEQF,1
TRBV20-1,TRBJ2-1,SASWGSRAYNEQF,1
TRBV20-1,TRBJ2-1,SASWGSRDFNEQF,1
TRBV20-1,TRBJ2-1,SASWGSRDYHEQF,1
TRBV20-1,TRBJ2-1,SASWGSRDYNEQF,56
TRBV20-1,TRBJ2-1,SASWGSRDYNEQV,1
TRBV20-1,TRBJ2-1,SASWGSRDYNEQY,1
TRBV20-1,TRBJ2-1,SASWGSRDYNERF,1
TRBV20-1,TRBJ2-1,SASWGSRHYNEQF,1
TRBV20-1,TRBJ2-1,SASWGSRNEQF,1
TRBV20-1,TRBJ2-1,SASWGSSNEQF,3
TRBV20-1,TRBJ2-1,SASWGSSYNEQF,12
TRBV20-1,TRBJ2-1,SASWGSTEQF,4
TRBV20-1,TRBJ2-1,SASWGSTYNEQF,3
TRBV20-1,TRBJ2-1,SASWGSYKEQF,1
TRBV20-1,TRBJ2-1,SASWGSYNEQF,17
TRBV20-1,TRBJ2-1,SASWGTANYNEQF,11
TRBV20-1,TRBJ2-1,SASWGTEQF,4
TRBV20-1,TRBJ2-1,SASWGTESYNEQF,1
TRBV20-1,TRBJ2-1,SASWGTFLPGGNEQF,1
TRBV20-1,TRBJ2-1,SASWGTGEQF,1
TRBV20-1,TRBJ2-1,SASWGTGGFNEQF,3
TRBV20-1,TRBJ2-1,SASWGTGQSYNEQF,1
TRBV20-1,TRBJ2-1,SASWGTGSNEQF,1
TRBV20-1,TRBJ2-1,SASWGTGSYNEQF,7
TRBV20-1,TRBJ2-1,SASWGTGYNEQF,1
TRBV20-1,TRBJ2-1,SASWGTHNEQF,1
TRBV20-1,TRBJ2-1,SASWGTLLRNEQF,1
TRBV20-1,TRBJ2-1,SASWGTNEQF,3
TRBV20-1,TRBJ2-1,SASWGTNINEQF,1
TRBV20-1,TRBJ2-1,SASWGTPLYNEQF,1
TRBV20-1,TRBJ2-1,SASWGTPNEQF,3
TRBV20-1,TRBJ2-1,SASWGTRLANEQF,1
TRBV20-1,TRBJ2-1,SASWGTSDYEQF,2
TRBV20-1,TRBJ2-1,SASWGTSEYNEQF,1
TRBV20-1,TRBJ2-1,SASWGTSGDSQNEQF,1
TRBV20-1,TRBJ2-1,SASWGTSGNEQF,1
TRBV20-1,TRBJ2-1,SASWGTSGPWGNEQF,1
TRBV20-1,TRBJ2-1,SASWGTSGRAQF,3
TRBV20-1,TRBJ2-1,SASWGTSGSYEVYNEQF,1
TRBV20-1,TRBJ2-1,SASWGTSGYNEQF,2
TRBV20-1,TRBJ2-1,SASWGTSIHEQF,1
TRBV20-1,TRBJ2-1,SASWGTSNEQF,1
TRBV20-1,TRBJ2-1,SASWGTSPSNEQF,1
TRBV20-1,TRBJ2-1,SASWGTSVYNEQF,1
TRBV20-1,TRBJ2-1,SASWGTSYYEQF,1
TRBV20-1,TRBJ2-1,SASWGTWDNEQF,1
TRBV20-1,TRBJ2-1,SASWGTYNEQF,3
TRBV20-1,TRBJ2-1,SASWGVDEQF,4
TRBV20-1,TRBJ2-1,SASWGVDYNEQF,1
TRBV20-1,TRBJ2-1,SASWGVGNEQF,1
TRBV20-1,TRBJ2-1,SASWGVGSRYNEQF,2
TRBV20-1,TRBJ2-1,SASWGVHNEQF,5
TRBV20-1,TRBJ2-1,SASWGVLNNEQF,1
TRBV20-1,TRBJ2-1,SASWGVNEQF,4
TRBV20-1,TRBJ2-1,SASWGVRANEQF,1
TRBV20-1,TRBJ2-1,SASWGVSSYNEQF,3
TRBV20-1,TRBJ2-1,SASWGVSYNEQF,1
TRBV20-1,TRBJ2-1,SASWGVTLSNEQF,1
TRBV20-1,TRBJ2-1,SASWGVVAGDGQF,2
TRBV20-1,TRBJ2-1,SASWGVVDNEQF,1
TRBV20-1,TRBJ2-1,SASWGVWDGKTNNEQF,1
TRBV20-1,TRBJ2-1,SASWGWAYNEQF,1
TRBV20-1,TRBJ2-1,SASWGWDEQF,1
TRBV20-1,TRBJ2-1,SASWGWDNEQF,1
TRBV20-1,TRBJ2-1,SASWGWRNEQF,1
TRBV20-1,TRBJ2-1,SASWGWSYNEQF,1
TRBV20-1,TRBJ2-1,SASWGYEQF,5
TRBV20-1,TRBJ2-1,SASWGYNEQF,9
TRBV20-1,TRBJ2-1,SASWGYYNEQF,3
TRBV20-1,TRBJ2-1,SASWHEQF,6
TRBV20-1,TRBJ2-1,SASWHHEQF,1
TRBV20-1,TRBJ2-1,SASWHLYNEQF,1
TRBV20-1,TRBJ2-1,SASWHNEQF,1
TRBV20-1,TRBJ2-1,SASWHSSYNEQF,1
TRBV20-1,TRBJ2-1,SASWIAGVLSNEQF,1
TRBV20-1,TRBJ2-1,SASWIDNEQF,3
TRBV20-1,TRBJ2-1,SASWIGPGGGHEQF,1
TRBV20-1,TRBJ2-1,SASWIGSYRGLNEQF,1
TRBV20-1,TRBJ2-1,SASWIGWARSYNEQF,1
TRBV20-1,TRBJ2-1,SASWILGQLYNEQF,1
TRBV20-1,TRBJ2-1,SASWINEQF,1
TRBV20-1,TRBJ2-1,SASWIPRATYNEQF,1
TRBV20-1,TRBJ2-1,SASWIRLDYNEQF,1
TRBV20-1,TRBJ2-1,SASWIRPSYNEQF,1
TRBV20-1,TRBJ2-1,SASWIRPYNEQF,1
TRBV20-1,TRBJ2-1,SASWIRSSYNEQF,1
TRBV20-1,TRBJ2-1,SASWIVNEQF,1
TRBV20-1,TRBJ2-1,SASWIYNEQF,1
TRBV20-1,TRBJ2-1,SASWKGASGPNEQF,1
TRBV20-1,TRBJ2-1,SASWKGLPSYNEQF,1
TRBV20-1,TRBJ2-1,SASWKRAYNEQF,1
TRBV20-1,TRBJ2-1,SASWKRGYSYNEQF,1
TRBV20-1,TRBJ2-1,SASWKSPSSYNEQF,1
TRBV20-1,TRBJ2-1,SASWKSSYNEQF,2
TRBV20-1,TRBJ2-1,SASWKTYNEQF,1
TRBV20-1,TRBJ2-1,SASWKYGDEQF,1
TRBV20-1,TRBJ2-1,SASWLAANEQF,1
TRBV20-1,TRBJ2-1,SASWLAAPNEQF,5
TRBV20-1,TRBJ2-1,SASWLAASSYNEQF,1
TRBV20-1,TRBJ2-1,SASWLAAYNEQF,4
TRBV20-1,TRBJ2-1,SASWLADDNEQF,1
TRBV20-1,TRBJ2-1,SASWLADGNEQF,1
TRBV20-1,TRBJ2-1,SASWLADHNEQF,1
TRBV20-1,TRBJ2-1,SASWLADLYNEQF,1
TRBV20-1,TRBJ2-1,SASWLADNEQF,3
TRBV20-1,TRBJ2-1,SASWLADNNEQF,12
TRBV20-1,TRBJ2-1,SASWLADRYNEQF,1
TRBV20-1,TRBJ2-1,SASWLADWRSYNEQF,2
TRBV20-1,TRBJ2-1,SASWLADYEQF,1
TRBV20-1,TRBJ2-1,SASWLADYNEQF,10
TRBV20-1,TRBJ2-1,SASWLAEAYNEQF,1
TRBV20-1,TRBJ2-1,SASWLAEDNEQF,1
TRBV20-1,TRBJ2-1,SASWLAEEQF,9
TRBV20-1,TRBJ2-1,SASWLAEHNEQF,1
TRBV20-1,TRBJ2-1,SASWLAENNEQF,2
TRBV20-1,TRBJ2-1,SASWLAESLAAYNEQF,1
TRBV20-1,TRBJ2-1,SASWLAEWNEQF,1
TRBV20-1,TRBJ2-1,SASWLAEYNEQF,2
TRBV20-1,TRBJ2-1,SASWLAGANEQF,1
TRBV20-1,TRBJ2-1,SASWLAGASNNEQF,1
TRBV20-1,TRBJ2-1,SASWLAGAVLYNEQF,1
TRBV20-1,TRBJ2-1,SASWLAGAWDEQF,1
TRBV20-1,TRBJ2-1,SASWLAGAYNEQF,1
TRBV20-1,TRBJ2-1,SASWLAGDEQF,4
TRBV20-1,TRBJ2-1,SASWLAGDNEQF,3
TRBV20-1,TRBJ2-1,SASWLAGDTYNEQF,7
TRBV20-1,TRBJ2-1,SASWLAGDVSYNEQF,1
TRBV20-1,TRBJ2-1,SASWLAGDWNEQF,1
TRBV20-1,TRBJ2-1,SASWLAGDWRNEQF,1
TRBV20-1,TRBJ2-1,SASWLAGEGDEQF,1
TRBV20-1,TRBJ2-1,SASWLAGELHNEQF,1
TRBV20-1,TRBJ2-1,SASWLAGENEQF,1
TRBV20-1,TRBJ2-1,SASWLAGEVNEQF,1
TRBV20-1,TRBJ2-1,SASWLAGFYEQF,1
TRBV20-1,TRBJ2-1,SASWLAGGALYNEQF,1
TRBV20-1,TRBJ2-1,SASWLAGGAYNEQF,1
TRBV20-1,TRBJ2-1,SASWLAGGDEQF,1
TRBV20-1,TRBJ2-1,SASWLAGGGDSYNEQF,1
TRBV20-1,TRBJ2-1,SASWLAGGGLNEQF,2
TRBV20-1,TRBJ2-1,SASWLAGGGNEQF,1
TRBV20-1,TRBJ2-1,SASWLAGGGSYNEQF,1
TRBV20-1,TRBJ2-1,SASWLAGGNEQF,26
TRBV20-1,TRBJ2-1,SASWLAGGPNEQF,2
TRBV20-1,TRBJ2-1,SASWLAGGRNEQF,2
TRBV20-1,TRBJ2-1,SASWLAGGSSYNEQF,1
TRBV20-1,TRBJ2-1,SASWLAGGSYNEQF,1
TRBV20-1,TRBJ2-1,SASWLAGGTYNEQF,1
TRBV20-1,TRBJ2-1,SASWLAGGVFDNEQF,1
TRBV20-1,TRBJ2-1,SASWLAGGYEQF,2
TRBV20-1,TRBJ2-1,SASWLAGHNEQF,3
TRBV20-1,TRBJ2-1,SASWLAGIHEQF,1
TRBV20-1,TRBJ2-1,SASWLAGILDNEQF,1
TRBV20-1,TRBJ2-1,SASWLAGINNEQF,1
TRBV20-1,TRBJ2-1,SASWLAGIYNEQF,6
TRBV20-1,TRBJ2-1,SASWLAGKGSNEQF,1
TRBV20-1,TRBJ2-1,SASWLAGLGALDEQF,1
TRBV20-1,TRBJ2-1,SASWLAGLNEQF,1
TRBV20-1,TRBJ2-1,SASWLAGNEQF,3
TRBV20-1,TRBJ2-1,SASWLAGNFDEQF,1
TRBV20-1,TRBJ2-1,SASWLAGPFGYNEQF,1
TRBV20-1,TRBJ2-1,SASWLAGPNEQF,1
TRBV20-1,TRBJ2-1,SASWLAGPPSSYNEQF,1
TRBV20-1,TRBJ2-1,SASWLAGPSYNEQF,1
TRBV20-1,TRBJ2-1,SASWLAGRVEQF,1
TRBV20-1,TRBJ2-1,SASWLAGSNEQF,1
TRBV20-1,TRBJ2-1,SASWLAGSSYNEQF,3
TRBV20-1,TRBJ2-1,SASWLAGSYNEQF,1
TRBV20-1,TRBJ2-1,SASWLAGVDEQF,2
TRBV20-1,TRBJ2-1,SASWLAGVGNEQF,5
TRBV20-1,TRBJ2-1,SASWLAGVGRNEQF,1
TRBV20-1,TRBJ2-1,SASWLAGVGSYNEQF,1
TRBV20-1,TRBJ2-1,SASWLAGVGWNEQF,1
TRBV20-1,TRBJ2-1,SASWLAGVHEQF,1
TRBV20-1,TRBJ2-1,SASWLAGVNEQF,4
TRBV20-1,TRBJ2-1,SASWLAGVNNEQF,1
TRBV20-1,TRBJ2-1,SASWLAGVSYNEQF,2
TRBV20-1,TRBJ2-1,SASWLAGVTYNEQF,1
TRBV20-1,TRBJ2-1,SASWLAGVYEQF,1
TRBV20-1,TRBJ2-1,SASWLAGVYNEQF,1
TRBV20-1,TRBJ2-1,SASWLAGYNEQF,16
TRBV20-1,TRBJ2-1,SASWLAGYNEQS,1
TRBV20-1,TRBJ2-1,SASWLANEQF,1
TRBV20-1,TRBJ2-1,SASWLANNEQF,1
TRBV20-1,TRBJ2-1,SASWLANYNEQF,1
TRBV20-1,TRBJ2-1,SASWLAQIHEQF,1
TRBV20-1,TRBJ2-1,SASWLAQNHNEQF,1
TRBV20-1,TRBJ2-1,SASWLAQSSYNEQF,1
TRBV20-1,TRBJ2-1,SASWLAQYNEQF,1
TRBV20-1,TRBJ2-1,SASWLARGHEQF,1
TRBV20-1,TRBJ2-1,SASWLARYKEQF,1
TRBV20-1,TRBJ2-1,SASWLARYNEQF,1
TRBV20-1,TRBJ2-1,SASWLASGNYNEQF,1
TRBV20-1,TRBJ2-1,SASWLASYNEQF,1
TRBV20-1,TRBJ2-1,SASWLATSFLSSYNEQF,1
TRBV20-1,TRBJ2-1,SASWLATYNEQF,7
TRBV20-1,TRBJ2-1,SASWLAVNEQF,1
TRBV20-1,TRBJ2-1,SASWLAVYNEQF,1
TRBV20-1,TRBJ2-1,SASWLAYNEQF,1
TRBV20-1,TRBJ2-1,SASWLDEQF,27
TRBV20-1,TRBJ2-1,SASWLDPSSYNEQF,1
TRBV20-1,TRBJ2-1,SASWLDYNEQF,3
TRBV20-1,TRBJ2-1,SASWLEGRSNEQF,1
TRBV20-1,TRBJ2-1,SASWLELGLYNEQF,1
TRBV20-1,TRBJ2-1,SASWLERQF,7
TRBV20-1,TRBJ2-1,SASWLESSYNEQF,1
TRBV20-1,TRBJ2-1,SASWLESYYNEQF,1
TRBV20-1,TRBJ2-1,SASWLGDNEQF,2
TRBV20-1,TRBJ2-1,SASWLGGISYNEQF,1
TRBV20-1,TRBJ2-1,SASWLGGNEQF,1
TRBV20-1,TRBJ2-1,SASWLGLHNEQF,1
TRBV20-1,TRBJ2-1,SASWLGMFNEQF,1
TRBV20-1,TRBJ2-1,SASWLGPYNEQF,2
TRBV20-1,TRBJ2-1,SASWLGRENEQF,5
TRBV20-1,TRBJ2-1,SASWLGSRGPYNEQF,1
TRBV20-1,TRBJ2-1,SASWLGSYNEQF,1
TRBV20-1,TRBJ2-1,SASWLGTYNEQF,1
TRBV20-1,TRBJ2-1,SASWLGVRTSGRRSLYNEQF,1
TRBV20-1,TRBJ2-1,SASWLGVVNEQF,1
TRBV20-1,TRBJ2-1,SASWLGYNEQF,1
TRBV20-1,TRBJ2-1,SASWLHNEQF,1
TRBV20-1,TRBJ2-1,SASWLIAYNEQF,1
TRBV20-1,TRBJ2-1,SASWLLAGATEQF,1
TRBV20-1,TRBJ2-1,SASWLLAGDNEQF,1
TRBV20-1,TRBJ2-1,SASWLLLALNEQF,1
TRBV20-1,TRBJ2-1,SASWLLNNEQF,1
TRBV20-1,TRBJ2-1,SASWLLSLRDEQF,1
TRBV20-1,TRBJ2-1,SASWLNAYNEQF,1
TRBV20-1,TRBJ2-1,SASWLNEQF,3
TRBV20-1,TRBJ2-1,SASWLNSYNEQF,1
TRBV20-1,TRBJ2-1,SASWLPGGNEQF,1
TRBV20-1,TRBJ2-1,SASWLPGLAGAVDSYNEQF,1
TRBV20-1,TRBJ2-1,SASWLPGLAGDNEQF,1
TRBV20-1,TRBJ2-1,SASWLPLYNEQF,1
TRBV20-1,TRBJ2-1,SASWLPNNEQF,1
TRBV20-1,TRBJ2-1,SASWLPSGLIYNEQF,1
TRBV20-1,TRBJ2-1,SASWLRADSNEQF,1
TRBV20-1,TRBJ2-1,SASWLRAGAQPNNEQF,1
TRBV20-1,TRBJ2-1,SASWLRAGNEQF,5
TRBV20-1,TRBJ2-1,SASWLRANSYNEQF,1
TRBV20-1,TRBJ2-1,SASWLRHGNEQF,1
TRBV20-1,TRBJ2-1,SASWLRLAGAPWYNEQF,1
TRBV20-1,TRBJ2-1,SASWLRLSNEQF,1
TRBV20-1,TRBJ2-1,SASWLRLVGSYNEQF,1
TRBV20-1,TRBJ2-1,SASWLRSGGVNEQF,1
TRBV20-1,TRBJ2-1,SASWLRTGGHNEQF,1
TRBV20-1,TRBJ2-1,SASWLRWTGGSYNEQF,6
TRBV20-1,TRBJ2-1,SASWLSAAEAYNEQF,1
TRBV20-1,TRBJ2-1,SASWLSGRYNEQF,1
TRBV20-1,TRBJ2-1,SASWLSGTASYNEQF,1
TRBV20-1,TRBJ2-1,SASWLSGYNEQF,1
TRBV20-1,TRBJ2-1,SASWLSLYNEQF,1
TRBV20-1,TRBJ2-1,SASWLSNEQF,1
TRBV20-1,TRBJ2-1,SASWLSPGSGLLSNEQF,8
TRBV20-1,TRBJ2-1,SASWLSRSGSNEQF,1
TRBV20-1,TRBJ2-1,SASWLSSGNSYNEQF,1
TRBV20-1,TRBJ2-1,SASWLSSYNEQF,5
TRBV20-1,TRBJ2-1,SASWLSYNEQF,5
TRBV20-1,TRBJ2-1,SASWLTAYNEQF,1
TRBV20-1,TRBJ2-1,SASWLTDNEQF,1
TRBV20-1,TRBJ2-1,SASWLTGGLNEQF,1
TRBV20-1,TRBJ2-1,SASWLVFNEQF,1
TRBV20-1,TRBJ2-1,SASWLVGLAGPRGYNEQF,1
TRBV20-1,TRBJ2-1,SASWLVIYNEQF,1
TRBV20-1,TRBJ2-1,SASWLVRVYEQF,1
TRBV20-1,TRBJ2-1,SASWLVVSI,4
TRBV20-1,TRBJ2-1,SASWLWGNRYNEQF,1
TRBV20-1,TRBJ2-1,SASWLYNEQF,1
TRBV20-1,TRBJ2-1,SASWMANNEQF,1
TRBV20-1,TRBJ2-1,SASWMEGSYNEQF,3
TRBV20-1,TRBJ2-1,SASWMNEQF,1
TRBV20-1,TRBJ2-1,SASWMRDEQF,5
TRBV20-1,TRBJ2-1,SASWMRQGGLGAYNEQF,1
TRBV20-1,TRBJ2-1,SASWMSVWVNEQF,1
TRBV20-1,TRBJ2-1,SASWMTGWESYNEQF,1
TRBV20-1,TRBJ2-1,SASWNARGNDNEQF,1
TRBV20-1,TRBJ2-1,SASWNEQF,33
TRBV20-1,TRBJ2-1,SASWNFHLNEQF,1
TRBV20-1,TRBJ2-1,SASWNGRAYNEQF,2
TRBV20-1,TRBJ2-1,SASWNLAGAYNEQF,1
TRBV20-1,TRBJ2-1,SASWNLGGTYNEQF,1
TRBV20-1,TRBJ2-1,SASWNNEQF,5
TRBV20-1,TRBJ2-1,SASWNQQF,1
TRBV20-1,TRBJ2-1,SASWNQRGYNEQF,1
TRBV20-1,TRBJ2-1,SASWNSNEQF,1
TRBV20-1,TRBJ2-1,SASWNTIYNEQF,1
TRBV20-1,TRBJ2-1,SASWNVGNEQF,1
TRBV20-1,TRBJ2-1,SASWPADEQF,1
TRBV20-1,TRBJ2-1,SASWPAEGADNEQF,1
TRBV20-1,TRBJ2-1,SASWPAGGGNEQF,1
TRBV20-1,TRBJ2-1,SASWPAGGYNEQF,1
TRBV20-1,TRBJ2-1,SASWPAGYNEQF,1
TRBV20-1,TRBJ2-1,SASWPAPGTIDEQF,2
TRBV20-1,TRBJ2-1,SASWPASSYNEQF,1
TRBV20-1,TRBJ2-1,SASWPDSYNEQF,1
TRBV20-1,TRBJ2-1,SASWPFNNEQF,1
TRBV20-1,TRBJ2-1,SASWPGAAYNEQF,1
TRBV20-1,TRBJ2-1,SASWPGANEQF,1
TRBV20-1,TRBJ2-1,SASWPGDEQF,1
TRBV20-1,TRBJ2-1,SASWPGDYNEQF,1
TRBV20-1,TRBJ2-1,SASWPGDYPLTYNEQF,1
TRBV20-1,TRBJ2-1,SASWPGEVDEQF,1
TRBV20-1,TRBJ2-1,SASWPGGGRNEQF,1
TRBV20-1,TRBJ2-1,SASWPGGSGNEQF,1
TRBV20-1,TRBJ2-1,SASWPGGYNEQF,3
TRBV20-1,TRBJ2-1,SASWPGIRI,1
TRBV20-1,TRBJ2-1,SASWPGLAGGPYSNEQF,1
TRBV20-1,TRBJ2-1,SASWPGLAGGRRSYNEQF,1
TRBV20-1,TRBJ2-1,SASWPGLAGNEQF,1
TRBV20-1,TRBJ2-1,SASWPGLDNEQF,1
TRBV20-1,TRBJ2-1,SASWPGLEYNEQF,1
TRBV20-1,TRBJ2-1,SASWPGQGYNEQF,1
TRBV20-1,TRBJ2-1,SASWPGRGEQF,1
TRBV20-1,TRBJ2-1,SASWPGRNEQF,2
TRBV20-1,TRBJ2-1,SASWPGSSRNEQF,1
TRBV20-1,TRBJ2-1,SASWPGTYNEQF,1
TRBV20-1,TRBJ2-1,SASWPGYNEQF,1
TRBV20-1,TRBJ2-1,SASWPIKGYNEQF,1
TRBV20-1,TRBJ2-1,SASWPINNEQF,4
TRBV20-1,TRBJ2-1,SASWPKPNEQF,1
TRBV20-1,TRBJ2-1,SASWPLAGSYNEQF,1
TRBV20-1,TRBJ2-1,SASWPLAGYYNEQF,1
TRBV20-1,TRBJ2-1,SASWPLGNEQF,1
TRBV20-1,TRBJ2-1,SASWPLTGKTYNEQF,1
TRBV20-1,TRBJ2-1,SASWPLVNEQF,1
TRBV20-1,TRBJ2-1,SASWPMGLADHNEQF,1
TRBV20-1,TRBJ2-1,SASWPMSSCNEQF,1
TRBV20-1,TRBJ2-1,SASWPMSSYNEQF,1
TRBV20-1,TRBJ2-1,SASWPNEQF,1
TRBV20-1,TRBJ2-1,SASWPNGVNEQF,1
TRBV20-1,TRBJ2-1,SASWPNKFNEQF,1
TRBV20-1,TRBJ2-1,SASWPNNEQF,1
TRBV20-1,TRBJ2-1,SASWPNNYNEQF,9
TRBV20-1,TRBJ2-1,SASWPNSYNEQF,1
TRBV20-1,TRBJ2-1,SASWPPEQF,4
TRBV20-1,TRBJ2-1,SASWPPLHYNEQF,3
TRBV20-1,TRBJ2-1,SASWPPNEQF,1
TRBV20-1,TRBJ2-1,SASWPPNFYNEQF,1
TRBV20-1,TRBJ2-1,SASWPPSYNEQF,1
TRBV20-1,TRBJ2-1,SASWPPYNEQF,1
TRBV20-1,TRBJ2-1,SASWPQGNDEQF,1
TRBV20-1,TRBJ2-1,SASWPQGNEQF,1
TRBV20-1,TRBJ2-1,SASWPQRNNEQF,1
TRBV20-1,TRBJ2-1,SASWPRHSSSYNEQF,1
TRBV20-1,TRBJ2-1,SASWPRNEQF,1
TRBV20-1,TRBJ2-1,SASWPRSSYNEQF,2
TRBV20-1,TRBJ2-1,SASWPSAASYNEQF,1
TRBV20-1,TRBJ2-1,SASWPSDEQF,1
TRBV20-1,TRBJ2-1,SASWPSGDEQF,1
TRBV20-1,TRBJ2-1,SASWPSGERSYNEQF,1
TRBV20-1,TRBJ2-1,SASWPSGFYNEQF,1
TRBV20-1,TRBJ2-1,SASWPSGGDNEQF,1
TRBV20-1,TRBJ2-1,SASWPSGGYNEQF,1
TRBV20-1,TRBJ2-1,SASWPSGHYNEQF,1
TRBV20-1,TRBJ2-1,SASWPSGINEQF,1
TRBV20-1,TRBJ2-1,SASWPSGMKFNEQF,1
TRBV20-1,TRBJ2-1,SASWPSGNEQF,1
TRBV20-1,TRBJ2-1,SASWPSGRADNEQF,1
TRBV20-1,TRBJ2-1,SASWPSGRAFNEQF,1
TRBV20-1,TRBJ2-1,SASWPSGRANEHF,1
TRBV20-1,TRBJ2-1,SASWPSGRANEQF,12
TRBV20-1,TRBJ2-1,SASWPSGRGSYNEQF,1
TRBV20-1,TRBJ2-1,SASWPSGRGVNEQF,1
TRBV20-1,TRBJ2-1,SASWPSGRNYNEQF,1
TRBV20-1,TRBJ2-1,SASWPSGRSYNEQF,1
TRBV20-1,TRBJ2-1,SASWPSGSNNEQF,1
TRBV20-1,TRBJ2-1,SASWPSGSSYNEQF,1
TRBV20-1,TRBJ2-1,SASWPSGSYNEQF,3
TRBV20-1,TRBJ2-1,SASWPSGTSLSYNEQF,1
TRBV20-1,TRBJ2-1,SASWPSGYNEEC,1
TRBV20-1,TRBJ2-1,SASWPSGYNEKC,1
TRBV20-1,TRBJ2-1,SASWPSGYNEQF,26
TRBV20-1,TRBJ2-1,SASWPSGYNEQV,1
TRBV20-1,TRBJ2-1,SASWPSGYNERF,1
TRBV20-1,TRBJ2-1,SASWPSNDPGDEQF,1
TRBV20-1,TRBJ2-1,SASWPSRDEQF,1
TRBV20-1,TRBJ2-1,SASWPSRNEQF,1
TRBV20-1,TRBJ2-1,SASWPSSGLYSYNEQF,1
TRBV20-1,TRBJ2-1,SASWPSSYNEQF,4
TRBV20-1,TRBJ2-1,SASWPSYNEQF,1
TRBV20-1,TRBJ2-1,SASWPTGGNEQF,1
TRBV20-1,TRBJ2-1,SASWPTGGTNEQF,1
TRBV20-1,TRBJ2-1,SASWPTGLADHNEQF,7
TRBV20-1,TRBJ2-1,SASWPTGTTYNEQF,1
TRBV20-1,TRBJ2-1,SASWPTRGNEQF,1
TRBV20-1,TRBJ2-1,SASWPTSGNDEQF,1
TRBV20-1,TRBJ2-1,SASWPTSGRSNEQF,5
TRBV20-1,TRBJ2-1,SASWPTSGSDEQF,1
TRBV20-1,TRBJ2-1,SASWPVFNEQF,1
TRBV20-1,TRBJ2-1,SASWPVNEQF,1
TRBV20-1,TRBJ2-1,SASWPVSGRSGEQF,2
TRBV20-1,TRBJ2-1,SASWPVYNEQF,2
TRBV20-1,TRBJ2-1,SASWPWDNEQF,1
TRBV20-1,TRBJ2-1,SASWPWSDEQF,1
TRBV20-1,TRBJ2-1,SASWPWTSGKNNEQF,1
TRBV20-1,TRBJ2-1,SASWPYSYNEQF,1
TRBV20-1,TRBJ2-1,SASWPYYNEQF,1
TRBV20-1,TRBJ2-1,SASWQALYNEQF,1
TRBV20-1,TRBJ2-1,SASWQASYNEQF,1
TRBV20-1,TRBJ2-1,SASWQAYNEQF,1
TRBV20-1,TRBJ2-1,SASWQFSSYNEQF,1
TRBV20-1,TRBJ2-1,SASWQFYNEQF,2
TRBV20-1,TRBJ2-1,SASWQGAAYEQF,1
TRBV20-1,TRBJ2-1,SASWQGAFNEQF,2
TRBV20-1,TRBJ2-1,SASWQGAKNEQF,1
TRBV20-1,TRBJ2-1,SASWQGAPNEQF,5
TRBV20-1,TRBJ2-1,SASWQGAYNEQF,4
TRBV20-1,TRBJ2-1,SASWQGAYYEQF,1
TRBV20-1,TRBJ2-1,SASWQGEYNEQF,1
TRBV20-1,TRBJ2-1,SASWQGGDEQF,1
TRBV20-1,TRBJ2-1,SASWQGGHNEQF,2
TRBV20-1,TRBJ2-1,SASWQGGHNGQF,1
TRBV20-1,TRBJ2-1,SASWQGGNDEQF,1
TRBV20-1,TRBJ2-1,SASWQGIGNEQF,1
TRBV20-1,TRBJ2-1,SASWQGKVYEQF,1
TRBV20-1,TRBJ2-1,SASWQGLHEQF,1
TRBV20-1,TRBJ2-1,SASWQGLYNEQF,1
TRBV20-1,TRBJ2-1,SASWQGNEQF,2
TRBV20-1,TRBJ2-1,SASWQGPEYNEQF,1
TRBV20-1,TRBJ2-1,SASWQGPYNEQF,1
TRBV20-1,TRBJ2-1,SASWQGQF,3
TRBV20-1,TRBJ2-1,SASWQGRANEQF,1
TRBV20-1,TRBJ2-1,SASWQGRTNEQF,2
TRBV20-1,TRBJ2-1,SASWQGSSYNEQF,2
TRBV20-1,TRBJ2-1,SASWQGSYNEQF,3
TRBV20-1,TRBJ2-1,SASWQGTYNEQF,1
TRBV20-1,TRBJ2-1,SASWQGVRNEQF,1
TRBV20-1,TRBJ2-1,SASWQGVRNVQF,1
TRBV20-1,TRBJ2-1,SASWQGVTNEQF,1
TRBV20-1,TRBJ2-1,SASWQGVYNEQF,9
TRBV20-1,TRBJ2-1,SASWQGYNEQF,3
TRBV20-1,TRBJ2-1,SASWQHNEQF,1
TRBV20-1,TRBJ2-1,SASWQIDNEQF,1
TRBV20-1,TRBJ2-1,SASWQIYNEQF,2
TRBV20-1,TRBJ2-1,SASWQNEQF,1
TRBV20-1,TRBJ2-1,SASWQPNEQF,1
TRBV20-1,TRBJ2-1,SASWQPRSSYNEQF,1
TRBV20-1,TRBJ2-1,SASWQQDNEQF,1
TRBV20-1,TRBJ2-1,SASWQRISSYNEQF,3
TRBV20-1,TRBJ2-1,SASWQRIYNEQF,1
TRBV20-1,TRBJ2-1,SASWQRKTNEQF,1
TRBV20-1,TRBJ2-1,SASWQRYSYNEQF,1
TRBV20-1,TRBJ2-1,SASWQSSYNEQF,3
TRBV20-1,TRBJ2-1,SASWQSSYNEQV,1
TRBV20-1,TRBJ2-1,SASWQSVNEQF,1
TRBV20-1,TRBJ2-1,SASWQSYNEQF,2
TRBV20-1,TRBJ2-1,SASWQTLYNEQF,1
TRBV20-1,TRBJ2-1,SASWQTPYNEQF,1
TRBV20-1,TRBJ2-1,SASWQTYNEQF,1
TRBV20-1,TRBJ2-1,SASWQVANEQF,1
TRBV20-1,TRBJ2-1,SASWQVSYNEQF,1
TRBV20-1,TRBJ2-1,SASWQYNEQF,1
TRBV20-1,TRBJ2-1,SASWQYSYNEQF,1
TRBV20-1,TRBJ2-1,SASWRAAKNEQF,1
TRBV20-1,TRBJ2-1,SASWRAANEQF,1
TRBV20-1,TRBJ2-1,SASWRAAYNEQF,1
TRBV20-1,TRBJ2-1,SASWRAENEQF,1
TRBV20-1,TRBJ2-1,SASWRAFYNEQF,4
TRBV20-1,TRBJ2-1,SASWRAGGGYNEQF,1
TRBV20-1,TRBJ2-1,SASWRAGGYNEQF,1
TRBV20-1,TRBJ2-1,SASWRAGVNEQF,1
TRBV20-1,TRBJ2-1,SASWRAKAGEQF,4
TRBV20-1,TRBJ2-1,SASWRALSNEQF,1
TRBV20-1,TRBJ2-1,SASWRALYNEQF,1
TRBV20-1,TRBJ2-1,SASWRANEQF,1
TRBV20-1,TRBJ2-1,SASWRANNEQF,1
TRBV20-1,TRBJ2-1,SASWRAPNEQF,1
TRBV20-1,TRBJ2-1,SASWRARDNEQF,1
TRBV20-1,TRBJ2-1,SASWRARGDEQF,1
TRBV20-1,TRBJ2-1,SASWRARHNEQF,6
TRBV20-1,TRBJ2-1,SASWRARYDNEQF,1
TRBV20-1,TRBJ2-1,SASWRASGGGLNEQF,1
TRBV20-1,TRBJ2-1,SASWRASGSYNEQF,1
TRBV20-1,TRBJ2-1,SASWRASSYNEQF,1
TRBV20-1,TRBJ2-1,SASWRASYNEQF,2
TRBV20-1,TRBJ2-1,SASWRATYNEQF,1
TRBV20-1,TRBJ2-1,SASWRAVDEQF,4
TRBV20-1,TRBJ2-1,SASWRAVYNEQF,1
TRBV20-1,TRBJ2-1,SASWRAYNEQF,2
TRBV20-1,TRBJ2-1,SASWRDARLSSYNEQF,1
TRBV20-1,TRBJ2-1,SASWRDEQF,2
TRBV20-1,TRBJ2-1,SASWRDGTEQF,3
TRBV20-1,TRBJ2-1,SASWRDGYNEQF,1
TRBV20-1,TRBJ2-1,SASWRDINEQF,1
TRBV20-1,TRBJ2-1,SASWRDNEEF,1
TRBV20-1,TRBJ2-1,SASWRDNEQF,9
TRBV20-1,TRBJ2-1,SASWRDNINEQF,1
TRBV20-1,TRBJ2-1,SASWRDRAYNEQF,1
TRBV20-1,TRBJ2-1,SASWRDSHNEQF,1
TRBV20-1,TRBJ2-1,SASWRDSYNEQF,5
TRBV20-1,TRBJ2-1,SASWRDTYNEQF,1
TRBV20-1,TRBJ2-1,SASWRDVWDEQS,1
TRBV20-1,TRBJ2-1,SASWRDYNEQF,9
TRBV20-1,TRBJ2-1,SASWREALSYNEQF,1
TRBV20-1,TRBJ2-1,SASWREAYEQF,1
TRBV20-1,TRBJ2-1,SASWREAYNEQF,3
TRBV20-1,TRBJ2-1,SASWREENEQF,1
TRBV20-1,TRBJ2-1,SASWREESYNEQF,1
TRBV20-1,TRBJ2-1,SASWREFANEQF,1
TRBV20-1,TRBJ2-1,SASWREFYEQF,1
TRBV20-1,TRBJ2-1,SASWREGGYNEQF,4
TRBV20-1,TRBJ2-1,SASWREGKNEQF,1
TRBV20-1,TRBJ2-1,SASWREGLLEDEQF,1
TRBV20-1,TRBJ2-1,SASWREGLYNEQF,1
TRBV20-1,TRBJ2-1,SASWREGNEQF,1
TRBV20-1,TRBJ2-1,SASWREGNNEQF,1
TRBV20-1,TRBJ2-1,SASWREGPPAYNEQF,1
TRBV20-1,TRBJ2-1,SASWREGRNEQF,1
TRBV20-1,TRBJ2-1,SASWREGRSNEQF,5
TRBV20-1,TRBJ2-1,SASWREGRSYNEQF,1
TRBV20-1,TRBJ2-1,SASWREGRWNEQF,1
TRBV20-1,TRBJ2-1,SASWREGSYNEQF,2
TRBV20-1,TRBJ2-1,SASWREGVGGNEQF,1
TRBV20-1,TRBJ2-1,SASWREGYNEQF,5
TRBV20-1,TRBJ2-1,SASWREHNEQF,1
TRBV20-1,TRBJ2-1,SASWREIRNNEQF,1
TRBV20-1,TRBJ2-1,SASWREKFSYNEQF,1
TRBV20-1,TRBJ2-1,SASWREKHNEQF,1
TRBV20-1,TRBJ2-1,SASWREMVNEQF,1
TRBV20-1,TRBJ2-1,SASWRENSYNEQF,4
TRBV20-1,TRBJ2-1,SASWRENYNEQF,1
TRBV20-1,TRBJ2-1,SASWRERANEQF,1
TRBV20-1,TRBJ2-1,SASWRERFGNEQF,1
TRBV20-1,TRBJ2-1,SASWRERLYNEQF,1
TRBV20-1,TRBJ2-1,SASWRERPASYNEQF,1
TRBV20-1,TRBJ2-1,SASWRESFVDEQF,3
TRBV20-1,TRBJ2-1,SASWRESPYNEQF,1
TRBV20-1,TRBJ2-1,SASWRESSYNEQF,1
TRBV20-1,TRBJ2-1,SASWRETYNEQF,1
TRBV20-1,TRBJ2-1,SASWREVWDAQF,2
TRBV20-1,TRBJ2-1,SASWREVWDEQF,32
TRBV20-1,TRBJ2-1,SASWREVWHEQF,1
TRBV20-1,TRBJ2-1,SASWREVYNEQF,2
TRBV20-1,TRBJ2-1,SASWREWSSYNEQF,1
TRBV20-1,TRBJ2-1,SASWREYIYNEQF,1
TRBV20-1,TRBJ2-1,SASWREYNEQF,1
TRBV20-1,TRBJ2-1,SASWRGAFNEQF,1
TRBV20-1,TRBJ2-1,SASWRGAGGREVSYNEQF,2
TRBV20-1,TRBJ2-1,SASWRGAKGNEQF,1
TRBV20-1,TRBJ2-1,SASWRGARDTYNEQF,1
TRBV20-1,TRBJ2-1,SASWRGAYNEQF,2
TRBV20-1,TRBJ2-1,SASWRGAYYNEQF,1
TRBV20-1,TRBJ2-1,SASWRGDEQF,1
TRBV20-1,TRBJ2-1,SASWRGDYNEQF,1
TRBV20-1,TRBJ2-1,SASWRGENEQF,1
TRBV20-1,TRBJ2-1,SASWRGERTNNEQF,1
TRBV20-1,TRBJ2-1,SASWRGEYNEQF,1
TRBV20-1,TRBJ2-1,SASWRGFINEQF,1
TRBV20-1,TRBJ2-1,SASWRGFSYNEQF,1
TRBV20-1,TRBJ2-1,SASWRGGGNEQF,1
TRBV20-1,TRBJ2-1,SASWRGGHNEQF,1
TRBV20-1,TRBJ2-1,SASWRGGKNEQF,1
TRBV20-1,TRBJ2-1,SASWRGGPFNEQF,1
TRBV20-1,TRBJ2-1,SASWRGGRSYNEQF,1
TRBV20-1,TRBJ2-1,SASWRGGSNEQF,1
TRBV20-1,TRBJ2-1,SASWRGGWTNEQF,1
TRBV20-1,TRBJ2-1,SASWRGGYNEQF,5
TRBV20-1,TRBJ2-1,SASWRGHNEQF,3
TRBV20-1,TRBJ2-1,SASWRGHYNEQF,1
TRBV20-1,TRBJ2-1,SASWRGINNEQF,1
TRBV20-1,TRBJ2-1,SASWRGKYNEQF,1
TRBV20-1,TRBJ2-1,SASWRGLDYNEQF,1
TRBV20-1,TRBJ2-1,SASWRGLGDDEQF,1
TRBV20-1,TRBJ2-1,SASWRGLGNEQF,1
TRBV20-1,TRBJ2-1,SASWRGLNEQF,2
TRBV20-1,TRBJ2-1,SASWRGLNNEQF,1
TRBV20-1,TRBJ2-1,SASWRGLYNEQF,2
TRBV20-1,TRBJ2-1,SASWRGNEQF,3
TRBV20-1,TRBJ2-1,SASWRGNNEQF,1
TRBV20-1,TRBJ2-1,SASWRGPISYNEQF,1
TRBV20-1,TRBJ2-1,SASWRGPQDEQF,1
TRBV20-1,TRBJ2-1,SASWRGPYNEQF,10
TRBV20-1,TRBJ2-1,SASWRGQF,1
TRBV20-1,TRBJ2-1,SASWRGRDEQF,1
TRBV20-1,TRBJ2-1,SASWRGRHYNEQF,1
TRBV20-1,TRBJ2-1,SASWRGRINEQF,1
TRBV20-1,TRBJ2-1,SASWRGRNEQF,1
TRBV20-1,TRBJ2-1,SASWRGRPNINEQF,1
TRBV20-1,TRBJ2-1,SASWRGRYNEQF,2
TRBV20-1,TRBJ2-1,SASWRGSNNEQF,1
TRBV20-1,TRBJ2-1,SASWRGSNYNEQF,1
TRBV20-1,TRBJ2-1,SASWRGSPRYNEQF,1
TRBV20-1,TRBJ2-1,SASWRGSYNEQF,9
TRBV20-1,TRBJ2-1,SASWRGTSYNEQF,1
TRBV20-1,TRBJ2-1,SASWRGVLFDEQF,1
TRBV20-1,TRBJ2-1,SASWRGVMGEQF,8
TRBV20-1,TRBJ2-1,SASWRGVNYNEQF,1
TRBV20-1,TRBJ2-1,SASWRGVYNEQF,1
TRBV20-1,TRBJ2-1,SASWRGYDEQF,1
TRBV20-1,TRBJ2-1,SASWRGYEQF,5
TRBV20-1,TRBJ2-1,SASWRGYNEQF,15
TRBV20-1,TRBJ2-1,SASWRHRGGRMDNEQF,1
TRBV20-1,TRBJ2-1,SASWRIGRNEQF,1
TRBV20-1,TRBJ2-1,SASWRISYNEQF,1
TRBV20-1,TRBJ2-1,SASWRKAYNEQF,1
TRBV20-1,TRBJ2-1,SASWRKDNEQF,1
TRBV20-1,TRBJ2-1,SASWRKGYNEQF,8
TRBV20-1,TRBJ2-1,SASWRLAGDGYNEQF,1
TRBV20-1,TRBJ2-1,SASWRLAGKNEQF,1
TRBV20-1,TRBJ2-1,SASWRLAGSYNEQF,1
TRBV20-1,TRBJ2-1,SASWRLAGVDEQF,1
TRBV20-1,TRBJ2-1,SASWRLASYNEQF,1
TRBV20-1,TRBJ2-1,SASWRLGAGNEQF,1
TRBV20-1,TRBJ2-1,SASWRLKNNEQF,1
TRBV20-1,TRBJ2-1,SASWRLLGNEQF,1
TRBV20-1,TRBJ2-1,SASWRLLLNEQF,1
TRBV20-1,TRBJ2-1,SASWRLNEQF,1
TRBV20-1,TRBJ2-1,SASWRLQAHEQF,1
TRBV20-1,TRBJ2-1,SASWRLSYNEQF,2
TRBV20-1,TRBJ2-1,SASWRNEQF,9
TRBV20-1,TRBJ2-1,SASWRNGLAGFDEQF,1
TRBV20-1,TRBJ2-1,SASWRNNEQF,2
TRBV20-1,TRBJ2-1,SASWRNRNNEQF,1
TRBV20-1,TRBJ2-1,SASWRNYNEQF,1
TRBV20-1,TRBJ2-1,SASWRPHTTTDEQF,5
TRBV20-1,TRBJ2-1,SASWRPNEQF,1
TRBV20-1,TRBJ2-1,SASWRPPINEQF,5
TRBV20-1,TRBJ2-1,SASWRPRGNEQF,1
TRBV20-1,TRBJ2-1,SASWRPSYNEQF,1
TRBV20-1,TRBJ2-1,SASWRQDDEQF,1
TRBV20-1,TRBJ2-1,SASWRQGDNEQF,1
TRBV20-1,TRBJ2-1,SASWRQKYNEQF,1
TRBV20-1,TRBJ2-1,SASWRRAYNEQF,12
TRBV20-1,TRBJ2-1,SASWRRESSYNEQF,6
TRBV20-1,TRBJ2-1,SASWRRESSYTEQF,1
TRBV20-1,TRBJ2-1,SASWRRGGHEQF,1
TRBV20-1,TRBJ2-1,SASWRRGGNEQF,1
TRBV20-1,TRBJ2-1,SASWRRGNEQF,1
TRBV20-1,TRBJ2-1,SASWRRGQYNEQF,1
TRBV20-1,TRBJ2-1,SASWRRGTNEQF,1
TRBV20-1,TRBJ2-1,SASWRRHNEQF,1
TRBV20-1,TRBJ2-1,SASWRRNNNEQF,1
TRBV20-1,TRBJ2-1,SASWRRNYNEQF,1
TRBV20-1,TRBJ2-1,SASWRRTYNEQF,1
TRBV20-1,TRBJ2-1,SASWRSAGGEQF,3
TRBV20-1,TRBJ2-1,SASWRSDNEQF,1
TRBV20-1,TRBJ2-1,SASWRSGRNEQF,1
TRBV20-1,TRBJ2-1,SASWRSGSSYNEQF,2
TRBV20-1,TRBJ2-1,SASWRSGVNEQF,1
TRBV20-1,TRBJ2-1,SASWRSKYNEQF,1
TRBV20-1,TRBJ2-1,SASWRSNEQF,2
TRBV20-1,TRBJ2-1,SASWRSPSYNEQF,1
TRBV20-1,TRBJ2-1,SASWRSSYNEQF,6
TRBV20-1,TRBJ2-1,SASWRSTYNEQF,1
TRBV20-1,TRBJ2-1,SASWRSYNEQF,4
TRBV20-1,TRBJ2-1,SASWRSYYNEQF,1
TRBV20-1,TRBJ2-1,SASWRTGENEQF,1
TRBV20-1,TRBJ2-1,SASWRTGHEQF,1
TRBV20-1,TRBJ2-1,SASWRTGLDEQF,1
TRBV20-1,TRBJ2-1,SASWRTNEQF,2
TRBV20-1,TRBJ2-1,SASWRTNNEQF,1
TRBV20-1,TRBJ2-1,SASWRTSGGSSYNEQF,1
TRBV20-1,TRBJ2-1,SASWRTSGNEQF,1
TRBV20-1,TRBJ2-1,SASWRTSQAYNEQF,1
TRBV20-1,TRBJ2-1,SASWRTSYNEQF,2
TRBV20-1,TRBJ2-1,SASWRTTGNEQF,1
TRBV20-1,TRBJ2-1,SASWRTVPHNEQF,1
TRBV20-1,TRBJ2-1,SASWRTYNEQF,7
TRBV20-1,TRBJ2-1,SASWRTYTEQF,1
TRBV20-1,TRBJ2-1,SASWRVDEQF,1
TRBV20-1,TRBJ2-1,SASWRVGNEQF,1
TRBV20-1,TRBJ2-1,SASWRVGYNEQF,1
TRBV20-1,TRBJ2-1,SASWRVHEQF,1
TRBV20-1,TRBJ2-1,SASWRVHNEQF,1
TRBV20-1,TRBJ2-1,SASWRVISSYNEQF,1
TRBV20-1,TRBJ2-1,SASWRVLHNEQF,1
TRBV20-1,TRBJ2-1,SASWRVNEQF,1
TRBV20-1,TRBJ2-1,SASWRVNNEQF,1
TRBV20-1,TRBJ2-1,SASWRVPYNEQF,1
TRBV20-1,TRBJ2-1,SASWRVSYNEQF,4
TRBV20-1,TRBJ2-1,SASWRVVYNEQF,1
TRBV20-1,TRBJ2-1,SASWRVYNEQF,2
TRBV20-1,TRBJ2-1,SASWRWNEQF,1
TRBV20-1,TRBJ2-1,SASWRYNEQF,4
TRBV20-1,TRBJ2-1,SASWRYPYNEQF,1
TRBV20-1,TRBJ2-1,SASWSAGGPYNEQF,1
TRBV20-1,TRBJ2-1,SASWSAKHNEQF,1
TRBV20-1,TRBJ2-1,SASWSAKNEQF,1
TRBV20-1,TRBJ2-1,SASWSANEQF,1
TRBV20-1,TRBJ2-1,SASWSANYNEQF,1
TRBV20-1,TRBJ2-1,SASWSARQF,1
TRBV20-1,TRBJ2-1,SASWSATHNEQF,1
TRBV20-1,TRBJ2-1,SASWSAWDNEQF,1
TRBV20-1,TRBJ2-1,SASWSDSYNEQF,1
TRBV20-1,TRBJ2-1,SASWSDYNEQF,2
TRBV20-1,TRBJ2-1,SASWSEGRRNEQF,1
TRBV20-1,TRBJ2-1,SASWSFSGGYEQF,3
TRBV20-1,TRBJ2-1,SASWSFSYNEQF,1
TRBV20-1,TRBJ2-1,SASWSGARNEQF,1
TRBV20-1,TRBJ2-1,SASWSGASAYNEQF,1
TRBV20-1,TRBJ2-1,SASWSGDFYNEQF,1
TRBV20-1,TRBJ2-1,SASWSGGDNEQF,1
TRBV20-1,TRBJ2-1,SASWSGGEQF,5
TRBV20-1,TRBJ2-1,SASWSGGGPDEQF,1
TRBV20-1,TRBJ2-1,SASWSGGGSRNEQF,4
TRBV20-1,TRBJ2-1,SASWSGGPYNEQF,1
TRBV20-1,TRBJ2-1,SASWSGGSYNEQF,1
TRBV20-1,TRBJ2-1,SASWSGGYNEQF,20
TRBV20-1,TRBJ2-1,SASWSGKNNEQF,1
TRBV20-1,TRBJ2-1,SASWSGLAGVVDEQF,1
TRBV20-1,TRBJ2-1,SASWSGNEQF,1
TRBV20-1,TRBJ2-1,SASWSGPYNEQF,1
TRBV20-1,TRBJ2-1,SASWSGQYLNEQF,1
TRBV20-1,TRBJ2-1,SASWSGRAINEQF,1
TRBV20-1,TRBJ2-1,SASWSGRAIYNEQF,1
TRBV20-1,TRBJ2-1,SASWSGRAQGEQF,2
TRBV20-1,TRBJ2-1,SASWSGRDEQF,1
TRBV20-1,TRBJ2-1,SASWSGRGNEQF,1
TRBV20-1,TRBJ2-1,SASWSGRLPNEQF,1
TRBV20-1,TRBJ2-1,SASWSGRRNEQF,1
TRBV20-1,TRBJ2-1,SASWSGRSSYNEQF,2
TRBV20-1,TRBJ2-1,SASWSGRTNEQF,1
TRBV20-1,TRBJ2-1,SASWSGRTYNEQF,1
TRBV20-1,TRBJ2-1,SASWSGRVINEQF,1
TRBV20-1,TRBJ2-1,SASWSGSGDEQF,1
TRBV20-1,TRBJ2-1,SASWSGSGNEQF,2
TRBV20-1,TRBJ2-1,SASWSGSYNEQF,1
TRBV20-1,TRBJ2-1,SASWSGTGMYNDQF,1
TRBV20-1,TRBJ2-1,SASWSGTGMYNEQF,2
TRBV20-1,TRBJ2-1,SASWSGTKNEQF,1
TRBV20-1,TRBJ2-1,SASWSGTPSNEQF,1
TRBV20-1,TRBJ2-1,SASWSGTSVYNEQF,1
TRBV20-1,TRBJ2-1,SASWSGVGGISYNEQF,1
TRBV20-1,TRBJ2-1,SASWSGVYNEQF,1
TRBV20-1,TRBJ2-1,SASWSGWYNEQF,1
TRBV20-1,TRBJ2-1,SASWSHYNEQF,1
TRBV20-1,TRBJ2-1,SASWSLAGDNEQF,1
TRBV20-1,TRBJ2-1,SASWSLAGGPRYNEQF,1
TRBV20-1,TRBJ2-1,SASWSLAGTYNEQF,1
TRBV20-1,TRBJ2-1,SASWSLEDEQF,1
TRBV20-1,TRBJ2-1,SASWSLGNNEQF,1
TRBV20-1,TRBJ2-1,SASWSLINNEQF,1
TRBV20-1,TRBJ2-1,SASWSLVINEQF,1
TRBV20-1,TRBJ2-1,SASWSLWENEQF,1
TRBV20-1,TRBJ2-1,SASWSLYNSYNEQF,1
TRBV20-1,TRBJ2-1,SASWSNEQF,4
TRBV20-1,TRBJ2-1,SASWSNHNEQF,6
TRBV20-1,TRBJ2-1,SASWSNNEQF,1
TRBV20-1,TRBJ2-1,SASWSNYEQF,1
TRBV20-1,TRBJ2-1,SASWSPLPYNEQF,6
TRBV20-1,TRBJ2-1,SASWSPRNEQF,1
TRBV20-1,TRBJ2-1,SASWSQLGWRYNEQF,4
TRBV20-1,TRBJ2-1,SASWSQSYNEQF,1
TRBV20-1,TRBJ2-1,SASWSRILYNEQF,1
TRBV20-1,TRBJ2-1,SASWSRMINEQF,1
TRBV20-1,TRBJ2-1,SASWSRSVDEQF,1
TRBV20-1,TRBJ2-1,SASWSRSYNEQF,2
TRBV20-1,TRBJ2-1,SASWSSDEQF,1
TRBV20-1,TRBJ2-1,SASWSSGINEQF,1
TRBV20-1,TRBJ2-1,SASWSSGKGGFLAYNEQF,1
TRBV20-1,TRBJ2-1,SASWSSGNEQF,1
TRBV20-1,TRBJ2-1,SASWSSGRALTYNEQF,1
TRBV20-1,TRBJ2-1,SASWSSGRGEQF,6
TRBV20-1,TRBJ2-1,SASWSSGRVLTYNEQF,1
TRBV20-1,TRBJ2-1,SASWSSGSKGRSYNEQF,1
TRBV20-1,TRBJ2-1,SASWSSGSNEQF,1
TRBV20-1,TRBJ2-1,SASWSSGSSNEQF,4
TRBV20-1,TRBJ2-1,SASWSSGSYNEQF,2
TRBV20-1,TRBJ2-1,SASWSSGTGEQF,1
TRBV20-1,TRBJ2-1,SASWSSGTLDEQF,1
TRBV20-1,TRBJ2-1,SASWSSGTNEQF,5
TRBV20-1,TRBJ2-1,SASWSSGTYNEQF,6
TRBV20-1,TRBJ2-1,SASWSSGYNEQF,1
TRBV20-1,TRBJ2-1,SASWSSLHEQF,1
TRBV20-1,TRBJ2-1,SASWSSLSSYNEQF,1
TRBV20-1,TRBJ2-1,SASWSSPSSYNEQF,1
TRBV20-1,TRBJ2-1,SASWSSRSYNEQF,1
TRBV20-1,TRBJ2-1,SASWSSSPDNEQF,2
TRBV20-1,TRBJ2-1,SASWSSSYEQF,1
TRBV20-1,TRBJ2-1,SASWSSSYNEQF,1
TRBV20-1,TRBJ2-1,SASWSSVYNEQF,1
TRBV20-1,TRBJ2-1,SASWSSYNEQF,18
TRBV20-1,TRBJ2-1,SASWSTIINEQF,1
TRBV20-1,TRBJ2-1,SASWSTNNEQF,1
TRBV20-1,TRBJ2-1,SASWSTPLFNEQF,7
TRBV20-1,TRBJ2-1,SASWSTRDNEQF,1
TRBV20-1,TRBJ2-1,SASWSTSGYNEQF,1
TRBV20-1,TRBJ2-1,SASWSVHNEQF,1
TRBV20-1,TRBJ2-1,SASWSVYNEQF,1
TRBV20-1,TRBJ2-1,SASWSWGSYNEQF,1
TRBV20-1,TRBJ2-1,SASWSWNEQF,1
TRBV20-1,TRBJ2-1,SASWSYNEQF,9
TRBV20-1,TRBJ2-1,SASWSYRLDNEQF,1
TRBV20-1,TRBJ2-1,SASWTAAYNEQF,1
TRBV20-1,TRBJ2-1,SASWTAKPNNEQF,1
TRBV20-1,TRBJ2-1,SASWTANEQF,1
TRBV20-1,TRBJ2-1,SASWTAREQF,6
TRBV20-1,TRBJ2-1,SASWTASYNEQF,3
TRBV20-1,TRBJ2-1,SASWTATVNEQF,1
TRBV20-1,TRBJ2-1,SASWTAYNEQF,3
TRBV20-1,TRBJ2-1,SASWTDNEQF,3
TRBV20-1,TRBJ2-1,SASWTDVGYNEQF,1
TRBV20-1,TRBJ2-1,SASWTDYNEQF,3
TRBV20-1,TRBJ2-1,SASWTEASGIWRNEQF,1
TRBV20-1,TRBJ2-1,SASWTEGTNEQF,1
TRBV20-1,TRBJ2-1,SASWTESSYNEQF,1
TRBV20-1,TRBJ2-1,SASWTEYNEQF,1
TRBV20-1,TRBJ2-1,SASWTFPGGQF,5
TRBV20-1,TRBJ2-1,SASWTGAISYNEQF,1
TRBV20-1,TRBJ2-1,SASWTGDDEQF,1
TRBV20-1,TRBJ2-1,SASWTGDYNEQF,1
TRBV20-1,TRBJ2-1,SASWTGEGINEQF,1
TRBV20-1,TRBJ2-1,SASWTGEHEQF,1
TRBV20-1,TRBJ2-1,SASWTGESAQF,1
TRBV20-1,TRBJ2-1,SASWTGESEQF,5
TRBV20-1,TRBJ2-1,SASWTGEYNEQF,1
TRBV20-1,TRBJ2-1,SASWTGGFNEQF,2
TRBV20-1,TRBJ2-1,SASWTGGGGNEQF,6
TRBV20-1,TRBJ2-1,SASWTGGGNEQF,4
TRBV20-1,TRBJ2-1,SASWTGGLDEQF,1
TRBV20-1,TRBJ2-1,SASWTGGNNEQF,1
TRBV20-1,TRBJ2-1,SASWTGGPYNEQF,1
TRBV20-1,TRBJ2-1,SASWTGGRNEQF,1
TRBV20-1,TRBJ2-1,SASWTGGSLNEQF,1
TRBV20-1,TRBJ2-1,SASWTGGSYNEQF,1
TRBV20-1,TRBJ2-1,SASWTGGYNEQF,4
TRBV20-1,TRBJ2-1,SASWTGHNEQF,1
TRBV20-1,TRBJ2-1,SASWTGIDNEQF,1
TRBV20-1,TRBJ2-1,SASWTGKAGDEQF,1
TRBV20-1,TRBJ2-1,SASWTGLYNEQF,1
TRBV20-1,TRBJ2-1,SASWTGNEQF,2
TRBV20-1,TRBJ2-1,SASWTGNNEQF,1
TRBV20-1,TRBJ2-1,SASWTGNSYNEQF,2
TRBV20-1,TRBJ2-1,SASWTGPNEQF,1
TRBV20-1,TRBJ2-1,SASWTGPYNEQF,1
TRBV20-1,TRBJ2-1,SASWTGRNEQF,1
TRBV20-1,TRBJ2-1,SASWTGRPNEQF,1
TRBV20-1,TRBJ2-1,SASWTGRSEQF,2
TRBV20-1,TRBJ2-1,SASWTGRYNEQF,5
TRBV20-1,TRBJ2-1,SASWTGSDEQF,1
TRBV20-1,TRBJ2-1,SASWTGSPSRNEQF,1
TRBV20-1,TRBJ2-1,SASWTGSSYNEQF,1
TRBV20-1,TRBJ2-1,SASWTGSYNEQF,2
TRBV20-1,TRBJ2-1,SASWTGTDEQF,1
TRBV20-1,TRBJ2-1,SASWTGTDFRF,1
TRBV20-1,TRBJ2-1,SASWTGTEQF,1
TRBV20-1,TRBJ2-1,SASWTGTLNEQF,1
TRBV20-1,TRBJ2-1,SASWTGTLPYNEQF,1
TRBV20-1,TRBJ2-1,SASWTGTPNEQF,1
TRBV20-1,TRBJ2-1,SASWTGTVISNEQF,1
TRBV20-1,TRBJ2-1,SASWTGTYNEQF,8
TRBV20-1,TRBJ2-1,SASWTGVSYNEQF,1
TRBV20-1,TRBJ2-1,SASWTGVYNEQF,2
TRBV20-1,TRBJ2-1,SASWTGWDNEQF,1
TRBV20-1,TRBJ2-1,SASWTGYSEQF,1
TRBV20-1,TRBJ2-1,SASWTGYYNEQF,1
TRBV20-1,TRBJ2-1,SASWTHGSYNEQF,1
TRBV20-1,TRBJ2-1,SASWTIGYNELF,1
TRBV20-1,TRBJ2-1,SASWTINNEQF,1
TRBV20-1,TRBJ2-1,SASWTISYNEQF,1
TRBV20-1,TRBJ2-1,SASWTIYNEQF,1
TRBV20-1,TRBJ2-1,SASWTKGGNEQF,4
TRBV20-1,TRBJ2-1,SASWTKGRNEQF,1
TRBV20-1,TRBJ2-1,SASWTKTYNEQF,1
TRBV20-1,TRBJ2-1,SASWTLAGAPYNEQF,1
TRBV20-1,TRBJ2-1,SASWTLLGDEQF,1
TRBV20-1,TRBJ2-1,SASWTLRTSTNEQF,1
TRBV20-1,TRBJ2-1,SASWTLSAPLPNEQF,1
TRBV20-1,TRBJ2-1,SASWTLSGLEYNEQF,1
TRBV20-1,TRBJ2-1,SASWTLTYNEQF,1
TRBV20-1,TRBJ2-1,SASWTNARSYNEQF,1
TRBV20-1,TRBJ2-1,SASWTNEQF,3
TRBV20-1,TRBJ2-1,SASWTNSYNEQF,1
TRBV20-1,TRBJ2-1,SASWTNYNEQF,2
TRBV20-1,TRBJ2-1,SASWTPAGDNEQF,1
TRBV20-1,TRBJ2-1,SASWTPDNEQF,2
TRBV20-1,TRBJ2-1,SASWTPEGNEQF,1
TRBV20-1,TRBJ2-1,SASWTPGASYNEQF,1
TRBV20-1,TRBJ2-1,SASWTPGNEQF,2
TRBV20-1,TRBJ2-1,SASWTPGSYNEQF,1
TRBV20-1,TRBJ2-1,SASWTPLDEQF,2
TRBV20-1,TRBJ2-1,SASWTPNNEQF,2
TRBV20-1,TRBJ2-1,SASWTPQGDEQF,1
TRBV20-1,TRBJ2-1,SASWTPRADEQF,1
TRBV20-1,TRBJ2-1,SASWTPRANEQF,1
TRBV20-1,TRBJ2-1,SASWTPRINEQF,1
TRBV20-1,TRBJ2-1,SASWTPSDEQF,1
TRBV20-1,TRBJ2-1,SASWTPTDEQF,2
TRBV20-1,TRBJ2-1,SASWTPTPDNEQF,1
TRBV20-1,TRBJ2-1,SASWTPTYNEQF,1
TRBV20-1,TRBJ2-1,SASWTPWDEQF,1
TRBV20-1,TRBJ2-1,SASWTRAANEQF,1
TRBV20-1,TRBJ2-1,SASWTRDLHEQF,1
TRBV20-1,TRBJ2-1,SASWTRGGLDNEQC,1
TRBV20-1,TRBJ2-1,SASWTRGGLDNEQF,3
TRBV20-1,TRBJ2-1,SASWTRGGLSYNEQF,1
TRBV20-1,TRBJ2-1,SASWTRGSNEQF,2
TRBV20-1,TRBJ2-1,SASWTRGYNEQF,6
TRBV20-1,TRBJ2-1,SASWTRIYNEQF,1
TRBV20-1,TRBJ2-1,SASWTRRYNEQF,1
TRBV20-1,TRBJ2-1,SASWTRTSGRVLNEQF,1
TRBV20-1,TRBJ2-1,SASWTRVFNEQF,1
TRBV20-1,TRBJ2-1,SASWTRVYNEQF,1
TRBV20-1,TRBJ2-1,SASWTRYNEQF,1
TRBV20-1,TRBJ2-1,SASWTSAHNEQF,1
TRBV20-1,TRBJ2-1,SASWTSANEQF,7
TRBV20-1,TRBJ2-1,SASWTSASYNEQF,1
TRBV20-1,TRBJ2-1,SASWTSDEQF,12
TRBV20-1,TRBJ2-1,SASWTSDEQV,1
TRBV20-1,TRBJ2-1,SASWTSDNEQF,1
TRBV20-1,TRBJ2-1,SASWTSDPYNEQF,1
TRBV20-1,TRBJ2-1,SASWTSDSYNEQF,1
TRBV20-1,TRBJ2-1,SASWTSGAYNEQF,6
TRBV20-1,TRBJ2-1,SASWTSGDNEQF,2
TRBV20-1,TRBJ2-1,SASWTSGDNERF,1
TRBV20-1,TRBJ2-1,SASWTSGDPIGYNEQF,1
TRBV20-1,TRBJ2-1,SASWTSGDYNEQF,1
TRBV20-1,TRBJ2-1,SASWTSGEGLAYNEQF,1
TRBV20-1,TRBJ2-1,SASWTSGEYNEQF,1
TRBV20-1,TRBJ2-1,SASWTSGFLDEQF,1
TRBV20-1,TRBJ2-1,SASWTSGFYNEQF,2
TRBV20-1,TRBJ2-1,SASWTSGGANEQF,1
TRBV20-1,TRBJ2-1,SASWTSGGGDEQF,1
TRBV20-1,TRBJ2-1,SASWTSGGGEQF,2
TRBV20-1,TRBJ2-1,SASWTSGGNEQF,1
TRBV20-1,TRBJ2-1,SASWTSGGPTNEQF,1
TRBV20-1,TRBJ2-1,SASWTSGGQF,16
TRBV20-1,TRBJ2-1,SASWTSGGSNEQF,1
TRBV20-1,TRBJ2-1,SASWTSGGSYNEQF,6
TRBV20-1,TRBJ2-1,SASWTSGGYEQF,1
TRBV20-1,TRBJ2-1,SASWTSGGYNEQF,1
TRBV20-1,TRBJ2-1,SASWTSGIGEQF,3
TRBV20-1,TRBJ2-1,SASWTSGILGEQF,5
TRBV20-1,TRBJ2-1,SASWTSGINEQF,1
TRBV20-1,TRBJ2-1,SASWTSGISYKEQF,2
TRBV20-1,TRBJ2-1,SASWTSGISYNEQF,10
TRBV20-1,TRBJ2-1,SASWTSGIVRNEQF,1
TRBV20-1,TRBJ2-1,SASWTSGIYNEQF,2
TRBV20-1,TRBJ2-1,SASWTSGKIYEQF,1
TRBV20-1,TRBJ2-1,SASWTSGKREQF,3
TRBV20-1,TRBJ2-1,SASWTSGLNNEQF,2
TRBV20-1,TRBJ2-1,SASWTSGLVINEQF,1
TRBV20-1,TRBJ2-1,SASWTSGLYNEQF,2
TRBV20-1,TRBJ2-1,SASWTSGMRNEQF,1
TRBV20-1,TRBJ2-1,SASWTSGNEQF,3
TRBV20-1,TRBJ2-1,SASWTSGNNEQF,3
TRBV20-1,TRBJ2-1,SASWTSGPAIRNEQF,1
TRBV20-1,TRBJ2-1,SASWTSGPNEQF,1
TRBV20-1,TRBJ2-1,SASWTSGPRSYEQF,1
TRBV20-1,TRBJ2-1,SASWTSGPYNEQF,8
TRBV20-1,TRBJ2-1,SASWTSGRAANNEQF,1
TRBV20-1,TRBJ2-1,SASWTSGRAGNEQF,1
TRBV20-1,TRBJ2-1,SASWTSGRALSYNEQF,1
TRBV20-1,TRBJ2-1,SASWTSGRANEQF,2
TRBV20-1,TRBJ2-1,SASWTSGRASDEQF,1
TRBV20-1,TRBJ2-1,SASWTSGRASTPYNEQF,1
TRBV20-1,TRBJ2-1,SASWTSGRASYNEQF,1
TRBV20-1,TRBJ2-1,SASWTSGRDEQF,1
TRBV20-1,TRBJ2-1,SASWTSGRDNEQF,2
TRBV20-1,TRBJ2-1,SASWTSGRGVGYNEQF,1
TRBV20-1,TRBJ2-1,SASWTSGRHNEQF,3
TRBV20-1,TRBJ2-1,SASWTSGRIHEQF,1
TRBV20-1,TRBJ2-1,SASWTSGRKGNEQF,1
TRBV20-1,TRBJ2-1,SASWTSGRKNEQF,1
TRBV20-1,TRBJ2-1,SASWTSGRLGNEQF,1
TRBV20-1,TRBJ2-1,SASWTSGRLNEQF,1
TRBV20-1,TRBJ2-1,SASWTSGRNEQF,1
TRBV20-1,TRBJ2-1,SASWTSGRNYNEQF,1
TRBV20-1,TRBJ2-1,SASWTSGRPSYNEQF,1
TRBV20-1,TRBJ2-1,SASWTSGRRNEQF,1
TRBV20-1,TRBJ2-1,SASWTSGRRSYNEQF,3
TRBV20-1,TRBJ2-1,SASWTSGRSDEQF,1
TRBV20-1,TRBJ2-1,SASWTSGRSFKNEQF,1
TRBV20-1,TRBJ2-1,SASWTSGRSNEQF,1
TRBV20-1,TRBJ2-1,SASWTSGRSSYNEQF,1
TRBV20-1,TRBJ2-1,SASWTSGRVAYNEQF,1
TRBV20-1,TRBJ2-1,SASWTSGRVYNEQF,1
TRBV20-1,TRBJ2-1,SASWTSGSFEDEQF,1
TRBV20-1,TRBJ2-1,SASWTSGSFNEQF,2
TRBV20-1,TRBJ2-1,SASWTSGSGNEQF,2
TRBV20-1,TRBJ2-1,SASWTSGSIYEQF,1
TRBV20-1,TRBJ2-1,SASWTSGSLDNEQF,1
TRBV20-1,TRBJ2-1,SASWTSGSLNEQF,1
TRBV20-1,TRBJ2-1,SASWTSGSNEQF,4
TRBV20-1,TRBJ2-1,SASWTSGSSYNEQF,1
TRBV20-1,TRBJ2-1,SASWTSGSYEQF,2
TRBV20-1,TRBJ2-1,SASWTSGSYNEQF,7
TRBV20-1,TRBJ2-1,SASWTSGTGNEQF,1
TRBV20-1,TRBJ2-1,SASWTSGTKQF,3
TRBV20-1,TRBJ2-1,SASWTSGTLNEQF,1
TRBV20-1,TRBJ2-1,SASWTSGTNEQF,1
TRBV20-1,TRBJ2-1,SASWTSGTNYNEQF,1
TRBV20-1,TRBJ2-1,SASWTSGTRGEQF,3
TRBV20-1,TRBJ2-1,SASWTSGTSRRSVHEQF,1
TRBV20-1,TRBJ2-1,SASWTSGTYNEQF,2
TRBV20-1,TRBJ2-1,SASWTSGVIYNEQF,1
TRBV20-1,TRBJ2-1,SASWTSGVSSYNEQF,2
TRBV20-1,TRBJ2-1,SASWTSGYHEKF,1
TRBV20-1,TRBJ2-1,SASWTSGYHEQF,1
TRBV20-1,TRBJ2-1,SASWTSGYKEQF,3
TRBV20-1,TRBJ2-1,SASWTSGYKEQL,1
TRBV20-1,TRBJ2-1,SASWTSGYNAQF,4
TRBV20-1,TRBJ2-1,SASWTSGYNDQF,4
TRBV20-1,TRBJ2-1,SASWTSGYNEPF,2
TRBV20-1,TRBJ2-1,SASWTSGYNEQC,1
TRBV20-1,TRBJ2-1,SASWTSGYNEQF,375
TRBV20-1,TRBJ2-1,SASWTSGYNEQL,11
TRBV20-1,TRBJ2-1,SASWTSGYNEQY,6
TRBV20-1,TRBJ2-1,SASWTSGYNGQF,1
TRBV20-1,TRBJ2-1,SASWTSGYNVQF,2
TRBV20-1,TRBJ2-1,SASWTSGYTEQF,2
TRBV20-1,TRBJ2-1,SASWTSIYNEQF,11
TRBV20-1,TRBJ2-1,SASWTSLYNEQF,1
TRBV20-1,TRBJ2-1,SASWTSNEQF,2
TRBV20-1,TRBJ2-1,SASWTSNNEQF,2
TRBV20-1,TRBJ2-1,SASWTSPNEQF,1
TRBV20-1,TRBJ2-1,SASWTSPYEQF,1
TRBV20-1,TRBJ2-1,SASWTSREQF,1
TRBV20-1,TRBJ2-1,SASWTSRGNEQF,1
TRBV20-1,TRBJ2-1,SASWTSRHNEQF,1
TRBV20-1,TRBJ2-1,SASWTSRNNEQF,1
TRBV20-1,TRBJ2-1,SASWTSRSYNEQF,1
TRBV20-1,TRBJ2-1,SASWTSRYNEQF,1
TRBV20-1,TRBJ2-1,SASWTSSYNEQF,1
TRBV20-1,TRBJ2-1,SASWTSTNEQF,1
TRBV20-1,TRBJ2-1,SASWTSTTEQF,1
TRBV20-1,TRBJ2-1,SASWTSVEYNEQF,1
TRBV20-1,TRBJ2-1,SASWTSVGNEQF,1
TRBV20-1,TRBJ2-1,SASWTSVNEQF,1
TRBV20-1,TRBJ2-1,SASWTSVNNNEQF,1
TRBV20-1,TRBJ2-1,SASWTSVRGEQF,9
TRBV20-1,TRBJ2-1,SASWTSVYKEQF,1
TRBV20-1,TRBJ2-1,SASWTSVYNEQF,2
TRBV20-1,TRBJ2-1,SASWTSYNEQF,1
TRBV20-1,TRBJ2-1,SASWTTDNEQF,2
TRBV20-1,TRBJ2-1,SASWTTNNEQF,2
TRBV20-1,TRBJ2-1,SASWTTRGNEQF,1
TRBV20-1,TRBJ2-1,SASWTTYNEQF,1
TRBV20-1,TRBJ2-1,SASWTVAYNEQF,1
TRBV20-1,TRBJ2-1,SASWTVFNEQF,1
TRBV20-1,TRBJ2-1,SASWTVNNEQF,1
TRBV20-1,TRBJ2-1,SASWTVPYNEQF,1
TRBV20-1,TRBJ2-1,SASWTVVDEQF,1
TRBV20-1,TRBJ2-1,SASWTVYNEQF,1
TRBV20-1,TRBJ2-1,SASWTYNEQF,3
TRBV20-1,TRBJ2-1,SASWTYYNEQF,1
TRBV20-1,TRBJ2-1,SASWVAEYNEQF,1
TRBV20-1,TRBJ2-1,SASWVAGAHNDQF,1
TRBV20-1,TRBJ2-1,SASWVAGAHNEQF,2
TRBV20-1,TRBJ2-1,SASWVAGDGNEQF,1
TRBV20-1,TRBJ2-1,SASWVAGGGNEQF,1
TRBV20-1,TRBJ2-1,SASWVAGGIRSYNEQF,1
TRBV20-1,TRBJ2-1,SASWVAGGKFENEQF,1
TRBV20-1,TRBJ2-1,SASWVAGGNEQF,1
TRBV20-1,TRBJ2-1,SASWVAGGPYNEQF,1
TRBV20-1,TRBJ2-1,SASWVAGHEQF,1
TRBV20-1,TRBJ2-1,SASWVAGKYNEQF,1
TRBV20-1,TRBJ2-1,SASWVAGPPDNEQF,1
TRBV20-1,TRBJ2-1,SASWVAGVFNEQF,1
TRBV20-1,TRBJ2-1,SASWVAGVHYNEQF,1
TRBV20-1,TRBJ2-1,SASWVAGVYEQF,1
TRBV20-1,TRBJ2-1,SASWVAGVYNEQF,1
TRBV20-1,TRBJ2-1,SASWVAGYNEQF,2
TRBV20-1,TRBJ2-1,SASWVAPNEQF,1
TRBV20-1,TRBJ2-1,SASWVAVSYNEQF,1
TRBV20-1,TRBJ2-1,SASWVAYNEQF,1
TRBV20-1,TRBJ2-1,SASWVDEQF,1
TRBV20-1,TRBJ2-1,SASWVDNEQF,1
TRBV20-1,TRBJ2-1,SASWVERAGDYNEQF,1
TRBV20-1,TRBJ2-1,SASWVEREYNEQF,1
TRBV20-1,TRBJ2-1,SASWVEYNEQF,1
TRBV20-1,TRBJ2-1,SASWVFLRDEQF,1
TRBV20-1,TRBJ2-1,SASWVFRRGGNEQF,1
TRBV20-1,TRBJ2-1,SASWVFYNEQF,5
TRBV20-1,TRBJ2-1,SASWVGASGHYNEQF,1
TRBV20-1,TRBJ2-1,SASWVGAYNEQF,1
TRBV20-1,TRBJ2-1,SASWVGGMNEQF,1
TRBV20-1,TRBJ2-1,SASWVGGPYNEQF,1
TRBV20-1,TRBJ2-1,SASWVGGYNEQF,1
TRBV20-1,TRBJ2-1,SASWVGIGTF,3
TRBV20-1,TRBJ2-1,SASWVGLAETSSYNEQF,1
TRBV20-1,TRBJ2-1,SASWVGLAGYEQF,1
TRBV20-1,TRBJ2-1,SASWVGLNEQF,1
TRBV20-1,TRBJ2-1,SASWVGNEQF,1
TRBV20-1,TRBJ2-1,SASWVGPYNEQF,1
TRBV20-1,TRBJ2-1,SASWVGREKRNEQF,1
TRBV20-1,TRBJ2-1,SASWVGRISSGYEQF,1
TRBV20-1,TRBJ2-1,SASWVGRNEQF,2
TRBV20-1,TRBJ2-1,SASWVGSGYNEQF,1
TRBV20-1,TRBJ2-1,SASWVGTYYNEQF,1
TRBV20-1,TRBJ2-1,SASWVLASGGNEQF,1
TRBV20-1,TRBJ2-1,SASWVLGSSPNNEQF,1
TRBV20-1,TRBJ2-1,SASWVLTYNEQF,1
TRBV20-1,TRBJ2-1,SASWVNEQF,9
TRBV20-1,TRBJ2-1,SASWVNNEQF,2
TRBV20-1,TRBJ2-1,SASWVNYNEQF,3
TRBV20-1,TRBJ2-1,SASWVPDNEQF,1
TRBV20-1,TRBJ2-1,SASWVPGRGYNEQF,1
TRBV20-1,TRBJ2-1,SASWVPGTSYNEQF,1
TRBV20-1,TRBJ2-1,SASWVPNNEQF,1
TRBV20-1,TRBJ2-1,SASWVPPPNEQF,1
TRBV20-1,TRBJ2-1,SASWVPPSSGGSGNEQF,5
TRBV20-1,TRBJ2-1,SASWVPSYNEQF,1
TRBV20-1,TRBJ2-1,SASWVQGAWNEQF,1
TRBV20-1,TRBJ2-1,SASWVQGSVYNEQF,1
TRBV20-1,TRBJ2-1,SASWVQSSYNEQF,1
TRBV20-1,TRBJ2-1,SASWVRDGYSYNEQF,1
TRBV20-1,TRBJ2-1,SASWVRGGANEQF,1
TRBV20-1,TRBJ2-1,SASWVRGHNEQF,1
TRBV20-1,TRBJ2-1,SASWVRNEQF,1
TRBV20-1,TRBJ2-1,SASWVRRYEQF,1
TRBV20-1,TRBJ2-1,SASWVSDNEQF,1
TRBV20-1,TRBJ2-1,SASWVSGRDNEQF,2
TRBV20-1,TRBJ2-1,SASWVSGRNEQF,1
TRBV20-1,TRBJ2-1,SASWVSGVGTYNEQF,1
TRBV20-1,TRBJ2-1,SASWVSGYNEQF,1
TRBV20-1,TRBJ2-1,SASWVSREGYNEQF,1
TRBV20-1,TRBJ2-1,SASWVSSGRHEQF,1
TRBV20-1,TRBJ2-1,SASWVSSYNEQF,1
TRBV20-1,TRBJ2-1,SASWVSYNEQF,10
TRBV20-1,TRBJ2-1,SASWVTAGNEQF,1
TRBV20-1,TRBJ2-1,SASWVTPGLEQF,2
TRBV20-1,TRBJ2-1,SASWVTRSHNEQF,1
TRBV20-1,TRBJ2-1,SASWVTSASNEQF,1
TRBV20-1,TRBJ2-1,SASWVTSDGSLGNEQF,1
TRBV20-1,TRBJ2-1,SASWVTSGMHEQF,1
TRBV20-1,TRBJ2-1,SASWVTSGNEQF,1
TRBV20-1,TRBJ2-1,SASWVTSGRAWDEQF,1
TRBV20-1,TRBJ2-1,SASWVTSGRAYNEQF,1
TRBV20-1,TRBJ2-1,SASWVTYNEQF,1
TRBV20-1,TRBJ2-1,SASWVVAVKVYNEQF,1
TRBV20-1,TRBJ2-1,SASWVVDNEQF,1
TRBV20-1,TRBJ2-1,SASWVVSSYNEQF,1
TRBV20-1,TRBJ2-1,SASWVWDNEQF,19
TRBV20-1,TRBJ2-1,SASWVYNEQF,2
TRBV20-1,TRBJ2-1,SASWVYYNEQF,1
TRBV20-1,TRBJ2-1,SASWWADNEQF,1
TRBV20-1,TRBJ2-1,SASWWAGRRVDNEQF,1
TRBV20-1,TRBJ2-1,SASWWAPYNEQF,1
TRBV20-1,TRBJ2-1,SASWWDEQF,6
TRBV20-1,TRBJ2-1,SASWWDRNNEQF,1
TRBV20-1,TRBJ2-1,SASWWDRPNEQF,1
TRBV20-1,TRBJ2-1,SASWWDSGDDNEQF,1
TRBV20-1,TRBJ2-1,SASWWGDRDEQF,1
TRBV20-1,TRBJ2-1,SASWWGQGSNEQF,1
TRBV20-1,TRBJ2-1,SASWWIRSLYEQF,1
TRBV20-1,TRBJ2-1,SASWWLAGGPAYNEQF,1
TRBV20-1,TRBJ2-1,SASWWLAGGPGYNEQF,1
TRBV20-1,TRBJ2-1,SASWWLAGGPSYNEQF,2
TRBV20-1,TRBJ2-1,SASWWNEQF,1
TRBV20-1,TRBJ2-1,SASWWQGSANEQF,1
TRBV20-1,TRBJ2-1,SASWWRPYNEQF,1
TRBV20-1,TRBJ2-1,SASWWRSYNEQF,8
TRBV20-1,TRBJ2-1,SASWWRSYNGQF,1
TRBV20-1,TRBJ2-1,SASWWSSYNEQF,3
TRBV20-1,TRBJ2-1,SASWWTRSHNEQF,1
TRBV20-1,TRBJ2-1,SASWWTSGRPPTNEQF,1
TRBV20-1,TRBJ2-1,SASWWVDNEQF,3
TRBV20-1,TRBJ2-1,SASWYDEQF,3
TRBV20-1,TRBJ2-1,SASWYEQF,1
TRBV20-1,TRBJ2-1,SASWYGASSYNEQF,1
TRBV20-1,TRBJ2-1,SASWYGLAGGRSYNEQF,1
TRBV20-1,TRBJ2-1,SASWYGTSDINEQF,1
TRBV20-1,TRBJ2-1,SASWYLNEQF,1
TRBV20-1,TRBJ2-1,SASWYNEQF,20
TRBV20-1,TRBJ2-1,SASWYSGNNEQF,1
TRBV20-1,TRBJ2-1,SASWYSNNEQF,1
TRBV20-1,TRBJ2-1,SASWYSSYNEQF,1
TRBV20-1,TRBJ2-1,SASWYSYNEQF,1
TRBV20-1,TRBJ2-1,SASYAAAGGANEQF,4
TRBV20-1,TRBJ2-1,SASYAAGAAYNEQF,1
TRBV20-1,TRBJ2-1,SASYAAPGSYNEQF,1
TRBV20-1,TRBJ2-1,SASYAASYNEQF,1
TRBV20-1,TRBJ2-1,SASYAAVPYNEQF,1
TRBV20-1,TRBJ2-1,SASYADPYNEQF,1
TRBV20-1,TRBJ2-1,SASYADRVSNEQF,1
TRBV20-1,TRBJ2-1,SASYAEGGNEQF,1
TRBV20-1,TRBJ2-1,SASYAENYNEQF,1
TRBV20-1,TRBJ2-1,SASYAFSGLAGIQRGGNEQF,1
TRBV20-1,TRBJ2-1,SASYAGAGGNEQF,2
TRBV20-1,TRBJ2-1,SASYAGAGGRPNYNEQF,1
TRBV20-1,TRBJ2-1,SASYAGDEQF,2
TRBV20-1,TRBJ2-1,SASYAGGGYNEQF,1
TRBV20-1,TRBJ2-1,SASYAGGHNEQF,1
TRBV20-1,TRBJ2-1,SASYAGGKNYNEQF,1
TRBV20-1,TRBJ2-1,SASYAGGLRYNEQF,1
TRBV20-1,TRBJ2-1,SASYAGGPDEQF,1
TRBV20-1,TRBJ2-1,SASYAGGPLNEQF,1
TRBV20-1,TRBJ2-1,SASYAGGPNEQF,1
TRBV20-1,TRBJ2-1,SASYAGGPWNEQF,2
TRBV20-1,TRBJ2-1,SASYAGGPYNEQF,1
TRBV20-1,TRBJ2-1,SASYAGGRNEQF,3
TRBV20-1,TRBJ2-1,SASYAGGSDEQF,3
TRBV20-1,TRBJ2-1,SASYAGHLPNEQF,1
TRBV20-1,TRBJ2-1,SASYAGIYNEQF,3
TRBV20-1,TRBJ2-1,SASYAGLPYNEQF,1
TRBV20-1,TRBJ2-1,SASYAGNEQF,4
TRBV20-1,TRBJ2-1,SASYAGNHNEQF,1
TRBV20-1,TRBJ2-1,SASYAGRLSYNEQF,1
TRBV20-1,TRBJ2-1,SASYAGRRGEQF,5
TRBV20-1,TRBJ2-1,SASYAGSNEQF,1
TRBV20-1,TRBJ2-1,SASYAGSSNEQF,1
TRBV20-1,TRBJ2-1,SASYAGTRGGNEQF,1
TRBV20-1,TRBJ2-1,SASYAGVGNEQF,4
TRBV20-1,TRBJ2-1,SASYAGVPNEQF,1
TRBV20-1,TRBJ2-1,SASYAGWDNEQF,1
TRBV20-1,TRBJ2-1,SASYAKSYNEQF,1
TRBV20-1,TRBJ2-1,SASYALAGRNEQF,1
TRBV20-1,TRBJ2-1,SASYALAWKNEQF,1
TRBV20-1,TRBJ2-1,SASYALGLFNNEQF,1
TRBV20-1,TRBJ2-1,SASYALGVNEQF,1
TRBV20-1,TRBJ2-1,SASYALRNEQF,1
TRBV20-1,TRBJ2-1,SASYAMAYNEQF,5
TRBV20-1,TRBJ2-1,SASYAMYNEQF,1
TRBV20-1,TRBJ2-1,SASYANAYNEQF,1
TRBV20-1,TRBJ2-1,SASYANEQF,6
TRBV20-1,TRBJ2-1,SASYANPGQLSSYNEQF,1
TRBV20-1,TRBJ2-1,SASYANSYNEQF,33
TRBV20-1,TRBJ2-1,SASYANYYNEQF,1
TRBV20-1,TRBJ2-1,SASYAQGVTDEQF,1
TRBV20-1,TRBJ2-1,SASYAQGYNEQF,1
TRBV20-1,TRBJ2-1,SASYAQRYNEQF,1
TRBV20-1,TRBJ2-1,SASYARGLAGRTSSYNEQF,1
TRBV20-1,TRBJ2-1,SASYARGRIYNEQF,1
TRBV20-1,TRBJ2-1,SASYASAIYEQF,1
TRBV20-1,TRBJ2-1,SASYASGGCGQF,1
TRBV20-1,TRBJ2-1,SASYASGGGGQF,6
TRBV20-1,TRBJ2-1,SASYASGQPYNEQF,1
TRBV20-1,TRBJ2-1,SASYASGRAPSYNEQF,1
TRBV20-1,TRBJ2-1,SASYASGSSYNEQF,1
TRBV20-1,TRBJ2-1,SASYASRGEQF,8
TRBV20-1,TRBJ2-1,SASYASSYNEQF,4
TRBV20-1,TRBJ2-1,SASYASYNEQF,1
TRBV20-1,TRBJ2-1,SASYATSGKYNEQF,1
TRBV20-1,TRBJ2-1,SASYATSGRYNEQF,1
TRBV20-1,TRBJ2-1,SASYATSGSSAYNEQF,1
TRBV20-1,TRBJ2-1,SASYAVGGTYNEQF,1
TRBV20-1,TRBJ2-1,SASYAVPQF,5
TRBV20-1,TRBJ2-1,SASYAYNEQF,1
TRBV20-1,TRBJ2-1,SASYCTSGRLGNEQF,1
TRBV20-1,TRBJ2-1,SASYDAGANEQF,1
TRBV20-1,TRBJ2-1,SASYDEQF,3
TRBV20-1,TRBJ2-1,SASYDFYNEQF,1
TRBV20-1,TRBJ2-1,SASYDGAGANEQF,1
TRBV20-1,TRBJ2-1,SASYDGCSSYNEQF,1
TRBV20-1,TRBJ2-1,SASYDGEGSYNEQF,2
TRBV20-1,TRBJ2-1,SASYDGGRSGFNEQF,1
TRBV20-1,TRBJ2-1,SASYDGYGARGNEQF,1
TRBV20-1,TRBJ2-1,SASYDHNEQF,1
TRBV20-1,TRBJ2-1,SASYDLAAYNEQF,1
TRBV20-1,TRBJ2-1,SASYDLSSYNEQF,2
TRBV20-1,TRBJ2-1,SASYDLTSGSQVDEQF,4
TRBV20-1,TRBJ2-1,SASYDMVLGNEQF,5
TRBV20-1,TRBJ2-1,SASYDNEQF,1
TRBV20-1,TRBJ2-1,SASYDPNEQF,1
TRBV20-1,TRBJ2-1,SASYDPRGYAVRGLSYNEQF,1
TRBV20-1,TRBJ2-1,SASYDREGGNEQF,4
TRBV20-1,TRBJ2-1,SASYDRGNNEQF,1
TRBV20-1,TRBJ2-1,SASYDRGRDNEQF,1
TRBV20-1,TRBJ2-1,SASYDRNEQF,1
TRBV20-1,TRBJ2-1,SASYDRTHEQF,1
TRBV20-1,TRBJ2-1,SASYDRYNEQF,1
TRBV20-1,TRBJ2-1,SASYDSDSYNEQF,1
TRBV20-1,TRBJ2-1,SASYDSENEQF,1
TRBV20-1,TRBJ2-1,SASYDSGRILSYNEQF,1
TRBV20-1,TRBJ2-1,SASYDSGSYNEQF,1
TRBV20-1,TRBJ2-1,SASYDSISYNEQF,1
TRBV20-1,TRBJ2-1,SASYDSYNEQF,1
TRBV20-1,TRBJ2-1,SASYDWFPGNEQF,1
TRBV20-1,TRBJ2-1,SASYDYLPAGSSYNEQF,1
TRBV20-1,TRBJ2-1,SASYDYNEQF,3
TRBV20-1,TRBJ2-1,SASYEAGFVDEQF,1
TRBV20-1,TRBJ2-1,SASYEAGSYEQF,1
TRBV20-1,TRBJ2-1,SASYEASAPYNEQF,1
TRBV20-1,TRBJ2-1,SASYEAYNEQF,1
TRBV20-1,TRBJ2-1,SASYEDNEQF,1
TRBV20-1,TRBJ2-1,SASYEEGSSYNEQF,1
TRBV20-1,TRBJ2-1,SASYEFYNEQF,1
TRBV20-1,TRBJ2-1,SASYEGGLGSYNEQF,1
TRBV20-1,TRBJ2-1,SASYEGGRGNEQF,1
TRBV20-1,TRBJ2-1,SASYEGISYNEQF,1
TRBV20-1,TRBJ2-1,SASYEGNYNEQF,1
TRBV20-1,TRBJ2-1,SASYEGSGPYNEQF,1
TRBV20-1,TRBJ2-1,SASYEGSSYNEQF,1
TRBV20-1,TRBJ2-1,SASYEGSYNEQF,1
TRBV20-1,TRBJ2-1,SASYEGVAYNEQF,1
TRBV20-1,TRBJ2-1,SASYEKF,1
TRBV20-1,TRBJ2-1,SASYELAGYNEQF,1
TRBV20-1,TRBJ2-1,SASYELAYNEQF,1
TRBV20-1,TRBJ2-1,SASYELSYNEQF,1
TRBV20-1,TRBJ2-1,SASYENEQF,1
TRBV20-1,TRBJ2-1,SASYEPSSYNEQF,1
TRBV20-1,TRBJ2-1,SASYEQEYNEQF,5
TRBV20-1,TRBJ2-1,SASYEQF,33
TRBV20-1,TRBJ2-1,SASYERRGGNEQF,14
TRBV20-1,TRBJ2-1,SASYERRGGNKQF,1
TRBV20-1,TRBJ2-1,SASYESLTYNEQF,1
TRBV20-1,TRBJ2-1,SASYETGKYNEQF,3
TRBV20-1,TRBJ2-1,SASYETGSSYNEQF,1
TRBV20-1,TRBJ2-1,SASYETSGNNEQF,1
TRBV20-1,TRBJ2-1,SASYEVEQF,4
TRBV20-1,TRBJ2-1,SASYEVSISYNEQF,1
TRBV20-1,TRBJ2-1,SASYEWSSYNEQF,1
TRBV20-1,TRBJ2-1,SASYEYEQF,1
TRBV20-1,TRBJ2-1,SASYEYSKNNEQF,1
TRBV20-1,TRBJ2-1,SASYFALGTGTSHNEQF,1
TRBV20-1,TRBJ2-1,SASYFERNTPDSSYNEQF,1
TRBV20-1,TRBJ2-1,SASYFFGGLGDEQF,1
TRBV20-1,TRBJ2-1,SASYFGATVNEQF,1
TRBV20-1,TRBJ2-1,SASYFGGMGYNEQF,1
TRBV20-1,TRBJ2-1,SASYFGGRLNEQF,2
TRBV20-1,TRBJ2-1,SASYFGLADNEQF,1
TRBV20-1,TRBJ2-1,SASYFGRAGNEQF,1
TRBV20-1,TRBJ2-1,SASYFGRSSYNEQF,1
TRBV20-1,TRBJ2-1,SASYFGTTNNEQF,1
TRBV20-1,TRBJ2-1,SASYFGTVNNEQF,1
TRBV20-1,TRBJ2-1,SASYFLASFYNEQF,1
TRBV20-1,TRBJ2-1,SASYFLGLSSYNEQF,1
TRBV20-1,TRBJ2-1,SASYFNEQF,3
TRBV20-1,TRBJ2-1,SASYFPGVVGGSYNEQF,1
TRBV20-1,TRBJ2-1,SASYFPRYSRTDYNEQF,1
TRBV20-1,TRBJ2-1,SASYFPYNEQF,1
TRBV20-1,TRBJ2-1,SASYFQAGLTNEQF,1
TRBV20-1,TRBJ2-1,SASYFRGLGFNEQF,1
TRBV20-1,TRBJ2-1,SASYFRQPSSYNEQF,1
TRBV20-1,TRBJ2-1,SASYFRVGLADYNEQF,1
TRBV20-1,TRBJ2-1,SASYFSGDYNEQF,5
TRBV20-1,TRBJ2-1,SASYFSGPNEQF,1
TRBV20-1,TRBJ2-1,SASYFSGRGYNEQF,1
TRBV20-1,TRBJ2-1,SASYFSGSGSYNEQF,1
TRBV20-1,TRBJ2-1,SASYFSGSSSYNEQF,1
TRBV20-1,TRBJ2-1,SASYFSGSSYNEQF,1
TRBV20-1,TRBJ2-1,SASYFSQQNNEQF,1
TRBV20-1,TRBJ2-1,SASYFTRGASYNEQF,1
TRBV20-1,TRBJ2-1,SASYFTTSGNNYNEQF,1
TRBV20-1,TRBJ2-1,SASYGAASYNEQF,7
TRBV20-1,TRBJ2-1,SASYGAESWDEQF,1
TRBV20-1,TRBJ2-1,SASYGAGSYNEQF,1
TRBV20-1,TRBJ2-1,SASYGAGVLNEQF,1
TRBV20-1,TRBJ2-1,SASYGAGYNEQF,1
TRBV20-1,TRBJ2-1,SASYGALGLAGSNEQF,1
TRBV20-1,TRBJ2-1,SASYGALNEQF,1
TRBV20-1,TRBJ2-1,SASYGALYNEQF,4
TRBV20-1,TRBJ2-1,SASYGAPHNEQF,1
TRBV20-1,TRBJ2-1,SASYGAPQEQF,2
TRBV20-1,TRBJ2-1,SASYGAPYNEQF,1
TRBV20-1,TRBJ2-1,SASYGARFAYNEQF,1
TRBV20-1,TRBJ2-1,SASYGASGSLSSYNEQF,1
TRBV20-1,TRBJ2-1,SASYGASSYNEQF,1
TRBV20-1,TRBJ2-1,SASYGASYNEQF,2
TRBV20-1,TRBJ2-1,SASYGATSYNEQF,1
TRBV20-1,TRBJ2-1,SASYGAYNEQF,1
TRBV20-1,TRBJ2-1,SASYGDAYNEQF,1
TRBV20-1,TRBJ2-1,SASYGDEQF,1
TRBV20-1,TRBJ2-1,SASYGDGYDEQF,1
TRBV20-1,TRBJ2-1,SASYGDNEQF,2
TRBV20-1,TRBJ2-1,SASYGDRGFHEQF,2
TRBV20-1,TRBJ2-1,SASYGDWYNEQF,1
TRBV20-1,TRBJ2-1,SASYGDYNEQF,1
TRBV20-1,TRBJ2-1,SASYGEGMQNEQF,1
TRBV20-1,TRBJ2-1,SASYGENEQF,1
TRBV20-1,TRBJ2-1,SASYGEQF,3
TRBV20-1,TRBJ2-1,SASYGETGPYNEQF,1
TRBV20-1,TRBJ2-1,SASYGFDNEQF,1
TRBV20-1,TRBJ2-1,SASYGGAENEQF,1
TRBV20-1,TRBJ2-1,SASYGGAGYNEQF,1
TRBV20-1,TRBJ2-1,SASYGGANNEQF,1
TRBV20-1,TRBJ2-1,SASYGGASASYNEQF,1
TRBV20-1,TRBJ2-1,SASYGGAYDEQF,1
TRBV20-1,TRBJ2-1,SASYGGAYNEQF,1
TRBV20-1,TRBJ2-1,SASYGGDNEQF,2
TRBV20-1,TRBJ2-1,SASYGGDNYNEQF,1
TRBV20-1,TRBJ2-1,SASYGGEQF,3
TRBV20-1,TRBJ2-1,SASYGGESNNEQF,4
TRBV20-1,TRBJ2-1,SASYGGFEQF,1
TRBV20-1,TRBJ2-1,SASYGGFYNEQF,1
TRBV20-1,TRBJ2-1,SASYGGGLAAGGWDEQF,1
TRBV20-1,TRBJ2-1,SASYGGGQF,5
TRBV20-1,TRBJ2-1,SASYGGGSYNEQF,1
TRBV20-1,TRBJ2-1,SASYGGGVEDEQF,3
TRBV20-1,TRBJ2-1,SASYGGGWDEQF,1
TRBV20-1,TRBJ2-1,SASYGGGYNEQF,2
TRBV20-1,TRBJ2-1,SASYGGIISYNEQF,1
TRBV20-1,TRBJ2-1,SASYGGISYNEQF,8
TRBV20-1,TRBJ2-1,SASYGGKGAYNEQF,1
TRBV20-1,TRBJ2-1,SASYGGKGNEQF,1
TRBV20-1,TRBJ2-1,SASYGGLAVDEQF,1
TRBV20-1,TRBJ2-1,SASYGGLDEQF,1
TRBV20-1,TRBJ2-1,SASYGGLNEQF,3
TRBV20-1,TRBJ2-1,SASYGGMSSYNEQF,1
TRBV20-1,TRBJ2-1,SASYGGNEQF,1
TRBV20-1,TRBJ2-1,SASYGGPRNEQF,1
TRBV20-1,TRBJ2-1,SASYGGPSSYNEQF,1
TRBV20-1,TRBJ2-1,SASYGGRGNEQF,1
TRBV20-1,TRBJ2-1,SASYGGRHNEQF,1
TRBV20-1,TRBJ2-1,SASYGGRPHNEQF,1
TRBV20-1,TRBJ2-1,SASYGGRRGEQF,3
TRBV20-1,TRBJ2-1,SASYGGRSSYNEQF,1
TRBV20-1,TRBJ2-1,SASYGGRSVYEQF,1
TRBV20-1,TRBJ2-1,SASYGGRSYNEQF,1
TRBV20-1,TRBJ2-1,SASYGGRVDEQF,1
TRBV20-1,TRBJ2-1,SASYGGSGYNEQF,1
TRBV20-1,TRBJ2-1,SASYGGSPYNEQF,1
TRBV20-1,TRBJ2-1,SASYGGSSYNEQF,5
TRBV20-1,TRBJ2-1,SASYGGSYNEQF,3
TRBV20-1,TRBJ2-1,SASYGGVGNEQF,1
TRBV20-1,TRBJ2-1,SASYGGVRSNEQF,1
TRBV20-1,TRBJ2-1,SASYGGVSYNEQF,1
TRBV20-1,TRBJ2-1,SASYGGWGSSYNEQF,1
TRBV20-1,TRBJ2-1,SASYGGWTRYNEQF,1
TRBV20-1,TRBJ2-1,SASYGGYNEQF,1
TRBV20-1,TRBJ2-1,SASYGIALNEQF,1
TRBV20-1,TRBJ2-1,SASYGIGLIEQF,1
TRBV20-1,TRBJ2-1,SASYGINEQF,1
TRBV20-1,TRBJ2-1,SASYGISYNEQF,3
TRBV20-1,TRBJ2-1,SASYGIYNEQF,1
TRBV20-1,TRBJ2-1,SASYGKASNEQF,1
TRBV20-1,TRBJ2-1,SASYGLAANEQF,1
TRBV20-1,TRBJ2-1,SASYGLAAWNEQF,1
TRBV20-1,TRBJ2-1,SASYGLAAYNEQF,7
TRBV20-1,TRBJ2-1,SASYGLADYNEQF,3
TRBV20-1,TRBJ2-1,SASYGLAGANEQF,2
TRBV20-1,TRBJ2-1,SASYGLAGDNEQF,1
TRBV20-1,TRBJ2-1,SASYGLAGFNEQF,9
TRBV20-1,TRBJ2-1,SASYGLAGGENEQF,3
TRBV20-1,TRBJ2-1,SASYGLAGGGYNEQF,1
TRBV20-1,TRBJ2-1,SASYGLAGGNEQF,1
TRBV20-1,TRBJ2-1,SASYGLAGGSSYNEQF,2
TRBV20-1,TRBJ2-1,SASYGLAGLNEQF,9
TRBV20-1,TRBJ2-1,SASYGLAGRDEQF,1
TRBV20-1,TRBJ2-1,SASYGLAGRYNEQF,1
TRBV20-1,TRBJ2-1,SASYGLAGVSNEQF,1
TRBV20-1,TRBJ2-1,SASYGLAGVYEQF,1
TRBV20-1,TRBJ2-1,SASYGLALNEQF,1
TRBV20-1,TRBJ2-1,SASYGLAQSNEQF,1
TRBV20-1,TRBJ2-1,SASYGLASYNEQF,1
TRBV20-1,TRBJ2-1,SASYGLAVYNEQF,4
TRBV20-1,TRBJ2-1,SASYGLAYNEQF,2
TRBV20-1,TRBJ2-1,SASYGLGPYNEQF,1
TRBV20-1,TRBJ2-1,SASYGLLSYNEQF,2
TRBV20-1,TRBJ2-1,SASYGLNEQF,26
TRBV20-1,TRBJ2-1,SASYGLNEQL,1
TRBV20-1,TRBJ2-1,SASYGLRGAYNEQF,1
TRBV20-1,TRBJ2-1,SASYGLSSYNEQF,1
TRBV20-1,TRBJ2-1,SASYGLSYNEQF,2
TRBV20-1,TRBJ2-1,SASYGLVGPNEQF,1
TRBV20-1,TRBJ2-1,SASYGLYNEQF,1
TRBV20-1,TRBJ2-1,SASYGMSVLDYNEQF,1
TRBV20-1,TRBJ2-1,SASYGMVYEQF,1
TRBV20-1,TRBJ2-1,SASYGMYNEQF,1
TRBV20-1,TRBJ2-1,SASYGNEQF,5
TRBV20-1,TRBJ2-1,SASYGNNEQF,1
TRBV20-1,TRBJ2-1,SASYGNPLNEQF,1
TRBV20-1,TRBJ2-1,SASYGNSYNEQF,1
TRBV20-1,TRBJ2-1,SASYGPEAHEQF,1
TRBV20-1,TRBJ2-1,SASYGPGNEQF,1
TRBV20-1,TRBJ2-1,SASYGPHEQF,1
TRBV20-1,TRBJ2-1,SASYGPKNEQF,1
TRBV20-1,TRBJ2-1,SASYGPLDPNNEQF,1
TRBV20-1,TRBJ2-1,SASYGPRLAGGPSSYNEQF,1
TRBV20-1,TRBJ2-1,SASYGPSIGNEQF,1
TRBV20-1,TRBJ2-1,SASYGPSMGNEQF,1
TRBV20-1,TRBJ2-1,SASYGPTYNEQF,1
TRBV20-1,TRBJ2-1,SASYGPYNEQF,2
TRBV20-1,TRBJ2-1,SASYGQARGYNEQF,1
TRBV20-1,TRBJ2-1,SASYGQGADEQF,1
TRBV20-1,TRBJ2-1,SASYGQGANEQF,1
TRBV20-1,TRBJ2-1,SASYGQGAYNEQF,1
TRBV20-1,TRBJ2-1,SASYGQGFWGLDNEQF,1
TRBV20-1,TRBJ2-1,SASYGQGISSYNEQF,2
TRBV20-1,TRBJ2-1,SASYGQGLGLYNEQF,1
TRBV20-1,TRBJ2-1,SASYGQGPYNEQF,2
TRBV20-1,TRBJ2-1,SASYGQGTDEQF,1
TRBV20-1,TRBJ2-1,SASYGRAGNEQF,2
TRBV20-1,TRBJ2-1,SASYGRAIDEQF,1
TRBV20-1,TRBJ2-1,SASYGRAINEQF,1
TRBV20-1,TRBJ2-1,SASYGRALGRNEQF,1
TRBV20-1,TRBJ2-1,SASYGRANEQF,1
TRBV20-1,TRBJ2-1,SASYGRASYNEQF,1
TRBV20-1,TRBJ2-1,SASYGRAYNEQF,9
TRBV20-1,TRBJ2-1,SASYGRDEQF,6
TRBV20-1,TRBJ2-1,SASYGREGHDEQF,1
TRBV20-1,TRBJ2-1,SASYGREYNEQF,1
TRBV20-1,TRBJ2-1,SASYGRFAKEQF,1
TRBV20-1,TRBJ2-1,SASYGRFANEQF,32
TRBV20-1,TRBJ2-1,SASYGRFENEQF,1
TRBV20-1,TRBJ2-1,SASYGRGYNEQF,6
TRBV20-1,TRBJ2-1,SASYGRKRNEQF,1
TRBV20-1,TRBJ2-1,SASYGRLASNEQF,4
TRBV20-1,TRBJ2-1,SASYGRLYGEQF,6
TRBV20-1,TRBJ2-1,SASYGRMGNEQF,1
TRBV20-1,TRBJ2-1,SASYGRNEQF,1
TRBV20-1,TRBJ2-1,SASYGRNNEQF,1
TRBV20-1,TRBJ2-1,SASYGRPGRDEQF,1
TRBV20-1,TRBJ2-1,SASYGRPLDEQF,1
TRBV20-1,TRBJ2-1,SASYGRPYNEQF,1
TRBV20-1,TRBJ2-1,SASYGRRGMNEQF,1
TRBV20-1,TRBJ2-1,SASYGRSPYNEQF,1
TRBV20-1,TRBJ2-1,SASYGRSSYNEQF,3
TRBV20-1,TRBJ2-1,SASYGRSTYNEQF,1
TRBV20-1,TRBJ2-1,SASYGRSYNEQF,1
TRBV20-1,TRBJ2-1,SASYGRTSYNEQF,3
TRBV20-1,TRBJ2-1,SASYGRTTNEQF,1
TRBV20-1,TRBJ2-1,SASYGRTYNEQF,1
TRBV20-1,TRBJ2-1,SASYGRVGRNEQF,1
TRBV20-1,TRBJ2-1,SASYGRYYNEQF,1
TRBV20-1,TRBJ2-1,SASYGSESYNEQF,4
TRBV20-1,TRBJ2-1,SASYGSFNNEQF,1
TRBV20-1,TRBJ2-1,SASYGSGIVDEQF,1
TRBV20-1,TRBJ2-1,SASYGSGLNEQF,1
TRBV20-1,TRBJ2-1,SASYGSGRDEQF,1
TRBV20-1,TRBJ2-1,SASYGSGRFNEQF,1
TRBV20-1,TRBJ2-1,SASYGSGSLWNEQF,1
TRBV20-1,TRBJ2-1,SASYGSGSSYNEQF,1
TRBV20-1,TRBJ2-1,SASYGSGSYNEQF,1
TRBV20-1,TRBJ2-1,SASYGSHEQF,4
TRBV20-1,TRBJ2-1,SASYGSKDYNEQF,1
TRBV20-1,TRBJ2-1,SASYGSLGLAGDNEQF,1
TRBV20-1,TRBJ2-1,SASYGSLNEQF,1
TRBV20-1,TRBJ2-1,SASYGSLYNEQF,2
TRBV20-1,TRBJ2-1,SASYGSPSSNEQF,2
TRBV20-1,TRBJ2-1,SASYGSPYNEQF,5
TRBV20-1,TRBJ2-1,SASYGSRDNEQF,1
TRBV20-1,TRBJ2-1,SASYGSRGTSYNEQF,1
TRBV20-1,TRBJ2-1,SASYGSRNEQF,2
TRBV20-1,TRBJ2-1,SASYGSRTYNEQF,1
TRBV20-1,TRBJ2-1,SASYGSRVNEQF,1
TRBV20-1,TRBJ2-1,SASYGSSHNEQF,2
TRBV20-1,TRBJ2-1,SASYGSSYNEQF,29
TRBV20-1,TRBJ2-1,SASYGSTYNEQF,1
TRBV20-1,TRBJ2-1,SASYGSWNEQF,1
TRBV20-1,TRBJ2-1,SASYGSYNEQF,9
TRBV20-1,TRBJ2-1,SASYGSYRYEQF,2
TRBV20-1,TRBJ2-1,SASYGTAADEQF,4
TRBV20-1,TRBJ2-1,SASYGTANNEQF,1
TRBV20-1,TRBJ2-1,SASYGTDNNEQF,2
TRBV20-1,TRBJ2-1,SASYGTGAYNEQF,2
TRBV20-1,TRBJ2-1,SASYGTGGGTYEQF,1
TRBV20-1,TRBJ2-1,SASYGTGGNNEQF,1
TRBV20-1,TRBJ2-1,SASYGTGGRDEQF,1
TRBV20-1,TRBJ2-1,SASYGTGKNVNEQF,1
TRBV20-1,TRBJ2-1,SASYGTGNNEQF,1
TRBV20-1,TRBJ2-1,SASYGTGRINEQF,1
TRBV20-1,TRBJ2-1,SASYGTGTDEQF,1
TRBV20-1,TRBJ2-1,SASYGTGTYNEQF,1
TRBV20-1,TRBJ2-1,SASYGTGVNNEQF,2
TRBV20-1,TRBJ2-1,SASYGTGWGSSYNEQF,1
TRBV20-1,TRBJ2-1,SASYGTGYNEQF,1
TRBV20-1,TRBJ2-1,SASYGTHLNEQF,1
TRBV20-1,TRBJ2-1,SASYGTKNNEQF,1
TRBV20-1,TRBJ2-1,SASYGTLNEQF,1
TRBV20-1,TRBJ2-1,SASYGTNNEQF,5
TRBV20-1,TRBJ2-1,SASYGTPPDEQF,1
TRBV20-1,TRBJ2-1,SASYGTRDNEQF,3
TRBV20-1,TRBJ2-1,SASYGTRGNEQF,1
TRBV20-1,TRBJ2-1,SASYGTRGTNEQF,1
TRBV20-1,TRBJ2-1,SASYGTRGYEQF,3
TRBV20-1,TRBJ2-1,SASYGTRPQQF,5
TRBV20-1,TRBJ2-1,SASYGTSFYNEQF,1
TRBV20-1,TRBJ2-1,SASYGTSGDNEQF,1
TRBV20-1,TRBJ2-1,SASYGTSGFNEQF,1
TRBV20-1,TRBJ2-1,SASYGTSGLVTYNEQF,1
TRBV20-1,TRBJ2-1,SASYGTSGNEQF,1
TRBV20-1,TRBJ2-1,SASYGTSGQNEQF,3
TRBV20-1,TRBJ2-1,SASYGTSGRAFSDEQF,1
TRBV20-1,TRBJ2-1,SASYGTSGRMNEQF,1
TRBV20-1,TRBJ2-1,SASYGTSGRSPYNEQF,1
TRBV20-1,TRBJ2-1,SASYGTSGSAGYNEQF,1
TRBV20-1,TRBJ2-1,SASYGTSGSNEQF,4
TRBV20-1,TRBJ2-1,SASYGTSGYNEQF,7
TRBV20-1,TRBJ2-1,SASYGTSSNEQF,1
TRBV20-1,TRBJ2-1,SASYGTSSYNEQF,2
TRBV20-1,TRBJ2-1,SASYGTSTYNEQF,1
TRBV20-1,TRBJ2-1,SASYGTSVFNEQF,1
TRBV20-1,TRBJ2-1,SASYGTSVNNEQF,1
TRBV20-1,TRBJ2-1,SASYGTSVYEQF,1
TRBV20-1,TRBJ2-1,SASYGTSYNEQF,6
TRBV20-1,TRBJ2-1,SASYGTSYNKQF,1
TRBV20-1,TRBJ2-1,SASYGTTSYNEQF,1
TRBV20-1,TRBJ2-1,SASYGVAGNEQF,1
TRBV20-1,TRBJ2-1,SASYGVIFNEQF,1
TRBV20-1,TRBJ2-1,SASYGVNEQF,6
TRBV20-1,TRBJ2-1,SASYGVRGDEQF,1
TRBV20-1,TRBJ2-1,SASYGVSYNEQF,1
TRBV20-1,TRBJ2-1,SASYGWDNNEQF,1
TRBV20-1,TRBJ2-1,SASYGWTSGNNEQF,2
TRBV20-1,TRBJ2-1,SASYGYEQF,1
TRBV20-1,TRBJ2-1,SASYGYNEQF,4
TRBV20-1,TRBJ2-1,SASYGYSYNEQF,5
TRBV20-1,TRBJ2-1,SASYHAQPPAGGLNEQF,1
TRBV20-1,TRBJ2-1,SASYHDRPYNEQF,2
TRBV20-1,TRBJ2-1,SASYHGFGDEQF,2
TRBV20-1,TRBJ2-1,SASYHHEQF,1
TRBV20-1,TRBJ2-1,SASYHNEQF,2
TRBV20-1,TRBJ2-1,SASYHPSLAGANEQF,1
TRBV20-1,TRBJ2-1,SASYHRAHENNEQF,1
TRBV20-1,TRBJ2-1,SASYHSDEQF,1
TRBV20-1,TRBJ2-1,SASYHSGLASNNEQF,1
TRBV20-1,TRBJ2-1,SASYHSWNEQF,1
TRBV20-1,TRBJ2-1,SASYIAAGIYNEQF,1
TRBV20-1,TRBJ2-1,SASYIAGGPRYNEQF,1
TRBV20-1,TRBJ2-1,SASYIAYEQF,1
TRBV20-1,TRBJ2-1,SASYIERGGNEQF,1
TRBV20-1,TRBJ2-1,SASYIERSSYNEQF,1
TRBV20-1,TRBJ2-1,SASYIGGQDNEQF,1
TRBV20-1,TRBJ2-1,SASYIGLGFNEQF,1
TRBV20-1,TRBJ2-1,SASYIGREPRWERRNEQF,1
TRBV20-1,TRBJ2-1,SASYIGSYNEQF,1
TRBV20-1,TRBJ2-1,SASYILAASRNEQF,1
TRBV20-1,TRBJ2-1,SASYILAGGRHNEQF,1
TRBV20-1,TRBJ2-1,SASYINNEQF,3
TRBV20-1,TRBJ2-1,SASYINPYNEQF,1
TRBV20-1,TRBJ2-1,SASYIRGTGRDEQF,1
TRBV20-1,TRBJ2-1,SASYISYNEQF,2
TRBV20-1,TRBJ2-1,SASYITGGMNEQF,1
TRBV20-1,TRBJ2-1,SASYITLRGAHYNEQF,1
TRBV20-1,TRBJ2-1,SASYIVYNEQF,1
TRBV20-1,TRBJ2-1,SASYIYNEQF,1
TRBV20-1,TRBJ2-1,SASYKARLDEQF,1
TRBV20-1,TRBJ2-1,SASYKGGLKYNEQF,1
TRBV20-1,TRBJ2-1,SASYKGLADEQF,1
TRBV20-1,TRBJ2-1,SASYKGLAGTYNEQF,1
TRBV20-1,TRBJ2-1,SASYKLGLANEQF,1
TRBV20-1,TRBJ2-1,SASYKPGQNEQF,1
TRBV20-1,TRBJ2-1,SASYKSGRTYNEQF,1
TRBV20-1,TRBJ2-1,SASYKSSYNEQF,1
TRBV20-1,TRBJ2-1,SASYKTRHGAYNEQF,1
TRBV20-1,TRBJ2-1,SASYKTSLYEQF,1
TRBV20-1,TRBJ2-1,SASYKTVTNEQF,1
TRBV20-1,TRBJ2-1,SASYLAADEQF,1
TRBV20-1,TRBJ2-1,SASYLAEQF,7
TRBV20-1,TRBJ2-1,SASYLAEQL,1
TRBV20-1,TRBJ2-1,SASYLAGAFNEQF,1
TRBV20-1,TRBJ2-1,SASYLAGAGSSYNEQF,1
TRBV20-1,TRBJ2-1,SASYLAGDDEQF,1
TRBV20-1,TRBJ2-1,SASYLAGDYEQF,1
TRBV20-1,TRBJ2-1,SASYLAGGDEQF,1
TRBV20-1,TRBJ2-1,SASYLAGGGRNEQF,1
TRBV20-1,TRBJ2-1,SASYLAGGLDEQF,2
TRBV20-1,TRBJ2-1,SASYLAGGLHYNEQF,1
TRBV20-1,TRBJ2-1,SASYLAGGLNEQF,5
TRBV20-1,TRBJ2-1,SASYLAGGMDEQF,1
TRBV20-1,TRBJ2-1,SASYLAGGMVSNEQF,1
TRBV20-1,TRBJ2-1,SASYLAGGPGNEQF,1
TRBV20-1,TRBJ2-1,SASYLAGGPNEQF,1
TRBV20-1,TRBJ2-1,SASYLAGGPVNEQF,3
TRBV20-1,TRBJ2-1,SASYLAGGRDYNEQF,1
TRBV20-1,TRBJ2-1,SASYLAGGRNEQF,1
TRBV20-1,TRBJ2-1,SASYLAGGSYNEQF,2
TRBV20-1,TRBJ2-1,SASYLAGGYNEQF,2
TRBV20-1,TRBJ2-1,SASYLAGIYNEQF,1
TRBV20-1,TRBJ2-1,SASYLAGLDEQF,1
TRBV20-1,TRBJ2-1,SASYLAGLTKVYNEQF,1
TRBV20-1,TRBJ2-1,SASYLAGNEQF,1
TRBV20-1,TRBJ2-1,SASYLAGNNEQF,1
TRBV20-1,TRBJ2-1,SASYLAGNTYNEQF,1
TRBV20-1,TRBJ2-1,SASYLAGPPYNEQF,1
TRBV20-1,TRBJ2-1,SASYLAGRAQNSYNEQF,1
TRBV20-1,TRBJ2-1,SASYLAGSSYNEQF,6
TRBV20-1,TRBJ2-1,SASYLAGSVDNEQF,1
TRBV20-1,TRBJ2-1,SASYLAGSYNEQF,3
TRBV20-1,TRBJ2-1,SASYLAGVFNEQF,1
TRBV20-1,TRBJ2-1,SASYLAGVGNEQF,7
TRBV20-1,TRBJ2-1,SASYLAGVGSIDEQF,1
TRBV20-1,TRBJ2-1,SASYLAGVSDEQF,1
TRBV20-1,TRBJ2-1,SASYLAGVSLSYNEQF,1
TRBV20-1,TRBJ2-1,SASYLAGYAYNEQF,1
TRBV20-1,TRBJ2-1,SASYLAGYNEQF,5
TRBV20-1,TRBJ2-1,SASYLAIRNEQF,1
TRBV20-1,TRBJ2-1,SASYLALLGNEQF,1
TRBV20-1,TRBJ2-1,SASYLAMEINEQF,1
TRBV20-1,TRBJ2-1,SASYLANEQF,3
TRBV20-1,TRBJ2-1,SASYLATSYNEQF,1
TRBV20-1,TRBJ2-1,SASYLAYYNEQF,1
TRBV20-1,TRBJ2-1,SASYLDNEQF,2
TRBV20-1,TRBJ2-1,SASYLDRPYNEQF,1
TRBV20-1,TRBJ2-1,SASYLEGLAGAFYNEQF,1
TRBV20-1,TRBJ2-1,SASYLEGLYNEQF,1
TRBV20-1,TRBJ2-1,SASYLELAVSNEQF,3
TRBV20-1,TRBJ2-1,SASYLGAGGLSNEQF,2
TRBV20-1,TRBJ2-1,SASYLGAYNEQF,2
TRBV20-1,TRBJ2-1,SASYLGGSFYNEQF,1
TRBV20-1,TRBJ2-1,SASYLGGSGPLNEQF,1
TRBV20-1,TRBJ2-1,SASYLGGTDEQF,1
TRBV20-1,TRBJ2-1,SASYLGGYEQF,1
TRBV20-1,TRBJ2-1,SASYLGLAANEQF,1
TRBV20-1,TRBJ2-1,SASYLGLADNEQF,1
TRBV20-1,TRBJ2-1,SASYLGLAGAGYNEQF,1
TRBV20-1,TRBJ2-1,SASYLGLAGIFGGEQF,1
TRBV20-1,TRBJ2-1,SASYLGLAGYNEQF,1
TRBV20-1,TRBJ2-1,SASYLGLASSSYNEQF,1
TRBV20-1,TRBJ2-1,SASYLGLATYNEQF,1
TRBV20-1,TRBJ2-1,SASYLGLTNEQF,1
TRBV20-1,TRBJ2-1,SASYLGNEQF,1
TRBV20-1,TRBJ2-1,SASYLGPSRNEQF,1
TRBV20-1,TRBJ2-1,SASYLGRHYNEQF,1
TRBV20-1,TRBJ2-1,SASYLGSRSYNEQF,1
TRBV20-1,TRBJ2-1,SASYLGSSNEQF,1
TRBV20-1,TRBJ2-1,SASYLGSSYNEQF,1
TRBV20-1,TRBJ2-1,SASYLGSYNEQF,1
TRBV20-1,TRBJ2-1,SASYLGTGAYNEQF,1
TRBV20-1,TRBJ2-1,SASYLGVEGPTINEQF,1
TRBV20-1,TRBJ2-1,SASYLLAGGLSYNEQF,1
TRBV20-1,TRBJ2-1,SASYLLDASGRASNEQF,1
TRBV20-1,TRBJ2-1,SASYLLEISNEQF,1
TRBV20-1,TRBJ2-1,SASYLLLSSYNEQF,1
TRBV20-1,TRBJ2-1,SASYLLPGYNEQF,1
TRBV20-1,TRBJ2-1,SASYLNDEQF,1
TRBV20-1,TRBJ2-1,SASYLNEQF,5
TRBV20-1,TRBJ2-1,SASYLNNEQF,1
TRBV20-1,TRBJ2-1,SASYLNYNEQF,1
TRBV20-1,TRBJ2-1,SASYLPDEQF,1
TRBV20-1,TRBJ2-1,SASYLPEQF,4
TRBV20-1,TRBJ2-1,SASYLPETEQF,5
TRBV20-1,TRBJ2-1,SASYLPGRGNEQF,3
TRBV20-1,TRBJ2-1,SASYLPSGINEQF,1
TRBV20-1,TRBJ2-1,SASYLQGDIEQF,1
TRBV20-1,TRBJ2-1,SASYLQGPYNEQF,1
TRBV20-1,TRBJ2-1,SASYLRANEQF,1
TRBV20-1,TRBJ2-1,SASYLRDEQF,1
TRBV20-1,TRBJ2-1,SASYLRDIDNEQF,1
TRBV20-1,TRBJ2-1,SASYLRGAGLYNEQF,17
TRBV20-1,TRBJ2-1,SASYLRGSGLYNEQF,1
TRBV20-1,TRBJ2-1,SASYLRGSSYNEQF,1
TRBV20-1,TRBJ2-1,SASYLRPHRSYNEQF,1
TRBV20-1,TRBJ2-1,SASYLRRDNEQF,1
TRBV20-1,TRBJ2-1,SASYLRSDEQF,1
TRBV20-1,TRBJ2-1,SASYLRSYNEQF,1
TRBV20-1,TRBJ2-1,SASYLRTSGNEQF,1
TRBV20-1,TRBJ2-1,SASYLRTYNEQF,1
TRBV20-1,TRBJ2-1,SASYLSAVYNEQF,5
TRBV20-1,TRBJ2-1,SASYLSDRTYNEQF,1
TRBV20-1,TRBJ2-1,SASYLSGAVSYNEQF,1
TRBV20-1,TRBJ2-1,SASYLSGGAGEQF,9
TRBV20-1,TRBJ2-1,SASYLSGLALGVWESYNEQF,2
TRBV20-1,TRBJ2-1,SASYLSGNEQF,1
TRBV20-1,TRBJ2-1,SASYLSGSSYNEQF,1
TRBV20-1,TRBJ2-1,SASYLSGSYNEQF,1
TRBV20-1,TRBJ2-1,SASYLSLYNEQF,1
TRBV20-1,TRBJ2-1,SASYLSRGTYGNEQF,1
TRBV20-1,TRBJ2-1,SASYLSSVNEQF,4
TRBV20-1,TRBJ2-1,SASYLSSYNEQF,1
TRBV20-1,TRBJ2-1,SASYLSTRTPRMVDEQF,3
TRBV20-1,TRBJ2-1,SASYLTGGGESYNEQF,1
TRBV20-1,TRBJ2-1,SASYLTRTNEQF,1
TRBV20-1,TRBJ2-1,SASYLTSGSYNEQF,1
TRBV20-1,TRBJ2-1,SASYLTSYKEQF,1
TRBV20-1,TRBJ2-1,SASYLVAYNEQF,1
TRBV20-1,TRBJ2-1,SASYLVIGYNEQF,1
TRBV20-1,TRBJ2-1,SASYLVRQHEQF,1
TRBV20-1,TRBJ2-1,SASYLVSANEQF,1
TRBV20-1,TRBJ2-1,SASYLWSSYNEQF,1
TRBV20-1,TRBJ2-1,SASYLYNEQF,7
TRBV20-1,TRBJ2-1,SASYMANEQF,1
TRBV20-1,TRBJ2-1,SASYMDSYNEQF,1
TRBV20-1,TRBJ2-1,SASYMEGYNEPF,1
TRBV20-1,TRBJ2-1,SASYMEGYNEQF,1
TRBV20-1,TRBJ2-1,SASYMGAGAYNEQF,1
TRBV20-1,TRBJ2-1,SASYMGASNEQF,1
TRBV20-1,TRBJ2-1,SASYMNEQF,1
TRBV20-1,TRBJ2-1,SASYMSSYNEQF,1
TRBV20-1,TRBJ2-1,SASYMSYNEQF,1
TRBV20-1,TRBJ2-1,SASYNDEQF,1
TRBV20-1,TRBJ2-1,SASYNEHF,1
TRBV20-1,TRBJ2-1,SASYNEQF,167
TRBV20-1,TRBJ2-1,SASYNEQL,1
TRBV20-1,TRBJ2-1,SASYNFPTRNEQF,1
TRBV20-1,TRBJ2-1,SASYNFYNEQF,1
TRBV20-1,TRBJ2-1,SASYNNEQF,12
TRBV20-1,TRBJ2-1,SASYNPGLADPSYNEQF,1
TRBV20-1,TRBJ2-1,SASYNPLGREYNEQF,1
TRBV20-1,TRBJ2-1,SASYNRLVAGRNEQF,1
TRBV20-1,TRBJ2-1,SASYNRYNEQF,1
TRBV20-1,TRBJ2-1,SASYNSGSSYNEQF,1
TRBV20-1,TRBJ2-1,SASYNTSEEDDEQF,1
TRBV20-1,TRBJ2-1,SASYNYNEQF,2
TRBV20-1,TRBJ2-1,SASYPAGGLYNEQF,2
TRBV20-1,TRBJ2-1,SASYPAGINEQF,1
TRBV20-1,TRBJ2-1,SASYPAGQRYEQF,7
TRBV20-1,TRBJ2-1,SASYPAGVNSGEQF,2
TRBV20-1,TRBJ2-1,SASYPANEQF,1
TRBV20-1,TRBJ2-1,SASYPAPNEQF,1
TRBV20-1,TRBJ2-1,SASYPARAYNEQF,1
TRBV20-1,TRBJ2-1,SASYPARPYNEPF,1
TRBV20-1,TRBJ2-1,SASYPASGRNEQF,5
TRBV20-1,TRBJ2-1,SASYPASYNEQF,1
TRBV20-1,TRBJ2-1,SASYPATGEQF,1
TRBV20-1,TRBJ2-1,SASYPATSGSSNEQF,1
TRBV20-1,TRBJ2-1,SASYPATTGRAYNEQF,1
TRBV20-1,TRBJ2-1,SASYPDCPYNEQF,2
TRBV20-1,TRBJ2-1,SASYPDEQF,1
TRBV20-1,TRBJ2-1,SASYPDHPYNEQL,1
TRBV20-1,TRBJ2-1,SASYPDNEQF,1
TRBV20-1,TRBJ2-1,SASYPDPKHYNEQF,2
TRBV20-1,TRBJ2-1,SASYPDRAYNEQY,1
TRBV20-1,TRBJ2-1,SASYPDRDYNEQF,1
TRBV20-1,TRBJ2-1,SASYPDRGGEQF,1
TRBV20-1,TRBJ2-1,SASYPDRHYNEQF,1
TRBV20-1,TRBJ2-1,SASYPDRPCNEQF,2
TRBV20-1,TRBJ2-1,SASYPDRPNNEQF,1
TRBV20-1,TRBJ2-1,SASYPDRPSNEQF,1
TRBV20-1,TRBJ2-1,SASYPDRPSNRQF,1
TRBV20-1,TRBJ2-1,SASYPDRPYKEQF,2
TRBV20-1,TRBJ2-1,SASYPDRPYNDQF,1
TRBV20-1,TRBJ2-1,SASYPDRPYNEEF,1
TRBV20-1,TRBJ2-1,SASYPDRPYNEHL,1
TRBV20-1,TRBJ2-1,SASYPDRPYNEKF,1
TRBV20-1,TRBJ2-1,SASYPDRPYNEQC,1
TRBV20-1,TRBJ2-1,SASYPDRPYNEQF,172
TRBV20-1,TRBJ2-1,SASYPDRPYNEQL,2
TRBV20-1,TRBJ2-1,SASYPDRPYNEQV,1
TRBV20-1,TRBJ2-1,SASYPDRPYNERF,1
TRBV20-1,TRBJ2-1,SASYPDRPYNGQF,2
TRBV20-1,TRBJ2-1,SASYPDRPYNKQF,1
TRBV20-1,TRBJ2-1,SASYPDRPYNQQF,1
TRBV20-1,TRBJ2-1,SASYPDRPYSEQF,2
TRBV20-1,TRBJ2-1,SASYPDRPYYEQF,2
TRBV20-1,TRBJ2-1,SASYPDRRYNELF,1
TRBV20-1,TRBJ2-1,SASYPDRRYNEQF,1
TRBV20-1,TRBJ2-1,SASYPDRSYNEQF,1
TRBV20-1,TRBJ2-1,SASYPDSIYNEQF,1
TRBV20-1,TRBJ2-1,SASYPDSNYNEQF,1
TRBV20-1,TRBJ2-1,SASYPDSPYNEQF,1
TRBV20-1,TRBJ2-1,SASYPEPNEQF,1
TRBV20-1,TRBJ2-1,SASYPEQF,6
TRBV20-1,TRBJ2-1,SASYPERPYNDQF,1
TRBV20-1,TRBJ2-1,SASYPERPYNEQF,1
TRBV20-1,TRBJ2-1,SASYPEVNEQF,1
TRBV20-1,TRBJ2-1,SASYPEWHYNEQF,1
TRBV20-1,TRBJ2-1,SASYPGAGGPNEQF,1
TRBV20-1,TRBJ2-1,SASYPGAKEVNEQF,3
TRBV20-1,TRBJ2-1,SASYPGAKEVNERF,1
TRBV20-1,TRBJ2-1,SASYPGAVYNEQF,1
TRBV20-1,TRBJ2-1,SASYPGEVYNEQF,1
TRBV20-1,TRBJ2-1,SASYPGFSLNEQF,1
TRBV20-1,TRBJ2-1,SASYPGGAVSYNEQF,1
TRBV20-1,TRBJ2-1,SASYPGGDNNEQF,1
TRBV20-1,TRBJ2-1,SASYPGGGRRWNEQF,1
TRBV20-1,TRBJ2-1,SASYPGGLALGGDEQF,1
TRBV20-1,TRBJ2-1,SASYPGGNEQF,1
TRBV20-1,TRBJ2-1,SASYPGGPHNEQF,1
TRBV20-1,TRBJ2-1,SASYPGGPNEQF,1
TRBV20-1,TRBJ2-1,SASYPGGRDEQF,1
TRBV20-1,TRBJ2-1,SASYPGHLNEQF,1
TRBV20-1,TRBJ2-1,SASYPGLADYNEQF,1
TRBV20-1,TRBJ2-1,SASYPGLAFNNEQF,1
TRBV20-1,TRBJ2-1,SASYPGLAGAAVMDEQF,1
TRBV20-1,TRBJ2-1,SASYPGLAGAGNEQF,1
TRBV20-1,TRBJ2-1,SASYPGLAGENEQF,1
TRBV20-1,TRBJ2-1,SASYPGLAGHNEQF,1
TRBV20-1,TRBJ2-1,SASYPGLAGNEQF,1
TRBV20-1,TRBJ2-1,SASYPGLAGNNEQF,1
TRBV20-1,TRBJ2-1,SASYPGLAGPYNEQF,1
TRBV20-1,TRBJ2-1,SASYPGLAGTNEQF,1
TRBV20-1,TRBJ2-1,SASYPGLASAYNEQF,1
TRBV20-1,TRBJ2-1,SASYPGLAVNEQF,1
TRBV20-1,TRBJ2-1,SASYPGLAVYNEQF,2
TRBV20-1,TRBJ2-1,SASYPGLDANEQF,1
TRBV20-1,TRBJ2-1,SASYPGLGLYNEQF,1
TRBV20-1,TRBJ2-1,SASYPGLGNEHF,1
TRBV20-1,TRBJ2-1,SASYPGLGNEQF,3
TRBV20-1,TRBJ2-1,SASYPGLNEQF,1
TRBV20-1,TRBJ2-1,SASYPGLTYNEQF,4
TRBV20-1,TRBJ2-1,SASYPGLVSDEQF,1
TRBV20-1,TRBJ2-1,SASYPGNEGNEQF,1
TRBV20-1,TRBJ2-1,SASYPGPQF,1
TRBV20-1,TRBJ2-1,SASYPGPSPQDEQF,6
TRBV20-1,TRBJ2-1,SASYPGQGAYEQF,1
TRBV20-1,TRBJ2-1,SASYPGQGKNEQF,1
TRBV20-1,TRBJ2-1,SASYPGRGPPNEQF,1
TRBV20-1,TRBJ2-1,SASYPGRLYNEQF,11
TRBV20-1,TRBJ2-1,SASYPGRNEQF,2
TRBV20-1,TRBJ2-1,SASYPGRPYNEQF,2
TRBV20-1,TRBJ2-1,SASYPGRRSRFSYNEQF,1
TRBV20-1,TRBJ2-1,SASYPGRSYNEQF,1
TRBV20-1,TRBJ2-1,SASYPGSSYNEQF,2
TRBV20-1,TRBJ2-1,SASYPGSYNEQF,2
TRBV20-1,TRBJ2-1,SASYPGTGRNEQF,1
TRBV20-1,TRBJ2-1,SASYPGTGTSRSSYNEQF,1
TRBV20-1,TRBJ2-1,SASYPGTNNEQF,1
TRBV20-1,TRBJ2-1,SASYPGTSGNEQF,1
TRBV20-1,TRBJ2-1,SASYPGTSGYNEQF,1
TRBV20-1,TRBJ2-1,SASYPGTSIYNEQF,1
TRBV20-1,TRBJ2-1,SASYPGTVIYNEQF,1
TRBV20-1,TRBJ2-1,SASYPGYNEQF,3
TRBV20-1,TRBJ2-1,SASYPHRGTYNEQF,1
TRBV20-1,TRBJ2-1,SASYPHSGGWNEQF,1
TRBV20-1,TRBJ2-1,SASYPHYNEQF,1
TRBV20-1,TRBJ2-1,SASYPINEQF,1
TRBV20-1,TRBJ2-1,SASYPIWYEQF,1
TRBV20-1,TRBJ2-1,SASYPLAGAYNEQF,1
TRBV20-1,TRBJ2-1,SASYPLAGEYNEQF,1
TRBV20-1,TRBJ2-1,SASYPLAVSYNEQF,1
TRBV20-1,TRBJ2-1,SASYPLEATRNEQF,3
TRBV20-1,TRBJ2-1,SASYPLGGHEQF,1
TRBV20-1,TRBJ2-1,SASYPLIVSSYNEQF,1
TRBV20-1,TRBJ2-1,SASYPLNEQF,1
TRBV20-1,TRBJ2-1,SASYPLRRLAGGNEQF,1
TRBV20-1,TRBJ2-1,SASYPMRGAYNEQF,1
TRBV20-1,TRBJ2-1,SASYPNFYNEQF,3
TRBV20-1,TRBJ2-1,SASYPNNEQF,1
TRBV20-1,TRBJ2-1,SASYPNRPYNEQF,1
TRBV20-1,TRBJ2-1,SASYPNTSYNEQF,1
TRBV20-1,TRBJ2-1,SASYPNYNEQF,1
TRBV20-1,TRBJ2-1,SASYPPAGGTYEQF,1
TRBV20-1,TRBJ2-1,SASYPPARNEQF,1
TRBV20-1,TRBJ2-1,SASYPPGATYNEQF,2
TRBV20-1,TRBJ2-1,SASYPPGLAGEYNEQF,1
TRBV20-1,TRBJ2-1,SASYPPGLAGRGEQF,1
TRBV20-1,TRBJ2-1,SASYPPGNNEQF,1
TRBV20-1,TRBJ2-1,SASYPPGPRGSTYNEQF,1
TRBV20-1,TRBJ2-1,SASYPPGYNEQF,1
TRBV20-1,TRBJ2-1,SASYPPPPYNEQF,2
TRBV20-1,TRBJ2-1,SASYPPRLAYNEQF,1
TRBV20-1,TRBJ2-1,SASYPPTGINEQF,1
TRBV20-1,TRBJ2-1,SASYPPTQSTYNEQF,1
TRBV20-1,TRBJ2-1,SASYPQELGEQF,1
TRBV20-1,TRBJ2-1,SASYPQQF,1
TRBV20-1,TRBJ2-1,SASYPQRSSYNEQF,6
TRBV20-1,TRBJ2-1,SASYPRDTSGMHEQF,1
TRBV20-1,TRBJ2-1,SASYPRETSGMHEQF,3
TRBV20-1,TRBJ2-1,SASYPREVIGNEQF,1
TRBV20-1,TRBJ2-1,SASYPRGANEQF,1
TRBV20-1,TRBJ2-1,SASYPRGEVNYNEQF,1
TRBV20-1,TRBJ2-1,SASYPRGLSDDEQF,1
TRBV20-1,TRBJ2-1,SASYPRGSWTSYNEQF,1
TRBV20-1,TRBJ2-1,SASYPRGSYNEQF,1
TRBV20-1,TRBJ2-1,SASYPRLAGGNEQF,1
TRBV20-1,TRBJ2-1,SASYPRLAGYNEQF,1
TRBV20-1,TRBJ2-1,SASYPRQGRPHNEQF,1
TRBV20-1,TRBJ2-1,SASYPRRVRNDEQF,1
TRBV20-1,TRBJ2-1,SASYPRSGGVYNEQF,1
TRBV20-1,TRBJ2-1,SASYPRTSGRTAYNEQF,1
TRBV20-1,TRBJ2-1,SASYPRVAGYNEQF,1
TRBV20-1,TRBJ2-1,SASYPRVDEQF,1
TRBV20-1,TRBJ2-1,SASYPRVHEQF,1
TRBV20-1,TRBJ2-1,SASYPRVPYNEQF,1
TRBV20-1,TRBJ2-1,SASYPSERTSYNEQF,1
TRBV20-1,TRBJ2-1,SASYPSGAYNEQF,1
TRBV20-1,TRBJ2-1,SASYPSGGPNEQF,1
TRBV20-1,TRBJ2-1,SASYPSGGRWNEQF,1
TRBV20-1,TRBJ2-1,SASYPSGIRDEQF,1
TRBV20-1,TRBJ2-1,SASYPSGKVSDEQF,1
TRBV20-1,TRBJ2-1,SASYPSGRNNEQF,1
TRBV20-1,TRBJ2-1,SASYPSGRSNEQF,1
TRBV20-1,TRBJ2-1,SASYPSGRTNNEQF,1
TRBV20-1,TRBJ2-1,SASYPSGSFHEQF,1
TRBV20-1,TRBJ2-1,SASYPSGSLWSWEQF,3
TRBV20-1,TRBJ2-1,SASYPSGSSSEQF,1
TRBV20-1,TRBJ2-1,SASYPSGTYNEQF,1
TRBV20-1,TRBJ2-1,SASYPSGYSYNEQF,1
TRBV20-1,TRBJ2-1,SASYPSRGGYNEQF,5
TRBV20-1,TRBJ2-1,SASYPSRSYNEQF,1
TRBV20-1,TRBJ2-1,SASYPSSGKSNEQF,1
TRBV20-1,TRBJ2-1,SASYPSSGSHEQF,1
TRBV20-1,TRBJ2-1,SASYPSSYNEQF,6
TRBV20-1,TRBJ2-1,SASYPSWLSYNEQF,4
TRBV20-1,TRBJ2-1,SASYPSYNEQF,1
TRBV20-1,TRBJ2-1,SASYPTAGNEQF,1
TRBV20-1,TRBJ2-1,SASYPTGDSYNEQF,1
TRBV20-1,TRBJ2-1,SASYPTGNEQF,1
TRBV20-1,TRBJ2-1,SASYPTNNEQF,1
TRBV20-1,TRBJ2-1,SASYPTSAIYNEQF,1
TRBV20-1,TRBJ2-1,SASYPTSGHYNEQF,1
TRBV20-1,TRBJ2-1,SASYPTSYEQF,1
TRBV20-1,TRBJ2-1,SASYPTTPGYEQF,4
TRBV20-1,TRBJ2-1,SASYPTYNEQF,1
TRBV20-1,TRBJ2-1,SASYPVLPYNEQF,1
TRBV20-1,TRBJ2-1,SASYPWAGGSNEQF,1
TRBV20-1,TRBJ2-1,SASYPWDRERHNEQF,1
TRBV20-1,TRBJ2-1,SASYPWGAGDNEQF,1
TRBV20-1,TRBJ2-1,SASYPWGRSYNEQF,1
TRBV20-1,TRBJ2-1,SASYPWHNEQF,3
TRBV20-1,TRBJ2-1,SASYPYNEQF,2
TRBV20-1,TRBJ2-1,SASYPYRPYNDQF,1
TRBV20-1,TRBJ2-1,SASYPYSDYNEQF,2
TRBV20-1,TRBJ2-1,SASYPYSGRRVMNEQF,1
TRBV20-1,TRBJ2-1,SASYPYSSYNEQF,1
TRBV20-1,TRBJ2-1,SASYQAAPSGSDEQF,1
TRBV20-1,TRBJ2-1,SASYQAGGLNEQF,1
TRBV20-1,TRBJ2-1,SASYQAPGNEQF,1
TRBV20-1,TRBJ2-1,SASYQARFWNEQF,1
TRBV20-1,TRBJ2-1,SASYQATYNEQF,1
TRBV20-1,TRBJ2-1,SASYQDFSYNEQF,1
TRBV20-1,TRBJ2-1,SASYQEVSYNEQF,1
TRBV20-1,TRBJ2-1,SASYQGALDNEQF,1
TRBV20-1,TRBJ2-1,SASYQGAPYNEQF,2
TRBV20-1,TRBJ2-1,SASYQGDSVYNEQF,1
TRBV20-1,TRBJ2-1,SASYQGEDNEQF,3
TRBV20-1,TRBJ2-1,SASYQGEGLNEQF,1
TRBV20-1,TRBJ2-1,SASYQGGGSYNEQF,1
TRBV20-1,TRBJ2-1,SASYQGGNEQF,1
TRBV20-1,TRBJ2-1,SASYQGGSAGLSYNEQF,1
TRBV20-1,TRBJ2-1,SASYQGKGYNEQF,2
TRBV20-1,TRBJ2-1,SASYQGLVANEQF,9
TRBV20-1,TRBJ2-1,SASYQGNEQF,4
TRBV20-1,TRBJ2-1,SASYQGRELSGKQF,2
TRBV20-1,TRBJ2-1,SASYQGSANEQF,2
TRBV20-1,TRBJ2-1,SASYQGSGYNEQF,1
TRBV20-1,TRBJ2-1,SASYQGSYNEQF,1
TRBV20-1,TRBJ2-1,SASYQGTSGEYNEQF,2
TRBV20-1,TRBJ2-1,SASYQGTYNEQF,2
TRBV20-1,TRBJ2-1,SASYQGYNEQF,1
TRBV20-1,TRBJ2-1,SASYQHNEQF,2
TRBV20-1,TRBJ2-1,SASYQIYNEQF,1
TRBV20-1,TRBJ2-1,SASYQNEQF,1
TRBV20-1,TRBJ2-1,SASYQNIVNNEQF,1
TRBV20-1,TRBJ2-1,SASYQPDPVPYNEQF,1
TRBV20-1,TRBJ2-1,SASYQPRGNEQF,1
TRBV20-1,TRBJ2-1,SASYQQGHRVPYNEQF,1
TRBV20-1,TRBJ2-1,SASYQQNSNEQF,1
TRBV20-1,TRBJ2-1,SASYQQSSNEQF,6
TRBV20-1,TRBJ2-1,SASYQRALNEQF,3
TRBV20-1,TRBJ2-1,SASYQREFYEQF,1
TRBV20-1,TRBJ2-1,SASYQREGNEQF,1
TRBV20-1,TRBJ2-1,SASYQRELNEQF,1
TRBV20-1,TRBJ2-1,SASYQRENNEQF,3
TRBV20-1,TRBJ2-1,SASYQREYNEQF,1
TRBV20-1,TRBJ2-1,SASYQRGRAYNEQF,1
TRBV20-1,TRBJ2-1,SASYQRYNEQV,1
TRBV20-1,TRBJ2-1,SASYQSHNEQF,2
TRBV20-1,TRBJ2-1,SASYQSSSYNEQF,1
TRBV20-1,TRBJ2-1,SASYQSYIEQF,1
TRBV20-1,TRBJ2-1,SASYQSYNDQF,1
TRBV20-1,TRBJ2-1,SASYQSYNEQC,1
TRBV20-1,TRBJ2-1,SASYQSYNEQF,31
TRBV20-1,TRBJ2-1,SASYQTLYNEQF,1
TRBV20-1,TRBJ2-1,SASYQTSGMIYNEQF,1
TRBV20-1,TRBJ2-1,SASYQVGLADYNEQF,1
TRBV20-1,TRBJ2-1,SASYQYPYNEQF,7
TRBV20-1,TRBJ2-1,SASYRAALDEQF,1
TRBV20-1,TRBJ2-1,SASYRAFHNEQF,1
TRBV20-1,TRBJ2-1,SASYRAGAYNEQF,1
TRBV20-1,TRBJ2-1,SASYRAGDEQF,1
TRBV20-1,TRBJ2-1,SASYRAGGQYNEQF,5
TRBV20-1,TRBJ2-1,SASYRAGSAYNEQF,1
TRBV20-1,TRBJ2-1,SASYRAGTSGRFYNEQF,1
TRBV20-1,TRBJ2-1,SASYRAGVYNEQF,1
TRBV20-1,TRBJ2-1,SASYRANEQF,1
TRBV20-1,TRBJ2-1,SASYRARANEQF,1
TRBV20-1,TRBJ2-1,SASYRARNEQF,1
TRBV20-1,TRBJ2-1,SASYRASYNEQF,1
TRBV20-1,TRBJ2-1,SASYRATLYNEQF,2
TRBV20-1,TRBJ2-1,SASYRATSGSPHEQF,1
TRBV20-1,TRBJ2-1,SASYRAVVYNEQF,1
TRBV20-1,TRBJ2-1,SASYRDADEQF,1
TRBV20-1,TRBJ2-1,SASYRDAYNEQF,2
TRBV20-1,TRBJ2-1,SASYRDEQF,10
TRBV20-1,TRBJ2-1,SASYRDHNYNEQF,1
TRBV20-1,TRBJ2-1,SASYRDHRNEQF,1
TRBV20-1,TRBJ2-1,SASYRDISSYNEQF,4
TRBV20-1,TRBJ2-1,SASYRDNEQF,23
TRBV20-1,TRBJ2-1,SASYRDNERF,2
TRBV20-1,TRBJ2-1,SASYRDPSSYNEQF,7
TRBV20-1,TRBJ2-1,SASYRDPTIYNEQF,1
TRBV20-1,TRBJ2-1,SASYRDPTVNEQF,1
TRBV20-1,TRBJ2-1,SASYRDRGFHEQF,1
TRBV20-1,TRBJ2-1,SASYRDRGSNEQF,1
TRBV20-1,TRBJ2-1,SASYRDRGYNEQF,3
TRBV20-1,TRBJ2-1,SASYRDRNEQF,3
TRBV20-1,TRBJ2-1,SASYRDRSYNEQF,1
TRBV20-1,TRBJ2-1,SASYRDSPAGGYNEQF,2
TRBV20-1,TRBJ2-1,SASYRDSYNEQF,3
TRBV20-1,TRBJ2-1,SASYRDTSYNEQF,1
TRBV20-1,TRBJ2-1,SASYRDTYSNEQF,1
TRBV20-1,TRBJ2-1,SASYRDVKAIDYNEQF,1
TRBV20-1,TRBJ2-1,SASYRDWRNEQF,1
TRBV20-1,TRBJ2-1,SASYREAFSYNEQF,1
TRBV20-1,TRBJ2-1,SASYREASSYNEQF,1
TRBV20-1,TRBJ2-1,SASYREGAFGNEQF,3
TRBV20-1,TRBJ2-1,SASYREGENEQF,1
TRBV20-1,TRBJ2-1,SASYREGMQNEQF,9
TRBV20-1,TRBJ2-1,SASYREGRNEQF,1
TRBV20-1,TRBJ2-1,SASYREGVYDEQF,1
TRBV20-1,TRBJ2-1,SASYRELRDEQF,9
TRBV20-1,TRBJ2-1,SASYRENDEQF,1
TRBV20-1,TRBJ2-1,SASYRENEQF,2
TRBV20-1,TRBJ2-1,SASYREPGHNEQF,1
TRBV20-1,TRBJ2-1,SASYREPLDEQF,1
TRBV20-1,TRBJ2-1,SASYREQF,1
TRBV20-1,TRBJ2-1,SASYRERGNEQF,1
TRBV20-1,TRBJ2-1,SASYRESYNEQF,2
TRBV20-1,TRBJ2-1,SASYRETYNEQF,1
TRBV20-1,TRBJ2-1,SASYREVMQNEQF,1
TRBV20-1,TRBJ2-1,SASYREVWGSYNEQF,1
TRBV20-1,TRBJ2-1,SASYRFLRDRAYNEQF,1
TRBV20-1,TRBJ2-1,SASYRGAERYNEQF,1
TRBV20-1,TRBJ2-1,SASYRGANNEQF,1
TRBV20-1,TRBJ2-1,SASYRGASSYNEQF,3
TRBV20-1,TRBJ2-1,SASYRGAYNEQF,2
TRBV20-1,TRBJ2-1,SASYRGDEQF,1
TRBV20-1,TRBJ2-1,SASYRGDLYNEQF,1
TRBV20-1,TRBJ2-1,SASYRGDNEQF,1
TRBV20-1,TRBJ2-1,SASYRGEF,6
TRBV20-1,TRBJ2-1,SASYRGERNEQF,1
TRBV20-1,TRBJ2-1,SASYRGETYNEQF,1
TRBV20-1,TRBJ2-1,SASYRGEVRNEQF,1
TRBV20-1,TRBJ2-1,SASYRGFFYNEQF,1
TRBV20-1,TRBJ2-1,SASYRGFHEQF,1
TRBV20-1,TRBJ2-1,SASYRGFLGNEQF,1
TRBV20-1,TRBJ2-1,SASYRGFYNEQF,1
TRBV20-1,TRBJ2-1,SASYRGGAYNEQF,2
TRBV20-1,TRBJ2-1,SASYRGGEQF,1
TRBV20-1,TRBJ2-1,SASYRGGGLAASSYNEQF,1
TRBV20-1,TRBJ2-1,SASYRGGPYNEQF,1
TRBV20-1,TRBJ2-1,SASYRGGSSYNEQF,1
TRBV20-1,TRBJ2-1,SASYRGHEQF,1
TRBV20-1,TRBJ2-1,SASYRGHIDEQF,1
TRBV20-1,TRBJ2-1,SASYRGHSYNEQF,1
TRBV20-1,TRBJ2-1,SASYRGISNEQF,1
TRBV20-1,TRBJ2-1,SASYRGKTYNEQF,15
TRBV20-1,TRBJ2-1,SASYRGLAGLKGGNEQF,1
TRBV20-1,TRBJ2-1,SASYRGLDEQF,1
TRBV20-1,TRBJ2-1,SASYRGLGNEQF,1
TRBV20-1,TRBJ2-1,SASYRGLTNEQF,1
TRBV20-1,TRBJ2-1,SASYRGLYNEQF,2
TRBV20-1,TRBJ2-1,SASYRGPDDEQF,1
TRBV20-1,TRBJ2-1,SASYRGPINEQF,3
TRBV20-1,TRBJ2-1,SASYRGPTYNEQF,1
TRBV20-1,TRBJ2-1,SASYRGPYNEQF,2
TRBV20-1,TRBJ2-1,SASYRGQARDEQF,1
TRBV20-1,TRBJ2-1,SASYRGQGNEQF,1
TRBV20-1,TRBJ2-1,SASYRGQGYNEQF,1
TRBV20-1,TRBJ2-1,SASYRGQNNEQF,1
TRBV20-1,TRBJ2-1,SASYRGQYNEQF,1
TRBV20-1,TRBJ2-1,SASYRGRAYNEQF,2
TRBV20-1,TRBJ2-1,SASYRGRGNNEQF,1
TRBV20-1,TRBJ2-1,SASYRGRNEQF,12
TRBV20-1,TRBJ2-1,SASYRGRQNEQF,1
TRBV20-1,TRBJ2-1,SASYRGRRNNEQF,1
TRBV20-1,TRBJ2-1,SASYRGRRSNEQF,1
TRBV20-1,TRBJ2-1,SASYRGRSSYNEQF,1
TRBV20-1,TRBJ2-1,SASYRGRVGNEQF,1
TRBV20-1,TRBJ2-1,SASYRGSGLYNEQF,1
TRBV20-1,TRBJ2-1,SASYRGSKAYNEQF,1
TRBV20-1,TRBJ2-1,SASYRGSNEQF,1
TRBV20-1,TRBJ2-1,SASYRGSSYNEQF,2
TRBV20-1,TRBJ2-1,SASYRGSYNEQF,14
TRBV20-1,TRBJ2-1,SASYRGTGDEQF,1
TRBV20-1,TRBJ2-1,SASYRGVIRYEQF,1
TRBV20-1,TRBJ2-1,SASYRGVQRNEQF,5
TRBV20-1,TRBJ2-1,SASYRGVSLSSYNEQF,1
TRBV20-1,TRBJ2-1,SASYRGVVYNEQF,1
TRBV20-1,TRBJ2-1,SASYRGWAPQYNEQF,1
TRBV20-1,TRBJ2-1,SASYRGYNEQF,2
TRBV20-1,TRBJ2-1,SASYRGYYNHEQF,1
TRBV20-1,TRBJ2-1,SASYRHNEQF,1
TRBV20-1,TRBJ2-1,SASYRKFYNEQF,1
TRBV20-1,TRBJ2-1,SASYRKNSYNEQF,1
TRBV20-1,TRBJ2-1,SASYRKSYNEQF,1
TRBV20-1,TRBJ2-1,SASYRKTSGRLYNEQF,1
TRBV20-1,TRBJ2-1,SASYRKTYNEQF,1
TRBV20-1,TRBJ2-1,SASYRLAAYNEQF,1
TRBV20-1,TRBJ2-1,SASYRLAENNEQF,1
TRBV20-1,TRBJ2-1,SASYRLAGGDNEQF,1
TRBV20-1,TRBJ2-1,SASYRLAGGKNEQF,1
TRBV20-1,TRBJ2-1,SASYRLAGGLFSYNEQF,1
TRBV20-1,TRBJ2-1,SASYRLAGGNEQF,3
TRBV20-1,TRBJ2-1,SASYRLAGGPPSYNEQF,1
TRBV20-1,TRBJ2-1,SASYRLAGNPYNEQF,1
TRBV20-1,TRBJ2-1,SASYRLAGSHNEQF,1
TRBV20-1,TRBJ2-1,SASYRLAGSYNEQF,3
TRBV20-1,TRBJ2-1,SASYRLAGVGNEQF,1
TRBV20-1,TRBJ2-1,SASYRLAHYNEQF,1
TRBV20-1,TRBJ2-1,SASYRLAYNEQF,1
TRBV20-1,TRBJ2-1,SASYRLFNEQF,1
TRBV20-1,TRBJ2-1,SASYRLHPRGNEQF,1
TRBV20-1,TRBJ2-1,SASYRLLAGNEQF,1
TRBV20-1,TRBJ2-1,SASYRLLTTSYNEQF,1
TRBV20-1,TRBJ2-1,SASYRLNEQF,2
TRBV20-1,TRBJ2-1,SASYRLTYNEQF,1
TRBV20-1,TRBJ2-1,SASYRMNNEQF,1
TRBV20-1,TRBJ2-1,SASYRNEQF,9
TRBV20-1,TRBJ2-1,SASYRNNEQF,5
TRBV20-1,TRBJ2-1,SASYRNNNEQF,1
TRBV20-1,TRBJ2-1,SASYRPAYNEQF,8
TRBV20-1,TRBJ2-1,SASYRPDEQF,1
TRBV20-1,TRBJ2-1,SASYRPPNEQF,1
TRBV20-1,TRBJ2-1,SASYRQAYNEQF,1
TRBV20-1,TRBJ2-1,SASYRQDWRNEQF,1
TRBV20-1,TRBJ2-1,SASYRQGAKNEQF,2
TRBV20-1,TRBJ2-1,SASYRQGPNDQF,1
TRBV20-1,TRBJ2-1,SASYRQGPNEQF,7
TRBV20-1,TRBJ2-1,SASYRREGPYNEQF,1
TRBV20-1,TRBJ2-1,SASYRREVSNEQF,2
TRBV20-1,TRBJ2-1,SASYRRFANEQF,1
TRBV20-1,TRBJ2-1,SASYRRGRMGYNEQF,1
TRBV20-1,TRBJ2-1,SASYRRLYDEQF,1
TRBV20-1,TRBJ2-1,SASYRRPSYNEQF,1
TRBV20-1,TRBJ2-1,SASYRRSYNEQF,3
TRBV20-1,TRBJ2-1,SASYRSDNEQF,1
TRBV20-1,TRBJ2-1,SASYRSGFSYNEQF,2
TRBV20-1,TRBJ2-1,SASYRSGIWETDEQF,1
TRBV20-1,TRBJ2-1,SASYRSGRDTYNEQF,1
TRBV20-1,TRBJ2-1,SASYRSGRSYNEQF,3
TRBV20-1,TRBJ2-1,SASYRSGRYNEQF,1
TRBV20-1,TRBJ2-1,SASYRSSGNSYNEQF,1
TRBV20-1,TRBJ2-1,SASYRSSYNEQF,5
TRBV20-1,TRBJ2-1,SASYRSYNEQF,1
TRBV20-1,TRBJ2-1,SASYRTGSDEQF,1
TRBV20-1,TRBJ2-1,SASYRTGSSYNEQF,1
TRBV20-1,TRBJ2-1,SASYRTHYNEQF,1
TRBV20-1,TRBJ2-1,SASYRTNEQF,2
TRBV20-1,TRBJ2-1,SASYRTNNEQF,1
TRBV20-1,TRBJ2-1,SASYRTPFDSYNEQF,1
TRBV20-1,TRBJ2-1,SASYRTPKRNEQF,1
TRBV20-1,TRBJ2-1,SASYRTQYNEQF,1
TRBV20-1,TRBJ2-1,SASYRTSGGNNEQF,1
TRBV20-1,TRBJ2-1,SASYRTSGRARNEQF,1
TRBV20-1,TRBJ2-1,SASYRTSGRNEQF,1
TRBV20-1,TRBJ2-1,SASYRTSGSDEQF,1
TRBV20-1,TRBJ2-1,SASYRTSGSTYEYPYNEQF,1
TRBV20-1,TRBJ2-1,SASYRTSVSYNEQF,1
TRBV20-1,TRBJ2-1,SASYRTYEQF,1
TRBV20-1,TRBJ2-1,SASYRVAGINEQF,1
TRBV20-1,TRBJ2-1,SASYRVAYNEQF,1
TRBV20-1,TRBJ2-1,SASYRVGPLYNEQF,1
TRBV20-1,TRBJ2-1,SASYRVGYNEQF,2
TRBV20-1,TRBJ2-1,SASYRVHSSYNEQF,1
TRBV20-1,TRBJ2-1,SASYRVIMDEQF,1
TRBV20-1,TRBJ2-1,SASYRVKGNEQF,1
TRBV20-1,TRBJ2-1,SASYRVNEQF,3
TRBV20-1,TRBJ2-1,SASYRVRGNAQF,1
TRBV20-1,TRBJ2-1,SASYRVRGNEQF,24
TRBV20-1,TRBJ2-1,SASYRVSNEQF,1
TRBV20-1,TRBJ2-1,SASYRVSYNEQF,1
TRBV20-1,TRBJ2-1,SASYRVTAYNEQF,1
TRBV20-1,TRBJ2-1,SASYRVVNNEQF,1
TRBV20-1,TRBJ2-1,SASYRVVNSYNEQF,1
TRBV20-1,TRBJ2-1,SASYRVVSEQF,2
TRBV20-1,TRBJ2-1,SASYRYNEQF,4
TRBV20-1,TRBJ2-1,SASYRYQNEQF,1
TRBV20-1,TRBJ2-1,SASYSAAGGQGNEQF,10
TRBV20-1,TRBJ2-1,SASYSADFSYNEQF,1
TRBV20-1,TRBJ2-1,SASYSADYNEQF,1
TRBV20-1,TRBJ2-1,SASYSAFDEQF,1
TRBV20-1,TRBJ2-1,SASYSAGESYNEQF,1
TRBV20-1,TRBJ2-1,SASYSAGGLNEQF,1
TRBV20-1,TRBJ2-1,SASYSARYNEQF,1
TRBV20-1,TRBJ2-1,SASYSASYNEQF,1
TRBV20-1,TRBJ2-1,SASYSAYNEQF,1
TRBV20-1,TRBJ2-1,SASYSEYNEQF,1
TRBV20-1,TRBJ2-1,SASYSFDEQF,1
TRBV20-1,TRBJ2-1,SASYSFLLNEQF,1
TRBV20-1,TRBJ2-1,SASYSFPYNEQF,1
TRBV20-1,TRBJ2-1,SASYSGAGLPTGNYNEQF,1
TRBV20-1,TRBJ2-1,SASYSGDEQF,1
TRBV20-1,TRBJ2-1,SASYSGDGEWESYNEQF,1
TRBV20-1,TRBJ2-1,SASYSGDNEQF,1
TRBV20-1,TRBJ2-1,SASYSGFYNEQF,1
TRBV20-1,TRBJ2-1,SASYSGGAGEQF,5
TRBV20-1,TRBJ2-1,SASYSGGAYNEQF,7
TRBV20-1,TRBJ2-1,SASYSGGGSYNEQF,1
TRBV20-1,TRBJ2-1,SASYSGGHNEQF,1
TRBV20-1,TRBJ2-1,SASYSGGLRYNEQF,1
TRBV20-1,TRBJ2-1,SASYSGGNNEQF,1
TRBV20-1,TRBJ2-1,SASYSGGPNNEQF,1
TRBV20-1,TRBJ2-1,SASYSGGRKF,6
TRBV20-1,TRBJ2-1,SASYSGGSSYNEQF,1
TRBV20-1,TRBJ2-1,SASYSGGSYNEQF,2
TRBV20-1,TRBJ2-1,SASYSGGYNEQF,15
TRBV20-1,TRBJ2-1,SASYSGHGYNEQF,1
TRBV20-1,TRBJ2-1,SASYSGHSSYNEQF,1
TRBV20-1,TRBJ2-1,SASYSGILYEQF,1
TRBV20-1,TRBJ2-1,SASYSGINNEQF,1
TRBV20-1,TRBJ2-1,SASYSGKGGSYNEQF,1
TRBV20-1,TRBJ2-1,SASYSGLAGGASSYNEQF,1
TRBV20-1,TRBJ2-1,SASYSGLAGVTYNEQF,1
TRBV20-1,TRBJ2-1,SASYSGLDNEQF,1
TRBV20-1,TRBJ2-1,SASYSGLYANEQF,2
TRBV20-1,TRBJ2-1,SASYSGLYNEQF,1
TRBV20-1,TRBJ2-1,SASYSGNDEQF,3
TRBV20-1,TRBJ2-1,SASYSGNEQF,3
TRBV20-1,TRBJ2-1,SASYSGNSYNEQF,3
TRBV20-1,TRBJ2-1,SASYSGPGGTYNEQF,1
TRBV20-1,TRBJ2-1,SASYSGPTYNEQF,1
TRBV20-1,TRBJ2-1,SASYSGPYNEQF,3
TRBV20-1,TRBJ2-1,SASYSGQGYNEQF,1
TRBV20-1,TRBJ2-1,SASYSGQSNEQF,1
TRBV20-1,TRBJ2-1,SASYSGRAFNEQF,1
TRBV20-1,TRBJ2-1,SASYSGRAGGNEQF,1
TRBV20-1,TRBJ2-1,SASYSGRALGNEQF,1
TRBV20-1,TRBJ2-1,SASYSGRANEQF,3
TRBV20-1,TRBJ2-1,SASYSGRAPHNEQF,1
TRBV20-1,TRBJ2-1,SASYSGRASNEQF,6
TRBV20-1,TRBJ2-1,SASYSGRASYNEQF,1
TRBV20-1,TRBJ2-1,SASYSGRAYEQF,1
TRBV20-1,TRBJ2-1,SASYSGRDDEQF,1
TRBV20-1,TRBJ2-1,SASYSGRDKNNEQF,1
TRBV20-1,TRBJ2-1,SASYSGREVYNEQF,9
TRBV20-1,TRBJ2-1,SASYSGRFSPDEQF,1
TRBV20-1,TRBJ2-1,SASYSGRGHEQF,2
TRBV20-1,TRBJ2-1,SASYSGRGNEQF,1
TRBV20-1,TRBJ2-1,SASYSGRGNNEQF,1
TRBV20-1,TRBJ2-1,SASYSGRGPYNEQF,3
TRBV20-1,TRBJ2-1,SASYSGRGYNEQF,2
TRBV20-1,TRBJ2-1,SASYSGRLPHEQF,3
TRBV20-1,TRBJ2-1,SASYSGRLSGRLNDEQF,1
TRBV20-1,TRBJ2-1,SASYSGRNEQF,3
TRBV20-1,TRBJ2-1,SASYSGRPNEQF,2
TRBV20-1,TRBJ2-1,SASYSGRPRRNEQF,1
TRBV20-1,TRBJ2-1,SASYSGRPTNEQF,1
TRBV20-1,TRBJ2-1,SASYSGRQDEQF,1
TRBV20-1,TRBJ2-1,SASYSGRRLDEQF,1
TRBV20-1,TRBJ2-1,SASYSGRRNEQF,1
TRBV20-1,TRBJ2-1,SASYSGRSGEQF,6
TRBV20-1,TRBJ2-1,SASYSGRSHNEQF,1
TRBV20-1,TRBJ2-1,SASYSGRSLRNEQF,1
TRBV20-1,TRBJ2-1,SASYSGRSYNEQF,1
TRBV20-1,TRBJ2-1,SASYSGRTYNEQF,1
TRBV20-1,TRBJ2-1,SASYSGRYNEQF,1
TRBV20-1,TRBJ2-1,SASYSGSAYNEQF,1
TRBV20-1,TRBJ2-1,SASYSGSFYEQF,2
TRBV20-1,TRBJ2-1,SASYSGSGNEQF,1
TRBV20-1,TRBJ2-1,SASYSGSGYNEQF,1
TRBV20-1,TRBJ2-1,SASYSGSKDEQF,1
TRBV20-1,TRBJ2-1,SASYSGSNLNEQF,1
TRBV20-1,TRBJ2-1,SASYSGSNNEQF,1
TRBV20-1,TRBJ2-1,SASYSGSPQYNEQF,1
TRBV20-1,TRBJ2-1,SASYSGSRNEQF,2
TRBV20-1,TRBJ2-1,SASYSGSSYNEQF,6
TRBV20-1,TRBJ2-1,SASYSGSYNEQF,18
TRBV20-1,TRBJ2-1,SASYSGTAHNEQF,1
TRBV20-1,TRBJ2-1,SASYSGTGPDEQF,1
TRBV20-1,TRBJ2-1,SASYSGTGPYNEQF,2
TRBV20-1,TRBJ2-1,SASYSGTNNEQF,2
TRBV20-1,TRBJ2-1,SASYSGTNYEQF,1
TRBV20-1,TRBJ2-1,SASYSGTRHEQF,1
TRBV20-1,TRBJ2-1,SASYSGTSGAYNEQF,4
TRBV20-1,TRBJ2-1,SASYSGTSGSPSSYNEQF,1
TRBV20-1,TRBJ2-1,SASYSGTSHEQF,1
TRBV20-1,TRBJ2-1,SASYSGTSSYNEQF,1
TRBV20-1,TRBJ2-1,SASYSGTYNEQF,4
TRBV20-1,TRBJ2-1,SASYSGVGDEQF,1
TRBV20-1,TRBJ2-1,SASYSGVGYNEQF,1
TRBV20-1,TRBJ2-1,SASYSGVLKGSYNEQF,1
TRBV20-1,TRBJ2-1,SASYSGVLNEQF,1
TRBV20-1,TRBJ2-1,SASYSGVRSYNEQF,1
TRBV20-1,TRBJ2-1,SASYSGVSSYNEQF,3
TRBV20-1,TRBJ2-1,SASYSGVWNEQF,1
TRBV20-1,TRBJ2-1,SASYSGWDNEQF,1
TRBV20-1,TRBJ2-1,SASYSGYNEQF,4
TRBV20-1,TRBJ2-1,SASYSGYYNEQF,1
TRBV20-1,TRBJ2-1,SASYSISRNNEQF,1
TRBV20-1,TRBJ2-1,SASYSISYNEQF,1
TRBV20-1,TRBJ2-1,SASYSKNNEQF,1
TRBV20-1,TRBJ2-1,SASYSKSSYNEQF,1
TRBV20-1,TRBJ2-1,SASYSLAGGYEQF,1
TRBV20-1,TRBJ2-1,SASYSLASGDYNEQF,5
TRBV20-1,TRBJ2-1,SASYSLGKQF,2
TRBV20-1,TRBJ2-1,SASYSLGNEQF,3
TRBV20-1,TRBJ2-1,SASYSLGTAYNEQF,4
TRBV20-1,TRBJ2-1,SASYSLQGNEQF,3
TRBV20-1,TRBJ2-1,SASYSLTGVSYNEQF,1
TRBV20-1,TRBJ2-1,SASYSLYNEQF,1
TRBV20-1,TRBJ2-1,SASYSMGNEQF,1
TRBV20-1,TRBJ2-1,SASYSNEQF,1
TRBV20-1,TRBJ2-1,SASYSNYNEQF,1
TRBV20-1,TRBJ2-1,SASYSPAGGPYNEQF,1
TRBV20-1,TRBJ2-1,SASYSPFNNEQF,1
TRBV20-1,TRBJ2-1,SASYSPLENYEQF,1
TRBV20-1,TRBJ2-1,SASYSPMGYNEQF,1
TRBV20-1,TRBJ2-1,SASYSPNEQF,4
TRBV20-1,TRBJ2-1,SASYSPSPHNEQF,1
TRBV20-1,TRBJ2-1,SASYSPWRGSSYNEQF,1
TRBV20-1,TRBJ2-1,SASYSQSSYNEQF,1
TRBV20-1,TRBJ2-1,SASYSQSYNEQF,1
TRBV20-1,TRBJ2-1,SASYSQVAQF,8
TRBV20-1,TRBJ2-1,SASYSRAGGPSYNEQF,1
TRBV20-1,TRBJ2-1,SASYSRDRRGEDEQF,4
TRBV20-1,TRBJ2-1,SASYSRDSKYNEQF,1
TRBV20-1,TRBJ2-1,SASYSRDSPGVNNEQF,1
TRBV20-1,TRBJ2-1,SASYSRGGNEQF,1
TRBV20-1,TRBJ2-1,SASYSRGHYNEQF,1
TRBV20-1,TRBJ2-1,SASYSRGSNEQF,1
TRBV20-1,TRBJ2-1,SASYSRHYNEQF,1
TRBV20-1,TRBJ2-1,SASYSRLAGGLDEQF,1
TRBV20-1,TRBJ2-1,SASYSRNEQF,1
TRBV20-1,TRBJ2-1,SASYSRQGLSNEQF,1
TRBV20-1,TRBJ2-1,SASYSRRAAYNEQF,1
TRBV20-1,TRBJ2-1,SASYSRRTNEQF,1
TRBV20-1,TRBJ2-1,SASYSRSSYNEQF,1
TRBV20-1,TRBJ2-1,SASYSSALYNEQF,1
TRBV20-1,TRBJ2-1,SASYSSARNNEQF,1
TRBV20-1,TRBJ2-1,SASYSSAYNEQF,1
TRBV20-1,TRBJ2-1,SASYSSGADNEQF,1
TRBV20-1,TRBJ2-1,SASYSSGGYNEQF,1
TRBV20-1,TRBJ2-1,SASYSSGRGNEQF,1
TRBV20-1,TRBJ2-1,SASYSSGRNEQF,1
TRBV20-1,TRBJ2-1,SASYSSGRSYNEQF,1
TRBV20-1,TRBJ2-1,SASYSSGSLYNEQF,4
TRBV20-1,TRBJ2-1,SASYSSGYNEQF,1
TRBV20-1,TRBJ2-1,SASYSSKINEQF,3
TRBV20-1,TRBJ2-1,SASYSSNEQF,1
TRBV20-1,TRBJ2-1,SASYSSSGRSTNEQF,5
TRBV20-1,TRBJ2-1,SASYSSSYNEQF,2
TRBV20-1,TRBJ2-1,SASYSSWDNEQF,1
TRBV20-1,TRBJ2-1,SASYSSYNEQF,8
TRBV20-1,TRBJ2-1,SASYSTSGNEQF,3
TRBV20-1,TRBJ2-1,SASYSTSGNYEQF,2
TRBV20-1,TRBJ2-1,SASYSTSGSYNEQF,1
TRBV20-1,TRBJ2-1,SASYSTSWRLGNEQF,1
TRBV20-1,TRBJ2-1,SASYSTYNEQF,1
TRBV20-1,TRBJ2-1,SASYSVDNEQF,1
TRBV20-1,TRBJ2-1,SASYSVGFSYNEQF,1
TRBV20-1,TRBJ2-1,SASYSVHEQF,1
TRBV20-1,TRBJ2-1,SASYSVLSYNEQF,1
TRBV20-1,TRBJ2-1,SASYSVSPYNEQF,4
TRBV20-1,TRBJ2-1,SASYSWYNEQF,1
TRBV20-1,TRBJ2-1,SASYSYEQF,1
TRBV20-1,TRBJ2-1,SASYSYNEQF,15
TRBV20-1,TRBJ2-1,SASYSYSNNEQF,6
TRBV20-1,TRBJ2-1,SASYTAGYNEQF,1
TRBV20-1,TRBJ2-1,SASYTASVNEQF,1
TRBV20-1,TRBJ2-1,SASYTDEQF,1
TRBV20-1,TRBJ2-1,SASYTDRPYNEQF,2
TRBV20-1,TRBJ2-1,SASYTEQF,2
TRBV20-1,TRBJ2-1,SASYTEYNEQF,1
TRBV20-1,TRBJ2-1,SASYTGAVFSYNEQF,1
TRBV20-1,TRBJ2-1,SASYTGETYNEQF,1
TRBV20-1,TRBJ2-1,SASYTGGSYNEQF,1
TRBV20-1,TRBJ2-1,SASYTGGTYNEQF,1
TRBV20-1,TRBJ2-1,SASYTGGYEQF,1
TRBV20-1,TRBJ2-1,SASYTGGYNEQF,7
TRBV20-1,TRBJ2-1,SASYTGIRSYNEQF,1
TRBV20-1,TRBJ2-1,SASYTGLADNEQF,1
TRBV20-1,TRBJ2-1,SASYTGLTTPNEQF,1
TRBV20-1,TRBJ2-1,SASYTGNEQF,2
TRBV20-1,TRBJ2-1,SASYTGNNNEQF,1
TRBV20-1,TRBJ2-1,SASYTGQHSYNEQF,1
TRBV20-1,TRBJ2-1,SASYTGRRTYNEQF,1
TRBV20-1,TRBJ2-1,SASYTGSPTYNEQF,1
TRBV20-1,TRBJ2-1,SASYTGSYNEQF,1
TRBV20-1,TRBJ2-1,SASYTGTGDNEQF,1
TRBV20-1,TRBJ2-1,SASYTGTGFNEQF,1
TRBV20-1,TRBJ2-1,SASYTGTGVYNEQF,1
TRBV20-1,TRBJ2-1,SASYTGTPYNEQF,1
TRBV20-1,TRBJ2-1,SASYTGTSGGNYNEQF,1
TRBV20-1,TRBJ2-1,SASYTGTSGSDNEQF,1
TRBV20-1,TRBJ2-1,SASYTGVKQF,1
TRBV20-1,TRBJ2-1,SASYTGVSYNEQF,1
TRBV20-1,TRBJ2-1,SASYTLGVNNEQF,3
TRBV20-1,TRBJ2-1,SASYTLNAYNEQF,1
TRBV20-1,TRBJ2-1,SASYTNEQF,2
TRBV20-1,TRBJ2-1,SASYTNLGNEQF,1
TRBV20-1,TRBJ2-1,SASYTNNEQF,1
TRBV20-1,TRBJ2-1,SASYTPNEQF,1
TRBV20-1,TRBJ2-1,SASYTPSGEQF,1
TRBV20-1,TRBJ2-1,SASYTPYNEQF,1
TRBV20-1,TRBJ2-1,SASYTQGVGNEQF,4
TRBV20-1,TRBJ2-1,SASYTQKDEQF,3
TRBV20-1,TRBJ2-1,SASYTRAEQF,5
TRBV20-1,TRBJ2-1,SASYTRGKQF,1
TRBV20-1,TRBJ2-1,SASYTRISYNEQF,1
TRBV20-1,TRBJ2-1,SASYTRRSGSYNEQF,1
TRBV20-1,TRBJ2-1,SASYTSAHNEQF,1
TRBV20-1,TRBJ2-1,SASYTSGAYNEQF,1
TRBV20-1,TRBJ2-1,SASYTSGGFNEQF,1
TRBV20-1,TRBJ2-1,SASYTSGGSYNEQF,1
TRBV20-1,TRBJ2-1,SASYTSGGYNEQF,2
TRBV20-1,TRBJ2-1,SASYTSGINNEQF,1
TRBV20-1,TRBJ2-1,SASYTSGKQF,10
TRBV20-1,TRBJ2-1,SASYTSGKTKYNEQF,1
TRBV20-1,TRBJ2-1,SASYTSGRADEQF,1
TRBV20-1,TRBJ2-1,SASYTSGRAHEQF,1
TRBV20-1,TRBJ2-1,SASYTSGRENEQF,1
TRBV20-1,TRBJ2-1,SASYTSGRFNEQF,1
TRBV20-1,TRBJ2-1,SASYTSGSGNEQF,1
TRBV20-1,TRBJ2-1,SASYTSGSISEQF,1
TRBV20-1,TRBJ2-1,SASYTSGSNEQF,1
TRBV20-1,TRBJ2-1,SASYTSGTNEQF,1
TRBV20-1,TRBJ2-1,SASYTSGYNEQF,2
TRBV20-1,TRBJ2-1,SASYTSSEIYNEQF,1
TRBV20-1,TRBJ2-1,SASYTSSSHNEQF,1
TRBV20-1,TRBJ2-1,SASYTTGGAGNNEQF,1
TRBV20-1,TRBJ2-1,SASYTTRVNEQF,1
TRBV20-1,TRBJ2-1,SASYTTSGRTNNEQF,1
TRBV20-1,TRBJ2-1,SASYTTYNEQF,1
TRBV20-1,TRBJ2-1,SASYTYNEQF,13
TRBV20-1,TRBJ2-1,SASYVAGGNEQF,1
TRBV20-1,TRBJ2-1,SASYVAGGPHNEQF,1
TRBV20-1,TRBJ2-1,SASYVAGGPRYEQF,1
TRBV20-1,TRBJ2-1,SASYVAGGSYNEEF,1
TRBV20-1,TRBJ2-1,SASYVAGPYNEQF,1
TRBV20-1,TRBJ2-1,SASYVATPNNEQF,1
TRBV20-1,TRBJ2-1,SASYVAYNEQF,1
TRBV20-1,TRBJ2-1,SASYVDEQF,4
TRBV20-1,TRBJ2-1,SASYVDNAQF,1
TRBV20-1,TRBJ2-1,SASYVDNEQF,5
TRBV20-1,TRBJ2-1,SASYVEGLSLNEQF,1
TRBV20-1,TRBJ2-1,SASYVGGLAGGDEQF,4
TRBV20-1,TRBJ2-1,SASYVGSSYNEQF,1
TRBV20-1,TRBJ2-1,SASYVIRIVSDEQF,1
TRBV20-1,TRBJ2-1,SASYVLAGADEQF,1
TRBV20-1,TRBJ2-1,SASYVLAYNEQF,1
TRBV20-1,TRBJ2-1,SASYVNEQF,1
TRBV20-1,TRBJ2-1,SASYVPGHEQF,1
TRBV20-1,TRBJ2-1,SASYVPLAGGLIVDEQF,2
TRBV20-1,TRBJ2-1,SASYVQARRPPYNEQF,1
TRBV20-1,TRBJ2-1,SASYVQGHNEQF,1
TRBV20-1,TRBJ2-1,SASYVQPLRDEQF,1
TRBV20-1,TRBJ2-1,SASYVRDEQF,1
TRBV20-1,TRBJ2-1,SASYVRGTSNEQF,1
TRBV20-1,TRBJ2-1,SASYVRTRANEQF,1
TRBV20-1,TRBJ2-1,SASYVSDPRRVPSYNEQF,1
TRBV20-1,TRBJ2-1,SASYVSGPYNEQF,1
TRBV20-1,TRBJ2-1,SASYVSGRAYNEQF,1
TRBV20-1,TRBJ2-1,SASYVTGLAADNEQF,1
TRBV20-1,TRBJ2-1,SASYVTPGRNEQF,1
TRBV20-1,TRBJ2-1,SASYWAGRDNEQF,1
TRBV20-1,TRBJ2-1,SASYWAGTHNEQF,6
TRBV20-1,TRBJ2-1,SASYWDFSYNEQF,1
TRBV20-1,TRBJ2-1,SASYWDPPGSYNEQF,1
TRBV20-1,TRBJ2-1,SASYWDQTNEQF,3
TRBV20-1,TRBJ2-1,SASYWDRGNNEQF,1
TRBV20-1,TRBJ2-1,SASYWDRGVYNEQF,1
TRBV20-1,TRBJ2-1,SASYWENEQF,1
TRBV20-1,TRBJ2-1,SASYWERPTNEQF,3
TRBV20-1,TRBJ2-1,SASYWGESNNEQF,1
TRBV20-1,TRBJ2-1,SASYWGGLNEQF,1
TRBV20-1,TRBJ2-1,SASYWGLAGEGPYNEQF,1
TRBV20-1,TRBJ2-1,SASYWGLSSYNEQF,1
TRBV20-1,TRBJ2-1,SASYWGNYNEQF,1
TRBV20-1,TRBJ2-1,SASYWGQNEQF,1
TRBV20-1,TRBJ2-1,SASYWGTQLHNEQF,1
TRBV20-1,TRBJ2-1,SASYWLAGGSHYNEQF,1
TRBV20-1,TRBJ2-1,SASYWNFNNEQF,2
TRBV20-1,TRBJ2-1,SASYWNNEQF,1
TRBV20-1,TRBJ2-1,SASYWPKSYNEQF,1
TRBV20-1,TRBJ2-1,SASYWREGNEQF,1
TRBV20-1,TRBJ2-1,SASYWSSYNEQF,1
TRBV20-1,TRBJ2-1,SASYWTGGRLVNEKF,1
TRBV20-1,TRBJ2-1,SASYWTSGNEQF,1
TRBV20-1,TRBJ2-1,SASYWTSGRLGKEKF,1
TRBV20-1,TRBJ2-1,SASYWTSGSDNEQF,1
TRBV20-1,TRBJ2-1,SASYWTSGVNEQF,1
TRBV20-1,TRBJ2-1,SASYWTSGYNEQF,1
TRBV20-1,TRBJ2-1,SASYWVNEQF,5
TRBV20-1,TRBJ2-1,SASYYAAYNEQF,1
TRBV20-1,TRBJ2-1,SASYYEQF,1
TRBV20-1,TRBJ2-1,SASYYGLSSYNEQF,1
TRBV20-1,TRBJ2-1,SASYYGLSYNEQF,1
TRBV20-1,TRBJ2-1,SASYYGVRDEQF,1
TRBV20-1,TRBJ2-1,SASYYLLAESSNEQF,1
TRBV20-1,TRBJ2-1,SASYYLTWEHPRGNEQF,1
TRBV20-1,TRBJ2-1,SASYYNEQF,23
TRBV20-1,TRBJ2-1,SASYYPPNNEQF,1
TRBV20-1,TRBJ2-1,SASYYRGDNEQF,1
TRBV20-1,TRBJ2-1,SASYYRGRDADEQF,1
TRBV20-1,TRBJ2-1,SASYYRTSYNEQF,1
TRBV20-1,TRBJ2-1,SASYYSFSYNEQF,1
TRBV20-1,TRBJ2-1,SASYYSGEPYNEQF,1
TRBV20-1,TRBJ2-1,SASYYSGNSYNEQF,1
TRBV20-1,TRBJ2-1,SASYYSGTDEQF,1
TRBV20-1,TRBJ2-1,SASYYSPNEQF,1
TRBV20-1,TRBJ2-1,SASYYSSYNEQF,1
TRBV20-1,TRBJ2-1,SASYYSTGGIDNEQF,1
TRBV20-1,TRBJ2-1,SASYYTSYRDNEQF,1
TRBV20-1,TRBJ2-1,SASYYVWAYNEQF,1
TRBV20-1,TRBJ2-1,SASYYYSSYNEQF,1
TRBV20-1,TRBJ2-1,SATAAAGLNNEQF,1
TRBV20-1,TRBJ2-1,SATAAAGSQF,2
TRBV20-1,TRBJ2-1,SATAAAHNEQF,5
TRBV20-1,TRBJ2-1,SATAAARAGNYNEQF,1
TRBV20-1,TRBJ2-1,SATAADPSSGSYNEQF,1
TRBV20-1,TRBJ2-1,SATAADRAYNEQF,1
TRBV20-1,TRBJ2-1,SATAADRVRNNEQF,1
TRBV20-1,TRBJ2-1,SATAADTSSYNEQF,1
TRBV20-1,TRBJ2-1,SATAAEASYNEQF,1
TRBV20-1,TRBJ2-1,SATAAEGTSMDEQF,1
TRBV20-1,TRBJ2-1,SATAAFRGLYNEQF,1
TRBV20-1,TRBJ2-1,SATAAGDNGNEQF,1
TRBV20-1,TRBJ2-1,SATAAGDSYNEQF,1
TRBV20-1,TRBJ2-1,SATAAGEAYNEQF,6
TRBV20-1,TRBJ2-1,SATAAGETYNEQF,2
TRBV20-1,TRBJ2-1,SATAAGGFYNEQF,3
TRBV20-1,TRBJ2-1,SATAAGGGVGYNEQF,2
TRBV20-1,TRBJ2-1,SATAAGGMGEQF,1
TRBV20-1,TRBJ2-1,SATAAGLAGLNEQF,1
TRBV20-1,TRBJ2-1,SATAAGLAVSSYNEQF,1
TRBV20-1,TRBJ2-1,SATAAGLAYNEQF,1
TRBV20-1,TRBJ2-1,SATAAGPGPNNEQF,1
TRBV20-1,TRBJ2-1,SATAAGPYNEQF,1
TRBV20-1,TRBJ2-1,SATAAGQHDNEQF,1
TRBV20-1,TRBJ2-1,SATAAGQLYNEQF,1
TRBV20-1,TRBJ2-1,SATAAGRSHNEQF,1
TRBV20-1,TRBJ2-1,SATAAGTNHYNEKF,1
TRBV20-1,TRBJ2-1,SATAAGTNHYNEQF,3
TRBV20-1,TRBJ2-1,SATAAGTYNEQF,1
TRBV20-1,TRBJ2-1,SATAAGVANEQF,1
TRBV20-1,TRBJ2-1,SATAAGVNEQF,1
TRBV20-1,TRBJ2-1,SATAAGVWNEQF,1
TRBV20-1,TRBJ2-1,SATAAHEQF,1
TRBV20-1,TRBJ2-1,SATAAKSYNEQF,1
TRBV20-1,TRBJ2-1,SATAALADNEQF,1
TRBV20-1,TRBJ2-1,SATAALAGNYNEQF,1
TRBV20-1,TRBJ2-1,SATAALAGVVNEQF,1
TRBV20-1,TRBJ2-1,SATAALASNEQF,1
TRBV20-1,TRBJ2-1,SATAALNNEQF,1
TRBV20-1,TRBJ2-1,SATAAMYNEQF,1
TRBV20-1,TRBJ2-1,SATAANEQF,1
TRBV20-1,TRBJ2-1,SATAANYNEQF,2
TRBV20-1,TRBJ2-1,SATAAPHEQF,1
TRBV20-1,TRBJ2-1,SATAAPSSYNEQF,1
TRBV20-1,TRBJ2-1,SATAAQKYNEQF,1
TRBV20-1,TRBJ2-1,SATAAQLNEQF,4
TRBV20-1,TRBJ2-1,SATAAQWGRMRNEQF,1
TRBV20-1,TRBJ2-1,SATAARAGGPNNEQF,8
TRBV20-1,TRBJ2-1,SATAARAYNEQF,1
TRBV20-1,TRBJ2-1,SATAARDYYNEQF,1
TRBV20-1,TRBJ2-1,SATAARGDNEQF,1
TRBV20-1,TRBJ2-1,SATAARGGNEQF,1
TRBV20-1,TRBJ2-1,SATAARTSGGHEQF,1
TRBV20-1,TRBJ2-1,SATAASAYNEQF,2
TRBV20-1,TRBJ2-1,SATAASGGWRAVSYNEQF,1
TRBV20-1,TRBJ2-1,SATAASGPFYNEQF,1
TRBV20-1,TRBJ2-1,SATAASGRDEQF,1
TRBV20-1,TRBJ2-1,SATAASGRINNEQF,1
TRBV20-1,TRBJ2-1,SATAASGRPRSYNEQF,1
TRBV20-1,TRBJ2-1,SATAASGRWDEQF,3
TRBV20-1,TRBJ2-1,SATAASGSEYNEQF,1
TRBV20-1,TRBJ2-1,SATAASGTSTYNEQF,1
TRBV20-1,TRBJ2-1,SATAASGVYNEQF,1
TRBV20-1,TRBJ2-1,SATAASGYNEQF,1
TRBV20-1,TRBJ2-1,SATAASHYNEQF,1
TRBV20-1,TRBJ2-1,SATAASPHEQF,4
TRBV20-1,TRBJ2-1,SATAASREHEQF,1
TRBV20-1,TRBJ2-1,SATAASRYNEQF,1
TRBV20-1,TRBJ2-1,SATAASSYNEQF,3
TRBV20-1,TRBJ2-1,SATAASVYNEQF,2
TRBV20-1,TRBJ2-1,SATAASYNEQF,1
TRBV20-1,TRBJ2-1,SATAATGTYNEQF,1
TRBV20-1,TRBJ2-1,SATAATHSSYNEQF,1
TRBV20-1,TRBJ2-1,SATAATNEQF,1
TRBV20-1,TRBJ2-1,SATAATRSSYNEQF,1
TRBV20-1,TRBJ2-1,SATAATTSGTAHNEQF,1
TRBV20-1,TRBJ2-1,SATAATTYNEQF,1
TRBV20-1,TRBJ2-1,SATAATYNEQF,1
TRBV20-1,TRBJ2-1,SATAAVSYNEQF,6
TRBV20-1,TRBJ2-1,SATAAVYNEQF,1
TRBV20-1,TRBJ2-1,SATAAWGGVNEQF,1
TRBV20-1,TRBJ2-1,SATAAYNEQF,1
TRBV20-1,TRBJ2-1,SATADAALNEQF,1
TRBV20-1,TRBJ2-1,SATADATRGNEQF,1
TRBV20-1,TRBJ2-1,SATADDYNEQF,1
TRBV20-1,TRBJ2-1,SATADEQF,2
TRBV20-1,TRBJ2-1,SATADFIFRGFDEQF,1
TRBV20-1,TRBJ2-1,SATADFSGRSQYNEQF,1
TRBV20-1,TRBJ2-1,SATADGGNEQF,1
TRBV20-1,TRBJ2-1,SATADGNGVLNEQF,2
TRBV20-1,TRBJ2-1,SATADGRAAYNEQF,1
TRBV20-1,TRBJ2-1,SATADGYNEQF,1
TRBV20-1,TRBJ2-1,SATADHYNEQF,1
TRBV20-1,TRBJ2-1,SATADISGAEQF,3
TRBV20-1,TRBJ2-1,SATADLSSYNEQF,2
TRBV20-1,TRBJ2-1,SATADLYNEQF,1
TRBV20-1,TRBJ2-1,SATADNEQF,1
TRBV20-1,TRBJ2-1,SATADNYNEQF,1
TRBV20-1,TRBJ2-1,SATADPLAGYRNEQF,1
TRBV20-1,TRBJ2-1,SATADPRNNEQF,1
TRBV20-1,TRBJ2-1,SATADPYNEQF,3
TRBV20-1,TRBJ2-1,SATADRGRRNEQF,1
TRBV20-1,TRBJ2-1,SATADRLAGDIYYYNEQF,1
TRBV20-1,TRBJ2-1,SATADRSYNEQF,1
TRBV20-1,TRBJ2-1,SATADRVYNEQF,1
TRBV20-1,TRBJ2-1,SATADRYNEQF,2
TRBV20-1,TRBJ2-1,SATADRYNVQF,1
TRBV20-1,TRBJ2-1,SATADSAGSLWNEQF,1
TRBV20-1,TRBJ2-1,SATADSLSYNEQF,1
TRBV20-1,TRBJ2-1,SATADSSSYNEQF,1
TRBV20-1,TRBJ2-1,SATADSSYNEQF,1
TRBV20-1,TRBJ2-1,SATADSYNEQF,3
TRBV20-1,TRBJ2-1,SATADTNEQF,1
TRBV20-1,TRBJ2-1,SATADTPTIYNEQF,1
TRBV20-1,TRBJ2-1,SATADTSYNEQF,1
TRBV20-1,TRBJ2-1,SATADTYNEQF,2
TRBV20-1,TRBJ2-1,SATADVMNEQF,3
TRBV20-1,TRBJ2-1,SATADWASSYNEQF,1
TRBV20-1,TRBJ2-1,SATADWAVVYNEQF,1
TRBV20-1,TRBJ2-1,SATADWDEQF,6
TRBV20-1,TRBJ2-1,SATADWPSSYNEQF,1
TRBV20-1,TRBJ2-1,SATADYNEQF,1
TRBV20-1,TRBJ2-1,SATADYSYNEQF,1
TRBV20-1,TRBJ2-1,SATAEAGYNEQF,1
TRBV20-1,TRBJ2-1,SATAEASGTGDNEQF,1
TRBV20-1,TRBJ2-1,SATAEASYNEQF,2
TRBV20-1,TRBJ2-1,SATAEDAQISYNEQF,1
TRBV20-1,TRBJ2-1,SATAEDRRDYNEQF,1
TRBV20-1,TRBJ2-1,SATAEGDEQF,1
TRBV20-1,TRBJ2-1,SATAEGGDEQF,1
TRBV20-1,TRBJ2-1,SATAEGGGNEQF,1
TRBV20-1,TRBJ2-1,SATAEGGLVSSYNEQF,1
TRBV20-1,TRBJ2-1,SATAEGLAVYNEQF,17
TRBV20-1,TRBJ2-1,SATAEGREGNEQF,1
TRBV20-1,TRBJ2-1,SATAEGRYNEQF,1
TRBV20-1,TRBJ2-1,SATAEGYEQF,1
TRBV20-1,TRBJ2-1,SATAEHSYNEQF,1
TRBV20-1,TRBJ2-1,SATAEKDNEQF,5
TRBV20-1,TRBJ2-1,SATAELAGILNEQF,1
TRBV20-1,TRBJ2-1,SATAELAGPYNEQF,8
TRBV20-1,TRBJ2-1,SATAELAYNEQF,1
TRBV20-1,TRBJ2-1,SATAENEQF,1
TRBV20-1,TRBJ2-1,SATAENGQHNEEF,1
TRBV20-1,TRBJ2-1,SATAENGQHNEQF,15
TRBV20-1,TRBJ2-1,SATAEPGLAGGPVNEQF,1
TRBV20-1,TRBJ2-1,SATAEPLDNEQF,1
TRBV20-1,TRBJ2-1,SATAEPSYNEQF,1
TRBV20-1,TRBJ2-1,SATAEQYNEQF,1
TRBV20-1,TRBJ2-1,SATAERGAYNEQF,1
TRBV20-1,TRBJ2-1,SATAERYNEQF,2
TRBV20-1,TRBJ2-1,SATAESKLYNEQF,1
TRBV20-1,TRBJ2-1,SATAESSYNEQF,7
TRBV20-1,TRBJ2-1,SATAETIERNEQF,2
TRBV20-1,TRBJ2-1,SATAEWEQF,1
TRBV20-1,TRBJ2-1,SATAEYNEQF,1
TRBV20-1,TRBJ2-1,SATAFAGPYNEQF,1
TRBV20-1,TRBJ2-1,SATAFERESYNEQF,7
TRBV20-1,TRBJ2-1,SATAFGLAGLPQSVGNEQF,1
TRBV20-1,TRBJ2-1,SATAFGLAVYNEQF,3
TRBV20-1,TRBJ2-1,SATAFGSASYNEQF,1
TRBV20-1,TRBJ2-1,SATAFGVGNEQF,1
TRBV20-1,TRBJ2-1,SATAFILAGTTYNEQF,1
TRBV20-1,TRBJ2-1,SATAFKGLVAGNEQF,1
TRBV20-1,TRBJ2-1,SATAFLAGGLDEQF,1
TRBV20-1,TRBJ2-1,SATAFLNYNEQF,1
TRBV20-1,TRBJ2-1,SATAFNGNEQF,1
TRBV20-1,TRBJ2-1,SATAFPGLFYNEQF,1
TRBV20-1,TRBJ2-1,SATAFQAVYNEQF,1
TRBV20-1,TRBJ2-1,SATAFQGGDEQF,1
TRBV20-1,TRBJ2-1,SATAFQGYNEQF,1
TRBV20-1,TRBJ2-1,SATAFREGPRGNEQF,1
TRBV20-1,TRBJ2-1,SATAFRRYNEQF,1
TRBV20-1,TRBJ2-1,SATAFSGSRYNEQF,1
TRBV20-1,TRBJ2-1,SATAFSYNEQF,1
TRBV20-1,TRBJ2-1,SATAFTGSSYNEQF,1
TRBV20-1,TRBJ2-1,SATAGAALDEQF,1
TRBV20-1,TRBJ2-1,SATAGAANEQF,1
TRBV20-1,TRBJ2-1,SATAGAFYNEQF,2
TRBV20-1,TRBJ2-1,SATAGAGFYEQF,1
TRBV20-1,TRBJ2-1,SATAGAGGIYNEQF,7
TRBV20-1,TRBJ2-1,SATAGAGGKFNEQF,4
TRBV20-1,TRBJ2-1,SATAGAGGLAGYSEQF,2
TRBV20-1,TRBJ2-1,SATAGAGGNNEQF,1
TRBV20-1,TRBJ2-1,SATAGAGGVNEQF,1
TRBV20-1,TRBJ2-1,SATAGAGKDNEQF,1
TRBV20-1,TRBJ2-1,SATAGAGLYNEQF,1
TRBV20-1,TRBJ2-1,SATAGAGNYNEQF,1
TRBV20-1,TRBJ2-1,SATAGAGTYNEQF,3
TRBV20-1,TRBJ2-1,SATAGAGVVDEQF,1
TRBV20-1,TRBJ2-1,SATAGAGYNEQF,2
TRBV20-1,TRBJ2-1,SATAGAGYYNEQF,1
TRBV20-1,TRBJ2-1,SATAGAHEQF,1
TRBV20-1,TRBJ2-1,SATAGALDNEQF,1
TRBV20-1,TRBJ2-1,SATAGALKYNEQF,1
TRBV20-1,TRBJ2-1,SATAGALNNNEQF,1
TRBV20-1,TRBJ2-1,SATAGANEQF,2
TRBV20-1,TRBJ2-1,SATAGANNEQF,1
TRBV20-1,TRBJ2-1,SATAGANTNEQF,1
TRBV20-1,TRBJ2-1,SATAGAPDDNEQF,1
TRBV20-1,TRBJ2-1,SATAGAPLYNEQF,1
TRBV20-1,TRBJ2-1,SATAGASNEQF,3
TRBV20-1,TRBJ2-1,SATAGASSYNEQF,1
TRBV20-1,TRBJ2-1,SATAGASYNEQF,5
TRBV20-1,TRBJ2-1,SATAGATSYNEQF,1
TRBV20-1,TRBJ2-1,SATAGAVNEQF,1
TRBV20-1,TRBJ2-1,SATAGAVYNEQF,1
TRBV20-1,TRBJ2-1,SATAGAYNEQF,8
TRBV20-1,TRBJ2-1,SATAGAYYNEQF,2
TRBV20-1,TRBJ2-1,SATAGDAFGYNEQF,1
TRBV20-1,TRBJ2-1,SATAGDAYNEQF,1
TRBV20-1,TRBJ2-1,SATAGDEQF,2
TRBV20-1,TRBJ2-1,SATAGDFTYEQF,1
TRBV20-1,TRBJ2-1,SATAGDNEQF,4
TRBV20-1,TRBJ2-1,SATAGDPNEQF,3
TRBV20-1,TRBJ2-1,SATAGDPYNEQF,5
TRBV20-1,TRBJ2-1,SATAGDRGLSNEQF,1
TRBV20-1,TRBJ2-1,SATAGDRGYNEQF,1
TRBV20-1,TRBJ2-1,SATAGDSVLDEQF,1
TRBV20-1,TRBJ2-1,SATAGDSYNEQF,10
TRBV20-1,TRBJ2-1,SATAGDVHNEQF,5
TRBV20-1,TRBJ2-1,SATAGDVYNEQF,1
TRBV20-1,TRBJ2-1,SATAGDYNEQF,1
TRBV20-1,TRBJ2-1,SATAGEFDYNEQF,1
TRBV20-1,TRBJ2-1,SATAGEGPYNEQF,1
TRBV20-1,TRBJ2-1,SATAGELIYNEQF,1
TRBV20-1,TRBJ2-1,SATAGELYEQF,3
TRBV20-1,TRBJ2-1,SATAGELYNEQF,2
TRBV20-1,TRBJ2-1,SATAGERLNYNEQF,1
TRBV20-1,TRBJ2-1,SATAGERPYNEQF,1
TRBV20-1,TRBJ2-1,SATAGERWYNEQF,1
TRBV20-1,TRBJ2-1,SATAGESSYNEQF,1
TRBV20-1,TRBJ2-1,SATAGESYNEQF,1
TRBV20-1,TRBJ2-1,SATAGEVWGDNSYNEQF,1
TRBV20-1,TRBJ2-1,SATAGEVYNEQF,1
TRBV20-1,TRBJ2-1,SATAGEYINEQF,1
TRBV20-1,TRBJ2-1,SATAGEYNEQF,1
TRBV20-1,TRBJ2-1,SATAGFFYNEQF,1
TRBV20-1,TRBJ2-1,SATAGFNEQF,1
TRBV20-1,TRBJ2-1,SATAGGALYNEQF,3
TRBV20-1,TRBJ2-1,SATAGGAPTDNEQF,1
TRBV20-1,TRBJ2-1,SATAGGARNEQF,1
TRBV20-1,TRBJ2-1,SATAGGARSYNEQF,1
TRBV20-1,TRBJ2-1,SATAGGAYNEQF,2
TRBV20-1,TRBJ2-1,SATAGGDEQF,3
TRBV20-1,TRBJ2-1,SATAGGDNEQF,7
TRBV20-1,TRBJ2-1,SATAGGDPYNEQF,1
TRBV20-1,TRBJ2-1,SATAGGDYNEQF,3
TRBV20-1,TRBJ2-1,SATAGGENEQF,1
TRBV20-1,TRBJ2-1,SATAGGFDEQF,1
TRBV20-1,TRBJ2-1,SATAGGFYNEQF,1
TRBV20-1,TRBJ2-1,SATAGGGDEQF,1
TRBV20-1,TRBJ2-1,SATAGGGEQF,1
TRBV20-1,TRBJ2-1,SATAGGGGDEQF,1
TRBV20-1,TRBJ2-1,SATAGGGNEQF,3
TRBV20-1,TRBJ2-1,SATAGGGPVDEQF,1
TRBV20-1,TRBJ2-1,SATAGGGQGNEQF,6
TRBV20-1,TRBJ2-1,SATAGGGRTYNEQF,1
TRBV20-1,TRBJ2-1,SATAGGGRWGHNEQF,1
TRBV20-1,TRBJ2-1,SATAGGGSSYNEQF,1
TRBV20-1,TRBJ2-1,SATAGGGTGNEQF,1
TRBV20-1,TRBJ2-1,SATAGGGTYNEQF,1
TRBV20-1,TRBJ2-1,SATAGGGVNEQF,2
TRBV20-1,TRBJ2-1,SATAGGGVVGNEQF,1
TRBV20-1,TRBJ2-1,SATAGGGYNEQF,9
TRBV20-1,TRBJ2-1,SATAGGHNEQF,3
TRBV20-1,TRBJ2-1,SATAGGINEQF,2
TRBV20-1,TRBJ2-1,SATAGGIYNEQF,2
TRBV20-1,TRBJ2-1,SATAGGKPYNEQF,1
TRBV20-1,TRBJ2-1,SATAGGLAGALSYNEQF,1
TRBV20-1,TRBJ2-1,SATAGGLDEQF,2
TRBV20-1,TRBJ2-1,SATAGGLGNEQF,2
TRBV20-1,TRBJ2-1,SATAGGLHDNEQF,1
TRBV20-1,TRBJ2-1,SATAGGLNEQF,1
TRBV20-1,TRBJ2-1,SATAGGLRNEQF,4
TRBV20-1,TRBJ2-1,SATAGGLYNEQF,7
TRBV20-1,TRBJ2-1,SATAGGNDEQF,1
TRBV20-1,TRBJ2-1,SATAGGNEQF,6
TRBV20-1,TRBJ2-1,SATAGGNTNEQF,1
TRBV20-1,TRBJ2-1,SATAGGNYNEQF,1
TRBV20-1,TRBJ2-1,SATAGGPARNEQF,1
TRBV20-1,TRBJ2-1,SATAGGPASYNEQF,1
TRBV20-1,TRBJ2-1,SATAGGPDEQF,2
TRBV20-1,TRBJ2-1,SATAGGPGEQF,1
TRBV20-1,TRBJ2-1,SATAGGPGNEQF,2
TRBV20-1,TRBJ2-1,SATAGGPGSYNEQF,1
TRBV20-1,TRBJ2-1,SATAGGPHEQF,3
TRBV20-1,TRBJ2-1,SATAGGPHNEQF,1
TRBV20-1,TRBJ2-1,SATAGGPIFNEQF,1
TRBV20-1,TRBJ2-1,SATAGGPLNEQF,1
TRBV20-1,TRBJ2-1,SATAGGPLSYNEQF,1
TRBV20-1,TRBJ2-1,SATAGGPNEQF,7
TRBV20-1,TRBJ2-1,SATAGGPNNEQF,4
TRBV20-1,TRBJ2-1,SATAGGPRNEQF,7
TRBV20-1,TRBJ2-1,SATAGGPSSYNEQF,2
TRBV20-1,TRBJ2-1,SATAGGPSYNEQF,5
TRBV20-1,TRBJ2-1,SATAGGPWNEQF,1
TRBV20-1,TRBJ2-1,SATAGGPYEQF,1
TRBV20-1,TRBJ2-1,SATAGGPYNEQF,9
TRBV20-1,TRBJ2-1,SATAGGQNNEQF,1
TRBV20-1,TRBJ2-1,SATAGGQSWGIDEYYNEQF,1
TRBV20-1,TRBJ2-1,SATAGGQYNEQF,1
TRBV20-1,TRBJ2-1,SATAGGRAVNEQF,1
TRBV20-1,TRBJ2-1,SATAGGRDEQF,2
TRBV20-1,TRBJ2-1,SATAGGRDNEQF,1
TRBV20-1,TRBJ2-1,SATAGGRFSNEQF,1
TRBV20-1,TRBJ2-1,SATAGGRGEQF,7
TRBV20-1,TRBJ2-1,SATAGGRGEQS,1
TRBV20-1,TRBJ2-1,SATAGGRHEQF,4
TRBV20-1,TRBJ2-1,SATAGGRNEQF,3
TRBV20-1,TRBJ2-1,SATAGGRQNEQF,1
TRBV20-1,TRBJ2-1,SATAGGRSYNEQF,2
TRBV20-1,TRBJ2-1,SATAGGRYNEQF,1
TRBV20-1,TRBJ2-1,SATAGGSDEQF,1
TRBV20-1,TRBJ2-1,SATAGGSDINEQF,6
TRBV20-1,TRBJ2-1,SATAGGSDYNEQF,1
TRBV20-1,TRBJ2-1,SATAGGSFNRYNEQF,1
TRBV20-1,TRBJ2-1,SATAGGSGGYNEQF,1
TRBV20-1,TRBJ2-1,SATAGGSGRDEQF,1
TRBV20-1,TRBJ2-1,SATAGGSHEQF,1
TRBV20-1,TRBJ2-1,SATAGGSLDEQF,1
TRBV20-1,TRBJ2-1,SATAGGSQNEQF,1
TRBV20-1,TRBJ2-1,SATAGGSSYNEQF,4
TRBV20-1,TRBJ2-1,SATAGGSYNEQF,8
TRBV20-1,TRBJ2-1,SATAGGTHNEQF,1
TRBV20-1,TRBJ2-1,SATAGGTLNEQF,1
TRBV20-1,TRBJ2-1,SATAGGTPRDYNEQF,1
TRBV20-1,TRBJ2-1,SATAGGTSGRAWDEQF,1
TRBV20-1,TRBJ2-1,SATAGGTYNEQF,3
TRBV20-1,TRBJ2-1,SATAGGVGAYNEQF,1
TRBV20-1,TRBJ2-1,SATAGGVKNEQF,1
TRBV20-1,TRBJ2-1,SATAGGVNEQF,1
TRBV20-1,TRBJ2-1,SATAGGVQGEQF,1
TRBV20-1,TRBJ2-1,SATAGGWGNEQF,1
TRBV20-1,TRBJ2-1,SATAGGWYNEQF,1
TRBV20-1,TRBJ2-1,SATAGGYEQF,1
TRBV20-1,TRBJ2-1,SATAGGYNEQF,18
TRBV20-1,TRBJ2-1,SATAGGYNNEQF,1
TRBV20-1,TRBJ2-1,SATAGGYYNEQF,1
TRBV20-1,TRBJ2-1,SATAGHEQF,2
TRBV20-1,TRBJ2-1,SATAGHNEQF,2
TRBV20-1,TRBJ2-1,SATAGHPYNEQF,1
TRBV20-1,TRBJ2-1,SATAGHYNEQF,2
TRBV20-1,TRBJ2-1,SATAGINEQF,1
TRBV20-1,TRBJ2-1,SATAGIPFNEQF,1
TRBV20-1,TRBJ2-1,SATAGISYNEQF,3
TRBV20-1,TRBJ2-1,SATAGIYEQF,1
TRBV20-1,TRBJ2-1,SATAGIYNEQF,1
TRBV20-1,TRBJ2-1,SATAGKGDEQF,4
TRBV20-1,TRBJ2-1,SATAGKGYYNEQF,1
TRBV20-1,TRBJ2-1,SATAGKYNEQF,4
TRBV20-1,TRBJ2-1,SATAGLAAHSYNEQF,1
TRBV20-1,TRBJ2-1,SATAGLAANEQF,1
TRBV20-1,TRBJ2-1,SATAGLADYNEQF,2
TRBV20-1,TRBJ2-1,SATAGLAGAWQF,3
TRBV20-1,TRBJ2-1,SATAGLAGAYNEQF,1
TRBV20-1,TRBJ2-1,SATAGLAGDEQF,1
TRBV20-1,TRBJ2-1,SATAGLAGDLFRSYNEQF,1
TRBV20-1,TRBJ2-1,SATAGLAGFYNEQF,1
TRBV20-1,TRBJ2-1,SATAGLAGGDNEQF,1
TRBV20-1,TRBJ2-1,SATAGLAGGSGSYNEQF,1
TRBV20-1,TRBJ2-1,SATAGLAGGYSSYNEQF,1
TRBV20-1,TRBJ2-1,SATAGLAGHNEQF,1
TRBV20-1,TRBJ2-1,SATAGLAGNEQF,3
TRBV20-1,TRBJ2-1,SATAGLAGRLNEQF,1
TRBV20-1,TRBJ2-1,SATAGLAGRWEGNEQF,1
TRBV20-1,TRBJ2-1,SATAGLAGSQSSYNEQF,1
TRBV20-1,TRBJ2-1,SATAGLAGTSSYNEQF,1
TRBV20-1,TRBJ2-1,SATAGLAGVSSYNEQF,1
TRBV20-1,TRBJ2-1,SATAGLAIPRSNEQF,1
TRBV20-1,TRBJ2-1,SATAGLANNEQF,1
TRBV20-1,TRBJ2-1,SATAGLAQGEQF,1
TRBV20-1,TRBJ2-1,SATAGLAVYNEQF,2
TRBV20-1,TRBJ2-1,SATAGLAYLEGF,2
TRBV20-1,TRBJ2-1,SATAGLAYNEQF,2
TRBV20-1,TRBJ2-1,SATAGLEYNEQF,3
TRBV20-1,TRBJ2-1,SATAGLFNEQF,1
TRBV20-1,TRBJ2-1,SATAGLGAYNEQF,1
TRBV20-1,TRBJ2-1,SATAGLGLANYNEQF,1
TRBV20-1,TRBJ2-1,SATAGLGRYNEQF,1
TRBV20-1,TRBJ2-1,SATAGLGSGRPTYNEQF,1
TRBV20-1,TRBJ2-1,SATAGLGTNEQF,2
TRBV20-1,TRBJ2-1,SATAGLIVVNEQF,7
TRBV20-1,TRBJ2-1,SATAGLIYNEQF,1
TRBV20-1,TRBJ2-1,SATAGLLNEQF,17
TRBV20-1,TRBJ2-1,SATAGLLTYNEQF,1
TRBV20-1,TRBJ2-1,SATAGLMNEQF,1
TRBV20-1,TRBJ2-1,SATAGLNEQF,7
TRBV20-1,TRBJ2-1,SATAGLPSSYNEQF,9
TRBV20-1,TRBJ2-1,SATAGLPYNEQF,1
TRBV20-1,TRBJ2-1,SATAGLSSYNEQF,1
TRBV20-1,TRBJ2-1,SATAGLSYNEQF,1
TRBV20-1,TRBJ2-1,SATAGLVLYNEQF,1
TRBV20-1,TRBJ2-1,SATAGLVNEQF,1
TRBV20-1,TRBJ2-1,SATAGLYNEQF,4
TRBV20-1,TRBJ2-1,SATAGMAYNEQF,1
TRBV20-1,TRBJ2-1,SATAGNAYNEQF,1
TRBV20-1,TRBJ2-1,SATAGNEQF,14
TRBV20-1,TRBJ2-1,SATAGNFYNEQF,1
TRBV20-1,TRBJ2-1,SATAGNNEQF,3
TRBV20-1,TRBJ2-1,SATAGNSYNEQF,1
TRBV20-1,TRBJ2-1,SATAGNYNEQF,2
TRBV20-1,TRBJ2-1,SATAGPGGFHSYNEQF,1
TRBV20-1,TRBJ2-1,SATAGPHYNEQF,1
TRBV20-1,TRBJ2-1,SATAGPIQNEQF,1
TRBV20-1,TRBJ2-1,SATAGPIVVNEQF,1
TRBV20-1,TRBJ2-1,SATAGPKYNEQF,5
TRBV20-1,TRBJ2-1,SATAGPKYSEQF,1
TRBV20-1,TRBJ2-1,SATAGPLYNEQF,4
TRBV20-1,TRBJ2-1,SATAGPMDEQF,1
TRBV20-1,TRBJ2-1,SATAGPNEQF,2
TRBV20-1,TRBJ2-1,SATAGPSLSYNEQF,1
TRBV20-1,TRBJ2-1,SATAGPSRGKVNEQF,1
TRBV20-1,TRBJ2-1,SATAGPSSYNEQF,1
TRBV20-1,TRBJ2-1,SATAGPSVSYNEQF,1
TRBV20-1,TRBJ2-1,SATAGPSYNEQF,1
TRBV20-1,TRBJ2-1,SATAGPTYNEQF,2
TRBV20-1,TRBJ2-1,SATAGPVNEQF,1
TRBV20-1,TRBJ2-1,SATAGPYNEQF,12
TRBV20-1,TRBJ2-1,SATAGQGANEQF,1
TRBV20-1,TRBJ2-1,SATAGQGPWNEQF,1
TRBV20-1,TRBJ2-1,SATAGQGQFSSYNEQF,1
TRBV20-1,TRBJ2-1,SATAGQGRYNEQF,3
TRBV20-1,TRBJ2-1,SATAGQGVGNEQF,1
TRBV20-1,TRBJ2-1,SATAGQGYNEQF,2
TRBV20-1,TRBJ2-1,SATAGQLLADSRNEQF,1
TRBV20-1,TRBJ2-1,SATAGRAGYNEQF,5
TRBV20-1,TRBJ2-1,SATAGRASNEQF,2
TRBV20-1,TRBJ2-1,SATAGRASSYNEQF,1
TRBV20-1,TRBJ2-1,SATAGRAVDEQF,1
TRBV20-1,TRBJ2-1,SATAGRAYGEQF,1
TRBV20-1,TRBJ2-1,SATAGRAYNEQF,1
TRBV20-1,TRBJ2-1,SATAGRDRIYNEQF,1
TRBV20-1,TRBJ2-1,SATAGREQF,1
TRBV20-1,TRBJ2-1,SATAGRERGVDEQF,1
TRBV20-1,TRBJ2-1,SATAGRFSYNEQF,1
TRBV20-1,TRBJ2-1,SATAGRGADEQF,1
TRBV20-1,TRBJ2-1,SATAGRGGSKVNEQF,1
TRBV20-1,TRBJ2-1,SATAGRGRNEQF,1
TRBV20-1,TRBJ2-1,SATAGRGYYNEQF,1
TRBV20-1,TRBJ2-1,SATAGRHYNEQF,3
TRBV20-1,TRBJ2-1,SATAGRNEQF,1
TRBV20-1,TRBJ2-1,SATAGRPGNEQF,1
TRBV20-1,TRBJ2-1,SATAGRPYNEQF,1
TRBV20-1,TRBJ2-1,SATAGRRHNEQF,1
TRBV20-1,TRBJ2-1,SATAGRSFYNEQF,2
TRBV20-1,TRBJ2-1,SATAGRSSYNEQF,5
TRBV20-1,TRBJ2-1,SATAGRSYNEQF,3
TRBV20-1,TRBJ2-1,SATAGRTNEQF,1
TRBV20-1,TRBJ2-1,SATAGSAAQF,4
TRBV20-1,TRBJ2-1,SATAGSASNEQF,7
TRBV20-1,TRBJ2-1,SATAGSDNEQF,1
TRBV20-1,TRBJ2-1,SATAGSFLNEQF,1
TRBV20-1,TRBJ2-1,SATAGSGYNEQF,2
TRBV20-1,TRBJ2-1,SATAGSIGVANEQF,1
TRBV20-1,TRBJ2-1,SATAGSNEQF,13
TRBV20-1,TRBJ2-1,SATAGSPLSSYNEQF,1
TRBV20-1,TRBJ2-1,SATAGSRSYNEQF,1
TRBV20-1,TRBJ2-1,SATAGSSAYNEQF,1
TRBV20-1,TRBJ2-1,SATAGSSSYNEQF,1
TRBV20-1,TRBJ2-1,SATAGSSYNEQF,18
TRBV20-1,TRBJ2-1,SATAGSTHEQF,1
TRBV20-1,TRBJ2-1,SATAGSTYNEQF,1
TRBV20-1,TRBJ2-1,SATAGSYNEQF,9
TRBV20-1,TRBJ2-1,SATAGSYYSYGEQF,1
TRBV20-1,TRBJ2-1,SATAGTADYNEQF,3
TRBV20-1,TRBJ2-1,SATAGTALNEQF,1
TRBV20-1,TRBJ2-1,SATAGTARGSSYNEQF,1
TRBV20-1,TRBJ2-1,SATAGTASNEQF,1
TRBV20-1,TRBJ2-1,SATAGTAYNEQF,2
TRBV20-1,TRBJ2-1,SATAGTDAGNEQF,1
TRBV20-1,TRBJ2-1,SATAGTFTYNEQF,13
TRBV20-1,TRBJ2-1,SATAGTGAYNEQF,2
TRBV20-1,TRBJ2-1,SATAGTGFRGKLNEQF,1
TRBV20-1,TRBJ2-1,SATAGTGGFYNEQF,1
TRBV20-1,TRBJ2-1,SATAGTGGGLNNEQF,1
TRBV20-1,TRBJ2-1,SATAGTGGINEQF,1
TRBV20-1,TRBJ2-1,SATAGTGGYNEQF,3
TRBV20-1,TRBJ2-1,SATAGTGKRNEQF,1
TRBV20-1,TRBJ2-1,SATAGTGLRGNEQF,1
TRBV20-1,TRBJ2-1,SATAGTGPDNEQF,1
TRBV20-1,TRBJ2-1,SATAGTGRINEQF,1
TRBV20-1,TRBJ2-1,SATAGTGSANEQF,1
TRBV20-1,TRBJ2-1,SATAGTGSGNEQF,1
TRBV20-1,TRBJ2-1,SATAGTGTPGQF,1
TRBV20-1,TRBJ2-1,SATAGTGVDEQF,1
TRBV20-1,TRBJ2-1,SATAGTGVNEQF,1
TRBV20-1,TRBJ2-1,SATAGTGVRNEQF,1
TRBV20-1,TRBJ2-1,SATAGTGVSGSSYNEQF,3
TRBV20-1,TRBJ2-1,SATAGTGWNEQF,1
TRBV20-1,TRBJ2-1,SATAGTGYNEQF,8
TRBV20-1,TRBJ2-1,SATAGTGYNGQF,2
TRBV20-1,TRBJ2-1,SATAGTHEQF,1
TRBV20-1,TRBJ2-1,SATAGTIEQF,2
TRBV20-1,TRBJ2-1,SATAGTKYNEQF,1
TRBV20-1,TRBJ2-1,SATAGTLGSEQF,4
TRBV20-1,TRBJ2-1,SATAGTLYNEQF,2
TRBV20-1,TRBJ2-1,SATAGTNSYNEQF,1
TRBV20-1,TRBJ2-1,SATAGTPGYNEQF,1
TRBV20-1,TRBJ2-1,SATAGTPLNEQF,1
TRBV20-1,TRBJ2-1,SATAGTPNNEQF,2
TRBV20-1,TRBJ2-1,SATAGTPS,1
TRBV20-1,TRBJ2-1,SATAGTPYNEQF,1
TRBV20-1,TRBJ2-1,SATAGTRGNEQF,1
TRBV20-1,TRBJ2-1,SATAGTRKNEQF,2
TRBV20-1,TRBJ2-1,SATAGTRKYNEQF,1
TRBV20-1,TRBJ2-1,SATAGTRNEQF,1
TRBV20-1,TRBJ2-1,SATAGTRPYNEQF,1
TRBV20-1,TRBJ2-1,SATAGTRRYNEQF,1
TRBV20-1,TRBJ2-1,SATAGTRSYNEQF,3
TRBV20-1,TRBJ2-1,SATAGTRTYNEQF,1
TRBV20-1,TRBJ2-1,SATAGTRYNEQF,2
TRBV20-1,TRBJ2-1,SATAGTSASNEQF,1
TRBV20-1,TRBJ2-1,SATAGTSDNEQF,1
TRBV20-1,TRBJ2-1,SATAGTSDSYNEQF,1
TRBV20-1,TRBJ2-1,SATAGTSEAYNEQF,1
TRBV20-1,TRBJ2-1,SATAGTSEMYNEQF,1
TRBV20-1,TRBJ2-1,SATAGTSFYEQF,1
TRBV20-1,TRBJ2-1,SATAGTSGAYNEQF,1
TRBV20-1,TRBJ2-1,SATAGTSGGSYNEQF,1
TRBV20-1,TRBJ2-1,SATAGTSGGVDNEQF,1
TRBV20-1,TRBJ2-1,SATAGTSGHNAQF,1
TRBV20-1,TRBJ2-1,SATAGTSGHNEQC,2
TRBV20-1,TRBJ2-1,SATAGTSGHNEQF,58
TRBV20-1,TRBJ2-1,SATAGTSGHNGQF,1
TRBV20-1,TRBJ2-1,SATAGTSGI,2
TRBV20-1,TRBJ2-1,SATAGTSGILGYNEQF,1
TRBV20-1,TRBJ2-1,SATAGTSGLSSYNEQF,1
TRBV20-1,TRBJ2-1,SATAGTSGNEQF,1
TRBV20-1,TRBJ2-1,SATAGTSGRANNEQF,1
TRBV20-1,TRBJ2-1,SATAGTSGRARNEQF,1
TRBV20-1,TRBJ2-1,SATAGTSGRAYNEQF,1
TRBV20-1,TRBJ2-1,SATAGTSGRHEQF,1
TRBV20-1,TRBJ2-1,SATAGTSGRLFEQF,2
TRBV20-1,TRBJ2-1,SATAGTSGRNEQF,2
TRBV20-1,TRBJ2-1,SATAGTSGRYNEQF,1
TRBV20-1,TRBJ2-1,SATAGTSGRYSYNEQF,1
TRBV20-1,TRBJ2-1,SATAGTSGSFHNEQF,1
TRBV20-1,TRBJ2-1,SATAGTSGSGRSNEQF,1
TRBV20-1,TRBJ2-1,SATAGTSGSLGNEQF,1
TRBV20-1,TRBJ2-1,SATAGTSGSNEQF,1
TRBV20-1,TRBJ2-1,SATAGTSGSPSNEQF,2
TRBV20-1,TRBJ2-1,SATAGTSGSSPYNEQF,1
TRBV20-1,TRBJ2-1,SATAGTSGSYNEQF,2
TRBV20-1,TRBJ2-1,SATAGTSGTYNEQF,1
TRBV20-1,TRBJ2-1,SATAGTSGYNEQF,12
TRBV20-1,TRBJ2-1,SATAGTSIDEQF,1
TRBV20-1,TRBJ2-1,SATAGTSINEQF,4
TRBV20-1,TRBJ2-1,SATAGTSKEF,4
TRBV20-1,TRBJ2-1,SATAGTSKNEQF,1
TRBV20-1,TRBJ2-1,SATAGTSLNEQF,1
TRBV20-1,TRBJ2-1,SATAGTSPFNEQF,1
TRBV20-1,TRBJ2-1,SATAGTSPYNEQF,1
TRBV20-1,TRBJ2-1,SATAGTSRNEQF,3
TRBV20-1,TRBJ2-1,SATAGTSRNNEQF,1
TRBV20-1,TRBJ2-1,SATAGTSRRLPYNEQF,1
TRBV20-1,TRBJ2-1,SATAGTSSSYNEQF,1
TRBV20-1,TRBJ2-1,SATAGTSSYNEQF,5
TRBV20-1,TRBJ2-1,SATAGTSTRDEQF,1
TRBV20-1,TRBJ2-1,SATAGTSTYNEQF,1
TRBV20-1,TRBJ2-1,SATAGTSVDPRTYNEQF,1
TRBV20-1,TRBJ2-1,SATAGTSVNEQF,1
TRBV20-1,TRBJ2-1,SATAGTSVSYNEQF,1
TRBV20-1,TRBJ2-1,SATAGTSWKRAYNEQF,1
TRBV20-1,TRBJ2-1,SATAGTTAYNEQF,1
TRBV20-1,TRBJ2-1,SATAGTTPSAPSPNEQF,1
TRBV20-1,TRBJ2-1,SATAGTTSLNEQF,1
TRBV20-1,TRBJ2-1,SATAGTTSYNEQF,8
TRBV20-1,TRBJ2-1,SATAGTTVPNEQF,1
TRBV20-1,TRBJ2-1,SATAGTVIYNEQF,1
TRBV20-1,TRBJ2-1,SATAGTVNNEQF,2
TRBV20-1,TRBJ2-1,SATAGTYNEQF,6
TRBV20-1,TRBJ2-1,SATAGTYTYNEQF,1
TRBV20-1,TRBJ2-1,SATAGVAGVYNEQF,1
TRBV20-1,TRBJ2-1,SATAGVGFNEQF,1
TRBV20-1,TRBJ2-1,SATAGVGNEQF,6
TRBV20-1,TRBJ2-1,SATAGVGYNEQF,5
TRBV20-1,TRBJ2-1,SATAGVHHNSYNEQF,1
TRBV20-1,TRBJ2-1,SATAGVLNEQF,1
TRBV20-1,TRBJ2-1,SATAGVLNNEQF,1
TRBV20-1,TRBJ2-1,SATAGVNEQF,1
TRBV20-1,TRBJ2-1,SATAGVNNEQF,1
TRBV20-1,TRBJ2-1,SATAGVNYNEQF,1
TRBV20-1,TRBJ2-1,SATAGVRAYNEQF,1
TRBV20-1,TRBJ2-1,SATAGVRNEQF,2
TRBV20-1,TRBJ2-1,SATAGVRYNEQF,3
TRBV20-1,TRBJ2-1,SATAGVSDEQF,1
TRBV20-1,TRBJ2-1,SATAGVSHSNEQF,1
TRBV20-1,TRBJ2-1,SATAGVSNEQF,1
TRBV20-1,TRBJ2-1,SATAGVSSYNEQF,3
TRBV20-1,TRBJ2-1,SATAGVSYNEQF,7
TRBV20-1,TRBJ2-1,SATAGVVPNEQF,1
TRBV20-1,TRBJ2-1,SATAGVYEQF,1
TRBV20-1,TRBJ2-1,SATAGVYNEHF,1
TRBV20-1,TRBJ2-1,SATAGVYNEQF,15
TRBV20-1,TRBJ2-1,SATAGWAGGHYNEQF,1
TRBV20-1,TRBJ2-1,SATAGWANEQF,1
TRBV20-1,TRBJ2-1,SATAGWAYNEQF,1
TRBV20-1,TRBJ2-1,SATAGWDSEQF,1
TRBV20-1,TRBJ2-1,SATAGWGANEQF,2
TRBV20-1,TRBJ2-1,SATAGWGLAGRTSYNEQF,1
TRBV20-1,TRBJ2-1,SATAGWGSAVNEQF,1
TRBV20-1,TRBJ2-1,SATAGWNEQF,2
TRBV20-1,TRBJ2-1,SATAGWSYNEQF,1
TRBV20-1,TRBJ2-1,SATAGYEQF,3
TRBV20-1,TRBJ2-1,SATAGYNEQF,3
TRBV20-1,TRBJ2-1,SATAHAGGFYNEQF,1
TRBV20-1,TRBJ2-1,SATAHDNEQF,1
TRBV20-1,TRBJ2-1,SATAHEQF,1
TRBV20-1,TRBJ2-1,SATAHGAGSYNEQF,1
TRBV20-1,TRBJ2-1,SATAHGGSYNEQF,1
TRBV20-1,TRBJ2-1,SATAHGHSYNEQF,1
TRBV20-1,TRBJ2-1,SATAHGLAGEGSYNEQF,1
TRBV20-1,TRBJ2-1,SATAHGQYNEQF,1
TRBV20-1,TRBJ2-1,SATAHLLRFSSYNEQF,1
TRBV20-1,TRBJ2-1,SATAHRDRNYNEQF,5
TRBV20-1,TRBJ2-1,SATAHSGSLHEQF,1
TRBV20-1,TRBJ2-1,SATAHSSYNEQF,1
TRBV20-1,TRBJ2-1,SATAHTYNEQF,1
TRBV20-1,TRBJ2-1,SATAHYQTPSSYNEQF,1
TRBV20-1,TRBJ2-1,SATAIAGEKYNEQF,1
TRBV20-1,TRBJ2-1,SATAIAGGTYNEQF,1
TRBV20-1,TRBJ2-1,SATAIAVTYNEQF,5
TRBV20-1,TRBJ2-1,SATAIDEQF,1
TRBV20-1,TRBJ2-1,SATAIDNEQF,1
TRBV20-1,TRBJ2-1,SATAIEQGMNEQF,1
TRBV20-1,TRBJ2-1,SATAIGRFYNEQF,1
TRBV20-1,TRBJ2-1,SATAIGSYYNEQF,1
TRBV20-1,TRBJ2-1,SATAIIAGAIYNEQF,1
TRBV20-1,TRBJ2-1,SATAIIMGSLSNEQF,1
TRBV20-1,TRBJ2-1,SATAILDNEQF,1
TRBV20-1,TRBJ2-1,SATAILSSGTRDEQF,1
TRBV20-1,TRBJ2-1,SATAIPGLHDNEQF,2
TRBV20-1,TRBJ2-1,SATAIRDVDNEQF,1
TRBV20-1,TRBJ2-1,SATAISYNEQF,1
TRBV20-1,TRBJ2-1,SATAITPPYNEQF,1
TRBV20-1,TRBJ2-1,SATAIVSGGNEQF,1
TRBV20-1,TRBJ2-1,SATAKGGLARNEQF,1
TRBV20-1,TRBJ2-1,SATAKGNEQF,5
TRBV20-1,TRBJ2-1,SATAKGTSGPSGGPYNEQF,1
TRBV20-1,TRBJ2-1,SATAKNEQF,3
TRBV20-1,TRBJ2-1,SATAKRSYNEQF,1
TRBV20-1,TRBJ2-1,SATAKSGPIYNEQF,1
TRBV20-1,TRBJ2-1,SATALAASSYNEQF,2
TRBV20-1,TRBJ2-1,SATALAASYNEQF,2
TRBV20-1,TRBJ2-1,SATALAAWSYNEQF,1
TRBV20-1,TRBJ2-1,SATALAFYNEQF,1
TRBV20-1,TRBJ2-1,SATALAGAPYNEQF,1
TRBV20-1,TRBJ2-1,SATALAGASYNEQF,1
TRBV20-1,TRBJ2-1,SATALAGDGNEQF,1
TRBV20-1,TRBJ2-1,SATALAGEVNEQF,1
TRBV20-1,TRBJ2-1,SATALAGFYNEQF,1
TRBV20-1,TRBJ2-1,SATALAGGEDEQF,1
TRBV20-1,TRBJ2-1,SATALAGGFDEQF,1
TRBV20-1,TRBJ2-1,SATALAGGGLRNEQF,3
TRBV20-1,TRBJ2-1,SATALAGGGNEQF,1
TRBV20-1,TRBJ2-1,SATALAGGGYNEQF,1
TRBV20-1,TRBJ2-1,SATALAGGHSDYNEQF,1
TRBV20-1,TRBJ2-1,SATALAGGNNEQF,2
TRBV20-1,TRBJ2-1,SATALAGGPFYNEQF,1
TRBV20-1,TRBJ2-1,SATALAGGPSEQF,8
TRBV20-1,TRBJ2-1,SATALAGGRNEQF,1
TRBV20-1,TRBJ2-1,SATALAGGRSSYNEQF,1
TRBV20-1,TRBJ2-1,SATALAGGSNEQF,1
TRBV20-1,TRBJ2-1,SATALAGGYNEQF,1
TRBV20-1,TRBJ2-1,SATALAGILNEQF,3
TRBV20-1,TRBJ2-1,SATALAGIYNEQF,1
TRBV20-1,TRBJ2-1,SATALAGKGDNEQF,1
TRBV20-1,TRBJ2-1,SATALAGLAYSEQF,5
TRBV20-1,TRBJ2-1,SATALAGLSYNEQF,1
TRBV20-1,TRBJ2-1,SATALAGNRNEQF,1
TRBV20-1,TRBJ2-1,SATALAGNYNEQF,1
TRBV20-1,TRBJ2-1,SATALAGPFQF,1
TRBV20-1,TRBJ2-1,SATALAGPSSYNEQF,1
TRBV20-1,TRBJ2-1,SATALAGPSYNEQF,1
TRBV20-1,TRBJ2-1,SATALAGRSYNEQF,1
TRBV20-1,TRBJ2-1,SATALAGSGNEQF,1
TRBV20-1,TRBJ2-1,SATALAGSYSEQF,1
TRBV20-1,TRBJ2-1,SATALAGVDNEQF,7
TRBV20-1,TRBJ2-1,SATALAGVSYNEQF,1
TRBV20-1,TRBJ2-1,SATALAGVYEQF,1
TRBV20-1,TRBJ2-1,SATALAGVYNEQF,1
TRBV20-1,TRBJ2-1,SATALAGYNEQF,2
TRBV20-1,TRBJ2-1,SATALALSSYNEQF,1
TRBV20-1,TRBJ2-1,SATALARRREQF,3
TRBV20-1,TRBJ2-1,SATALASLGAYNEQF,1
TRBV20-1,TRBJ2-1,SATALATNEHF,1
TRBV20-1,TRBJ2-1,SATALATNEQF,2
TRBV20-1,TRBJ2-1,SATALAVSYNEQF,1
TRBV20-1,TRBJ2-1,SATALAYGSYNEQF,4
TRBV20-1,TRBJ2-1,SATALAYNEQF,1
TRBV20-1,TRBJ2-1,SATALDGGRGNEQL,1
TRBV20-1,TRBJ2-1,SATALDHNEQF,1
TRBV20-1,TRBJ2-1,SATALDNSNEQF,1
TRBV20-1,TRBJ2-1,SATALEGVFQISYNEQF,1
TRBV20-1,TRBJ2-1,SATALETNEQF,1
TRBV20-1,TRBJ2-1,SATALETYNNEQF,1
TRBV20-1,TRBJ2-1,SATALFADTYNEQF,1
TRBV20-1,TRBJ2-1,SATALGAAYNEQF,1
TRBV20-1,TRBJ2-1,SATALGASSYNEQF,2
TRBV20-1,TRBJ2-1,SATALGEDYNEQF,1
TRBV20-1,TRBJ2-1,SATALGGGTYNEQF,1
TRBV20-1,TRBJ2-1,SATALGGLAGGRNEQF,1
TRBV20-1,TRBJ2-1,SATALGGSSYNEQF,8
TRBV20-1,TRBJ2-1,SATALGIDEQF,1
TRBV20-1,TRBJ2-1,SATALGLGSYNEQF,1
TRBV20-1,TRBJ2-1,SATALGRGAYNEQF,1
TRBV20-1,TRBJ2-1,SATALGTGPVNEQF,1
TRBV20-1,TRBJ2-1,SATALGTGYYNEQF,1
TRBV20-1,TRBJ2-1,SATALGTSVDEQF,1
TRBV20-1,TRBJ2-1,SATALGTYNEQF,1
TRBV20-1,TRBJ2-1,SATALGWELGF,38
TRBV20-1,TRBJ2-1,SATALGYGTDEQF,1
TRBV20-1,TRBJ2-1,SATALHNEQF,1
TRBV20-1,TRBJ2-1,SATALINEQF,1
TRBV20-1,TRBJ2-1,SATALKEF,6
TRBV20-1,TRBJ2-1,SATALKHEQF,1
TRBV20-1,TRBJ2-1,SATALKLALPGNEQF,1
TRBV20-1,TRBJ2-1,SATALKNEQF,2
TRBV20-1,TRBJ2-1,SATALLAASSYNEQF,1
TRBV20-1,TRBJ2-1,SATALLAGDMFQDEQF,3
TRBV20-1,TRBJ2-1,SATALLAGDYNEQF,1
TRBV20-1,TRBJ2-1,SATALLAGFYNEQF,3
TRBV20-1,TRBJ2-1,SATALLAGGRNYNEQF,1
TRBV20-1,TRBJ2-1,SATALLAGSYNEQF,1
TRBV20-1,TRBJ2-1,SATALLALIYNEQF,1
TRBV20-1,TRBJ2-1,SATALLNEQF,1
TRBV20-1,TRBJ2-1,SATALLRLATDNEQF,1
TRBV20-1,TRBJ2-1,SATALLSSYNEQF,1
TRBV20-1,TRBJ2-1,SATALLVGADEQF,1
TRBV20-1,TRBJ2-1,SATALNDEQF,2
TRBV20-1,TRBJ2-1,SATALNDRVASGRSYNEQF,1
TRBV20-1,TRBJ2-1,SATALNEQF,1
TRBV20-1,TRBJ2-1,SATALNGNNEQF,1
TRBV20-1,TRBJ2-1,SATALNNEQC,2
TRBV20-1,TRBJ2-1,SATALNNEQF,126
TRBV20-1,TRBJ2-1,SATALNNEQL,1
TRBV20-1,TRBJ2-1,SATALNNEQY,1
TRBV20-1,TRBJ2-1,SATALNNGQF,1
TRBV20-1,TRBJ2-1,SATALNNKQF,1
TRBV20-1,TRBJ2-1,SATALNSYNEQF,1
TRBV20-1,TRBJ2-1,SATALPWDEQF,7
TRBV20-1,TRBJ2-1,SATALQGAPSMAYNEQF,1
TRBV20-1,TRBJ2-1,SATALQTDEQF,1
TRBV20-1,TRBJ2-1,SATALRDSAYNEQF,1
TRBV20-1,TRBJ2-1,SATALRDSLYNEQF,1
TRBV20-1,TRBJ2-1,SATALREGAYNEQF,1
TRBV20-1,TRBJ2-1,SATALRGGNEQF,1
TRBV20-1,TRBJ2-1,SATALRGRANEQF,6
TRBV20-1,TRBJ2-1,SATALRGSPYNEQF,1
TRBV20-1,TRBJ2-1,SATALRRRINEQF,1
TRBV20-1,TRBJ2-1,SATALRSYNEQF,1
TRBV20-1,TRBJ2-1,SATALSGKSLDEQF,1
TRBV20-1,TRBJ2-1,SATALSGSSYNEQF,1
TRBV20-1,TRBJ2-1,SATALSGYNEQF,1
TRBV20-1,TRBJ2-1,SATALSIAGDIYNEQF,1
TRBV20-1,TRBJ2-1,SATALSPGRNEQF,1
TRBV20-1,TRBJ2-1,SATALSSDPRTYNEQF,1
TRBV20-1,TRBJ2-1,SATALSSYNEQF,2
TRBV20-1,TRBJ2-1,SATALTGKDEQF,1
TRBV20-1,TRBJ2-1,SATALTNEQF,1
TRBV20-1,TRBJ2-1,SATALTRNEQF,1
TRBV20-1,TRBJ2-1,SATALTSGRSYNEQF,1
TRBV20-1,TRBJ2-1,SATALVAEQYNEQF,1
TRBV20-1,TRBJ2-1,SATALVGVSYNEQF,1
TRBV20-1,TRBJ2-1,SATALVLTSGSYNEQF,1
TRBV20-1,TRBJ2-1,SATALVPSSYNEQF,1
TRBV20-1,TRBJ2-1,SATALVVSYNELF,1
TRBV20-1,TRBJ2-1,SATALVVSYNEQF,12
TRBV20-1,TRBJ2-1,SATALVVSYNEQV,1
TRBV20-1,TRBJ2-1,SATALVVSYSEQF,1
TRBV20-1,TRBJ2-1,SATALVWQF,1
TRBV20-1,TRBJ2-1,SATALYNEQF,2
TRBV20-1,TRBJ2-1,SATAMAANEQF,1
TRBV20-1,TRBJ2-1,SATAMDRPYNEQF,1
TRBV20-1,TRBJ2-1,SATAMRDLGNEQF,1
TRBV20-1,TRBJ2-1,SATANEQF,12
TRBV20-1,TRBJ2-1,SATANGGMNEQF,1
TRBV20-1,TRBJ2-1,SATANGNPYNEQC,1
TRBV20-1,TRBJ2-1,SATANLAGILNEQF,1
TRBV20-1,TRBJ2-1,SATANLGTSGSGSYNEQF,1
TRBV20-1,TRBJ2-1,SATANNEQF,3
TRBV20-1,TRBJ2-1,SATANPTGYNEQF,1
TRBV20-1,TRBJ2-1,SATANRVAYNEQF,1
TRBV20-1,TRBJ2-1,SATANSYNEQF,2
TRBV20-1,TRBJ2-1,SATANYNEQF,1
TRBV20-1,TRBJ2-1,SATANYRGSASGSYNEQF,1
TRBV20-1,TRBJ2-1,SATAPADGLAGGWNEQF,2
TRBV20-1,TRBJ2-1,SATAPAGATYNEQF,1
TRBV20-1,TRBJ2-1,SATAPAGGFEQF,1
TRBV20-1,TRBJ2-1,SATAPAGGRYNEQF,1
TRBV20-1,TRBJ2-1,SATAPAGYNEQF,1
TRBV20-1,TRBJ2-1,SATAPALAGVSSYNEQF,1
TRBV20-1,TRBJ2-1,SATAPARGSYNEQF,1
TRBV20-1,TRBJ2-1,SATAPARTRLYEQF,1
TRBV20-1,TRBJ2-1,SATAPASGRYNEQF,1
TRBV20-1,TRBJ2-1,SATAPASGVNEQF,1
TRBV20-1,TRBJ2-1,SATAPAVSYNEQF,1
TRBV20-1,TRBJ2-1,SATAPDGTPDSYNEQF,1
TRBV20-1,TRBJ2-1,SATAPDREYEQF,1
TRBV20-1,TRBJ2-1,SATAPDRGSYNEQF,1
TRBV20-1,TRBJ2-1,SATAPDSPGNEQF,1
TRBV20-1,TRBJ2-1,SATAPDTTYNEQF,1
TRBV20-1,TRBJ2-1,SATAPDYPNEQF,4
TRBV20-1,TRBJ2-1,SATAPEFYSSYNDQF,2
TRBV20-1,TRBJ2-1,SATAPEGYNEQF,1
TRBV20-1,TRBJ2-1,SATAPFENEQF,4
TRBV20-1,TRBJ2-1,SATAPFTTSLSYNEQF,1
TRBV20-1,TRBJ2-1,SATAPGAGYNEQF,1
TRBV20-1,TRBJ2-1,SATAPGATQDEQF,1
TRBV20-1,TRBJ2-1,SATAPGGAGNEQF,1
TRBV20-1,TRBJ2-1,SATAPGGNEQF,1
TRBV20-1,TRBJ2-1,SATAPGGRAGSYNEQF,1
TRBV20-1,TRBJ2-1,SATAPGGSYNEQF,1
TRBV20-1,TRBJ2-1,SATAPGGYNEQF,1
TRBV20-1,TRBJ2-1,SATAPGGYYNEQF,1
TRBV20-1,TRBJ2-1,SATAPGHFNEQF,1
TRBV20-1,TRBJ2-1,SATAPGLAALSSYNEQF,1
TRBV20-1,TRBJ2-1,SATAPGLADNEQF,1
TRBV20-1,TRBJ2-1,SATAPGLAGGINEQF,1
TRBV20-1,TRBJ2-1,SATAPGLAGGIYNEQF,1
TRBV20-1,TRBJ2-1,SATAPGLAGGPDYNEHL,1
TRBV20-1,TRBJ2-1,SATAPGLAGGPDYNEQF,2
TRBV20-1,TRBJ2-1,SATAPGLAGGRSYNEQF,1
TRBV20-1,TRBJ2-1,SATAPGLAGPRSYNEQF,1
TRBV20-1,TRBJ2-1,SATAPGLAGVGSYNEQF,1
TRBV20-1,TRBJ2-1,SATAPGLAHNEQF,1
TRBV20-1,TRBJ2-1,SATAPGLANEQF,1
TRBV20-1,TRBJ2-1,SATAPGLAVKSSYNEQF,1
TRBV20-1,TRBJ2-1,SATAPGLAVNEQF,1
TRBV20-1,TRBJ2-1,SATAPGLDYNEQF,1
TRBV20-1,TRBJ2-1,SATAPGLPYNEQF,1
TRBV20-1,TRBJ2-1,SATAPGLSSYNEQF,1
TRBV20-1,TRBJ2-1,SATAPGPSYNEQF,11
TRBV20-1,TRBJ2-1,SATAPGQAHNEQF,1
TRBV20-1,TRBJ2-1,SATAPGQGGNEQF,3
TRBV20-1,TRBJ2-1,SATAPGRAYEQF,5
TRBV20-1,TRBJ2-1,SATAPGRESYNEQF,5
TRBV20-1,TRBJ2-1,SATAPGRLYNEQF,1
TRBV20-1,TRBJ2-1,SATAPGRSHNEQF,1
TRBV20-1,TRBJ2-1,SATAPGRSSYNEQF,1
TRBV20-1,TRBJ2-1,SATAPGSSYNEQF,1
TRBV20-1,TRBJ2-1,SATAPGTDYNEQF,1
TRBV20-1,TRBJ2-1,SATAPGTGDNEQF,1
TRBV20-1,TRBJ2-1,SATAPGTGRYNEQF,1
TRBV20-1,TRBJ2-1,SATAPGTNISWDNEQF,1
TRBV20-1,TRBJ2-1,SATAPGTRGVHEQF,1
TRBV20-1,TRBJ2-1,SATAPGTSGLNEQF,1
TRBV20-1,TRBJ2-1,SATAPGTSGRRRAYNEQF,11
TRBV20-1,TRBJ2-1,SATAPGTSGRRRAYNVQF,1
TRBV20-1,TRBJ2-1,SATAPGTSGSRWNEQF,1
TRBV20-1,TRBJ2-1,SATAPGTSYNEQF,1
TRBV20-1,TRBJ2-1,SATAPGVGYNEQF,1
TRBV20-1,TRBJ2-1,SATAPGYSYNEQF,4
TRBV20-1,TRBJ2-1,SATAPHNEQF,1
TRBV20-1,TRBJ2-1,SATAPHRGGNEQF,1
TRBV20-1,TRBJ2-1,SATAPIDIEALNNEQF,1
TRBV20-1,TRBJ2-1,SATAPIKTSGTHTEQF,1
TRBV20-1,TRBJ2-1,SATAPILAANEQF,1
TRBV20-1,TRBJ2-1,SATAPLAGINEQF,1
TRBV20-1,TRBJ2-1,SATAPLAGNNEQF,1
TRBV20-1,TRBJ2-1,SATAPLAGRDHGQF,1
TRBV20-1,TRBJ2-1,SATAPLAGRDKEQF,1
TRBV20-1,TRBJ2-1,SATAPLAGRDNEQF,18
TRBV20-1,TRBJ2-1,SATAPLAGTYNEQF,1
TRBV20-1,TRBJ2-1,SATAPLAGYYNEQF,1
TRBV20-1,TRBJ2-1,SATAPLAVSSYNEQF,6
TRBV20-1,TRBJ2-1,SATAPLAYSYNEQF,1
TRBV20-1,TRBJ2-1,SATAPLLADNEQF,1
TRBV20-1,TRBJ2-1,SATAPLLSYNEQF,1
TRBV20-1,TRBJ2-1,SATAPLSGSYNEQF,1
TRBV20-1,TRBJ2-1,SATAPLSNEQF,1
TRBV20-1,TRBJ2-1,SATAPLSSYNEQF,1
TRBV20-1,TRBJ2-1,SATAPNEQF,7
TRBV20-1,TRBJ2-1,SATAPNGGSGYNEQF,1
TRBV20-1,TRBJ2-1,SATAPNGHRNEQF,4
TRBV20-1,TRBJ2-1,SATAPPGGGVYNEQF,1
TRBV20-1,TRBJ2-1,SATAPPGLAGGHNEQF,1
TRBV20-1,TRBJ2-1,SATAPPGLAGGSYNEQF,1
TRBV20-1,TRBJ2-1,SATAPPGLAGVHNEQF,8
TRBV20-1,TRBJ2-1,SATAPPGQGTYNEQF,1
TRBV20-1,TRBJ2-1,SATAPPMDDQF,1
TRBV20-1,TRBJ2-1,SATAPPMDEQF,7
TRBV20-1,TRBJ2-1,SATAPPPASGLGDEQF,8
TRBV20-1,TRBJ2-1,SATAPPREDYYSYNEQF,1
TRBV20-1,TRBJ2-1,SATAPPRNEQF,2
TRBV20-1,TRBJ2-1,SATAPPRSYNEQF,1
TRBV20-1,TRBJ2-1,SATAPPSSHEQF,1
TRBV20-1,TRBJ2-1,SATAPQGTPNEQF,5
TRBV20-1,TRBJ2-1,SATAPQNNEQF,1
TRBV20-1,TRBJ2-1,SATAPRDRAYNEQF,1
TRBV20-1,TRBJ2-1,SATAPRDSSLDEQF,1
TRBV20-1,TRBJ2-1,SATAPREGPVDEQF,1
TRBV20-1,TRBJ2-1,SATAPRETYNEQF,3
TRBV20-1,TRBJ2-1,SATAPRLAGRHNEQF,1
TRBV20-1,TRBJ2-1,SATAPRRIYNEQF,1
TRBV20-1,TRBJ2-1,SATAPRSSYNEQF,1
TRBV20-1,TRBJ2-1,SATAPRTGKGDEQF,1
TRBV20-1,TRBJ2-1,SATAPSGGPYNEQF,1
TRBV20-1,TRBJ2-1,SATAPSGSRTYNEQF,1
TRBV20-1,TRBJ2-1,SATAPSGSSYNEQF,1
TRBV20-1,TRBJ2-1,SATAPSGTYNEQF,1
TRBV20-1,TRBJ2-1,SATAPSHSYNEQF,3
TRBV20-1,TRBJ2-1,SATAPSRNEQF,1
TRBV20-1,TRBJ2-1,SATAPSSYLTNEQF,1
TRBV20-1,TRBJ2-1,SATAPSSYNEQF,2
TRBV20-1,TRBJ2-1,SATAPSTSGRAHEQF,1
TRBV20-1,TRBJ2-1,SATAPSYNEQF,2
TRBV20-1,TRBJ2-1,SATAPTGARRGVNNEQF,1
TRBV20-1,TRBJ2-1,SATAPTGYNEQF,1
TRBV20-1,TRBJ2-1,SATAPTSASYNEQF,1
TRBV20-1,TRBJ2-1,SATAPTSGAYNEQF,1
TRBV20-1,TRBJ2-1,SATAPTSGRHSYLNEQF,1
TRBV20-1,TRBJ2-1,SATAPTSGYNNEQF,1
TRBV20-1,TRBJ2-1,SATAPTSSNEQF,1
TRBV20-1,TRBJ2-1,SATAPTTSGRYNEQF,1
TRBV20-1,TRBJ2-1,SATAPTTYDEQF,1
TRBV20-1,TRBJ2-1,SATAPTVYNEQF,1
TRBV20-1,TRBJ2-1,SATAPTYRNEQF,1
TRBV20-1,TRBJ2-1,SATAPVGGKSYNEQF,1
TRBV20-1,TRBJ2-1,SATAPVGGTYNEQF,1
TRBV20-1,TRBJ2-1,SATAPVGGYNEQF,1
TRBV20-1,TRBJ2-1,SATAPVGWNEQF,1
TRBV20-1,TRBJ2-1,SATAPVSYNEQF,1
TRBV20-1,TRBJ2-1,SATAPYGASGGNEQF,1
TRBV20-1,TRBJ2-1,SATAPYNEQF,3
TRBV20-1,TRBJ2-1,SATAPYYNEQF,1
TRBV20-1,TRBJ2-1,SATAQAGASYNEQF,1
TRBV20-1,TRBJ2-1,SATAQGALIYNEQF,1
TRBV20-1,TRBJ2-1,SATAQGASYNEQF,1
TRBV20-1,TRBJ2-1,SATAQGEQF,2
TRBV20-1,TRBJ2-1,SATAQGFEQF,4
TRBV20-1,TRBJ2-1,SATAQGGTLNEQF,1
TRBV20-1,TRBJ2-1,SATAQGGTYNEQF,1
TRBV20-1,TRBJ2-1,SATAQGIIDEQF,1
TRBV20-1,TRBJ2-1,SATAQGLAHSRYNEQF,1
TRBV20-1,TRBJ2-1,SATAQGNEQF,1
TRBV20-1,TRBJ2-1,SATAQGQSSYNEQF,2
TRBV20-1,TRBJ2-1,SATAQGVYNEQF,1
TRBV20-1,TRBJ2-1,SATAQGYNEQF,1
TRBV20-1,TRBJ2-1,SATAQGYYNEQF,2
TRBV20-1,TRBJ2-1,SATAQIAGGYNEQF,1
TRBV20-1,TRBJ2-1,SATAQKDYPSYNEQF,1
TRBV20-1,TRBJ2-1,SATAQLAINNEQF,1
TRBV20-1,TRBJ2-1,SATAQLTAMMGSEQF,3
TRBV20-1,TRBJ2-1,SATAQPYNEQF,1
TRBV20-1,TRBJ2-1,SATAQQIYWEESNEQF,1
TRBV20-1,TRBJ2-1,SATAQRNEQF,1
TRBV20-1,TRBJ2-1,SATAQRTISYNEQF,1
TRBV20-1,TRBJ2-1,SATAQRTSSYNEQF,2
TRBV20-1,TRBJ2-1,SATAQSGSSYNEQF,1
TRBV20-1,TRBJ2-1,SATAQSSYNEQF,1
TRBV20-1,TRBJ2-1,SATAQTSGAYNEQF,1
TRBV20-1,TRBJ2-1,SATAQTSGRFLYNEQF,1
TRBV20-1,TRBJ2-1,SATAQTSYNEQF,1
TRBV20-1,TRBJ2-1,SATAQVQSSYNEQF,2
TRBV20-1,TRBJ2-1,SATAQVSSYNEQF,1
TRBV20-1,TRBJ2-1,SATAQYNEQF,1
TRBV20-1,TRBJ2-1,SATARAATRGV,8
TRBV20-1,TRBJ2-1,SATARAGEYNEQF,1
TRBV20-1,TRBJ2-1,SATARAGGPCDYNEQF,1
TRBV20-1,TRBJ2-1,SATARAGGVASSYNEQF,1
TRBV20-1,TRBJ2-1,SATARAGINYNEQF,1
TRBV20-1,TRBJ2-1,SATARAGPNNEQF,1
TRBV20-1,TRBJ2-1,SATARALSPRWGNEQF,1
TRBV20-1,TRBJ2-1,SATARASGRHNEQF,1
TRBV20-1,TRBJ2-1,SATARAYNEQF,1
TRBV20-1,TRBJ2-1,SATARDGSSYNEQF,1
TRBV20-1,TRBJ2-1,SATARDLVYNEQF,1
TRBV20-1,TRBJ2-1,SATARDNEQF,1
TRBV20-1,TRBJ2-1,SATARDPYNEQF,1
TRBV20-1,TRBJ2-1,SATARDRAFSYNEQF,1
TRBV20-1,TRBJ2-1,SATARDRDIGLYNEQF,1
TRBV20-1,TRBJ2-1,SATARDRGSFDEQF,1
TRBV20-1,TRBJ2-1,SATARDRRNNEQF,2
TRBV20-1,TRBJ2-1,SATARDSSYNEQF,1
TRBV20-1,TRBJ2-1,SATARDTTYNEQF,1
TRBV20-1,TRBJ2-1,SATAREAYNEQF,1
TRBV20-1,TRBJ2-1,SATAREGGDEQF,1
TRBV20-1,TRBJ2-1,SATAREGLGNEQF,1
TRBV20-1,TRBJ2-1,SATAREGPSYNEQF,1
TRBV20-1,TRBJ2-1,SATAREGSSYNEQF,1
TRBV20-1,TRBJ2-1,SATAREGSYNEQF,8
TRBV20-1,TRBJ2-1,SATARELDEQF,1
TRBV20-1,TRBJ2-1,SATARELGDYYTNNEQF,1
TRBV20-1,TRBJ2-1,SATARERGHNEQF,1
TRBV20-1,TRBJ2-1,SATARESYNEQF,1
TRBV20-1,TRBJ2-1,SATARETYNEQF,1
TRBV20-1,TRBJ2-1,SATAREWGEQF,6
TRBV20-1,TRBJ2-1,SATARGAEYYNEQF,1
TRBV20-1,TRBJ2-1,SATARGAGGPYNEQF,1
TRBV20-1,TRBJ2-1,SATARGAGTSGNEQF,1
TRBV20-1,TRBJ2-1,SATARGAGVYNEQF,1
TRBV20-1,TRBJ2-1,SATARGANGHNEQF,1
TRBV20-1,TRBJ2-1,SATARGEGRYNEQF,1
TRBV20-1,TRBJ2-1,SATARGEQF,3
TRBV20-1,TRBJ2-1,SATARGGANEQF,1
TRBV20-1,TRBJ2-1,SATARGGLAPYNEQF,1
TRBV20-1,TRBJ2-1,SATARGGNNEQF,4
TRBV20-1,TRBJ2-1,SATARGGRSYNEQF,1
TRBV20-1,TRBJ2-1,SATARGGSSYNEQF,1
TRBV20-1,TRBJ2-1,SATARGGSYNEQF,1
TRBV20-1,TRBJ2-1,SATARGHSYNEQF,2
TRBV20-1,TRBJ2-1,SATARGKSAAYNEQF,1
TRBV20-1,TRBJ2-1,SATARGKVRNEQF,1
TRBV20-1,TRBJ2-1,SATARGLAGGSSYNEQF,1
TRBV20-1,TRBJ2-1,SATARGLAGNDEQF,1
TRBV20-1,TRBJ2-1,SATARGLAGNEQF,4
TRBV20-1,TRBJ2-1,SATARGLAGYNEQF,1
TRBV20-1,TRBJ2-1,SATARGLASYNEQF,1
TRBV20-1,TRBJ2-1,SATARGNEQF,5
TRBV20-1,TRBJ2-1,SATARGPGNEQF,1
TRBV20-1,TRBJ2-1,SATARGPVDNEQF,1
TRBV20-1,TRBJ2-1,SATARGRAVNEQF,1
TRBV20-1,TRBJ2-1,SATARGRSYNEQF,1
TRBV20-1,TRBJ2-1,SATARGSYNEQF,1
TRBV20-1,TRBJ2-1,SATARGTASGRPYNEQF,1
TRBV20-1,TRBJ2-1,SATARGTNYNEQF,1
TRBV20-1,TRBJ2-1,SATARGTSGKWGYNEQF,1
TRBV20-1,TRBJ2-1,SATARGVADPGNEQF,1
TRBV20-1,TRBJ2-1,SATARGVAFGGYNEQF,1
TRBV20-1,TRBJ2-1,SATARGVMDNEQF,1
TRBV20-1,TRBJ2-1,SATARGVSSYNEQF,1
TRBV20-1,TRBJ2-1,SATARGYNEQF,1
TRBV20-1,TRBJ2-1,SATARHNEQF,2
TRBV20-1,TRBJ2-1,SATARIAGSYNEQF,1
TRBV20-1,TRBJ2-1,SATARKGYNEQF,1
TRBV20-1,TRBJ2-1,SATARKYNEQF,1
TRBV20-1,TRBJ2-1,SATARLAETYNEQF,1
TRBV20-1,TRBJ2-1,SATARLAGFYNEQF,2
TRBV20-1,TRBJ2-1,SATARLAGGNEQF,1
TRBV20-1,TRBJ2-1,SATARLAGGPWGSYNEQF,1
TRBV20-1,TRBJ2-1,SATARLAGGTLRYNEQF,1
TRBV20-1,TRBJ2-1,SATARLAGKTNEQF,1
TRBV20-1,TRBJ2-1,SATARLAGLDEQF,1
TRBV20-1,TRBJ2-1,SATARLAGVRGQF,3
TRBV20-1,TRBJ2-1,SATARLANEQF,1
TRBV20-1,TRBJ2-1,SATARLAWNNEQF,1
TRBV20-1,TRBJ2-1,SATARLDEQF,1
TRBV20-1,TRBJ2-1,SATARLLPNYEQF,3
TRBV20-1,TRBJ2-1,SATARLNREWNEQF,1
TRBV20-1,TRBJ2-1,SATARLQDWSSYNEQF,2
TRBV20-1,TRBJ2-1,SATARLRVYNEQF,5
TRBV20-1,TRBJ2-1,SATARMGQGDEQF,1
TRBV20-1,TRBJ2-1,SATARNEQF,1
TRBV20-1,TRBJ2-1,SATARNYNEQF,1
TRBV20-1,TRBJ2-1,SATARPGLAGGSSYNEQF,1
TRBV20-1,TRBJ2-1,SATARPGRHNEQF,1
TRBV20-1,TRBJ2-1,SATARPTRGEQF,2
TRBV20-1,TRBJ2-1,SATARQGAGYNEQF,3
TRBV20-1,TRBJ2-1,SATARQSGVAYNEQF,1
TRBV20-1,TRBJ2-1,SATARQSSYNEQF,1
TRBV20-1,TRBJ2-1,SATARRAGEFNEQF,3
TRBV20-1,TRBJ2-1,SATARRESSYNEQF,1
TRBV20-1,TRBJ2-1,SATARRMVYNEQF,1
TRBV20-1,TRBJ2-1,SATARRRGNYNEQF,1
TRBV20-1,TRBJ2-1,SATARRYEQF,1
TRBV20-1,TRBJ2-1,SATARRYNEQF,1
TRBV20-1,TRBJ2-1,SATARSGASYNEQF,1
TRBV20-1,TRBJ2-1,SATARSGAYNEQF,7
TRBV20-1,TRBJ2-1,SATARSGRAYNEQF,1
TRBV20-1,TRBJ2-1,SATARSGRPHNEQF,15
TRBV20-1,TRBJ2-1,SATARSGRPHNEQL,1
TRBV20-1,TRBJ2-1,SATARSLGNEQF,1
TRBV20-1,TRBJ2-1,SATARSNEQF,1
TRBV20-1,TRBJ2-1,SATARSSYNEQF,2
TRBV20-1,TRBJ2-1,SATARSWYYNEQF,1
TRBV20-1,TRBJ2-1,SATARTGGSYNEQF,1
TRBV20-1,TRBJ2-1,SATARTGKSYNEQF,1
TRBV20-1,TRBJ2-1,SATARTGNDEQF,1
TRBV20-1,TRBJ2-1,SATARTGNNEQF,1
TRBV20-1,TRBJ2-1,SATARTGRRNEQF,1
TRBV20-1,TRBJ2-1,SATARTGYNEQF,1
TRBV20-1,TRBJ2-1,SATARTIPLNEQF,1
TRBV20-1,TRBJ2-1,SATARTIPYNEQF,3
TRBV20-1,TRBJ2-1,SATARTLAYNEQF,1
TRBV20-1,TRBJ2-1,SATARTQSYNEQF,1
TRBV20-1,TRBJ2-1,SATARTSGRNEQF,1
TRBV20-1,TRBJ2-1,SATARTSGRPYNEQF,1
TRBV20-1,TRBJ2-1,SATARTSYNEQF,1
TRBV20-1,TRBJ2-1,SATARTTTYNEQF,1
TRBV20-1,TRBJ2-1,SATARVASSYNEQF,1
TRBV20-1,TRBJ2-1,SATARVAYNEQF,1
TRBV20-1,TRBJ2-1,SATARVEQF,1
TRBV20-1,TRBJ2-1,SATARWGEIGSYNEQF,1
TRBV20-1,TRBJ2-1,SATARYNEQF,2
TRBV20-1,TRBJ2-1,SATARYYYNEQF,1
TRBV20-1,TRBJ2-1,SATASAGGPRVDEQF,1
TRBV20-1,TRBJ2-1,SATASAGLAVHNEQF,1
TRBV20-1,TRBJ2-1,SATASAGSNEQF,1
TRBV20-1,TRBJ2-1,SATASARAYNEQF,1
TRBV20-1,TRBJ2-1,SATASASSYNEQF,1
TRBV20-1,TRBJ2-1,SATASATLQF,10
TRBV20-1,TRBJ2-1,SATASAYNEQF,2
TRBV20-1,TRBJ2-1,SATASDNEQF,1
TRBV20-1,TRBJ2-1,SATASDSYNEQF,1
TRBV20-1,TRBJ2-1,SATASEGPRYNEQF,1
TRBV20-1,TRBJ2-1,SATASEQYNEQF,1
TRBV20-1,TRBJ2-1,SATASEYNEQF,1
TRBV20-1,TRBJ2-1,SATASFAYHYNEQF,1
TRBV20-1,TRBJ2-1,SATASFSGRSYNEQF,1
TRBV20-1,TRBJ2-1,SATASGAYNAQF,1
TRBV20-1,TRBJ2-1,SATASGAYNEQF,9
TRBV20-1,TRBJ2-1,SATASGDFYNEQF,1
TRBV20-1,TRBJ2-1,SATASGDSYNEQF,1
TRBV20-1,TRBJ2-1,SATASGEGNEQF,1
TRBV20-1,TRBJ2-1,SATASGENEQF,1
TRBV20-1,TRBJ2-1,SATASGGADEQF,6
TRBV20-1,TRBJ2-1,SATASGGALDEQF,1
TRBV20-1,TRBJ2-1,SATASGGAVYNEQF,1
TRBV20-1,TRBJ2-1,SATASGGAYNEQF,1
TRBV20-1,TRBJ2-1,SATASGGDNEQF,1
TRBV20-1,TRBJ2-1,SATASGGIINEQF,1
TRBV20-1,TRBJ2-1,SATASGGINEQF,1
TRBV20-1,TRBJ2-1,SATASGGPAASYNEQF,6
TRBV20-1,TRBJ2-1,SATASGGPGEPYNEQF,1
TRBV20-1,TRBJ2-1,SATASGGPNEQF,2
TRBV20-1,TRBJ2-1,SATASGGSNNEQF,1
TRBV20-1,TRBJ2-1,SATASGGTYNEQF,1
TRBV20-1,TRBJ2-1,SATASGGTYSYNEQF,1
TRBV20-1,TRBJ2-1,SATASGGVWNEQF,1
TRBV20-1,TRBJ2-1,SATASGGWEQF,1
TRBV20-1,TRBJ2-1,SATASGGYNEQF,2
TRBV20-1,TRBJ2-1,SATASGIAPHEQF,1
TRBV20-1,TRBJ2-1,SATASGIGEQF,5
TRBV20-1,TRBJ2-1,SATASGIGVGNEQF,1
TRBV20-1,TRBJ2-1,SATASGIPYNEQF,1
TRBV20-1,TRBJ2-1,SATASGIQSYNEQF,1
TRBV20-1,TRBJ2-1,SATASGIWNNEQF,1
TRBV20-1,TRBJ2-1,SATASGIYNEQF,1
TRBV20-1,TRBJ2-1,SATASGKKNEQF,1
TRBV20-1,TRBJ2-1,SATASGKVGYNEQF,1
TRBV20-1,TRBJ2-1,SATASGKYNEQF,1
TRBV20-1,TRBJ2-1,SATASGLAFNEQF,1
TRBV20-1,TRBJ2-1,SATASGLGLAHNEQF,1
TRBV20-1,TRBJ2-1,SATASGLSYNEQF,1
TRBV20-1,TRBJ2-1,SATASGLTDDEQF,1
TRBV20-1,TRBJ2-1,SATASGLTYNEQF,5
TRBV20-1,TRBJ2-1,SATASGLYNEQF,1
TRBV20-1,TRBJ2-1,SATASGMAYNEQF,1
TRBV20-1,TRBJ2-1,SATASGMLSSYNEQF,1
TRBV20-1,TRBJ2-1,SATASGNEQF,2
TRBV20-1,TRBJ2-1,SATASGNNEQF,1
TRBV20-1,TRBJ2-1,SATASGPRVDEQF,1
TRBV20-1,TRBJ2-1,SATASGPTTYNEQF,1
TRBV20-1,TRBJ2-1,SATASGPTYNEQF,4
TRBV20-1,TRBJ2-1,SATASGQGYNEQF,1
TRBV20-1,TRBJ2-1,SATASGQWDEQF,1
TRBV20-1,TRBJ2-1,SATASGRADEQF,1
TRBV20-1,TRBJ2-1,SATASGRAGEQF,2
TRBV20-1,TRBJ2-1,SATASGRAGNEQF,4
TRBV20-1,TRBJ2-1,SATASGRALNEQF,1
TRBV20-1,TRBJ2-1,SATASGRANEQF,1
TRBV20-1,TRBJ2-1,SATASGRANNEQF,1
TRBV20-1,TRBJ2-1,SATASGRAPYNEQF,1
TRBV20-1,TRBJ2-1,SATASGRAVDEQF,1
TRBV20-1,TRBJ2-1,SATASGRAVSNEQF,1
TRBV20-1,TRBJ2-1,SATASGRAWDEQF,1
TRBV20-1,TRBJ2-1,SATASGRAYNEQF,2
TRBV20-1,TRBJ2-1,SATASGRFNNEQF,1
TRBV20-1,TRBJ2-1,SATASGRGDEQF,3
TRBV20-1,TRBJ2-1,SATASGRGFGNEQF,1
TRBV20-1,TRBJ2-1,SATASGRGNGYEQF,1
TRBV20-1,TRBJ2-1,SATASGRGNNEQF,2
TRBV20-1,TRBJ2-1,SATASGRGRGSYNEQF,1
TRBV20-1,TRBJ2-1,SATASGRGSYNEQF,1
TRBV20-1,TRBJ2-1,SATASGRLMGEQF,2
TRBV20-1,TRBJ2-1,SATASGRLNEQF,1
TRBV20-1,TRBJ2-1,SATASGRNEQF,2
TRBV20-1,TRBJ2-1,SATASGRNNEQF,2
TRBV20-1,TRBJ2-1,SATASGRNPYNEQF,1
TRBV20-1,TRBJ2-1,SATASGRPVLNEQF,1
TRBV20-1,TRBJ2-1,SATASGRRNEQF,1
TRBV20-1,TRBJ2-1,SATASGRRNNEQF,1
TRBV20-1,TRBJ2-1,SATASGRRRSYNEQF,1
TRBV20-1,TRBJ2-1,SATASGRSPAYNEQF,4
TRBV20-1,TRBJ2-1,SATASGRSPNEQF,1
TRBV20-1,TRBJ2-1,SATASGRSYNEQF,3
TRBV20-1,TRBJ2-1,SATASGRTYNEQF,1
TRBV20-1,TRBJ2-1,SATASGRVDEQF,1
TRBV20-1,TRBJ2-1,SATASGRVHEQF,1
TRBV20-1,TRBJ2-1,SATASGRVLSSYNEQF,1
TRBV20-1,TRBJ2-1,SATASGRVNEQF,1
TRBV20-1,TRBJ2-1,SATASGRVSYNEQF,1
TRBV20-1,TRBJ2-1,SATASGRVYNEQF,1
TRBV20-1,TRBJ2-1,SATASGRWGGNEQF,1
TRBV20-1,TRBJ2-1,SATASGRYEQF,4
TRBV20-1,TRBJ2-1,SATASGRYNEQF,1
TRBV20-1,TRBJ2-1,SATASGSANEQF,1
TRBV20-1,TRBJ2-1,SATASGSFLYEQF,2
TRBV20-1,TRBJ2-1,SATASGSFSYNEQF,1
TRBV20-1,TRBJ2-1,SATASGSFYNEQF,1
TRBV20-1,TRBJ2-1,SATASGSGNEQF,2
TRBV20-1,TRBJ2-1,SATASGSHSYNEQF,1
TRBV20-1,TRBJ2-1,SATASGSKDEQF,1
TRBV20-1,TRBJ2-1,SATASGSLYNEQF,1
TRBV20-1,TRBJ2-1,SATASGSNNEQF,2
TRBV20-1,TRBJ2-1,SATASGSPNEQF,1
TRBV20-1,TRBJ2-1,SATASGSQGSNEQF,1
TRBV20-1,TRBJ2-1,SATASGSSYNEQF,2
TRBV20-1,TRBJ2-1,SATASGSVDEQF,1
TRBV20-1,TRBJ2-1,SATASGSYEQF,1
TRBV20-1,TRBJ2-1,SATASGSYNEQF,15
TRBV20-1,TRBJ2-1,SATASGTGGYNEQF,1
TRBV20-1,TRBJ2-1,SATASGTPNEQF,1
TRBV20-1,TRBJ2-1,SATASGTSGGNYNEQF,1
TRBV20-1,TRBJ2-1,SATASGTSLSYNEQF,2
TRBV20-1,TRBJ2-1,SATASGTSVYNEQF,1
TRBV20-1,TRBJ2-1,SATASGTYNEQF,5
TRBV20-1,TRBJ2-1,SATASGVAYNEQF,1
TRBV20-1,TRBJ2-1,SATASGVHNEQF,7
TRBV20-1,TRBJ2-1,SATASGVIHEQF,3
TRBV20-1,TRBJ2-1,SATASGVQTYNEQF,1
TRBV20-1,TRBJ2-1,SATASGYNEQF,4
TRBV20-1,TRBJ2-1,SATASHYNEQF,1
TRBV20-1,TRBJ2-1,SATASISYNEQF,1
TRBV20-1,TRBJ2-1,SATASKIFYNEQF,1
TRBV20-1,TRBJ2-1,SATASLGDEQF,1
TRBV20-1,TRBJ2-1,SATASLGPNEQF,1
TRBV20-1,TRBJ2-1,SATASLRRNEQF,1
TRBV20-1,TRBJ2-1,SATASLSGTYNEQF,1
TRBV20-1,TRBJ2-1,SATASLYNEQF,1
TRBV20-1,TRBJ2-1,SATASNDNEQF,1
TRBV20-1,TRBJ2-1,SATASNEQF,2
TRBV20-1,TRBJ2-1,SATASNRRNNEQF,3
TRBV20-1,TRBJ2-1,SATASNSYNEQF,1
TRBV20-1,TRBJ2-1,SATASPDNRPEQF,5
TRBV20-1,TRBJ2-1,SATASPNEQF,1
TRBV20-1,TRBJ2-1,SATASPPVDEQF,2
TRBV20-1,TRBJ2-1,SATASPVASYNAQF,1
TRBV20-1,TRBJ2-1,SATASQNNEQF,1
TRBV20-1,TRBJ2-1,SATASRFNEQF,5
TRBV20-1,TRBJ2-1,SATASRNNEQF,1
TRBV20-1,TRBJ2-1,SATASRPDEQF,1
TRBV20-1,TRBJ2-1,SATASRTSGRIFNEQF,11
TRBV20-1,TRBJ2-1,SATASRWGGLATYNEQF,1
TRBV20-1,TRBJ2-1,SATASSAYNEQF,1
TRBV20-1,TRBJ2-1,SATASSDEQF,1
TRBV20-1,TRBJ2-1,SATASSEGYNEQF,1
TRBV20-1,TRBJ2-1,SATASSGALDEQF,4
TRBV20-1,TRBJ2-1,SATASSGGSYNEQF,1
TRBV20-1,TRBJ2-1,SATASSGRASLDEQF,1
TRBV20-1,TRBJ2-1,SATASSGRDEQF,1
TRBV20-1,TRBJ2-1,SATASSGYDNEQF,1
TRBV20-1,TRBJ2-1,SATASSGYNEQF,1
TRBV20-1,TRBJ2-1,SATASSKAQNEQF,1
TRBV20-1,TRBJ2-1,SATASSNEQF,1
TRBV20-1,TRBJ2-1,SATASSSGTDEQF,6
TRBV20-1,TRBJ2-1,SATASSSYNEQF,1
TRBV20-1,TRBJ2-1,SATASSTYNEQF,3
TRBV20-1,TRBJ2-1,SATASSYNEQF,14
TRBV20-1,TRBJ2-1,SATASTGQGTLTINEQF,1
TRBV20-1,TRBJ2-1,SATASTHNEQF,1
TRBV20-1,TRBJ2-1,SATASTMYNEQF,1
TRBV20-1,TRBJ2-1,SATASTSGKLYNEQF,1
TRBV20-1,TRBJ2-1,SATASTSGKPYNEQF,8
TRBV20-1,TRBJ2-1,SATASTSGSFNEQF,1
TRBV20-1,TRBJ2-1,SATASTYNEQF,1
TRBV20-1,TRBJ2-1,SATASVAYNEQF,5
TRBV20-1,TRBJ2-1,SATASVDYNEQF,1
TRBV20-1,TRBJ2-1,SATASVHNEQF,1
TRBV20-1,TRBJ2-1,SATASVINEQF,1
TRBV20-1,TRBJ2-1,SATASVSSYNEQF,2
TRBV20-1,TRBJ2-1,SATASVSYNEQF,1
TRBV20-1,TRBJ2-1,SATASWSNEQF,1
TRBV20-1,TRBJ2-1,SATASYLWVGDGNNNEQF,1
TRBV20-1,TRBJ2-1,SATASYNEQF,5
TRBV20-1,TRBJ2-1,SATASYRAPYNEQF,1
TRBV20-1,TRBJ2-1,SATASYYNEQF,1
TRBV20-1,TRBJ2-1,SATATAASGRVQF,4
TRBV20-1,TRBJ2-1,SATATASYNEQF,1
TRBV20-1,TRBJ2-1,SATATATGYNEQF,1
TRBV20-1,TRBJ2-1,SATATAYNEQF,1
TRBV20-1,TRBJ2-1,SATATGAYNEQF,1
TRBV20-1,TRBJ2-1,SATATGGGPTSSYNEQF,1
TRBV20-1,TRBJ2-1,SATATGGLGDSYNEQF,1
TRBV20-1,TRBJ2-1,SATATGGNYNEQF,1
TRBV20-1,TRBJ2-1,SATATGGSGNEQF,3
TRBV20-1,TRBJ2-1,SATATGGYNEQF,2
TRBV20-1,TRBJ2-1,SATATGLAGAYNEQF,1
TRBV20-1,TRBJ2-1,SATATGLAGTYNEQF,1
TRBV20-1,TRBJ2-1,SATATGLASSYNEQF,1
TRBV20-1,TRBJ2-1,SATATGLGYNEQF,1
TRBV20-1,TRBJ2-1,SATATGNEQF,1
TRBV20-1,TRBJ2-1,SATATGRYNEQF,2
TRBV20-1,TRBJ2-1,SATATGSAYYNEQF,1
TRBV20-1,TRBJ2-1,SATATGTGGVDEQF,1
TRBV20-1,TRBJ2-1,SATATGTSGRLFYNEQF,1
TRBV20-1,TRBJ2-1,SATATGTSRYNEQF,1
TRBV20-1,TRBJ2-1,SATATGTTSYNEQF,1
TRBV20-1,TRBJ2-1,SATATGTTTYNEQF,1
TRBV20-1,TRBJ2-1,SATATGVGRSYNEQF,1
TRBV20-1,TRBJ2-1,SATATGVSYNEQF,1
TRBV20-1,TRBJ2-1,SATATGWGHEQF,1
TRBV20-1,TRBJ2-1,SATATGYEQF,1
TRBV20-1,TRBJ2-1,SATATGYGANEQF,1
TRBV20-1,TRBJ2-1,SATATHTPYNEQF,1
TRBV20-1,TRBJ2-1,SATATITSYNEQF,1
TRBV20-1,TRBJ2-1,SATATLAGIYNEQF,1
TRBV20-1,TRBJ2-1,SATATLSYNEKF,1
TRBV20-1,TRBJ2-1,SATATNSGTYNEQF,1
TRBV20-1,TRBJ2-1,SATATPTFNERF,1
TRBV20-1,TRBJ2-1,SATATQGAGNEQF,1
TRBV20-1,TRBJ2-1,SATATREGYNEQF,1
TRBV20-1,TRBJ2-1,SATATRGAYNEQF,1
TRBV20-1,TRBJ2-1,SATATRKSYNEQF,1
TRBV20-1,TRBJ2-1,SATATRSNEQF,1
TRBV20-1,TRBJ2-1,SATATRVLSYNEQF,1
TRBV20-1,TRBJ2-1,SATATSASSYNEQF,1
TRBV20-1,TRBJ2-1,SATATSDGYNEQF,1
TRBV20-1,TRBJ2-1,SATATSEGYDEQF,1
TRBV20-1,TRBJ2-1,SATATSEGYKEQF,1
TRBV20-1,TRBJ2-1,SATATSEGYNDQF,1
TRBV20-1,TRBJ2-1,SATATSEGYNEKV,1
TRBV20-1,TRBJ2-1,SATATSEGYNEQF,57
TRBV20-1,TRBJ2-1,SATATSEGYNEQL,1
TRBV20-1,TRBJ2-1,SATATSENNEQF,1
TRBV20-1,TRBJ2-1,SATATSESYNEKF,1
TRBV20-1,TRBJ2-1,SATATSGAYNEQF,1
TRBV20-1,TRBJ2-1,SATATSGFNEQF,1
TRBV20-1,TRBJ2-1,SATATSGFTSDEQF,1
TRBV20-1,TRBJ2-1,SATATSGGLYNEQF,1
TRBV20-1,TRBJ2-1,SATATSGGPMSSYNEQF,4
TRBV20-1,TRBJ2-1,SATATSGGRHEQF,1
TRBV20-1,TRBJ2-1,SATATSGGVLILNEQF,3
TRBV20-1,TRBJ2-1,SATATSGINNEQF,1
TRBV20-1,TRBJ2-1,SATATSGIYNEQF,3
TRBV20-1,TRBJ2-1,SATATSGKGGGNEQF,1
TRBV20-1,TRBJ2-1,SATATSGNYNEQF,1
TRBV20-1,TRBJ2-1,SATATSGRASYNEQF,1
TRBV20-1,TRBJ2-1,SATATSGRLNEQF,1
TRBV20-1,TRBJ2-1,SATATSGRPDEQF,1
TRBV20-1,TRBJ2-1,SATATSGRSYEQF,1
TRBV20-1,TRBJ2-1,SATATSGSAHEQF,1
TRBV20-1,TRBJ2-1,SATATSGSFNEQF,1
TRBV20-1,TRBJ2-1,SATATSGSGNEQF,1
TRBV20-1,TRBJ2-1,SATATSGSLGNEQF,1
TRBV20-1,TRBJ2-1,SATATSGSNEQF,1
TRBV20-1,TRBJ2-1,SATATSGSYNEQF,1
TRBV20-1,TRBJ2-1,SATATSGTNNEQF,1
TRBV20-1,TRBJ2-1,SATATSGTYNEQF,2
TRBV20-1,TRBJ2-1,SATATSGWSSYNEQF,1
TRBV20-1,TRBJ2-1,SATATSGYNEQF,2
TRBV20-1,TRBJ2-1,SATATSHNEQF,1
TRBV20-1,TRBJ2-1,SATATSKGYNEQF,1
TRBV20-1,TRBJ2-1,SATATSNNEQF,1
TRBV20-1,TRBJ2-1,SATATSPNEQF,4
TRBV20-1,TRBJ2-1,SATATSSGEQF,2
TRBV20-1,TRBJ2-1,SATATTGVAYNEQF,2
TRBV20-1,TRBJ2-1,SATATVVDEQF,1
TRBV20-1,TRBJ2-1,SATATWNEQF,1
TRBV20-1,TRBJ2-1,SATATYEQF,1
TRBV20-1,TRBJ2-1,SATATYNEQF,2
TRBV20-1,TRBJ2-1,SATAVADLINEQF,3
TRBV20-1,TRBJ2-1,SATAVAGANDNEQF,1
TRBV20-1,TRBJ2-1,SATAVAGASYNEQF,1
TRBV20-1,TRBJ2-1,SATAVAGGSSYNEQF,1
TRBV20-1,TRBJ2-1,SATAVAIDNEQF,1
TRBV20-1,TRBJ2-1,SATAVAPGLAVLSSYNEQF,1
TRBV20-1,TRBJ2-1,SATAVATRNEQF,1
TRBV20-1,TRBJ2-1,SATAVDYNEQF,1
TRBV20-1,TRBJ2-1,SATAVEQF,6
TRBV20-1,TRBJ2-1,SATAVFPPGVAF,1
TRBV20-1,TRBJ2-1,SATAVGAYNEQF,2
TRBV20-1,TRBJ2-1,SATAVGDEQF,1
TRBV20-1,TRBJ2-1,SATAVGFQREDDEQF,1
TRBV20-1,TRBJ2-1,SATAVGGQGNEQF,1
TRBV20-1,TRBJ2-1,SATAVGGTLSYNEQF,1
TRBV20-1,TRBJ2-1,SATAVGLGGSYNEQF,2
TRBV20-1,TRBJ2-1,SATAVGPSSYNEQF,1
TRBV20-1,TRBJ2-1,SATAVGQGVGYNEQF,1
TRBV20-1,TRBJ2-1,SATAVGQVYNEQF,1
TRBV20-1,TRBJ2-1,SATAVGSSYNEQF,1
TRBV20-1,TRBJ2-1,SATAVGTSVYNEQF,1
TRBV20-1,TRBJ2-1,SATAVGVAGGRPYNEQF,1
TRBV20-1,TRBJ2-1,SATAVGVVYNEQF,1
TRBV20-1,TRBJ2-1,SATAVGWGLDVDEQF,1
TRBV20-1,TRBJ2-1,SATAVHNEQF,4
TRBV20-1,TRBJ2-1,SATAVLAGGEGFYNEQF,1
TRBV20-1,TRBJ2-1,SATAVLAGGLDEQF,1
TRBV20-1,TRBJ2-1,SATAVLPHGVAF,1
TRBV20-1,TRBJ2-1,SATAVLPPGVAF,84
TRBV20-1,TRBJ2-1,SATAVLPPGVAL,1
TRBV20-1,TRBJ2-1,SATAVLPPWVAF,1
TRBV20-1,TRBJ2-1,SATAVLSYNEQF,1
TRBV20-1,TRBJ2-1,SATAVNEQF,1
TRBV20-1,TRBJ2-1,SATAVNNEQF,1
TRBV20-1,TRBJ2-1,SATAVNYNEQF,1
TRBV20-1,TRBJ2-1,SATAVPGLAGGFYNEQF,1
TRBV20-1,TRBJ2-1,SATAVPGSYNEQF,1
TRBV20-1,TRBJ2-1,SATAVRASGSSYNEQF,1
TRBV20-1,TRBJ2-1,SATAVRHNEQF,1
TRBV20-1,TRBJ2-1,SATAVSAAHF,2
TRBV20-1,TRBJ2-1,SATAVSGGYNEQF,1
TRBV20-1,TRBJ2-1,SATAVSGPSYNEQF,3
TRBV20-1,TRBJ2-1,SATAVSSYNEQF,1
TRBV20-1,TRBJ2-1,SATAVSYNEQF,3
TRBV20-1,TRBJ2-1,SATAVTGSYNEQF,1
TRBV20-1,TRBJ2-1,SATAVTSGTGNEQF,4
TRBV20-1,TRBJ2-1,SATAVTYNEQF,1
TRBV20-1,TRBJ2-1,SATAVVGLAGGPGMFNEQF,1
TRBV20-1,TRBJ2-1,SATAVVGSVNEQF,5
TRBV20-1,TRBJ2-1,SATAWAAGIYNEQF,1
TRBV20-1,TRBJ2-1,SATAWAGGSDEQF,1
TRBV20-1,TRBJ2-1,SATAWAYNEQF,2
TRBV20-1,TRBJ2-1,SATAWDEQF,3
TRBV20-1,TRBJ2-1,SATAWDREIAGLSYDEQF,1
TRBV20-1,TRBJ2-1,SATAWEWSGGSYNEQF,1
TRBV20-1,TRBJ2-1,SATAWGDGRTWNEQF,3
TRBV20-1,TRBJ2-1,SATAWGHNEQF,1
TRBV20-1,TRBJ2-1,SATAWGLADNNEQF,1
TRBV20-1,TRBJ2-1,SATAWGLAGGSNEQF,1
TRBV20-1,TRBJ2-1,SATAWGQYNEQF,1
TRBV20-1,TRBJ2-1,SATAWGSYNEQF,1
TRBV20-1,TRBJ2-1,SATAWGVAGTYNEQF,1
TRBV20-1,TRBJ2-1,SATAWHNEQF,1
TRBV20-1,TRBJ2-1,SATAWIAYNEQF,1
TRBV20-1,TRBJ2-1,SATAWISRRLGNEEF,1
TRBV20-1,TRBJ2-1,SATAWLAGVNEQF,3
TRBV20-1,TRBJ2-1,SATAWNEQF,1
TRBV20-1,TRBJ2-1,SATAWREVYNEQF,1
TRBV20-1,TRBJ2-1,SATAWTESYNEQF,1
TRBV20-1,TRBJ2-1,SATAWTGGFGNEQF,1
TRBV20-1,TRBJ2-1,SATAWTRGRLGNEKF,1
TRBV20-1,TRBJ2-1,SATAYASGIYNEQF,1
TRBV20-1,TRBJ2-1,SATAYEGDNEQF,3
TRBV20-1,TRBJ2-1,SATAYEQF,1
TRBV20-1,TRBJ2-1,SATAYGGSSYNEQF,2
TRBV20-1,TRBJ2-1,SATAYGVYNEQF,1
TRBV20-1,TRBJ2-1,SATAYLLNNEQF,1
TRBV20-1,TRBJ2-1,SATAYNEQF,18
TRBV20-1,TRBJ2-1,SATAYNYNEQF,1
TRBV20-1,TRBJ2-1,SATAYPDNEQF,1
TRBV20-1,TRBJ2-1,SATAYRDRGNNEQF,1
TRBV20-1,TRBJ2-1,SATAYREVGLTVVYEQF,1
TRBV20-1,TRBJ2-1,SATAYRGRWNEQF,1
TRBV20-1,TRBJ2-1,SATAYSRGNEQF,1
TRBV20-1,TRBJ2-1,SATAYTEHNEQF,1
TRBV20-1,TRBJ2-1,SATAYTLAGGAYNEQF,1
TRBV20-1,TRBJ2-1,SATAYTSGSSYNEQF,1
TRBV20-1,TRBJ2-1,SATAYTSRDNEQF,1
TRBV20-1,TRBJ2-1,SATAYVLAGNEQF,1
TRBV20-1,TRBJ2-1,SATCAGGLIEQF,1
TRBV20-1,TRBJ2-1,SATCCPLTYNEQF,1
TRBV20-1,TRBJ2-1,SATCDDSYNEQF,3
TRBV20-1,TRBJ2-1,SATCGEASYNEQF,1
TRBV20-1,TRBJ2-1,SATCLGTSGSYEQF,1
TRBV20-1,TRBJ2-1,SATCPGTGLYNEQF,1
TRBV20-1,TRBJ2-1,SATCPYNEQF,1
TRBV20-1,TRBJ2-1,SATCPYPPKEGPSYNEQF,1
TRBV20-1,TRBJ2-1,SATCRDTLYNEQF,1
TRBV20-1,TRBJ2-1,SATCRESNNEQF,1
TRBV20-1,TRBJ2-1,SATCRTGGYNHEQF,1
TRBV20-1,TRBJ2-1,SATCTSGRIGNGQS,1
TRBV20-1,TRBJ2-1,SATCVKRECSYNEQF,1
TRBV20-1,TRBJ2-1,SATDAAGGPYNEQF,1
TRBV20-1,TRBJ2-1,SATDAAGPHNEQF,1
TRBV20-1,TRBJ2-1,SATDAANYNEQF,1
TRBV20-1,TRBJ2-1,SATDAASWYNEQF,6
TRBV20-1,TRBJ2-1,SATDAEATYNEQF,1
TRBV20-1,TRBJ2-1,SATDAEFSYNEQF,1
TRBV20-1,TRBJ2-1,SATDAFLDNEQF,1
TRBV20-1,TRBJ2-1,SATDAFYNEQF,1
TRBV20-1,TRBJ2-1,SATDAGASGSPYNEQF,1
TRBV20-1,TRBJ2-1,SATDAGFPYNEQF,1
TRBV20-1,TRBJ2-1,SATDAGGPNEQF,1
TRBV20-1,TRBJ2-1,SATDAGGTSSYNEQF,1
TRBV20-1,TRBJ2-1,SATDAGLAANEQF,1
TRBV20-1,TRBJ2-1,SATDAGPNEQF,1
TRBV20-1,TRBJ2-1,SATDAGRKYNEQF,1
TRBV20-1,TRBJ2-1,SATDAGTGALNEQF,1
TRBV20-1,TRBJ2-1,SATDAGTSSLVGQF,1
TRBV20-1,TRBJ2-1,SATDAGTTYNEQF,1
TRBV20-1,TRBJ2-1,SATDAIRSSYNEQF,1
TRBV20-1,TRBJ2-1,SATDALAGGNEQF,1
TRBV20-1,TRBJ2-1,SATDALAMTYNEQF,1
TRBV20-1,TRBJ2-1,SATDALLGNEQF,13
TRBV20-1,TRBJ2-1,SATDALQGSPTFNEQF,1
TRBV20-1,TRBJ2-1,SATDALTNEQF,1
TRBV20-1,TRBJ2-1,SATDALVDNEQF,1
TRBV20-1,TRBJ2-1,SATDAPTGYVHEQF,1
TRBV20-1,TRBJ2-1,SATDARKHEQF,1
TRBV20-1,TRBJ2-1,SATDARRAGGPYEQF,1
TRBV20-1,TRBJ2-1,SATDARYNEQF,1
TRBV20-1,TRBJ2-1,SATDASGKGGNEQF,1
TRBV20-1,TRBJ2-1,SATDASGNYEQF,1
TRBV20-1,TRBJ2-1,SATDASGRDEQF,1
TRBV20-1,TRBJ2-1,SATDASGRYEQF,1
TRBV20-1,TRBJ2-1,SATDASGSSNEQF,1
TRBV20-1,TRBJ2-1,SATDASGTNSYNEQF,1
TRBV20-1,TRBJ2-1,SATDASNEQF,3
TRBV20-1,TRBJ2-1,SATDASSYNEQF,2
TRBV20-1,TRBJ2-1,SATDATRPHNEQF,1
TRBV20-1,TRBJ2-1,SATDATSGSPNEQF,1
TRBV20-1,TRBJ2-1,SATDATYNEQF,1
TRBV20-1,TRBJ2-1,SATDAVAGGRNEQF,4
TRBV20-1,TRBJ2-1,SATDAVASVSYNEQF,4
TRBV20-1,TRBJ2-1,SATDAVSSYNEQF,1
TRBV20-1,TRBJ2-1,SATDAYNEQF,2
TRBV20-1,TRBJ2-1,SATDCTSWRLGNEQF,1
TRBV20-1,TRBJ2-1,SATDDAGLNERNEQF,1
TRBV20-1,TRBJ2-1,SATDDDNEQF,1
TRBV20-1,TRBJ2-1,SATDDELNNEQF,1
TRBV20-1,TRBJ2-1,SATDDEQF,1
TRBV20-1,TRBJ2-1,SATDDGADYNEQF,1
TRBV20-1,TRBJ2-1,SATDDGDYNEQF,1
TRBV20-1,TRBJ2-1,SATDDHNEQF,1
TRBV20-1,TRBJ2-1,SATDDLNEQF,1
TRBV20-1,TRBJ2-1,SATDDNTLYNEQF,1
TRBV20-1,TRBJ2-1,SATDDQNRDSYNEQF,1
TRBV20-1,TRBJ2-1,SATDDRAPTYNEQF,1
TRBV20-1,TRBJ2-1,SATDDRGFDNEQF,1
TRBV20-1,TRBJ2-1,SATDDRNYNEQF,1
TRBV20-1,TRBJ2-1,SATDDRTKVNNEQF,1
TRBV20-1,TRBJ2-1,SATDDRVNNEQF,1
TRBV20-1,TRBJ2-1,SATDDSNEQF,3
TRBV20-1,TRBJ2-1,SATDDSNVQF,1
TRBV20-1,TRBJ2-1,SATDDSPDYNEQF,2
TRBV20-1,TRBJ2-1,SATDDSYNEQF,1
TRBV20-1,TRBJ2-1,SATDDVNEQF,1
TRBV20-1,TRBJ2-1,SATDDVTVNEQF,2
TRBV20-1,TRBJ2-1,SATDDYNEQF,2
TRBV20-1,TRBJ2-1,SATDEASVSNEQC,1
TRBV20-1,TRBJ2-1,SATDEGAESYNEQF,1
TRBV20-1,TRBJ2-1,SATDEGDEQF,3
TRBV20-1,TRBJ2-1,SATDEGGIHEQF,1
TRBV20-1,TRBJ2-1,SATDEGKAYNEQF,1
TRBV20-1,TRBJ2-1,SATDEGLAGRNEQF,1
TRBV20-1,TRBJ2-1,SATDEGLDKNEQF,1
TRBV20-1,TRBJ2-1,SATDEGREQF,1
TRBV20-1,TRBJ2-1,SATDEGYEQF,1
TRBV20-1,TRBJ2-1,SATDEHNEQF,1
TRBV20-1,TRBJ2-1,SATDEKNSSYNEQF,1
TRBV20-1,TRBJ2-1,SATDELAGGPEQC,1
TRBV20-1,TRBJ2-1,SATDELPPRNEQF,4
TRBV20-1,TRBJ2-1,SATDEQF,2
TRBV20-1,TRBJ2-1,SATDERGWFYNEQF,1
TRBV20-1,TRBJ2-1,SATDERLNEQF,1
TRBV20-1,TRBJ2-1,SATDESSYNEQF,1
TRBV20-1,TRBJ2-1,SATDETGTSSVNEQF,1
TRBV20-1,TRBJ2-1,SATDETGYNEQF,1
TRBV20-1,TRBJ2-1,SATDETNEQF,2
TRBV20-1,TRBJ2-1,SATDEWGYNEQF,1
TRBV20-1,TRBJ2-1,SATDEYNEQF,1
TRBV20-1,TRBJ2-1,SATDFAGGSDEQF,4
TRBV20-1,TRBJ2-1,SATDFANEQF,1
TRBV20-1,TRBJ2-1,SATDFASSYNEQF,1
TRBV20-1,TRBJ2-1,SATDFDDYNEQF,1
TRBV20-1,TRBJ2-1,SATDFDNEQF,1
TRBV20-1,TRBJ2-1,SATDFEAVQF,3
TRBV20-1,TRBJ2-1,SATDFGAGAPYNEQF,1
TRBV20-1,TRBJ2-1,SATDFGAYGSYNEQF,4
TRBV20-1,TRBJ2-1,SATDFGGLNEQF,1
TRBV20-1,TRBJ2-1,SATDFGHYNEQF,6
TRBV20-1,TRBJ2-1,SATDFGLARGEHF,1
TRBV20-1,TRBJ2-1,SATDFGLARGEQF,9
TRBV20-1,TRBJ2-1,SATDFGLARNEQF,1
TRBV20-1,TRBJ2-1,SATDFGLAWGEQF,1
TRBV20-1,TRBJ2-1,SATDFGQGGRNEQF,1
TRBV20-1,TRBJ2-1,SATDFGQGPYNEQF,1
TRBV20-1,TRBJ2-1,SATDFGQGVRNEQF,7
TRBV20-1,TRBJ2-1,SATDFGSGSSYNEQF,1
TRBV20-1,TRBJ2-1,SATDFHNEQF,1
TRBV20-1,TRBJ2-1,SATDFHSEQF,1
TRBV20-1,TRBJ2-1,SATDFIWIDEQF,1
TRBV20-1,TRBJ2-1,SATDFLAGRHNEQF,1
TRBV20-1,TRBJ2-1,SATDFLAYNEQF,1
TRBV20-1,TRBJ2-1,SATDFLNNEQF,1
TRBV20-1,TRBJ2-1,SATDFLPHEQF,1
TRBV20-1,TRBJ2-1,SATDFNNEQF,2
TRBV20-1,TRBJ2-1,SATDFPSGRGDEQF,1
TRBV20-1,TRBJ2-1,SATDFPYNEQF,1
TRBV20-1,TRBJ2-1,SATDFRDEQF,3
TRBV20-1,TRBJ2-1,SATDFRRESYEQF,1
TRBV20-1,TRBJ2-1,SATDFRSYNEQF,3
TRBV20-1,TRBJ2-1,SATDFRYNEQF,1
TRBV20-1,TRBJ2-1,SATDFSDVDEQF,1
TRBV20-1,TRBJ2-1,SATDFSGRLLRYYNEQF,3
TRBV20-1,TRBJ2-1,SATDFSSGRRDEQF,1
TRBV20-1,TRBJ2-1,SATDFSSYNEQF,3
TRBV20-1,TRBJ2-1,SATDFSYNEQF,2
TRBV20-1,TRBJ2-1,SATDFTDNEQF,1
TRBV20-1,TRBJ2-1,SATDFTGLAGGQSNEQF,1
TRBV20-1,TRBJ2-1,SATDFVNEQF,1
TRBV20-1,TRBJ2-1,SATDFYNEQF,5
TRBV20-1,TRBJ2-1,SATDFYSYNEQF,1
TRBV20-1,TRBJ2-1,SATDGADEQF,1
TRBV20-1,TRBJ2-1,SATDGAGGPPYNEQF,1
TRBV20-1,TRBJ2-1,SATDGAGGYNEQF,1
TRBV20-1,TRBJ2-1,SATDGANEQF,1
TRBV20-1,TRBJ2-1,SATDGARGAYNEQF,1
TRBV20-1,TRBJ2-1,SATDGASSYNEQF,1
TRBV20-1,TRBJ2-1,SATDGATYNEQF,1
TRBV20-1,TRBJ2-1,SATDGAVGGQF,3
TRBV20-1,TRBJ2-1,SATDGAVYNEQF,1
TRBV20-1,TRBJ2-1,SATDGAYNEQF,1
TRBV20-1,TRBJ2-1,SATDGDEQF,4
TRBV20-1,TRBJ2-1,SATDGDLSYNEQF,1
TRBV20-1,TRBJ2-1,SATDGDNEQF,7
TRBV20-1,TRBJ2-1,SATDGDREQF,6
TRBV20-1,TRBJ2-1,SATDGDRGDNEQF,1
TRBV20-1,TRBJ2-1,SATDGEDEQF,1
TRBV20-1,TRBJ2-1,SATDGEGYNEQF,1
TRBV20-1,TRBJ2-1,SATDGFEQF,1
TRBV20-1,TRBJ2-1,SATDGFSYNEQF,1
TRBV20-1,TRBJ2-1,SATDGFYNEQF,4
TRBV20-1,TRBJ2-1,SATDGGARADEQF,1
TRBV20-1,TRBJ2-1,SATDGGASYNEQF,1
TRBV20-1,TRBJ2-1,SATDGGDNEQF,1
TRBV20-1,TRBJ2-1,SATDGGEQF,2
TRBV20-1,TRBJ2-1,SATDGGGHNEQF,1
TRBV20-1,TRBJ2-1,SATDGGGRTRRGDNEQF,1
TRBV20-1,TRBJ2-1,SATDGGHGSYNEQF,1
TRBV20-1,TRBJ2-1,SATDGGINEQF,5
TRBV20-1,TRBJ2-1,SATDGGISYNEQF,1
TRBV20-1,TRBJ2-1,SATDGGLAGAYNEQF,1
TRBV20-1,TRBJ2-1,SATDGGLHYNEQF,3
TRBV20-1,TRBJ2-1,SATDGGLRNEQF,1
TRBV20-1,TRBJ2-1,SATDGGNEQF,3
TRBV20-1,TRBJ2-1,SATDGGQGDNEQF,1
TRBV20-1,TRBJ2-1,SATDGGQQF,9
TRBV20-1,TRBJ2-1,SATDGGQSYNEQF,1
TRBV20-1,TRBJ2-1,SATDGGQYEQF,1
TRBV20-1,TRBJ2-1,SATDGGRGNNEQF,1
TRBV20-1,TRBJ2-1,SATDGGRTMDEQF,1
TRBV20-1,TRBJ2-1,SATDGGSHEQF,1
TRBV20-1,TRBJ2-1,SATDGGSSYNEQF,4
TRBV20-1,TRBJ2-1,SATDGGTGGPSSYNEQF,1
TRBV20-1,TRBJ2-1,SATDGGTQWDNEQF,1
TRBV20-1,TRBJ2-1,SATDGGTSGNYPLYNEQF,1
TRBV20-1,TRBJ2-1,SATDGGVEVDEQF,3
TRBV20-1,TRBJ2-1,SATDGGYNEQF,5
TRBV20-1,TRBJ2-1,SATDGKGSYNEQF,1
TRBV20-1,TRBJ2-1,SATDGKLAFYNEQF,1
TRBV20-1,TRBJ2-1,SATDGKTYNEQF,1
TRBV20-1,TRBJ2-1,SATDGLAAYNEQF,3
TRBV20-1,TRBJ2-1,SATDGLAGASKYNEQF,1
TRBV20-1,TRBJ2-1,SATDGLAGDYNEQF,1
TRBV20-1,TRBJ2-1,SATDGLAGGRNEQF,1
TRBV20-1,TRBJ2-1,SATDGLAGPNEQF,3
TRBV20-1,TRBJ2-1,SATDGLAGVNEQF,1
TRBV20-1,TRBJ2-1,SATDGLARSYNEQF,1
TRBV20-1,TRBJ2-1,SATDGLATSSYNEQF,1
TRBV20-1,TRBJ2-1,SATDGLDEQF,1
TRBV20-1,TRBJ2-1,SATDGLDNEQF,1
TRBV20-1,TRBJ2-1,SATDGLLGSYNEQF,1
TRBV20-1,TRBJ2-1,SATDGLLNNEQF,1
TRBV20-1,TRBJ2-1,SATDGLLPYNEQF,1
TRBV20-1,TRBJ2-1,SATDGLNVYNEQF,1
TRBV20-1,TRBJ2-1,SATDGLRRYNEQF,9
TRBV20-1,TRBJ2-1,SATDGLTILDEQF,1
TRBV20-1,TRBJ2-1,SATDGLVNEQF,4
TRBV20-1,TRBJ2-1,SATDGLVYNEQF,1
TRBV20-1,TRBJ2-1,SATDGLYNEQF,2
TRBV20-1,TRBJ2-1,SATDGNEQF,1
TRBV20-1,TRBJ2-1,SATDGNNEQF,1
TRBV20-1,TRBJ2-1,SATDGPNEQF,3
TRBV20-1,TRBJ2-1,SATDGPRNNEQF,1
TRBV20-1,TRBJ2-1,SATDGPSYNEQF,1
TRBV20-1,TRBJ2-1,SATDGPWQF,6
TRBV20-1,TRBJ2-1,SATDGPYNEQF,7
TRBV20-1,TRBJ2-1,SATDGQGISSYNEQF,1
TRBV20-1,TRBJ2-1,SATDGQGYHEQF,1
TRBV20-1,TRBJ2-1,SATDGQGYNEQC,1
TRBV20-1,TRBJ2-1,SATDGQGYNEQF,14
TRBV20-1,TRBJ2-1,SATDGQITSNEQF,1
TRBV20-1,TRBJ2-1,SATDGRANNEQF,1
TRBV20-1,TRBJ2-1,SATDGRARDEQF,5
TRBV20-1,TRBJ2-1,SATDGRASHEQF,1
TRBV20-1,TRBJ2-1,SATDGRDEQF,1
TRBV20-1,TRBJ2-1,SATDGRGNEQF,1
TRBV20-1,TRBJ2-1,SATDGRKNEQF,1
TRBV20-1,TRBJ2-1,SATDGRNEQF,4
TRBV20-1,TRBJ2-1,SATDGRRGRNEQF,1
TRBV20-1,TRBJ2-1,SATDGRSELYNEQF,1
TRBV20-1,TRBJ2-1,SATDGRSGLYNEQF,10
TRBV20-1,TRBJ2-1,SATDGRSSYNEQF,1
TRBV20-1,TRBJ2-1,SATDGRSYNEQF,1
TRBV20-1,TRBJ2-1,SATDGRTPYNEQF,1
TRBV20-1,TRBJ2-1,SATDGRWGPISTLSYNEQF,2
TRBV20-1,TRBJ2-1,SATDGRWGPISTLSYNGQF,1
TRBV20-1,TRBJ2-1,SATDGSAYNEQF,1
TRBV20-1,TRBJ2-1,SATDGSGGDNEQF,1
TRBV20-1,TRBJ2-1,SATDGSGRSSYNEQF,1
TRBV20-1,TRBJ2-1,SATDGSRSYNEQF,1
TRBV20-1,TRBJ2-1,SATDGSSLSYNEQF,1
TRBV20-1,TRBJ2-1,SATDGSSSYNEQF,1
TRBV20-1,TRBJ2-1,SATDGSSYDEQF,2
TRBV20-1,TRBJ2-1,SATDGSSYNDQF,1
TRBV20-1,TRBJ2-1,SATDGSSYNEQF,21
TRBV20-1,TRBJ2-1,SATDGSTDNEQF,1
TRBV20-1,TRBJ2-1,SATDGSYNEQF,6
TRBV20-1,TRBJ2-1,SATDGSYSYNEQF,2
TRBV20-1,TRBJ2-1,SATDGTDSLNEQF,1
TRBV20-1,TRBJ2-1,SATDGTESSYNEQF,1
TRBV20-1,TRBJ2-1,SATDGTGEYNEQF,1
TRBV20-1,TRBJ2-1,SATDGTGNNEQF,1
TRBV20-1,TRBJ2-1,SATDGTGSGDEQF,1
TRBV20-1,TRBJ2-1,SATDGTGSYNEQF,1
TRBV20-1,TRBJ2-1,SATDGTGTRNEQF,5
TRBV20-1,TRBJ2-1,SATDGTHGEYNEQF,2
TRBV20-1,TRBJ2-1,SATDGTLNEQF,1
TRBV20-1,TRBJ2-1,SATDGTLYNEQF,1
TRBV20-1,TRBJ2-1,SATDGTRNYNEQF,1
TRBV20-1,TRBJ2-1,SATDGTRRGNEQF,1
TRBV20-1,TRBJ2-1,SATDGTRYNEQF,1
TRBV20-1,TRBJ2-1,SATDGTSAGNEQF,1
TRBV20-1,TRBJ2-1,SATDGTSANNEQF,1
TRBV20-1,TRBJ2-1,SATDGTSGGDRDEQF,1
TRBV20-1,TRBJ2-1,SATDGTSGIQHNEQF,1
TRBV20-1,TRBJ2-1,SATDGTSGNDEQF,1
TRBV20-1,TRBJ2-1,SATDGTSGNNEQF,3
TRBV20-1,TRBJ2-1,SATDGTSGRDEQF,10
TRBV20-1,TRBJ2-1,SATDGTSGRGSNEQF,1
TRBV20-1,TRBJ2-1,SATDGTSGSDEQF,1
TRBV20-1,TRBJ2-1,SATDGTSGSNEQF,1
TRBV20-1,TRBJ2-1,SATDGTSGSVEQF,3
TRBV20-1,TRBJ2-1,SATDGTSGTNEQF,1
TRBV20-1,TRBJ2-1,SATDGTSGVDEQF,1
TRBV20-1,TRBJ2-1,SATDGTSGYNEQF,2
TRBV20-1,TRBJ2-1,SATDGTSSYNEQF,1
TRBV20-1,TRBJ2-1,SATDGTSVNNEQF,1
TRBV20-1,TRBJ2-1,SATDGTSYFNEQF,1
TRBV20-1,TRBJ2-1,SATDGTWGENNDEQF,1
TRBV20-1,TRBJ2-1,SATDGTYNEQF,2
TRBV20-1,TRBJ2-1,SATDGVGVYNEQF,4
TRBV20-1,TRBJ2-1,SATDGVNEQF,1
TRBV20-1,TRBJ2-1,SATDGVPNEQF,2
TRBV20-1,TRBJ2-1,SATDGVRGRYNEQF,3
TRBV20-1,TRBJ2-1,SATDGYEQF,1
TRBV20-1,TRBJ2-1,SATDGYNEQF,9
TRBV20-1,TRBJ2-1,SATDHDNEQF,1
TRBV20-1,TRBJ2-1,SATDHDRVVYNEQF,2
TRBV20-1,TRBJ2-1,SATDHEAGTYNEQF,1
TRBV20-1,TRBJ2-1,SATDHEQF,2
TRBV20-1,TRBJ2-1,SATDHESGRLYNEQF,1
TRBV20-1,TRBJ2-1,SATDHFTGSNEQF,5
TRBV20-1,TRBJ2-1,SATDHGRDYNEQF,1
TRBV20-1,TRBJ2-1,SATDHGRGYNEQF,1
TRBV20-1,TRBJ2-1,SATDHGSYNEQF,1
TRBV20-1,TRBJ2-1,SATDHGYNEQF,1
TRBV20-1,TRBJ2-1,SATDHLAYNEQF,1
TRBV20-1,TRBJ2-1,SATDHNEQF,2
TRBV20-1,TRBJ2-1,SATDHNPYNEQF,6
TRBV20-1,TRBJ2-1,SATDHP,1
TRBV20-1,TRBJ2-1,SATDHPLKSSYNEQF,1
TRBV20-1,TRBJ2-1,SATDHPSGRGFSSYNEQF,1
TRBV20-1,TRBJ2-1,SATDHQRGGLADYNEQF,2
TRBV20-1,TRBJ2-1,SATDHREGMNEQF,8
TRBV20-1,TRBJ2-1,SATDHRGRLNEQF,1
TRBV20-1,TRBJ2-1,SATDHRLAGTGNEQF,1
TRBV20-1,TRBJ2-1,SATDHSRDEQF,1
TRBV20-1,TRBJ2-1,SATDHSYNEQF,1
TRBV20-1,TRBJ2-1,SATDHTDEQF,1
TRBV20-1,TRBJ2-1,SATDHTLTSGIYNEQF,1
TRBV20-1,TRBJ2-1,SATDHTSSYNEQF,1
TRBV20-1,TRBJ2-1,SATDHYNEQF,2
TRBV20-1,TRBJ2-1,SATDIAASSYNEQF,1
TRBV20-1,TRBJ2-1,SATDIAGAVENEQF,1
TRBV20-1,TRBJ2-1,SATDIAGGLWNEQF,1
TRBV20-1,TRBJ2-1,SATDIAGVNEQF,1
TRBV20-1,TRBJ2-1,SATDIDYNEQF,1
TRBV20-1,TRBJ2-1,SATDIFGEQF,1
TRBV20-1,TRBJ2-1,SATDIGASAYNEQF,1
TRBV20-1,TRBJ2-1,SATDIGLAGSYNEQF,6
TRBV20-1,TRBJ2-1,SATDIGQGDEQF,5
TRBV20-1,TRBJ2-1,SATDIHNEQF,1
TRBV20-1,TRBJ2-1,SATDIKGTGPNEQF,1
TRBV20-1,TRBJ2-1,SATDIKLATTYNEQF,1
TRBV20-1,TRBJ2-1,SATDILAGANEQF,1
TRBV20-1,TRBJ2-1,SATDILAGGSHEQF,1
TRBV20-1,TRBJ2-1,SATDILGYEQF,1
TRBV20-1,TRBJ2-1,SATDINNEQF,1
TRBV20-1,TRBJ2-1,SATDIPGGTYNEQF,2
TRBV20-1,TRBJ2-1,SATDIPGLAGEYNEQF,1
TRBV20-1,TRBJ2-1,SATDIPSDNEQF,1
TRBV20-1,TRBJ2-1,SATDIRLANEQF,1
TRBV20-1,TRBJ2-1,SATDIRRRTGDNEQF,1
TRBV20-1,TRBJ2-1,SATDIRSSYNEQF,2
TRBV20-1,TRBJ2-1,SATDISGTYNEQF,1
TRBV20-1,TRBJ2-1,SATDISQKEQF,2
TRBV20-1,TRBJ2-1,SATDISSYNEQF,1
TRBV20-1,TRBJ2-1,SATDISYNEQF,1
TRBV20-1,TRBJ2-1,SATDIWTAHNEQF,1
TRBV20-1,TRBJ2-1,SATDKAGGRGAYNEQF,1
TRBV20-1,TRBJ2-1,SATDKAIGNEQF,1
TRBV20-1,TRBJ2-1,SATDKFNEQF,2
TRBV20-1,TRBJ2-1,SATDKGQLYSYNEQF,1
TRBV20-1,TRBJ2-1,SATDKLRYNEQF,1
TRBV20-1,TRBJ2-1,SATDKPYNEQF,2
TRBV20-1,TRBJ2-1,SATDKRAYNEQF,2
TRBV20-1,TRBJ2-1,SATDKRRSGSGNEQF,2
TRBV20-1,TRBJ2-1,SATDKRSYNEQF,1
TRBV20-1,TRBJ2-1,SATDKRTVDEQF,1
TRBV20-1,TRBJ2-1,SATDKRYNEQF,2
TRBV20-1,TRBJ2-1,SATDKSSYNEQF,1
TRBV20-1,TRBJ2-1,SATDKSYEQF,1
TRBV20-1,TRBJ2-1,SATDKTSGPDYSYNEQF,1
TRBV20-1,TRBJ2-1,SATDKTSILEHEQF,1
TRBV20-1,TRBJ2-1,SATDKVGIYEQF,1
TRBV20-1,TRBJ2-1,SATDKYNEQF,3
TRBV20-1,TRBJ2-1,SATDKYSYNEQF,1
TRBV20-1,TRBJ2-1,SATDLAADEQF,1
TRBV20-1,TRBJ2-1,SATDLAAYNEQF,1
TRBV20-1,TRBJ2-1,SATDLACDEQF,1
TRBV20-1,TRBJ2-1,SATDLAEVYNEQF,1
TRBV20-1,TRBJ2-1,SATDLAGASDEQF,1
TRBV20-1,TRBJ2-1,SATDLAGAWNEQF,1
TRBV20-1,TRBJ2-1,SATDLAGAYNEQF,2
TRBV20-1,TRBJ2-1,SATDLAGEQF,3
TRBV20-1,TRBJ2-1,SATDLAGGFNEQF,1
TRBV20-1,TRBJ2-1,SATDLAGGIDEQF,1
TRBV20-1,TRBJ2-1,SATDLAGGISYNEQF,6
TRBV20-1,TRBJ2-1,SATDLAGGLDEQF,1
TRBV20-1,TRBJ2-1,SATDLAGGNNEQF,1
TRBV20-1,TRBJ2-1,SATDLAGGPYNEQF,1
TRBV20-1,TRBJ2-1,SATDLAGGVNEQF,1
TRBV20-1,TRBJ2-1,SATDLAGGYNEQF,2
TRBV20-1,TRBJ2-1,SATDLAGPYNEQF,2
TRBV20-1,TRBJ2-1,SATDLAGTSFNEQF,1
TRBV20-1,TRBJ2-1,SATDLAGVHYNEQF,1
TRBV20-1,TRBJ2-1,SATDLAGVKNEQF,1
TRBV20-1,TRBJ2-1,SATDLAGVSNEQF,1
TRBV20-1,TRBJ2-1,SATDLAGVYNEQF,1
TRBV20-1,TRBJ2-1,SATDLAHNEQF,8
TRBV20-1,TRBJ2-1,SATDLAILYNEQF,1
TRBV20-1,TRBJ2-1,SATDLASGRVDEQF,1
TRBV20-1,TRBJ2-1,SATDLAVRSYNEQF,1
TRBV20-1,TRBJ2-1,SATDLAWTYNEQF,1
TRBV20-1,TRBJ2-1,SATDLDRGGEDEQF,1
TRBV20-1,TRBJ2-1,SATDLDSAHRRNEQF,1
TRBV20-1,TRBJ2-1,SATDLEGLAGAFYNDQF,1
TRBV20-1,TRBJ2-1,SATDLEGLAGAFYNEQF,6
TRBV20-1,TRBJ2-1,SATDLEGVEGAFYNEQF,1
TRBV20-1,TRBJ2-1,SATDLENEQF,1
TRBV20-1,TRBJ2-1,SATDLEREAYNEQF,1
TRBV20-1,TRBJ2-1,SATDLFAGGYNEQF,2
TRBV20-1,TRBJ2-1,SATDLFSYNEQF,1
TRBV20-1,TRBJ2-1,SATDLGGFYNEQF,1
TRBV20-1,TRBJ2-1,SATDLGGLAGIRGVGMQF,2
TRBV20-1,TRBJ2-1,SATDLGGRGNNEQF,1
TRBV20-1,TRBJ2-1,SATDLGGSYNEQF,1
TRBV20-1,TRBJ2-1,SATDLGIHNEQF,3
TRBV20-1,TRBJ2-1,SATDLGLAASYNEQF,1
TRBV20-1,TRBJ2-1,SATDLGMINEQF,1
TRBV20-1,TRBJ2-1,SATDLGQGRNEQF,1
TRBV20-1,TRBJ2-1,SATDLGQKIYNEQF,1
TRBV20-1,TRBJ2-1,SATDLGQSYNEQF,1
TRBV20-1,TRBJ2-1,SATDLGRGLADYNEQF,1
TRBV20-1,TRBJ2-1,SATDLGSGYNAQF,1
TRBV20-1,TRBJ2-1,SATDLGTGGYNEQF,1
TRBV20-1,TRBJ2-1,SATDLGTTNEQF,2
TRBV20-1,TRBJ2-1,SATDLGTTYNEQF,1
TRBV20-1,TRBJ2-1,SATDLGVYNEQF,1
TRBV20-1,TRBJ2-1,SATDLHNEQF,1
TRBV20-1,TRBJ2-1,SATDLINEQF,1
TRBV20-1,TRBJ2-1,SATDLLAGVRNEQF,1
TRBV20-1,TRBJ2-1,SATDLLAVYNEQF,1
TRBV20-1,TRBJ2-1,SATDLLGASYNEQF,1
TRBV20-1,TRBJ2-1,SATDLLGLAGGISYNEQF,1
TRBV20-1,TRBJ2-1,SATDLLNEQF,1
TRBV20-1,TRBJ2-1,SATDLLSYNEQF,1
TRBV20-1,TRBJ2-1,SATDLNEQF,11
TRBV20-1,TRBJ2-1,SATDLNGVAGGPYEQF,1
TRBV20-1,TRBJ2-1,SATDLNNEQF,3
TRBV20-1,TRBJ2-1,SATDLNYNEQF,1
TRBV20-1,TRBJ2-1,SATDLQEQF,1
TRBV20-1,TRBJ2-1,SATDLQESYSSYNEQF,1
TRBV20-1,TRBJ2-1,SATDLQPHPGTSGSLDEQF,1
TRBV20-1,TRBJ2-1,SATDLRDYNEQF,1
TRBV20-1,TRBJ2-1,SATDLRFYNEQF,1
TRBV20-1,TRBJ2-1,SATDLRGFEQF,1
TRBV20-1,TRBJ2-1,SATDLRGGTNYNEQF,1
TRBV20-1,TRBJ2-1,SATDLRNYYEQF,1
TRBV20-1,TRBJ2-1,SATDLRSFYNEQF,1
TRBV20-1,TRBJ2-1,SATDLRSSYNEQF,1
TRBV20-1,TRBJ2-1,SATDLRTGGPNEQF,1
TRBV20-1,TRBJ2-1,SATDLRTLGYNEQF,1
TRBV20-1,TRBJ2-1,SATDLRTPSYNEQF,1
TRBV20-1,TRBJ2-1,SATDLRVSYNEQF,1
TRBV20-1,TRBJ2-1,SATDLSDEQF,1
TRBV20-1,TRBJ2-1,SATDLSGDYNEQF,1
TRBV20-1,TRBJ2-1,SATDLSGESSYNEQF,1
TRBV20-1,TRBJ2-1,SATDLSGFRGYNEQF,1
TRBV20-1,TRBJ2-1,SATDLSGFSYNEQF,1
TRBV20-1,TRBJ2-1,SATDLSGGPDEQF,2
TRBV20-1,TRBJ2-1,SATDLSGGSYNEQF,1
TRBV20-1,TRBJ2-1,SATDLSGHNEQF,1
TRBV20-1,TRBJ2-1,SATDLSGNSYNEQF,4
TRBV20-1,TRBJ2-1,SATDLSGQSGNEQF,1
TRBV20-1,TRBJ2-1,SATDLSGRGVDEQF,2
TRBV20-1,TRBJ2-1,SATDLSGTSSYNEQF,2
TRBV20-1,TRBJ2-1,SATDLSSYNEQF,5
TRBV20-1,TRBJ2-1,SATDLSYNEQF,7
TRBV20-1,TRBJ2-1,SATDLTDSYNEQF,1
TRBV20-1,TRBJ2-1,SATDLTRGRYNEQF,1
TRBV20-1,TRBJ2-1,SATDLTSGIRYEQF,1
TRBV20-1,TRBJ2-1,SATDLTSGRFDEQF,1
TRBV20-1,TRBJ2-1,SATDLTVSYNEQF,1
TRBV20-1,TRBJ2-1,SATDLTYNEQF,2
TRBV20-1,TRBJ2-1,SATDLTYSYNEQF,1
TRBV20-1,TRBJ2-1,SATDLV,3
TRBV20-1,TRBJ2-1,SATDLVAGGYNEQF,2
TRBV20-1,TRBJ2-1,SATDLVWEDLRNEQF,1
TRBV20-1,TRBJ2-1,SATDLWDTSSYNEQF,1
TRBV20-1,TRBJ2-1,SATDLYEQF,1
TRBV20-1,TRBJ2-1,SATDLYNEQF,7
TRBV20-1,TRBJ2-1,SATDLYSSYNEQF,1
TRBV20-1,TRBJ2-1,SATDMERLTNEQF,1
TRBV20-1,TRBJ2-1,SATDMGRSSYNEQF,1
TRBV20-1,TRBJ2-1,SATDMTGTSYNEQF,1
TRBV20-1,TRBJ2-1,SATDMTSHSYNEQF,1
TRBV20-1,TRBJ2-1,SATDMVPNEQF,1
TRBV20-1,TRBJ2-1,SATDNAGSSYNEQF,3
TRBV20-1,TRBJ2-1,SATDNEQF,44
TRBV20-1,TRBJ2-1,SATDNFRDSTDNEQF,4
TRBV20-1,TRBJ2-1,SATDNGGGSYNEQF,1
TRBV20-1,TRBJ2-1,SATDNGQAGRIGYNEQF,3
TRBV20-1,TRBJ2-1,SATDNLAVGDNEQF,1
TRBV20-1,TRBJ2-1,SATDNLNEQF,1
TRBV20-1,TRBJ2-1,SATDNNEQF,3
TRBV20-1,TRBJ2-1,SATDNNNEQF,1
TRBV20-1,TRBJ2-1,SATDNPTSYNEQF,1
TRBV20-1,TRBJ2-1,SATDNRDEQF,1
TRBV20-1,TRBJ2-1,SATDNRDNEQF,1
TRBV20-1,TRBJ2-1,SATDNRETYNEQF,1
TRBV20-1,TRBJ2-1,SATDNRLRSSYNEQF,1
TRBV20-1,TRBJ2-1,SATDNSFYNEQF,1
TRBV20-1,TRBJ2-1,SATDNSGPGTEQF,4
TRBV20-1,TRBJ2-1,SATDNSLSYNEQF,1
TRBV20-1,TRBJ2-1,SATDNSYNEHF,1
TRBV20-1,TRBJ2-1,SATDNSYNEQF,11
TRBV20-1,TRBJ2-1,SATDNWRRPYNEQF,1
TRBV20-1,TRBJ2-1,SATDNYNEQF,6
TRBV20-1,TRBJ2-1,SATDNYYNEQF,1
TRBV20-1,TRBJ2-1,SATDPADTYNEQF,1
TRBV20-1,TRBJ2-1,SATDPAERSYNEQF,1
TRBV20-1,TRBJ2-1,SATDPAESSYNEQF,2
TRBV20-1,TRBJ2-1,SATDPAEVDNEQF,1
TRBV20-1,TRBJ2-1,SATDPAGATPNEQF,1
TRBV20-1,TRBJ2-1,SATDPAGEGNEQF,1
TRBV20-1,TRBJ2-1,SATDPAGGHNEQF,1
TRBV20-1,TRBJ2-1,SATDPAGVNEQF,3
TRBV20-1,TRBJ2-1,SATDPAIDEQF,1
TRBV20-1,TRBJ2-1,SATDPAPGPKNEQF,1
TRBV20-1,TRBJ2-1,SATDPAPIGDEQF,1
TRBV20-1,TRBJ2-1,SATDPATYNEQF,1
TRBV20-1,TRBJ2-1,SATDPDPLATPEQF,4
TRBV20-1,TRBJ2-1,SATDPDRIISYNEQF,1
TRBV20-1,TRBJ2-1,SATDPDSPYNEQF,1
TRBV20-1,TRBJ2-1,SATDPDTGHNEQF,1
TRBV20-1,TRBJ2-1,SATDPEGSSYNEQF,1
TRBV20-1,TRBJ2-1,SATDPEPNTNEQF,1
TRBV20-1,TRBJ2-1,SATDPERDTNEQF,1
TRBV20-1,TRBJ2-1,SATDPESSYNEQF,1
TRBV20-1,TRBJ2-1,SATDPFEQF,4
TRBV20-1,TRBJ2-1,SATDPFMGNEQF,1
TRBV20-1,TRBJ2-1,SATDPFYNEQF,1
TRBV20-1,TRBJ2-1,SATDPGADEQF,1
TRBV20-1,TRBJ2-1,SATDPGAGGGYNEQF,1
TRBV20-1,TRBJ2-1,SATDPGATAENEQF,1
TRBV20-1,TRBJ2-1,SATDPGDRGLNEQF,1
TRBV20-1,TRBJ2-1,SATDPGEANYNEQF,1
TRBV20-1,TRBJ2-1,SATDPGGLSSYNEQF,1
TRBV20-1,TRBJ2-1,SATDPGGRNEQF,1
TRBV20-1,TRBJ2-1,SATDPGGSSYNEQF,3
TRBV20-1,TRBJ2-1,SATDPGGWNEQF,2
TRBV20-1,TRBJ2-1,SATDPGGYNNEHF,1
TRBV20-1,TRBJ2-1,SATDPGGYNNEQF,2
TRBV20-1,TRBJ2-1,SATDPGKDNEQF,1
TRBV20-1,TRBJ2-1,SATDPGKTYNEQF,1
TRBV20-1,TRBJ2-1,SATDPGLADLSSYNEQF,2
TRBV20-1,TRBJ2-1,SATDPGLAGGMSYNEQF,2
TRBV20-1,TRBJ2-1,SATDPGLAGHEQF,1
TRBV20-1,TRBJ2-1,SATDPGLAGMNEQF,1
TRBV20-1,TRBJ2-1,SATDPGLAGNEQF,1
TRBV20-1,TRBJ2-1,SATDPGLAGRNEQF,1
TRBV20-1,TRBJ2-1,SATDPGLAPKPNEQF,2
TRBV20-1,TRBJ2-1,SATDPGLASNEQF,1
TRBV20-1,TRBJ2-1,SATDPGLATPSYNEQF,4
TRBV20-1,TRBJ2-1,SATDPGLDFTNEQF,1
TRBV20-1,TRBJ2-1,SATDPGLGGNEQF,1
TRBV20-1,TRBJ2-1,SATDPGLGPYNEQF,2
TRBV20-1,TRBJ2-1,SATDPGLGSYNEQF,1
TRBV20-1,TRBJ2-1,SATDPGLHNEQF,1
TRBV20-1,TRBJ2-1,SATDPGLPYNEQF,1
TRBV20-1,TRBJ2-1,SATDPGLTDNEQF,2
TRBV20-1,TRBJ2-1,SATDPGLVGNEQF,1
TRBV20-1,TRBJ2-1,SATDPGQGAVEQF,2
TRBV20-1,TRBJ2-1,SATDPGQGAYNEQF,1
TRBV20-1,TRBJ2-1,SATDPGQGTYNEQF,1
TRBV20-1,TRBJ2-1,SATDPGQGVYNEQF,2
TRBV20-1,TRBJ2-1,SATDPGQPYNEQF,1
TRBV20-1,TRBJ2-1,SATDPGQYNEQF,3
TRBV20-1,TRBJ2-1,SATDPGRNNEQF,1
TRBV20-1,TRBJ2-1,SATDPGRSKLYNEQF,2
TRBV20-1,TRBJ2-1,SATDPGRSWDEQF,1
TRBV20-1,TRBJ2-1,SATDPGRVGNEQF,1
TRBV20-1,TRBJ2-1,SATDPGTGGLNEQF,1
TRBV20-1,TRBJ2-1,SATDPGTGGNEQF,1
TRBV20-1,TRBJ2-1,SATDPGTGISSSYNEQF,1
TRBV20-1,TRBJ2-1,SATDPGTGVVNAQF,1
TRBV20-1,TRBJ2-1,SATDPGTGVVNEQF,3
TRBV20-1,TRBJ2-1,SATDPGTSGANEQF,1
TRBV20-1,TRBJ2-1,SATDPGTSGGYNEQF,1
TRBV20-1,TRBJ2-1,SATDPGTSGNNEQF,1
TRBV20-1,TRBJ2-1,SATDPGTSGRAIHEQF,1
TRBV20-1,TRBJ2-1,SATDPGTSGSRLNNEQF,1
TRBV20-1,TRBJ2-1,SATDPGTSGYNEQF,1
TRBV20-1,TRBJ2-1,SATDPGWEWRNEQF,1
TRBV20-1,TRBJ2-1,SATDPHANEQF,1
TRBV20-1,TRBJ2-1,SATDPHEQF,2
TRBV20-1,TRBJ2-1,SATDPIANNEQF,1
TRBV20-1,TRBJ2-1,SATDPILAGSYKEQF,1
TRBV20-1,TRBJ2-1,SATDPISVDEQF,1
TRBV20-1,TRBJ2-1,SATDPKGANEQF,1
TRBV20-1,TRBJ2-1,SATDPKGPNEQF,1
TRBV20-1,TRBJ2-1,SATDPKRYNEQF,1
TRBV20-1,TRBJ2-1,SATDPLAADNEQF,3
TRBV20-1,TRBJ2-1,SATDPLADLYNEQF,1
TRBV20-1,TRBJ2-1,SATDPLAELSYNEQF,1
TRBV20-1,TRBJ2-1,SATDPLAGGKNEQF,1
TRBV20-1,TRBJ2-1,SATDPLAGGPRSSYNEQF,1
TRBV20-1,TRBJ2-1,SATDPLAGNNEQF,1
TRBV20-1,TRBJ2-1,SATDPLAGSYNEQF,1
TRBV20-1,TRBJ2-1,SATDPLAGTYNEQF,1
TRBV20-1,TRBJ2-1,SATDPLAGYNEQF,15
TRBV20-1,TRBJ2-1,SATDPLAPPLNEQF,1
TRBV20-1,TRBJ2-1,SATDPLAVAYNEQF,1
TRBV20-1,TRBJ2-1,SATDPLAVSYNEQF,4
TRBV20-1,TRBJ2-1,SATDPLEFSYNEQF,1
TRBV20-1,TRBJ2-1,SATDPLGDEQF,1
TRBV20-1,TRBJ2-1,SATDPLGYNEQF,1
TRBV20-1,TRBJ2-1,SATDPLHEQF,1
TRBV20-1,TRBJ2-1,SATDPLNEQF,1
TRBV20-1,TRBJ2-1,SATDPLRLAGGLPLKGEQF,1
TRBV20-1,TRBJ2-1,SATDPLRTSYNEQF,1
TRBV20-1,TRBJ2-1,SATDPLSSYNEQF,5
TRBV20-1,TRBJ2-1,SATDPLSYNEQF,1
TRBV20-1,TRBJ2-1,SATDPLTSGKMSSYNEQF,1
TRBV20-1,TRBJ2-1,SATDPMNNEQF,1
TRBV20-1,TRBJ2-1,SATDPNEQF,4
TRBV20-1,TRBJ2-1,SATDPNLRGYNEQF,2
TRBV20-1,TRBJ2-1,SATDPNSEQF,4
TRBV20-1,TRBJ2-1,SATDPNSMSSYNEQF,1
TRBV20-1,TRBJ2-1,SATDPNSYNEQF,1
TRBV20-1,TRBJ2-1,SATDPPEQF,5
TRBV20-1,TRBJ2-1,SATDPPGGPGNEQF,1
TRBV20-1,TRBJ2-1,SATDPPGTSGRNEQF,1
TRBV20-1,TRBJ2-1,SATDPPQGHEQF,1
TRBV20-1,TRBJ2-1,SATDPPSRNEQF,1
TRBV20-1,TRBJ2-1,SATDPPSTTSYNEQF,1
TRBV20-1,TRBJ2-1,SATDPPYNEQF,6
TRBV20-1,TRBJ2-1,SATDPQGNHNEQF,1
TRBV20-1,TRBJ2-1,SATDPQLREGLVIPDEQF,1
TRBV20-1,TRBJ2-1,SATDPRASYNEQF,1
TRBV20-1,TRBJ2-1,SATDPRAVYNEQF,1
TRBV20-1,TRBJ2-1,SATDPRDRSHEQF,1
TRBV20-1,TRBJ2-1,SATDPRDYSYNEQF,1
TRBV20-1,TRBJ2-1,SATDPREATNEQF,1
TRBV20-1,TRBJ2-1,SATDPREGPRHEQF,1
TRBV20-1,TRBJ2-1,SATDPREWYNEQF,1
TRBV20-1,TRBJ2-1,SATDPRGGNEQF,2
TRBV20-1,TRBJ2-1,SATDPRGGSISNEQF,1
TRBV20-1,TRBJ2-1,SATDPRGVRSYNEQF,1
TRBV20-1,TRBJ2-1,SATDPRLAESYNEQF,1
TRBV20-1,TRBJ2-1,SATDPRLSGNEQF,1
TRBV20-1,TRBJ2-1,SATDPRQGANEQF,1
TRBV20-1,TRBJ2-1,SATDPRQGNDEQF,1
TRBV20-1,TRBJ2-1,SATDPRQGTNEQF,1
TRBV20-1,TRBJ2-1,SATDPRRANEQF,1
TRBV20-1,TRBJ2-1,SATDPRRLNEQF,1
TRBV20-1,TRBJ2-1,SATDPRSSYNEQF,1
TRBV20-1,TRBJ2-1,SATDPRSYNEEF,1
TRBV20-1,TRBJ2-1,SATDPRSYNEQF,3
TRBV20-1,TRBJ2-1,SATDPRTGGNEQF,1
TRBV20-1,TRBJ2-1,SATDPRTSGDEQF,2
TRBV20-1,TRBJ2-1,SATDPRTSRNEQF,1
TRBV20-1,TRBJ2-1,SATDPRTYNEQF,1
TRBV20-1,TRBJ2-1,SATDPRWSNEQF,1
TRBV20-1,TRBJ2-1,SATDPSAHNEQF,2
TRBV20-1,TRBJ2-1,SATDPSDSYNEQF,1
TRBV20-1,TRBJ2-1,SATDPSGGGYEQF,1
TRBV20-1,TRBJ2-1,SATDPSGKNEQF,1
TRBV20-1,TRBJ2-1,SATDPSGQSDYNEQF,1
TRBV20-1,TRBJ2-1,SATDPSGRAGYNEQF,1
TRBV20-1,TRBJ2-1,SATDPSGRAVNEQF,1
TRBV20-1,TRBJ2-1,SATDPSGRGNEQF,1
TRBV20-1,TRBJ2-1,SATDPSGRGYNEQF,1
TRBV20-1,TRBJ2-1,SATDPSGRHRETYEQF,1
TRBV20-1,TRBJ2-1,SATDPSGRNEQF,1
TRBV20-1,TRBJ2-1,SATDPSGRSSNEQF,1
TRBV20-1,TRBJ2-1,SATDPSGRSYNEQF,1
TRBV20-1,TRBJ2-1,SATDPSGRVDEQF,5
TRBV20-1,TRBJ2-1,SATDPSGRVGKNEQF,1
TRBV20-1,TRBJ2-1,SATDPSGSMSFNEQF,1
TRBV20-1,TRBJ2-1,SATDPSGSRSYNEQF,6
TRBV20-1,TRBJ2-1,SATDPSGTASNEQF,1
TRBV20-1,TRBJ2-1,SATDPSLQAMGQF,1
TRBV20-1,TRBJ2-1,SATDPSNRNEQF,1
TRBV20-1,TRBJ2-1,SATDPSNSYNEQF,1
TRBV20-1,TRBJ2-1,SATDPSPGEGRNEQF,10
TRBV20-1,TRBJ2-1,SATDPSQGPDEQF,1
TRBV20-1,TRBJ2-1,SATDPSRLAGAVYNEQF,1
TRBV20-1,TRBJ2-1,SATDPSSGLQHNEQF,2
TRBV20-1,TRBJ2-1,SATDPSSTYNEQF,1
TRBV20-1,TRBJ2-1,SATDPSSWYYNEQF,1
TRBV20-1,TRBJ2-1,SATDPSSYNEQF,7
TRBV20-1,TRBJ2-1,SATDPSVYEQF,1
TRBV20-1,TRBJ2-1,SATDPSYLNEQF,1
TRBV20-1,TRBJ2-1,SATDPTAYNEQF,1
TRBV20-1,TRBJ2-1,SATDPTDFDEQF,1
TRBV20-1,TRBJ2-1,SATDPTGAYNEQF,1
TRBV20-1,TRBJ2-1,SATDPTGLAEYNEQF,1
TRBV20-1,TRBJ2-1,SATDPTSGKTYNEQF,1
TRBV20-1,TRBJ2-1,SATDPTSGQSYNEQF,1
TRBV20-1,TRBJ2-1,SATDPTSGYNEQF,1
TRBV20-1,TRBJ2-1,SATDPTSYEQF,1
TRBV20-1,TRBJ2-1,SATDPTSYNEQF,1
TRBV20-1,TRBJ2-1,SATDPTVSYNEQF,1
TRBV20-1,TRBJ2-1,SATDPVAGNYNEQF,1
TRBV20-1,TRBJ2-1,SATDPVDYNEQF,1
TRBV20-1,TRBJ2-1,SATDPVERSYNEQF,1
TRBV20-1,TRBJ2-1,SATDPVHRYNEQF,1
TRBV20-1,TRBJ2-1,SATDPVLAGNNEQF,5
TRBV20-1,TRBJ2-1,SATDPVRHEQF,1
TRBV20-1,TRBJ2-1,SATDPVSGLF,1
TRBV20-1,TRBJ2-1,SATDPWGTQNNEQF,1
TRBV20-1,TRBJ2-1,SATDPWTSGTPAQDEQF,1
TRBV20-1,TRBJ2-1,SATDPYGTYNEQF,1
TRBV20-1,TRBJ2-1,SATDPYVAGMTYNEQF,1
TRBV20-1,TRBJ2-1,SATDQAGADNEQF,1
TRBV20-1,TRBJ2-1,SATDQAGGGNEQF,1
TRBV20-1,TRBJ2-1,SATDQALPYNEQF,2
TRBV20-1,TRBJ2-1,SATDQDEQF,2
TRBV20-1,TRBJ2-1,SATDQEQF,1
TRBV20-1,TRBJ2-1,SATDQFPGPLPGNEQF,1
TRBV20-1,TRBJ2-1,SATDQFYEQF,1
TRBV20-1,TRBJ2-1,SATDQGAGYNEQF,1
TRBV20-1,TRBJ2-1,SATDQGASSYNEQF,1
TRBV20-1,TRBJ2-1,SATDQGDEQF,1
TRBV20-1,TRBJ2-1,SATDQGGAYEQF,1
TRBV20-1,TRBJ2-1,SATDQGGRVNEQF,2
TRBV20-1,TRBJ2-1,SATDQGLPAGQF,2
TRBV20-1,TRBJ2-1,SATDQGNEQF,4
TRBV20-1,TRBJ2-1,SATDQHHSYNEQF,1
TRBV20-1,TRBJ2-1,SATDQLAGVYNEQF,3
TRBV20-1,TRBJ2-1,SATDQNEQF,1
TRBV20-1,TRBJ2-1,SATDQNNEQF,4
TRBV20-1,TRBJ2-1,SATDQPASYNEQF,1
TRBV20-1,TRBJ2-1,SATDQRDWREDNEQF,1
TRBV20-1,TRBJ2-1,SATDQREASYNEQF,1
TRBV20-1,TRBJ2-1,SATDQREINEQF,1
TRBV20-1,TRBJ2-1,SATDQRKGGNEQF,2
TRBV20-1,TRBJ2-1,SATDQRSRNEQF,1
TRBV20-1,TRBJ2-1,SATDQSGYEQF,2
TRBV20-1,TRBJ2-1,SATDQSQEQF,4
TRBV20-1,TRBJ2-1,SATDQSSSYNEQF,1
TRBV20-1,TRBJ2-1,SATDQSSYNEQF,4
TRBV20-1,TRBJ2-1,SATDQTGRYEQF,1
TRBV20-1,TRBJ2-1,SATDQTSGRRYEQF,1
TRBV20-1,TRBJ2-1,SATDQTYNEQF,2
TRBV20-1,TRBJ2-1,SATDQVNLHEQF,1
TRBV20-1,TRBJ2-1,SATDQYNEQF,2
TRBV20-1,TRBJ2-1,SATDRAAAYNEQF,1
TRBV20-1,TRBJ2-1,SATDRAANEQF,1
TRBV20-1,TRBJ2-1,SATDRAAPYNEQF,1
TRBV20-1,TRBJ2-1,SATDRAAVNEQF,1
TRBV20-1,TRBJ2-1,SATDRAAYNEQF,1
TRBV20-1,TRBJ2-1,SATDRADEQF,3
TRBV20-1,TRBJ2-1,SATDRAEATYNEQF,1
TRBV20-1,TRBJ2-1,SATDRAGDEQF,1
TRBV20-1,TRBJ2-1,SATDRAGEGLYNEQF,1
TRBV20-1,TRBJ2-1,SATDRAGEQF,5
TRBV20-1,TRBJ2-1,SATDRAGHEQF,1
TRBV20-1,TRBJ2-1,SATDRAGLYNEQF,1
TRBV20-1,TRBJ2-1,SATDRAGVLNEQF,1
TRBV20-1,TRBJ2-1,SATDRAGVVNEQF,1
TRBV20-1,TRBJ2-1,SATDRAGYNEQF,1
TRBV20-1,TRBJ2-1,SATDRAHEQF,2
TRBV20-1,TRBJ2-1,SATDRAHYNEQF,1
TRBV20-1,TRBJ2-1,SATDRALAGAEYNEQF,1
TRBV20-1,TRBJ2-1,SATDRALGNEQF,1
TRBV20-1,TRBJ2-1,SATDRALHNEQF,3
TRBV20-1,TRBJ2-1,SATDRALLWKNEQF,1
TRBV20-1,TRBJ2-1,SATDRALSYNEQF,1
TRBV20-1,TRBJ2-1,SATDRAMDNEQF,1
TRBV20-1,TRBJ2-1,SATDRANEQF,10
TRBV20-1,TRBJ2-1,SATDRANNEQF,1
TRBV20-1,TRBJ2-1,SATDRAPNEQF,1
TRBV20-1,TRBJ2-1,SATDRAPSSYNEQF,1
TRBV20-1,TRBJ2-1,SATDRAQKKREVYNEQF,1
TRBV20-1,TRBJ2-1,SATDRAQTNEQF,1
TRBV20-1,TRBJ2-1,SATDRARGSYNEQF,2
TRBV20-1,TRBJ2-1,SATDRARKAGNEQF,1
TRBV20-1,TRBJ2-1,SATDRARLGNEQF,3
TRBV20-1,TRBJ2-1,SATDRARNEQF,1
TRBV20-1,TRBJ2-1,SATDRARYNEQF,2
TRBV20-1,TRBJ2-1,SATDRASGIYNEQF,1
TRBV20-1,TRBJ2-1,SATDRASPYNEQF,1
TRBV20-1,TRBJ2-1,SATDRASSSYNEQF,1
TRBV20-1,TRBJ2-1,SATDRASSYNEQF,2
TRBV20-1,TRBJ2-1,SATDRASYNEQF,12
TRBV20-1,TRBJ2-1,SATDRATNNEQF,1
TRBV20-1,TRBJ2-1,SATDRATYNEQF,1
TRBV20-1,TRBJ2-1,SATDRAVNEQF,1
TRBV20-1,TRBJ2-1,SATDRAWGNEQF,1
TRBV20-1,TRBJ2-1,SATDRAYLYRGQF,1
TRBV20-1,TRBJ2-1,SATDRAYNEQF,5
TRBV20-1,TRBJ2-1,SATDRDAPGNEQF,1
TRBV20-1,TRBJ2-1,SATDRDDNEQF,1
TRBV20-1,TRBJ2-1,SATDRDEPTLYNEQF,1
TRBV20-1,TRBJ2-1,SATDRDEQF,6
TRBV20-1,TRBJ2-1,SATDRDFYNEQF,1
TRBV20-1,TRBJ2-1,SATDRDGGGTYNEQF,1
TRBV20-1,TRBJ2-1,SATDRDGSWADEQF,1
TRBV20-1,TRBJ2-1,SATDRDHEQF,1
TRBV20-1,TRBJ2-1,SATDRDKRSYNEQF,1
TRBV20-1,TRBJ2-1,SATDRDLDYYNEQF,2
TRBV20-1,TRBJ2-1,SATDRDLWGNEQF,1
TRBV20-1,TRBJ2-1,SATDRDNEQF,22
TRBV20-1,TRBJ2-1,SATDRDNSYNEQF,1
TRBV20-1,TRBJ2-1,SATDRDPEAYNEQF,1
TRBV20-1,TRBJ2-1,SATDRDPIHNEQF,1
TRBV20-1,TRBJ2-1,SATDRDPNEQF,1
TRBV20-1,TRBJ2-1,SATDRDPYNEQF,1
TRBV20-1,TRBJ2-1,SATDRDQF,2
TRBV20-1,TRBJ2-1,SATDRDRDYNEQF,1
TRBV20-1,TRBJ2-1,SATDRDREWDEQF,1
TRBV20-1,TRBJ2-1,SATDRDRGHNEQF,1
TRBV20-1,TRBJ2-1,SATDRDRGLHEQF,1
TRBV20-1,TRBJ2-1,SATDRDRGLNEQF,3
TRBV20-1,TRBJ2-1,SATDRDRGNEQF,1
TRBV20-1,TRBJ2-1,SATDRDRGQDEQF,1
TRBV20-1,TRBJ2-1,SATDRDRGSEQF,2
TRBV20-1,TRBJ2-1,SATDRDRGVYNEQF,1
TRBV20-1,TRBJ2-1,SATDRDRSYNEQF,1
TRBV20-1,TRBJ2-1,SATDRDRTNEQF,1
TRBV20-1,TRBJ2-1,SATDRDRVNEQF,1
TRBV20-1,TRBJ2-1,SATDRDRVNNEQF,1
TRBV20-1,TRBJ2-1,SATDRDRVYNEQF,1
TRBV20-1,TRBJ2-1,SATDRDRWMSSPYNEQF,1
TRBV20-1,TRBJ2-1,SATDRDRYNEQF,2
TRBV20-1,TRBJ2-1,SATDRDSSSYNEQF,1
TRBV20-1,TRBJ2-1,SATDRDTYNEQF,1
TRBV20-1,TRBJ2-1,SATDRDYEQF,2
TRBV20-1,TRBJ2-1,SATDRDYNEQF,7
TRBV20-1,TRBJ2-1,SATDRDYYNEQF,1
TRBV20-1,TRBJ2-1,SATDREAFDEQF,4
TRBV20-1,TRBJ2-1,SATDREAGSYNEQF,1
TRBV20-1,TRBJ2-1,SATDREAMGDEQF,3
TRBV20-1,TRBJ2-1,SATDREAYNEQF,2
TRBV20-1,TRBJ2-1,SATDREDEQF,1
TRBV20-1,TRBJ2-1,SATDREDNEQF,8
TRBV20-1,TRBJ2-1,SATDREGLGNEQF,2
TRBV20-1,TRBJ2-1,SATDREGLGNEQV,1
TRBV20-1,TRBJ2-1,SATDREGSYNEQF,1
TRBV20-1,TRBJ2-1,SATDREGTSGRAYNEQF,1
TRBV20-1,TRBJ2-1,SATDREKSSYNEQF,2
TRBV20-1,TRBJ2-1,SATDREKYNEQF,2
TRBV20-1,TRBJ2-1,SATDRELNEQF,1
TRBV20-1,TRBJ2-1,SATDRENEQF,2
TRBV20-1,TRBJ2-1,SATDRENLGNEQF,1
TRBV20-1,TRBJ2-1,SATDRENLRNEQF,1
TRBV20-1,TRBJ2-1,SATDREPLNEQF,1
TRBV20-1,TRBJ2-1,SATDREQGVYNEQF,1
TRBV20-1,TRBJ2-1,SATDRERASGNEQF,1
TRBV20-1,TRBJ2-1,SATDRERYNEQF,1
TRBV20-1,TRBJ2-1,SATDRESHEQF,1
TRBV20-1,TRBJ2-1,SATDRESHYYNEQF,1
TRBV20-1,TRBJ2-1,SATDRESPGNEQF,1
TRBV20-1,TRBJ2-1,SATDRETYNEQF,3
TRBV20-1,TRBJ2-1,SATDREVHNEQF,1
TRBV20-1,TRBJ2-1,SATDREVYNEQF,1
TRBV20-1,TRBJ2-1,SATDREYEQF,2
TRBV20-1,TRBJ2-1,SATDREYNEQF,2
TRBV20-1,TRBJ2-1,SATDRFPNEQF,3
TRBV20-1,TRBJ2-1,SATDRFSSYNEQF,1
TRBV20-1,TRBJ2-1,SATDRFSYNEQF,1
TRBV20-1,TRBJ2-1,SATDRFTYNEQF,1
TRBV20-1,TRBJ2-1,SATDRFWGLDEQF,1
TRBV20-1,TRBJ2-1,SATDRGAIRYNEQF,1
TRBV20-1,TRBJ2-1,SATDRGAKDYNEQF,1
TRBV20-1,TRBJ2-1,SATDRGAPSYNEQF,1
TRBV20-1,TRBJ2-1,SATDRGASGNEQF,1
TRBV20-1,TRBJ2-1,SATDRGASSYNEQF,1
TRBV20-1,TRBJ2-1,SATDRGASYNEQF,1
TRBV20-1,TRBJ2-1,SATDRGAYNEQF,6
TRBV20-1,TRBJ2-1,SATDRGDEQF,11
TRBV20-1,TRBJ2-1,SATDRGDNEQF,9
TRBV20-1,TRBJ2-1,SATDRGDYGDNEQF,1
TRBV20-1,TRBJ2-1,SATDRGEYNEQF,2
TRBV20-1,TRBJ2-1,SATDRGFGSPYNEQF,1
TRBV20-1,TRBJ2-1,SATDRGFHNEQF,1
TRBV20-1,TRBJ2-1,SATDRGFRNEQF,1
TRBV20-1,TRBJ2-1,SATDRGFTDEQF,1
TRBV20-1,TRBJ2-1,SATDRGFYNEQF,1
TRBV20-1,TRBJ2-1,SATDRGGAGGPYNEQF,1
TRBV20-1,TRBJ2-1,SATDRGGESSYNEQF,1
TRBV20-1,TRBJ2-1,SATDRGGFDEQF,1
TRBV20-1,TRBJ2-1,SATDRGGFNEQF,1
TRBV20-1,TRBJ2-1,SATDRGGFSYNEQF,1
TRBV20-1,TRBJ2-1,SATDRGGGDEQF,1
TRBV20-1,TRBJ2-1,SATDRGGGGNYNEQF,1
TRBV20-1,TRBJ2-1,SATDRGGGRAGEQF,1
TRBV20-1,TRBJ2-1,SATDRGGIDEQF,1
TRBV20-1,TRBJ2-1,SATDRGGKAYNEQF,2
TRBV20-1,TRBJ2-1,SATDRGGLNEQF,4
TRBV20-1,TRBJ2-1,SATDRGGPYNEQF,1
TRBV20-1,TRBJ2-1,SATDRGGRAHNEQF,1
TRBV20-1,TRBJ2-1,SATDRGGRDEQF,1
TRBV20-1,TRBJ2-1,SATDRGGRNEQF,8
TRBV20-1,TRBJ2-1,SATDRGGSHRYNEQF,1
TRBV20-1,TRBJ2-1,SATDRGGSKGNEQF,1
TRBV20-1,TRBJ2-1,SATDRGGSNNEQF,1
TRBV20-1,TRBJ2-1,SATDRGGSSYNEQF,1
TRBV20-1,TRBJ2-1,SATDRGGYDEQF,1
TRBV20-1,TRBJ2-1,SATDRGGYNEQF,6
TRBV20-1,TRBJ2-1,SATDRGHEQF,9
TRBV20-1,TRBJ2-1,SATDRGHYNEQF,1
TRBV20-1,TRBJ2-1,SATDRGIANEQF,1
TRBV20-1,TRBJ2-1,SATDRGIGNEQF,1
TRBV20-1,TRBJ2-1,SATDRGIHNEQF,1
TRBV20-1,TRBJ2-1,SATDRGIPYNEQF,1
TRBV20-1,TRBJ2-1,SATDRGKGDEQF,3
TRBV20-1,TRBJ2-1,SATDRGKSFNEQF,1
TRBV20-1,TRBJ2-1,SATDRGKSVNEQF,1
TRBV20-1,TRBJ2-1,SATDRGKVVSNEQF,1
TRBV20-1,TRBJ2-1,SATDRGKYNEQF,1
TRBV20-1,TRBJ2-1,SATDRGLAGAYEQF,1
TRBV20-1,TRBJ2-1,SATDRGLAGGRLGNEQF,3
TRBV20-1,TRBJ2-1,SATDRGLAPNEQF,1
TRBV20-1,TRBJ2-1,SATDRGLAVYNEQF,2
TRBV20-1,TRBJ2-1,SATDRGLDNEQF,3
TRBV20-1,TRBJ2-1,SATDRGLDYEQF,2
TRBV20-1,TRBJ2-1,SATDRGLGNEQF,1
TRBV20-1,TRBJ2-1,SATDRGLHEQF,1
TRBV20-1,TRBJ2-1,SATDRGLHNEQF,1
TRBV20-1,TRBJ2-1,SATDRGLHSYNEQF,1
TRBV20-1,TRBJ2-1,SATDRGLKNEQF,1
TRBV20-1,TRBJ2-1,SATDRGLNEQF,1
TRBV20-1,TRBJ2-1,SATDRGLNNEQF,4
TRBV20-1,TRBJ2-1,SATDRGLRNEQF,2
TRBV20-1,TRBJ2-1,SATDRGLRYNEQF,1
TRBV20-1,TRBJ2-1,SATDRGLSGRANSDEQF,1
TRBV20-1,TRBJ2-1,SATDRGLSNEQF,1
TRBV20-1,TRBJ2-1,SATDRGLTNEQF,1
TRBV20-1,TRBJ2-1,SATDRGLYNEQF,4
TRBV20-1,TRBJ2-1,SATDRGNEQF,29
TRBV20-1,TRBJ2-1,SATDRGNNEQF,5
TRBV20-1,TRBJ2-1,SATDRGNTYNEQF,1
TRBV20-1,TRBJ2-1,SATDRGNYNEQF,1
TRBV20-1,TRBJ2-1,SATDRGPHEQF,1
TRBV20-1,TRBJ2-1,SATDRGPNDEQF,1
TRBV20-1,TRBJ2-1,SATDRGPNEQF,2
TRBV20-1,TRBJ2-1,SATDRGPPYNEQF,1
TRBV20-1,TRBJ2-1,SATDRGPSSYNEQF,4
TRBV20-1,TRBJ2-1,SATDRGPWDEQF,1
TRBV20-1,TRBJ2-1,SATDRGPYNEQF,6
TRBV20-1,TRBJ2-1,SATDRGQGNEQF,2
TRBV20-1,TRBJ2-1,SATDRGQNEQF,1
TRBV20-1,TRBJ2-1,SATDRGQTSYNEQF,1
TRBV20-1,TRBJ2-1,SATDRGQVEQF,7
TRBV20-1,TRBJ2-1,SATDRGQYEQF,1
TRBV20-1,TRBJ2-1,SATDRGRAGGINEQF,1
TRBV20-1,TRBJ2-1,SATDRGRANEQF,1
TRBV20-1,TRBJ2-1,SATDRGRAQNEQF,1
TRBV20-1,TRBJ2-1,SATDRGRATSNEQF,1
TRBV20-1,TRBJ2-1,SATDRGRAYNEQF,1
TRBV20-1,TRBJ2-1,SATDRGRDNEQF,1
TRBV20-1,TRBJ2-1,SATDRGREAGANEQF,1
TRBV20-1,TRBJ2-1,SATDRGRFNEQF,1
TRBV20-1,TRBJ2-1,SATDRGRFRAGNEQF,1
TRBV20-1,TRBJ2-1,SATDRGRGLAGAYNEQF,1
TRBV20-1,TRBJ2-1,SATDRGRGNEQF,1
TRBV20-1,TRBJ2-1,SATDRGRGWNEQF,1
TRBV20-1,TRBJ2-1,SATDRGRIDEQF,1
TRBV20-1,TRBJ2-1,SATDRGRKLDEQF,2
TRBV20-1,TRBJ2-1,SATDRGRLYNEQF,1
TRBV20-1,TRBJ2-1,SATDRGRNEQF,1
TRBV20-1,TRBJ2-1,SATDRGRNNEQF,1
TRBV20-1,TRBJ2-1,SATDRGRNYNEQF,1
TRBV20-1,TRBJ2-1,SATDRGRPNEQF,2
TRBV20-1,TRBJ2-1,SATDRGRPYNEQF,1
TRBV20-1,TRBJ2-1,SATDRGRRDEQF,1
TRBV20-1,TRBJ2-1,SATDRGRRNEQF,2
TRBV20-1,TRBJ2-1,SATDRGRSGSSYNEQF,1
TRBV20-1,TRBJ2-1,SATDRGRSNEQF,2
TRBV20-1,TRBJ2-1,SATDRGRSSYNEQF,2
TRBV20-1,TRBJ2-1,SATDRGRSYNEQF,1
TRBV20-1,TRBJ2-1,SATDRGRTVLYNEQF,1
TRBV20-1,TRBJ2-1,SATDRGRTYNEQF,1
TRBV20-1,TRBJ2-1,SATDRGRVDEQF,1
TRBV20-1,TRBJ2-1,SATDRGRVKGYNEQF,1
TRBV20-1,TRBJ2-1,SATDRGRWAGDSYNEQF,2
TRBV20-1,TRBJ2-1,SATDRGRWNEQF,1
TRBV20-1,TRBJ2-1,SATDRGRYNEQF,3
TRBV20-1,TRBJ2-1,SATDRGSALNNEQF,1
TRBV20-1,TRBJ2-1,SATDRGSGVYNEQF,1
TRBV20-1,TRBJ2-1,SATDRGSHNEQF,3
TRBV20-1,TRBJ2-1,SATDRGSINEQF,2
TRBV20-1,TRBJ2-1,SATDRGSLAGTPYNEQF,1
TRBV20-1,TRBJ2-1,SATDRGSNEQF,1
TRBV20-1,TRBJ2-1,SATDRGSRNEQF,2
TRBV20-1,TRBJ2-1,SATDRGSSNEQF,1
TRBV20-1,TRBJ2-1,SATDRGSTDEQF,9
TRBV20-1,TRBJ2-1,SATDRGSVNEQF,1
TRBV20-1,TRBJ2-1,SATDRGSYNEQF,27
TRBV20-1,TRBJ2-1,SATDRGTGSYNEQF,1
TRBV20-1,TRBJ2-1,SATDRGTLNEQF,1
TRBV20-1,TRBJ2-1,SATDRGTLRTNEQF,1
TRBV20-1,TRBJ2-1,SATDRGTSGSLYNEQF,1
TRBV20-1,TRBJ2-1,SATDRGTSNEQF,1
TRBV20-1,TRBJ2-1,SATDRGTYNEQF,22
TRBV20-1,TRBJ2-1,SATDRGVFDEQF,1
TRBV20-1,TRBJ2-1,SATDRGVSSYNEQF,1
TRBV20-1,TRBJ2-1,SATDRGVTDEQF,3
TRBV20-1,TRBJ2-1,SATDRGVYNEQF,1
TRBV20-1,TRBJ2-1,SATDRGWDEQF,3
TRBV20-1,TRBJ2-1,SATDRGWYNEQF,5
TRBV20-1,TRBJ2-1,SATDRGYEQF,3
TRBV20-1,TRBJ2-1,SATDRGYNEQF,2
TRBV20-1,TRBJ2-1,SATDRGYYNEQF,2
TRBV20-1,TRBJ2-1,SATDRHEQF,2
TRBV20-1,TRBJ2-1,SATDRHHGSYNEQF,1
TRBV20-1,TRBJ2-1,SATDRHNEQF,4
TRBV20-1,TRBJ2-1,SATDRHNNEQF,1
TRBV20-1,TRBJ2-1,SATDRHYNEQF,1
TRBV20-1,TRBJ2-1,SATDRIDNEQF,1
TRBV20-1,TRBJ2-1,SATDRIFHNEQF,1
TRBV20-1,TRBJ2-1,SATDRIGGNEQF,1
TRBV20-1,TRBJ2-1,SATDRIGSYNEQF,1
TRBV20-1,TRBJ2-1,SATDRIGYNEQF,1
TRBV20-1,TRBJ2-1,SATDRIHEQF,1
TRBV20-1,TRBJ2-1,SATDRILGNEQF,1
TRBV20-1,TRBJ2-1,SATDRILRNEQF,1
TRBV20-1,TRBJ2-1,SATDRILVHEQF,1
TRBV20-1,TRBJ2-1,SATDRINEQF,1
TRBV20-1,TRBJ2-1,SATDRISYNEQF,1
TRBV20-1,TRBJ2-1,SATDRITYNEQF,1
TRBV20-1,TRBJ2-1,SATDRIYEQF,5
TRBV20-1,TRBJ2-1,SATDRIYNEQF,3
TRBV20-1,TRBJ2-1,SATDRKGGSYNEQF,1
TRBV20-1,TRBJ2-1,SATDRKRGNEQF,1
TRBV20-1,TRBJ2-1,SATDRKSSYNEQF,1
TRBV20-1,TRBJ2-1,SATDRKYNEQF,1
TRBV20-1,TRBJ2-1,SATDRLADYNEQF,1
TRBV20-1,TRBJ2-1,SATDRLAGAWSSYNEQF,1
TRBV20-1,TRBJ2-1,SATDRLAGGWNEQF,1
TRBV20-1,TRBJ2-1,SATDRLAGPTYNEQF,1
TRBV20-1,TRBJ2-1,SATDRLAGRNEQF,7
TRBV20-1,TRBJ2-1,SATDRLAGTYNEQF,1
TRBV20-1,TRBJ2-1,SATDRLDEQF,1
TRBV20-1,TRBJ2-1,SATDRLESSYNEQF,1
TRBV20-1,TRBJ2-1,SATDRLGAYNEQF,1
TRBV20-1,TRBJ2-1,SATDRLGFYNEQF,1
TRBV20-1,TRBJ2-1,SATDRLGGSSYNEQF,1
TRBV20-1,TRBJ2-1,SATDRLGYNEQF,2
TRBV20-1,TRBJ2-1,SATDRLHEQF,1
TRBV20-1,TRBJ2-1,SATDRLHNEQF,1
TRBV20-1,TRBJ2-1,SATDRLLHNEQF,1
TRBV20-1,TRBJ2-1,SATDRLLPGRAYNEQF,2
TRBV20-1,TRBJ2-1,SATDRLMNEQF,1
TRBV20-1,TRBJ2-1,SATDRLNEQF,1
TRBV20-1,TRBJ2-1,SATDRLNNEQF,2
TRBV20-1,TRBJ2-1,SATDRLPWNEQF,1
TRBV20-1,TRBJ2-1,SATDRLRTVYNEQF,1
TRBV20-1,TRBJ2-1,SATDRLSSYNEQF,1
TRBV20-1,TRBJ2-1,SATDRLSYNEQF,2
TRBV20-1,TRBJ2-1,SATDRLTRDEQF,1
TRBV20-1,TRBJ2-1,SATDRLTYNEQF,1
TRBV20-1,TRBJ2-1,SATDRLYNEQF,8
TRBV20-1,TRBJ2-1,SATDRMGDEQF,1
TRBV20-1,TRBJ2-1,SATDRNEQF,9
TRBV20-1,TRBJ2-1,SATDRNFYNEQF,2
TRBV20-1,TRBJ2-1,SATDRNNEQF,11
TRBV20-1,TRBJ2-1,SATDRNNYNEQF,1
TRBV20-1,TRBJ2-1,SATDRNSYNEQF,2
TRBV20-1,TRBJ2-1,SATDRNTYNEQF,1
TRBV20-1,TRBJ2-1,SATDRNYNNEQF,1
TRBV20-1,TRBJ2-1,SATDRPENEQF,1
TRBV20-1,TRBJ2-1,SATDRPILYSYNEQF,3
TRBV20-1,TRBJ2-1,SATDRPLAGAYNEQF,1
TRBV20-1,TRBJ2-1,SATDRPNEQF,8
TRBV20-1,TRBJ2-1,SATDRPPYNEQF,1
TRBV20-1,TRBJ2-1,SATDRPRSNEQF,1
TRBV20-1,TRBJ2-1,SATDRPRSYNEQF,1
TRBV20-1,TRBJ2-1,SATDRPSGRRF,1
TRBV20-1,TRBJ2-1,SATDRPSSYNEQF,1
TRBV20-1,TRBJ2-1,SATDRPSYNEQF,4
TRBV20-1,TRBJ2-1,SATDRPYNEQF,4
TRBV20-1,TRBJ2-1,SATDRQPRMYNEQF,2
TRBV20-1,TRBJ2-1,SATDRQSYNEQF,1
TRBV20-1,TRBJ2-1,SATDRRANHDEQF,1
TRBV20-1,TRBJ2-1,SATDRRAYNEQF,1
TRBV20-1,TRBJ2-1,SATDRRDEQF,1
TRBV20-1,TRBJ2-1,SATDRRDRDNEQF,1
TRBV20-1,TRBJ2-1,SATDRREGFYNEQF,1
TRBV20-1,TRBJ2-1,SATDRRFVNEQF,1
TRBV20-1,TRBJ2-1,SATDRRFYNEQF,2
TRBV20-1,TRBJ2-1,SATDRRGESEQF,4
TRBV20-1,TRBJ2-1,SATDRRGNEQF,1
TRBV20-1,TRBJ2-1,SATDRRGPRSSYNEQF,1
TRBV20-1,TRBJ2-1,SATDRRGYNEQF,1
TRBV20-1,TRBJ2-1,SATDRRNEQF,1
TRBV20-1,TRBJ2-1,SATDRRNNEQF,2
TRBV20-1,TRBJ2-1,SATDRRRSYNEQF,1
TRBV20-1,TRBJ2-1,SATDRRSSYNEQF,4
TRBV20-1,TRBJ2-1,SATDRRSYNEQF,2
TRBV20-1,TRBJ2-1,SATDRRTTYNEQF,1
TRBV20-1,TRBJ2-1,SATDRRVHNEQF,6
TRBV20-1,TRBJ2-1,SATDRRVRNEQF,1
TRBV20-1,TRBJ2-1,SATDRRYEQF,1
TRBV20-1,TRBJ2-1,SATDRSGLGGDGNEQF,1
TRBV20-1,TRBJ2-1,SATDRSGPNEQF,1
TRBV20-1,TRBJ2-1,SATDRSGTPYNEQF,4
TRBV20-1,TRBJ2-1,SATDRSLYNEQF,1
TRBV20-1,TRBJ2-1,SATDRSLYSYNEQF,1
TRBV20-1,TRBJ2-1,SATDRSNEQF,3
TRBV20-1,TRBJ2-1,SATDRSNYNEQF,1
TRBV20-1,TRBJ2-1,SATDRSPYNEQF,2
TRBV20-1,TRBJ2-1,SATDRSQF,4
TRBV20-1,TRBJ2-1,SATDRSRYEQF,1
TRBV20-1,TRBJ2-1,SATDRSSGWNEQF,1
TRBV20-1,TRBJ2-1,SATDRSSYNEQF,29
TRBV20-1,TRBJ2-1,SATDRSTDSYNEQF,1
TRBV20-1,TRBJ2-1,SATDRSYNEQF,7
TRBV20-1,TRBJ2-1,SATDRTATYNEQF,1
TRBV20-1,TRBJ2-1,SATDRTDNEQF,1
TRBV20-1,TRBJ2-1,SATDRTGDGYNEQF,2
TRBV20-1,TRBJ2-1,SATDRTGFNEQF,1
TRBV20-1,TRBJ2-1,SATDRTGGFYNEQF,1
TRBV20-1,TRBJ2-1,SATDRTGGWNEQF,1
TRBV20-1,TRBJ2-1,SATDRTGTSYNEQF,1
TRBV20-1,TRBJ2-1,SATDRTKGYNEQF,1
TRBV20-1,TRBJ2-1,SATDRTLEAF,1
TRBV20-1,TRBJ2-1,SATDRTLYEQF,1
TRBV20-1,TRBJ2-1,SATDRTNEQF,5
TRBV20-1,TRBJ2-1,SATDRTNNEQF,1
TRBV20-1,TRBJ2-1,SATDRTPRGDEQF,1
TRBV20-1,TRBJ2-1,SATDRTRGSYNEQF,6
TRBV20-1,TRBJ2-1,SATDRTRSGNEQF,2
TRBV20-1,TRBJ2-1,SATDRTSGALGQF,3
TRBV20-1,TRBJ2-1,SATDRTSGAYNEQF,2
TRBV20-1,TRBJ2-1,SATDRTSGNYNEQF,1
TRBV20-1,TRBJ2-1,SATDRTSGPTYNEQF,2
TRBV20-1,TRBJ2-1,SATDRTSGRMNEQF,1
TRBV20-1,TRBJ2-1,SATDRTSGRRNEQF,1
TRBV20-1,TRBJ2-1,SATDRTSGSHEQF,1
TRBV20-1,TRBJ2-1,SATDRTSIYNEQF,1
TRBV20-1,TRBJ2-1,SATDRTSLRPYNEQF,1
TRBV20-1,TRBJ2-1,SATDRTSSYNEQF,3
TRBV20-1,TRBJ2-1,SATDRTSYNEQF,1
TRBV20-1,TRBJ2-1,SATDRVAPNEQF,1
TRBV20-1,TRBJ2-1,SATDRVASYNEQF,15
TRBV20-1,TRBJ2-1,SATDRVATNPYNEQF,1
TRBV20-1,TRBJ2-1,SATDRVAYNEQF,2
TRBV20-1,TRBJ2-1,SATDRVDEQF,2
TRBV20-1,TRBJ2-1,SATDRVETYNEQF,1
TRBV20-1,TRBJ2-1,SATDRVFHNEQF,1
TRBV20-1,TRBJ2-1,SATDRVFRNEQF,2
TRBV20-1,TRBJ2-1,SATDRVFYNEQF,1
TRBV20-1,TRBJ2-1,SATDRVGGNEQF,2
TRBV20-1,TRBJ2-1,SATDRVGGSYNEQF,1
TRBV20-1,TRBJ2-1,SATDRVGGYNEQF,1
TRBV20-1,TRBJ2-1,SATDRVGHNEQF,1
TRBV20-1,TRBJ2-1,SATDRVGNEQF,1
TRBV20-1,TRBJ2-1,SATDRVGRDEQF,1
TRBV20-1,TRBJ2-1,SATDRVGSYNEQF,1
TRBV20-1,TRBJ2-1,SATDRVGVKNEQF,3
TRBV20-1,TRBJ2-1,SATDRVGYNEQF,6
TRBV20-1,TRBJ2-1,SATDRVHEQF,2
TRBV20-1,TRBJ2-1,SATDRVHNEQF,4
TRBV20-1,TRBJ2-1,SATDRVHYNEQF,1
TRBV20-1,TRBJ2-1,SATDRVINEQF,1
TRBV20-1,TRBJ2-1,SATDRVIYNEQF,5
TRBV20-1,TRBJ2-1,SATDRVKGGPWSSSYNEQF,1
TRBV20-1,TRBJ2-1,SATDRVLGDEQF,1
TRBV20-1,TRBJ2-1,SATDRVLNEQF,2
TRBV20-1,TRBJ2-1,SATDRVLSYNEQF,1
TRBV20-1,TRBJ2-1,SATDRVNEQF,6
TRBV20-1,TRBJ2-1,SATDRVNKF,3
TRBV20-1,TRBJ2-1,SATDRVPDEQF,1
TRBV20-1,TRBJ2-1,SATDRVPIVQF,1
TRBV20-1,TRBJ2-1,SATDRVPKEQF,3
TRBV20-1,TRBJ2-1,SATDRVPKWQF,1
TRBV20-1,TRBJ2-1,SATDRVPNAQF,3
TRBV20-1,TRBJ2-1,SATDRVPNDQF,3
TRBV20-1,TRBJ2-1,SATDRVPNEEF,1
TRBV20-1,TRBJ2-1,SATDRVPNEHF,1
TRBV20-1,TRBJ2-1,SATDRVPNEKF,1
TRBV20-1,TRBJ2-1,SATDRVPNEPF,2
TRBV20-1,TRBJ2-1,SATDRVPNEQC,2
TRBV20-1,TRBJ2-1,SATDRVPNEQF,277
TRBV20-1,TRBJ2-1,SATDRVPNVQF,2
TRBV20-1,TRBJ2-1,SATDRVPSEQF,1
TRBV20-1,TRBJ2-1,SATDRVPTEQF,3
TRBV20-1,TRBJ2-1,SATDRVQGKYEQF,1
TRBV20-1,TRBJ2-1,SATDRVQGYNEQF,5
TRBV20-1,TRBJ2-1,SATDRVRGSYNEQF,1
TRBV20-1,TRBJ2-1,SATDRVRNEQF,1
TRBV20-1,TRBJ2-1,SATDRVRNNEQF,1
TRBV20-1,TRBJ2-1,SATDRVRQDEQF,1
TRBV20-1,TRBJ2-1,SATDRVSEQF,5
TRBV20-1,TRBJ2-1,SATDRVSFNEQF,1
TRBV20-1,TRBJ2-1,SATDRVSYNEQF,19
TRBV20-1,TRBJ2-1,SATDRVTWTRTYNEQF,1
TRBV20-1,TRBJ2-1,SATDRVTYNEQF,3
TRBV20-1,TRBJ2-1,SATDRVVHEQF,1
TRBV20-1,TRBJ2-1,SATDRVVNEQF,1
TRBV20-1,TRBJ2-1,SATDRVVYNEQF,1
TRBV20-1,TRBJ2-1,SATDRVWANEQF,1
TRBV20-1,TRBJ2-1,SATDRVWGIDEQF,4
TRBV20-1,TRBJ2-1,SATDRVYEQF,1
TRBV20-1,TRBJ2-1,SATDRVYNEQF,1
TRBV20-1,TRBJ2-1,SATDRVYSEQF,1
TRBV20-1,TRBJ2-1,SATDRVYYNEQF,2
TRBV20-1,TRBJ2-1,SATDRWASGRRNEQF,1
TRBV20-1,TRBJ2-1,SATDRWDNEPF,1
TRBV20-1,TRBJ2-1,SATDRWDNEQF,34
TRBV20-1,TRBJ2-1,SATDRWGYNEQF,1
TRBV20-1,TRBJ2-1,SATDRWHNEQF,1
TRBV20-1,TRBJ2-1,SATDRWRTRLNEQF,1
TRBV20-1,TRBJ2-1,SATDRYHEQF,1
TRBV20-1,TRBJ2-1,SATDRYNEQF,14
TRBV20-1,TRBJ2-1,SATDRYRENEQF,1
TRBV20-1,TRBJ2-1,SATDRYYNEQF,3
TRBV20-1,TRBJ2-1,SATDSAGAGNEQF,1
TRBV20-1,TRBJ2-1,SATDSAGGLNEQF,1
TRBV20-1,TRBJ2-1,SATDSAGGTYNEQF,1
TRBV20-1,TRBJ2-1,SATDSAGNTYNEQF,8
TRBV20-1,TRBJ2-1,SATDSAGSSYNEQF,1
TRBV20-1,TRBJ2-1,SATDSAPNNEQF,1
TRBV20-1,TRBJ2-1,SATDSASYNEQF,1
TRBV20-1,TRBJ2-1,SATDSDEQF,3
TRBV20-1,TRBJ2-1,SATDSDNEQF,6
TRBV20-1,TRBJ2-1,SATDSEGANSRNEQF,1
TRBV20-1,TRBJ2-1,SATDSEKPYNEQF,1
TRBV20-1,TRBJ2-1,SATDSELAGYNEQF,1
TRBV20-1,TRBJ2-1,SATDSEQF,1
TRBV20-1,TRBJ2-1,SATDSESSYNEQF,1
TRBV20-1,TRBJ2-1,SATDSFFSYNEQF,1
TRBV20-1,TRBJ2-1,SATDSFSYNEQF,1
TRBV20-1,TRBJ2-1,SATDSFYNEQF,4
TRBV20-1,TRBJ2-1,SATDSGASSYNEQF,8
TRBV20-1,TRBJ2-1,SATDSGEVYNEQF,1
TRBV20-1,TRBJ2-1,SATDSGEWGDEQF,1
TRBV20-1,TRBJ2-1,SATDSGGERSLNEQF,1
TRBV20-1,TRBJ2-1,SATDSGGLAVHEQF,1
TRBV20-1,TRBJ2-1,SATDSGGMNEQF,1
TRBV20-1,TRBJ2-1,SATDSGGPLSYNEQF,4
TRBV20-1,TRBJ2-1,SATDSGGRGYEQF,1
TRBV20-1,TRBJ2-1,SATDSGGSNEQF,1
TRBV20-1,TRBJ2-1,SATDSGGTYNEQF,7
TRBV20-1,TRBJ2-1,SATDSGGVRLNEQF,1
TRBV20-1,TRBJ2-1,SATDSGGYNEQF,1
TRBV20-1,TRBJ2-1,SATDSGGYYNEQF,1
TRBV20-1,TRBJ2-1,SATDSGIIYNEQF,1
TRBV20-1,TRBJ2-1,SATDSGIYNEQF,1
TRBV20-1,TRBJ2-1,SATDSGKAYNEQF,1
TRBV20-1,TRBJ2-1,SATDSGLAGGASYNEQF,3
TRBV20-1,TRBJ2-1,SATDSGLSYNEQF,1
TRBV20-1,TRBJ2-1,SATDSGNEQF,1
TRBV20-1,TRBJ2-1,SATDSGPGNEQF,3
TRBV20-1,TRBJ2-1,SATDSGPSSYNEQF,1
TRBV20-1,TRBJ2-1,SATDSGQGWNEQF,1
TRBV20-1,TRBJ2-1,SATDSGQSYNEQF,1
TRBV20-1,TRBJ2-1,SATDSGRADNEQF,2
TRBV20-1,TRBJ2-1,SATDSGRAGSYNEQF,1
TRBV20-1,TRBJ2-1,SATDSGRAYNEQF,2
TRBV20-1,TRBJ2-1,SATDSGRDYNEQF,1
TRBV20-1,TRBJ2-1,SATDSGRGFYEQF,4
TRBV20-1,TRBJ2-1,SATDSGRGNEQF,1
TRBV20-1,TRBJ2-1,SATDSGRGSYNEQF,1
TRBV20-1,TRBJ2-1,SATDSGRGYNEQF,2
TRBV20-1,TRBJ2-1,SATDSGRHNEQF,1
TRBV20-1,TRBJ2-1,SATDSGRIANEQF,1
TRBV20-1,TRBJ2-1,SATDSGRIYNEQF,1
TRBV20-1,TRBJ2-1,SATDSGRLLHEQF,1
TRBV20-1,TRBJ2-1,SATDSGRLYNEQF,1
TRBV20-1,TRBJ2-1,SATDSGRSSYNEQF,1
TRBV20-1,TRBJ2-1,SATDSGRSYNEQF,2
TRBV20-1,TRBJ2-1,SATDSGRVSYNEQF,1
TRBV20-1,TRBJ2-1,SATDSGRYNEQF,1
TRBV20-1,TRBJ2-1,SATDSGRYTYNEQF,3
TRBV20-1,TRBJ2-1,SATDSGSANNEQF,1
TRBV20-1,TRBJ2-1,SATDSGSAYNEQF,1
TRBV20-1,TRBJ2-1,SATDSGSEDNEQF,2
TRBV20-1,TRBJ2-1,SATDSGSGSYNEQF,1
TRBV20-1,TRBJ2-1,SATDSGSLLDEQF,1
TRBV20-1,TRBJ2-1,SATDSGSRYSYNEQF,1
TRBV20-1,TRBJ2-1,SATDSGSSYNEQF,4
TRBV20-1,TRBJ2-1,SATDSGSYNEQF,5
TRBV20-1,TRBJ2-1,SATDSGTIAPSLYNEQF,1
TRBV20-1,TRBJ2-1,SATDSGTSGGEQF,2
TRBV20-1,TRBJ2-1,SATDSGTSGGNEQF,1
TRBV20-1,TRBJ2-1,SATDSGTSGISHEQF,1
TRBV20-1,TRBJ2-1,SATDSGTSGYNEQF,2
TRBV20-1,TRBJ2-1,SATDSGTSYNEQF,1
TRBV20-1,TRBJ2-1,SATDSGTYNEQF,3
TRBV20-1,TRBJ2-1,SATDSGYNEQF,1
TRBV20-1,TRBJ2-1,SATDSHNEQF,1
TRBV20-1,TRBJ2-1,SATDSHYNEQF,1
TRBV20-1,TRBJ2-1,SATDSIPLGHEQF,1
TRBV20-1,TRBJ2-1,SATDSIRHNEQF,1
TRBV20-1,TRBJ2-1,SATDSISYNEQF,1
TRBV20-1,TRBJ2-1,SATDSKTGVYNEQF,1
TRBV20-1,TRBJ2-1,SATDSLAGGDYIEQF,1
TRBV20-1,TRBJ2-1,SATDSLAGSSYNEQF,5
TRBV20-1,TRBJ2-1,SATDSLARNEQF,1
TRBV20-1,TRBJ2-1,SATDSLDSEQF,1
TRBV20-1,TRBJ2-1,SATDSLLSYNEQF,2
TRBV20-1,TRBJ2-1,SATDSLLYNEQF,1
TRBV20-1,TRBJ2-1,SATDSLPYNEQF,1
TRBV20-1,TRBJ2-1,SATDSLRGNEQF,1
TRBV20-1,TRBJ2-1,SATDSLRGSNEQF,2
TRBV20-1,TRBJ2-1,SATDSLRSYNEQF,1
TRBV20-1,TRBJ2-1,SATDSLSYNEQF,1
TRBV20-1,TRBJ2-1,SATDSLTSGSSYNEQF,1
TRBV20-1,TRBJ2-1,SATDSLVYNEQF,1
TRBV20-1,TRBJ2-1,SATDSLYNEQF,1
TRBV20-1,TRBJ2-1,SATDSMDEQF,1
TRBV20-1,TRBJ2-1,SATDSNEQF,11
TRBV20-1,TRBJ2-1,SATDSNNEQC,1
TRBV20-1,TRBJ2-1,SATDSNNEQF,8
TRBV20-1,TRBJ2-1,SATDSNSYNEQF,1
TRBV20-1,TRBJ2-1,SATDSPADNEQF,1
TRBV20-1,TRBJ2-1,SATDSPDNEQF,1
TRBV20-1,TRBJ2-1,SATDSPEWGNEQF,1
TRBV20-1,TRBJ2-1,SATDSPFSNEQF,1
TRBV20-1,TRBJ2-1,SATDSPGLALNDQF,1
TRBV20-1,TRBJ2-1,SATDSPGLALNEQF,5
TRBV20-1,TRBJ2-1,SATDSPIWNEQF,1
TRBV20-1,TRBJ2-1,SATDSPLGYNEQF,1
TRBV20-1,TRBJ2-1,SATDSPLLIYNEQF,1
TRBV20-1,TRBJ2-1,SATDSPLNEQF,1
TRBV20-1,TRBJ2-1,SATDSPLYNEQF,1
TRBV20-1,TRBJ2-1,SATDSPNEQF,1
TRBV20-1,TRBJ2-1,SATDSPPDEQF,1
TRBV20-1,TRBJ2-1,SATDSPYNEQF,3
TRBV20-1,TRBJ2-1,SATDSQAYNEQF,1
TRBV20-1,TRBJ2-1,SATDSQVVGNEQF,1
TRBV20-1,TRBJ2-1,SATDSRASGRTYNEQF,1
TRBV20-1,TRBJ2-1,SATDSRETWSYNEQF,1
TRBV20-1,TRBJ2-1,SATDSRGSYNEQF,1
TRBV20-1,TRBJ2-1,SATDSRGYNEQF,1
TRBV20-1,TRBJ2-1,SATDSRKGSYNEQF,1
TRBV20-1,TRBJ2-1,SATDSRLYNEQF,1
TRBV20-1,TRBJ2-1,SATDSRPYNEQF,1
TRBV20-1,TRBJ2-1,SATDSRRLTNNEQF,1
TRBV20-1,TRBJ2-1,SATDSRRQF,1
TRBV20-1,TRBJ2-1,SATDSRTGRNEQF,1
TRBV20-1,TRBJ2-1,SATDSRVYNEQF,1
TRBV20-1,TRBJ2-1,SATDSSAAYNEQF,1
TRBV20-1,TRBJ2-1,SATDSSDEQF,7
TRBV20-1,TRBJ2-1,SATDSSFYSYNEQF,1
TRBV20-1,TRBJ2-1,SATDSSGDSYNEQF,6
TRBV20-1,TRBJ2-1,SATDSSGESYNEQF,1
TRBV20-1,TRBJ2-1,SATDSSGRVYNEQF,1
TRBV20-1,TRBJ2-1,SATDSSGSRNEQF,1
TRBV20-1,TRBJ2-1,SATDSSGSWNEQF,3
TRBV20-1,TRBJ2-1,SATDSSGSYSYNEQF,1
TRBV20-1,TRBJ2-1,SATDSSGTTSYNEQF,1
TRBV20-1,TRBJ2-1,SATDSSGVEQF,7
TRBV20-1,TRBJ2-1,SATDSSLNEQF,1
TRBV20-1,TRBJ2-1,SATDSSNEQF,2
TRBV20-1,TRBJ2-1,SATDSSPNEQF,1
TRBV20-1,TRBJ2-1,SATDSSSSYNEQF,1
TRBV20-1,TRBJ2-1,SATDSSSYNEQF,13
TRBV20-1,TRBJ2-1,SATDSSTPYNEQF,1
TRBV20-1,TRBJ2-1,SATDSSTWRDEQF,1
TRBV20-1,TRBJ2-1,SATDSSYNEQF,13
TRBV20-1,TRBJ2-1,SATDSTNEQF,2
TRBV20-1,TRBJ2-1,SATDSTRIGNEQF,1
TRBV20-1,TRBJ2-1,SATDSTSGRINEQF,1
TRBV20-1,TRBJ2-1,SATDSTSGSNEQF,1
TRBV20-1,TRBJ2-1,SATDSTSSSYNEQF,1
TRBV20-1,TRBJ2-1,SATDSTSYNEQF,1
TRBV20-1,TRBJ2-1,SATDSTTEQF,1
TRBV20-1,TRBJ2-1,SATDSTTRTLGGKQF,2
TRBV20-1,TRBJ2-1,SATDSTTYNEQF,1
TRBV20-1,TRBJ2-1,SATDSTYNEQF,1
TRBV20-1,TRBJ2-1,SATDSVGSYNEQF,1
TRBV20-1,TRBJ2-1,SATDSVPNEQF,1
TRBV20-1,TRBJ2-1,SATDSVSSYNEQF,3
TRBV20-1,TRBJ2-1,SATDSWALNEQF,3
TRBV20-1,TRBJ2-1,SATDSWTYNEQF,1
TRBV20-1,TRBJ2-1,SATDSYEQF,1
TRBV20-1,TRBJ2-1,SATDSYLSYNEQF,1
TRBV20-1,TRBJ2-1,SATDSYNEQF,18
TRBV20-1,TRBJ2-1,SATDSYSYNEQF,10
TRBV20-1,TRBJ2-1,SATDTAGESYNEQF,1
TRBV20-1,TRBJ2-1,SATDTAGVPYNEQF,1
TRBV20-1,TRBJ2-1,SATDTAINEQF,1
TRBV20-1,TRBJ2-1,SATDTDEQF,2
TRBV20-1,TRBJ2-1,SATDTDNEQF,2
TRBV20-1,TRBJ2-1,SATDTGAAQF,1
TRBV20-1,TRBJ2-1,SATDTGASSYNEQF,1
TRBV20-1,TRBJ2-1,SATDTGGIYNEQF,1
TRBV20-1,TRBJ2-1,SATDTGGNNEQF,1
TRBV20-1,TRBJ2-1,SATDTGGSSYNEQF,1
TRBV20-1,TRBJ2-1,SATDTGIARNAQF,1
TRBV20-1,TRBJ2-1,SATDTGLADNEQF,1
TRBV20-1,TRBJ2-1,SATDTGLADYNEQF,2
TRBV20-1,TRBJ2-1,SATDTGMSYNEQF,1
TRBV20-1,TRBJ2-1,SATDTGTHNEQF,1
TRBV20-1,TRBJ2-1,SATDTGTTLNEQF,1
TRBV20-1,TRBJ2-1,SATDTGYNEQF,2
TRBV20-1,TRBJ2-1,SATDTIKGNEQF,1
TRBV20-1,TRBJ2-1,SATDTIYNEQF,1
TRBV20-1,TRBJ2-1,SATDTKGPSYNEQF,1
TRBV20-1,TRBJ2-1,SATDTKSYNEQF,1
TRBV20-1,TRBJ2-1,SATDTLAGGSYNEQF,1
TRBV20-1,TRBJ2-1,SATDTLATLSYNEQF,1
TRBV20-1,TRBJ2-1,SATDTLTSGGPEQF,5
TRBV20-1,TRBJ2-1,SATDTNNGQF,7
TRBV20-1,TRBJ2-1,SATDTNYYNEQF,1
TRBV20-1,TRBJ2-1,SATDTPDYNEQF,5
TRBV20-1,TRBJ2-1,SATDTPGGSYNEQF,1
TRBV20-1,TRBJ2-1,SATDTPGGYNEQF,2
TRBV20-1,TRBJ2-1,SATDTPRGDEQF,1
TRBV20-1,TRBJ2-1,SATDTPSYNEQF,5
TRBV20-1,TRBJ2-1,SATDTPYNEQF,1
TRBV20-1,TRBJ2-1,SATDTRDNEQF,1
TRBV20-1,TRBJ2-1,SATDTREDEQF,1
TRBV20-1,TRBJ2-1,SATDTRHEQF,1
TRBV20-1,TRBJ2-1,SATDTRLSYNEQF,1
TRBV20-1,TRBJ2-1,SATDTRRYYEQF,1
TRBV20-1,TRBJ2-1,SATDTRSYNEQF,1
TRBV20-1,TRBJ2-1,SATDTSAYNEQF,1
TRBV20-1,TRBJ2-1,SATDTSDNEQF,1
TRBV20-1,TRBJ2-1,SATDTSDYNEQF,1
TRBV20-1,TRBJ2-1,SATDTSDYNEQV,1
TRBV20-1,TRBJ2-1,SATDTSENYNEQF,1
TRBV20-1,TRBJ2-1,SATDTSGAREDEQF,2
TRBV20-1,TRBJ2-1,SATDTSGGYNEQF,1
TRBV20-1,TRBJ2-1,SATDTSGMGNEQF,1
TRBV20-1,TRBJ2-1,SATDTSGPSYNEQF,1
TRBV20-1,TRBJ2-1,SATDTSGPYNEQF,1
TRBV20-1,TRBJ2-1,SATDTSGRAHEQF,1
TRBV20-1,TRBJ2-1,SATDTSGRANEQF,4
TRBV20-1,TRBJ2-1,SATDTSGRDNEQF,1
TRBV20-1,TRBJ2-1,SATDTSGRGNEQF,1
TRBV20-1,TRBJ2-1,SATDTSGRYNEQF,4
TRBV20-1,TRBJ2-1,SATDTSGSNHEQF,1
TRBV20-1,TRBJ2-1,SATDTSGSSSYNEQF,2
TRBV20-1,TRBJ2-1,SATDTSGTGGFYNEQF,1
TRBV20-1,TRBJ2-1,SATDTSHNEQF,1
TRBV20-1,TRBJ2-1,SATDTSHSYNEQF,1
TRBV20-1,TRBJ2-1,SATDTSLSSYNEQF,4
TRBV20-1,TRBJ2-1,SATDTSNEQF,1
TRBV20-1,TRBJ2-1,SATDTSYNEQF,9
TRBV20-1,TRBJ2-1,SATDTSYYNEQF,1
TRBV20-1,TRBJ2-1,SATDTTGDEQF,1
TRBV20-1,TRBJ2-1,SATDTTNEQF,1
TRBV20-1,TRBJ2-1,SATDTTSGPNEQF,1
TRBV20-1,TRBJ2-1,SATDTTYNEQF,1
TRBV20-1,TRBJ2-1,SATDTVPNEQF,1
TRBV20-1,TRBJ2-1,SATDTWASNRGNEQF,1
TRBV20-1,TRBJ2-1,SATDTWRGAYNEQF,1
TRBV20-1,TRBJ2-1,SATDTWSSYNEQF,1
TRBV20-1,TRBJ2-1,SATDTWTYNEQF,2
TRBV20-1,TRBJ2-1,SATDTYNEQF,17
TRBV20-1,TRBJ2-1,SATDTYSDEQF,1
TRBV20-1,TRBJ2-1,SATDVAAQF,6
TRBV20-1,TRBJ2-1,SATDVAGTYEQF,1
TRBV20-1,TRBJ2-1,SATDVASGSYNEQF,1
TRBV20-1,TRBJ2-1,SATDVGGRGYEQF,1
TRBV20-1,TRBJ2-1,SATDVGGSSYNEQF,1
TRBV20-1,TRBJ2-1,SATDVGLAGNEQF,1
TRBV20-1,TRBJ2-1,SATDVGNEQF,2
TRBV20-1,TRBJ2-1,SATDVGPNEQF,3
TRBV20-1,TRBJ2-1,SATDVGQEDNEQF,1
TRBV20-1,TRBJ2-1,SATDVGRTYNEQF,1
TRBV20-1,TRBJ2-1,SATDVGTYNEQF,1
TRBV20-1,TRBJ2-1,SATDVKRRNVDNEQF,3
TRBV20-1,TRBJ2-1,SATDVLAGYNEQF,1
TRBV20-1,TRBJ2-1,SATDVLGVGNEQF,1
TRBV20-1,TRBJ2-1,SATDVNEQF,1
TRBV20-1,TRBJ2-1,SATDVNSYNEQF,1
TRBV20-1,TRBJ2-1,SATDVPWGNEQF,1
TRBV20-1,TRBJ2-1,SATDVPYNEQF,1
TRBV20-1,TRBJ2-1,SATDVQGQGTFSSYNEQF,1
TRBV20-1,TRBJ2-1,SATDVREVSSYNEQF,5
TRBV20-1,TRBJ2-1,SATDVSGTSGNEQF,3
TRBV20-1,TRBJ2-1,SATDVVAGYLNEQF,1
TRBV20-1,TRBJ2-1,SATDVVFNEQF,1
TRBV20-1,TRBJ2-1,SATDVYEQF,1
TRBV20-1,TRBJ2-1,SATDVYNEQF,4
TRBV20-1,TRBJ2-1,SATDWADYNEQF,1
TRBV20-1,TRBJ2-1,SATDWAERVRGNEQF,1
TRBV20-1,TRBJ2-1,SATDWAGEANEQF,1
TRBV20-1,TRBJ2-1,SATDWAGGSNEQF,1
TRBV20-1,TRBJ2-1,SATDWANEQF,1
TRBV20-1,TRBJ2-1,SATDWASGKGYNEQF,1
TRBV20-1,TRBJ2-1,SATDWDANEQF,1
TRBV20-1,TRBJ2-1,SATDWDPLRSSYNEQF,2
TRBV20-1,TRBJ2-1,SATDWDREESYNEQF,1
TRBV20-1,TRBJ2-1,SATDWDYNEQF,12
TRBV20-1,TRBJ2-1,SATDWDYNEQS,1
TRBV20-1,TRBJ2-1,SATDWEYNEQF,2
TRBV20-1,TRBJ2-1,SATDWGAGGNEQF,1
TRBV20-1,TRBJ2-1,SATDWGEGEQF,3
TRBV20-1,TRBJ2-1,SATDWGGGNEQF,6
TRBV20-1,TRBJ2-1,SATDWGLAGGRELWYNEQF,1
TRBV20-1,TRBJ2-1,SATDWGLAGYNEQF,1
TRBV20-1,TRBJ2-1,SATDWGLGTSGYNEQF,1
TRBV20-1,TRBJ2-1,SATDWGNEQF,3
TRBV20-1,TRBJ2-1,SATDWGRGAGSNEQF,1
TRBV20-1,TRBJ2-1,SATDWGSGSGSYNDQF,1
TRBV20-1,TRBJ2-1,SATDWGSGSGSYNEQF,3
TRBV20-1,TRBJ2-1,SATDWGSNEQF,1
TRBV20-1,TRBJ2-1,SATDWGSYNEQF,1
TRBV20-1,TRBJ2-1,SATDWGYYEQF,1
TRBV20-1,TRBJ2-1,SATDWINEQF,1
TRBV20-1,TRBJ2-1,SATDWKRASSYNEQF,2
TRBV20-1,TRBJ2-1,SATDWLAGGYNEQF,2
TRBV20-1,TRBJ2-1,SATDWLARNEQF,1
TRBV20-1,TRBJ2-1,SATDWLAVLSSYNEQF,1
TRBV20-1,TRBJ2-1,SATDWNNEQF,2
TRBV20-1,TRBJ2-1,SATDWNYNEQF,1
TRBV20-1,TRBJ2-1,SATDWPSYNEQF,1
TRBV20-1,TRBJ2-1,SATDWPTGRVGKEEF,1
TRBV20-1,TRBJ2-1,SATDWREASYNEQF,1
TRBV20-1,TRBJ2-1,SATDWREGLFSYNEQF,1
TRBV20-1,TRBJ2-1,SATDWREMGNEQF,1
TRBV20-1,TRBJ2-1,SATDWRESSGDEQF,1
TRBV20-1,TRBJ2-1,SATDWRGGNNEQF,1
TRBV20-1,TRBJ2-1,SATDWSESEQF,5
TRBV20-1,TRBJ2-1,SATDWSSGSGEQF,1
TRBV20-1,TRBJ2-1,SATDWSSSYNEQF,1
TRBV20-1,TRBJ2-1,SATDWSSYNEQF,5
TRBV20-1,TRBJ2-1,SATDWSYNEQF,1
TRBV20-1,TRBJ2-1,SATDWTDNEQF,1
TRBV20-1,TRBJ2-1,SATDWTEYNEQF,1
TRBV20-1,TRBJ2-1,SATDWTGDENEQF,1
TRBV20-1,TRBJ2-1,SATDWTKTYNEQF,1
TRBV20-1,TRBJ2-1,SATDWTNEQF,1
TRBV20-1,TRBJ2-1,SATDWTNNEQF,1
TRBV20-1,TRBJ2-1,SATDWTRGRLGNEEF,1
TRBV20-1,TRBJ2-1,SATDWTRGRLGNEQF,2
TRBV20-1,TRBJ2-1,SATDWTRNEQF,1
TRBV20-1,TRBJ2-1,SATDWTSGGLGNEQF,2
TRBV20-1,TRBJ2-1,SATDWTSGMLGNEQF,1
TRBV20-1,TRBJ2-1,SATDWTSGMLVNEEF,1
TRBV20-1,TRBJ2-1,SATDWTSGRLCKEQF,1
TRBV20-1,TRBJ2-1,SATDWTSGRLCNEQS,1
TRBV20-1,TRBJ2-1,SATDWTSGRLGKEQF,1
TRBV20-1,TRBJ2-1,SATDWTSGRLGNEHF,1
TRBV20-1,TRBJ2-1,SATDWTSGRLGNEPF,1
TRBV20-1,TRBJ2-1,SATDWTSGRLGNEQF,10
TRBV20-1,TRBJ2-1,SATDWTSGRLGNEQY,1
TRBV20-1,TRBJ2-1,SATDWTSGRLGNERF,1
TRBV20-1,TRBJ2-1,SATDWTSGRLGNGQF,1
TRBV20-1,TRBJ2-1,SATDWTSGRLGNQQF,1
TRBV20-1,TRBJ2-1,SATDWTSGRLRNEQF,1
TRBV20-1,TRBJ2-1,SATDWTSGRLVNEEF,1
TRBV20-1,TRBJ2-1,SATDWTSGRVGNEQF,1
TRBV20-1,TRBJ2-1,SATDWTSGRVGNEQY,1
TRBV20-1,TRBJ2-1,SATDWTSGSLSEQV,1
TRBV20-1,TRBJ2-1,SATDWVEEANEQF,1
TRBV20-1,TRBJ2-1,SATDWVPNEQF,1
TRBV20-1,TRBJ2-1,SATDWVRYNEQF,1
TRBV20-1,TRBJ2-1,SATDWVSSYNEQF,1
TRBV20-1,TRBJ2-1,SATDWYNEQF,1
TRBV20-1,TRBJ2-1,SATDYAGGYNAQF,1
TRBV20-1,TRBJ2-1,SATDYASYNEQF,1
TRBV20-1,TRBJ2-1,SATDYDEQF,1
TRBV20-1,TRBJ2-1,SATDYEGLTTSRYNEQF,1
TRBV20-1,TRBJ2-1,SATDYEQF,5
TRBV20-1,TRBJ2-1,SATDYFREDGYEQF,1
TRBV20-1,TRBJ2-1,SATDYGASGDSYNEQF,1
TRBV20-1,TRBJ2-1,SATDYGAYNEQF,2
TRBV20-1,TRBJ2-1,SATDYGDEQF,1
TRBV20-1,TRBJ2-1,SATDYGINEQF,1
TRBV20-1,TRBJ2-1,SATDYGLWNEQF,1
TRBV20-1,TRBJ2-1,SATDYGPWNEQF,14
TRBV20-1,TRBJ2-1,SATDYGSYNEQF,1
TRBV20-1,TRBJ2-1,SATDYGTGRHEQF,1
TRBV20-1,TRBJ2-1,SATDYGTSGLNEQF,1
TRBV20-1,TRBJ2-1,SATDYHNEQF,1
TRBV20-1,TRBJ2-1,SATDYIYNEQF,1
TRBV20-1,TRBJ2-1,SATDYKNDNEQF,1
TRBV20-1,TRBJ2-1,SATDYLAGNEQF,1
TRBV20-1,TRBJ2-1,SATDYLEGDIYNEQF,1
TRBV20-1,TRBJ2-1,SATDYLFTYNEQF,1
TRBV20-1,TRBJ2-1,SATDYLGGDEQF,1
TRBV20-1,TRBJ2-1,SATDYLKISYNEQF,1
TRBV20-1,TRBJ2-1,SATDYLNEQF,3
TRBV20-1,TRBJ2-1,SATDYLSSYNEQF,1
TRBV20-1,TRBJ2-1,SATDYLSYNEQF,1
TRBV20-1,TRBJ2-1,SATDYNEQF,32
TRBV20-1,TRBJ2-1,SATDYNNEQF,2
TRBV20-1,TRBJ2-1,SATDYPGQF,3
TRBV20-1,TRBJ2-1,SATDYPVINEQF,1
TRBV20-1,TRBJ2-1,SATDYPYNEQF,1
TRBV20-1,TRBJ2-1,SATDYQGYSGNEQF,1
TRBV20-1,TRBJ2-1,SATDYQLRDEQF,1
TRBV20-1,TRBJ2-1,SATDYQSYNEQF,1
TRBV20-1,TRBJ2-1,SATDYRASYNEQF,1
TRBV20-1,TRBJ2-1,SATDYREFYNEQF,1
TRBV20-1,TRBJ2-1,SATDYRGSYNEQF,1
TRBV20-1,TRBJ2-1,SATDYRNNEQF,1
TRBV20-1,TRBJ2-1,SATDYRQGATNYNEQF,1
TRBV20-1,TRBJ2-1,SATDYRSSYNEQF,1
TRBV20-1,TRBJ2-1,SATDYSGREGNEQF,1
TRBV20-1,TRBJ2-1,SATDYSGRSYNEQF,1
TRBV20-1,TRBJ2-1,SATDYSGSKDEQF,1
TRBV20-1,TRBJ2-1,SATDYSGSVDEQF,1
TRBV20-1,TRBJ2-1,SATDYSGVYNEQF,1
TRBV20-1,TRBJ2-1,SATDYSNEQF,1
TRBV20-1,TRBJ2-1,SATDYSRSYNEQF,1
TRBV20-1,TRBJ2-1,SATDYSSYNEQF,5
TRBV20-1,TRBJ2-1,SATDYSSYNGQC,1
TRBV20-1,TRBJ2-1,SATDYSYNEQF,7
TRBV20-1,TRBJ2-1,SATDYTGLF,1
TRBV20-1,TRBJ2-1,SATDYTLNNEQF,1
TRBV20-1,TRBJ2-1,SATDYVSSYNEQF,1
TRBV20-1,TRBJ2-1,SATDYVSYNEQF,2
TRBV20-1,TRBJ2-1,SATDYWREEDEQF,1
TRBV20-1,TRBJ2-1,SATDYWSGSVNEQF,1
TRBV20-1,TRBJ2-1,SATDYYNEQF,8
TRBV20-1,TRBJ2-1,SATDYYVFNEQF,1
TRBV20-1,TRBJ2-1,SATEAAIVYNEQF,1
TRBV20-1,TRBJ2-1,SATEAATSGYNEQF,1
TRBV20-1,TRBJ2-1,SATEADEQF,1
TRBV20-1,TRBJ2-1,SATEADSSYNEQF,2
TRBV20-1,TRBJ2-1,SATEAELHNEQF,1
TRBV20-1,TRBJ2-1,SATEAFGYNEQF,1
TRBV20-1,TRBJ2-1,SATEAGAFWNEQF,1
TRBV20-1,TRBJ2-1,SATEAGAGNEQF,1
TRBV20-1,TRBJ2-1,SATEAGAGSHEQF,1
TRBV20-1,TRBJ2-1,SATEAGAYNEQF,2
TRBV20-1,TRBJ2-1,SATEAGDSYNEQF,1
TRBV20-1,TRBJ2-1,SATEAGDYNEQF,4
TRBV20-1,TRBJ2-1,SATEAGDYNERF,1
TRBV20-1,TRBJ2-1,SATEAGGDYNEQF,1
TRBV20-1,TRBJ2-1,SATEAGGLYNEQF,1
TRBV20-1,TRBJ2-1,SATEAGGNEQF,1
TRBV20-1,TRBJ2-1,SATEAGGNNEQF,1
TRBV20-1,TRBJ2-1,SATEAGGNYNEQF,1
TRBV20-1,TRBJ2-1,SATEAGGPGNEQF,6
TRBV20-1,TRBJ2-1,SATEAGGPLNEQF,1
TRBV20-1,TRBJ2-1,SATEAGGPLYNEQF,5
TRBV20-1,TRBJ2-1,SATEAGGPREQF,2
TRBV20-1,TRBJ2-1,SATEAGGPRNEQF,1
TRBV20-1,TRBJ2-1,SATEAGGPSWYNEQF,1
TRBV20-1,TRBJ2-1,SATEAGGSYNEQF,4
TRBV20-1,TRBJ2-1,SATEAGGVSYNEQF,1
TRBV20-1,TRBJ2-1,SATEAGGVYNEQF,1
TRBV20-1,TRBJ2-1,SATEAGLATSNEQF,1
TRBV20-1,TRBJ2-1,SATEAGLNEQF,1
TRBV20-1,TRBJ2-1,SATEAGLPYNEQF,1
TRBV20-1,TRBJ2-1,SATEAGLSYNEQF,1
TRBV20-1,TRBJ2-1,SATEAGLYNEQF,1
TRBV20-1,TRBJ2-1,SATEAGNEQF,1
TRBV20-1,TRBJ2-1,SATEAGPSLNEQF,1
TRBV20-1,TRBJ2-1,SATEAGPSYNEQC,1
TRBV20-1,TRBJ2-1,SATEAGPSYNEQF,7
TRBV20-1,TRBJ2-1,SATEAGPYNEQF,2
TRBV20-1,TRBJ2-1,SATEAGQGKNNEQF,1
TRBV20-1,TRBJ2-1,SATEAGREGLWEYNEQF,1
TRBV20-1,TRBJ2-1,SATEAGRGSGEQF,2
TRBV20-1,TRBJ2-1,SATEAGRLYNEQF,1
TRBV20-1,TRBJ2-1,SATEAGRTYNEQF,3
TRBV20-1,TRBJ2-1,SATEAGSIYNEQF,1
TRBV20-1,TRBJ2-1,SATEAGTGDNEQF,1
TRBV20-1,TRBJ2-1,SATEAGVGNEQF,1
TRBV20-1,TRBJ2-1,SATEAGVGYNEQF,1
TRBV20-1,TRBJ2-1,SATEAGVPYNEQF,1
TRBV20-1,TRBJ2-1,SATEAGVSYNEQF,4
TRBV20-1,TRBJ2-1,SATEAGVWNEQF,1
TRBV20-1,TRBJ2-1,SATEAGWGWYNEQF,1
TRBV20-1,TRBJ2-1,SATEAGYEQF,1
TRBV20-1,TRBJ2-1,SATEAGYNEQF,1
TRBV20-1,TRBJ2-1,SATEAIGLVYNEQF,1
TRBV20-1,TRBJ2-1,SATEALGRNEQF,1
TRBV20-1,TRBJ2-1,SATEALIDNEQF,1
TRBV20-1,TRBJ2-1,SATEALINEQF,1
TRBV20-1,TRBJ2-1,SATEALKGNEQF,1
TRBV20-1,TRBJ2-1,SATEALYNEQF,1
TRBV20-1,TRBJ2-1,SATEANNEQF,1
TRBV20-1,TRBJ2-1,SATEAQASGSYEQF,1
TRBV20-1,TRBJ2-1,SATEAQGLANEQF,1
TRBV20-1,TRBJ2-1,SATEAREDEQF,1
TRBV20-1,TRBJ2-1,SATEARVVYNEQF,1
TRBV20-1,TRBJ2-1,SATEASGRSEQF,3
TRBV20-1,TRBJ2-1,SATEASGSSYNEQF,1
TRBV20-1,TRBJ2-1,SATEASGYYNEQF,1
TRBV20-1,TRBJ2-1,SATEASKDEQF,1
TRBV20-1,TRBJ2-1,SATEASLYNEQF,1
TRBV20-1,TRBJ2-1,SATEASSLSGEQF,1
TRBV20-1,TRBJ2-1,SATEASSLYDEQF,1
TRBV20-1,TRBJ2-1,SATEASSYNEQF,1
TRBV20-1,TRBJ2-1,SATEASYNEQF,9
TRBV20-1,TRBJ2-1,SATEATAYNEQF,1
TRBV20-1,TRBJ2-1,SATEAVAHYNEQF,1
TRBV20-1,TRBJ2-1,SATEAVSSYNEQF,1
TRBV20-1,TRBJ2-1,SATEAVYSYNEQF,1
TRBV20-1,TRBJ2-1,SATEAYNEQF,1
TRBV20-1,TRBJ2-1,SATEDAGSYNEQF,5
TRBV20-1,TRBJ2-1,SATEDAGTSLNEQF,1
TRBV20-1,TRBJ2-1,SATEDANNEQF,4
TRBV20-1,TRBJ2-1,SATEDDYNEQF,1
TRBV20-1,TRBJ2-1,SATEDEQF,4
TRBV20-1,TRBJ2-1,SATEDFTYNEQF,1
TRBV20-1,TRBJ2-1,SATEDFYNEQF,1
TRBV20-1,TRBJ2-1,SATEDGGSSYNEQF,4
TRBV20-1,TRBJ2-1,SATEDGGTLGPYNEQF,1
TRBV20-1,TRBJ2-1,SATEDLAVSYNEQF,1
TRBV20-1,TRBJ2-1,SATEDLSSYNEQF,1
TRBV20-1,TRBJ2-1,SATEDNEQF,8
TRBV20-1,TRBJ2-1,SATEDNSYNEQF,1
TRBV20-1,TRBJ2-1,SATEDPPRYNEQF,1
TRBV20-1,TRBJ2-1,SATEDPVYNEQF,1
TRBV20-1,TRBJ2-1,SATEDREDEQF,1
TRBV20-1,TRBJ2-1,SATEDRGHYNEQF,1
TRBV20-1,TRBJ2-1,SATEDRGNEQF,1
TRBV20-1,TRBJ2-1,SATEDRGSYNEQF,1
TRBV20-1,TRBJ2-1,SATEDRGTDEQF,1
TRBV20-1,TRBJ2-1,SATEDRGTYNEQF,1
TRBV20-1,TRBJ2-1,SATEDRPTSGRGLYNEQF,1
TRBV20-1,TRBJ2-1,SATEDRYNEQF,2
TRBV20-1,TRBJ2-1,SATEDSLGGTYNEQF,5
TRBV20-1,TRBJ2-1,SATEDSRNRYNEQF,1
TRBV20-1,TRBJ2-1,SATEDSSSYNEQF,1
TRBV20-1,TRBJ2-1,SATEDSYNEQF,1
TRBV20-1,TRBJ2-1,SATEDVTDEQF,3
TRBV20-1,TRBJ2-1,SATEDYNEQF,1
TRBV20-1,TRBJ2-1,SATEDYPSYNEQF,1
TRBV20-1,TRBJ2-1,SATEDYREANEQF,5
TRBV20-1,TRBJ2-1,SATEDYTSSYNEQF,1
TRBV20-1,TRBJ2-1,SATEDYYNEQF,1
TRBV20-1,TRBJ2-1,SATEEASGRIGEQF,7
TRBV20-1,TRBJ2-1,SATEEATSFDEQF,1
TRBV20-1,TRBJ2-1,SATEEAYNEQF,1
TRBV20-1,TRBJ2-1,SATEEEGNEQF,1
TRBV20-1,TRBJ2-1,SATEEESSYNEQF,1
TRBV20-1,TRBJ2-1,SATEEGGLATYNEQF,1
TRBV20-1,TRBJ2-1,SATEEGSSYNEQF,1
TRBV20-1,TRBJ2-1,SATEEGYEQF,1
TRBV20-1,TRBJ2-1,SATEEITSSYNEQF,5
TRBV20-1,TRBJ2-1,SATEELRNEQF,1
TRBV20-1,TRBJ2-1,SATEENNEQF,1
TRBV20-1,TRBJ2-1,SATEEQGNEQF,1
TRBV20-1,TRBJ2-1,SATEERDPTYNEQF,1
TRBV20-1,TRBJ2-1,SATEERVNEQF,1
TRBV20-1,TRBJ2-1,SATEESSYNEQF,1
TRBV20-1,TRBJ2-1,SATEETPYNEQF,1
TRBV20-1,TRBJ2-1,SATEETSGFPSYNEQF,1
TRBV20-1,TRBJ2-1,SATEEVLYEQF,1
TRBV20-1,TRBJ2-1,SATEEVSRYNEQF,1
TRBV20-1,TRBJ2-1,SATEEWTYNEQF,1
TRBV20-1,TRBJ2-1,SATEFAGASYNEQF,1
TRBV20-1,TRBJ2-1,SATEFGSSYNEQF,1
TRBV20-1,TRBJ2-1,SATEFLGSYNEQF,1
TRBV20-1,TRBJ2-1,SATEFPGLAGGPLRNEQF,1
TRBV20-1,TRBJ2-1,SATEFPRWNEQF,1
TRBV20-1,TRBJ2-1,SATEFPSYNEQF,1
TRBV20-1,TRBJ2-1,SATEFRDLDNEQF,1
TRBV20-1,TRBJ2-1,SATEFREDSYNEQF,3
TRBV20-1,TRBJ2-1,SATEFRNEQF,1
TRBV20-1,TRBJ2-1,SATEFRTSKASPNEQF,1
TRBV20-1,TRBJ2-1,SATEFSGLSYNEQF,1
TRBV20-1,TRBJ2-1,SATEFSGRVGNEQF,1
TRBV20-1,TRBJ2-1,SATEFSLAGGVYNEQF,1
TRBV20-1,TRBJ2-1,SATEFTSGNNEQF,3
TRBV20-1,TRBJ2-1,SATEFTSGRNNEQF,1
TRBV20-1,TRBJ2-1,SATEFWRSDSYNEQF,1
TRBV20-1,TRBJ2-1,SATEFYNEQF,1
TRBV20-1,TRBJ2-1,SATEGAENEQF,1
TRBV20-1,TRBJ2-1,SATEGAEPIGEQF,3
TRBV20-1,TRBJ2-1,SATEGAEVI,7
TRBV20-1,TRBJ2-1,SATEGAGGDNEQF,1
TRBV20-1,TRBJ2-1,SATEGAGGSYNEQF,1
TRBV20-1,TRBJ2-1,SATEGAGGVTYNEQF,1
TRBV20-1,TRBJ2-1,SATEGAGPYNEQF,1
TRBV20-1,TRBJ2-1,SATEGAIISYNEQF,1
TRBV20-1,TRBJ2-1,SATEGAIYNEQF,1
TRBV20-1,TRBJ2-1,SATEGAKAYNEQF,1
TRBV20-1,TRBJ2-1,SATEGALYNEQF,1
TRBV20-1,TRBJ2-1,SATEGARNYNEQF,1
TRBV20-1,TRBJ2-1,SATEGARVYNEQF,1
TRBV20-1,TRBJ2-1,SATEGASEQF,15
TRBV20-1,TRBJ2-1,SATEGASGGNEQF,1
TRBV20-1,TRBJ2-1,SATEGASSYNEQF,2
TRBV20-1,TRBJ2-1,SATEGATGYNEQF,1
TRBV20-1,TRBJ2-1,SATEGAVSYNEQF,1
TRBV20-1,TRBJ2-1,SATEGAYSNEQF,1
TRBV20-1,TRBJ2-1,SATEGDDSSYNEQF,1
TRBV20-1,TRBJ2-1,SATEGDEQF,2
TRBV20-1,TRBJ2-1,SATEGDNEQF,1
TRBV20-1,TRBJ2-1,SATEGDRDYNEQF,1
TRBV20-1,TRBJ2-1,SATEGDRGLDEQF,1
TRBV20-1,TRBJ2-1,SATEGEASYNEQF,1
TRBV20-1,TRBJ2-1,SATEGEGSGFYNEQF,1
TRBV20-1,TRBJ2-1,SATEGEGTSRNERF,1
TRBV20-1,TRBJ2-1,SATEGFNEQF,1
TRBV20-1,TRBJ2-1,SATEGFRDEQF,1
TRBV20-1,TRBJ2-1,SATEGGAGNEQF,5
TRBV20-1,TRBJ2-1,SATEGGAYNEQF,6
TRBV20-1,TRBJ2-1,SATEGGDEQF,1
TRBV20-1,TRBJ2-1,SATEGGDNEQF,1
TRBV20-1,TRBJ2-1,SATEGGFYNEQF,1
TRBV20-1,TRBJ2-1,SATEGGGDEQF,1
TRBV20-1,TRBJ2-1,SATEGGGIYNEQF,1
TRBV20-1,TRBJ2-1,SATEGGGLDEQF,4
TRBV20-1,TRBJ2-1,SATEGGGNEQF,5
TRBV20-1,TRBJ2-1,SATEGGGNNEQF,1
TRBV20-1,TRBJ2-1,SATEGGGREF,4
TRBV20-1,TRBJ2-1,SATEGGGSYNEQF,1
TRBV20-1,TRBJ2-1,SATEGGGVNEQF,1
TRBV20-1,TRBJ2-1,SATEGGIGAYNEQF,1
TRBV20-1,TRBJ2-1,SATEGGKRDEQF,1
TRBV20-1,TRBJ2-1,SATEGGLFNEQF,1
TRBV20-1,TRBJ2-1,SATEGGLGNNEQF,3
TRBV20-1,TRBJ2-1,SATEGGLWNEQF,1
TRBV20-1,TRBJ2-1,SATEGGNEQF,2
TRBV20-1,TRBJ2-1,SATEGGNTYNEQF,1
TRBV20-1,TRBJ2-1,SATEGGPDEQF,1
TRBV20-1,TRBJ2-1,SATEGGPSDEQF,1
TRBV20-1,TRBJ2-1,SATEGGPSSYNEQF,3
TRBV20-1,TRBJ2-1,SATEGGPYNEQF,2
TRBV20-1,TRBJ2-1,SATEGGRATEQF,6
TRBV20-1,TRBJ2-1,SATEGGRIRGHEQF,1
TRBV20-1,TRBJ2-1,SATEGGRLDEQF,1
TRBV20-1,TRBJ2-1,SATEGGRNEQF,2
TRBV20-1,TRBJ2-1,SATEGGRTYNEQF,1
TRBV20-1,TRBJ2-1,SATEGGSSYNEQF,3
TRBV20-1,TRBJ2-1,SATEGGSTYNEQF,1
TRBV20-1,TRBJ2-1,SATEGGSYNEQF,1
TRBV20-1,TRBJ2-1,SATEGGTGTYNEQF,1
TRBV20-1,TRBJ2-1,SATEGGTRYNEQF,1
TRBV20-1,TRBJ2-1,SATEGGTSYNEQF,1
TRBV20-1,TRBJ2-1,SATEGGTYNEQF,3
TRBV20-1,TRBJ2-1,SATEGGVAYNEQF,12
TRBV20-1,TRBJ2-1,SATEGGYEQF,49
TRBV20-1,TRBJ2-1,SATEGGYKQF,1
TRBV20-1,TRBJ2-1,SATEGGYNEQF,1
TRBV20-1,TRBJ2-1,SATEGHEQF,2
TRBV20-1,TRBJ2-1,SATEGHYNEQF,1
TRBV20-1,TRBJ2-1,SATEGITNEQF,1
TRBV20-1,TRBJ2-1,SATEGLAADNEQF,1
TRBV20-1,TRBJ2-1,SATEGLADWNEQF,1
TRBV20-1,TRBJ2-1,SATEGLADYNEQF,1
TRBV20-1,TRBJ2-1,SATEGLAESYNEQF,1
TRBV20-1,TRBJ2-1,SATEGLAEYNEQF,1
TRBV20-1,TRBJ2-1,SATEGLAGGDEQF,1
TRBV20-1,TRBJ2-1,SATEGLAGGNEQF,1
TRBV20-1,TRBJ2-1,SATEGLAGGSYNEQF,3
TRBV20-1,TRBJ2-1,SATEGLAGGYEQF,1
TRBV20-1,TRBJ2-1,SATEGLAGLNEQF,1
TRBV20-1,TRBJ2-1,SATEGLAGNEQF,1
TRBV20-1,TRBJ2-1,SATEGLAGPSSYNEQF,1
TRBV20-1,TRBJ2-1,SATEGLAGTSSYNEQF,1
TRBV20-1,TRBJ2-1,SATEGLAGVNEQF,1
TRBV20-1,TRBJ2-1,SATEGLAGVTVSYNEQF,1
TRBV20-1,TRBJ2-1,SATEGLAGVVRNEQF,1
TRBV20-1,TRBJ2-1,SATEGLASFHEQF,1
TRBV20-1,TRBJ2-1,SATEGLASHNEQF,1
TRBV20-1,TRBJ2-1,SATEGLASYNEQF,1
TRBV20-1,TRBJ2-1,SATEGLDEQF,2
TRBV20-1,TRBJ2-1,SATEGLGRNEQF,1
TRBV20-1,TRBJ2-1,SATEGLGYNEQF,2
TRBV20-1,TRBJ2-1,SATEGLHNEQF,1
TRBV20-1,TRBJ2-1,SATEGLINYNEQF,1
TRBV20-1,TRBJ2-1,SATEGLIYNEQF,1
TRBV20-1,TRBJ2-1,SATEGLLHNEQF,1
TRBV20-1,TRBJ2-1,SATEGLLINEQF,1
TRBV20-1,TRBJ2-1,SATEGLLVSNEQF,1
TRBV20-1,TRBJ2-1,SATEGLNLYNEQF,1
TRBV20-1,TRBJ2-1,SATEGLSHEQF,1
TRBV20-1,TRBJ2-1,SATEGLTGGATERNEQF,1
TRBV20-1,TRBJ2-1,SATEGLVSINEQF,1
TRBV20-1,TRBJ2-1,SATEGLYNEQF,9
TRBV20-1,TRBJ2-1,SATEGMGPAYNEQF,6
TRBV20-1,TRBJ2-1,SATEGNEQF,6
TRBV20-1,TRBJ2-1,SATEGNYNEQF,1
TRBV20-1,TRBJ2-1,SATEGPFNEQF,1
TRBV20-1,TRBJ2-1,SATEGPGDEQF,1
TRBV20-1,TRBJ2-1,SATEGPGYNEQF,1
TRBV20-1,TRBJ2-1,SATEGPLPYNEQF,2
TRBV20-1,TRBJ2-1,SATEGPLYNEQF,1
TRBV20-1,TRBJ2-1,SATEGPNEQF,2
TRBV20-1,TRBJ2-1,SATEGPSWHEQF,1
TRBV20-1,TRBJ2-1,SATEGPSYNEQF,1
TRBV20-1,TRBJ2-1,SATEGPTDGDEQF,1
TRBV20-1,TRBJ2-1,SATEGPVYNEQF,1
TRBV20-1,TRBJ2-1,SATEGPYNEQF,1
TRBV20-1,TRBJ2-1,SATEGQGIGNEQF,1
TRBV20-1,TRBJ2-1,SATEGQGRNEQF,1
TRBV20-1,TRBJ2-1,SATEGQRAYNEQF,1
TRBV20-1,TRBJ2-1,SATEGQRNEQF,1
TRBV20-1,TRBJ2-1,SATEGQSSYNEQF,1
TRBV20-1,TRBJ2-1,SATEGQTGYNEQF,1
TRBV20-1,TRBJ2-1,SATEGQVRNEQF,1
TRBV20-1,TRBJ2-1,SATEGQVSYNEQF,1
TRBV20-1,TRBJ2-1,SATEGRAPYKVKF,1
TRBV20-1,TRBJ2-1,SATEGRDSSYNEQF,1
TRBV20-1,TRBJ2-1,SATEGRENEQF,1
TRBV20-1,TRBJ2-1,SATEGREQF,15
TRBV20-1,TRBJ2-1,SATEGRGGNEQF,1
TRBV20-1,TRBJ2-1,SATEGRGNEQF,1
TRBV20-1,TRBJ2-1,SATEGRGNNEQF,7
TRBV20-1,TRBJ2-1,SATEGRGRSYNEQF,1
TRBV20-1,TRBJ2-1,SATEGRGYNEQF,1
TRBV20-1,TRBJ2-1,SATEGRLAGVNEQF,1
TRBV20-1,TRBJ2-1,SATEGRQGVTNEQF,1
TRBV20-1,TRBJ2-1,SATEGRRHNEQF,1
TRBV20-1,TRBJ2-1,SATEGRSSYNEQF,1
TRBV20-1,TRBJ2-1,SATEGRTSGYNEQF,1
TRBV20-1,TRBJ2-1,SATEGSDNNEQF,1
TRBV20-1,TRBJ2-1,SATEGSFYNEQF,1
TRBV20-1,TRBJ2-1,SATEGSGGKINEQF,1
TRBV20-1,TRBJ2-1,SATEGSGGSSLLRHNEQF,1
TRBV20-1,TRBJ2-1,SATEGSGRASRNEQF,1
TRBV20-1,TRBJ2-1,SATEGSGRGLYNEQF,1
TRBV20-1,TRBJ2-1,SATEGSGTRNEQF,1
TRBV20-1,TRBJ2-1,SATEGSGYNEQF,1
TRBV20-1,TRBJ2-1,SATEGSNNEQF,1
TRBV20-1,TRBJ2-1,SATEGSSGIDNEQF,1
TRBV20-1,TRBJ2-1,SATEGSSYNEQF,16
TRBV20-1,TRBJ2-1,SATEGSTGIYEQF,1
TRBV20-1,TRBJ2-1,SATEGSYNEQF,12
TRBV20-1,TRBJ2-1,SATEGTGANNEQF,1
TRBV20-1,TRBJ2-1,SATEGTGGANEQF,8
TRBV20-1,TRBJ2-1,SATEGTGGIYEQF,1
TRBV20-1,TRBJ2-1,SATEGTGSYNEQF,1
TRBV20-1,TRBJ2-1,SATEGTHNEQF,2
TRBV20-1,TRBJ2-1,SATEGTRHNEQF,1
TRBV20-1,TRBJ2-1,SATEGTSDDEQF,1
TRBV20-1,TRBJ2-1,SATEGTSGRAGRNEQF,1
TRBV20-1,TRBJ2-1,SATEGTSGSSYNEQF,1
TRBV20-1,TRBJ2-1,SATEGTSGYNEQF,1
TRBV20-1,TRBJ2-1,SATEGTWDNEQF,1
TRBV20-1,TRBJ2-1,SATEGTYNEQF,1
TRBV20-1,TRBJ2-1,SATEGVAYYNEQF,1
TRBV20-1,TRBJ2-1,SATEGVLSYNEQF,1
TRBV20-1,TRBJ2-1,SATEGVSYNEQF,1
TRBV20-1,TRBJ2-1,SATEGVTYNEQF,1
TRBV20-1,TRBJ2-1,SATEGVYNEQF,1
TRBV20-1,TRBJ2-1,SATEGWGLAGGGSYNEQF,1
TRBV20-1,TRBJ2-1,SATEGWNEQF,1
TRBV20-1,TRBJ2-1,SATEGWRSYNEQF,1
TRBV20-1,TRBJ2-1,SATEGYEQF,3
TRBV20-1,TRBJ2-1,SATEGYNEQF,10
TRBV20-1,TRBJ2-1,SATEGYYNEQF,1
TRBV20-1,TRBJ2-1,SATEHEQF,8
TRBV20-1,TRBJ2-1,SATEHERF,1
TRBV20-1,TRBJ2-1,SATEHGDEQF,1
TRBV20-1,TRBJ2-1,SATEHGGWGDNEQF,1
TRBV20-1,TRBJ2-1,SATEHGVNEQF,1
TRBV20-1,TRBJ2-1,SATEHNEQF,3
TRBV20-1,TRBJ2-1,SATEHRNEQF,1
TRBV20-1,TRBJ2-1,SATEHTYNEQF,1
TRBV20-1,TRBJ2-1,SATEIAGGGNEQF,1
TRBV20-1,TRBJ2-1,SATEIAGTAYNEQF,1
TRBV20-1,TRBJ2-1,SATEIAGTDYNEQF,1
TRBV20-1,TRBJ2-1,SATEIFGGHNEQF,1
TRBV20-1,TRBJ2-1,SATEIGGGPYNEQF,2
TRBV20-1,TRBJ2-1,SATEIGPYNEQF,1
TRBV20-1,TRBJ2-1,SATEIGVGGYYNEQF,1
TRBV20-1,TRBJ2-1,SATEILAGRYYNEQF,1
TRBV20-1,TRBJ2-1,SATEILAVAYNEQF,1
TRBV20-1,TRBJ2-1,SATEINLGTSDGPNEQF,1
TRBV20-1,TRBJ2-1,SATEINLGTSEGPNEQF,4
TRBV20-1,TRBJ2-1,SATEINNNEQF,4
TRBV20-1,TRBJ2-1,SATEIRLAANNEQF,1
TRBV20-1,TRBJ2-1,SATEIRTSGSKGYNEQF,1
TRBV20-1,TRBJ2-1,SATEISDNEQF,1
TRBV20-1,TRBJ2-1,SATEISYNEQF,1
TRBV20-1,TRBJ2-1,SATEITGSYNEQF,1
TRBV20-1,TRBJ2-1,SATEITSGRYYNEQF,3
TRBV20-1,TRBJ2-1,SATEIYNEQF,2
TRBV20-1,TRBJ2-1,SATEIYSSYNEQF,1
TRBV20-1,TRBJ2-1,SATEKAAGAYNEQF,1
TRBV20-1,TRBJ2-1,SATEKGLAGFLYNEQF,2
TRBV20-1,TRBJ2-1,SATEKKRFNEQF,1
TRBV20-1,TRBJ2-1,SATEKLAGKYNEQF,1
TRBV20-1,TRBJ2-1,SATEKLENEQF,9
TRBV20-1,TRBJ2-1,SATEKQAGNINEQF,1
TRBV20-1,TRBJ2-1,SATEKQLYNEQF,1
TRBV20-1,TRBJ2-1,SATEKRANEQF,1
TRBV20-1,TRBJ2-1,SATEKRGFSSYNEQF,1
TRBV20-1,TRBJ2-1,SATEKRVNEQF,1
TRBV20-1,TRBJ2-1,SATEKTGAYNEQF,1
TRBV20-1,TRBJ2-1,SATELAAGYNEQF,1
TRBV20-1,TRBJ2-1,SATELAATYNEQF,1
TRBV20-1,TRBJ2-1,SATELAGANEQF,2
TRBV20-1,TRBJ2-1,SATELAGASIYNEQF,2
TRBV20-1,TRBJ2-1,SATELAGAYNEQF,3
TRBV20-1,TRBJ2-1,SATELAGDGNEQF,1
TRBV20-1,TRBJ2-1,SATELAGDPSYEQF,1
TRBV20-1,TRBJ2-1,SATELAGDVESYKGIYNEQF,1
TRBV20-1,TRBJ2-1,SATELAGDYNEQF,1
TRBV20-1,TRBJ2-1,SATELAGEHNEQF,1
TRBV20-1,TRBJ2-1,SATELAGEPWSYNEQF,1
TRBV20-1,TRBJ2-1,SATELAGERNEQF,1
TRBV20-1,TRBJ2-1,SATELAGERYNEQF,1
TRBV20-1,TRBJ2-1,SATELAGEWNSYNEQF,1
TRBV20-1,TRBJ2-1,SATELAGFNEQF,1
TRBV20-1,TRBJ2-1,SATELAGFSYNEQF,3
TRBV20-1,TRBJ2-1,SATELAGGDNEQF,1
TRBV20-1,TRBJ2-1,SATELAGGHNEQF,2
TRBV20-1,TRBJ2-1,SATELAGGIYNEQF,1
TRBV20-1,TRBJ2-1,SATELAGGLAYNEQF,1
TRBV20-1,TRBJ2-1,SATELAGGPGEQF,1
TRBV20-1,TRBJ2-1,SATELAGGSYEQF,1
TRBV20-1,TRBJ2-1,SATELAGGYNEQF,1
TRBV20-1,TRBJ2-1,SATELAGIINEQF,1
TRBV20-1,TRBJ2-1,SATELAGKGNEQF,1
TRBV20-1,TRBJ2-1,SATELAGLENEQF,1
TRBV20-1,TRBJ2-1,SATELAGPSYNEQF,3
TRBV20-1,TRBJ2-1,SATELAGSDNEQF,1
TRBV20-1,TRBJ2-1,SATELAGSSYNEQF,1
TRBV20-1,TRBJ2-1,SATELAGSYNEQF,2
TRBV20-1,TRBJ2-1,SATELAGVGNEQF,1
TRBV20-1,TRBJ2-1,SATELAGVIRAEQF,1
TRBV20-1,TRBJ2-1,SATELAGVLNEQF,1
TRBV20-1,TRBJ2-1,SATELAGVLTEQF,3
TRBV20-1,TRBJ2-1,SATELAGVNNEQF,1
TRBV20-1,TRBJ2-1,SATELAGWLGNEQF,1
TRBV20-1,TRBJ2-1,SATELAIYNEQF,1
TRBV20-1,TRBJ2-1,SATELAPSSYNEQF,1
TRBV20-1,TRBJ2-1,SATELARTYNEQF,1
TRBV20-1,TRBJ2-1,SATELASLYNEQF,1
TRBV20-1,TRBJ2-1,SATELASYNEQF,1
TRBV20-1,TRBJ2-1,SATELATAINEQF,2
TRBV20-1,TRBJ2-1,SATELAVGTNEQF,1
TRBV20-1,TRBJ2-1,SATELAYNEQF,1
TRBV20-1,TRBJ2-1,SATELDEQF,1
TRBV20-1,TRBJ2-1,SATELDPRYNEQF,1
TRBV20-1,TRBJ2-1,SATELDRFYNEQF,1
TRBV20-1,TRBJ2-1,SATELDRRNEQF,1
TRBV20-1,TRBJ2-1,SATELDSSYNEQF,1
TRBV20-1,TRBJ2-1,SATELFGSYNEQF,1
TRBV20-1,TRBJ2-1,SATELGAPWNEQF,1
TRBV20-1,TRBJ2-1,SATELGAYNEQF,1
TRBV20-1,TRBJ2-1,SATELGDEQF,4
TRBV20-1,TRBJ2-1,SATELGGAPLDNEQF,1
TRBV20-1,TRBJ2-1,SATELGGENEQF,1
TRBV20-1,TRBJ2-1,SATELGGLAAYNEQF,1
TRBV20-1,TRBJ2-1,SATELGGSSYNEQF,1
TRBV20-1,TRBJ2-1,SATELGGVNEQF,1
TRBV20-1,TRBJ2-1,SATELGLAVNEQF,1
TRBV20-1,TRBJ2-1,SATELGLMELF,1
TRBV20-1,TRBJ2-1,SATELGLMEQF,1
TRBV20-1,TRBJ2-1,SATELGQYSYNEQF,1
TRBV20-1,TRBJ2-1,SATELGRGSSYNEQF,1
TRBV20-1,TRBJ2-1,SATELGSTYNEQF,1
TRBV20-1,TRBJ2-1,SATELGTVSLGSYNEQF,1
TRBV20-1,TRBJ2-1,SATELGTYNEQF,4
TRBV20-1,TRBJ2-1,SATELGVEQF,3
TRBV20-1,TRBJ2-1,SATELGVSNNEQF,1
TRBV20-1,TRBJ2-1,SATELGYNEQF,1
TRBV20-1,TRBJ2-1,SATELHNEQF,1
TRBV20-1,TRBJ2-1,SATELIASYNEQF,1
TRBV20-1,TRBJ2-1,SATELLAGPTSSYNEQF,1
TRBV20-1,TRBJ2-1,SATELNEQF,4
TRBV20-1,TRBJ2-1,SATELNRDLYNEQF,1
TRBV20-1,TRBJ2-1,SATELPFVF,2
TRBV20-1,TRBJ2-1,SATELPGHSSYNEQF,1
TRBV20-1,TRBJ2-1,SATELPPSYNEQF,1
TRBV20-1,TRBJ2-1,SATELQGYNEQF,1
TRBV20-1,TRBJ2-1,SATELQYNEQF,5
TRBV20-1,TRBJ2-1,SATELRFSYNEQF,1
TRBV20-1,TRBJ2-1,SATELRGSSYNEQF,1
TRBV20-1,TRBJ2-1,SATELRSGQNNEQF,1
TRBV20-1,TRBJ2-1,SATELRTKEYNEQF,1
TRBV20-1,TRBJ2-1,SATELSGASGSDEQF,1
TRBV20-1,TRBJ2-1,SATELSNEQF,2
TRBV20-1,TRBJ2-1,SATELSSYNEQF,9
TRBV20-1,TRBJ2-1,SATELTSGSYNEQF,1
TRBV20-1,TRBJ2-1,SATELVFGTEQF,6
TRBV20-1,TRBJ2-1,SATELVKNEQF,1
TRBV20-1,TRBJ2-1,SATELVRYNEQF,1
TRBV20-1,TRBJ2-1,SATELVSGHNEQF,1
TRBV20-1,TRBJ2-1,SATELVWQF,32
TRBV20-1,TRBJ2-1,SATELYLNNEQF,3
TRBV20-1,TRBJ2-1,SATELYNEQF,1
TRBV20-1,TRBJ2-1,SATEMDPTYNEQF,1
TRBV20-1,TRBJ2-1,SATEMELSYNEQF,1
TRBV20-1,TRBJ2-1,SATEMGGVNEQF,3
TRBV20-1,TRBJ2-1,SATEMGLAFYNEQF,1
TRBV20-1,TRBJ2-1,SATEMGLAVNEQF,1
TRBV20-1,TRBJ2-1,SATEMGTSGAYNEQF,1
TRBV20-1,TRBJ2-1,SATEMGYKLGGKINEQF,1
TRBV20-1,TRBJ2-1,SATEMIGDNEQF,1
TRBV20-1,TRBJ2-1,SATEMNNEQF,2
TRBV20-1,TRBJ2-1,SATENDRLVNEQF,4
TRBV20-1,TRBJ2-1,SATENEQF,13
TRBV20-1,TRBJ2-1,SATENHNEQF,1
TRBV20-1,TRBJ2-1,SATENKRGNEQF,1
TRBV20-1,TRBJ2-1,SATENLENEQF,1
TRBV20-1,TRBJ2-1,SATENLYNEQF,1
TRBV20-1,TRBJ2-1,SATENNEQF,7
TRBV20-1,TRBJ2-1,SATENPSAHEQF,1
TRBV20-1,TRBJ2-1,SATENRGAVGDEQF,1
TRBV20-1,TRBJ2-1,SATENRPSSYNEQF,2
TRBV20-1,TRBJ2-1,SATENSGNEQF,1
TRBV20-1,TRBJ2-1,SATENSLYEQF,1
TRBV20-1,TRBJ2-1,SATENTGDYNEQF,1
TRBV20-1,TRBJ2-1,SATENWSSYNEQF,1
TRBV20-1,TRBJ2-1,SATENYNEQF,7
TRBV20-1,TRBJ2-1,SATEPAGAYNEQF,1
TRBV20-1,TRBJ2-1,SATEPAGDSYNEQF,1
TRBV20-1,TRBJ2-1,SATEPAGGGQDEQF,1
TRBV20-1,TRBJ2-1,SATEPAGGGYNEQF,1
TRBV20-1,TRBJ2-1,SATEPAGTSGSLYEQF,1
TRBV20-1,TRBJ2-1,SATEPASNEQF,1
TRBV20-1,TRBJ2-1,SATEPDGKRNEQF,1
TRBV20-1,TRBJ2-1,SATEPDRGDNEQF,2
TRBV20-1,TRBJ2-1,SATEPEDFYNEQF,1
TRBV20-1,TRBJ2-1,SATEPEGLYNEQF,1
TRBV20-1,TRBJ2-1,SATEPESSYNEQF,1
TRBV20-1,TRBJ2-1,SATEPGGYNNEQF,2
TRBV20-1,TRBJ2-1,SATEPGLAGNEQF,1
TRBV20-1,TRBJ2-1,SATEPGLAYNEQF,1
TRBV20-1,TRBJ2-1,SATEPGLDSYNEQF,1
TRBV20-1,TRBJ2-1,SATEPGLSGNEQF,1
TRBV20-1,TRBJ2-1,SATEPGLVIHEQF,4
TRBV20-1,TRBJ2-1,SATEPGPRYNEQF,1
TRBV20-1,TRBJ2-1,SATEPGQGTNEQF,1
TRBV20-1,TRBJ2-1,SATEPGQHNEQF,1
TRBV20-1,TRBJ2-1,SATEPGRRFNEQF,3
TRBV20-1,TRBJ2-1,SATEPGTSGGYNEQF,1
TRBV20-1,TRBJ2-1,SATEPGTSGTYNEQF,1
TRBV20-1,TRBJ2-1,SATEPGTYNEQF,1
TRBV20-1,TRBJ2-1,SATEPIMGHEQF,1
TRBV20-1,TRBJ2-1,SATEPIRGHEQF,4
TRBV20-1,TRBJ2-1,SATEPKAGGPFYEQF,1
TRBV20-1,TRBJ2-1,SATEPKGSGYNEQF,1
TRBV20-1,TRBJ2-1,SATEPLAGGPNNEQF,1
TRBV20-1,TRBJ2-1,SATEPLAVFREPSYNEQF,1
TRBV20-1,TRBJ2-1,SATEPLAVWGGTNEQF,1
TRBV20-1,TRBJ2-1,SATEPLDYSYNEQF,1
TRBV20-1,TRBJ2-1,SATEPLGPSYNEQF,1
TRBV20-1,TRBJ2-1,SATEPLSGNEQF,1
TRBV20-1,TRBJ2-1,SATEPNEQF,2
TRBV20-1,TRBJ2-1,SATEPNRSYNEQF,2
TRBV20-1,TRBJ2-1,SATEPPGLVNEQF,1
TRBV20-1,TRBJ2-1,SATEPRASGSNEQF,1
TRBV20-1,TRBJ2-1,SATEPREQF,1
TRBV20-1,TRBJ2-1,SATEPRLAFVRDEQF,1
TRBV20-1,TRBJ2-1,SATEPRSRYNEQF,1
TRBV20-1,TRBJ2-1,SATEPRTGGNEQF,1
TRBV20-1,TRBJ2-1,SATEPRTNYNEQF,1
TRBV20-1,TRBJ2-1,SATEPSGDYNEQF,1
TRBV20-1,TRBJ2-1,SATEPSGGAYNEQF,1
TRBV20-1,TRBJ2-1,SATEPSGKISYNEQF,1
TRBV20-1,TRBJ2-1,SATEPSGRAGSYNEQF,1
TRBV20-1,TRBJ2-1,SATEPSGRGDEQF,1
TRBV20-1,TRBJ2-1,SATEPSGSLSRNEQF,1
TRBV20-1,TRBJ2-1,SATEPSGSRNEQF,1
TRBV20-1,TRBJ2-1,SATEPSGSYNEQF,1
TRBV20-1,TRBJ2-1,SATEPSGYNEQF,1
TRBV20-1,TRBJ2-1,SATEPSGYYNEQF,1
TRBV20-1,TRBJ2-1,SATEPSLIKEF,1
TRBV20-1,TRBJ2-1,SATEPTGSSYNEQF,1
TRBV20-1,TRBJ2-1,SATEPTPGLVIYEQF,1
TRBV20-1,TRBJ2-1,SATEPTSGRGDEQF,1
TRBV20-1,TRBJ2-1,SATEPTSGRYNEQF,1
TRBV20-1,TRBJ2-1,SATEPWGNNEQF,1
TRBV20-1,TRBJ2-1,SATEQAAFYDEQF,1
TRBV20-1,TRBJ2-1,SATEQAGSYNEQF,1
TRBV20-1,TRBJ2-1,SATEQF,1
TRBV20-1,TRBJ2-1,SATEQFASSYNEQF,1
TRBV20-1,TRBJ2-1,SATEQGAGYNEQF,3
TRBV20-1,TRBJ2-1,SATEQGAHSYNEQF,6
TRBV20-1,TRBJ2-1,SATEQGARGYNEQF,1
TRBV20-1,TRBJ2-1,SATEQGARSNEQF,1
TRBV20-1,TRBJ2-1,SATEQGARSYNEQF,1
TRBV20-1,TRBJ2-1,SATEQGAVSYNEQF,2
TRBV20-1,TRBJ2-1,SATEQGGSYNEQF,1
TRBV20-1,TRBJ2-1,SATEQGHNEQF,1
TRBV20-1,TRBJ2-1,SATEQGPAGDEQF,1
TRBV20-1,TRBJ2-1,SATEQGPGLNEQF,1
TRBV20-1,TRBJ2-1,SATEQGYEQF,4
TRBV20-1,TRBJ2-1,SATEQGYNEQF,1
TRBV20-1,TRBJ2-1,SATEQGYPYNEQF,1
TRBV20-1,TRBJ2-1,SATEQGYYEQF,1
TRBV20-1,TRBJ2-1,SATEQHNEQF,1
TRBV20-1,TRBJ2-1,SATEQLAEYNEQF,1
TRBV20-1,TRBJ2-1,SATEQLAGHYNEQF,1
TRBV20-1,TRBJ2-1,SATEQLIGYNEQF,1
TRBV20-1,TRBJ2-1,SATEQLNEQF,1
TRBV20-1,TRBJ2-1,SATEQPINEQF,1
TRBV20-1,TRBJ2-1,SATEQRFNYNEQF,1
TRBV20-1,TRBJ2-1,SATEQRFYNEQF,1
TRBV20-1,TRBJ2-1,SATEQRSSYNEQF,1
TRBV20-1,TRBJ2-1,SATEQRVYKEQF,2
TRBV20-1,TRBJ2-1,SATEQRVYNEQF,1
TRBV20-1,TRBJ2-1,SATEQSYNEQF,1
TRBV20-1,TRBJ2-1,SATEQVLHEQF,1
TRBV20-1,TRBJ2-1,SATEQVRLNEQF,4
TRBV20-1,TRBJ2-1,SATEQVSLNEQC,1
TRBV20-1,TRBJ2-1,SATEQYNEQF,1
TRBV20-1,TRBJ2-1,SATERAASYNEQF,1
TRBV20-1,TRBJ2-1,SATERADYNEQF,1
TRBV20-1,TRBJ2-1,SATERAEGNEQF,1
TRBV20-1,TRBJ2-1,SATERAGGNEQF,10
TRBV20-1,TRBJ2-1,SATERAGGNQPF,1
TRBV20-1,TRBJ2-1,SATERAGLSYNEQF,1
TRBV20-1,TRBJ2-1,SATERAGSSYNEQF,1
TRBV20-1,TRBJ2-1,SATERAHYNEQF,4
TRBV20-1,TRBJ2-1,SATERALMSSYNEQF,1
TRBV20-1,TRBJ2-1,SATERASGPSSYNEQF,1
TRBV20-1,TRBJ2-1,SATERAYEQF,1
TRBV20-1,TRBJ2-1,SATERAYNEQF,1
TRBV20-1,TRBJ2-1,SATERDEEF,1
TRBV20-1,TRBJ2-1,SATERDEQF,4
TRBV20-1,TRBJ2-1,SATERDESSYNEQF,1
TRBV20-1,TRBJ2-1,SATERDPRYNEQF,1
TRBV20-1,TRBJ2-1,SATERDPSYNEQF,1
TRBV20-1,TRBJ2-1,SATERDPYNEQF,1
TRBV20-1,TRBJ2-1,SATERDRDNEQF,1
TRBV20-1,TRBJ2-1,SATERDSYNEQF,1
TRBV20-1,TRBJ2-1,SATERDVASDEQF,1
TRBV20-1,TRBJ2-1,SATERDVSYNEQF,10
TRBV20-1,TRBJ2-1,SATERDVSYNGQF,1
TRBV20-1,TRBJ2-1,SATEREAPYNEQF,3
TRBV20-1,TRBJ2-1,SATEREEQF,2
TRBV20-1,TRBJ2-1,SATEREFYNEQF,2
TRBV20-1,TRBJ2-1,SATEREGHHEQF,4
TRBV20-1,TRBJ2-1,SATEREGLGDEQF,1
TRBV20-1,TRBJ2-1,SATEREGLGNEQF,1
TRBV20-1,TRBJ2-1,SATEREGLYNEQF,2
TRBV20-1,TRBJ2-1,SATEREGPSYNEQF,1
TRBV20-1,TRBJ2-1,SATEREGRHNEQF,1
TRBV20-1,TRBJ2-1,SATEREGRLDEQF,1
TRBV20-1,TRBJ2-1,SATEREGRYNEQF,2
TRBV20-1,TRBJ2-1,SATEREGSYNEQF,2
TRBV20-1,TRBJ2-1,SATEREGVYEQF,1
TRBV20-1,TRBJ2-1,SATEREGYNEQF,5
TRBV20-1,TRBJ2-1,SATEREKSYNEQF,1
TRBV20-1,TRBJ2-1,SATERENWYEQF,1
TRBV20-1,TRBJ2-1,SATERESNYNEQF,1
TRBV20-1,TRBJ2-1,SATERESPYNEQF,1
TRBV20-1,TRBJ2-1,SATERESSYNEQF,1
TRBV20-1,TRBJ2-1,SATEREVANEQF,1
TRBV20-1,TRBJ2-1,SATEREWASNEQF,4
TRBV20-1,TRBJ2-1,SATEREYAYNEQF,1
TRBV20-1,TRBJ2-1,SATEREYNEQF,1
TRBV20-1,TRBJ2-1,SATEREYQF,8
TRBV20-1,TRBJ2-1,SATERGAYNEQF,7
TRBV20-1,TRBJ2-1,SATERGAYNNEQF,1
TRBV20-1,TRBJ2-1,SATERGEQF,36
TRBV20-1,TRBJ2-1,SATERGGFYEQF,6
TRBV20-1,TRBJ2-1,SATERGGRDNEQF,1
TRBV20-1,TRBJ2-1,SATERGGRNEQF,1
TRBV20-1,TRBJ2-1,SATERGGSYNEQF,3
TRBV20-1,TRBJ2-1,SATERGGTNEQF,1
TRBV20-1,TRBJ2-1,SATERGHTNEQF,1
TRBV20-1,TRBJ2-1,SATERGIYNEQF,8
TRBV20-1,TRBJ2-1,SATERGLHNEQF,1
TRBV20-1,TRBJ2-1,SATERGPASYNEQF,1
TRBV20-1,TRBJ2-1,SATERGPYNEQF,1
TRBV20-1,TRBJ2-1,SATERGQGFYNEQF,1
TRBV20-1,TRBJ2-1,SATERGQGGGNEQF,1
TRBV20-1,TRBJ2-1,SATERGQYNEQF,1
TRBV20-1,TRBJ2-1,SATERGRLYNEQF,1
TRBV20-1,TRBJ2-1,SATERGRTRDEQF,1
TRBV20-1,TRBJ2-1,SATERGRYNEQF,1
TRBV20-1,TRBJ2-1,SATERGSSYNEQF,1
TRBV20-1,TRBJ2-1,SATERGSYNEQF,2
TRBV20-1,TRBJ2-1,SATERGTDNEQF,3
TRBV20-1,TRBJ2-1,SATERHTPYNEQF,1
TRBV20-1,TRBJ2-1,SATERIPWTTSYNEQF,1
TRBV20-1,TRBJ2-1,SATERIRYNEQF,1
TRBV20-1,TRBJ2-1,SATERISYNEQF,1
TRBV20-1,TRBJ2-1,SATERKAYNEQF,4
TRBV20-1,TRBJ2-1,SATERKDEQF,1
TRBV20-1,TRBJ2-1,SATERLAGGNEQF,2
TRBV20-1,TRBJ2-1,SATERLAGLYEQF,1
TRBV20-1,TRBJ2-1,SATERLAISNEQF,2
TRBV20-1,TRBJ2-1,SATERLANHNEQF,1
TRBV20-1,TRBJ2-1,SATERLASWNEQF,1
TRBV20-1,TRBJ2-1,SATERLDSYNEQF,1
TRBV20-1,TRBJ2-1,SATERLNEQF,1
TRBV20-1,TRBJ2-1,SATERLRYNEQF,1
TRBV20-1,TRBJ2-1,SATERLSSYNEQF,2
TRBV20-1,TRBJ2-1,SATERLSYNEQF,1
TRBV20-1,TRBJ2-1,SATERMSYNEQF,1
TRBV20-1,TRBJ2-1,SATERNEQF,1
TRBV20-1,TRBJ2-1,SATERNIYNEQF,1
TRBV20-1,TRBJ2-1,SATERPSSYNEQF,1
TRBV20-1,TRBJ2-1,SATERQGRSYNEQF,3
TRBV20-1,TRBJ2-1,SATERQGSILANEQF,1
TRBV20-1,TRBJ2-1,SATERQGYSYNEQF,1
TRBV20-1,TRBJ2-1,SATERQSREQF,1
TRBV20-1,TRBJ2-1,SATERQTSYYNEQF,1
TRBV20-1,TRBJ2-1,SATERRGISNEQF,1
TRBV20-1,TRBJ2-1,SATERRGLNNEQF,1
TRBV20-1,TRBJ2-1,SATERRLANNEQF,1
TRBV20-1,TRBJ2-1,SATERRPYNEQF,1
TRBV20-1,TRBJ2-1,SATERRRAYEQF,1
TRBV20-1,TRBJ2-1,SATERRRNEQF,1
TRBV20-1,TRBJ2-1,SATERRRYNEQF,1
TRBV20-1,TRBJ2-1,SATERRTSPYGEQF,1
TRBV20-1,TRBJ2-1,SATERSEDEQF,1
TRBV20-1,TRBJ2-1,SATERSGSGLGYNEQF,1
TRBV20-1,TRBJ2-1,SATERSSYNEQF,5
TRBV20-1,TRBJ2-1,SATERSTYNEQF,1
TRBV20-1,TRBJ2-1,SATERTSGRALWNEQF,1
TRBV20-1,TRBJ2-1,SATERTSGRDEQF,1
TRBV20-1,TRBJ2-1,SATERTSGRVNEQF,1
TRBV20-1,TRBJ2-1,SATERTSGTSSYNEQF,1
TRBV20-1,TRBJ2-1,SATERVAGNNEQF,1
TRBV20-1,TRBJ2-1,SATERVFYNEQF,1
TRBV20-1,TRBJ2-1,SATERVRNEQF,1
TRBV20-1,TRBJ2-1,SATERVTNNEQF,1
TRBV20-1,TRBJ2-1,SATERVWQF,1
TRBV20-1,TRBJ2-1,SATERVYEQF,1
TRBV20-1,TRBJ2-1,SATERWDNEQF,5
TRBV20-1,TRBJ2-1,SATERYEQF,1
TRBV20-1,TRBJ2-1,SATERYGSYNEQF,1
TRBV20-1,TRBJ2-1,SATERYNEQF,6
TRBV20-1,TRBJ2-1,SATERYSYNEQF,1
TRBV20-1,TRBJ2-1,SATERYYNEQF,1
TRBV20-1,TRBJ2-1,SATESASDEQF,1
TRBV20-1,TRBJ2-1,SATESDRANNEQF,1
TRBV20-1,TRBJ2-1,SATESDRGDEQF,2
TRBV20-1,TRBJ2-1,SATESEAGKENEQF,1
TRBV20-1,TRBJ2-1,SATESGARHEQF,1
TRBV20-1,TRBJ2-1,SATESGEQF,1
TRBV20-1,TRBJ2-1,SATESGGIYNEQF,1
TRBV20-1,TRBJ2-1,SATESGGLAGGLSSYNEQF,1
TRBV20-1,TRBJ2-1,SATESGGSSYNEQF,5
TRBV20-1,TRBJ2-1,SATESGGSYNEQF,1
TRBV20-1,TRBJ2-1,SATESGLVGEQF,2
TRBV20-1,TRBJ2-1,SATESGLYNEQF,1
TRBV20-1,TRBJ2-1,SATESGNEQF,1
TRBV20-1,TRBJ2-1,SATESGNPTFDEQF,1
TRBV20-1,TRBJ2-1,SATESGRGGGRNEQF,1
TRBV20-1,TRBJ2-1,SATESGRPYNEQF,1
TRBV20-1,TRBJ2-1,SATESGRSYNEQF,1
TRBV20-1,TRBJ2-1,SATESGRTYNEQF,2
TRBV20-1,TRBJ2-1,SATESGSNEQF,1
TRBV20-1,TRBJ2-1,SATESGSSYNEQF,2
TRBV20-1,TRBJ2-1,SATESGYNEQF,1
TRBV20-1,TRBJ2-1,SATESHEQF,1
TRBV20-1,TRBJ2-1,SATESHLMAGGLNYNEQF,1
TRBV20-1,TRBJ2-1,SATESHNEQF,2
TRBV20-1,TRBJ2-1,SATESLAGDNEQF,1
TRBV20-1,TRBJ2-1,SATESLDEQF,3
TRBV20-1,TRBJ2-1,SATESLENEQF,1
TRBV20-1,TRBJ2-1,SATESLGASRSDNEQF,1
TRBV20-1,TRBJ2-1,SATESLYNEQF,1
TRBV20-1,TRBJ2-1,SATESNEQF,1
TRBV20-1,TRBJ2-1,SATESNNEQF,2
TRBV20-1,TRBJ2-1,SATESPGGTGNEQF,1
TRBV20-1,TRBJ2-1,SATESPPGVYNEQF,1
TRBV20-1,TRBJ2-1,SATESPVRGNEQF,1
TRBV20-1,TRBJ2-1,SATESRASGAYNEQF,1
TRBV20-1,TRBJ2-1,SATESRGNEQF,1
TRBV20-1,TRBJ2-1,SATESRGSSYNEQF,2
TRBV20-1,TRBJ2-1,SATESSGVTSRNEQF,1
TRBV20-1,TRBJ2-1,SATESSYNEQF,23
TRBV20-1,TRBJ2-1,SATESTSGDNNEQF,1
TRBV20-1,TRBJ2-1,SATESVGGLNEQF,1
TRBV20-1,TRBJ2-1,SATESVGGSYNEQF,1
TRBV20-1,TRBJ2-1,SATESVNEQF,1
TRBV20-1,TRBJ2-1,SATESWQNNEQF,4
TRBV20-1,TRBJ2-1,SATESYNEQF,4
TRBV20-1,TRBJ2-1,SATETAGNGVWEQF,3
TRBV20-1,TRBJ2-1,SATETASGRRVGSYNEQF,1
TRBV20-1,TRBJ2-1,SATETDDEQF,1
TRBV20-1,TRBJ2-1,SATETDEQF,1
TRBV20-1,TRBJ2-1,SATETDINEQF,1
TRBV20-1,TRBJ2-1,SATETDNEQF,1
TRBV20-1,TRBJ2-1,SATETDNSYNEQF,1
TRBV20-1,TRBJ2-1,SATETDSTNEQF,1
TRBV20-1,TRBJ2-1,SATETDYNYNEQF,1
TRBV20-1,TRBJ2-1,SATETFDYNEQF,1
TRBV20-1,TRBJ2-1,SATETFHEQF,1
TRBV20-1,TRBJ2-1,SATETFYNEQF,1
TRBV20-1,TRBJ2-1,SATETGAGGSYNEQF,1
TRBV20-1,TRBJ2-1,SATETGAYNEQF,1
TRBV20-1,TRBJ2-1,SATETGDEQF,3
TRBV20-1,TRBJ2-1,SATETGDSYNEQF,1
TRBV20-1,TRBJ2-1,SATETGFPYNEQF,1
TRBV20-1,TRBJ2-1,SATETGGNEQF,1
TRBV20-1,TRBJ2-1,SATETGGRSSYNEQF,1
TRBV20-1,TRBJ2-1,SATETGIYNEQF,1
TRBV20-1,TRBJ2-1,SATETGKTYNEQF,1
TRBV20-1,TRBJ2-1,SATETGLGNEQF,1
TRBV20-1,TRBJ2-1,SATETGNEQF,2
TRBV20-1,TRBJ2-1,SATETGRHNEQF,1
TRBV20-1,TRBJ2-1,SATETGTAYNEQF,2
TRBV20-1,TRBJ2-1,SATETGTSGRPSYNEQF,1
TRBV20-1,TRBJ2-1,SATETGTSNEQF,1
TRBV20-1,TRBJ2-1,SATETGVVAGPDNEQF,1
TRBV20-1,TRBJ2-1,SATETGYNEQF,2
TRBV20-1,TRBJ2-1,SATETHNEQF,2
TRBV20-1,TRBJ2-1,SATETILYEQF,1
TRBV20-1,TRBJ2-1,SATETISPPNEQF,1
TRBV20-1,TRBJ2-1,SATETIYNEQF,1
TRBV20-1,TRBJ2-1,SATETLRPNEQF,1
TRBV20-1,TRBJ2-1,SATETLYLAGPYNEQF,6
TRBV20-1,TRBJ2-1,SATETMDNEQF,1
TRBV20-1,TRBJ2-1,SATETNEQF,1
TRBV20-1,TRBJ2-1,SATETPYNEQF,2
TRBV20-1,TRBJ2-1,SATETQVTNNEQF,4
TRBV20-1,TRBJ2-1,SATETRLHEQF,1
TRBV20-1,TRBJ2-1,SATETRSNEQF,1
TRBV20-1,TRBJ2-1,SATETSAAYNEQF,1
TRBV20-1,TRBJ2-1,SATETSAYNEQF,1
TRBV20-1,TRBJ2-1,SATETSDDEQF,1
TRBV20-1,TRBJ2-1,SATETSDNEQF,1
TRBV20-1,TRBJ2-1,SATETSEDEQF,1
TRBV20-1,TRBJ2-1,SATETSEGYNEQF,1
TRBV20-1,TRBJ2-1,SATETSGAYNEQF,1
TRBV20-1,TRBJ2-1,SATETSGDYNEQF,1
TRBV20-1,TRBJ2-1,SATETSGGFNEQF,1
TRBV20-1,TRBJ2-1,SATETSGGHNEQF,1
TRBV20-1,TRBJ2-1,SATETSGGIAWYKEQL,1
TRBV20-1,TRBJ2-1,SATETSGGNYNEQF,1
TRBV20-1,TRBJ2-1,SATETSGGYNEQF,3
TRBV20-1,TRBJ2-1,SATETSGIFLVSSYNEQF,1
TRBV20-1,TRBJ2-1,SATETSGIPSVGNEQF,1
TRBV20-1,TRBJ2-1,SATETSGISGSYNEQF,5
TRBV20-1,TRBJ2-1,SATETSGISLNEQF,1
TRBV20-1,TRBJ2-1,SATETSGIWDEQF,1
TRBV20-1,TRBJ2-1,SATETSGIYNEQF,1
TRBV20-1,TRBJ2-1,SATETSGKRNEQF,1
TRBV20-1,TRBJ2-1,SATETSGLGNEQF,1
TRBV20-1,TRBJ2-1,SATETSGNYNEQF,1
TRBV20-1,TRBJ2-1,SATETSGPKNNEQF,2
TRBV20-1,TRBJ2-1,SATETSGPYNEQF,2
TRBV20-1,TRBJ2-1,SATETSGRADNEQF,3
TRBV20-1,TRBJ2-1,SATETSGRAGGGIEQF,5
TRBV20-1,TRBJ2-1,SATETSGRAYEQF,1
TRBV20-1,TRBJ2-1,SATETSGRGGHYNEQF,1
TRBV20-1,TRBJ2-1,SATETSGRHNELF,1
TRBV20-1,TRBJ2-1,SATETSGRHNEQF,15
TRBV20-1,TRBJ2-1,SATETSGRPANNEQF,1
TRBV20-1,TRBJ2-1,SATETSGRPPFNEQF,1
TRBV20-1,TRBJ2-1,SATETSGRTNEQF,1
TRBV20-1,TRBJ2-1,SATETSGRVYEQF,1
TRBV20-1,TRBJ2-1,SATETSGSFYNEQF,1
TRBV20-1,TRBJ2-1,SATETSGSSYNEQF,2
TRBV20-1,TRBJ2-1,SATETSGSYNEQF,2
TRBV20-1,TRBJ2-1,SATETSGTYNEQF,1
TRBV20-1,TRBJ2-1,SATETSGVGDEQF,1
TRBV20-1,TRBJ2-1,SATETSGYNEQF,1
TRBV20-1,TRBJ2-1,SATETSKVYNEQF,1
TRBV20-1,TRBJ2-1,SATETSLHEQF,1
TRBV20-1,TRBJ2-1,SATETSPNEQF,1
TRBV20-1,TRBJ2-1,SATETSPYNEQF,1
TRBV20-1,TRBJ2-1,SATETSQAYYNEQF,5
TRBV20-1,TRBJ2-1,SATETSSNEQF,1
TRBV20-1,TRBJ2-1,SATETSSRGF,5
TRBV20-1,TRBJ2-1,SATETSSYNEQF,1
TRBV20-1,TRBJ2-1,SATETSWDEQF,1
TRBV20-1,TRBJ2-1,SATETSYNEQF,1
TRBV20-1,TRBJ2-1,SATETTGTSPNEQF,1
TRBV20-1,TRBJ2-1,SATETTYNEQF,1
TRBV20-1,TRBJ2-1,SATETVNEQF,3
TRBV20-1,TRBJ2-1,SATETVPSYNEQF,1
TRBV20-1,TRBJ2-1,SATETVSEQF,1
TRBV20-1,TRBJ2-1,SATETVYEQF,1
TRBV20-1,TRBJ2-1,SATETYNEQF,12
TRBV20-1,TRBJ2-1,SATETYWGDLYNEQF,1
TRBV20-1,TRBJ2-1,SATEVAGGYNEQF,1
TRBV20-1,TRBJ2-1,SATEVAGNNEQF,1
TRBV20-1,TRBJ2-1,SATEVAGSSYNEQF,1
TRBV20-1,TRBJ2-1,SATEVAGYNEQF,1
TRBV20-1,TRBJ2-1,SATEVALAGYNEQF,1
TRBV20-1,TRBJ2-1,SATEVAPYNEQF,1
TRBV20-1,TRBJ2-1,SATEVAQSSYNEQF,1
TRBV20-1,TRBJ2-1,SATEVDNEQF,2
TRBV20-1,TRBJ2-1,SATEVDSYNEQF,1
TRBV20-1,TRBJ2-1,SATEVGATNEQF,1
TRBV20-1,TRBJ2-1,SATEVGGLTYNEQF,1
TRBV20-1,TRBJ2-1,SATEVGHEQF,1
TRBV20-1,TRBJ2-1,SATEVGLAAYNEQF,2
TRBV20-1,TRBJ2-1,SATEVGLAGGNEQF,1
TRBV20-1,TRBJ2-1,SATEVGNEQF,1
TRBV20-1,TRBJ2-1,SATEVGQTYNEQF,3
TRBV20-1,TRBJ2-1,SATEVGRAVVNEQF,1
TRBV20-1,TRBJ2-1,SATEVGYNEQF,5
TRBV20-1,TRBJ2-1,SATEVHNEQF,1
TRBV20-1,TRBJ2-1,SATEVLAGVSNEQF,1
TRBV20-1,TRBJ2-1,SATEVPYNEQF,1
TRBV20-1,TRBJ2-1,SATEVQAEQF,4
TRBV20-1,TRBJ2-1,SATEVRSYNEQF,1
TRBV20-1,TRBJ2-1,SATEVSGRFHNEQF,1
TRBV20-1,TRBJ2-1,SATEVSGTSYNEQF,1
TRBV20-1,TRBJ2-1,SATEVSYNEQF,2
TRBV20-1,TRBJ2-1,SATEVTHEQF,1
TRBV20-1,TRBJ2-1,SATEVTYNEQF,1
TRBV20-1,TRBJ2-1,SATEVVARRGNEQF,1
TRBV20-1,TRBJ2-1,SATEVVNEQF,1
TRBV20-1,TRBJ2-1,SATEVVTYNEQF,1
TRBV20-1,TRBJ2-1,SATEVWDDRAYNEQF,1
TRBV20-1,TRBJ2-1,SATEVWRGGNDNEQF,1
TRBV20-1,TRBJ2-1,SATEVYNEQC,1
TRBV20-1,TRBJ2-1,SATEVYNEQF,5
TRBV20-1,TRBJ2-1,SATEVYSYNEQF,1
TRBV20-1,TRBJ2-1,SATEVYTYNEQF,1
TRBV20-1,TRBJ2-1,SATEWDEQF,1
TRBV20-1,TRBJ2-1,SATEWDSSYNEQF,3
TRBV20-1,TRBJ2-1,SATEWDSWNEQF,1
TRBV20-1,TRBJ2-1,SATEWEGFNEQF,1
TRBV20-1,TRBJ2-1,SATEWEGRYNEQF,2
TRBV20-1,TRBJ2-1,SATEWEGVNEQF,1
TRBV20-1,TRBJ2-1,SATEWGGPYNEQF,1
TRBV20-1,TRBJ2-1,SATEWGLPSDEQF,11
TRBV20-1,TRBJ2-1,SATEWGNEQF,1
TRBV20-1,TRBJ2-1,SATEWGREGLNEQF,1
TRBV20-1,TRBJ2-1,SATEWGRLMSYNEQF,1
TRBV20-1,TRBJ2-1,SATEWGRNEQF,1
TRBV20-1,TRBJ2-1,SATEWGTSGNNEQF,1
TRBV20-1,TRBJ2-1,SATEWNEQF,1
TRBV20-1,TRBJ2-1,SATEWPSGRLGNEQF,1
TRBV20-1,TRBJ2-1,SATEWPTSGGPGYNEQF,8
TRBV20-1,TRBJ2-1,SATEWQGAYEQF,2
TRBV20-1,TRBJ2-1,SATEWSESEHF,1
TRBV20-1,TRBJ2-1,SATEWSSYNEQF,1
TRBV20-1,TRBJ2-1,SATEWTGVRNEQF,1
TRBV20-1,TRBJ2-1,SATEWTSGRGNEQF,1
TRBV20-1,TRBJ2-1,SATEWTSGYNEQF,1
TRBV20-1,TRBJ2-1,SATEWTSVDEQF,1
TRBV20-1,TRBJ2-1,SATEWTSYNEQF,1
TRBV20-1,TRBJ2-1,SATEWTVSSYNEQF,1
TRBV20-1,TRBJ2-1,SATEWVDEQF,1
TRBV20-1,TRBJ2-1,SATEYDNEQF,2
TRBV20-1,TRBJ2-1,SATEYEQF,1
TRBV20-1,TRBJ2-1,SATEYFGSGNEQF,1
TRBV20-1,TRBJ2-1,SATEYGGAYNEQF,1
TRBV20-1,TRBJ2-1,SATEYGLYNEQF,1
TRBV20-1,TRBJ2-1,SATEYGNEQF,1
TRBV20-1,TRBJ2-1,SATEYGRDYNEQF,1
TRBV20-1,TRBJ2-1,SATEYNEQF,15
TRBV20-1,TRBJ2-1,SATEYPLKRGLGNEQF,1
TRBV20-1,TRBJ2-1,SATEYRDRNNEQF,1
TRBV20-1,TRBJ2-1,SATEYRNRLDEQF,1
TRBV20-1,TRBJ2-1,SATEYYNEQF,1
TRBV20-1,TRBJ2-1,SATFADPGLGNEQF,1
TRBV20-1,TRBJ2-1,SATFAELHLYNEQF,1
TRBV20-1,TRBJ2-1,SATFAGEVVNEQF,1
TRBV20-1,TRBJ2-1,SATFAGLADYNEQF,1
TRBV20-1,TRBJ2-1,SATFAGLAGAHNEQF,1
TRBV20-1,TRBJ2-1,SATFAGSSYNEQF,1
TRBV20-1,TRBJ2-1,SATFAGTEQF,1
TRBV20-1,TRBJ2-1,SATFAGTSGRNEQF,1
TRBV20-1,TRBJ2-1,SATFAGVDEQF,3
TRBV20-1,TRBJ2-1,SATFAGVLYNEQF,1
TRBV20-1,TRBJ2-1,SATFALNEQF,1
TRBV20-1,TRBJ2-1,SATFANEQF,2
TRBV20-1,TRBJ2-1,SATFAPGGQF,1
TRBV20-1,TRBJ2-1,SATFAQGGSYNEQF,1
TRBV20-1,TRBJ2-1,SATFARKNNEQF,1
TRBV20-1,TRBJ2-1,SATFARTSGFNEQF,1
TRBV20-1,TRBJ2-1,SATFASGRANEQF,1
TRBV20-1,TRBJ2-1,SATFASYNEQF,1
TRBV20-1,TRBJ2-1,SATFAVAEVYNEQF,1
TRBV20-1,TRBJ2-1,SATFAVAGVCNEQF,1
TRBV20-1,TRBJ2-1,SATFAVAGVYNEQF,20
TRBV20-1,TRBJ2-1,SATFAVAGVYNGQF,1
TRBV20-1,TRBJ2-1,SATFAVHLYNEQF,1
TRBV20-1,TRBJ2-1,SATFDFLADSSYNEQF,1
TRBV20-1,TRBJ2-1,SATFDHEQF,6
TRBV20-1,TRBJ2-1,SATFDIGPGGRVPGNEQF,1
TRBV20-1,TRBJ2-1,SATFDNEQF,1
TRBV20-1,TRBJ2-1,SATFDPLLAGEGSSYNEQF,1
TRBV20-1,TRBJ2-1,SATFDRAYNEQF,1
TRBV20-1,TRBJ2-1,SATFDRGLVYNEQF,11
TRBV20-1,TRBJ2-1,SATFDRGQYNEQF,1
TRBV20-1,TRBJ2-1,SATFDSYYNEQF,1
TRBV20-1,TRBJ2-1,SATFDYNEQF,4
TRBV20-1,TRBJ2-1,SATFEGAYNEQF,1
TRBV20-1,TRBJ2-1,SATFEGGGSVPYNEQF,1
TRBV20-1,TRBJ2-1,SATFEGPRNEQF,1
TRBV20-1,TRBJ2-1,SATFEGSSYNEQF,1
TRBV20-1,TRBJ2-1,SATFEIGSSGSYNEQF,1
TRBV20-1,TRBJ2-1,SATFELYNEQF,2
TRBV20-1,TRBJ2-1,SATFERGIRDEQF,1
TRBV20-1,TRBJ2-1,SATFFAGSSYNEQF,1
TRBV20-1,TRBJ2-1,SATFFATEVGNEQF,1
TRBV20-1,TRBJ2-1,SATFFFNEQF,1
TRBV20-1,TRBJ2-1,SATFFGTAYNEQF,1
TRBV20-1,TRBJ2-1,SATFFYNEQF,1
TRBV20-1,TRBJ2-1,SATFGAGGGYEQF,1
TRBV20-1,TRBJ2-1,SATFGAGNVNEQF,1
TRBV20-1,TRBJ2-1,SATFGAPYNEQF,1
TRBV20-1,TRBJ2-1,SATFGDEQF,1
TRBV20-1,TRBJ2-1,SATFGGAGGNEQF,1
TRBV20-1,TRBJ2-1,SATFGGAGTYEQF,1
TRBV20-1,TRBJ2-1,SATFGGAQPNEQF,1
TRBV20-1,TRBJ2-1,SATFGGATTPF,2
TRBV20-1,TRBJ2-1,SATFGGFSNEQF,1
TRBV20-1,TRBJ2-1,SATFGGHEQF,2
TRBV20-1,TRBJ2-1,SATFGGIDNEQF,7
TRBV20-1,TRBJ2-1,SATFGGKNEQF,1
TRBV20-1,TRBJ2-1,SATFGGLAGVWAYNEQF,1
TRBV20-1,TRBJ2-1,SATFGGLAGYNEQF,1
TRBV20-1,TRBJ2-1,SATFGGSKALVNEQF,1
TRBV20-1,TRBJ2-1,SATFGGSVSYNEQF,1
TRBV20-1,TRBJ2-1,SATFGGSYNAQF,1
TRBV20-1,TRBJ2-1,SATFGGSYNEQF,1
TRBV20-1,TRBJ2-1,SATFGGSYSYNEQF,1
TRBV20-1,TRBJ2-1,SATFGGTEYNEQF,1
TRBV20-1,TRBJ2-1,SATFGGYNEQF,1
TRBV20-1,TRBJ2-1,SATFGHHEQF,1
TRBV20-1,TRBJ2-1,SATFGISYNEQF,1
TRBV20-1,TRBJ2-1,SATFGLAGADEQF,1
TRBV20-1,TRBJ2-1,SATFGLAGGPGNEQF,1
TRBV20-1,TRBJ2-1,SATFGLAGNEQF,1
TRBV20-1,TRBJ2-1,SATFGLAGPSFHEQF,1
TRBV20-1,TRBJ2-1,SATFGLAGVFDEQF,3
TRBV20-1,TRBJ2-1,SATFGLALNEQF,1
TRBV20-1,TRBJ2-1,SATFGLAVMYNEQF,1
TRBV20-1,TRBJ2-1,SATFGLAVNEQF,1
TRBV20-1,TRBJ2-1,SATFGLAVTNEQF,1
TRBV20-1,TRBJ2-1,SATFGLGDTYNEQF,10
TRBV20-1,TRBJ2-1,SATFGLSSYNEQF,2
TRBV20-1,TRBJ2-1,SATFGLSSYYGQF,1
TRBV20-1,TRBJ2-1,SATFGLVNEQF,2
TRBV20-1,TRBJ2-1,SATFGMSDSYNEQF,1
TRBV20-1,TRBJ2-1,SATFGNEQF,3
TRBV20-1,TRBJ2-1,SATFGNNEQF,1
TRBV20-1,TRBJ2-1,SATFGPGLGYNEQF,1
TRBV20-1,TRBJ2-1,SATFGPKAYNEQF,1
TRBV20-1,TRBJ2-1,SATFGPSGRLNEQF,1
TRBV20-1,TRBJ2-1,SATFGPSYNEQF,2
TRBV20-1,TRBJ2-1,SATFGQAYNEQF,1
TRBV20-1,TRBJ2-1,SATFGQGTRDEQF,1
TRBV20-1,TRBJ2-1,SATFGQRVDNEQF,1
TRBV20-1,TRBJ2-1,SATFGRGVNEQF,1
TRBV20-1,TRBJ2-1,SATFGRTSYNDQF,1
TRBV20-1,TRBJ2-1,SATFGRTSYNEQF,22
TRBV20-1,TRBJ2-1,SATFGSLSYNEQF,1
TRBV20-1,TRBJ2-1,SATFGSSVYNEQF,1
TRBV20-1,TRBJ2-1,SATFGSSYNEQF,1
TRBV20-1,TRBJ2-1,SATFGTALSYNEQF,1
TRBV20-1,TRBJ2-1,SATFGTAYNEQF,1
TRBV20-1,TRBJ2-1,SATFGTGALNEQF,1
TRBV20-1,TRBJ2-1,SATFGTGLNEQF,1
TRBV20-1,TRBJ2-1,SATFGTGLNNEQF,1
TRBV20-1,TRBJ2-1,SATFGTGVNEQF,1
TRBV20-1,TRBJ2-1,SATFGTGYNEQF,1
TRBV20-1,TRBJ2-1,SATFGTRSYNEQF,1
TRBV20-1,TRBJ2-1,SATFGTSGILNEQF,1
TRBV20-1,TRBJ2-1,SATFGTSGRLDEQF,1
TRBV20-1,TRBJ2-1,SATFGTSGSSYNEQF,1
TRBV20-1,TRBJ2-1,SATFGTSGYNEQF,4
TRBV20-1,TRBJ2-1,SATFGTSNEQF,1
TRBV20-1,TRBJ2-1,SATFGTSPTYNEQF,1
TRBV20-1,TRBJ2-1,SATFGVHRYNEQF,1
TRBV20-1,TRBJ2-1,SATFGWRDHEQF,1
TRBV20-1,TRBJ2-1,SATFHEIWYNEQF,1
TRBV20-1,TRBJ2-1,SATFHEQF,2
TRBV20-1,TRBJ2-1,SATFHNEQF,9
TRBV20-1,TRBJ2-1,SATFHNVQF,1
TRBV20-1,TRBJ2-1,SATFIGLASNEQF,1
TRBV20-1,TRBJ2-1,SATFIGSSYNEQF,1
TRBV20-1,TRBJ2-1,SATFIGSYNEQF,1
TRBV20-1,TRBJ2-1,SATFILGDNEQF,8
TRBV20-1,TRBJ2-1,SATFILGGDEQF,1
TRBV20-1,TRBJ2-1,SATFIPSGSSYNEQF,1
TRBV20-1,TRBJ2-1,SATFKGPNEQF,1
TRBV20-1,TRBJ2-1,SATFKIYNEQF,1
TRBV20-1,TRBJ2-1,SATFKSWTGYYNEQF,1
TRBV20-1,TRBJ2-1,SATFLADNEQF,1
TRBV20-1,TRBJ2-1,SATFLAGDRDEQF,1
TRBV20-1,TRBJ2-1,SATFLAGGFNEQF,1
TRBV20-1,TRBJ2-1,SATFLAGGLNNEQF,1
TRBV20-1,TRBJ2-1,SATFLAGGPPYNEQF,1
TRBV20-1,TRBJ2-1,SATFLAGGRVSSYNEQF,3
TRBV20-1,TRBJ2-1,SATFLAGGSYNEQF,1
TRBV20-1,TRBJ2-1,SATFLAGGYNEQF,1
TRBV20-1,TRBJ2-1,SATFLAGSYNEQF,2
TRBV20-1,TRBJ2-1,SATFLAGTYNEQF,1
TRBV20-1,TRBJ2-1,SATFLAIGLNEQF,9
TRBV20-1,TRBJ2-1,SATFLAPTYNEQF,1
TRBV20-1,TRBJ2-1,SATFLAPYNEQF,1
TRBV20-1,TRBJ2-1,SATFLASGRAHEQF,1
TRBV20-1,TRBJ2-1,SATFLDSYNEQF,1
TRBV20-1,TRBJ2-1,SATFLDTSSYNEQF,1
TRBV20-1,TRBJ2-1,SATFLERLDNEQF,1
TRBV20-1,TRBJ2-1,SATFLGKHEQF,1
TRBV20-1,TRBJ2-1,SATFLGQGYNEQF,1
TRBV20-1,TRBJ2-1,SATFLGVGLAGGRYNEQF,1
TRBV20-1,TRBJ2-1,SATFLGVTNNEQF,1
TRBV20-1,TRBJ2-1,SATFLLGHNEQF,8
TRBV20-1,TRBJ2-1,SATFLNSEQF,1
TRBV20-1,TRBJ2-1,SATFLPGNEQF,2
TRBV20-1,TRBJ2-1,SATFLQGQF,3
TRBV20-1,TRBJ2-1,SATFLQGVNEQF,1
TRBV20-1,TRBJ2-1,SATFLRGQF,1
TRBV20-1,TRBJ2-1,SATFLRGYNEQF,1
TRBV20-1,TRBJ2-1,SATFLRRGYNEQF,3
TRBV20-1,TRBJ2-1,SATFLRRVANNEQF,17
TRBV20-1,TRBJ2-1,SATFLRRVANNEQY,1
TRBV20-1,TRBJ2-1,SATFLSARLSYNEQF,1
TRBV20-1,TRBJ2-1,SATFLSGRQF,3
TRBV20-1,TRBJ2-1,SATFLSSYNEQF,1
TRBV20-1,TRBJ2-1,SATFLSVYNEQF,1
TRBV20-1,TRBJ2-1,SATFLTSGRSSYNEQF,1
TRBV20-1,TRBJ2-1,SATFLTSGSYNEQF,1
TRBV20-1,TRBJ2-1,SATFLYAGGYNEQF,3
TRBV20-1,TRBJ2-1,SATFLYNEQF,1
TRBV20-1,TRBJ2-1,SATFLYSSYNEQF,1
TRBV20-1,TRBJ2-1,SATFMNEQF,1
TRBV20-1,TRBJ2-1,SATFMQISYNEQF,1
TRBV20-1,TRBJ2-1,SATFNEQF,20
TRBV20-1,TRBJ2-1,SATFNFGNSYNEQF,1
TRBV20-1,TRBJ2-1,SATFNGGARRDEQF,1
TRBV20-1,TRBJ2-1,SATFNNNEQF,1
TRBV20-1,TRBJ2-1,SATFNPSLAANEQF,1
TRBV20-1,TRBJ2-1,SATFNSESNEQF,1
TRBV20-1,TRBJ2-1,SATFPAGTWDEQF,1
TRBV20-1,TRBJ2-1,SATFPAHNRYNEQF,1
TRBV20-1,TRBJ2-1,SATFPATGFSHNEQF,1
TRBV20-1,TRBJ2-1,SATFPDRLTRIYNEQF,4
TRBV20-1,TRBJ2-1,SATFPDRPNEQF,1
TRBV20-1,TRBJ2-1,SATFPFGGSGNEQF,3
TRBV20-1,TRBJ2-1,SATFPGAAGPDNEQF,2
TRBV20-1,TRBJ2-1,SATFPGAYNEQF,1
TRBV20-1,TRBJ2-1,SATFPGDEQF,4
TRBV20-1,TRBJ2-1,SATFPGLAGGPNEQF,2
TRBV20-1,TRBJ2-1,SATFPGLAGGRNEQF,1
TRBV20-1,TRBJ2-1,SATFPGLAGVVNEQF,1
TRBV20-1,TRBJ2-1,SATFPGLANNEQF,1
TRBV20-1,TRBJ2-1,SATFPGLAPSSYNEQF,1
TRBV20-1,TRBJ2-1,SATFPGLFHNEQF,1
TRBV20-1,TRBJ2-1,SATFPGLGNEQF,1
TRBV20-1,TRBJ2-1,SATFPGNEQF,1
TRBV20-1,TRBJ2-1,SATFPGQGSYNEQF,1
TRBV20-1,TRBJ2-1,SATFPGRSNEQF,1
TRBV20-1,TRBJ2-1,SATFPGSEREVYEQF,1
TRBV20-1,TRBJ2-1,SATFPGTGGNEQF,1
TRBV20-1,TRBJ2-1,SATFPGTGLYNEQF,5
TRBV20-1,TRBJ2-1,SATFPGTSYNEQF,1
TRBV20-1,TRBJ2-1,SATFPHFYSEQF,1
TRBV20-1,TRBJ2-1,SATFPIHNEQF,1
TRBV20-1,TRBJ2-1,SATFPITSGSYNEQF,2
TRBV20-1,TRBJ2-1,SATFPKDNEQF,1
TRBV20-1,TRBJ2-1,SATFPLAPYNEQF,1
TRBV20-1,TRBJ2-1,SATFPLGGGGAGEQF,1
TRBV20-1,TRBJ2-1,SATFPLGTLTYNEQF,1
TRBV20-1,TRBJ2-1,SATFPLSGRENEQF,1
TRBV20-1,TRBJ2-1,SATFPNRNNEQF,1
TRBV20-1,TRBJ2-1,SATFPPEWDNEQF,1
TRBV20-1,TRBJ2-1,SATFPPGLADFNEQF,1
TRBV20-1,TRBJ2-1,SATFPPSLARGEQF,1
TRBV20-1,TRBJ2-1,SATFPQRPTAYNEQF,1
TRBV20-1,TRBJ2-1,SATFPRADNEQF,1
TRBV20-1,TRBJ2-1,SATFPRGLAGTYNEQF,1
TRBV20-1,TRBJ2-1,SATFPRPSYNEQF,7
TRBV20-1,TRBJ2-1,SATFPRRQLNEQF,1
TRBV20-1,TRBJ2-1,SATFPSEQF,2
TRBV20-1,TRBJ2-1,SATFPSGGNNEQF,1
TRBV20-1,TRBJ2-1,SATFPSGGYNEQF,1
TRBV20-1,TRBJ2-1,SATFPSGSLNEQF,1
TRBV20-1,TRBJ2-1,SATFPSGSRYEQF,2
TRBV20-1,TRBJ2-1,SATFPSGSSYNEQF,2
TRBV20-1,TRBJ2-1,SATFPSGVLDEQF,1
TRBV20-1,TRBJ2-1,SATFPSRVVAGVPYNEQF,1
TRBV20-1,TRBJ2-1,SATFPSTGRSDEQF,1
TRBV20-1,TRBJ2-1,SATFPSTNEQF,2
TRBV20-1,TRBJ2-1,SATFPSYNEQF,1
TRBV20-1,TRBJ2-1,SATFPTGNEQF,1
TRBV20-1,TRBJ2-1,SATFPTSGAADEQF,2
TRBV20-1,TRBJ2-1,SATFPYSGSGNEQF,1
TRBV20-1,TRBJ2-1,SATFQGGLMGNEQF,1
TRBV20-1,TRBJ2-1,SATFQGGRASYNEQF,1
TRBV20-1,TRBJ2-1,SATFQGQAGVYEQF,1
TRBV20-1,TRBJ2-1,SATFQLGNEQF,1
TRBV20-1,TRBJ2-1,SATFQRLVHNEQF,1
TRBV20-1,TRBJ2-1,SATFQSLRIDEQF,1
TRBV20-1,TRBJ2-1,SATFRASGRYYNEQF,14
TRBV20-1,TRBJ2-1,SATFRDKVGNEQF,1
TRBV20-1,TRBJ2-1,SATFRDLYNEQF,1
TRBV20-1,TRBJ2-1,SATFRDPTYNEQF,1
TRBV20-1,TRBJ2-1,SATFRDRANNEQF,1
TRBV20-1,TRBJ2-1,SATFRDRAYNEQF,1
TRBV20-1,TRBJ2-1,SATFRDRGLNEQF,1
TRBV20-1,TRBJ2-1,SATFRDRGVNEQF,1
TRBV20-1,TRBJ2-1,SATFRDRGYNEQF,1
TRBV20-1,TRBJ2-1,SATFRDRPYNEQF,2
TRBV20-1,TRBJ2-1,SATFRDRRSYNEQF,1
TRBV20-1,TRBJ2-1,SATFRDRWNEQF,1
TRBV20-1,TRBJ2-1,SATFRDSGRYYNEQF,1
TRBV20-1,TRBJ2-1,SATFRDSGYNEQF,1
TRBV20-1,TRBJ2-1,SATFRDYNEQF,2
TRBV20-1,TRBJ2-1,SATFREGHNEQF,1
TRBV20-1,TRBJ2-1,SATFREGTYNEQF,1
TRBV20-1,TRBJ2-1,SATFRERAYNEQF,1
TRBV20-1,TRBJ2-1,SATFREYNEQF,1
TRBV20-1,TRBJ2-1,SATFRGDEQF,1
TRBV20-1,TRBJ2-1,SATFRGFYNEQF,1
TRBV20-1,TRBJ2-1,SATFRGGGYYNEQF,1
TRBV20-1,TRBJ2-1,SATFRGGRSYNEQF,1
TRBV20-1,TRBJ2-1,SATFRGINEQF,1
TRBV20-1,TRBJ2-1,SATFRGLSYNEQF,1
TRBV20-1,TRBJ2-1,SATFRGNEQF,2
TRBV20-1,TRBJ2-1,SATFRGPADEQF,1
TRBV20-1,TRBJ2-1,SATFRGQVYNEQF,1
TRBV20-1,TRBJ2-1,SATFRGRAAYNEQF,1
TRBV20-1,TRBJ2-1,SATFRGRANNEQF,1
TRBV20-1,TRBJ2-1,SATFRGSLSYNEQF,1
TRBV20-1,TRBJ2-1,SATFRIYNEQF,1
TRBV20-1,TRBJ2-1,SATFRLAAAYNEQF,1
TRBV20-1,TRBJ2-1,SATFRLAGAGNEQF,1
TRBV20-1,TRBJ2-1,SATFRLAGDPLSSHNEQF,1
TRBV20-1,TRBJ2-1,SATFRLAGGWNEQF,1
TRBV20-1,TRBJ2-1,SATFRLAGVNYNEQF,1
TRBV20-1,TRBJ2-1,SATFRLAPRNEQF,1
TRBV20-1,TRBJ2-1,SATFRLQTTHNEQF,1
TRBV20-1,TRBJ2-1,SATFRLTYNEQF,1
TRBV20-1,TRBJ2-1,SATFRPTYNEQF,1
TRBV20-1,TRBJ2-1,SATFRQGPSNEQF,1
TRBV20-1,TRBJ2-1,SATFRQGTSGSYRTYNEQF,3
TRBV20-1,TRBJ2-1,SATFRQLTYNEQF,1
TRBV20-1,TRBJ2-1,SATFRRATYNEQF,1
TRBV20-1,TRBJ2-1,SATFRRQGAYNEQF,1
TRBV20-1,TRBJ2-1,SATFRRRVRNEQF,1
TRBV20-1,TRBJ2-1,SATFRRTYNEQF,1
TRBV20-1,TRBJ2-1,SATFRSDNEQF,1
TRBV20-1,TRBJ2-1,SATFRSRSLNEQF,8
TRBV20-1,TRBJ2-1,SATFRSSYNEQF,1
TRBV20-1,TRBJ2-1,SATFRTASSYNEQF,1
TRBV20-1,TRBJ2-1,SATFRTAYNEQF,1
TRBV20-1,TRBJ2-1,SATFRTSGNNEQF,1
TRBV20-1,TRBJ2-1,SATFRTYNEQF,1
TRBV20-1,TRBJ2-1,SATFRVHEQF,1
TRBV20-1,TRBJ2-1,SATFRVSYNEQF,1
TRBV20-1,TRBJ2-1,SATFRYSYNEQF,2
TRBV20-1,TRBJ2-1,SATFSAGGVYNEQF,1
TRBV20-1,TRBJ2-1,SATFSAGPSNEQF,1
TRBV20-1,TRBJ2-1,SATFSASGSGDEQF,1
TRBV20-1,TRBJ2-1,SATFSDPAKYNEQF,1
TRBV20-1,TRBJ2-1,SATFSESSYNEQF,1
TRBV20-1,TRBJ2-1,SATFSGAGGSYNEQF,1
TRBV20-1,TRBJ2-1,SATFSGESYNEQF,1
TRBV20-1,TRBJ2-1,SATFSGGFRDEQF,1
TRBV20-1,TRBJ2-1,SATFSGGNNEQF,1
TRBV20-1,TRBJ2-1,SATFSGGREDNEQF,1
TRBV20-1,TRBJ2-1,SATFSGGSSYNEQF,2
TRBV20-1,TRBJ2-1,SATFSGISYNEQF,1
TRBV20-1,TRBJ2-1,SATFSGKDLNEQF,1
TRBV20-1,TRBJ2-1,SATFSGLYNEQF,2
TRBV20-1,TRBJ2-1,SATFSGNPYNEQF,1
TRBV20-1,TRBJ2-1,SATFSGQSYNEQF,1
TRBV20-1,TRBJ2-1,SATFSGRADNEQF,1
TRBV20-1,TRBJ2-1,SATFSGRAGYEQF,1
TRBV20-1,TRBJ2-1,SATFSGRASEQF,1
TRBV20-1,TRBJ2-1,SATFSGRAYNEQF,5
TRBV20-1,TRBJ2-1,SATFSGRGYNEQF,1
TRBV20-1,TRBJ2-1,SATFSGRLDEQF,1
TRBV20-1,TRBJ2-1,SATFSGRPRGSLYNEQF,3
TRBV20-1,TRBJ2-1,SATFSGRSYNEQF,1
TRBV20-1,TRBJ2-1,SATFSGSDYHNEQF,1
TRBV20-1,TRBJ2-1,SATFSGSGTYNEQF,1
TRBV20-1,TRBJ2-1,SATFSGSLNNEQF,1
TRBV20-1,TRBJ2-1,SATFSGSLVNEQF,1
TRBV20-1,TRBJ2-1,SATFSGSPVNEQF,1
TRBV20-1,TRBJ2-1,SATFSGSSDEQF,1
TRBV20-1,TRBJ2-1,SATFSGSSYNEQF,3
TRBV20-1,TRBJ2-1,SATFSGSVNEQF,1
TRBV20-1,TRBJ2-1,SATFSGSWNEQF,1
TRBV20-1,TRBJ2-1,SATFSGTRHNEQF,1
TRBV20-1,TRBJ2-1,SATFSGTTYNEQF,1
TRBV20-1,TRBJ2-1,SATFSGVSYNEQF,1
TRBV20-1,TRBJ2-1,SATFSGYSYNEQF,2
TRBV20-1,TRBJ2-1,SATFSGYTSYNEQF,4
TRBV20-1,TRBJ2-1,SATFSIANEQF,1
TRBV20-1,TRBJ2-1,SATFSLGNEQF,6
TRBV20-1,TRBJ2-1,SATFSLLGGYNEQF,5
TRBV20-1,TRBJ2-1,SATFSNEQF,1
TRBV20-1,TRBJ2-1,SATFSNNEQF,1
TRBV20-1,TRBJ2-1,SATFSQGPNEQF,1
TRBV20-1,TRBJ2-1,SATFSRAGAWEQF,13
TRBV20-1,TRBJ2-1,SATFSRLNILDEQF,1
TRBV20-1,TRBJ2-1,SATFSRRSLNEQF,1
TRBV20-1,TRBJ2-1,SATFSRTSGRGNEQF,3
TRBV20-1,TRBJ2-1,SATFSSGIGNEQF,1
TRBV20-1,TRBJ2-1,SATFSSGSVYNEQF,1
TRBV20-1,TRBJ2-1,SATFSSGSYNEQF,2
TRBV20-1,TRBJ2-1,SATFSSRESNNEQF,1
TRBV20-1,TRBJ2-1,SATFSSRYNEQF,1
TRBV20-1,TRBJ2-1,SATFSSSYNEQF,2
TRBV20-1,TRBJ2-1,SATFSSYNEQF,5
TRBV20-1,TRBJ2-1,SATFSTVHSYNEQF,1
TRBV20-1,TRBJ2-1,SATFSVGLPNEQF,1
TRBV20-1,TRBJ2-1,SATFSVSSYNEQF,1
TRBV20-1,TRBJ2-1,SATFSVTHEQF,1
TRBV20-1,TRBJ2-1,SATFSWKTSYNEQF,1
TRBV20-1,TRBJ2-1,SATFSYEQF,1
TRBV20-1,TRBJ2-1,SATFSYNEQF,8
TRBV20-1,TRBJ2-1,SATFTDLLNEQF,5
TRBV20-1,TRBJ2-1,SATFTDLLNVQF,1
TRBV20-1,TRBJ2-1,SATFTEREGNEQF,1
TRBV20-1,TRBJ2-1,SATFTGGDEQF,1
TRBV20-1,TRBJ2-1,SATFTGGPNEQF,1
TRBV20-1,TRBJ2-1,SATFTGGSYNEQF,2
TRBV20-1,TRBJ2-1,SATFTGGTSHNEQF,1
TRBV20-1,TRBJ2-1,SATFTGLASGYEQF,1
TRBV20-1,TRBJ2-1,SATFTGMSNEQF,1
TRBV20-1,TRBJ2-1,SATFTGNSYNEQF,1
TRBV20-1,TRBJ2-1,SATFTGRAGAGYYNEQF,2
TRBV20-1,TRBJ2-1,SATFTGRYNEQF,9
TRBV20-1,TRBJ2-1,SATFTGSIHEQF,1
TRBV20-1,TRBJ2-1,SATFTGTGGHEQF,1
TRBV20-1,TRBJ2-1,SATFTGTSGYGDEQF,1
TRBV20-1,TRBJ2-1,SATFTGYNEQF,1
TRBV20-1,TRBJ2-1,SATFTLRSSSYNEQF,1
TRBV20-1,TRBJ2-1,SATFTNEQF,2
TRBV20-1,TRBJ2-1,SATFTNYNEQF,1
TRBV20-1,TRBJ2-1,SATFTRTGVSYNEQF,1
TRBV20-1,TRBJ2-1,SATFTSFVEQF,1
TRBV20-1,TRBJ2-1,SATFTSGAYNEQF,2
TRBV20-1,TRBJ2-1,SATFTSGGLHEQF,1
TRBV20-1,TRBJ2-1,SATFTSGGRNEQF,1
TRBV20-1,TRBJ2-1,SATFTSGGYNEQF,1
TRBV20-1,TRBJ2-1,SATFTSGPYNEQF,1
TRBV20-1,TRBJ2-1,SATFTSGSRNEQF,1
TRBV20-1,TRBJ2-1,SATFTSRSYNEQF,1
TRBV20-1,TRBJ2-1,SATFTSSYNEQF,1
TRBV20-1,TRBJ2-1,SATFTTPPHYNEQF,1
TRBV20-1,TRBJ2-1,SATFTTTSGSYEQF,1
TRBV20-1,TRBJ2-1,SATFTVAGVYNEQF,1
TRBV20-1,TRBJ2-1,SATFTYEQF,1
TRBV20-1,TRBJ2-1,SATFVAAGTIHEQF,1
TRBV20-1,TRBJ2-1,SATFVDYNEQF,1
TRBV20-1,TRBJ2-1,SATFVEASSYNEQF,1
TRBV20-1,TRBJ2-1,SATFVEGVGNEQF,1
TRBV20-1,TRBJ2-1,SATFVPGDSLYNEQF,1
TRBV20-1,TRBJ2-1,SATFVRTGNNEQF,1
TRBV20-1,TRBJ2-1,SATFWASGGADEQF,1
TRBV20-1,TRBJ2-1,SATFWDINNEQF,1
TRBV20-1,TRBJ2-1,SATFWDKNNEQF,1
TRBV20-1,TRBJ2-1,SATFWETGSYNEQF,1
TRBV20-1,TRBJ2-1,SATFWGEGPNEQF,1
TRBV20-1,TRBJ2-1,SATFWGGRLYNEQF,1
TRBV20-1,TRBJ2-1,SATFWLAGGDSYNEQF,7
TRBV20-1,TRBJ2-1,SATFWRGLYNEQF,1
TRBV20-1,TRBJ2-1,SATFWTAYNEQF,1
TRBV20-1,TRBJ2-1,SATFWTSGRSYNEQF,1
TRBV20-1,TRBJ2-1,SATFWVSGNEQF,1
TRBV20-1,TRBJ2-1,SATFYASSYNEQF,1
TRBV20-1,TRBJ2-1,SATFYETSGYNEQF,1
TRBV20-1,TRBJ2-1,SATFYGRGYNEQF,1
TRBV20-1,TRBJ2-1,SATFYGSYNEQF,1
TRBV20-1,TRBJ2-1,SATFYNEHF,1
TRBV20-1,TRBJ2-1,SATFYNEQF,20
TRBV20-1,TRBJ2-1,SATFYNERF,1
TRBV20-1,TRBJ2-1,SATFYQDEQF,1
TRBV20-1,TRBJ2-1,SATFYRVYNEQF,1
TRBV20-1,TRBJ2-1,SATGAADEQF,3
TRBV20-1,TRBJ2-1,SATGAADLYNEQF,1
TRBV20-1,TRBJ2-1,SATGAAERNNEQF,2
TRBV20-1,TRBJ2-1,SATGAAGMDEQF,1
TRBV20-1,TRBJ2-1,SATGAAGNDNEQF,1
TRBV20-1,TRBJ2-1,SATGAAHSYNEQF,1
TRBV20-1,TRBJ2-1,SATGAAISYNEQF,1
TRBV20-1,TRBJ2-1,SATGAANEQF,1
TRBV20-1,TRBJ2-1,SATGAAPDEQF,1
TRBV20-1,TRBJ2-1,SATGAARVSYNEQF,1
TRBV20-1,TRBJ2-1,SATGAASGGYNEQF,1
TRBV20-1,TRBJ2-1,SATGAASGRYNEQF,1
TRBV20-1,TRBJ2-1,SATGAASYNEQF,2
TRBV20-1,TRBJ2-1,SATGAAVYNEQF,1
TRBV20-1,TRBJ2-1,SATGAAYNEQF,1
TRBV20-1,TRBJ2-1,SATGADNEQF,1
TRBV20-1,TRBJ2-1,SATGADPSYYNEQF,1
TRBV20-1,TRBJ2-1,SATGADQYNEQF,1
TRBV20-1,TRBJ2-1,SATGAEGYNEQF,1
TRBV20-1,TRBJ2-1,SATGAEKSYNEQF,1
TRBV20-1,TRBJ2-1,SATGAESLYNEQF,1
TRBV20-1,TRBJ2-1,SATGAESSYNEQF,2
TRBV20-1,TRBJ2-1,SATGAETYNEQF,1
TRBV20-1,TRBJ2-1,SATGAFRGSYNEQF,5
TRBV20-1,TRBJ2-1,SATGAFSSYNEQF,1
TRBV20-1,TRBJ2-1,SATGAGAAYNEQF,1
TRBV20-1,TRBJ2-1,SATGAGAFYNEQF,1
TRBV20-1,TRBJ2-1,SATGAGASSYNEQF,1
TRBV20-1,TRBJ2-1,SATGAGATDEQF,1
TRBV20-1,TRBJ2-1,SATGAGAYNEQF,2
TRBV20-1,TRBJ2-1,SATGAGDDNEQF,1
TRBV20-1,TRBJ2-1,SATGAGDEQF,2
TRBV20-1,TRBJ2-1,SATGAGDSYNEQF,9
TRBV20-1,TRBJ2-1,SATGAGDYNEQF,2
TRBV20-1,TRBJ2-1,SATGAGEAYNEQF,1
TRBV20-1,TRBJ2-1,SATGAGEGNNEQF,1
TRBV20-1,TRBJ2-1,SATGAGFYNEQF,1
TRBV20-1,TRBJ2-1,SATGAGGASPYNEQF,1
TRBV20-1,TRBJ2-1,SATGAGGFEQF,6
TRBV20-1,TRBJ2-1,SATGAGGGNEQF,5
TRBV20-1,TRBJ2-1,SATGAGGIDDEQF,1
TRBV20-1,TRBJ2-1,SATGAGGLVNEQF,8
TRBV20-1,TRBJ2-1,SATGAGGNNEQF,7
TRBV20-1,TRBJ2-1,SATGAGGPGDEQF,3
TRBV20-1,TRBJ2-1,SATGAGGPHNEQF,2
TRBV20-1,TRBJ2-1,SATGAGGPNYNEQF,1
TRBV20-1,TRBJ2-1,SATGAGGPRNEQF,1
TRBV20-1,TRBJ2-1,SATGAGGPVGSYNEQF,1
TRBV20-1,TRBJ2-1,SATGAGGPYEQF,1
TRBV20-1,TRBJ2-1,SATGAGGPYNEQF,4
TRBV20-1,TRBJ2-1,SATGAGGQQYNEQF,1
TRBV20-1,TRBJ2-1,SATGAGGSDEQF,4
TRBV20-1,TRBJ2-1,SATGAGGSFYEQF,1
TRBV20-1,TRBJ2-1,SATGAGGSYNEQF,2
TRBV20-1,TRBJ2-1,SATGAGGTNYNEQF,1
TRBV20-1,TRBJ2-1,SATGAGGVYNEQF,1
TRBV20-1,TRBJ2-1,SATGAGGYNEQF,3
TRBV20-1,TRBJ2-1,SATGAGKNNEQF,3
TRBV20-1,TRBJ2-1,SATGAGLRGNEQF,1
TRBV20-1,TRBJ2-1,SATGAGLYNEQF,5
TRBV20-1,TRBJ2-1,SATGAGNEQF,9
TRBV20-1,TRBJ2-1,SATGAGPSYNEQF,1
TRBV20-1,TRBJ2-1,SATGAGPTNEQF,1
TRBV20-1,TRBJ2-1,SATGAGPYNEQF,1
TRBV20-1,TRBJ2-1,SATGAGRGYNEQF,1
TRBV20-1,TRBJ2-1,SATGAGRHEQF,1
TRBV20-1,TRBJ2-1,SATGAGSGSYNEQF,1
TRBV20-1,TRBJ2-1,SATGAGSGTYNEQF,6
TRBV20-1,TRBJ2-1,SATGAGSGYNEQF,1
TRBV20-1,TRBJ2-1,SATGAGSNEQF,1
TRBV20-1,TRBJ2-1,SATGAGSRYNEQF,1
TRBV20-1,TRBJ2-1,SATGAGSSYNEQF,6
TRBV20-1,TRBJ2-1,SATGAGSYNEQF,6
TRBV20-1,TRBJ2-1,SATGAGTGIRSSYNEQF,1
TRBV20-1,TRBJ2-1,SATGAGTRDNEQF,1
TRBV20-1,TRBJ2-1,SATGAGTSYNEQF,1
TRBV20-1,TRBJ2-1,SATGAGVAYNEQF,1
TRBV20-1,TRBJ2-1,SATGAGVDEQF,1
TRBV20-1,TRBJ2-1,SATGAGVIDNEQF,1
TRBV20-1,TRBJ2-1,SATGAGVSYNEQF,1
TRBV20-1,TRBJ2-1,SATGAGVYNEQF,1
TRBV20-1,TRBJ2-1,SATGAGWGNEQF,4
TRBV20-1,TRBJ2-1,SATGAGYEQF,6
TRBV20-1,TRBJ2-1,SATGAGYNEQF,1
TRBV20-1,TRBJ2-1,SATGAHEQF,2
TRBV20-1,TRBJ2-1,SATGAHNEQF,1
TRBV20-1,TRBJ2-1,SATGAHNVNEQF,1
TRBV20-1,TRBJ2-1,SATGAHYNEQF,1
TRBV20-1,TRBJ2-1,SATGAILSWYNEQF,1
TRBV20-1,TRBJ2-1,SATGAISGSSYNEQF,1
TRBV20-1,TRBJ2-1,SATGAISYNEQF,2
TRBV20-1,TRBJ2-1,SATGAKPAGVYNEQF,1
TRBV20-1,TRBJ2-1,SATGAKTYNEQF,3
TRBV20-1,TRBJ2-1,SATGALADNEQF,1
TRBV20-1,TRBJ2-1,SATGALAGGPYEQF,1
TRBV20-1,TRBJ2-1,SATGALAGLFQEQF,2
TRBV20-1,TRBJ2-1,SATGALAGNLNEQF,1
TRBV20-1,TRBJ2-1,SATGALALSNEQF,1
TRBV20-1,TRBJ2-1,SATGALDNEQF,1
TRBV20-1,TRBJ2-1,SATGALDVSSYNEQF,2
TRBV20-1,TRBJ2-1,SATGALFNEQF,1
TRBV20-1,TRBJ2-1,SATGALGEEF,4
TRBV20-1,TRBJ2-1,SATGALGNNEQF,1
TRBV20-1,TRBJ2-1,SATGALGVNEQF,1
TRBV20-1,TRBJ2-1,SATGALLSYNEQF,1
TRBV20-1,TRBJ2-1,SATGALRGRNNEQF,2
TRBV20-1,TRBJ2-1,SATGALSNEQF,1
TRBV20-1,TRBJ2-1,SATGALTGTVNEQF,1
TRBV20-1,TRBJ2-1,SATGALYNEQF,1
TRBV20-1,TRBJ2-1,SATGALYYNEQF,1
TRBV20-1,TRBJ2-1,SATGANAYNEQF,1
TRBV20-1,TRBJ2-1,SATGANEQF,6
TRBV20-1,TRBJ2-1,SATGANGGNEQF,1
TRBV20-1,TRBJ2-1,SATGANNEQF,4
TRBV20-1,TRBJ2-1,SATGANSYNEQF,1
TRBV20-1,TRBJ2-1,SATGANTSGSYNEQF,3
TRBV20-1,TRBJ2-1,SATGANYNEQF,2
TRBV20-1,TRBJ2-1,SATGAPAHNEQF,2
TRBV20-1,TRBJ2-1,SATGAPEVLDEQF,1
TRBV20-1,TRBJ2-1,SATGAPLGLADYEQF,1
TRBV20-1,TRBJ2-1,SATGAPLSYNEQF,1
TRBV20-1,TRBJ2-1,SATGAPNEQF,1
TRBV20-1,TRBJ2-1,SATGAPRGSGSYNEQF,1
TRBV20-1,TRBJ2-1,SATGAPRLGSSYNEQF,1
TRBV20-1,TRBJ2-1,SATGAPRNEQF,3
TRBV20-1,TRBJ2-1,SATGAPSGANNEQF,1
TRBV20-1,TRBJ2-1,SATGAPTYNEQF,1
TRBV20-1,TRBJ2-1,SATGAPYNEQF,2
TRBV20-1,TRBJ2-1,SATGAPYYNEQF,1
TRBV20-1,TRBJ2-1,SATGAQDNEQF,1
TRBV20-1,TRBJ2-1,SATGAQRNEQF,1
TRBV20-1,TRBJ2-1,SATGAQTYNEQF,1
TRBV20-1,TRBJ2-1,SATGARAWNNEQF,1
TRBV20-1,TRBJ2-1,SATGARDNEQF,7
TRBV20-1,TRBJ2-1,SATGAREGRMNEQF,1
TRBV20-1,TRBJ2-1,SATGARFGSYNEQF,1
TRBV20-1,TRBJ2-1,SATGARGDEQF,1
TRBV20-1,TRBJ2-1,SATGARGNEQF,1
TRBV20-1,TRBJ2-1,SATGARGSYNEQF,1
TRBV20-1,TRBJ2-1,SATGARIGTTNEQF,1
TRBV20-1,TRBJ2-1,SATGARLAGPYSYNEQF,3
TRBV20-1,TRBJ2-1,SATGARLAGSYNEQF,4
TRBV20-1,TRBJ2-1,SATGARNEQF,2
TRBV20-1,TRBJ2-1,SATGARSYNEQF,7
TRBV20-1,TRBJ2-1,SATGARTYNEQF,1
TRBV20-1,TRBJ2-1,SATGARVVDNEQF,4
TRBV20-1,TRBJ2-1,SATGARYNEQF,15
TRBV20-1,TRBJ2-1,SATGARYYNEQF,1
TRBV20-1,TRBJ2-1,SATGASASSYNEQF,1
TRBV20-1,TRBJ2-1,SATGASASYNEQF,1
TRBV20-1,TRBJ2-1,SATGASAYNEQF,1
TRBV20-1,TRBJ2-1,SATGASDEQF,1
TRBV20-1,TRBJ2-1,SATGASDYNEQF,1
TRBV20-1,TRBJ2-1,SATGASEYEQF,1
TRBV20-1,TRBJ2-1,SATGASFNEQF,1
TRBV20-1,TRBJ2-1,SATGASGATYNEQF,1
TRBV20-1,TRBJ2-1,SATGASGDAFNEQF,1
TRBV20-1,TRBJ2-1,SATGASGDNERF,1
TRBV20-1,TRBJ2-1,SATGASGFSYNEQF,1
TRBV20-1,TRBJ2-1,SATGASGGELYNDQF,1
TRBV20-1,TRBJ2-1,SATGASGGNEQF,1
TRBV20-1,TRBJ2-1,SATGASGHNEQF,1
TRBV20-1,TRBJ2-1,SATGASGIYNEQF,1
TRBV20-1,TRBJ2-1,SATGASGKSYNEQF,1
TRBV20-1,TRBJ2-1,SATGASGKVNEQF,1
TRBV20-1,TRBJ2-1,SATGASGNNEQF,3
TRBV20-1,TRBJ2-1,SATGASGRARNEQF,1
TRBV20-1,TRBJ2-1,SATGASGRDNEQF,1
TRBV20-1,TRBJ2-1,SATGASGRIYNEQF,1
TRBV20-1,TRBJ2-1,SATGASGRSGIYNEQF,1
TRBV20-1,TRBJ2-1,SATGASGRVRDEQF,1
TRBV20-1,TRBJ2-1,SATGASGRVYNEQF,2
TRBV20-1,TRBJ2-1,SATGASGRYNEQF,1
TRBV20-1,TRBJ2-1,SATGASGSFGNEQF,1
TRBV20-1,TRBJ2-1,SATGASGSGGNEQF,4
TRBV20-1,TRBJ2-1,SATGASGSIDYNEQF,1
TRBV20-1,TRBJ2-1,SATGASGSQHSYNEQF,1
TRBV20-1,TRBJ2-1,SATGASGSRGNEQF,1
TRBV20-1,TRBJ2-1,SATGASGSSYNEQF,1
TRBV20-1,TRBJ2-1,SATGASGSYNEQF,3
TRBV20-1,TRBJ2-1,SATGASGTSYNEQF,1
TRBV20-1,TRBJ2-1,SATGASGYNEQF,4
TRBV20-1,TRBJ2-1,SATGASLARGNEQF,1
TRBV20-1,TRBJ2-1,SATGASLGYNEQF,1
TRBV20-1,TRBJ2-1,SATGASLYEQF,1
TRBV20-1,TRBJ2-1,SATGASNEQF,2
TRBV20-1,TRBJ2-1,SATGASRGGYNEQF,1
TRBV20-1,TRBJ2-1,SATGASRNEQF,1
TRBV20-1,TRBJ2-1,SATGASSSYNEQF,2
TRBV20-1,TRBJ2-1,SATGASSYNEQF,13
TRBV20-1,TRBJ2-1,SATGASYNEQF,10
TRBV20-1,TRBJ2-1,SATGASYTKQF,1
TRBV20-1,TRBJ2-1,SATGATDEQF,1
TRBV20-1,TRBJ2-1,SATGATNYYEQF,1
TRBV20-1,TRBJ2-1,SATGATSDSYNEQF,1
TRBV20-1,TRBJ2-1,SATGATSFNEQF,1
TRBV20-1,TRBJ2-1,SATGATSSYNEQF,1
TRBV20-1,TRBJ2-1,SATGATSYNEQF,2
TRBV20-1,TRBJ2-1,SATGATYNEQF,4
TRBV20-1,TRBJ2-1,SATGAVGTPYNEQF,1
TRBV20-1,TRBJ2-1,SATGAVHYNEQF,1
TRBV20-1,TRBJ2-1,SATGAVLLNEQF,5
TRBV20-1,TRBJ2-1,SATGAVRGNEQF,1
TRBV20-1,TRBJ2-1,SATGAVSSYNEQF,1
TRBV20-1,TRBJ2-1,SATGAVTYNEQF,1
TRBV20-1,TRBJ2-1,SATGAVWGHNEQF,6
TRBV20-1,TRBJ2-1,SATGAVYNEQF,4
TRBV20-1,TRBJ2-1,SATGAVYSYNEQF,1
TRBV20-1,TRBJ2-1,SATGAWAGVYNEQF,1
TRBV20-1,TRBJ2-1,SATGAWDEQF,6
TRBV20-1,TRBJ2-1,SATGAWGGGGYNEQF,1
TRBV20-1,TRBJ2-1,SATGAWGLAVQSSYNEQF,1
TRBV20-1,TRBJ2-1,SATGAWRSSYNEQF,1
TRBV20-1,TRBJ2-1,SATGAYEQF,1
TRBV20-1,TRBJ2-1,SATGAYNEQF,19
TRBV20-1,TRBJ2-1,SATGAYTEQF,1
TRBV20-1,TRBJ2-1,SATGCMGYNEQF,1
TRBV20-1,TRBJ2-1,SATGDAGNEQF,1
TRBV20-1,TRBJ2-1,SATGDANEQF,3
TRBV20-1,TRBJ2-1,SATGDAPGLAETDNEQF,1
TRBV20-1,TRBJ2-1,SATGDASLYNEQF,1
TRBV20-1,TRBJ2-1,SATGDDEQF,2
TRBV20-1,TRBJ2-1,SATGDEQF,21
TRBV20-1,TRBJ2-1,SATGDERQDSYNEQF,1
TRBV20-1,TRBJ2-1,SATGDFDNEQF,1
TRBV20-1,TRBJ2-1,SATGDFNEQF,3
TRBV20-1,TRBJ2-1,SATGDFSGRLYNEQF,1
TRBV20-1,TRBJ2-1,SATGDGAGDNEQF,1
TRBV20-1,TRBJ2-1,SATGDGDEQF,1
TRBV20-1,TRBJ2-1,SATGDGGGKLYSYNEQF,1
TRBV20-1,TRBJ2-1,SATGDGGNEQF,1
TRBV20-1,TRBJ2-1,SATGDGGRANNEQF,1
TRBV20-1,TRBJ2-1,SATGDGGRAPHEQF,2
TRBV20-1,TRBJ2-1,SATGDGGSYNEQF,1
TRBV20-1,TRBJ2-1,SATGDGGYNEQF,1
TRBV20-1,TRBJ2-1,SATGDGNEQF,2
TRBV20-1,TRBJ2-1,SATGDGNNEQF,1
TRBV20-1,TRBJ2-1,SATGDGPNEQF,1
TRBV20-1,TRBJ2-1,SATGDGRAFYNEQF,1
TRBV20-1,TRBJ2-1,SATGDGSSLNEQF,1
TRBV20-1,TRBJ2-1,SATGDGSSYNEQF,2
TRBV20-1,TRBJ2-1,SATGDGSTANEQF,1
TRBV20-1,TRBJ2-1,SATGDGSYNEQF,3
TRBV20-1,TRBJ2-1,SATGDGTSINNEQF,1
TRBV20-1,TRBJ2-1,SATGDGTYNEQF,1
TRBV20-1,TRBJ2-1,SATGDGVVNEQF,1
TRBV20-1,TRBJ2-1,SATGDGYYNEQF,1
TRBV20-1,TRBJ2-1,SATGDHNEQF,1
TRBV20-1,TRBJ2-1,SATGDIGNEQF,1
TRBV20-1,TRBJ2-1,SATGDISYNEQF,6
TRBV20-1,TRBJ2-1,SATGDKGNAQF,1
TRBV20-1,TRBJ2-1,SATGDKGNEQF,9
TRBV20-1,TRBJ2-1,SATGDKKYEQF,1
TRBV20-1,TRBJ2-1,SATGDKRVNEQF,1
TRBV20-1,TRBJ2-1,SATGDKTSYNEQF,1
TRBV20-1,TRBJ2-1,SATGDLAGADEQF,2
TRBV20-1,TRBJ2-1,SATGDLAGNYEQF,6
TRBV20-1,TRBJ2-1,SATGDLANNEQF,2
TRBV20-1,TRBJ2-1,SATGDLDRAYNEQF,1
TRBV20-1,TRBJ2-1,SATGDLFYNEQF,1
TRBV20-1,TRBJ2-1,SATGDLGINEQF,14
TRBV20-1,TRBJ2-1,SATGDLGLNEQF,1
TRBV20-1,TRBJ2-1,SATGDLKGYNEQF,1
TRBV20-1,TRBJ2-1,SATGDLLRRNEQF,1
TRBV20-1,TRBJ2-1,SATGDLNEQF,1
TRBV20-1,TRBJ2-1,SATGDLPYEQF,1
TRBV20-1,TRBJ2-1,SATGDLPYNEQF,1
TRBV20-1,TRBJ2-1,SATGDLRHEQF,2
TRBV20-1,TRBJ2-1,SATGDLSNEQF,2
TRBV20-1,TRBJ2-1,SATGDLSYNEQF,1
TRBV20-1,TRBJ2-1,SATGDLVSYNEQF,1
TRBV20-1,TRBJ2-1,SATGDLYNEQF,3
TRBV20-1,TRBJ2-1,SATGDMNEQF,6
TRBV20-1,TRBJ2-1,SATGDMTYNEQF,3
TRBV20-1,TRBJ2-1,SATGDNEQF,15
TRBV20-1,TRBJ2-1,SATGDNNNEQF,1
TRBV20-1,TRBJ2-1,SATGDNYNEQF,4
TRBV20-1,TRBJ2-1,SATGDPDNEQF,1
TRBV20-1,TRBJ2-1,SATGDPPYNEQF,1
TRBV20-1,TRBJ2-1,SATGDPRSYNEQF,1
TRBV20-1,TRBJ2-1,SATGDPSSYNEQF,11
TRBV20-1,TRBJ2-1,SATGDPSYNEQF,1
TRBV20-1,TRBJ2-1,SATGDPYNEQF,6
TRBV20-1,TRBJ2-1,SATGDQGRNEQF,1
TRBV20-1,TRBJ2-1,SATGDRDCNEQF,1
TRBV20-1,TRBJ2-1,SATGDRDEQF,1
TRBV20-1,TRBJ2-1,SATGDRDNEQF,3
TRBV20-1,TRBJ2-1,SATGDRDYNEQF,5
TRBV20-1,TRBJ2-1,SATGDREKMNEQF,1
TRBV20-1,TRBJ2-1,SATGDRFYNEQF,1
TRBV20-1,TRBJ2-1,SATGDRGIFYEQF,1
TRBV20-1,TRBJ2-1,SATGDRGIPNEQF,1
TRBV20-1,TRBJ2-1,SATGDRGLSYNEQF,1
TRBV20-1,TRBJ2-1,SATGDRGLWNEQF,1
TRBV20-1,TRBJ2-1,SATGDRGLYNEQF,2
TRBV20-1,TRBJ2-1,SATGDRGNEQF,3
TRBV20-1,TRBJ2-1,SATGDRGPRDEQF,4
TRBV20-1,TRBJ2-1,SATGDRGPYNEQF,1
TRBV20-1,TRBJ2-1,SATGDRGRKGSSNEQF,1
TRBV20-1,TRBJ2-1,SATGDRGRMNEQF,1
TRBV20-1,TRBJ2-1,SATGDRGRSNEQF,2
TRBV20-1,TRBJ2-1,SATGDRGSYNEQF,4
TRBV20-1,TRBJ2-1,SATGDRGTYNEQF,4
TRBV20-1,TRBJ2-1,SATGDRGVSNEQF,1
TRBV20-1,TRBJ2-1,SATGDRGYNEQF,6
TRBV20-1,TRBJ2-1,SATGDRNEQF,3
TRBV20-1,TRBJ2-1,SATGDRQHGYNEQF,1
TRBV20-1,TRBJ2-1,SATGDRRNNEQF,3
TRBV20-1,TRBJ2-1,SATGDRRYNEQF,1
TRBV20-1,TRBJ2-1,SATGDRSSYNEQF,13
TRBV20-1,TRBJ2-1,SATGDRSSYNEQY,2
TRBV20-1,TRBJ2-1,SATGDRVGNEQF,1
TRBV20-1,TRBJ2-1,SATGDRVYNEQF,1
TRBV20-1,TRBJ2-1,SATGDRYNEQF,8
TRBV20-1,TRBJ2-1,SATGDSGADEQF,5
TRBV20-1,TRBJ2-1,SATGDSGGAGNEQF,1
TRBV20-1,TRBJ2-1,SATGDSGGSGNEQF,2
TRBV20-1,TRBJ2-1,SATGDSGTYNEQF,1
TRBV20-1,TRBJ2-1,SATGDSGVNEQF,1
TRBV20-1,TRBJ2-1,SATGDSHNEQF,1
TRBV20-1,TRBJ2-1,SATGDSLAANEQF,1
TRBV20-1,TRBJ2-1,SATGDSLSYNEQF,1
TRBV20-1,TRBJ2-1,SATGDSNEQF,1
TRBV20-1,TRBJ2-1,SATGDSNHEQF,1
TRBV20-1,TRBJ2-1,SATGDSPNNEQF,1
TRBV20-1,TRBJ2-1,SATGDSPTSYNEQF,1
TRBV20-1,TRBJ2-1,SATGDSPYRNEQF,1
TRBV20-1,TRBJ2-1,SATGDSQYNEQF,1
TRBV20-1,TRBJ2-1,SATGDSRLPHTYNEQF,1
TRBV20-1,TRBJ2-1,SATGDSSSYNVQF,1
TRBV20-1,TRBJ2-1,SATGDSSYNEQF,8
TRBV20-1,TRBJ2-1,SATGDSTRYNEQF,1
TRBV20-1,TRBJ2-1,SATGDSVDEQF,1
TRBV20-1,TRBJ2-1,SATGDSYNEQF,7
TRBV20-1,TRBJ2-1,SATGDSYNVQF,1
TRBV20-1,TRBJ2-1,SATGDTPYNEQF,1
TRBV20-1,TRBJ2-1,SATGDTSYNEQF,1
TRBV20-1,TRBJ2-1,SATGDTWNEQF,1
TRBV20-1,TRBJ2-1,SATGDTYNEQF,3
TRBV20-1,TRBJ2-1,SATGDVGESYNEQF,1
TRBV20-1,TRBJ2-1,SATGDVGGHEQF,3
TRBV20-1,TRBJ2-1,SATGDVPGYNEQF,1
TRBV20-1,TRBJ2-1,SATGDVSYNEQF,1
TRBV20-1,TRBJ2-1,SATGDVVYNEQF,1
TRBV20-1,TRBJ2-1,SATGDVYNEQF,1
TRBV20-1,TRBJ2-1,SATGDWNYNEQF,1
TRBV20-1,TRBJ2-1,SATGDWRDEQF,1
TRBV20-1,TRBJ2-1,SATGDWSSYNEQF,1
TRBV20-1,TRBJ2-1,SATGDWTYNEQF,1
TRBV20-1,TRBJ2-1,SATGDYHSYNEQF,1
TRBV20-1,TRBJ2-1,SATGDYKTYNEQF,1
TRBV20-1,TRBJ2-1,SATGDYLIRDDEQF,1
TRBV20-1,TRBJ2-1,SATGDYNEQF,7
TRBV20-1,TRBJ2-1,SATGDYQNEQF,1
TRBV20-1,TRBJ2-1,SATGDYRLSYEQF,1
TRBV20-1,TRBJ2-1,SATGDYSYNEQF,1
TRBV20-1,TRBJ2-1,SATGDYTNEQF,1
TRBV20-1,TRBJ2-1,SATGDYTTGHEQF,2
TRBV20-1,TRBJ2-1,SATGDYYNEQF,3
TRBV20-1,TRBJ2-1,SATGEAAFYNEQF,1
TRBV20-1,TRBJ2-1,SATGEAGEPEESSYNEQF,1
TRBV20-1,TRBJ2-1,SATGEAGGIYNEQF,1
TRBV20-1,TRBJ2-1,SATGEANEQF,2
TRBV20-1,TRBJ2-1,SATGEAPSSYNEQF,6
TRBV20-1,TRBJ2-1,SATGEARGGNEQF,10
TRBV20-1,TRBJ2-1,SATGEARGGNERF,6
TRBV20-1,TRBJ2-1,SATGEARGGNVRF,1
TRBV20-1,TRBJ2-1,SATGEASVDNEQF,1
TRBV20-1,TRBJ2-1,SATGEASVDNEQL,1
TRBV20-1,TRBJ2-1,SATGEAYNEQF,1
TRBV20-1,TRBJ2-1,SATGEDEQF,1
TRBV20-1,TRBJ2-1,SATGEDGSGTHNEQF,1
TRBV20-1,TRBJ2-1,SATGEDNEQF,2
TRBV20-1,TRBJ2-1,SATGEDYNEQF,1
TRBV20-1,TRBJ2-1,SATGEEGPYNEQF,1
TRBV20-1,TRBJ2-1,SATGEESSYNEQF,1
TRBV20-1,TRBJ2-1,SATGEFSYNEQF,1
TRBV20-1,TRBJ2-1,SATGEFTGSYNEQF,1
TRBV20-1,TRBJ2-1,SATGEGAYNEQF,1
TRBV20-1,TRBJ2-1,SATGEGDEQF,1
TRBV20-1,TRBJ2-1,SATGEGFNEQF,1
TRBV20-1,TRBJ2-1,SATGEGGHNEQF,1
TRBV20-1,TRBJ2-1,SATGEGGNNEQF,1
TRBV20-1,TRBJ2-1,SATGEGGRANEQF,1
TRBV20-1,TRBJ2-1,SATGEGGRSYNEQF,1
TRBV20-1,TRBJ2-1,SATGEGGTSFYNEQF,1
TRBV20-1,TRBJ2-1,SATGEGGYEQF,1
TRBV20-1,TRBJ2-1,SATGEGHEQF,1
TRBV20-1,TRBJ2-1,SATGEGLNEQF,1
TRBV20-1,TRBJ2-1,SATGEGNEQF,3
TRBV20-1,TRBJ2-1,SATGEGNNEQF,8
TRBV20-1,TRBJ2-1,SATGEGPDEQF,1
TRBV20-1,TRBJ2-1,SATGEGPYNEQF,2
TRBV20-1,TRBJ2-1,SATGEGRLNEQF,1
TRBV20-1,TRBJ2-1,SATGEGSSYNEQF,1
TRBV20-1,TRBJ2-1,SATGEGSYNEQF,1
TRBV20-1,TRBJ2-1,SATGEGTYNEQF,1
TRBV20-1,TRBJ2-1,SATGEGVVYNEQF,1
TRBV20-1,TRBJ2-1,SATGEGYNEQF,2
TRBV20-1,TRBJ2-1,SATGEHEQF,2
TRBV20-1,TRBJ2-1,SATGEHSYNEQF,1
TRBV20-1,TRBJ2-1,SATGEIDEQF,1
TRBV20-1,TRBJ2-1,SATGEIPYNEQF,1
TRBV20-1,TRBJ2-1,SATGEISSYNEQF,1
TRBV20-1,TRBJ2-1,SATGEISYNEQF,3
TRBV20-1,TRBJ2-1,SATGEIYNEQF,2
TRBV20-1,TRBJ2-1,SATGEKGSRYNEQF,1
TRBV20-1,TRBJ2-1,SATGEKLYNEQF,1
TRBV20-1,TRBJ2-1,SATGEKQF,1
TRBV20-1,TRBJ2-1,SATGEKYNEQF,1
TRBV20-1,TRBJ2-1,SATGELAGLTYNEQF,1
TRBV20-1,TRBJ2-1,SATGELAGTNEQF,1
TRBV20-1,TRBJ2-1,SATGELAGVTTRDNEQF,3
TRBV20-1,TRBJ2-1,SATGELNEQF,4
TRBV20-1,TRBJ2-1,SATGELSNEQF,1
TRBV20-1,TRBJ2-1,SATGELYNEQF,1
TRBV20-1,TRBJ2-1,SATGEMGNEQF,1
TRBV20-1,TRBJ2-1,SATGENEQF,1
TRBV20-1,TRBJ2-1,SATGENNEQF,1
TRBV20-1,TRBJ2-1,SATGENYNEQF,1
TRBV20-1,TRBJ2-1,SATGEPAYNEHF,1
TRBV20-1,TRBJ2-1,SATGEPNEQF,1
TRBV20-1,TRBJ2-1,SATGEPRGNEQF,1
TRBV20-1,TRBJ2-1,SATGEPWLALNEQF,1
TRBV20-1,TRBJ2-1,SATGEPYNEQF,1
TRBV20-1,TRBJ2-1,SATGEQALYSEQF,2
TRBV20-1,TRBJ2-1,SATGEQGNEQF,1
TRBV20-1,TRBJ2-1,SATGEQGSSYNEQF,1
TRBV20-1,TRBJ2-1,SATGERAGAPYNEQF,1
TRBV20-1,TRBJ2-1,SATGERAGSDEQF,1
TRBV20-1,TRBJ2-1,SATGERDEQF,2
TRBV20-1,TRBJ2-1,SATGERDEQL,2
TRBV20-1,TRBJ2-1,SATGEREAYNEQF,1
TRBV20-1,TRBJ2-1,SATGERGYNEQF,1
TRBV20-1,TRBJ2-1,SATGERPQATYNEQF,1
TRBV20-1,TRBJ2-1,SATGERPTRNEQF,1
TRBV20-1,TRBJ2-1,SATGERQF,1
TRBV20-1,TRBJ2-1,SATGERTRTKNEQF,1
TRBV20-1,TRBJ2-1,SATGERVSYNEQF,1
TRBV20-1,TRBJ2-1,SATGESGRGGNEQF,2
TRBV20-1,TRBJ2-1,SATGESLNEQF,1
TRBV20-1,TRBJ2-1,SATGESPYNEQF,1
TRBV20-1,TRBJ2-1,SATGESSSYNEQF,5
TRBV20-1,TRBJ2-1,SATGESSYNEQF,5
TRBV20-1,TRBJ2-1,SATGESYNEQF,5
TRBV20-1,TRBJ2-1,SATGETGYNEQF,1
TRBV20-1,TRBJ2-1,SATGETNEQF,1
TRBV20-1,TRBJ2-1,SATGETNYNEQF,20
TRBV20-1,TRBJ2-1,SATGETSSSYNEQF,3
TRBV20-1,TRBJ2-1,SATGETYNEQF,1
TRBV20-1,TRBJ2-1,SATGEVGYNEQF,1
TRBV20-1,TRBJ2-1,SATGEVHYNEQF,6
TRBV20-1,TRBJ2-1,SATGEWAGGSNEQF,4
TRBV20-1,TRBJ2-1,SATGEWDEQF,1
TRBV20-1,TRBJ2-1,SATGEWFNEQF,4
TRBV20-1,TRBJ2-1,SATGEWTPIGDEQF,4
TRBV20-1,TRBJ2-1,SATGEYNEQF,11
TRBV20-1,TRBJ2-1,SATGEYPYNEQF,1
TRBV20-1,TRBJ2-1,SATGEYYNEQF,5
TRBV20-1,TRBJ2-1,SATGFAGGGLFNEQF,1
TRBV20-1,TRBJ2-1,SATGFDEQF,1
TRBV20-1,TRBJ2-1,SATGFDRGNEQF,1
TRBV20-1,TRBJ2-1,SATGFDRQNSYNEQF,1
TRBV20-1,TRBJ2-1,SATGFEAGTYNEQF,1
TRBV20-1,TRBJ2-1,SATGFESYNEQF,1
TRBV20-1,TRBJ2-1,SATGFGGISGNEQF,1
TRBV20-1,TRBJ2-1,SATGFGGSGRGSYNEQF,1
TRBV20-1,TRBJ2-1,SATGFGNEQF,1
TRBV20-1,TRBJ2-1,SATGFGRHNEQF,1
TRBV20-1,TRBJ2-1,SATGFGSWDNEQF,2
TRBV20-1,TRBJ2-1,SATGFGSYNEQF,2
TRBV20-1,TRBJ2-1,SATGFIRSNEQF,1
TRBV20-1,TRBJ2-1,SATGFKDEQF,1
TRBV20-1,TRBJ2-1,SATGFLESYNEQF,3
TRBV20-1,TRBJ2-1,SATGFLGDYEQF,1
TRBV20-1,TRBJ2-1,SATGFLGKGANEQF,1
TRBV20-1,TRBJ2-1,SATGFLSGVHNEQF,1
TRBV20-1,TRBJ2-1,SATGFNEQF,8
TRBV20-1,TRBJ2-1,SATGFNSYNEQF,4
TRBV20-1,TRBJ2-1,SATGFNYNEQF,1
TRBV20-1,TRBJ2-1,SATGFPTSGRMSYNEQF,1
TRBV20-1,TRBJ2-1,SATGFQPYNEQF,1
TRBV20-1,TRBJ2-1,SATGFRAGGTHNEQF,5
TRBV20-1,TRBJ2-1,SATGFRGVNEQF,1
TRBV20-1,TRBJ2-1,SATGFRVAGEDEQF,1
TRBV20-1,TRBJ2-1,SATGFSGIYNEQF,2
TRBV20-1,TRBJ2-1,SATGFSGSSYNEQF,8
TRBV20-1,TRBJ2-1,SATGFSHNEQF,1
TRBV20-1,TRBJ2-1,SATGFSSNEQF,1
TRBV20-1,TRBJ2-1,SATGFSSYNEQF,2
TRBV20-1,TRBJ2-1,SATGFSYNEQF,6
TRBV20-1,TRBJ2-1,SATGFTGLQRANEQF,1
TRBV20-1,TRBJ2-1,SATGFTSYNEQF,1
TRBV20-1,TRBJ2-1,SATGFVFGSPYNEQF,1
TRBV20-1,TRBJ2-1,SATGFVQVFNEQF,1
TRBV20-1,TRBJ2-1,SATGFYNEQF,1
TRBV20-1,TRBJ2-1,SATGGAAASYNEQF,1
TRBV20-1,TRBJ2-1,SATGGAALNNEQF,2
TRBV20-1,TRBJ2-1,SATGGAARSYNEQF,1
TRBV20-1,TRBJ2-1,SATGGADVSYNEQF,1
TRBV20-1,TRBJ2-1,SATGGAEYNEQF,2
TRBV20-1,TRBJ2-1,SATGGAFGNEQF,2
TRBV20-1,TRBJ2-1,SATGGAFYNEQF,1
TRBV20-1,TRBJ2-1,SATGGAGAYNEQF,1
TRBV20-1,TRBJ2-1,SATGGAGDPPYNEQF,1
TRBV20-1,TRBJ2-1,SATGGAGDPYNEQF,1
TRBV20-1,TRBJ2-1,SATGGAGDYNEQF,1
TRBV20-1,TRBJ2-1,SATGGAGETYNEQF,1
TRBV20-1,TRBJ2-1,SATGGAGFGNEQF,1
TRBV20-1,TRBJ2-1,SATGGAGGRNEQF,1
TRBV20-1,TRBJ2-1,SATGGAGGYNEQF,5
TRBV20-1,TRBJ2-1,SATGGAGLAFDNEQF,1
TRBV20-1,TRBJ2-1,SATGGAGNEQF,2
TRBV20-1,TRBJ2-1,SATGGAGRDNEQF,1
TRBV20-1,TRBJ2-1,SATGGAGRSYNEQF,4
TRBV20-1,TRBJ2-1,SATGGAGSDEQF,4
TRBV20-1,TRBJ2-1,SATGGAGSSYNEQF,1
TRBV20-1,TRBJ2-1,SATGGAGSYNEQF,4
TRBV20-1,TRBJ2-1,SATGGAGVYNEQF,1
TRBV20-1,TRBJ2-1,SATGGAHEQF,1
TRBV20-1,TRBJ2-1,SATGGAHNEQF,1
TRBV20-1,TRBJ2-1,SATGGAISYNEQF,1
TRBV20-1,TRBJ2-1,SATGGALAVRKDEQF,1
TRBV20-1,TRBJ2-1,SATGGALEQF,5
TRBV20-1,TRBJ2-1,SATGGALGSYNEQF,1
TRBV20-1,TRBJ2-1,SATGGALNEQF,3
TRBV20-1,TRBJ2-1,SATGGALYNEQF,1
TRBV20-1,TRBJ2-1,SATGGAMNEQF,1
TRBV20-1,TRBJ2-1,SATGGANEVYEQF,1
TRBV20-1,TRBJ2-1,SATGGANNEQF,1
TRBV20-1,TRBJ2-1,SATGGANSYNEQF,2
TRBV20-1,TRBJ2-1,SATGGAPNNEQF,1
TRBV20-1,TRBJ2-1,SATGGAPRYNEQF,1
TRBV20-1,TRBJ2-1,SATGGAQGHNEQF,4
TRBV20-1,TRBJ2-1,SATGGARDNEQF,1
TRBV20-1,TRBJ2-1,SATGGARGSYNEQF,1
TRBV20-1,TRBJ2-1,SATGGARNEQF,9
TRBV20-1,TRBJ2-1,SATGGASGPYNEQF,1
TRBV20-1,TRBJ2-1,SATGGASGRNEQF,6
TRBV20-1,TRBJ2-1,SATGGASGSYNEQF,1
TRBV20-1,TRBJ2-1,SATGGASNEQF,3
TRBV20-1,TRBJ2-1,SATGGASSYNEQF,3
TRBV20-1,TRBJ2-1,SATGGASYNEQF,5
TRBV20-1,TRBJ2-1,SATGGATYNEQF,10
TRBV20-1,TRBJ2-1,SATGGAVYNEQF,1
TRBV20-1,TRBJ2-1,SATGGAYNEQF,8
TRBV20-1,TRBJ2-1,SATGGDEQF,9
TRBV20-1,TRBJ2-1,SATGGDLPWQF,1
TRBV20-1,TRBJ2-1,SATGGDLYNEQF,1
TRBV20-1,TRBJ2-1,SATGGDNEQF,1
TRBV20-1,TRBJ2-1,SATGGDPFNEQF,1
TRBV20-1,TRBJ2-1,SATGGDPNSYNEQF,2
TRBV20-1,TRBJ2-1,SATGGDRAYNEQF,1
TRBV20-1,TRBJ2-1,SATGGDRGLDEQF,3
TRBV20-1,TRBJ2-1,SATGGDRHVNEQF,1
TRBV20-1,TRBJ2-1,SATGGDRPNEQF,1
TRBV20-1,TRBJ2-1,SATGGDSEQF,1
TRBV20-1,TRBJ2-1,SATGGDSSYNEQF,1
TRBV20-1,TRBJ2-1,SATGGDSYNEQF,2
TRBV20-1,TRBJ2-1,SATGGDVLNEQF,2
TRBV20-1,TRBJ2-1,SATGGDYGNEQF,1
TRBV20-1,TRBJ2-1,SATGGDYNEQF,4
TRBV20-1,TRBJ2-1,SATGGEDIGDEQF,1
TRBV20-1,TRBJ2-1,SATGGEDPNEQF,1
TRBV20-1,TRBJ2-1,SATGGEGGGRINEQF,1
TRBV20-1,TRBJ2-1,SATGGEGGNNEQF,1
TRBV20-1,TRBJ2-1,SATGGEGKEDEQF,1
TRBV20-1,TRBJ2-1,SATGGEGLYNEQF,1
TRBV20-1,TRBJ2-1,SATGGEGQETYNEQF,4
TRBV20-1,TRBJ2-1,SATGGEGSYNEQF,4
TRBV20-1,TRBJ2-1,SATGGEKTLSSYNEQF,1
TRBV20-1,TRBJ2-1,SATGGELSYNEQF,7
TRBV20-1,TRBJ2-1,SATGGELVAGEIYNEQF,1
TRBV20-1,TRBJ2-1,SATGGENNEQF,20
TRBV20-1,TRBJ2-1,SATGGEQF,5
TRBV20-1,TRBJ2-1,SATGGERLYNEQF,1
TRBV20-1,TRBJ2-1,SATGGERNEQF,1
TRBV20-1,TRBJ2-1,SATGGERNNEQF,1
TRBV20-1,TRBJ2-1,SATGGESGSSYNEQF,1
TRBV20-1,TRBJ2-1,SATGGESNEQF,1
TRBV20-1,TRBJ2-1,SATGGEVYNEQF,1
TRBV20-1,TRBJ2-1,SATGGEYNEQF,1
TRBV20-1,TRBJ2-1,SATGGFARVDNEQF,1
TRBV20-1,TRBJ2-1,SATGGFLPSGGYNEQF,1
TRBV20-1,TRBJ2-1,SATGGFPNNEQF,1
TRBV20-1,TRBJ2-1,SATGGFPYNEQF,2
TRBV20-1,TRBJ2-1,SATGGFQTYNEQF,1
TRBV20-1,TRBJ2-1,SATGGFRNEQF,1
TRBV20-1,TRBJ2-1,SATGGFSNYNEQF,3
TRBV20-1,TRBJ2-1,SATGGFYNEQF,10
TRBV20-1,TRBJ2-1,SATGGGAEVHNEQF,1
TRBV20-1,TRBJ2-1,SATGGGAGGLIVHEQF,1
TRBV20-1,TRBJ2-1,SATGGGAGNEQF,1
TRBV20-1,TRBJ2-1,SATGGGALDEQF,1
TRBV20-1,TRBJ2-1,SATGGGANAPF,1
TRBV20-1,TRBJ2-1,SATGGGASPDEQF,2
TRBV20-1,TRBJ2-1,SATGGGASSYNEQF,1
TRBV20-1,TRBJ2-1,SATGGGAWGNEQF,2
TRBV20-1,TRBJ2-1,SATGGGAYNEQF,3
TRBV20-1,TRBJ2-1,SATGGGAYYNEQF,1
TRBV20-1,TRBJ2-1,SATGGGDEQF,6
TRBV20-1,TRBJ2-1,SATGGGDNEQF,1
TRBV20-1,TRBJ2-1,SATGGGDYNEQF,2
TRBV20-1,TRBJ2-1,SATGGGEFYNEQF,1
TRBV20-1,TRBJ2-1,SATGGGELYNEQF,1
TRBV20-1,TRBJ2-1,SATGGGEQF,7
TRBV20-1,TRBJ2-1,SATGGGERYNEQF,1
TRBV20-1,TRBJ2-1,SATGGGFSYNEQF,1
TRBV20-1,TRBJ2-1,SATGGGGADNEQF,1
TRBV20-1,TRBJ2-1,SATGGGGDEQF,1
TRBV20-1,TRBJ2-1,SATGGGGDSYNEQF,1
TRBV20-1,TRBJ2-1,SATGGGGGDEQY,1
TRBV20-1,TRBJ2-1,SATGGGGLDEQF,1
TRBV20-1,TRBJ2-1,SATGGGGLYNEQF,1
TRBV20-1,TRBJ2-1,SATGGGGNEQF,1
TRBV20-1,TRBJ2-1,SATGGGGNNEQF,12
TRBV20-1,TRBJ2-1,SATGGGGPYNEQC,1
TRBV20-1,TRBJ2-1,SATGGGGPYNEQF,28
TRBV20-1,TRBJ2-1,SATGGGGRHNEQF,2
TRBV20-1,TRBJ2-1,SATGGGGRYNEQF,1
TRBV20-1,TRBJ2-1,SATGGGGSRINEQF,1
TRBV20-1,TRBJ2-1,SATGGGGSSYNEQF,1
TRBV20-1,TRBJ2-1,SATGGGGSYNEQF,1
TRBV20-1,TRBJ2-1,SATGGGGTNEQF,1
TRBV20-1,TRBJ2-1,SATGGGGVYNEQF,1
TRBV20-1,TRBJ2-1,SATGGGGYEQF,1
TRBV20-1,TRBJ2-1,SATGGGHNEQF,1
TRBV20-1,TRBJ2-1,SATGGGHSYNEQF,2
TRBV20-1,TRBJ2-1,SATGGGIKYNEQF,2
TRBV20-1,TRBJ2-1,SATGGGISYNEQF,1
TRBV20-1,TRBJ2-1,SATGGGIYNEQF,2
TRBV20-1,TRBJ2-1,SATGGGKSNEQF,1
TRBV20-1,TRBJ2-1,SATGGGLAESNEQF,6
TRBV20-1,TRBJ2-1,SATGGGLAGRYNEQF,1
TRBV20-1,TRBJ2-1,SATGGGLAGSSYNEQF,1
TRBV20-1,TRBJ2-1,SATGGGLAIGEQF,6
TRBV20-1,TRBJ2-1,SATGGGLAYNEQF,3
TRBV20-1,TRBJ2-1,SATGGGLGKDAYNEQF,1
TRBV20-1,TRBJ2-1,SATGGGLGNEQF,1
TRBV20-1,TRBJ2-1,SATGGGLHSYNEQF,1
TRBV20-1,TRBJ2-1,SATGGGLSNNEQF,2
TRBV20-1,TRBJ2-1,SATGGGLSSSYNEQF,2
TRBV20-1,TRBJ2-1,SATGGGLSYNEQF,1
TRBV20-1,TRBJ2-1,SATGGGLYNEQF,2
TRBV20-1,TRBJ2-1,SATGGGNEQF,24
TRBV20-1,TRBJ2-1,SATGGGNGFNEQF,1
TRBV20-1,TRBJ2-1,SATGGGNNEQF,1
TRBV20-1,TRBJ2-1,SATGGGPGYNEQF,1
TRBV20-1,TRBJ2-1,SATGGGPNEQF,1
TRBV20-1,TRBJ2-1,SATGGGPRNEQF,7
TRBV20-1,TRBJ2-1,SATGGGPRS,1
TRBV20-1,TRBJ2-1,SATGGGPSYNEQF,2
TRBV20-1,TRBJ2-1,SATGGGPTYNEQF,1
TRBV20-1,TRBJ2-1,SATGGGPYNEQF,2
TRBV20-1,TRBJ2-1,SATGGGQF,1
TRBV20-1,TRBJ2-1,SATGGGQGALAGVHEQF,1
TRBV20-1,TRBJ2-1,SATGGGQSSYNEQF,1
TRBV20-1,TRBJ2-1,SATGGGRAYEQF,1
TRBV20-1,TRBJ2-1,SATGGGRDNEQF,1
TRBV20-1,TRBJ2-1,SATGGGRIENEQF,1
TRBV20-1,TRBJ2-1,SATGGGRNEQF,2
TRBV20-1,TRBJ2-1,SATGGGRRNEQF,1
TRBV20-1,TRBJ2-1,SATGGGRSIPSYNEQF,1
TRBV20-1,TRBJ2-1,SATGGGRSNEQF,1
TRBV20-1,TRBJ2-1,SATGGGRVSYNEQF,1
TRBV20-1,TRBJ2-1,SATGGGRYNEQF,2
TRBV20-1,TRBJ2-1,SATGGGSATYNEQF,1
TRBV20-1,TRBJ2-1,SATGGGSEQF,2
TRBV20-1,TRBJ2-1,SATGGGSFNEQF,1
TRBV20-1,TRBJ2-1,SATGGGSGKLTYNEQF,1
TRBV20-1,TRBJ2-1,SATGGGSGYNEQF,1
TRBV20-1,TRBJ2-1,SATGGGSLEQF,5
TRBV20-1,TRBJ2-1,SATGGGSLSNEQF,1
TRBV20-1,TRBJ2-1,SATGGGSNEQF,1
TRBV20-1,TRBJ2-1,SATGGGSSYNEQF,24
TRBV20-1,TRBJ2-1,SATGGGSTYNEQF,1
TRBV20-1,TRBJ2-1,SATGGGSVGYNEQF,1
TRBV20-1,TRBJ2-1,SATGGGSYNEQF,8
TRBV20-1,TRBJ2-1,SATGGGTNEQF,1
TRBV20-1,TRBJ2-1,SATGGGTYNEQF,1
TRBV20-1,TRBJ2-1,SATGGGVIDEQF,1
TRBV20-1,TRBJ2-1,SATGGGVKTSSYNEQF,1
TRBV20-1,TRBJ2-1,SATGGGVSYNEQF,1
TRBV20-1,TRBJ2-1,SATGGGVYNEQF,1
TRBV20-1,TRBJ2-1,SATGGGYNAQF,1
TRBV20-1,TRBJ2-1,SATGGGYNEQF,16
TRBV20-1,TRBJ2-1,SATGGHEQF,2
TRBV20-1,TRBJ2-1,SATGGHHYNEQF,1
TRBV20-1,TRBJ2-1,SATGGHLYNEQF,1
TRBV20-1,TRBJ2-1,SATGGHNEQF,2
TRBV20-1,TRBJ2-1,SATGGHPYNEQF,1
TRBV20-1,TRBJ2-1,SATGGHRDEQF,1
TRBV20-1,TRBJ2-1,SATGGHSYNEQF,3
TRBV20-1,TRBJ2-1,SATGGHYNEQF,1
TRBV20-1,TRBJ2-1,SATGGIASYNEQF,1
TRBV20-1,TRBJ2-1,SATGGIDNEQF,1
TRBV20-1,TRBJ2-1,SATGGIGNEQF,1
TRBV20-1,TRBJ2-1,SATGGIGPFSYNEQF,1
TRBV20-1,TRBJ2-1,SATGGILSYNEQF,1
TRBV20-1,TRBJ2-1,SATGGILYNEQF,1
TRBV20-1,TRBJ2-1,SATGGINEQF,6
TRBV20-1,TRBJ2-1,SATGGINNEQF,1
TRBV20-1,TRBJ2-1,SATGGISGGANEQF,1
TRBV20-1,TRBJ2-1,SATGGISGRAGYNEQF,4
TRBV20-1,TRBJ2-1,SATGGISYNEQF,3
TRBV20-1,TRBJ2-1,SATGGITGNEQF,4
TRBV20-1,TRBJ2-1,SATGGIWNEQF,2
TRBV20-1,TRBJ2-1,SATGGIYNEQF,3
TRBV20-1,TRBJ2-1,SATGGKGDEQF,3
TRBV20-1,TRBJ2-1,SATGGKLHEQF,6
TRBV20-1,TRBJ2-1,SATGGKNEQF,1
TRBV20-1,TRBJ2-1,SATGGKQSSYNEQF,1
TRBV20-1,TRBJ2-1,SATGGKRETDEQF,1
TRBV20-1,TRBJ2-1,SATGGKREVHNEQF,1
TRBV20-1,TRBJ2-1,SATGGKSSYNEQF,1
TRBV20-1,TRBJ2-1,SATGGKTYNEQF,1
TRBV20-1,TRBJ2-1,SATGGKYRNEQF,1
TRBV20-1,TRBJ2-1,SATGGLAASYNEQF,1
TRBV20-1,TRBJ2-1,SATGGLAAVNEQF,1
TRBV20-1,TRBJ2-1,SATGGLAEAYNEQF,1
TRBV20-1,TRBJ2-1,SATGGLAFDNEQF,1
TRBV20-1,TRBJ2-1,SATGGLAFFYNEQF,1
TRBV20-1,TRBJ2-1,SATGGLAFNEQF,1
TRBV20-1,TRBJ2-1,SATGGLAGAFNEQF,1
TRBV20-1,TRBJ2-1,SATGGLAGELSYNEQF,1
TRBV20-1,TRBJ2-1,SATGGLAGEPYYNEQF,1
TRBV20-1,TRBJ2-1,SATGGLAGFDEQF,3
TRBV20-1,TRBJ2-1,SATGGLAGFNEQF,2
TRBV20-1,TRBJ2-1,SATGGLAGGNPYNEQF,1
TRBV20-1,TRBJ2-1,SATGGLAGGSYNEQF,3
TRBV20-1,TRBJ2-1,SATGGLAGGTYNEQF,1
TRBV20-1,TRBJ2-1,SATGGLAGHNEQF,1
TRBV20-1,TRBJ2-1,SATGGLAGISSYNEQF,1
TRBV20-1,TRBJ2-1,SATGGLAGLNSYNEQF,1
TRBV20-1,TRBJ2-1,SATGGLAGRSYNEQF,1
TRBV20-1,TRBJ2-1,SATGGLAGSEQF,4
TRBV20-1,TRBJ2-1,SATGGLAGSSYNEQF,6
TRBV20-1,TRBJ2-1,SATGGLAGVHEQF,3
TRBV20-1,TRBJ2-1,SATGGLAGVIRSYNEQF,1
TRBV20-1,TRBJ2-1,SATGGLAGVNEQF,1
TRBV20-1,TRBJ2-1,SATGGLAGYNEQF,3
TRBV20-1,TRBJ2-1,SATGGLAHNEQF,1
TRBV20-1,TRBJ2-1,SATGGLAHRNEQF,1
TRBV20-1,TRBJ2-1,SATGGLAINEQF,1
TRBV20-1,TRBJ2-1,SATGGLALDNEQF,1
TRBV20-1,TRBJ2-1,SATGGLALNEQF,1
TRBV20-1,TRBJ2-1,SATGGLALSYNEQF,1
TRBV20-1,TRBJ2-1,SATGGLANEQF,1
TRBV20-1,TRBJ2-1,SATGGLARPYNEQF,1
TRBV20-1,TRBJ2-1,SATGGLASRIYNEQF,1
TRBV20-1,TRBJ2-1,SATGGLASTYNEQF,5
TRBV20-1,TRBJ2-1,SATGGLAVTYNEQF,1
TRBV20-1,TRBJ2-1,SATGGLAVYNEQF,16
TRBV20-1,TRBJ2-1,SATGGLAVYTEQF,1
TRBV20-1,TRBJ2-1,SATGGLAWGNEQF,1
TRBV20-1,TRBJ2-1,SATGGLAYNEQF,3
TRBV20-1,TRBJ2-1,SATGGLDHNEQF,2
TRBV20-1,TRBJ2-1,SATGGLDNEQF,1
TRBV20-1,TRBJ2-1,SATGGLDRGVYNEQF,1
TRBV20-1,TRBJ2-1,SATGGLEGGAYNEQF,1
TRBV20-1,TRBJ2-1,SATGGLEQF,3
TRBV20-1,TRBJ2-1,SATGGLESYNEQF,1
TRBV20-1,TRBJ2-1,SATGGLETDEQF,1
TRBV20-1,TRBJ2-1,SATGGLEWGEQF,4
TRBV20-1,TRBJ2-1,SATGGLGFSYNEQF,1
TRBV20-1,TRBJ2-1,SATGGLGGVNEQF,12
TRBV20-1,TRBJ2-1,SATGGLGHNEQF,1
TRBV20-1,TRBJ2-1,SATGGLGNEQF,6
TRBV20-1,TRBJ2-1,SATGGLGNNEQF,1
TRBV20-1,TRBJ2-1,SATGGLGRSYEQF,5
TRBV20-1,TRBJ2-1,SATGGLGSWEQF,2
TRBV20-1,TRBJ2-1,SATGGLGYNEQF,5
TRBV20-1,TRBJ2-1,SATGGLIDYNEQF,1
TRBV20-1,TRBJ2-1,SATGGLITYNEQF,1
TRBV20-1,TRBJ2-1,SATGGLKHVNNEQF,1
TRBV20-1,TRBJ2-1,SATGGLLGSYNEQF,1
TRBV20-1,TRBJ2-1,SATGGLLINEQF,1
TRBV20-1,TRBJ2-1,SATGGLLSSNEQF,1
TRBV20-1,TRBJ2-1,SATGGLNEQF,1
TRBV20-1,TRBJ2-1,SATGGLPDEQF,1
TRBV20-1,TRBJ2-1,SATGGLPLNEQF,1
TRBV20-1,TRBJ2-1,SATGGLPNSYNEQF,1
TRBV20-1,TRBJ2-1,SATGGLPTNEQF,1
TRBV20-1,TRBJ2-1,SATGGLRMGGGRNEQF,1
TRBV20-1,TRBJ2-1,SATGGLRNEQF,4
TRBV20-1,TRBJ2-1,SATGGLRSLVEF,1
TRBV20-1,TRBJ2-1,SATGGLRSYNEQF,2
TRBV20-1,TRBJ2-1,SATGGLSNEQF,2
TRBV20-1,TRBJ2-1,SATGGLSRSNEQF,1
TRBV20-1,TRBJ2-1,SATGGLSSSYNEQF,1
TRBV20-1,TRBJ2-1,SATGGLSSYNEQF,1
TRBV20-1,TRBJ2-1,SATGGLSYNEQF,3
TRBV20-1,TRBJ2-1,SATGGLTYNEQF,3
TRBV20-1,TRBJ2-1,SATGGLVDHEQF,1
TRBV20-1,TRBJ2-1,SATGGLVHEQF,1
TRBV20-1,TRBJ2-1,SATGGLVNNEQF,5
TRBV20-1,TRBJ2-1,SATGGLVSSYNEQF,1
TRBV20-1,TRBJ2-1,SATGGLVTYEQF,1
TRBV20-1,TRBJ2-1,SATGGLYNEQF,6
TRBV20-1,TRBJ2-1,SATGGLYYNEQF,1
TRBV20-1,TRBJ2-1,SATGGMANGEQF,1
TRBV20-1,TRBJ2-1,SATGGMGHNEQF,1
TRBV20-1,TRBJ2-1,SATGGMGRNEQF,1
TRBV20-1,TRBJ2-1,SATGGMGYNEQF,6
TRBV20-1,TRBJ2-1,SATGGMGYYEQL,1
TRBV20-1,TRBJ2-1,SATGGMQTYNEQF,1
TRBV20-1,TRBJ2-1,SATGGMSSYNEQF,1
TRBV20-1,TRBJ2-1,SATGGNEQF,42
TRBV20-1,TRBJ2-1,SATGGNNEQF,10
TRBV20-1,TRBJ2-1,SATGGNPPNNEQF,1
TRBV20-1,TRBJ2-1,SATGGNSYNEQF,2
TRBV20-1,TRBJ2-1,SATGGNTNEQF,1
TRBV20-1,TRBJ2-1,SATGGNYNEQF,7
TRBV20-1,TRBJ2-1,SATGGPARGLYNEQF,1
TRBV20-1,TRBJ2-1,SATGGPAYNEQF,6
TRBV20-1,TRBJ2-1,SATGGPDEQF,1
TRBV20-1,TRBJ2-1,SATGGPEGNEQF,4
TRBV20-1,TRBJ2-1,SATGGPFSSYNEQF,1
TRBV20-1,TRBJ2-1,SATGGPGEQF,9
TRBV20-1,TRBJ2-1,SATGGPGGNEQF,5
TRBV20-1,TRBJ2-1,SATGGPGHEQF,1
TRBV20-1,TRBJ2-1,SATGGPGILYNEQF,1
TRBV20-1,TRBJ2-1,SATGGPGLAGEGTYNEQF,1
TRBV20-1,TRBJ2-1,SATGGPGNEQF,1
TRBV20-1,TRBJ2-1,SATGGPGTNEQF,1
TRBV20-1,TRBJ2-1,SATGGPHEQF,5
TRBV20-1,TRBJ2-1,SATGGPHPPPYNEQF,1
TRBV20-1,TRBJ2-1,SATGGPNEQF,4
TRBV20-1,TRBJ2-1,SATGGPNFYNEQF,1
TRBV20-1,TRBJ2-1,SATGGPNHEQF,1
TRBV20-1,TRBJ2-1,SATGGPNNEQF,5
TRBV20-1,TRBJ2-1,SATGGPNYNEQF,2
TRBV20-1,TRBJ2-1,SATGGPPFNEQF,1
TRBV20-1,TRBJ2-1,SATGGPPGNEQF,1
TRBV20-1,TRBJ2-1,SATGGPPLNEQF,7
TRBV20-1,TRBJ2-1,SATGGPPRENEQF,11
TRBV20-1,TRBJ2-1,SATGGPPSYNEQF,2
TRBV20-1,TRBJ2-1,SATGGPPYNEQF,3
TRBV20-1,TRBJ2-1,SATGGPQSYNEQF,1
TRBV20-1,TRBJ2-1,SATGGPRSYNEQF,8
TRBV20-1,TRBJ2-1,SATGGPRYNEQF,2
TRBV20-1,TRBJ2-1,SATGGPSAYNEQF,1
TRBV20-1,TRBJ2-1,SATGGPSGNSNEQF,5
TRBV20-1,TRBJ2-1,SATGGPSSYNEQF,7
TRBV20-1,TRBJ2-1,SATGGPSYNEQF,10
TRBV20-1,TRBJ2-1,SATGGPTYNEQF,9
TRBV20-1,TRBJ2-1,SATGGPVNEQF,1
TRBV20-1,TRBJ2-1,SATGGPYNEQF,6
TRBV20-1,TRBJ2-1,SATGGPYTEQF,1
TRBV20-1,TRBJ2-1,SATGGQANSYNEQF,1
TRBV20-1,TRBJ2-1,SATGGQAYNEQF,1
TRBV20-1,TRBJ2-1,SATGGQGALPSEQF,1
TRBV20-1,TRBJ2-1,SATGGQGAYNEQF,1
TRBV20-1,TRBJ2-1,SATGGQGEFSSYNEQF,1
TRBV20-1,TRBJ2-1,SATGGQGFNEQF,1
TRBV20-1,TRBJ2-1,SATGGQGFSYNDQF,1
TRBV20-1,TRBJ2-1,SATGGQGFSYNEQF,5
TRBV20-1,TRBJ2-1,SATGGQGGYEQF,8
TRBV20-1,TRBJ2-1,SATGGQGNEQF,1
TRBV20-1,TRBJ2-1,SATGGQGNNEQF,1
TRBV20-1,TRBJ2-1,SATGGQGRHNEQF,1
TRBV20-1,TRBJ2-1,SATGGQGRYNEQF,5
TRBV20-1,TRBJ2-1,SATGGQGRYNEQL,1
TRBV20-1,TRBJ2-1,SATGGQGYNEQF,2
TRBV20-1,TRBJ2-1,SATGGQLRNEQF,1
TRBV20-1,TRBJ2-1,SATGGQPYNEQF,1
TRBV20-1,TRBJ2-1,SATGGQQRVNEQF,1
TRBV20-1,TRBJ2-1,SATGGQRDFGEQF,2
TRBV20-1,TRBJ2-1,SATGGQRPYNEQF,1
TRBV20-1,TRBJ2-1,SATGGQRRNEQF,1
TRBV20-1,TRBJ2-1,SATGGQSDNEQF,1
TRBV20-1,TRBJ2-1,SATGGQSSYNEQF,1
TRBV20-1,TRBJ2-1,SATGGQTNNEQF,1
TRBV20-1,TRBJ2-1,SATGGQVYEQF,1
TRBV20-1,TRBJ2-1,SATGGQVYNEQF,2
TRBV20-1,TRBJ2-1,SATGGQYNEQF,2
TRBV20-1,TRBJ2-1,SATGGRADNEQF,1
TRBV20-1,TRBJ2-1,SATGGRAEVYNEQF,1
TRBV20-1,TRBJ2-1,SATGGRAFNNEQF,1
TRBV20-1,TRBJ2-1,SATGGRAGDEQF,1
TRBV20-1,TRBJ2-1,SATGGRAGNEQF,8
TRBV20-1,TRBJ2-1,SATGGRAGNEQL,2
TRBV20-1,TRBJ2-1,SATGGRAINEQF,1
TRBV20-1,TRBJ2-1,SATGGRALGNEQF,1
TRBV20-1,TRBJ2-1,SATGGRALKSNEQF,1
TRBV20-1,TRBJ2-1,SATGGRALKYNEQF,1
TRBV20-1,TRBJ2-1,SATGGRANEQF,9
TRBV20-1,TRBJ2-1,SATGGRARNEQF,1
TRBV20-1,TRBJ2-1,SATGGRASRNEQF,1
TRBV20-1,TRBJ2-1,SATGGRASYNEQF,2
TRBV20-1,TRBJ2-1,SATGGRAVDEQF,1
TRBV20-1,TRBJ2-1,SATGGRAWNEQF,1
TRBV20-1,TRBJ2-1,SATGGRAYNDQF,1
TRBV20-1,TRBJ2-1,SATGGRAYNEQF,7
TRBV20-1,TRBJ2-1,SATGGRDEQF,1
TRBV20-1,TRBJ2-1,SATGGRDFSSSYNEQF,1
TRBV20-1,TRBJ2-1,SATGGRDPYNEQF,1
TRBV20-1,TRBJ2-1,SATGGRDSGNEQF,1
TRBV20-1,TRBJ2-1,SATGGRDSYNEQF,1
TRBV20-1,TRBJ2-1,SATGGRDYNEQF,1
TRBV20-1,TRBJ2-1,SATGGREFYNEQF,1
TRBV20-1,TRBJ2-1,SATGGREGYGYNEQF,4
TRBV20-1,TRBJ2-1,SATGGREKSSYNEQF,1
TRBV20-1,TRBJ2-1,SATGGRERNEQF,1
TRBV20-1,TRBJ2-1,SATGGRETNEQF,1
TRBV20-1,TRBJ2-1,SATGGRFMNEQF,1
TRBV20-1,TRBJ2-1,SATGGRFTYNEQF,1
TRBV20-1,TRBJ2-1,SATGGRFYNEQF,4
TRBV20-1,TRBJ2-1,SATGGRGDDEQF,1
TRBV20-1,TRBJ2-1,SATGGRGDEQF,1
TRBV20-1,TRBJ2-1,SATGGRGELYNEQF,4
TRBV20-1,TRBJ2-1,SATGGRGGNEQF,1
TRBV20-1,TRBJ2-1,SATGGRGLAGGMTSYNEQF,1
TRBV20-1,TRBJ2-1,SATGGRGNEQF,3
TRBV20-1,TRBJ2-1,SATGGRGNNEQF,2
TRBV20-1,TRBJ2-1,SATGGRGPYNEQF,1
TRBV20-1,TRBJ2-1,SATGGRGRAFSTYNEQF,1
TRBV20-1,TRBJ2-1,SATGGRGSAGGNNEQF,1
TRBV20-1,TRBJ2-1,SATGGRGTSYNEQF,1
TRBV20-1,TRBJ2-1,SATGGRGVNEQF,1
TRBV20-1,TRBJ2-1,SATGGRGVVYNEQF,1
TRBV20-1,TRBJ2-1,SATGGRGYNEQF,1
TRBV20-1,TRBJ2-1,SATGGRKADEQF,1
TRBV20-1,TRBJ2-1,SATGGRKAGAGNEQF,1
TRBV20-1,TRBJ2-1,SATGGRKLYNEQF,2
TRBV20-1,TRBJ2-1,SATGGRLNNEQF,1
TRBV20-1,TRBJ2-1,SATGGRLVRYNEQF,1
TRBV20-1,TRBJ2-1,SATGGRNDNEQF,1
TRBV20-1,TRBJ2-1,SATGGRNEQF,18
TRBV20-1,TRBJ2-1,SATGGRPNNEQF,1
TRBV20-1,TRBJ2-1,SATGGRPYNEQF,2
TRBV20-1,TRBJ2-1,SATGGRQNNEQF,1
TRBV20-1,TRBJ2-1,SATGGRRAVYNEQF,1
TRBV20-1,TRBJ2-1,SATGGRRDNEQF,1
TRBV20-1,TRBJ2-1,SATGGRRNEQF,1
TRBV20-1,TRBJ2-1,SATGGRRSDNEQF,1
TRBV20-1,TRBJ2-1,SATGGRRSYNEQF,1
TRBV20-1,TRBJ2-1,SATGGRSFSYNEQF,1
TRBV20-1,TRBJ2-1,SATGGRSGEQF,1
TRBV20-1,TRBJ2-1,SATGGRSGNEQF,1
TRBV20-1,TRBJ2-1,SATGGRSGYNEQF,2
TRBV20-1,TRBJ2-1,SATGGRSNEQF,1
TRBV20-1,TRBJ2-1,SATGGRSSYNEQF,2
TRBV20-1,TRBJ2-1,SATGGRSYNAQF,1
TRBV20-1,TRBJ2-1,SATGGRSYNEHF,1
TRBV20-1,TRBJ2-1,SATGGRSYNEQF,12
TRBV20-1,TRBJ2-1,SATGGRTSGPSYNEQF,1
TRBV20-1,TRBJ2-1,SATGGRTSGSSFFNEQF,1
TRBV20-1,TRBJ2-1,SATGGRTYNEQF,2
TRBV20-1,TRBJ2-1,SATGGRVAYNEQF,3
TRBV20-1,TRBJ2-1,SATGGRVDEQF,1
TRBV20-1,TRBJ2-1,SATGGRVGFDEQF,5
TRBV20-1,TRBJ2-1,SATGGRVRLNEQF,1
TRBV20-1,TRBJ2-1,SATGGRVYNEQF,4
TRBV20-1,TRBJ2-1,SATGGRYNEQF,3
TRBV20-1,TRBJ2-1,SATGGRYRLDEQF,5
TRBV20-1,TRBJ2-1,SATGGSADSEHF,1
TRBV20-1,TRBJ2-1,SATGGSALDNEQF,1
TRBV20-1,TRBJ2-1,SATGGSAYNEQF,1
TRBV20-1,TRBJ2-1,SATGGSDEQF,1
TRBV20-1,TRBJ2-1,SATGGSFPYNEQF,1
TRBV20-1,TRBJ2-1,SATGGSGFNEQF,1
TRBV20-1,TRBJ2-1,SATGGSGFSYNEQF,2
TRBV20-1,TRBJ2-1,SATGGSGILFSYNEQF,1
TRBV20-1,TRBJ2-1,SATGGSGISYNEQF,2
TRBV20-1,TRBJ2-1,SATGGSGIYNEQF,1
TRBV20-1,TRBJ2-1,SATGGSGLSYNEQF,1
TRBV20-1,TRBJ2-1,SATGGSGNEQF,1
TRBV20-1,TRBJ2-1,SATGGSGNSYNEQF,1
TRBV20-1,TRBJ2-1,SATGGSGPLANEQF,1
TRBV20-1,TRBJ2-1,SATGGSGPRNEQF,1
TRBV20-1,TRBJ2-1,SATGGSGRGNNEQF,3
TRBV20-1,TRBJ2-1,SATGGSGRGYNEQF,1
TRBV20-1,TRBJ2-1,SATGGSGRSYNEQF,1
TRBV20-1,TRBJ2-1,SATGGSGSNEQF,1
TRBV20-1,TRBJ2-1,SATGGSGSSNEQF,1
TRBV20-1,TRBJ2-1,SATGGSGSSYEQF,1
TRBV20-1,TRBJ2-1,SATGGSGSSYNEQF,3
TRBV20-1,TRBJ2-1,SATGGSGTKNEPF,1
TRBV20-1,TRBJ2-1,SATGGSGTRDEQF,1
TRBV20-1,TRBJ2-1,SATGGSGTRNEHF,1
TRBV20-1,TRBJ2-1,SATGGSGTRNEQF,25
TRBV20-1,TRBJ2-1,SATGGSGYSYNEQF,1
TRBV20-1,TRBJ2-1,SATGGSHNEQF,1
TRBV20-1,TRBJ2-1,SATGGSHSYNEQF,1
TRBV20-1,TRBJ2-1,SATGGSLHEQF,1
TRBV20-1,TRBJ2-1,SATGGSLNEQF,1
TRBV20-1,TRBJ2-1,SATGGSLYNEQF,1
TRBV20-1,TRBJ2-1,SATGGSMYNEQF,1
TRBV20-1,TRBJ2-1,SATGGSNEQF,1
TRBV20-1,TRBJ2-1,SATGGSNNEQF,3
TRBV20-1,TRBJ2-1,SATGGSPAGYNEQF,1
TRBV20-1,TRBJ2-1,SATGGSPESYNEQF,1
TRBV20-1,TRBJ2-1,SATGGSPISYNEQF,1
TRBV20-1,TRBJ2-1,SATGGSPRHEQF,1
TRBV20-1,TRBJ2-1,SATGGSPSYNEQF,2
TRBV20-1,TRBJ2-1,SATGGSPTNEQF,1
TRBV20-1,TRBJ2-1,SATGGSPYNEQF,1
TRBV20-1,TRBJ2-1,SATGGSQGATTSNEQF,1
TRBV20-1,TRBJ2-1,SATGGSREGLGNEQF,1
TRBV20-1,TRBJ2-1,SATGGSRGLAYIDEQF,1
TRBV20-1,TRBJ2-1,SATGGSRNEQF,1
TRBV20-1,TRBJ2-1,SATGGSRPNEQF,1
TRBV20-1,TRBJ2-1,SATGGSRTRNEQF,1
TRBV20-1,TRBJ2-1,SATGGSRYNEQF,1
TRBV20-1,TRBJ2-1,SATGGSRYYNEQF,1
TRBV20-1,TRBJ2-1,SATGGSSGNEQF,4
TRBV20-1,TRBJ2-1,SATGGSSNEQF,4
TRBV20-1,TRBJ2-1,SATGGSSPYNEQF,1
TRBV20-1,TRBJ2-1,SATGGSSSYNEQF,1
TRBV20-1,TRBJ2-1,SATGGSSYNEQF,34
TRBV20-1,TRBJ2-1,SATGGSTYNEQF,1
TRBV20-1,TRBJ2-1,SATGGSVDEQF,2
TRBV20-1,TRBJ2-1,SATGGSYNEQF,79
TRBV20-1,TRBJ2-1,SATGGTAVNEQF,4
TRBV20-1,TRBJ2-1,SATGGTDSYNEQF,1
TRBV20-1,TRBJ2-1,SATGGTDYNEQF,1
TRBV20-1,TRBJ2-1,SATGGTEQF,8
TRBV20-1,TRBJ2-1,SATGGTESSSYNEQF,3
TRBV20-1,TRBJ2-1,SATGGTGDDNEQF,1
TRBV20-1,TRBJ2-1,SATGGTGDLYNEQF,1
TRBV20-1,TRBJ2-1,SATGGTGDNEQF,1
TRBV20-1,TRBJ2-1,SATGGTGFSYNEQF,1
TRBV20-1,TRBJ2-1,SATGGTGGLDEQF,8
TRBV20-1,TRBJ2-1,SATGGTGIYEQF,1
TRBV20-1,TRBJ2-1,SATGGTGKPNSYNEQF,3
TRBV20-1,TRBJ2-1,SATGGTGKSSYNEQF,1
TRBV20-1,TRBJ2-1,SATGGTGNEQF,4
TRBV20-1,TRBJ2-1,SATGGTGNNEQF,1
TRBV20-1,TRBJ2-1,SATGGTGPYNEQF,1
TRBV20-1,TRBJ2-1,SATGGTGSYNEQF,6
TRBV20-1,TRBJ2-1,SATGGTGTNEQF,1
TRBV20-1,TRBJ2-1,SATGGTGVYNEQF,1
TRBV20-1,TRBJ2-1,SATGGTHLPRNEQF,1
TRBV20-1,TRBJ2-1,SATGGTIYNEQF,1
TRBV20-1,TRBJ2-1,SATGGTLEGNEQF,1
TRBV20-1,TRBJ2-1,SATGGTLEQF,1
TRBV20-1,TRBJ2-1,SATGGTLESGSNNEQF,1
TRBV20-1,TRBJ2-1,SATGGTLSYKGQF,1
TRBV20-1,TRBJ2-1,SATGGTLSYNEQF,26
TRBV20-1,TRBJ2-1,SATGGTLTYNEQF,5
TRBV20-1,TRBJ2-1,SATGGTLYNEQF,2
TRBV20-1,TRBJ2-1,SATGGTNNEQF,1
TRBV20-1,TRBJ2-1,SATGGTNPYNEQF,1
TRBV20-1,TRBJ2-1,SATGGTNRGRYNEQF,1
TRBV20-1,TRBJ2-1,SATGGTNSYNEQF,2
TRBV20-1,TRBJ2-1,SATGGTNVGNEQF,1
TRBV20-1,TRBJ2-1,SATGGTNYNEQF,1
TRBV20-1,TRBJ2-1,SATGGTPGDYNEQF,1
TRBV20-1,TRBJ2-1,SATGGTPLTWGNEQF,1
TRBV20-1,TRBJ2-1,SATGGTPNNEQF,1
TRBV20-1,TRBJ2-1,SATGGTPRYNEQF,1
TRBV20-1,TRBJ2-1,SATGGTPSYNEQF,1
TRBV20-1,TRBJ2-1,SATGGTPYNEQF,5
TRBV20-1,TRBJ2-1,SATGGTRSHNEQF,1
TRBV20-1,TRBJ2-1,SATGGTSDEQF,1
TRBV20-1,TRBJ2-1,SATGGTSGEWSSYNEQF,1
TRBV20-1,TRBJ2-1,SATGGTSGIYNEQF,1
TRBV20-1,TRBJ2-1,SATGGTSGNEQF,3
TRBV20-1,TRBJ2-1,SATGGTSGNIEQF,1
TRBV20-1,TRBJ2-1,SATGGTSGRDEQF,1
TRBV20-1,TRBJ2-1,SATGGTSGRDSYNEQF,1
TRBV20-1,TRBJ2-1,SATGGTSGRDYNEQF,5
TRBV20-1,TRBJ2-1,SATGGTSGRFSYNEQF,1
TRBV20-1,TRBJ2-1,SATGGTSGRVGNEQF,1
TRBV20-1,TRBJ2-1,SATGGTSGSNEQF,1
TRBV20-1,TRBJ2-1,SATGGTSGSYEQF,1
TRBV20-1,TRBJ2-1,SATGGTSGSYSYNEQF,1
TRBV20-1,TRBJ2-1,SATGGTSGTNEQF,1
TRBV20-1,TRBJ2-1,SATGGTSGTPSYNEQF,3
TRBV20-1,TRBJ2-1,SATGGTSGTVDEQF,1
TRBV20-1,TRBJ2-1,SATGGTSGTYNEQF,2
TRBV20-1,TRBJ2-1,SATGGTSGVNEQF,6
TRBV20-1,TRBJ2-1,SATGGTSGYNEQF,2
TRBV20-1,TRBJ2-1,SATGGTSILNEQF,1
TRBV20-1,TRBJ2-1,SATGGTSPSYNEQF,1
TRBV20-1,TRBJ2-1,SATGGTSSYNEQF,1
TRBV20-1,TRBJ2-1,SATGGTSYNEQF,2
TRBV20-1,TRBJ2-1,SATGGTTSYNEQF,2
TRBV20-1,TRBJ2-1,SATGGTTYNEQF,7
TRBV20-1,TRBJ2-1,SATGGTVSYNEQF,2
TRBV20-1,TRBJ2-1,SATGGTVYNEQF,3
TRBV20-1,TRBJ2-1,SATGGTWINEQF,1
TRBV20-1,TRBJ2-1,SATGGTYNEQF,20
TRBV20-1,TRBJ2-1,SATGGVADNEQF,1
TRBV20-1,TRBJ2-1,SATGGVAGGYNEQF,1
TRBV20-1,TRBJ2-1,SATGGVATHFYNEQF,4
TRBV20-1,TRBJ2-1,SATGGVATHFYSEQF,1
TRBV20-1,TRBJ2-1,SATGGVATHVYKEQF,1
TRBV20-1,TRBJ2-1,SATGGVAYNEQF,1
TRBV20-1,TRBJ2-1,SATGGVDYNEQF,1
TRBV20-1,TRBJ2-1,SATGGVGAYNEQF,3
TRBV20-1,TRBJ2-1,SATGGVGNEQF,1
TRBV20-1,TRBJ2-1,SATGGVGYNEQF,1
TRBV20-1,TRBJ2-1,SATGGVHEQF,7
TRBV20-1,TRBJ2-1,SATGGVKYNEQF,1
TRBV20-1,TRBJ2-1,SATGGVLNEQF,1
TRBV20-1,TRBJ2-1,SATGGVNEQF,3
TRBV20-1,TRBJ2-1,SATGGVNHEQF,1
TRBV20-1,TRBJ2-1,SATGGVPDRPYNEQF,2
TRBV20-1,TRBJ2-1,SATGGVPTDTGYNEQF,1
TRBV20-1,TRBJ2-1,SATGGVRNEQF,1
TRBV20-1,TRBJ2-1,SATGGVRSSYNEQF,1
TRBV20-1,TRBJ2-1,SATGGVRSYNEQF,2
TRBV20-1,TRBJ2-1,SATGGVRYNEQF,1
TRBV20-1,TRBJ2-1,SATGGVSGLAGYNEQF,1
TRBV20-1,TRBJ2-1,SATGGVSGSVFNEQF,3
TRBV20-1,TRBJ2-1,SATGGVSYNEQF,1
TRBV20-1,TRBJ2-1,SATGGVTSGNYNEQF,2
TRBV20-1,TRBJ2-1,SATGGVYNEQF,7
TRBV20-1,TRBJ2-1,SATGGWAEQF,2
TRBV20-1,TRBJ2-1,SATGGWAYNAQF,1
TRBV20-1,TRBJ2-1,SATGGWAYNEQF,4
TRBV20-1,TRBJ2-1,SATGGWDEQF,1
TRBV20-1,TRBJ2-1,SATGGWDLYNEQF,5
TRBV20-1,TRBJ2-1,SATGGWGHPSYNEQF,7
TRBV20-1,TRBJ2-1,SATGGWGRAIYKEQF,1
TRBV20-1,TRBJ2-1,SATGGWPYNEQF,3
TRBV20-1,TRBJ2-1,SATGGWSNEYNEQF,1
TRBV20-1,TRBJ2-1,SATGGWTKSYNEQF,1
TRBV20-1,TRBJ2-1,SATGGWYNEQF,4
TRBV20-1,TRBJ2-1,SATGGYDEQF,1
TRBV20-1,TRBJ2-1,SATGGYEQF,1
TRBV20-1,TRBJ2-1,SATGGYESVNEQF,1
TRBV20-1,TRBJ2-1,SATGGYGGVNEQF,1
TRBV20-1,TRBJ2-1,SATGGYHNEQF,1
TRBV20-1,TRBJ2-1,SATGGYLSYNEQF,1
TRBV20-1,TRBJ2-1,SATGGYNEQF,18
TRBV20-1,TRBJ2-1,SATGGYNNEQF,1
TRBV20-1,TRBJ2-1,SATGGYSYGDRINEQF,4
TRBV20-1,TRBJ2-1,SATGGYSYNEQF,1
TRBV20-1,TRBJ2-1,SATGGYYNEQF,6
TRBV20-1,TRBJ2-1,SATGHALQWSYNEQF,1
TRBV20-1,TRBJ2-1,SATGHEQF,3
TRBV20-1,TRBJ2-1,SATGHEYEQF,1
TRBV20-1,TRBJ2-1,SATGHGGAHVGWNEQF,1
TRBV20-1,TRBJ2-1,SATGHGLAGGNEQF,1
TRBV20-1,TRBJ2-1,SATGHGLEGGGNEQF,1
TRBV20-1,TRBJ2-1,SATGHGLNEQF,1
TRBV20-1,TRBJ2-1,SATGHGNEQF,1
TRBV20-1,TRBJ2-1,SATGHGTSGTNSYNEQF,1
TRBV20-1,TRBJ2-1,SATGHIFGDEQF,1
TRBV20-1,TRBJ2-1,SATGHKEEGFNNEQF,1
TRBV20-1,TRBJ2-1,SATGHKVSLDEQF,1
TRBV20-1,TRBJ2-1,SATGHLADNEQF,1
TRBV20-1,TRBJ2-1,SATGHLGYNEQF,1
TRBV20-1,TRBJ2-1,SATGHLSYNEQF,2
TRBV20-1,TRBJ2-1,SATGHLTYNEQF,1
TRBV20-1,TRBJ2-1,SATGHLVYNEQF,1
TRBV20-1,TRBJ2-1,SATGHLYNEQF,2
TRBV20-1,TRBJ2-1,SATGHMTYNEQF,1
TRBV20-1,TRBJ2-1,SATGHNEQF,3
TRBV20-1,TRBJ2-1,SATGHNIYNEQF,4
TRBV20-1,TRBJ2-1,SATGHNSYNEQF,3
TRBV20-1,TRBJ2-1,SATGHNTYNEQF,1
TRBV20-1,TRBJ2-1,SATGHNYNEQF,1
TRBV20-1,TRBJ2-1,SATGHPLDEQF,1
TRBV20-1,TRBJ2-1,SATGHPMNEQF,1
TRBV20-1,TRBJ2-1,SATGHPSSYNEQF,2
TRBV20-1,TRBJ2-1,SATGHPSYNEQF,7
TRBV20-1,TRBJ2-1,SATGHPYNEQF,1
TRBV20-1,TRBJ2-1,SATGHQGHKEQF,1
TRBV20-1,TRBJ2-1,SATGHQGHNEQF,21
TRBV20-1,TRBJ2-1,SATGHQGNEQF,1
TRBV20-1,TRBJ2-1,SATGHQGQNEQF,1
TRBV20-1,TRBJ2-1,SATGHQYNEQF,1
TRBV20-1,TRBJ2-1,SATGHRDAYNEQF,1
TRBV20-1,TRBJ2-1,SATGHREIRNEQF,1
TRBV20-1,TRBJ2-1,SATGHRKDEQF,1
TRBV20-1,TRBJ2-1,SATGHRSGNEQF,1
TRBV20-1,TRBJ2-1,SATGHSNEQF,1
TRBV20-1,TRBJ2-1,SATGHSSGSYNEQF,1
TRBV20-1,TRBJ2-1,SATGHSSYNEQF,7
TRBV20-1,TRBJ2-1,SATGHSTYNEQF,1
TRBV20-1,TRBJ2-1,SATGHSYNEQF,4
TRBV20-1,TRBJ2-1,SATGHTGTTLNEQF,1
TRBV20-1,TRBJ2-1,SATGHTKGYNEQF,1
TRBV20-1,TRBJ2-1,SATGHTNRDEQF,2
TRBV20-1,TRBJ2-1,SATGHWGNEQF,1
TRBV20-1,TRBJ2-1,SATGHYNEQF,1
TRBV20-1,TRBJ2-1,SATGHYSADEQF,1
TRBV20-1,TRBJ2-1,SATGHYTYNEQF,1
TRBV20-1,TRBJ2-1,SATGIADAPSYNEQF,1
TRBV20-1,TRBJ2-1,SATGIAGANEQF,1
TRBV20-1,TRBJ2-1,SATGIAGGLNEQF,1
TRBV20-1,TRBJ2-1,SATGIAGRYNEQF,1
TRBV20-1,TRBJ2-1,SATGIARYPYNEQF,1
TRBV20-1,TRBJ2-1,SATGIASGREYNEQF,1
TRBV20-1,TRBJ2-1,SATGIAYNEQF,3
TRBV20-1,TRBJ2-1,SATGIDNEHF,1
TRBV20-1,TRBJ2-1,SATGIDNEKF,1
TRBV20-1,TRBJ2-1,SATGIDNEQF,65
TRBV20-1,TRBJ2-1,SATGIDPDEQF,1
TRBV20-1,TRBJ2-1,SATGIENEQF,1
TRBV20-1,TRBJ2-1,SATGIGEQF,1
TRBV20-1,TRBJ2-1,SATGIGGSYNEQF,1
TRBV20-1,TRBJ2-1,SATGIGIEDEQF,1
TRBV20-1,TRBJ2-1,SATGIGLAGGRNEQF,1
TRBV20-1,TRBJ2-1,SATGIGSLAGLSYNEQF,1
TRBV20-1,TRBJ2-1,SATGIGSPYNEQF,1
TRBV20-1,TRBJ2-1,SATGIGTSGSGAYNEQF,1
TRBV20-1,TRBJ2-1,SATGIGYNEQF,2
TRBV20-1,TRBJ2-1,SATGIHQALIGYNEQF,1
TRBV20-1,TRBJ2-1,SATGIHRETPYNEQF,1
TRBV20-1,TRBJ2-1,SATGIISYNEQF,1
TRBV20-1,TRBJ2-1,SATGIIYNEQF,1
TRBV20-1,TRBJ2-1,SATGIKLAGENEQF,1
TRBV20-1,TRBJ2-1,SATGILAANGNEQF,1
TRBV20-1,TRBJ2-1,SATGILAGILYNEQF,1
TRBV20-1,TRBJ2-1,SATGILAGPFEQC,1
TRBV20-1,TRBJ2-1,SATGILAGPFEQF,6
TRBV20-1,TRBJ2-1,SATGILAWSSYNEQF,1
TRBV20-1,TRBJ2-1,SATGILGYNEQF,1
TRBV20-1,TRBJ2-1,SATGILLAVTHNEQF,10
TRBV20-1,TRBJ2-1,SATGILNEQF,1
TRBV20-1,TRBJ2-1,SATGILNNEQF,1
TRBV20-1,TRBJ2-1,SATGIMGNEQF,1
TRBV20-1,TRBJ2-1,SATGINEQF,5
TRBV20-1,TRBJ2-1,SATGINIAGVTDEQF,1
TRBV20-1,TRBJ2-1,SATGINNEQF,4
TRBV20-1,TRBJ2-1,SATGINPTQSSYNEQF,1
TRBV20-1,TRBJ2-1,SATGIPDSFYNEQF,1
TRBV20-1,TRBJ2-1,SATGIPGDEQF,1
TRBV20-1,TRBJ2-1,SATGIPGTGNHEQF,1
TRBV20-1,TRBJ2-1,SATGIPSSYNEQF,1
TRBV20-1,TRBJ2-1,SATGIPSYNEQF,2
TRBV20-1,TRBJ2-1,SATGIPYNEQF,2
TRBV20-1,TRBJ2-1,SATGIQGPNEQF,1
TRBV20-1,TRBJ2-1,SATGIQNNEQF,1
TRBV20-1,TRBJ2-1,SATGIQTGEGEQF,2
TRBV20-1,TRBJ2-1,SATGIQYNEQF,1
TRBV20-1,TRBJ2-1,SATGIRDSYNEQF,1
TRBV20-1,TRBJ2-1,SATGIRGADFYNEQF,1
TRBV20-1,TRBJ2-1,SATGIRSSYNEQF,1
TRBV20-1,TRBJ2-1,SATGIRYNEQF,1
TRBV20-1,TRBJ2-1,SATGISGRWYNEQF,2
TRBV20-1,TRBJ2-1,SATGISGTFHNEQF,1
TRBV20-1,TRBJ2-1,SATGISSYNEQF,2
TRBV20-1,TRBJ2-1,SATGISVAGNEQF,1
TRBV20-1,TRBJ2-1,SATGISVYNEQF,1
TRBV20-1,TRBJ2-1,SATGISYNEQF,8
TRBV20-1,TRBJ2-1,SATGITLDRMTSNEQF,1
TRBV20-1,TRBJ2-1,SATGIVGYNEQF,1
TRBV20-1,TRBJ2-1,SATGIWSYNEQF,1
TRBV20-1,TRBJ2-1,SATGIYNEQF,3
TRBV20-1,TRBJ2-1,SATGKASSYNEQF,1
TRBV20-1,TRBJ2-1,SATGKDEQF,1
TRBV20-1,TRBJ2-1,SATGKDRNEQF,9
TRBV20-1,TRBJ2-1,SATGKEGYNEQF,1
TRBV20-1,TRBJ2-1,SATGKEKANEQF,2
TRBV20-1,TRBJ2-1,SATGKGAYNEQF,1
TRBV20-1,TRBJ2-1,SATGKGDEQF,2
TRBV20-1,TRBJ2-1,SATGKGGYNEQF,1
TRBV20-1,TRBJ2-1,SATGKGLAPSSYNEQF,1
TRBV20-1,TRBJ2-1,SATGKGNEQF,13
TRBV20-1,TRBJ2-1,SATGKGPDEQF,1
TRBV20-1,TRBJ2-1,SATGKGYNEQF,2
TRBV20-1,TRBJ2-1,SATGKINNEQF,1
TRBV20-1,TRBJ2-1,SATGKITYNEQF,1
TRBV20-1,TRBJ2-1,SATGKKLAGVDEQF,1
TRBV20-1,TRBJ2-1,SATGKLSVNEQF,1
TRBV20-1,TRBJ2-1,SATGKLSYNEQF,1
TRBV20-1,TRBJ2-1,SATGKNEQF,8
TRBV20-1,TRBJ2-1,SATGKPGTRNNEQF,1
TRBV20-1,TRBJ2-1,SATGKPSHNEQF,3
TRBV20-1,TRBJ2-1,SATGKPSYNEQF,1
TRBV20-1,TRBJ2-1,SATGKREAPNEQF,1
TRBV20-1,TRBJ2-1,SATGKREESSYNEQF,1
TRBV20-1,TRBJ2-1,SATGKREGPRNEQF,1
TRBV20-1,TRBJ2-1,SATGKRHNEQF,1
TRBV20-1,TRBJ2-1,SATGKSGYNEQF,1
TRBV20-1,TRBJ2-1,SATGKSRNEQF,1
TRBV20-1,TRBJ2-1,SATGKSYNEQF,2
TRBV20-1,TRBJ2-1,SATGKTEQF,6
TRBV20-1,TRBJ2-1,SATGKTSGIYNEQF,1
TRBV20-1,TRBJ2-1,SATGKTSGKNEQF,2
TRBV20-1,TRBJ2-1,SATGKVTEQF,2
TRBV20-1,TRBJ2-1,SATGKVYNEQF,1
TRBV20-1,TRBJ2-1,SATGKWDNEQF,1
TRBV20-1,TRBJ2-1,SATGKWGDNEQF,1
TRBV20-1,TRBJ2-1,SATGKWSYNEQF,4
TRBV20-1,TRBJ2-1,SATGKYNEQF,3
TRBV20-1,TRBJ2-1,SATGLAAAGGYNEQF,1
TRBV20-1,TRBJ2-1,SATGLAADDNEQF,1
TRBV20-1,TRBJ2-1,SATGLAADNEQF,2
TRBV20-1,TRBJ2-1,SATGLAADSYNEQF,1
TRBV20-1,TRBJ2-1,SATGLAAGGGLGDNEQF,1
TRBV20-1,TRBJ2-1,SATGLAAGWDEQF,1
TRBV20-1,TRBJ2-1,SATGLAAGYNEQF,1
TRBV20-1,TRBJ2-1,SATGLAAHNEQF,2
TRBV20-1,TRBJ2-1,SATGLAAIYNEQF,1
TRBV20-1,TRBJ2-1,SATGLAAKYEQF,1
TRBV20-1,TRBJ2-1,SATGLAALNEQF,1
TRBV20-1,TRBJ2-1,SATGLAALREQF,3
TRBV20-1,TRBJ2-1,SATGLAALRGQF,4
TRBV20-1,TRBJ2-1,SATGLAALYNEQF,1
TRBV20-1,TRBJ2-1,SATGLAANEQF,11
TRBV20-1,TRBJ2-1,SATGLAANNEQF,1
TRBV20-1,TRBJ2-1,SATGLAANYNEQF,6
TRBV20-1,TRBJ2-1,SATGLAAPNEQF,1
TRBV20-1,TRBJ2-1,SATGLAAPSSYNEQF,1
TRBV20-1,TRBJ2-1,SATGLAAPYSYNEQF,1
TRBV20-1,TRBJ2-1,SATGLAAQYNEQF,1
TRBV20-1,TRBJ2-1,SATGLAARLVNEQF,1
TRBV20-1,TRBJ2-1,SATGLAARSYNEQF,1
TRBV20-1,TRBJ2-1,SATGLAASISYNEQF,1
TRBV20-1,TRBJ2-1,SATGLAASLTYNEQF,1
TRBV20-1,TRBJ2-1,SATGLAASRSYNEQF,1
TRBV20-1,TRBJ2-1,SATGLAASYEQF,3
TRBV20-1,TRBJ2-1,SATGLAASYNEQF,2
TRBV20-1,TRBJ2-1,SATGLAATLSYNEQF,1
TRBV20-1,TRBJ2-1,SATGLAATNEQF,1
TRBV20-1,TRBJ2-1,SATGLAATRSYNEQF,1
TRBV20-1,TRBJ2-1,SATGLAATYNEQF,3
TRBV20-1,TRBJ2-1,SATGLAAVDEQF,1
TRBV20-1,TRBJ2-1,SATGLAAVGPYNEQF,1
TRBV20-1,TRBJ2-1,SATGLAAVSYNEQF,1
TRBV20-1,TRBJ2-1,SATGLAAVYNEQF,1
TRBV20-1,TRBJ2-1,SATGLAAWHEQF,1
TRBV20-1,TRBJ2-1,SATGLAAYKNNEQF,2
TRBV20-1,TRBJ2-1,SATGLAAYNEQF,45
TRBV20-1,TRBJ2-1,SATGLADAYNEQF,7
TRBV20-1,TRBJ2-1,SATGLADAYNGQF,1
TRBV20-1,TRBJ2-1,SATGLADDKGVLLSYNEQF,2
TRBV20-1,TRBJ2-1,SATGLADEQF,5
TRBV20-1,TRBJ2-1,SATGLADETSYNEQF,1
TRBV20-1,TRBJ2-1,SATGLADFYNEQF,1
TRBV20-1,TRBJ2-1,SATGLADHNEQF,1
TRBV20-1,TRBJ2-1,SATGLADIYNEQF,1
TRBV20-1,TRBJ2-1,SATGLADKYWNEQF,1
TRBV20-1,TRBJ2-1,SATGLADLNEQF,2
TRBV20-1,TRBJ2-1,SATGLADMRYNEQF,1
TRBV20-1,TRBJ2-1,SATGLADNEQF,53
TRBV20-1,TRBJ2-1,SATGLADNNEQF,6
TRBV20-1,TRBJ2-1,SATGLADNYNEQF,1
TRBV20-1,TRBJ2-1,SATGLADPGGEQF,1
TRBV20-1,TRBJ2-1,SATGLADPNEQF,1
TRBV20-1,TRBJ2-1,SATGLADPSSYNEQF,1
TRBV20-1,TRBJ2-1,SATGLADPSYNEQF,2
TRBV20-1,TRBJ2-1,SATGLADPWNEQF,1
TRBV20-1,TRBJ2-1,SATGLADRHSNEQF,1
TRBV20-1,TRBJ2-1,SATGLADRSYNEQF,1
TRBV20-1,TRBJ2-1,SATGLADSFNEQF,1
TRBV20-1,TRBJ2-1,SATGLADSYNEQF,3
TRBV20-1,TRBJ2-1,SATGLADVNEQF,1
TRBV20-1,TRBJ2-1,SATGLADYNEQF,32
TRBV20-1,TRBJ2-1,SATGLADYYNEQF,1
TRBV20-1,TRBJ2-1,SATGLAEALSYNEQF,1
TRBV20-1,TRBJ2-1,SATGLAEARGNNEQF,1
TRBV20-1,TRBJ2-1,SATGLAEDEQF,1
TRBV20-1,TRBJ2-1,SATGLAEDYNEQF,1
TRBV20-1,TRBJ2-1,SATGLAEFYNEQF,1
TRBV20-1,TRBJ2-1,SATGLAEGNEQF,1
TRBV20-1,TRBJ2-1,SATGLAEHYNEQF,2
TRBV20-1,TRBJ2-1,SATGLAELMDEQF,2
TRBV20-1,TRBJ2-1,SATGLAELNEQF,8
TRBV20-1,TRBJ2-1,SATGLAENEQF,4
TRBV20-1,TRBJ2-1,SATGLAENNEQF,3
TRBV20-1,TRBJ2-1,SATGLAENSYNEQF,2
TRBV20-1,TRBJ2-1,SATGLAEPDNEQF,1
TRBV20-1,TRBJ2-1,SATGLAEPSYNEQF,1
TRBV20-1,TRBJ2-1,SATGLAEQF,4
TRBV20-1,TRBJ2-1,SATGLAEQSSYNEQF,1
TRBV20-1,TRBJ2-1,SATGLAESAYNEQF,8
TRBV20-1,TRBJ2-1,SATGLAESNEQF,1
TRBV20-1,TRBJ2-1,SATGLAESSYNEQF,5
TRBV20-1,TRBJ2-1,SATGLAESYNEQF,1
TRBV20-1,TRBJ2-1,SATGLAETISYNEQF,1
TRBV20-1,TRBJ2-1,SATGLAETRSYNEQF,1
TRBV20-1,TRBJ2-1,SATGLAETYNEQF,1
TRBV20-1,TRBJ2-1,SATGLAEVGSYNEQF,5
TRBV20-1,TRBJ2-1,SATGLAEVNEQF,1
TRBV20-1,TRBJ2-1,SATGLAEVYNEQF,1
TRBV20-1,TRBJ2-1,SATGLAEYNEQF,10
TRBV20-1,TRBJ2-1,SATGLAFDEQF,1
TRBV20-1,TRBJ2-1,SATGLAFFNEQF,1
TRBV20-1,TRBJ2-1,SATGLAFGEQF,4
TRBV20-1,TRBJ2-1,SATGLAFGGNEQF,1
TRBV20-1,TRBJ2-1,SATGLAFSDEQF,1
TRBV20-1,TRBJ2-1,SATGLAFYNEQF,1
TRBV20-1,TRBJ2-1,SATGLAGAAHPYNEQF,1
TRBV20-1,TRBJ2-1,SATGLAGAAYNEQF,2
TRBV20-1,TRBJ2-1,SATGLAGADEQF,5
TRBV20-1,TRBJ2-1,SATGLAGADEYNEQF,1
TRBV20-1,TRBJ2-1,SATGLAGADNEQF,1
TRBV20-1,TRBJ2-1,SATGLAGAEEQF,2
TRBV20-1,TRBJ2-1,SATGLAGAFNNEQF,1
TRBV20-1,TRBJ2-1,SATGLAGAFSYNEQF,1
TRBV20-1,TRBJ2-1,SATGLAGAFYNEQF,2
TRBV20-1,TRBJ2-1,SATGLAGAFYYNEQF,1
TRBV20-1,TRBJ2-1,SATGLAGAGGYNEQF,1
TRBV20-1,TRBJ2-1,SATGLAGAGNEQF,1
TRBV20-1,TRBJ2-1,SATGLAGAGSSYNEQF,1
TRBV20-1,TRBJ2-1,SATGLAGAHEQF,1
TRBV20-1,TRBJ2-1,SATGLAGAHIEQF,1
TRBV20-1,TRBJ2-1,SATGLAGAHNEQF,7
TRBV20-1,TRBJ2-1,SATGLAGAHSYNEQF,4
TRBV20-1,TRBJ2-1,SATGLAGAITMSEQF,1
TRBV20-1,TRBJ2-1,SATGLAGAKHNEQF,1
TRBV20-1,TRBJ2-1,SATGLAGAKRDEQF,1
TRBV20-1,TRBJ2-1,SATGLAGALLNEQF,1
TRBV20-1,TRBJ2-1,SATGLAGALNEQF,3
TRBV20-1,TRBJ2-1,SATGLAGAMNEQF,1
TRBV20-1,TRBJ2-1,SATGLAGANEQF,9
TRBV20-1,TRBJ2-1,SATGLAGANFYNEQF,1
TRBV20-1,TRBJ2-1,SATGLAGANNEQF,1
TRBV20-1,TRBJ2-1,SATGLAGAPFYNEQF,1
TRBV20-1,TRBJ2-1,SATGLAGAPLYNEQF,1
TRBV20-1,TRBJ2-1,SATGLAGAPYNEQF,3
TRBV20-1,TRBJ2-1,SATGLAGAQEDEQF,1
TRBV20-1,TRBJ2-1,SATGLAGARANEQF,1
TRBV20-1,TRBJ2-1,SATGLAGARDEQF,1
TRBV20-1,TRBJ2-1,SATGLAGARMNNEQF,1
TRBV20-1,TRBJ2-1,SATGLAGARNEQF,1
TRBV20-1,TRBJ2-1,SATGLAGASDRDEQF,1
TRBV20-1,TRBJ2-1,SATGLAGASGDEQF,1
TRBV20-1,TRBJ2-1,SATGLAGASSYNEQF,1
TRBV20-1,TRBJ2-1,SATGLAGASYNEQF,10
TRBV20-1,TRBJ2-1,SATGLAGATGERF,1
TRBV20-1,TRBJ2-1,SATGLAGATHYNEQF,1
TRBV20-1,TRBJ2-1,SATGLAGATPYNEQF,2
TRBV20-1,TRBJ2-1,SATGLAGATSLWDEQF,1
TRBV20-1,TRBJ2-1,SATGLAGATYNEQF,18
TRBV20-1,TRBJ2-1,SATGLAGATYNEQI,1
TRBV20-1,TRBJ2-1,SATGLAGAVGDEQF,3
TRBV20-1,TRBJ2-1,SATGLAGAVQMNEQF,1
TRBV20-1,TRBJ2-1,SATGLAGAVVNEQF,1
TRBV20-1,TRBJ2-1,SATGLAGAVYEQF,2
TRBV20-1,TRBJ2-1,SATGLAGAYAYNEQF,7
TRBV20-1,TRBJ2-1,SATGLAGAYAYNGRF,1
TRBV20-1,TRBJ2-1,SATGLAGAYNEQF,37
TRBV20-1,TRBJ2-1,SATGLAGDASYNEQF,1
TRBV20-1,TRBJ2-1,SATGLAGDDEQF,3
TRBV20-1,TRBJ2-1,SATGLAGDEQF,7
TRBV20-1,TRBJ2-1,SATGLAGDFDEQF,1
TRBV20-1,TRBJ2-1,SATGLAGDFFYNEQF,1
TRBV20-1,TRBJ2-1,SATGLAGDGNEQF,1
TRBV20-1,TRBJ2-1,SATGLAGDHEQF,1
TRBV20-1,TRBJ2-1,SATGLAGDHGNEQF,1
TRBV20-1,TRBJ2-1,SATGLAGDHNEQF,1
TRBV20-1,TRBJ2-1,SATGLAGDIDEQF,1
TRBV20-1,TRBJ2-1,SATGLAGDLEQF,2
TRBV20-1,TRBJ2-1,SATGLAGDLNEQF,1
TRBV20-1,TRBJ2-1,SATGLAGDLSYNEQF,1
TRBV20-1,TRBJ2-1,SATGLAGDNEQF,11
TRBV20-1,TRBJ2-1,SATGLAGDNNEQF,2
TRBV20-1,TRBJ2-1,SATGLAGDPFYNEQF,1
TRBV20-1,TRBJ2-1,SATGLAGDPGDNEQF,1
TRBV20-1,TRBJ2-1,SATGLAGDPP,5
TRBV20-1,TRBJ2-1,SATGLAGDRGNEQF,1
TRBV20-1,TRBJ2-1,SATGLAGDRRYNEQF,1
TRBV20-1,TRBJ2-1,SATGLAGDSNEQF,1
TRBV20-1,TRBJ2-1,SATGLAGDSSYNEQF,1
TRBV20-1,TRBJ2-1,SATGLAGDSYNEQF,10
TRBV20-1,TRBJ2-1,SATGLAGDSYTYNEQF,1
TRBV20-1,TRBJ2-1,SATGLAGDTYNEQF,2
TRBV20-1,TRBJ2-1,SATGLAGDVSYEQF,1
TRBV20-1,TRBJ2-1,SATGLAGDVSYNEQF,1
TRBV20-1,TRBJ2-1,SATGLAGDYNEQF,2
TRBV20-1,TRBJ2-1,SATGLAGEASYNEQF,1
TRBV20-1,TRBJ2-1,SATGLAGEAYNEQF,2
TRBV20-1,TRBJ2-1,SATGLAGEDEQF,1
TRBV20-1,TRBJ2-1,SATGLAGEDNEQF,1
TRBV20-1,TRBJ2-1,SATGLAGEEDYNEQF,1
TRBV20-1,TRBJ2-1,SATGLAGEEIFSYNEQF,1
TRBV20-1,TRBJ2-1,SATGLAGEFAYNEQF,1
TRBV20-1,TRBJ2-1,SATGLAGEFGSYNEQF,1
TRBV20-1,TRBJ2-1,SATGLAGEFWDNEQF,1
TRBV20-1,TRBJ2-1,SATGLAGEGEQF,3
TRBV20-1,TRBJ2-1,SATGLAGEGLRNEQF,1
TRBV20-1,TRBJ2-1,SATGLAGEGQF,2
TRBV20-1,TRBJ2-1,SATGLAGEHEQF,1
TRBV20-1,TRBJ2-1,SATGLAGEHNEQF,1
TRBV20-1,TRBJ2-1,SATGLAGEIYNEQF,1
TRBV20-1,TRBJ2-1,SATGLAGEIYYNEQF,1
TRBV20-1,TRBJ2-1,SATGLAGEKTYNEQF,1
TRBV20-1,TRBJ2-1,SATGLAGELPYNEQF,1
TRBV20-1,TRBJ2-1,SATGLAGENEQF,2
TRBV20-1,TRBJ2-1,SATGLAGENFYNEQF,1
TRBV20-1,TRBJ2-1,SATGLAGEPFLNEQF,1
TRBV20-1,TRBJ2-1,SATGLAGEPWNEQF,8
TRBV20-1,TRBJ2-1,SATGLAGEQF,1
TRBV20-1,TRBJ2-1,SATGLAGERFHNEQF,1
TRBV20-1,TRBJ2-1,SATGLAGERGWNEQF,1
TRBV20-1,TRBJ2-1,SATGLAGERSYNEQF,5
TRBV20-1,TRBJ2-1,SATGLAGESLGNEQF,1
TRBV20-1,TRBJ2-1,SATGLAGESNEQF,5
TRBV20-1,TRBJ2-1,SATGLAGESSYNEQF,2
TRBV20-1,TRBJ2-1,SATGLAGETVDNEQF,1
TRBV20-1,TRBJ2-1,SATGLAGEVQRDNEQF,1
TRBV20-1,TRBJ2-1,SATGLAGEVRNEQF,3
TRBV20-1,TRBJ2-1,SATGLAGEVYNEQF,1
TRBV20-1,TRBJ2-1,SATGLAGEWDSYNEQF,1
TRBV20-1,TRBJ2-1,SATGLAGFDEQF,8
TRBV20-1,TRBJ2-1,SATGLAGFHNEQF,1
TRBV20-1,TRBJ2-1,SATGLAGFNEQF,4
TRBV20-1,TRBJ2-1,SATGLAGFSSYNEQF,1
TRBV20-1,TRBJ2-1,SATGLAGFTYNEQF,2
TRBV20-1,TRBJ2-1,SATGLAGFYEQF,1
TRBV20-1,TRBJ2-1,SATGLAGFYNEQF,7
TRBV20-1,TRBJ2-1,SATGLAGGAGYNEQF,1
TRBV20-1,TRBJ2-1,SATGLAGGALRNEQF,1
TRBV20-1,TRBJ2-1,SATGLAGGARYNEQF,1
TRBV20-1,TRBJ2-1,SATGLAGGAYNEQF,2
TRBV20-1,TRBJ2-1,SATGLAGGDEQF,2
TRBV20-1,TRBJ2-1,SATGLAGGDNEQF,2
TRBV20-1,TRBJ2-1,SATGLAGGDSYNEQF,2
TRBV20-1,TRBJ2-1,SATGLAGGDYNEQF,9
TRBV20-1,TRBJ2-1,SATGLAGGDYNVQF,1
TRBV20-1,TRBJ2-1,SATGLAGGEGYYNEQF,1
TRBV20-1,TRBJ2-1,SATGLAGGENEQF,2
TRBV20-1,TRBJ2-1,SATGLAGGEQF,1
TRBV20-1,TRBJ2-1,SATGLAGGFGNEQF,1
TRBV20-1,TRBJ2-1,SATGLAGGFLNEQF,1
TRBV20-1,TRBJ2-1,SATGLAGGFSYNEQF,1
TRBV20-1,TRBJ2-1,SATGLAGGGEQF,1
TRBV20-1,TRBJ2-1,SATGLAGGGIYNEQF,1
TRBV20-1,TRBJ2-1,SATGLAGGGLGNEQF,1
TRBV20-1,TRBJ2-1,SATGLAGGGNEQF,12
TRBV20-1,TRBJ2-1,SATGLAGGGPNEQF,1
TRBV20-1,TRBJ2-1,SATGLAGGGPSYNEQF,1
TRBV20-1,TRBJ2-1,SATGLAGGGSYNEQF,16
TRBV20-1,TRBJ2-1,SATGLAGGGTYNEQF,1
TRBV20-1,TRBJ2-1,SATGLAGGGYNEQF,2
TRBV20-1,TRBJ2-1,SATGLAGGHEQF,2
TRBV20-1,TRBJ2-1,SATGLAGGHNNEQF,2
TRBV20-1,TRBJ2-1,SATGLAGGHSYNEQF,1
TRBV20-1,TRBJ2-1,SATGLAGGHTNYNEQF,1
TRBV20-1,TRBJ2-1,SATGLAGGIDEQF,2
TRBV20-1,TRBJ2-1,SATGLAGGIDNEQF,2
TRBV20-1,TRBJ2-1,SATGLAGGIGNEQF,1
TRBV20-1,TRBJ2-1,SATGLAGGIMEQF,3
TRBV20-1,TRBJ2-1,SATGLAGGISYNEQF,1
TRBV20-1,TRBJ2-1,SATGLAGGIYEQF,1
TRBV20-1,TRBJ2-1,SATGLAGGIYNEQF,5
TRBV20-1,TRBJ2-1,SATGLAGGIYYNEQF,1
TRBV20-1,TRBJ2-1,SATGLAGGKGYNEQF,1
TRBV20-1,TRBJ2-1,SATGLAGGKRENEQF,1
TRBV20-1,TRBJ2-1,SATGLAGGKSDEQF,22
TRBV20-1,TRBJ2-1,SATGLAGGKYGEQF,3
TRBV20-1,TRBJ2-1,SATGLAGGLD,2
TRBV20-1,TRBJ2-1,SATGLAGGLDEQF,8
TRBV20-1,TRBJ2-1,SATGLAGGLFNEQF,1
TRBV20-1,TRBJ2-1,SATGLAGGLGNEQF,2
TRBV20-1,TRBJ2-1,SATGLAGGLIYNEQF,1
TRBV20-1,TRBJ2-1,SATGLAGGLLDEQF,1
TRBV20-1,TRBJ2-1,SATGLAGGLLGNEQF,1
TRBV20-1,TRBJ2-1,SATGLAGGLNEQF,1
TRBV20-1,TRBJ2-1,SATGLAGGLPSYNEQF,1
TRBV20-1,TRBJ2-1,SATGLAGGLRYNEQF,1
TRBV20-1,TRBJ2-1,SATGLAGGLSSYNEQF,5
TRBV20-1,TRBJ2-1,SATGLAGGLSYNEQF,3
TRBV20-1,TRBJ2-1,SATGLAGGLYEQF,1
TRBV20-1,TRBJ2-1,SATGLAGGLYNEQF,1
TRBV20-1,TRBJ2-1,SATGLAGGMDEQF,7
TRBV20-1,TRBJ2-1,SATGLAGGMLGYNEQF,1
TRBV20-1,TRBJ2-1,SATGLAGGMSSYNEQF,1
TRBV20-1,TRBJ2-1,SATGLAGGMVVNEQF,1
TRBV20-1,TRBJ2-1,SATGLAGGNEQF,17
TRBV20-1,TRBJ2-1,SATGLAGGNFSYNEQF,1
TRBV20-1,TRBJ2-1,SATGLAGGNNEQF,18
TRBV20-1,TRBJ2-1,SATGLAGGNPRNNEQF,1
TRBV20-1,TRBJ2-1,SATGLAGGNYNEQF,2
TRBV20-1,TRBJ2-1,SATGLAGGPAIYNEQF,1
TRBV20-1,TRBJ2-1,SATGLAGGPDEQF,1
TRBV20-1,TRBJ2-1,SATGLAGGPDLGNEQF,1
TRBV20-1,TRBJ2-1,SATGLAGGPDNERF,1
TRBV20-1,TRBJ2-1,SATGLAGGPENEQF,5
TRBV20-1,TRBJ2-1,SATGLAGGPGDNEQF,2
TRBV20-1,TRBJ2-1,SATGLAGGPGFNEQF,1
TRBV20-1,TRBJ2-1,SATGLAGGPGNEQF,6
TRBV20-1,TRBJ2-1,SATGLAGGPGNYNEQF,1
TRBV20-1,TRBJ2-1,SATGLAGGPGRNEQF,9
TRBV20-1,TRBJ2-1,SATGLAGGPGTYNEQF,1
TRBV20-1,TRBJ2-1,SATGLAGGPHNEQF,1
TRBV20-1,TRBJ2-1,SATGLAGGPHRGSYNEQF,1
TRBV20-1,TRBJ2-1,SATGLAGGPHSYNEQF,1
TRBV20-1,TRBJ2-1,SATGLAGGPKVDEQF,1
TRBV20-1,TRBJ2-1,SATGLAGGPLHNEQF,1
TRBV20-1,TRBJ2-1,SATGLAGGPLLNEQF,1
TRBV20-1,TRBJ2-1,SATGLAGGPLNEQF,1
TRBV20-1,TRBJ2-1,SATGLAGGPNEQF,3
TRBV20-1,TRBJ2-1,SATGLAGGPPYNEQF,1
TRBV20-1,TRBJ2-1,SATGLAGGPRAYNEQF,1
TRBV20-1,TRBJ2-1,SATGLAGGPRDNEQF,1
TRBV20-1,TRBJ2-1,SATGLAGGPRNEQF,1
TRBV20-1,TRBJ2-1,SATGLAGGPSNEQF,1
TRBV20-1,TRBJ2-1,SATGLAGGPSNNEQF,1
TRBV20-1,TRBJ2-1,SATGLAGGPSRYNEQF,1
TRBV20-1,TRBJ2-1,SATGLAGGPSSYNEQF,1
TRBV20-1,TRBJ2-1,SATGLAGGPSVSYNEQF,1
TRBV20-1,TRBJ2-1,SATGLAGGPSYNEQF,2
TRBV20-1,TRBJ2-1,SATGLAGGPTYNEQF,1
TRBV20-1,TRBJ2-1,SATGLAGGPVFVSYNEQF,1
TRBV20-1,TRBJ2-1,SATGLAGGPVNEQF,5
TRBV20-1,TRBJ2-1,SATGLAGGPWTTHEQF,1
TRBV20-1,TRBJ2-1,SATGLAGGPYEQF,1
TRBV20-1,TRBJ2-1,SATGLAGGPYNEQF,3
TRBV20-1,TRBJ2-1,SATGLAGGQHYNEQF,2
TRBV20-1,TRBJ2-1,SATGLAGGQIASSYNEQF,1
TRBV20-1,TRBJ2-1,SATGLAGGQSFHEQF,4
TRBV20-1,TRBJ2-1,SATGLAGGRDEQF,1
TRBV20-1,TRBJ2-1,SATGLAGGRF,2
TRBV20-1,TRBJ2-1,SATGLAGGRFRDNEQF,1
TRBV20-1,TRBJ2-1,SATGLAGGRGNEQF,1
TRBV20-1,TRBJ2-1,SATGLAGGRGSYNEQF,1
TRBV20-1,TRBJ2-1,SATGLAGGRGYMNEQF,1
TRBV20-1,TRBJ2-1,SATGLAGGRKFDNEQF,1
TRBV20-1,TRBJ2-1,SATGLAGGRLSYNEQF,1
TRBV20-1,TRBJ2-1,SATGLAGGRNEQF,4
TRBV20-1,TRBJ2-1,SATGLAGGRSSYNEQF,1
TRBV20-1,TRBJ2-1,SATGLAGGRSYNEQF,7
TRBV20-1,TRBJ2-1,SATGLAGGRWVNEQF,1
TRBV20-1,TRBJ2-1,SATGLAGGRYNEQF,1
TRBV20-1,TRBJ2-1,SATGLAGGSDAYNEQF,1
TRBV20-1,TRBJ2-1,SATGLAGGSDEQF,1
TRBV20-1,TRBJ2-1,SATGLAGGSGSYNEQF,2
TRBV20-1,TRBJ2-1,SATGLAGGSGYNEQF,1
TRBV20-1,TRBJ2-1,SATGLAGGSNEQF,2
TRBV20-1,TRBJ2-1,SATGLAGGSPNEQF,2
TRBV20-1,TRBJ2-1,SATGLAGGSSSYNEQF,1
TRBV20-1,TRBJ2-1,SATGLAGGSSYNEQF,27
TRBV20-1,TRBJ2-1,SATGLAGGSYDEQF,1
TRBV20-1,TRBJ2-1,SATGLAGGSYEQF,1
TRBV20-1,TRBJ2-1,SATGLAGGSYNEQF,7
TRBV20-1,TRBJ2-1,SATGLAGGSYRYNEQF,1
TRBV20-1,TRBJ2-1,SATGLAGGSYYNEQF,1
TRBV20-1,TRBJ2-1,SATGLAGGTAYNEQF,1
TRBV20-1,TRBJ2-1,SATGLAGGTFYNEQF,1
TRBV20-1,TRBJ2-1,SATGLAGGTGEQF,7
TRBV20-1,TRBJ2-1,SATGLAGGTGSYNEQF,1
TRBV20-1,TRBJ2-1,SATGLAGGTRYNEQF,1
TRBV20-1,TRBJ2-1,SATGLAGGTSSYNEQF,1
TRBV20-1,TRBJ2-1,SATGLAGGTSYNEQF,10
TRBV20-1,TRBJ2-1,SATGLAGGTTYNEQF,1
TRBV20-1,TRBJ2-1,SATGLAGGTYHNEQF,1
TRBV20-1,TRBJ2-1,SATGLAGGTYNEQF,2
TRBV20-1,TRBJ2-1,SATGLAGGVAYNEQF,3
TRBV20-1,TRBJ2-1,SATGLAGGVGSYNEQF,1
TRBV20-1,TRBJ2-1,SATGLAGGVLTLYEQF,1
TRBV20-1,TRBJ2-1,SATGLAGGVPYNEQF,7
TRBV20-1,TRBJ2-1,SATGLAGGVSYNEQF,5
TRBV20-1,TRBJ2-1,SATGLAGGVWNEQF,1
TRBV20-1,TRBJ2-1,SATGLAGGVYNEQF,4
TRBV20-1,TRBJ2-1,SATGLAGGWGSGNEQF,1
TRBV20-1,TRBJ2-1,SATGLAGGWRSNEQF,1
TRBV20-1,TRBJ2-1,SATGLAGGWSYNEQF,1
TRBV20-1,TRBJ2-1,SATGLAGGWTLSNEQF,1
TRBV20-1,TRBJ2-1,SATGLAGGYEQF,8
TRBV20-1,TRBJ2-1,SATGLAGGYFYNEQF,1
TRBV20-1,TRBJ2-1,SATGLAGGYLNEQF,1
TRBV20-1,TRBJ2-1,SATGLAGGYLYNEQF,3
TRBV20-1,TRBJ2-1,SATGLAGGYNEQF,23
TRBV20-1,TRBJ2-1,SATGLAGGYNEQV,1
TRBV20-1,TRBJ2-1,SATGLAGGYSNEQF,1
TRBV20-1,TRBJ2-1,SATGLAGGYSYNEQF,1
TRBV20-1,TRBJ2-1,SATGLAGGYYNEQF,11
TRBV20-1,TRBJ2-1,SATGLAGHEQF,1
TRBV20-1,TRBJ2-1,SATGLAGHNEQF,12
TRBV20-1,TRBJ2-1,SATGLAGHNYNEQF,1
TRBV20-1,TRBJ2-1,SATGLAGHSDNEQF,1
TRBV20-1,TRBJ2-1,SATGLAGHSSYNEQF,1
TRBV20-1,TRBJ2-1,SATGLAGHSYNEQF,1
TRBV20-1,TRBJ2-1,SATGLAGHYNEQF,3
TRBV20-1,TRBJ2-1,SATGLAGIDEQF,3
TRBV20-1,TRBJ2-1,SATGLAGIGNEQF,3
TRBV20-1,TRBJ2-1,SATGLAGIHNEQF,6
TRBV20-1,TRBJ2-1,SATGLAGINEQF,8
TRBV20-1,TRBJ2-1,SATGLAGINNEQF,1
TRBV20-1,TRBJ2-1,SATGLAGIPHTNEQF,1
TRBV20-1,TRBJ2-1,SATGLAGISSYNEQF,1
TRBV20-1,TRBJ2-1,SATGLAGISYNEQF,1
TRBV20-1,TRBJ2-1,SATGLAGIYNEQF,12
TRBV20-1,TRBJ2-1,SATGLAGKDEQF,2
TRBV20-1,TRBJ2-1,SATGLAGKDGVSNEQF,1
TRBV20-1,TRBJ2-1,SATGLAGKDNEQF,1
TRBV20-1,TRBJ2-1,SATGLAGKEDEQF,1
TRBV20-1,TRBJ2-1,SATGLAGKEQF,1
TRBV20-1,TRBJ2-1,SATGLAGKNEQF,10
TRBV20-1,TRBJ2-1,SATGLAGKPGDEQF,1
TRBV20-1,TRBJ2-1,SATGLAGKSSYNEQF,2
TRBV20-1,TRBJ2-1,SATGLAGKSYNEQF,1
TRBV20-1,TRBJ2-1,SATGLAGKYDEQF,1
TRBV20-1,TRBJ2-1,SATGLAGKYNEQF,2
TRBV20-1,TRBJ2-1,SATGLAGLAGVYNEQF,1
TRBV20-1,TRBJ2-1,SATGLAGLANEQF,1
TRBV20-1,TRBJ2-1,SATGLAGLAYNEQF,1
TRBV20-1,TRBJ2-1,SATGLAGLDEQF,5
TRBV20-1,TRBJ2-1,SATGLAGLDNEQF,1
TRBV20-1,TRBJ2-1,SATGLAGLFFNEQF,1
TRBV20-1,TRBJ2-1,SATGLAGLGNEQF,1
TRBV20-1,TRBJ2-1,SATGLAGLISYNEQF,5
TRBV20-1,TRBJ2-1,SATGLAGLNEQF,12
TRBV20-1,TRBJ2-1,SATGLAGLNNEQF,6
TRBV20-1,TRBJ2-1,SATGLAGLPYNEQF,1
TRBV20-1,TRBJ2-1,SATGLAGLRNEQF,1
TRBV20-1,TRBJ2-1,SATGLAGLSSYNEQF,7
TRBV20-1,TRBJ2-1,SATGLAGLVNEQF,1
TRBV20-1,TRBJ2-1,SATGLAGLYNEQF,10
TRBV20-1,TRBJ2-1,SATGLAGMHEQF,1
TRBV20-1,TRBJ2-1,SATGLAGMIEQF,1
TRBV20-1,TRBJ2-1,SATGLAGMYEQF,1
TRBV20-1,TRBJ2-1,SATGLAGMYNEQF,3
TRBV20-1,TRBJ2-1,SATGLAGNDEQF,1
TRBV20-1,TRBJ2-1,SATGLAGNEQF,33
TRBV20-1,TRBJ2-1,SATGLAGNFYNEQF,2
TRBV20-1,TRBJ2-1,SATGLAGNGYNEQF,2
TRBV20-1,TRBJ2-1,SATGLAGNHNEQF,1
TRBV20-1,TRBJ2-1,SATGLAGNIYNEQF,1
TRBV20-1,TRBJ2-1,SATGLAGNNEQF,31
TRBV20-1,TRBJ2-1,SATGLAGNNNEQF,1
TRBV20-1,TRBJ2-1,SATGLAGNTNEQF,1
TRBV20-1,TRBJ2-1,SATGLAGNYNEQF,2
TRBV20-1,TRBJ2-1,SATGLAGPDFSYNEQF,1
TRBV20-1,TRBJ2-1,SATGLAGPFGNEQF,1
TRBV20-1,TRBJ2-1,SATGLAGPGDYNEQF,1
TRBV20-1,TRBJ2-1,SATGLAGPHDEQF,1
TRBV20-1,TRBJ2-1,SATGLAGPHNEQF,1
TRBV20-1,TRBJ2-1,SATGLAGPHYNEQF,1
TRBV20-1,TRBJ2-1,SATGLAGPINEQF,1
TRBV20-1,TRBJ2-1,SATGLAGPNEQF,6
TRBV20-1,TRBJ2-1,SATGLAGPNWINEQF,1
TRBV20-1,TRBJ2-1,SATGLAGPPGEQF,2
TRBV20-1,TRBJ2-1,SATGLAGPRDEQF,1
TRBV20-1,TRBJ2-1,SATGLAGPSSYNEQF,2
TRBV20-1,TRBJ2-1,SATGLAGPSYNEQF,2
TRBV20-1,TRBJ2-1,SATGLAGPTDYNEQF,1
TRBV20-1,TRBJ2-1,SATGLAGPVLYNEQF,1
TRBV20-1,TRBJ2-1,SATGLAGPWYEQF,1
TRBV20-1,TRBJ2-1,SATGLAGPYNEQF,5
TRBV20-1,TRBJ2-1,SATGLAGPYSYNEQF,18
TRBV20-1,TRBJ2-1,SATGLAGQSSYNEQF,1
TRBV20-1,TRBJ2-1,SATGLAGQSYNEQF,2
TRBV20-1,TRBJ2-1,SATGLAGQVPYNEQF,1
TRBV20-1,TRBJ2-1,SATGLAGRAGEEQF,3
TRBV20-1,TRBJ2-1,SATGLAGRAPNEQF,1
TRBV20-1,TRBJ2-1,SATGLAGRASNEQF,1
TRBV20-1,TRBJ2-1,SATGLAGRDDEQF,7
TRBV20-1,TRBJ2-1,SATGLAGRDDEQY,1
TRBV20-1,TRBJ2-1,SATGLAGRDEQF,2
TRBV20-1,TRBJ2-1,SATGLAGRFNEQF,6
TRBV20-1,TRBJ2-1,SATGLAGRFSYNEQF,1
TRBV20-1,TRBJ2-1,SATGLAGRGAYNEQF,1
TRBV20-1,TRBJ2-1,SATGLAGRGGNEQF,1
TRBV20-1,TRBJ2-1,SATGLAGRGTDEQF,1
TRBV20-1,TRBJ2-1,SATGLAGRGTYNEQF,1
TRBV20-1,TRBJ2-1,SATGLAGRGYNEQF,1
TRBV20-1,TRBJ2-1,SATGLAGRLNEQF,1
TRBV20-1,TRBJ2-1,SATGLAGRNEQF,4
TRBV20-1,TRBJ2-1,SATGLAGRPKDNEQF,2
TRBV20-1,TRBJ2-1,SATGLAGRPVGYNEQF,1
TRBV20-1,TRBJ2-1,SATGLAGRPWNEQF,1
TRBV20-1,TRBJ2-1,SATGLAGRSSYNEQF,3
TRBV20-1,TRBJ2-1,SATGLAGRSYNEQF,7
TRBV20-1,TRBJ2-1,SATGLAGRVRYNEQF,1
TRBV20-1,TRBJ2-1,SATGLAGRVRYNEQL,1
TRBV20-1,TRBJ2-1,SATGLAGRVSYNEQF,1
TRBV20-1,TRBJ2-1,SATGLAGRYNEQF,2
TRBV20-1,TRBJ2-1,SATGLAGSDEQF,2
TRBV20-1,TRBJ2-1,SATGLAGSEPDLYNEQF,8
TRBV20-1,TRBJ2-1,SATGLAGSGSYNEQF,1
TRBV20-1,TRBJ2-1,SATGLAGSHEQF,3
TRBV20-1,TRBJ2-1,SATGLAGSHNEQF,1
TRBV20-1,TRBJ2-1,SATGLAGSISYNEQF,1
TRBV20-1,TRBJ2-1,SATGLAGSLEQF,1
TRBV20-1,TRBJ2-1,SATGLAGSLSYNEQF,1
TRBV20-1,TRBJ2-1,SATGLAGSLYNEQF,2
TRBV20-1,TRBJ2-1,SATGLAGSNEQF,35
TRBV20-1,TRBJ2-1,SATGLAGSPSYNEQF,4
TRBV20-1,TRBJ2-1,SATGLAGSPTLISYNEQF,1
TRBV20-1,TRBJ2-1,SATGLAGSRNEQF,1
TRBV20-1,TRBJ2-1,SATGLAGSRSYNEQF,1
TRBV20-1,TRBJ2-1,SATGLAGSRYNEQF,1
TRBV20-1,TRBJ2-1,SATGLAGSSNEQF,1
TRBV20-1,TRBJ2-1,SATGLAGSSRSYNEQF,1
TRBV20-1,TRBJ2-1,SATGLAGSSSYNEQF,1
TRBV20-1,TRBJ2-1,SATGLAGSSYNEQF,5
TRBV20-1,TRBJ2-1,SATGLAGSVFYNEQF,1
TRBV20-1,TRBJ2-1,SATGLAGSYEQF,5
TRBV20-1,TRBJ2-1,SATGLAGSYNEQF,52
TRBV20-1,TRBJ2-1,SATGLAGTFNEQF,1
TRBV20-1,TRBJ2-1,SATGLAGTHNEQF,1
TRBV20-1,TRBJ2-1,SATGLAGTIGNEQF,1
TRBV20-1,TRBJ2-1,SATGLAGTLEQF,1
TRBV20-1,TRBJ2-1,SATGLAGTNEQF,12
TRBV20-1,TRBJ2-1,SATGLAGTREQF,1
TRBV20-1,TRBJ2-1,SATGLAGTRMGYNEQF,1
TRBV20-1,TRBJ2-1,SATGLAGTRSYNEQF,1
TRBV20-1,TRBJ2-1,SATGLAGTSYNEQF,2
TRBV20-1,TRBJ2-1,SATGLAGTTGNEQF,1
TRBV20-1,TRBJ2-1,SATGLAGTWDEQF,1
TRBV20-1,TRBJ2-1,SATGLAGTYNEQF,18
TRBV20-1,TRBJ2-1,SATGLAGVARLNEQF,1
TRBV20-1,TRBJ2-1,SATGLAGVAWVNEQF,1
TRBV20-1,TRBJ2-1,SATGLAGVAYNEQF,2
TRBV20-1,TRBJ2-1,SATGLAGVDDEQF,1
TRBV20-1,TRBJ2-1,SATGLAGVDEQF,15
TRBV20-1,TRBJ2-1,SATGLAGVDQF,1
TRBV20-1,TRBJ2-1,SATGLAGVDYNEQF,1
TRBV20-1,TRBJ2-1,SATGLAGVENEQF,1
TRBV20-1,TRBJ2-1,SATGLAGVEQF,10
TRBV20-1,TRBJ2-1,SATGLAGVERSYNEQF,1
TRBV20-1,TRBJ2-1,SATGLAGVFNFNEQF,1
TRBV20-1,TRBJ2-1,SATGLAGVFSYNEQF,1
TRBV20-1,TRBJ2-1,SATGLAGVFYEQF,2
TRBV20-1,TRBJ2-1,SATGLAGVGDFGYEQF,1
TRBV20-1,TRBJ2-1,SATGLAGVGEQF,3
TRBV20-1,TRBJ2-1,SATGLAGVGHEQF,1
TRBV20-1,TRBJ2-1,SATGLAGVGNEQF,4
TRBV20-1,TRBJ2-1,SATGLAGVGQF,3
TRBV20-1,TRBJ2-1,SATGLAGVGSWDEQF,1
TRBV20-1,TRBJ2-1,SATGLAGVGSYNEQF,1
TRBV20-1,TRBJ2-1,SATGLAGVGYNEQF,3
TRBV20-1,TRBJ2-1,SATGLAGVHEQF,3
TRBV20-1,TRBJ2-1,SATGLAGVHNEQF,4
TRBV20-1,TRBJ2-1,SATGLAGVHSYNEQF,1
TRBV20-1,TRBJ2-1,SATGLAGVIDNEQF,1
TRBV20-1,TRBJ2-1,SATGLAGVISYNEQF,2
TRBV20-1,TRBJ2-1,SATGLAGVITSYNEQF,3
TRBV20-1,TRBJ2-1,SATGLAGVKTYNEQF,1
TRBV20-1,TRBJ2-1,SATGLAGVLDEQF,2
TRBV20-1,TRBJ2-1,SATGLAGVLEINEQF,2
TRBV20-1,TRBJ2-1,SATGLAGVLLLDEQF,1
TRBV20-1,TRBJ2-1,SATGLAGVLNEQF,1
TRBV20-1,TRBJ2-1,SATGLAGVMGNEQF,1
TRBV20-1,TRBJ2-1,SATGLAGVNEQF,16
TRBV20-1,TRBJ2-1,SATGLAGVNNEQF,4
TRBV20-1,TRBJ2-1,SATGLAGVNPFNEQF,1
TRBV20-1,TRBJ2-1,SATGLAGVNYNEQF,1
TRBV20-1,TRBJ2-1,SATGLAGVPDYNEQF,3
TRBV20-1,TRBJ2-1,SATGLAGVPRALNEQF,1
TRBV20-1,TRBJ2-1,SATGLAGVPSIYNEQF,1
TRBV20-1,TRBJ2-1,SATGLAGVPSYNEQF,1
TRBV20-1,TRBJ2-1,SATGLAGVPYNEQF,2
TRBV20-1,TRBJ2-1,SATGLAGVRGDEQF,1
TRBV20-1,TRBJ2-1,SATGLAGVRGTDEQF,1
TRBV20-1,TRBJ2-1,SATGLAGVRNEQF,1
TRBV20-1,TRBJ2-1,SATGLAGVRSYNEQF,1
TRBV20-1,TRBJ2-1,SATGLAGVRVNEQF,1
TRBV20-1,TRBJ2-1,SATGLAGVRYNEQF,1
TRBV20-1,TRBJ2-1,SATGLAGVSHNEQF,1
TRBV20-1,TRBJ2-1,SATGLAGVSHPVYNEQF,2
TRBV20-1,TRBJ2-1,SATGLAGVSLYNEQF,3
TRBV20-1,TRBJ2-1,SATGLAGVSNEQF,3
TRBV20-1,TRBJ2-1,SATGLAGVSSYNEQF,1
TRBV20-1,TRBJ2-1,SATGLAGVSYNEQF,9
TRBV20-1,TRBJ2-1,SATGLAGVTANEQF,1
TRBV20-1,TRBJ2-1,SATGLAGVTNEQF,1
TRBV20-1,TRBJ2-1,SATGLAGVTSYNEQF,1
TRBV20-1,TRBJ2-1,SATGLAGVTYNEQF,2
TRBV20-1,TRBJ2-1,SATGLAGVVEWNEQF,1
TRBV20-1,TRBJ2-1,SATGLAGVVFNEQF,1
TRBV20-1,TRBJ2-1,SATGLAGVVNYNEQF,1
TRBV20-1,TRBJ2-1,SATGLAGVVSYNEQF,5
TRBV20-1,TRBJ2-1,SATGLAGVVVLNNEQF,8
TRBV20-1,TRBJ2-1,SATGLAGVVWNEQF,1
TRBV20-1,TRBJ2-1,SATGLAGVWDNEQF,1
TRBV20-1,TRBJ2-1,SATGLAGVYEQF,6
TRBV20-1,TRBJ2-1,SATGLAGVYNEQF,21
TRBV20-1,TRBJ2-1,SATGLAGWEQF,2
TRBV20-1,TRBJ2-1,SATGLAGWNNEQF,1
TRBV20-1,TRBJ2-1,SATGLAGWSSYNEQF,1
TRBV20-1,TRBJ2-1,SATGLAGYDEQF,8
TRBV20-1,TRBJ2-1,SATGLAGYGTEQF,2
TRBV20-1,TRBJ2-1,SATGLAGYNEQF,72
TRBV20-1,TRBJ2-1,SATGLAGYPHNEQF,1
TRBV20-1,TRBJ2-1,SATGLAGYPPSYNEQF,1
TRBV20-1,TRBJ2-1,SATGLAGYRF,5
TRBV20-1,TRBJ2-1,SATGLAGYRNEQF,1
TRBV20-1,TRBJ2-1,SATGLAGYYNEQF,4
TRBV20-1,TRBJ2-1,SATGLAHFGDEQF,1
TRBV20-1,TRBJ2-1,SATGLAHHNEQF,1
TRBV20-1,TRBJ2-1,SATGLAHNEQF,3
TRBV20-1,TRBJ2-1,SATGLAHYNEQF,5
TRBV20-1,TRBJ2-1,SATGLAIDEQF,1
TRBV20-1,TRBJ2-1,SATGLAIHLSSYNEEF,1
TRBV20-1,TRBJ2-1,SATGLAIHLSSYNEQF,2
TRBV20-1,TRBJ2-1,SATGLAINEQF,1
TRBV20-1,TRBJ2-1,SATGLAIPYNEQF,2
TRBV20-1,TRBJ2-1,SATGLAIYNEQF,1
TRBV20-1,TRBJ2-1,SATGLAKFDEQF,1
TRBV20-1,TRBJ2-1,SATGLAKGGNEQF,1
TRBV20-1,TRBJ2-1,SATGLAKNEQF,1
TRBV20-1,TRBJ2-1,SATGLALDNEQF,2
TRBV20-1,TRBJ2-1,SATGLALEQF,1
TRBV20-1,TRBJ2-1,SATGLALGEQF,1
TRBV20-1,TRBJ2-1,SATGLALGNEQF,1
TRBV20-1,TRBJ2-1,SATGLALGRGANEQF,1
TRBV20-1,TRBJ2-1,SATGLALHEQF,1
TRBV20-1,TRBJ2-1,SATGLALNEQF,2
TRBV20-1,TRBJ2-1,SATGLALSDEQF,1
TRBV20-1,TRBJ2-1,SATGLALTPGSYNEQF,1
TRBV20-1,TRBJ2-1,SATGLALTYNEQF,1
TRBV20-1,TRBJ2-1,SATGLALYDNEQF,1
TRBV20-1,TRBJ2-1,SATGLALYNEQF,4
TRBV20-1,TRBJ2-1,SATGLAMDEQL,1
TRBV20-1,TRBJ2-1,SATGLANEQF,22
TRBV20-1,TRBJ2-1,SATGLANNEQF,6
TRBV20-1,TRBJ2-1,SATGLANSNEQF,1
TRBV20-1,TRBJ2-1,SATGLANSYNEQF,3
TRBV20-1,TRBJ2-1,SATGLANYNEQF,3
TRBV20-1,TRBJ2-1,SATGLAPAYNEQF,1
TRBV20-1,TRBJ2-1,SATGLAPEGFYNEQF,1
TRBV20-1,TRBJ2-1,SATGLAPNEQF,4
TRBV20-1,TRBJ2-1,SATGLAPPESYNEQF,2
TRBV20-1,TRBJ2-1,SATGLAPSLTNNEQF,1
TRBV20-1,TRBJ2-1,SATGLAPSSYNEQF,1
TRBV20-1,TRBJ2-1,SATGLAPYNEQF,3
TRBV20-1,TRBJ2-1,SATGLAQMLQF,6
TRBV20-1,TRBJ2-1,SATGLAQNNEQF,1
TRBV20-1,TRBJ2-1,SATGLAQPPGEQF,1
TRBV20-1,TRBJ2-1,SATGLAQRNEQF,1
TRBV20-1,TRBJ2-1,SATGLARAYNEQF,1
TRBV20-1,TRBJ2-1,SATGLARDEQF,2
TRBV20-1,TRBJ2-1,SATGLARDGNEQF,1
TRBV20-1,TRBJ2-1,SATGLARDGYEQF,1
TRBV20-1,TRBJ2-1,SATGLARDNEQF,2
TRBV20-1,TRBJ2-1,SATGLAREQF,3
TRBV20-1,TRBJ2-1,SATGLARFDEPF,1
TRBV20-1,TRBJ2-1,SATGLARFDEQF,17
TRBV20-1,TRBJ2-1,SATGLARGNEQF,3
TRBV20-1,TRBJ2-1,SATGLARIDEQF,1
TRBV20-1,TRBJ2-1,SATGLARNEQF,8
TRBV20-1,TRBJ2-1,SATGLARNSSNGQF,1
TRBV20-1,TRBJ2-1,SATGLARNSYNEQF,4
TRBV20-1,TRBJ2-1,SATGLARRNEQF,1
TRBV20-1,TRBJ2-1,SATGLARSSYNEQF,1
TRBV20-1,TRBJ2-1,SATGLARSYNEQF,1
TRBV20-1,TRBJ2-1,SATGLARTNEQF,1
TRBV20-1,TRBJ2-1,SATGLARTSYNEQF,1
TRBV20-1,TRBJ2-1,SATGLARYNEQF,4
TRBV20-1,TRBJ2-1,SATGLARYSSYNEQF,1
TRBV20-1,TRBJ2-1,SATGLASEQF,2
TRBV20-1,TRBJ2-1,SATGLASGRAGYNEQF,1
TRBV20-1,TRBJ2-1,SATGLASHEQF,1
TRBV20-1,TRBJ2-1,SATGLASISYNEQF,1
TRBV20-1,TRBJ2-1,SATGLASNEQF,2
TRBV20-1,TRBJ2-1,SATGLASPYNEQF,2
TRBV20-1,TRBJ2-1,SATGLASSPNEQF,1
TRBV20-1,TRBJ2-1,SATGLASSYNEPF,1
TRBV20-1,TRBJ2-1,SATGLASSYNEQF,3
TRBV20-1,TRBJ2-1,SATGLASTNEQF,1
TRBV20-1,TRBJ2-1,SATGLASVEQF,1
TRBV20-1,TRBJ2-1,SATGLASYNEQF,12
TRBV20-1,TRBJ2-1,SATGLATDNEQF,1
TRBV20-1,TRBJ2-1,SATGLATGLLDEQF,1
TRBV20-1,TRBJ2-1,SATGLATHNEQF,1
TRBV20-1,TRBJ2-1,SATGLATNEQF,2
TRBV20-1,TRBJ2-1,SATGLATPYNEQF,1
TRBV20-1,TRBJ2-1,SATGLATSYNEQF,2
TRBV20-1,TRBJ2-1,SATGLATTYNEQF,2
TRBV20-1,TRBJ2-1,SATGLATYEQF,1
TRBV20-1,TRBJ2-1,SATGLATYNEQF,8
TRBV20-1,TRBJ2-1,SATGLAVAYNEQF,1
TRBV20-1,TRBJ2-1,SATGLAVDEQF,1
TRBV20-1,TRBJ2-1,SATGLAVDNEQF,5
TRBV20-1,TRBJ2-1,SATGLAVFSSSYNEQF,1
TRBV20-1,TRBJ2-1,SATGLAVGGSNEQF,1
TRBV20-1,TRBJ2-1,SATGLAVGSSYNEQF,9
TRBV20-1,TRBJ2-1,SATGLAVHEQF,1
TRBV20-1,TRBJ2-1,SATGLAVHNEQF,1
TRBV20-1,TRBJ2-1,SATGLAVLDEQF,2
TRBV20-1,TRBJ2-1,SATGLAVLGEQF,7
TRBV20-1,TRBJ2-1,SATGLAVLNEQF,1
TRBV20-1,TRBJ2-1,SATGLAVMSSYNEQF,5
TRBV20-1,TRBJ2-1,SATGLAVNAYNEQF,1
TRBV20-1,TRBJ2-1,SATGLAVNEQF,24
TRBV20-1,TRBJ2-1,SATGLAVNLDYNEQF,1
TRBV20-1,TRBJ2-1,SATGLAVPDEQF,1
TRBV20-1,TRBJ2-1,SATGLAVPYNEQF,1
TRBV20-1,TRBJ2-1,SATGLAVQNEQF,1
TRBV20-1,TRBJ2-1,SATGLAVRGTYNEQF,1
TRBV20-1,TRBJ2-1,SATGLAVSGYNEQF,1
TRBV20-1,TRBJ2-1,SATGLAVSNEQF,1
TRBV20-1,TRBJ2-1,SATGLAVSSYNEQF,1
TRBV20-1,TRBJ2-1,SATGLAVSYNEQF,12
TRBV20-1,TRBJ2-1,SATGLAVTSYNEQF,1
TRBV20-1,TRBJ2-1,SATGLAVTYNEQF,1
TRBV20-1,TRBJ2-1,SATGLAVVSYNEQF,1
TRBV20-1,TRBJ2-1,SATGLAVYKEQF,1
TRBV20-1,TRBJ2-1,SATGLAVYNAQF,1
TRBV20-1,TRBJ2-1,SATGLAVYNEQF,47
TRBV20-1,TRBJ2-1,SATGLAVYYEQF,1
TRBV20-1,TRBJ2-1,SATGLAWDEQF,6
TRBV20-1,TRBJ2-1,SATGLAWSSYNEQF,1
TRBV20-1,TRBJ2-1,SATGLAYNEQF,12
TRBV20-1,TRBJ2-1,SATGLAYTNEQF,1
TRBV20-1,TRBJ2-1,SATGLAYYNEQF,3
TRBV20-1,TRBJ2-1,SATGLDAYNEQF,4
TRBV20-1,TRBJ2-1,SATGLDEQF,3
TRBV20-1,TRBJ2-1,SATGLDHNEQF,1
TRBV20-1,TRBJ2-1,SATGLDLSYNEQF,1
TRBV20-1,TRBJ2-1,SATGLDNEQF,4
TRBV20-1,TRBJ2-1,SATGLDNKNEQF,1
TRBV20-1,TRBJ2-1,SATGLDNNEQF,1
TRBV20-1,TRBJ2-1,SATGLDPYNEQF,1
TRBV20-1,TRBJ2-1,SATGLDRSYNEQF,1
TRBV20-1,TRBJ2-1,SATGLDRYEQF,2
TRBV20-1,TRBJ2-1,SATGLDSANEQF,4
TRBV20-1,TRBJ2-1,SATGLDSDEQF,1
TRBV20-1,TRBJ2-1,SATGLDSYNEQF,1
TRBV20-1,TRBJ2-1,SATGLDYNEQF,2
TRBV20-1,TRBJ2-1,SATGLEAHEQF,1
TRBV20-1,TRBJ2-1,SATGLEAHNEQF,1
TRBV20-1,TRBJ2-1,SATGLEEQF,1
TRBV20-1,TRBJ2-1,SATGLEGGENEQF,1
TRBV20-1,TRBJ2-1,SATGLEGNEQF,1
TRBV20-1,TRBJ2-1,SATGLEGSYNEQF,2
TRBV20-1,TRBJ2-1,SATGLEGYEQF,8
TRBV20-1,TRBJ2-1,SATGLEHNEQF,1
TRBV20-1,TRBJ2-1,SATGLENNEQF,1
TRBV20-1,TRBJ2-1,SATGLEPFNEQF,1
TRBV20-1,TRBJ2-1,SATGLERNEQF,1
TRBV20-1,TRBJ2-1,SATGLESAYNEQF,1
TRBV20-1,TRBJ2-1,SATGLESDEQF,1
TRBV20-1,TRBJ2-1,SATGLESSYNEQF,3
TRBV20-1,TRBJ2-1,SATGLESYNEQF,2
TRBV20-1,TRBJ2-1,SATGLETYNEQF,2
TRBV20-1,TRBJ2-1,SATGLEVRDEQF,1
TRBV20-1,TRBJ2-1,SATGLEYNEQF,1
TRBV20-1,TRBJ2-1,SATGLFAYNEQF,1
TRBV20-1,TRBJ2-1,SATGLFNEQF,1
TRBV20-1,TRBJ2-1,SATGLFNINEQF,1
TRBV20-1,TRBJ2-1,SATGLFPYNEQF,1
TRBV20-1,TRBJ2-1,SATGLFSSYNEQF,1
TRBV20-1,TRBJ2-1,SATGLFSYNEQF,1
TRBV20-1,TRBJ2-1,SATGLFYNEQF,1
TRBV20-1,TRBJ2-1,SATGLGAEYNEQF,1
TRBV20-1,TRBJ2-1,SATGLGAYNEQF,2
TRBV20-1,TRBJ2-1,SATGLGDEQF,2
TRBV20-1,TRBJ2-1,SATGLGDYNEQF,1
TRBV20-1,TRBJ2-1,SATGLGEQF,1
TRBV20-1,TRBJ2-1,SATGLGEREVSYNEQF,1
TRBV20-1,TRBJ2-1,SATGLGEYNEQF,1
TRBV20-1,TRBJ2-1,SATGLGFHNEQF,1
TRBV20-1,TRBJ2-1,SATGLGFSIPNEQF,1
TRBV20-1,TRBJ2-1,SATGLGFSSYNEQF,1
TRBV20-1,TRBJ2-1,SATGLGGAYNEQF,1
TRBV20-1,TRBJ2-1,SATGLGGDEQF,2
TRBV20-1,TRBJ2-1,SATGLGGEQF,2
TRBV20-1,TRBJ2-1,SATGLGGHEQF,1
TRBV20-1,TRBJ2-1,SATGLGGNDQF,1
TRBV20-1,TRBJ2-1,SATGLGGNEQF,12
TRBV20-1,TRBJ2-1,SATGLGGRLLNEQF,1
TRBV20-1,TRBJ2-1,SATGLGGVVVDNEQF,1
TRBV20-1,TRBJ2-1,SATGLGGYEQF,1
TRBV20-1,TRBJ2-1,SATGLGHNEQF,2
TRBV20-1,TRBJ2-1,SATGLGIYNEQF,3
TRBV20-1,TRBJ2-1,SATGLGLAGGFHNEQF,1
TRBV20-1,TRBJ2-1,SATGLGLAGIGNEQF,1
TRBV20-1,TRBJ2-1,SATGLGLAGVLGYEQF,1
TRBV20-1,TRBJ2-1,SATGLGLAGWSSYNEQF,1
TRBV20-1,TRBJ2-1,SATGLGLGEQF,1
TRBV20-1,TRBJ2-1,SATGLGLNEQF,4
TRBV20-1,TRBJ2-1,SATGLGLSYNEQF,1
TRBV20-1,TRBJ2-1,SATGLGNEQF,16
TRBV20-1,TRBJ2-1,SATGLGNNEQF,2
TRBV20-1,TRBJ2-1,SATGLGPGNEQF,1
TRBV20-1,TRBJ2-1,SATGLGPHEQF,1
TRBV20-1,TRBJ2-1,SATGLGPNEQF,1
TRBV20-1,TRBJ2-1,SATGLGPSDEQF,4
TRBV20-1,TRBJ2-1,SATGLGPSSEQF,3
TRBV20-1,TRBJ2-1,SATGLGPYNEQF,3
TRBV20-1,TRBJ2-1,SATGLGQHLPYNEQF,1
TRBV20-1,TRBJ2-1,SATGLGQITYNEQF,1
TRBV20-1,TRBJ2-1,SATGLGRWDEQF,1
TRBV20-1,TRBJ2-1,SATGLGSEAYSYNEQF,1
TRBV20-1,TRBJ2-1,SATGLGSEYEQF,1
TRBV20-1,TRBJ2-1,SATGLGSGSYNEQF,1
TRBV20-1,TRBJ2-1,SATGLGSSYNEQF,2
TRBV20-1,TRBJ2-1,SATGLGSVYNEQF,1
TRBV20-1,TRBJ2-1,SATGLGSYEQF,1
TRBV20-1,TRBJ2-1,SATGLGSYNEQF,7
TRBV20-1,TRBJ2-1,SATGLGTRLFNEQF,1
TRBV20-1,TRBJ2-1,SATGLGVERAYNEQF,1
TRBV20-1,TRBJ2-1,SATGLGVHEQF,16
TRBV20-1,TRBJ2-1,SATGLGVNEQF,3
TRBV20-1,TRBJ2-1,SATGLGYDEQF,1
TRBV20-1,TRBJ2-1,SATGLGYEQF,3
TRBV20-1,TRBJ2-1,SATGLGYNEQF,10
TRBV20-1,TRBJ2-1,SATGLHKNEQF,1
TRBV20-1,TRBJ2-1,SATGLHNEQF,7
TRBV20-1,TRBJ2-1,SATGLHRYNEQF,1
TRBV20-1,TRBJ2-1,SATGLHSSYNEQF,1
TRBV20-1,TRBJ2-1,SATGLHSYNEQF,1
TRBV20-1,TRBJ2-1,SATGLHTVWTSGIDNEQF,1
TRBV20-1,TRBJ2-1,SATGLHYNEQF,1
TRBV20-1,TRBJ2-1,SATGLIAGAYNEQF,1
TRBV20-1,TRBJ2-1,SATGLIDNEQF,1
TRBV20-1,TRBJ2-1,SATGLIGEVDEQF,1
TRBV20-1,TRBJ2-1,SATGLIGLARPPNEQF,1
TRBV20-1,TRBJ2-1,SATGLIHYNEQF,1
TRBV20-1,TRBJ2-1,SATGLIINEQF,1
TRBV20-1,TRBJ2-1,SATGLIIRNEQF,1
TRBV20-1,TRBJ2-1,SATGLINDNEQF,1
TRBV20-1,TRBJ2-1,SATGLINEQF,4
TRBV20-1,TRBJ2-1,SATGLINNEQF,1
TRBV20-1,TRBJ2-1,SATGLIQGALKNEQF,1
TRBV20-1,TRBJ2-1,SATGLISGVGNEQF,1
TRBV20-1,TRBJ2-1,SATGLISYNEQF,8
TRBV20-1,TRBJ2-1,SATGLITGSSYNEQF,1
TRBV20-1,TRBJ2-1,SATGLITNEQF,1
TRBV20-1,TRBJ2-1,SATGLITNNEQF,1
TRBV20-1,TRBJ2-1,SATGLIYEQF,1
TRBV20-1,TRBJ2-1,SATGLIYNEQF,3
TRBV20-1,TRBJ2-1,SATGLKDEQF,5
TRBV20-1,TRBJ2-1,SATGLKDNEQF,4
TRBV20-1,TRBJ2-1,SATGLKFYNEQF,1
TRBV20-1,TRBJ2-1,SATGLKGASYNEQF,1
TRBV20-1,TRBJ2-1,SATGLKRDEQF,1
TRBV20-1,TRBJ2-1,SATGLKSSHNEQF,4
TRBV20-1,TRBJ2-1,SATGLKSSYNEQF,1
TRBV20-1,TRBJ2-1,SATGLKVNEQF,1
TRBV20-1,TRBJ2-1,SATGLLAGAYEQF,1
TRBV20-1,TRBJ2-1,SATGLLAPYNEQF,1
TRBV20-1,TRBJ2-1,SATGLLDYNEQF,1
TRBV20-1,TRBJ2-1,SATGLLENEQF,1
TRBV20-1,TRBJ2-1,SATGLLEPSNEQF,1
TRBV20-1,TRBJ2-1,SATGLLEYEQF,1
TRBV20-1,TRBJ2-1,SATGLLGNEQF,2
TRBV20-1,TRBJ2-1,SATGLLHEQF,1
TRBV20-1,TRBJ2-1,SATGLLHTYNEQF,1
TRBV20-1,TRBJ2-1,SATGLLLAGNEQF,1
TRBV20-1,TRBJ2-1,SATGLLNEQF,3
TRBV20-1,TRBJ2-1,SATGLLNNEQF,2
TRBV20-1,TRBJ2-1,SATGLLNPVVDNEQF,1
TRBV20-1,TRBJ2-1,SATGLLNSGHYNEQF,1
TRBV20-1,TRBJ2-1,SATGLLRGGRKYNEQF,1
TRBV20-1,TRBJ2-1,SATGLLSSYNEQF,2
TRBV20-1,TRBJ2-1,SATGLLSYNEQF,2
TRBV20-1,TRBJ2-1,SATGLLTRDEQF,1
TRBV20-1,TRBJ2-1,SATGLLTYNEQF,2
TRBV20-1,TRBJ2-1,SATGLLVDEQF,1
TRBV20-1,TRBJ2-1,SATGLLVNEQF,1
TRBV20-1,TRBJ2-1,SATGLLYNEQF,7
TRBV20-1,TRBJ2-1,SATGLLYSYNEQF,2
TRBV20-1,TRBJ2-1,SATGLNEQF,32
TRBV20-1,TRBJ2-1,SATGLNNEQF,7
TRBV20-1,TRBJ2-1,SATGLNNPGNEQF,1
TRBV20-1,TRBJ2-1,SATGLNSYNEQF,1
TRBV20-1,TRBJ2-1,SATGLNTGNSYNEQF,1
TRBV20-1,TRBJ2-1,SATGLNYNEQF,3
TRBV20-1,TRBJ2-1,SATGLNYYNEQF,1
TRBV20-1,TRBJ2-1,SATGLPAYNEQF,4
TRBV20-1,TRBJ2-1,SATGLPGDEQF,3
TRBV20-1,TRBJ2-1,SATGLPGNEQF,3
TRBV20-1,TRBJ2-1,SATGLPGRDVNEQF,1
TRBV20-1,TRBJ2-1,SATGLPHNEQF,1
TRBV20-1,TRBJ2-1,SATGLPKINEQF,1
TRBV20-1,TRBJ2-1,SATGLPKKHISYNEQF,1
TRBV20-1,TRBJ2-1,SATGLPKSYNEQF,2
TRBV20-1,TRBJ2-1,SATGLPLSYNEQF,1
TRBV20-1,TRBJ2-1,SATGLPNEQF,3
TRBV20-1,TRBJ2-1,SATGLPNESDEQF,2
TRBV20-1,TRBJ2-1,SATGLPNNEQF,1
TRBV20-1,TRBJ2-1,SATGLPNSYNEQF,1
TRBV20-1,TRBJ2-1,SATGLPNYNEQF,1
TRBV20-1,TRBJ2-1,SATGLPPSPNEQF,1
TRBV20-1,TRBJ2-1,SATGLPRRNEQF,1
TRBV20-1,TRBJ2-1,SATGLPRSSYNEQF,1
TRBV20-1,TRBJ2-1,SATGLPRSYNEQF,1
TRBV20-1,TRBJ2-1,SATGLPRTDEQF,8
TRBV20-1,TRBJ2-1,SATGLPSNEQF,1
TRBV20-1,TRBJ2-1,SATGLPSSENEQF,1
TRBV20-1,TRBJ2-1,SATGLPSSYNEQF,1
TRBV20-1,TRBJ2-1,SATGLPSTNEQF,1
TRBV20-1,TRBJ2-1,SATGLPTYEQF,1
TRBV20-1,TRBJ2-1,SATGLPVNEQF,1
TRBV20-1,TRBJ2-1,SATGLPYNEQF,3
TRBV20-1,TRBJ2-1,SATGLQGIYNEQF,1
TRBV20-1,TRBJ2-1,SATGLQGSSSYNEQF,1
TRBV20-1,TRBJ2-1,SATGLQGVSYNEQF,1
TRBV20-1,TRBJ2-1,SATGLQHGRGSYNEQF,2
TRBV20-1,TRBJ2-1,SATGLQHNEQF,1
TRBV20-1,TRBJ2-1,SATGLQLNEQF,1
TRBV20-1,TRBJ2-1,SATGLQMNEQF,1
TRBV20-1,TRBJ2-1,SATGLQSSYNEQF,1
TRBV20-1,TRBJ2-1,SATGLQTYNEQF,2
TRBV20-1,TRBJ2-1,SATGLQYNEQF,2
TRBV20-1,TRBJ2-1,SATGLRAAYEQF,4
TRBV20-1,TRBJ2-1,SATGLRAGGLGNEQF,1
TRBV20-1,TRBJ2-1,SATGLRASYNEQF,5
TRBV20-1,TRBJ2-1,SATGLRDEQF,1
TRBV20-1,TRBJ2-1,SATGLRDNEQF,1
TRBV20-1,TRBJ2-1,SATGLRDSYNEQF,1
TRBV20-1,TRBJ2-1,SATGLREGPTHEQF,1
TRBV20-1,TRBJ2-1,SATGLRGDEQF,1
TRBV20-1,TRBJ2-1,SATGLRGENEQF,1
TRBV20-1,TRBJ2-1,SATGLRGGIDEQF,1
TRBV20-1,TRBJ2-1,SATGLRGNEQF,3
TRBV20-1,TRBJ2-1,SATGLRGWDEQF,1
TRBV20-1,TRBJ2-1,SATGLRLNEQF,5
TRBV20-1,TRBJ2-1,SATGLRNEQF,2
TRBV20-1,TRBJ2-1,SATGLRRLSYNEQF,1
TRBV20-1,TRBJ2-1,SATGLRSLNEQF,1
TRBV20-1,TRBJ2-1,SATGLRSSYNEQF,1
TRBV20-1,TRBJ2-1,SATGLRSYNEQF,1
TRBV20-1,TRBJ2-1,SATGLRTSGSYNEQF,1
TRBV20-1,TRBJ2-1,SATGLRTYNEQF,2
TRBV20-1,TRBJ2-1,SATGLRVGLAESTAYNEQF,1
TRBV20-1,TRBJ2-1,SATGLRVNEQF,1
TRBV20-1,TRBJ2-1,SATGLRYNEQF,1
TRBV20-1,TRBJ2-1,SATGLSANNEQF,1
TRBV20-1,TRBJ2-1,SATGLSAYNEQF,1
TRBV20-1,TRBJ2-1,SATGLSEYNEQF,1
TRBV20-1,TRBJ2-1,SATGLSGGYNEQF,1
TRBV20-1,TRBJ2-1,SATGLSGNEQF,1
TRBV20-1,TRBJ2-1,SATGLSGRANEQF,1
TRBV20-1,TRBJ2-1,SATGLSGRDNEQF,3
TRBV20-1,TRBJ2-1,SATGLSGRGNEQF,1
TRBV20-1,TRBJ2-1,SATGLSGSFYNEQF,1
TRBV20-1,TRBJ2-1,SATGLSGSNEQF,2
TRBV20-1,TRBJ2-1,SATGLSGSYNEQF,1
TRBV20-1,TRBJ2-1,SATGLSGTYNEQF,1
TRBV20-1,TRBJ2-1,SATGLSGYNEQF,1
TRBV20-1,TRBJ2-1,SATGLSHNEQF,1
TRBV20-1,TRBJ2-1,SATGLSHRNEQF,1
TRBV20-1,TRBJ2-1,SATGLSLAGGPSSYNEQF,1
TRBV20-1,TRBJ2-1,SATGLSLASYNEQF,3
TRBV20-1,TRBJ2-1,SATGLSLHEQF,1
TRBV20-1,TRBJ2-1,SATGLSLSYNEQF,1
TRBV20-1,TRBJ2-1,SATGLSLYNEQF,1
TRBV20-1,TRBJ2-1,SATGLSNEQF,6
TRBV20-1,TRBJ2-1,SATGLSNIDQF,1
TRBV20-1,TRBJ2-1,SATGLSNMEQF,6
TRBV20-1,TRBJ2-1,SATGLSNNEQF,2
TRBV20-1,TRBJ2-1,SATGLSNYNEQF,1
TRBV20-1,TRBJ2-1,SATGLSPDNEQF,1
TRBV20-1,TRBJ2-1,SATGLSRGNEQF,1
TRBV20-1,TRBJ2-1,SATGLSRNEQF,1
TRBV20-1,TRBJ2-1,SATGLSSSYNEQF,1
TRBV20-1,TRBJ2-1,SATGLSSYEQF,1
TRBV20-1,TRBJ2-1,SATGLSSYNEQF,10
TRBV20-1,TRBJ2-1,SATGLSTNEQF,3
TRBV20-1,TRBJ2-1,SATGLSTSNEQF,1
TRBV20-1,TRBJ2-1,SATGLSWTEPYNEQF,1
TRBV20-1,TRBJ2-1,SATGLSYKEHF,1
TRBV20-1,TRBJ2-1,SATGLSYKEQF,1
TRBV20-1,TRBJ2-1,SATGLSYNEQF,23
TRBV20-1,TRBJ2-1,SATGLSYSYNEQF,1
TRBV20-1,TRBJ2-1,SATGLSYYNEQF,1
TRBV20-1,TRBJ2-1,SATGLTGGNEQF,1
TRBV20-1,TRBJ2-1,SATGLTGNEQF,2
TRBV20-1,TRBJ2-1,SATGLTHEQF,1
TRBV20-1,TRBJ2-1,SATGLTLSYNEQF,1
TRBV20-1,TRBJ2-1,SATGLTNEQF,6
TRBV20-1,TRBJ2-1,SATGLTPGTSMWDEQF,1
TRBV20-1,TRBJ2-1,SATGLTSGRYDNEQF,1
TRBV20-1,TRBJ2-1,SATGLTSGYSYNEQF,1
TRBV20-1,TRBJ2-1,SATGLTSYNEQF,5
TRBV20-1,TRBJ2-1,SATGLTVGNEQF,1
TRBV20-1,TRBJ2-1,SATGLTWDEQF,3
TRBV20-1,TRBJ2-1,SATGLTYASYNEQF,1
TRBV20-1,TRBJ2-1,SATGLTYNEQF,8
TRBV20-1,TRBJ2-1,SATGLTYSYNEQF,4
TRBV20-1,TRBJ2-1,SATGLVADEQF,1
TRBV20-1,TRBJ2-1,SATGLVASNNEQF,1
TRBV20-1,TRBJ2-1,SATGLVASYNEQF,1
TRBV20-1,TRBJ2-1,SATGLVDEQF,1
TRBV20-1,TRBJ2-1,SATGLVDFYNEQF,1
TRBV20-1,TRBJ2-1,SATGLVDNEQF,1
TRBV20-1,TRBJ2-1,SATGLVEDEQF,1
TRBV20-1,TRBJ2-1,SATGLVEYNEQF,1
TRBV20-1,TRBJ2-1,SATGLVGDEQF,3
TRBV20-1,TRBJ2-1,SATGLVGEQF,8
TRBV20-1,TRBJ2-1,SATGLVGNEQF,3
TRBV20-1,TRBJ2-1,SATGLVGYNEQF,2
TRBV20-1,TRBJ2-1,SATGLVHEQF,1
TRBV20-1,TRBJ2-1,SATGLVIAHEQF,1
TRBV20-1,TRBJ2-1,SATGLVISNEQF,1
TRBV20-1,TRBJ2-1,SATGLVIVNEQF,1
TRBV20-1,TRBJ2-1,SATGLVIYNEQF,5
TRBV20-1,TRBJ2-1,SATGLVKNEQF,1
TRBV20-1,TRBJ2-1,SATGLVLEGGEYNEQF,1
TRBV20-1,TRBJ2-1,SATGLVLGSYNEQF,1
TRBV20-1,TRBJ2-1,SATGLVNEQF,6
TRBV20-1,TRBJ2-1,SATGLVNLDEQF,1
TRBV20-1,TRBJ2-1,SATGLVNNEQF,2
TRBV20-1,TRBJ2-1,SATGLVNTNEQF,1
TRBV20-1,TRBJ2-1,SATGLVNYNEQF,1
TRBV20-1,TRBJ2-1,SATGLVPAGYEQF,1
TRBV20-1,TRBJ2-1,SATGLVPHYNEQF,1
TRBV20-1,TRBJ2-1,SATGLVPRNEQF,6
TRBV20-1,TRBJ2-1,SATGLVPRNVQF,1
TRBV20-1,TRBJ2-1,SATGLVPYNEQF,1
TRBV20-1,TRBJ2-1,SATGLVQF,1
TRBV20-1,TRBJ2-1,SATGLVRDEQF,1
TRBV20-1,TRBJ2-1,SATGLVRHNEQF,1
TRBV20-1,TRBJ2-1,SATGLVRVMDSYNEQF,1
TRBV20-1,TRBJ2-1,SATGLVSDEQF,1
TRBV20-1,TRBJ2-1,SATGLVSGASYNEQF,1
TRBV20-1,TRBJ2-1,SATGLVSGEQF,2
TRBV20-1,TRBJ2-1,SATGLVSNEQF,2
TRBV20-1,TRBJ2-1,SATGLVSYNEQF,8
TRBV20-1,TRBJ2-1,SATGLVTAPYNEQF,1
TRBV20-1,TRBJ2-1,SATGLVTNEQF,1
TRBV20-1,TRBJ2-1,SATGLVTYNEQF,2
TRBV20-1,TRBJ2-1,SATGLVVFHEQF,1
TRBV20-1,TRBJ2-1,SATGLVVNEQF,1
TRBV20-1,TRBJ2-1,SATGLVVVAGYNEQF,1
TRBV20-1,TRBJ2-1,SATGLVYEQF,1
TRBV20-1,TRBJ2-1,SATGLVYNEPF,1
TRBV20-1,TRBJ2-1,SATGLVYNEQF,13
TRBV20-1,TRBJ2-1,SATGLVYNNEQF,1
TRBV20-1,TRBJ2-1,SATGLWGMNEQF,6
TRBV20-1,TRBJ2-1,SATGLWGRNEQF,7
TRBV20-1,TRBJ2-1,SATGLWLESMVNEQF,1
TRBV20-1,TRBJ2-1,SATGLWSSYNEQF,1
TRBV20-1,TRBJ2-1,SATGLWSYNEQF,1
TRBV20-1,TRBJ2-1,SATGLYFYNEQF,1
TRBV20-1,TRBJ2-1,SATGLYKDEQF,1
TRBV20-1,TRBJ2-1,SATGLYNEQF,18
TRBV20-1,TRBJ2-1,SATGLYPNNEQF,1
TRBV20-1,TRBJ2-1,SATGLYSYNEQF,1
TRBV20-1,TRBJ2-1,SATGLYTYNEQF,1
TRBV20-1,TRBJ2-1,SATGMAYNEQF,1
TRBV20-1,TRBJ2-1,SATGMDEQF,1
TRBV20-1,TRBJ2-1,SATGMEGLAGADFYNEQF,1
TRBV20-1,TRBJ2-1,SATGMEINEQF,1
TRBV20-1,TRBJ2-1,SATGMGIPYNEQF,1
TRBV20-1,TRBJ2-1,SATGMGNEQF,1
TRBV20-1,TRBJ2-1,SATGMGTSGSGNDQF,1
TRBV20-1,TRBJ2-1,SATGMLAGAHNEQF,1
TRBV20-1,TRBJ2-1,SATGMLASSYNEQF,1
TRBV20-1,TRBJ2-1,SATGMLGLDEQF,5
TRBV20-1,TRBJ2-1,SATGMSFSYNEQF,1
TRBV20-1,TRBJ2-1,SATGMSGRPYNEQF,1
TRBV20-1,TRBJ2-1,SATGMSSYNEQF,1
TRBV20-1,TRBJ2-1,SATGMTNNNEQF,1
TRBV20-1,TRBJ2-1,SATGMTSGRRNEQF,2
TRBV20-1,TRBJ2-1,SATGMTSGYEQF,1
TRBV20-1,TRBJ2-1,SATGMTYNEQF,1
TRBV20-1,TRBJ2-1,SATGMVHEQF,8
TRBV20-1,TRBJ2-1,SATGMVSYNEQF,1
TRBV20-1,TRBJ2-1,SATGMWGVPYNEQF,1
TRBV20-1,TRBJ2-1,SATGMYATYNEQF,4
TRBV20-1,TRBJ2-1,SATGNAGNEQF,1
TRBV20-1,TRBJ2-1,SATGNAQF,2
TRBV20-1,TRBJ2-1,SATGNDNEQF,1
TRBV20-1,TRBJ2-1,SATGNDNNEQF,1
TRBV20-1,TRBJ2-1,SATGNEEF,2
TRBV20-1,TRBJ2-1,SATGNEHF,2
TRBV20-1,TRBJ2-1,SATGNEKF,2
TRBV20-1,TRBJ2-1,SATGNEPF,2
TRBV20-1,TRBJ2-1,SATGNEQC,2
TRBV20-1,TRBJ2-1,SATGNEQF,604
TRBV20-1,TRBJ2-1,SATGNEQL,3
TRBV20-1,TRBJ2-1,SATGNEQS,1
TRBV20-1,TRBJ2-1,SATGNEQY,2
TRBV20-1,TRBJ2-1,SATGNERF,1
TRBV20-1,TRBJ2-1,SATGNFVNEQF,1
TRBV20-1,TRBJ2-1,SATGNGGSSYNEQF,1
TRBV20-1,TRBJ2-1,SATGNGNEQF,1
TRBV20-1,TRBJ2-1,SATGNGQF,3
TRBV20-1,TRBJ2-1,SATGNHEQF,1
TRBV20-1,TRBJ2-1,SATGNLDYNEQF,1
TRBV20-1,TRBJ2-1,SATGNLVSVGSYNEQF,1
TRBV20-1,TRBJ2-1,SATGNMHNEQF,1
TRBV20-1,TRBJ2-1,SATGNNEQF,17
TRBV20-1,TRBJ2-1,SATGNNNEQF,1
TRBV20-1,TRBJ2-1,SATGNNPNNEQF,1
TRBV20-1,TRBJ2-1,SATGNPNEQF,1
TRBV20-1,TRBJ2-1,SATGNPPWGDEQF,1
TRBV20-1,TRBJ2-1,SATGNPYNEQF,1
TRBV20-1,TRBJ2-1,SATGNQRGDNEQF,1
TRBV20-1,TRBJ2-1,SATGNRARSYNEQF,1
TRBV20-1,TRBJ2-1,SATGNRAYNEQF,1
TRBV20-1,TRBJ2-1,SATGNRDYNEQF,10
TRBV20-1,TRBJ2-1,SATGNRGLNEQF,1
TRBV20-1,TRBJ2-1,SATGNRGQDNEQF,3
TRBV20-1,TRBJ2-1,SATGNRGSSYNEQF,1
TRBV20-1,TRBJ2-1,SATGNRPAHEQF,1
TRBV20-1,TRBJ2-1,SATGNSGRAGNEQF,1
TRBV20-1,TRBJ2-1,SATGNSLVYNEQF,1
TRBV20-1,TRBJ2-1,SATGNSNEQF,1
TRBV20-1,TRBJ2-1,SATGNSVGNEPF,1
TRBV20-1,TRBJ2-1,SATGNSYNEQF,4
TRBV20-1,TRBJ2-1,SATGNTAGGYNEQF,1
TRBV20-1,TRBJ2-1,SATGNTNEQF,1
TRBV20-1,TRBJ2-1,SATGNVANRNNEQF,1
TRBV20-1,TRBJ2-1,SATGNVGTYNEQF,1
TRBV20-1,TRBJ2-1,SATGNWLGVYNEQF,1
TRBV20-1,TRBJ2-1,SATGNYNEQF,20
TRBV20-1,TRBJ2-1,SATGNYNVQF,1
TRBV20-1,TRBJ2-1,SATGNYSYNEQF,1
TRBV20-1,TRBJ2-1,SATGNYYNEQF,1
TRBV20-1,TRBJ2-1,SATGPAAMNEQF,1
TRBV20-1,TRBJ2-1,SATGPAGDEQF,1
TRBV20-1,TRBJ2-1,SATGPAGFYNEQF,3
TRBV20-1,TRBJ2-1,SATGPAGGPGSSYNEQF,1
TRBV20-1,TRBJ2-1,SATGPAGNEQF,1
TRBV20-1,TRBJ2-1,SATGPAGYNEQF,1
TRBV20-1,TRBJ2-1,SATGPAGYRF,1
TRBV20-1,TRBJ2-1,SATGPAHNEQF,1
TRBV20-1,TRBJ2-1,SATGPAKGYNEQF,1
TRBV20-1,TRBJ2-1,SATGPAPKNEQF,1
TRBV20-1,TRBJ2-1,SATGPAQF,4
TRBV20-1,TRBJ2-1,SATGPAREGWGTPNEQF,1
TRBV20-1,TRBJ2-1,SATGPARRQF,7
TRBV20-1,TRBJ2-1,SATGPASGSYNEQF,1
TRBV20-1,TRBJ2-1,SATGPASRHSYNEQF,1
TRBV20-1,TRBJ2-1,SATGPASYNEQF,1
TRBV20-1,TRBJ2-1,SATGPDLNEQF,1
TRBV20-1,TRBJ2-1,SATGPDNEQF,1
TRBV20-1,TRBJ2-1,SATGPDRSPDEQF,1
TRBV20-1,TRBJ2-1,SATGPDYEQF,1
TRBV20-1,TRBJ2-1,SATGPDYNEQF,6
TRBV20-1,TRBJ2-1,SATGPEGGHEQF,1
TRBV20-1,TRBJ2-1,SATGPEGYEQF,2
TRBV20-1,TRBJ2-1,SATGPEGYTEQF,1
TRBV20-1,TRBJ2-1,SATGPERDEQF,1
TRBV20-1,TRBJ2-1,SATGPESLNEQF,1
TRBV20-1,TRBJ2-1,SATGPESNEQF,1
TRBV20-1,TRBJ2-1,SATGPESSYNEQF,1
TRBV20-1,TRBJ2-1,SATGPESYNEQF,2
TRBV20-1,TRBJ2-1,SATGPFGGGSYNEQF,1
TRBV20-1,TRBJ2-1,SATGPFSYNEQF,1
TRBV20-1,TRBJ2-1,SATGPGAHEQF,1
TRBV20-1,TRBJ2-1,SATGPGALVGNEQF,1
TRBV20-1,TRBJ2-1,SATGPGAPYNEQF,1
TRBV20-1,TRBJ2-1,SATGPGAYNEQF,1
TRBV20-1,TRBJ2-1,SATGPGDEQF,1
TRBV20-1,TRBJ2-1,SATGPGDNEQF,1
TRBV20-1,TRBJ2-1,SATGPGERYNEQF,4
TRBV20-1,TRBJ2-1,SATGPGGDEQF,1
TRBV20-1,TRBJ2-1,SATGPGGLFRNEQF,1
TRBV20-1,TRBJ2-1,SATGPGGNEQF,3
TRBV20-1,TRBJ2-1,SATGPGGPSSYNEQF,1
TRBV20-1,TRBJ2-1,SATGPGHSSYNEQF,4
TRBV20-1,TRBJ2-1,SATGPGIRNEQF,1
TRBV20-1,TRBJ2-1,SATGPGLAGGYEQF,1
TRBV20-1,TRBJ2-1,SATGPGLAGGYNNEQF,1
TRBV20-1,TRBJ2-1,SATGPGLAGRSSYNEQF,1
TRBV20-1,TRBJ2-1,SATGPGLAKYNEQF,1
TRBV20-1,TRBJ2-1,SATGPGLAVIYEQF,1
TRBV20-1,TRBJ2-1,SATGPGLGYNEQF,1
TRBV20-1,TRBJ2-1,SATGPGLNNEQF,1
TRBV20-1,TRBJ2-1,SATGPGLRNEQF,1
TRBV20-1,TRBJ2-1,SATGPGLSYNEQF,1
TRBV20-1,TRBJ2-1,SATGPGMNEQF,5
TRBV20-1,TRBJ2-1,SATGPGNNEQF,1
TRBV20-1,TRBJ2-1,SATGPGPNSDEQF,1
TRBV20-1,TRBJ2-1,SATGPGQEYSNEQF,1
TRBV20-1,TRBJ2-1,SATGPGQGLYEQF,3
TRBV20-1,TRBJ2-1,SATGPGQGRHEQF,1
TRBV20-1,TRBJ2-1,SATGPGQGSSYNEQF,1
TRBV20-1,TRBJ2-1,SATGPGQGVWNEQF,2
TRBV20-1,TRBJ2-1,SATGPGQIDNEQF,1
TRBV20-1,TRBJ2-1,SATGPGQLYNEQF,1
TRBV20-1,TRBJ2-1,SATGPGQPYNEQF,1
TRBV20-1,TRBJ2-1,SATGPGRNEQF,1
TRBV20-1,TRBJ2-1,SATGPGSYNEQF,2
TRBV20-1,TRBJ2-1,SATGPGTSGGWSLNEQF,2
TRBV20-1,TRBJ2-1,SATGPGTSGSNEQF,1
TRBV20-1,TRBJ2-1,SATGPGTSVPSSYNEQF,2
TRBV20-1,TRBJ2-1,SATGPGTSVYNEQF,1
TRBV20-1,TRBJ2-1,SATGPGVDRDEQF,1
TRBV20-1,TRBJ2-1,SATGPGVGWNEQF,1
TRBV20-1,TRBJ2-1,SATGPGVPNEQF,1
TRBV20-1,TRBJ2-1,SATGPGVSYNEQF,1
TRBV20-1,TRBJ2-1,SATGPGWRVYNEQF,1
TRBV20-1,TRBJ2-1,SATGPGYNEQF,12
TRBV20-1,TRBJ2-1,SATGPHFNNEQF,5
TRBV20-1,TRBJ2-1,SATGPHGNEQF,1
TRBV20-1,TRBJ2-1,SATGPHNEQF,2
TRBV20-1,TRBJ2-1,SATGPHPNEQF,1
TRBV20-1,TRBJ2-1,SATGPIFLGGYNEQF,1
TRBV20-1,TRBJ2-1,SATGPIFYNEQF,1
TRBV20-1,TRBJ2-1,SATGPINEQF,1
TRBV20-1,TRBJ2-1,SATGPIWGKWNEQF,1
TRBV20-1,TRBJ2-1,SATGPIYNEQF,2
TRBV20-1,TRBJ2-1,SATGPKAGKNEQF,1
TRBV20-1,TRBJ2-1,SATGPKDGGNEQF,1
TRBV20-1,TRBJ2-1,SATGPKFNEQF,1
TRBV20-1,TRBJ2-1,SATGPKGSGYNEQF,3
TRBV20-1,TRBJ2-1,SATGPKISYNEQF,8
TRBV20-1,TRBJ2-1,SATGPKNEQF,1
TRBV20-1,TRBJ2-1,SATGPKTSYNEQF,1
TRBV20-1,TRBJ2-1,SATGPKVSYNEQF,1
TRBV20-1,TRBJ2-1,SATGPLAETYNEQF,1
TRBV20-1,TRBJ2-1,SATGPLAGAIMNEQF,1
TRBV20-1,TRBJ2-1,SATGPLAGRYNEQF,1
TRBV20-1,TRBJ2-1,SATGPLAYNEQF,1
TRBV20-1,TRBJ2-1,SATGPLDEQF,1
TRBV20-1,TRBJ2-1,SATGPLFAGKYNEQF,1
TRBV20-1,TRBJ2-1,SATGPLGEREQF,2
TRBV20-1,TRBJ2-1,SATGPLGQVLDEQF,1
TRBV20-1,TRBJ2-1,SATGPLGTSGRRYNEQF,2
TRBV20-1,TRBJ2-1,SATGPLHNEQF,1
TRBV20-1,TRBJ2-1,SATGPLKNNEQF,1
TRBV20-1,TRBJ2-1,SATGPLLGNEQF,1
TRBV20-1,TRBJ2-1,SATGPLNEQF,2
TRBV20-1,TRBJ2-1,SATGPLNNEQF,3
TRBV20-1,TRBJ2-1,SATGPLPNNEQF,1
TRBV20-1,TRBJ2-1,SATGPLRSYNEQF,1
TRBV20-1,TRBJ2-1,SATGPLRVNEQF,2
TRBV20-1,TRBJ2-1,SATGPLSNEQF,1
TRBV20-1,TRBJ2-1,SATGPLSSYNEQF,1
TRBV20-1,TRBJ2-1,SATGPLTLNEQF,9
TRBV20-1,TRBJ2-1,SATGPLYNEQF,4
TRBV20-1,TRBJ2-1,SATGPMGEQF,1
TRBV20-1,TRBJ2-1,SATGPMGLGSSYNEQF,1
TRBV20-1,TRBJ2-1,SATGPMYNEQF,1
TRBV20-1,TRBJ2-1,SATGPNDNEQF,1
TRBV20-1,TRBJ2-1,SATGPNEQF,4
TRBV20-1,TRBJ2-1,SATGPNGNEQF,1
TRBV20-1,TRBJ2-1,SATGPNIYNEQF,3
TRBV20-1,TRBJ2-1,SATGPNLGNEQF,1
TRBV20-1,TRBJ2-1,SATGPNLRLNEQF,1
TRBV20-1,TRBJ2-1,SATGPNLRVNEQF,15
TRBV20-1,TRBJ2-1,SATGPNNEQF,2
TRBV20-1,TRBJ2-1,SATGPNRGTRNEQF,1
TRBV20-1,TRBJ2-1,SATGPNSYNEQF,1
TRBV20-1,TRBJ2-1,SATGPNVDEQF,1
TRBV20-1,TRBJ2-1,SATGPNWGGYNEQF,1
TRBV20-1,TRBJ2-1,SATGPNYNEQF,6
TRBV20-1,TRBJ2-1,SATGPPDHNEQF,1
TRBV20-1,TRBJ2-1,SATGPPDYNEQF,3
TRBV20-1,TRBJ2-1,SATGPPDYTEQF,1
TRBV20-1,TRBJ2-1,SATGPPFYEQF,1
TRBV20-1,TRBJ2-1,SATGPPGAYNEQF,1
TRBV20-1,TRBJ2-1,SATGPPGTYNEQF,1
TRBV20-1,TRBJ2-1,SATGPPHNEQF,1
TRBV20-1,TRBJ2-1,SATGPPIGNEQF,1
TRBV20-1,TRBJ2-1,SATGPPIPNEQF,1
TRBV20-1,TRBJ2-1,SATGPPISYNEQF,1
TRBV20-1,TRBJ2-1,SATGPPKGSYNEQF,1
TRBV20-1,TRBJ2-1,SATGPPLGNEQF,1
TRBV20-1,TRBJ2-1,SATGPPLSNEQF,4
TRBV20-1,TRBJ2-1,SATGPPLYNEQF,1
TRBV20-1,TRBJ2-1,SATGPPNEQF,3
TRBV20-1,TRBJ2-1,SATGPPNNEQF,11
TRBV20-1,TRBJ2-1,SATGPPPGSNEQF,1
TRBV20-1,TRBJ2-1,SATGPPRGDEQF,3
TRBV20-1,TRBJ2-1,SATGPPRHNEQF,1
TRBV20-1,TRBJ2-1,SATGPPSSYNEQF,1
TRBV20-1,TRBJ2-1,SATGPPSYNEQF,7
TRBV20-1,TRBJ2-1,SATGPPTGNEQF,1
TRBV20-1,TRBJ2-1,SATGPPTYNEQF,1
TRBV20-1,TRBJ2-1,SATGPPVDNEQF,1
TRBV20-1,TRBJ2-1,SATGPPYNEQF,2
TRBV20-1,TRBJ2-1,SATGPQGHEQF,2
TRBV20-1,TRBJ2-1,SATGPQIQYEQF,1
TRBV20-1,TRBJ2-1,SATGPQIYNEQF,1
TRBV20-1,TRBJ2-1,SATGPQLYNEQF,1
TRBV20-1,TRBJ2-1,SATGPQRPSGSSYNEQF,1
TRBV20-1,TRBJ2-1,SATGPQSSYNEQF,1
TRBV20-1,TRBJ2-1,SATGPQTYNEQF,1
TRBV20-1,TRBJ2-1,SATGPQVAGANEQF,1
TRBV20-1,TRBJ2-1,SATGPRANEQF,1
TRBV20-1,TRBJ2-1,SATGPRDAYNEQF,1
TRBV20-1,TRBJ2-1,SATGPRDLSSYNEQF,1
TRBV20-1,TRBJ2-1,SATGPRDNEQF,2
TRBV20-1,TRBJ2-1,SATGPRDQAYNEQF,1
TRBV20-1,TRBJ2-1,SATGPRENEQF,1
TRBV20-1,TRBJ2-1,SATGPRGANEQF,1
TRBV20-1,TRBJ2-1,SATGPRGDEQF,1
TRBV20-1,TRBJ2-1,SATGPRGHNEQF,1
TRBV20-1,TRBJ2-1,SATGPRGNEQF,2
TRBV20-1,TRBJ2-1,SATGPRGSSYEAQF,1
TRBV20-1,TRBJ2-1,SATGPRGVVYEQF,6
TRBV20-1,TRBJ2-1,SATGPRKEYTNEQF,1
TRBV20-1,TRBJ2-1,SATGPRKGYNEQF,1
TRBV20-1,TRBJ2-1,SATGPRLAGGYYNEQF,1
TRBV20-1,TRBJ2-1,SATGPRLSYNEQF,1
TRBV20-1,TRBJ2-1,SATGPRNYNEQF,1
TRBV20-1,TRBJ2-1,SATGPRPDEQF,1
TRBV20-1,TRBJ2-1,SATGPRPPYNEQF,1
TRBV20-1,TRBJ2-1,SATGPRSYNEQF,3
TRBV20-1,TRBJ2-1,SATGPRVPYNEQF,1
TRBV20-1,TRBJ2-1,SATGPRVVNEQF,2
TRBV20-1,TRBJ2-1,SATGPRVYNEQF,1
TRBV20-1,TRBJ2-1,SATGPRYNEQF,1
TRBV20-1,TRBJ2-1,SATGPSGAHNEQF,1
TRBV20-1,TRBJ2-1,SATGPSGEEQF,1
TRBV20-1,TRBJ2-1,SATGPSGGADEQF,1
TRBV20-1,TRBJ2-1,SATGPSGGHNEQF,1
TRBV20-1,TRBJ2-1,SATGPSGKHNEQF,1
TRBV20-1,TRBJ2-1,SATGPSGRAGYNEQF,1
TRBV20-1,TRBJ2-1,SATGPSGRHYNEQF,1
TRBV20-1,TRBJ2-1,SATGPSGRVDEQF,2
TRBV20-1,TRBJ2-1,SATGPSGSSYNEQF,1
TRBV20-1,TRBJ2-1,SATGPSGTYNEQF,2
TRBV20-1,TRBJ2-1,SATGPSKINEQF,1
TRBV20-1,TRBJ2-1,SATGPSLAGVKNEQF,1
TRBV20-1,TRBJ2-1,SATGPSLYDQF,1
TRBV20-1,TRBJ2-1,SATGPSLYNEQF,1
TRBV20-1,TRBJ2-1,SATGPSNEQF,2
TRBV20-1,TRBJ2-1,SATGPSNYNEQF,1
TRBV20-1,TRBJ2-1,SATGPSPRNEQF,1
TRBV20-1,TRBJ2-1,SATGPSPYNEQF,1
TRBV20-1,TRBJ2-1,SATGPSRDGYNEQF,1
TRBV20-1,TRBJ2-1,SATGPSRGLNEQF,1
TRBV20-1,TRBJ2-1,SATGPSRGPPPYNEQF,1
TRBV20-1,TRBJ2-1,SATGPSSGGIYNEQF,10
TRBV20-1,TRBJ2-1,SATGPSSGLAYNEQF,1
TRBV20-1,TRBJ2-1,SATGPSSIHEQF,1
TRBV20-1,TRBJ2-1,SATGPSSSYNEQF,3
TRBV20-1,TRBJ2-1,SATGPSSYNEQF,14
TRBV20-1,TRBJ2-1,SATGPSTNEQF,1
TRBV20-1,TRBJ2-1,SATGPSTYNEQF,1
TRBV20-1,TRBJ2-1,SATGPSYNEQF,12
TRBV20-1,TRBJ2-1,SATGPTANEQF,1
TRBV20-1,TRBJ2-1,SATGPTASSYNEQF,1
TRBV20-1,TRBJ2-1,SATGPTDEQF,1
TRBV20-1,TRBJ2-1,SATGPTGGGYNEQF,8
TRBV20-1,TRBJ2-1,SATGPTHLRDEQF,1
TRBV20-1,TRBJ2-1,SATGPTNLDDEQF,1
TRBV20-1,TRBJ2-1,SATGPTNNEQF,1
TRBV20-1,TRBJ2-1,SATGPTPLNEQF,1
TRBV20-1,TRBJ2-1,SATGPTRFYNEQF,1
TRBV20-1,TRBJ2-1,SATGPTRQF,1
TRBV20-1,TRBJ2-1,SATGPTSGRGNEQF,1
TRBV20-1,TRBJ2-1,SATGPTSNEQF,1
TRBV20-1,TRBJ2-1,SATGPTTDEQF,1
TRBV20-1,TRBJ2-1,SATGPTTSNEQF,1
TRBV20-1,TRBJ2-1,SATGPTVKGARSYNEQF,1
TRBV20-1,TRBJ2-1,SATGPTVYEQF,3
TRBV20-1,TRBJ2-1,SATGPTYNEQF,8
TRBV20-1,TRBJ2-1,SATGPVAGGTYNEQF,1
TRBV20-1,TRBJ2-1,SATGPVEQF,6
TRBV20-1,TRBJ2-1,SATGPVGGDEQF,1
TRBV20-1,TRBJ2-1,SATGPVGSNEQF,1
TRBV20-1,TRBJ2-1,SATGPVINEQF,1
TRBV20-1,TRBJ2-1,SATGPVNNEQF,1
TRBV20-1,TRBJ2-1,SATGPVRDDEQF,1
TRBV20-1,TRBJ2-1,SATGPVSSYNEQF,1
TRBV20-1,TRBJ2-1,SATGPVTNEQF,1
TRBV20-1,TRBJ2-1,SATGPVYEQF,1
TRBV20-1,TRBJ2-1,SATGPVYNEQF,1
TRBV20-1,TRBJ2-1,SATGPWAGTYNEQF,1
TRBV20-1,TRBJ2-1,SATGPWANEQF,1
TRBV20-1,TRBJ2-1,SATGPYNEQF,21
TRBV20-1,TRBJ2-1,SATGPYSGYNEQF,1
TRBV20-1,TRBJ2-1,SATGPYSYNEQF,1
TRBV20-1,TRBJ2-1,SATGPYVKAGGDNEQF,1
TRBV20-1,TRBJ2-1,SATGQAASSYNEQF,1
TRBV20-1,TRBJ2-1,SATGQADSRNEQF,1
TRBV20-1,TRBJ2-1,SATGQAEYNEQF,1
TRBV20-1,TRBJ2-1,SATGQAGGKNEQF,1
TRBV20-1,TRBJ2-1,SATGQAGVDEQF,1
TRBV20-1,TRBJ2-1,SATGQAGVPNEQF,1
TRBV20-1,TRBJ2-1,SATGQAHEQF,1
TRBV20-1,TRBJ2-1,SATGQAISYNEQF,1
TRBV20-1,TRBJ2-1,SATGQAKSYNEQF,1
TRBV20-1,TRBJ2-1,SATGQAKTFRDEQF,1
TRBV20-1,TRBJ2-1,SATGQALPNEQF,1
TRBV20-1,TRBJ2-1,SATGQANEQF,2
TRBV20-1,TRBJ2-1,SATGQANNEQF,1
TRBV20-1,TRBJ2-1,SATGQANNNEQF,1
TRBV20-1,TRBJ2-1,SATGQAPQEQF,2
TRBV20-1,TRBJ2-1,SATGQARAYNEQF,1
TRBV20-1,TRBJ2-1,SATGQARSSRSYNEQF,2
TRBV20-1,TRBJ2-1,SATGQASHNEQF,4
TRBV20-1,TRBJ2-1,SATGQASYNEQF,1
TRBV20-1,TRBJ2-1,SATGQATLVYNEQF,1
TRBV20-1,TRBJ2-1,SATGQAVSYNEQF,1
TRBV20-1,TRBJ2-1,SATGQAYNEQF,5
TRBV20-1,TRBJ2-1,SATGQDEQF,3
TRBV20-1,TRBJ2-1,SATGQDGTTRRGEQF,7
TRBV20-1,TRBJ2-1,SATGQDNEQF,2
TRBV20-1,TRBJ2-1,SATGQDPRNEQF,1
TRBV20-1,TRBJ2-1,SATGQDRSYNEQF,4
TRBV20-1,TRBJ2-1,SATGQDTYNEQF,1
TRBV20-1,TRBJ2-1,SATGQDYEAQF,1
TRBV20-1,TRBJ2-1,SATGQDYNEQF,1
TRBV20-1,TRBJ2-1,SATGQEFMVNEQF,1
TRBV20-1,TRBJ2-1,SATGQEGARNEQF,1
TRBV20-1,TRBJ2-1,SATGQEGINEQF,5
TRBV20-1,TRBJ2-1,SATGQEGNEQF,1
TRBV20-1,TRBJ2-1,SATGQEGYNEQF,1
TRBV20-1,TRBJ2-1,SATGQEKNEQF,1
TRBV20-1,TRBJ2-1,SATGQESSYNEQF,1
TRBV20-1,TRBJ2-1,SATGQESYNEQF,1
TRBV20-1,TRBJ2-1,SATGQETYNEQF,1
TRBV20-1,TRBJ2-1,SATGQEYNEQF,1
TRBV20-1,TRBJ2-1,SATGQFGTHNEQF,2
TRBV20-1,TRBJ2-1,SATGQFLKSYNEQF,3
TRBV20-1,TRBJ2-1,SATGQFLTSYNEQF,1
TRBV20-1,TRBJ2-1,SATGQFNEQF,4
TRBV20-1,TRBJ2-1,SATGQFSSYNEQF,1
TRBV20-1,TRBJ2-1,SATGQFSYNEQF,1
TRBV20-1,TRBJ2-1,SATGQFYEQF,3
TRBV20-1,TRBJ2-1,SATGQFYNEQF,1
TRBV20-1,TRBJ2-1,SATGQGAELAGRNEQF,1
TRBV20-1,TRBJ2-1,SATGQGAGDEQF,1
TRBV20-1,TRBJ2-1,SATGQGAGNEQF,8
TRBV20-1,TRBJ2-1,SATGQGAHDEQF,4
TRBV20-1,TRBJ2-1,SATGQGAHYNEQF,1
TRBV20-1,TRBJ2-1,SATGQGAKSSYNEQF,1
TRBV20-1,TRBJ2-1,SATGQGALISYNEQF,1
TRBV20-1,TRBJ2-1,SATGQGALPNEQF,1
TRBV20-1,TRBJ2-1,SATGQGANEQF,13
TRBV20-1,TRBJ2-1,SATGQGAQNEQF,1
TRBV20-1,TRBJ2-1,SATGQGAQSGSYNEQF,1
TRBV20-1,TRBJ2-1,SATGQGARDEQF,1
TRBV20-1,TRBJ2-1,SATGQGARNEQF,2
TRBV20-1,TRBJ2-1,SATGQGASWESHNEQF,1
TRBV20-1,TRBJ2-1,SATGQGASYNEQF,3
TRBV20-1,TRBJ2-1,SATGQGAVFTPSYNEQF,1
TRBV20-1,TRBJ2-1,SATGQGAVNEQF,1
TRBV20-1,TRBJ2-1,SATGQGAVPSSYNEQF,1
TRBV20-1,TRBJ2-1,SATGQGAVPSSYSEQF,1
TRBV20-1,TRBJ2-1,SATGQGAWNEQF,1
TRBV20-1,TRBJ2-1,SATGQGAWTYNEQF,6
TRBV20-1,TRBJ2-1,SATGQGAYEQF,1
TRBV20-1,TRBJ2-1,SATGQGAYNEQF,18
TRBV20-1,TRBJ2-1,SATGQGDEQF,2
TRBV20-1,TRBJ2-1,SATGQGDHNEQF,1
TRBV20-1,TRBJ2-1,SATGQGDNEQF,1
TRBV20-1,TRBJ2-1,SATGQGDNYNEQF,2
TRBV20-1,TRBJ2-1,SATGQGDPNEQF,1
TRBV20-1,TRBJ2-1,SATGQGDTYNEQF,1
TRBV20-1,TRBJ2-1,SATGQGDYNEQF,3
TRBV20-1,TRBJ2-1,SATGQGEGNEQF,7
TRBV20-1,TRBJ2-1,SATGQGEQF,5
TRBV20-1,TRBJ2-1,SATGQGESYNEQF,1
TRBV20-1,TRBJ2-1,SATGQGETSGSNEQF,2
TRBV20-1,TRBJ2-1,SATGQGEYNEQF,1
TRBV20-1,TRBJ2-1,SATGQGFFAYNEQF,1
TRBV20-1,TRBJ2-1,SATGQGFFYNEQF,1
TRBV20-1,TRBJ2-1,SATGQGFGYNEQF,1
TRBV20-1,TRBJ2-1,SATGQGGDEQF,5
TRBV20-1,TRBJ2-1,SATGQGGDSSYNEQF,1
TRBV20-1,TRBJ2-1,SATGQGGGIYNEQF,1
TRBV20-1,TRBJ2-1,SATGQGGHNEQF,6
TRBV20-1,TRBJ2-1,SATGQGGISSYNEQF,1
TRBV20-1,TRBJ2-1,SATGQGGIYEQF,1
TRBV20-1,TRBJ2-1,SATGQGGLAGGYNEQF,1
TRBV20-1,TRBJ2-1,SATGQGGNEQF,8
TRBV20-1,TRBJ2-1,SATGQGGNYNEQF,1
TRBV20-1,TRBJ2-1,SATGQGGPYNEQF,2
TRBV20-1,TRBJ2-1,SATGQGGSNEQF,1
TRBV20-1,TRBJ2-1,SATGQGGSYNEQF,2
TRBV20-1,TRBJ2-1,SATGQGGTSYNEQF,1
TRBV20-1,TRBJ2-1,SATGQGGWGEQF,1
TRBV20-1,TRBJ2-1,SATGQGHEQF,1
TRBV20-1,TRBJ2-1,SATGQGHSYNEQF,3
TRBV20-1,TRBJ2-1,SATGQGHYNEQF,1
TRBV20-1,TRBJ2-1,SATGQGIGSYNEQF,1
TRBV20-1,TRBJ2-1,SATGQGIHNEQF,2
TRBV20-1,TRBJ2-1,SATGQGINEQF,3
TRBV20-1,TRBJ2-1,SATGQGISLNEQF,1
TRBV20-1,TRBJ2-1,SATGQGISNEQF,1
TRBV20-1,TRBJ2-1,SATGQGIYEQF,1
TRBV20-1,TRBJ2-1,SATGQGIYNEQF,2
TRBV20-1,TRBJ2-1,SATGQGKDEQF,2
TRBV20-1,TRBJ2-1,SATGQGKGNEQF,2
TRBV20-1,TRBJ2-1,SATGQGKNEQF,2
TRBV20-1,TRBJ2-1,SATGQGKRIDEQF,1
TRBV20-1,TRBJ2-1,SATGQGKSYNEQF,5
TRBV20-1,TRBJ2-1,SATGQGKTYNEQF,1
TRBV20-1,TRBJ2-1,SATGQGKVDEQF,1
TRBV20-1,TRBJ2-1,SATGQGKYNEQF,1
TRBV20-1,TRBJ2-1,SATGQGLAKAVNEQF,1
TRBV20-1,TRBJ2-1,SATGQGLEQF,3
TRBV20-1,TRBJ2-1,SATGQGLFEF,1
TRBV20-1,TRBJ2-1,SATGQGLGEQF,2
TRBV20-1,TRBJ2-1,SATGQGLGNEQF,1
TRBV20-1,TRBJ2-1,SATGQGLGYEQF,2
TRBV20-1,TRBJ2-1,SATGQGLLAGGPYNEQF,1
TRBV20-1,TRBJ2-1,SATGQGLLYAYNEQF,1
TRBV20-1,TRBJ2-1,SATGQGLNEQF,8
TRBV20-1,TRBJ2-1,SATGQGLSYNEQF,1
TRBV20-1,TRBJ2-1,SATGQGLWYEQF,1
TRBV20-1,TRBJ2-1,SATGQGLYNEQF,8
TRBV20-1,TRBJ2-1,SATGQGNANEQF,1
TRBV20-1,TRBJ2-1,SATGQGNEQF,13
TRBV20-1,TRBJ2-1,SATGQGNHRSYNEQF,1
TRBV20-1,TRBJ2-1,SATGQGNNEQF,5
TRBV20-1,TRBJ2-1,SATGQGNSYNEQF,1
TRBV20-1,TRBJ2-1,SATGQGNYNEQF,2
TRBV20-1,TRBJ2-1,SATGQGPDDEQF,1
TRBV20-1,TRBJ2-1,SATGQGPL,3
TRBV20-1,TRBJ2-1,SATGQGPNEQF,7
TRBV20-1,TRBJ2-1,SATGQGPTHNEQF,1
TRBV20-1,TRBJ2-1,SATGQGPTLTYNEQF,1
TRBV20-1,TRBJ2-1,SATGQGPYNEQF,7
TRBV20-1,TRBJ2-1,SATGQGQSYNEQF,1
TRBV20-1,TRBJ2-1,SATGQGRDEQF,2
TRBV20-1,TRBJ2-1,SATGQGRGSGYNEQF,1
TRBV20-1,TRBJ2-1,SATGQGRGYNEQF,4
TRBV20-1,TRBJ2-1,SATGQGRHNEQF,2
TRBV20-1,TRBJ2-1,SATGQGRIDEQF,3
TRBV20-1,TRBJ2-1,SATGQGRISYNEQF,1
TRBV20-1,TRBJ2-1,SATGQGRNEQF,2
TRBV20-1,TRBJ2-1,SATGQGRNNEQF,1
TRBV20-1,TRBJ2-1,SATGQGRPSSYNEQF,1
TRBV20-1,TRBJ2-1,SATGQGRTGGYNEQF,1
TRBV20-1,TRBJ2-1,SATGQGRTLGNEQF,1
TRBV20-1,TRBJ2-1,SATGQGRVEQF,4
TRBV20-1,TRBJ2-1,SATGQGSFNEQF,1
TRBV20-1,TRBJ2-1,SATGQGSGPYNEQF,1
TRBV20-1,TRBJ2-1,SATGQGSILSSYNEQF,1
TRBV20-1,TRBJ2-1,SATGQGSNEQF,3
TRBV20-1,TRBJ2-1,SATGQGSSGSYNEQF,1
TRBV20-1,TRBJ2-1,SATGQGSSYNEQF,12
TRBV20-1,TRBJ2-1,SATGQGSWGSYNEQF,1
TRBV20-1,TRBJ2-1,SATGQGSYKEQF,1
TRBV20-1,TRBJ2-1,SATGQGSYNEQF,29
TRBV20-1,TRBJ2-1,SATGQGTGVEQF,4
TRBV20-1,TRBJ2-1,SATGQGTIKPSTSSYNEQF,1
TRBV20-1,TRBJ2-1,SATGQGTIYNEQF,1
TRBV20-1,TRBJ2-1,SATGQGTPNEQF,1
TRBV20-1,TRBJ2-1,SATGQGTYNEQF,15
TRBV20-1,TRBJ2-1,SATGQGVFLGDNGQF,3
TRBV20-1,TRBJ2-1,SATGQGVGHNEQF,1
TRBV20-1,TRBJ2-1,SATGQGVGNEQF,2
TRBV20-1,TRBJ2-1,SATGQGVIYNEQF,1
TRBV20-1,TRBJ2-1,SATGQGVNEQF,4
TRBV20-1,TRBJ2-1,SATGQGVRYNEQF,1
TRBV20-1,TRBJ2-1,SATGQGVWGEQF,1
TRBV20-1,TRBJ2-1,SATGQGVYEQF,1
TRBV20-1,TRBJ2-1,SATGQGWDEQF,1
TRBV20-1,TRBJ2-1,SATGQGWNEQF,1
TRBV20-1,TRBJ2-1,SATGQGYDEQF,1
TRBV20-1,TRBJ2-1,SATGQGYNEQF,14
TRBV20-1,TRBJ2-1,SATGQGYYNEQF,5
TRBV20-1,TRBJ2-1,SATGQGYYNEQL,2
TRBV20-1,TRBJ2-1,SATGQHDYNEQF,1
TRBV20-1,TRBJ2-1,SATGQHNEQF,1
TRBV20-1,TRBJ2-1,SATGQIPYNEQF,1
TRBV20-1,TRBJ2-1,SATGQISYNEQF,6
TRBV20-1,TRBJ2-1,SATGQIYNEQF,2
TRBV20-1,TRBJ2-1,SATGQKDNEQF,1
TRBV20-1,TRBJ2-1,SATGQKDYNEQF,1
TRBV20-1,TRBJ2-1,SATGQKGYNEQF,1
TRBV20-1,TRBJ2-1,SATGQKISYNEQF,1
TRBV20-1,TRBJ2-1,SATGQKKNEQF,1
TRBV20-1,TRBJ2-1,SATGQKSYNEQF,1
TRBV20-1,TRBJ2-1,SATGQKYNEQF,1
TRBV20-1,TRBJ2-1,SATGQLAVNEQF,1
TRBV20-1,TRBJ2-1,SATGQLDNEQF,1
TRBV20-1,TRBJ2-1,SATGQLEYNEQF,1
TRBV20-1,TRBJ2-1,SATGQLGITGQF,1
TRBV20-1,TRBJ2-1,SATGQLNEQF,1
TRBV20-1,TRBJ2-1,SATGQLQLSYNEQF,1
TRBV20-1,TRBJ2-1,SATGQLSGNEQF,2
TRBV20-1,TRBJ2-1,SATGQLSSYNEQF,1
TRBV20-1,TRBJ2-1,SATGQLSYNEQF,2
TRBV20-1,TRBJ2-1,SATGQLTYNEQF,4
TRBV20-1,TRBJ2-1,SATGQLVGYNEQF,1
TRBV20-1,TRBJ2-1,SATGQLYEQF,1
TRBV20-1,TRBJ2-1,SATGQLYNEQF,1
TRBV20-1,TRBJ2-1,SATGQMNEQF,1
TRBV20-1,TRBJ2-1,SATGQMTRNEQF,1
TRBV20-1,TRBJ2-1,SATGQNEQF,1
TRBV20-1,TRBJ2-1,SATGQNGNEQF,1
TRBV20-1,TRBJ2-1,SATGQNLYNEQF,1
TRBV20-1,TRBJ2-1,SATGQNNEQF,10
TRBV20-1,TRBJ2-1,SATGQNNNEQF,1
TRBV20-1,TRBJ2-1,SATGQNPNEQF,1
TRBV20-1,TRBJ2-1,SATGQNSYNEQF,1
TRBV20-1,TRBJ2-1,SATGQNTEQF,1
TRBV20-1,TRBJ2-1,SATGQNTLTYNEQF,1
TRBV20-1,TRBJ2-1,SATGQNYNEQF,41
TRBV20-1,TRBJ2-1,SATGQPGNEQF,5
TRBV20-1,TRBJ2-1,SATGQPITRTLSYNEQF,3
TRBV20-1,TRBJ2-1,SATGQPKDEQF,3
TRBV20-1,TRBJ2-1,SATGQPLSSYNEQF,1
TRBV20-1,TRBJ2-1,SATGQPNEQF,1
TRBV20-1,TRBJ2-1,SATGQPSSYNEQF,1
TRBV20-1,TRBJ2-1,SATGQPSYNEQF,1
TRBV20-1,TRBJ2-1,SATGQPTYNEQF,12
TRBV20-1,TRBJ2-1,SATGQPYNEQF,6
TRBV20-1,TRBJ2-1,SATGQQDEQF,1
TRBV20-1,TRBJ2-1,SATGQQGATDEQF,1
TRBV20-1,TRBJ2-1,SATGQQHNEQF,1
TRBV20-1,TRBJ2-1,SATGQQSYNEQF,1
TRBV20-1,TRBJ2-1,SATGQQTNEQF,1
TRBV20-1,TRBJ2-1,SATGQQYNEQF,1
TRBV20-1,TRBJ2-1,SATGQRGGPYNEQF,4
TRBV20-1,TRBJ2-1,SATGQRGNEQF,5
TRBV20-1,TRBJ2-1,SATGQRGYNEQF,6
TRBV20-1,TRBJ2-1,SATGQRGYNVQF,1
TRBV20-1,TRBJ2-1,SATGQRHNEQF,1
TRBV20-1,TRBJ2-1,SATGQRILNEQF,1
TRBV20-1,TRBJ2-1,SATGQRLNEQF,1
TRBV20-1,TRBJ2-1,SATGQRNNEQF,1
TRBV20-1,TRBJ2-1,SATGQRPYNEQF,1
TRBV20-1,TRBJ2-1,SATGQRQRDEQF,1
TRBV20-1,TRBJ2-1,SATGQRQYNEQF,1
TRBV20-1,TRBJ2-1,SATGQRRIYNEQF,1
TRBV20-1,TRBJ2-1,SATGQRRSYNEQF,2
TRBV20-1,TRBJ2-1,SATGQRSSYNEQF,2
TRBV20-1,TRBJ2-1,SATGQRVAYNEQF,1
TRBV20-1,TRBJ2-1,SATGQRYNEQF,3
TRBV20-1,TRBJ2-1,SATGQSHEQF,1
TRBV20-1,TRBJ2-1,SATGQSLHNEQF,1
TRBV20-1,TRBJ2-1,SATGQSLYNEQF,1
TRBV20-1,TRBJ2-1,SATGQSRSINEQF,1
TRBV20-1,TRBJ2-1,SATGQSSHNEQF,1
TRBV20-1,TRBJ2-1,SATGQSSSYNEQF,4
TRBV20-1,TRBJ2-1,SATGQSSYIEQF,1
TRBV20-1,TRBJ2-1,SATGQSSYNEQF,26
TRBV20-1,TRBJ2-1,SATGQSYNEQF,26
TRBV20-1,TRBJ2-1,SATGQTDEQF,3
TRBV20-1,TRBJ2-1,SATGQTFYNEQF,1
TRBV20-1,TRBJ2-1,SATGQTKYNEQF,1
TRBV20-1,TRBJ2-1,SATGQTNLGNEQF,3
TRBV20-1,TRBJ2-1,SATGQTSGRTSYNEQF,3
TRBV20-1,TRBJ2-1,SATGQTYNEQF,8
TRBV20-1,TRBJ2-1,SATGQVANEQF,1
TRBV20-1,TRBJ2-1,SATGQVDNEQF,1
TRBV20-1,TRBJ2-1,SATGQVDSYNEQF,1
TRBV20-1,TRBJ2-1,SATGQVGFGNEQF,1
TRBV20-1,TRBJ2-1,SATGQVGGNEQF,1
TRBV20-1,TRBJ2-1,SATGQVGRSYNEQF,1
TRBV20-1,TRBJ2-1,SATGQVGSNEQF,9
TRBV20-1,TRBJ2-1,SATGQVGYNEQF,1
TRBV20-1,TRBJ2-1,SATGQVHNEQF,1
TRBV20-1,TRBJ2-1,SATGQVISSYNEQF,1
TRBV20-1,TRBJ2-1,SATGQVLSSYNEQF,1
TRBV20-1,TRBJ2-1,SATGQVLYNEQF,4
TRBV20-1,TRBJ2-1,SATGQVNEQF,1
TRBV20-1,TRBJ2-1,SATGQVPYNEQF,1
TRBV20-1,TRBJ2-1,SATGQVRLDYNEQF,1
TRBV20-1,TRBJ2-1,SATGQVRYNEQF,1
TRBV20-1,TRBJ2-1,SATGQVTYNEQF,2
TRBV20-1,TRBJ2-1,SATGQVVGLRRYNEQF,2
TRBV20-1,TRBJ2-1,SATGQVVNEQF,1
TRBV20-1,TRBJ2-1,SATGQVYEQF,2
TRBV20-1,TRBJ2-1,SATGQVYNEQF,3
TRBV20-1,TRBJ2-1,SATGQWDEQF,1
TRBV20-1,TRBJ2-1,SATGQWQTYNEQF,1
TRBV20-1,TRBJ2-1,SATGQWYGEQF,2
TRBV20-1,TRBJ2-1,SATGQYNEQF,9
TRBV20-1,TRBJ2-1,SATGQYSYNEQF,1
TRBV20-1,TRBJ2-1,SATGRAAVYNEQF,3
TRBV20-1,TRBJ2-1,SATGRADEQF,1
TRBV20-1,TRBJ2-1,SATGRAENEQF,1
TRBV20-1,TRBJ2-1,SATGRAESYNEQF,1
TRBV20-1,TRBJ2-1,SATGRAGAYNEQF,1
TRBV20-1,TRBJ2-1,SATGRAGDEQF,1
TRBV20-1,TRBJ2-1,SATGRAGGGNEQF,4
TRBV20-1,TRBJ2-1,SATGRAGGMYNEQF,3
TRBV20-1,TRBJ2-1,SATGRAGLAGGLNEQF,1
TRBV20-1,TRBJ2-1,SATGRAGPYNEQF,1
TRBV20-1,TRBJ2-1,SATGRAGSVNEQF,1
TRBV20-1,TRBJ2-1,SATGRAGTGEYNEQF,4
TRBV20-1,TRBJ2-1,SATGRAHNEQF,1
TRBV20-1,TRBJ2-1,SATGRAINEQF,2
TRBV20-1,TRBJ2-1,SATGRALYNEQF,1
TRBV20-1,TRBJ2-1,SATGRANEQF,2
TRBV20-1,TRBJ2-1,SATGRAPSYNEQF,1
TRBV20-1,TRBJ2-1,SATGRAQAPYNEQF,1
TRBV20-1,TRBJ2-1,SATGRAQDYNEQF,1
TRBV20-1,TRBJ2-1,SATGRARGRYNEQF,1
TRBV20-1,TRBJ2-1,SATGRARWDEQF,1
TRBV20-1,TRBJ2-1,SATGRASGRNEQF,1
TRBV20-1,TRBJ2-1,SATGRASGRYEQF,1
TRBV20-1,TRBJ2-1,SATGRASGWGVKRHEQF,4
TRBV20-1,TRBJ2-1,SATGRASYNEQF,1
TRBV20-1,TRBJ2-1,SATGRATYNEQF,1
TRBV20-1,TRBJ2-1,SATGRAVDEQF,3
TRBV20-1,TRBJ2-1,SATGRAYNEQF,11
TRBV20-1,TRBJ2-1,SATGRDDYNEQF,1
TRBV20-1,TRBJ2-1,SATGRDEQF,2
TRBV20-1,TRBJ2-1,SATGRDFYYNEQF,3
TRBV20-1,TRBJ2-1,SATGRDGLAGAYNEQF,1
TRBV20-1,TRBJ2-1,SATGRDGTSGYNEQF,1
TRBV20-1,TRBJ2-1,SATGRDLAYNEQF,2
TRBV20-1,TRBJ2-1,SATGRDNEQF,5
TRBV20-1,TRBJ2-1,SATGRDPNYNEQF,1
TRBV20-1,TRBJ2-1,SATGRDRASNEQF,5
TRBV20-1,TRBJ2-1,SATGRDRGYNEQF,1
TRBV20-1,TRBJ2-1,SATGRDSEGNEQF,6
TRBV20-1,TRBJ2-1,SATGRDSYNEQF,6
TRBV20-1,TRBJ2-1,SATGRDTNNEQF,1
TRBV20-1,TRBJ2-1,SATGREAFSNEQF,1
TRBV20-1,TRBJ2-1,SATGREALSYNEQF,1
TRBV20-1,TRBJ2-1,SATGREANEQF,1
TRBV20-1,TRBJ2-1,SATGREAYNEQF,1
TRBV20-1,TRBJ2-1,SATGREEINEQF,1
TRBV20-1,TRBJ2-1,SATGREGDNNEQF,1
TRBV20-1,TRBJ2-1,SATGREGFTSSYNEQF,1
TRBV20-1,TRBJ2-1,SATGREGHNEQF,1
TRBV20-1,TRBJ2-1,SATGREGLHNEQF,1
TRBV20-1,TRBJ2-1,SATGREGRYEQF,2
TRBV20-1,TRBJ2-1,SATGREGSYNEQF,1
TRBV20-1,TRBJ2-1,SATGREGVNEQF,1
TRBV20-1,TRBJ2-1,SATGREGYEQF,1
TRBV20-1,TRBJ2-1,SATGREIGYNEQF,1
TRBV20-1,TRBJ2-1,SATGRELAYNEQF,1
TRBV20-1,TRBJ2-1,SATGRELLRYNEQF,3
TRBV20-1,TRBJ2-1,SATGRENAPYNEQF,1
TRBV20-1,TRBJ2-1,SATGRENEQF,2
TRBV20-1,TRBJ2-1,SATGRENYNEQF,1
TRBV20-1,TRBJ2-1,SATGREPHNEQF,1
TRBV20-1,TRBJ2-1,SATGREPSYNEQF,2
TRBV20-1,TRBJ2-1,SATGREPVYNEQF,1
TRBV20-1,TRBJ2-1,SATGRERLYNEQF,1
TRBV20-1,TRBJ2-1,SATGRERNNEQF,1
TRBV20-1,TRBJ2-1,SATGRESDEQF,1
TRBV20-1,TRBJ2-1,SATGRESPYNEQF,1
TRBV20-1,TRBJ2-1,SATGRESSIYNEQF,3
TRBV20-1,TRBJ2-1,SATGRESYDEQF,1
TRBV20-1,TRBJ2-1,SATGRESYHPAQF,1
TRBV20-1,TRBJ2-1,SATGRESYNEQF,3
TRBV20-1,TRBJ2-1,SATGREVEQF,1
TRBV20-1,TRBJ2-1,SATGREWYNEQF,3
TRBV20-1,TRBJ2-1,SATGREYNEQF,2
TRBV20-1,TRBJ2-1,SATGRFSGSYNEQF,1
TRBV20-1,TRBJ2-1,SATGRGAPYNEQF,1
TRBV20-1,TRBJ2-1,SATGRGASGSLSSYNEQF,1
TRBV20-1,TRBJ2-1,SATGRGDDEEPF,1
TRBV20-1,TRBJ2-1,SATGRGDEQF,3
TRBV20-1,TRBJ2-1,SATGRGDQYEQF,1
TRBV20-1,TRBJ2-1,SATGRGDYIEQF,1
TRBV20-1,TRBJ2-1,SATGRGDYNDQC,1
TRBV20-1,TRBJ2-1,SATGRGDYNDQF,2
TRBV20-1,TRBJ2-1,SATGRGDYNEHF,1
TRBV20-1,TRBJ2-1,SATGRGDYNEQF,18
TRBV20-1,TRBJ2-1,SATGRGDYTEQF,1
TRBV20-1,TRBJ2-1,SATGRGESNGNEQF,1
TRBV20-1,TRBJ2-1,SATGRGEYNEQF,1
TRBV20-1,TRBJ2-1,SATGRGFNEQF,1
TRBV20-1,TRBJ2-1,SATGRGGDEQF,2
TRBV20-1,TRBJ2-1,SATGRGGFHEQF,1
TRBV20-1,TRBJ2-1,SATGRGGNEQF,2
TRBV20-1,TRBJ2-1,SATGRGGPLRYNEQF,1
TRBV20-1,TRBJ2-1,SATGRGGPSYNEQF,1
TRBV20-1,TRBJ2-1,SATGRGGPYNEQF,1
TRBV20-1,TRBJ2-1,SATGRGGSGNEQF,2
TRBV20-1,TRBJ2-1,SATGRGGSPYNEQF,1
TRBV20-1,TRBJ2-1,SATGRGGSYNEQF,1
TRBV20-1,TRBJ2-1,SATGRGGYNEQF,2
TRBV20-1,TRBJ2-1,SATGRGHEQF,2
TRBV20-1,TRBJ2-1,SATGRGLANYNEQF,1
TRBV20-1,TRBJ2-1,SATGRGLGANEQF,1
TRBV20-1,TRBJ2-1,SATGRGLSGEQF,4
TRBV20-1,TRBJ2-1,SATGRGLTYNEQF,1
TRBV20-1,TRBJ2-1,SATGRGLYNEQF,1
TRBV20-1,TRBJ2-1,SATGRGNEQF,4
TRBV20-1,TRBJ2-1,SATGRGPLAYNEQF,1
TRBV20-1,TRBJ2-1,SATGRGPLYNEQF,1
TRBV20-1,TRBJ2-1,SATGRGPNEQF,1
TRBV20-1,TRBJ2-1,SATGRGPYNEQF,1
TRBV20-1,TRBJ2-1,SATGRGQGSNEQF,1
TRBV20-1,TRBJ2-1,SATGRGQGYNEQF,1
TRBV20-1,TRBJ2-1,SATGRGREATNEQF,2
TRBV20-1,TRBJ2-1,SATGRGRQYEQF,1
TRBV20-1,TRBJ2-1,SATGRGRSTSEQF,2
TRBV20-1,TRBJ2-1,SATGRGSAYNEQF,1
TRBV20-1,TRBJ2-1,SATGRGSGNNEQF,1
TRBV20-1,TRBJ2-1,SATGRGSRWDEQF,1
TRBV20-1,TRBJ2-1,SATGRGSSYNEQF,3
TRBV20-1,TRBJ2-1,SATGRGSYNEQF,9
TRBV20-1,TRBJ2-1,SATGRGTAYNEQF,1
TRBV20-1,TRBJ2-1,SATGRGTGYNEQF,1
TRBV20-1,TRBJ2-1,SATGRGTNTNEQF,4
TRBV20-1,TRBJ2-1,SATGRGTVSYNEQF,1
TRBV20-1,TRBJ2-1,SATGRGTYNEQF,2
TRBV20-1,TRBJ2-1,SATGRGVKEQF,1
TRBV20-1,TRBJ2-1,SATGRGVNAQF,2
TRBV20-1,TRBJ2-1,SATGRGVNEHF,1
TRBV20-1,TRBJ2-1,SATGRGVNEKF,1
TRBV20-1,TRBJ2-1,SATGRGVNEQF,97
TRBV20-1,TRBJ2-1,SATGRGVNEQY,1
TRBV20-1,TRBJ2-1,SATGRGVRGNEQF,3
TRBV20-1,TRBJ2-1,SATGRGVSYNEQF,1
TRBV20-1,TRBJ2-1,SATGRGYNEQF,3
TRBV20-1,TRBJ2-1,SATGRGYYNEQF,1
TRBV20-1,TRBJ2-1,SATGRIINEQF,1
TRBV20-1,TRBJ2-1,SATGRILYNEQF,1
TRBV20-1,TRBJ2-1,SATGRKGPYNEQF,1
TRBV20-1,TRBJ2-1,SATGRKGSYNEQF,1
TRBV20-1,TRBJ2-1,SATGRKNEQF,1
TRBV20-1,TRBJ2-1,SATGRKNNEQF,1
TRBV20-1,TRBJ2-1,SATGRKSSYNEQF,1
TRBV20-1,TRBJ2-1,SATGRKTSYNEQF,3
TRBV20-1,TRBJ2-1,SATGRLADSYNEQF,1
TRBV20-1,TRBJ2-1,SATGRLAGFYNEQF,1
TRBV20-1,TRBJ2-1,SATGRLAGGEFSSYNEQF,1
TRBV20-1,TRBJ2-1,SATGRLAGVPYNEQF,1
TRBV20-1,TRBJ2-1,SATGRLAGVYNEQF,2
TRBV20-1,TRBJ2-1,SATGRLANEQF,1
TRBV20-1,TRBJ2-1,SATGRLAYNEQF,2
TRBV20-1,TRBJ2-1,SATGRLGNEQF,1
TRBV20-1,TRBJ2-1,SATGRLGPTYNEQF,1
TRBV20-1,TRBJ2-1,SATGRLGVNEQF,1
TRBV20-1,TRBJ2-1,SATGRLNEQF,3
TRBV20-1,TRBJ2-1,SATGRLSSYNEQF,1
TRBV20-1,TRBJ2-1,SATGRLSYNEQF,1
TRBV20-1,TRBJ2-1,SATGRLTRYNEQF,1
TRBV20-1,TRBJ2-1,SATGRLYNEQF,1
TRBV20-1,TRBJ2-1,SATGRMGDEQF,1
TRBV20-1,TRBJ2-1,SATGRMGLARYEQF,1
TRBV20-1,TRBJ2-1,SATGRMNEQF,1
TRBV20-1,TRBJ2-1,SATGRNEQF,10
TRBV20-1,TRBJ2-1,SATGRNNEQF,5
TRBV20-1,TRBJ2-1,SATGRNRNEQF,6
TRBV20-1,TRBJ2-1,SATGRNSYNEQF,3
TRBV20-1,TRBJ2-1,SATGRPGQGYNEQF,5
TRBV20-1,TRBJ2-1,SATGRPGSRNEQF,1
TRBV20-1,TRBJ2-1,SATGRPGTSGRMPYNEQF,3
TRBV20-1,TRBJ2-1,SATGRPIENEQF,1
TRBV20-1,TRBJ2-1,SATGRPKYNEQF,1
TRBV20-1,TRBJ2-1,SATGRPLYNEQF,1
TRBV20-1,TRBJ2-1,SATGRPMGSYNEQF,3
TRBV20-1,TRBJ2-1,SATGRPNEQF,3
TRBV20-1,TRBJ2-1,SATGRPPTHYNEQF,1
TRBV20-1,TRBJ2-1,SATGRPPYNEQF,1
TRBV20-1,TRBJ2-1,SATGRPRNEQF,1
TRBV20-1,TRBJ2-1,SATGRPRSYHEQF,1
TRBV20-1,TRBJ2-1,SATGRPSGTYNEQF,1
TRBV20-1,TRBJ2-1,SATGRPSSYNEQF,2
TRBV20-1,TRBJ2-1,SATGRPYNEQF,2
TRBV20-1,TRBJ2-1,SATGRQA,1
TRBV20-1,TRBJ2-1,SATGRQDNEQF,1
TRBV20-1,TRBJ2-1,SATGRQGGLLGNEQF,1
TRBV20-1,TRBJ2-1,SATGRQGSYNEQF,5
TRBV20-1,TRBJ2-1,SATGRQRDSYNEQF,1
TRBV20-1,TRBJ2-1,SATGRRDDNEQF,1
TRBV20-1,TRBJ2-1,SATGRRDEQF,1
TRBV20-1,TRBJ2-1,SATGRRDYNEQF,1
TRBV20-1,TRBJ2-1,SATGRREGHNEQF,1
TRBV20-1,TRBJ2-1,SATGRREYNEQF,1
TRBV20-1,TRBJ2-1,SATGRREYYNEQF,1
TRBV20-1,TRBJ2-1,SATGRRGFSYNEQF,1
TRBV20-1,TRBJ2-1,SATGRRGGYNEQF,1
TRBV20-1,TRBJ2-1,SATGRRGMNEQF,1
TRBV20-1,TRBJ2-1,SATGRRGRGNEQF,1
TRBV20-1,TRBJ2-1,SATGRRGTSGSWSYNEQF,1
TRBV20-1,TRBJ2-1,SATGRRGVNEQF,1
TRBV20-1,TRBJ2-1,SATGRRGYDYNEQF,1
TRBV20-1,TRBJ2-1,SATGRRINEQF,1
TRBV20-1,TRBJ2-1,SATGRRLASFYEQF,1
TRBV20-1,TRBJ2-1,SATGRRNEQF,1
TRBV20-1,TRBJ2-1,SATGRRNRAYNEQF,1
TRBV20-1,TRBJ2-1,SATGRRPKYNEQF,1
TRBV20-1,TRBJ2-1,SATGRRSHKEQF,1
TRBV20-1,TRBJ2-1,SATGRRSSYNEQF,1
TRBV20-1,TRBJ2-1,SATGRRTSGPSSYNEQF,1
TRBV20-1,TRBJ2-1,SATGRRVSNNEQF,1
TRBV20-1,TRBJ2-1,SATGRRYNEQF,1
TRBV20-1,TRBJ2-1,SATGRSGISNEQF,1
TRBV20-1,TRBJ2-1,SATGRSGRNNEQF,1
TRBV20-1,TRBJ2-1,SATGRSGVQDEQF,2
TRBV20-1,TRBJ2-1,SATGRSGYNEQF,2
TRBV20-1,TRBJ2-1,SATGRSINEQF,1
TRBV20-1,TRBJ2-1,SATGRSKPGGNNEQF,1
TRBV20-1,TRBJ2-1,SATGRSNEQF,1
TRBV20-1,TRBJ2-1,SATGRSRGRYYNEQF,1
TRBV20-1,TRBJ2-1,SATGRSSAYNEQF,1
TRBV20-1,TRBJ2-1,SATGRSSYDEQF,1
TRBV20-1,TRBJ2-1,SATGRSSYNEQF,41
TRBV20-1,TRBJ2-1,SATGRSSYTEQF,1
TRBV20-1,TRBJ2-1,SATGRSYNEQF,6
TRBV20-1,TRBJ2-1,SATGRTGAYNEQF,1
TRBV20-1,TRBJ2-1,SATGRTNNEQF,2
TRBV20-1,TRBJ2-1,SATGRTPVHNEQF,1
TRBV20-1,TRBJ2-1,SATGRTSATYNEQF,1
TRBV20-1,TRBJ2-1,SATGRTSGDPSYNEQF,17
TRBV20-1,TRBJ2-1,SATGRTSGDPSYNEQL,2
TRBV20-1,TRBJ2-1,SATGRTSGDPSYNEQY,1
TRBV20-1,TRBJ2-1,SATGRTSGFYEQF,1
TRBV20-1,TRBJ2-1,SATGRTSGRRYNEQF,1
TRBV20-1,TRBJ2-1,SATGRTSGYNEQF,1
TRBV20-1,TRBJ2-1,SATGRTSSYNEQF,2
TRBV20-1,TRBJ2-1,SATGRTSYNEQF,5
TRBV20-1,TRBJ2-1,SATGRTWGSEQF,4
TRBV20-1,TRBJ2-1,SATGRTYDEQF,1
TRBV20-1,TRBJ2-1,SATGRTYNEQF,6
TRBV20-1,TRBJ2-1,SATGRVAESYNEQF,1
TRBV20-1,TRBJ2-1,SATGRVDYNDQF,1
TRBV20-1,TRBJ2-1,SATGRVGNEQF,1
TRBV20-1,TRBJ2-1,SATGRVGSAARGYNEQF,1
TRBV20-1,TRBJ2-1,SATGRVNEQF,2
TRBV20-1,TRBJ2-1,SATGRVPNEQF,1
TRBV20-1,TRBJ2-1,SATGRVRALSSYNEQF,1
TRBV20-1,TRBJ2-1,SATGRVRDEQF,1
TRBV20-1,TRBJ2-1,SATGRVRVDEQF,1
TRBV20-1,TRBJ2-1,SATGRVSNEQF,3
TRBV20-1,TRBJ2-1,SATGRVSNSYNEQF,1
TRBV20-1,TRBJ2-1,SATGRVSYNEQF,3
TRBV20-1,TRBJ2-1,SATGRVVSSYNEQF,1
TRBV20-1,TRBJ2-1,SATGRVYNEQF,2
TRBV20-1,TRBJ2-1,SATGRWDYNEQF,1
TRBV20-1,TRBJ2-1,SATGRYLSYNEQF,1
TRBV20-1,TRBJ2-1,SATGRYNEQF,19
TRBV20-1,TRBJ2-1,SATGRYYNEQF,1
TRBV20-1,TRBJ2-1,SATGSAAMNEQF,1
TRBV20-1,TRBJ2-1,SATGSADEQF,1
TRBV20-1,TRBJ2-1,SATGSAGLLSYNEQF,1
TRBV20-1,TRBJ2-1,SATGSAGNEQF,1
TRBV20-1,TRBJ2-1,SATGSAGVWDEQF,1
TRBV20-1,TRBJ2-1,SATGSARYNEQF,1
TRBV20-1,TRBJ2-1,SATGSAYNEQF,4
TRBV20-1,TRBJ2-1,SATGSDEQF,2
TRBV20-1,TRBJ2-1,SATGSDGDEQF,1
TRBV20-1,TRBJ2-1,SATGSDNEQF,1
TRBV20-1,TRBJ2-1,SATGSDNRNEQF,1
TRBV20-1,TRBJ2-1,SATGSDRAYNEQF,1
TRBV20-1,TRBJ2-1,SATGSDYNEQF,1
TRBV20-1,TRBJ2-1,SATGSELAGENEQF,1
TRBV20-1,TRBJ2-1,SATGSEQF,5
TRBV20-1,TRBJ2-1,SATGSERDGNEQF,2
TRBV20-1,TRBJ2-1,SATGSERVSSYNEQF,5
TRBV20-1,TRBJ2-1,SATGSETHNEQF,1
TRBV20-1,TRBJ2-1,SATGSFENEQF,1
TRBV20-1,TRBJ2-1,SATGSFGTSGRGIYNEQF,4
TRBV20-1,TRBJ2-1,SATGSFPQLNEQF,1
TRBV20-1,TRBJ2-1,SATGSFSGDNEQF,3
TRBV20-1,TRBJ2-1,SATGSFSWDNEQF,1
TRBV20-1,TRBJ2-1,SATGSFSYNEQF,1
TRBV20-1,TRBJ2-1,SATGSFYNEQF,1
TRBV20-1,TRBJ2-1,SATGSGAGVAGQF,3
TRBV20-1,TRBJ2-1,SATGSGAWDNEQF,1
TRBV20-1,TRBJ2-1,SATGSGAYNEHF,1
TRBV20-1,TRBJ2-1,SATGSGAYNEQF,7
TRBV20-1,TRBJ2-1,SATGSGDLIYNEQF,1
TRBV20-1,TRBJ2-1,SATGSGDNEQF,1
TRBV20-1,TRBJ2-1,SATGSGEQF,3
TRBV20-1,TRBJ2-1,SATGSGFRNEQF,4
TRBV20-1,TRBJ2-1,SATGSGGHSNEQF,1
TRBV20-1,TRBJ2-1,SATGSGGLYNEQF,1
TRBV20-1,TRBJ2-1,SATGSGGNEQF,2
TRBV20-1,TRBJ2-1,SATGSGGNNEQF,2
TRBV20-1,TRBJ2-1,SATGSGGRNEQF,5
TRBV20-1,TRBJ2-1,SATGSGGSNEQF,1
TRBV20-1,TRBJ2-1,SATGSGGVLYNEQF,1
TRBV20-1,TRBJ2-1,SATGSGGYNEQF,1
TRBV20-1,TRBJ2-1,SATGSGHEQF,1
TRBV20-1,TRBJ2-1,SATGSGIEDNEQF,1
TRBV20-1,TRBJ2-1,SATGSGIGSEQF,2
TRBV20-1,TRBJ2-1,SATGSGKDNEQF,2
TRBV20-1,TRBJ2-1,SATGSGLAGGGEQF,10
TRBV20-1,TRBJ2-1,SATGSGLAGGPVNEQF,1
TRBV20-1,TRBJ2-1,SATGSGLARSPFNEQF,1
TRBV20-1,TRBJ2-1,SATGSGLNEQF,1
TRBV20-1,TRBJ2-1,SATGSGNEQF,10
TRBV20-1,TRBJ2-1,SATGSGNILGYNEQF,1
TRBV20-1,TRBJ2-1,SATGSGNNEQF,1
TRBV20-1,TRBJ2-1,SATGSGNSYNEQF,1
TRBV20-1,TRBJ2-1,SATGSGPDGNEQF,1
TRBV20-1,TRBJ2-1,SATGSGPQDNEQF,1
TRBV20-1,TRBJ2-1,SATGSGPYNEQF,1
TRBV20-1,TRBJ2-1,SATGSGQGELASYNEQF,1
TRBV20-1,TRBJ2-1,SATGSGQGWINEQF,1
TRBV20-1,TRBJ2-1,SATGSGQIVTYNEQF,1
TRBV20-1,TRBJ2-1,SATGSGQRETVDEQF,1
TRBV20-1,TRBJ2-1,SATGSGQYNELF,1
TRBV20-1,TRBJ2-1,SATGSGQYNEQF,4
TRBV20-1,TRBJ2-1,SATGSGRAGDEQF,1
TRBV20-1,TRBJ2-1,SATGSGRAGYYNEQF,1
TRBV20-1,TRBJ2-1,SATGSGRAHNEQF,1
TRBV20-1,TRBJ2-1,SATGSGRAVGNEQF,1
TRBV20-1,TRBJ2-1,SATGSGRAVNEQF,1
TRBV20-1,TRBJ2-1,SATGSGRDYNEQF,1
TRBV20-1,TRBJ2-1,SATGSGREGNEQF,1
TRBV20-1,TRBJ2-1,SATGSGRGLDNEQF,1
TRBV20-1,TRBJ2-1,SATGSGRNEQF,1
TRBV20-1,TRBJ2-1,SATGSGRRNEQF,1
TRBV20-1,TRBJ2-1,SATGSGRSDEQF,1
TRBV20-1,TRBJ2-1,SATGSGRTGSYNEQF,1
TRBV20-1,TRBJ2-1,SATGSGRTYNEQF,1
TRBV20-1,TRBJ2-1,SATGSGRVDEQF,1
TRBV20-1,TRBJ2-1,SATGSGSGNEQF,1
TRBV20-1,TRBJ2-1,SATGSGSHNEQF,1
TRBV20-1,TRBJ2-1,SATGSGSHYNEQF,1
TRBV20-1,TRBJ2-1,SATGSGSRYNEQF,1
TRBV20-1,TRBJ2-1,SATGSGSSYNEQF,2
TRBV20-1,TRBJ2-1,SATGSGSTNEQF,1
TRBV20-1,TRBJ2-1,SATGSGSTYEQF,2
TRBV20-1,TRBJ2-1,SATGSGSWNEQF,1
TRBV20-1,TRBJ2-1,SATGSGSYNEQF,2
TRBV20-1,TRBJ2-1,SATGSGTAYNEQF,1
TRBV20-1,TRBJ2-1,SATGSGTESYNEQF,1
TRBV20-1,TRBJ2-1,SATGSGTGSYNEQF,1
TRBV20-1,TRBJ2-1,SATGSGTKGPNEQF,1
TRBV20-1,TRBJ2-1,SATGSGTNNEQF,2
TRBV20-1,TRBJ2-1,SATGSGTNPYNEQF,2
TRBV20-1,TRBJ2-1,SATGSGTYYSYNEQF,1
TRBV20-1,TRBJ2-1,SATGSGVNEQF,1
TRBV20-1,TRBJ2-1,SATGSGVPNEQF,1
TRBV20-1,TRBJ2-1,SATGSGVYNEQF,1
TRBV20-1,TRBJ2-1,SATGSGYNEQF,7
TRBV20-1,TRBJ2-1,SATGSGYRNEQF,1
TRBV20-1,TRBJ2-1,SATGSHEQF,1
TRBV20-1,TRBJ2-1,SATGSHNEQF,1
TRBV20-1,TRBJ2-1,SATGSHRGNEQF,1
TRBV20-1,TRBJ2-1,SATGSIAGGPNEQF,1
TRBV20-1,TRBJ2-1,SATGSIMYNEQF,1
TRBV20-1,TRBJ2-1,SATGSIRNNEQF,1
TRBV20-1,TRBJ2-1,SATGSITRGRARDEQF,1
TRBV20-1,TRBJ2-1,SATGSKADSNEQF,1
TRBV20-1,TRBJ2-1,SATGSKQREGSYNEQF,2
TRBV20-1,TRBJ2-1,SATGSKSRSYNEQF,1
TRBV20-1,TRBJ2-1,SATGSKSSYNEQF,1
TRBV20-1,TRBJ2-1,SATGSKYDEQF,1
TRBV20-1,TRBJ2-1,SATGSLAAHNEQF,1
TRBV20-1,TRBJ2-1,SATGSLADLQSHNEQF,1
TRBV20-1,TRBJ2-1,SATGSLAGGRSSYNEQF,1
TRBV20-1,TRBJ2-1,SATGSLAGVNEQF,2
TRBV20-1,TRBJ2-1,SATGSLAGYNEQF,1
TRBV20-1,TRBJ2-1,SATGSLAPYNEQF,3
TRBV20-1,TRBJ2-1,SATGSLDEQF,3
TRBV20-1,TRBJ2-1,SATGSLGGNEQF,1
TRBV20-1,TRBJ2-1,SATGSLGYNEQF,1
TRBV20-1,TRBJ2-1,SATGSLHEQF,1
TRBV20-1,TRBJ2-1,SATGSLISNSYNEQF,1
TRBV20-1,TRBJ2-1,SATGSLKGNEQF,1
TRBV20-1,TRBJ2-1,SATGSLYNEQF,1
TRBV20-1,TRBJ2-1,SATGSMTYNEQF,1
TRBV20-1,TRBJ2-1,SATGSNEQF,6
TRBV20-1,TRBJ2-1,SATGSNNEQF,5
TRBV20-1,TRBJ2-1,SATGSNSYNEQF,2
TRBV20-1,TRBJ2-1,SATGSPAHEQF,1
TRBV20-1,TRBJ2-1,SATGSPAYNEQF,2
TRBV20-1,TRBJ2-1,SATGSPDNEQF,1
TRBV20-1,TRBJ2-1,SATGSPEGNEQF,1
TRBV20-1,TRBJ2-1,SATGSPFRNEQF,1
TRBV20-1,TRBJ2-1,SATGSPGRVNNEQF,1
TRBV20-1,TRBJ2-1,SATGSPHNEQF,1
TRBV20-1,TRBJ2-1,SATGSPIRNEQF,1
TRBV20-1,TRBJ2-1,SATGSPMDNEQF,1
TRBV20-1,TRBJ2-1,SATGSPNSYNEQF,1
TRBV20-1,TRBJ2-1,SATGSPRGNEQF,1
TRBV20-1,TRBJ2-1,SATGSPSHEQF,3
TRBV20-1,TRBJ2-1,SATGSPTNNEQF,1
TRBV20-1,TRBJ2-1,SATGSPTVDEQF,1
TRBV20-1,TRBJ2-1,SATGSPTYYEQF,1
TRBV20-1,TRBJ2-1,SATGSPYNEQF,3
TRBV20-1,TRBJ2-1,SATGSQGNEQF,1
TRBV20-1,TRBJ2-1,SATGSQGTTYNEQF,1
TRBV20-1,TRBJ2-1,SATGSQNEQF,1
TRBV20-1,TRBJ2-1,SATGSQQRERSYNEQF,6
TRBV20-1,TRBJ2-1,SATGSQSSYNEQF,1
TRBV20-1,TRBJ2-1,SATGSRDEQF,1
TRBV20-1,TRBJ2-1,SATGSREGLYNEQF,1
TRBV20-1,TRBJ2-1,SATGSRGRAGNEQF,1
TRBV20-1,TRBJ2-1,SATGSRGTNGYEQF,1
TRBV20-1,TRBJ2-1,SATGSRGYNEQF,1
TRBV20-1,TRBJ2-1,SATGSRNEQF,2
TRBV20-1,TRBJ2-1,SATGSRRGNEQF,1
TRBV20-1,TRBJ2-1,SATGSRSYNEQF,2
TRBV20-1,TRBJ2-1,SATGSSAYNEQF,1
TRBV20-1,TRBJ2-1,SATGSSDEQF,1
TRBV20-1,TRBJ2-1,SATGSSGATYNEQF,1
TRBV20-1,TRBJ2-1,SATGSSGGFSYNEQF,1
TRBV20-1,TRBJ2-1,SATGSSGGGYNEQF,1
TRBV20-1,TRBJ2-1,SATGSSGHNEQF,1
TRBV20-1,TRBJ2-1,SATGSSGILNEQF,1
TRBV20-1,TRBJ2-1,SATGSSGKHNEQF,1
TRBV20-1,TRBJ2-1,SATGSSGNTYNEQF,1
TRBV20-1,TRBJ2-1,SATGSSGNYEQF,1
TRBV20-1,TRBJ2-1,SATGSSGRASYNEQF,1
TRBV20-1,TRBJ2-1,SATGSSGRISYNEQF,1
TRBV20-1,TRBJ2-1,SATGSSGRMSSYNEQF,1
TRBV20-1,TRBJ2-1,SATGSSGRPNNEQF,1
TRBV20-1,TRBJ2-1,SATGSSGSINEQF,2
TRBV20-1,TRBJ2-1,SATGSSGSNEQF,1
TRBV20-1,TRBJ2-1,SATGSSGSWAYNEQF,1
TRBV20-1,TRBJ2-1,SATGSSLSNEQF,1
TRBV20-1,TRBJ2-1,SATGSSNEQF,2
TRBV20-1,TRBJ2-1,SATGSSPRNEQF,1
TRBV20-1,TRBJ2-1,SATGSSSYDEQF,1
TRBV20-1,TRBJ2-1,SATGSSSYNEQF,6
TRBV20-1,TRBJ2-1,SATGSSYKEQF,1
TRBV20-1,TRBJ2-1,SATGSSYNEQF,41
TRBV20-1,TRBJ2-1,SATGSTDEQF,2
TRBV20-1,TRBJ2-1,SATGSTLYNEQF,1
TRBV20-1,TRBJ2-1,SATGSTRGQF,7
TRBV20-1,TRBJ2-1,SATGSTRQSSYNEQF,1
TRBV20-1,TRBJ2-1,SATGSTSGRAHYNEQF,1
TRBV20-1,TRBJ2-1,SATGSTSGRRNEQF,1
TRBV20-1,TRBJ2-1,SATGSTSGYNEQF,1
TRBV20-1,TRBJ2-1,SATGSTSSYNEQF,1
TRBV20-1,TRBJ2-1,SATGSTYNEQF,4
TRBV20-1,TRBJ2-1,SATGSVFGKTSGIYNEQF,1
TRBV20-1,TRBJ2-1,SATGSVGLAGNNEQF,2
TRBV20-1,TRBJ2-1,SATGSVGRILSSYNEQF,1
TRBV20-1,TRBJ2-1,SATGSVHYNEQF,5
TRBV20-1,TRBJ2-1,SATGSVMVGSYNEQF,1
TRBV20-1,TRBJ2-1,SATGSVNNEQF,1
TRBV20-1,TRBJ2-1,SATGSVQL,1
TRBV20-1,TRBJ2-1,SATGSWENEQF,1
TRBV20-1,TRBJ2-1,SATGSWGGYNEQF,4
TRBV20-1,TRBJ2-1,SATGSYGTLPNEQF,1
TRBV20-1,TRBJ2-1,SATGSYNEHF,1
TRBV20-1,TRBJ2-1,SATGSYNEQF,46
TRBV20-1,TRBJ2-1,SATGSYYNEQF,3
TRBV20-1,TRBJ2-1,SATGTAAYNEQF,6
TRBV20-1,TRBJ2-1,SATGTADNEQF,3
TRBV20-1,TRBJ2-1,SATGTAEYNAQF,1
TRBV20-1,TRBJ2-1,SATGTAEYNEQF,2
TRBV20-1,TRBJ2-1,SATGTAEYTEQF,1
TRBV20-1,TRBJ2-1,SATGTAFFDEQF,1
TRBV20-1,TRBJ2-1,SATGTAFHEQF,1
TRBV20-1,TRBJ2-1,SATGTAFNEQF,1
TRBV20-1,TRBJ2-1,SATGTAFYNEQF,1
TRBV20-1,TRBJ2-1,SATGTAGANEQF,1
TRBV20-1,TRBJ2-1,SATGTAGEQF,1
TRBV20-1,TRBJ2-1,SATGTAGHEQF,1
TRBV20-1,TRBJ2-1,SATGTAGLTSSYNEQF,7
TRBV20-1,TRBJ2-1,SATGTAGNEQF,1
TRBV20-1,TRBJ2-1,SATGTAGYNEQF,1
TRBV20-1,TRBJ2-1,SATGTAIHEQF,2
TRBV20-1,TRBJ2-1,SATGTAIRTSGRPHYNEQF,1
TRBV20-1,TRBJ2-1,SATGTAISSYNEQF,1
TRBV20-1,TRBJ2-1,SATGTAISYNEQF,1
TRBV20-1,TRBJ2-1,SATGTAKSTSYNEQF,1
TRBV20-1,TRBJ2-1,SATGTAKYNEQF,2
TRBV20-1,TRBJ2-1,SATGTALDEQF,1
TRBV20-1,TRBJ2-1,SATGTALGLAGTWSEDEQF,1
TRBV20-1,TRBJ2-1,SATGTALNEQF,2
TRBV20-1,TRBJ2-1,SATGTALYNEQF,4
TRBV20-1,TRBJ2-1,SATGTANEQF,1
TRBV20-1,TRBJ2-1,SATGTANNEQF,9
TRBV20-1,TRBJ2-1,SATGTANNEQY,2
TRBV20-1,TRBJ2-1,SATGTANYNEQF,3
TRBV20-1,TRBJ2-1,SATGTAPYNEQF,2
TRBV20-1,TRBJ2-1,SATGTARMDEQF,1
TRBV20-1,TRBJ2-1,SATGTARNEQF,1
TRBV20-1,TRBJ2-1,SATGTARSYNEQF,2
TRBV20-1,TRBJ2-1,SATGTASEYEQF,2
TRBV20-1,TRBJ2-1,SATGTASGQYNEQF,1
TRBV20-1,TRBJ2-1,SATGTASLQF,1
TRBV20-1,TRBJ2-1,SATGTASNEQF,1
TRBV20-1,TRBJ2-1,SATGTASSYNEQF,6
TRBV20-1,TRBJ2-1,SATGTASSYNGQF,1
TRBV20-1,TRBJ2-1,SATGTASVLF,7
TRBV20-1,TRBJ2-1,SATGTASYNEQF,9
TRBV20-1,TRBJ2-1,SATGTATYNEQF,3
TRBV20-1,TRBJ2-1,SATGTAYNEQF,20
TRBV20-1,TRBJ2-1,SATGTAYYNEQF,1
TRBV20-1,TRBJ2-1,SATGTCGFGQF,1
TRBV20-1,TRBJ2-1,SATGTCLYEQF,1
TRBV20-1,TRBJ2-1,SATGTDAINEQF,5
TRBV20-1,TRBJ2-1,SATGTDATYNEQF,1
TRBV20-1,TRBJ2-1,SATGTDDEQF,2
TRBV20-1,TRBJ2-1,SATGTDDYNEQF,2
TRBV20-1,TRBJ2-1,SATGTDEQF,5
TRBV20-1,TRBJ2-1,SATGTDFVNEQF,1
TRBV20-1,TRBJ2-1,SATGTDFYNEQF,1
TRBV20-1,TRBJ2-1,SATGTDHEQF,5
TRBV20-1,TRBJ2-1,SATGTDHNEQF,3
TRBV20-1,TRBJ2-1,SATGTDLSGEQF,5
TRBV20-1,TRBJ2-1,SATGTDNDQF,1
TRBV20-1,TRBJ2-1,SATGTDNEQF,7
TRBV20-1,TRBJ2-1,SATGTDPSLYNEQF,1
TRBV20-1,TRBJ2-1,SATGTDRNEQF,1
TRBV20-1,TRBJ2-1,SATGTDRTSGSGDEQF,1
TRBV20-1,TRBJ2-1,SATGTDRYNEQF,4
TRBV20-1,TRBJ2-1,SATGTDSSYNEQF,1
TRBV20-1,TRBJ2-1,SATGTDSWDEQF,1
TRBV20-1,TRBJ2-1,SATGTDSYIEQF,1
TRBV20-1,TRBJ2-1,SATGTDSYNEQF,22
TRBV20-1,TRBJ2-1,SATGTDSYNEQL,1
TRBV20-1,TRBJ2-1,SATGTDTNNEQF,1
TRBV20-1,TRBJ2-1,SATGTDTSYNEQF,1
TRBV20-1,TRBJ2-1,SATGTDTVSYNEQF,1
TRBV20-1,TRBJ2-1,SATGTDVPYNEQF,1
TRBV20-1,TRBJ2-1,SATGTDWDNEQF,1
TRBV20-1,TRBJ2-1,SATGTDWREIGNEQF,1
TRBV20-1,TRBJ2-1,SATGTDYNEQF,4
TRBV20-1,TRBJ2-1,SATGTEALGVSGVYNEQF,1
TRBV20-1,TRBJ2-1,SATGTEDNEQF,5
TRBV20-1,TRBJ2-1,SATGTEIYNEQF,2
TRBV20-1,TRBJ2-1,SATGTENEQF,1
TRBV20-1,TRBJ2-1,SATGTENNEQF,2
TRBV20-1,TRBJ2-1,SATGTENYNEQF,2
TRBV20-1,TRBJ2-1,SATGTEPLDEQF,1
TRBV20-1,TRBJ2-1,SATGTEPYNEQF,1
TRBV20-1,TRBJ2-1,SATGTEQF,18
TRBV20-1,TRBJ2-1,SATGTEQGNEQF,1
TRBV20-1,TRBJ2-1,SATGTERYNEQF,1
TRBV20-1,TRBJ2-1,SATGTESYNEQF,1
TRBV20-1,TRBJ2-1,SATGTEVDNEQF,1
TRBV20-1,TRBJ2-1,SATGTEVNNEQF,1
TRBV20-1,TRBJ2-1,SATGTEYNEQF,3
TRBV20-1,TRBJ2-1,SATGTFGNNEQF,1
TRBV20-1,TRBJ2-1,SATGTFHEQF,1
TRBV20-1,TRBJ2-1,SATGTFHSYNEQF,6
TRBV20-1,TRBJ2-1,SATGTFNEQF,3
TRBV20-1,TRBJ2-1,SATGTFPYNEQF,1
TRBV20-1,TRBJ2-1,SATGTFSGRAYNEQF,1
TRBV20-1,TRBJ2-1,SATGTFSYNEQF,1
TRBV20-1,TRBJ2-1,SATGTFYNEQF,2
TRBV20-1,TRBJ2-1,SATGTGAFNEQF,2
TRBV20-1,TRBJ2-1,SATGTGAGNEQF,6
TRBV20-1,TRBJ2-1,SATGTGAHEQF,3
TRBV20-1,TRBJ2-1,SATGTGAHNEQF,2
TRBV20-1,TRBJ2-1,SATGTGALGLNEQF,2
TRBV20-1,TRBJ2-1,SATGTGALLYNEQF,2
TRBV20-1,TRBJ2-1,SATGTGANEQF,2
TRBV20-1,TRBJ2-1,SATGTGANNEQF,2
TRBV20-1,TRBJ2-1,SATGTGANSSYNEQF,1
TRBV20-1,TRBJ2-1,SATGTGANYNEQF,1
TRBV20-1,TRBJ2-1,SATGTGAQTYNEQF,1
TRBV20-1,TRBJ2-1,SATGTGARNEQF,1
TRBV20-1,TRBJ2-1,SATGTGARYNEQF,1
TRBV20-1,TRBJ2-1,SATGTGASGRKYNEQF,1
TRBV20-1,TRBJ2-1,SATGTGASLTYNEQF,1
TRBV20-1,TRBJ2-1,SATGTGASNEQF,1
TRBV20-1,TRBJ2-1,SATGTGASYNEQF,1
TRBV20-1,TRBJ2-1,SATGTGATNEQF,1
TRBV20-1,TRBJ2-1,SATGTGAYNEQF,7
TRBV20-1,TRBJ2-1,SATGTGAYSSYNEQF,1
TRBV20-1,TRBJ2-1,SATGTGDDNEQF,1
TRBV20-1,TRBJ2-1,SATGTGDEQF,3
TRBV20-1,TRBJ2-1,SATGTGDHNEQF,3
TRBV20-1,TRBJ2-1,SATGTGDIYNEQF,1
TRBV20-1,TRBJ2-1,SATGTGDLNEQF,1
TRBV20-1,TRBJ2-1,SATGTGDNEQF,8
TRBV20-1,TRBJ2-1,SATGTGDSNEQF,1
TRBV20-1,TRBJ2-1,SATGTGDSSYNEQF,1
TRBV20-1,TRBJ2-1,SATGTGDSYNEQF,1
TRBV20-1,TRBJ2-1,SATGTGDYNEQF,37
TRBV20-1,TRBJ2-1,SATGTGDYNEQL,1
TRBV20-1,TRBJ2-1,SATGTGDYRGNEQF,5
TRBV20-1,TRBJ2-1,SATGTGEINEQF,4
TRBV20-1,TRBJ2-1,SATGTGEKVPYYNEQF,1
TRBV20-1,TRBJ2-1,SATGTGELGEQF,2
TRBV20-1,TRBJ2-1,SATGTGEPYNEQF,6
TRBV20-1,TRBJ2-1,SATGTGERNEQF,1
TRBV20-1,TRBJ2-1,SATGTGERSYNEQF,1
TRBV20-1,TRBJ2-1,SATGTGEYNEQF,2
TRBV20-1,TRBJ2-1,SATGTGFNEQF,2
TRBV20-1,TRBJ2-1,SATGTGFRNEQF,1
TRBV20-1,TRBJ2-1,SATGTGFVDEQF,1
TRBV20-1,TRBJ2-1,SATGTGFWNEQF,1
TRBV20-1,TRBJ2-1,SATGTGFYNEQF,3
TRBV20-1,TRBJ2-1,SATGTGGANNEQF,1
TRBV20-1,TRBJ2-1,SATGTGGAYNEQF,2
TRBV20-1,TRBJ2-1,SATGTGGCNDQF,1
TRBV20-1,TRBJ2-1,SATGTGGCNEQF,1
TRBV20-1,TRBJ2-1,SATGTGGDLGDEQF,1
TRBV20-1,TRBJ2-1,SATGTGGDNEQF,1
TRBV20-1,TRBJ2-1,SATGTGGENEQF,1
TRBV20-1,TRBJ2-1,SATGTGGERSYNEQF,1
TRBV20-1,TRBJ2-1,SATGTGGESHNEQF,1
TRBV20-1,TRBJ2-1,SATGTGGFDEQF,1
TRBV20-1,TRBJ2-1,SATGTGGFNEQF,7
TRBV20-1,TRBJ2-1,SATGTGGFSSYNEQF,1
TRBV20-1,TRBJ2-1,SATGTGGFYEQF,1
TRBV20-1,TRBJ2-1,SATGTGGFYNEQF,1
TRBV20-1,TRBJ2-1,SATGTGGGAYNEQF,1
TRBV20-1,TRBJ2-1,SATGTGGGEQF,1
TRBV20-1,TRBJ2-1,SATGTGGGLVFVDEQF,1
TRBV20-1,TRBJ2-1,SATGTGGGNEQF,1
TRBV20-1,TRBJ2-1,SATGTGGGTDEQF,1
TRBV20-1,TRBJ2-1,SATGTGGGTPRSSSYNEQF,1
TRBV20-1,TRBJ2-1,SATGTGGGYNEQF,2
TRBV20-1,TRBJ2-1,SATGTGGHEQF,2
TRBV20-1,TRBJ2-1,SATGTGGHNEQF,4
TRBV20-1,TRBJ2-1,SATGTGGIDEQF,3
TRBV20-1,TRBJ2-1,SATGTGGIHEQF,1
TRBV20-1,TRBJ2-1,SATGTGGINEQF,4
TRBV20-1,TRBJ2-1,SATGTGGIPPYNEQF,5
TRBV20-1,TRBJ2-1,SATGTGGISYNEQF,1
TRBV20-1,TRBJ2-1,SATGTGGKNEQF,5
TRBV20-1,TRBJ2-1,SATGTGGLDEQF,1
TRBV20-1,TRBJ2-1,SATGTGGLGSVVSYNEQF,1
TRBV20-1,TRBJ2-1,SATGTGGLNEQF,9
TRBV20-1,TRBJ2-1,SATGTGGLNVPEQF,1
TRBV20-1,TRBJ2-1,SATGTGGLSSYNEQF,1
TRBV20-1,TRBJ2-1,SATGTGGLYEQF,2
TRBV20-1,TRBJ2-1,SATGTGGMNEQF,1
TRBV20-1,TRBJ2-1,SATGTGGNEQF,14
TRBV20-1,TRBJ2-1,SATGTGGNLGYNEQF,1
TRBV20-1,TRBJ2-1,SATGTGGNNEQF,9
TRBV20-1,TRBJ2-1,SATGTGGNSGNNEQF,1
TRBV20-1,TRBJ2-1,SATGTGGPNEQF,8
TRBV20-1,TRBJ2-1,SATGTGGPYNEQF,1
TRBV20-1,TRBJ2-1,SATGTGGRDEQF,1
TRBV20-1,TRBJ2-1,SATGTGGREQF,5
TRBV20-1,TRBJ2-1,SATGTGGRGNEQF,3
TRBV20-1,TRBJ2-1,SATGTGGRNEQF,4
TRBV20-1,TRBJ2-1,SATGTGGSEQF,1
TRBV20-1,TRBJ2-1,SATGTGGSGPQLNEQF,6
TRBV20-1,TRBJ2-1,SATGTGGSGPQLNQQF,1
TRBV20-1,TRBJ2-1,SATGTGGSNEQF,5
TRBV20-1,TRBJ2-1,SATGTGGSPYNEQF,1
TRBV20-1,TRBJ2-1,SATGTGGSSYNEQF,1
TRBV20-1,TRBJ2-1,SATGTGGSYNEQF,1
TRBV20-1,TRBJ2-1,SATGTGGTLRTSGILYEQF,1
TRBV20-1,TRBJ2-1,SATGTGGTPDNEQF,1
TRBV20-1,TRBJ2-1,SATGTGGVNEQF,2
TRBV20-1,TRBJ2-1,SATGTGGVYNEQF,1
TRBV20-1,TRBJ2-1,SATGTGGWDEQF,1
TRBV20-1,TRBJ2-1,SATGTGGWNEQF,3
TRBV20-1,TRBJ2-1,SATGTGGWYNEQF,1
TRBV20-1,TRBJ2-1,SATGTGGYDEQF,1
TRBV20-1,TRBJ2-1,SATGTGGYEQF,4
TRBV20-1,TRBJ2-1,SATGTGGYNAQF,2
TRBV20-1,TRBJ2-1,SATGTGGYNDQF,1
TRBV20-1,TRBJ2-1,SATGTGGYNEKF,2
TRBV20-1,TRBJ2-1,SATGTGGYNEPF,1
TRBV20-1,TRBJ2-1,SATGTGGYNEQC,5
TRBV20-1,TRBJ2-1,SATGTGGYNEQF,256
TRBV20-1,TRBJ2-1,SATGTGGYNEQL,2
TRBV20-1,TRBJ2-1,SATGTGGYNEQS,1
TRBV20-1,TRBJ2-1,SATGTGGYNERF,1
TRBV20-1,TRBJ2-1,SATGTGGYNGQF,1
TRBV20-1,TRBJ2-1,SATGTGGYNKQF,1
TRBV20-1,TRBJ2-1,SATGTGGYYNEQF,1
TRBV20-1,TRBJ2-1,SATGTGHEQF,1
TRBV20-1,TRBJ2-1,SATGTGHINEQF,1
TRBV20-1,TRBJ2-1,SATGTGHNEQF,9
TRBV20-1,TRBJ2-1,SATGTGHVLWGNEQF,1
TRBV20-1,TRBJ2-1,SATGTGHYNEQF,3
TRBV20-1,TRBJ2-1,SATGTGIDEQF,2
TRBV20-1,TRBJ2-1,SATGTGIGNEQF,2
TRBV20-1,TRBJ2-1,SATGTGINEQF,2
TRBV20-1,TRBJ2-1,SATGTGIRGNEQF,3
TRBV20-1,TRBJ2-1,SATGTGISNEQF,1
TRBV20-1,TRBJ2-1,SATGTGITYNEQF,1
TRBV20-1,TRBJ2-1,SATGTGIVYITYNEQF,1
TRBV20-1,TRBJ2-1,SATGTGIYNEQF,3
TRBV20-1,TRBJ2-1,SATGTGKDNEQF,1
TRBV20-1,TRBJ2-1,SATGTGKENEQF,1
TRBV20-1,TRBJ2-1,SATGTGKFGQF,1
TRBV20-1,TRBJ2-1,SATGTGKFNEQF,1
TRBV20-1,TRBJ2-1,SATGTGKIYNEQF,1
TRBV20-1,TRBJ2-1,SATGTGKLDEQF,1
TRBV20-1,TRBJ2-1,SATGTGKNEQF,1
TRBV20-1,TRBJ2-1,SATGTGKRNEPF,1
TRBV20-1,TRBJ2-1,SATGTGKRNEQF,4
TRBV20-1,TRBJ2-1,SATGTGLAENNEQF,1
TRBV20-1,TRBJ2-1,SATGTGLDEQF,1
TRBV20-1,TRBJ2-1,SATGTGLDNEQF,1
TRBV20-1,TRBJ2-1,SATGTGLF,2
TRBV20-1,TRBJ2-1,SATGTGLLNEQF,6
TRBV20-1,TRBJ2-1,SATGTGLNEQF,1
TRBV20-1,TRBJ2-1,SATGTGLNNEQF,1
TRBV20-1,TRBJ2-1,SATGTGLPGSYNEQF,1
TRBV20-1,TRBJ2-1,SATGTGLSWGASYNEQF,1
TRBV20-1,TRBJ2-1,SATGTGLSYNEQF,1
TRBV20-1,TRBJ2-1,SATGTGLVSYNEQF,1
TRBV20-1,TRBJ2-1,SATGTGLYEQF,2
TRBV20-1,TRBJ2-1,SATGTGLYNEQF,9
TRBV20-1,TRBJ2-1,SATGTGMFNEQF,1
TRBV20-1,TRBJ2-1,SATGTGMRERYHEQF,1
TRBV20-1,TRBJ2-1,SATGTGNEQF,11
TRBV20-1,TRBJ2-1,SATGTGNKIPSHEQF,1
TRBV20-1,TRBJ2-1,SATGTGNLYNEQF,1
TRBV20-1,TRBJ2-1,SATGTGNNEQF,7
TRBV20-1,TRBJ2-1,SATGTGNPRVSYNEQF,1
TRBV20-1,TRBJ2-1,SATGTGNSLSSYNEQF,1
TRBV20-1,TRBJ2-1,SATGTGNSNEQF,1
TRBV20-1,TRBJ2-1,SATGTGNSYNEQF,4
TRBV20-1,TRBJ2-1,SATGTGNVNEQF,1
TRBV20-1,TRBJ2-1,SATGTGNYEQF,1
TRBV20-1,TRBJ2-1,SATGTGNYNEQF,2
TRBV20-1,TRBJ2-1,SATGTGPGNEQF,1
TRBV20-1,TRBJ2-1,SATGTGPLNEQF,1
TRBV20-1,TRBJ2-1,SATGTGPNEQF,2
TRBV20-1,TRBJ2-1,SATGTGPRNEQF,1
TRBV20-1,TRBJ2-1,SATGTGPSDYEQF,1
TRBV20-1,TRBJ2-1,SATGTGPSTSGNEQF,1
TRBV20-1,TRBJ2-1,SATGTGPSYNEQF,1
TRBV20-1,TRBJ2-1,SATGTGPYNEQF,3
TRBV20-1,TRBJ2-1,SATGTGQNEQF,2
TRBV20-1,TRBJ2-1,SATGTGQVGYNEQF,1
TRBV20-1,TRBJ2-1,SATGTGRANEQF,1
TRBV20-1,TRBJ2-1,SATGTGRDEQF,8
TRBV20-1,TRBJ2-1,SATGTGREDEQF,1
TRBV20-1,TRBJ2-1,SATGTGRFNEQF,1
TRBV20-1,TRBJ2-1,SATGTGRILNEQF,1
TRBV20-1,TRBJ2-1,SATGTGRISYNEQF,1
TRBV20-1,TRBJ2-1,SATGTGRLAGRNNEQF,1
TRBV20-1,TRBJ2-1,SATGTGRNEQF,4
TRBV20-1,TRBJ2-1,SATGTGRRLTSPYNEQF,1
TRBV20-1,TRBJ2-1,SATGTGRRNEQF,1
TRBV20-1,TRBJ2-1,SATGTGRRWHGDEQF,1
TRBV20-1,TRBJ2-1,SATGTGRSRGYNEQF,1
TRBV20-1,TRBJ2-1,SATGTGRSSYNEQF,1
TRBV20-1,TRBJ2-1,SATGTGRWGEQF,2
TRBV20-1,TRBJ2-1,SATGTGRYNEHF,1
TRBV20-1,TRBJ2-1,SATGTGRYNEQF,3
TRBV20-1,TRBJ2-1,SATGTGSGLAISSYNEQF,1
TRBV20-1,TRBJ2-1,SATGTGSGNEQF,2
TRBV20-1,TRBJ2-1,SATGTGSGTYYNEQF,4
TRBV20-1,TRBJ2-1,SATGTGSHEQF,2
TRBV20-1,TRBJ2-1,SATGTGSHNEQF,3
TRBV20-1,TRBJ2-1,SATGTGSLHEQF,1
TRBV20-1,TRBJ2-1,SATGTGSNEQF,1
TRBV20-1,TRBJ2-1,SATGTGSNHYNEQF,1
TRBV20-1,TRBJ2-1,SATGTGSNNEQF,1
TRBV20-1,TRBJ2-1,SATGTGSPYEQF,1
TRBV20-1,TRBJ2-1,SATGTGSQLRYNEQF,1
TRBV20-1,TRBJ2-1,SATGTGSSDEQF,1
TRBV20-1,TRBJ2-1,SATGTGSSYNEQF,3
TRBV20-1,TRBJ2-1,SATGTGSTRAYNEQF,1
TRBV20-1,TRBJ2-1,SATGTGSYNEQF,15
TRBV20-1,TRBJ2-1,SATGTGTGSYNEQF,1
TRBV20-1,TRBJ2-1,SATGTGTGVYNEQF,1
TRBV20-1,TRBJ2-1,SATGTGTIDGGYNEQF,1
TRBV20-1,TRBJ2-1,SATGTGTKGMVRVDDEQF,1
TRBV20-1,TRBJ2-1,SATGTGTMIDEQF,1
TRBV20-1,TRBJ2-1,SATGTGTSGRAYNEQF,1
TRBV20-1,TRBJ2-1,SATGTGTSGRESSYNEQF,1
TRBV20-1,TRBJ2-1,SATGTGTSGTFRGYNEQF,2
TRBV20-1,TRBJ2-1,SATGTGTSGYNEQF,1
TRBV20-1,TRBJ2-1,SATGTGTSRYNEQF,1
TRBV20-1,TRBJ2-1,SATGTGTTNEQF,1
TRBV20-1,TRBJ2-1,SATGTGTYNEQF,14
TRBV20-1,TRBJ2-1,SATGTGVAYNEQF,2
TRBV20-1,TRBJ2-1,SATGTGVELVLYNEQF,1
TRBV20-1,TRBJ2-1,SATGTGVGNEQF,2
TRBV20-1,TRBJ2-1,SATGTGVHNEQF,1
TRBV20-1,TRBJ2-1,SATGTGVIDEQF,1
TRBV20-1,TRBJ2-1,SATGTGVINEQF,1
TRBV20-1,TRBJ2-1,SATGTGVISSYNEQF,1
TRBV20-1,TRBJ2-1,SATGTGVIYEQF,5
TRBV20-1,TRBJ2-1,SATGTGVLSSYNEQF,2
TRBV20-1,TRBJ2-1,SATGTGVMWGEQF,29
TRBV20-1,TRBJ2-1,SATGTGVNEQF,20
TRBV20-1,TRBJ2-1,SATGTGVPNHEQF,1
TRBV20-1,TRBJ2-1,SATGTGVRWRYNEQF,1
TRBV20-1,TRBJ2-1,SATGTGVSRSVNEQF,1
TRBV20-1,TRBJ2-1,SATGTGVTDEQF,1
TRBV20-1,TRBJ2-1,SATGTGVVNEQF,3
TRBV20-1,TRBJ2-1,SATGTGVYEQF,1
TRBV20-1,TRBJ2-1,SATGTGVYNEQF,7
TRBV20-1,TRBJ2-1,SATGTGWDEQF,1
TRBV20-1,TRBJ2-1,SATGTGWGNEQF,2
TRBV20-1,TRBJ2-1,SATGTGWPLSYNEQF,1
TRBV20-1,TRBJ2-1,SATGTGWYNEQF,10
TRBV20-1,TRBJ2-1,SATGTGYEQF,5
TRBV20-1,TRBJ2-1,SATGTGYHEQF,1
TRBV20-1,TRBJ2-1,SATGTGYNEQF,9
TRBV20-1,TRBJ2-1,SATGTGYPYNEQF,1
TRBV20-1,TRBJ2-1,SATGTGYSYNEQF,1
TRBV20-1,TRBJ2-1,SATGTGYYNEQF,4
TRBV20-1,TRBJ2-1,SATGTHEGSYNEQF,1
TRBV20-1,TRBJ2-1,SATGTHFYNEQF,1
TRBV20-1,TRBJ2-1,SATGTHGGDEQF,1
TRBV20-1,TRBJ2-1,SATGTHGYNEQF,1
TRBV20-1,TRBJ2-1,SATGTHKRDEQF,1
TRBV20-1,TRBJ2-1,SATGTHNEQF,1
TRBV20-1,TRBJ2-1,SATGTHQSYNEQF,11
TRBV20-1,TRBJ2-1,SATGTHRGINEQF,1
TRBV20-1,TRBJ2-1,SATGTHRNEQF,1
TRBV20-1,TRBJ2-1,SATGTHSSYNEQF,1
TRBV20-1,TRBJ2-1,SATGTHSYNEQF,3
TRBV20-1,TRBJ2-1,SATGTHYNEQF,5
TRBV20-1,TRBJ2-1,SATGTIAWSYNEQF,1
TRBV20-1,TRBJ2-1,SATGTIDNEQF,1
TRBV20-1,TRBJ2-1,SATGTIGNEQF,1
TRBV20-1,TRBJ2-1,SATGTIGNNEQF,1
TRBV20-1,TRBJ2-1,SATGTIGTGYNEQF,1
TRBV20-1,TRBJ2-1,SATGTIHNEQF,2
TRBV20-1,TRBJ2-1,SATGTILNEQF,1
TRBV20-1,TRBJ2-1,SATGTILYEQF,4
TRBV20-1,TRBJ2-1,SATGTILYNEQF,1
TRBV20-1,TRBJ2-1,SATGTINEQF,22
TRBV20-1,TRBJ2-1,SATGTINNEQF,4
TRBV20-1,TRBJ2-1,SATGTINRLNNEQF,1
TRBV20-1,TRBJ2-1,SATGTISEQF,3
TRBV20-1,TRBJ2-1,SATGTISFDEQF,1
TRBV20-1,TRBJ2-1,SATGTISNNEQF,1
TRBV20-1,TRBJ2-1,SATGTISYNEQF,3
TRBV20-1,TRBJ2-1,SATGTIYNEQF,9
TRBV20-1,TRBJ2-1,SATGTKIDYNEQF,1
TRBV20-1,TRBJ2-1,SATGTKISYNEQF,4
TRBV20-1,TRBJ2-1,SATGTKNEQF,1
TRBV20-1,TRBJ2-1,SATGTKSSYDEQF,1
TRBV20-1,TRBJ2-1,SATGTKSSYNEQF,7
TRBV20-1,TRBJ2-1,SATGTKTDNEQF,1
TRBV20-1,TRBJ2-1,SATGTKTYNEQF,1
TRBV20-1,TRBJ2-1,SATGTKYNEQF,1
TRBV20-1,TRBJ2-1,SATGTLAANYNEQF,1
TRBV20-1,TRBJ2-1,SATGTLALHEQF,1
TRBV20-1,TRBJ2-1,SATGTLAYNEQF,1
TRBV20-1,TRBJ2-1,SATGTLDNEQF,1
TRBV20-1,TRBJ2-1,SATGTLDYNEQF,1
TRBV20-1,TRBJ2-1,SATGTLFYNEQF,2
TRBV20-1,TRBJ2-1,SATGTLGDEQF,3
TRBV20-1,TRBJ2-1,SATGTLGGGNEQF,1
TRBV20-1,TRBJ2-1,SATGTLGINEQF,1
TRBV20-1,TRBJ2-1,SATGTLGLNEQF,1
TRBV20-1,TRBJ2-1,SATGTLGNEQF,1
TRBV20-1,TRBJ2-1,SATGTLHNEQF,2
TRBV20-1,TRBJ2-1,SATGTLIDNEQF,1
TRBV20-1,TRBJ2-1,SATGTLINNEQF,1
TRBV20-1,TRBJ2-1,SATGTLIPQGGSYDEQF,1
TRBV20-1,TRBJ2-1,SATGTLIPQGGSYNEQF,4
TRBV20-1,TRBJ2-1,SATGTLKLNEQF,2
TRBV20-1,TRBJ2-1,SATGTLKNEQF,1
TRBV20-1,TRBJ2-1,SATGTLLAGGSNEQF,1
TRBV20-1,TRBJ2-1,SATGTLLGGVYNEQF,1
TRBV20-1,TRBJ2-1,SATGTLNEQF,10
TRBV20-1,TRBJ2-1,SATGTLNYNEQF,1
TRBV20-1,TRBJ2-1,SATGTLQGQTTYNEQF,1
TRBV20-1,TRBJ2-1,SATGTLQTDEQF,1
TRBV20-1,TRBJ2-1,SATGTLRDEQF,1
TRBV20-1,TRBJ2-1,SATGTLRDGHF,1
TRBV20-1,TRBJ2-1,SATGTLSHEQF,1
TRBV20-1,TRBJ2-1,SATGTLSIEQF,8
TRBV20-1,TRBJ2-1,SATGTLSNEQF,2
TRBV20-1,TRBJ2-1,SATGTLSSYNEQF,1
TRBV20-1,TRBJ2-1,SATGTLSYNEQF,19
TRBV20-1,TRBJ2-1,SATGTLTGEQF,2
TRBV20-1,TRBJ2-1,SATGTLTYNEQF,1
TRBV20-1,TRBJ2-1,SATGTLVGGVYNEQF,1
TRBV20-1,TRBJ2-1,SATGTLWDEQF,1
TRBV20-1,TRBJ2-1,SATGTLYNEEV,1
TRBV20-1,TRBJ2-1,SATGTLYNEQF,34
TRBV20-1,TRBJ2-1,SATGTLYYNEQF,1
TRBV20-1,TRBJ2-1,SATGTMDEQF,5
TRBV20-1,TRBJ2-1,SATGTMGNEQF,1
TRBV20-1,TRBJ2-1,SATGTMIEQF,2
TRBV20-1,TRBJ2-1,SATGTMIPYNEQF,1
TRBV20-1,TRBJ2-1,SATGTMKGNEQF,1
TRBV20-1,TRBJ2-1,SATGTMLEQF,3
TRBV20-1,TRBJ2-1,SATGTNAYNEQF,2
TRBV20-1,TRBJ2-1,SATGTNDNEQF,2
TRBV20-1,TRBJ2-1,SATGTNDYNEQF,1
TRBV20-1,TRBJ2-1,SATGTNENNEQF,1
TRBV20-1,TRBJ2-1,SATGTNEQF,1
TRBV20-1,TRBJ2-1,SATGTNFYNEQF,1
TRBV20-1,TRBJ2-1,SATGTNGNEQF,1
TRBV20-1,TRBJ2-1,SATGTNGPDEQF,1
TRBV20-1,TRBJ2-1,SATGTNIGYEQF,1
TRBV20-1,TRBJ2-1,SATGTNLGEQF,4
TRBV20-1,TRBJ2-1,SATGTNNEQF,7
TRBV20-1,TRBJ2-1,SATGTNNNEQF,2
TRBV20-1,TRBJ2-1,SATGTNPNEQF,1
TRBV20-1,TRBJ2-1,SATGTNPSYNEQF,1
TRBV20-1,TRBJ2-1,SATGTNSNEQF,1
TRBV20-1,TRBJ2-1,SATGTNSYNEQF,14
TRBV20-1,TRBJ2-1,SATGTNTYGEQF,1
TRBV20-1,TRBJ2-1,SATGTNVDEQF,1
TRBV20-1,TRBJ2-1,SATGTNVYNEQF,7
TRBV20-1,TRBJ2-1,SATGTNYNEQF,17
TRBV20-1,TRBJ2-1,SATGTPAGLDEQF,1
TRBV20-1,TRBJ2-1,SATGTPASGF,3
TRBV20-1,TRBJ2-1,SATGTPASYNEQF,1
TRBV20-1,TRBJ2-1,SATGTPDEQF,1
TRBV20-1,TRBJ2-1,SATGTPDNEQF,3
TRBV20-1,TRBJ2-1,SATGTPFLNEQF,1
TRBV20-1,TRBJ2-1,SATGTPFYNEQF,1
TRBV20-1,TRBJ2-1,SATGTPGGGNEQF,1
TRBV20-1,TRBJ2-1,SATGTPGNEQF,1
TRBV20-1,TRBJ2-1,SATGTPGNNEQF,1
TRBV20-1,TRBJ2-1,SATGTPGTGASANEQF,1
TRBV20-1,TRBJ2-1,SATGTPGTSGSYNEQF,1
TRBV20-1,TRBJ2-1,SATGTPGVDEQF,1
TRBV20-1,TRBJ2-1,SATGTPGYNEQF,8
TRBV20-1,TRBJ2-1,SATGTPILDEQF,1
TRBV20-1,TRBJ2-1,SATGTPISDEQF,1
TRBV20-1,TRBJ2-1,SATGTPKGSYNEQF,1
TRBV20-1,TRBJ2-1,SATGTPKL,3
TRBV20-1,TRBJ2-1,SATGTPLFNEQF,1
TRBV20-1,TRBJ2-1,SATGTPNDEQF,1
TRBV20-1,TRBJ2-1,SATGTPNEQF,3
TRBV20-1,TRBJ2-1,SATGTPNNEQF,3
TRBV20-1,TRBJ2-1,SATGTPPANNEQF,1
TRBV20-1,TRBJ2-1,SATGTPPLNHNEQF,2
TRBV20-1,TRBJ2-1,SATGTPQNEQF,1
TRBV20-1,TRBJ2-1,SATGTPRGDEQF,1
TRBV20-1,TRBJ2-1,SATGTPRGRSSYNEQF,1
TRBV20-1,TRBJ2-1,SATGTPRNEQF,1
TRBV20-1,TRBJ2-1,SATGTPSNNEQF,1
TRBV20-1,TRBJ2-1,SATGTPSRSYNEQF,1
TRBV20-1,TRBJ2-1,SATGTPSSYNEQF,3
TRBV20-1,TRBJ2-1,SATGTPSYIEPF,1
TRBV20-1,TRBJ2-1,SATGTPSYNEQF,27
TRBV20-1,TRBJ2-1,SATGTPTFHEQF,1
TRBV20-1,TRBJ2-1,SATGTPTFNEQF,2
TRBV20-1,TRBJ2-1,SATGTPTVYNEQF,1
TRBV20-1,TRBJ2-1,SATGTPVGNEQF,5
TRBV20-1,TRBJ2-1,SATGTPVYNEQF,1
TRBV20-1,TRBJ2-1,SATGTPYNEQF,6
TRBV20-1,TRBJ2-1,SATGTQFYEQF,1
TRBV20-1,TRBJ2-1,SATGTQGSNEQF,1
TRBV20-1,TRBJ2-1,SATGTQINEQF,1
TRBV20-1,TRBJ2-1,SATGTQKDEQF,1
TRBV20-1,TRBJ2-1,SATGTQNIEEYNEQF,1
TRBV20-1,TRBJ2-1,SATGTQPYNEQF,1
TRBV20-1,TRBJ2-1,SATGTQRPDEQF,1
TRBV20-1,TRBJ2-1,SATGTQSSYNEQF,2
TRBV20-1,TRBJ2-1,SATGTQTYNEQF,3
TRBV20-1,TRBJ2-1,SATGTQTYSSYNEQF,1
TRBV20-1,TRBJ2-1,SATGTQYNEQF,6
TRBV20-1,TRBJ2-1,SATGTRANEQF,1
TRBV20-1,TRBJ2-1,SATGTRAQSYNEQF,1
TRBV20-1,TRBJ2-1,SATGTRASYNEQF,6
TRBV20-1,TRBJ2-1,SATGTRAYNEQF,1
TRBV20-1,TRBJ2-1,SATGTRDEQF,4
TRBV20-1,TRBJ2-1,SATGTRDNEQF,1
TRBV20-1,TRBJ2-1,SATGTRDSNEQF,1
TRBV20-1,TRBJ2-1,SATGTRDSYEQF,1
TRBV20-1,TRBJ2-1,SATGTRDTYEQF,1
TRBV20-1,TRBJ2-1,SATGTRDYNEQF,5
TRBV20-1,TRBJ2-1,SATGTREPWNEQF,1
TRBV20-1,TRBJ2-1,SATGTRERNEQF,1
TRBV20-1,TRBJ2-1,SATGTREYNEQF,1
TRBV20-1,TRBJ2-1,SATGTRFNEQF,1
TRBV20-1,TRBJ2-1,SATGTRFYNEQF,2
TRBV20-1,TRBJ2-1,SATGTRGDNEQF,2
TRBV20-1,TRBJ2-1,SATGTRGEQF,2
TRBV20-1,TRBJ2-1,SATGTRGFNEQF,1
TRBV20-1,TRBJ2-1,SATGTRGGEQF,3
TRBV20-1,TRBJ2-1,SATGTRGGNEQF,1
TRBV20-1,TRBJ2-1,SATGTRGGYEQF,1
TRBV20-1,TRBJ2-1,SATGTRGGYNEQF,1
TRBV20-1,TRBJ2-1,SATGTRGLENEQF,5
TRBV20-1,TRBJ2-1,SATGTRGLGNEQF,1
TRBV20-1,TRBJ2-1,SATGTRGLNEQF,1
TRBV20-1,TRBJ2-1,SATGTRGNEQF,4
TRBV20-1,TRBJ2-1,SATGTRGNNEQF,1
TRBV20-1,TRBJ2-1,SATGTRGRINEQF,1
TRBV20-1,TRBJ2-1,SATGTRGRSNEQF,1
TRBV20-1,TRBJ2-1,SATGTRGSAYNEQF,1
TRBV20-1,TRBJ2-1,SATGTRGSSYHEQF,1
TRBV20-1,TRBJ2-1,SATGTRGSSYNEQF,11
TRBV20-1,TRBJ2-1,SATGTRGSYNEQF,2
TRBV20-1,TRBJ2-1,SATGTRGTNEQF,1
TRBV20-1,TRBJ2-1,SATGTRGVNEQF,1
TRBV20-1,TRBJ2-1,SATGTRGYEQF,3
TRBV20-1,TRBJ2-1,SATGTRGYNEQF,7
TRBV20-1,TRBJ2-1,SATGTRHILFNEQF,1
TRBV20-1,TRBJ2-1,SATGTRHNEQF,1
TRBV20-1,TRBJ2-1,SATGTRIPNEQF,1
TRBV20-1,TRBJ2-1,SATGTRISHEQF,1
TRBV20-1,TRBJ2-1,SATGTRIYNEQF,1
TRBV20-1,TRBJ2-1,SATGTRKADEQF,1
TRBV20-1,TRBJ2-1,SATGTRKGNEQF,12
TRBV20-1,TRBJ2-1,SATGTRKGNERF,1
TRBV20-1,TRBJ2-1,SATGTRLDEQF,1
TRBV20-1,TRBJ2-1,SATGTRLDNEQF,1
TRBV20-1,TRBJ2-1,SATGTRLGLPNQQF,3
TRBV20-1,TRBJ2-1,SATGTRLGNEQF,1
TRBV20-1,TRBJ2-1,SATGTRLINEQF,8
TRBV20-1,TRBJ2-1,SATGTRLNEQF,1
TRBV20-1,TRBJ2-1,SATGTRLPRINEQF,1
TRBV20-1,TRBJ2-1,SATGTRLSNEQF,2
TRBV20-1,TRBJ2-1,SATGTRLYEPF,1
TRBV20-1,TRBJ2-1,SATGTRLYEQF,1
TRBV20-1,TRBJ2-1,SATGTRNEQF,12
TRBV20-1,TRBJ2-1,SATGTRNNEQF,1
TRBV20-1,TRBJ2-1,SATGTRNYNEQF,1
TRBV20-1,TRBJ2-1,SATGTRPYNEQF,1
TRBV20-1,TRBJ2-1,SATGTRPYNNQF,7
TRBV20-1,TRBJ2-1,SATGTRQSDEQF,4
TRBV20-1,TRBJ2-1,SATGTRRDEQF,1
TRBV20-1,TRBJ2-1,SATGTRRGNEQF,1
TRBV20-1,TRBJ2-1,SATGTRRGRENEQF,1
TRBV20-1,TRBJ2-1,SATGTRRIDEQF,8
TRBV20-1,TRBJ2-1,SATGTRRLDEQF,1
TRBV20-1,TRBJ2-1,SATGTRRNEQF,1
TRBV20-1,TRBJ2-1,SATGTRRNNEQF,2
TRBV20-1,TRBJ2-1,SATGTRRTDEQF,1
TRBV20-1,TRBJ2-1,SATGTRRTRYNEQF,1
TRBV20-1,TRBJ2-1,SATGTRRYNEQF,1
TRBV20-1,TRBJ2-1,SATGTRSFRTYNEQF,1
TRBV20-1,TRBJ2-1,SATGTRSRNEQF,1
TRBV20-1,TRBJ2-1,SATGTRSSHEQF,1
TRBV20-1,TRBJ2-1,SATGTRSSNEQF,1
TRBV20-1,TRBJ2-1,SATGTRSYEQF,1
TRBV20-1,TRBJ2-1,SATGTRSYNEQF,4
TRBV20-1,TRBJ2-1,SATGTRTDEQF,1
TRBV20-1,TRBJ2-1,SATGTRTHNEQF,2
TRBV20-1,TRBJ2-1,SATGTRTHQSSYNEQF,1
TRBV20-1,TRBJ2-1,SATGTRTRDEQF,1
TRBV20-1,TRBJ2-1,SATGTRTYNEQF,2
TRBV20-1,TRBJ2-1,SATGTRVADEQF,1
TRBV20-1,TRBJ2-1,SATGTRVASGYNEQF,1
TRBV20-1,TRBJ2-1,SATGTRVGDEQF,1
TRBV20-1,TRBJ2-1,SATGTRVHEQF,1
TRBV20-1,TRBJ2-1,SATGTRVSNEQF,1
TRBV20-1,TRBJ2-1,SATGTRVSSYNEQF,1
TRBV20-1,TRBJ2-1,SATGTRVYNEQF,2
TRBV20-1,TRBJ2-1,SATGTRWADEQF,1
TRBV20-1,TRBJ2-1,SATGTRWGNEQF,1
TRBV20-1,TRBJ2-1,SATGTRYEQF,1
TRBV20-1,TRBJ2-1,SATGTRYNEQF,6
TRBV20-1,TRBJ2-1,SATGTRYNNEQF,1
TRBV20-1,TRBJ2-1,SATGTSAAFYNEQF,1
TRBV20-1,TRBJ2-1,SATGTSAAGEQF,1
TRBV20-1,TRBJ2-1,SATGTSAAGGQF,1
TRBV20-1,TRBJ2-1,SATGTSADEQF,1
TRBV20-1,TRBJ2-1,SATGTSADIYNEQF,1
TRBV20-1,TRBJ2-1,SATGTSADNEQF,1
TRBV20-1,TRBJ2-1,SATGTSAEQF,4
TRBV20-1,TRBJ2-1,SATGTSAEYNEQF,1
TRBV20-1,TRBJ2-1,SATGTSAFSYNEQF,1
TRBV20-1,TRBJ2-1,SATGTSAFYNEQF,1
TRBV20-1,TRBJ2-1,SATGTSAGDEQF,1
TRBV20-1,TRBJ2-1,SATGTSAGHEQF,1
TRBV20-1,TRBJ2-1,SATGTSAGNEQF,1
TRBV20-1,TRBJ2-1,SATGTSAGNNEQF,1
TRBV20-1,TRBJ2-1,SATGTSAHNEQF,9
TRBV20-1,TRBJ2-1,SATGTSAIDEQF,1
TRBV20-1,TRBJ2-1,SATGTSAIQRGNEQF,1
TRBV20-1,TRBJ2-1,SATGTSAITYNEQF,1
TRBV20-1,TRBJ2-1,SATGTSAKIYNEQF,1
TRBV20-1,TRBJ2-1,SATGTSAMYNEQF,1
TRBV20-1,TRBJ2-1,SATGTSANEQF,4
TRBV20-1,TRBJ2-1,SATGTSANNEQF,2
TRBV20-1,TRBJ2-1,SATGTSAPGTYNEQF,1
TRBV20-1,TRBJ2-1,SATGTSAPYNEQF,1
TRBV20-1,TRBJ2-1,SATGTSAQDEQF,1
TRBV20-1,TRBJ2-1,SATGTSARNEQF,1
TRBV20-1,TRBJ2-1,SATGTSASDEQF,1
TRBV20-1,TRBJ2-1,SATGTSASNEQF,6
TRBV20-1,TRBJ2-1,SATGTSASSYNEQF,2
TRBV20-1,TRBJ2-1,SATGTSATVPDYNEQF,1
TRBV20-1,TRBJ2-1,SATGTSATYNEQF,1
TRBV20-1,TRBJ2-1,SATGTSAVYNEQF,1
TRBV20-1,TRBJ2-1,SATGTSAYNEQF,32
TRBV20-1,TRBJ2-1,SATGTSDAISYNEQF,2
TRBV20-1,TRBJ2-1,SATGTSDDEQF,1
TRBV20-1,TRBJ2-1,SATGTSDEQF,3
TRBV20-1,TRBJ2-1,SATGTSDFYEQF,1
TRBV20-1,TRBJ2-1,SATGTSDGDNEQF,1
TRBV20-1,TRBJ2-1,SATGTSDHEQF,1
TRBV20-1,TRBJ2-1,SATGTSDHNEQF,2
TRBV20-1,TRBJ2-1,SATGTSDIGENEQF,2
TRBV20-1,TRBJ2-1,SATGTSDNEQF,1
TRBV20-1,TRBJ2-1,SATGTSDNNEQF,2
TRBV20-1,TRBJ2-1,SATGTSDPNEQF,1
TRBV20-1,TRBJ2-1,SATGTSDPRVGNEQF,1
TRBV20-1,TRBJ2-1,SATGTSDQNEQF,1
TRBV20-1,TRBJ2-1,SATGTSDRIYNEQF,1
TRBV20-1,TRBJ2-1,SATGTSDSEQF,7
TRBV20-1,TRBJ2-1,SATGTSDSYNEQF,2
TRBV20-1,TRBJ2-1,SATGTSDYEQF,1
TRBV20-1,TRBJ2-1,SATGTSDYNEQF,34
TRBV20-1,TRBJ2-1,SATGTSEDNEQF,2
TRBV20-1,TRBJ2-1,SATGTSEEGDEQF,1
TRBV20-1,TRBJ2-1,SATGTSEEQF,5
TRBV20-1,TRBJ2-1,SATGTSEHNEQF,4
TRBV20-1,TRBJ2-1,SATGTSEIYEQF,1
TRBV20-1,TRBJ2-1,SATGTSEKENEQF,1
TRBV20-1,TRBJ2-1,SATGTSELPALANEQF,1
TRBV20-1,TRBJ2-1,SATGTSELRAYNEQF,1
TRBV20-1,TRBJ2-1,SATGTSEMNEQF,1
TRBV20-1,TRBJ2-1,SATGTSENEQF,1
TRBV20-1,TRBJ2-1,SATGTSENNEQF,2
TRBV20-1,TRBJ2-1,SATGTSERYNEQF,1
TRBV20-1,TRBJ2-1,SATGTSESSLSYNEQF,1
TRBV20-1,TRBJ2-1,SATGTSETYLGDEQF,5
TRBV20-1,TRBJ2-1,SATGTSEVSAF,4
TRBV20-1,TRBJ2-1,SATGTSEWDEQF,9
TRBV20-1,TRBJ2-1,SATGTSEYHEQF,1
TRBV20-1,TRBJ2-1,SATGTSEYNAQF,1
TRBV20-1,TRBJ2-1,SATGTSEYNEQF,14
TRBV20-1,TRBJ2-1,SATGTSFDEQF,2
TRBV20-1,TRBJ2-1,SATGTSFDNEQF,3
TRBV20-1,TRBJ2-1,SATGTSFEQF,1
TRBV20-1,TRBJ2-1,SATGTSFGHEQF,1
TRBV20-1,TRBJ2-1,SATGTSFLNEQF,1
TRBV20-1,TRBJ2-1,SATGTSFNEQF,2
TRBV20-1,TRBJ2-1,SATGTSFPNEQF,1
TRBV20-1,TRBJ2-1,SATGTSFYEQF,1
TRBV20-1,TRBJ2-1,SATGTSFYNEQF,5
TRBV20-1,TRBJ2-1,SATGTSGAEQF,3
TRBV20-1,TRBJ2-1,SATGTSGAEYNEQF,1
TRBV20-1,TRBJ2-1,SATGTSGAGPSYNEQF,1
TRBV20-1,TRBJ2-1,SATGTSGAGPYYNEQF,1
TRBV20-1,TRBJ2-1,SATGTSGAGSYNEQF,1
TRBV20-1,TRBJ2-1,SATGTSGAHHYNEQF,1
TRBV20-1,TRBJ2-1,SATGTSGALGNEQF,20
TRBV20-1,TRBJ2-1,SATGTSGALSYNEQF,1
TRBV20-1,TRBJ2-1,SATGTSGANEQF,4
TRBV20-1,TRBJ2-1,SATGTSGAPGVNEQF,7
TRBV20-1,TRBJ2-1,SATGTSGAPSSYNEQF,1
TRBV20-1,TRBJ2-1,SATGTSGAQYYNEQF,1
TRBV20-1,TRBJ2-1,SATGTSGASSSYNEQF,1
TRBV20-1,TRBJ2-1,SATGTSGASYNEQF,2
TRBV20-1,TRBJ2-1,SATGTSGAVNEQF,2
TRBV20-1,TRBJ2-1,SATGTSGAYNEQF,16
TRBV20-1,TRBJ2-1,SATGTSGDDNEQF,1
TRBV20-1,TRBJ2-1,SATGTSGDEQF,1
TRBV20-1,TRBJ2-1,SATGTSGDIYNEQF,1
TRBV20-1,TRBJ2-1,SATGTSGDLGEQF,1
TRBV20-1,TRBJ2-1,SATGTSGDNEQF,21
TRBV20-1,TRBJ2-1,SATGTSGDNNEQF,1
TRBV20-1,TRBJ2-1,SATGTSGDPYNEQF,1
TRBV20-1,TRBJ2-1,SATGTSGDSYNEQF,1
TRBV20-1,TRBJ2-1,SATGTSGDYNEQF,5
TRBV20-1,TRBJ2-1,SATGTSGEDNEQF,1
TRBV20-1,TRBJ2-1,SATGTSGEIYNEQF,1
TRBV20-1,TRBJ2-1,SATGTSGELYNEQF,1
TRBV20-1,TRBJ2-1,SATGTSGENEQF,2
TRBV20-1,TRBJ2-1,SATGTSGENSYNEQF,1
TRBV20-1,TRBJ2-1,SATGTSGESSYNEQF,1
TRBV20-1,TRBJ2-1,SATGTSGETFYNEQF,1
TRBV20-1,TRBJ2-1,SATGTSGETYNEQF,2
TRBV20-1,TRBJ2-1,SATGTSGEVPYNEQF,1
TRBV20-1,TRBJ2-1,SATGTSGFDEQF,1
TRBV20-1,TRBJ2-1,SATGTSGFEQF,6
TRBV20-1,TRBJ2-1,SATGTSGFFSYNEQF,3
TRBV20-1,TRBJ2-1,SATGTSGFNEQF,9
TRBV20-1,TRBJ2-1,SATGTSGFPYNEQF,2
TRBV20-1,TRBJ2-1,SATGTSGFSSYNEQF,2
TRBV20-1,TRBJ2-1,SATGTSGFYNEQF,2
TRBV20-1,TRBJ2-1,SATGTSGGASSYNEQF,2
TRBV20-1,TRBJ2-1,SATGTSGGAYNEQF,3
TRBV20-1,TRBJ2-1,SATGTSGGDEQF,2
TRBV20-1,TRBJ2-1,SATGTSGGDLSEQF,1
TRBV20-1,TRBJ2-1,SATGTSGGDNEQF,1
TRBV20-1,TRBJ2-1,SATGTSGGFGYNEQF,6
TRBV20-1,TRBJ2-1,SATGTSGGFYNEQF,1
TRBV20-1,TRBJ2-1,SATGTSGGGEQF,10
TRBV20-1,TRBJ2-1,SATGTSGGGNEQF,1
TRBV20-1,TRBJ2-1,SATGTSGGGSYNEQF,2
TRBV20-1,TRBJ2-1,SATGTSGGHEQF,2
TRBV20-1,TRBJ2-1,SATGTSGGHNEQF,8
TRBV20-1,TRBJ2-1,SATGTSGGKAYNEQF,1
TRBV20-1,TRBJ2-1,SATGTSGGLRYNEQF,3
TRBV20-1,TRBJ2-1,SATGTSGGLSYNEQF,5
TRBV20-1,TRBJ2-1,SATGTSGGNEQF,7
TRBV20-1,TRBJ2-1,SATGTSGGNNEQF,4
TRBV20-1,TRBJ2-1,SATGTSGGNSYNEQF,1
TRBV20-1,TRBJ2-1,SATGTSGGNVNEQF,1
TRBV20-1,TRBJ2-1,SATGTSGGPGNEQF,1
TRBV20-1,TRBJ2-1,SATGTSGGPSFNEQF,1
TRBV20-1,TRBJ2-1,SATGTSGGPSYNEQF,5
TRBV20-1,TRBJ2-1,SATGTSGGSSYNEQF,2
TRBV20-1,TRBJ2-1,SATGTSGGSYNEQF,14
TRBV20-1,TRBJ2-1,SATGTSGGTNEQF,1
TRBV20-1,TRBJ2-1,SATGTSGGTYNEQF,1
TRBV20-1,TRBJ2-1,SATGTSGGVDNEQF,1
TRBV20-1,TRBJ2-1,SATGTSGGVEQF,2
TRBV20-1,TRBJ2-1,SATGTSGGVHLYNEQF,1
TRBV20-1,TRBJ2-1,SATGTSGGVYNEQF,1
TRBV20-1,TRBJ2-1,SATGTSGGWVSYNEQF,5
TRBV20-1,TRBJ2-1,SATGTSGGWYNEQF,1
TRBV20-1,TRBJ2-1,SATGTSGGYEQF,3
TRBV20-1,TRBJ2-1,SATGTSGGYKEQF,1
TRBV20-1,TRBJ2-1,SATGTSGGYNEQF,11
TRBV20-1,TRBJ2-1,SATGTSGGYSYNEQF,1
TRBV20-1,TRBJ2-1,SATGTSGGYYNEQF,2
TRBV20-1,TRBJ2-1,SATGTSGHI,3
TRBV20-1,TRBJ2-1,SATGTSGHLGAYNEQF,1
TRBV20-1,TRBJ2-1,SATGTSGHNEQF,10
TRBV20-1,TRBJ2-1,SATGTSGHSYNEQF,3
TRBV20-1,TRBJ2-1,SATGTSGHYNEQF,1
TRBV20-1,TRBJ2-1,SATGTSGIAYNEQF,1
TRBV20-1,TRBJ2-1,SATGTSGIDEQF,1
TRBV20-1,TRBJ2-1,SATGTSGIDNEQF,1
TRBV20-1,TRBJ2-1,SATGTSGIEQF,4
TRBV20-1,TRBJ2-1,SATGTSGIGGMGNEQF,1
TRBV20-1,TRBJ2-1,SATGTSGIGNEQF,2
TRBV20-1,TRBJ2-1,SATGTSGIGSYNEQF,1
TRBV20-1,TRBJ2-1,SATGTSGIHEQF,6
TRBV20-1,TRBJ2-1,SATGTSGILNEQF,2
TRBV20-1,TRBJ2-1,SATGTSGINEQF,26
TRBV20-1,TRBJ2-1,SATGTSGINYNEQF,1
TRBV20-1,TRBJ2-1,SATGTSGIPDEQF,1
TRBV20-1,TRBJ2-1,SATGTSGIPNEQF,1
TRBV20-1,TRBJ2-1,SATGTSGIQF,7
TRBV20-1,TRBJ2-1,SATGTSGIQL,1
TRBV20-1,TRBJ2-1,SATGTSGIREPLVNEQF,1
TRBV20-1,TRBJ2-1,SATGTSGIRNEQF,1
TRBV20-1,TRBJ2-1,SATGTSGIRSYNEQF,1
TRBV20-1,TRBJ2-1,SATGTSGISDNEQF,1
TRBV20-1,TRBJ2-1,SATGTSGISEQF,5
TRBV20-1,TRBJ2-1,SATGTSGISYNEQF,2
TRBV20-1,TRBJ2-1,SATGTSGITYNEQF,2
TRBV20-1,TRBJ2-1,SATGTSGIVPPF,3
TRBV20-1,TRBJ2-1,SATGTSGIWGWGNEQF,1
TRBV20-1,TRBJ2-1,SATGTSGIYEQF,1
TRBV20-1,TRBJ2-1,SATGTSGIYGRNEQF,1
TRBV20-1,TRBJ2-1,SATGTSGIYNEQF,8
TRBV20-1,TRBJ2-1,SATGTSGKAYEQF,1
TRBV20-1,TRBJ2-1,SATGTSGKDEQF,1
TRBV20-1,TRBJ2-1,SATGTSGKDYNEQF,1
TRBV20-1,TRBJ2-1,SATGTSGKGEQF,4
TRBV20-1,TRBJ2-1,SATGTSGKGI,3
TRBV20-1,TRBJ2-1,SATGTSGKGNSYNEQF,1
TRBV20-1,TRBJ2-1,SATGTSGKGSYNEQF,3
TRBV20-1,TRBJ2-1,SATGTSGKLNEQF,1
TRBV20-1,TRBJ2-1,SATGTSGKNEQF,3
TRBV20-1,TRBJ2-1,SATGTSGKNNEQF,1
TRBV20-1,TRBJ2-1,SATGTSGKNYNEQF,1
TRBV20-1,TRBJ2-1,SATGTSGKPPLNEQF,1
TRBV20-1,TRBJ2-1,SATGTSGKSSYNEQF,3
TRBV20-1,TRBJ2-1,SATGTSGKTYNEQF,1
TRBV20-1,TRBJ2-1,SATGTSGKVDEQF,1
TRBV20-1,TRBJ2-1,SATGTSGKVNEQF,9
TRBV20-1,TRBJ2-1,SATGTSGKVYNEQF,5
TRBV20-1,TRBJ2-1,SATGTSGKYSYNEQF,1
TRBV20-1,TRBJ2-1,SATGTSGLAGNEQF,1
TRBV20-1,TRBJ2-1,SATGTSGLDEQF,1
TRBV20-1,TRBJ2-1,SATGTSGLFQTYNEQF,2
TRBV20-1,TRBJ2-1,SATGTSGLIAYNEQF,1
TRBV20-1,TRBJ2-1,SATGTSGLLFYNEQF,1
TRBV20-1,TRBJ2-1,SATGTSGLLGQF,1
TRBV20-1,TRBJ2-1,SATGTSGLNEQF,8
TRBV20-1,TRBJ2-1,SATGTSGLSEQF,1
TRBV20-1,TRBJ2-1,SATGTSGLSSYNEQF,5
TRBV20-1,TRBJ2-1,SATGTSGLYNEQF,7
TRBV20-1,TRBJ2-1,SATGTSGLYSYNEQF,1
TRBV20-1,TRBJ2-1,SATGTSGMANEQF,1
TRBV20-1,TRBJ2-1,SATGTSGMDSYNEQF,1
TRBV20-1,TRBJ2-1,SATGTSGMNEQF,17
TRBV20-1,TRBJ2-1,SATGTSGMREQF,4
TRBV20-1,TRBJ2-1,SATGTSGMREVL,2
TRBV20-1,TRBJ2-1,SATGTSGMTSYNEQF,1
TRBV20-1,TRBJ2-1,SATGTSGMYYNEQF,1
TRBV20-1,TRBJ2-1,SATGTSGNAYNEQF,2
TRBV20-1,TRBJ2-1,SATGTSGNDNEQF,1
TRBV20-1,TRBJ2-1,SATGTSGNEQF,40
TRBV20-1,TRBJ2-1,SATGTSGNGEQL,1
TRBV20-1,TRBJ2-1,SATGTSGNNEQF,21
TRBV20-1,TRBJ2-1,SATGTSGNNFGSYNEQF,1
TRBV20-1,TRBJ2-1,SATGTSGNNNEQF,1
TRBV20-1,TRBJ2-1,SATGTSGNREQF,1
TRBV20-1,TRBJ2-1,SATGTSGNSRTYNEQF,1
TRBV20-1,TRBJ2-1,SATGTSGNSWNEQF,1
TRBV20-1,TRBJ2-1,SATGTSGNYNEQF,11
TRBV20-1,TRBJ2-1,SATGTSGPAVNEQF,3
TRBV20-1,TRBJ2-1,SATGTSGPEQF,1
TRBV20-1,TRBJ2-1,SATGTSGPGNEQF,1
TRBV20-1,TRBJ2-1,SATGTSGPHEQF,1
TRBV20-1,TRBJ2-1,SATGTSGPHNEQF,1
TRBV20-1,TRBJ2-1,SATGTSGPISYNEQF,1
TRBV20-1,TRBJ2-1,SATGTSGPIYNEQF,1
TRBV20-1,TRBJ2-1,SATGTSGPKGHNEQF,1
TRBV20-1,TRBJ2-1,SATGTSGPNEQF,2
TRBV20-1,TRBJ2-1,SATGTSGPNYNEQF,2
TRBV20-1,TRBJ2-1,SATGTSGPPYNEQF,1
TRBV20-1,TRBJ2-1,SATGTSGPRGAYNEQF,1
TRBV20-1,TRBJ2-1,SATGTSGPRHNEQF,3
TRBV20-1,TRBJ2-1,SATGTSGPRSIYNEQF,1
TRBV20-1,TRBJ2-1,SATGTSGPSSYNEQF,2
TRBV20-1,TRBJ2-1,SATGTSGPSYNEQF,2
TRBV20-1,TRBJ2-1,SATGTSGPTAYEQF,1
TRBV20-1,TRBJ2-1,SATGTSGPVGHNEQF,3
TRBV20-1,TRBJ2-1,SATGTSGPYNEQF,9
TRBV20-1,TRBJ2-1,SATGTSGPYSYNEQF,1
TRBV20-1,TRBJ2-1,SATGTSGQSSYNEQF,1
TRBV20-1,TRBJ2-1,SATGTSGQTYNEQF,1
TRBV20-1,TRBJ2-1,SATGTSGQYNEQF,4
TRBV20-1,TRBJ2-1,SATGTSGRAAIYNEQF,1
TRBV20-1,TRBJ2-1,SATGTSGRAANEQF,5
TRBV20-1,TRBJ2-1,SATGTSGRAASHEQF,1
TRBV20-1,TRBJ2-1,SATGTSGRAAYNEQF,2
TRBV20-1,TRBJ2-1,SATGTSGRADEQF,3
TRBV20-1,TRBJ2-1,SATGTSGRAFDEQF,3
TRBV20-1,TRBJ2-1,SATGTSGRAGFRYEQF,5
TRBV20-1,TRBJ2-1,SATGTSGRAGGVEQF,5
TRBV20-1,TRBJ2-1,SATGTSGRAGKRAYNEQF,1
TRBV20-1,TRBJ2-1,SATGTSGRAGNEQF,1
TRBV20-1,TRBJ2-1,SATGTSGRAGRDEQF,1
TRBV20-1,TRBJ2-1,SATGTSGRAGSNEQF,1
TRBV20-1,TRBJ2-1,SATGTSGRAGVNEQF,2
TRBV20-1,TRBJ2-1,SATGTSGRAGYNEQF,2
TRBV20-1,TRBJ2-1,SATGTSGRAHMSYNEQF,2
TRBV20-1,TRBJ2-1,SATGTSGRAHNNEQF,1
TRBV20-1,TRBJ2-1,SATGTSGRAINNEQF,1
TRBV20-1,TRBJ2-1,SATGTSGRAKNNEQF,1
TRBV20-1,TRBJ2-1,SATGTSGRALANEQF,1
TRBV20-1,TRBJ2-1,SATGTSGRALDEQF,2
TRBV20-1,TRBJ2-1,SATGTSGRALPNEQF,1
TRBV20-1,TRBJ2-1,SATGTSGRALYNEQF,1
TRBV20-1,TRBJ2-1,SATGTSGRAMDEQF,2
TRBV20-1,TRBJ2-1,SATGTSGRANEQF,4
TRBV20-1,TRBJ2-1,SATGTSGRAPPDEQF,1
TRBV20-1,TRBJ2-1,SATGTSGRAREYNEQF,1
TRBV20-1,TRBJ2-1,SATGTSGRARNEQF,1
TRBV20-1,TRBJ2-1,SATGTSGRARYNEQF,4
TRBV20-1,TRBJ2-1,SATGTSGRASDEQF,1
TRBV20-1,TRBJ2-1,SATGTSGRASNEQF,1
TRBV20-1,TRBJ2-1,SATGTSGRASRSNEQF,1
TRBV20-1,TRBJ2-1,SATGTSGRASSYNEQF,1
TRBV20-1,TRBJ2-1,SATGTSGRASYNEQF,14
TRBV20-1,TRBJ2-1,SATGTSGRATPNEQF,1
TRBV20-1,TRBJ2-1,SATGTSGRATYNEQF,2
TRBV20-1,TRBJ2-1,SATGTSGRAVNEQF,6
TRBV20-1,TRBJ2-1,SATGTSGRAVNNEQF,1
TRBV20-1,TRBJ2-1,SATGTSGRAVTEQF,1
TRBV20-1,TRBJ2-1,SATGTSGRAVWSYNEQF,2
TRBV20-1,TRBJ2-1,SATGTSGRAVYNEQF,1
TRBV20-1,TRBJ2-1,SATGTSGRAYNEQF,10
TRBV20-1,TRBJ2-1,SATGTSGRDEQF,18
TRBV20-1,TRBJ2-1,SATGTSGRDGNEQF,1
TRBV20-1,TRBJ2-1,SATGTSGRDNEQF,10
TRBV20-1,TRBJ2-1,SATGTSGRDRPYNEQF,1
TRBV20-1,TRBJ2-1,SATGTSGRDSNEQF,1
TRBV20-1,TRBJ2-1,SATGTSGRDSSYNEQF,4
TRBV20-1,TRBJ2-1,SATGTSGRDTPYYNEQF,1
TRBV20-1,TRBJ2-1,SATGTSGRDYNEQF,1
TRBV20-1,TRBJ2-1,SATGTSGREGDEQF,1
TRBV20-1,TRBJ2-1,SATGTSGREGVYNEQF,1
TRBV20-1,TRBJ2-1,SATGTSGRESYNEQF,1
TRBV20-1,TRBJ2-1,SATGTSGREYNEQF,2
TRBV20-1,TRBJ2-1,SATGTSGRFEQF,3
TRBV20-1,TRBJ2-1,SATGTSGRFNNEQF,1
TRBV20-1,TRBJ2-1,SATGTSGRFRNEQF,1
TRBV20-1,TRBJ2-1,SATGTSGRGAYNEQF,1
TRBV20-1,TRBJ2-1,SATGTSGRGDEQF,4
TRBV20-1,TRBJ2-1,SATGTSGRGDSYNEQF,1
TRBV20-1,TRBJ2-1,SATGTSGRGEQF,5
TRBV20-1,TRBJ2-1,SATGTSGRGFYNEQF,1
TRBV20-1,TRBJ2-1,SATGTSGRGGDSYNEQF,1
TRBV20-1,TRBJ2-1,SATGTSGRGGNEQF,1
TRBV20-1,TRBJ2-1,SATGTSGRGGSYNEQF,1
TRBV20-1,TRBJ2-1,SATGTSGRGIYNEQF,1
TRBV20-1,TRBJ2-1,SATGTSGRGLSDEQF,1
TRBV20-1,TRBJ2-1,SATGTSGRGNEQF,1
TRBV20-1,TRBJ2-1,SATGTSGRGPSYNEQF,1
TRBV20-1,TRBJ2-1,SATGTSGRGRNEQF,1
TRBV20-1,TRBJ2-1,SATGTSGRGRSYNEQF,1
TRBV20-1,TRBJ2-1,SATGTSGRGRYNEQF,1
TRBV20-1,TRBJ2-1,SATGTSGRGSF,5
TRBV20-1,TRBJ2-1,SATGTSGRGTSYNEQF,1
TRBV20-1,TRBJ2-1,SATGTSGRGWEQF,6
TRBV20-1,TRBJ2-1,SATGTSGRGYNEQF,4
TRBV20-1,TRBJ2-1,SATGTSGRHEQF,3
TRBV20-1,TRBJ2-1,SATGTSGRIDEQF,4
TRBV20-1,TRBJ2-1,SATGTSGRINEQF,5
TRBV20-1,TRBJ2-1,SATGTSGRISNEQF,1
TRBV20-1,TRBJ2-1,SATGTSGRISYNEQF,2
TRBV20-1,TRBJ2-1,SATGTSGRKEYNEQF,1
TRBV20-1,TRBJ2-1,SATGTSGRKNNEQF,6
TRBV20-1,TRBJ2-1,SATGTSGRKNYEQF,2
TRBV20-1,TRBJ2-1,SATGTSGRKPYNEQF,1
TRBV20-1,TRBJ2-1,SATGTSGRKSSYNEQF,1
TRBV20-1,TRBJ2-1,SATGTSGRKVNEQF,1
TRBV20-1,TRBJ2-1,SATGTSGRLGEQF,5
TRBV20-1,TRBJ2-1,SATGTSGRLHYEQF,1
TRBV20-1,TRBJ2-1,SATGTSGRLNEQF,1
TRBV20-1,TRBJ2-1,SATGTSGRLPSYNEQF,1
TRBV20-1,TRBJ2-1,SATGTSGRLSRNEQF,1
TRBV20-1,TRBJ2-1,SATGTSGRLSSYNEQF,1
TRBV20-1,TRBJ2-1,SATGTSGRLSYNEQF,2
TRBV20-1,TRBJ2-1,SATGTSGRLTNEQF,1
TRBV20-1,TRBJ2-1,SATGTSGRLYEQF,1
TRBV20-1,TRBJ2-1,SATGTSGRMDEQF,1
TRBV20-1,TRBJ2-1,SATGTSGRMHEQF,1
TRBV20-1,TRBJ2-1,SATGTSGRNAGYEQF,1
TRBV20-1,TRBJ2-1,SATGTSGRNDEQF,1
TRBV20-1,TRBJ2-1,SATGTSGRNEQF,39
TRBV20-1,TRBJ2-1,SATGTSGRNGQY,1
TRBV20-1,TRBJ2-1,SATGTSGRNHYNEQF,1
TRBV20-1,TRBJ2-1,SATGTSGRNNEQF,1
TRBV20-1,TRBJ2-1,SATGTSGRNRNEQF,1
TRBV20-1,TRBJ2-1,SATGTSGRNYNEQF,2
TRBV20-1,TRBJ2-1,SATGTSGRPAHEQF,1
TRBV20-1,TRBJ2-1,SATGTSGRPFDEQF,1
TRBV20-1,TRBJ2-1,SATGTSGRPFNEQF,1
TRBV20-1,TRBJ2-1,SATGTSGRPGDEQF,1
TRBV20-1,TRBJ2-1,SATGTSGRPGNEQF,1
TRBV20-1,TRBJ2-1,SATGTSGRPINNEQF,1
TRBV20-1,TRBJ2-1,SATGTSGRPNEQF,2
TRBV20-1,TRBJ2-1,SATGTSGRPRYNEQF,1
TRBV20-1,TRBJ2-1,SATGTSGRPSYNEQF,1
TRBV20-1,TRBJ2-1,SATGTSGRPYNEQF,6
TRBV20-1,TRBJ2-1,SATGTSGRQSSYNEQF,1
TRBV20-1,TRBJ2-1,SATGTSGRRDEQF,2
TRBV20-1,TRBJ2-1,SATGTSGRREHEQF,3
TRBV20-1,TRBJ2-1,SATGTSGRRGNEQF,5
TRBV20-1,TRBJ2-1,SATGTSGRRTPYNEQF,1
TRBV20-1,TRBJ2-1,SATGTSGRRVSFDEQF,1
TRBV20-1,TRBJ2-1,SATGTSGRRYEQF,1
TRBV20-1,TRBJ2-1,SATGTSGRRYNEQF,1
TRBV20-1,TRBJ2-1,SATGTSGRSDEQF,2
TRBV20-1,TRBJ2-1,SATGTSGRSFLYNEQF,1
TRBV20-1,TRBJ2-1,SATGTSGRSGYNEQF,1
TRBV20-1,TRBJ2-1,SATGTSGRSNEQF,35
TRBV20-1,TRBJ2-1,SATGTSGRSPNEQF,1
TRBV20-1,TRBJ2-1,SATGTSGRSPYNEQF,1
TRBV20-1,TRBJ2-1,SATGTSGRSQRYNEQF,1
TRBV20-1,TRBJ2-1,SATGTSGRSRHGNEQF,1
TRBV20-1,TRBJ2-1,SATGTSGRSRRNEQF,1
TRBV20-1,TRBJ2-1,SATGTSGRSRSYNEQF,1
TRBV20-1,TRBJ2-1,SATGTSGRSSRNNEQF,1
TRBV20-1,TRBJ2-1,SATGTSGRSSYNEQF,4
TRBV20-1,TRBJ2-1,SATGTSGRSVPNEQF,1
TRBV20-1,TRBJ2-1,SATGTSGRSYEQF,2
TRBV20-1,TRBJ2-1,SATGTSGRSYNEQF,12
TRBV20-1,TRBJ2-1,SATGTSGRTADEQF,1
TRBV20-1,TRBJ2-1,SATGTSGRTAYNEQF,1
TRBV20-1,TRBJ2-1,SATGTSGRTDEQF,3
TRBV20-1,TRBJ2-1,SATGTSGRTEQF,1
TRBV20-1,TRBJ2-1,SATGTSGRTHEQF,1
TRBV20-1,TRBJ2-1,SATGTSGRTNEQF,2
TRBV20-1,TRBJ2-1,SATGTSGRTSLYNEQF,1
TRBV20-1,TRBJ2-1,SATGTSGRTSLYYNEQF,2
TRBV20-1,TRBJ2-1,SATGTSGRTSYNEQF,3
TRBV20-1,TRBJ2-1,SATGTSGRTTYNEQF,1
TRBV20-1,TRBJ2-1,SATGTSGRTWDEQF,1
TRBV20-1,TRBJ2-1,SATGTSGRTYNEQF,1
TRBV20-1,TRBJ2-1,SATGTSGRVAHNEQF,6
TRBV20-1,TRBJ2-1,SATGTSGRVDEQF,6
TRBV20-1,TRBJ2-1,SATGTSGRVGDEQF,1
TRBV20-1,TRBJ2-1,SATGTSGRVGSYNEQF,1
TRBV20-1,TRBJ2-1,SATGTSGRVHEQF,1
TRBV20-1,TRBJ2-1,SATGTSGRVLYEQF,3
TRBV20-1,TRBJ2-1,SATGTSGRVNEPF,1
TRBV20-1,TRBJ2-1,SATGTSGRVNEQF,7
TRBV20-1,TRBJ2-1,SATGTSGRVPYNEQF,1
TRBV20-1,TRBJ2-1,SATGTSGRVRNEQF,1
TRBV20-1,TRBJ2-1,SATGTSGRVSDEQF,4
TRBV20-1,TRBJ2-1,SATGTSGRVSHEQF,1
TRBV20-1,TRBJ2-1,SATGTSGRVSYNEQF,10
TRBV20-1,TRBJ2-1,SATGTSGRVYNEQF,14
TRBV20-1,TRBJ2-1,SATGTSGRWGNEQF,1
TRBV20-1,TRBJ2-1,SATGTSGRWSYNEQF,1
TRBV20-1,TRBJ2-1,SATGTSGRYDEQF,1
TRBV20-1,TRBJ2-1,SATGTSGRYEQF,1
TRBV20-1,TRBJ2-1,SATGTSGRYNEQF,6
TRBV20-1,TRBJ2-1,SATGTSGRYSYNEQF,2
TRBV20-1,TRBJ2-1,SATGTSGSARSYNEQF,1
TRBV20-1,TRBJ2-1,SATGTSGSASSYNEQF,1
TRBV20-1,TRBJ2-1,SATGTSGSASYNEQF,1
TRBV20-1,TRBJ2-1,SATGTSGSDDEQF,1
TRBV20-1,TRBJ2-1,SATGTSGSDDNEQF,1
TRBV20-1,TRBJ2-1,SATGTSGSDEPF,1
TRBV20-1,TRBJ2-1,SATGTSGSDEQF,12
TRBV20-1,TRBJ2-1,SATGTSGSDFLQF,5
TRBV20-1,TRBJ2-1,SATGTSGSDRNEQF,1
TRBV20-1,TRBJ2-1,SATGTSGSEYNEQF,2
TRBV20-1,TRBJ2-1,SATGTSGSFFGSYNEQF,1
TRBV20-1,TRBJ2-1,SATGTSGSFGFNEQF,1
TRBV20-1,TRBJ2-1,SATGTSGSFGNEQF,1
TRBV20-1,TRBJ2-1,SATGTSGSFLYNEQF,1
TRBV20-1,TRBJ2-1,SATGTSGSFNEQF,1
TRBV20-1,TRBJ2-1,SATGTSGSFYNEQF,1
TRBV20-1,TRBJ2-1,SATGTSGSGNEQF,1
TRBV20-1,TRBJ2-1,SATGTSGSGYEQF,1
TRBV20-1,TRBJ2-1,SATGTSGSHEQF,3
TRBV20-1,TRBJ2-1,SATGTSGSHNEQF,8
TRBV20-1,TRBJ2-1,SATGTSGSHSYNEQF,1
TRBV20-1,TRBJ2-1,SATGTSGSIRYNEQF,4
TRBV20-1,TRBJ2-1,SATGTSGSKAYNEQF,1
TRBV20-1,TRBJ2-1,SATGTSGSKGYNEQF,1
TRBV20-1,TRBJ2-1,SATGTSGSKYEQF,2
TRBV20-1,TRBJ2-1,SATGTSGSLFNEQF,1
TRBV20-1,TRBJ2-1,SATGTSGSLGLHEQF,1
TRBV20-1,TRBJ2-1,SATGTSGSLIRNNEQF,1
TRBV20-1,TRBJ2-1,SATGTSGSLLYNEQF,1
TRBV20-1,TRBJ2-1,SATGTSGSLPYNEQF,1
TRBV20-1,TRBJ2-1,SATGTSGSLQGNEQF,1
TRBV20-1,TRBJ2-1,SATGTSGSLSYNEQF,3
TRBV20-1,TRBJ2-1,SATGTSGSLVNEQF,4
TRBV20-1,TRBJ2-1,SATGTSGSLYNEQF,1
TRBV20-1,TRBJ2-1,SATGTSGSMSLNEQF,1
TRBV20-1,TRBJ2-1,SATGTSGSMVNEQF,1
TRBV20-1,TRBJ2-1,SATGTSGSNAQF,1
TRBV20-1,TRBJ2-1,SATGTSGSNDNEQF,1
TRBV20-1,TRBJ2-1,SATGTSGSNEQF,24
TRBV20-1,TRBJ2-1,SATGTSGSNGNEQF,1
TRBV20-1,TRBJ2-1,SATGTSGSNNEQF,1
TRBV20-1,TRBJ2-1,SATGTSGSNRYNEQF,1
TRBV20-1,TRBJ2-1,SATGTSGSNYNEQF,1
TRBV20-1,TRBJ2-1,SATGTSGSPDYNEQF,1
TRBV20-1,TRBJ2-1,SATGTSGSPFNEQF,1
TRBV20-1,TRBJ2-1,SATGTSGSPGNEQF,1
TRBV20-1,TRBJ2-1,SATGTSGSPQNEQF,1
TRBV20-1,TRBJ2-1,SATGTSGSPRSYNEQF,1
TRBV20-1,TRBJ2-1,SATGTSGSPSYNEQF,3
TRBV20-1,TRBJ2-1,SATGTSGSQGYEQF,1
TRBV20-1,TRBJ2-1,SATGTSGSRDYNEQF,1
TRBV20-1,TRBJ2-1,SATGTSGSRGNEQF,1
TRBV20-1,TRBJ2-1,SATGTSGSRLNEQF,1
TRBV20-1,TRBJ2-1,SATGTSGSRNEQF,3
TRBV20-1,TRBJ2-1,SATGTSGSRSYNEQF,1
TRBV20-1,TRBJ2-1,SATGTSGSRVNEQF,2
TRBV20-1,TRBJ2-1,SATGTSGSRYEQF,1
TRBV20-1,TRBJ2-1,SATGTSGSRYNEQF,3
TRBV20-1,TRBJ2-1,SATGTSGSSDEQF,1
TRBV20-1,TRBJ2-1,SATGTSGSSEVNEQF,1
TRBV20-1,TRBJ2-1,SATGTSGSSFYNEQF,1
TRBV20-1,TRBJ2-1,SATGTSGSSGNEQF,1
TRBV20-1,TRBJ2-1,SATGTSGSSHEQF,1
TRBV20-1,TRBJ2-1,SATGTSGSSNEQF,1
TRBV20-1,TRBJ2-1,SATGTSGSSSYNEQF,7
TRBV20-1,TRBJ2-1,SATGTSGSSYNEQF,27
TRBV20-1,TRBJ2-1,SATGTSGSTDEQF,1
TRBV20-1,TRBJ2-1,SATGTSGSTSYNEQF,1
TRBV20-1,TRBJ2-1,SATGTSGSTWNEQF,1
TRBV20-1,TRBJ2-1,SATGTSGSTYNEQF,4
TRBV20-1,TRBJ2-1,SATGTSGSTYNEQL,1
TRBV20-1,TRBJ2-1,SATGTSGSVDEQF,1
TRBV20-1,TRBJ2-1,SATGTSGSVTYNEQF,1
TRBV20-1,TRBJ2-1,SATGTSGSVYYNEQF,1
TRBV20-1,TRBJ2-1,SATGTSGSWDEQF,1
TRBV20-1,TRBJ2-1,SATGTSGSWGDEQF,1
TRBV20-1,TRBJ2-1,SATGTSGSWGDNMQF,1
TRBV20-1,TRBJ2-1,SATGTSGSWGYNEQF,7
TRBV20-1,TRBJ2-1,SATGTSGSWNEQF,2
TRBV20-1,TRBJ2-1,SATGTSGSWYEQF,1
TRBV20-1,TRBJ2-1,SATGTSGSYEQF,12
TRBV20-1,TRBJ2-1,SATGTSGSYNEQF,32
TRBV20-1,TRBJ2-1,SATGTSGTADYNEQF,1
TRBV20-1,TRBJ2-1,SATGTSGTAYNEQF,1
TRBV20-1,TRBJ2-1,SATGTSGTDEQF,3
TRBV20-1,TRBJ2-1,SATGTSGTDNEQF,1
TRBV20-1,TRBJ2-1,SATGTSGTEDEQF,1
TRBV20-1,TRBJ2-1,SATGTSGTGEGYNEQF,1
TRBV20-1,TRBJ2-1,SATGTSGTGGDEQF,1
TRBV20-1,TRBJ2-1,SATGTSGTGNEQF,2
TRBV20-1,TRBJ2-1,SATGTSGTGWDEQF,1
TRBV20-1,TRBJ2-1,SATGTSGTHNEQF,1
TRBV20-1,TRBJ2-1,SATGTSGTLGYNEQF,1
TRBV20-1,TRBJ2-1,SATGTSGTLKQF,1
TRBV20-1,TRBJ2-1,SATGTSGTLNEQF,1
TRBV20-1,TRBJ2-1,SATGTSGTLTLSYNEQF,1
TRBV20-1,TRBJ2-1,SATGTSGTLYNEQF,1
TRBV20-1,TRBJ2-1,SATGTSGTNEQF,16
TRBV20-1,TRBJ2-1,SATGTSGTPGSYNEQF,1
TRBV20-1,TRBJ2-1,SATGTSGTPSYNEQF,2
TRBV20-1,TRBJ2-1,SATGTSGTPTYNEQF,1
TRBV20-1,TRBJ2-1,SATGTSGTPYNEQF,1
TRBV20-1,TRBJ2-1,SATGTSGTQLSYNEQF,1
TRBV20-1,TRBJ2-1,SATGTSGTRPYYNEQF,1
TRBV20-1,TRBJ2-1,SATGTSGTRSSYNEQF,2
TRBV20-1,TRBJ2-1,SATGTSGTRYNEQF,1
TRBV20-1,TRBJ2-1,SATGTSGTSAYNEQF,1
TRBV20-1,TRBJ2-1,SATGTSGTSNEQF,1
TRBV20-1,TRBJ2-1,SATGTSGTSSYNEQF,5
TRBV20-1,TRBJ2-1,SATGTSGTSYNEQF,11
TRBV20-1,TRBJ2-1,SATGTSGTTDEQF,1
TRBV20-1,TRBJ2-1,SATGTSGTYEQF,1
TRBV20-1,TRBJ2-1,SATGTSGTYERNEQF,1
TRBV20-1,TRBJ2-1,SATGTSGTYNEQF,11
TRBV20-1,TRBJ2-1,SATGTSGTYSYNEQF,6
TRBV20-1,TRBJ2-1,SATGTSGTYYNEQF,1
TRBV20-1,TRBJ2-1,SATGTSGVAYNEQF,1
TRBV20-1,TRBJ2-1,SATGTSGVGASYNEQF,1
TRBV20-1,TRBJ2-1,SATGTSGVGEQF,3
TRBV20-1,TRBJ2-1,SATGTSGVGERF,1
TRBV20-1,TRBJ2-1,SATGTSGVMHEQF,2
TRBV20-1,TRBJ2-1,SATGTSGVNEQF,28
TRBV20-1,TRBJ2-1,SATGTSGVPYNEQF,1
TRBV20-1,TRBJ2-1,SATGTSGVSSYNEQF,3
TRBV20-1,TRBJ2-1,SATGTSGVSYNEQF,1
TRBV20-1,TRBJ2-1,SATGTSGVYNEQF,3
TRBV20-1,TRBJ2-1,SATGTSGWGNEQF,1
TRBV20-1,TRBJ2-1,SATGTSGWNEQF,1
TRBV20-1,TRBJ2-1,SATGTSGWNNEQF,1
TRBV20-1,TRBJ2-1,SATGTSGYDEQF,1
TRBV20-1,TRBJ2-1,SATGTSGYEQF,6
TRBV20-1,TRBJ2-1,SATGTSGYNAQF,2
TRBV20-1,TRBJ2-1,SATGTSGYNEQF,170
TRBV20-1,TRBJ2-1,SATGTSGYNGPF,1
TRBV20-1,TRBJ2-1,SATGTSGYNKQF,1
TRBV20-1,TRBJ2-1,SATGTSGYNVQF,1
TRBV20-1,TRBJ2-1,SATGTSGYPSSYNEQF,1
TRBV20-1,TRBJ2-1,SATGTSGYTEQF,2
TRBV20-1,TRBJ2-1,SATGTSGYYNEQF,3
TRBV20-1,TRBJ2-1,SATGTSHDEQF,1
TRBV20-1,TRBJ2-1,SATGTSHEQF,2
TRBV20-1,TRBJ2-1,SATGTSHLGQF,3
TRBV20-1,TRBJ2-1,SATGTSHLNEQF,1
TRBV20-1,TRBJ2-1,SATGTSHLYNEQF,1
TRBV20-1,TRBJ2-1,SATGTSHNEQF,8
TRBV20-1,TRBJ2-1,SATGTSHYEQF,1
TRBV20-1,TRBJ2-1,SATGTSIDEQF,1
TRBV20-1,TRBJ2-1,SATGTSIGNEQF,1
TRBV20-1,TRBJ2-1,SATGTSINEQF,4
TRBV20-1,TRBJ2-1,SATGTSINGEQF,5
TRBV20-1,TRBJ2-1,SATGTSISYNEQF,1
TRBV20-1,TRBJ2-1,SATGTSIVNEQF,1
TRBV20-1,TRBJ2-1,SATGTSIYEQF,1
TRBV20-1,TRBJ2-1,SATGTSIYNEQF,4
TRBV20-1,TRBJ2-1,SATGTSKNEQF,3
TRBV20-1,TRBJ2-1,SATGTSKPNEQF,1
TRBV20-1,TRBJ2-1,SATGTSKVNEQF,1
TRBV20-1,TRBJ2-1,SATGTSKVPAIDEQF,1
TRBV20-1,TRBJ2-1,SATGTSKWEQF,4
TRBV20-1,TRBJ2-1,SATGTSKYEQF,1
TRBV20-1,TRBJ2-1,SATGTSKYNEQF,1
TRBV20-1,TRBJ2-1,SATGTSLDEQF,5
TRBV20-1,TRBJ2-1,SATGTSLEQF,4
TRBV20-1,TRBJ2-1,SATGTSLFSYNEQF,1
TRBV20-1,TRBJ2-1,SATGTSLGDNEQF,1
TRBV20-1,TRBJ2-1,SATGTSLGNEQF,7
TRBV20-1,TRBJ2-1,SATGTSLHHNEQF,1
TRBV20-1,TRBJ2-1,SATGTSLHNEQF,1
TRBV20-1,TRBJ2-1,SATGTSLKNEQF,1
TRBV20-1,TRBJ2-1,SATGTSLLNEQF,1
TRBV20-1,TRBJ2-1,SATGTSLLSSYNEQL,1
TRBV20-1,TRBJ2-1,SATGTSLNEQF,6
TRBV20-1,TRBJ2-1,SATGTSLNNEQF,1
TRBV20-1,TRBJ2-1,SATGTSLQNEQF,1
TRBV20-1,TRBJ2-1,SATGTSLRKNEQF,1
TRBV20-1,TRBJ2-1,SATGTSLRSYNEQF,2
TRBV20-1,TRBJ2-1,SATGTSLSAQF,1
TRBV20-1,TRBJ2-1,SATGTSLSDEQF,1
TRBV20-1,TRBJ2-1,SATGTSLSEQF,1
TRBV20-1,TRBJ2-1,SATGTSLSLSYNEQF,1
TRBV20-1,TRBJ2-1,SATGTSLSNEQF,1
TRBV20-1,TRBJ2-1,SATGTSLTDNEQF,1
TRBV20-1,TRBJ2-1,SATGTSLVNEQF,4
TRBV20-1,TRBJ2-1,SATGTSLYAQF,1
TRBV20-1,TRBJ2-1,SATGTSLYEPF,2
TRBV20-1,TRBJ2-1,SATGTSLYEQF,247
TRBV20-1,TRBJ2-1,SATGTSLYEQS,2
TRBV20-1,TRBJ2-1,SATGTSLYEQV,2
TRBV20-1,TRBJ2-1,SATGTSLYERF,2
TRBV20-1,TRBJ2-1,SATGTSLYKQF,1
TRBV20-1,TRBJ2-1,SATGTSLYNEQF,3
TRBV20-1,TRBJ2-1,SATGTSLYQQF,1
TRBV20-1,TRBJ2-1,SATGTSMANEQF,1
TRBV20-1,TRBJ2-1,SATGTSMGNEQF,1
TRBV20-1,TRBJ2-1,SATGTSMLNAQF,1
TRBV20-1,TRBJ2-1,SATGTSMLNEQF,4
TRBV20-1,TRBJ2-1,SATGTSNEQF,10
TRBV20-1,TRBJ2-1,SATGTSNEQL,1
TRBV20-1,TRBJ2-1,SATGTSNHEQF,1
TRBV20-1,TRBJ2-1,SATGTSNIYEQF,1
TRBV20-1,TRBJ2-1,SATGTSNNEQF,9
TRBV20-1,TRBJ2-1,SATGTSNSYNEQF,3
TRBV20-1,TRBJ2-1,SATGTSNVYNEQF,1
TRBV20-1,TRBJ2-1,SATGTSNYEQF,2
TRBV20-1,TRBJ2-1,SATGTSNYNEQF,2
TRBV20-1,TRBJ2-1,SATGTSPAYNEQF,1
TRBV20-1,TRBJ2-1,SATGTSPDEQF,1
TRBV20-1,TRBJ2-1,SATGTSPGGSYNEQF,4
TRBV20-1,TRBJ2-1,SATGTSPGIYNEQF,6
TRBV20-1,TRBJ2-1,SATGTSPHNEQF,1
TRBV20-1,TRBJ2-1,SATGTSPNEQF,8
TRBV20-1,TRBJ2-1,SATGTSPNNEQF,1
TRBV20-1,TRBJ2-1,SATGTSPPRAYNEQF,1
TRBV20-1,TRBJ2-1,SATGTSPREQF,2
TRBV20-1,TRBJ2-1,SATGTSPSAHNEQF,1
TRBV20-1,TRBJ2-1,SATGTSPSISSYNEQF,3
TRBV20-1,TRBJ2-1,SATGTSPTGWHNEQF,2
TRBV20-1,TRBJ2-1,SATGTSPYEQF,3
TRBV20-1,TRBJ2-1,SATGTSPYNEQF,13
TRBV20-1,TRBJ2-1,SATGTSQGHEQF,1
TRBV20-1,TRBJ2-1,SATGTSQPYNEQF,1
TRBV20-1,TRBJ2-1,SATGTSQRYNEQF,1
TRBV20-1,TRBJ2-1,SATGTSRAFDEQF,1
TRBV20-1,TRBJ2-1,SATGTSRAYNEQF,1
TRBV20-1,TRBJ2-1,SATGTSRDEQF,1
TRBV20-1,TRBJ2-1,SATGTSRDNEQF,1
TRBV20-1,TRBJ2-1,SATGTSRDYNEQF,1
TRBV20-1,TRBJ2-1,SATGTSRFYAYNEQF,1
TRBV20-1,TRBJ2-1,SATGTSRGNEQF,3
TRBV20-1,TRBJ2-1,SATGTSRHEQF,1
TRBV20-1,TRBJ2-1,SATGTSRHNEQF,1
TRBV20-1,TRBJ2-1,SATGTSRINEQF,1
TRBV20-1,TRBJ2-1,SATGTSRINNEQF,1
TRBV20-1,TRBJ2-1,SATGTSRLDEQF,1
TRBV20-1,TRBJ2-1,SATGTSRLSYNEQF,1
TRBV20-1,TRBJ2-1,SATGTSRNEQF,14
TRBV20-1,TRBJ2-1,SATGTSRNEQS,1
TRBV20-1,TRBJ2-1,SATGTSRNNEQF,1
TRBV20-1,TRBJ2-1,SATGTSRQNNEQF,1
TRBV20-1,TRBJ2-1,SATGTSRRDEQF,1
TRBV20-1,TRBJ2-1,SATGTSRSAAYFSYNEQF,1
TRBV20-1,TRBJ2-1,SATGTSRTLSYNEQF,1
TRBV20-1,TRBJ2-1,SATGTSRTYNEQF,2
TRBV20-1,TRBJ2-1,SATGTSRYEQF,3
TRBV20-1,TRBJ2-1,SATGTSRYEQV,1
TRBV20-1,TRBJ2-1,SATGTSRYNEQF,8
TRBV20-1,TRBJ2-1,SATGTSSHEQF,1
TRBV20-1,TRBJ2-1,SATGTSSHNEQF,1
TRBV20-1,TRBJ2-1,SATGTSSNEQF,3
TRBV20-1,TRBJ2-1,SATGTSSRNEQF,1
TRBV20-1,TRBJ2-1,SATGTSSSYNEQF,5
TRBV20-1,TRBJ2-1,SATGTSSWNEQF,1
TRBV20-1,TRBJ2-1,SATGTSSYNEKF,1
TRBV20-1,TRBJ2-1,SATGTSSYNEQF,101
TRBV20-1,TRBJ2-1,SATGTSSYYYQF,1
TRBV20-1,TRBJ2-1,SATGTSTF,2
TRBV20-1,TRBJ2-1,SATGTSTNEQF,3
TRBV20-1,TRBJ2-1,SATGTSTPEQF,4
TRBV20-1,TRBJ2-1,SATGTSTSSYNEQF,10
TRBV20-1,TRBJ2-1,SATGTSTVNEQF,1
TRBV20-1,TRBJ2-1,SATGTSTYNEQF,9
TRBV20-1,TRBJ2-1,SATGTSVANEQF,1
TRBV20-1,TRBJ2-1,SATGTSVAYNEQF,1
TRBV20-1,TRBJ2-1,SATGTSVDEQF,1
TRBV20-1,TRBJ2-1,SATGTSVDNEQF,3
TRBV20-1,TRBJ2-1,SATGTSVFDEQF,1
TRBV20-1,TRBJ2-1,SATGTSVFNEQF,1
TRBV20-1,TRBJ2-1,SATGTSVGNEQF,5
TRBV20-1,TRBJ2-1,SATGTSVGYNEQF,1
TRBV20-1,TRBJ2-1,SATGTSVHEQF,5
TRBV20-1,TRBJ2-1,SATGTSVHNEQF,1
TRBV20-1,TRBJ2-1,SATGTSVINEQF,1
TRBV20-1,TRBJ2-1,SATGTSVIREQF,1
TRBV20-1,TRBJ2-1,SATGTSVISYNEQF,1
TRBV20-1,TRBJ2-1,SATGTSVLGEQF,3
TRBV20-1,TRBJ2-1,SATGTSVLSSYNEQF,1
TRBV20-1,TRBJ2-1,SATGTSVLSYNEQF,2
TRBV20-1,TRBJ2-1,SATGTSVNEQF,10
TRBV20-1,TRBJ2-1,SATGTSVNNEQF,1
TRBV20-1,TRBJ2-1,SATGTSVNYNEQF,3
TRBV20-1,TRBJ2-1,SATGTSVQF,2
TRBV20-1,TRBJ2-1,SATGTSVRGSF,1
TRBV20-1,TRBJ2-1,SATGTSVRNEQF,6
TRBV20-1,TRBJ2-1,SATGTSVSGEQF,2
TRBV20-1,TRBJ2-1,SATGTSVSNEQF,1
TRBV20-1,TRBJ2-1,SATGTSVSSSYNEQF,2
TRBV20-1,TRBJ2-1,SATGTSVSSYNEQF,3
TRBV20-1,TRBJ2-1,SATGTSVSYNEQF,3
TRBV20-1,TRBJ2-1,SATGTSVTDEQF,2
TRBV20-1,TRBJ2-1,SATGTSVTNEQF,1
TRBV20-1,TRBJ2-1,SATGTSVTPPIHNEQF,4
TRBV20-1,TRBJ2-1,SATGTSVVNEQF,1
TRBV20-1,TRBJ2-1,SATGTSVYEQF,1
TRBV20-1,TRBJ2-1,SATGTSVYNEQF,23
TRBV20-1,TRBJ2-1,SATGTSWDKDEQF,1
TRBV20-1,TRBJ2-1,SATGTSWDNEQF,4
TRBV20-1,TRBJ2-1,SATGTSWFGSYNEQF,1
TRBV20-1,TRBJ2-1,SATGTSWGNEQF,1
TRBV20-1,TRBJ2-1,SATGTSWNEQF,1
TRBV20-1,TRBJ2-1,SATGTSWQNEQF,1
TRBV20-1,TRBJ2-1,SATGTSWVNEQF,1
TRBV20-1,TRBJ2-1,SATGTSWYNEQF,3
TRBV20-1,TRBJ2-1,SATGTSYEQF,2
TRBV20-1,TRBJ2-1,SATGTSYHNEQF,2
TRBV20-1,TRBJ2-1,SATGTSYNEQF,32
TRBV20-1,TRBJ2-1,SATGTSYSNEQF,2
TRBV20-1,TRBJ2-1,SATGTSYYNEQF,5
TRBV20-1,TRBJ2-1,SATGTTANYNEQF,1
TRBV20-1,TRBJ2-1,SATGTTAYNEQF,1
TRBV20-1,TRBJ2-1,SATGTTDDNEQF,1
TRBV20-1,TRBJ2-1,SATGTTDEQF,1
TRBV20-1,TRBJ2-1,SATGTTDFYNEQF,1
TRBV20-1,TRBJ2-1,SATGTTDNEQF,1
TRBV20-1,TRBJ2-1,SATGTTDRNEQF,1
TRBV20-1,TRBJ2-1,SATGTTDSYNEQF,1
TRBV20-1,TRBJ2-1,SATGTTEDEQF,1
TRBV20-1,TRBJ2-1,SATGTTEGPFYNEQF,1
TRBV20-1,TRBJ2-1,SATGTTFSNEQF,1
TRBV20-1,TRBJ2-1,SATGTTGANEQF,1
TRBV20-1,TRBJ2-1,SATGTTGDEQF,1
TRBV20-1,TRBJ2-1,SATGTTHEQF,1
TRBV20-1,TRBJ2-1,SATGTTHHNEQF,1
TRBV20-1,TRBJ2-1,SATGTTHITKTYNEQF,1
TRBV20-1,TRBJ2-1,SATGTTHLLGNEQF,2
TRBV20-1,TRBJ2-1,SATGTTHNEQF,3
TRBV20-1,TRBJ2-1,SATGTTIYNEQF,1
TRBV20-1,TRBJ2-1,SATGTTKAYNEQF,1
TRBV20-1,TRBJ2-1,SATGTTLHYNEQF,1
TRBV20-1,TRBJ2-1,SATGTTLINEQF,1
TRBV20-1,TRBJ2-1,SATGTTLNEQF,1
TRBV20-1,TRBJ2-1,SATGTTLNNEQF,1
TRBV20-1,TRBJ2-1,SATGTTLSNEQF,1
TRBV20-1,TRBJ2-1,SATGTTLVSLGNEQF,2
TRBV20-1,TRBJ2-1,SATGTTNEQF,6
TRBV20-1,TRBJ2-1,SATGTTNYNEQF,1
TRBV20-1,TRBJ2-1,SATGTTPDEQF,4
TRBV20-1,TRBJ2-1,SATGTTPKNDQF,1
TRBV20-1,TRBJ2-1,SATGTTPRGNNEQF,3
TRBV20-1,TRBJ2-1,SATGTTPSNEQF,1
TRBV20-1,TRBJ2-1,SATGTTPSSYNEQF,1
TRBV20-1,TRBJ2-1,SATGTTPTVHEQF,1
TRBV20-1,TRBJ2-1,SATGTTRLDEQF,2
TRBV20-1,TRBJ2-1,SATGTTRNEQF,1
TRBV20-1,TRBJ2-1,SATGTTRTHEQF,1
TRBV20-1,TRBJ2-1,SATGTTRTNEQF,1
TRBV20-1,TRBJ2-1,SATGTTRTPSSSYNEQF,1
TRBV20-1,TRBJ2-1,SATGTTSGNEQF,1
TRBV20-1,TRBJ2-1,SATGTTSGRHEQF,1
TRBV20-1,TRBJ2-1,SATGTTSINEQF,1
TRBV20-1,TRBJ2-1,SATGTTSPNEQF,1
TRBV20-1,TRBJ2-1,SATGTTSSYNEQF,1
TRBV20-1,TRBJ2-1,SATGTTSYNEQF,4
TRBV20-1,TRBJ2-1,SATGTTTGNEQF,1
TRBV20-1,TRBJ2-1,SATGTTTKNEQF,3
TRBV20-1,TRBJ2-1,SATGTTTLPRLYNEQF,1
TRBV20-1,TRBJ2-1,SATGTTTPNSYNEQF,1
TRBV20-1,TRBJ2-1,SATGTTVDEQF,2
TRBV20-1,TRBJ2-1,SATGTTVNEQF,1
TRBV20-1,TRBJ2-1,SATGTTVSYNEQF,1
TRBV20-1,TRBJ2-1,SATGTTVYNEQF,2
TRBV20-1,TRBJ2-1,SATGTTWTTNEQF,1
TRBV20-1,TRBJ2-1,SATGTTYGKSSYNEQF,1
TRBV20-1,TRBJ2-1,SATGTTYNEQF,30
TRBV20-1,TRBJ2-1,SATGTTYSYNEQF,1
TRBV20-1,TRBJ2-1,SATGTVADNEQF,1
TRBV20-1,TRBJ2-1,SATGTVAYNEQF,1
TRBV20-1,TRBJ2-1,SATGTVDEQF,8
TRBV20-1,TRBJ2-1,SATGTVDFNEQF,1
TRBV20-1,TRBJ2-1,SATGTVFNEQF,1
TRBV20-1,TRBJ2-1,SATGTVGNEQF,1
TRBV20-1,TRBJ2-1,SATGTVHNEQF,1
TRBV20-1,TRBJ2-1,SATGTVHYNEQF,1
TRBV20-1,TRBJ2-1,SATGTVIHNEQF,1
TRBV20-1,TRBJ2-1,SATGTVISSYNEQF,1
TRBV20-1,TRBJ2-1,SATGTVKRVDEQF,1
TRBV20-1,TRBJ2-1,SATGTVLFGNEQF,1
TRBV20-1,TRBJ2-1,SATGTVLYNEQF,1
TRBV20-1,TRBJ2-1,SATGTVNEQF,2
TRBV20-1,TRBJ2-1,SATGTVNNEQF,1
TRBV20-1,TRBJ2-1,SATGTVPSHNEQF,1
TRBV20-1,TRBJ2-1,SATGTVQF,7
TRBV20-1,TRBJ2-1,SATGTVQLYNEQF,1
TRBV20-1,TRBJ2-1,SATGTVRGHEQF,1
TRBV20-1,TRBJ2-1,SATGTVRL,5
TRBV20-1,TRBJ2-1,SATGTVRNNEQF,1
TRBV20-1,TRBJ2-1,SATGTVRYNEQF,3
TRBV20-1,TRBJ2-1,SATGTVSNEQF,1
TRBV20-1,TRBJ2-1,SATGTVSSYNEQF,2
TRBV20-1,TRBJ2-1,SATGTVSYNEQF,2
TRBV20-1,TRBJ2-1,SATGTVVYNEQF,1
TRBV20-1,TRBJ2-1,SATGTVYNEQF,23
TRBV20-1,TRBJ2-1,SATGTVYRDEQF,1
TRBV20-1,TRBJ2-1,SATGTWENEQF,1
TRBV20-1,TRBJ2-1,SATGTWKLAGGPNEQF,1
TRBV20-1,TRBJ2-1,SATGTWNEQF,1
TRBV20-1,TRBJ2-1,SATGTWRQNEQF,1
TRBV20-1,TRBJ2-1,SATGTWVVGEQF,3
TRBV20-1,TRBJ2-1,SATGTWYNEQF,1
TRBV20-1,TRBJ2-1,SATGTYENEQF,1
TRBV20-1,TRBJ2-1,SATGTYNDQF,1
TRBV20-1,TRBJ2-1,SATGTYNEQF,22
TRBV20-1,TRBJ2-1,SATGTYPSSYNEQF,1
TRBV20-1,TRBJ2-1,SATGTYQYNEQF,1
TRBV20-1,TRBJ2-1,SATGTYSSSYNEQF,1
TRBV20-1,TRBJ2-1,SATGTYSYNEQF,2
TRBV20-1,TRBJ2-1,SATGTYYNEQF,2
TRBV20-1,TRBJ2-1,SATGV,1
TRBV20-1,TRBJ2-1,SATGVADIYNEQF,1
TRBV20-1,TRBJ2-1,SATGVAGAFYNEQF,1
TRBV20-1,TRBJ2-1,SATGVAGANYNEQF,1
TRBV20-1,TRBJ2-1,SATGVAGAPHNEQF,1
TRBV20-1,TRBJ2-1,SATGVAGELYNEQF,1
TRBV20-1,TRBJ2-1,SATGVAGGLGNEQF,4
TRBV20-1,TRBJ2-1,SATGVAGGNNEQF,2
TRBV20-1,TRBJ2-1,SATGVAGGPNEQF,1
TRBV20-1,TRBJ2-1,SATGVAGHNEQF,1
TRBV20-1,TRBJ2-1,SATGVAGNYNEQF,1
TRBV20-1,TRBJ2-1,SATGVAGPGNEQF,1
TRBV20-1,TRBJ2-1,SATGVAGPGTYNEQF,1
TRBV20-1,TRBJ2-1,SATGVAGSTMNEQF,1
TRBV20-1,TRBJ2-1,SATGVAGSYNEQF,1
TRBV20-1,TRBJ2-1,SATGVAGTTPYNEQF,1
TRBV20-1,TRBJ2-1,SATGVAGVRYNEQF,1
TRBV20-1,TRBJ2-1,SATGVAWYNEQF,1
TRBV20-1,TRBJ2-1,SATGVAYNEQF,2
TRBV20-1,TRBJ2-1,SATGVDDEQF,1
TRBV20-1,TRBJ2-1,SATGVDEQF,3
TRBV20-1,TRBJ2-1,SATGVDEQYNEQF,1
TRBV20-1,TRBJ2-1,SATGVDKF,1
TRBV20-1,TRBJ2-1,SATGVDLNEQF,1
TRBV20-1,TRBJ2-1,SATGVDNEQF,1
TRBV20-1,TRBJ2-1,SATGVDRGQGSRINEQF,2
TRBV20-1,TRBJ2-1,SATGVDSPNEQF,1
TRBV20-1,TRBJ2-1,SATGVDYNEQF,1
TRBV20-1,TRBJ2-1,SATGVEQF,6
TRBV20-1,TRBJ2-1,SATGVEQY,1
TRBV20-1,TRBJ2-1,SATGVEREVYNEQF,1
TRBV20-1,TRBJ2-1,SATGVESYNEQF,1
TRBV20-1,TRBJ2-1,SATGVFEGSYNEQF,1
TRBV20-1,TRBJ2-1,SATGVFEQF,3
TRBV20-1,TRBJ2-1,SATGVFYNEQF,1
TRBV20-1,TRBJ2-1,SATGVGAYNEQF,1
TRBV20-1,TRBJ2-1,SATGVGDEQF,1
TRBV20-1,TRBJ2-1,SATGVGEQF,3
TRBV20-1,TRBJ2-1,SATGVGFTYNEQF,1
TRBV20-1,TRBJ2-1,SATGVGGPYNEQF,1
TRBV20-1,TRBJ2-1,SATGVGGSYNEQF,1
TRBV20-1,TRBJ2-1,SATGVGIYNEQF,1
TRBV20-1,TRBJ2-1,SATGVGLAAPYNEQF,1
TRBV20-1,TRBJ2-1,SATGVGLAAYNEQF,1
TRBV20-1,TRBJ2-1,SATGVGLAGGSSYNEQF,1
TRBV20-1,TRBJ2-1,SATGVGLYNEQF,5
TRBV20-1,TRBJ2-1,SATGVGPNEQF,1
TRBV20-1,TRBJ2-1,SATGVGPPYNEQF,1
TRBV20-1,TRBJ2-1,SATGVGRSYNEQF,1
TRBV20-1,TRBJ2-1,SATGVGRVRNNEQF,1
TRBV20-1,TRBJ2-1,SATGVGRYEQF,1
TRBV20-1,TRBJ2-1,SATGVGSWDEQF,1
TRBV20-1,TRBJ2-1,SATGVGSYNEQF,1
TRBV20-1,TRBJ2-1,SATGVGTVYNEQF,1
TRBV20-1,TRBJ2-1,SATGVGVNEQF,2
TRBV20-1,TRBJ2-1,SATGVGVPNEQF,1
TRBV20-1,TRBJ2-1,SATGVHEQF,1
TRBV20-1,TRBJ2-1,SATGVHLYNEQF,1
TRBV20-1,TRBJ2-1,SATGVHNEQF,1
TRBV20-1,TRBJ2-1,SATGVIAGANNEQF,14
TRBV20-1,TRBJ2-1,SATGVIDNEQF,1
TRBV20-1,TRBJ2-1,SATGVINEQF,1
TRBV20-1,TRBJ2-1,SATGVISYNEQF,1
TRBV20-1,TRBJ2-1,SATGVITNEQF,1
TRBV20-1,TRBJ2-1,SATGVIYNEQF,1
TRBV20-1,TRBJ2-1,SATGVKSSYNEQF,1
TRBV20-1,TRBJ2-1,SATGVLAGTNEQF,1
TRBV20-1,TRBJ2-1,SATGVLAGVNEQF,5
TRBV20-1,TRBJ2-1,SATGVLSPYNEQF,1
TRBV20-1,TRBJ2-1,SATGVLSYNEQF,2
TRBV20-1,TRBJ2-1,SATGVMGFNEQF,1
TRBV20-1,TRBJ2-1,SATGVNEQF,11
TRBV20-1,TRBJ2-1,SATGVNPGEQF,2
TRBV20-1,TRBJ2-1,SATGVNRGPNEQF,1
TRBV20-1,TRBJ2-1,SATGVNYNEQF,1
TRBV20-1,TRBJ2-1,SATGVPAVRNEQF,1
TRBV20-1,TRBJ2-1,SATGVPGLAGGPSYEQF,1
TRBV20-1,TRBJ2-1,SATGVPNNEQF,2
TRBV20-1,TRBJ2-1,SATGVPQVDEQF,1
TRBV20-1,TRBJ2-1,SATGVPSGPYNEQF,1
TRBV20-1,TRBJ2-1,SATGVPTDNEQF,1
TRBV20-1,TRBJ2-1,SATGVPYNEQF,4
TRBV20-1,TRBJ2-1,SATGVQGASYNEQF,1
TRBV20-1,TRBJ2-1,SATGVRASYNEQF,1
TRBV20-1,TRBJ2-1,SATGVRDEQF,1
TRBV20-1,TRBJ2-1,SATGVRDINNEQF,1
TRBV20-1,TRBJ2-1,SATGVRFNEQF,1
TRBV20-1,TRBJ2-1,SATGVRGGEQF,4
TRBV20-1,TRBJ2-1,SATGVRITYNEQF,2
TRBV20-1,TRBJ2-1,SATGVRNEQF,1
TRBV20-1,TRBJ2-1,SATGVRSSYNEQF,1
TRBV20-1,TRBJ2-1,SATGVRSYNEQF,1
TRBV20-1,TRBJ2-1,SATGVRTDEQF,1
TRBV20-1,TRBJ2-1,SATGVRYNEQF,29
TRBV20-1,TRBJ2-1,SATGVSGDSYNEQF,5
TRBV20-1,TRBJ2-1,SATGVSGGRSDEQF,1
TRBV20-1,TRBJ2-1,SATGVSGKDNEQF,1
TRBV20-1,TRBJ2-1,SATGVSGKYNEQF,1
TRBV20-1,TRBJ2-1,SATGVSGRAYNEQF,1
TRBV20-1,TRBJ2-1,SATGVSGRDNEQF,1
TRBV20-1,TRBJ2-1,SATGVSGRYNEQF,1
TRBV20-1,TRBJ2-1,SATGVSGYNEQF,1
TRBV20-1,TRBJ2-1,SATGVSHNEQF,1
TRBV20-1,TRBJ2-1,SATGVSNEQF,1
TRBV20-1,TRBJ2-1,SATGVSRDEQF,1
TRBV20-1,TRBJ2-1,SATGVSRLSYYVEI,1
TRBV20-1,TRBJ2-1,SATGVSRNEQF,1
TRBV20-1,TRBJ2-1,SATGVSRRSYNEQF,1
TRBV20-1,TRBJ2-1,SATGVSSVNEQF,1
TRBV20-1,TRBJ2-1,SATGVSSYNEQF,6
TRBV20-1,TRBJ2-1,SATGVSSYSEQF,1
TRBV20-1,TRBJ2-1,SATGVSVGRGYNEQF,1
TRBV20-1,TRBJ2-1,SATGVSYNEQF,14
TRBV20-1,TRBJ2-1,SATGVSYSNEQF,1
TRBV20-1,TRBJ2-1,SATGVTDEQF,1
TRBV20-1,TRBJ2-1,SATGVTGNSYNEQF,1
TRBV20-1,TRBJ2-1,SATGVTGSSYNEQF,1
TRBV20-1,TRBJ2-1,SATGVTHNEQF,1
TRBV20-1,TRBJ2-1,SATGVTRDLYNEQF,1
TRBV20-1,TRBJ2-1,SATGVTRSSYNEQF,1
TRBV20-1,TRBJ2-1,SATGVTSGRKWTYNEQF,1
TRBV20-1,TRBJ2-1,SATGVTSGRSYNEQF,1
TRBV20-1,TRBJ2-1,SATGVTYNEQF,8
TRBV20-1,TRBJ2-1,SATGVVAGGKDEQF,1
TRBV20-1,TRBJ2-1,SATGVVARNEQF,1
TRBV20-1,TRBJ2-1,SATGVVTDNEQF,2
TRBV20-1,TRBJ2-1,SATGVVYNEQF,1
TRBV20-1,TRBJ2-1,SATGVWGANEQF,4
TRBV20-1,TRBJ2-1,SATGVWTSGRSDNEQF,1
TRBV20-1,TRBJ2-1,SATGVYEQF,3
TRBV20-1,TRBJ2-1,SATGVYINEQF,1
TRBV20-1,TRBJ2-1,SATGVYNEQF,2
TRBV20-1,TRBJ2-1,SATGVYSYNEQF,1
TRBV20-1,TRBJ2-1,SATGVYTDEQF,2
TRBV20-1,TRBJ2-1,SATGWADNEQF,1
TRBV20-1,TRBJ2-1,SATGWAGNINEQF,1
TRBV20-1,TRBJ2-1,SATGWANEQF,5
TRBV20-1,TRBJ2-1,SATGWASDYNEQF,2
TRBV20-1,TRBJ2-1,SATGWASGSINEQF,1
TRBV20-1,TRBJ2-1,SATGWASYNEQF,1
TRBV20-1,TRBJ2-1,SATGWATGSYNEQF,1
TRBV20-1,TRBJ2-1,SATGWAYNEQF,2
TRBV20-1,TRBJ2-1,SATGWDEQF,3
TRBV20-1,TRBJ2-1,SATGWDLYNEQF,1
TRBV20-1,TRBJ2-1,SATGWDWTGEYNEQF,1
TRBV20-1,TRBJ2-1,SATGWEAGGPTYNEQF,3
TRBV20-1,TRBJ2-1,SATGWEIAGINEQF,1
TRBV20-1,TRBJ2-1,SATGWEPFNEQF,1
TRBV20-1,TRBJ2-1,SATGWERPSDEQF,1
TRBV20-1,TRBJ2-1,SATGWGEGLADRNEQF,1
TRBV20-1,TRBJ2-1,SATGWGFWGANEQF,1
TRBV20-1,TRBJ2-1,SATGWGGDEQF,3
TRBV20-1,TRBJ2-1,SATGWGGGSYNEQF,4
TRBV20-1,TRBJ2-1,SATGWGGLNEQF,2
TRBV20-1,TRBJ2-1,SATGWGGSYNEQF,1
TRBV20-1,TRBJ2-1,SATGWGKHNEQF,1
TRBV20-1,TRBJ2-1,SATGWGLRYNEQF,1
TRBV20-1,TRBJ2-1,SATGWGNEQF,1
TRBV20-1,TRBJ2-1,SATGWGSSYNEQF,2
TRBV20-1,TRBJ2-1,SATGWGSYNEQF,1
TRBV20-1,TRBJ2-1,SATGWGYNEQF,1
TRBV20-1,TRBJ2-1,SATGWKDNEQF,1
TRBV20-1,TRBJ2-1,SATGWKGNEQF,1
TRBV20-1,TRBJ2-1,SATGWLGLYNEQF,1
TRBV20-1,TRBJ2-1,SATGWLYNEQF,1
TRBV20-1,TRBJ2-1,SATGWNARYEQF,1
TRBV20-1,TRBJ2-1,SATGWNEQF,6
TRBV20-1,TRBJ2-1,SATGWNLYNEQF,1
TRBV20-1,TRBJ2-1,SATGWNQDNEQF,1
TRBV20-1,TRBJ2-1,SATGWPYNEQF,1
TRBV20-1,TRBJ2-1,SATGWQEGSYNEQF,1
TRBV20-1,TRBJ2-1,SATGWQRHNEQF,7
TRBV20-1,TRBJ2-1,SATGWRDEQF,1
TRBV20-1,TRBJ2-1,SATGWRDNEQF,1
TRBV20-1,TRBJ2-1,SATGWREGRSYNEQF,1
TRBV20-1,TRBJ2-1,SATGWRERNNEQF,3
TRBV20-1,TRBJ2-1,SATGWRLNEQF,1
TRBV20-1,TRBJ2-1,SATGWRTQNEQF,1
TRBV20-1,TRBJ2-1,SATGWSRGNNEQF,1
TRBV20-1,TRBJ2-1,SATGWSYNEQF,1
TRBV20-1,TRBJ2-1,SATGWTARSYNEQF,1
TRBV20-1,TRBJ2-1,SATGWTEAYNEQF,1
TRBV20-1,TRBJ2-1,SATGWTSGRLANEQF,1
TRBV20-1,TRBJ2-1,SATGWTSGSYNEQF,4
TRBV20-1,TRBJ2-1,SATGWTSGTPKVGYNEQF,1
TRBV20-1,TRBJ2-1,SATGWVAGESYNEQF,1
TRBV20-1,TRBJ2-1,SATGWVAGNEQF,1
TRBV20-1,TRBJ2-1,SATGWVAYNEQF,1
TRBV20-1,TRBJ2-1,SATGWVPAKVYNEQF,1
TRBV20-1,TRBJ2-1,SATGWVVYNEQF,1
TRBV20-1,TRBJ2-1,SATGWWELHEQF,1
TRBV20-1,TRBJ2-1,SATGWWENEQF,1
TRBV20-1,TRBJ2-1,SATGWYNEQF,1
TRBV20-1,TRBJ2-1,SATGYARGRAYNEQF,1
TRBV20-1,TRBJ2-1,SATGYDEQF,2
TRBV20-1,TRBJ2-1,SATGYELSYNEQF,1
TRBV20-1,TRBJ2-1,SATGYFAGEVHNEQF,1
TRBV20-1,TRBJ2-1,SATGYFSYNEQF,4
TRBV20-1,TRBJ2-1,SATGYGDSLYEQF,1
TRBV20-1,TRBJ2-1,SATGYGRRNEQF,1
TRBV20-1,TRBJ2-1,SATGYGSNEQF,1
TRBV20-1,TRBJ2-1,SATGYHEQF,1
TRBV20-1,TRBJ2-1,SATGYKDEQF,1
TRBV20-1,TRBJ2-1,SATGYLLAGAYNEQF,1
TRBV20-1,TRBJ2-1,SATGYLLAYNEQF,1
TRBV20-1,TRBJ2-1,SATGYLSYNEQF,2
TRBV20-1,TRBJ2-1,SATGYLYNEQF,1
TRBV20-1,TRBJ2-1,SATGYNEQF,27
TRBV20-1,TRBJ2-1,SATGYNLYNEQF,1
TRBV20-1,TRBJ2-1,SATGYNNEQF,3
TRBV20-1,TRBJ2-1,SATGYPGAYNEQF,1
TRBV20-1,TRBJ2-1,SATGYPGLNEQF,1
TRBV20-1,TRBJ2-1,SATGYPGTTSNEQF,1
TRBV20-1,TRBJ2-1,SATGYPSRTGKSYNEQF,1
TRBV20-1,TRBJ2-1,SATGYPSYNEQF,1
TRBV20-1,TRBJ2-1,SATGYQNNEQF,1
TRBV20-1,TRBJ2-1,SATGYRELNEQF,1
TRBV20-1,TRBJ2-1,SATGYRGGRSYNEQF,1
TRBV20-1,TRBJ2-1,SATGYRIRESSYNEQF,1
TRBV20-1,TRBJ2-1,SATGYRLYGSSYNEQF,1
TRBV20-1,TRBJ2-1,SATGYRPCNEQF,1
TRBV20-1,TRBJ2-1,SATGYRPGNEQF,11
TRBV20-1,TRBJ2-1,SATGYRQGNEQF,1
TRBV20-1,TRBJ2-1,SATGYSGRAIDEQF,1
TRBV20-1,TRBJ2-1,SATGYSGRDNEQF,1
TRBV20-1,TRBJ2-1,SATGYSPGNEQF,1
TRBV20-1,TRBJ2-1,SATGYSSYNEQF,1
TRBV20-1,TRBJ2-1,SATGYSYNEQF,1
TRBV20-1,TRBJ2-1,SATGYTHGDEQF,1
TRBV20-1,TRBJ2-1,SATGYWTSGRAVSGEQF,2
TRBV20-1,TRBJ2-1,SATGYWYNEQF,2
TRBV20-1,TRBJ2-1,SATGYYNEQF,8
TRBV20-1,TRBJ2-1,SATHAADLSSYNEQF,1
TRBV20-1,TRBJ2-1,SATHAALSYNEQF,2
TRBV20-1,TRBJ2-1,SATHAGSRRDEQF,1
TRBV20-1,TRBJ2-1,SATHAGTSGNHEQF,1
TRBV20-1,TRBJ2-1,SATHALADYNEQF,1
TRBV20-1,TRBJ2-1,SATHALGGVGNEQF,1
TRBV20-1,TRBJ2-1,SATHALTGGPYNEQF,1
TRBV20-1,TRBJ2-1,SATHAMGNIQAYNEQF,1
TRBV20-1,TRBJ2-1,SATHAPSGDSYNEQF,1
TRBV20-1,TRBJ2-1,SATHARFNNEQF,1
TRBV20-1,TRBJ2-1,SATHARRSNEQF,1
TRBV20-1,TRBJ2-1,SATHARTRINNEQF,3
TRBV20-1,TRBJ2-1,SATHASGDLQSSYNEQF,1
TRBV20-1,TRBJ2-1,SATHASGGGNEQF,1
TRBV20-1,TRBJ2-1,SATHASGIPLSYNEQF,1
TRBV20-1,TRBJ2-1,SATHASGSAYEQF,1
TRBV20-1,TRBJ2-1,SATHASGTRNEQF,1
TRBV20-1,TRBJ2-1,SATHDEQF,1
TRBV20-1,TRBJ2-1,SATHDGGGYNEQF,1
TRBV20-1,TRBJ2-1,SATHDGSYNEQF,1
TRBV20-1,TRBJ2-1,SATHDLDEQF,1
TRBV20-1,TRBJ2-1,SATHDLNEQF,1
TRBV20-1,TRBJ2-1,SATHDRGFNNEQF,1
TRBV20-1,TRBJ2-1,SATHDRGSYNEQF,1
TRBV20-1,TRBJ2-1,SATHDRRDERF,1
TRBV20-1,TRBJ2-1,SATHDSYNEQF,1
TRBV20-1,TRBJ2-1,SATHDVNGGNEQF,1
TRBV20-1,TRBJ2-1,SATHDYYNEQF,4
TRBV20-1,TRBJ2-1,SATHEARSGAYNEQF,1
TRBV20-1,TRBJ2-1,SATHEIYYNEQF,1
TRBV20-1,TRBJ2-1,SATHEPAGPMNEQF,1
TRBV20-1,TRBJ2-1,SATHEQF,3
TRBV20-1,TRBJ2-1,SATHEREDEQF,1
TRBV20-1,TRBJ2-1,SATHERSGRDYNEQF,1
TRBV20-1,TRBJ2-1,SATHERVSRNEQF,1
TRBV20-1,TRBJ2-1,SATHFERNEQF,1
TRBV20-1,TRBJ2-1,SATHFGHSPGEQF,1
TRBV20-1,TRBJ2-1,SATHFGSINEQF,1
TRBV20-1,TRBJ2-1,SATHFGTDEQF,1
TRBV20-1,TRBJ2-1,SATHFLSGAGGFNEQF,1
TRBV20-1,TRBJ2-1,SATHFSGGNSYNEQF,1
TRBV20-1,TRBJ2-1,SATHFSGRSLHEQF,1
TRBV20-1,TRBJ2-1,SATHFTEWNEQF,1
TRBV20-1,TRBJ2-1,SATHFTLTLLNEQF,2
TRBV20-1,TRBJ2-1,SATHFWTVYSYNEQF,1
TRBV20-1,TRBJ2-1,SATHGADNEQF,1
TRBV20-1,TRBJ2-1,SATHGAGGDEQF,2
TRBV20-1,TRBJ2-1,SATHGAGKYNEQF,1
TRBV20-1,TRBJ2-1,SATHGAGQGSIEQF,2
TRBV20-1,TRBJ2-1,SATHGAREEQF,1
TRBV20-1,TRBJ2-1,SATHGDEQF,2
TRBV20-1,TRBJ2-1,SATHGDYYNEQF,1
TRBV20-1,TRBJ2-1,SATHGGAPPNEQF,1
TRBV20-1,TRBJ2-1,SATHGGGGAYNEQF,1
TRBV20-1,TRBJ2-1,SATHGGGRDNNEQF,1
TRBV20-1,TRBJ2-1,SATHGGLASYNEQF,1
TRBV20-1,TRBJ2-1,SATHGGLGNEQF,1
TRBV20-1,TRBJ2-1,SATHGGLGTNYNEQF,1
TRBV20-1,TRBJ2-1,SATHGGPFNEQF,1
TRBV20-1,TRBJ2-1,SATHGGRGGRAYNEQF,1
TRBV20-1,TRBJ2-1,SATHGGSGTSGGALNEQF,1
TRBV20-1,TRBJ2-1,SATHGGTLRRNEQF,1
TRBV20-1,TRBJ2-1,SATHGGTSSYEQF,1
TRBV20-1,TRBJ2-1,SATHGGYNEQF,1
TRBV20-1,TRBJ2-1,SATHGHATSDPNEQF,1
TRBV20-1,TRBJ2-1,SATHGKLLGRGANEQF,1
TRBV20-1,TRBJ2-1,SATHGLAGGLHNEQF,1
TRBV20-1,TRBJ2-1,SATHGLAGGTNEQF,1
TRBV20-1,TRBJ2-1,SATHGLAGGWGNEQF,1
TRBV20-1,TRBJ2-1,SATHGLAGRWNEQF,1
TRBV20-1,TRBJ2-1,SATHGLAVDEQF,1
TRBV20-1,TRBJ2-1,SATHGLAVNNEQF,1
TRBV20-1,TRBJ2-1,SATHGLDNEQF,1
TRBV20-1,TRBJ2-1,SATHGLRSYNEQF,1
TRBV20-1,TRBJ2-1,SATHGLSSYNEQF,1
TRBV20-1,TRBJ2-1,SATHGLSYNEQF,1
TRBV20-1,TRBJ2-1,SATHGLVVSYNEQF,1
TRBV20-1,TRBJ2-1,SATHGNEQF,3
TRBV20-1,TRBJ2-1,SATHGNNEQF,1
TRBV20-1,TRBJ2-1,SATHGPHTFNEQF,1
TRBV20-1,TRBJ2-1,SATHGQGADNEQF,1
TRBV20-1,TRBJ2-1,SATHGQGRYNEQF,1
TRBV20-1,TRBJ2-1,SATHGQSNEQF,6
TRBV20-1,TRBJ2-1,SATHGQTLRNEQF,1
TRBV20-1,TRBJ2-1,SATHGQTYNEQF,1
TRBV20-1,TRBJ2-1,SATHGQVIINEQF,1
TRBV20-1,TRBJ2-1,SATHGRADGLGNEQF,1
TRBV20-1,TRBJ2-1,SATHGRGNSYNEQF,2
TRBV20-1,TRBJ2-1,SATHGSAHNEQF,1
TRBV20-1,TRBJ2-1,SATHGSGFNEQF,1
TRBV20-1,TRBJ2-1,SATHGSGPNEQF,1
TRBV20-1,TRBJ2-1,SATHGSNEQF,1
TRBV20-1,TRBJ2-1,SATHGSSSGRAGNNEQF,1
TRBV20-1,TRBJ2-1,SATHGSSYNEQF,5
TRBV20-1,TRBJ2-1,SATHGSTYNEQF,4
TRBV20-1,TRBJ2-1,SATHGSYNEQF,1
TRBV20-1,TRBJ2-1,SATHGTENYNEQF,1
TRBV20-1,TRBJ2-1,SATHGTFSYNEQF,1
TRBV20-1,TRBJ2-1,SATHGTGDNEQF,1
TRBV20-1,TRBJ2-1,SATHGTGPYNEQF,1
TRBV20-1,TRBJ2-1,SATHGTGWVNEQF,1
TRBV20-1,TRBJ2-1,SATHGTINEQF,1
TRBV20-1,TRBJ2-1,SATHGTINNEQF,1
TRBV20-1,TRBJ2-1,SATHGTISEQF,1
TRBV20-1,TRBJ2-1,SATHGTIYEQF,5
TRBV20-1,TRBJ2-1,SATHGTPNNQTYNEQF,1
TRBV20-1,TRBJ2-1,SATHGTRGVGEQF,3
TRBV20-1,TRBJ2-1,SATHGTSGRALSYNEQF,1
TRBV20-1,TRBJ2-1,SATHGTSGSDEQF,4
TRBV20-1,TRBJ2-1,SATHGTSGSGNEQF,1
TRBV20-1,TRBJ2-1,SATHGTSGTNEQF,1
TRBV20-1,TRBJ2-1,SATHGTSGYNEQF,2
TRBV20-1,TRBJ2-1,SATHGTSPVRSYNEQF,1
TRBV20-1,TRBJ2-1,SATHGTSRRNEQF,1
TRBV20-1,TRBJ2-1,SATHGTSTVNEQF,1
TRBV20-1,TRBJ2-1,SATHGTSVRNEQF,1
TRBV20-1,TRBJ2-1,SATHGTTYNEQF,1
TRBV20-1,TRBJ2-1,SATHGTVNEQF,1
TRBV20-1,TRBJ2-1,SATHGVAGALSSYNEQF,1
TRBV20-1,TRBJ2-1,SATHGVSYNEQF,1
TRBV20-1,TRBJ2-1,SATHGYNEQF,1
TRBV20-1,TRBJ2-1,SATHGYTYNEQF,1
TRBV20-1,TRBJ2-1,SATHHGLAGGSSYNEQF,1
TRBV20-1,TRBJ2-1,SATHHPSDVTYNEQF,1
TRBV20-1,TRBJ2-1,SATHHPSSYNEQF,1
TRBV20-1,TRBJ2-1,SATHHRDNYNEQF,2
TRBV20-1,TRBJ2-1,SATHHRGRLAGGGPYNEQF,1
TRBV20-1,TRBJ2-1,SATHHSSGSSYNEQF,1
TRBV20-1,TRBJ2-1,SATHIADNEQF,1
TRBV20-1,TRBJ2-1,SATHIAGGSYNEQF,1
TRBV20-1,TRBJ2-1,SATHIAGQGAYNEQF,1
TRBV20-1,TRBJ2-1,SATHIAGVSYNEQF,6
TRBV20-1,TRBJ2-1,SATHIGGEYYNEQF,1
TRBV20-1,TRBJ2-1,SATHIGVANNEQF,1
TRBV20-1,TRBJ2-1,SATHIGVRYNEQF,1
TRBV20-1,TRBJ2-1,SATHIPYNEQF,1
TRBV20-1,TRBJ2-1,SATHIRREGRNEQF,1
TRBV20-1,TRBJ2-1,SATHISGIQFNEQF,2
TRBV20-1,TRBJ2-1,SATHITARPGLANNEQF,1
TRBV20-1,TRBJ2-1,SATHITSGEQF,5
TRBV20-1,TRBJ2-1,SATHITSGEQV,1
TRBV20-1,TRBJ2-1,SATHKHNEQF,1
TRBV20-1,TRBJ2-1,SATHKPSGAYNEQF,1
TRBV20-1,TRBJ2-1,SATHKQGAIYNEQF,1
TRBV20-1,TRBJ2-1,SATHLAANSYNEQF,6
TRBV20-1,TRBJ2-1,SATHLAASSYNEQF,1
TRBV20-1,TRBJ2-1,SATHLAGAYNEQF,1
TRBV20-1,TRBJ2-1,SATHLAGDYNEQF,1
TRBV20-1,TRBJ2-1,SATHLAGENEQF,1
TRBV20-1,TRBJ2-1,SATHLAGGPYNEQF,1
TRBV20-1,TRBJ2-1,SATHLAGGQLSVNEQF,1
TRBV20-1,TRBJ2-1,SATHLAGGTSYNEQF,1
TRBV20-1,TRBJ2-1,SATHLAGGYNEQF,1
TRBV20-1,TRBJ2-1,SATHLAGLAYNEQF,1
TRBV20-1,TRBJ2-1,SATHLAGLGDEQF,1
TRBV20-1,TRBJ2-1,SATHLAGRGNEQF,1
TRBV20-1,TRBJ2-1,SATHLAGTYNEQF,1
TRBV20-1,TRBJ2-1,SATHLAGVYNEQF,1
TRBV20-1,TRBJ2-1,SATHLAGYNEQF,1
TRBV20-1,TRBJ2-1,SATHLANPTYNEQF,1
TRBV20-1,TRBJ2-1,SATHLAPSRSNEQF,2
TRBV20-1,TRBJ2-1,SATHLASGRAGGSYNEQF,1
TRBV20-1,TRBJ2-1,SATHLDSYNEQF,2
TRBV20-1,TRBJ2-1,SATHLEGGRNEQF,1
TRBV20-1,TRBJ2-1,SATHLEGQSYNEQF,1
TRBV20-1,TRBJ2-1,SATHLELQSGRGDNEQF,1
TRBV20-1,TRBJ2-1,SATHLEMVYNEQF,2
TRBV20-1,TRBJ2-1,SATHLEVWNEQF,1
TRBV20-1,TRBJ2-1,SATHLGAYNEQF,1
TRBV20-1,TRBJ2-1,SATHLGERSQRNNEQF,1
TRBV20-1,TRBJ2-1,SATHLGGDYNEQF,1
TRBV20-1,TRBJ2-1,SATHLGGGSYNEQF,1
TRBV20-1,TRBJ2-1,SATHLGREGWNEQF,1
TRBV20-1,TRBJ2-1,SATHLGRGPYNEQF,1
TRBV20-1,TRBJ2-1,SATHLGRSSYNEQF,1
TRBV20-1,TRBJ2-1,SATHLGTNIYNEQF,1
TRBV20-1,TRBJ2-1,SATHLGTTTNEQF,6
TRBV20-1,TRBJ2-1,SATHLHTNEQF,1
TRBV20-1,TRBJ2-1,SATHLIRSYNEQF,1
TRBV20-1,TRBJ2-1,SATHLIVAGTKFSRV,1
TRBV20-1,TRBJ2-1,SATHLLAGGLNEQF,1
TRBV20-1,TRBJ2-1,SATHLLEKSSYNEQF,1
TRBV20-1,TRBJ2-1,SATHLLFRREVENEQF,3
TRBV20-1,TRBJ2-1,SATHLMGGMNNEQF,1
TRBV20-1,TRBJ2-1,SATHLPGLAGPSYNEQF,4
TRBV20-1,TRBJ2-1,SATHLQGGLHEQF,1
TRBV20-1,TRBJ2-1,SATHLQGVGNEQF,1
TRBV20-1,TRBJ2-1,SATHLRDWDNEQF,1
TRBV20-1,TRBJ2-1,SATHLREVYNEQF,1
TRBV20-1,TRBJ2-1,SATHLRQGNEQF,1
TRBV20-1,TRBJ2-1,SATHLSGSPLHEQF,1
TRBV20-1,TRBJ2-1,SATHLTEGGRDEQF,1
TRBV20-1,TRBJ2-1,SATHLTGGHNEQF,1
TRBV20-1,TRBJ2-1,SATHLTRTGGSYNEQF,2
TRBV20-1,TRBJ2-1,SATHLTSGINEQF,1
TRBV20-1,TRBJ2-1,SATHLTSGNSYNEQF,1
TRBV20-1,TRBJ2-1,SATHLTSGSGDEQF,1
TRBV20-1,TRBJ2-1,SATHLTVAGTKFSGV,1
TRBV20-1,TRBJ2-1,SATHLTVAGTKFSRV,51
TRBV20-1,TRBJ2-1,SATHLTVAGTQFSRV,1
TRBV20-1,TRBJ2-1,SATHLTVFDEQF,1
TRBV20-1,TRBJ2-1,SATHLTVVGTKFSRV,1
TRBV20-1,TRBJ2-1,SATHLVQSNEQF,1
TRBV20-1,TRBJ2-1,SATHLWTDNEQF,1
TRBV20-1,TRBJ2-1,SATHLYDNEQF,1
TRBV20-1,TRBJ2-1,SATHLYGTDNEQF,1
TRBV20-1,TRBJ2-1,SATHMAGAGNEQF,1
TRBV20-1,TRBJ2-1,SATHMANNEQF,1
TRBV20-1,TRBJ2-1,SATHMARGVYGDEQF,8
TRBV20-1,TRBJ2-1,SATHMGQGSYNEQF,1
TRBV20-1,TRBJ2-1,SATHMGRAGYNEQF,1
TRBV20-1,TRBJ2-1,SATHMRGGISNEQF,1
TRBV20-1,TRBJ2-1,SATHMTDYNEQF,1
TRBV20-1,TRBJ2-1,SATHNEQF,40
TRBV20-1,TRBJ2-1,SATHNFGENEQF,1
TRBV20-1,TRBJ2-1,SATHNNEQF,1
TRBV20-1,TRBJ2-1,SATHNPTSGRGNYNEQF,5
TRBV20-1,TRBJ2-1,SATHNRGNEQF,1
TRBV20-1,TRBJ2-1,SATHPAGTRTYNEQF,1
TRBV20-1,TRBJ2-1,SATHPAQGRGSYNEQF,1
TRBV20-1,TRBJ2-1,SATHPARTSGSNEQF,1
TRBV20-1,TRBJ2-1,SATHPASGISYNEQF,1
TRBV20-1,TRBJ2-1,SATHPASGRNEQF,1
TRBV20-1,TRBJ2-1,SATHPAYHNEQF,1
TRBV20-1,TRBJ2-1,SATHPCGGSYNEQF,1
TRBV20-1,TRBJ2-1,SATHPDLYNEQF,1
TRBV20-1,TRBJ2-1,SATHPDTSYNEQF,3
TRBV20-1,TRBJ2-1,SATHPEDRGGNEQF,1
TRBV20-1,TRBJ2-1,SATHPEESSYNEQF,1
TRBV20-1,TRBJ2-1,SATHPERNNEQF,1
TRBV20-1,TRBJ2-1,SATHPFPDEQF,2
TRBV20-1,TRBJ2-1,SATHPGDAYNEQF,1
TRBV20-1,TRBJ2-1,SATHPGGLYNEQF,1
TRBV20-1,TRBJ2-1,SATHPGGPFLNEQF,1
TRBV20-1,TRBJ2-1,SATHPGGPNNEQF,1
TRBV20-1,TRBJ2-1,SATHPGGSYNEQF,1
TRBV20-1,TRBJ2-1,SATHPGITYNEQF,1
TRBV20-1,TRBJ2-1,SATHPGLAASYNEQF,1
TRBV20-1,TRBJ2-1,SATHPGLADNEQF,1
TRBV20-1,TRBJ2-1,SATHPGLADYNEQF,1
TRBV20-1,TRBJ2-1,SATHPGLAGGPSYNEQF,1
TRBV20-1,TRBJ2-1,SATHPGLAGGRNEQF,1
TRBV20-1,TRBJ2-1,SATHPGLAGLSSYNEQF,1
TRBV20-1,TRBJ2-1,SATHPGLAVNEQF,1
TRBV20-1,TRBJ2-1,SATHPGLAWNEQF,1
TRBV20-1,TRBJ2-1,SATHPGLAYNEQF,2
TRBV20-1,TRBJ2-1,SATHPGLWLYNEQF,1
TRBV20-1,TRBJ2-1,SATHPGNEQF,1
TRBV20-1,TRBJ2-1,SATHPGPSYNEQF,1
TRBV20-1,TRBJ2-1,SATHPGQEQF,11
TRBV20-1,TRBJ2-1,SATHPGQVQF,1
TRBV20-1,TRBJ2-1,SATHPGRGSNEQF,1
TRBV20-1,TRBJ2-1,SATHPGSGNEQF,3
TRBV20-1,TRBJ2-1,SATHPGTAGDEQF,1
TRBV20-1,TRBJ2-1,SATHPGTGDNEQF,1
TRBV20-1,TRBJ2-1,SATHPGTGGDEQF,7
TRBV20-1,TRBJ2-1,SATHPGTPAYNEQF,1
TRBV20-1,TRBJ2-1,SATHPGTRGHNEQF,1
TRBV20-1,TRBJ2-1,SATHPGTSERTNSYNEQF,1
TRBV20-1,TRBJ2-1,SATHPGTSRVVNNEQF,1
TRBV20-1,TRBJ2-1,SATHPINEQF,1
TRBV20-1,TRBJ2-1,SATHPLAGGPSSYNEQF,1
TRBV20-1,TRBJ2-1,SATHPLAGRGDEQF,3
TRBV20-1,TRBJ2-1,SATHPLAGRLNEQF,1
TRBV20-1,TRBJ2-1,SATHPLGNEQF,1
TRBV20-1,TRBJ2-1,SATHPLSSYNEQF,1
TRBV20-1,TRBJ2-1,SATHPMYNEQF,1
TRBV20-1,TRBJ2-1,SATHPNYNEQF,2
TRBV20-1,TRBJ2-1,SATHPPGAIYEQF,1
TRBV20-1,TRBJ2-1,SATHPPGTSGRDYNEQF,1
TRBV20-1,TRBJ2-1,SATHPPILAGGHNNEQF,1
TRBV20-1,TRBJ2-1,SATHPPPTGTEDEQF,1
TRBV20-1,TRBJ2-1,SATHPPYNEQF,1
TRBV20-1,TRBJ2-1,SATHPRAPAYNEQF,1
TRBV20-1,TRBJ2-1,SATHPRASNNEQF,1
TRBV20-1,TRBJ2-1,SATHPRDPRGNEQF,1
TRBV20-1,TRBJ2-1,SATHPRDVLNNEQF,6
TRBV20-1,TRBJ2-1,SATHPRGGNEQF,1
TRBV20-1,TRBJ2-1,SATHPRGSGYNEQF,2
TRBV20-1,TRBJ2-1,SATHPRGVTYNEQF,1
TRBV20-1,TRBJ2-1,SATHPRLAGGGRNEQF,1
TRBV20-1,TRBJ2-1,SATHPRLVHNEQF,1
TRBV20-1,TRBJ2-1,SATHPRYHEQF,1
TRBV20-1,TRBJ2-1,SATHPSDRNNEQF,8
TRBV20-1,TRBJ2-1,SATHPSGGSYNEQF,7
TRBV20-1,TRBJ2-1,SATHPSGRADNEQF,1
TRBV20-1,TRBJ2-1,SATHPSGRAYNEQF,1
TRBV20-1,TRBJ2-1,SATHPSGRFYEQF,1
TRBV20-1,TRBJ2-1,SATHPSGRRDEQF,1
TRBV20-1,TRBJ2-1,SATHPSGRRNEQF,1
TRBV20-1,TRBJ2-1,SATHPSGSGNEQF,1
TRBV20-1,TRBJ2-1,SATHPSGSIDEQF,2
TRBV20-1,TRBJ2-1,SATHPSGSSYNEQF,1
TRBV20-1,TRBJ2-1,SATHPSGSYNEQF,1
TRBV20-1,TRBJ2-1,SATHPSGYNEQF,1
TRBV20-1,TRBJ2-1,SATHPSKSYNEQF,1
TRBV20-1,TRBJ2-1,SATHPSMSYNEQF,1
TRBV20-1,TRBJ2-1,SATHPTGGRNEQF,1
TRBV20-1,TRBJ2-1,SATHPTGTSGSNNEQF,1
TRBV20-1,TRBJ2-1,SATHPTSAGGDEQF,3
TRBV20-1,TRBJ2-1,SATHPVPQANNEQF,1
TRBV20-1,TRBJ2-1,SATHPWTGSDYDEQF,1
TRBV20-1,TRBJ2-1,SATHPYNEQF,1
TRBV20-1,TRBJ2-1,SATHQALSHNEQF,1
TRBV20-1,TRBJ2-1,SATHQDASGYNEQF,4
TRBV20-1,TRBJ2-1,SATHQDDRPPYNEQF,1
TRBV20-1,TRBJ2-1,SATHQDRSYNEQF,1
TRBV20-1,TRBJ2-1,SATHQDSNNEQF,1
TRBV20-1,TRBJ2-1,SATHQERSYNEQF,1
TRBV20-1,TRBJ2-1,SATHQGEQF,3
TRBV20-1,TRBJ2-1,SATHQGFPDEQF,1
TRBV20-1,TRBJ2-1,SATHQGIYNEQF,1
TRBV20-1,TRBJ2-1,SATHQGLAGANEQF,1
TRBV20-1,TRBJ2-1,SATHQGNEQF,2
TRBV20-1,TRBJ2-1,SATHQGRNEQF,1
TRBV20-1,TRBJ2-1,SATHQGRYNEQF,1
TRBV20-1,TRBJ2-1,SATHQNEQF,1
TRBV20-1,TRBJ2-1,SATHQNSWNEQF,1
TRBV20-1,TRBJ2-1,SATHQNYNEQF,1
TRBV20-1,TRBJ2-1,SATHQREFPYNEQF,1
TRBV20-1,TRBJ2-1,SATHQRGGLDNEQF,1
TRBV20-1,TRBJ2-1,SATHQVPYNEQF,1
TRBV20-1,TRBJ2-1,SATHRAGDEQF,1
TRBV20-1,TRBJ2-1,SATHRAGGPVNEQF,1
TRBV20-1,TRBJ2-1,SATHRAGGYNEQF,1
TRBV20-1,TRBJ2-1,SATHRAGPYNEQF,1
TRBV20-1,TRBJ2-1,SATHRAIPSGNEQF,1
TRBV20-1,TRBJ2-1,SATHRAPEGYNEQF,1
TRBV20-1,TRBJ2-1,SATHRAPYNEQF,1
TRBV20-1,TRBJ2-1,SATHRAQDGNEQF,1
TRBV20-1,TRBJ2-1,SATHRARTSGSSYNEQF,1
TRBV20-1,TRBJ2-1,SATHRARYNEQF,1
TRBV20-1,TRBJ2-1,SATHRASGYNEQF,1
TRBV20-1,TRBJ2-1,SATHRDEQF,1
TRBV20-1,TRBJ2-1,SATHRDFYNEQF,1
TRBV20-1,TRBJ2-1,SATHRDLSSYNEQF,1
TRBV20-1,TRBJ2-1,SATHRDREDNEQF,1
TRBV20-1,TRBJ2-1,SATHRDRGLDEQF,1
TRBV20-1,TRBJ2-1,SATHRDRGQDEQF,2
TRBV20-1,TRBJ2-1,SATHRDRGRYEQF,2
TRBV20-1,TRBJ2-1,SATHRDRGTNEQF,1
TRBV20-1,TRBJ2-1,SATHRDRPENEQF,1
TRBV20-1,TRBJ2-1,SATHRDSLYNEQF,1
TRBV20-1,TRBJ2-1,SATHRDSVYNEQF,1
TRBV20-1,TRBJ2-1,SATHRDYKPDEQF,1
TRBV20-1,TRBJ2-1,SATHRDYLSNEQF,6
TRBV20-1,TRBJ2-1,SATHREGPSYNEQF,3
TRBV20-1,TRBJ2-1,SATHREGYNEQF,1
TRBV20-1,TRBJ2-1,SATHREIHEQF,5
TRBV20-1,TRBJ2-1,SATHRENEQF,2
TRBV20-1,TRBJ2-1,SATHREQF,1
TRBV20-1,TRBJ2-1,SATHRERGGSYNEQF,1
TRBV20-1,TRBJ2-1,SATHRESYNEQF,1
TRBV20-1,TRBJ2-1,SATHREWRNEQF,1
TRBV20-1,TRBJ2-1,SATHRGAHVFEQF,1
TRBV20-1,TRBJ2-1,SATHRGAQVFEQF,6
TRBV20-1,TRBJ2-1,SATHRGASGHSYNEQF,1
TRBV20-1,TRBJ2-1,SATHRGELAGYNEQF,1
TRBV20-1,TRBJ2-1,SATHRGGDEQF,23
TRBV20-1,TRBJ2-1,SATHRGGGLAGGISYNEQY,1
TRBV20-1,TRBJ2-1,SATHRGGLAGRFSYNEQF,1
TRBV20-1,TRBJ2-1,SATHRGGLQRASYNEQF,3
TRBV20-1,TRBJ2-1,SATHRGGNEQF,1
TRBV20-1,TRBJ2-1,SATHRGGPSYNEQF,1
TRBV20-1,TRBJ2-1,SATHRGGRRYNEQF,1
TRBV20-1,TRBJ2-1,SATHRGGYNEQF,1
TRBV20-1,TRBJ2-1,SATHRGHAQF,1
TRBV20-1,TRBJ2-1,SATHRGHNEQF,1
TRBV20-1,TRBJ2-1,SATHRGHYNEQF,2
TRBV20-1,TRBJ2-1,SATHRGKANEQF,1
TRBV20-1,TRBJ2-1,SATHRGKEQF,1
TRBV20-1,TRBJ2-1,SATHRGLADNEQF,1
TRBV20-1,TRBJ2-1,SATHRGLNEQF,1
TRBV20-1,TRBJ2-1,SATHRGLNSYNEQF,1
TRBV20-1,TRBJ2-1,SATHRGNEKF,1
TRBV20-1,TRBJ2-1,SATHRGNEQF,109
TRBV20-1,TRBJ2-1,SATHRGNEQV,1
TRBV20-1,TRBJ2-1,SATHRGNGQF,1
TRBV20-1,TRBJ2-1,SATHRGPGSYNEQF,1
TRBV20-1,TRBJ2-1,SATHRGPMDEQF,1
TRBV20-1,TRBJ2-1,SATHRGPSGTSYNEQF,1
TRBV20-1,TRBJ2-1,SATHRGQVSYNEQF,1
TRBV20-1,TRBJ2-1,SATHRGRAYNEQF,1
TRBV20-1,TRBJ2-1,SATHRGRFNEQF,1
TRBV20-1,TRBJ2-1,SATHRGRLNEQF,1
TRBV20-1,TRBJ2-1,SATHRGSGNEQF,2
TRBV20-1,TRBJ2-1,SATHRGSPLANEQF,1
TRBV20-1,TRBJ2-1,SATHRGSSYNEQF,1
TRBV20-1,TRBJ2-1,SATHRGSYNEQF,1
TRBV20-1,TRBJ2-1,SATHRGVDNEQF,1
TRBV20-1,TRBJ2-1,SATHRGVGNEQF,1
TRBV20-1,TRBJ2-1,SATHRGVNEQF,2
TRBV20-1,TRBJ2-1,SATHRGVSSYNEQF,1
TRBV20-1,TRBJ2-1,SATHRIEQF,6
TRBV20-1,TRBJ2-1,SATHRLAANYNEQF,1
TRBV20-1,TRBJ2-1,SATHRLAATYNEQF,5
TRBV20-1,TRBJ2-1,SATHRLAGAPYNEQF,1
TRBV20-1,TRBJ2-1,SATHRLAGGNEQF,1
TRBV20-1,TRBJ2-1,SATHRLAGGPAYNEQF,2
TRBV20-1,TRBJ2-1,SATHRLAGGTYNEQF,5
TRBV20-1,TRBJ2-1,SATHRLAGNYNEQF,1
TRBV20-1,TRBJ2-1,SATHRLAGVIINEQF,2
TRBV20-1,TRBJ2-1,SATHRLAKSYNEQF,1
TRBV20-1,TRBJ2-1,SATHRLAPTYNEQF,1
TRBV20-1,TRBJ2-1,SATHRLQRNEQF,4
TRBV20-1,TRBJ2-1,SATHRLTSANEQF,1
TRBV20-1,TRBJ2-1,SATHRNEQF,1
TRBV20-1,TRBJ2-1,SATHRNNEQF,1
TRBV20-1,TRBJ2-1,SATHRPGGNEQF,1
TRBV20-1,TRBJ2-1,SATHRPSSYNEQF,1
TRBV20-1,TRBJ2-1,SATHRQDLWYNEQF,1
TRBV20-1,TRBJ2-1,SATHRQGGYNEQF,1
TRBV20-1,TRBJ2-1,SATHRQGGYTEQF,1
TRBV20-1,TRBJ2-1,SATHRQGPGSYNEQF,1
TRBV20-1,TRBJ2-1,SATHRQGRIYNEQF,1
TRBV20-1,TRBJ2-1,SATHRRAHGNEQF,1
TRBV20-1,TRBJ2-1,SATHRRDGNEQF,1
TRBV20-1,TRBJ2-1,SATHRREGYNEQF,1
TRBV20-1,TRBJ2-1,SATHRRKNPYNEQF,1
TRBV20-1,TRBJ2-1,SATHRSGGVMHEQF,1
TRBV20-1,TRBJ2-1,SATHRSGSRHNEQF,1
TRBV20-1,TRBJ2-1,SATHRSSSGGNEQF,1
TRBV20-1,TRBJ2-1,SATHRSSYNEQF,2
TRBV20-1,TRBJ2-1,SATHRTGSYNEQF,1
TRBV20-1,TRBJ2-1,SATHRTRNEQF,1
TRBV20-1,TRBJ2-1,SATHRTSGRASSYNEQF,4
TRBV20-1,TRBJ2-1,SATHRTSGTPMGNEQF,1
TRBV20-1,TRBJ2-1,SATHRTSKNEQF,2
TRBV20-1,TRBJ2-1,SATHRTTIYNEQF,1
TRBV20-1,TRBJ2-1,SATHRVRSYNEQF,4
TRBV20-1,TRBJ2-1,SATHRVSSYNEQF,1
TRBV20-1,TRBJ2-1,SATHRYRAYNEQF,1
TRBV20-1,TRBJ2-1,SATHSAGNEQF,1
TRBV20-1,TRBJ2-1,SATHSAGQIGNEQF,1
TRBV20-1,TRBJ2-1,SATHSDHNEQF,1
TRBV20-1,TRBJ2-1,SATHSDNEQF,1
TRBV20-1,TRBJ2-1,SATHSESSYNEQF,4
TRBV20-1,TRBJ2-1,SATHSGAYNEQF,1
TRBV20-1,TRBJ2-1,SATHSGDSYNEQF,1
TRBV20-1,TRBJ2-1,SATHSGDYNEQF,1
TRBV20-1,TRBJ2-1,SATHSGFRYNEQF,1
TRBV20-1,TRBJ2-1,SATHSGGAYNEQF,1
TRBV20-1,TRBJ2-1,SATHSGGGDEQF,1
TRBV20-1,TRBJ2-1,SATHSGGSSYNEQF,1
TRBV20-1,TRBJ2-1,SATHSGGSYNEQF,2
TRBV20-1,TRBJ2-1,SATHSGGYNEQF,3
TRBV20-1,TRBJ2-1,SATHSGINEQF,1
TRBV20-1,TRBJ2-1,SATHSGINNEQF,1
TRBV20-1,TRBJ2-1,SATHSGLSYNEQF,1
TRBV20-1,TRBJ2-1,SATHSGNEQF,2
TRBV20-1,TRBJ2-1,SATHSGNSYNEQF,1
TRBV20-1,TRBJ2-1,SATHSGPPYNEQF,1
TRBV20-1,TRBJ2-1,SATHSGPSSYNEQF,1
TRBV20-1,TRBJ2-1,SATHSGRAHEQF,1
TRBV20-1,TRBJ2-1,SATHSGRANNEQF,1
TRBV20-1,TRBJ2-1,SATHSGRANYNEQF,1
TRBV20-1,TRBJ2-1,SATHSGRAPNEQF,1
TRBV20-1,TRBJ2-1,SATHSGRAQNEQF,1
TRBV20-1,TRBJ2-1,SATHSGRARNEQF,1
TRBV20-1,TRBJ2-1,SATHSGRASDEQF,1
TRBV20-1,TRBJ2-1,SATHSGRATRNNEQF,1
TRBV20-1,TRBJ2-1,SATHSGRAVDEQF,1
TRBV20-1,TRBJ2-1,SATHSGRAYNEQF,2
TRBV20-1,TRBJ2-1,SATHSGRDNEQF,1
TRBV20-1,TRBJ2-1,SATHSGRELYNEQF,1
TRBV20-1,TRBJ2-1,SATHSGRGGNEQF,1
TRBV20-1,TRBJ2-1,SATHSGRGNEQF,1
TRBV20-1,TRBJ2-1,SATHSGRGYNEQF,1
TRBV20-1,TRBJ2-1,SATHSGRLNEQF,1
TRBV20-1,TRBJ2-1,SATHSGRNYNEQF,1
TRBV20-1,TRBJ2-1,SATHSGRPLSSYNEQF,1
TRBV20-1,TRBJ2-1,SATHSGRRDEQF,2
TRBV20-1,TRBJ2-1,SATHSGRSNEQF,1
TRBV20-1,TRBJ2-1,SATHSGRSYNEQF,1
TRBV20-1,TRBJ2-1,SATHSGSLNNEQF,1
TRBV20-1,TRBJ2-1,SATHSGSRNEQF,1
TRBV20-1,TRBJ2-1,SATHSGSSSYNEQF,1
TRBV20-1,TRBJ2-1,SATHSGSSYNEQF,2
TRBV20-1,TRBJ2-1,SATHSGSWDNEQF,1
TRBV20-1,TRBJ2-1,SATHSGSYYNEQF,1
TRBV20-1,TRBJ2-1,SATHSGTSGYNEQF,3
TRBV20-1,TRBJ2-1,SATHSGTSYNEQF,1
TRBV20-1,TRBJ2-1,SATHSGTTFNEQF,1
TRBV20-1,TRBJ2-1,SATHSIRSSYNEQF,1
TRBV20-1,TRBJ2-1,SATHSPFSYNEQF,1
TRBV20-1,TRBJ2-1,SATHSPQISYNEQF,1
TRBV20-1,TRBJ2-1,SATHSQGFYNEQF,1
TRBV20-1,TRBJ2-1,SATHSQVYNEQF,2
TRBV20-1,TRBJ2-1,SATHSRSGASSYNEQF,1
TRBV20-1,TRBJ2-1,SATHSSGPYNEQF,1
TRBV20-1,TRBJ2-1,SATHSSGRYNEQF,1
TRBV20-1,TRBJ2-1,SATHSSGSKYNEQF,1
TRBV20-1,TRBJ2-1,SATHSSGSSYNEQF,1
TRBV20-1,TRBJ2-1,SATHSSGYDNEQF,1
TRBV20-1,TRBJ2-1,SATHSSYNEQF,2
TRBV20-1,TRBJ2-1,SATHSTYNEQF,3
TRBV20-1,TRBJ2-1,SATHSYNEQF,10
TRBV20-1,TRBJ2-1,SATHTAASSYNEQF,1
TRBV20-1,TRBJ2-1,SATHTGGRNEQF,1
TRBV20-1,TRBJ2-1,SATHTGIAYNEQF,1
TRBV20-1,TRBJ2-1,SATHTGIDEQF,1
TRBV20-1,TRBJ2-1,SATHTGLSYNEQF,1
TRBV20-1,TRBJ2-1,SATHTGRGIYNEQF,1
TRBV20-1,TRBJ2-1,SATHTGTSGTNEQF,4
TRBV20-1,TRBJ2-1,SATHTGTSVNEQF,1
TRBV20-1,TRBJ2-1,SATHTGVGYNEQF,1
TRBV20-1,TRBJ2-1,SATHTIAGPNNEQF,1
TRBV20-1,TRBJ2-1,SATHTLRSPNEQF,1
TRBV20-1,TRBJ2-1,SATHTNEQF,1
TRBV20-1,TRBJ2-1,SATHTQGARNEQF,2
TRBV20-1,TRBJ2-1,SATHTQGGTHYNEQF,2
TRBV20-1,TRBJ2-1,SATHTQGIPTNEQF,1
TRBV20-1,TRBJ2-1,SATHTRGDYNEQF,1
TRBV20-1,TRBJ2-1,SATHTRSGSSYNEQF,1
TRBV20-1,TRBJ2-1,SATHTSDEQF,1
TRBV20-1,TRBJ2-1,SATHTSEEQF,4
TRBV20-1,TRBJ2-1,SATHTSGAYNEQF,1
TRBV20-1,TRBJ2-1,SATHTSGDYNEQF,3
TRBV20-1,TRBJ2-1,SATHTSGNPVQF,1
TRBV20-1,TRBJ2-1,SATHTSGPSSYNEQF,1
TRBV20-1,TRBJ2-1,SATHTSGPYNEQF,1
TRBV20-1,TRBJ2-1,SATHTSGRAEHSYNEQF,2
TRBV20-1,TRBJ2-1,SATHTSNEQF,1
TRBV20-1,TRBJ2-1,SATHTTPYRASYNEQF,6
TRBV20-1,TRBJ2-1,SATHTTRRSSYNEQF,1
TRBV20-1,TRBJ2-1,SATHTVAASHNEQF,1
TRBV20-1,TRBJ2-1,SATHTVYNEQF,1
TRBV20-1,TRBJ2-1,SATHTYGDEQF,1
TRBV20-1,TRBJ2-1,SATHVAGARINEQF,1
TRBV20-1,TRBJ2-1,SATHVAGEYNEQF,1
TRBV20-1,TRBJ2-1,SATHVAGGSHNEQF,1
TRBV20-1,TRBJ2-1,SATHVAGNNEQF,1
TRBV20-1,TRBJ2-1,SATHVGLAGGGTYNEQF,1
TRBV20-1,TRBJ2-1,SATHVGTGSSYNEQF,1
TRBV20-1,TRBJ2-1,SATHVGVWSYNEQF,1
TRBV20-1,TRBJ2-1,SATHVPGQGSRNEQF,1
TRBV20-1,TRBJ2-1,SATHVPSSYNEQF,1
TRBV20-1,TRBJ2-1,SATHVPSYNEQF,1
TRBV20-1,TRBJ2-1,SATHVSSYNEQF,2
TRBV20-1,TRBJ2-1,SATHWAREEQF,1
TRBV20-1,TRBJ2-1,SATHWDHNEQF,1
TRBV20-1,TRBJ2-1,SATHWGLAGGPDNEQF,1
TRBV20-1,TRBJ2-1,SATHWGNEQF,1
TRBV20-1,TRBJ2-1,SATHWPTSSYNEQF,1
TRBV20-1,TRBJ2-1,SATHWPYNEQF,1
TRBV20-1,TRBJ2-1,SATHWRTSYNEQF,1
TRBV20-1,TRBJ2-1,SATHWTSGRDNEQF,3
TRBV20-1,TRBJ2-1,SATHWVQYNEQF,1
TRBV20-1,TRBJ2-1,SATHYDYDGTRPYNEQF,1
TRBV20-1,TRBJ2-1,SATHYERPSSYNEQF,1
TRBV20-1,TRBJ2-1,SATHYGTYNEQF,5
TRBV20-1,TRBJ2-1,SATHYLQGHNEQF,3
TRBV20-1,TRBJ2-1,SATHYNDEQF,1
TRBV20-1,TRBJ2-1,SATHYNEQF,12
TRBV20-1,TRBJ2-1,SATHYPLYNEQF,1
TRBV20-1,TRBJ2-1,SATHYSGVGGNEQF,2
TRBV20-1,TRBJ2-1,SATIAAKGNEQF,1
TRBV20-1,TRBJ2-1,SATIAARSYNEQF,1
TRBV20-1,TRBJ2-1,SATIAASRSSSYNEQF,1
TRBV20-1,TRBJ2-1,SATIADEQF,1
TRBV20-1,TRBJ2-1,SATIADSSYNEQF,2
TRBV20-1,TRBJ2-1,SATIADYNEQF,1
TRBV20-1,TRBJ2-1,SATIAEGFSYNEQF,1
TRBV20-1,TRBJ2-1,SATIAEKAPYNEQF,1
TRBV20-1,TRBJ2-1,SATIAETTYNEQF,1
TRBV20-1,TRBJ2-1,SATIAETYNEQF,1
TRBV20-1,TRBJ2-1,SATIAGAIYNEQF,1
TRBV20-1,TRBJ2-1,SATIAGAKSYNEQF,1
TRBV20-1,TRBJ2-1,SATIAGASYNEQF,2
TRBV20-1,TRBJ2-1,SATIAGASYNEQV,1
TRBV20-1,TRBJ2-1,SATIAGAYNEQF,6
TRBV20-1,TRBJ2-1,SATIAGCADREQF,1
TRBV20-1,TRBJ2-1,SATIAGDEQF,2
TRBV20-1,TRBJ2-1,SATIAGDHYNEQF,1
TRBV20-1,TRBJ2-1,SATIAGDNEQF,1
TRBV20-1,TRBJ2-1,SATIAGDYNEQF,2
TRBV20-1,TRBJ2-1,SATIAGEGNEQF,1
TRBV20-1,TRBJ2-1,SATIAGENEQF,1
TRBV20-1,TRBJ2-1,SATIAGEYNEQF,1
TRBV20-1,TRBJ2-1,SATIAGFSLISYNEQF,1
TRBV20-1,TRBJ2-1,SATIAGFYEQF,1
TRBV20-1,TRBJ2-1,SATIAGFYNEQF,1
TRBV20-1,TRBJ2-1,SATIAGGAGLEQF,1
TRBV20-1,TRBJ2-1,SATIAGGAYNEQF,3
TRBV20-1,TRBJ2-1,SATIAGGEANEQF,3
TRBV20-1,TRBJ2-1,SATIAGGFHNEQF,1
TRBV20-1,TRBJ2-1,SATIAGGFNEQF,1
TRBV20-1,TRBJ2-1,SATIAGGGDEQF,1
TRBV20-1,TRBJ2-1,SATIAGGGGYNEQF,1
TRBV20-1,TRBJ2-1,SATIAGGGWARSSYNEQF,3
TRBV20-1,TRBJ2-1,SATIAGGHYNEQF,1
TRBV20-1,TRBJ2-1,SATIAGGIQGEQF,6
TRBV20-1,TRBJ2-1,SATIAGGIYNEQF,1
TRBV20-1,TRBJ2-1,SATIAGGKYNEQF,1
TRBV20-1,TRBJ2-1,SATIAGGLTYNEQF,1
TRBV20-1,TRBJ2-1,SATIAGGNEQF,1
TRBV20-1,TRBJ2-1,SATIAGGNYNEQF,1
TRBV20-1,TRBJ2-1,SATIAGGPDNEQF,1
TRBV20-1,TRBJ2-1,SATIAGGPGLEQF,23
TRBV20-1,TRBJ2-1,SATIAGGPLDEQF,1
TRBV20-1,TRBJ2-1,SATIAGGPLNEQF,1
TRBV20-1,TRBJ2-1,SATIAGGPNEQF,1
TRBV20-1,TRBJ2-1,SATIAGGPNNEQF,1
TRBV20-1,TRBJ2-1,SATIAGGPSGNEQF,1
TRBV20-1,TRBJ2-1,SATIAGGPSYNEQF,1
TRBV20-1,TRBJ2-1,SATIAGGPWNEQF,1
TRBV20-1,TRBJ2-1,SATIAGGQSYNEQF,1
TRBV20-1,TRBJ2-1,SATIAGGRHNEQF,1
TRBV20-1,TRBJ2-1,SATIAGGRNEQF,3
TRBV20-1,TRBJ2-1,SATIAGGRRYNEQF,1
TRBV20-1,TRBJ2-1,SATIAGGRYNEQF,1
TRBV20-1,TRBJ2-1,SATIAGGSLYNEQF,2
TRBV20-1,TRBJ2-1,SATIAGGSPNEQF,1
TRBV20-1,TRBJ2-1,SATIAGGSSYNEQF,2
TRBV20-1,TRBJ2-1,SATIAGGSYNEQF,20
TRBV20-1,TRBJ2-1,SATIAGGTYNEQF,3
TRBV20-1,TRBJ2-1,SATIAGGVRGEQF,1
TRBV20-1,TRBJ2-1,SATIAGGWTNEQF,1
TRBV20-1,TRBJ2-1,SATIAGGYHEQF,1
TRBV20-1,TRBJ2-1,SATIAGGYNEQF,3
TRBV20-1,TRBJ2-1,SATIAGHDEQF,5
TRBV20-1,TRBJ2-1,SATIAGHEQF,1
TRBV20-1,TRBJ2-1,SATIAGHHNEQF,1
TRBV20-1,TRBJ2-1,SATIAGIYNEQF,1
TRBV20-1,TRBJ2-1,SATIAGKGVNEQF,2
TRBV20-1,TRBJ2-1,SATIAGKRYNEQF,1
TRBV20-1,TRBJ2-1,SATIAGKYNEQF,1
TRBV20-1,TRBJ2-1,SATIAGLNNEQF,1
TRBV20-1,TRBJ2-1,SATIAGLRYNEQF,1
TRBV20-1,TRBJ2-1,SATIAGLSYNEQF,1
TRBV20-1,TRBJ2-1,SATIAGMLPGRPYYNEQF,1
TRBV20-1,TRBJ2-1,SATIAGNEQF,3
TRBV20-1,TRBJ2-1,SATIAGNSYNEQF,1
TRBV20-1,TRBJ2-1,SATIAGPFNEQF,1
TRBV20-1,TRBJ2-1,SATIAGPYNEQF,15
TRBV20-1,TRBJ2-1,SATIAGPYNEQL,2
TRBV20-1,TRBJ2-1,SATIAGRANYNEQF,1
TRBV20-1,TRBJ2-1,SATIAGRINEQF,2
TRBV20-1,TRBJ2-1,SATIAGRSYNEQF,1
TRBV20-1,TRBJ2-1,SATIAGRYNEQF,1
TRBV20-1,TRBJ2-1,SATIAGSAYNEQF,4
TRBV20-1,TRBJ2-1,SATIAGSNEQF,1
TRBV20-1,TRBJ2-1,SATIAGSSTEQF,1
TRBV20-1,TRBJ2-1,SATIAGSSYNEQF,4
TRBV20-1,TRBJ2-1,SATIAGSYNEQF,3
TRBV20-1,TRBJ2-1,SATIAGTDNEQF,2
TRBV20-1,TRBJ2-1,SATIAGTNNEQF,1
TRBV20-1,TRBJ2-1,SATIAGTSNEQF,1
TRBV20-1,TRBJ2-1,SATIAGTYNEQF,1
TRBV20-1,TRBJ2-1,SATIAGVGDEQF,1
TRBV20-1,TRBJ2-1,SATIAGVGNEQF,3
TRBV20-1,TRBJ2-1,SATIAGVPLNEQF,1
TRBV20-1,TRBJ2-1,SATIAGVQNEQF,1
TRBV20-1,TRBJ2-1,SATIAGVRDEQF,1
TRBV20-1,TRBJ2-1,SATIAGVSYNEQF,1
TRBV20-1,TRBJ2-1,SATIAGVVNEQF,1
TRBV20-1,TRBJ2-1,SATIAGVYNEQF,3
TRBV20-1,TRBJ2-1,SATIAGYFNEQF,1
TRBV20-1,TRBJ2-1,SATIAHNEQF,1
TRBV20-1,TRBJ2-1,SATIAITYNEQF,3
TRBV20-1,TRBJ2-1,SATIALAGLYNEQF,3
TRBV20-1,TRBJ2-1,SATIALESYNEQF,1
TRBV20-1,TRBJ2-1,SATIANEQF,1
TRBV20-1,TRBJ2-1,SATIANHNEQF,1
TRBV20-1,TRBJ2-1,SATIANKLYNEQF,1
TRBV20-1,TRBJ2-1,SATIAPLQSYNEQF,1
TRBV20-1,TRBJ2-1,SATIAPVSYNEQF,1
TRBV20-1,TRBJ2-1,SATIAPYNEQF,1
TRBV20-1,TRBJ2-1,SATIARASGQDEQF,1
TRBV20-1,TRBJ2-1,SATIASDEQF,2
TRBV20-1,TRBJ2-1,SATIASGQSYNEQF,1
TRBV20-1,TRBJ2-1,SATIASGSRSYNEQF,1
TRBV20-1,TRBJ2-1,SATIASSYNEQF,1
TRBV20-1,TRBJ2-1,SATIATINNEQF,1
TRBV20-1,TRBJ2-1,SATIATSPSPLYNEQF,1
TRBV20-1,TRBJ2-1,SATIAVPLNEQF,1
TRBV20-1,TRBJ2-1,SATIAVSSYNEQF,1
TRBV20-1,TRBJ2-1,SATIAVTYNEQF,1
TRBV20-1,TRBJ2-1,SATIAVYSYNEQF,1
TRBV20-1,TRBJ2-1,SATIAYRSYNEQF,1
TRBV20-1,TRBJ2-1,SATICLGGDHNEQF,1
TRBV20-1,TRBJ2-1,SATIDDRGSYNEQF,1
TRBV20-1,TRBJ2-1,SATIDEQF,2
TRBV20-1,TRBJ2-1,SATIDGDEQF,1
TRBV20-1,TRBJ2-1,SATIDGTPNNEQF,1
TRBV20-1,TRBJ2-1,SATIDLGRESYNEQF,1
TRBV20-1,TRBJ2-1,SATIDLSSYNEQF,1
TRBV20-1,TRBJ2-1,SATIDNEQF,2
TRBV20-1,TRBJ2-1,SATIDNYNEQF,1
TRBV20-1,TRBJ2-1,SATIDPHRQGWIDEQF,1
TRBV20-1,TRBJ2-1,SATIDRASYNEQF,3
TRBV20-1,TRBJ2-1,SATIDRFGVHNEQF,1
TRBV20-1,TRBJ2-1,SATIDRGANVYNEQF,1
TRBV20-1,TRBJ2-1,SATIDRGFENEQF,1
TRBV20-1,TRBJ2-1,SATIDRGKNEQF,1
TRBV20-1,TRBJ2-1,SATIDRGPVSSYNEQF,1
TRBV20-1,TRBJ2-1,SATIDRGRGNEQF,1
TRBV20-1,TRBJ2-1,SATIDRSSYNEQF,7
TRBV20-1,TRBJ2-1,SATIDRTNEQF,1
TRBV20-1,TRBJ2-1,SATIDRYNEQF,2
TRBV20-1,TRBJ2-1,SATIDSGRSDEQF,1
TRBV20-1,TRBJ2-1,SATIDSYNEQF,2
TRBV20-1,TRBJ2-1,SATIDTGNEQF,1
TRBV20-1,TRBJ2-1,SATIDYNEQF,1
TRBV20-1,TRBJ2-1,SATIEGASPSSYNEQF,1
TRBV20-1,TRBJ2-1,SATIEGGSYNEQF,1
TRBV20-1,TRBJ2-1,SATIEGLQGASYNEQF,1
TRBV20-1,TRBJ2-1,SATIEGTRGNEQF,1
TRBV20-1,TRBJ2-1,SATIENEQF,1
TRBV20-1,TRBJ2-1,SATIEPDNEQF,1
TRBV20-1,TRBJ2-1,SATIEPRTGLSYNEQF,1
TRBV20-1,TRBJ2-1,SATIESLTYNEQF,1
TRBV20-1,TRBJ2-1,SATIESSYNEQF,1
TRBV20-1,TRBJ2-1,SATIESYNERF,1
TRBV20-1,TRBJ2-1,SATIETGVNEQF,3
TRBV20-1,TRBJ2-1,SATIFASGRAIGYNEQF,1
TRBV20-1,TRBJ2-1,SATIFGGGPSYNEQF,1
TRBV20-1,TRBJ2-1,SATIFGIGQGGDEQF,1
TRBV20-1,TRBJ2-1,SATIFGNEQF,1
TRBV20-1,TRBJ2-1,SATIFGSGIYNEQF,1
TRBV20-1,TRBJ2-1,SATIFLAGYNEQF,1
TRBV20-1,TRBJ2-1,SATIFLGNEQF,1
TRBV20-1,TRBJ2-1,SATIFNEQF,1
TRBV20-1,TRBJ2-1,SATIFSQSSNEQF,1
TRBV20-1,TRBJ2-1,SATIGARNEQF,1
TRBV20-1,TRBJ2-1,SATIGARTLYYNEQF,1
TRBV20-1,TRBJ2-1,SATIGATYNEQF,1
TRBV20-1,TRBJ2-1,SATIGDLSSYNEQF,1
TRBV20-1,TRBJ2-1,SATIGDPHP,2
TRBV20-1,TRBJ2-1,SATIGDYNEQF,6
TRBV20-1,TRBJ2-1,SATIGEDFYNEQF,1
TRBV20-1,TRBJ2-1,SATIGEQF,3
TRBV20-1,TRBJ2-1,SATIGFRRGSYNEQF,1
TRBV20-1,TRBJ2-1,SATIGFYNEQF,1
TRBV20-1,TRBJ2-1,SATIGGATNEQF,1
TRBV20-1,TRBJ2-1,SATIGGDEQF,1
TRBV20-1,TRBJ2-1,SATIGGDLNEQF,1
TRBV20-1,TRBJ2-1,SATIGGENEQF,1
TRBV20-1,TRBJ2-1,SATIGGEQF,3
TRBV20-1,TRBJ2-1,SATIGGGSNEQF,1
TRBV20-1,TRBJ2-1,SATIGGGSSNEQF,1
TRBV20-1,TRBJ2-1,SATIGGIWSFEQF,2
TRBV20-1,TRBJ2-1,SATIGGLAGGVGYNEQF,1
TRBV20-1,TRBJ2-1,SATIGGLDYNEQF,1
TRBV20-1,TRBJ2-1,SATIGGNEQF,3
TRBV20-1,TRBJ2-1,SATIGGNNEQF,5
TRBV20-1,TRBJ2-1,SATIGGPPSVEQF,2
TRBV20-1,TRBJ2-1,SATIGGQGFYNEQF,1
TRBV20-1,TRBJ2-1,SATIGGQGYNEQF,1
TRBV20-1,TRBJ2-1,SATIGGRINEQF,4
TRBV20-1,TRBJ2-1,SATIGGRRSYNEQF,1
TRBV20-1,TRBJ2-1,SATIGGRVRNEQF,1
TRBV20-1,TRBJ2-1,SATIGGRYNEQF,1
TRBV20-1,TRBJ2-1,SATIGGSGGGNEQF,2
TRBV20-1,TRBJ2-1,SATIGGSSYNEQF,1
TRBV20-1,TRBJ2-1,SATIGGSYEQF,1
TRBV20-1,TRBJ2-1,SATIGGSYNEQF,3
TRBV20-1,TRBJ2-1,SATIGGTIYNEQF,1
TRBV20-1,TRBJ2-1,SATIGGTSANEQF,1
TRBV20-1,TRBJ2-1,SATIGGTSGRAGNEQF,1
TRBV20-1,TRBJ2-1,SATIGGYDEQF,1
TRBV20-1,TRBJ2-1,SATIGHNEQF,1
TRBV20-1,TRBJ2-1,SATIGHSYNEQF,1
TRBV20-1,TRBJ2-1,SATIGIREQF,3
TRBV20-1,TRBJ2-1,SATIGKLAGGINEQF,1
TRBV20-1,TRBJ2-1,SATIGLAAYNEQF,1
TRBV20-1,TRBJ2-1,SATIGLADYNEQF,1
TRBV20-1,TRBJ2-1,SATIGLAESSYNEQF,1
TRBV20-1,TRBJ2-1,SATIGLAGATDNEQF,1
TRBV20-1,TRBJ2-1,SATIGLAGAYNEQF,2
TRBV20-1,TRBJ2-1,SATIGLAGDEQF,2
TRBV20-1,TRBJ2-1,SATIGLAGNYFDEQF,1
TRBV20-1,TRBJ2-1,SATIGLAGRISYNEQF,1
TRBV20-1,TRBJ2-1,SATIGLAGVGSYNEQF,1
TRBV20-1,TRBJ2-1,SATIGLAGYNEQF,2
TRBV20-1,TRBJ2-1,SATIGLANNEQF,1
TRBV20-1,TRBJ2-1,SATIGLAYNEQF,2
TRBV20-1,TRBJ2-1,SATIGLDGSYNEQF,1
TRBV20-1,TRBJ2-1,SATIGLNDYNEQF,2
TRBV20-1,TRBJ2-1,SATIGLNEQF,1
TRBV20-1,TRBJ2-1,SATIGLNNEQF,1
TRBV20-1,TRBJ2-1,SATIGLRGVYNEQF,3
TRBV20-1,TRBJ2-1,SATIGNEQF,2
TRBV20-1,TRBJ2-1,SATIGPDEQF,1
TRBV20-1,TRBJ2-1,SATIGPKRPGSSGDEQF,1
TRBV20-1,TRBJ2-1,SATIGPLGYNEQF,1
TRBV20-1,TRBJ2-1,SATIGPSYNEQF,1
TRBV20-1,TRBJ2-1,SATIGPWERTYEQF,1
TRBV20-1,TRBJ2-1,SATIGPYINEQF,1
TRBV20-1,TRBJ2-1,SATIGPYNEQF,1
TRBV20-1,TRBJ2-1,SATIGQAYNEQF,6
TRBV20-1,TRBJ2-1,SATIGQGAFNEQF,1
TRBV20-1,TRBJ2-1,SATIGQGAGRAYNEQF,1
TRBV20-1,TRBJ2-1,SATIGQGKLNEQF,6
TRBV20-1,TRBJ2-1,SATIGQKDEQF,1
TRBV20-1,TRBJ2-1,SATIGQLYNEQF,1
TRBV20-1,TRBJ2-1,SATIGRLAGGYNEQF,1
TRBV20-1,TRBJ2-1,SATIGRSSYNEQF,4
TRBV20-1,TRBJ2-1,SATIGSDEQF,1
TRBV20-1,TRBJ2-1,SATIGSGGANEQF,1
TRBV20-1,TRBJ2-1,SATIGSGSSNEQF,14
TRBV20-1,TRBJ2-1,SATIGSSYNEQF,1
TRBV20-1,TRBJ2-1,SATIGSYNEQF,1
TRBV20-1,TRBJ2-1,SATIGTANNEQF,1
TRBV20-1,TRBJ2-1,SATIGTGASYNEQF,1
TRBV20-1,TRBJ2-1,SATIGTGPSYNEQF,1
TRBV20-1,TRBJ2-1,SATIGTGRNNEQF,1
TRBV20-1,TRBJ2-1,SATIGTGRYNEQF,1
TRBV20-1,TRBJ2-1,SATIGTGVNEQF,2
TRBV20-1,TRBJ2-1,SATIGTIYNEQF,1
TRBV20-1,TRBJ2-1,SATIGTPDEQF,1
TRBV20-1,TRBJ2-1,SATIGTPYNEQF,1
TRBV20-1,TRBJ2-1,SATIGTRGPDEQF,1
TRBV20-1,TRBJ2-1,SATIGTSGAYSEQF,1
TRBV20-1,TRBJ2-1,SATIGTSGDNEQF,1
TRBV20-1,TRBJ2-1,SATIGTSGFYNEQF,1
TRBV20-1,TRBJ2-1,SATIGTSGIYEQF,1
TRBV20-1,TRBJ2-1,SATIGTSGKGYYNEQF,1
TRBV20-1,TRBJ2-1,SATIGTSGNEQF,2
TRBV20-1,TRBJ2-1,SATIGTSGNNEQF,1
TRBV20-1,TRBJ2-1,SATIGTSGRADEQF,1
TRBV20-1,TRBJ2-1,SATIGTSGRRNEQF,5
TRBV20-1,TRBJ2-1,SATIGTSGRVSEQF,3
TRBV20-1,TRBJ2-1,SATIGTSGSDEQF,1
TRBV20-1,TRBJ2-1,SATIGTSGSNEQF,1
TRBV20-1,TRBJ2-1,SATIGTSGSYEQF,1
TRBV20-1,TRBJ2-1,SATIGTSGYNEQF,2
TRBV20-1,TRBJ2-1,SATIGTSHINEQF,1
TRBV20-1,TRBJ2-1,SATIGTSNYNEQF,1
TRBV20-1,TRBJ2-1,SATIGTSPSPLYNEQF,5
TRBV20-1,TRBJ2-1,SATIGTSRYYNEQF,1
TRBV20-1,TRBJ2-1,SATIGTSTHNEQF,1
TRBV20-1,TRBJ2-1,SATIGTSYNEQF,1
TRBV20-1,TRBJ2-1,SATIGVAGGRDEQF,1
TRBV20-1,TRBJ2-1,SATIGVDEQF,1
TRBV20-1,TRBJ2-1,SATIGVSYNEQF,1
TRBV20-1,TRBJ2-1,SATIGWGHLNEQF,1
TRBV20-1,TRBJ2-1,SATIGYYNEQF,2
TRBV20-1,TRBJ2-1,SATIHEEGLSDEQF,1
TRBV20-1,TRBJ2-1,SATIHGGGRAYNEQF,3
TRBV20-1,TRBJ2-1,SATIHGPSSYNEQF,1
TRBV20-1,TRBJ2-1,SATIHGVYNEQF,7
TRBV20-1,TRBJ2-1,SATIHLSSYNEQF,1
TRBV20-1,TRBJ2-1,SATIHPGNEQF,1
TRBV20-1,TRBJ2-1,SATIHSSSYNEQF,1
TRBV20-1,TRBJ2-1,SATIHSYNEQF,1
TRBV20-1,TRBJ2-1,SATIHWGSSYNEQF,1
TRBV20-1,TRBJ2-1,SATIIAGAARNEQF,1
TRBV20-1,TRBJ2-1,SATIIAGGHSEQF,1
TRBV20-1,TRBJ2-1,SATIIAGGPNEQF,1
TRBV20-1,TRBJ2-1,SATIIAGLAYNEQF,2
TRBV20-1,TRBJ2-1,SATIIDNEQF,1
TRBV20-1,TRBJ2-1,SATIIDSGSYNEQF,1
TRBV20-1,TRBJ2-1,SATIIETGDNEQF,1
TRBV20-1,TRBJ2-1,SATIIGAASYNEQF,1
TRBV20-1,TRBJ2-1,SATIILTSGTLQESYNEQF,1
TRBV20-1,TRBJ2-1,SATIINEQF,2
TRBV20-1,TRBJ2-1,SATIIQAANEQF,1
TRBV20-1,TRBJ2-1,SATIIQGAYEQF,1
TRBV20-1,TRBJ2-1,SATIIQPGLGNEQF,1
TRBV20-1,TRBJ2-1,SATIISVDNEQF,1
TRBV20-1,TRBJ2-1,SATIITSGSRRYNEQF,1
TRBV20-1,TRBJ2-1,SATIKDRGLLNEQF,1
TRBV20-1,TRBJ2-1,SATIKEGGANEQF,1
TRBV20-1,TRBJ2-1,SATIKGLDYTNEQF,1
TRBV20-1,TRBJ2-1,SATIKNEQF,4
TRBV20-1,TRBJ2-1,SATIKNNEQF,1
TRBV20-1,TRBJ2-1,SATIKTGTSGYNEQF,1
TRBV20-1,TRBJ2-1,SATILAASYNEQF,1
TRBV20-1,TRBJ2-1,SATILAAYNEQF,1
TRBV20-1,TRBJ2-1,SATILADSYNEQF,1
TRBV20-1,TRBJ2-1,SATILAEGYNEQF,1
TRBV20-1,TRBJ2-1,SATILAGAFNEQF,1
TRBV20-1,TRBJ2-1,SATILAGAGDEQF,1
TRBV20-1,TRBJ2-1,SATILAGAYNEQF,4
TRBV20-1,TRBJ2-1,SATILAGDNEQF,1
TRBV20-1,TRBJ2-1,SATILAGEDNEQF,1
TRBV20-1,TRBJ2-1,SATILAGEGNNEQF,2
TRBV20-1,TRBJ2-1,SATILAGGDINEQF,2
TRBV20-1,TRBJ2-1,SATILAGGHSGPYNEQF,1
TRBV20-1,TRBJ2-1,SATILAGGLDNEQF,1
TRBV20-1,TRBJ2-1,SATILAGGMYNEQF,1
TRBV20-1,TRBJ2-1,SATILAGGNNEQF,2
TRBV20-1,TRBJ2-1,SATILAGGPHEQF,1
TRBV20-1,TRBJ2-1,SATILAGGPNEQF,1
TRBV20-1,TRBJ2-1,SATILAGGPSGGDEQF,1
TRBV20-1,TRBJ2-1,SATILAGGQHEQF,1
TRBV20-1,TRBJ2-1,SATILAGGRDEQF,1
TRBV20-1,TRBJ2-1,SATILAGGRNEQF,1
TRBV20-1,TRBJ2-1,SATILAGGSYEQF,1
TRBV20-1,TRBJ2-1,SATILAGGSYNEQF,1
TRBV20-1,TRBJ2-1,SATILAGHNNEQF,1
TRBV20-1,TRBJ2-1,SATILAGISYNEQF,1
TRBV20-1,TRBJ2-1,SATILAGNEQF,1
TRBV20-1,TRBJ2-1,SATILAGNYNEQF,7
TRBV20-1,TRBJ2-1,SATILAGRRDEQF,5
TRBV20-1,TRBJ2-1,SATILAGRRNEQF,3
TRBV20-1,TRBJ2-1,SATILAGSSYNEQF,3
TRBV20-1,TRBJ2-1,SATILAGSTNEQF,1
TRBV20-1,TRBJ2-1,SATILAGTSYNEQF,1
TRBV20-1,TRBJ2-1,SATILAGTYNEQF,5
TRBV20-1,TRBJ2-1,SATILAGVLNEQF,1
TRBV20-1,TRBJ2-1,SATILAGVRHNEQF,1
TRBV20-1,TRBJ2-1,SATILAGVRNEQF,1
TRBV20-1,TRBJ2-1,SATILAGVSGNEQF,1
TRBV20-1,TRBJ2-1,SATILAGYEQF,1
TRBV20-1,TRBJ2-1,SATILAGYYNEQF,1
TRBV20-1,TRBJ2-1,SATILALRLNEQF,1
TRBV20-1,TRBJ2-1,SATILANQYNEQF,5
TRBV20-1,TRBJ2-1,SATILASGYNEQF,1
TRBV20-1,TRBJ2-1,SATILASSYNEQF,1
TRBV20-1,TRBJ2-1,SATILDEQF,4
TRBV20-1,TRBJ2-1,SATILDGSLSYNEQF,1
TRBV20-1,TRBJ2-1,SATILDRSYNEQF,1
TRBV20-1,TRBJ2-1,SATILEGLADNAQF,2
TRBV20-1,TRBJ2-1,SATILEGLADNEQF,5
TRBV20-1,TRBJ2-1,SATILESGTIDEQF,1
TRBV20-1,TRBJ2-1,SATILFGSTFSYNEQF,1
TRBV20-1,TRBJ2-1,SATILGAGLTSNEQF,1
TRBV20-1,TRBJ2-1,SATILGDEQF,1
TRBV20-1,TRBJ2-1,SATILGFDYNEQF,1
TRBV20-1,TRBJ2-1,SATILGGAHNEQF,1
TRBV20-1,TRBJ2-1,SATILGGGDNEQF,1
TRBV20-1,TRBJ2-1,SATILGLSYNEQF,1
TRBV20-1,TRBJ2-1,SATILGPNEQF,1
TRBV20-1,TRBJ2-1,SATILGPSSYNEQF,1
TRBV20-1,TRBJ2-1,SATILGQGWFNEQF,1
TRBV20-1,TRBJ2-1,SATILGSGTIDEQF,5
TRBV20-1,TRBJ2-1,SATILGSYNEQF,1
TRBV20-1,TRBJ2-1,SATILGTGADEQF,1
TRBV20-1,TRBJ2-1,SATILGTSGKYNEQF,1
TRBV20-1,TRBJ2-1,SATILHYNEQF,1
TRBV20-1,TRBJ2-1,SATILLADSYNEQF,1
TRBV20-1,TRBJ2-1,SATILLHSYNEQF,1
TRBV20-1,TRBJ2-1,SATILNEQF,1
TRBV20-1,TRBJ2-1,SATILNSYNEQF,1
TRBV20-1,TRBJ2-1,SATILPLDRGSYNEQF,2
TRBV20-1,TRBJ2-1,SATILQGKQF,6
TRBV20-1,TRBJ2-1,SATILRAGPYNEQF,1
TRBV20-1,TRBJ2-1,SATILRDLSGNEQF,1
TRBV20-1,TRBJ2-1,SATILRDYSSHNEQF,1
TRBV20-1,TRBJ2-1,SATILRLAFIDEQF,1
TRBV20-1,TRBJ2-1,SATILRVYYNEQF,1
TRBV20-1,TRBJ2-1,SATILSGRYSYNEQF,1
TRBV20-1,TRBJ2-1,SATILSHRNEQF,1
TRBV20-1,TRBJ2-1,SATILSSGTAYNEQF,1
TRBV20-1,TRBJ2-1,SATILTGGVYNEQF,3
TRBV20-1,TRBJ2-1,SATILVFNEQF,1
TRBV20-1,TRBJ2-1,SATILVGNEQF,1
TRBV20-1,TRBJ2-1,SATILVHEQF,1
TRBV20-1,TRBJ2-1,SATILYNEQF,2
TRBV20-1,TRBJ2-1,SATILYRGEDTREQF,4
TRBV20-1,TRBJ2-1,SATILYSYNEQF,2
TRBV20-1,TRBJ2-1,SATIMALPDNEQF,1
TRBV20-1,TRBJ2-1,SATIMDFNEQF,1
TRBV20-1,TRBJ2-1,SATIMGANRYNEQF,1
TRBV20-1,TRBJ2-1,SATINEDLRRSYNEQF,1
TRBV20-1,TRBJ2-1,SATINEQF,23
TRBV20-1,TRBJ2-1,SATINGQPFYNEQF,2
TRBV20-1,TRBJ2-1,SATINGVGYNEQF,1
TRBV20-1,TRBJ2-1,SATINPTSGGYNEQF,2
TRBV20-1,TRBJ2-1,SATINRGSYNEQF,1
TRBV20-1,TRBJ2-1,SATINRNFNEQF,1
TRBV20-1,TRBJ2-1,SATINSYNEQF,1
TRBV20-1,TRBJ2-1,SATINTYNEQF,5
TRBV20-1,TRBJ2-1,SATIPAAYNEQF,1
TRBV20-1,TRBJ2-1,SATIPAGSNEHF,2
TRBV20-1,TRBJ2-1,SATIPAGSNEQF,10
TRBV20-1,TRBJ2-1,SATIPAGSNQQF,1
TRBV20-1,TRBJ2-1,SATIPAPPGGTYNEQF,6
TRBV20-1,TRBJ2-1,SATIPASGNEQF,1
TRBV20-1,TRBJ2-1,SATIPASPSYNEQF,1
TRBV20-1,TRBJ2-1,SATIPDRTNEQF,1
TRBV20-1,TRBJ2-1,SATIPDSPYNEQF,1
TRBV20-1,TRBJ2-1,SATIPDSSILDEQF,5
TRBV20-1,TRBJ2-1,SATIPEGNEQF,1
TRBV20-1,TRBJ2-1,SATIPEQF,3
TRBV20-1,TRBJ2-1,SATIPERTGGDNEQF,1
TRBV20-1,TRBJ2-1,SATIPFNRGPSNEQF,1
TRBV20-1,TRBJ2-1,SATIPGAGSYNEQF,1
TRBV20-1,TRBJ2-1,SATIPGANEQF,1
TRBV20-1,TRBJ2-1,SATIPGANNEQF,1
TRBV20-1,TRBJ2-1,SATIPGARKEQF,1
TRBV20-1,TRBJ2-1,SATIPGARNEQF,9
TRBV20-1,TRBJ2-1,SATIPGAYNEQF,1
TRBV20-1,TRBJ2-1,SATIPGHRYNEQF,4
TRBV20-1,TRBJ2-1,SATIPGHSYNEQF,1
TRBV20-1,TRBJ2-1,SATIPGLAANEQF,2
TRBV20-1,TRBJ2-1,SATIPGLAAYNEQF,1
TRBV20-1,TRBJ2-1,SATIPGLAGAKNNEQF,3
TRBV20-1,TRBJ2-1,SATIPGLAGGNEQF,1
TRBV20-1,TRBJ2-1,SATIPGLAGGSSYNEQF,1
TRBV20-1,TRBJ2-1,SATIPGLAGTGENEQF,1
TRBV20-1,TRBJ2-1,SATIPGLAISYNEQF,1
TRBV20-1,TRBJ2-1,SATIPGLFNEQF,1
TRBV20-1,TRBJ2-1,SATIPGLGNEQF,1
TRBV20-1,TRBJ2-1,SATIPGLHPYNEQF,1
TRBV20-1,TRBJ2-1,SATIPGLSLNEQF,4
TRBV20-1,TRBJ2-1,SATIPGPPGNEQF,1
TRBV20-1,TRBJ2-1,SATIPGQAYNEQF,1
TRBV20-1,TRBJ2-1,SATIPGQDYNEQF,4
TRBV20-1,TRBJ2-1,SATIPGQGFNEQF,1
TRBV20-1,TRBJ2-1,SATIPGQGHEQF,1
TRBV20-1,TRBJ2-1,SATIPGQGHNYNEQF,1
TRBV20-1,TRBJ2-1,SATIPGQGNNEQF,1
TRBV20-1,TRBJ2-1,SATIPGQGSYEQF,1
TRBV20-1,TRBJ2-1,SATIPGQVNEQF,6
TRBV20-1,TRBJ2-1,SATIPGRALSNEQF,1
TRBV20-1,TRBJ2-1,SATIPGRPNEQF,1
TRBV20-1,TRBJ2-1,SATIPGRYNEQF,1
TRBV20-1,TRBJ2-1,SATIPGSYNEQF,1
TRBV20-1,TRBJ2-1,SATIPGTINEQF,1
TRBV20-1,TRBJ2-1,SATIPGTSAYNEQF,1
TRBV20-1,TRBJ2-1,SATIPGTYEQF,1
TRBV20-1,TRBJ2-1,SATIPGYSYNEQF,1
TRBV20-1,TRBJ2-1,SATIPHNEQF,1
TRBV20-1,TRBJ2-1,SATIPIAGGKDEQF,1
TRBV20-1,TRBJ2-1,SATIPKLDNEQF,1
TRBV20-1,TRBJ2-1,SATIPLAGDHNEQF,1
TRBV20-1,TRBJ2-1,SATIPLAGGSYNEQF,4
TRBV20-1,TRBJ2-1,SATIPLAGRTYNEQF,1
TRBV20-1,TRBJ2-1,SATIPLAGTYNEQF,1
TRBV20-1,TRBJ2-1,SATIPLAGVDEQF,1
TRBV20-1,TRBJ2-1,SATIPLGLGNEQF,1
TRBV20-1,TRBJ2-1,SATIPLRDQF,1
TRBV20-1,TRBJ2-1,SATIPLYNEQF,2
TRBV20-1,TRBJ2-1,SATIPNSYNEQF,1
TRBV20-1,TRBJ2-1,SATIPPGSQGAYNEQF,3
TRBV20-1,TRBJ2-1,SATIPPGTGGGNEQF,1
TRBV20-1,TRBJ2-1,SATIPPPSGRGDEQF,4
TRBV20-1,TRBJ2-1,SATIPPVYNEQF,1
TRBV20-1,TRBJ2-1,SATIPQGSYNEQF,1
TRBV20-1,TRBJ2-1,SATIPRDEQF,4
TRBV20-1,TRBJ2-1,SATIPRDRGYNEQF,1
TRBV20-1,TRBJ2-1,SATIPRDSGSLNEQF,4
TRBV20-1,TRBJ2-1,SATIPRDSGSVKEQC,1
TRBV20-1,TRBJ2-1,SATIPRGSDEQF,5
TRBV20-1,TRBJ2-1,SATIPRNNEQF,1
TRBV20-1,TRBJ2-1,SATIPRTGGNEQF,1
TRBV20-1,TRBJ2-1,SATIPSDGYHEQF,3
TRBV20-1,TRBJ2-1,SATIPSDYNEQF,1
TRBV20-1,TRBJ2-1,SATIPSGEPYNEQF,1
TRBV20-1,TRBJ2-1,SATIPSGLAYNEQF,1
TRBV20-1,TRBJ2-1,SATIPSGLEANEQF,1
TRBV20-1,TRBJ2-1,SATIPSGRMNNEQF,1
TRBV20-1,TRBJ2-1,SATIPSGSGEQF,4
TRBV20-1,TRBJ2-1,SATIPSHDEQF,1
TRBV20-1,TRBJ2-1,SATIPSRGHNEQF,1
TRBV20-1,TRBJ2-1,SATIPSYNEQF,1
TRBV20-1,TRBJ2-1,SATIPTEDYNEHF,1
TRBV20-1,TRBJ2-1,SATIPTGFNNEQF,1
TRBV20-1,TRBJ2-1,SATIPTGIYNEQF,1
TRBV20-1,TRBJ2-1,SATIPTGSYNEQF,1
TRBV20-1,TRBJ2-1,SATIPTINEQF,1
TRBV20-1,TRBJ2-1,SATIPTRHNEQF,1
TRBV20-1,TRBJ2-1,SATIPTRLTDNEQF,1
TRBV20-1,TRBJ2-1,SATIPTSGITYNEQF,1
TRBV20-1,TRBJ2-1,SATIPTSGKYNEQF,1
TRBV20-1,TRBJ2-1,SATIPTSGRAYYNEQF,1
TRBV20-1,TRBJ2-1,SATIPTSGRDNEQF,1
TRBV20-1,TRBJ2-1,SATIPTSGYNEQF,1
TRBV20-1,TRBJ2-1,SATIPTYNEQF,2
TRBV20-1,TRBJ2-1,SATIPWDFLSYNEQF,1
TRBV20-1,TRBJ2-1,SATIPYEQF,3
TRBV20-1,TRBJ2-1,SATIPYNEQF,1
TRBV20-1,TRBJ2-1,SATIQDYSRRNEQF,1
TRBV20-1,TRBJ2-1,SATIQGALGNEQF,1
TRBV20-1,TRBJ2-1,SATIQGDEQF,1
TRBV20-1,TRBJ2-1,SATIQGNEQF,1
TRBV20-1,TRBJ2-1,SATIQGRNNEQF,1
TRBV20-1,TRBJ2-1,SATIQGRSYNEQF,3
TRBV20-1,TRBJ2-1,SATIQGTYEQF,2
TRBV20-1,TRBJ2-1,SATIQHNEQF,1
TRBV20-1,TRBJ2-1,SATIQLAGSYNEQF,4
TRBV20-1,TRBJ2-1,SATIQPGLAGGAYNEQF,1
TRBV20-1,TRBJ2-1,SATIQQGNEQF,1
TRBV20-1,TRBJ2-1,SATIQRNEQF,5
TRBV20-1,TRBJ2-1,SATIQRRSYNEQF,1
TRBV20-1,TRBJ2-1,SATIQSNEQF,10
TRBV20-1,TRBJ2-1,SATIRAGDAYNEQF,1
TRBV20-1,TRBJ2-1,SATIRAGFNEQF,1
TRBV20-1,TRBJ2-1,SATIRAGGQIYNEQF,1
TRBV20-1,TRBJ2-1,SATIRAGSSYNEQF,3
TRBV20-1,TRBJ2-1,SATIRASGIVDEQF,1
TRBV20-1,TRBJ2-1,SATIRASGPHNEQF,1
TRBV20-1,TRBJ2-1,SATIRAVSNEQF,1
TRBV20-1,TRBJ2-1,SATIRDEQF,2
TRBV20-1,TRBJ2-1,SATIRDFLDNEQF,1
TRBV20-1,TRBJ2-1,SATIRDINEQF,3
TRBV20-1,TRBJ2-1,SATIRDLYNEQF,1
TRBV20-1,TRBJ2-1,SATIRDRAYNEQF,2
TRBV20-1,TRBJ2-1,SATIRDRGRDEQF,1
TRBV20-1,TRBJ2-1,SATIRDRGWYNEQF,1
TRBV20-1,TRBJ2-1,SATIRDRNNEQF,1
TRBV20-1,TRBJ2-1,SATIRDRRNEQF,1
TRBV20-1,TRBJ2-1,SATIRDSYNEQF,1
TRBV20-1,TRBJ2-1,SATIRESYNEQF,1
TRBV20-1,TRBJ2-1,SATIRETYNEQF,1
TRBV20-1,TRBJ2-1,SATIRFSGTRVNEQF,1
TRBV20-1,TRBJ2-1,SATIRFSGYNEQF,1
TRBV20-1,TRBJ2-1,SATIRGASGRGSYNEQF,1
TRBV20-1,TRBJ2-1,SATIRGASSYNEQF,1
TRBV20-1,TRBJ2-1,SATIRGAYNEQF,1
TRBV20-1,TRBJ2-1,SATIRGGGRDEQF,1
TRBV20-1,TRBJ2-1,SATIRGHNEQF,1
TRBV20-1,TRBJ2-1,SATIRGLAGAVGSYNEQF,3
TRBV20-1,TRBJ2-1,SATIRGLAGGIRAYNEQF,1
TRBV20-1,TRBJ2-1,SATIRGNEQF,1
TRBV20-1,TRBJ2-1,SATIRGRPYNEQF,1
TRBV20-1,TRBJ2-1,SATIRGSSYNEQF,5
TRBV20-1,TRBJ2-1,SATIRGSYNEQF,2
TRBV20-1,TRBJ2-1,SATIRGTGGGYNEQF,1
TRBV20-1,TRBJ2-1,SATIRGTSSYNEQF,1
TRBV20-1,TRBJ2-1,SATIRGTYNEQF,12
TRBV20-1,TRBJ2-1,SATIRGVGPGSYNEQF,1
TRBV20-1,TRBJ2-1,SATIRGVVNEQF,1
TRBV20-1,TRBJ2-1,SATIRGWGLHNEQF,1
TRBV20-1,TRBJ2-1,SATIRHNEQF,1
TRBV20-1,TRBJ2-1,SATIRLAAAEQF,1
TRBV20-1,TRBJ2-1,SATIRLAGALNEQF,1
TRBV20-1,TRBJ2-1,SATIRLAGIRNEQF,1
TRBV20-1,TRBJ2-1,SATIRLAGLTDEQF,6
TRBV20-1,TRBJ2-1,SATIRLAGVYNEQF,1
TRBV20-1,TRBJ2-1,SATIRLAIDNEQF,1
TRBV20-1,TRBJ2-1,SATIRLAVHNEQF,1
TRBV20-1,TRBJ2-1,SATIRLGGNEQF,1
TRBV20-1,TRBJ2-1,SATIRLLSYNEQF,1
TRBV20-1,TRBJ2-1,SATIRNEQF,1
TRBV20-1,TRBJ2-1,SATIRPAHDEQF,1
TRBV20-1,TRBJ2-1,SATIRPTYNEQF,1
TRBV20-1,TRBJ2-1,SATIRQFNEQF,1
TRBV20-1,TRBJ2-1,SATIRQGASYNEQF,1
TRBV20-1,TRBJ2-1,SATIRQGHNEQF,1
TRBV20-1,TRBJ2-1,SATIRQGIGNEQF,1
TRBV20-1,TRBJ2-1,SATIRQGISYNEQF,1
TRBV20-1,TRBJ2-1,SATIRQGMGNEQF,1
TRBV20-1,TRBJ2-1,SATIRQGWLAGYNEQF,1
TRBV20-1,TRBJ2-1,SATIRQGYNEQF,1
TRBV20-1,TRBJ2-1,SATIRRDNEQF,1
TRBV20-1,TRBJ2-1,SATIRRGLRYNEQF,6
TRBV20-1,TRBJ2-1,SATIRRKSSYNEQF,1
TRBV20-1,TRBJ2-1,SATIRRLSSYNEQF,1
TRBV20-1,TRBJ2-1,SATIRRRSYNEQF,1
TRBV20-1,TRBJ2-1,SATIRSGGSYNEQF,1
TRBV20-1,TRBJ2-1,SATIRSGRHYNEQF,1
TRBV20-1,TRBJ2-1,SATIRSGRNYNEQF,1
TRBV20-1,TRBJ2-1,SATIRSKGHEQF,1
TRBV20-1,TRBJ2-1,SATIRSSGRADEQF,3
TRBV20-1,TRBJ2-1,SATIRSVSGSYNEQF,1
TRBV20-1,TRBJ2-1,SATIRSVSSYNEQF,1
TRBV20-1,TRBJ2-1,SATIRSYNEQF,1
TRBV20-1,TRBJ2-1,SATIRTASSYNEQF,1
TRBV20-1,TRBJ2-1,SATIRTGFPKNFNEQF,1
TRBV20-1,TRBJ2-1,SATIRTPGSYNEQF,1
TRBV20-1,TRBJ2-1,SATIRTSGGKYNEQF,1
TRBV20-1,TRBJ2-1,SATIRTSGRAVRRNEQF,1
TRBV20-1,TRBJ2-1,SATIRTSGRWDEQF,1
TRBV20-1,TRBJ2-1,SATIRTTNSYNEQF,1
TRBV20-1,TRBJ2-1,SATIRVDEQF,2
TRBV20-1,TRBJ2-1,SATIRVSAYNEQF,1
TRBV20-1,TRBJ2-1,SATIRVSYNEQF,1
TRBV20-1,TRBJ2-1,SATIRYNEQF,1
TRBV20-1,TRBJ2-1,SATISADEQF,1
TRBV20-1,TRBJ2-1,SATISAGAPYNEQF,3
TRBV20-1,TRBJ2-1,SATISAGNSYNEQF,1
TRBV20-1,TRBJ2-1,SATISGAGNNEQF,1
TRBV20-1,TRBJ2-1,SATISGAPYNEQF,1
TRBV20-1,TRBJ2-1,SATISGDEQF,4
TRBV20-1,TRBJ2-1,SATISGDGDEQF,1
TRBV20-1,TRBJ2-1,SATISGDVYNEQF,1
TRBV20-1,TRBJ2-1,SATISGFNNEQF,1
TRBV20-1,TRBJ2-1,SATISGFQFYNEQF,2
TRBV20-1,TRBJ2-1,SATISGGAFLNEQF,1
TRBV20-1,TRBJ2-1,SATISGGATNEQF,1
TRBV20-1,TRBJ2-1,SATISGGPSYNEQF,1
TRBV20-1,TRBJ2-1,SATISGGRGAYNEQF,1
TRBV20-1,TRBJ2-1,SATISGGSNEQF,1
TRBV20-1,TRBJ2-1,SATISGGYNEQF,1
TRBV20-1,TRBJ2-1,SATISGIFYNEQF,1
TRBV20-1,TRBJ2-1,SATISGIGVNEQF,4
TRBV20-1,TRBJ2-1,SATISGKFIDEQF,1
TRBV20-1,TRBJ2-1,SATISGKREYNEQF,4
TRBV20-1,TRBJ2-1,SATISGLRRKNEQF,1
TRBV20-1,TRBJ2-1,SATISGLYNEQF,1
TRBV20-1,TRBJ2-1,SATISGNEQF,2
TRBV20-1,TRBJ2-1,SATISGPRLRAYNEQF,1
TRBV20-1,TRBJ2-1,SATISGQGFRTSYNEQF,1
TRBV20-1,TRBJ2-1,SATISGQGVNNEQF,7
TRBV20-1,TRBJ2-1,SATISGRALNEQF,5
TRBV20-1,TRBJ2-1,SATISGRAPNEQF,1
TRBV20-1,TRBJ2-1,SATISGRARNEQF,1
TRBV20-1,TRBJ2-1,SATISGRDYNEQF,7
TRBV20-1,TRBJ2-1,SATISGRGGNNNEQF,1
TRBV20-1,TRBJ2-1,SATISGRIYNEQF,1
TRBV20-1,TRBJ2-1,SATISGRNLNEQF,1
TRBV20-1,TRBJ2-1,SATISGRNYNEQF,1
TRBV20-1,TRBJ2-1,SATISGRPGLSYNEQF,1
TRBV20-1,TRBJ2-1,SATISGRPSSYNEQF,1
TRBV20-1,TRBJ2-1,SATISGRSDNEQF,1
TRBV20-1,TRBJ2-1,SATISGRSYNEQF,2
TRBV20-1,TRBJ2-1,SATISGRTFVGRNEQF,1
TRBV20-1,TRBJ2-1,SATISGRTSYNEQF,5
TRBV20-1,TRBJ2-1,SATISGRVDNEQF,1
TRBV20-1,TRBJ2-1,SATISGRVGNEQF,3
TRBV20-1,TRBJ2-1,SATISGRVYNEQF,1
TRBV20-1,TRBJ2-1,SATISGRWNEQF,1
TRBV20-1,TRBJ2-1,SATISGRYYNEKF,1
TRBV20-1,TRBJ2-1,SATISGSFSNEQF,1
TRBV20-1,TRBJ2-1,SATISGSMDEQF,1
TRBV20-1,TRBJ2-1,SATISGSPYNEQF,2
TRBV20-1,TRBJ2-1,SATISGSSYNEQF,3
TRBV20-1,TRBJ2-1,SATISGSYNEQF,4
TRBV20-1,TRBJ2-1,SATISGTGRNEQF,1
TRBV20-1,TRBJ2-1,SATISGTRSGDEQF,1
TRBV20-1,TRBJ2-1,SATISGTSGLFNEQF,1
TRBV20-1,TRBJ2-1,SATISGTSGTYNEQF,1
TRBV20-1,TRBJ2-1,SATISGTYNEQF,2
TRBV20-1,TRBJ2-1,SATISGYNEQF,1
TRBV20-1,TRBJ2-1,SATISGYYNEQF,1
TRBV20-1,TRBJ2-1,SATISLAVSYNEQF,1
TRBV20-1,TRBJ2-1,SATISLGSYNEQF,1
TRBV20-1,TRBJ2-1,SATISLSSYNEQF,7
TRBV20-1,TRBJ2-1,SATISLSSYNKQF,1
TRBV20-1,TRBJ2-1,SATISNEQF,1
TRBV20-1,TRBJ2-1,SATISNYNEQF,1
TRBV20-1,TRBJ2-1,SATISPHEQF,1
TRBV20-1,TRBJ2-1,SATISQVEQF,4
TRBV20-1,TRBJ2-1,SATISRDQVRSTYNEQF,1
TRBV20-1,TRBJ2-1,SATISRNEQF,1
TRBV20-1,TRBJ2-1,SATISSGAHNEQF,1
TRBV20-1,TRBJ2-1,SATISSGGYNEQF,1
TRBV20-1,TRBJ2-1,SATISSGMSSYNEQF,2
TRBV20-1,TRBJ2-1,SATISSGSSYNEQF,1
TRBV20-1,TRBJ2-1,SATISSVGNEQF,1
TRBV20-1,TRBJ2-1,SATISSYNEQF,4
TRBV20-1,TRBJ2-1,SATISTLAASSYNEQF,1
TRBV20-1,TRBJ2-1,SATISTPSDYTYNEQF,1
TRBV20-1,TRBJ2-1,SATISVTYNEQF,1
TRBV20-1,TRBJ2-1,SATISYNEQF,1
TRBV20-1,TRBJ2-1,SATITDAYNEQF,1
TRBV20-1,TRBJ2-1,SATITDHAGEQF,2
TRBV20-1,TRBJ2-1,SATITGDLFNEQF,1
TRBV20-1,TRBJ2-1,SATITGEPYNEQF,1
TRBV20-1,TRBJ2-1,SATITGFGYNEQF,1
TRBV20-1,TRBJ2-1,SATITGINEQF,1
TRBV20-1,TRBJ2-1,SATITGLAIYNEQF,1
TRBV20-1,TRBJ2-1,SATITGRARGGYNEQF,1
TRBV20-1,TRBJ2-1,SATITGTSAGNPYNEQF,1
TRBV20-1,TRBJ2-1,SATITISYNEQF,1
TRBV20-1,TRBJ2-1,SATITKTGQVYNEQF,1
TRBV20-1,TRBJ2-1,SATITLAGGNEQF,1
TRBV20-1,TRBJ2-1,SATITNEQF,2
TRBV20-1,TRBJ2-1,SATITPGDEQF,1
TRBV20-1,TRBJ2-1,SATITPSKRAIPNEQF,1
TRBV20-1,TRBJ2-1,SATITRDRDNEQF,1
TRBV20-1,TRBJ2-1,SATITSEIYNEQF,1
TRBV20-1,TRBJ2-1,SATITSGGHNEQF,1
TRBV20-1,TRBJ2-1,SATITSGIGDEQF,1
TRBV20-1,TRBJ2-1,SATITSGIYNEQF,1
TRBV20-1,TRBJ2-1,SATITSGKYNEQF,1
TRBV20-1,TRBJ2-1,SATITSGLTYNEQF,1
TRBV20-1,TRBJ2-1,SATITSGRADEQF,1
TRBV20-1,TRBJ2-1,SATITSGRANEQF,1
TRBV20-1,TRBJ2-1,SATITSGSGDEQF,1
TRBV20-1,TRBJ2-1,SATITSGSRNYNEQF,1
TRBV20-1,TRBJ2-1,SATITSGSYNEQF,4
TRBV20-1,TRBJ2-1,SATITSGTYNEQF,1
TRBV20-1,TRBJ2-1,SATITSHEQF,1
TRBV20-1,TRBJ2-1,SATITSRNEQF,1
TRBV20-1,TRBJ2-1,SATITSSYNEQF,2
TRBV20-1,TRBJ2-1,SATITTGSSYNEQF,1
TRBV20-1,TRBJ2-1,SATITTNEQF,1
TRBV20-1,TRBJ2-1,SATITTSGSNEQF,1
TRBV20-1,TRBJ2-1,SATITYYNEQF,1
TRBV20-1,TRBJ2-1,SATIVDLDSVANEQF,1
TRBV20-1,TRBJ2-1,SATIVGEGEQF,1
TRBV20-1,TRBJ2-1,SATIVGGNEQF,1
TRBV20-1,TRBJ2-1,SATIVGLAYNEQF,1
TRBV20-1,TRBJ2-1,SATIVGLPLSYNEQF,1
TRBV20-1,TRBJ2-1,SATIVGRYNEQF,1
TRBV20-1,TRBJ2-1,SATIVGTDEQF,1
TRBV20-1,TRBJ2-1,SATIVIAGAPEQF,4
TRBV20-1,TRBJ2-1,SATIVLFNEQF,1
TRBV20-1,TRBJ2-1,SATIVNEQF,3
TRBV20-1,TRBJ2-1,SATIVNERGLNNEQF,1
TRBV20-1,TRBJ2-1,SATIVRDEQF,3
TRBV20-1,TRBJ2-1,SATIVRDGIYNEQF,1
TRBV20-1,TRBJ2-1,SATIVRDVKSYNEQF,8
TRBV20-1,TRBJ2-1,SATIVRDVKSYNGQF,1
TRBV20-1,TRBJ2-1,SATIVSSGRDNEQF,1
TRBV20-1,TRBJ2-1,SATIVTSGYNEQF,1
TRBV20-1,TRBJ2-1,SATIVTSNDEQF,1
TRBV20-1,TRBJ2-1,SATIVTYNEQF,1
TRBV20-1,TRBJ2-1,SATIVVFRSSYNEQF,1
TRBV20-1,TRBJ2-1,SATIVYEQF,1
TRBV20-1,TRBJ2-1,SATIWAALAGVPNEQF,1
TRBV20-1,TRBJ2-1,SATIWASGRNEQF,1
TRBV20-1,TRBJ2-1,SATIWDRVGNEQF,8
TRBV20-1,TRBJ2-1,SATIWEGEHNEQF,1
TRBV20-1,TRBJ2-1,SATIWGDNEQF,1
TRBV20-1,TRBJ2-1,SATIWGGRNEQF,2
TRBV20-1,TRBJ2-1,SATIWGPGNEQF,1
TRBV20-1,TRBJ2-1,SATIWGTGTSGRSYNEQF,1
TRBV20-1,TRBJ2-1,SATIWRGGVDEQF,1
TRBV20-1,TRBJ2-1,SATIWRGNEQF,1
TRBV20-1,TRBJ2-1,SATIWTDNEQF,1
TRBV20-1,TRBJ2-1,SATIWTNNEQF,4
TRBV20-1,TRBJ2-1,SATIWTSGRSGEQF,2
TRBV20-1,TRBJ2-1,SATIYIGTRGNEQF,2
TRBV20-1,TRBJ2-1,SATIYKTGVSVYNEQF,1
TRBV20-1,TRBJ2-1,SATIYLGGDHKEQF,1
TRBV20-1,TRBJ2-1,SATIYLGGDHNEQF,29
TRBV20-1,TRBJ2-1,SATIYLGGGHNEQF,1
TRBV20-1,TRBJ2-1,SATIYNEQF,14
TRBV20-1,TRBJ2-1,SATIYPVGNEQF,3
TRBV20-1,TRBJ2-1,SATIYRDRGLAGPYNEQF,1
TRBV20-1,TRBJ2-1,SATIYRGPRDNEQF,1
TRBV20-1,TRBJ2-1,SATIYRTLSGDEQF,1
TRBV20-1,TRBJ2-1,SATIYSFTGTNNEQF,1
TRBV20-1,TRBJ2-1,SATKAAAYNEQF,10
TRBV20-1,TRBJ2-1,SATKAADEQF,1
TRBV20-1,TRBJ2-1,SATKAAGGSYNEQF,1
TRBV20-1,TRBJ2-1,SATKAANEQF,1
TRBV20-1,TRBJ2-1,SATKAARNEQF,1
TRBV20-1,TRBJ2-1,SATKAAVRNNEQF,1
TRBV20-1,TRBJ2-1,SATKAAYNEQF,1
TRBV20-1,TRBJ2-1,SATKAEQF,1
TRBV20-1,TRBJ2-1,SATKAESSYNEQF,1
TRBV20-1,TRBJ2-1,SATKAFSSSYNEQF,1
TRBV20-1,TRBJ2-1,SATKAGAADEQF,1
TRBV20-1,TRBJ2-1,SATKAGAEQF,4
TRBV20-1,TRBJ2-1,SATKAGAGNEQF,1
TRBV20-1,TRBJ2-1,SATKAGANYNEQF,1
TRBV20-1,TRBJ2-1,SATKAGASYNEQF,3
TRBV20-1,TRBJ2-1,SATKAGDEQF,1
TRBV20-1,TRBJ2-1,SATKAGDIYNEQF,1
TRBV20-1,TRBJ2-1,SATKAGDVLRGSYNEQF,1
TRBV20-1,TRBJ2-1,SATKAGDYNEQF,2
TRBV20-1,TRBJ2-1,SATKAGEGNEQF,1
TRBV20-1,TRBJ2-1,SATKAGEPNEQF,1
TRBV20-1,TRBJ2-1,SATKAGERHNEQF,2
TRBV20-1,TRBJ2-1,SATKAGFPNNEQF,1
TRBV20-1,TRBJ2-1,SATKAGGGLVLYNEQF,1
TRBV20-1,TRBJ2-1,SATKAGGGNEQF,1
TRBV20-1,TRBJ2-1,SATKAGGGSYNEQF,1
TRBV20-1,TRBJ2-1,SATKAGGLYNEQF,1
TRBV20-1,TRBJ2-1,SATKAGGNNEQF,1
TRBV20-1,TRBJ2-1,SATKAGGPYNEQF,3
TRBV20-1,TRBJ2-1,SATKAGGRNEQF,4
TRBV20-1,TRBJ2-1,SATKAGGSNEQF,1
TRBV20-1,TRBJ2-1,SATKAGGSSYNEQF,3
TRBV20-1,TRBJ2-1,SATKAGGSYNEQF,1
TRBV20-1,TRBJ2-1,SATKAGGVYNEQF,2
TRBV20-1,TRBJ2-1,SATKAGHHNNEQF,1
TRBV20-1,TRBJ2-1,SATKAGLAGGNEQF,1
TRBV20-1,TRBJ2-1,SATKAGLPNEQF,1
TRBV20-1,TRBJ2-1,SATKAGLTRSYNEQF,8
TRBV20-1,TRBJ2-1,SATKAGLYNEQF,1
TRBV20-1,TRBJ2-1,SATKAGMSSYNEQF,1
TRBV20-1,TRBJ2-1,SATKAGPAGNEQF,1
TRBV20-1,TRBJ2-1,SATKAGPYNEQF,1
TRBV20-1,TRBJ2-1,SATKAGQDYNEQF,1
TRBV20-1,TRBJ2-1,SATKAGRLAGSNEQF,1
TRBV20-1,TRBJ2-1,SATKAGSFNEQF,1
TRBV20-1,TRBJ2-1,SATKAGSSYNEQF,1
TRBV20-1,TRBJ2-1,SATKAGSYNEQF,2
TRBV20-1,TRBJ2-1,SATKAGTFSYNEQF,2
TRBV20-1,TRBJ2-1,SATKAGTPSYNEQF,1
TRBV20-1,TRBJ2-1,SATKAGTYYNEQF,1
TRBV20-1,TRBJ2-1,SATKAGVAYNEQF,2
TRBV20-1,TRBJ2-1,SATKAGVGNEQF,1
TRBV20-1,TRBJ2-1,SATKAGVPNEQF,1
TRBV20-1,TRBJ2-1,SATKAGVPYNEQF,1
TRBV20-1,TRBJ2-1,SATKAGVQNEQF,1
TRBV20-1,TRBJ2-1,SATKAGVSYNEQF,1
TRBV20-1,TRBJ2-1,SATKAGYNEQF,1
TRBV20-1,TRBJ2-1,SATKAGYPSNEQF,5
TRBV20-1,TRBJ2-1,SATKALAADNEQF,1
TRBV20-1,TRBJ2-1,SATKALLYNEQF,1
TRBV20-1,TRBJ2-1,SATKALSYNEQF,1
TRBV20-1,TRBJ2-1,SATKANYNEQF,4
TRBV20-1,TRBJ2-1,SATKAPFNEQF,1
TRBV20-1,TRBJ2-1,SATKAPGPSGGFYNEQF,1
TRBV20-1,TRBJ2-1,SATKARDYDNEQF,1
TRBV20-1,TRBJ2-1,SATKARGGNYNERF,1
TRBV20-1,TRBJ2-1,SATKASASGRYEQF,1
TRBV20-1,TRBJ2-1,SATKASAYNEQF,1
TRBV20-1,TRBJ2-1,SATKASGDNEQF,1
TRBV20-1,TRBJ2-1,SATKASGVWIPNEQF,6
TRBV20-1,TRBJ2-1,SATKASGWSYNEQF,1
TRBV20-1,TRBJ2-1,SATKASSGAYNEQF,1
TRBV20-1,TRBJ2-1,SATKASYNEQF,1
TRBV20-1,TRBJ2-1,SATKAVRGMYEQF,1
TRBV20-1,TRBJ2-1,SATKAYNEQF,1
TRBV20-1,TRBJ2-1,SATKDAEQF,1
TRBV20-1,TRBJ2-1,SATKDELAGVVNEQF,1
TRBV20-1,TRBJ2-1,SATKDFYNEQF,1
TRBV20-1,TRBJ2-1,SATKDFYSYNEQF,1
TRBV20-1,TRBJ2-1,SATKDGLAGISDEQF,1
TRBV20-1,TRBJ2-1,SATKDGTSGSLYNEQF,1
TRBV20-1,TRBJ2-1,SATKDGTYNEQF,1
TRBV20-1,TRBJ2-1,SATKDGYNEQF,2
TRBV20-1,TRBJ2-1,SATKDHAKTSGIYNEQF,1
TRBV20-1,TRBJ2-1,SATKDHSSYNEQF,1
TRBV20-1,TRBJ2-1,SATKDILTSGYNEQF,1
TRBV20-1,TRBJ2-1,SATKDLDYNEQF,1
TRBV20-1,TRBJ2-1,SATKDLHNEQF,6
TRBV20-1,TRBJ2-1,SATKDLLNEQF,1
TRBV20-1,TRBJ2-1,SATKDLQREFDEQF,1
TRBV20-1,TRBJ2-1,SATKDNDEQF,1
TRBV20-1,TRBJ2-1,SATKDNEQF,9
TRBV20-1,TRBJ2-1,SATKDPGRDNEQF,1
TRBV20-1,TRBJ2-1,SATKDPSGRRLDEQF,1
TRBV20-1,TRBJ2-1,SATKDPSSYNEQF,1
TRBV20-1,TRBJ2-1,SATKDPYNEQF,5
TRBV20-1,TRBJ2-1,SATKDQSNEQF,1
TRBV20-1,TRBJ2-1,SATKDRDHEQF,1
TRBV20-1,TRBJ2-1,SATKDRGFIYNEQF,1
TRBV20-1,TRBJ2-1,SATKDRGNEQF,1
TRBV20-1,TRBJ2-1,SATKDRGYNEQF,1
TRBV20-1,TRBJ2-1,SATKDRNNEQF,1
TRBV20-1,TRBJ2-1,SATKDRYNEQF,1
TRBV20-1,TRBJ2-1,SATKDSGRAKLNEQF,1
TRBV20-1,TRBJ2-1,SATKDSGSYNEQF,1
TRBV20-1,TRBJ2-1,SATKDSIYNEQF,1
TRBV20-1,TRBJ2-1,SATKDSLLNEQF,1
TRBV20-1,TRBJ2-1,SATKDSLNYNEQF,1
TRBV20-1,TRBJ2-1,SATKDSRRNNEQF,3
TRBV20-1,TRBJ2-1,SATKDSRSYNEQF,1
TRBV20-1,TRBJ2-1,SATKDSSSYNEQF,2
TRBV20-1,TRBJ2-1,SATKDSSYNEQF,5
TRBV20-1,TRBJ2-1,SATKDSYNEQF,4
TRBV20-1,TRBJ2-1,SATKDSYRSYNEQF,1
TRBV20-1,TRBJ2-1,SATKDTGLAGSYNEQF,1
TRBV20-1,TRBJ2-1,SATKDTGVNEQF,1
TRBV20-1,TRBJ2-1,SATKDTYNEQF,3
TRBV20-1,TRBJ2-1,SATKDVYNEQF,2
TRBV20-1,TRBJ2-1,SATKDWYNEQF,1
TRBV20-1,TRBJ2-1,SATKDYYNEQF,1
TRBV20-1,TRBJ2-1,SATKEAGSYNEQF,1
TRBV20-1,TRBJ2-1,SATKEAGVINEQF,1
TRBV20-1,TRBJ2-1,SATKEALYNEQF,1
TRBV20-1,TRBJ2-1,SATKEANEQF,1
TRBV20-1,TRBJ2-1,SATKEAYNEQF,1
TRBV20-1,TRBJ2-1,SATKEDEQF,3
TRBV20-1,TRBJ2-1,SATKEGDNEQF,1
TRBV20-1,TRBJ2-1,SATKEGGSSYNEQF,5
TRBV20-1,TRBJ2-1,SATKEGGYNEQF,1
TRBV20-1,TRBJ2-1,SATKEGHEQF,1
TRBV20-1,TRBJ2-1,SATKEGLAGVRESYNEQF,1
TRBV20-1,TRBJ2-1,SATKEGLAYNEQF,1
TRBV20-1,TRBJ2-1,SATKEGLDEQF,2
TRBV20-1,TRBJ2-1,SATKEGRNNEQF,1
TRBV20-1,TRBJ2-1,SATKELAGVGNEQF,1
TRBV20-1,TRBJ2-1,SATKEPSYNEQF,1
TRBV20-1,TRBJ2-1,SATKERLGNEQF,1
TRBV20-1,TRBJ2-1,SATKERNEQF,1
TRBV20-1,TRBJ2-1,SATKERRNEQF,1
TRBV20-1,TRBJ2-1,SATKERRSSYNEQF,1
TRBV20-1,TRBJ2-1,SATKESSYNEQF,3
TRBV20-1,TRBJ2-1,SATKESYNEQF,1
TRBV20-1,TRBJ2-1,SATKETARFSSYNEQF,1
TRBV20-1,TRBJ2-1,SATKETSGNYEQF,1
TRBV20-1,TRBJ2-1,SATKEYNEQF,1
TRBV20-1,TRBJ2-1,SATKFAAANNEQF,1
TRBV20-1,TRBJ2-1,SATKFGGGGTYNEQF,1
TRBV20-1,TRBJ2-1,SATKFGGSSYNEQF,1
TRBV20-1,TRBJ2-1,SATKFGRELGSYNEQF,1
TRBV20-1,TRBJ2-1,SATKFGSYNEQF,1
TRBV20-1,TRBJ2-1,SATKFGTSGIGSYNEQF,1
TRBV20-1,TRBJ2-1,SATKFKHRDSSYNEQF,1
TRBV20-1,TRBJ2-1,SATKFRDQTLRF,3
TRBV20-1,TRBJ2-1,SATKFRVSSYNEQF,1
TRBV20-1,TRBJ2-1,SATKFSSYNEQF,2
TRBV20-1,TRBJ2-1,SATKGAFVGDEQF,7
TRBV20-1,TRBJ2-1,SATKGAGGIDEQF,1
TRBV20-1,TRBJ2-1,SATKGAGRNEQF,1
TRBV20-1,TRBJ2-1,SATKGAGVDNEQF,1
TRBV20-1,TRBJ2-1,SATKGAGVNNEQF,1
TRBV20-1,TRBJ2-1,SATKGAMDNEQF,2
TRBV20-1,TRBJ2-1,SATKGANEQF,2
TRBV20-1,TRBJ2-1,SATKGAREDNEQF,1
TRBV20-1,TRBJ2-1,SATKGASYNEQF,1
TRBV20-1,TRBJ2-1,SATKGDNEQF,1
TRBV20-1,TRBJ2-1,SATKGDSSYNEQF,1
TRBV20-1,TRBJ2-1,SATKGDYNEQF,1
TRBV20-1,TRBJ2-1,SATKGEDNEQF,1
TRBV20-1,TRBJ2-1,SATKGEDNERF,1
TRBV20-1,TRBJ2-1,SATKGEGGRDEQF,1
TRBV20-1,TRBJ2-1,SATKGEGPYNEQF,2
TRBV20-1,TRBJ2-1,SATKGEGTNNEQF,1
TRBV20-1,TRBJ2-1,SATKGELGGYNEQF,1
TRBV20-1,TRBJ2-1,SATKGEYNEQF,1
TRBV20-1,TRBJ2-1,SATKGEYPYNEQF,1
TRBV20-1,TRBJ2-1,SATKGFGSGRASNEQF,1
TRBV20-1,TRBJ2-1,SATKGFKAGGLPYEQF,1
TRBV20-1,TRBJ2-1,SATKGGAGGYNEQF,1
TRBV20-1,TRBJ2-1,SATKGGAYNEQF,2
TRBV20-1,TRBJ2-1,SATKGGEWNEQF,1
TRBV20-1,TRBJ2-1,SATKGGGSYNEQF,1
TRBV20-1,TRBJ2-1,SATKGGGYEQF,1
TRBV20-1,TRBJ2-1,SATKGGLAGGNEQF,1
TRBV20-1,TRBJ2-1,SATKGGLHGRTYNEQF,1
TRBV20-1,TRBJ2-1,SATKGGLPYNEQF,1
TRBV20-1,TRBJ2-1,SATKGGNEQF,2
TRBV20-1,TRBJ2-1,SATKGGPGF,1
TRBV20-1,TRBJ2-1,SATKGGPLDEQF,1
TRBV20-1,TRBJ2-1,SATKGGPVYNEQF,1
TRBV20-1,TRBJ2-1,SATKGGPYNEQF,1
TRBV20-1,TRBJ2-1,SATKGGRGDEQF,4
TRBV20-1,TRBJ2-1,SATKGGRGDGQF,1
TRBV20-1,TRBJ2-1,SATKGGRVSYNEQF,1
TRBV20-1,TRBJ2-1,SATKGGSDYEVF,2
TRBV20-1,TRBJ2-1,SATKGGSGAYNEQF,1
TRBV20-1,TRBJ2-1,SATKGGSGRGNEQF,5
TRBV20-1,TRBJ2-1,SATKGGSGSYNEQF,1
TRBV20-1,TRBJ2-1,SATKGGSNLNEQF,1
TRBV20-1,TRBJ2-1,SATKGGSSYNEQF,5
TRBV20-1,TRBJ2-1,SATKGGSYNEQF,2
TRBV20-1,TRBJ2-1,SATKGGTNEQF,1
TRBV20-1,TRBJ2-1,SATKGGTTHNEQF,1
TRBV20-1,TRBJ2-1,SATKGGTTYNEQF,1
TRBV20-1,TRBJ2-1,SATKGGTYNEQF,1
TRBV20-1,TRBJ2-1,SATKGGVYNEQF,1
TRBV20-1,TRBJ2-1,SATKGGYEQF,1
TRBV20-1,TRBJ2-1,SATKGGYNEQF,5
TRBV20-1,TRBJ2-1,SATKGIGRRDEQF,1
TRBV20-1,TRBJ2-1,SATKGISGGNEQF,1
TRBV20-1,TRBJ2-1,SATKGISPYNEQF,1
TRBV20-1,TRBJ2-1,SATKGKNNEQF,1
TRBV20-1,TRBJ2-1,SATKGLAASYNEQF,1
TRBV20-1,TRBJ2-1,SATKGLAGAYNEQF,3
TRBV20-1,TRBJ2-1,SATKGLAGDEQF,1
TRBV20-1,TRBJ2-1,SATKGLAGDNEQF,1
TRBV20-1,TRBJ2-1,SATKGLAGDTLFYNEQF,1
TRBV20-1,TRBJ2-1,SATKGLAGEDEQF,1
TRBV20-1,TRBJ2-1,SATKGLAGGDEQC,1
TRBV20-1,TRBJ2-1,SATKGLAGGDEQF,12
TRBV20-1,TRBJ2-1,SATKGLAGGMSYNEQF,1
TRBV20-1,TRBJ2-1,SATKGLAGGPNNEQF,3
TRBV20-1,TRBJ2-1,SATKGLAGGPSYNEQF,1
TRBV20-1,TRBJ2-1,SATKGLAGGPYEQF,1
TRBV20-1,TRBJ2-1,SATKGLAGGRVSNEQF,1
TRBV20-1,TRBJ2-1,SATKGLAGGYEQF,1
TRBV20-1,TRBJ2-1,SATKGLAGGYNEQF,1
TRBV20-1,TRBJ2-1,SATKGLAGHNEQF,2
TRBV20-1,TRBJ2-1,SATKGLAGILSNEQF,1
TRBV20-1,TRBJ2-1,SATKGLAGISSYNEQF,1
TRBV20-1,TRBJ2-1,SATKGLAGKSGNEQF,3
TRBV20-1,TRBJ2-1,SATKGLAGNKYNEQF,1
TRBV20-1,TRBJ2-1,SATKGLAGNNEQF,1
TRBV20-1,TRBJ2-1,SATKGLAGRDEQF,1
TRBV20-1,TRBJ2-1,SATKGLAGVDEQF,1
TRBV20-1,TRBJ2-1,SATKGLAGVRNEQF,4
TRBV20-1,TRBJ2-1,SATKGLAGVYEQF,1
TRBV20-1,TRBJ2-1,SATKGLAGYNEQF,1
TRBV20-1,TRBJ2-1,SATKGLAINEQF,6
TRBV20-1,TRBJ2-1,SATKGLAINEQL,1
TRBV20-1,TRBJ2-1,SATKGLAKGSSYNEQF,1
TRBV20-1,TRBJ2-1,SATKGLALGNEQF,1
TRBV20-1,TRBJ2-1,SATKGLAPINEQF,1
TRBV20-1,TRBJ2-1,SATKGLAPYNEQF,1
TRBV20-1,TRBJ2-1,SATKGLAVAYNEQF,1
TRBV20-1,TRBJ2-1,SATKGLAVDNEQF,1
TRBV20-1,TRBJ2-1,SATKGLAVFYNEQF,1
TRBV20-1,TRBJ2-1,SATKGLAVGSYNEQF,14
TRBV20-1,TRBJ2-1,SATKGLAVGSYNEQI,1
TRBV20-1,TRBJ2-1,SATKGLAVNEQF,1
TRBV20-1,TRBJ2-1,SATKGLAYNEQF,1
TRBV20-1,TRBJ2-1,SATKGLFDEQF,1
TRBV20-1,TRBJ2-1,SATKGLGIYNEQF,1
TRBV20-1,TRBJ2-1,SATKGLGWPFRQF,2
TRBV20-1,TRBJ2-1,SATKGLNEQF,7
TRBV20-1,TRBJ2-1,SATKGLPDNEQF,1
TRBV20-1,TRBJ2-1,SATKGLPSNEQF,1
TRBV20-1,TRBJ2-1,SATKGLVGQFYNEQF,1
TRBV20-1,TRBJ2-1,SATKGLVGRYNEQF,1
TRBV20-1,TRBJ2-1,SATKGLYNEQF,1
TRBV20-1,TRBJ2-1,SATKGNEQF,9
TRBV20-1,TRBJ2-1,SATKGNNEQF,1
TRBV20-1,TRBJ2-1,SATKGNSGRSHNEQF,1
TRBV20-1,TRBJ2-1,SATKGNSYNEQF,3
TRBV20-1,TRBJ2-1,SATKGNYNEQF,1
TRBV20-1,TRBJ2-1,SATKGPAYNEQF,1
TRBV20-1,TRBJ2-1,SATKGPLVLNEQF,4
TRBV20-1,TRBJ2-1,SATKGPRDEQF,1
TRBV20-1,TRBJ2-1,SATKGPSAYEQF,1
TRBV20-1,TRBJ2-1,SATKGPSYNEQF,1
TRBV20-1,TRBJ2-1,SATKGQGADEQF,1
TRBV20-1,TRBJ2-1,SATKGQGIYNEQF,1
TRBV20-1,TRBJ2-1,SATKGQGLNEQF,8
TRBV20-1,TRBJ2-1,SATKGQGLYEQL,1
TRBV20-1,TRBJ2-1,SATKGQGNNEQF,1
TRBV20-1,TRBJ2-1,SATKGQGPGDEQF,9
TRBV20-1,TRBJ2-1,SATKGQGRGNEQF,1
TRBV20-1,TRBJ2-1,SATKGQGSYNEQF,1
TRBV20-1,TRBJ2-1,SATKGQGTGNEQF,1
TRBV20-1,TRBJ2-1,SATKGQGWNNEQF,2
TRBV20-1,TRBJ2-1,SATKGQNSYNEQF,1
TRBV20-1,TRBJ2-1,SATKGQYNEQF,1
TRBV20-1,TRBJ2-1,SATKGRDEQF,1
TRBV20-1,TRBJ2-1,SATKGRENEQF,1
TRBV20-1,TRBJ2-1,SATKGRGNEQF,1
TRBV20-1,TRBJ2-1,SATKGRGSARGSYNEQF,1
TRBV20-1,TRBJ2-1,SATKGRGYNEQF,1
TRBV20-1,TRBJ2-1,SATKGRLAGGNEQF,1
TRBV20-1,TRBJ2-1,SATKGRQGVYNEQF,2
TRBV20-1,TRBJ2-1,SATKGRYNEQF,1
TRBV20-1,TRBJ2-1,SATKGSEQF,30
TRBV20-1,TRBJ2-1,SATKGSEQL,1
TRBV20-1,TRBJ2-1,SATKGSGAYNEQF,1
TRBV20-1,TRBJ2-1,SATKGSGGEDEQF,3
TRBV20-1,TRBJ2-1,SATKGSGIYNEQF,1
TRBV20-1,TRBJ2-1,SATKGSGTYNEQF,1
TRBV20-1,TRBJ2-1,SATKGSIGGNEQF,4
TRBV20-1,TRBJ2-1,SATKGSLDEQF,2
TRBV20-1,TRBJ2-1,SATKGSLYNEQF,1
TRBV20-1,TRBJ2-1,SATKGSNEQF,1
TRBV20-1,TRBJ2-1,SATKGSRHNEQF,1
TRBV20-1,TRBJ2-1,SATKGSSLGNEQF,1
TRBV20-1,TRBJ2-1,SATKGSSSYNEQF,1
TRBV20-1,TRBJ2-1,SATKGSSYNEQF,4
TRBV20-1,TRBJ2-1,SATKGSYNEQF,7
TRBV20-1,TRBJ2-1,SATKGTAYNEQF,1
TRBV20-1,TRBJ2-1,SATKGTETYNEQF,1
TRBV20-1,TRBJ2-1,SATKGTGHHEQF,1
TRBV20-1,TRBJ2-1,SATKGTGIDEQF,1
TRBV20-1,TRBJ2-1,SATKGTGNSYNEQF,2
TRBV20-1,TRBJ2-1,SATKGTGRNEQF,1
TRBV20-1,TRBJ2-1,SATKGTGYNEQF,1
TRBV20-1,TRBJ2-1,SATKGTKALRHNEQF,3
TRBV20-1,TRBJ2-1,SATKGTKALRHNEQL,1
TRBV20-1,TRBJ2-1,SATKGTNEQF,2
TRBV20-1,TRBJ2-1,SATKGTSGINEQF,1
TRBV20-1,TRBJ2-1,SATKGTSGRAFYNEQF,1
TRBV20-1,TRBJ2-1,SATKGTSGRDEQF,2
TRBV20-1,TRBJ2-1,SATKGTSGRYNEQF,1
TRBV20-1,TRBJ2-1,SATKGTSGSSYNEQF,1
TRBV20-1,TRBJ2-1,SATKGTSGVEQF,2
TRBV20-1,TRBJ2-1,SATKGTSGWGNEQF,1
TRBV20-1,TRBJ2-1,SATKGTSPWGAEQF,3
TRBV20-1,TRBJ2-1,SATKGTSRNEQF,1
TRBV20-1,TRBJ2-1,SATKGTSRNNEQF,1
TRBV20-1,TRBJ2-1,SATKGTTISGSSYNEQF,1
TRBV20-1,TRBJ2-1,SATKGVAGGADQF,1
TRBV20-1,TRBJ2-1,SATKGVAGGNEQF,1
TRBV20-1,TRBJ2-1,SATKGVAHYNEQF,1
TRBV20-1,TRBJ2-1,SATKGVAPSYNEQF,1
TRBV20-1,TRBJ2-1,SATKGVARRYNEQF,1
TRBV20-1,TRBJ2-1,SATKGVGGPYNEQF,1
TRBV20-1,TRBJ2-1,SATKGVGQGANQF,1
TRBV20-1,TRBJ2-1,SATKGVPSYNEQF,1
TRBV20-1,TRBJ2-1,SATKGVSSYNEQF,1
TRBV20-1,TRBJ2-1,SATKGWVYNEQF,1
TRBV20-1,TRBJ2-1,SATKGYEQF,1
TRBV20-1,TRBJ2-1,SATKGYNEQF,3
TRBV20-1,TRBJ2-1,SATKGYNNEQF,1
TRBV20-1,TRBJ2-1,SATKGYPYNEQF,1
TRBV20-1,TRBJ2-1,SATKGYYNEQF,2
TRBV20-1,TRBJ2-1,SATKHEQF,1
TRBV20-1,TRBJ2-1,SATKHLASGHYNEQF,1
TRBV20-1,TRBJ2-1,SATKHLRMNEQF,1
TRBV20-1,TRBJ2-1,SATKHPAGTSSYNEQF,1
TRBV20-1,TRBJ2-1,SATKIAASYNEQF,1
TRBV20-1,TRBJ2-1,SATKIAGGFLYEQF,1
TRBV20-1,TRBJ2-1,SATKIAGGKYNEQF,1
TRBV20-1,TRBJ2-1,SATKIAGGPNEQF,1
TRBV20-1,TRBJ2-1,SATKIAGGSDNEQF,1
TRBV20-1,TRBJ2-1,SATKIAGSYNEQF,1
TRBV20-1,TRBJ2-1,SATKIAGVYNEQF,1
TRBV20-1,TRBJ2-1,SATKIAGYNEQF,1
TRBV20-1,TRBJ2-1,SATKIAQLVLDEQF,1
TRBV20-1,TRBJ2-1,SATKIATNNEQF,12
TRBV20-1,TRBJ2-1,SATKIGGGRAYNEQF,1
TRBV20-1,TRBJ2-1,SATKIGGLGAEGNNEQV,1
TRBV20-1,TRBJ2-1,SATKIGGLNEQF,1
TRBV20-1,TRBJ2-1,SATKIGGNEQF,1
TRBV20-1,TRBJ2-1,SATKIGNEQF,1
TRBV20-1,TRBJ2-1,SATKIGQRGLNRDEQF,1
TRBV20-1,TRBJ2-1,SATKIGSGYNEQF,1
TRBV20-1,TRBJ2-1,SATKIGTPNEQF,1
TRBV20-1,TRBJ2-1,SATKIGTSGRYNEQF,1
TRBV20-1,TRBJ2-1,SATKIGTTYNEQF,1
TRBV20-1,TRBJ2-1,SATKIIYNEQF,1
TRBV20-1,TRBJ2-1,SATKIKRGDYNEQF,1
TRBV20-1,TRBJ2-1,SATKIKTRTYNEQF,1
TRBV20-1,TRBJ2-1,SATKILAGDNEQF,1
TRBV20-1,TRBJ2-1,SATKILQTDYNEQF,1
TRBV20-1,TRBJ2-1,SATKILRSYNEQF,1
TRBV20-1,TRBJ2-1,SATKINEQF,6
TRBV20-1,TRBJ2-1,SATKITAGDEQF,3
TRBV20-1,TRBJ2-1,SATKITDPYNEQF,1
TRBV20-1,TRBJ2-1,SATKITNEQF,1
TRBV20-1,TRBJ2-1,SATKIVGLAGNNEQF,1
TRBV20-1,TRBJ2-1,SATKKAGIYNEQF,1
TRBV20-1,TRBJ2-1,SATKKAGLGYNEQF,1
TRBV20-1,TRBJ2-1,SATKKAPGLAGGWAYNEQF,11
TRBV20-1,TRBJ2-1,SATKKDWEGPYNEQF,1
TRBV20-1,TRBJ2-1,SATKKGAHEQF,1
TRBV20-1,TRBJ2-1,SATKKGGNEQF,1
TRBV20-1,TRBJ2-1,SATKKGGWYNEQF,1
TRBV20-1,TRBJ2-1,SATKKGLAEDEQF,1
TRBV20-1,TRBJ2-1,SATKKGLVGYNEQF,1
TRBV20-1,TRBJ2-1,SATKKKSSYNEQF,1
TRBV20-1,TRBJ2-1,SATKKPGHTVNEQF,2
TRBV20-1,TRBJ2-1,SATKKPGLAGDYHNEQF,1
TRBV20-1,TRBJ2-1,SATKKREGFYNEQF,3
TRBV20-1,TRBJ2-1,SATKKTGGFVNAQF,2
TRBV20-1,TRBJ2-1,SATKKTKNSGLLYNEQF,1
TRBV20-1,TRBJ2-1,SATKKVSSGRGNEQF,1
TRBV20-1,TRBJ2-1,SATKLAAGIYNEQF,1
TRBV20-1,TRBJ2-1,SATKLAASSYNEQF,2
TRBV20-1,TRBJ2-1,SATKLAASYNEQF,1
TRBV20-1,TRBJ2-1,SATKLADYNEQF,2
TRBV20-1,TRBJ2-1,SATKLAEAYNEQF,1
TRBV20-1,TRBJ2-1,SATKLAEWNEQF,1
TRBV20-1,TRBJ2-1,SATKLAGAGYNEQF,5
TRBV20-1,TRBJ2-1,SATKLAGALSDEQF,22
TRBV20-1,TRBJ2-1,SATKLAGALSEEKF,1
TRBV20-1,TRBJ2-1,SATKLAGAPNEQF,1
TRBV20-1,TRBJ2-1,SATKLAGAPSDEQF,1
TRBV20-1,TRBJ2-1,SATKLAGAPYNEQF,1
TRBV20-1,TRBJ2-1,SATKLAGAYNEQF,6
TRBV20-1,TRBJ2-1,SATKLAGDWNEQF,2
TRBV20-1,TRBJ2-1,SATKLAGERYEQF,1
TRBV20-1,TRBJ2-1,SATKLAGGANEQF,1
TRBV20-1,TRBJ2-1,SATKLAGGFNEQF,1
TRBV20-1,TRBJ2-1,SATKLAGGGNEQF,5
TRBV20-1,TRBJ2-1,SATKLAGGGYNEQF,1
TRBV20-1,TRBJ2-1,SATKLAGGHHEQF,5
TRBV20-1,TRBJ2-1,SATKLAGGKYNEQF,2
TRBV20-1,TRBJ2-1,SATKLAGGLNEQF,5
TRBV20-1,TRBJ2-1,SATKLAGGNNEQF,6
TRBV20-1,TRBJ2-1,SATKLAGGPGNEQF,3
TRBV20-1,TRBJ2-1,SATKLAGGPNEQF,2
TRBV20-1,TRBJ2-1,SATKLAGGPSNEQF,3
TRBV20-1,TRBJ2-1,SATKLAGGPYNEQF,1
TRBV20-1,TRBJ2-1,SATKLAGGQSNEQF,1
TRBV20-1,TRBJ2-1,SATKLAGGRNEQF,2
TRBV20-1,TRBJ2-1,SATKLAGGSPYEQF,2
TRBV20-1,TRBJ2-1,SATKLAGGSYNEQF,1
TRBV20-1,TRBJ2-1,SATKLAGGYNEQF,2
TRBV20-1,TRBJ2-1,SATKLAGIYNEQF,1
TRBV20-1,TRBJ2-1,SATKLAGKLNEQF,2
TRBV20-1,TRBJ2-1,SATKLAGKLSEQF,1
TRBV20-1,TRBJ2-1,SATKLAGLMDEQF,1
TRBV20-1,TRBJ2-1,SATKLAGLRDEQF,1
TRBV20-1,TRBJ2-1,SATKLAGLYNEQF,8
TRBV20-1,TRBJ2-1,SATKLAGNHLYNEQF,1
TRBV20-1,TRBJ2-1,SATKLAGPNEQF,1
TRBV20-1,TRBJ2-1,SATKLAGPYNEQF,1
TRBV20-1,TRBJ2-1,SATKLAGRNNEQF,1
TRBV20-1,TRBJ2-1,SATKLAGSSYNEQF,1
TRBV20-1,TRBJ2-1,SATKLAGSYNEQF,1
TRBV20-1,TRBJ2-1,SATKLAGTYNEQF,1
TRBV20-1,TRBJ2-1,SATKLAGVDNEQF,1
TRBV20-1,TRBJ2-1,SATKLAGVFNEQF,1
TRBV20-1,TRBJ2-1,SATKLAGVGDEQF,1
TRBV20-1,TRBJ2-1,SATKLAGVGNEQF,1
TRBV20-1,TRBJ2-1,SATKLAGVRNEQF,1
TRBV20-1,TRBJ2-1,SATKLAGVVNEQF,1
TRBV20-1,TRBJ2-1,SATKLAGVYNEQF,1
TRBV20-1,TRBJ2-1,SATKLARSSYNEQF,1
TRBV20-1,TRBJ2-1,SATKLASYNEQF,1
TRBV20-1,TRBJ2-1,SATKLATNEQF,1
TRBV20-1,TRBJ2-1,SATKLDDTYNEQF,4
TRBV20-1,TRBJ2-1,SATKLDDTYNGQF,1
TRBV20-1,TRBJ2-1,SATKLDISYNEQF,1
TRBV20-1,TRBJ2-1,SATKLDRFVLVSPNEQF,1
TRBV20-1,TRBJ2-1,SATKLDSSYNEQF,1
TRBV20-1,TRBJ2-1,SATKLEGGYNEQF,1
TRBV20-1,TRBJ2-1,SATKLFYNEQF,1
TRBV20-1,TRBJ2-1,SATKLGASSYNEQF,1
TRBV20-1,TRBJ2-1,SATKLGDEQF,2
TRBV20-1,TRBJ2-1,SATKLGLAGNEQF,1
TRBV20-1,TRBJ2-1,SATKLGLANYNEQF,1
TRBV20-1,TRBJ2-1,SATKLGPSRSYNEQF,1
TRBV20-1,TRBJ2-1,SATKLGQSTYNEQF,1
TRBV20-1,TRBJ2-1,SATKLGTGVNEQF,1
TRBV20-1,TRBJ2-1,SATKLGTSISIYNEQF,1
TRBV20-1,TRBJ2-1,SATKLGWAGSSYNEQF,1
TRBV20-1,TRBJ2-1,SATKLGYDNEQF,1
TRBV20-1,TRBJ2-1,SATKLKGLYNEQF,1
TRBV20-1,TRBJ2-1,SATKLKNEQF,1
TRBV20-1,TRBJ2-1,SATKLLAGINEQF,1
TRBV20-1,TRBJ2-1,SATKLLAGVYNEQF,1
TRBV20-1,TRBJ2-1,SATKLLASSYNEQF,1
TRBV20-1,TRBJ2-1,SATKLLGGYEQF,13
TRBV20-1,TRBJ2-1,SATKLLGSYNEQF,1
TRBV20-1,TRBJ2-1,SATKLNNEQF,1
TRBV20-1,TRBJ2-1,SATKLNYNEQF,1
TRBV20-1,TRBJ2-1,SATKLQGKSYNEQF,1
TRBV20-1,TRBJ2-1,SATKLRREQF,7
TRBV20-1,TRBJ2-1,SATKLTGGHHEQF,1
TRBV20-1,TRBJ2-1,SATKLTGQGWNEQF,1
TRBV20-1,TRBJ2-1,SATKLTGTSTYNEQF,1
TRBV20-1,TRBJ2-1,SATKLTSGIYEQF,1
TRBV20-1,TRBJ2-1,SATKLTSGRALSYNEQF,1
TRBV20-1,TRBJ2-1,SATKLVGTTHNEQF,1
TRBV20-1,TRBJ2-1,SATKLVNEQF,1
TRBV20-1,TRBJ2-1,SATKLVPGLAGEADEQF,1
TRBV20-1,TRBJ2-1,SATKLVYNEQF,2
TRBV20-1,TRBJ2-1,SATKMGGLGAEGINAQF,1
TRBV20-1,TRBJ2-1,SATKMGGLGAEGINDQF,1
TRBV20-1,TRBJ2-1,SATKMGGLGAEGINEQF,47
TRBV20-1,TRBJ2-1,SATKMGGLGAEGLNEQF,1
TRBV20-1,TRBJ2-1,SATKMGGLGAEGVNAQF,1
TRBV20-1,TRBJ2-1,SATKMGLALNEQF,1
TRBV20-1,TRBJ2-1,SATKMGLASAYNEQF,1
TRBV20-1,TRBJ2-1,SATKMRLEVNNEQF,1
TRBV20-1,TRBJ2-1,SATKMSYNEQF,1
TRBV20-1,TRBJ2-1,SATKMVSNEQF,1
TRBV20-1,TRBJ2-1,SATKNEQF,3
TRBV20-1,TRBJ2-1,SATKNIGTLIGTVDEQF,1
TRBV20-1,TRBJ2-1,SATKNLAGGSYNEQF,1
TRBV20-1,TRBJ2-1,SATKNLAGSYNEQF,1
TRBV20-1,TRBJ2-1,SATKNNEQF,7
TRBV20-1,TRBJ2-1,SATKNRVIYNEQF,1
TRBV20-1,TRBJ2-1,SATKNSAVSDEQF,1
TRBV20-1,TRBJ2-1,SATKNSGFYNEQF,1
TRBV20-1,TRBJ2-1,SATKNTGNNEQF,3
TRBV20-1,TRBJ2-1,SATKNTGNNEQL,1
TRBV20-1,TRBJ2-1,SATKNWDEQF,3
TRBV20-1,TRBJ2-1,SATKPAPLGTMDNEQF,1
TRBV20-1,TRBJ2-1,SATKPAREWNEQF,1
TRBV20-1,TRBJ2-1,SATKPDEQF,1
TRBV20-1,TRBJ2-1,SATKPDGYNEQF,1
TRBV20-1,TRBJ2-1,SATKPDHNEQF,1
TRBV20-1,TRBJ2-1,SATKPDHYNEQF,1
TRBV20-1,TRBJ2-1,SATKPDTNNEQF,3
TRBV20-1,TRBJ2-1,SATKPDYNEQF,2
TRBV20-1,TRBJ2-1,SATKPEKGYNEQF,1
TRBV20-1,TRBJ2-1,SATKPFGTSGTNRDYNEQF,1
TRBV20-1,TRBJ2-1,SATKPGAHNEQF,1
TRBV20-1,TRBJ2-1,SATKPGALARDEQF,1
TRBV20-1,TRBJ2-1,SATKPGAQSKNEQF,1
TRBV20-1,TRBJ2-1,SATKPGASSNEQF,1
TRBV20-1,TRBJ2-1,SATKPGGATNNEQF,1
TRBV20-1,TRBJ2-1,SATKPGGAYNEQF,1
TRBV20-1,TRBJ2-1,SATKPGGGFHEQF,1
TRBV20-1,TRBJ2-1,SATKPGGPYNEQF,1
TRBV20-1,TRBJ2-1,SATKPGGVLVVNEQF,1
TRBV20-1,TRBJ2-1,SATKPGLADNEQF,7
TRBV20-1,TRBJ2-1,SATKPGLADRNEQF,1
TRBV20-1,TRBJ2-1,SATKPGLAGGNNEQF,1
TRBV20-1,TRBJ2-1,SATKPGLAGGSYNEQF,1
TRBV20-1,TRBJ2-1,SATKPGLANEQF,1
TRBV20-1,TRBJ2-1,SATKPGLAYNEQF,2
TRBV20-1,TRBJ2-1,SATKPGLGGNEQF,1
TRBV20-1,TRBJ2-1,SATKPGLPDNEQF,1
TRBV20-1,TRBJ2-1,SATKPGLPPYNEQF,1
TRBV20-1,TRBJ2-1,SATKPGQGPRSSYNEQF,2
TRBV20-1,TRBJ2-1,SATKPGQGPYNEQF,1
TRBV20-1,TRBJ2-1,SATKPGQGYNEQF,2
TRBV20-1,TRBJ2-1,SATKPGQKLLSSYNEQF,1
TRBV20-1,TRBJ2-1,SATKPGQLYNEQF,1
TRBV20-1,TRBJ2-1,SATKPGSRGNEQF,1
TRBV20-1,TRBJ2-1,SATKPGTALYEQF,1
TRBV20-1,TRBJ2-1,SATKPGTDSYNEQF,1
TRBV20-1,TRBJ2-1,SATKPGTGGNEQF,1
TRBV20-1,TRBJ2-1,SATKPGTGNEQF,1
TRBV20-1,TRBJ2-1,SATKPGTGSNEQF,1
TRBV20-1,TRBJ2-1,SATKPGTKNNEQF,1
TRBV20-1,TRBJ2-1,SATKPGTSFNEQF,1
TRBV20-1,TRBJ2-1,SATKPGTSNEQF,3
TRBV20-1,TRBJ2-1,SATKPGTSYNEQF,2
TRBV20-1,TRBJ2-1,SATKPGVNEQF,1
TRBV20-1,TRBJ2-1,SATKPIHEQF,1
TRBV20-1,TRBJ2-1,SATKPISGRYNEQF,4
TRBV20-1,TRBJ2-1,SATKPITSGVFSYNEQF,1
TRBV20-1,TRBJ2-1,SATKPKASQVGFYNEQF,1
TRBV20-1,TRBJ2-1,SATKPLAEQF,2
TRBV20-1,TRBJ2-1,SATKPLAGHNEQF,1
TRBV20-1,TRBJ2-1,SATKPLAGTGNEQF,1
TRBV20-1,TRBJ2-1,SATKPLAGVNEQF,1
TRBV20-1,TRBJ2-1,SATKPLAGVREQF,4
TRBV20-1,TRBJ2-1,SATKPLAQLYNEQF,1
TRBV20-1,TRBJ2-1,SATKPLATTNNEQF,1
TRBV20-1,TRBJ2-1,SATKPLNEQF,1
TRBV20-1,TRBJ2-1,SATKPLRTSYNEQF,1
TRBV20-1,TRBJ2-1,SATKPLTNEQF,1
TRBV20-1,TRBJ2-1,SATKPLVHEQF,1
TRBV20-1,TRBJ2-1,SATKPNNEQF,4
TRBV20-1,TRBJ2-1,SATKPPERTFNEQF,1
TRBV20-1,TRBJ2-1,SATKPPGLAGDINEQF,4
TRBV20-1,TRBJ2-1,SATKPPGLAGPSSYNEQF,1
TRBV20-1,TRBJ2-1,SATKPPGLNEQF,1
TRBV20-1,TRBJ2-1,SATKPPGPDYNEQF,1
TRBV20-1,TRBJ2-1,SATKPPPDEQF,1
TRBV20-1,TRBJ2-1,SATKPPSAYYNEQF,2
TRBV20-1,TRBJ2-1,SATKPPSSGRVNNEQF,1
TRBV20-1,TRBJ2-1,SATKPPSWALLSYNEQF,1
TRBV20-1,TRBJ2-1,SATKPQNSYNEQF,3
TRBV20-1,TRBJ2-1,SATKPQRGRVDNEQF,1
TRBV20-1,TRBJ2-1,SATKPRDSTNNEQF,1
TRBV20-1,TRBJ2-1,SATKPRGDRQF,3
TRBV20-1,TRBJ2-1,SATKPRGGSRNEQF,3
TRBV20-1,TRBJ2-1,SATKPRGPTNEQF,2
TRBV20-1,TRBJ2-1,SATKPSASRGYNEQF,1
TRBV20-1,TRBJ2-1,SATKPSGRNNEQF,1
TRBV20-1,TRBJ2-1,SATKPSGRVDEQF,1
TRBV20-1,TRBJ2-1,SATKPSGRWYNEQF,1
TRBV20-1,TRBJ2-1,SATKPSGSSNEQF,6
TRBV20-1,TRBJ2-1,SATKPTGGTDEQF,6
TRBV20-1,TRBJ2-1,SATKPTKRESYNEQF,1
TRBV20-1,TRBJ2-1,SATKPTPRDEQF,5
TRBV20-1,TRBJ2-1,SATKPTSGHYNEQF,1
TRBV20-1,TRBJ2-1,SATKPTSGSWHEQF,1
TRBV20-1,TRBJ2-1,SATKPTSGTYNEQF,1
TRBV20-1,TRBJ2-1,SATKPTSIVDNEQF,1
TRBV20-1,TRBJ2-1,SATKPTSYNEQF,1
TRBV20-1,TRBJ2-1,SATKPTYNEQF,1
TRBV20-1,TRBJ2-1,SATKPVDNEQF,1
TRBV20-1,TRBJ2-1,SATKPVDSYNEQF,11
TRBV20-1,TRBJ2-1,SATKQDEQF,1
TRBV20-1,TRBJ2-1,SATKQDLNEQF,1
TRBV20-1,TRBJ2-1,SATKQEGGSYNEQF,1
TRBV20-1,TRBJ2-1,SATKQF,3
TRBV20-1,TRBJ2-1,SATKQGADLDLSYNEQF,1
TRBV20-1,TRBJ2-1,SATKQGAMDEQF,1
TRBV20-1,TRBJ2-1,SATKQGANEQF,1
TRBV20-1,TRBJ2-1,SATKQGDEQF,1
TRBV20-1,TRBJ2-1,SATKQGDYNEQF,1
TRBV20-1,TRBJ2-1,SATKQGFTYNEQF,1
TRBV20-1,TRBJ2-1,SATKQGGNEQF,1
TRBV20-1,TRBJ2-1,SATKQGGNNEQF,4
TRBV20-1,TRBJ2-1,SATKQGHEQF,1
TRBV20-1,TRBJ2-1,SATKQGIEQF,11
TRBV20-1,TRBJ2-1,SATKQGKGARHEQF,1
TRBV20-1,TRBJ2-1,SATKQGKHNEQF,1
TRBV20-1,TRBJ2-1,SATKQGLAGAGNEQF,1
TRBV20-1,TRBJ2-1,SATKQGLAGDNEQF,1
TRBV20-1,TRBJ2-1,SATKQGNEQF,2
TRBV20-1,TRBJ2-1,SATKQGPSLQNEQF,1
TRBV20-1,TRBJ2-1,SATKQGPYNEQF,1
TRBV20-1,TRBJ2-1,SATKQGRQF,1
TRBV20-1,TRBJ2-1,SATKQGRVSYNEQF,1
TRBV20-1,TRBJ2-1,SATKQGSGGNEQF,3
TRBV20-1,TRBJ2-1,SATKQGSGGNGQF,1
TRBV20-1,TRBJ2-1,SATKQGTSSGYNEQF,3
TRBV20-1,TRBJ2-1,SATKQGYNEQF,1
TRBV20-1,TRBJ2-1,SATKQLAGSNEQF,1
TRBV20-1,TRBJ2-1,SATKQLRANEQF,1
TRBV20-1,TRBJ2-1,SATKQQLYNEQF,6
TRBV20-1,TRBJ2-1,SATKQSSYNEQF,1
TRBV20-1,TRBJ2-1,SATKQTGSNEQF,1
TRBV20-1,TRBJ2-1,SATKQWGNNEQF,1
TRBV20-1,TRBJ2-1,SATKRADNEQF,2
TRBV20-1,TRBJ2-1,SATKRAFNEQF,3
TRBV20-1,TRBJ2-1,SATKRAGYYNEQF,1
TRBV20-1,TRBJ2-1,SATKRAKGNEQF,1
TRBV20-1,TRBJ2-1,SATKRASGTYNEQF,1
TRBV20-1,TRBJ2-1,SATKRASNEQF,1
TRBV20-1,TRBJ2-1,SATKRASSYNEQF,1
TRBV20-1,TRBJ2-1,SATKRAVYNEQF,1
TRBV20-1,TRBJ2-1,SATKRAYYNEQF,1
TRBV20-1,TRBJ2-1,SATKRDEQF,1
TRBV20-1,TRBJ2-1,SATKRDFPYNEQF,1
TRBV20-1,TRBJ2-1,SATKRDFSYNEQF,8
TRBV20-1,TRBJ2-1,SATKRDGHNEQF,1
TRBV20-1,TRBJ2-1,SATKRDGHSYNEQF,1
TRBV20-1,TRBJ2-1,SATKRDIDNEQF,1
TRBV20-1,TRBJ2-1,SATKRDLYNEQF,2
TRBV20-1,TRBJ2-1,SATKRDPLDEQF,1
TRBV20-1,TRBJ2-1,SATKRDQVYNEQF,1
TRBV20-1,TRBJ2-1,SATKRDSSYNEQF,2
TRBV20-1,TRBJ2-1,SATKRDSYNEQF,7
TRBV20-1,TRBJ2-1,SATKRDTYNEQF,1
TRBV20-1,TRBJ2-1,SATKRDVYNEQF,2
TRBV20-1,TRBJ2-1,SATKRDYAYNEQF,1
TRBV20-1,TRBJ2-1,SATKRDYNEQF,1
TRBV20-1,TRBJ2-1,SATKREAIDEQF,1
TRBV20-1,TRBJ2-1,SATKREAYNEQF,2
TRBV20-1,TRBJ2-1,SATKREDSYNEQF,1
TRBV20-1,TRBJ2-1,SATKREEQF,1
TRBV20-1,TRBJ2-1,SATKREFGNEQF,1
TRBV20-1,TRBJ2-1,SATKREFGTSSYNEQF,1
TRBV20-1,TRBJ2-1,SATKREGDNEQF,1
TRBV20-1,TRBJ2-1,SATKREGHNEQF,1
TRBV20-1,TRBJ2-1,SATKREGHYNEQF,1
TRBV20-1,TRBJ2-1,SATKREGLSNEQF,10
TRBV20-1,TRBJ2-1,SATKREGLYNEQF,1
TRBV20-1,TRBJ2-1,SATKREGNSGKNEQF,1
TRBV20-1,TRBJ2-1,SATKREGPAYNEQF,1
TRBV20-1,TRBJ2-1,SATKREGPDNEQF,6
TRBV20-1,TRBJ2-1,SATKREGPGNEQF,9
TRBV20-1,TRBJ2-1,SATKREGPLDSMNEQF,1
TRBV20-1,TRBJ2-1,SATKREGPNEQF,1
TRBV20-1,TRBJ2-1,SATKREGPSYNEQF,1
TRBV20-1,TRBJ2-1,SATKREGRGDEQF,7
TRBV20-1,TRBJ2-1,SATKREGRSYNEQF,1
TRBV20-1,TRBJ2-1,SATKREGRYEQF,2
TRBV20-1,TRBJ2-1,SATKREGRYNEQF,1
TRBV20-1,TRBJ2-1,SATKREGSYNEQF,2
TRBV20-1,TRBJ2-1,SATKREGTYNEQF,1
TRBV20-1,TRBJ2-1,SATKREGWEDNEQF,1
TRBV20-1,TRBJ2-1,SATKREGWYNEQF,1
TRBV20-1,TRBJ2-1,SATKREGYNEQF,10
TRBV20-1,TRBJ2-1,SATKREINNEQF,1
TRBV20-1,TRBJ2-1,SATKREIPFNEQF,1
TRBV20-1,TRBJ2-1,SATKREKRMDEQF,1
TRBV20-1,TRBJ2-1,SATKRELYNEQF,1
TRBV20-1,TRBJ2-1,SATKRENNEQF,5
TRBV20-1,TRBJ2-1,SATKRENYNEQF,1
TRBV20-1,TRBJ2-1,SATKREPHEQF,1
TRBV20-1,TRBJ2-1,SATKREPYNEQF,1
TRBV20-1,TRBJ2-1,SATKRERDNEQF,1
TRBV20-1,TRBJ2-1,SATKRERSYNEQF,1
TRBV20-1,TRBJ2-1,SATKRERTYNEQF,1
TRBV20-1,TRBJ2-1,SATKRERYNEQF,1
TRBV20-1,TRBJ2-1,SATKRESSYNEQF,1
TRBV20-1,TRBJ2-1,SATKRESYNEQF,1
TRBV20-1,TRBJ2-1,SATKRETSSYNEQF,1
TRBV20-1,TRBJ2-1,SATKREVPYNEQF,1
TRBV20-1,TRBJ2-1,SATKREVYNEQF,1
TRBV20-1,TRBJ2-1,SATKREVYNNEQF,1
TRBV20-1,TRBJ2-1,SATKREWDNEQF,1
TRBV20-1,TRBJ2-1,SATKREWIIDEQF,1
TRBV20-1,TRBJ2-1,SATKREWSYNEQF,1
TRBV20-1,TRBJ2-1,SATKREYRSYNEQF,2
TRBV20-1,TRBJ2-1,SATKREYYNEQF,1
TRBV20-1,TRBJ2-1,SATKRGAAYNEQF,1
TRBV20-1,TRBJ2-1,SATKRGAPGDEQF,1
TRBV20-1,TRBJ2-1,SATKRGAPYNEQF,1
TRBV20-1,TRBJ2-1,SATKRGDEQF,2
TRBV20-1,TRBJ2-1,SATKRGDNEQF,1
TRBV20-1,TRBJ2-1,SATKRGDYNEQF,1
TRBV20-1,TRBJ2-1,SATKRGEQF,2
TRBV20-1,TRBJ2-1,SATKRGGDNEQF,1
TRBV20-1,TRBJ2-1,SATKRGGIYNEQF,1
TRBV20-1,TRBJ2-1,SATKRGGLSSYNEQF,7
TRBV20-1,TRBJ2-1,SATKRGGSYNEQF,1
TRBV20-1,TRBJ2-1,SATKRGGTGTLFANEQF,1
TRBV20-1,TRBJ2-1,SATKRGHVRHEQF,1
TRBV20-1,TRBJ2-1,SATKRGKGNNEQF,1
TRBV20-1,TRBJ2-1,SATKRGLADNEQF,1
TRBV20-1,TRBJ2-1,SATKRGLAGYYNEQF,3
TRBV20-1,TRBJ2-1,SATKRGNEQF,2
TRBV20-1,TRBJ2-1,SATKRGNSYNEQF,1
TRBV20-1,TRBJ2-1,SATKRGPYNEQF,2
TRBV20-1,TRBJ2-1,SATKRGQYNEQF,1
TRBV20-1,TRBJ2-1,SATKRGREYNEQF,1
TRBV20-1,TRBJ2-1,SATKRGRSSYNEQF,1
TRBV20-1,TRBJ2-1,SATKRGRSYNEQF,2
TRBV20-1,TRBJ2-1,SATKRGSSSYNEQF,1
TRBV20-1,TRBJ2-1,SATKRGSSYNEQF,4
TRBV20-1,TRBJ2-1,SATKRGSYNEQF,2
TRBV20-1,TRBJ2-1,SATKRGTSGASYNEQF,1
TRBV20-1,TRBJ2-1,SATKRINEQF,7
TRBV20-1,TRBJ2-1,SATKRISYNEQF,2
TRBV20-1,TRBJ2-1,SATKRKSSYNEQF,1
TRBV20-1,TRBJ2-1,SATKRLAANYNEQF,1
TRBV20-1,TRBJ2-1,SATKRLAGEFYNEQF,1
TRBV20-1,TRBJ2-1,SATKRLAGGYNEQF,2
TRBV20-1,TRBJ2-1,SATKRLAGHEQF,4
TRBV20-1,TRBJ2-1,SATKRLLADNEQF,1
TRBV20-1,TRBJ2-1,SATKRLVFSNEQF,1
TRBV20-1,TRBJ2-1,SATKRLVPQLSYNEQF,2
TRBV20-1,TRBJ2-1,SATKRNTGTHNEQF,1
TRBV20-1,TRBJ2-1,SATKRNYNEQF,2
TRBV20-1,TRBJ2-1,SATKRPLAGYNEQF,1
TRBV20-1,TRBJ2-1,SATKRPSSYNEQF,1
TRBV20-1,TRBJ2-1,SATKRQAGVDEQF,1
TRBV20-1,TRBJ2-1,SATKRQASSYNEQF,1
TRBV20-1,TRBJ2-1,SATKRQGAYNEQF,2
TRBV20-1,TRBJ2-1,SATKRQGAYNGQF,1
TRBV20-1,TRBJ2-1,SATKRQGEYNEQF,4
TRBV20-1,TRBJ2-1,SATKRQGQVRSNEQF,1
TRBV20-1,TRBJ2-1,SATKRRDSPYNEQF,1
TRBV20-1,TRBJ2-1,SATKRRLDGSNEQF,1
TRBV20-1,TRBJ2-1,SATKRRSGAYNEQF,1
TRBV20-1,TRBJ2-1,SATKRRTDEQF,2
TRBV20-1,TRBJ2-1,SATKRRTDKQF,2
TRBV20-1,TRBJ2-1,SATKRSGSSYNEQF,6
TRBV20-1,TRBJ2-1,SATKRSSYNEQF,1
TRBV20-1,TRBJ2-1,SATKRTAGYNEQF,1
TRBV20-1,TRBJ2-1,SATKRTAIPYNEQF,1
TRBV20-1,TRBJ2-1,SATKRTEGNEQF,1
TRBV20-1,TRBJ2-1,SATKRTGAGGSYNEQF,1
TRBV20-1,TRBJ2-1,SATKRTGLAGGGSYNEQF,1
TRBV20-1,TRBJ2-1,SATKRTGMPDNEQF,1
TRBV20-1,TRBJ2-1,SATKRTGPADEQF,1
TRBV20-1,TRBJ2-1,SATKRTGRGNEQF,1
TRBV20-1,TRBJ2-1,SATKRTSAYNEQF,1
TRBV20-1,TRBJ2-1,SATKRTSGFYNEQF,1
TRBV20-1,TRBJ2-1,SATKRTSGGYNEQF,1
TRBV20-1,TRBJ2-1,SATKRTSGIYNEQF,1
TRBV20-1,TRBJ2-1,SATKRTSGRDEQF,1
TRBV20-1,TRBJ2-1,SATKRTSGRSRTYNEQF,1
TRBV20-1,TRBJ2-1,SATKRTSGRVNEQF,1
TRBV20-1,TRBJ2-1,SATKRTSGSDEQF,8
TRBV20-1,TRBJ2-1,SATKRTSGSTDEQF,1
TRBV20-1,TRBJ2-1,SATKRTSGSYNEQF,1
TRBV20-1,TRBJ2-1,SATKRTSGYNEQF,1
TRBV20-1,TRBJ2-1,SATKRTSLPNEQF,1
TRBV20-1,TRBJ2-1,SATKRTYNEQF,2
TRBV20-1,TRBJ2-1,SATKRVGLLDGHSYNEQF,1
TRBV20-1,TRBJ2-1,SATKRVPYNEQF,1
TRBV20-1,TRBJ2-1,SATKRVSYNEQF,1
TRBV20-1,TRBJ2-1,SATKRVTSGYNEQF,1
TRBV20-1,TRBJ2-1,SATKRVYNEQF,5
TRBV20-1,TRBJ2-1,SATKRWDNEQF,1
TRBV20-1,TRBJ2-1,SATKRWGNNEQF,1
TRBV20-1,TRBJ2-1,SATKRWVVHRGNEQF,4
TRBV20-1,TRBJ2-1,SATKRYNEQF,2
TRBV20-1,TRBJ2-1,SATKSAGGPINEQF,1
TRBV20-1,TRBJ2-1,SATKSAYNEQF,4
TRBV20-1,TRBJ2-1,SATKSDGLAGGRSSYNEQF,1
TRBV20-1,TRBJ2-1,SATKSDNEQF,1
TRBV20-1,TRBJ2-1,SATKSGDEQF,1
TRBV20-1,TRBJ2-1,SATKSGDSYNEQF,1
TRBV20-1,TRBJ2-1,SATKSGGGYNEQF,1
TRBV20-1,TRBJ2-1,SATKSGGPYNEQF,1
TRBV20-1,TRBJ2-1,SATKSGGSYNEQF,1
TRBV20-1,TRBJ2-1,SATKSGGTSGYNEQF,2
TRBV20-1,TRBJ2-1,SATKSGGYNEQF,1
TRBV20-1,TRBJ2-1,SATKSGGYYNEQF,4
TRBV20-1,TRBJ2-1,SATKSGIEQF,9
TRBV20-1,TRBJ2-1,SATKSGKGDEQF,1
TRBV20-1,TRBJ2-1,SATKSGKVNNEQF,1
TRBV20-1,TRBJ2-1,SATKSGLISYNEQF,4
TRBV20-1,TRBJ2-1,SATKSGLSPNEQF,1
TRBV20-1,TRBJ2-1,SATKSGLYNEQF,1
TRBV20-1,TRBJ2-1,SATKSGQANNEQF,1
TRBV20-1,TRBJ2-1,SATKSGRAYNEQF,1
TRBV20-1,TRBJ2-1,SATKSGRDYNEQF,1
TRBV20-1,TRBJ2-1,SATKSGRGNEQF,1
TRBV20-1,TRBJ2-1,SATKSGRGYNEQF,2
TRBV20-1,TRBJ2-1,SATKSGRIDEQF,1
TRBV20-1,TRBJ2-1,SATKSGRSDNEQF,1
TRBV20-1,TRBJ2-1,SATKSGRSYNEQF,1
TRBV20-1,TRBJ2-1,SATKSGSNEQF,1
TRBV20-1,TRBJ2-1,SATKSGTQF,2
TRBV20-1,TRBJ2-1,SATKSGTSGYNEQF,2
TRBV20-1,TRBJ2-1,SATKSGVSYNEQF,1
TRBV20-1,TRBJ2-1,SATKSGVYYNEQF,1
TRBV20-1,TRBJ2-1,SATKSGYEQF,1
TRBV20-1,TRBJ2-1,SATKSGYNEQF,1
TRBV20-1,TRBJ2-1,SATKSGYSYNEQF,1
TRBV20-1,TRBJ2-1,SATKSIAGNEQF,1
TRBV20-1,TRBJ2-1,SATKSLAKKSLTYNEQF,1
TRBV20-1,TRBJ2-1,SATKSLDEQF,1
TRBV20-1,TRBJ2-1,SATKSLTNNEQF,1
TRBV20-1,TRBJ2-1,SATKSLYNEQF,1
TRBV20-1,TRBJ2-1,SATKSNEQF,8
TRBV20-1,TRBJ2-1,SATKSPGQGSYNEQF,1
TRBV20-1,TRBJ2-1,SATKSPLRTASAYNEQF,1
TRBV20-1,TRBJ2-1,SATKSPLRTASSYNEQF,11
TRBV20-1,TRBJ2-1,SATKSPSYNEQF,1
TRBV20-1,TRBJ2-1,SATKSQAGGNEQF,6
TRBV20-1,TRBJ2-1,SATKSRGGGEQF,1
TRBV20-1,TRBJ2-1,SATKSRGYYNEQF,1
TRBV20-1,TRBJ2-1,SATKSRNYNEQF,1
TRBV20-1,TRBJ2-1,SATKSSGIYNEQF,1
TRBV20-1,TRBJ2-1,SATKSSGSWSYNEQF,1
TRBV20-1,TRBJ2-1,SATKSSGSYNEQF,1
TRBV20-1,TRBJ2-1,SATKSSGTHEQF,1
TRBV20-1,TRBJ2-1,SATKSSGYNEQF,2
TRBV20-1,TRBJ2-1,SATKSSYNEQF,8
TRBV20-1,TRBJ2-1,SATKSTHNYNEQF,1
TRBV20-1,TRBJ2-1,SATKSTQGKFNEQF,1
TRBV20-1,TRBJ2-1,SATKSTTYNEQF,1
TRBV20-1,TRBJ2-1,SATKSVGTIRYNEQF,1
TRBV20-1,TRBJ2-1,SATKSWASGSYNEQF,1
TRBV20-1,TRBJ2-1,SATKSWKSYNEQF,1
TRBV20-1,TRBJ2-1,SATKSYDDNNEQF,1
TRBV20-1,TRBJ2-1,SATKSYGNEQF,2
TRBV20-1,TRBJ2-1,SATKSYNEQF,1
TRBV20-1,TRBJ2-1,SATKTASGGANEQF,1
TRBV20-1,TRBJ2-1,SATKTAVGTGNEQF,1
TRBV20-1,TRBJ2-1,SATKTDEQF,2
TRBV20-1,TRBJ2-1,SATKTDHNEQF,1
TRBV20-1,TRBJ2-1,SATKTDPSSYNEQF,5
TRBV20-1,TRBJ2-1,SATKTDRLSYNEQF,6
TRBV20-1,TRBJ2-1,SATKTDSNEQF,2
TRBV20-1,TRBJ2-1,SATKTDSYNEQF,1
TRBV20-1,TRBJ2-1,SATKTDYNEQF,3
TRBV20-1,TRBJ2-1,SATKTEGNEQF,1
TRBV20-1,TRBJ2-1,SATKTELNNEQF,1
TRBV20-1,TRBJ2-1,SATKTFGTGVYNEQF,1
TRBV20-1,TRBJ2-1,SATKTGASSYNEQF,1
TRBV20-1,TRBJ2-1,SATKTGDEFYNEQF,1
TRBV20-1,TRBJ2-1,SATKTGELYNEQF,1
TRBV20-1,TRBJ2-1,SATKTGGRGNEQF,1
TRBV20-1,TRBJ2-1,SATKTGGSYNEQF,1
TRBV20-1,TRBJ2-1,SATKTGGYNEQF,2
TRBV20-1,TRBJ2-1,SATKTGINEQF,1
TRBV20-1,TRBJ2-1,SATKTGIYNEQF,2
TRBV20-1,TRBJ2-1,SATKTGLAGRSYNEQF,1
TRBV20-1,TRBJ2-1,SATKTGLPYNEQF,2
TRBV20-1,TRBJ2-1,SATKTGLSRNEQF,1
TRBV20-1,TRBJ2-1,SATKTGPPIYNEQF,1
TRBV20-1,TRBJ2-1,SATKTGQGNEQF,1
TRBV20-1,TRBJ2-1,SATKTGRSYNEQF,4
TRBV20-1,TRBJ2-1,SATKTGSYNEQF,1
TRBV20-1,TRBJ2-1,SATKTGTSDYNEQF,2
TRBV20-1,TRBJ2-1,SATKTGTSGFHEQF,1
TRBV20-1,TRBJ2-1,SATKTGTSGYNEQF,2
TRBV20-1,TRBJ2-1,SATKTGTTSYNEQF,1
TRBV20-1,TRBJ2-1,SATKTGTVRRNEQF,1
TRBV20-1,TRBJ2-1,SATKTGVTYNEQF,2
TRBV20-1,TRBJ2-1,SATKTGYNEQF,2
TRBV20-1,TRBJ2-1,SATKTIGGMGNEQF,2
TRBV20-1,TRBJ2-1,SATKTKGGPANYNEQF,2
TRBV20-1,TRBJ2-1,SATKTLGNEQF,1
TRBV20-1,TRBJ2-1,SATKTNEQF,1
TRBV20-1,TRBJ2-1,SATKTNGGNEQF,1
TRBV20-1,TRBJ2-1,SATKTPGLAGNNEQF,1
TRBV20-1,TRBJ2-1,SATKTPGLGLNEQF,1
TRBV20-1,TRBJ2-1,SATKTPSSYNEQF,1
TRBV20-1,TRBJ2-1,SATKTPTAYTYNEQF,1
TRBV20-1,TRBJ2-1,SATKTQLSSYNEQF,1
TRBV20-1,TRBJ2-1,SATKTRRGRGRSYNEQF,1
TRBV20-1,TRBJ2-1,SATKTRRYNEQF,1
TRBV20-1,TRBJ2-1,SATKTRSSYNEQF,2
TRBV20-1,TRBJ2-1,SATKTRTLNEQF,1
TRBV20-1,TRBJ2-1,SATKTRYNEQF,1
TRBV20-1,TRBJ2-1,SATKTSAESYNEQF,1
TRBV20-1,TRBJ2-1,SATKTSDALDEQF,1
TRBV20-1,TRBJ2-1,SATKTSDEQF,1
TRBV20-1,TRBJ2-1,SATKTSDNEQF,1
TRBV20-1,TRBJ2-1,SATKTSDYNEQF,1
TRBV20-1,TRBJ2-1,SATKTSEKGNEQF,1
TRBV20-1,TRBJ2-1,SATKTSEVYNEQF,1
TRBV20-1,TRBJ2-1,SATKTSGAYNAQF,1
TRBV20-1,TRBJ2-1,SATKTSGAYNEQF,6
TRBV20-1,TRBJ2-1,SATKTSGERGNEQF,1
TRBV20-1,TRBJ2-1,SATKTSGEYNEQF,1
TRBV20-1,TRBJ2-1,SATKTSGFVYNEQF,3
TRBV20-1,TRBJ2-1,SATKTSGGAPNEQF,7
TRBV20-1,TRBJ2-1,SATKTSGGNNEQF,1
TRBV20-1,TRBJ2-1,SATKTSGGNYNEQF,12
TRBV20-1,TRBJ2-1,SATKTSGGPSREQF,5
TRBV20-1,TRBJ2-1,SATKTSGGSNEQF,1
TRBV20-1,TRBJ2-1,SATKTSGGSYNEQF,2
TRBV20-1,TRBJ2-1,SATKTSGGVYNEQF,11
TRBV20-1,TRBJ2-1,SATKTSGGYNEQF,6
TRBV20-1,TRBJ2-1,SATKTSGGYTYNEQF,1
TRBV20-1,TRBJ2-1,SATKTSGIENEQF,1
TRBV20-1,TRBJ2-1,SATKTSGIGYEQF,1
TRBV20-1,TRBJ2-1,SATKTSGIYNEQF,2
TRBV20-1,TRBJ2-1,SATKTSGKSYNEQF,1
TRBV20-1,TRBJ2-1,SATKTSGKTHSYNEQF,1
TRBV20-1,TRBJ2-1,SATKTSGLGYNEQF,1
TRBV20-1,TRBJ2-1,SATKTSGNEQF,1
TRBV20-1,TRBJ2-1,SATKTSGNNEQF,7
TRBV20-1,TRBJ2-1,SATKTSGPLNEQF,2
TRBV20-1,TRBJ2-1,SATKTSGPNNEQF,1
TRBV20-1,TRBJ2-1,SATKTSGRAGGNEQF,1
TRBV20-1,TRBJ2-1,SATKTSGRANEQF,24
TRBV20-1,TRBJ2-1,SATKTSGRDNEQF,1
TRBV20-1,TRBJ2-1,SATKTSGRDSYNEQF,1
TRBV20-1,TRBJ2-1,SATKTSGREDEQF,1
TRBV20-1,TRBJ2-1,SATKTSGRERSYNEQF,3
TRBV20-1,TRBJ2-1,SATKTSGRIDEQF,1
TRBV20-1,TRBJ2-1,SATKTSGRLNEQF,1
TRBV20-1,TRBJ2-1,SATKTSGRSNEQF,1
TRBV20-1,TRBJ2-1,SATKTSGRTNEQF,1
TRBV20-1,TRBJ2-1,SATKTSGRYNEQF,1
TRBV20-1,TRBJ2-1,SATKTSGSILENEQF,1
TRBV20-1,TRBJ2-1,SATKTSGSNNEQF,2
TRBV20-1,TRBJ2-1,SATKTSGSPHEQF,1
TRBV20-1,TRBJ2-1,SATKTSGSQDEQF,1
TRBV20-1,TRBJ2-1,SATKTSGSRNEQF,1
TRBV20-1,TRBJ2-1,SATKTSGSSNEQF,2
TRBV20-1,TRBJ2-1,SATKTSGSSYNEQF,7
TRBV20-1,TRBJ2-1,SATKTSGSVYEQF,1
TRBV20-1,TRBJ2-1,SATKTSGSYNEQF,1
TRBV20-1,TRBJ2-1,SATKTSGTYNEQF,2
TRBV20-1,TRBJ2-1,SATKTSGVLNEQF,4
TRBV20-1,TRBJ2-1,SATKTSGYYNEQF,5
TRBV20-1,TRBJ2-1,SATKTSHYNEQF,1
TRBV20-1,TRBJ2-1,SATKTSLPYNEQF,1
TRBV20-1,TRBJ2-1,SATKTSRWGEQF,2
TRBV20-1,TRBJ2-1,SATKTSSTNEQF,1
TRBV20-1,TRBJ2-1,SATKTSVSNEQF,1
TRBV20-1,TRBJ2-1,SATKTSYNEQF,1
TRBV20-1,TRBJ2-1,SATKTSYSPPNEQF,1
TRBV20-1,TRBJ2-1,SATKTTGVLDNEQF,1
TRBV20-1,TRBJ2-1,SATKTTHSYNEQF,1
TRBV20-1,TRBJ2-1,SATKTTNNEQF,1
TRBV20-1,TRBJ2-1,SATKTTSGIYEQF,1
TRBV20-1,TRBJ2-1,SATKTTYNEQF,1
TRBV20-1,TRBJ2-1,SATKTVGNEQF,1
TRBV20-1,TRBJ2-1,SATKTVGNNEQF,1
TRBV20-1,TRBJ2-1,SATKTVTSGRDEQF,1
TRBV20-1,TRBJ2-1,SATKTWASYNEQF,1
TRBV20-1,TRBJ2-1,SATKVAGAGYEQF,1
TRBV20-1,TRBJ2-1,SATKVAGALGEQF,3
TRBV20-1,TRBJ2-1,SATKVAGDGNEQF,1
TRBV20-1,TRBJ2-1,SATKVAGGPGNEQF,1
TRBV20-1,TRBJ2-1,SATKVALLYSEKS,1
TRBV20-1,TRBJ2-1,SATKVAYNEQF,1
TRBV20-1,TRBJ2-1,SATKVDDYNEQF,1
TRBV20-1,TRBJ2-1,SATKVDEQF,2
TRBV20-1,TRBJ2-1,SATKVDGRTNNEHF,1
TRBV20-1,TRBJ2-1,SATKVGAIYNEQF,1
TRBV20-1,TRBJ2-1,SATKVGDEQF,1
TRBV20-1,TRBJ2-1,SATKVGDSYNEQF,1
TRBV20-1,TRBJ2-1,SATKVGGYNEQF,1
TRBV20-1,TRBJ2-1,SATKVGRLAGVYNEQF,1
TRBV20-1,TRBJ2-1,SATKVGRSYNEQF,1
TRBV20-1,TRBJ2-1,SATKVGTGYNEQF,1
TRBV20-1,TRBJ2-1,SATKVGYGDYNEQF,1
TRBV20-1,TRBJ2-1,SATKVHSLEQF,7
TRBV20-1,TRBJ2-1,SATKVIAGDNEQF,1
TRBV20-1,TRBJ2-1,SATKVLAVGSYNEQF,1
TRBV20-1,TRBJ2-1,SATKVLGRGEQF,5
TRBV20-1,TRBJ2-1,SATKVLSYNEQF,1
TRBV20-1,TRBJ2-1,SATKVNNEQF,1
TRBV20-1,TRBJ2-1,SATKVPALEQF,1
TRBV20-1,TRBJ2-1,SATKVQGGNEQF,1
TRBV20-1,TRBJ2-1,SATKVQNSYNEQF,2
TRBV20-1,TRBJ2-1,SATKVRYNEQF,1
TRBV20-1,TRBJ2-1,SATKVSSYNEQF,1
TRBV20-1,TRBJ2-1,SATKVTGIYEQF,1
TRBV20-1,TRBJ2-1,SATKVTHNEQF,1
TRBV20-1,TRBJ2-1,SATKVTSGYNEQF,1
TRBV20-1,TRBJ2-1,SATKVTTGTDEQF,1
TRBV20-1,TRBJ2-1,SATKVVEQF,1
TRBV20-1,TRBJ2-1,SATKVVLTEQF,6
TRBV20-1,TRBJ2-1,SATKWALDNEQF,1
TRBV20-1,TRBJ2-1,SATKWDRGGNEQF,1
TRBV20-1,TRBJ2-1,SATKWETGYNEQF,1
TRBV20-1,TRBJ2-1,SATKWGGGDNEQF,4
TRBV20-1,TRBJ2-1,SATKWGRTSGTYNEQF,1
TRBV20-1,TRBJ2-1,SATKWGTSGFNEQF,1
TRBV20-1,TRBJ2-1,SATKWGTSGRDEQF,1
TRBV20-1,TRBJ2-1,SATKWSVDNEQF,1
TRBV20-1,TRBJ2-1,SATKYDSYNEQF,1
TRBV20-1,TRBJ2-1,SATKYGNNYNEQF,1
TRBV20-1,TRBJ2-1,SATKYGVSYNEQF,1
TRBV20-1,TRBJ2-1,SATKYLAGMSSYNEQF,1
TRBV20-1,TRBJ2-1,SATKYLDSRQHNEQF,1
TRBV20-1,TRBJ2-1,SATKYNEQF,17
TRBV20-1,TRBJ2-1,SATKYNEQL,1
TRBV20-1,TRBJ2-1,SATKYPNEQF,1
TRBV20-1,TRBJ2-1,SATKYRDTYNEQF,4
TRBV20-1,TRBJ2-1,SATKYRTSGTYSDYNEQF,1
TRBV20-1,TRBJ2-1,SATKYSGGDNEQF,1
TRBV20-1,TRBJ2-1,SATKYSTNEQF,1
TRBV20-1,TRBJ2-1,SATKYWASRYNEQF,4
TRBV20-1,TRBJ2-1,SATLAAAQEYNEQF,1
TRBV20-1,TRBJ2-1,SATLAADEQF,1
TRBV20-1,TRBJ2-1,SATLAADNEQF,1
TRBV20-1,TRBJ2-1,SATLAAEQF,4
TRBV20-1,TRBJ2-1,SATLAAFSYNEQF,1
TRBV20-1,TRBJ2-1,SATLAAFYNEQF,1
TRBV20-1,TRBJ2-1,SATLAAGEYNEQF,1
TRBV20-1,TRBJ2-1,SATLAAGGPYNEQF,2
TRBV20-1,TRBJ2-1,SATLAAGGRNEQF,1
TRBV20-1,TRBJ2-1,SATLAAGVGNEQF,1
TRBV20-1,TRBJ2-1,SATLAAIYNEQF,1
TRBV20-1,TRBJ2-1,SATLAAKEQF,2
TRBV20-1,TRBJ2-1,SATLAAKYNEQF,1
TRBV20-1,TRBJ2-1,SATLAALENEQF,1
TRBV20-1,TRBJ2-1,SATLAALYNEQF,1
TRBV20-1,TRBJ2-1,SATLAANNEQF,2
TRBV20-1,TRBJ2-1,SATLAANYNEQF,2
TRBV20-1,TRBJ2-1,SATLAAPEIGNEQF,3
TRBV20-1,TRBJ2-1,SATLAAPGNEQF,1
TRBV20-1,TRBJ2-1,SATLAAPQF,1
TRBV20-1,TRBJ2-1,SATLAAREGFYYNEQF,1
TRBV20-1,TRBJ2-1,SATLAARYDEQF,1
TRBV20-1,TRBJ2-1,SATLAASGRGASSYNEQF,1
TRBV20-1,TRBJ2-1,SATLAASSYNEQF,8
TRBV20-1,TRBJ2-1,SATLAASYNEQF,11
TRBV20-1,TRBJ2-1,SATLAAVYNEQF,2
TRBV20-1,TRBJ2-1,SATLAAWLDEQF,1
TRBV20-1,TRBJ2-1,SATLAAWYNEQF,1
TRBV20-1,TRBJ2-1,SATLAAYDNEQF,1
TRBV20-1,TRBJ2-1,SATLAAYNEQF,6
TRBV20-1,TRBJ2-1,SATLADEQF,3
TRBV20-1,TRBJ2-1,SATLADGRSSYNEQF,2
TRBV20-1,TRBJ2-1,SATLADGTVNEQF,1
TRBV20-1,TRBJ2-1,SATLADHNEQF,8
TRBV20-1,TRBJ2-1,SATLADLGSYNEQF,1
TRBV20-1,TRBJ2-1,SATLADLSVNEQF,1
TRBV20-1,TRBJ2-1,SATLADLSYNEQF,2
TRBV20-1,TRBJ2-1,SATLADLYEQF,1
TRBV20-1,TRBJ2-1,SATLADNEQF,4
TRBV20-1,TRBJ2-1,SATLADQSYNEQF,1
TRBV20-1,TRBJ2-1,SATLADRITYNEQF,1
TRBV20-1,TRBJ2-1,SATLADSGRAGSYNEQF,1
TRBV20-1,TRBJ2-1,SATLADSNEQF,1
TRBV20-1,TRBJ2-1,SATLADSSYNEQF,1
TRBV20-1,TRBJ2-1,SATLADSYNEQF,9
TRBV20-1,TRBJ2-1,SATLADYNEQF,11
TRBV20-1,TRBJ2-1,SATLAEEDNEQF,1
TRBV20-1,TRBJ2-1,SATLAEETYNEQF,1
TRBV20-1,TRBJ2-1,SATLAEGGIYNEQF,1
TRBV20-1,TRBJ2-1,SATLAEGSYNEQF,1
TRBV20-1,TRBJ2-1,SATLAEGYNEQF,1
TRBV20-1,TRBJ2-1,SATLAEIAYNEQF,1
TRBV20-1,TRBJ2-1,SATLAEISYNEQF,1
TRBV20-1,TRBJ2-1,SATLAEIYNEQF,4
TRBV20-1,TRBJ2-1,SATLAELRWDEQF,1
TRBV20-1,TRBJ2-1,SATLAENEQF,19
TRBV20-1,TRBJ2-1,SATLAEPSLYNEQF,1
TRBV20-1,TRBJ2-1,SATLAEPSYNEQF,1
TRBV20-1,TRBJ2-1,SATLAEPYNEQF,1
TRBV20-1,TRBJ2-1,SATLAEQF,3
TRBV20-1,TRBJ2-1,SATLAEREILNEQF,1
TRBV20-1,TRBJ2-1,SATLAERRNEQF,1
TRBV20-1,TRBJ2-1,SATLAERSYNEQF,1
TRBV20-1,TRBJ2-1,SATLAERYNEQF,2
TRBV20-1,TRBJ2-1,SATLAESSYNEQF,5
TRBV20-1,TRBJ2-1,SATLAESYNEQF,2
TRBV20-1,TRBJ2-1,SATLAETNRGGNEQF,1
TRBV20-1,TRBJ2-1,SATLAEVYNEQF,1
TRBV20-1,TRBJ2-1,SATLAEWYNEQF,1
TRBV20-1,TRBJ2-1,SATLAFDYNEQF,1
TRBV20-1,TRBJ2-1,SATLAFHGNEQF,1
TRBV20-1,TRBJ2-1,SATLAFYNEQF,2
TRBV20-1,TRBJ2-1,SATLAGAANEQF,3
TRBV20-1,TRBJ2-1,SATLAGADNEQF,1
TRBV20-1,TRBJ2-1,SATLAGAEDEQF,4
TRBV20-1,TRBJ2-1,SATLAGAEQF,2
TRBV20-1,TRBJ2-1,SATLAGAESYNEQF,1
TRBV20-1,TRBJ2-1,SATLAGAFNEQF,4
TRBV20-1,TRBJ2-1,SATLAGAFYNEQF,1
TRBV20-1,TRBJ2-1,SATLAGAGDEQF,2
TRBV20-1,TRBJ2-1,SATLAGAGLTSYNEQF,1
TRBV20-1,TRBJ2-1,SATLAGAGNEQF,3
TRBV20-1,TRBJ2-1,SATLAGAGPYNEQF,1
TRBV20-1,TRBJ2-1,SATLAGAHEQF,6
TRBV20-1,TRBJ2-1,SATLAGAHNEQF,1
TRBV20-1,TRBJ2-1,SATLAGAINEQF,1
TRBV20-1,TRBJ2-1,SATLAGAIRNDQF,1
TRBV20-1,TRBJ2-1,SATLAGAIRNEQF,5
TRBV20-1,TRBJ2-1,SATLAGAISYNEQF,1
TRBV20-1,TRBJ2-1,SATLAGAKNEQF,1
TRBV20-1,TRBJ2-1,SATLAGALHYNEQF,1
TRBV20-1,TRBJ2-1,SATLAGALSYNEQF,1
TRBV20-1,TRBJ2-1,SATLAGANEQF,4
TRBV20-1,TRBJ2-1,SATLAGANNEQF,1
TRBV20-1,TRBJ2-1,SATLAGANYNEQF,2
TRBV20-1,TRBJ2-1,SATLAGAPREQF,5
TRBV20-1,TRBJ2-1,SATLAGAPRNNEQF,2
TRBV20-1,TRBJ2-1,SATLAGAPYNEQF,2
TRBV20-1,TRBJ2-1,SATLAGAQF,4
TRBV20-1,TRBJ2-1,SATLAGAQS,1
TRBV20-1,TRBJ2-1,SATLAGARDEQF,5
TRBV20-1,TRBJ2-1,SATLAGARGNEQF,1
TRBV20-1,TRBJ2-1,SATLAGARGSYNEQF,1
TRBV20-1,TRBJ2-1,SATLAGARNEQF,2
TRBV20-1,TRBJ2-1,SATLAGARPEQF,2
TRBV20-1,TRBJ2-1,SATLAGASKEQF,1
TRBV20-1,TRBJ2-1,SATLAGASNEQF,1
TRBV20-1,TRBJ2-1,SATLAGASSYNEQF,4
TRBV20-1,TRBJ2-1,SATLAGASYNEQF,3
TRBV20-1,TRBJ2-1,SATLAGATNEQF,2
TRBV20-1,TRBJ2-1,SATLAGATSYNEQF,1
TRBV20-1,TRBJ2-1,SATLAGATYNEQF,1
TRBV20-1,TRBJ2-1,SATLAGAVNEQF,1
TRBV20-1,TRBJ2-1,SATLAGAYEQF,1
TRBV20-1,TRBJ2-1,SATLAGAYLNEQF,1
TRBV20-1,TRBJ2-1,SATLAGAYNEQF,30
TRBV20-1,TRBJ2-1,SATLAGAYYNEQF,1
TRBV20-1,TRBJ2-1,SATLAGDENEQF,1
TRBV20-1,TRBJ2-1,SATLAGDEQF,5
TRBV20-1,TRBJ2-1,SATLAGDFYNEQF,10
TRBV20-1,TRBJ2-1,SATLAGDGNEQF,5
TRBV20-1,TRBJ2-1,SATLAGDLSYNEQF,1
TRBV20-1,TRBJ2-1,SATLAGDLYNEQF,3
TRBV20-1,TRBJ2-1,SATLAGDNYNAQF,1
TRBV20-1,TRBJ2-1,SATLAGDNYNEQF,3
TRBV20-1,TRBJ2-1,SATLAGDRNEQF,2
TRBV20-1,TRBJ2-1,SATLAGDRYEQF,1
TRBV20-1,TRBJ2-1,SATLAGDSNEQF,1
TRBV20-1,TRBJ2-1,SATLAGDSYNEQF,1
TRBV20-1,TRBJ2-1,SATLAGDVNEQF,1
TRBV20-1,TRBJ2-1,SATLAGDVRDEQF,1
TRBV20-1,TRBJ2-1,SATLAGDYNEQF,6
TRBV20-1,TRBJ2-1,SATLAGEARNEQF,1
TRBV20-1,TRBJ2-1,SATLAGEDEQF,1
TRBV20-1,TRBJ2-1,SATLAGEDHEQF,1
TRBV20-1,TRBJ2-1,SATLAGEETYNEQF,1
TRBV20-1,TRBJ2-1,SATLAGEFYNEQF,1
TRBV20-1,TRBJ2-1,SATLAGEGKDEQF,7
TRBV20-1,TRBJ2-1,SATLAGEGNEQF,11
TRBV20-1,TRBJ2-1,SATLAGEHNEQF,3
TRBV20-1,TRBJ2-1,SATLAGEINEQF,1
TRBV20-1,TRBJ2-1,SATLAGELDEQF,8
TRBV20-1,TRBJ2-1,SATLAGENEQF,3
TRBV20-1,TRBJ2-1,SATLAGEQF,2
TRBV20-1,TRBJ2-1,SATLAGERYNEQF,1
TRBV20-1,TRBJ2-1,SATLAGETYNEQF,1
TRBV20-1,TRBJ2-1,SATLAGEVNEQF,1
TRBV20-1,TRBJ2-1,SATLAGEYAYSEQF,2
TRBV20-1,TRBJ2-1,SATLAGEYNEQF,5
TRBV20-1,TRBJ2-1,SATLAGFEQF,5
TRBV20-1,TRBJ2-1,SATLAGFKGINNEQF,1
TRBV20-1,TRBJ2-1,SATLAGFLNEQF,5
TRBV20-1,TRBJ2-1,SATLAGFTYNEQF,1
TRBV20-1,TRBJ2-1,SATLAGFVDEQF,1
TRBV20-1,TRBJ2-1,SATLAGFVNEQF,1
TRBV20-1,TRBJ2-1,SATLAGFYNEQF,8
TRBV20-1,TRBJ2-1,SATLAGGAESNNEQF,1
TRBV20-1,TRBJ2-1,SATLAGGANEQF,4
TRBV20-1,TRBJ2-1,SATLAGGAPFSYNEQF,1
TRBV20-1,TRBJ2-1,SATLAGGASYNEQF,1
TRBV20-1,TRBJ2-1,SATLAGGAYNEQF,4
TRBV20-1,TRBJ2-1,SATLAGGDEQF,2
TRBV20-1,TRBJ2-1,SATLAGGDHNEQF,1
TRBV20-1,TRBJ2-1,SATLAGGDNEQF,4
TRBV20-1,TRBJ2-1,SATLAGGDSNEQF,9
TRBV20-1,TRBJ2-1,SATLAGGEAEQF,1
TRBV20-1,TRBJ2-1,SATLAGGEDEQF,3
TRBV20-1,TRBJ2-1,SATLAGGENEQF,4
TRBV20-1,TRBJ2-1,SATLAGGFAGNEQF,1
TRBV20-1,TRBJ2-1,SATLAGGFHEQF,1
TRBV20-1,TRBJ2-1,SATLAGGFINEQF,1
TRBV20-1,TRBJ2-1,SATLAGGFNEQF,1
TRBV20-1,TRBJ2-1,SATLAGGFYNEQF,3
TRBV20-1,TRBJ2-1,SATLAGGGDEQF,1
TRBV20-1,TRBJ2-1,SATLAGGGDNEQF,1
TRBV20-1,TRBJ2-1,SATLAGGGHNEQF,1
TRBV20-1,TRBJ2-1,SATLAGGGIDNERF,3
TRBV20-1,TRBJ2-1,SATLAGGGLNEQF,1
TRBV20-1,TRBJ2-1,SATLAGGGMYEQF,1
TRBV20-1,TRBJ2-1,SATLAGGGNEQF,6
TRBV20-1,TRBJ2-1,SATLAGGGNNEQF,1
TRBV20-1,TRBJ2-1,SATLAGGGPDNEQF,1
TRBV20-1,TRBJ2-1,SATLAGGGPYNEQF,1
TRBV20-1,TRBJ2-1,SATLAGGGSYNEQF,2
TRBV20-1,TRBJ2-1,SATLAGGGVNEQF,1
TRBV20-1,TRBJ2-1,SATLAGGGYNEQF,2
TRBV20-1,TRBJ2-1,SATLAGGHFPYNEQF,1
TRBV20-1,TRBJ2-1,SATLAGGHYEQF,1
TRBV20-1,TRBJ2-1,SATLAGGIDEQF,1
TRBV20-1,TRBJ2-1,SATLAGGINEQF,1
TRBV20-1,TRBJ2-1,SATLAGGINNEQF,1
TRBV20-1,TRBJ2-1,SATLAGGISYNEQF,2
TRBV20-1,TRBJ2-1,SATLAGGIWSNEQF,1
TRBV20-1,TRBJ2-1,SATLAGGIYNEQF,2
TRBV20-1,TRBJ2-1,SATLAGGKSSYNEQF,2
TRBV20-1,TRBJ2-1,SATLAGGLDDEQF,1
TRBV20-1,TRBJ2-1,SATLAGGLDEQF,2
TRBV20-1,TRBJ2-1,SATLAGGLGSYNEQF,1
TRBV20-1,TRBJ2-1,SATLAGGLINEQF,1
TRBV20-1,TRBJ2-1,SATLAGGLNEQF,18
TRBV20-1,TRBJ2-1,SATLAGGLPNEQF,1
TRBV20-1,TRBJ2-1,SATLAGGLSYNEQF,2
TRBV20-1,TRBJ2-1,SATLAGGLYEQF,1
TRBV20-1,TRBJ2-1,SATLAGGLYNEQF,1
TRBV20-1,TRBJ2-1,SATLAGGMLNEQF,1
TRBV20-1,TRBJ2-1,SATLAGGNAAYRNEQF,2
TRBV20-1,TRBJ2-1,SATLAGGNEQF,11
TRBV20-1,TRBJ2-1,SATLAGGNNEQF,5
TRBV20-1,TRBJ2-1,SATLAGGNSYNEQF,7
TRBV20-1,TRBJ2-1,SATLAGGNYNEQF,5
TRBV20-1,TRBJ2-1,SATLAGGPDEQF,2
TRBV20-1,TRBJ2-1,SATLAGGPDNEQF,1
TRBV20-1,TRBJ2-1,SATLAGGPFDEQF,1
TRBV20-1,TRBJ2-1,SATLAGGPFEQF,2
TRBV20-1,TRBJ2-1,SATLAGGPFNEQF,1
TRBV20-1,TRBJ2-1,SATLAGGPGNEQF,4
TRBV20-1,TRBJ2-1,SATLAGGPGYNEQF,1
TRBV20-1,TRBJ2-1,SATLAGGPHEQF,7
TRBV20-1,TRBJ2-1,SATLAGGPHNEQF,1
TRBV20-1,TRBJ2-1,SATLAGGPIHEQF,1
TRBV20-1,TRBJ2-1,SATLAGGPINEQF,1
TRBV20-1,TRBJ2-1,SATLAGGPKIYNEQF,1
TRBV20-1,TRBJ2-1,SATLAGGPLEQF,1
TRBV20-1,TRBJ2-1,SATLAGGPLGEQF,4
TRBV20-1,TRBJ2-1,SATLAGGPLNEQF,2
TRBV20-1,TRBJ2-1,SATLAGGPLNNEQF,1
TRBV20-1,TRBJ2-1,SATLAGGPNDEQF,1
TRBV20-1,TRBJ2-1,SATLAGGPNDNEQF,1
TRBV20-1,TRBJ2-1,SATLAGGPNEQF,25
TRBV20-1,TRBJ2-1,SATLAGGPNNEQF,1
TRBV20-1,TRBJ2-1,SATLAGGPPEQF,1
TRBV20-1,TRBJ2-1,SATLAGGPPQF,6
TRBV20-1,TRBJ2-1,SATLAGGPPSYNEQF,1
TRBV20-1,TRBJ2-1,SATLAGGPRNEQF,1
TRBV20-1,TRBJ2-1,SATLAGGPSEQF,3
TRBV20-1,TRBJ2-1,SATLAGGPSGSYNEQF,1
TRBV20-1,TRBJ2-1,SATLAGGPSNEQF,1
TRBV20-1,TRBJ2-1,SATLAGGPSYNEQF,2
TRBV20-1,TRBJ2-1,SATLAGGPTNEQF,6
TRBV20-1,TRBJ2-1,SATLAGGPVDEQF,2
TRBV20-1,TRBJ2-1,SATLAGGPYDEQF,1
TRBV20-1,TRBJ2-1,SATLAGGPYEQF,4
TRBV20-1,TRBJ2-1,SATLAGGPYLFNEQF,2
TRBV20-1,TRBJ2-1,SATLAGGPYNEQF,32
TRBV20-1,TRBJ2-1,SATLAGGPYYEQF,4
TRBV20-1,TRBJ2-1,SATLAGGQDEQF,1
TRBV20-1,TRBJ2-1,SATLAGGQDWNNEQF,1
TRBV20-1,TRBJ2-1,SATLAGGQPLNEQF,1
TRBV20-1,TRBJ2-1,SATLAGGQSYNEQF,1
TRBV20-1,TRBJ2-1,SATLAGGQYEQF,5
TRBV20-1,TRBJ2-1,SATLAGGRAAYNEQF,1
TRBV20-1,TRBJ2-1,SATLAGGRAHEQF,1
TRBV20-1,TRBJ2-1,SATLAGGRDEQF,1
TRBV20-1,TRBJ2-1,SATLAGGRGANEQF,1
TRBV20-1,TRBJ2-1,SATLAGGRGAYNEQF,1
TRBV20-1,TRBJ2-1,SATLAGGRGDNEQF,1
TRBV20-1,TRBJ2-1,SATLAGGRGGNNEQF,1
TRBV20-1,TRBJ2-1,SATLAGGRLLYNEQF,1
TRBV20-1,TRBJ2-1,SATLAGGRNEQF,18
TRBV20-1,TRBJ2-1,SATLAGGRSGNEQF,1
TRBV20-1,TRBJ2-1,SATLAGGRSYNEQF,4
TRBV20-1,TRBJ2-1,SATLAGGRVGNEQF,1
TRBV20-1,TRBJ2-1,SATLAGGRVNEQF,1
TRBV20-1,TRBJ2-1,SATLAGGRYEQF,1
TRBV20-1,TRBJ2-1,SATLAGGRYNEQF,2
TRBV20-1,TRBJ2-1,SATLAGGSDNEQF,1
TRBV20-1,TRBJ2-1,SATLAGGSGNEQF,5
TRBV20-1,TRBJ2-1,SATLAGGSHEQF,2
TRBV20-1,TRBJ2-1,SATLAGGSNEQF,11
TRBV20-1,TRBJ2-1,SATLAGGSSSYNEQF,2
TRBV20-1,TRBJ2-1,SATLAGGSSYEQF,1
TRBV20-1,TRBJ2-1,SATLAGGSSYNEQF,6
TRBV20-1,TRBJ2-1,SATLAGGSVDEQF,1
TRBV20-1,TRBJ2-1,SATLAGGSYNEQF,42
TRBV20-1,TRBJ2-1,SATLAGGSYNERF,1
TRBV20-1,TRBJ2-1,SATLAGGTDEQF,3
TRBV20-1,TRBJ2-1,SATLAGGTLNEQF,1
TRBV20-1,TRBJ2-1,SATLAGGTNEQF,7
TRBV20-1,TRBJ2-1,SATLAGGTNYNEQF,1
TRBV20-1,TRBJ2-1,SATLAGGTSSYNEQF,1
TRBV20-1,TRBJ2-1,SATLAGGTVRYNEQF,1
TRBV20-1,TRBJ2-1,SATLAGGTYNEQF,5
TRBV20-1,TRBJ2-1,SATLAGGVFDEQF,1
TRBV20-1,TRBJ2-1,SATLAGGVGEQF,12
TRBV20-1,TRBJ2-1,SATLAGGVGERF,1
TRBV20-1,TRBJ2-1,SATLAGGVGNEQF,1
TRBV20-1,TRBJ2-1,SATLAGGVNEQF,7
TRBV20-1,TRBJ2-1,SATLAGGVRDEQF,3
TRBV20-1,TRBJ2-1,SATLAGGVRNEQF,1
TRBV20-1,TRBJ2-1,SATLAGGVSIAGYNEQF,8
TRBV20-1,TRBJ2-1,SATLAGGVSNEQF,7
TRBV20-1,TRBJ2-1,SATLAGGVYNEQF,1
TRBV20-1,TRBJ2-1,SATLAGGWNEQF,2
TRBV20-1,TRBJ2-1,SATLAGGWVIDEQF,1
TRBV20-1,TRBJ2-1,SATLAGGWYNEQF,1
TRBV20-1,TRBJ2-1,SATLAGGYHEQF,1
TRBV20-1,TRBJ2-1,SATLAGGYNEQF,39
TRBV20-1,TRBJ2-1,SATLAGGYSEQF,1
TRBV20-1,TRBJ2-1,SATLAGGYYNEQF,3
TRBV20-1,TRBJ2-1,SATLAGHNEQF,1
TRBV20-1,TRBJ2-1,SATLAGHNNEQF,1
TRBV20-1,TRBJ2-1,SATLAGHYNEQF,13
TRBV20-1,TRBJ2-1,SATLAGIGNEQF,2
TRBV20-1,TRBJ2-1,SATLAGILSMNEQF,1
TRBV20-1,TRBJ2-1,SATLAGINEQF,1
TRBV20-1,TRBJ2-1,SATLAGIPIEQF,1
TRBV20-1,TRBJ2-1,SATLAGIPNAQF,1
TRBV20-1,TRBJ2-1,SATLAGIPNEQF,31
TRBV20-1,TRBJ2-1,SATLAGIPNKQF,1
TRBV20-1,TRBJ2-1,SATLAGISNEQF,1
TRBV20-1,TRBJ2-1,SATLAGISYNEQF,4
TRBV20-1,TRBJ2-1,SATLAGIYNEQF,6
TRBV20-1,TRBJ2-1,SATLAGKAWGEQF,4
TRBV20-1,TRBJ2-1,SATLAGKGYNEQF,1
TRBV20-1,TRBJ2-1,SATLAGKNEQF,1
TRBV20-1,TRBJ2-1,SATLAGKQF,2
TRBV20-1,TRBJ2-1,SATLAGKRGEQF,1
TRBV20-1,TRBJ2-1,SATLAGKRNEQF,1
TRBV20-1,TRBJ2-1,SATLAGKSDEQF,1
TRBV20-1,TRBJ2-1,SATLAGKSNEQF,7
TRBV20-1,TRBJ2-1,SATLAGKYNEQF,2
TRBV20-1,TRBJ2-1,SATLAGLAGAYEQF,1
TRBV20-1,TRBJ2-1,SATLAGLAYNEQF,1
TRBV20-1,TRBJ2-1,SATLAGLDDEQF,1
TRBV20-1,TRBJ2-1,SATLAGLDEQF,1
TRBV20-1,TRBJ2-1,SATLAGLDNEQF,1
TRBV20-1,TRBJ2-1,SATLAGLGYEQF,1
TRBV20-1,TRBJ2-1,SATLAGLGYNEQF,1
TRBV20-1,TRBJ2-1,SATLAGLHNEQF,1
TRBV20-1,TRBJ2-1,SATLAGLHYNEQF,1
TRBV20-1,TRBJ2-1,SATLAGLLYNEQF,1
TRBV20-1,TRBJ2-1,SATLAGLNNEQF,3
TRBV20-1,TRBJ2-1,SATLAGLPYNEQF,2
TRBV20-1,TRBJ2-1,SATLAGLRNEQF,1
TRBV20-1,TRBJ2-1,SATLAGLSYNEQF,2
TRBV20-1,TRBJ2-1,SATLAGLTGNEQF,2
TRBV20-1,TRBJ2-1,SATLAGLTYNEQF,3
TRBV20-1,TRBJ2-1,SATLAGLVDEQF,1
TRBV20-1,TRBJ2-1,SATLAGLVRNEQF,1
TRBV20-1,TRBJ2-1,SATLAGLVYSNEQF,1
TRBV20-1,TRBJ2-1,SATLAGLYNEQF,19
TRBV20-1,TRBJ2-1,SATLAGMLNEQF,7
TRBV20-1,TRBJ2-1,SATLAGMVNEQF,1
TRBV20-1,TRBJ2-1,SATLAGMYNEQF,3
TRBV20-1,TRBJ2-1,SATLAGNEQF,14
TRBV20-1,TRBJ2-1,SATLAGNNEQF,1
TRBV20-1,TRBJ2-1,SATLAGNSYNEQF,11
TRBV20-1,TRBJ2-1,SATLAGNYNEQF,3
TRBV20-1,TRBJ2-1,SATLAGPATYNEQF,1
TRBV20-1,TRBJ2-1,SATLAGPDNEQF,2
TRBV20-1,TRBJ2-1,SATLAGPGNEQF,10
TRBV20-1,TRBJ2-1,SATLAGPIYNEQF,1
TRBV20-1,TRBJ2-1,SATLAGPNNEQF,2
TRBV20-1,TRBJ2-1,SATLAGPPSSYNEQF,1
TRBV20-1,TRBJ2-1,SATLAGPSAYNEQF,1
TRBV20-1,TRBJ2-1,SATLAGPSGSYNEQF,1
TRBV20-1,TRBJ2-1,SATLAGPSLSDEQF,1
TRBV20-1,TRBJ2-1,SATLAGPSSYNEQF,3
TRBV20-1,TRBJ2-1,SATLAGPSYNEQF,2
TRBV20-1,TRBJ2-1,SATLAGPWNEQF,4
TRBV20-1,TRBJ2-1,SATLAGPYKEQF,1
TRBV20-1,TRBJ2-1,SATLAGPYNDQF,1
TRBV20-1,TRBJ2-1,SATLAGPYNEQF,53
TRBV20-1,TRBJ2-1,SATLAGQGGQF,4
TRBV20-1,TRBJ2-1,SATLAGQGWDEQF,1
TRBV20-1,TRBJ2-1,SATLAGQGYNEQF,1
TRBV20-1,TRBJ2-1,SATLAGQNNEQF,1
TRBV20-1,TRBJ2-1,SATLAGQTFNEQF,1
TRBV20-1,TRBJ2-1,SATLAGQTYNEQF,1
TRBV20-1,TRBJ2-1,SATLAGQYNEQF,1
TRBV20-1,TRBJ2-1,SATLAGRDEQF,1
TRBV20-1,TRBJ2-1,SATLAGRDNEQF,2
TRBV20-1,TRBJ2-1,SATLAGRDSYEQF,1
TRBV20-1,TRBJ2-1,SATLAGRENEQF,1
TRBV20-1,TRBJ2-1,SATLAGRGGDEQF,1
TRBV20-1,TRBJ2-1,SATLAGRGNEQF,2
TRBV20-1,TRBJ2-1,SATLAGRIYNEQF,1
TRBV20-1,TRBJ2-1,SATLAGRLYNEQF,5
TRBV20-1,TRBJ2-1,SATLAGRNEQF,1
TRBV20-1,TRBJ2-1,SATLAGRPAPHNEQF,2
TRBV20-1,TRBJ2-1,SATLAGRPYNEQF,1
TRBV20-1,TRBJ2-1,SATLAGRRLRRGANEQF,3
TRBV20-1,TRBJ2-1,SATLAGRRNEQF,1
TRBV20-1,TRBJ2-1,SATLAGRSNEQF,1
TRBV20-1,TRBJ2-1,SATLAGRSSYNEQF,1
TRBV20-1,TRBJ2-1,SATLAGRSYNEQF,2
TRBV20-1,TRBJ2-1,SATLAGRTNEQF,1
TRBV20-1,TRBJ2-1,SATLAGRTPVYNEQF,1
TRBV20-1,TRBJ2-1,SATLAGRTRDNEQF,1
TRBV20-1,TRBJ2-1,SATLAGRTYNEQF,2
TRBV20-1,TRBJ2-1,SATLAGRVNEKF,2
TRBV20-1,TRBJ2-1,SATLAGRVNEQF,5
TRBV20-1,TRBJ2-1,SATLAGRVYNEQF,1
TRBV20-1,TRBJ2-1,SATLAGRYNEQF,3
TRBV20-1,TRBJ2-1,SATLAGSGGTYNEQF,1
TRBV20-1,TRBJ2-1,SATLAGSGNEQF,2
TRBV20-1,TRBJ2-1,SATLAGSHNEQF,5
TRBV20-1,TRBJ2-1,SATLAGSHNGQF,1
TRBV20-1,TRBJ2-1,SATLAGSLLRTDEQF,3
TRBV20-1,TRBJ2-1,SATLAGSNEQF,1
TRBV20-1,TRBJ2-1,SATLAGSRYEQF,1
TRBV20-1,TRBJ2-1,SATLAGSSSYNDQF,1
TRBV20-1,TRBJ2-1,SATLAGSSSYNEQF,10
TRBV20-1,TRBJ2-1,SATLAGSSYNEQF,14
TRBV20-1,TRBJ2-1,SATLAGSVNEQF,1
TRBV20-1,TRBJ2-1,SATLAGSYNEQF,28
TRBV20-1,TRBJ2-1,SATLAGTENNEQF,1
TRBV20-1,TRBJ2-1,SATLAGTFNEQF,1
TRBV20-1,TRBJ2-1,SATLAGTGFQVAYNEQF,1
TRBV20-1,TRBJ2-1,SATLAGTHNEQF,1
TRBV20-1,TRBJ2-1,SATLAGTNEQF,1
TRBV20-1,TRBJ2-1,SATLAGTNNEQF,1
TRBV20-1,TRBJ2-1,SATLAGTSIGNEQF,1
TRBV20-1,TRBJ2-1,SATLAGTSYNEQF,1
TRBV20-1,TRBJ2-1,SATLAGTYNEQF,12
TRBV20-1,TRBJ2-1,SATLAGVAFYEQF,4
TRBV20-1,TRBJ2-1,SATLAGVAFYGQF,1
TRBV20-1,TRBJ2-1,SATLAGVANEQF,1
TRBV20-1,TRBJ2-1,SATLAGVDNEQF,3
TRBV20-1,TRBJ2-1,SATLAGVENEQF,1
TRBV20-1,TRBJ2-1,SATLAGVFNEQF,1
TRBV20-1,TRBJ2-1,SATLAGVGDEQF,1
TRBV20-1,TRBJ2-1,SATLAGVGEQF,1
TRBV20-1,TRBJ2-1,SATLAGVGNEQF,6
TRBV20-1,TRBJ2-1,SATLAGVGYEQF,2
TRBV20-1,TRBJ2-1,SATLAGVGYNEQF,1
TRBV20-1,TRBJ2-1,SATLAGVHEQF,1
TRBV20-1,TRBJ2-1,SATLAGVHNEQF,12
TRBV20-1,TRBJ2-1,SATLAGVKNEQF,1
TRBV20-1,TRBJ2-1,SATLAGVLDEQF,5
TRBV20-1,TRBJ2-1,SATLAGVLNEQF,1
TRBV20-1,TRBJ2-1,SATLAGVLYEQF,1
TRBV20-1,TRBJ2-1,SATLAGVNEQF,11
TRBV20-1,TRBJ2-1,SATLAGVNNEQF,5
TRBV20-1,TRBJ2-1,SATLAGVNSYNEQF,6
TRBV20-1,TRBJ2-1,SATLAGVPDEQF,1
TRBV20-1,TRBJ2-1,SATLAGVPNEQF,3
TRBV20-1,TRBJ2-1,SATLAGVPSYNEQF,1
TRBV20-1,TRBJ2-1,SATLAGVPYNEQF,4
TRBV20-1,TRBJ2-1,SATLAGVQNEQF,2
TRBV20-1,TRBJ2-1,SATLAGVRDEQF,2
TRBV20-1,TRBJ2-1,SATLAGVRGNEQF,1
TRBV20-1,TRBJ2-1,SATLAGVRNEQF,15
TRBV20-1,TRBJ2-1,SATLAGVRYEQF,2
TRBV20-1,TRBJ2-1,SATLAGVRYNEQF,1
TRBV20-1,TRBJ2-1,SATLAGVSDEQF,2
TRBV20-1,TRBJ2-1,SATLAGVSHEQF,1
TRBV20-1,TRBJ2-1,SATLAGVSLHEQF,3
TRBV20-1,TRBJ2-1,SATLAGVSNEQF,12
TRBV20-1,TRBJ2-1,SATLAGVSPNEQF,2
TRBV20-1,TRBJ2-1,SATLAGVSRYNEQF,1
TRBV20-1,TRBJ2-1,SATLAGVSYNEQF,4
TRBV20-1,TRBJ2-1,SATLAGVTNEQF,1
TRBV20-1,TRBJ2-1,SATLAGVTTTYNEQF,1
TRBV20-1,TRBJ2-1,SATLAGVVGNEQF,1
TRBV20-1,TRBJ2-1,SATLAGVVNEQF,1
TRBV20-1,TRBJ2-1,SATLAGVWDEQF,1
TRBV20-1,TRBJ2-1,SATLAGVWNEQF,3
TRBV20-1,TRBJ2-1,SATLAGVYDEQF,1
TRBV20-1,TRBJ2-1,SATLAGVYEQF,8
TRBV20-1,TRBJ2-1,SATLAGVYNEQC,1
TRBV20-1,TRBJ2-1,SATLAGVYNEQF,20
TRBV20-1,TRBJ2-1,SATLAGVYRDEQF,1
TRBV20-1,TRBJ2-1,SATLAGWAPHNEQF,6
TRBV20-1,TRBJ2-1,SATLAGWPYNEQF,1
TRBV20-1,TRBJ2-1,SATLAGWSYNEQF,1
TRBV20-1,TRBJ2-1,SATLAGYEQF,1
TRBV20-1,TRBJ2-1,SATLAGYFNEQF,1
TRBV20-1,TRBJ2-1,SATLAGYLQF,2
TRBV20-1,TRBJ2-1,SATLAGYNEQF,16
TRBV20-1,TRBJ2-1,SATLAHGNNEQF,1
TRBV20-1,TRBJ2-1,SATLAHRGSYNEQF,1
TRBV20-1,TRBJ2-1,SATLAHSYNEQF,1
TRBV20-1,TRBJ2-1,SATLAIASYNEQF,1
TRBV20-1,TRBJ2-1,SATLAILGYNEQF,1
TRBV20-1,TRBJ2-1,SATLAISYNEQF,2
TRBV20-1,TRBJ2-1,SATLAKSYNEQF,2
TRBV20-1,TRBJ2-1,SATLAKVGNEQF,1
TRBV20-1,TRBJ2-1,SATLALAGRLNEQF,1
TRBV20-1,TRBJ2-1,SATLALARSYNEQF,1
TRBV20-1,TRBJ2-1,SATLALDNEQF,1
TRBV20-1,TRBJ2-1,SATLALFYNEQF,1
TRBV20-1,TRBJ2-1,SATLALGNEQF,1
TRBV20-1,TRBJ2-1,SATLALGPYNEQF,3
TRBV20-1,TRBJ2-1,SATLALGVNEQF,3
TRBV20-1,TRBJ2-1,SATLALGYNEQF,3
TRBV20-1,TRBJ2-1,SATLALHNEQF,2
TRBV20-1,TRBJ2-1,SATLALSSYNEQF,11
TRBV20-1,TRBJ2-1,SATLALSYNEQF,1
TRBV20-1,TRBJ2-1,SATLALTYNEQF,1
TRBV20-1,TRBJ2-1,SATLALVGHEQF,1
TRBV20-1,TRBJ2-1,SATLALYNEQF,1
TRBV20-1,TRBJ2-1,SATLAMDEQF,1
TRBV20-1,TRBJ2-1,SATLAMNEQF,2
TRBV20-1,TRBJ2-1,SATLANDLLYNEQF,1
TRBV20-1,TRBJ2-1,SATLANDNEQF,1
TRBV20-1,TRBJ2-1,SATLANEQF,9
TRBV20-1,TRBJ2-1,SATLANGGTRTPYNEQF,1
TRBV20-1,TRBJ2-1,SATLANHEQF,1
TRBV20-1,TRBJ2-1,SATLANLNEQF,1
TRBV20-1,TRBJ2-1,SATLANNEQF,5
TRBV20-1,TRBJ2-1,SATLANPIYNEQF,1
TRBV20-1,TRBJ2-1,SATLANSYNEQF,8
TRBV20-1,TRBJ2-1,SATLANTFYNEQF,1
TRBV20-1,TRBJ2-1,SATLANYNEQF,5
TRBV20-1,TRBJ2-1,SATLAPAYNEQF,1
TRBV20-1,TRBJ2-1,SATLAPDEQF,1
TRBV20-1,TRBJ2-1,SATLAPEADNEQF,1
TRBV20-1,TRBJ2-1,SATLAPGNEQF,1
TRBV20-1,TRBJ2-1,SATLAPGNNEQF,1
TRBV20-1,TRBJ2-1,SATLAPRDNEQF,1
TRBV20-1,TRBJ2-1,SATLAPRGNEQF,1
TRBV20-1,TRBJ2-1,SATLAPSSYNEQF,10
TRBV20-1,TRBJ2-1,SATLAPSYNEQF,1
TRBV20-1,TRBJ2-1,SATLAPYNEQF,17
TRBV20-1,TRBJ2-1,SATLAPYNGQF,1
TRBV20-1,TRBJ2-1,SATLAPYNKQF,1
TRBV20-1,TRBJ2-1,SATLAQAGVGNEQF,1
TRBV20-1,TRBJ2-1,SATLAQFSAGAGGGYNEQF,1
TRBV20-1,TRBJ2-1,SATLAQGRGYEQF,1
TRBV20-1,TRBJ2-1,SATLAQMWNEQF,2
TRBV20-1,TRBJ2-1,SATLAQSSNSEQF,2
TRBV20-1,TRBJ2-1,SATLAQSSYNEQF,2
TRBV20-1,TRBJ2-1,SATLAQSYNEQF,1
TRBV20-1,TRBJ2-1,SATLAREFNNEQF,1
TRBV20-1,TRBJ2-1,SATLARGANNEQF,1
TRBV20-1,TRBJ2-1,SATLARISNEQF,1
TRBV20-1,TRBJ2-1,SATLARKNEQF,1
TRBV20-1,TRBJ2-1,SATLARLFNEQF,1
TRBV20-1,TRBJ2-1,SATLARLSYNEQF,1
TRBV20-1,TRBJ2-1,SATLARMGYNEQF,1
TRBV20-1,TRBJ2-1,SATLARNEQF,9
TRBV20-1,TRBJ2-1,SATLARSNNEQF,2
TRBV20-1,TRBJ2-1,SATLARSYNEQF,2
TRBV20-1,TRBJ2-1,SATLARVNVNNEQF,1
TRBV20-1,TRBJ2-1,SATLASDEQF,2
TRBV20-1,TRBJ2-1,SATLASEQF,1
TRBV20-1,TRBJ2-1,SATLASFGNEQF,1
TRBV20-1,TRBJ2-1,SATLASFNEQF,2
TRBV20-1,TRBJ2-1,SATLASGANEQF,1
TRBV20-1,TRBJ2-1,SATLASGGRANEQF,1
TRBV20-1,TRBJ2-1,SATLASGGSNEQF,1
TRBV20-1,TRBJ2-1,SATLASGSPLNEQF,1
TRBV20-1,TRBJ2-1,SATLASGSSYNEQF,1
TRBV20-1,TRBJ2-1,SATLASGYNYNEQF,1
TRBV20-1,TRBJ2-1,SATLASLGGSYNEQF,1
TRBV20-1,TRBJ2-1,SATLASLGVSYNEQF,2
TRBV20-1,TRBJ2-1,SATLASNEQF,2
TRBV20-1,TRBJ2-1,SATLASNYNEQF,1
TRBV20-1,TRBJ2-1,SATLASPYNEQF,1
TRBV20-1,TRBJ2-1,SATLASRGNEQF,1
TRBV20-1,TRBJ2-1,SATLASRGQF,5
TRBV20-1,TRBJ2-1,SATLASSSYNEQF,2
TRBV20-1,TRBJ2-1,SATLASSYNEQF,9
TRBV20-1,TRBJ2-1,SATLASTGEGQF,2
TRBV20-1,TRBJ2-1,SATLASVDNEQF,1
TRBV20-1,TRBJ2-1,SATLASYNEQF,4
TRBV20-1,TRBJ2-1,SATLATDEQF,1
TRBV20-1,TRBJ2-1,SATLATGEQF,3
TRBV20-1,TRBJ2-1,SATLATGGPYNEQF,1
TRBV20-1,TRBJ2-1,SATLATGRFDEQF,1
TRBV20-1,TRBJ2-1,SATLATLIYNEQF,1
TRBV20-1,TRBJ2-1,SATLATLYNEQF,3
TRBV20-1,TRBJ2-1,SATLATNEQF,3
TRBV20-1,TRBJ2-1,SATLATNNEQF,1
TRBV20-1,TRBJ2-1,SATLATSSYNEQF,1
TRBV20-1,TRBJ2-1,SATLATSYNEQF,4
TRBV20-1,TRBJ2-1,SATLATYNEQF,9
TRBV20-1,TRBJ2-1,SATLAVEGNEQF,1
TRBV20-1,TRBJ2-1,SATLAVEPYNEQF,1
TRBV20-1,TRBJ2-1,SATLAVFTNEQF,1
TRBV20-1,TRBJ2-1,SATLAVGDNEQF,2
TRBV20-1,TRBJ2-1,SATLAVGGNEQF,1
TRBV20-1,TRBJ2-1,SATLAVGPYNEQF,1
TRBV20-1,TRBJ2-1,SATLAVGSYNEQF,1
TRBV20-1,TRBJ2-1,SATLAVGVDNEQF,1
TRBV20-1,TRBJ2-1,SATLAVGYNEQF,1
TRBV20-1,TRBJ2-1,SATLAVIGNEQF,1
TRBV20-1,TRBJ2-1,SATLAVKYNEQF,1
TRBV20-1,TRBJ2-1,SATLAVNEQF,4
TRBV20-1,TRBJ2-1,SATLAVRDNEQF,1
TRBV20-1,TRBJ2-1,SATLAVRNEQF,5
TRBV20-1,TRBJ2-1,SATLAVRWVGNEQF,1
TRBV20-1,TRBJ2-1,SATLAVRYNEQF,1
TRBV20-1,TRBJ2-1,SATLAVSNEQF,1
TRBV20-1,TRBJ2-1,SATLAVSSYNEQF,2
TRBV20-1,TRBJ2-1,SATLAVSYNEQF,4
TRBV20-1,TRBJ2-1,SATLAVTYNEQF,1
TRBV20-1,TRBJ2-1,SATLAVYNEQF,9
TRBV20-1,TRBJ2-1,SATLAWEVWNEQF,1
TRBV20-1,TRBJ2-1,SATLAWRLYNEQF,1
TRBV20-1,TRBJ2-1,SATLAYKYNEQF,1
TRBV20-1,TRBJ2-1,SATLAYNEQF,7
TRBV20-1,TRBJ2-1,SATLAYRSYNEQF,1
TRBV20-1,TRBJ2-1,SATLAYSSYNEQF,2
TRBV20-1,TRBJ2-1,SATLDAGRGNYEQF,1
TRBV20-1,TRBJ2-1,SATLDANEQF,1
TRBV20-1,TRBJ2-1,SATLDASSYNEQF,2
TRBV20-1,TRBJ2-1,SATLDDEQF,1
TRBV20-1,TRBJ2-1,SATLDDYNEQF,1
TRBV20-1,TRBJ2-1,SATLDEAQF,1
TRBV20-1,TRBJ2-1,SATLDEQF,2
TRBV20-1,TRBJ2-1,SATLDEYNEQF,1
TRBV20-1,TRBJ2-1,SATLDFNEQF,1
TRBV20-1,TRBJ2-1,SATLDGKFDEQF,2
TRBV20-1,TRBJ2-1,SATLDGLYNEQF,1
TRBV20-1,TRBJ2-1,SATLDGNEQF,1
TRBV20-1,TRBJ2-1,SATLDGRKRDEQF,1
TRBV20-1,TRBJ2-1,SATLDGRLNEQF,1
TRBV20-1,TRBJ2-1,SATLDGRTRNEQF,1
TRBV20-1,TRBJ2-1,SATLDGWNEQF,1
TRBV20-1,TRBJ2-1,SATLDGYNEQF,1
TRBV20-1,TRBJ2-1,SATLDHNEQF,4
TRBV20-1,TRBJ2-1,SATLDHRSYNEQF,1
TRBV20-1,TRBJ2-1,SATLDISSFSYNEQF,1
TRBV20-1,TRBJ2-1,SATLDKGHYNEQF,3
TRBV20-1,TRBJ2-1,SATLDKLGNEQF,1
TRBV20-1,TRBJ2-1,SATLDLSYNEQF,1
TRBV20-1,TRBJ2-1,SATLDLYEQF,1
TRBV20-1,TRBJ2-1,SATLDLYNEQF,2
TRBV20-1,TRBJ2-1,SATLDNEQF,5
TRBV20-1,TRBJ2-1,SATLDNYNEQF,4
TRBV20-1,TRBJ2-1,SATLDPAGGPYNEQF,1
TRBV20-1,TRBJ2-1,SATLDPATSGRAGKNEQF,1
TRBV20-1,TRBJ2-1,SATLDPDYNEQF,1
TRBV20-1,TRBJ2-1,SATLDPGDEQF,1
TRBV20-1,TRBJ2-1,SATLDPGLAHNEQF,1
TRBV20-1,TRBJ2-1,SATLDPGTSGNNEQF,1
TRBV20-1,TRBJ2-1,SATLDPPSSYNEQF,1
TRBV20-1,TRBJ2-1,SATLDPYNEQF,3
TRBV20-1,TRBJ2-1,SATLDQAQYYNEQF,1
TRBV20-1,TRBJ2-1,SATLDQFGNEQF,1
TRBV20-1,TRBJ2-1,SATLDRAIYNEQF,5
TRBV20-1,TRBJ2-1,SATLDRASYNEQF,1
TRBV20-1,TRBJ2-1,SATLDRDEQF,1
TRBV20-1,TRBJ2-1,SATLDRDNEQF,1
TRBV20-1,TRBJ2-1,SATLDRDPYNEQC,1
TRBV20-1,TRBJ2-1,SATLDRDPYNEQF,1
TRBV20-1,TRBJ2-1,SATLDREVYNEQF,1
TRBV20-1,TRBJ2-1,SATLDRGANEQF,1
TRBV20-1,TRBJ2-1,SATLDRGDEQF,1
TRBV20-1,TRBJ2-1,SATLDRGGNEQF,5
TRBV20-1,TRBJ2-1,SATLDRGNEQF,1
TRBV20-1,TRBJ2-1,SATLDRGPYNEQF,1
TRBV20-1,TRBJ2-1,SATLDRGRISGGTSYNEQF,2
TRBV20-1,TRBJ2-1,SATLDRGRSNEQF,1
TRBV20-1,TRBJ2-1,SATLDRLAGSPYNEQF,1
TRBV20-1,TRBJ2-1,SATLDRLGNEQF,1
TRBV20-1,TRBJ2-1,SATLDRNNEQF,3
TRBV20-1,TRBJ2-1,SATLDRNSYNEQF,1
TRBV20-1,TRBJ2-1,SATLDRRGPEQF,6
TRBV20-1,TRBJ2-1,SATLDRRQYNEQF,1
TRBV20-1,TRBJ2-1,SATLDRRTYNEQF,1
TRBV20-1,TRBJ2-1,SATLDRSDEQF,2
TRBV20-1,TRBJ2-1,SATLDRSSYNEQF,1
TRBV20-1,TRBJ2-1,SATLDRTSNEQF,1
TRBV20-1,TRBJ2-1,SATLDRVGDEQF,1
TRBV20-1,TRBJ2-1,SATLDRWSSYNEQF,1
TRBV20-1,TRBJ2-1,SATLDRYLSGRPINEQF,1
TRBV20-1,TRBJ2-1,SATLDRYNEQF,2
TRBV20-1,TRBJ2-1,SATLDRYQYNEQF,1
TRBV20-1,TRBJ2-1,SATLDSATYNEQF,1
TRBV20-1,TRBJ2-1,SATLDSGYNEQF,2
TRBV20-1,TRBJ2-1,SATLDSLNEQF,1
TRBV20-1,TRBJ2-1,SATLDSNEQF,1
TRBV20-1,TRBJ2-1,SATLDSNNEQF,2
TRBV20-1,TRBJ2-1,SATLDSPPSYNEQF,1
TRBV20-1,TRBJ2-1,SATLDSPYNEQF,1
TRBV20-1,TRBJ2-1,SATLDSRNVEQF,2
TRBV20-1,TRBJ2-1,SATLDSSYNEQF,4
TRBV20-1,TRBJ2-1,SATLDSYNEQF,2
TRBV20-1,TRBJ2-1,SATLDSYSYNEQF,1
TRBV20-1,TRBJ2-1,SATLDTDNEQF,1
TRBV20-1,TRBJ2-1,SATLDTLNEQF,1
TRBV20-1,TRBJ2-1,SATLDTSNEQF,1
TRBV20-1,TRBJ2-1,SATLDTYNEQF,8
TRBV20-1,TRBJ2-1,SATLDVNEQF,1
TRBV20-1,TRBJ2-1,SATLDVRLAGGIYEQF,1
TRBV20-1,TRBJ2-1,SATLDVYNEQF,1
TRBV20-1,TRBJ2-1,SATLDWDHSNNEQF,1
TRBV20-1,TRBJ2-1,SATLDWPPNEQF,1
TRBV20-1,TRBJ2-1,SATLDWSSYNEQF,2
TRBV20-1,TRBJ2-1,SATLDYEQF,1
TRBV20-1,TRBJ2-1,SATLDYNEQF,3
TRBV20-1,TRBJ2-1,SATLDYPNEQF,1
TRBV20-1,TRBJ2-1,SATLDYPPNEQF,3
TRBV20-1,TRBJ2-1,SATLEAFPGLLNEQF,1
TRBV20-1,TRBJ2-1,SATLEAGAFYNEQF,1
TRBV20-1,TRBJ2-1,SATLEAGDPNEQF,1
TRBV20-1,TRBJ2-1,SATLEAGSNEQF,1
TRBV20-1,TRBJ2-1,SATLEAGSRRYNEQF,1
TRBV20-1,TRBJ2-1,SATLEARVYNEQF,1
TRBV20-1,TRBJ2-1,SATLEDEQF,1
TRBV20-1,TRBJ2-1,SATLEDGTPNEQF,4
TRBV20-1,TRBJ2-1,SATLEDRSYNEQF,1
TRBV20-1,TRBJ2-1,SATLEEAFSYNEQF,1
TRBV20-1,TRBJ2-1,SATLEEFSYNEQF,1
TRBV20-1,TRBJ2-1,SATLEFRYNEQF,1
TRBV20-1,TRBJ2-1,SATLEFTNEQF,1
TRBV20-1,TRBJ2-1,SATLEGAANEQF,4
TRBV20-1,TRBJ2-1,SATLEGGIPDEQF,1
TRBV20-1,TRBJ2-1,SATLEGGRYNEQF,1
TRBV20-1,TRBJ2-1,SATLEGGTNEQL,1
TRBV20-1,TRBJ2-1,SATLEGGVDNEQF,1
TRBV20-1,TRBJ2-1,SATLEGGWNEQF,3
TRBV20-1,TRBJ2-1,SATLEGLSYNEQF,1
TRBV20-1,TRBJ2-1,SATLEGNEQF,1
TRBV20-1,TRBJ2-1,SATLEGPSYNEQF,1
TRBV20-1,TRBJ2-1,SATLEGRYNEQF,1
TRBV20-1,TRBJ2-1,SATLEGSGAFHEQF,1
TRBV20-1,TRBJ2-1,SATLEGSRGNEQF,1
TRBV20-1,TRBJ2-1,SATLEGTNEQF,1
TRBV20-1,TRBJ2-1,SATLEGTSYNEQF,1
TRBV20-1,TRBJ2-1,SATLEHNEQF,1
TRBV20-1,TRBJ2-1,SATLELRSYNEQF,1
TRBV20-1,TRBJ2-1,SATLENEQF,2
TRBV20-1,TRBJ2-1,SATLENLPYNEQF,1
TRBV20-1,TRBJ2-1,SATLEPSGDYNEQF,1
TRBV20-1,TRBJ2-1,SATLERELNEQF,1
TRBV20-1,TRBJ2-1,SATLERGAYNEQF,1
TRBV20-1,TRBJ2-1,SATLERGGGDEQF,1
TRBV20-1,TRBJ2-1,SATLERTGPYNEQF,1
TRBV20-1,TRBJ2-1,SATLERVSSYNEQF,1
TRBV20-1,TRBJ2-1,SATLESDEQF,1
TRBV20-1,TRBJ2-1,SATLESSYNEQF,2
TRBV20-1,TRBJ2-1,SATLESYNEQF,1
TRBV20-1,TRBJ2-1,SATLETKAYNEQF,1
TRBV20-1,TRBJ2-1,SATLEVAGGSEQF,2
TRBV20-1,TRBJ2-1,SATLEVGYNEQF,1
TRBV20-1,TRBJ2-1,SATLEVSGASYNEQF,1
TRBV20-1,TRBJ2-1,SATLEYEQF,1
TRBV20-1,TRBJ2-1,SATLEYNEQF,1
TRBV20-1,TRBJ2-1,SATLFAFGQF,3
TRBV20-1,TRBJ2-1,SATLFAGDEQF,1
TRBV20-1,TRBJ2-1,SATLFAGVDNEQF,7
TRBV20-1,TRBJ2-1,SATLFGGRALYNEQF,1
TRBV20-1,TRBJ2-1,SATLFGSGSYEQF,1
TRBV20-1,TRBJ2-1,SATLFGVGRAPRSYNEQF,1
TRBV20-1,TRBJ2-1,SATLFLGQGHNEQF,1
TRBV20-1,TRBJ2-1,SATLFLGSYNEQF,1
TRBV20-1,TRBJ2-1,SATLFLNNEQF,1
TRBV20-1,TRBJ2-1,SATLFLSGGGPGNEQF,1
TRBV20-1,TRBJ2-1,SATLFNEQF,1
TRBV20-1,TRBJ2-1,SATLFPAGPSYNEQF,1
TRBV20-1,TRBJ2-1,SATLFPDEQF,1
TRBV20-1,TRBJ2-1,SATLFPGLAGGSYYNEQF,1
TRBV20-1,TRBJ2-1,SATLFRDRGNEQF,3
TRBV20-1,TRBJ2-1,SATLFRGQSYNEQF,1
TRBV20-1,TRBJ2-1,SATLFRGVLF,3
TRBV20-1,TRBJ2-1,SATLFRLANEQF,1
TRBV20-1,TRBJ2-1,SATLFSGGSAVSYNEQF,1
TRBV20-1,TRBJ2-1,SATLFSGRASYNEQF,1
TRBV20-1,TRBJ2-1,SATLFSGRERGRYNEQF,1
TRBV20-1,TRBJ2-1,SATLFSGSSYNEQF,1
TRBV20-1,TRBJ2-1,SATLFSRTSGYNEQF,1
TRBV20-1,TRBJ2-1,SATLFTSGSYNEQF,1
TRBV20-1,TRBJ2-1,SATLFYNEQF,1
TRBV20-1,TRBJ2-1,SATLFYRGSNEQF,1
TRBV20-1,TRBJ2-1,SATLGAGAYNEQF,1
TRBV20-1,TRBJ2-1,SATLGAGGGNNEQF,1
TRBV20-1,TRBJ2-1,SATLGAGGKFGNEQF,1
TRBV20-1,TRBJ2-1,SATLGAGGNNEQF,3
TRBV20-1,TRBJ2-1,SATLGAGGPNEQF,1
TRBV20-1,TRBJ2-1,SATLGAGSLGRSSHNEQF,1
TRBV20-1,TRBJ2-1,SATLGAIPGNEQF,1
TRBV20-1,TRBJ2-1,SATLGAKGNEQF,1
TRBV20-1,TRBJ2-1,SATLGALDNEQF,6
TRBV20-1,TRBJ2-1,SATLGALEHNEQF,1
TRBV20-1,TRBJ2-1,SATLGALGFFVTYNEQF,1
TRBV20-1,TRBJ2-1,SATLGALRGNEQF,4
TRBV20-1,TRBJ2-1,SATLGANEQF,1
TRBV20-1,TRBJ2-1,SATLGAPRDNEQF,1
TRBV20-1,TRBJ2-1,SATLGAPVINEQF,1
TRBV20-1,TRBJ2-1,SATLGARLVNEQF,1
TRBV20-1,TRBJ2-1,SATLGASFGNEQF,1
TRBV20-1,TRBJ2-1,SATLGASGSASSYNEQF,1
TRBV20-1,TRBJ2-1,SATLGASGSHFSYNEQF,1
TRBV20-1,TRBJ2-1,SATLGASYNEQF,2
TRBV20-1,TRBJ2-1,SATLGAVYNEQF,1
TRBV20-1,TRBJ2-1,SATLGAWEQF,8
TRBV20-1,TRBJ2-1,SATLGAWNEQF,1
TRBV20-1,TRBJ2-1,SATLGAYNEQF,3
TRBV20-1,TRBJ2-1,SATLGAYSYNEQF,2
TRBV20-1,TRBJ2-1,SATLGDEQF,9
TRBV20-1,TRBJ2-1,SATLGDFTSVDEQF,1
TRBV20-1,TRBJ2-1,SATLGDNLNNEQF,1
TRBV20-1,TRBJ2-1,SATLGDRSYNEQF,8
TRBV20-1,TRBJ2-1,SATLGEALSYNEQF,1
TRBV20-1,TRBJ2-1,SATLGEARNEQF,1
TRBV20-1,TRBJ2-1,SATLGEGGHEQF,1
TRBV20-1,TRBJ2-1,SATLGEGRYEQF,1
TRBV20-1,TRBJ2-1,SATLGEKYNEQF,1
TRBV20-1,TRBJ2-1,SATLGELYEQF,1
TRBV20-1,TRBJ2-1,SATLGEQF,7
TRBV20-1,TRBJ2-1,SATLGERYNEQF,1
TRBV20-1,TRBJ2-1,SATLGFRDWPPYNEQF,1
TRBV20-1,TRBJ2-1,SATLGFSLGSYNEQF,1
TRBV20-1,TRBJ2-1,SATLGFTYNEQF,1
TRBV20-1,TRBJ2-1,SATLGFYNEQF,1
TRBV20-1,TRBJ2-1,SATLGGAFNEQF,1
TRBV20-1,TRBJ2-1,SATLGGARGNEQF,1
TRBV20-1,TRBJ2-1,SATLGGASGNEQF,1
TRBV20-1,TRBJ2-1,SATLGGASYNEQF,2
TRBV20-1,TRBJ2-1,SATLGGATYNEQF,1
TRBV20-1,TRBJ2-1,SATLGGAYNEQF,1
TRBV20-1,TRBJ2-1,SATLGGDEQF,4
TRBV20-1,TRBJ2-1,SATLGGDYNEQF,1
TRBV20-1,TRBJ2-1,SATLGGEGNEQF,1
TRBV20-1,TRBJ2-1,SATLGGEKF,1
TRBV20-1,TRBJ2-1,SATLGGEQF,22
TRBV20-1,TRBJ2-1,SATLGGEQV,1
TRBV20-1,TRBJ2-1,SATLGGERGNEQF,1
TRBV20-1,TRBJ2-1,SATLGGEYNEQF,1
TRBV20-1,TRBJ2-1,SATLGGFSSYNEQF,3
TRBV20-1,TRBJ2-1,SATLGGFYNEQF,1
TRBV20-1,TRBJ2-1,SATLGGGAHEQF,2
TRBV20-1,TRBJ2-1,SATLGGGDEQF,2
TRBV20-1,TRBJ2-1,SATLGGGDQQF,1
TRBV20-1,TRBJ2-1,SATLGGGFYNEQF,1
TRBV20-1,TRBJ2-1,SATLGGGGGNEQF,1
TRBV20-1,TRBJ2-1,SATLGGGHEQF,1
TRBV20-1,TRBJ2-1,SATLGGGNEQF,1
TRBV20-1,TRBJ2-1,SATLGGGPYNEQF,2
TRBV20-1,TRBJ2-1,SATLGGGRFFGNEQF,3
TRBV20-1,TRBJ2-1,SATLGGGRNNEQF,1
TRBV20-1,TRBJ2-1,SATLGGGSYNEQF,2
TRBV20-1,TRBJ2-1,SATLGGGTYNEQF,1
TRBV20-1,TRBJ2-1,SATLGGGVVNEQF,1
TRBV20-1,TRBJ2-1,SATLGGGVYNEQF,1
TRBV20-1,TRBJ2-1,SATLGGGYNEQF,4
TRBV20-1,TRBJ2-1,SATLGGHYNEQF,1
TRBV20-1,TRBJ2-1,SATLGGIFYNEQF,1
TRBV20-1,TRBJ2-1,SATLGGISYNEQF,1
TRBV20-1,TRBJ2-1,SATLGGKDNEQF,1
TRBV20-1,TRBJ2-1,SATLGGKPNEQF,1
TRBV20-1,TRBJ2-1,SATLGGKYNEQF,1
TRBV20-1,TRBJ2-1,SATLGGLAGGNEQF,1
TRBV20-1,TRBJ2-1,SATLGGLANNEQF,2
TRBV20-1,TRBJ2-1,SATLGGLVNNEQF,1
TRBV20-1,TRBJ2-1,SATLGGLYNEQF,1
TRBV20-1,TRBJ2-1,SATLGGNDEQF,1
TRBV20-1,TRBJ2-1,SATLGGNEQF,15
TRBV20-1,TRBJ2-1,SATLGGNNEQF,2
TRBV20-1,TRBJ2-1,SATLGGPGPNEQF,1
TRBV20-1,TRBJ2-1,SATLGGQTLYNEQF,1
TRBV20-1,TRBJ2-1,SATLGGRAGSYNEQF,1
TRBV20-1,TRBJ2-1,SATLGGRASNEQF,1
TRBV20-1,TRBJ2-1,SATLGGRASQSYNEQF,4
TRBV20-1,TRBJ2-1,SATLGGRAYNEQF,2
TRBV20-1,TRBJ2-1,SATLGGRGGNEQF,1
TRBV20-1,TRBJ2-1,SATLGGRGGPFYNEQF,1
TRBV20-1,TRBJ2-1,SATLGGRGREQF,1
TRBV20-1,TRBJ2-1,SATLGGRGVYNEQF,1
TRBV20-1,TRBJ2-1,SATLGGRHYNEQF,1
TRBV20-1,TRBJ2-1,SATLGGRNEQF,1
TRBV20-1,TRBJ2-1,SATLGGRRNEQF,1
TRBV20-1,TRBJ2-1,SATLGGRSNEQF,1
TRBV20-1,TRBJ2-1,SATLGGRSYNEQF,1
TRBV20-1,TRBJ2-1,SATLGGRTSSYNEQF,1
TRBV20-1,TRBJ2-1,SATLGGRVVKYNEQF,1
TRBV20-1,TRBJ2-1,SATLGGRYNEQF,2
TRBV20-1,TRBJ2-1,SATLGGSAHNEQF,1
TRBV20-1,TRBJ2-1,SATLGGSANEQF,1
TRBV20-1,TRBJ2-1,SATLGGSGNEQF,1
TRBV20-1,TRBJ2-1,SATLGGSPYNEQF,1
TRBV20-1,TRBJ2-1,SATLGGSRLGDRPYNEQF,1
TRBV20-1,TRBJ2-1,SATLGGSRYNEQF,1
TRBV20-1,TRBJ2-1,SATLGGSSAHNEQF,1
TRBV20-1,TRBJ2-1,SATLGGSSAYNEQF,5
TRBV20-1,TRBJ2-1,SATLGGSSYNEQF,2
TRBV20-1,TRBJ2-1,SATLGGSVNEQF,3
TRBV20-1,TRBJ2-1,SATLGGSVYEQF,1
TRBV20-1,TRBJ2-1,SATLGGSWSDEQF,1
TRBV20-1,TRBJ2-1,SATLGGSYNEQF,9
TRBV20-1,TRBJ2-1,SATLGGTGAYNEQF,2
TRBV20-1,TRBJ2-1,SATLGGTLYNEQF,1
TRBV20-1,TRBJ2-1,SATLGGTNEQF,1
TRBV20-1,TRBJ2-1,SATLGGTRVSDEQF,1
TRBV20-1,TRBJ2-1,SATLGGTSGRAHDEQF,1
TRBV20-1,TRBJ2-1,SATLGGVGNEQF,1
TRBV20-1,TRBJ2-1,SATLGGVNEQF,1
TRBV20-1,TRBJ2-1,SATLGGVSYNEQF,2
TRBV20-1,TRBJ2-1,SATLGGYNEQF,6
TRBV20-1,TRBJ2-1,SATLGHNEQF,1
TRBV20-1,TRBJ2-1,SATLGHYNEQF,1
TRBV20-1,TRBJ2-1,SATLGIEQF,1
TRBV20-1,TRBJ2-1,SATLGIIYNEQF,4
TRBV20-1,TRBJ2-1,SATLGIYNEQF,5
TRBV20-1,TRBJ2-1,SATLGKDEQF,1
TRBV20-1,TRBJ2-1,SATLGKGGGSDNEQF,1
TRBV20-1,TRBJ2-1,SATLGKYNEQF,4
TRBV20-1,TRBJ2-1,SATLGLAAPYNEQF,1
TRBV20-1,TRBJ2-1,SATLGLADNEQF,4
TRBV20-1,TRBJ2-1,SATLGLADYNEQF,2
TRBV20-1,TRBJ2-1,SATLGLAELNEQF,1
TRBV20-1,TRBJ2-1,SATLGLAFYNEQF,1
TRBV20-1,TRBJ2-1,SATLGLAGANEQF,1
TRBV20-1,TRBJ2-1,SATLGLAGAYNEQF,1
TRBV20-1,TRBJ2-1,SATLGLAGDEQF,1
TRBV20-1,TRBJ2-1,SATLGLAGDIEQF,1
TRBV20-1,TRBJ2-1,SATLGLAGDNEQF,1
TRBV20-1,TRBJ2-1,SATLGLAGDSQF,7
TRBV20-1,TRBJ2-1,SATLGLAGEYNEQF,2
TRBV20-1,TRBJ2-1,SATLGLAGGDEQF,1
TRBV20-1,TRBJ2-1,SATLGLAGGEKGEQF,2
TRBV20-1,TRBJ2-1,SATLGLAGGFGSYNEQF,1
TRBV20-1,TRBJ2-1,SATLGLAGGKSPNEQF,2
TRBV20-1,TRBJ2-1,SATLGLAGGLLNNEQF,1
TRBV20-1,TRBJ2-1,SATLGLAGGNEQF,5
TRBV20-1,TRBJ2-1,SATLGLAGGPLSYNEQF,1
TRBV20-1,TRBJ2-1,SATLGLAGGPSEQF,1
TRBV20-1,TRBJ2-1,SATLGLAGGREQF,2
TRBV20-1,TRBJ2-1,SATLGLAGGRRSYNEQF,1
TRBV20-1,TRBJ2-1,SATLGLAGGTYNEQF,1
TRBV20-1,TRBJ2-1,SATLGLAGIYNEQF,1
TRBV20-1,TRBJ2-1,SATLGLAGNNEQF,6
TRBV20-1,TRBJ2-1,SATLGLAGPNEQF,1
TRBV20-1,TRBJ2-1,SATLGLAGRNEQF,1
TRBV20-1,TRBJ2-1,SATLGLAGSNEQF,5
TRBV20-1,TRBJ2-1,SATLGLAGSSYNEQF,1
TRBV20-1,TRBJ2-1,SATLGLAGSYNEQF,1
TRBV20-1,TRBJ2-1,SATLGLAGTLTEQF,2
TRBV20-1,TRBJ2-1,SATLGLAGVNEQF,2
TRBV20-1,TRBJ2-1,SATLGLAGVRLSYNEQF,1
TRBV20-1,TRBJ2-1,SATLGLAGYNEQF,1
TRBV20-1,TRBJ2-1,SATLGLAIEQF,8
TRBV20-1,TRBJ2-1,SATLGLALYNEQF,7
TRBV20-1,TRBJ2-1,SATLGLANLNEQF,1
TRBV20-1,TRBJ2-1,SATLGLATRDEQF,1
TRBV20-1,TRBJ2-1,SATLGLAVDNEQF,1
TRBV20-1,TRBJ2-1,SATLGLAVSSYNEQF,1
TRBV20-1,TRBJ2-1,SATLGLAVYNEQF,1
TRBV20-1,TRBJ2-1,SATLGLAYNEQF,2
TRBV20-1,TRBJ2-1,SATLGLAYRNEQF,2
TRBV20-1,TRBJ2-1,SATLGLDEQF,1
TRBV20-1,TRBJ2-1,SATLGLDHNEQF,1
TRBV20-1,TRBJ2-1,SATLGLDYDEQF,1
TRBV20-1,TRBJ2-1,SATLGLDYNDQC,1
TRBV20-1,TRBJ2-1,SATLGLDYNDQF,1
TRBV20-1,TRBJ2-1,SATLGLDYNEQF,40
TRBV20-1,TRBJ2-1,SATLGLDYNERF,1
TRBV20-1,TRBJ2-1,SATLGLDYNGQF,1
TRBV20-1,TRBJ2-1,SATLGLGADEQF,1
TRBV20-1,TRBJ2-1,SATLGLGGNYNEQF,1
TRBV20-1,TRBJ2-1,SATLGLKSDGEQF,3
TRBV20-1,TRBJ2-1,SATLGLNYNEQF,1
TRBV20-1,TRBJ2-1,SATLGLPDSYNEQF,1
TRBV20-1,TRBJ2-1,SATLGLRIGDEQF,1
TRBV20-1,TRBJ2-1,SATLGLSGRSSNEQF,4
TRBV20-1,TRBJ2-1,SATLGLSSYNEQF,9
TRBV20-1,TRBJ2-1,SATLGLSYNEQF,1
TRBV20-1,TRBJ2-1,SATLGLTNNEQF,5
TRBV20-1,TRBJ2-1,SATLGLVSSNEQF,1
TRBV20-1,TRBJ2-1,SATLGLYNEQF,1
TRBV20-1,TRBJ2-1,SATLGLYYSYNEQF,1
TRBV20-1,TRBJ2-1,SATLGMGVSSYNEQF,1
TRBV20-1,TRBJ2-1,SATLGNEQF,9
TRBV20-1,TRBJ2-1,SATLGNGAYNEQF,1
TRBV20-1,TRBJ2-1,SATLGNNEQF,1
TRBV20-1,TRBJ2-1,SATLGNRGHEQF,1
TRBV20-1,TRBJ2-1,SATLGPGNEQF,1
TRBV20-1,TRBJ2-1,SATLGPGVYNEQF,1
TRBV20-1,TRBJ2-1,SATLGPIGNEQF,1
TRBV20-1,TRBJ2-1,SATLGPLAGDYNEQF,1
TRBV20-1,TRBJ2-1,SATLGPLGEQF,3
TRBV20-1,TRBJ2-1,SATLGPNNEQF,1
TRBV20-1,TRBJ2-1,SATLGPNVYNEQF,1
TRBV20-1,TRBJ2-1,SATLGPRDEQF,1
TRBV20-1,TRBJ2-1,SATLGPSGLNEQF,1
TRBV20-1,TRBJ2-1,SATLGPSGRARRYEQF,1
TRBV20-1,TRBJ2-1,SATLGPSNEQF,1
TRBV20-1,TRBJ2-1,SATLGPSQGGRYEQF,1
TRBV20-1,TRBJ2-1,SATLGPSSYNEQF,1
TRBV20-1,TRBJ2-1,SATLGPSYNEQF,1
TRBV20-1,TRBJ2-1,SATLGPTIGNEQF,1
TRBV20-1,TRBJ2-1,SATLGPYNEQF,2
TRBV20-1,TRBJ2-1,SATLGQAASDEQF,1
TRBV20-1,TRBJ2-1,SATLGQAGRSYNEQF,1
TRBV20-1,TRBJ2-1,SATLGQATYNEQF,1
TRBV20-1,TRBJ2-1,SATLGQDEQF,1
TRBV20-1,TRBJ2-1,SATLGQFDNEQF,1
TRBV20-1,TRBJ2-1,SATLGQFNEQF,1
TRBV20-1,TRBJ2-1,SATLGQGANEQF,1
TRBV20-1,TRBJ2-1,SATLGQGLDNEQF,1
TRBV20-1,TRBJ2-1,SATLGQGLSNEQF,1
TRBV20-1,TRBJ2-1,SATLGQGPNEQF,1
TRBV20-1,TRBJ2-1,SATLGQGQTYNEQF,7
TRBV20-1,TRBJ2-1,SATLGQGRANEQF,1
TRBV20-1,TRBJ2-1,SATLGQGRNEQF,9
TRBV20-1,TRBJ2-1,SATLGQGSYNEQF,2
TRBV20-1,TRBJ2-1,SATLGQGVGGNEQF,1
TRBV20-1,TRBJ2-1,SATLGQGYNEQF,1
TRBV20-1,TRBJ2-1,SATLGQIHEQF,1
TRBV20-1,TRBJ2-1,SATLGQLNEQF,1
TRBV20-1,TRBJ2-1,SATLGQNNEQF,1
TRBV20-1,TRBJ2-1,SATLGQPYNEQF,2
TRBV20-1,TRBJ2-1,SATLGQTVNEQF,1
TRBV20-1,TRBJ2-1,SATLGQYVSSYNEQF,1
TRBV20-1,TRBJ2-1,SATLGRAAYNEQF,1
TRBV20-1,TRBJ2-1,SATLGRAAYRGQF,1
TRBV20-1,TRBJ2-1,SATLGRANEQF,2
TRBV20-1,TRBJ2-1,SATLGRDEQF,3
TRBV20-1,TRBJ2-1,SATLGREAGNEQF,1
TRBV20-1,TRBJ2-1,SATLGREASYNEQF,1
TRBV20-1,TRBJ2-1,SATLGRETENEQF,1
TRBV20-1,TRBJ2-1,SATLGREYNEQF,1
TRBV20-1,TRBJ2-1,SATLGRGEYNEQF,1
TRBV20-1,TRBJ2-1,SATLGRGGDNEQF,1
TRBV20-1,TRBJ2-1,SATLGRGINEQF,1
TRBV20-1,TRBJ2-1,SATLGRGRASYNEQF,1
TRBV20-1,TRBJ2-1,SATLGRGSINEQF,1
TRBV20-1,TRBJ2-1,SATLGRGSYNEQF,3
TRBV20-1,TRBJ2-1,SATLGRHRADEQF,1
TRBV20-1,TRBJ2-1,SATLGRHRYNEQF,2
TRBV20-1,TRBJ2-1,SATLGRLGDNEQF,2
TRBV20-1,TRBJ2-1,SATLGRNYNEQF,4
TRBV20-1,TRBJ2-1,SATLGRPGDEQF,1
TRBV20-1,TRBJ2-1,SATLGRPYNEQF,1
TRBV20-1,TRBJ2-1,SATLGRQYEQF,1
TRBV20-1,TRBJ2-1,SATLGRSGLYYEQF,1
TRBV20-1,TRBJ2-1,SATLGRSSYNEQF,2
TRBV20-1,TRBJ2-1,SATLGRSYNEQF,2
TRBV20-1,TRBJ2-1,SATLGRVQNEQF,1
TRBV20-1,TRBJ2-1,SATLGRWDNEQF,1
TRBV20-1,TRBJ2-1,SATLGSATNEQF,1
TRBV20-1,TRBJ2-1,SATLGSAYNEQF,1
TRBV20-1,TRBJ2-1,SATLGSDNEQF,1
TRBV20-1,TRBJ2-1,SATLGSDYNEQF,1
TRBV20-1,TRBJ2-1,SATLGSESYNEQF,13
TRBV20-1,TRBJ2-1,SATLGSFYNEQF,1
TRBV20-1,TRBJ2-1,SATLGSGEQF,4
TRBV20-1,TRBJ2-1,SATLGSGMNEQF,1
TRBV20-1,TRBJ2-1,SATLGSGSGNEQF,1
TRBV20-1,TRBJ2-1,SATLGSGSSYNEQF,6
TRBV20-1,TRBJ2-1,SATLGSGSYNEQF,3
TRBV20-1,TRBJ2-1,SATLGSGTNNEQF,1
TRBV20-1,TRBJ2-1,SATLGSPYNEQF,1
TRBV20-1,TRBJ2-1,SATLGSQPYNEQF,2
TRBV20-1,TRBJ2-1,SATLGSSYNEQF,9
TRBV20-1,TRBJ2-1,SATLGSTPYNEQF,1
TRBV20-1,TRBJ2-1,SATLGSTTISTNEQF,5
TRBV20-1,TRBJ2-1,SATLGSTYNEQF,1
TRBV20-1,TRBJ2-1,SATLGSVEQF,1
TRBV20-1,TRBJ2-1,SATLGSVNEQF,1
TRBV20-1,TRBJ2-1,SATLGSWDEQF,2
TRBV20-1,TRBJ2-1,SATLGSYNEQF,6
TRBV20-1,TRBJ2-1,SATLGTADSYNEQF,1
TRBV20-1,TRBJ2-1,SATLGTAGFRYNEQF,1
TRBV20-1,TRBJ2-1,SATLGTANEQF,1
TRBV20-1,TRBJ2-1,SATLGTASGDNEQF,2
TRBV20-1,TRBJ2-1,SATLGTAYNEQF,2
TRBV20-1,TRBJ2-1,SATLGTDYNEQF,1
TRBV20-1,TRBJ2-1,SATLGTENEQF,1
TRBV20-1,TRBJ2-1,SATLGTFYNEQF,1
TRBV20-1,TRBJ2-1,SATLGTGDDEQF,1
TRBV20-1,TRBJ2-1,SATLGTGGENEQF,1
TRBV20-1,TRBJ2-1,SATLGTGGGNEQF,1
TRBV20-1,TRBJ2-1,SATLGTGGNNEQF,4
TRBV20-1,TRBJ2-1,SATLGTGGRYNEQF,1
TRBV20-1,TRBJ2-1,SATLGTGHNEQF,1
TRBV20-1,TRBJ2-1,SATLGTGLNEQF,1
TRBV20-1,TRBJ2-1,SATLGTGNNEQF,1
TRBV20-1,TRBJ2-1,SATLGTGQNEQF,1
TRBV20-1,TRBJ2-1,SATLGTGSLGEQF,1
TRBV20-1,TRBJ2-1,SATLGTGSYNEQF,1
TRBV20-1,TRBJ2-1,SATLGTKGNEQF,1
TRBV20-1,TRBJ2-1,SATLGTLSYNEQF,1
TRBV20-1,TRBJ2-1,SATLGTNEQF,1
TRBV20-1,TRBJ2-1,SATLGTNSYNEQF,1
TRBV20-1,TRBJ2-1,SATLGTPYNEQF,5
TRBV20-1,TRBJ2-1,SATLGTRGSNEQF,1
TRBV20-1,TRBJ2-1,SATLGTRPNEQF,1
TRBV20-1,TRBJ2-1,SATLGTSGGDEQF,5
TRBV20-1,TRBJ2-1,SATLGTSGGNEQF,3
TRBV20-1,TRBJ2-1,SATLGTSGIGSRFNEQF,1
TRBV20-1,TRBJ2-1,SATLGTSGNYNEQF,2
TRBV20-1,TRBJ2-1,SATLGTSGPNEQF,1
TRBV20-1,TRBJ2-1,SATLGTSGRALNEQF,1
TRBV20-1,TRBJ2-1,SATLGTSGRARSGEQF,6
TRBV20-1,TRBJ2-1,SATLGTSGRAWNEQF,1
TRBV20-1,TRBJ2-1,SATLGTSGRGDEQF,1
TRBV20-1,TRBJ2-1,SATLGTSGRLYNEQF,1
TRBV20-1,TRBJ2-1,SATLGTSGRNEQF,7
TRBV20-1,TRBJ2-1,SATLGTSGSDEQF,1
TRBV20-1,TRBJ2-1,SATLGTSGSNEQF,4
TRBV20-1,TRBJ2-1,SATLGTSGTIDEQF,1
TRBV20-1,TRBJ2-1,SATLGTSGTYNEQF,1
TRBV20-1,TRBJ2-1,SATLGTSGYGDEQF,1
TRBV20-1,TRBJ2-1,SATLGTSIHEQF,1
TRBV20-1,TRBJ2-1,SATLGTSPNEQF,2
TRBV20-1,TRBJ2-1,SATLGTSSYNEQF,1
TRBV20-1,TRBJ2-1,SATLGTSVNEQF,1
TRBV20-1,TRBJ2-1,SATLGTSYNEQF,1
TRBV20-1,TRBJ2-1,SATLGTTGDNEQF,1
TRBV20-1,TRBJ2-1,SATLGTTGSYNEQF,1
TRBV20-1,TRBJ2-1,SATLGTTKNEQF,1
TRBV20-1,TRBJ2-1,SATLGTTSYNEQF,1
TRBV20-1,TRBJ2-1,SATLGTTYNEQF,1
TRBV20-1,TRBJ2-1,SATLGTVYNEQF,1
TRBV20-1,TRBJ2-1,SATLGTWGSDNEQF,1
TRBV20-1,TRBJ2-1,SATLGTYNEQF,10
TRBV20-1,TRBJ2-1,SATLGVGGDEQF,1
TRBV20-1,TRBJ2-1,SATLGVGQRNEQF,1
TRBV20-1,TRBJ2-1,SATLGVGSYNEQF,1
TRBV20-1,TRBJ2-1,SATLGVNEQF,1
TRBV20-1,TRBJ2-1,SATLGVPEQF,1
TRBV20-1,TRBJ2-1,SATLGVPGGISYNEQF,1
TRBV20-1,TRBJ2-1,SATLGVSRYNEQF,1
TRBV20-1,TRBJ2-1,SATLGVSSYNEQF,2
TRBV20-1,TRBJ2-1,SATLGVYNEQF,1
TRBV20-1,TRBJ2-1,SATLGWADLASSYNEQF,1
TRBV20-1,TRBJ2-1,SATLGWGHNEQF,8
TRBV20-1,TRBJ2-1,SATLGWVYNEQF,1
TRBV20-1,TRBJ2-1,SATLGYNEQF,4
TRBV20-1,TRBJ2-1,SATLGYSNEQF,1
TRBV20-1,TRBJ2-1,SATLGYSYNEHF,1
TRBV20-1,TRBJ2-1,SATLHASYNEQF,1
TRBV20-1,TRBJ2-1,SATLHDLISYNEQF,1
TRBV20-1,TRBJ2-1,SATLHEQF,7
TRBV20-1,TRBJ2-1,SATLHGISSYNEQF,1
TRBV20-1,TRBJ2-1,SATLHGPTRNEQF,1
TRBV20-1,TRBJ2-1,SATLHGRFPNEQF,1
TRBV20-1,TRBJ2-1,SATLHLNEQF,1
TRBV20-1,TRBJ2-1,SATLHPGGSYNEQF,1
TRBV20-1,TRBJ2-1,SATLHPGNVNEQF,1
TRBV20-1,TRBJ2-1,SATLHPSSSNEQF,1
TRBV20-1,TRBJ2-1,SATLHPSSYNEQF,6
TRBV20-1,TRBJ2-1,SATLHPSYNEQF,2
TRBV20-1,TRBJ2-1,SATLHRKWDYRSSYNEQF,1
TRBV20-1,TRBJ2-1,SATLHSGSVYNEQF,1
TRBV20-1,TRBJ2-1,SATLHSYNEQF,1
TRBV20-1,TRBJ2-1,SATLHWTGAHNEQF,3
TRBV20-1,TRBJ2-1,SATLHYNEQF,2
TRBV20-1,TRBJ2-1,SATLIAGALYNEQF,1
TRBV20-1,TRBJ2-1,SATLIAGELENEQF,1
TRBV20-1,TRBJ2-1,SATLIAGGGNEQF,1
TRBV20-1,TRBJ2-1,SATLIAGGPDEQF,1
TRBV20-1,TRBJ2-1,SATLIAGGPYNEQF,1
TRBV20-1,TRBJ2-1,SATLIAGGSRSSYNEQF,1
TRBV20-1,TRBJ2-1,SATLIAGNHNEQF,1
TRBV20-1,TRBJ2-1,SATLIAWALNEQF,1
TRBV20-1,TRBJ2-1,SATLIENEQF,1
TRBV20-1,TRBJ2-1,SATLIEQF,1
TRBV20-1,TRBJ2-1,SATLIFGGADNEQF,1
TRBV20-1,TRBJ2-1,SATLIGLAGRRINEQF,1
TRBV20-1,TRBJ2-1,SATLIGLAGTSIHEQF,1
TRBV20-1,TRBJ2-1,SATLIGQGWYNEQF,1
TRBV20-1,TRBJ2-1,SATLINRSYNEQF,1
TRBV20-1,TRBJ2-1,SATLIPETVYNEQF,2
TRBV20-1,TRBJ2-1,SATLIPHEQF,1
TRBV20-1,TRBJ2-1,SATLIQHYNEQF,1
TRBV20-1,TRBJ2-1,SATLIQTSSYNEQF,1
TRBV20-1,TRBJ2-1,SATLIQYNEQF,1
TRBV20-1,TRBJ2-1,SATLIREISYNEQF,1
TRBV20-1,TRBJ2-1,SATLIRLAGSYNEQF,1
TRBV20-1,TRBJ2-1,SATLIRLKNEQF,1
TRBV20-1,TRBJ2-1,SATLISGANEQF,1
TRBV20-1,TRBJ2-1,SATLISGNNEQF,1
TRBV20-1,TRBJ2-1,SATLISGPQFNEQF,1
TRBV20-1,TRBJ2-1,SATLISIGQGPELDEQF,1
TRBV20-1,TRBJ2-1,SATLISRSYNEQF,1
TRBV20-1,TRBJ2-1,SATLITGANEQF,1
TRBV20-1,TRBJ2-1,SATLITLGAGENEQF,3
TRBV20-1,TRBJ2-1,SATLITSGRVNEQF,1
TRBV20-1,TRBJ2-1,SATLITVGYNEQF,8
TRBV20-1,TRBJ2-1,SATLIVAGDYNEQF,1
TRBV20-1,TRBJ2-1,SATLIWVASYNEQF,2
TRBV20-1,TRBJ2-1,SATLIYAEVYNEQF,1
TRBV20-1,TRBJ2-1,SATLKDPLWDNEQF,1
TRBV20-1,TRBJ2-1,SATLKGAKPFSYNEQF,1
TRBV20-1,TRBJ2-1,SATLKGGVSSYNEQF,1
TRBV20-1,TRBJ2-1,SATLKGKVSYNEQF,2
TRBV20-1,TRBJ2-1,SATLKGLEQF,2
TRBV20-1,TRBJ2-1,SATLKGLSYNEQF,1
TRBV20-1,TRBJ2-1,SATLKGRGSYNEQF,1
TRBV20-1,TRBJ2-1,SATLKNNEQF,1
TRBV20-1,TRBJ2-1,SATLKPDEQF,2
TRBV20-1,TRBJ2-1,SATLKPRTSGYYNEQF,1
TRBV20-1,TRBJ2-1,SATLKQGALLYNEQF,1
TRBV20-1,TRBJ2-1,SATLKQGALLYTEQF,1
TRBV20-1,TRBJ2-1,SATLKRAGVTYNEQF,2
TRBV20-1,TRBJ2-1,SATLKRDWYYNEQF,1
TRBV20-1,TRBJ2-1,SATLKREGGSYNEQF,1
TRBV20-1,TRBJ2-1,SATLKRGGRYPGLDEQF,1
TRBV20-1,TRBJ2-1,SATLKRGGSAHNEQF,1
TRBV20-1,TRBJ2-1,SATLKRRYNEQF,1
TRBV20-1,TRBJ2-1,SATLKRVTSLLNEQF,1
TRBV20-1,TRBJ2-1,SATLKSGTSGIKFWANEQF,1
TRBV20-1,TRBJ2-1,SATLKTSVSGNEQF,1
TRBV20-1,TRBJ2-1,SATLKTYNEQF,1
TRBV20-1,TRBJ2-1,SATLLAASYNEQF,2
TRBV20-1,TRBJ2-1,SATLLAAYNEQF,1
TRBV20-1,TRBJ2-1,SATLLADEQF,5
TRBV20-1,TRBJ2-1,SATLLADGEDEQF,1
TRBV20-1,TRBJ2-1,SATLLADKSSYNEQF,1
TRBV20-1,TRBJ2-1,SATLLADSYNEQF,1
TRBV20-1,TRBJ2-1,SATLLAEGRNEQF,1
TRBV20-1,TRBJ2-1,SATLLAEYNEQF,4
TRBV20-1,TRBJ2-1,SATLLAGAGNEQF,2
TRBV20-1,TRBJ2-1,SATLLAGALGDEQF,1
TRBV20-1,TRBJ2-1,SATLLAGAQDEQF,1
TRBV20-1,TRBJ2-1,SATLLAGAYNEQF,3
TRBV20-1,TRBJ2-1,SATLLAGDDTHSYNEQF,1
TRBV20-1,TRBJ2-1,SATLLAGDIWGQNEQF,1
TRBV20-1,TRBJ2-1,SATLLAGDSYNEQF,1
TRBV20-1,TRBJ2-1,SATLLAGDVNEQF,5
TRBV20-1,TRBJ2-1,SATLLAGDWSYNEQF,1
TRBV20-1,TRBJ2-1,SATLLAGDYNDQF,1
TRBV20-1,TRBJ2-1,SATLLAGDYNEQF,9
TRBV20-1,TRBJ2-1,SATLLAGEDSGDNEQF,4
TRBV20-1,TRBJ2-1,SATLLAGEHEQF,1
TRBV20-1,TRBJ2-1,SATLLAGEQF,2
TRBV20-1,TRBJ2-1,SATLLAGGANEQF,1
TRBV20-1,TRBJ2-1,SATLLAGGGDEQF,1
TRBV20-1,TRBJ2-1,SATLLAGGGWNEQF,1
TRBV20-1,TRBJ2-1,SATLLAGGHEQF,2
TRBV20-1,TRBJ2-1,SATLLAGGHPGGNEQF,1
TRBV20-1,TRBJ2-1,SATLLAGGKNEQF,1
TRBV20-1,TRBJ2-1,SATLLAGGLDEQF,1
TRBV20-1,TRBJ2-1,SATLLAGGLNEQF,7
TRBV20-1,TRBJ2-1,SATLLAGGNEQF,3
TRBV20-1,TRBJ2-1,SATLLAGGNNEQF,1
TRBV20-1,TRBJ2-1,SATLLAGGPFGNEQF,1
TRBV20-1,TRBJ2-1,SATLLAGGPNEQF,2
TRBV20-1,TRBJ2-1,SATLLAGGPYNEQF,3
